5
1

0.001535041292248814
0.001762786038195014
0.002966214093424692
  0.1024025421351671
  0.5672869429042267

   0.2501322197530669  -0.06382812127038873   -0.7264866049242794    0.6304416107601953  -0.09011343886557804
  -0.5625199061205611    0.7893728119035557   -0.2450312093238331   0.02033888657576087 -0.002820495656331003
   0.2577337253451172   0.05805769998767454   -0.4560308987472342   -0.5265340053083132    0.6670834962234067
  -0.6316795930580998   -0.4481533430208057   0.02614879221966171    0.3138013929294395    0.5486204510535727
   0.3944102513794481    0.4106146848007067    0.4511418616977776    0.4758364552705868    0.4958697638414778

0.3992319072357846
0.3994903133245158
0.3991563610600291
0.3990897261471654
0.3990587576782648

0.0007540436439396749

0
0
0
0
0

0

0
0
0
0
0

0

0
0
0
0
0

0

0
0
0
0
0

0

0
0
0
0
0

0

0
0
0
0
0

0

0
0
0
0
0

0

0
0
0
0
0

0

0
0
0
0
0

0

0
0
0
0
0

0

0
0
0
0
0

0

0
0
0
0
0

0

0
0
0
0
0

0

0
0
0
0
0

0

0
0
0
0
0

0

0
0
0
0
0

0

0
0
0
0
0

0

0
0
0
0
0

0

0
0
0
0
0

0

0
0
0
0
0

0

0
0
0
0
0

0

0
0
0
0
0

0

0
0
0
0
0

0

0
0
0
0
0

0

0
0
0
0
0

0

0
0
0
0
0

0

0
0
0
0
0

0

0
0
0
0
0

0

0
0
0
0
0

0

0
0
0
0
0

0

0
0
0
0
0

0

0
0
0
0
0

0

0
0
0
0
0

0

0
0
0
0
0

0

0
0
0
0
0

0

0
0
0
0
0

0

0
0
0
0
0

0

0
0
0
0
0

0

0
0
0
0
0

0

0
0
0
0
0

0

0
0
0
0
0

0

0
0
0
0
0

0

0
0
0
0
0

0

0
0
0
0
0

0

0
0
0
0
0

0

0
0
0
0
0

0

0
0
0
0
0

0

0
0
0
0
0

0

0
0
0
0
0

0

0
0
0
0
0

0

0
0
0
0
0

0

0
0
0
0
0

0

0
0
0
0
0

0

0
0
0
0
0

0

0
0
0
0
0

0

0
0
0
0
0

0

0
0
0
0
0

0

0
0
0
0
0

0

0
0
0
0
0

0

0
0
0
0
0

0

0
0
0
0
0

0

0
0
0
0
0

0

0
0
0
0
0

0

0
0
0
0
0

0

0
0
0
0
0

0

0
0
0
0
0

0

0
0
0
0
0

0

0
0
0
0
0

0

0
0
0
0
0

0

0
0
0
0
0

0

0
0
0
0
0

0

0
0
0
0
0

0

0
0
0
0
0

0

0
0
0
0
0

0

0
0
0
0
0

0

0
0
0
0
0

0

0
0
0
0
0

0

  2.079030819530611   1.008306613053112 -0.9472095956313051  -1.955183719601734 -0.1830036197325168

-1.704319254316217e-07   -5.6157377585685e-07  1.701373803551748e-05   -0.02625622698922629   -0.06899798333628358

cov:
0.05424722316552379 0.05508532891471199 0.05708780789316783 0.05831699078364486 0.05930664532257126
0.05508532891471199 0.05636739780042548 0.05949106488805648 0.06140285012885071 0.06294722467950879
0.05708780789316783 0.05949106488805648 0.06550900182694561 0.06917089457646408 0.07214026021071807
0.05831699078364486 0.06140285012885071 0.06917089457646408 0.07390131538528101 0.07773513344960874
0.05930664532257126 0.06294722467950879 0.07214026021071807 0.07773513344960874 0.08229008023962543

cov.inverse():
 135970.6853627578 -147943.5682218704 -46121.06356057965  47798.82886574792  10453.37422215154
-147943.5682218668  202655.1647723233 -45575.87053529587 -15397.75800060228  6103.511750004705
-46121.06356052561 -45575.87053534337  266941.8621697162 -168682.9796885084 -6568.244175760597
 47798.82886561265 -15397.75800047885 -168682.9796884384  200327.7497176657 -64032.16952427238
 10453.37422222897  6103.511749932633 -6568.244175824232 -64032.16952421403  54055.48750435408

cov*(cov_.inverse()):
     1.000000000002615 -3.979039320256561e-13 -7.389644451905042e-13 -2.728484105318785e-12  4.547473508864641e-13
 2.273736754432321e-12      1.000000000000512  2.273736754432321e-13 -9.094947017729282e-13  4.547473508864641e-13
 2.387423592153937e-12 -2.842170943040401e-13      1.000000000000171 -9.094947017729282e-13  4.547473508864641e-13
 3.183231456205249e-12  8.526512829121202e-13 -7.389644451905042e-13      1.000000000000909                      0
 2.728484105318785e-12  2.273736754432321e-13 -5.684341886080801e-13                      0                      1
