5
1

0.001718635740422956
0.001951248760779854
0.003313653317157285
  0.1115501502741357
  0.5815327506265857

  0.2497887540280459 -0.06202019881181798   -0.728356774749826   0.6288807812588215 -0.08811608786018844
 -0.5606835444412854   0.7899552387208285  -0.2477746546957694  0.01413592176176494 0.003546831912131206
  0.2621921667898921  0.05092681374946309  -0.4515472366807285  -0.5285847485684377   0.6673567141658114
 -0.6383065331488048   -0.455170177779313  0.01840223517586996   0.3056245145682784     0.54003693654725
  0.3834834791323462   0.4029277660555762   0.4515202984949335   0.4811454648596255   0.5051911502254127

0.3996850028110175
0.3999916175799892
0.3995535961765997
0.3994691501192715
0.3994184206013032

0.0008760779548249591

  2.120833618141808  0.9544145267858326 -0.9413061806098337  -1.949342183727483 -0.1819066691138877

-1.586164945666657e-07 -8.762318870575444e-07  2.128762915471291e-05   -0.03110222152331968   -0.08690182000584783

cov:
 0.0548046886189202 0.05586802805124915 0.05840864796786501 0.05996952674526112  0.0612289921822156
0.05586802805124915 0.05748428903049011 0.06142007895110888 0.06383057396321125 0.06578017732671852
0.05840864796786501 0.06142007895110888 0.06895327545150295 0.07353988392725055 0.07726084706521318
0.05996952674526112 0.06383057396321125 0.07353988392725055 0.07945560552519457 0.08425137489426711
 0.0612289921822156 0.06578017732671852 0.07726084706521318 0.08425137489426711 0.08994365883023812

cov.inverse():
 109985.7350595931 -120335.9363532307 -35890.27511249289  38464.49198605389  7934.191819795312
-120335.9363533931  165455.8686611534 -38209.22157294242 -12734.12381051491  5662.166695302801
-35890.27511202184 -38209.22157355031    214300.29288009 -134257.7117885258  -5944.72815511206
 38464.49198569547 -12734.12380997882 -134257.7117887391  159402.8370630793 -50859.98127087937
 7934.191819845319  5662.166695212111 -5944.728155036081 -50859.98127091458  43216.57840453504

cov*(cov_.inverse()):
     1.000000000000455  5.684341886080801e-14   1.70530256582424e-13 -9.094947017729282e-13 -4.547473508864641e-13
 7.958078640513122e-13      1.000000000000796  1.023181539494544e-12 -2.728484105318785e-12 -4.547473508864641e-13
 1.023181539494544e-12 -8.526512829121202e-13     0.9999999999994884 -9.094947017729282e-13                      0
 1.818989403545856e-12  2.160049916710705e-12 -3.979039320256561e-12                      1 -9.094947017729282e-13
 3.410605131648481e-13                      0 -2.273736754432321e-13                      0                      1
