6
2

7.979548484142138e-05
0.0001093123695486922
0.0001374974894412416
0.0005630389051921177
  0.01142030966115213
   0.5639870747219893

  0.03646260023481472   0.08681473208131461    0.2565356455515667   -0.8421925858996216    0.4647891821818033 -0.002409983752141762
   0.1089187300656677    0.4456388484039986   -0.8316793295508272  -0.03088874866125614    0.3112675435325285 -0.003259046071215994
  -0.5753152120723901     0.729959916631148    0.2047029480592706  -0.05408603055084061   -0.3022135558817586 -0.003049240290427559
   0.3351730364830617   0.04489487243830452   -0.1343391740679628   -0.3365879597641169   -0.5670150193864827    0.6578745970822906
  -0.6145903427590955   -0.3046236785622998   -0.1267662809176581    0.0821697573029313    0.3272485868436731    0.6321154391899725
    0.407133076505804    0.4076967060040781    0.4080183264857283    0.4083979812483285    0.4088432820901736    0.4093963345978482

0.3987003749068936
0.3988720967710229
0.3988592766170042
0.3988487840298204
 0.398840031264396
0.3988135537010516

0.0002022590477053419
   0.3989095862871653

 0.6521504486116485   2.869573642175847   4.459854224017253   2.356801555235518  -10.19694570115062 -0.1413856443186941
  1.126739040869068  0.7718494027613089  0.0727110558727706  0.0558333257702294  -1.057024554939586 0.02956357114482247

-3.379109766486159e-08 -6.698311706230749e-08  1.056261795037753e-07  1.472149017015646e-06  -0.000661632393580122  -0.002923969198405563
-2.621059449693767e-09  9.007108360663996e-10  4.658526181463397e-09  3.178185851640841e-07 -0.0001642629173359244     0.1290865634415161

cov:
0.05277363653275065 0.05282173678940983 0.05284911564272227  0.0528815159162194 0.05291951720693368 0.05296682748167223
0.05282173678940983 0.05288252938697759 0.05291715457557507 0.05295808465088189 0.05300609043656021 0.05306571794362362
0.05284911564272227 0.05291715457557507 0.05295597346421271 0.05300178967372442 0.05305553780073494 0.05312222554235892
 0.0528815159162194 0.05295808465088189 0.05300178967372442 0.05305337485468432 0.05311386531330203   0.053188847774628
0.05291951720693368 0.05300609043656021 0.05305553780073494 0.05311386531330203 0.05318228282459177 0.05326699234170395
0.05296682748167223 0.05306571794362362 0.05312222554235892   0.053188847774628 0.05326699234170395 0.05336440109788813

cov.inverse():
 19066306.07566383 -17605299.66948916 -12482580.70858325 -3814754.664935132  14094501.56005851  741867.0012259502
-17605299.67466166  45994983.03349938 -19634294.45252819 -14770956.84233222  6195901.516162891 -180445.5969725079
-12482580.70476369 -19634294.44893904   70495134.1112618 -32224629.29624296   -5970834.4218019 -182677.7792052048
-3814754.658866019 -14770956.86904811 -32224629.27232933  111987130.6845195 -60814540.24082412 -362186.9623088643
 14094501.55549658  6195901.534270667  -5970834.43830243 -60814540.23855393  47882071.42465803 -1387171.765698127
 741867.0010717545 -180445.5971260882 -182677.7792095788 -362186.9613122431 -1387171.766382597  1370598.327590213

cov*(cov_.inverse()):
    0.9999999999854481   7.09405867382884e-11  9.094947017729282e-11   7.09405867382884e-10 -7.130438461899757e-10                      0
 3.637978807091713e-11     0.9999999999472493 -5.275069270282984e-11  8.403731044381857e-10 -6.984919309616089e-10 -1.455191522836685e-11
 1.746229827404022e-10  6.730260793119669e-11     0.9999999997471605  7.275957614183426e-11  -4.94765117764473e-10 -1.455191522836685e-11
-5.093170329928398e-11 -1.818989403545856e-12  2.291926648467779e-10      1.000000000356522 -1.120497472584248e-09                      0
-7.275957614183426e-12  3.092281986027956e-11     6.584741640836e-10 -3.346940502524376e-10     0.9999999998835847 -1.455191522836685e-11
-5.093170329928398e-11  6.002665031701326e-11  1.527951098978519e-10  4.001776687800884e-11 -7.275957614183426e-11                      1
