6
2

7.972682857876861e-05
0.0001091592352737235
 0.000137120591233502
0.0005632709229085974
  0.01142008957974684
   0.5639868677364043

   0.0372465365494675   0.08710873095014093    0.2545040888721467   -0.8422074234406806    0.4657609540049724 -0.002413064539507334
   0.1119802456707347    0.4414015152341017   -0.8333502240592198   -0.0286911824049143    0.3119590487223975 -0.003301357513852678
  -0.5744505989614533    0.7325205796549589    0.2002534989422781   -0.0552640411863766   -0.3004290346383278 -0.002631880354159777
    0.335572753101822   0.04445810085450134   -0.1345528407932004   -0.3365546832375696   -0.5667901888376405    0.6578675890381025
  -0.6145838531877788   -0.3046263264774032   -0.1267681485582124   0.08216625160746306    0.3272411042637315    0.6321244275503849
   0.4071329564453676    0.4076967625681511    0.4080183556101178    0.4083981023376661    0.4088432735273052    0.4093962563961578

0.3987001720103139
0.3988722884304526
0.3988595148090919
0.3988491334514946
0.3988404098130037
0.3988136289940266

0.0002022590477053419
   0.3989095862871653

0
0
0
0
0
0

0
0

0
0
0
0
0
0

0
0

0
0
0
0
0
0

0
0

0
0
0
0
0
0

0
0

0
0
0
0
0
0

0
0

0
0
0
0
0
0

0
0

0
0
0
0
0
0

0
0

0
0
0
0
0
0

0
0

0
0
0
0
0
0

0
0

0
0
0
0
0
0

0
0

0
0
0
0
0
0

0
0

0
0
0
0
0
0

0
0

0
0
0
0
0
0

0
0

0
0
0
0
0
0

0
0

0
0
0
0
0
0

0
0

0
0
0
0
0
0

0
0

0
0
0
0
0
0

0
0

0
0
0
0
0
0

0
0

0
0
0
0
0
0

0
0

0
0
0
0
0
0

0
0

0
0
0
0
0
0

0
0

0
0
0
0
0
0

0
0

0
0
0
0
0
0

0
0

0
0
0
0
0
0

0
0

0
0
0
0
0
0

0
0

0
0
0
0
0
0

0
0

0
0
0
0
0
0

0
0

0
0
0
0
0
0

0
0

0
0
0
0
0
0

0
0

0
0
0
0
0
0

0
0

0
0
0
0
0
0

0
0

0
0
0
0
0
0

0
0

0
0
0
0
0
0

0
0

0
0
0
0
0
0

0
0

0
0
0
0
0
0

0
0

0
0
0
0
0
0

0
0

0
0
0
0
0
0

0
0

0
0
0
0
0
0

0
0

0
0
0
0
0
0

0
0

0
0
0
0
0
0

0
0

0
0
0
0
0
0

0
0

0
0
0
0
0
0

0
0

0
0
0
0
0
0

0
0

0
0
0
0
0
0

0
0

0
0
0
0
0
0

0
0

0
0
0
0
0
0

0
0

0
0
0
0
0
0

0
0

0
0
0
0
0
0

0
0

0
0
0
0
0
0

0
0

0
0
0
0
0
0

0
0

0
0
0
0
0
0

0
0

0
0
0
0
0
0

0
0

0
0
0
0
0
0

0
0

0
0
0
0
0
0

0
0

0
0
0
0
0
0

0
0

0
0
0
0
0
0

0
0

0
0
0
0
0
0

0
0

0
0
0
0
0
0

0
0

0
0
0
0
0
0

0
0

0
0
0
0
0
0

0
0

0
0
0
0
0
0

0
0

0
0
0
0
0
0

0
0

0
0
0
0
0
0

0
0

0
0
0
0
0
0

0
0

0
0
0
0
0
0

0
0

0
0
0
0
0
0

0
0

0
0
0
0
0
0

0
0

0
0
0
0
0
0

0
0

0
0
0
0
0
0

0
0

0
0
0
0
0
0

0
0

0
0
0
0
0
0

0
0

0
0
0
0
0
0

0
0

0
0
0
0
0
0

0
0

0
0
0
0
0
0

0
0

0
0
0
0
0
0

0
0

0
0
0
0
0
0

0
0

0
0
0
0
0
0

0
0

 0.6566785095330704   2.865919930118796   4.456518968716447   2.354266378722372  -10.19078844180672 -0.1425472856349823
  1.126700427742815  0.7771507446782028 0.06743784553697507 0.05161778736090028  -1.052352551302294 0.02911827010647378

-3.381968757821048e-08 -6.698396035511113e-08  1.042842360991975e-07  1.471537026967431e-06 -0.0006616225016987062   -0.00292393851538092
-2.586166589758051e-09  9.906311052523879e-10  4.677535402670493e-09  3.178495144067184e-07  -0.000164257707890554     0.1290865232248874

cov:
0.05277356386713868 0.05282168880491616 0.05284906468229254 0.05288147772327605 0.05291946338348359  0.0529667647076021
0.05282168880491616 0.05288250494635086 0.05291712677128271 0.05295806910558996 0.05300605854313292 0.05306567651394514
0.05284906468229254 0.05291712677128271 0.05295594212374186 0.05300177038359743 0.05305550185930164 0.05312218022104132
0.05288147772327605 0.05295806910558996 0.05300177038359743 0.05305336728000758 0.05311384062999974 0.05318881384380077
0.05291946338348359 0.05300605854313292 0.05305550185930164 0.05311384062999974 0.05318224037329648 0.05326694065309213
 0.0529667647076021 0.05306567651394514 0.05312218022104132 0.05318881384380077 0.05326694065309213 0.05336434118288958

cov.inverse():
 19179357.06010976 -17673325.53255209  -12600200.5386411 -3872625.805388694   14238768.2615079  728077.1214354107
-17673325.53626562  46090490.92498925 -19599263.06739249 -14804992.89968072  6154164.110924064 -167192.2601656234
 -12600200.5337845 -19599263.08596497  70662118.34906736 -32160714.76602339 -6128448.291840614  -173370.672829986
-3872625.804676777 -14804992.87922493 -32160714.79540979  112179573.7547233 -60979172.80824903  -362035.320227171
   14238768.259548  6154164.105066761 -6128448.276035309 -60979172.81564257  48109485.05095104 -1394846.223481715
  728077.121540335 -167192.2599051479  -173370.672964834  -362035.321052291 -1394846.222887147  1369351.285515515

cov*(cov_.inverse()):
     1.000000000123691  9.094947017729282e-11  2.200977178290486e-10 -1.946318661794066e-09  8.149072527885437e-10 -1.455191522836685e-11
-3.637978807091713e-11     0.9999999999363354  4.492903826758265e-10 -7.166818249970675e-10  6.111804395914078e-10 -1.455191522836685e-11
 1.164153218269348e-10 -2.764863893389702e-10     0.9999999997944542 -6.803020369261503e-10   3.92901711165905e-10                      0
-5.820766091346741e-11 -6.002665031701326e-11  2.037268131971359e-10     0.9999999994106474 -1.455191522836685e-11 -1.455191522836685e-11
-9.458744898438454e-11 -3.456079866737127e-11  4.365574568510056e-11 -3.637978807091713e-11     0.9999999999563443                      0
 1.455191522836685e-11 -3.819877747446299e-11  4.911271389573812e-11 -3.492459654808044e-10  2.182787284255028e-10                      1
