5 
6 
7 
11 
13 
inputFileName = /Users/demattia/RemoteProjects/extracted_hybrid.root
eventsFractionStartBuild = 0
eventsFractionEndBuild = 0.2
eventsFractionStartTest = 0.8
eventsFractionEndTest = 1
var name = R
var name = z
par name = cotTheta
firstOrderChargeOverPtCoefficientsFileName = 
firstOrderCotThetaCoefficientsFileName = 
pT > 2, pT regions = 1
0 < phi < 0.8, phi regions = 1
-3 < eta < 3, eta regions = 1
-15 < z0 < 15, eta regions = 1
charge regions = 1
endcap regions = 0
Training
Requested running from track number 0 to track number 1000000 for a total of 1000000 tracks.
Analyzed 10% of 1000000 tracks
Analyzed 20% of 1000000 tracks
Analyzed 30% of 1000000 tracks
Analyzed 40% of 1000000 tracks
Analyzed 50% of 1000000 tracks
Analyzed 60% of 1000000 tracks
Analyzed 70% of 1000000 tracks
Analyzed 80% of 1000000 tracks
Analyzed 90% of 1000000 tracks
Analyzed 100% of 1000000 tracks
Evaluating eigenvalues:
geomIndex = 0
Sqrt(eigenvalues) of cov:
 0.103235 0.39047 0.945492 1.15475 1.59827 1.99107 2.4589 2.55612 6.44134 15.1627
Analyzed 10% of 1000000 tracks
Analyzed 20% of 1000000 tracks
Analyzed 30% of 1000000 tracks
Analyzed 40% of 1000000 tracks
Analyzed 50% of 1000000 tracks
Analyzed 60% of 1000000 tracks
Analyzed 70% of 1000000 tracks
Analyzed 80% of 1000000 tracks
Analyzed 90% of 1000000 tracks
Analyzed 100% of 1000000 tracks
opening GeometricIndex.txt for writing
Matrices built:
geomIndex = 0

V_0:
    -0.39458      0.20021     0.726362     -0.36959    -0.333837     0.169039  9.77005e-05  0.000445577 -0.000966566  0.000519119
    0.505795    -0.210857   -0.0638787    0.0260198    -0.730738     0.320168    0.0768247   -0.0478417     0.196434    -0.108126
   -0.658038    0.0252043    -0.540838    0.0281168    -0.388455    0.0519358     0.273948    -0.173075    -0.107194      0.05447
    0.251207    0.0569423     0.194993    0.0411479     0.122554    0.0116096     0.594001    -0.594709    -0.390481     0.140684
   -0.118748    -0.103355  -0.00496588  0.000704221     0.105115    0.0802424    -0.411194    -0.674586     0.141679    -0.559896
    0.219737     0.416263     -0.15249    -0.242448     -0.31991    -0.488302    -0.428778    -0.196423     -0.28596     0.226759
    -0.16659    -0.372732     0.282195     0.571973    -0.158792    -0.223127    -0.228934    -0.206965     0.126736     0.490126
   0.0353942   0.00736984    -0.185897    -0.384111     0.223646     0.475175    -0.171747    -0.244733      0.30247     0.599922
  -0.0309495    -0.664364   -0.0173525    -0.317747   0.00422651    0.0990361    -0.211301     0.102232    -0.625428    0.0176914
  0.00331711     0.383741   0.00422471     0.475188     0.004097     0.579503    -0.294494    0.0851395    -0.443724    0.0142588
corrPV_0:
-0.000127476    0.0154783   -0.0158663   0.00945881   -0.0234181    0.0223693    0.0294911     0.022413      1.03018      1.60129
D_0:
   0.0704204   -0.0361634  -0.00466833   0.00237313   -0.0650695    0.0331877 -0.000503747  0.000349373 -0.000789968  0.000447651
opening matrixVD_0.txt for writing
