5 
6 
7 
11 
13 
inputFileName = /Users/demattia/RemoteProjects/extracted_hybrid.root
eventsFractionStartBuild = 0
eventsFractionEndBuild = 0.2
eventsFractionStartTest = 0.8
eventsFractionEndTest = 1
var name = R
var name = z
par name = cotTheta
firstOrderChargeOverPtCoefficientsFileName = 
firstOrderCotThetaCoefficientsFileName = 
2 < pT < 10, pT regions = 1
0 < phi < 0.8, phi regions = 1
-3 < eta < 3, eta regions = 1
-15 < z0 < 15, eta regions = 1
charge regions = 1
endcap regions = 0
Training
Requested running from track number 0 to track number 1000000 for a total of 1000000 tracks.
Analyzed 10% of 1000000 tracks
Analyzed 20% of 1000000 tracks
Analyzed 30% of 1000000 tracks
Analyzed 40% of 1000000 tracks
Analyzed 50% of 1000000 tracks
Analyzed 60% of 1000000 tracks
Analyzed 70% of 1000000 tracks
Analyzed 80% of 1000000 tracks
Analyzed 90% of 1000000 tracks
Analyzed 100% of 1000000 tracks
Evaluating eigenvalues:
geomIndex = 0
Sqrt(eigenvalues) of cov:
 0.102795 0.391478 0.944571 1.15524 1.59719 2.02022 2.44073 2.55731 6.45232 15.1817
Analyzed 10% of 1000000 tracks
Analyzed 20% of 1000000 tracks
Analyzed 30% of 1000000 tracks
Analyzed 40% of 1000000 tracks
Analyzed 50% of 1000000 tracks
Analyzed 60% of 1000000 tracks
Analyzed 70% of 1000000 tracks
Analyzed 80% of 1000000 tracks
Analyzed 90% of 1000000 tracks
Analyzed 100% of 1000000 tracks
opening GeometricIndex.txt for writing
Matrices built:
geomIndex = 0

V_0:
   -0.394282     0.200287     0.726304    -0.369692    -0.334104     0.169148  0.000136071  0.000325151 -0.000883212  0.000437126
   -0.505026     0.212014    0.0640291   -0.0267786     0.730299    -0.320561   -0.0766009    0.0485072    -0.197376     0.109123
    0.660837   -0.0217916      0.53949   -0.0313917     0.388277   -0.0514267    -0.270216     0.175338     0.105367   -0.0501702
   -0.249764   -0.0570393    -0.192481   -0.0389438    -0.122912   -0.0143249    -0.596089     0.594809     0.390163    -0.138349
   -0.110476   -0.0934172  -0.00881421   -0.0139654      0.10921    0.0799437    -0.413865    -0.671891      0.13914    -0.564266
    0.220117     0.415361    -0.152399    -0.240468    -0.323321    -0.489951    -0.423208    -0.191966    -0.288979     0.232207
   -0.169057     -0.37216     0.306409     0.616114     -0.18014    -0.278341    -0.210338     -0.18851    0.0915298     0.401687
  -0.0135032     0.037871     0.151022     0.310776    -0.200549    -0.442309     0.198028     0.267966     -0.31609    -0.657421
  -0.0311819    -0.666028   -0.0164263    -0.317262   0.00449706    0.0986247    -0.211296      0.10216    -0.623961    0.0187939
  0.00333244     0.382655   0.00413878      0.47461   0.00412795     0.580086    -0.295467    0.0839011    -0.444103    0.0144693
corrPV_0:
-0.000117127   -0.0154949    0.0158849  -0.00943651   -0.0234987    0.0239884    0.0251538   -0.0258667      1.03324      1.61742
D_0:
   0.0698632   -0.0359041  -0.00405504   0.00206607   -0.0650851    0.0331976 -0.000516821  0.000337142 -0.000862727  0.000474133
opening matrixVD_0.txt for writing
