10
1

0.1032353929236338
 0.390469988013747
 0.945491673716331
 1.154752645081753
 1.598265185326779
 1.991074214166402
 2.458895538884348
 2.556122484638457
  6.44134443104628
 15.16268934909247

   -0.3945804070070453     0.2002102818305084     0.7263624775586495    -0.3695902105747968    -0.3338371809869044     0.1690387460612253  9.770052069914692e-05  0.0004455772225768732 -0.0009665655560321969  0.0005191194262771382
    0.5057949190817881    -0.2108571071816765   -0.06387872604354392    0.02601981937899537    -0.7307376460270549     0.3201675344813555    0.07682468501810197   -0.04784170082796137     0.1964339975775678    -0.1081264265246103
   -0.6580376170635833    0.02520434280219722     -0.540838320208052    0.02811679279758963    -0.3884550653497502    0.05193577239181703     0.2739477303499586    -0.1730754657172106    -0.1071936166713322    0.05447002376062323
    0.2512068650868599    0.05694233842546482     0.1949931460114669    0.04114785425622344     0.1225536540334434    0.01160957646294553     0.5940008469324943    -0.5947087095194515     -0.390481177373495     0.1406841232198216
   -0.1187476653093621    -0.1033548579944492  -0.004965878343466036  0.0007042210843848718     0.1051148030176273    0.08024244801771739    -0.4111942397419819    -0.6745862228525532     0.1416792289912797    -0.5598958460045318
    0.2197374986487689     0.4162629898010735     -0.152490256228324    -0.2424484522016138    -0.3199099359605296    -0.4883018038999843    -0.4287778690665056    -0.1964229721859296    -0.2859599102966168      0.226758661733679
   -0.1665899337299045    -0.3727317560015073     0.2821953379919077     0.5719726833005045    -0.1587924485748931    -0.2231273503535161    -0.2289340439995647    -0.2069652850397873     0.1267355807148626     0.4901261913922105
   0.03539420229094162   0.007369842122366438    -0.1858965819269624    -0.3841107203606003     0.2236455093876919     0.4751751970159802    -0.1717466830902863    -0.2447327715025023      0.302469748688786     0.5999221349501017
  -0.03094951701100321    -0.6643642683112118   -0.01735250988686017    -0.3177468452298681   0.004226511376034063    0.09903605688796492    -0.2113006925220654     0.1022318514445167    -0.6254276576317167    0.01769141407814956
  0.003317105924148709     0.3837410243069188   0.004224714052664944     0.4751881141252401   0.004097001942859183     0.5795029080340038    -0.2944940186031791    0.08513953804083489    -0.4437240624110342    0.01425881198559899

22.67870508972509
 43.0859226241552
35.55421807480993
68.19546021612402
50.54518012624828
97.46826293311929
68.50868539949212
131.7605682301395
95.68641402800696
185.2849646354502

1.94785205477021

0
0
0
0
0
0
0
0
0
0

0

0
0
0
0
0
0
0
0
0
0

0

0
0
0
0
0
0
0
0
0
0

0

0
0
0
0
0
0
0
0
0
0

0

0
0
0
0
0
0
0
0
0
0

0

0
0
0
0
0
0
0
0
0
0

0

0
0
0
0
0
0
0
0
0
0

0

0
0
0
0
0
0
0
0
0
0

0

0
0
0
0
0
0
0
0
0
0

0

0
0
0
0
0
0
0
0
0
0

0

0
0
0
0
0
0
0
0
0
0

0

0
0
0
0
0
0
0
0
0
0

0

0
0
0
0
0
0
0
0
0
0

0

0
0
0
0
0
0
0
0
0
0

0

0
0
0
0
0
0
0
0
0
0

0

0
0
0
0
0
0
0
0
0
0

0

0
0
0
0
0
0
0
0
0
0

0

0
0
0
0
0
0
0
0
0
0

0

0
0
0
0
0
0
0
0
0
0

0

0
0
0
0
0
0
0
0
0
0

0

0
0
0
0
0
0
0
0
0
0

0

0
0
0
0
0
0
0
0
0
0

0

0
0
0
0
0
0
0
0
0
0

0

0
0
0
0
0
0
0
0
0
0

0

0
0
0
0
0
0
0
0
0
0

0

0
0
0
0
0
0
0
0
0
0

0

0
0
0
0
0
0
0
0
0
0

0

0
0
0
0
0
0
0
0
0
0

0

0
0
0
0
0
0
0
0
0
0

0

0
0
0
0
0
0
0
0
0
0

0

0
0
0
0
0
0
0
0
0
0

0

0
0
0
0
0
0
0
0
0
0

0

0
0
0
0
0
0
0
0
0
0

0

0
0
0
0
0
0
0
0
0
0

0

0
0
0
0
0
0
0
0
0
0

0

0
0
0
0
0
0
0
0
0
0

0

0
0
0
0
0
0
0
0
0
0

0

0
0
0
0
0
0
0
0
0
0

0

0
0
0
0
0
0
0
0
0
0

0

0
0
0
0
0
0
0
0
0
0

0

0
0
0
0
0
0
0
0
0
0

0

0
0
0
0
0
0
0
0
0
0

0

0
0
0
0
0
0
0
0
0
0

0

0
0
0
0
0
0
0
0
0
0

0

0
0
0
0
0
0
0
0
0
0

0

0
0
0
0
0
0
0
0
0
0

0

0
0
0
0
0
0
0
0
0
0

0

0
0
0
0
0
0
0
0
0
0

0

0
0
0
0
0
0
0
0
0
0

0

0
0
0
0
0
0
0
0
0
0

0

0
0
0
0
0
0
0
0
0
0

0

0
0
0
0
0
0
0
0
0
0

0

0
0
0
0
0
0
0
0
0
0

0

0
0
0
0
0
0
0
0
0
0

0

0
0
0
0
0
0
0
0
0
0

0

0
0
0
0
0
0
0
0
0
0

0

0
0
0
0
0
0
0
0
0
0

0

0
0
0
0
0
0
0
0
0
0

0

0
0
0
0
0
0
0
0
0
0

0

0
0
0
0
0
0
0
0
0
0

0

0
0
0
0
0
0
0
0
0
0

0

0
0
0
0
0
0
0
0
0
0

0

0
0
0
0
0
0
0
0
0
0

0

0
0
0
0
0
0
0
0
0
0

0

0
0
0
0
0
0
0
0
0
0

0

0
0
0
0
0
0
0
0
0
0

0

0
0
0
0
0
0
0
0
0
0

0

0
0
0
0
0
0
0
0
0
0

0

0
0
0
0
0
0
0
0
0
0

0

0
0
0
0
0
0
0
0
0
0

0

0
0
0
0
0
0
0
0
0
0

0

0
0
0
0
0
0
0
0
0
0

0

0
0
0
0
0
0
0
0
0
0

0

0
0
0
0
0
0
0
0
0
0

0

0
0
0
0
0
0
0
0
0
0

0

0
0
0
0
0
0
0
0
0
0

0

0
0
0
0
0
0
0
0
0
0

0

   0.07042043557032264   -0.03616338405869998  -0.004668327607814086   0.002373132689842361   -0.06506945860809352    0.03318769667233321 -0.0005037470493062953  0.0003493734351167181 -0.0007899678356412666  0.0004476506348328725

-0.0001274757262025536    0.01547826179909443    -0.0158663072167712   0.009458807117179337   -0.02341807049847983    0.02236929867279768    0.02949110904504883    0.02241304623024527      1.030179739501313      1.601294970901568

cov:
   0.9575974137419232     1.904020229976318  -0.05756446098432017   -0.1051310092593051    0.1134063861992843    0.1970040364765717   0.03257766166800494    0.0179442956512636   0.06235415521317542  0.007335528988595627
    1.904020229976318     53.73538757619022  -0.03796698396784586     48.97645675761979   0.08123490933960555     48.08744136587839    -20.19971311279764     4.954463937736422    -22.72623423621251    0.2320658222418807
 -0.05756446098432017  -0.03796698396784586     1.134550210360561     2.273306063020402   -0.1253641918144831   -0.1960128344482616  -0.03023599152710459   0.01003703707401309  -0.01239124587303749 -0.009980535434072653
  -0.1051310092593051     48.97645675761979     2.273306063020402     59.28251886547251    -0.415500728545671     60.51239993372671    -29.29702745677954     8.002510795387797    -40.30013239539929     1.303583545746842
   0.1134063861992843   0.08123490933960555   -0.1253641918144831    -0.415500728545671     1.155328604161938     2.060208990294827   0.08115024274463092  -0.02456498580780453    0.1449118489558677 0.0008011042119218877
   0.1970040364765717     48.08744136587839   -0.1960128344482616     60.51239993372671     2.060208990294827     80.37171358842276    -39.55719938954616     11.50515962002838     -60.3388569123921     2.619481365150344
  0.03257766166800494    -20.19971311279764  -0.03023599152710459    -29.29702745677954   0.08115024274463092    -39.55719938954616      24.0004321119636    -5.571193353317452     35.01525501491451    -2.145982947191382
   0.0179442956512636     4.954463937736422   0.01003703707401309     8.002510795387797  -0.02456498580780453     11.50515962002838    -5.571193353317452     4.564633210832667    -11.67731336753742    -0.549430749419516
  0.06235415521317542    -22.72623423621251  -0.01239124587303749    -40.30013239539929    0.1449118489558677     -60.3388569123921     35.01525501491451    -11.67731336753742     62.78603811589583   -0.8939399879970127
 0.007335528988595627    0.2320658222418807 -0.009980535434072653     1.303583545746842 0.0008011042119218877     2.619481365150344    -2.145982947191382    -0.549430749419516   -0.8939399879970127     4.899156770258966

cov.inverse():
   16.84091308251852   -8.081136177914962   -26.68659015069907     13.7258546622829    10.22768135746632   -5.254472859489696   0.1623717617414848  -0.1350694682878534    0.668951058845732  -0.3631825252406325
  -8.081136177914951    4.138011569462955    13.69357155022097    -7.03177261209712   -5.294384003685594    2.693855788958767 -0.08289507119312611  0.06191630786118163  -0.3434733830538029    0.183496809806111
  -26.68659015069925    13.69357155022107    49.91188248928791   -25.16413513866295   -22.19517647749467    11.35159357948809 -0.09282703877702909  0.07428588994186767  -0.1321378026391356  0.06646641422759238
     13.725854662283   -7.031772612097164   -25.16413513866296    12.91844857037442     11.4353078235543   -5.824136984424617  0.05222687649153154 -0.04138376640017589  0.06722901405303716 -0.03343110920005015
    10.2276813574665   -5.294384003685725   -22.19517647749499    11.43530782355447    14.18140429607696   -6.786110256319957  -0.4179230320054498   0.2210484729990176  -0.8646347197910897   0.4575508638070065
   -5.25447285948985    2.693855788958835    11.35159357948825   -5.824136984424701   -6.786110256319956    3.463712427829863   0.2185703622213206  -0.1153279198788242   0.4419190438809071  -0.2343310409329324
  0.1623717617414502 -0.08289507119310822 -0.09282703877696855  0.05222687649150035  -0.4179230320054744   0.2185703622213332   0.5144674330709554  -0.1985857150148515  -0.1086964807568117  0.05604890820892656
 -0.1350694682878456  0.06191630786117774  0.07428588994185355 -0.04138376640016862   0.2210484729990243  -0.1153279198788276  -0.1985857150148515    0.518187589050574  0.09260658753194562  0.05808435893154399
   0.668951058845688  -0.3434733830537796  -0.1321378026390509  0.06722901405299359  -0.8646347197911306    0.441919043880928  -0.1086964807568103  0.09260658753194566   0.4357955223168898  -0.1967414079087495
   -0.36318252524061   0.1834968098060997  0.06646641422755166 -0.03343110920002902   0.4575508638070265  -0.2343310409329426  0.05604890820892591  0.05808435893154395  -0.1967414079087496   0.3253829298091297

cov*(cov_.inverse()):
     1.000000000000045  -9.28358952212438e-15 -5.003593026020603e-17 -1.460095065686229e-14  7.058546455662729e-14  2.041487638659856e-14 -4.000163915385269e-16 -1.464757135027916e-16 -1.236424157502469e-15 -5.607493636095029e-16
 1.177530295493057e-13     0.9999999999999957 -8.786374405822528e-14  -4.90206833458906e-14  4.023170685485411e-14  3.712308238590367e-14 -8.014422459012849e-16  2.376571162088226e-16 -3.511080315377058e-15 -3.885780586188048e-16
  1.38144704009413e-14 -4.918157894828745e-15      1.000000000000015   2.61054741192146e-14 -9.885321727853835e-15 -2.200063048407586e-15  3.229838271834318e-16 -3.957337929572091e-17  3.178880769727499e-16 -4.575333167888829e-16
 3.114175584073564e-14  3.028133299665114e-14  1.004196725773454e-13       0.99999999999997  -1.66422431391311e-13  2.747801985947262e-14  2.844946500601964e-15  6.800116025829084e-16  4.551914400963142e-15 -8.326672684688674e-16
 1.085145428375567e-14 -5.727270871100365e-15 -2.364328486681791e-14  7.137882272007998e-15      1.000000000000019 -3.205362407790457e-15 -1.840094374615242e-16  6.547903495454643e-17  -3.97278781053001e-16  1.028365760602501e-16
 -3.11972669919669e-14   1.15407683409785e-13  2.730315973309416e-13 -1.651040415495686e-13 -2.731148640577885e-13      1.000000000000099   3.05311331771918e-15  -3.33066907387547e-16  1.088018564132653e-14 -5.662137425588298e-15
-6.583622536027178e-14 -2.886579864025407e-15  2.042810365310288e-14 -5.043188089359774e-14  6.672440377997191e-14 -6.772360450213455e-15      0.999999999999999  2.081668171172169e-16  7.771561172376096e-16  1.554312234475219e-15
-2.886579864025407e-15  1.078304112667183e-14  1.719457909388211e-14 -1.452310494087783e-14 -1.937339177970898e-14  7.771561172376096e-16  6.765421556309548e-16                      1  4.163336342344337e-16  5.551115123125783e-17
-6.999956170261612e-14 -1.809663530139005e-14 -1.246988623471168e-13  9.611408890997097e-14  2.614575222992244e-14 -6.994405055138486e-15  1.637578961322106e-15 -1.498801083243961e-15     0.9999999999999967  1.554312234475219e-15
-1.332267629550188e-15  1.665334536937735e-15  7.105427357601002e-15 -4.468647674116255e-15 -7.105427357601002e-15  3.108624468950438e-15  1.110223024625157e-16  5.551115123125783e-17 -1.110223024625157e-16                      1
