10
1

0.1027950258634485
0.3914782316879099
0.9445707639533176
 1.155242351188625
 1.597192165046645
 2.020215365271743
 2.440730388742547
 2.557313176329247
 6.452321503476524
 15.18165138478559

   -0.3942816423637219      0.200287052294387     0.7263037328834464    -0.3696923804795459     -0.334103888761179     0.1691478960165078  0.0001360705843255347  0.0003251507851373611 -0.0008832120797038283  0.0004371260245842226
   -0.5050258990133614     0.2120144498291144    0.06402909106001417   -0.02677857889021738     0.7302991854639034    -0.3205607194083258   -0.07660090227635577    0.04850718641192175     -0.197376159010424     0.1091229992914798
    0.6608374497567883    -0.0217915943481642     0.5394903459895651   -0.03139168554184266     0.3882774492923507   -0.05142668221953919    -0.2702164837996476     0.1753382081365482     0.1053667442489442   -0.05017023680754244
   -0.2497640631183744   -0.05703930842498278    -0.1924811780880257   -0.03894377846300925    -0.1229116027789051   -0.01432494820491971    -0.5960885043758244     0.5948088838087757     0.3901626265285897    -0.1383486667249821
   -0.1104761033621809   -0.09341724197345518  -0.008814207673649198   -0.01396537771108838      0.109210111695972     0.0799437180608083    -0.4138653988449324     -0.671890536502713     0.1391396842163838    -0.5642662206579517
    0.2201173586506197     0.4153613279916967    -0.1523987041983511    -0.2404678288770139    -0.3233210356426879    -0.4899510122464661    -0.4232081583486589    -0.1919660398604366    -0.2889785287186873     0.2322067862059833
   -0.1690568915644098    -0.3721600655323141     0.3064092658700937     0.6161144886757722    -0.1801398304741095    -0.2783410236582488    -0.2103383460508199    -0.1885103005823098    0.09152981303122303     0.4016874503608322
  -0.01350321675306509    0.03787097339006817     0.1510221141710457     0.3107764418481823    -0.2005494674137201     -0.442308837659545     0.1980281103826395     0.2679661722137065    -0.3160897719443601    -0.6574213520286766
  -0.03118188534824274    -0.6660276517226329   -0.01642631442981486    -0.3172619250482498   0.004497063094602058    0.09862471245647819    -0.2112963046890609     0.1021596628912231     -0.623960664426698    0.01879390707623733
  0.003332443378158174     0.3826547291049779   0.004138777568981876     0.4746097324929925   0.004127945422690415     0.5800855514247173     -0.295466809876994    0.08390112366851797    -0.4441025137510232    0.01446933105076205

22.67802757379765
43.03614565459934
 35.5523338646423
68.12997750875024
50.55850757257256
97.42620445705366
68.53545390155007
131.7528114909597
95.67964460512847
185.2855046714405

1.946266520648545

   0.06986315975486218   -0.03590406486679594  -0.004055035875143941   0.002066073030491979   -0.06508506968480066    0.03319761656220611 -0.0005168207372937416  0.0003371421297467126 -0.0008627268956869871  0.0004741334400092016

-0.0001171267185138937   -0.01549491575502612      0.015884850140465  -0.009436507587472043    -0.0234986822303304    0.02398835082264392    0.02515378889314559   -0.02586670726674497      1.033235661521757      1.617418115149327

cov:
   0.9569883459370823     1.918377688550084  -0.05757641006782081  -0.08554228858985014   0.08999545593532228    0.1727683182557351   0.02345225096971543   0.01626467691705709   0.05317657583277532   0.01595036878323966
    1.918377688550084      53.7891081782978  -0.06988133235227961     48.96411222135074    0.0397812409382236     48.07603445425455    -20.25514699380566     4.838842363830903    -22.70872499189493     0.244790210789345
 -0.05757641006782081  -0.06988133235227961     1.133951881996055     2.242931755604629   -0.1043140875801835   -0.1789884726606941  -0.03086308143043844 -0.002675996824820556  -0.01688947601469969  -0.03442365902617532
 -0.08554228858985014     48.96411222135074     2.242931755604629      59.2416330138194   -0.3693731307671513     60.71273327306734    -29.43058549885583     7.857560256435524    -40.38878107149043     1.273057500973184
  0.08999545593532228    0.0397812409382236   -0.1043140875801835   -0.3693731307671513     1.155769920846759     2.066031066335683   0.08406273738921587  -0.01548469964930897    0.1475032266235223  0.002386601096225303
   0.1727683182557351     48.07603445425455   -0.1789884726606941     60.71273327306734     2.066031066335683     80.71781873911114     -39.8060161792034     11.39949398055737    -60.57211026746925     2.667528446641996
  0.02345225096971543    -20.25514699380566  -0.03086308143043844    -29.43058549885583   0.08406273738921587     -39.8060161792034       24.208199324561    -5.504187746854977     35.22691147705913    -2.189876082424674
  0.01626467691705709     4.838842363830903 -0.002675996824820556     7.857560256435524  -0.01548469964930897     11.39949398055737    -5.504187746854977     4.540241687043553    -11.58581033153975   -0.5750867022130378
  0.05317657583277532    -22.70872499189493  -0.01688947601469969    -40.38878107149043    0.1475032266235223    -60.57211026746925     35.22691147705913    -11.58581033153975     62.97858969816314   -0.9454341760202585
  0.01595036878323966     0.244790210789345  -0.03442365902617532     1.273057500973184  0.002386601096225303     2.667528446641996    -2.189876082424674   -0.5750867022130378   -0.9454341760202585     4.912620051459657

cov.inverse():
   16.93384127723174    -8.14003576726566   -26.89292967215458    13.83643651597836    10.35385135354139   -5.311644639444702   0.1595747087881617  -0.1299633421356545   0.6653032849567281  -0.3602701787653133
  -8.140035767265703    4.173034165759991    13.81705115860295   -7.096678597129182   -5.353524458828428    2.725910493434952 -0.08205345083616084  0.06046487850457014  -0.3418503790251952   0.1815026600250237
  -26.89292967215496     13.8170511586031    50.32774123814569   -25.38710454738519   -22.40901007589926    11.45677897418269 -0.08900469637134319  0.06879210084224381  -0.1277726900128962   0.0640047875086189
   13.83643651597843   -7.096678597129256   -25.38710454738518    13.03716649574506    11.54159694138829   -5.880528785186897  0.05138459444042152 -0.03575699034849401  0.06484673100961495  -0.0289611195361309
   10.35385135354182    -5.35352445882863   -22.40901007589972    11.54159694138854    14.26600439526951   -6.832528439801532  -0.4159517158374357    0.226331668754601  -0.8670001896659102   0.4625492407624148
  -5.311644639444921    2.725910493435053    11.45677897418292   -5.880528785187019    -6.83252843980153    3.487192749891245   0.2174022645862333   -0.119620101629562   0.4420058942201468  -0.2366594077945055
  0.1595747087881389 -0.08205345083615093 -0.08900469637130788   0.0513845944404032  -0.4159517158374525   0.2174022645862419    0.512270378059371  -0.1999594615890078  -0.1092087397454594   0.0557120486831586
 -0.1299633421356332  0.06046487850455975  0.06879210084220742 -0.03575699034847549   0.2263316687546167    -0.11962010162957   -0.199959461589008   0.5181386567545816  0.09150332271158294  0.06113010335353729
  0.6653032849566446  -0.3418503790251533  -0.1277726900127448  0.06484673100953697  -0.8670001896659815    0.442005894220183  -0.1092087397454594  0.09150332271158246   0.4357210334950999  -0.1965269116540337
  -0.360270178765266   0.1815026600249996  0.06400478750853222 -0.02896111953608618   0.4625492407624553  -0.2366594077945261  0.05571204868315859  0.06113010335353755  -0.1965269116540335   0.3260856561415381

cov*(cov_.inverse()):
    0.9999999999999529  4.385337579182469e-14  9.050637843344145e-14   6.88286775664404e-14 -3.499544404261812e-14  2.155046974205987e-14  3.319935472367863e-15 -1.118896642005041e-15  1.848347863653288e-15 -3.434752482434078e-16
 2.807476473520865e-14      1.000000000000046  5.867181740448757e-14 -2.133623139277674e-14  3.406996906818449e-14 -1.202510313547123e-14 -8.951173136040325e-16 -8.673617379884035e-18 -2.046973701652632e-15 -9.853229343548264e-16
 8.170547571850761e-15 -3.089542510714693e-15      1.000000000000014 -1.111892695970784e-14 -1.866562460151044e-14  4.789571517171964e-15  2.023121253857951e-16  4.258746133523061e-16  4.354155924701786e-16 -3.989863994746656e-16
 1.109667913112844e-13  -6.98885394001536e-14  1.360578316678129e-13     0.9999999999999128  2.509104035652854e-14 -1.332267629550188e-14 -4.288236432614667e-15  1.207367539279858e-15  9.992007221626409e-16 -1.443289932012704e-15
-1.706317379057687e-15  3.386613905975722e-15  4.463524818851261e-15  8.262799624202122e-15     0.9999999999999993  5.663872149064275e-16  1.104259912676486e-16 -3.355605723842636e-17   3.19677010557351e-16 -2.313687436084066e-16
 1.727507026316744e-13  2.148281552649678e-14  1.478539513044552e-13 -7.968625759247061e-14  1.181277298201167e-13     0.9999999999999967 -3.247402347028583e-15  3.941291737419306e-15 -9.992007221626409e-15  1.332267629550188e-15
-4.674038933671909e-14  7.494005416219807e-15  9.092726571680032e-14   4.96269692007445e-14  7.105427357601002e-15 -1.376676550535194e-14      1.000000000000001 -1.110223024625157e-16  1.498801083243961e-15  6.661338147750939e-16
  3.05311331771918e-14 -7.494005416219807e-15 -2.611799665430681e-14  5.273559366969494e-15  1.082467449009528e-14  4.218847493575595e-15 -7.077671781985373e-16     0.9999999999999998 -1.360023205165817e-15 -5.273559366969494e-16
-1.448841047135829e-13  6.558642517973112e-14 -4.547057175230407e-14 -4.080763504887841e-14 -8.365530490550555e-14  2.886579864025407e-14   3.05311331771918e-16 -1.228184220991579e-15       1.00000000000001 -2.220446049250313e-15
  3.33066907387547e-15   3.33066907387547e-16 -8.160139230994901e-15  5.606626274357041e-15   1.77635683940025e-15 -2.220446049250313e-15  1.110223024625157e-16  1.110223024625157e-16                      0                      1
