5
2

0.0001491476178599446
0.0002009749706780268
0.0004622408497426769
   0.0468208542701633
   0.5980268251567081

0.08945184750669523  0.0487854335118944 -0.4879869605161967  0.7623806852960875 -0.4126290895081534
-0.2807586323747009  0.7851808753458073 -0.4715642919818747  -0.218606787801881  0.1857519157178628
 0.6416824158482196 -0.2619216561438331 -0.5665196617833808 -0.2076736590569214  0.3944209012981152
-0.5596733489165009 -0.3461499641204748 -0.1469922695839915  0.3466472635588374  0.6520543629189973
 0.4337999274187438  0.4389626668072286  0.4437843962885447  0.4557346695342489  0.4631314292037405

0.4027658658596933
0.4029156642071571
0.4028814631140123
0.4028067487096789
 0.402762124651256

0.0008359230964893175
   0.4030658886461437

0
0
0
0
0

0
0

0
0
0
0
0

0
0

0
0
0
0
0

0
0

0
0
0
0
0

0
0

0
0
0
0
0

0
0

0
0
0
0
0

0
0

0
0
0
0
0

0
0

0
0
0
0
0

0
0

0
0
0
0
0

0
0

0
0
0
0
0

0
0

0
0
0
0
0

0
0

0
0
0
0
0

0
0

0
0
0
0
0

0
0

0
0
0
0
0

0
0

0
0
0
0
0

0
0

0
0
0
0
0

0
0

0
0
0
0
0

0
0

0
0
0
0
0

0
0

0
0
0
0
0

0
0

0
0
0
0
0

0
0

0
0
0
0
0

0
0

0
0
0
0
0

0
0

0
0
0
0
0

0
0

0
0
0
0
0

0
0

0
0
0
0
0

0
0

0
0
0
0
0

0
0

0
0
0
0
0

0
0

0
0
0
0
0

0
0

0
0
0
0
0

0
0

0
0
0
0
0

0
0

0
0
0
0
0

0
0

0
0
0
0
0

0
0

0
0
0
0
0

0
0

0
0
0
0
0

0
0

0
0
0
0
0

0
0

0
0
0
0
0

0
0

0
0
0
0
0

0
0

0
0
0
0
0

0
0

0
0
0
0
0

0
0

0
0
0
0
0

0
0

0
0
0
0
0

0
0

0
0
0
0
0

0
0

0
0
0
0
0

0
0

0
0
0
0
0

0
0

0
0
0
0
0

0
0

0
0
0
0
0

0
0

0
0
0
0
0

0
0

0
0
0
0
0

0
0

0
0
0
0
0

0
0

0
0
0
0
0

0
0

0
0
0
0
0

0
0

0
0
0
0
0

0
0

0
0
0
0
0

0
0

0
0
0
0
0

0
0

0
0
0
0
0

0
0

0
0
0
0
0

0
0

0
0
0
0
0

0
0

0
0
0
0
0

0
0

0
0
0
0
0

0
0

0
0
0
0
0

0
0

0
0
0
0
0

0
0

0
0
0
0
0

0
0

0
0
0
0
0

0
0

0
0
0
0
0

0
0

0
0
0
0
0

0
0

0
0
0
0
0

0
0

0
0
0
0
0

0
0

0
0
0
0
0

0
0

0
0
0
0
0

0
0

0
0
0
0
0

0
0

0
0
0
0
0

0
0

0
0
0
0
0

0
0

0
0
0
0
0

0
0

0
0
0
0
0

0
0

0
0
0
0
0

0
0

0
0
0
0
0

0
0

0
0
0
0
0

0
0

-5.296871516987563  1.518155586765554  8.970908069766951  13.84829404863705 -19.04076163291785
0.8511298468148693 0.2163504769378942 0.5201482661954419  1.205654900398486 -1.793289665469049

 3.033553790906766e-07 -3.277878093755466e-07 -4.116232241364892e-06   -0.01423781669812045   -0.05630882467102241
 3.318946453952805e-08 -3.679786107115003e-08 -1.630019204586093e-07  -0.003023225247469317      0.148044695749368

cov:
0.06798756942172417 0.06852641936533319 0.06903009708955629 0.07027848916249178 0.07105140909845009
0.06852641936533319 0.06917496903908725 0.06978077730141394 0.07128223955508459 0.07221167524070231
0.06903009708955629 0.06978077730141394 0.07048194095188336 0.07221947848670396 0.07329496193549324
0.07027848916249178 0.07128223955508459 0.07221947848670396 0.07454234797859065 0.07597995883146907
0.07105140909845009 0.07221167524070231 0.07329496193549324 0.07597995883146907  0.0776417249128684

cov.inverse():
 4238506.966193073 -6048152.306023039 -385770.8816848657  3961462.249759862 -1766078.213833008
-6048152.307025885   15691668.3997891 -9542702.466585899  -2323118.61996857  2222394.630406425
-385770.8794635185 -9542702.470539276  17712534.39154316 -13621439.28066759  5837337.572884744
 3961462.247225683 -2323118.613603961 -13621439.28477539  27513362.24077703 -15530211.95398428
-1766078.212517357  2222394.626992359  5837337.575260543 -15530211.95426169  9236501.853437871

cov*(cov_.inverse()):
     1.000000000058208  2.328306436538696e-10 -2.328306436538696e-10  4.656612873077393e-10                      0
-1.455191522836685e-11      1.000000000174623  1.164153218269348e-10 -2.328306436538696e-10  3.492459654808044e-10
                     0 -1.746229827404022e-10                      1  2.328306436538696e-10  1.164153218269348e-10
  2.91038304567337e-11  -2.91038304567337e-11 -1.746229827404022e-10      1.000000000232831 -1.164153218269348e-10
  2.91038304567337e-11   2.91038304567337e-11 -5.820766091346741e-11                      0                      1
