5
2

0.0001491653072767623
0.0002010911868581712
 0.000462249691761579
  0.04682166127697143
   0.5980275086060323

0.08979212596764805 0.04794173570124398 -0.4875260564489885   0.762595685725031 -0.4128015606669016
-0.2804919574328051  0.7851648925841965 -0.4722268571597888 -0.2178596438772362   0.185416623352474
 0.6417445077567769 -0.2621350832214256 -0.5663648334475776 -0.2076623806531867  0.3944063843345551
-0.5596819460041407 -0.3461426123267092 -0.1469913107768278  0.3466509502317652  0.6520491427094923
 0.4337991954934375  0.4389626083248289  0.4437843729225869  0.4557350656336628  0.4631318028202086

0.4027656036444304
0.4029155381669121
0.4028813454276003
 0.402806558032188
0.4027618261925817

0.0008359230964893175
   0.4030658886461437

-5.287829617123794  1.497262131274638  8.982571533558605  13.85050862753212 -19.04279011234355
0.8514687085162305 0.2154696963697858 0.5208808862304783  1.205271941895658 -1.793097289277529

 3.035155190367111e-07  -3.28812281202978e-07  -4.11541056765703e-06    -0.0142380491116169   -0.05630940259170102
 3.320122948670422e-08 -3.682557049642829e-08 -1.629407091579507e-07  -0.003023310181726875     0.1480447556125786

cov:
0.06798754093142653 0.06852646315352873 0.06903014249406451 0.07027856720440639 0.07105147660314477
0.06852646315352873 0.06917510613591896 0.06978092433128137 0.07128244946911003 0.07221188779097171
0.06903014249406451 0.06978092433128137  0.0704820955327283 0.07221969855344725 0.07329518119135672
0.07027856720440639 0.07128244946911003 0.07221969855344725 0.07454266155811498 0.07598027625226587
0.07105147660314477 0.07221188779097171 0.07329518119135672 0.07598027625226587 0.07764204121881657

cov.inverse():
 4235505.739258397 -6039949.022524672 -392844.5511796687  3964879.434780485  -1767622.74543602
-6039949.022043255  15670228.42386847 -9524688.281561678 -2332272.370991516  2226770.055736595
-392844.5523584653 -9524688.279351659  17698012.09153248 -13614685.23996228  5834164.613997835
 3964879.436291184 -2332272.374863693 -13614685.23741598  27512439.92409184 -15530306.68705215
-1767622.746249324  2226770.057880146  5834164.612482756 -15530306.68686731  9236938.717255685

cov*(cov_.inverse()):
    0.9999999999854481 -5.820766091346741e-11  2.328306436538696e-10 -4.656612873077393e-10  2.328306436538696e-10
  1.01863406598568e-10                      1 -1.746229827404022e-10  4.656612873077393e-10 -1.164153218269348e-10
 8.731149137020111e-11 -2.037268131971359e-10      1.000000000174623 -2.328306436538696e-10  2.328306436538696e-10
 5.820766091346741e-11 -5.820766091346741e-11 -5.820766091346741e-11      1.000000000232831 -1.164153218269348e-10
 5.820766091346741e-11 -8.731149137020111e-11                      0                      0                      1
