5 
11 
12 
14 
15 
inputFileName = /Users/demattia/RemoteProjects/extracted_endcaps.root
eventsFractionStartBuild = 0
eventsFractionEndBuild = 0.2
eventsFractionStartTest = 0.8
eventsFractionEndTest = 1
var name = R
var name = z
par name = cotTheta
firstOrderChargeOverPtCoefficientsFileName = 
firstOrderCotThetaCoefficientsFileName = 
pT > 2, pT regions = 1
0 < phi < 0.8, phi regions = 1
-3 < eta < 3, eta regions = 1
-15 < z0 < 15, eta regions = 1
charge regions = 1
endcap regions = 0
Training
Requested running from track number 0 to track number 1000000 for a total of 1000000 tracks.
Analyzed 10% of 1000000 tracks
Analyzed 20% of 1000000 tracks
Analyzed 30% of 1000000 tracks
Analyzed 40% of 1000000 tracks
Analyzed 50% of 1000000 tracks
Analyzed 60% of 1000000 tracks
Analyzed 70% of 1000000 tracks
Analyzed 80% of 1000000 tracks
Analyzed 90% of 1000000 tracks
Analyzed 100% of 1000000 tracks
Evaluating eigenvalues:
geomIndex = 0
Sqrt(eigenvalues) of cov:
 0.0434778 0.0447489 0.0602864 0.851664 1.18853 1.35652 1.65438 2.63035 3.44971 7.2773
Analyzed 10% of 1000000 tracks
Analyzed 20% of 1000000 tracks
Analyzed 30% of 1000000 tracks
Analyzed 40% of 1000000 tracks
Analyzed 50% of 1000000 tracks
Analyzed 60% of 1000000 tracks
Analyzed 70% of 1000000 tracks
Analyzed 80% of 1000000 tracks
Analyzed 90% of 1000000 tracks
Analyzed 100% of 1000000 tracks
opening GeometricIndex.txt for writing
Matrices built:
geomIndex = 0

V_0:
  0.0747518  -0.0158781    0.483737   -0.102263   -0.810647    0.171113    0.246858  -0.0475029  0.00876207 0.000471855
  0.0114853 -0.00269053    0.269735  -0.0585494  -0.0641785   0.0144457   -0.765104    0.161951    0.542418   -0.116271
  -0.697056    0.146715    0.584094   -0.134687    0.292606   -0.057947   0.0281432 -0.00106009   -0.204031   0.0433912
  -0.638427   0.0554162   -0.418842    0.376596   -0.379364   -0.186407   0.0452257 -0.00606979    0.298521   0.0471735
  -0.242217  -0.0956107    -0.24779   -0.502495     0.09482    0.632974    0.179945   -0.138863    0.310534   -0.246062
 0.00131585    0.064309    0.109073    0.562956   0.0813471    0.432635   0.0842532     0.46067   -0.118758   -0.489732
 -0.0834131  -0.0835557    -0.17966   -0.455825   -0.183047   -0.432689  -0.0257874     0.42881   -0.246473    -0.52914
  0.0260373   0.0962739   0.0540098    0.162457  -0.0137002   -0.139023   -0.126589   -0.739403  -0.0953881   -0.607774
  -0.183971   -0.457904   -0.158847   0.0331759   -0.190156    0.311246   -0.486891  -0.0935913   -0.572719    0.152586
  0.0255344     0.85787   -0.207179   -0.146494   -0.154062     0.20287   -0.240018   0.0249807   -0.258015   0.0965792
corrPV_0:
0.000213755 8.56738e-05 0.000180515   -0.094975   -0.122602 0.000417089    0.034476   0.0204376    0.927962     1.02826
D_0:
 0.0641179 -0.0133845   0.153113 -0.0318489 -0.0585819 0.00900626 -0.0682679  0.0108605  -0.105058   0.017615
opening matrixVD_0.txt for writing
