5 
11 
12 
14 
15 
inputFileName = /Users/demattia/RemoteProjects/extracted_endcaps.root
eventsFractionStartBuild = 0
eventsFractionEndBuild = 0.2
eventsFractionStartTest = 0.8
eventsFractionEndTest = 1
var name = R
var name = z
par name = cotTheta
firstOrderChargeOverPtCoefficientsFileName = 
firstOrderCotThetaCoefficientsFileName = 
2 < pT < 10, pT regions = 1
0 < phi < 0.8, phi regions = 1
-3 < eta < 3, eta regions = 1
-15 < z0 < 15, eta regions = 1
charge regions = 1
endcap regions = 0
Training
Requested running from track number 0 to track number 1000000 for a total of 1000000 tracks.
Analyzed 10% of 1000000 tracks
Analyzed 20% of 1000000 tracks
Analyzed 30% of 1000000 tracks
Analyzed 40% of 1000000 tracks
Analyzed 50% of 1000000 tracks
Analyzed 60% of 1000000 tracks
Analyzed 70% of 1000000 tracks
Analyzed 80% of 1000000 tracks
Analyzed 90% of 1000000 tracks
Analyzed 100% of 1000000 tracks
Evaluating eigenvalues:
geomIndex = 0
Sqrt(eigenvalues) of cov:
 0.0435629 0.0448573 0.0604222 0.849968 1.19317 1.36133 1.65523 2.63212 3.44632 7.29613
Analyzed 10% of 1000000 tracks
Analyzed 20% of 1000000 tracks
Analyzed 30% of 1000000 tracks
Analyzed 40% of 1000000 tracks
Analyzed 50% of 1000000 tracks
Analyzed 60% of 1000000 tracks
Analyzed 70% of 1000000 tracks
Analyzed 80% of 1000000 tracks
Analyzed 90% of 1000000 tracks
Analyzed 100% of 1000000 tracks
opening GeometricIndex.txt for writing
Matrices built:
geomIndex = 0

V_0:
   0.0743608   -0.0158092     0.498233    -0.105342    -0.812639     0.171531     0.205241   -0.0386255    0.0378444  -0.00579139
   0.0105431  -0.00243201     0.240815   -0.0524886   -0.0214475   0.00547452    -0.777358     0.164273     0.542099    -0.116204
   -0.697138      0.14672     0.584521    -0.134665     0.293384   -0.0582076    0.0245108 -0.000102492    -0.201904    0.0429364
   -0.638026    0.0551631    -0.418475     0.378352    -0.379812    -0.187534    0.0442348    -0.003936     0.296694    0.0467158
   -0.244268    -0.094461    -0.247833    -0.495188    0.0943636     0.636396     0.182108    -0.128371     0.308804    -0.256655
  0.00633626    0.0648433     0.113642     0.570106     0.080882     0.424743    0.0817564     0.466791    -0.123458    -0.480678
  -0.0809678   -0.0846633    -0.176936    -0.452264     -0.18236     -0.43589   -0.0255484     0.431777     -0.24748    -0.528055
   0.0259176    0.0972781    0.0548601     0.165336   -0.0128562    -0.137822    -0.124254    -0.735423   -0.0941708     -0.61254
   -0.183565    -0.457376    -0.159001    0.0316609    -0.190081     0.311298    -0.487414     -0.09596    -0.573145     0.150046
   0.0254788     0.858034     -0.20749    -0.147479    -0.154365     0.201701    -0.239838    0.0254454    -0.258248    0.0946135
corrPV_0:
0.000222552 7.39657e-05  0.00017769  -0.0942845   -0.123825  0.00337525   0.0358883   0.0183167    0.926389     1.03224
D_0:
 0.0648866 -0.0135557    0.15351 -0.0319842 -0.0605436 0.00949795 -0.0681071  0.0107533  -0.104469  0.0174914
opening matrixVD_0.txt for writing
