5 
11 
12 
13 
14 
15 
inputFileName = /Users/demattia/RemoteProjects/extracted_endcaps.root
eventsFractionStartBuild = 0
eventsFractionEndBuild = 0.2
eventsFractionStartTest = 0.8
eventsFractionEndTest = 1
var name = R
var name = z
par name = cotTheta
firstOrderChargeOverPtCoefficientsFileName = 
firstOrderCotThetaCoefficientsFileName = 
pT > 2, pT regions = 1
0 < phi < 0.8, phi regions = 1
-3 < eta < 3, eta regions = 1
-15 < z0 < 15, eta regions = 1
charge regions = 1
endcap regions = 0
Training
Requested running from track number 0 to track number 1000000 for a total of 1000000 tracks.
Analyzed 10% of 1000000 tracks
Analyzed 20% of 1000000 tracks
Analyzed 30% of 1000000 tracks
Analyzed 40% of 1000000 tracks
Analyzed 50% of 1000000 tracks
Analyzed 60% of 1000000 tracks
Analyzed 70% of 1000000 tracks
Analyzed 80% of 1000000 tracks
Analyzed 90% of 1000000 tracks
Analyzed 100% of 1000000 tracks
Evaluating eigenvalues:
geomIndex = 0
Sqrt(eigenvalues) of cov:
 0.0431977 0.0434741 0.0464659 0.0604387 0.836277 1.05754 1.2891 1.36623 1.69292 3.12291 3.73229 7.44531
Analyzed 10% of 1000000 tracks
Analyzed 20% of 1000000 tracks
Analyzed 30% of 1000000 tracks
Analyzed 40% of 1000000 tracks
Analyzed 50% of 1000000 tracks
Analyzed 60% of 1000000 tracks
Analyzed 70% of 1000000 tracks
Analyzed 80% of 1000000 tracks
Analyzed 90% of 1000000 tracks
Analyzed 100% of 1000000 tracks
opening GeometricIndex.txt for writing
Matrices built:
geomIndex = 0

V_0:
 -0.0378939  0.00831799   -0.151991   0.0330147    0.390791  -0.0852928   -0.547775    0.112862     0.63029   -0.132339   -0.288485   0.0592687
  0.0721926  -0.0152591    0.438685  -0.0927054   -0.742555    0.156275   -0.112824   0.0223109    0.434737  -0.0864727  -0.0870541   0.0206625
 -0.0506648   0.0106492    0.436225  -0.0927135    0.109006  -0.0256633   -0.655592     0.13931   -0.320886    0.068827    0.467284   -0.103067
   0.707985   -0.149024   -0.513781    0.117511   -0.238799   0.0470646   -0.234412   0.0419245 -0.00766066  0.00114355    0.281382  -0.0598911
  -0.572283   0.0589147   -0.354285    0.447701    -0.35619   -0.243722  -0.0872362    0.230758   0.0212418   -0.138119    0.275243   0.0254778
  -0.336055   -0.048099   -0.294995    -0.33351  -0.0294975    0.372063  -0.0928481   -0.527981    0.229755    0.310752    0.323931  -0.0743689
  -0.100645  -0.0840854   -0.136495   -0.420032   0.0854427    0.404287     0.14574    0.436098 -0.00136725   -0.601706    0.174183   -0.114812
 -0.0101985   0.0494131   0.0971072    0.514415    0.114804    0.560102   0.0479975    0.195934   0.0681498    0.237678  -0.0843992   -0.536242
 -0.0779942  -0.0827346   -0.161116    -0.41035   -0.164766   -0.397264  -0.0372807    0.215564  -0.0416158    0.257708   -0.248689   -0.655676
  0.0775627    0.240317   0.0918373    0.142209   0.0425215   -0.196541  0.00447808   -0.547097   0.0346834   -0.568332    0.094781   -0.484371
  -0.162276   -0.460204   -0.113348   0.0795419    -0.16084    0.229058   -0.341002    -0.24052   -0.436024   -0.214815   -0.502977   0.0314085
  0.0208717    0.828067    -0.20579   -0.142337   -0.154723    0.203766   -0.212122   0.0371785    -0.24449   0.0229527   -0.264007   0.0970573
corrPV_0:
 -0.00017244  0.000181344 -2.43308e-05 -0.000166839   -0.0844264    -0.106089   -0.0711153   -0.0147206    0.0295879    -0.191529     0.951732      1.14005
D_0:
 0.0710279 -0.0148728   0.135071  -0.029282 -0.0731538  0.0130251  0.0424782 -0.0124533 -0.0733328  0.0137934  -0.114778  0.0204092
opening matrixVD_0.txt for writing
