5 
11 
12 
13 
14 
15 
inputFileName = /Users/demattia/RemoteProjects/extracted_endcaps.root
eventsFractionStartBuild = 0
eventsFractionEndBuild = 0.2
eventsFractionStartTest = 0.8
eventsFractionEndTest = 1
var name = R
var name = z
par name = cotTheta
firstOrderChargeOverPtCoefficientsFileName = 
firstOrderCotThetaCoefficientsFileName = 
2 < pT < 10, pT regions = 1
0 < phi < 0.8, phi regions = 1
-3 < eta < 3, eta regions = 1
-15 < z0 < 15, eta regions = 1
charge regions = 1
endcap regions = 0
Training
Requested running from track number 0 to track number 1000000 for a total of 1000000 tracks.
Analyzed 10% of 1000000 tracks
Analyzed 20% of 1000000 tracks
Analyzed 30% of 1000000 tracks
Analyzed 40% of 1000000 tracks
Analyzed 50% of 1000000 tracks
Analyzed 60% of 1000000 tracks
Analyzed 70% of 1000000 tracks
Analyzed 80% of 1000000 tracks
Analyzed 90% of 1000000 tracks
Analyzed 100% of 1000000 tracks
Evaluating eigenvalues:
geomIndex = 0
Sqrt(eigenvalues) of cov:
 0.04319 0.043611 0.0466106 0.0605333 0.835951 1.05697 1.29359 1.37159 1.69523 3.1293 3.72482 7.4658
Analyzed 10% of 1000000 tracks
Analyzed 20% of 1000000 tracks
Analyzed 30% of 1000000 tracks
Analyzed 40% of 1000000 tracks
Analyzed 50% of 1000000 tracks
Analyzed 60% of 1000000 tracks
Analyzed 70% of 1000000 tracks
Analyzed 80% of 1000000 tracks
Analyzed 90% of 1000000 tracks
Analyzed 100% of 1000000 tracks
opening GeometricIndex.txt for writing
Matrices built:
geomIndex = 0

V_0:
 -0.0480904    0.010411   -0.212818   0.0458697    0.493831   -0.106946   -0.527203    0.108645    0.560461   -0.118281   -0.271929   0.0554742
  0.0632957  -0.0133636    0.418337  -0.0881642   -0.676723    0.141872   -0.197129   0.0398202    0.517447   -0.103824   -0.123276   0.0279515
 -0.0484999   0.0102111    0.430074   -0.091435    0.114573  -0.0267944   -0.653261    0.138727   -0.327652   0.0703113    0.470483   -0.103566
   0.708334   -0.149115   -0.514341    0.117461    -0.24109   0.0476986   -0.232323   0.0413449 -0.00486191 0.000482278    0.279372  -0.0594035
  -0.573584   0.0589433   -0.355383     0.44739   -0.356622   -0.244135  -0.0883515    0.225059   0.0223429   -0.134341     0.27675   0.0263904
  -0.332415  -0.0484829   -0.291472   -0.327983  -0.0293747    0.370703  -0.0950319   -0.532067    0.228675    0.325372    0.315853  -0.0793063
  -0.107778  -0.0823563   -0.141393   -0.421009   0.0845445     0.40922     0.14531    0.428685  0.00432058    -0.59765    0.181947   -0.120656
-0.00721049   0.0505849    0.100635    0.521771    0.115565    0.557958   0.0488324    0.199388   0.0671661    0.237675  -0.0850051   -0.529129
 -0.0759966  -0.0830709   -0.157991   -0.403884   -0.163269   -0.397226   -0.035416    0.219698  -0.0409243    0.257939   -0.249151   -0.659538
  0.0772889    0.240849   0.0922143    0.144496   0.0428154   -0.194841  0.00385363   -0.549925   0.0355741   -0.564509    0.094825   -0.485262
  -0.161988   -0.459381   -0.113559   0.0786574   -0.160871    0.229926   -0.340656   -0.237058   -0.436907   -0.216656   -0.503974   0.0289935
  0.0208877    0.828413   -0.206058   -0.143364   -0.154956    0.202543   -0.211708   0.0387559   -0.244136   0.0235505   -0.264033   0.0951574
corrPV_0:
-0.000194072  0.000159358 -2.01123e-05  -0.00016075   -0.0845209    -0.104068   -0.0752309   -0.0135728     0.030301    -0.192756     0.949219      1.14345
D_0:
  0.071942 -0.0150821   0.136063 -0.0295241 -0.0740776  0.0132748  0.0391268 -0.0117157 -0.0724218  0.0135198  -0.113501  0.0201065
opening matrixVD_0.txt for writing
