12
1

0.04319768245220286
0.04347414717484094
0.04646591963284549
0.06043869547171667
 0.8362773369398885
  1.057541368237899
  1.289098874386885
  1.366225757478804
  1.692921247714823
  3.122909620613599
  3.732288445579034
  7.445311539844453

 -0.03789394258265531  0.008317986657817446   -0.1519909749425515   0.03301470358719777    0.3907912659197469  -0.08529278208753592   -0.5477752628632288    0.1128615141684525    0.6302899857569039   -0.1323392914825039   -0.2884849496245215   0.05926871468580758
  0.07219264390323681  -0.01525906679024639    0.4386848756724588  -0.09270535586227061   -0.7425554720324949    0.1562747830053247   -0.1128235752526633   0.02231094950701022    0.4347371927842086  -0.08647270954380332  -0.08705405593141025   0.02066253876776772
 -0.05066479215111872    0.0106492453953427    0.4362252948782444  -0.09271353937700569    0.1090059237839118   -0.0256633055136847    -0.655592371368698    0.1393098326664385   -0.3208859668569589   0.06882701565687961    0.4672837841957474   -0.1030668899640346
   0.7079845028893433   -0.1490235538627714   -0.5137814559454714    0.1175109122900922    -0.238798876581875   0.04706463430962142   -0.2344123514454585   0.04192453748595013 -0.007660663837218175  0.001143550762637819    0.2813822828367217  -0.05989108360764418
  -0.5722834574618183   0.05891473634417686   -0.3542852903976791     0.447700686179688   -0.3561899871094513    -0.243722102243486  -0.08723615421911406    0.2307577812957207   0.02124184875471192   -0.1381187129871488    0.2752426968261216   0.02547782009459255
  -0.3360552593534379  -0.04809897645418388   -0.2949951107799251   -0.3335101182671606  -0.02949754335146999    0.3720633435334016  -0.09284809063736704   -0.5279812366869264      0.22975456229666    0.3107522611883301    0.3239308446091089  -0.07436885801106899
   -0.100645238604688  -0.08408543656994587    -0.136494756984719   -0.4200318369585159   0.08544272730214514    0.4042868456307783    0.1457403516065539    0.4360975399423593  -0.00136724936058399   -0.6017055927966221    0.1741827891073711   -0.1148122429713801
 -0.01019851840421547   0.04941313749914184   0.09710719700371839    0.5144146176399259    0.1148036446310166    0.5601021714832624   0.04799748729792804    0.1959336425078008   0.06814980542344035    0.2376775462300249  -0.08439920972764035   -0.5362423114370497
 -0.07799418495354532  -0.08273459174492366   -0.1611160427913789    -0.410349616699356   -0.1647658009657646   -0.3972643679568839  -0.03728074633483518    0.2155643466347218  -0.04161583544517354    0.2577076901905362   -0.2486885322579539   -0.6556759878545244
  0.07756273587631425    0.2403171545562963   0.09183726642633286    0.1422090619671673   0.04252149959862144   -0.1965409470389388  0.004478075300865202   -0.5470969086402051   0.03468337750201351   -0.5683316730544834   0.09478096498863903   -0.4843711649447381
  -0.1622763964044946   -0.4602039042894588    -0.113347742156231    0.0795418868456403    -0.160840322630202    0.2290583091685191   -0.3410017190185466   -0.2405201652648149    -0.436023707934063    -0.214814713505231   -0.5029772786277865   0.03140854567733629
  0.02087168460873935    0.8280670796992617   -0.2057898171810203   -0.1423374447004989   -0.1547228413282974      0.20376635341475   -0.2121216428485227   0.03717852089403978   -0.2444902633408631   0.02295273899453347   -0.2640070757263102   0.09705728183912775

  22.399268410795
103.8116491497615
27.97949531051341
 130.226499444579
 33.3814892013805
156.0221283795937
39.64390158920374
185.7217497513184
46.92274034177557
220.3849264143016
55.42426093601497
260.9595379572096

4.773087937767767

0
0
0
0
0
0
0
0
0
0
0
0

0

0
0
0
0
0
0
0
0
0
0
0
0

0

0
0
0
0
0
0
0
0
0
0
0
0

0

0
0
0
0
0
0
0
0
0
0
0
0

0

0
0
0
0
0
0
0
0
0
0
0
0

0

0
0
0
0
0
0
0
0
0
0
0
0

0

0
0
0
0
0
0
0
0
0
0
0
0

0

0
0
0
0
0
0
0
0
0
0
0
0

0

0
0
0
0
0
0
0
0
0
0
0
0

0

0
0
0
0
0
0
0
0
0
0
0
0

0

0
0
0
0
0
0
0
0
0
0
0
0

0

0
0
0
0
0
0
0
0
0
0
0
0

0

0
0
0
0
0
0
0
0
0
0
0
0

0

0
0
0
0
0
0
0
0
0
0
0
0

0

0
0
0
0
0
0
0
0
0
0
0
0

0

0
0
0
0
0
0
0
0
0
0
0
0

0

0
0
0
0
0
0
0
0
0
0
0
0

0

0
0
0
0
0
0
0
0
0
0
0
0

0

0
0
0
0
0
0
0
0
0
0
0
0

0

0
0
0
0
0
0
0
0
0
0
0
0

0

0
0
0
0
0
0
0
0
0
0
0
0

0

0
0
0
0
0
0
0
0
0
0
0
0

0

0
0
0
0
0
0
0
0
0
0
0
0

0

0
0
0
0
0
0
0
0
0
0
0
0

0

0
0
0
0
0
0
0
0
0
0
0
0

0

0
0
0
0
0
0
0
0
0
0
0
0

0

0
0
0
0
0
0
0
0
0
0
0
0

0

0
0
0
0
0
0
0
0
0
0
0
0

0

0
0
0
0
0
0
0
0
0
0
0
0

0

0
0
0
0
0
0
0
0
0
0
0
0

0

0
0
0
0
0
0
0
0
0
0
0
0

0

0
0
0
0
0
0
0
0
0
0
0
0

0

0
0
0
0
0
0
0
0
0
0
0
0

0

0
0
0
0
0
0
0
0
0
0
0
0

0

0
0
0
0
0
0
0
0
0
0
0
0

0

0
0
0
0
0
0
0
0
0
0
0
0

0

0
0
0
0
0
0
0
0
0
0
0
0

0

0
0
0
0
0
0
0
0
0
0
0
0

0

0
0
0
0
0
0
0
0
0
0
0
0

0

0
0
0
0
0
0
0
0
0
0
0
0

0

0
0
0
0
0
0
0
0
0
0
0
0

0

0
0
0
0
0
0
0
0
0
0
0
0

0

0
0
0
0
0
0
0
0
0
0
0
0

0

0
0
0
0
0
0
0
0
0
0
0
0

0

0
0
0
0
0
0
0
0
0
0
0
0

0

0
0
0
0
0
0
0
0
0
0
0
0

0

0
0
0
0
0
0
0
0
0
0
0
0

0

0
0
0
0
0
0
0
0
0
0
0
0

0

0
0
0
0
0
0
0
0
0
0
0
0

0

0
0
0
0
0
0
0
0
0
0
0
0

0

0
0
0
0
0
0
0
0
0
0
0
0

0

0
0
0
0
0
0
0
0
0
0
0
0

0

0
0
0
0
0
0
0
0
0
0
0
0

0

0
0
0
0
0
0
0
0
0
0
0
0

0

0
0
0
0
0
0
0
0
0
0
0
0

0

0
0
0
0
0
0
0
0
0
0
0
0

0

0
0
0
0
0
0
0
0
0
0
0
0

0

0
0
0
0
0
0
0
0
0
0
0
0

0

0
0
0
0
0
0
0
0
0
0
0
0

0

0
0
0
0
0
0
0
0
0
0
0
0

0

0
0
0
0
0
0
0
0
0
0
0
0

0

0
0
0
0
0
0
0
0
0
0
0
0

0

0
0
0
0
0
0
0
0
0
0
0
0

0

0
0
0
0
0
0
0
0
0
0
0
0

0

0
0
0
0
0
0
0
0
0
0
0
0

0

0
0
0
0
0
0
0
0
0
0
0
0

0

0
0
0
0
0
0
0
0
0
0
0
0

0

0
0
0
0
0
0
0
0
0
0
0
0

0

0
0
0
0
0
0
0
0
0
0
0
0

0

0
0
0
0
0
0
0
0
0
0
0
0

0

0
0
0
0
0
0
0
0
0
0
0
0

0

0
0
0
0
0
0
0
0
0
0
0
0

0

0
0
0
0
0
0
0
0
0
0
0
0

0

0
0
0
0
0
0
0
0
0
0
0
0

0

0
0
0
0
0
0
0
0
0
0
0
0

0

0
0
0
0
0
0
0
0
0
0
0
0

0

0
0
0
0
0
0
0
0
0
0
0
0

0

 0.07102788237693143 -0.01487277246465809   0.1350713120665915 -0.02928196928846144 -0.07315382579160669  0.01302508022602176  0.04247822514875566  -0.0124533464847645 -0.07333283069284141  0.01379335527979463  -0.1147781987860992  0.02040919013383927

-0.0001724395823942289  0.0001813441331551986 -2.433080113613213e-05 -0.0001668390093474803   -0.08442640004178474    -0.1060892546778571    -0.0711153072959898   -0.01472059016654187    0.02958788068890229    -0.1915291833623459     0.9517321785241015      1.140050719004998

cov:
  0.8413060280677702    2.205854787372058   0.3959555045803748  -0.1382683537662334   0.3899761981208995  -0.4623246503361765   0.5811493143224505   0.1541853603672128   0.6424121762866978  0.05922346481417819   0.7000712613961498  -0.1315196091248151
   2.205854787372058    41.56435700394031   -8.436508280209045   -6.470422994570752   -5.946547450500415    7.483510721704637    -7.54585903951154    1.910129941227291    -8.34125455455408    1.121155873780308   -8.651287481231527    3.245682028035026
  0.3959555045803748   -8.436508280209045    2.918612155929118    2.002195194557085    2.232358111629427   -2.731221527511626    3.007190736341676  -0.5802404553924242     3.45924196414717  -0.4393898233472163    3.775591024534165   -1.340752186440995
 -0.1382683537662334   -6.470422994570752    2.002195194557085    2.942801029914492    1.245421016238402   -1.118805521858688    1.297584343562952   -1.419212641907748    1.530355092206621   -1.021373067801307    1.712430546548676    -1.03070523039772
  0.3899761981208995   -5.946547450500415    2.232358111629427    1.245421016238402    1.910808566175085   -1.929221350105112    2.658361769625648 -0.04476474875976018    3.109185377266731 -0.08325112104630468    3.475141987685364  -0.9291109254166496
 -0.4623246503361765    7.483510721704637   -2.731221527511626   -1.118805521858688   -1.929221350105112      4.9151269057818   -3.325800654211112   0.6945126880486697   -4.009588755076543   0.3668655729099785   -4.368755023984574    2.198406388306474
  0.5811493143224505    -7.54585903951154    3.007190736341676    1.297584343562952    2.658361769625648   -3.325800654211112    4.174485339685846   0.8219837972240407    4.932312830305545   0.5499377055575214    5.507849965578603   -1.311085767508092
  0.1541853603672128    1.910129941227291  -0.5802404553924242   -1.419212641907748 -0.04476474875976018   0.6945126880486697   0.8219837972240407    4.671512894111143   0.6379800723882084    3.403702922327096   0.4303714301421674    2.042802169604594
  0.6424121762866978    -8.34125455455408     3.45924196414717    1.530355092206621    3.109185377266731   -4.009588755076543    4.932312830305545   0.6379800723882084    6.047876383796781   0.8798175581727392    6.770176079337561   -1.678322751846243
 0.05922346481417819    1.121155873780308  -0.4393898233472163   -1.021373067801307 -0.08325112104630468   0.3668655729099785   0.5499377055575214    3.403702922327096   0.8798175581727392     4.84092120088948   0.3347078938096657    2.078510057149139
  0.7000712613961498   -8.651287481231527    3.775591024534165    1.712430546548676    3.475141987685364   -4.368755023984574    5.507849965578603   0.4303714301421674    6.770176079337561   0.3347078938096657     7.88757506263183   -1.591860003888768
 -0.1315196091248151    3.245682028035026   -1.340752186440995    -1.03070523039772  -0.9291109254166496    2.198406388306474   -1.311085767508092    2.042802169604594   -1.678322751846243    2.078510057149139   -1.591860003888768    4.621475461902636

cov.inverse():
  142.5160053923423  -29.90417251409785  -89.58073997792981   20.50760363957321  -84.83956744439163   17.49222670402069  -23.13986183965538   3.351944472832286   9.771117047702141  -1.963255205008595   45.78537094159811  -9.578684299331227
 -29.90417251409782   6.340941877406945   18.89280923719905  -4.258191459583991   17.99568784387231  -3.728614133930524   4.798635481127293 -0.6862413030429259  -1.963913656814816  0.3987899627571106  -9.737382683635335   2.036736157912406
 -89.58073997795201   18.89280923720368   274.8879873838576  -59.52030487867943  -148.3733795316932   31.45413557078563  -80.99196083625577   18.21679135967682  -14.24728014217054   4.484875016052185   57.90160364516192  -12.41163110094016
  20.50760363957796  -4.258191459584989  -59.52030487867903   13.58851170183214   30.78824575370911  -6.718304723712143   16.40574780156198  -3.522371987181387   3.328894352724272  -1.028569246810578  -11.80055837719424   2.540700182847892
 -84.83956744434617   17.99568784386275  -148.3733795317056   30.78824575371245   394.9005097689329  -83.44458564519385  -88.10042026998775   19.08148023208352  -54.50946291575063   9.690144347301842  -21.13982100184664   2.990981500408667
  17.49222670401085  -3.728614133928475   31.45413557078807  -6.718304723712819  -83.44458564519323   18.27025791776571   20.52915404896396  -4.543423937283026    10.9385733428235  -1.855671994306281   4.111404408050786 -0.6680949386969627
 -23.13986183966884   4.798635481130194  -80.99196083627227   16.40574780156543  -88.10042026990489   20.52915404894659   381.6860872781881   -79.3922990890883  -113.0542024223608   22.98416240426058  -70.09519813881249   16.49356952896303
  3.351944472835004 -0.6862413030435108   18.21679135968048  -3.522371987182151   19.08148023206657   -4.54342393727948  -79.39229908908889    17.0707629287465   22.36831769059086  -4.841120311728447   14.86340095211743  -3.574471128164522
  9.771117047681546  -1.963913656810593  -14.24728014219756    3.32889435272963  -54.50946291576505   10.93857334282689  -113.0542024222498   22.36831769056781    360.662722525083  -74.75238805292732  -187.4113324199467   40.18786626923067
 -1.963255205004128  0.3987899627561771   4.484875016057415  -1.028569246811623   9.690144347304429  -1.855671994306897   22.98416240423804  -4.841120311723771  -74.75238805292696   15.95763613994512   39.36798775977666  -8.536584098729033
  45.78537094160952   -9.73738268363774   57.90160364519248  -11.80055837720063  -21.13982100187994   4.111404408057677  -70.09519813886926   14.86340095212903  -187.4113324198989   39.36798775976706   171.6829940310111  -36.98317252308042
 -9.578684299333691    2.03673615791293  -12.41163110094686   2.540700182849285   2.990981500415997  -0.668094938698479   16.49356952897557  -3.574471128167084   40.18786626921997  -8.536584098726886  -36.98317252308032   8.352544865163756

cov*(cov_.inverse()):
    0.9999999999999818 -2.187139358511558e-14  2.442490654175344e-15  1.115774139748282e-14  2.427502643342905e-13   3.80112608056038e-14 -3.423927807943983e-13  6.655787032627813e-14  4.973799150320701e-13 -4.218847493575595e-14 -4.618527782440651e-14 -1.110223024625157e-14
-2.486899575160351e-14     0.9999999999999973 -7.105427357601002e-14  7.283063041541027e-14  -1.20792265079217e-13  2.309263891220326e-14  7.105427357601002e-15 -2.486899575160351e-14  2.273736754432321e-13                      0  2.842170943040401e-14  -1.06581410364015e-14
-7.283063041541027e-14 -1.909583602355269e-14     0.9999999999997797  1.509903313490213e-14   1.06581410364015e-13  8.326672684688674e-15 -2.415845301584341e-13  7.549516567451064e-14  5.684341886080801e-13 -1.048050535246148e-13 -2.629008122312371e-13    1.4210854715202e-14
-7.993605777301127e-14  3.108624468950438e-15  8.348877145181177e-14      1.000000000000023  9.015010959956271e-14  -1.84297022087776e-14  3.552713678800501e-14 -2.042810365310288e-14  2.060573933704291e-13 -1.598721155460225e-14  -1.20792265079217e-13  2.842170943040401e-14
 8.704148513061227e-14 -2.797762022055394e-14 -8.348877145181177e-14  2.264854970235319e-14      1.000000000000342 -7.771561172376096e-15 -4.156675004196586e-13  1.101341240428155e-13  4.831690603168681e-13 -1.865174681370263e-14   1.20792265079217e-13 -1.154631945610163e-14
-7.105427357601002e-15  1.953992523340276e-14  7.105427357601002e-14  -1.06581410364015e-14 -1.740829702612245e-13     0.9999999999999398   1.27897692436818e-13 -4.085620730620576e-14 -4.547473508864641e-13  7.105427357601002e-14  9.947598300641403e-14   1.77635683940025e-14
  1.77635683940025e-14 -3.597122599785507e-14   1.06581410364015e-13  3.774758283725532e-14  3.610445276081009e-13  5.351274978693255e-14     0.9999999999992717  1.145750161413162e-13  5.613287612504791e-13 -8.348877145181177e-14  2.131628207280301e-14 -2.486899575160351e-14
  1.77635683940025e-14 -3.552713678800501e-15   1.77635683940025e-14 -7.993605777301127e-15  2.398081733190338e-14   8.43769498715119e-15 -1.989519660128281e-13      1.000000000000051 -2.842170943040401e-14 -3.552713678800501e-15  4.263256414560601e-14  -1.77635683940025e-14
-9.237055564881302e-14 -2.620126338115369e-14 -9.947598300641403e-14  2.842170943040401e-14  2.993161274389422e-13   3.61932706027801e-14  2.415845301584341e-13  7.993605777301127e-15      1.000000000000384  1.172395514004165e-13 -4.973799150320701e-14 -4.796163466380676e-14
 2.486899575160351e-14 -8.881784197001252e-16  -1.77635683940025e-14  3.552713678800501e-15  5.329070518200751e-15  1.554312234475219e-15 -9.947598300641403e-14  2.842170943040401e-14 -2.842170943040401e-14                      1   -1.4210854715202e-14 -3.552713678800501e-15
 1.385558334732195e-13 -7.460698725481052e-14 -1.456612608308205e-13  -1.77635683940025e-15  2.229327833447314e-13  7.172040739078511e-14  8.526512829121202e-14  3.996802888650564e-14  3.907985046680551e-13  7.105427357601002e-15     0.9999999999996021 -1.953992523340276e-14
 5.684341886080801e-14 -3.552713678800501e-15  5.684341886080801e-14  7.105427357601002e-15 -1.225686219186173e-13  4.440892098500626e-15   1.27897692436818e-13 -4.618527782440651e-14  -1.13686837721616e-13                      0  2.842170943040401e-14     0.9999999999999929
