5
1

0.001837602186409398
0.002006331277800869
0.003087634041897578
  0.1140930369198117
   0.574686176771557

  0.5902563928268499   -0.323764123798604   -0.605512325109248   0.4171484980028139 -0.07820573906528086
   0.279658495703597  -0.7528355541870965   0.5802560956305284  -0.1327068102550657  0.02686112671035728
  0.2886455330390684  0.03319852408351484  -0.2779737333612571  -0.6689522381448112   0.6251520782157898
 -0.5809275315672249  -0.3995088586434308  -0.1845300045529582   0.3539623902542425   0.5861528628590184
  0.3906347089438421    0.409519169706168   0.4305078031874656   0.4853756921112489   0.5086964150785409

0.3995142806624491
0.3998117498670606
0.3995031984951834
0.3992530153119208
0.3991922210859524

0.0009802617121698169

  1.954362732614728   0.782297665680567 0.02295834577984224  -2.554827324897263 -0.2022542598075079

-5.522095848904827e-07  1.225903124886281e-06  2.065262629391469e-05   -0.03221735099865516   -0.08231688037040527

cov:
0.05479211868542545 0.05585286689443058 0.05693506573422809 0.05994176495611974 0.06119734811214064
0.05585286689443058 0.05746756159620998 0.05918443744396649 0.06380578488915642 0.06575286367456572
0.05693506573422809 0.05918443744396649 0.06165674964544719 0.06816172282159225  0.0709177127303989
0.05994176495611974 0.06380578488915642 0.06816172282159225 0.07944264297926851 0.08424181282683042
0.06119734811214064 0.06575286367456572  0.0709177127303989 0.08424181282683042 0.08993928557051202

cov.inverse():
 131370.6609582184  -107872.565704211 -73937.36804195606   43428.1437161037  7098.094064629087
-107872.5657043705  171968.2201227481 -51426.76812872169 -17516.52998628385  4634.293320355568
-73937.36804174123 -51426.76812901726  200330.3886354825 -74430.56783870319 -339.9945108185221
  43428.1437160686 -17516.52998610537 -74430.56783887855  102857.0452652916 -54396.06859667994
  7098.09406460927  4634.293320312778 -339.9945107241026 -54396.06859671164  43011.59885159561

cov*(cov_.inverse()):
    0.9999999999996589                      0  -1.20792265079217e-13 -4.547473508864641e-13                      0
-5.115907697472721e-13      1.000000000000682  1.861621967691462e-12 -9.094947017729282e-13                      0
 -1.13686837721616e-13  1.023181539494544e-12      1.000000000000767 -4.547473508864641e-13 -9.094947017729282e-13
 3.410605131648481e-13 -2.842170943040401e-13 -2.842170943040401e-13                      1                      0
-9.094947017729282e-13 -2.273736754432321e-13 -3.446132268436486e-13                      0                      1
