5
1

0.001635759593514659
0.001818149997815669
0.002757015793177973
  0.1045823991570669
  0.5613833073584628

 -0.5842109104115664   0.3041367130577524   0.6215363193245345  -0.4172855983637554  0.07591972790538412
 -0.2968573461085917   0.7607093552642203  -0.5622671976581995   0.1271550098058747 -0.02973541312510537
  0.2836198674886187  0.04056513286818317    -0.27943741613117  -0.6699623105239072   0.6252835146591732
 -0.5740596575413551  -0.3922038392276149  -0.1770587600350144   0.3623631287677603   0.5949578274828595
  0.4007350852704225   0.4163565239964738   0.4337201034756212   0.4791114674755531   0.4983951343396117

0.3993088282821757
0.3995652231485535
0.3993343309070303
 0.399165674582329
0.3991386689260522

0.0007515083021542848

0
0
0
0
0

0

0
0
0
0
0

0

0
0
0
0
0

0

0
0
0
0
0

0

0
0
0
0
0

0

0
0
0
0
0

0

0
0
0
0
0

0

0
0
0
0
0

0

0
0
0
0
0

0

0
0
0
0
0

0

0
0
0
0
0

0

0
0
0
0
0

0

0
0
0
0
0

0

0
0
0
0
0

0

0
0
0
0
0

0

0
0
0
0
0

0

0
0
0
0
0

0

0
0
0
0
0

0

0
0
0
0
0

0

0
0
0
0
0

0

0
0
0
0
0

0

0
0
0
0
0

0

0
0
0
0
0

0

0
0
0
0
0

0

0
0
0
0
0

0

0
0
0
0
0

0

0
0
0
0
0

0

0
0
0
0
0

0

0
0
0
0
0

0

0
0
0
0
0

0

0
0
0
0
0

0

0
0
0
0
0

0

0
0
0
0
0

0

0
0
0
0
0

0

0
0
0
0
0

0

0
0
0
0
0

0

0
0
0
0
0

0

0
0
0
0
0

0

0
0
0
0
0

0

0
0
0
0
0

0

0
0
0
0
0

0

0
0
0
0
0

0

0
0
0
0
0

0

0
0
0
0
0

0

0
0
0
0
0

0

0
0
0
0
0

0

0
0
0
0
0

0

0
0
0
0
0

0

0
0
0
0
0

0

0
0
0
0
0

0

0
0
0
0
0

0

0
0
0
0
0

0

0
0
0
0
0

0

0
0
0
0
0

0

0
0
0
0
0

0

0
0
0
0
0

0

0
0
0
0
0

0

0
0
0
0
0

0

0
0
0
0
0

0

0
0
0
0
0

0

0
0
0
0
0

0

0
0
0
0
0

0

0
0
0
0
0

0

0
0
0
0
0

0

0
0
0
0
0

0

0
0
0
0
0

0

0
0
0
0
0

0

0
0
0
0
0

0

0
0
0
0
0

0

0
0
0
0
0

0

0
0
0
0
0

0

0
0
0
0
0

0

0
0
0
0
0

0

0
0
0
0
0

0

0
0
0
0
0

0

0
0
0
0
0

0

0
0
0
0
0

0

  1.909313155217901  0.8411750838567637 0.01876841791037588  -2.563689446252448 -0.2036948707773299

 5.522186077625115e-07 -8.508322072352198e-07  1.642305403517333e-05   -0.02711916280944119   -0.06502067593935201

cov:
0.05421589720870068  0.0550439819122422 0.05588613253467516 0.05823190763648958 0.05920905125865603
 0.0550439819122422  0.0563169498211698 0.05766923695710244 0.06131207533247893  0.0628450266637912
0.05588613253467516 0.05766923695710244 0.05962964147557966 0.06478725866375512 0.06697101660058068
0.05823190763648958 0.06131207533247893 0.06478725866375512 0.07378236714751345 0.07760869638678054
0.05920905125865603  0.0628450266637912 0.06697101660058068 0.07760869638678054 0.08215742285615704

cov.inverse():
 164827.6752281588 -133183.6936138814 -95629.18965063542  54674.15997335772  9394.601779159282
-133183.6936137599  209857.4892388478 -60227.32955984937 -21757.62653364168  5102.973536843961
-95629.18965081633 -60227.32955963437   250289.023508737 -93934.29414615376 -302.9611794404761
 54674.15997344312 -21757.62653374625  -93934.2941461493  129031.2094647067 -68075.59333585191
 9394.601779133254  5102.973536854863 -302.9611794105053 -68075.59333586674  53891.73068630906

cov*(cov_.inverse()):
    0.9999999999996589 -1.193711796076968e-12  2.344791028008331e-12                      0 -4.547473508864641e-13
-1.932676241267473e-12     0.9999999999994884 -8.100187187665142e-13  9.094947017729282e-13 -4.547473508864641e-13
-2.614797267597169e-12 -2.273736754432321e-13      1.000000000001677  9.094947017729282e-13 -1.364242052659392e-12
-3.524291969370097e-12   1.13686837721616e-13  2.312816604899126e-12     0.9999999999990905 -9.094947017729282e-13
-1.818989403545856e-12  6.252776074688882e-13 -4.938272013532696e-13                      0     0.9999999999990905
