5
2

0.0002268764490595923
 0.001111525339873637
 0.002633116865264143
  0.08001962743570955
   0.5589347725837414

 -0.4077617917880976   0.8083060816883293  -0.4243545817868483 0.009680972482004445  0.01417981493997252
 -0.4940319664035537   0.1703888598172167   0.7859068564153782  -0.1970630694590416  -0.2653612863932994
 0.09166125815915191  0.06815868541905994  0.04339893032239661   -0.796028560474206   0.5927964837200552
 -0.6430481698052866  -0.3621756841040035 -0.04482705776633018   0.3296701216188986   0.5870485252154745
  0.4095729512455029   0.4263708270995937    0.445399449589572    0.467684260210163   0.4830617749971903

 0.400031243731269
0.3999615487249002
0.3998419075500633
 0.399733378249033
0.3996268575605115

0.001717019356404291
   0.400433311942827

   1.190105552678342    8.240419108463305   -8.789436260175046  -0.1941319942098856  -0.4457821315040762
   1.542788811224342   0.3280882407036025  -0.8037753100870816 -0.02118323435560343 -0.04573744585321968

 5.094346422005823e-07 -7.332628713120679e-06  1.244993411090483e-06   -0.02357294069870114   -0.06874024447704735
-1.217977888746036e-09 -1.632902701917932e-06   8.22584573812317e-07  -0.007099263358351539     0.1192679275273804

cov:
 0.0550545933374937 0.05604700073824784 0.05717472978615944 0.05848421299223216 0.05939298741144316
0.05604700073824784 0.05763332489593136 0.05943208508077301 0.06153139185855734 0.06298346851092711
0.05717472978615944 0.05943208508077301 0.06198937644378761 0.06498151740933931 0.06704771816866978
0.05848421299223216 0.06153139185855734 0.06498151740933931 0.06903292172447321 0.07181536276576894
0.05939298741144316 0.06298346851092711 0.06704771816866978 0.07181536276576894 0.07510922464243315

cov.inverse():
 3429060.136951345 -6470490.467311604  3048001.796688815 -8448.581948507343  1557.459648879501
-6470490.467300187  12717440.58511575 -6555044.827367747  117004.4951112994  191871.4806777868
 3048001.796674619 -6555044.827351482  3998672.435404866 -210150.3523469471 -281993.4792068403
-8448.581955787073  117004.4951259799  -210150.352354828  124664.3033641781  -23036.7573783888
 1557.459658938342  191871.4806582578 -281993.4791968903 -23036.75737886989  111639.8006306613

cov*(cov_.inverse()):
     1.000000000002174  4.729372449219227e-11 -6.184563972055912e-11  9.094947017729282e-13  2.728484105318785e-12
-1.664091087150155e-11      0.999999999992724 -4.001776687800884e-11 -6.821210263296962e-13                      0
-2.475530891388189e-11  8.549250196665525e-11     0.9999999999345164  6.821210263296962e-13                      0
-1.473665633966448e-11  4.911271389573812e-11 -4.001776687800884e-11     0.9999999999988631  9.094947017729282e-13
-8.526512829121202e-14 -9.276845958083868e-11   2.91038304567337e-11  2.273736754432321e-13                      1
