6
2

3.722098880909464e-05
5.861184311273596e-05
9.817287510451483e-05
0.0003653023288407015
  0.02292058556346898
   0.5714486999706837

0.0001527012998998189  -0.01798936753320848   -0.4112059342418067    0.8216482413407503   -0.3943061371896983  0.001696071514395129
  0.07537890544257414   -0.6436464590278776    0.6766561718402399    0.1811241305015723    -0.298799934522818   0.00929139305351937
  -0.6592092870519043    0.5254673354824136    0.4063727903727395   0.04791960515189975   -0.3480460571979542   0.02749552620427077
   0.2808547571468471   0.07329728697968554   -0.1308901937594284   -0.3373492613490064   -0.5667689699748734     0.680870237877911
  -0.5622773160735158   -0.3721880403876546   -0.1570024779187944   0.09479782908304137    0.3806372278866391    0.6056394774920449
   0.4058644334975183    0.4066734169963135    0.4075846404177735    0.4086572839950487    0.4098700364665035    0.4108178816343477

0.4026776872729059
 0.402711026078573
0.4027058498224714
0.4026829801502055
0.4026455273232031
0.4026433864694111

0.0004499953772993762
   0.4029210941592135

0
0
0
0
0
0

0
0

0
0
0
0
0
0

0
0

0
0
0
0
0
0

0
0

0
0
0
0
0
0

0
0

0
0
0
0
0
0

0
0

0
0
0
0
0
0

0
0

0
0
0
0
0
0

0
0

0
0
0
0
0
0

0
0

0
0
0
0
0
0

0
0

0
0
0
0
0
0

0
0

0
0
0
0
0
0

0
0

0
0
0
0
0
0

0
0

0
0
0
0
0
0

0
0

0
0
0
0
0
0

0
0

0
0
0
0
0
0

0
0

0
0
0
0
0
0

0
0

0
0
0
0
0
0

0
0

0
0
0
0
0
0

0
0

0
0
0
0
0
0

0
0

0
0
0
0
0
0

0
0

0
0
0
0
0
0

0
0

0
0
0
0
0
0

0
0

0
0
0
0
0
0

0
0

0
0
0
0
0
0

0
0

0
0
0
0
0
0

0
0

0
0
0
0
0
0

0
0

0
0
0
0
0
0

0
0

0
0
0
0
0
0

0
0

0
0
0
0
0
0

0
0

0
0
0
0
0
0

0
0

0
0
0
0
0
0

0
0

0
0
0
0
0
0

0
0

0
0
0
0
0
0

0
0

0
0
0
0
0
0

0
0

0
0
0
0
0
0

0
0

0
0
0
0
0
0

0
0

0
0
0
0
0
0

0
0

0
0
0
0
0
0

0
0

0
0
0
0
0
0

0
0

0
0
0
0
0
0

0
0

0
0
0
0
0
0

0
0

0
0
0
0
0
0

0
0

0
0
0
0
0
0

0
0

0
0
0
0
0
0

0
0

0
0
0
0
0
0

0
0

0
0
0
0
0
0

0
0

0
0
0
0
0
0

0
0

0
0
0
0
0
0

0
0

0
0
0
0
0
0

0
0

0
0
0
0
0
0

0
0

0
0
0
0
0
0

0
0

0
0
0
0
0
0

0
0

0
0
0
0
0
0

0
0

0
0
0
0
0
0

0
0

0
0
0
0
0
0

0
0

0
0
0
0
0
0

0
0

0
0
0
0
0
0

0
0

0
0
0
0
0
0

0
0

0
0
0
0
0
0

0
0

0
0
0
0
0
0

0
0

0
0
0
0
0
0

0
0

0
0
0
0
0
0

0
0

0
0
0
0
0
0

0
0

0
0
0
0
0
0

0
0

0
0
0
0
0
0

0
0

0
0
0
0
0
0

0
0

0
0
0
0
0
0

0
0

0
0
0
0
0
0

0
0

0
0
0
0
0
0

0
0

0
0
0
0
0
0

0
0

0
0
0
0
0
0

0
0

0
0
0
0
0
0

0
0

0
0
0
0
0
0

0
0

0
0
0
0
0
0

0
0

0
0
0
0
0
0

0
0

0
0
0
0
0
0

0
0

0
0
0
0
0
0

0
0

 -0.1672419155421223   0.6205114986841584    1.178224815222707    5.381030510572423   -6.975229942581234 -0.03741884948818015
 -0.1552835072909035    1.721223463440978  -0.1498934219245298   0.3950638024574935  -0.4964087600353412  -0.3145720995399651

  9.24886841394669e-09  1.183045134831056e-08  3.469295827654298e-08  2.611364513677411e-07  -0.001307856048786292  -0.003467491968603918
 7.626036698852873e-10  -3.44919644557175e-09  1.088075623480189e-08  4.812094858548025e-09 -0.0004579979665685915     0.1321263032155012

cov:
0.05395795913955872 0.05400901221635254 0.05406621145437562 0.05413398993681478 0.05421028239216065 0.05426948656394617
0.05400901221635254 0.05407928313808661 0.05415821343897739  0.0542514238975716 0.05435658485364377 0.05443847801258914
0.05406621145437562 0.05415821343897739 0.05426175318025807  0.0543837515661855 0.05452159228034693  0.0546291703899747
0.05413398993681478  0.0542514238975716  0.0543837515661855 0.05453944472778031 0.05471552867828483 0.05485316749749511
0.05421028239216065 0.05435658485364377 0.05452159228034693 0.05471552867828483 0.05493502783442732 0.05510678905791007
0.05426948656394617 0.05443847801258914  0.0546291703899747 0.05485316749749511 0.05510678905791007 0.05530564982510072

cov.inverse():
 47333965.33901422 -49910961.42260205 -13268231.07899989  77135.07492802445  16012462.71310578 -244229.5111008201
-49910961.42833149  149516577.5911104 -99354729.18350056 -42177196.29702214  41815819.22271082   109772.553388634
 -13268231.0954898 -99354729.16539443   272594281.017304 -205849106.4542687  44061910.21611925  1818006.430619012
 77135.12204302156 -42177196.35246598 -205849106.4648029  497940203.6421943 -249904833.6262308  -88639.0171346212
 16012462.68692463  41815819.25747707  44061910.23313916 -249904833.6583294  153190615.3854934 -5175140.645037066
-244229.5098156662   109772.550231066  1818006.425749479 -88639.00389894357 -5175140.651530852  3580297.704118493

cov*(cov_.inverse()):
    0.9999999990686774 -1.924490788951516e-09 -4.511093720793724e-10  3.296918293926865e-09 -1.222360879182816e-09                      0
-3.092281986027956e-10     0.9999999989104253  5.675246939063072e-10  2.849446900654584e-09 -8.731149137020111e-10                      0
-2.200977178290486e-10  1.091393642127514e-11     0.9999999989959178  8.531060302630067e-10 -7.566995918750763e-10 -5.820766091346741e-11
-6.657501216977835e-10  1.728039933368564e-11  2.764863893389702e-10     0.9999999996825863  9.313225746154785e-10 -5.820766091346741e-11
 1.073203748092055e-10 -1.321495801676065e-09  1.178705133497715e-09 -1.105036062654108e-09      1.000000001164153 -5.820766091346741e-11
-2.310116542503238e-10  -3.67435859516263e-10  1.149601303040981e-09 -1.063199306372553e-09 -6.402842700481415e-10                      1
