5 
12 
13 
14 
15 
inputFileName = /Users/demattia/RemoteProjects/extracted_endcaps.root
eventsFractionStartBuild = 0
eventsFractionEndBuild = 0.2
eventsFractionStartTest = 0.8
eventsFractionEndTest = 1
var name = R
var name = z
par name = cotTheta
firstOrderChargeOverPtCoefficientsFileName = 
firstOrderCotThetaCoefficientsFileName = 
2 < pT < 10, pT regions = 1
0 < phi < 0.8, phi regions = 1
-3 < eta < 3, eta regions = 1
-15 < z0 < 15, eta regions = 1
charge regions = 1
endcap regions = 0
Training
Requested running from track number 0 to track number 1000000 for a total of 1000000 tracks.
Analyzed 10% of 1000000 tracks
Analyzed 20% of 1000000 tracks
Analyzed 30% of 1000000 tracks
Analyzed 40% of 1000000 tracks
Analyzed 50% of 1000000 tracks
Analyzed 60% of 1000000 tracks
Analyzed 70% of 1000000 tracks
Analyzed 80% of 1000000 tracks
Analyzed 90% of 1000000 tracks
Analyzed 100% of 1000000 tracks
Evaluating eigenvalues:
geomIndex = 0
Sqrt(eigenvalues) of cov:
 0.0432893 0.045179 0.0555893 0.781474 1.13231 1.32839 1.61719 3.0884 3.69007 7.23401
Analyzed 10% of 1000000 tracks
Analyzed 20% of 1000000 tracks
Analyzed 30% of 1000000 tracks
Analyzed 40% of 1000000 tracks
Analyzed 50% of 1000000 tracks
Analyzed 60% of 1000000 tracks
Analyzed 70% of 1000000 tracks
Analyzed 80% of 1000000 tracks
Analyzed 90% of 1000000 tracks
Analyzed 100% of 1000000 tracks
opening GeometricIndex.txt for writing
Matrices built:
geomIndex = 0

V_0:
-0.0302604 0.00654631   0.185768 -0.0419534  -0.585153   0.120298   0.707756  -0.147115  -0.282683  0.0585183
  0.130894 -0.0277513  -0.670848   0.143469   0.450507 -0.0968943   0.425928 -0.0871506  -0.323704  0.0730573
 -0.558558    0.11835   0.467467 -0.0966007   0.475453 -0.0926925  0.0665704 -0.0163385  -0.444664  0.0952753
  0.790686 -0.0509997   0.429586  0.0556101   0.174047 -0.0521646 -0.0621433  0.0613135  -0.379202  0.0122707
-0.0750476 0.00755552   0.084739   0.416378 -0.0972231  -0.620713   0.198366   0.592932  0.0993173  -0.135063
 0.0723814  0.0278001  -0.165479  -0.739932  -0.136513  -0.381522 -0.0627486   0.261795 -0.0928609   0.416909
-0.0475971 -0.0201299  -0.154472  -0.314876 -0.0495665   0.263867 -0.0502611    0.41192  -0.325349  -0.724004
 0.0722227   0.203292  0.0454831   -0.21807  0.0137215  -0.553023  0.0477172  -0.572797   0.108374   -0.50566
 -0.160713  -0.448837  -0.164455   0.233323  -0.347298  -0.239305  -0.446056  -0.220061  -0.514817  0.0303272
 0.0244835   0.859396   -0.15762   0.207898  -0.216662  0.0354406  -0.249634  0.0207275  -0.269567  0.0957177
corrPV_0:
-0.000109529  0.000146988  0.000102807     0.101761   -0.0368043    0.0668397    0.0564652    -0.208062     0.952698       1.0976
D_0:
   0.115926  -0.0243528 0.000126782 -0.00249936   0.0788698  -0.0206573  -0.0654762   0.0113177   -0.142199    0.026252
opening matrixVD_0.txt for writing
