5
2

0.0001454317338290389
0.0002976997355628021
 0.001660492978384483
  0.08383784501984767
   0.5587774106277795

  -0.1582390890530302     0.611584352323609    -0.724681463015599    0.2752210995829842 -0.003885124770583077
  -0.5529599927399155    0.5599184725939536    0.4225797877755151   -0.4491851698539073   0.01963559584132311
   0.3243685780009993   0.01303764156442925   -0.3086290257979887   -0.6464032286249628     0.617677938707751
  -0.6304787177610707   -0.3627918301387771  -0.05998608336657993    0.2944447682528356    0.6169137886980519
   0.4080162364179957    0.4250505757294774    0.4443117085588604    0.4668524113672414    0.4873301658315771

0.3992551211294584
0.3993207371081819
0.3993527421673616
0.3993788374683527
0.3994162515851851

2.239613923593225e-06
    0.399446126516688

  0.2374713744295174       1.974984650343    5.465473283318511   -7.534427916131953  -0.1437617200467076
   1.469681826512333  -0.2356501877320059   0.4490655423563845  -0.6703568780492551 -0.01266838827055577

 -1.02865123570008e-07  5.907438662800556e-07  8.816137667462777e-06   -0.02460947991278541    -0.0695625079044592
-1.875104027844796e-08 -4.023479160528012e-08  2.097009619105848e-06  -0.007543623113009296     0.1186121602893916

cov:
0.05477384033344648 0.05575735400072755 0.05686898170860883 0.05816965004591968  0.0593505174583055
0.05575735400072755 0.05733551369108876  0.0591195588766461  0.0612072003937339 0.06310266857513284
0.05686898170860883  0.0591195588766461 0.06166424270680276 0.06464207983897495 0.06734591013972395
0.05816965004591968  0.0612072003937339 0.06464207983897495 0.06866192451967117 0.07231199711918128
 0.0593505174583055 0.06310266857513284 0.06734591013972395 0.07231199711918128 0.07682832464690205

cov.inverse():
 4672191.536091573 -8067579.284447948  2748878.611016455  667438.1916790986 -20835.07697238207
-8067579.283459294  21222114.76087458 -18286547.46023155  5117342.999136494  14601.65513952558
 2748878.609152871 -18286547.45756232  26879435.46817598 -11499413.36022941  157599.1133640736
 667438.1925873093  5117342.997357858 -11499413.35932878  6009528.856082833 -294857.0846098485
-20835.07700566312  14601.65523757309  157599.1132691105 -294857.0845796521  143491.5855773727

cov*(cov_.inverse()):
    0.9999999999004103  2.588649294921197e-10 -7.821654435247183e-11  1.309672370553017e-10 -1.818989403545856e-12
-5.752553988713771e-11      1.000000000467026 -1.509761204943061e-10  1.091393642127514e-10 -1.818989403545856e-12
-6.298250809777528e-11  1.519993020338006e-10      1.000000000231012 -9.094947017729282e-11  3.637978807091713e-12
-3.592504072003067e-11  2.414708433207124e-10 -1.527951098978519e-10      1.000000000105501  1.818989403545856e-12
-1.275566319236532e-10  8.026290743146092e-11  3.274180926382542e-11  3.637978807091713e-12                      1
