5
1

0.001974148895786062
0.002245311595488493
0.008016108961187004
 0.09213873282037328
  0.5638805360276535

  0.4449012492912264  -0.8137632836486369   0.3732990550899151  -0.0173650670402965  0.01408781317865771
  0.1342555796802904  0.07400252248238254 -0.05777828931001208  -0.7686663138006856   0.6183145100217431
  0.5017715304207045 -0.09860995003297528  -0.8065697394806242   0.2573362679451018   0.1473930445034729
 -0.6076307558398104  -0.3809794624392437  -0.1127651817764274   0.3444548210562158   0.5952095461155725
  0.4037926615487463   0.4212406340865422   0.4404983017974898   0.4732646975276831   0.4914159000900424

0.4000072328868488
 0.400242038634994
0.3998881778721635
0.3997637826315797
0.3996443273457367

0.001717019356404291

  5.859511536970173 0.04105793434945848  -5.879029442978926  0.6491653009346873 -0.6728010483879565

1.395630974138106e-06 1.080864316578426e-06 0.0004977310637871576  -0.02623236902149487  -0.07306036531348022

cov:
0.05499462035048485 0.05604400894035427 0.05711206559972595 0.05899352818776666 0.06002789659821421
0.05604400894035427 0.05765566467613596 0.05936817726667015 0.06227227556447456 0.06389350264388159
0.05711206559972595 0.05936817726667015 0.06184712268510915 0.06594321953076525 0.06825078840744375
0.05899352818776666 0.06227227556447456 0.06594321953076525 0.07223130788443967 0.07568877627879345
0.06002789659821421 0.06389350264388159 0.06825078840744375 0.07568877627879345  0.0797952860913092

cov.inverse():
 58326.21879628974 -91668.53554573392  34786.52918075824  -20466.8989039416  19183.21434862495
-91668.53554568872  171172.0762100498 -77550.96020588369 -8067.016642433008  5882.335734919865
 34786.52918074155 -77550.96020588759  46544.80795103245  3912.131029117344 -7594.232373522159
-20466.89890407023 -8067.016642205617  3912.131029022246  118321.2271106416 -93722.07859596283
  19183.2143487249  5882.335734741738  -7594.23237344773 -93722.07859595884  76265.79266775031

cov*(cov_.inverse()):
    0.9999999999993179                      0 -7.958078640513122e-13 -9.094947017729282e-13  9.094947017729282e-13
                     0     0.9999999999984652 -2.273736754432321e-13 -1.818989403545856e-12  9.094947017729282e-13
-6.821210263296962e-13   1.70530256582424e-13     0.9999999999998863 -1.818989403545856e-12  9.094947017729282e-13
-4.547473508864641e-13  6.252776074688882e-13 -4.547473508864641e-13     0.9999999999990905                      0
                     0 -6.252776074688882e-13                      0                      0                      1
