5
1

0.001781695616423059
0.002028386697555468
0.007192653716419457
 0.08392628507474134
  0.5545482229687999

  0.4442162293786017  -0.8140106473006253   0.3737037814385635 -0.01561724169289006  0.01265674279976137
  0.1353283819580314  0.07203867423001785 -0.05701303499249653  -0.7686547372672091   0.6183979844480615
  0.5017268214822246 -0.09909341847380111  -0.8064762674659628   0.2574951341493873    0.147454999657786
 -0.6027798952219341  -0.3754794608219008  -0.1070850824537297   0.3503276865653266   0.6012278017181119
   0.411442298645699   0.4259022944437724   0.4418413886334205   0.4689272486791093   0.4839482340182729

0.4000589534871258
0.4002829860385214
0.4000227843424337
0.3999566951727313
0.3998821440404449

0.001134781784811649

0
0
0
0
0

0

0
0
0
0
0

0

0
0
0
0
0

0

0
0
0
0
0

0

0
0
0
0
0

0

0
0
0
0
0

0

0
0
0
0
0

0

0
0
0
0
0

0

0
0
0
0
0

0

0
0
0
0
0

0

0
0
0
0
0

0

0
0
0
0
0

0

0
0
0
0
0

0

0
0
0
0
0

0

0
0
0
0
0

0

0
0
0
0
0

0

0
0
0
0
0

0

0
0
0
0
0

0

0
0
0
0
0

0

0
0
0
0
0

0

0
0
0
0
0

0

0
0
0
0
0

0

0
0
0
0
0

0

0
0
0
0
0

0

0
0
0
0
0

0

0
0
0
0
0

0

0
0
0
0
0

0

0
0
0
0
0

0

0
0
0
0
0

0

0
0
0
0
0

0

0
0
0
0
0

0

0
0
0
0
0

0

0
0
0
0
0

0

0
0
0
0
0

0

0
0
0
0
0

0

0
0
0
0
0

0

0
0
0
0
0

0

0
0
0
0
0

0

0
0
0
0
0

0

0
0
0
0
0

0

0
0
0
0
0

0

0
0
0
0
0

0

0
0
0
0
0

0

0
0
0
0
0

0

0
0
0
0
0

0

0
0
0
0
0

0

0
0
0
0
0

0

0
0
0
0
0

0

0
0
0
0
0

0

0
0
0
0
0

0

0
0
0
0
0

0

0
0
0
0
0

0

0
0
0
0
0

0

0
0
0
0
0

0

0
0
0
0
0

0

0
0
0
0
0

0

0
0
0
0
0

0

0
0
0
0
0

0

0
0
0
0
0

0

0
0
0
0
0

0

0
0
0
0
0

0

0
0
0
0
0

0

0
0
0
0
0

0

0
0
0
0
0

0

0
0
0
0
0

0

0
0
0
0
0

0

0
0
0
0
0

0

0
0
0
0
0

0

0
0
0
0
0

0

0
0
0
0
0

0

0
0
0
0
0

0

0
0
0
0
0

0

0
0
0
0
0

0

0
0
0
0
0

0

0
0
0
0
0

0

0
0
0
0
0

0

0
0
0
0
0

0

  5.871458243923061 0.02629439218011777  -5.870390063814876  0.6287095646045661 -0.6576069455235412

1.189983923909815e-06 9.925238580791588e-07 0.0004005533404576825  -0.02180392423213905  -0.05850480710856916

cov:
 0.0546320622274835 0.05547919423545493 0.05633964576508917 0.05785138273177911 0.05868465794957667
0.05547919423545493 0.05677825630300338 0.05815656720312602 0.06048974441759489 0.06179445674114758
0.05633964576508917 0.05815656720312602 0.06015083097188446 0.06344147091733571 0.06529752672882529
0.05785138273177911 0.06048974441759489 0.06344147091733571 0.06849256537906868 0.07127194659088838
0.05868465794957667 0.06179445674114758 0.06529752672882529 0.07127194659088838 0.07457266110220932

cov.inverse():
 71530.69776922515 -112467.6945479553  42607.52978242909 -24999.95267829794  23490.57289081778
-112467.6945479476  210205.7230051013 -95274.76534556996 -9965.028279749622   7268.25648968635
 42607.52978242659  -95274.7653455734  57357.75741215092  4794.129978295589 -9386.316765831576
-24999.95267832114 -9965.028279702859  4794.129978270229   144978.797641417 -114828.5262387782
 23490.57289083577  7268.256489650696 -9386.316765812164 -114828.5262387799  93469.66515217333

cov*(cov_.inverse()):
   0.9999999999997726 1.364242052659392e-12 2.273736754432321e-13 9.094947017729282e-13 9.094947017729282e-13
                    0     1.000000000000796 7.958078640513122e-13 9.094947017729282e-13 9.094947017729282e-13
                    0 3.410605131648481e-13     1.000000000000796                     0 9.094947017729282e-13
                    0 2.046363078989089e-12 2.273736754432321e-13     1.000000000000909 9.094947017729282e-13
4.547473508864641e-13 1.364242052659392e-12 3.410605131648481e-13                     0     1.000000000000909
