5
2

0.0001453682627150669
0.0002977402157963736
 0.001660861961210586
  0.08383639868162981
   0.5587726236010203

  -0.1583285799680492    0.6116778661810475   -0.7246122901666818    0.2751439997281437 -0.003880353398519483
  -0.5529348905468247    0.5598176723927742    0.4227023043516494   -0.4492266483971668   0.01963060769209619
   0.3243579707984036   0.01303719002428683   -0.3086201075901132   -0.6463978030526037    0.6176936521089127
  -0.6304811277714861   -0.3627853701874402  -0.05997588996461375    0.2944609193437262    0.6169084067381134
   0.4080202469054802    0.4250543124768524    0.4443155552636232    0.4668552719756544    0.4873173010876363

0.3992553570748682
0.3993206598718614
0.3993527818862885
0.3993789977338552
0.3994198450855477

2.239613923593225e-06
    0.399446126516688

0
0
0
0
0

0
0

0
0
0
0
0

0
0

0
0
0
0
0

0
0

0
0
0
0
0

0
0

0
0
0
0
0

0
0

0
0
0
0
0

0
0

0
0
0
0
0

0
0

0
0
0
0
0

0
0

0
0
0
0
0

0
0

0
0
0
0
0

0
0

0
0
0
0
0

0
0

0
0
0
0
0

0
0

0
0
0
0
0

0
0

0
0
0
0
0

0
0

0
0
0
0
0

0
0

0
0
0
0
0

0
0

0
0
0
0
0

0
0

0
0
0
0
0

0
0

0
0
0
0
0

0
0

0
0
0
0
0

0
0

0
0
0
0
0

0
0

0
0
0
0
0

0
0

0
0
0
0
0

0
0

0
0
0
0
0

0
0

0
0
0
0
0

0
0

0
0
0
0
0

0
0

0
0
0
0
0

0
0

0
0
0
0
0

0
0

0
0
0
0
0

0
0

0
0
0
0
0

0
0

0
0
0
0
0

0
0

0
0
0
0
0

0
0

0
0
0
0
0

0
0

0
0
0
0
0

0
0

0
0
0
0
0

0
0

0
0
0
0
0

0
0

0
0
0
0
0

0
0

0
0
0
0
0

0
0

0
0
0
0
0

0
0

0
0
0
0
0

0
0

0
0
0
0
0

0
0

0
0
0
0
0

0
0

0
0
0
0
0

0
0

0
0
0
0
0

0
0

0
0
0
0
0

0
0

0
0
0
0
0

0
0

0
0
0
0
0

0
0

0
0
0
0
0

0
0

0
0
0
0
0

0
0

0
0
0
0
0

0
0

0
0
0
0
0

0
0

0
0
0
0
0

0
0

0
0
0
0
0

0
0

0
0
0
0
0

0
0

0
0
0
0
0

0
0

0
0
0
0
0

0
0

0
0
0
0
0

0
0

0
0
0
0
0

0
0

0
0
0
0
0

0
0

0
0
0
0
0

0
0

0
0
0
0
0

0
0

0
0
0
0
0

0
0

0
0
0
0
0

0
0

0
0
0
0
0

0
0

0
0
0
0
0

0
0

0
0
0
0
0

0
0

0
0
0
0
0

0
0

0
0
0
0
0

0
0

0
0
0
0
0

0
0

0
0
0
0
0

0
0

0
0
0
0
0

0
0

0
0
0
0
0

0
0

0
0
0
0
0

0
0

0
0
0
0
0

0
0

0
0
0
0
0

0
0

0
0
0
0
0

0
0

0
0
0
0
0

0
0

  0.2384311294501466    1.974342970076201    5.464267749901683   -7.533657767696954   -0.143663790123544
   1.469804670162432   -0.236021753560818   0.4494532005438576  -0.6705305656503637 -0.01263647442338814

   -1.027402277011e-07   5.90819977585999e-07  8.820717845173447e-06   -0.02460909355598587   -0.06956127327529146
-1.874833674106568e-08 -4.023597278589065e-08  2.098030047154753e-06  -0.007543423309022483     0.1186113398028677

cov:
0.05477389662342225 0.05575735654281225 0.05686900483895768 0.05816954825603583 0.05934853301362852
0.05575735654281225  0.0573354741222132 0.05911954346318525 0.06120706121155963 0.06310051770112439
0.05686900483895768 0.05911954346318525 0.06166424451557838 0.06464194649627299 0.06734360760374815
0.05816954825603583 0.06120706121155963 0.06464194649627299 0.06866163881128576 0.07230935436219151
0.05934853301362852 0.06310051770112439 0.06734360760374815 0.07230935436219151 0.07682300080099493

cov.inverse():
 4673295.540104926 -8073130.073751718  2756255.600398477  664458.2407262455 -20791.81367398834
-8073130.073829549  21240739.27473319 -18306486.85399019  5124302.198204623   14535.5674398537
 2756255.600555516 -18306486.85422094  26896981.80411509 -11504376.26535566  157547.9076124932
 664458.2406330379  5124302.198388013 -11504376.26544934  6010380.403328424 -294719.9231892068
-20791.81365998862  14535.56740939301   157547.907632444 -294719.9231926964  143432.6255061588

cov*(cov_.inverse()):
     1.000000000003183  2.784190655802377e-10  9.094947017729282e-11 -1.455191522836685e-11 -1.818989403545856e-12
-3.774403012357652e-11        1.0000000004502  9.094947017729282e-12 -3.274180926382542e-11  1.818989403545856e-12
 9.094947017729282e-13  1.423359208274633e-10      1.000000000165528 -9.458744898438454e-11  1.818989403545856e-12
 3.228706191293895e-11  1.903117663459852e-10 -6.912159733474255e-11      1.000000000003638                      0
 2.933120413217694e-11 -1.080024958355352e-10 -4.001776687800884e-11                      0                      1
