5
2

0.1527125724579925
 0.161849565008362
 3.086052513132937
 6.269726868413991
 21.42642414208494

  -0.4059092228608363    0.7750312097130109    0.1034930333835268   -0.4731304723707792 -0.001036784731434915
  0.03335288511957488    0.3801586752928185   -0.8267868868081595    0.4132678707709073 0.0002782882713630335
   0.5310936629508898  -0.03109872199825998   -0.2767771521000277   -0.5683566540113124    0.5633271807572803
  -0.6984553660781337   -0.3125160676217331   -0.1445147309221409   0.05430950494526678     0.625027822815921
    0.253426341607931    0.3951867691848003    0.4563140765580732    0.5285625929030068    0.5403716829730284

88.69380047526784
156.6963089830112
186.0540362366779
220.7069988838944
 263.417025526223

 4.003139634739282
0.1906954891257664

0
0
0
0
0

0
0

0
0
0
0
0

0
0

0
0
0
0
0

0
0

0
0
0
0
0

0
0

0
0
0
0
0

0
0

0
0
0
0
0

0
0

0
0
0
0
0

0
0

0
0
0
0
0

0
0

0
0
0
0
0

0
0

0
0
0
0
0

0
0

0
0
0
0
0

0
0

0
0
0
0
0

0
0

0
0
0
0
0

0
0

0
0
0
0
0

0
0

0
0
0
0
0

0
0

0
0
0
0
0

0
0

0
0
0
0
0

0
0

0
0
0
0
0

0
0

0
0
0
0
0

0
0

0
0
0
0
0

0
0

0
0
0
0
0

0
0

0
0
0
0
0

0
0

0
0
0
0
0

0
0

0
0
0
0
0

0
0

0
0
0
0
0

0
0

0
0
0
0
0

0
0

0
0
0
0
0

0
0

0
0
0
0
0

0
0

0
0
0
0
0

0
0

0
0
0
0
0

0
0

0
0
0
0
0

0
0

0
0
0
0
0

0
0

0
0
0
0
0

0
0

0
0
0
0
0

0
0

0
0
0
0
0

0
0

0
0
0
0
0

0
0

0
0
0
0
0

0
0

0
0
0
0
0

0
0

0
0
0
0
0

0
0

0
0
0
0
0

0
0

0
0
0
0
0

0
0

0
0
0
0
0

0
0

0
0
0
0
0

0
0

0
0
0
0
0

0
0

0
0
0
0
0

0
0

0
0
0
0
0

0
0

0
0
0
0
0

0
0

0
0
0
0
0

0
0

0
0
0
0
0

0
0

0
0
0
0
0

0
0

0
0
0
0
0

0
0

0
0
0
0
0

0
0

0
0
0
0
0

0
0

0
0
0
0
0

0
0

0
0
0
0
0

0
0

0
0
0
0
0

0
0

0
0
0
0
0

0
0

0
0
0
0
0

0
0

0
0
0
0
0

0
0

0
0
0
0
0

0
0

0
0
0
0
0

0
0

0
0
0
0
0

0
0

0
0
0
0
0

0
0

0
0
0
0
0

0
0

0
0
0
0
0

0
0

0
0
0
0
0

0
0

0
0
0
0
0

0
0

0
0
0
0
0

0
0

0
0
0
0
0

0
0

0
0
0
0
0

0
0

0
0
0
0
0

0
0

0
0
0
0
0

0
0

0
0
0
0
0

0
0

0
0
0
0
0

0
0

0
0
0
0
0

0
0

0
0
0
0
0

0
0

0
0
0
0
0

0
0

 -0.03906559862984595    0.0106353758228625   0.01353006491308156   0.01474078101649502 0.0001064464413895435
       1.864496114092   -0.2340199913313211   -0.2970893076462649   -0.3307358354081356 -0.001328869346735498

 0.0004320397732648341 -6.167363369132544e-05    -0.3156266378484054     0.8991513293484914      3.822219523872594
   -0.0189473232467622   0.002152421091024526       12.0661214881094     -47.36757172957317      31.64615974326751

cov:
51.35198721633733 54.39448007375226 55.65642659397262 57.13508190217038 48.55864120072741
54.39448007375226 75.56374434432976 84.63862204974248 95.39221071526929 90.19275634595614
55.65642659397262 84.63862204974248 97.16191365765623 111.9081134761131 108.1668879979046
57.13508190217038 95.39221071526929 111.9081134761131 131.4623768412148 129.4110319520447
48.55864120072741 90.19275634595614 108.1668879979046 129.4110319520447 152.4343409867886

cov.inverse():
    7.149569329245614    -13.00151296508871    -2.866631464385904     8.728757919100481   0.03900665506935878
   -13.00151296508956     31.27658959948463    -8.556903705071004    -9.724123511159517   -0.0367602130894938
   -2.866631464384357    -8.556903705074157      26.5637110546367    -15.12652572689882  -0.03151648490779062
    8.728757919099776     -9.72412351115721    -15.12652572690042     16.15318749984994 -0.006708271683132723
  0.03900665506935926  -0.03676021308948105  -0.03151648490781588 -0.006708271683120677   0.04394389863417127

cov*(cov_.inverse()):
     1.000000000000109  1.332267629550188e-13  1.187938636348917e-13  -1.62980740014973e-13 -4.440892098500626e-16
 1.900701818158268e-13      1.000000000000035  8.970602038971265e-14  3.008704396734174e-14                      0
 2.762234885267389e-13 -6.417089082333405e-13     0.9999999999999725  6.872280522429719e-14   1.77635683940025e-15
 1.509903313490213e-14  2.042810365310288e-14 -3.375077994860476e-14     0.9999999999999026                      0
 5.151434834260726e-14 -2.513544927751354e-13  3.463895836830488e-14 -1.374456104485944e-13     0.9999999999999991
