5
2

0.1526546330458412
0.1617563609946658
 3.084672641715529
 6.268146567634362
 21.41506077438944

  -0.4057655188229005    0.7746475951875917    0.1045117639335766   -0.4736577513105151 -0.001035773827688858
   0.0328468868434348    0.3810831202360163   -0.8266629326595489    0.4127045765371597 0.0002564524813920047
   0.5308884931336687  -0.03130839513253258   -0.2768951964492682   -0.5683252581532173    0.5634826025538746
  -0.6986668828780764   -0.3123485030173715   -0.1443630708919814   0.05446975803428618    0.6248962703157721
   0.2535693601103488    0.3951644667708562    0.4562828518716925    0.5285477400703888    0.5403617948830696

88.69518717155815
156.6962286731226
186.0539102388335
 220.706770523672
263.4173715120094

 4.003139634739282
0.1906954891257664

 -0.03904323888455818   0.01059940839142418   0.01353152869804464   0.01477775399460462 0.0001043953623670931
    1.863844452464892   -0.2328177692244446   -0.2971836221258375   -0.3317574139088755 -0.001256658181868119

 0.0004303609853714848 -6.097344195204781e-05      -0.31539116546157     0.8991137495211495      3.820042796296527
  -0.01888869286849898   0.002125945466990259      12.05490355798598     -47.36132152663897      31.63642455094279

cov:
51.35143768342503 54.36187261475708 55.62266438159601 57.10254497342988 48.53047049417384
54.36187261475708 75.47368903808086 84.53732104027749 95.28212683005104 90.09005575216858
55.62266438159601 84.53732104027749 97.04529108089488 111.7788178910022 108.0435863089545
57.10254497342988 95.28212683005104 111.7788178910022 131.3166949692414 129.2709426794587
48.53047049417384 90.09005575216858 108.0435863089545 129.2709426794587 152.2720504563584

cov.inverse():
    7.148714397187968    -13.00593980826697    -2.870182870794008     8.733163515083731   0.03898246492845553
   -13.00593980826437     31.30389020179992    -8.563362598626494    -9.732476585588007  -0.03705214820933581
   -2.870182870798774    -8.563362598616751     26.59541449588002    -15.14642833290154  -0.03090359401665087
    8.733163515085911    -9.732476585595169    -15.14642833289655     16.17165930701418 -0.007068812264402717
  0.03898246492845352  -0.03705214820933778  -0.03090359401663964 -0.007068812264409963   0.04399310225532423

cov*(cov_.inverse()):
     1.000000000000057 -6.217248937900877e-13  2.353672812205332e-13 -3.721467578543525e-13                      0
-5.728750807065808e-14      1.000000000000032  2.087219286295294e-14 -3.030908857226677e-14                      0
-3.996802888650564e-14 -1.056932319443149e-13      1.000000000000357 -3.435030038190234e-13                      0
-2.220446049250313e-14  1.501021529293212e-13   1.84297022087776e-13     0.9999999999997359                      0
-6.128431095930864e-14  2.069455717901292e-13 -1.554312234475219e-13  2.928768338961163e-13                      1
