5
2

0.1959172010735746
0.1973806898412845
0.2008818925239513
  4.36451415286384
 26.72421497077324

 -0.3333682843301337   0.7692062460800484   -0.538127194569135   0.0854598769969044   0.0174089024079489
 -0.3339126421405316   0.3008529094842788   0.5333722293530914  -0.6907518454510316   0.1906982622744142
  0.4860187214262714 -0.07878283580679099  -0.4725895179272738  -0.4826328113718522   0.5489114538229106
  -0.679316916074901   -0.437845704132456  -0.1616543170551995   0.1626145553887575   0.5424426744462251
  0.2822804711260961   0.3462566706957117   0.4200716804817349    0.506142838725085   0.6064513695953817

133.4599773313536
159.7381675046674
190.1012494613425
225.4463744067945
266.6293796125919

 4.852182171420054
-1.866457131833376

0
0
0
0
0

0
0

0
0
0
0
0

0
0

0
0
0
0
0

0
0

0
0
0
0
0

0
0

0
0
0
0
0

0
0

0
0
0
0
0

0
0

0
0
0
0
0

0
0

0
0
0
0
0

0
0

0
0
0
0
0

0
0

0
0
0
0
0

0
0

0
0
0
0
0

0
0

0
0
0
0
0

0
0

0
0
0
0
0

0
0

0
0
0
0
0

0
0

0
0
0
0
0

0
0

0
0
0
0
0

0
0

0
0
0
0
0

0
0

0
0
0
0
0

0
0

0
0
0
0
0

0
0

0
0
0
0
0

0
0

0
0
0
0
0

0
0

0
0
0
0
0

0
0

0
0
0
0
0

0
0

0
0
0
0
0

0
0

0
0
0
0
0

0
0

0
0
0
0
0

0
0

0
0
0
0
0

0
0

0
0
0
0
0

0
0

0
0
0
0
0

0
0

0
0
0
0
0

0
0

0
0
0
0
0

0
0

0
0
0
0
0

0
0

0
0
0
0
0

0
0

0
0
0
0
0

0
0

0
0
0
0
0

0
0

0
0
0
0
0

0
0

0
0
0
0
0

0
0

0
0
0
0
0

0
0

0
0
0
0
0

0
0

0
0
0
0
0

0
0

0
0
0
0
0

0
0

0
0
0
0
0

0
0

0
0
0
0
0

0
0

0
0
0
0
0

0
0

0
0
0
0
0

0
0

0
0
0
0
0

0
0

0
0
0
0
0

0
0

0
0
0
0
0

0
0

0
0
0
0
0

0
0

0
0
0
0
0

0
0

0
0
0
0
0

0
0

0
0
0
0
0

0
0

0
0
0
0
0

0
0

0
0
0
0
0

0
0

0
0
0
0
0

0
0

0
0
0
0
0

0
0

0
0
0
0
0

0
0

0
0
0
0
0

0
0

0
0
0
0
0

0
0

0
0
0
0
0

0
0

0
0
0
0
0

0
0

0
0
0
0
0

0
0

0
0
0
0
0

0
0

0
0
0
0
0

0
0

0
0
0
0
0

0
0

0
0
0
0
0

0
0

0
0
0
0
0

0
0

0
0
0
0
0

0
0

0
0
0
0
0

0
0

0
0
0
0
0

0
0

0
0
0
0
0

0
0

0
0
0
0
0

0
0

0
0
0
0
0

0
0

0
0
0
0
0

0
0

0
0
0
0
0

0
0

0
0
0
0
0

0
0

0
0
0
0
0

0
0

 -0.02954925845246342   -0.0136987715089412 2.355640503929213e-05   0.01398737488825343   0.02937036008791329
    1.371917089394455    0.7651985728447095    0.2310000044428245   -0.3689760877219144    -1.005224475901018

 3.867502333601786e-05  6.612112132827401e-05 -0.0001582841681649659     0.8433697329536581      8.439315905618278
 -0.001615871243039755   -0.00161691727322176   0.004988723225440465     -36.37641715198472     -33.65040030197116

cov:
65.71647593605699 75.45593186039321 86.76902683943977 99.93259385872361 115.2493505079443
75.45593186039321 89.30445576000307 105.2200327697474 123.8041690787071  145.446632186596
86.76902683943977 105.2200327697474 126.5540058196457 151.3394072308608 180.2632281034871
99.93259385872361 123.8041690787071 151.3394072308608 183.4919714985959 220.8839309501008
115.2493505079443  145.446632186596 180.2632281034871 220.8839309501008 268.2834368014903

cov.inverse():
   11.6352340977861  -10.19237348623392  -5.583660651269554 -0.6403469591661946   4.806350653998405
 -10.19237348623268   17.90219911740323  -5.738661004525949  -2.682796168672505  0.7376749670561732
 -5.583660651274031  -5.738661004520627   20.38278620325617  -5.003759935053554  -4.065977787812117
 -0.640346959161104  -2.682796168678383  -5.003759935054216   18.21150636682094  -9.902333104237481
  4.806350653996556  0.7376749670579692  -4.065977787810616  -9.902333104238922   8.423894666103346

cov*(cov_.inverse()):
    0.9999999999997726  8.526512829121202e-14   1.13686837721616e-13                      0 -2.273736754432321e-13
 -1.13686837721616e-13     0.9999999999998579                      0                      0 -4.547473508864641e-13
 -1.13686837721616e-13  3.410605131648481e-13      1.000000000000227  2.273736754432321e-13                      0
-2.273736754432321e-13   1.70530256582424e-13                      0                      1                      0
-2.273736754432321e-13  2.557953848736361e-13                      0                      0     0.9999999999995453
