5
2

0.1958100379630362
0.1972726814004986
0.2007572439556763
 4.362068471671265
 26.71102000946923

 -0.3351861373675509   0.7714598886331228  -0.5346805549067882  0.07882913581749248  0.02006402496079676
 -0.3308429880482189   0.2944400862498056    0.537407806080106   -0.691786712223894    0.190976301208176
  0.4869638139048154 -0.08049482024385926  -0.4719288318601442  -0.4822864129156305   0.5486982972793695
 -0.6792547242736793  -0.4379086703765175  -0.1616841953079427   0.1626159170859914   0.5424604137251521
  0.2822630582898009   0.3462820471268417   0.4200606537340518   0.5061353490559403   0.6064588736122788

133.4588437829109
159.7372303250906
190.0998815186659
225.4449017024141
266.6279656270515

 4.852182171420054
-1.866457131833376

  -0.0295561577539645  -0.01371005268840836 8.602538918873852e-06   0.01399830328628818    0.0293904984758187
    1.372518289837115    0.7655419631343056    0.2314517499145743   -0.3689485019088177    -1.006058986381571

 3.905567768593361e-05  6.519799825847913e-05 -0.0001579060117921294     0.8428873836951649      8.435187473239196
 -0.001628996113376723  -0.001603266312252933   0.004974730823813352     -36.35598415536178     -33.63541905634703

cov:
65.64180657672067 75.38178940009576 86.67584348676324  99.8265942402769 115.1308931835926
75.38178940009576  89.2293846581036 105.1212986829053 123.6892358938305 145.3156778042334
86.67584348676324 105.1212986829053 126.4225702470501 151.1837382171282 180.0826055718765
 99.8265942402769 123.6892358938305 151.1837382171282 183.3053476234147 220.6651817209981
115.1308931835926 145.3156778042334 180.0826055718765 220.6651817209981 268.0246837453203

cov.inverse():
  11.6509116932685 -10.20412770239619 -5.590566850213873 -0.640805951753878   4.81152426935733
-10.20412770239702  17.92105463246014 -5.745689671515329  -2.68818554277104 0.7405581121461202
-5.590566850214466  -5.74568967151704  20.40503852433807 -5.006149534539601 -4.071728947903823
-0.640805951750635 -2.688185542770487 -5.006149534546006  18.23236059544108 -9.914440002338178
 4.811524269355506 0.7405581121464654 -4.071728947899738 -9.914440002340788  8.433736179019858

cov*(cov_.inverse()):
     1.000000000000114   1.13686837721616e-13 -4.547473508864641e-13                      0   1.13686837721616e-13
  1.13686837721616e-13      1.000000000000128  -1.13686837721616e-13  2.273736754432321e-13 -2.273736754432321e-13
 -1.13686837721616e-13   -1.4210854715202e-13     0.9999999999997726  6.821210263296962e-13 -2.273736754432321e-13
 2.273736754432321e-13  8.526512829121202e-14 -5.684341886080801e-13                      1  4.547473508864641e-13
 2.273736754432321e-13  5.684341886080801e-14                      0                      0                      1
