5
1

0.001634131623601878
0.001687723137654076
 0.00176483409976827
 0.08425289431448332
  0.5772182755081735

 -0.1058824135051768 -0.01762801280161206   0.5853754766291058  -0.7501774314325329   0.2881797015848263
 -0.1662985385983463  -0.3798641934763561   0.6713393350530992   0.3670284349615165  -0.4925866580762963
  0.6350851398088053  -0.7357315568461507 -0.07347695511010981 -0.04562210911080484   0.2188280185049403
 -0.6294040526259301  -0.3703346908964071 -0.06660986501448568   0.2830375198133107   0.6181873854402083
  0.4020585956082262   0.4206468122530181   0.4436251926144508    0.469395712418849   0.4942362781904093

0.3997011234613515
0.3995456767461577
0.3995069237604612
0.3995098700694272
0.3994944361496293

1.439307650661447e-05

0
0
0
0
0

0

0
0
0
0
0

0

0
0
0
0
0

0

0
0
0
0
0

0

0
0
0
0
0

0

0
0
0
0
0

0

0
0
0
0
0

0

0
0
0
0
0

0

0
0
0
0
0

0

0
0
0
0
0

0

0
0
0
0
0

0

0
0
0
0
0

0

0
0
0
0
0

0

0
0
0
0
0

0

0
0
0
0
0

0

0
0
0
0
0

0

0
0
0
0
0

0

0
0
0
0
0

0

0
0
0
0
0

0

0
0
0
0
0

0

0
0
0
0
0

0

0
0
0
0
0

0

0
0
0
0
0

0

0
0
0
0
0

0

0
0
0
0
0

0

0
0
0
0
0

0

0
0
0
0
0

0

0
0
0
0
0

0

0
0
0
0
0

0

0
0
0
0
0

0

0
0
0
0
0

0

0
0
0
0
0

0

0
0
0
0
0

0

0
0
0
0
0

0

0
0
0
0
0

0

0
0
0
0
0

0

0
0
0
0
0

0

0
0
0
0
0

0

0
0
0
0
0

0

0
0
0
0
0

0

0
0
0
0
0

0

0
0
0
0
0

0

0
0
0
0
0

0

0
0
0
0
0

0

0
0
0
0
0

0

0
0
0
0
0

0

0
0
0
0
0

0

0
0
0
0
0

0

0
0
0
0
0

0

0
0
0
0
0

0

0
0
0
0
0

0

0
0
0
0
0

0

0
0
0
0
0

0

0
0
0
0
0

0

0
0
0
0
0

0

0
0
0
0
0

0

0
0
0
0
0

0

0
0
0
0
0

0

0
0
0
0
0

0

0
0
0
0
0

0

0
0
0
0
0

0

0
0
0
0
0

0

0
0
0
0
0

0

0
0
0
0
0

0

0
0
0
0
0

0

0
0
0
0
0

0

0
0
0
0
0

0

0
0
0
0
0

0

0
0
0
0
0

0

0
0
0
0
0

0

0
0
0
0
0

0

0
0
0
0
0

0

0
0
0
0
0

0

0
0
0
0
0

0

0
0
0
0
0

0

0
0
0
0
0

0

0
0
0
0
0

0

  1.754126738602026    1.11067933074671 0.02392677972117484 -0.9644827947598423  -1.922846745742864

-5.847149056614244e-08 -2.973084016900694e-07  -2.54375960534422e-07   -0.02114399536296263   -0.07329471942476699

cov:
0.05667252161182461 0.05800244674679079 0.05972423327031535 0.06161480987020333 0.06344564410225116
0.05800244674679079 0.05992992963953118 0.06234925693244206 0.06504219540723326  0.0676428580079364
0.05972423327031535 0.06234925693244206 0.06560482285566001 0.06924589688207429  0.0727589664989676
0.06161480987020333 0.06504219540723326 0.06924589688207429 0.07398109343833004 0.07853635353318258
0.06344564410225116  0.0676428580079364  0.0727589664989676 0.07853635353318258 0.08409975367060363

cov.inverse():
 143459.5254301662 -127108.1690473972 -77381.00822906265 -1010.243461138818  61897.69449746372
-127108.1690472241  224587.4363489904 -76033.56652665616 -33232.25314713711  12066.47161048992
-77381.00822924208 -76033.56652623108  288282.2164461198  -76867.5583533429 -58092.94943906237
-1010.243461282784 -33232.25314736021 -76867.55835275861  258716.5890611792 -147608.4379622789
 61897.69449761424  12066.47161046099 -58092.94943940146 -147608.4379620614  131713.3668678047

cov*(cov_.inverse()):
    0.9999999999990905  7.958078640513122e-13  4.547473508864641e-13                      0                      0
                     0      1.000000000000568 -1.364242052659392e-12  1.818989403545856e-12                      0
-2.728484105318785e-12  9.094947017729282e-13      1.000000000003638 -3.637978807091713e-12                      0
-2.728484105318785e-12  2.160049916710705e-12  2.728484105318785e-12      1.000000000001819                      0
-2.728484105318785e-12                      0                      0                      0                      1
