6
2

0.1365758575884824
0.1616862043826606
0.1633746389764436
 3.119917149088412
 6.820945240551308
 22.67754031688683

    0.5890320911569288    -0.6564849681647938    -0.3105267957790865    0.02498566147700203     0.3535767903774922  0.0009804545102462849
 -0.003635688053586355     0.1844074322407246     -0.631915961999172     0.7077071379331754    -0.2565414266144562 -3.203862482428656e-05
   0.03855863036728083     0.5224536124682402    -0.5515337460609154    -0.4637627798444463     0.4541912468684629  0.0006140831555490759
     0.461297074967122     0.1242969030473968   -0.07158687014842882    -0.3044044495350889    -0.5806733455509827     0.5803335294568327
   -0.6139884743277415    -0.3711436354288116    -0.2300430622869008    -0.0631014357667477     0.1344057775775194     0.6405497955077344
    0.2485243879448092     0.3299489204414072     0.3768572177176193     0.4322112302767668      0.497628188234402     0.5028992092333545

88.69473285306043
131.8196434180905
156.6979897352378
186.0559911246308
220.7093558362922
263.4176920224791

 4.003187385813665
0.1905764352999602

0
0
0
0
0
0

0
0

0
0
0
0
0
0

0
0

0
0
0
0
0
0

0
0

0
0
0
0
0
0

0
0

0
0
0
0
0
0

0
0

0
0
0
0
0
0

0
0

0
0
0
0
0
0

0
0

0
0
0
0
0
0

0
0

0
0
0
0
0
0

0
0

0
0
0
0
0
0

0
0

0
0
0
0
0
0

0
0

0
0
0
0
0
0

0
0

0
0
0
0
0
0

0
0

0
0
0
0
0
0

0
0

0
0
0
0
0
0

0
0

0
0
0
0
0
0

0
0

0
0
0
0
0
0

0
0

0
0
0
0
0
0

0
0

0
0
0
0
0
0

0
0

0
0
0
0
0
0

0
0

0
0
0
0
0
0

0
0

0
0
0
0
0
0

0
0

0
0
0
0
0
0

0
0

0
0
0
0
0
0

0
0

0
0
0
0
0
0

0
0

0
0
0
0
0
0

0
0

0
0
0
0
0
0

0
0

0
0
0
0
0
0

0
0

0
0
0
0
0
0

0
0

0
0
0
0
0
0

0
0

0
0
0
0
0
0

0
0

0
0
0
0
0
0

0
0

0
0
0
0
0
0

0
0

0
0
0
0
0
0

0
0

0
0
0
0
0
0

0
0

0
0
0
0
0
0

0
0

0
0
0
0
0
0

0
0

0
0
0
0
0
0

0
0

0
0
0
0
0
0

0
0

0
0
0
0
0
0

0
0

0
0
0
0
0
0

0
0

0
0
0
0
0
0

0
0

0
0
0
0
0
0

0
0

0
0
0
0
0
0

0
0

0
0
0
0
0
0

0
0

0
0
0
0
0
0

0
0

0
0
0
0
0
0

0
0

0
0
0
0
0
0

0
0

0
0
0
0
0
0

0
0

0
0
0
0
0
0

0
0

0
0
0
0
0
0

0
0

0
0
0
0
0
0

0
0

0
0
0
0
0
0

0
0

0
0
0
0
0
0

0
0

0
0
0
0
0
0

0
0

0
0
0
0
0
0

0
0

0
0
0
0
0
0

0
0

0
0
0
0
0
0

0
0

0
0
0
0
0
0

0
0

0
0
0
0
0
0

0
0

0
0
0
0
0
0

0
0

0
0
0
0
0
0

0
0

0
0
0
0
0
0

0
0

0
0
0
0
0
0

0
0

0
0
0
0
0
0

0
0

0
0
0
0
0
0

0
0

0
0
0
0
0
0

0
0

0
0
0
0
0
0

0
0

0
0
0
0
0
0

0
0

0
0
0
0
0
0

0
0

0
0
0
0
0
0

0
0

0
0
0
0
0
0

0
0

0
0
0
0
0
0

0
0

0
0
0
0
0
0

0
0

0
0
0
0
0
0

0
0

0
0
0
0
0
0

0
0

0
0
0
0
0
0

0
0

  -0.0433249793293748  0.007365647304055568  0.009778313779158932   0.01244319402500495   0.01358824175922064 0.0001014473621482668
    1.946778691579032   -0.1414858867442433   -0.2187470351396595   -0.2759205490768932   -0.3082456598425344 -0.001215428571716998

-0.0005274346026156505  1.717324142357715e-05 -7.511939294393225e-05    -0.3055405343293358      1.057242105011475      3.877087646217035
   0.02222764774049575 -0.0002910255622624696    0.00292937072336047      11.27565807138246     -51.98105520697317       41.8840377551076

cov:
51.38063947281643 53.32390387354783 54.41173473095296 55.67586268026691  57.1588793958883  48.5828568766713
53.32390387354783 62.56210466680384 67.82504012794848 74.05689487245662 81.41645174421933 74.97490087995375
54.41173473095296 67.82504012794848 75.56979444383923 84.64789099894853 95.40527160516152 90.20513305368716
55.67586268026691 74.05689487245662 84.64789099894853 97.17522063209506 111.9253867675516 108.1811409157979
 57.1588793958883 81.41645174421933 95.40527160516152 111.9253867675516 131.4829677035341  129.425163919296
 48.5828568766713 74.97490087995375 90.20513305368716 108.1811409157979  129.425163919296 152.4307715629386

cov.inverse():
    18.68702431988344    -19.99074422914268    -10.51500795946196  0.007243140790605401     11.82817178939372    0.0511451010462094
   -19.99074422915197     34.63681385119875    -4.323146934280488     -4.96800556096149    -5.371501271080002  -0.02008933587435048
   -10.51500795944975    -4.323146934298776     31.84275131163621    -7.936873763805255    -9.066255318992665  -0.03530349744328558
  0.00724314079177983    -4.968005560962818    -7.936873763805829     27.25983578886159    -14.34448046246631  -0.02881843116858294
    11.82817178938959    -5.371501271069644    -9.066255318998179    -14.34448046246703     16.98397390873518 -0.002933655016832893
  0.05114510104620808  -0.02008933587432638  -0.03530349744331098  -0.02881843116859267 -0.002933655016820532   0.04397587837357302

cov*(cov_.inverse()):
     1.000000000000039  1.694200335577989e-13  3.153033389935445e-14  -9.85878045867139e-14  3.391731340229853e-14 -8.881784197001252e-16
 1.247890679678676e-13     0.9999999999999578  9.059419880941277e-14    2.1271873151818e-13  1.512123759539463e-13 -8.881784197001252e-16
 4.334310688136611e-13 -6.969980148596733e-13      1.000000000000092 -9.547918011776346e-14  2.984834601704733e-13  4.440892098500626e-16
 1.012523398458143e-13  -2.34035013590983e-13 -1.096900348329655e-13      1.000000000000072 -1.160738172245601e-13  8.881784197001252e-16
 9.769962616701378e-14 -3.645972412869014e-13 -3.783640067922533e-13  9.814371537686384e-14     0.9999999999999893                      0
 4.432010314303625e-13 -2.517985819849855e-13 -4.529709940470639e-14 -2.629008122312371e-13  7.892020370547925e-13                      1
