5
2

0.4646857013192818
 3.176600951539261
 4.863417223251673
  15.8407615782951
 38.92290030284326

-0.01490632965731333  -0.6130156604159424   0.7799696304127623  -0.1061231220989804 -0.06614272454848469
 -0.0306025648387357   0.4064919041203137   0.2374092159702151   -0.812449845767983   0.3426221347109978
 0.09302905104837304  -0.5874024130279754  -0.4218178012292567  -0.1379729397153576   0.6703261976846561
  -0.992414490303544 -0.08240315739435075 -0.08696981337743297 -0.02705875501593011 0.005222492228927561
 0.07280356761886521  -0.3273289733430284    -0.38702743305016  -0.5557827118135609  -0.6548822238142766

83.44283411614119
136.9987060579354
163.1832746226522
230.7432042813542
273.9660537873995

  3.809429209084323
-0.7767967083449475

0
0
0
0
0

0
0

0
0
0
0
0

0
0

0
0
0
0
0

0
0

0
0
0
0
0

0
0

0
0
0
0
0

0
0

0
0
0
0
0

0
0

0
0
0
0
0

0
0

0
0
0
0
0

0
0

0
0
0
0
0

0
0

0
0
0
0
0

0
0

0
0
0
0
0

0
0

0
0
0
0
0

0
0

0
0
0
0
0

0
0

0
0
0
0
0

0
0

0
0
0
0
0

0
0

0
0
0
0
0

0
0

0
0
0
0
0

0
0

0
0
0
0
0

0
0

0
0
0
0
0

0
0

0
0
0
0
0

0
0

0
0
0
0
0

0
0

0
0
0
0
0

0
0

0
0
0
0
0

0
0

0
0
0
0
0

0
0

0
0
0
0
0

0
0

0
0
0
0
0

0
0

0
0
0
0
0

0
0

0
0
0
0
0

0
0

0
0
0
0
0

0
0

0
0
0
0
0

0
0

0
0
0
0
0

0
0

0
0
0
0
0

0
0

0
0
0
0
0

0
0

0
0
0
0
0

0
0

0
0
0
0
0

0
0

0
0
0
0
0

0
0

0
0
0
0
0

0
0

0
0
0
0
0

0
0

0
0
0
0
0

0
0

0
0
0
0
0

0
0

0
0
0
0
0

0
0

0
0
0
0
0

0
0

0
0
0
0
0

0
0

0
0
0
0
0

0
0

0
0
0
0
0

0
0

0
0
0
0
0

0
0

0
0
0
0
0

0
0

0
0
0
0
0

0
0

0
0
0
0
0

0
0

0
0
0
0
0

0
0

0
0
0
0
0

0
0

0
0
0
0
0

0
0

0
0
0
0
0

0
0

0
0
0
0
0

0
0

0
0
0
0
0

0
0

0
0
0
0
0

0
0

0
0
0
0
0

0
0

0
0
0
0
0

0
0

0
0
0
0
0

0
0

0
0
0
0
0

0
0

0
0
0
0
0

0
0

0
0
0
0
0

0
0

0
0
0
0
0

0
0

0
0
0
0
0

0
0

0
0
0
0
0

0
0

0
0
0
0
0

0
0

0
0
0
0
0

0
0

0
0
0
0
0

0
0

0
0
0
0
0

0
0

0
0
0
0
0

0
0

0
0
0
0
0

0
0

0
0
0
0
0

0
0

0
0
0
0
0

0
0

0
0
0
0
0

0
0

0
0
0
0
0

0
0

0
0
0
0
0

0
0

0
0
0
0
0

0
0

 0.04354724221055593  -0.2242811596770524   0.1698820983719102  0.00603185138195726 0.006552060239114574
 0.03913190172560013    4.986534962105295   -3.791881654864793  -0.1292989871217199  -0.1405056498907349

0.05792788681848565 -0.5532303127454222    1.60117683270799  -9.946615803799366   4.835638928741627
 -1.293857430691946   11.93205567772445   -33.1689256785322  -29.40825437350463   3.106627542465162

cov:
 255.3815084811388 -16.99887003510295 -22.03412161355622 -54.61509852434555 -72.16257876015183
-16.99887003510295   173.936306280135   200.456723652253  274.7710915445422  316.7494534145985
-22.03412161355622   200.456723652253  233.7376662529716   325.882473339727   377.993677193874
-54.61509852434555  274.7710915445422   325.882473339727  475.2697337296397  546.3846331162609
-72.16257876015183  316.7494534145985   377.993677193874  546.3846331162609  661.5562341153324

cov.inverse():
0.005416167877863794  0.03908493601122354 -0.05589675492408257 0.009327498718011709 0.006111242380168775
 0.03908493601122332    1.771362033012385   -2.194118936848013   0.2721020715201093   0.1850684829584126
-0.05589675492408237   -2.194118936848015    2.830561016225188  -0.3998295466263133   -0.242641696398195
0.009327498718011662   0.2721020715201086   -0.399829546626312   0.1185808593653023 0.001250377719020469
0.006111242380168795    0.185068482958414  -0.2426416963981967 0.001250377719020834  0.05117403530231522

cov*(cov_.inverse()):
                     1                      0                      0  4.024558464266192e-16                      0
-1.332267629550188e-15      1.000000000000007   1.27897692436818e-13 -1.965094753586527e-14  -1.06581410364015e-14
-1.332267629550188e-15    1.4210854715202e-14      1.000000000000028 -6.605826996519681e-15 -3.552713678800501e-15
-3.108624468950438e-15 -5.684341886080801e-14  3.410605131648481e-13     0.9999999999999577 -2.486899575160351e-14
 8.881784197001252e-16                      0                      0  4.107825191113079e-15     0.9999999999999929
