5
1

0.001393208295982978
0.001988917217980363
0.003916827462926159
 0.07446638577173965
  0.5486863936765685

 -0.0430806110308128  0.03162761995545944   0.3429596979154632  -0.8078954607991071   0.4762639232978888
 -0.6379757966632097   0.4269695936122263   0.5220112402679332  0.05566117506523184  -0.3675458442519041
  0.1836520598117499  -0.7074112494553875   0.6381060698141419   0.1046224432018836  -0.2184399988914285
 -0.6198475866543803  -0.3626892886750688 -0.07386896835666544   0.3420739526192788   0.6014767124772655
  0.4161632300802141   0.4297935129930467   0.4441249033998647   0.4650229169927521   0.4781134373450628

0.3973406946744028
0.3972751413576603
0.3969863465825463
0.3965620202189648
0.3962811277893517

0.004684315904832796

0
0
0
0
0

0

0
0
0
0
0

0

0
0
0
0
0

0

0
0
0
0
0

0

0
0
0
0
0

0

0
0
0
0
0

0

0
0
0
0
0

0

0
0
0
0
0

0

0
0
0
0
0

0

0
0
0
0
0

0

0
0
0
0
0

0

0
0
0
0
0

0

0
0
0
0
0

0

0
0
0
0
0

0

0
0
0
0
0

0

0
0
0
0
0

0

0
0
0
0
0

0

0
0
0
0
0

0

0
0
0
0
0

0

0
0
0
0
0

0

0
0
0
0
0

0

0
0
0
0
0

0

0
0
0
0
0

0

0
0
0
0
0

0

0
0
0
0
0

0

0
0
0
0
0

0

0
0
0
0
0

0

0
0
0
0
0

0

0
0
0
0
0

0

0
0
0
0
0

0

0
0
0
0
0

0

0
0
0
0
0

0

0
0
0
0
0

0

0
0
0
0
0

0

0
0
0
0
0

0

0
0
0
0
0

0

0
0
0
0
0

0

0
0
0
0
0

0

0
0
0
0
0

0

0
0
0
0
0

0

0
0
0
0
0

0

0
0
0
0
0

0

0
0
0
0
0

0

0
0
0
0
0

0

0
0
0
0
0

0

0
0
0
0
0

0

0
0
0
0
0

0

0
0
0
0
0

0

0
0
0
0
0

0

0
0
0
0
0

0

0
0
0
0
0

0

0
0
0
0
0

0

0
0
0
0
0

0

0
0
0
0
0

0

0
0
0
0
0

0

0
0
0
0
0

0

0
0
0
0
0

0

0
0
0
0
0

0

0
0
0
0
0

0

0
0
0
0
0

0

0
0
0
0
0

0

0
0
0
0
0

0

0
0
0
0
0

0

0
0
0
0
0

0

0
0
0
0
0

0

0
0
0
0
0

0

0
0
0
0
0

0

0
0
0
0
0

0

0
0
0
0
0

0

0
0
0
0
0

0

0
0
0
0
0

0

0
0
0
0
0

0

0
0
0
0
0

0

0
0
0
0
0

0

0
0
0
0
0

0

0
0
0
0
0

0

0
0
0
0
0

0

  5.943753808970142  -7.541823694827871   5.330745201155786 -0.2414581862403779  -3.487694337712146

-2.568947142001805e-07 -1.171287707446091e-05  0.0001620821829160758   -0.01953601676774981   -0.05423102088761143

cov:
0.05427324666300525 0.05509185753742527  0.0558982099619396  0.0570865849058628 0.05783510978529988
0.05509185753742527 0.05634978739978114 0.05760885971758372 0.05948128756478723  0.0606562586459749
 0.0558982099619396 0.05760885971758372 0.05942033264332439 0.06203720847698001 0.06367806152546991
 0.0570865849058628 0.05948128756478723 0.06203720847698001 0.06575273551861199 0.06807481723655334
0.05783510978529988  0.0606562586459749 0.06367806152546991 0.06807481723655334 0.07082713734941128

cov.inverse():
 106114.9372563779 -77989.29618076578 -84152.40610406776  10169.01451353361  46024.42348503077
-77989.29618076186  79244.10858273758  32513.57072254644  -12002.1844361939 -21877.01413057635
-84152.40610406788  32513.57072258591  156025.2841399761 -131053.8781538889  26556.11000719578
 10169.01451351953 -12002.18443627829 -131053.8781537438  337780.8372516059 -204854.1117993135
 46024.42348504103 -21877.01413052755  26556.11000709006 -204854.1117992667  154185.4614644275

cov*(cov_.inverse()):
    0.9999999999986358 -2.273736754432321e-13  9.094947017729282e-13  1.818989403545856e-12                      0
-9.094947017729282e-13      1.000000000000227 -2.273736754432321e-13  1.818989403545856e-12 -1.818989403545856e-12
-1.364242052659392e-12                      0      1.000000000001137  1.818989403545856e-12  1.818989403545856e-12
-1.818989403545856e-12 -2.273736754432321e-13  2.046363078989089e-12      1.000000000001819  1.818989403545856e-12
-9.094947017729282e-13 -4.547473508864641e-13 -2.273736754432321e-13                      0                      1
