5
2

0.0002167975371594588
0.0005936736900041655
0.0007052391902601928
  0.09046739062029184
   0.5634681790080668

   0.3760497616071557   -0.7998567048338667    0.4664260072064524 -0.008066949774739202  -0.03460538470076521
 -0.06876637639124079    0.1066244182453953    0.2620966820297666   -0.8096187398884437    0.5096324599182093
  -0.5590801387038182    0.1690253258290187    0.7132291554204299   0.05961638354895957   -0.3828967176747758
     -0.6146222853567     -0.37785762792026   -0.1025238706358141    0.3425195009890598    0.5929859245862737
   0.4043842320405755     0.421324741045441    0.4410727115550735    0.4728410923317993    0.4907494472578364

  0.39967092387126
0.3996808886800651
0.3996527524819868
0.3996429659741502
0.3996007883489107

0.0006577774030242308
   0.3999383497011336

  0.710162224642076   7.360041242020155  -7.115174485813755  0.6837570745084178  -1.637704174538768
   1.52044402827292  0.2952980758585875 -0.7362460345683401  0.0626185914120328 -0.1419242151303821

-4.177213603821457e-07 -8.871651018832378e-07 -1.770569774717335e-06   -0.02639443816433191   -0.07320114312554231
-1.612905723602821e-10 -1.371248119399947e-07 -6.302445609595496e-07  -0.008456949730914997     0.1188964776377105

cov:
 0.0550109951220011 0.05599477534748635 0.05714508834471325 0.05898535286136533 0.06002478967756913
0.05599477534748635 0.05752880461417974 0.05931900175431078 0.06219224665090981 0.06381327217892814
0.05714508834471325 0.05931900175431078 0.06185369272027434 0.06592873157740885 0.06822639972951197
0.05898535286136533 0.06219224665090981 0.06592873157740885 0.07194584679520274 0.07533608738514846
0.06002478967756913 0.06381327217892814 0.06822639972951197 0.07533608738514846 0.07934229508059114

cov.inverse():
 3650641.462084708 -6610315.253983976  2878945.333499569  26383.23185213617  54059.13647602008
  -6610315.2539701  13701520.82595238 -7615863.742229866 -87402.97952127145  612932.4530711129
  2878945.33340593 -7615863.742039494  5846372.625313241 -596635.7034814924 -513517.5186052402
 26383.23205835123 -87402.97998297769 -596635.7031950871  1868342.328649291 -1210621.304365557
 54059.13634957376  612932.4533563062 -513517.5187949124  -1210621.30433461  1057214.314647982

cov*(cov_.inverse()):
    0.9999999999877218   1.01863406598568e-10  1.091393642127514e-11                      0 -7.275957614183426e-12
-3.637978807091713e-12      1.000000000058208  7.275957614183426e-12                      0 -1.455191522836685e-11
  1.77351466845721e-11  1.164153218269348e-10     0.9999999999708962  1.455191522836685e-11                      0
 8.594724931754172e-11 -9.458744898438454e-11  3.637978807091713e-11     0.9999999999854481 -1.455191522836685e-11
 4.092726157978177e-11  7.275957614183426e-12  7.275957614183426e-12                      0     0.9999999999854481
