5
2

0.0004288105969251436
0.0006563227124835594
0.0008136493301607404
  0.09814642866186311
   0.5956736159327229

 0.06076190946417613   0.1107423850412572   0.1344742362586113  -0.8309037898492593   0.5249377928006734
 -0.1488811807859288  -0.3056215470487222   0.8791252918127371  -0.1088455974485415  -0.3157866703940717
  0.4027486837299206  -0.8268436698661893 -0.07271543425192264   0.1356498024401857     0.36115736192901
 -0.8216925623489999  -0.1458506014728755  0.01801161784017161   0.2373117199333103   0.4968980420925503
  0.3698069970947099    0.435188168252691   0.4510470577691066   0.4722645515073529   0.4973698705993881

0.4001893940050715
0.3998311098448618
0.3997247702863839
0.3995651226322586
0.3993621523171786

0.002172579999087301
  0.4006628583011289

   0.7627145762361754     1.469482440829815     1.405249719691853    0.8264945826852385    -4.463996726240492
    1.251844825604348   0.03452972601278922   0.03229250304492194 -0.006965436824658056   -0.3117241230577387

-4.839701618049822e-07  8.582631499614236e-07 -1.661765928159741e-06   -0.02733521056360056   -0.09741459995510081
-1.353663513730941e-08 -2.987038360155623e-08  2.381660168954683e-07   -0.01145941498033896     0.1185837796019472

cov:
0.05502908576524251 0.05825854345894304 0.05904264141944135 0.06009106659576149 0.06133075212805304
0.05825854345894304 0.06740565600518567 0.06962374621702148 0.07259197137643873 0.07610387647432913
0.05904264141944135 0.06962374621702148 0.07219070475160926 0.07562407168004352 0.07968700259901258
0.06009106659576149 0.07259197137643873 0.07562407168004352 0.07968105793621129 0.08448123866509002
0.06133075212805304 0.07610387647432913 0.07968700259901258 0.08448123866509002 0.09015455038245783

cov.inverse():
 316621.6247647302 -360779.7225081297 -303649.1879491392 -154445.0657482194    502278.55329194
-360779.7225055031   1316230.57694772 -451927.4039849965  -592617.729625104  89118.76915257263
-303649.1879447883  -451927.403986369  1900514.124145292 -844695.8668760427 -300249.5192794353
-154445.0657627512 -592617.7296092213 -844695.8668573378   3809963.38216695 -2218261.914364817
 502278.5532994953   89118.7691406888 -300249.5192951626 -2218261.914344762  1927147.242650948

cov*(cov_.inverse()):
     0.999999999992724    1.2732925824821e-11  3.637978807091713e-12                      0  1.455191522836685e-11
                     0      1.000000000003638  7.275957614183426e-12  -2.91038304567337e-11   2.91038304567337e-11
                     0 -2.728484105318785e-12     0.9999999999781721  -2.91038304567337e-11                      0
-7.275957614183426e-12 -6.366462912410498e-12  1.091393642127514e-11     0.9999999999708962   2.91038304567337e-11
                     0  8.185452315956354e-12  3.637978807091713e-12                      0                      1
