5
2

0.0001465251405813621
0.0002519346595231074
 0.000594902451910869
   0.1095433110773614
   0.5648877868073481

 -0.1361381647060412   0.5224029949778775  -0.7379342487704602    0.401864575210378 -0.05019381068591924
 -0.3791257005003543   0.6441227274149868   0.1786342104444971  -0.6161879835400975   0.1725450754071371
  0.6053111776510248 -0.08767612779835758  -0.4637385050043655  -0.4793708790127969   0.4255131421658208
 -0.5604948561849106  -0.3637421649395474  -0.1335714194540675   0.1277102459380753   0.7206843432618808
   0.396451759652511   0.4149765739472531   0.4366327269362536   0.4612059036576897   0.5169733276900582

0.3977434798045167
 0.397846093203618
0.3979295580444582
0.3980095209677499
0.3981948302239864

-0.0005768595624323612
    0.3978573859113849

  0.2000882642668358    1.289876086070635    1.460247937424852  -0.3731331596969328   -2.577393596500539
   1.472178389771527  -0.2232963563152349 0.005166099799059243 -0.03224200147456188  -0.2218034735231445

-9.694632866179345e-09   5.08424703025747e-08 -5.616515388821233e-07   -0.03217751426620826   -0.08052418420386909
-6.928381638816047e-09 -4.566439286296871e-08  2.935262810421856e-07   -0.01090277003586918      0.116057284254005

cov:
0.05392385197684763 0.05494387908276487 0.05613538908381319 0.05748675572675148 0.06055368431251382
0.05494387908276487 0.05653818572410008 0.05840118316981395 0.06051465689576049 0.06531106305400391
0.05613538908381319 0.05840118316981395 0.06104966099347756 0.06405459782891325  0.0708740374890633
0.05748675572675148 0.06051465689576049 0.06405459782891325 0.06807148667768206 0.07718731553809774
0.06055368431251382 0.06531106305400391  0.0708740374890633 0.07718731553809774 0.09151520216340507

cov.inverse():
 4163169.031243589 -7309957.876711453   2819046.81320631   312504.746317556  15377.38576120414
-7309957.876495569  19269688.88195469 -16027842.24901857  3643750.138039158  424275.0477707007
  2819046.81301361 -16027842.24919086  26474013.95770011 -14918602.37329035  1653259.266799304
 312504.7462003586   3643750.13875379 -14918602.37402175  14153401.07826807 -3190966.669297489
 15377.38585521994  424275.0474442354  1653259.267165727 -3190966.669431463  1098057.784768766

cov*(cov_.inverse()):
    0.9999999999841975  3.637978807091713e-11  1.164153218269348e-10 -1.455191522836685e-10                      0
-1.932676241267473e-12      1.000000000145519 -1.455191522836685e-10  -2.91038304567337e-11                      0
 1.750777300912887e-11 -2.437445800751448e-10     0.9999999998981366 -3.201421350240707e-10  1.455191522836685e-11
-6.275513442233205e-11  5.093170329928398e-11 -4.511093720793724e-10     0.9999999997962732                      0
  1.77351466845721e-11  -1.01863406598568e-10                      0  5.820766091346741e-11     0.9999999999854481
