5
2

0.0001995350525349553
0.0004957668115572688
0.0007770216611929197
   0.1053903119851637
    0.567295224228104

 -0.2666493281582519   0.7565899727394507  -0.5924466720781473  0.04079872857637769  0.06174263869441236
 -0.5324565061514346   0.3519480278416648   0.6538906234294571  -0.3994753133106231 -0.07395391403966062
  0.4159829469008533  0.05708142700194836  -0.1230124297510819  -0.7862879539038838   0.4362557670122912
 -0.5584982794196783   -0.354324049862928  -0.1175210606027282   0.1041070924685062   0.7334061993101481
  0.4005322266968055   0.4182109243296189   0.4387376616796296    0.457895080389961   0.5123620963022414

0.3994780284899259
0.3994382485894522
0.3993548345752752
0.3993291112303471
0.3990316716204889

0.001354474667078429
  0.3998381144187022

  -0.0232416054650541     1.131378684057347     1.439168639762654    0.5559409738499185    -3.103272729109379
    1.458290017198687   -0.2406821797509261 -0.008390328664483249   0.05833002427365892   -0.2675149363231412

-6.345039982657552e-09  3.340300499517189e-07 -1.155042257403309e-06   -0.03082346234772569   -0.07729349702444839
-2.309688566074266e-08 -2.138788283647466e-07  2.604319870106298e-07   -0.01019979388522072     0.1188816078659216

cov:
0.05509365003234681 0.05610567685106002 0.05728255849073292 0.05837710294488233 0.06149447576778447
0.05610567685106002 0.05768162074160996 0.05951235624861748 0.06121844148281252 0.06607262358962539
0.05728255849073292 0.05951235624861748  0.0621016446265549 0.06451716967307718 0.07138623236551897
0.05837710294488233 0.06121844148281252 0.06451716967307718 0.06759693148004174 0.07635034129028208
0.06149447576778447 0.06607262358962539 0.07138623236551897 0.07635034129028208 0.09045803177342181

cov.inverse():
 3225963.225343652 -5790234.492296695  2466509.364677645  50417.11347764266  47236.18426424445
-5790234.492416225  14886855.27432358 -10333560.50229677  128934.5346613776  1108620.242985873
 2466509.364891245 -10333560.50262389  10580456.00865541 -1509668.090858993 -1204386.852099668
 50417.11339539992  128934.5348583623 -1509668.090985929  1715071.687163071 -384666.8756711572
 47236.18425240446  1108620.242996502 -1204386.852086257 -384666.8756833586  433271.3607283347

cov*(cov_.inverse()):
    0.9999999999577085  4.365574568510056e-11 -1.164153218269348e-10  1.455191522836685e-11  1.818989403545856e-11
-1.364242052659392e-12      1.000000000043656 -8.731149137020111e-11                      0  3.637978807091713e-12
 2.273736754432321e-12  8.731149137020111e-11     0.9999999999708962  7.275957614183426e-12                      0
-4.365574568510056e-11  1.309672370553017e-10 -2.473825588822365e-10     0.9999999999890861  7.275957614183426e-12
 8.185452315956354e-12  -2.91038304567337e-11                      0  7.275957614183426e-12      1.000000000007276
