5
2

 0.000417971967883022
0.0005578436244316692
0.0007363247939814123
  0.08516709790989371
   0.5774917946163206

-0.2573103422699807  0.8377001573164252 -0.3132462929135121 -0.3552071913541184   0.088059328746039
-0.1937353056896607  0.2323864619345842 -0.2153513250545219  0.7389217625675617 -0.5622113474843505
 0.3393561801628181 -0.1508592198729419 -0.8071355977450317  0.2111913376023092  0.4074422959624417
-0.7936118474471285 -0.1796572129015836 0.02988385764187356  0.2542257835494999  0.5219001125455651
  0.388941689289147  0.4349939773989121   0.450710160389595   0.467536041300301  0.4876217831131094

0.4000232126412671
0.4000736390302024
0.4000170751746935
0.3999886702093702
0.3999330601897685

0.0006530895008348288
   0.4002951768110907

   0.6739090708182038     3.691061749107957  -0.06728828911846094   -0.4112089966871303    -3.886456219056932
    1.351702516980873  -0.02877529550123806 -0.009882649056230541  -0.01944809394531793   -0.2936110332137379

 4.792914757810189e-07  8.162008945490634e-07 -1.054081604204891e-06   -0.02417454259310777   -0.08337495694188234
 -6.77425013878962e-08 -3.601409046880837e-08  1.882913733929855e-07  -0.008892947328771047     0.1188910490434276

cov:
0.05501837910730847 0.05745751746475046 0.05828982943730853 0.05918105513138036 0.06024564374587364
0.05745751746475046 0.06333844821691939 0.06534517376685522 0.06749372143117258 0.07005868145658055
0.05828982943730853 0.06534517376685522 0.06775327969810384 0.07033050552789454 0.07340759939913889
0.05918105513138036 0.06749372143117258 0.07033050552789454 0.07336805391826279 0.07699314809014296
0.06024564374587364 0.07005868145658055 0.07340759939913889 0.07699314809014296 0.08127307453925496

cov.inverse():
 712092.1320498957 -1472899.817705417  90236.58649637834  195307.3569278979  475281.5248546898
-1472899.817709934  4232344.959470324 -1438268.932171847 -1210206.766346976 -110974.1609723492
 90236.58649993392 -1438268.932171592   1912278.82912517 -188849.3729812864 -375386.6447820069
 195307.3569331952 -1210206.766369632 -188849.3729631503  2559068.818491868  -1355291.56645365
 475281.5248503517 -110974.1609544635 -375386.6447963335 -1355291.566452871  1366337.613272874

cov*(cov_.inverse()):
     1.000000000010914  3.637978807091713e-12 -1.818989403545856e-11   2.91038304567337e-11  1.455191522836685e-11
-7.275957614183426e-12      1.000000000008185 -1.818989403545856e-11                      0   2.91038304567337e-11
 2.182787284255028e-11  2.728484105318785e-12     0.9999999999854481  1.455191522836685e-11   2.91038304567337e-11
 1.455191522836685e-11  1.818989403545856e-12                      0      1.000000000014552  1.455191522836685e-11
 7.275957614183426e-12 -3.274180926382542e-11 -3.637978807091713e-12                      0      1.000000000014552
