6
2

0.0003577656267507202
0.0004366994408476106
0.0006560001346927805
0.0008090794675241689
   0.1124566534102813
   0.6388603466580961

  0.4727527647330377  -0.7597208139079068   0.1198000802197765   0.1312833549894691   0.3069934502743394  -0.2711028427056372
 -0.2359887064073754     0.27231711253281   -0.154741038892006  -0.1920484848976054   0.7721249375277396  -0.4616799669131283
  -0.190949865327169  0.05240645674840637  -0.3018157950605657   0.8695893232486923  -0.1112047711366305  -0.3180359191080513
  0.3835283308674663  0.02467272370389436  -0.8389848906329024  -0.0611819230276028   0.1372538822219307   0.3547108308557771
 -0.6444981204665576  -0.4592222699237459 -0.04551206378194702  0.09981460105942695   0.2942969474989777   0.5244922150800677
  0.3491138710421979   0.3666434261501101   0.4057627174272185   0.4195119625864279   0.4379067020732642   0.4596696137217693

0.4001695486484886
0.4000697296739877
 0.399814194469262
0.3997080434907252
0.3995492270820339
0.3993465443693792

0.00215799253443818
  0.400640641389031

-0.2736823566151311   1.837301950344536  0.8512167063479474   1.002559534782624  0.5358125819096337  -3.953341752495078
   1.45794200856776 -0.2975067073432746 0.06705720277655669 0.08758533835200094 0.03856622186967829 -0.3536680009657878

-7.087443120010032e-09  4.728659544256748e-07  8.439625188800742e-07 -1.416497210353282e-06   -0.03189221562638316   -0.09735385647737141
 1.334386550383759e-07 -4.943334510826077e-08 -5.588791874354861e-08  2.422360761084411e-07   -0.01228575734762915      0.129862501761533

cov:
0.05499784153699919 0.05598527150578282 0.05818718959194587 0.05896189047378705 0.05999786534950627 0.06122267623995376
0.05598527150578282    0.05753258931056  0.0609837348397877 0.06219725359306864 0.06382044090615001 0.06574022306637388
0.05818718959194587  0.0609837348397877 0.06722467056943254  0.0694174462251491 0.07235183591652637 0.07582341243198142
0.05896189047378705 0.06219725359306864  0.0694174462251491 0.07195545669470574 0.07535010522954338 0.07936689179777646
0.05999786534950627 0.06382044090615001 0.07235183591652637 0.07535010522954338 0.07936180985572162 0.08410803103028958
0.06122267623995376 0.06574022306637388 0.07582341243198142 0.07936689179777646 0.08410803103028958 0.08971807710933054

cov.inverse():
 2347597.185392582 -3151772.968720451  276337.2747193663  300836.2221936387  308159.7403080431 -81097.41856355799
 -3151772.96871544  4905498.846410541 -1000408.469001978 -949875.3812260134 -727989.8004867203  924498.3796002616
 276337.2747453752 -1000408.469052976  1524656.655109281 -252764.4836459669 -437094.0838707714 -110696.1729010284
 300836.2221906479 -949875.3812138602 -252764.4836736044  2090971.729567107 -700220.4965340227 -488945.7584028388
 308159.7402277517  -727989.800357424 -437094.0839056389 -700220.4965657073  3919983.610385898 -2362890.208199237
-81097.41851128782  924498.3795148113 -110696.1728635117 -488945.7583896278 -2362890.208216784   2119158.00086249

cov*(cov_.inverse()):
    0.9999999999681677  1.455191522836685e-11 -1.637090463191271e-11 -1.091393642127514e-11                      0                      0
-1.364242052659392e-11      1.000000000029104  9.094947017729282e-13  3.637978807091713e-12  -2.91038304567337e-11   2.91038304567337e-11
-1.091393642127514e-11  4.365574568510056e-11     0.9999999999909051                      0   2.91038304567337e-11                      0
-1.546140993013978e-11  4.365574568510056e-11 -1.455191522836685e-11      0.999999999992724 -5.820766091346741e-11                      0
 9.094947017729282e-12  -2.91038304567337e-11 -9.094947017729282e-12  7.275957614183426e-12      1.000000000029104                      0
-1.909938873723149e-11                      0 -1.818989403545856e-12 -7.275957614183426e-12                      0                      1
