5
2

0.0002561672102054207
0.0004921212670009007
0.0006238590204602841
  0.07920933942730768
   0.5522678516192213

 -0.2383600994760144   0.6257316769510285  -0.7068454919382875   0.1375476234116123   0.1819187545531673
 -0.5077519690680193   0.5088670687152719   0.5172255818205719  -0.4608913852456794 -0.05743755567018605
 -0.2934328701980574  0.09814478590312496   0.1536101679666001   0.6840748680369472  -0.6424252819627091
 -0.6576455476017007  -0.4002408223297854  0.06911130249703981   0.2898310793975964   0.5643856758838088
  0.4083771361037775   0.4238974639909838   0.4521887793845914   0.4655097234597724   0.4820425913679918

0.3824428727970142
0.3804994703146188
0.3769855594565935
0.3752865147326863
0.3731401271599318

0.02842223607047076
 0.3863291981671908

  0.5589035624074006   0.9044791118823114    4.864490291216168   -1.086072549154297    -5.24193492156283
   1.525533814524849  -0.3587965510065216   0.4119012556476411 -0.08610265463511546  -0.4926017184852222

-2.696193077401063e-07   8.46227218786993e-07  1.283037359441238e-06   -0.02300486962485339   -0.06743406674753265
-6.435803005642969e-08 -1.637519927355655e-07 -6.305991665439325e-08  -0.007115861850225497     0.1157842227364235

cov:
0.05357903001154768 0.05444989055627389  0.0560371113021973 0.05678562495255324 0.05771212390413482
0.05444989055627389 0.05581028413898571 0.05828936038435935 0.05945727903521247 0.06090534163253053
 0.0560371113021973 0.05828936038435935 0.06239481041202022 0.06432757832021679 0.06672676926795294
0.05678562495255324 0.05945727903521247 0.06432757832021679 0.06662051335578886 0.06946671777955045
0.05771212390413482 0.06090534163253053 0.06672676926795294 0.06946671777955045 0.07286995847133658

cov.inverse():
 2151637.278040708 -3413693.207537149  1367289.243473713  -49113.2023538016 -56078.89922994387
-3413693.207558754  7060620.169441237 -5614579.572365284  515655.0959842895  1451954.861303377
 1367289.243519171 -5614579.572447765  8779063.518709727 -2195918.162947587  -2335758.12765064
 -49113.2023598997  515655.0960369074 -2195918.163035017   2367790.91846292 -638505.3929290089
-56078.89924770241  1451954.861311637 -2335758.127600229 -638505.3929699203  1578402.067350199

cov*(cov_.inverse()):
      1.00000000003547                      0                      0 -5.093170329928398e-11                      0
 3.228706191293895e-11                      1  5.820766091346741e-11 -5.093170329928398e-11                      0
 4.138200893066823e-11  4.365574568510056e-11      1.000000000058208 -2.182787284255028e-11  1.455191522836685e-11
 2.728484105318785e-11  5.820766091346741e-11 -8.731149137020111e-11     0.9999999999636202  1.455191522836685e-11
 2.091837814077735e-11  1.455191522836685e-11                      0 -1.455191522836685e-11                      1
