5
2

0.0001164210953033434
0.0003284906307210915
0.0005107961243929102
  0.08346123558182746
   0.6261491481388233

 -0.1119141791770024   0.7070150583591783  -0.6944290307268773  0.06450710596437621  0.03481491514187942
 -0.5253695162034826   0.4871463022020514   0.5367519268719708  -0.4420207301050632 -0.05648358037164602
  0.4991781362548924  0.01381674006427998  -0.1190820243259031  -0.7708691117918856   0.3771081674357141
  -0.551898986666996   -0.291160349292559  -0.1658930831648082  0.03616640556429497    0.762761191712328
  0.3971029900973946   0.4217261388603588   0.4335488977306661   0.4526690966161001   0.5211356074026509

0.3973236348545467
0.3961546151634017
0.3956582699974477
0.3947310616944816
 0.391394308994879

0.01497040743868016
 0.4004968148253109

  1.222323097480229  -5.190378657947042   6.619342157124754   1.317286749854086  -3.969175563794703
  2.441978199955491  -1.821145147414849  0.6415489409099617  0.1246381893402573 -0.3868823003446381

-1.146162355274765e-07  2.614002358004098e-09 -7.206580445130621e-07   -0.02257860099727663    -0.1199341192584038
  -2.7267793256167e-08 -2.005966274007336e-07  2.284151414700555e-07  -0.008459934808541418      0.131198658823484

cov:
0.06394650221375919  0.0667775558569753 0.06813663663055247  0.0703366176583214 0.07820292283085005
 0.0667775558569753 0.07032006399223568 0.07202080259006621 0.07477234062045603 0.08461918145877559
0.06813663663055247 0.07202080259006621 0.07388568048937083  0.0769021624900998 0.08770034140958648
 0.0703366176583214 0.07477234062045603  0.0769021624900998 0.08034659663780307 0.09268046929525045
0.07820292283085005 0.08461918145877559 0.08770034140958648 0.09268046929525045  0.1105300725992971

cov.inverse():
 4437047.179946135  -8183159.83665491  2892759.857965255  144631.7705526215  708962.3623849548
-8183159.833120222  39080244.79970784 -33806841.25174569  1328562.740923772  1581003.143429251
 2892759.853434062 -33806841.24510381  38303181.04156939 -5151897.676608426  -2236828.36620207
 144631.7712168197   1328562.73883029  -5151897.67517281  4395220.610523115 -717093.9154873907
 708962.3627172308  1581003.142415538 -2236828.365526934 -717093.9154810801  664127.7752211826

cov*(cov_.inverse()):
     1.000000000123691 -4.365574568510056e-11  2.328306436538696e-10 -3.637978807091713e-11 -1.455191522836685e-11
-1.455191522836685e-11      1.000000000203727 -5.820766091346741e-11  1.455191522836685e-11  2.182787284255028e-11
 -2.91038304567337e-11  2.328306436538696e-10     0.9999999997089617 -2.182787284255028e-11  7.275957614183426e-12
 1.455191522836685e-11 -5.820766091346741e-11 -1.455191522836685e-10     0.9999999999708962  1.455191522836685e-11
 5.820766091346741e-11 -2.619344741106033e-10  -2.91038304567337e-11                      0      1.000000000014552
