6
2

0.0001689058062267913
0.0003618624928527245
0.0004100690709491868
   0.0005372905052016
  0.09289889715736979
   0.6498880349437737

  0.3635064519473012   -0.789852659938684   0.4923311509140394 -0.01233086574446002 -0.02425127747864057  -0.0294227481852654
  0.2864157841749189  -0.2373249349217988  -0.5734872252079125   0.1671530080922804   0.6481980010851255  -0.2909544631692544
 -0.3659687337974004   0.1454478901669376   0.4930552502270126  -0.3252455554314521   0.5236626199420923  -0.4709576483079582
  0.3240313904973279  0.06585864643571665  -0.1224660225803808  -0.8306626956290285   0.1653884032029601   0.3978875873304629
 -0.6492668761010527  -0.3908733851990891 -0.09749902229737649  0.06194492687183024   0.2970714523768876   0.5692765928874742
   0.354051020929508   0.3762116392813969   0.4013912985491358   0.4150728399123947   0.4352285786502854   0.4585720492901061

 0.397996016065341
0.3980620463440547
0.3981337247453075
0.3982708603814789
0.3982536239674413
0.3983037528848009

-0.0004672683969563012
    0.3980217333080852

  1.513435240796392   2.772527997598522   -3.21665947470143   0.919267848461536   0.675092496527998  -2.663885295084534
  2.351449144459583 -0.7770286964862034 -0.5371446902313335 0.09738884796041385 0.07365380814713871 -0.2083754062808491

-9.051550619654343e-08  3.910677544053044e-07 -7.188568617511349e-08 -1.861845707128177e-07   -0.02599161006142283    -0.1091571730923192
  3.44402999725835e-08  1.689962568154369e-07 -1.905863197879618e-07  1.804041629845446e-07   -0.01088559850066666     0.1273504687858193

cov:
0.05658113750846842 0.05844698107101133 0.06056831736552305 0.06172078039427211 0.06341734223774147 0.06538280765327474
0.05844698107101133 0.06109659164155178 0.06410784672410312 0.06574387044460238 0.06815337835937366   0.070944306296971
0.06056831736552305 0.06410784672410312 0.06812976217829252 0.07031491825284381 0.07353406345830606 0.07726240454297412
0.06172078039427211 0.06574387044460238 0.07031491825284381 0.07279886934051667 0.07645775214193658 0.08069554438361311
0.06341734223774147 0.06815337835937366 0.07353406345830606 0.07645775214193658 0.08076577236735522 0.08575450615159314
0.06538280765327474   0.070944306296971 0.07726240454297412 0.08069554438361311 0.08575450615159314 0.09161314633131568

cov.inverse():
  6418360.38781962 -10825659.34781093  3808160.651074729 -16034.86111655907  154751.5116064723  460240.9724472504
-10825659.34738293  22438673.68784248 -12192647.28486304  -432389.342332138 -12721.63527817512  1025310.727466988
 3808160.650336732 -12192647.28381556  12505523.03629382 -1546132.298522342 -1792093.136753013 -783185.2209688941
-16034.86123113115 -432389.3419820014 -1546132.298750417  3237971.088063689 -650833.0735469069 -592667.1848650299
 154751.5121181041 -12721.63658059318 -1792093.135936952 -650833.0733834693  4954828.258003625 -2653916.678218727
 460240.9723602099  1025310.727799771 -783185.2212474142 -592667.1850209901 -2653916.678029974  2544295.143909368

cov*(cov_.inverse()):
    0.9999999999781721  1.309672370553017e-10 -1.455191522836685e-11  -2.91038304567337e-11  -2.91038304567337e-11  -2.91038304567337e-11
-3.637978807091713e-12     0.9999999998981366 -5.093170329928398e-11 -3.637978807091713e-11                      0  -2.91038304567337e-11
-1.164153218269348e-10  2.473825588822365e-10     0.9999999997817213   2.91038304567337e-11  -2.91038304567337e-11  -2.91038304567337e-11
-4.365574568510056e-11                      0  -1.01863406598568e-10      1.000000000043656  -2.91038304567337e-11                      0
 4.365574568510056e-11                      0  4.365574568510056e-11 -7.275957614183426e-12                      1 -5.820766091346741e-11
-4.365574568510056e-11 -1.455191522836685e-11 -1.455191522836685e-11 -7.275957614183426e-12                      0     0.9999999999708962
