5
2

0.0001743499879113853
0.0004604103714963783
0.0005676326514401651
  0.08211452427859957
     0.58672406543314

  0.4109442679907774  -0.8078256460120969   0.4216761127745304 0.002127872788943289 -0.02696780160520433
 0.08326206762490508    0.078773788924397    0.109043447791119  -0.8204540360270225    0.549387676904129
 -0.4814278430379473   0.1733485582604971     0.78114487347435  -0.1468435084674052  -0.3262317887063765
 -0.6591003330497526   -0.366976262961032 -0.02450366862308115   0.2889638906908974   0.5889096819527168
  0.3974999617885319   0.4201084569439122   0.4466665862563925   0.4709432033930691   0.4941701373841357

0.3993475107896753
0.3993288580216365
  0.39931470402847
0.3993381756650327
0.3992934336228128

0.0004251875161690111
   0.3995524583335499

  2.335350763942978   3.894567924471884  -5.739805786195948  0.9806112726389737  -1.470637066932651
  2.336795397545561 -0.5700200420273296 -0.7483072082908701 0.09666045850334937 -0.1152209120670811

-1.387672680627131e-07 -3.682367752423912e-07 -1.481195368037713e-06     -0.022996365447935   -0.09097345472922719
   3.3697282311138e-08 -1.580095260785897e-08  -5.75123751320979e-07   -0.00912020928289696      0.118332495991309

cov:
0.05732211225756056 0.05911743214907867 0.06122949046647793 0.06315845677474867 0.06500380963223119
0.05911743214907867 0.06166430053609843 0.06465771930445326 0.06739289519410742 0.07000979510371211
0.06122949046647793 0.06465771930445326 0.06868495655191678 0.07236574454753746 0.07588761100605995
0.06315845677474867 0.06739289519410742 0.07236574454753746 0.07691244072949487 0.08126218094896001
0.06500380963223119 0.07000979510371211 0.07588761100605995 0.08126218094896001 0.08640467856327708

cov.inverse():
 6307583.705637968 -11148889.43252362  4576247.427313544 -74117.57719055342  338603.9528003659
-11148889.43246282  21590548.36222975  -10745273.1583091  -440457.667582396   745284.637451799
  4576247.42707723  -10745273.1579079  7799307.140419926 -748533.9057250187 -882387.7876109062
 -74117.5769010822 -440457.6681498262 -748533.9054297515  3242630.201238573 -1979574.245391604
 338603.9526864015  745284.6376788329 -882387.7877413027 -1979574.245374264   1778145.03355407

cov*(cov_.inverse()):
    0.9999999999017746  2.182787284255028e-10  7.275957614183426e-12  -2.91038304567337e-11  1.455191522836685e-11
 3.637978807091713e-12      1.000000000021828 -1.455191522836685e-11                      0                      0
-6.184563972055912e-11  3.346940502524376e-10     0.9999999999854481                      0                      0
-9.458744898438454e-11  6.548361852765083e-11  4.365574568510056e-11      1.000000000029104 -5.820766091346741e-11
-3.637978807091713e-12  5.820766091346741e-11 -1.455191522836685e-11                      0                      1
