6
2

0.0001275410296342623
 0.000161935773389942
 0.000212205631453782
0.0005108792495335433
   0.0466120203822553
    0.657070413949979

0.008632747097325222  0.01312829368554773   0.1168880808664259  -0.6017944292478203   0.7398446837314129  -0.2767012992641694
 0.06355633843561531   0.1731862230581094  -0.7579168918325265   0.4300102028029987   0.3637550997849858    -0.27258496276975
 -0.3519326540616494    0.811744140857213  -0.1874137635086083  -0.3269767782627231  -0.1646589892582762   0.2192362692850375
  0.6275848973581953  -0.1415140192613704  -0.4319446527891798   -0.416637292016926  -0.1018133297219386    0.464308312093339
 -0.5673042448349801  -0.3616778973390064   -0.162696155258899  0.06661819135912916   0.3314140969738844   0.6376610905015643
  0.3953891310183572   0.4000856292853896   0.4046344286694263   0.4098734687307604   0.4159305600808151   0.4229366527846743

0.4026360442006204
0.4028174881630788
0.4028123657743298
0.4028069058406832
0.4028022247539094
0.4027968084765889

8.918168394394778e-05
   0.4028462111771413

 -4.745727183620978  0.5572780166707224   5.606872850642423   8.155199465206932   8.225231149225138  -17.79886309822487
 0.9140926338159381 0.03830535660458745  0.3382154037611431  0.6572501069676581  0.8191237599547646   -1.76702863516753

 1.093827957120326e-07  1.808309386102575e-07 -3.085241347491215e-07  -4.69232632599539e-06   -0.01412655289517486   -0.06423576496581569
 1.215711415355896e-08  2.283099645257305e-08 -4.913670466321075e-08 -1.971886654794297e-07  -0.003039494359103709     0.1624851129875419

cov:
0.06819461174743213 0.06874273847308821 0.06927395303459408 0.06988564854648047 0.07059329918652743 0.07141189493137559
0.06874273847308821 0.06939246953859356 0.07002180800303642 0.07074656810967975 0.07158474608010128  0.0725542714783371
0.06927395303459408 0.07002180800303642 0.07074619429090788 0.07158035631462245 0.07254488011162816 0.07366051629583117
0.06988564854648047 0.07074656810967975 0.07158035631462245 0.07254066547935156 0.07365080078384649 0.07493485649622214
0.07059329918652743 0.07158474608010128 0.07254488011162816 0.07365080078384649 0.07492917398100063 0.07640776862187469
0.07141189493137559  0.0725542714783371 0.07366051629583117 0.07493485649622214 0.07640776862187469 0.07811144281397299

cov.inverse():
 4418296.034413006  -6257496.64565016 -1348806.657402752  2276404.971221722  2316214.634468996 -1404606.735924423
-6257496.646873268  15863863.31200179 -8055322.571488919 -3314037.387103123  86420.69226788396  1676599.051815088
 -1348806.65529979 -8055322.575839567  24240507.88665261 -14702361.52339144 -4343365.639454957  4209201.492714287
 2276404.972349454   -3314037.3877068  -14702361.5255861  32354306.83402412 -20047855.21873956  3433751.188897182
 2316214.630861404  86420.69995143033 -4343365.641285757 -20047855.22200735  39337387.50772651 -17348799.49885331
-1404606.734324431  1676599.047862795  4209201.494492041  3433751.190494358 -17348799.49987594   9433773.45980382

cov*(cov_.inverse()):
    0.9999999999563443   2.91038304567337e-10  -2.91038304567337e-10  5.820766091346741e-11 -4.656612873077393e-10  1.164153218269348e-10
 1.455191522836685e-11      1.000000000043656  5.820766091346741e-11                      0 -4.656612873077393e-10  3.492459654808044e-10
                     0  2.182787284255028e-10     0.9999999998835847 -5.820766091346741e-11 -2.328306436538696e-10 -1.164153218269348e-10
                     0                      0 -1.164153218269348e-10     0.9999999996216502 -2.328306436538696e-10  1.164153218269348e-10
-5.820766091346741e-11  3.055902197957039e-10  1.746229827404022e-10 -4.656612873077393e-10     0.9999999997671694  1.164153218269348e-10
 -2.91038304567337e-11   2.91038304567337e-11                      0 -5.820766091346741e-11                      0                      1
