5
2

 0.000213599610346528
 0.000356561360183948
0.0006266191496859452
   0.1128475761120964
   0.6231915180310984

  0.2483306451261095  -0.7534202964570049   0.6002228399622213  -0.1018681011103803 0.006721602616912639
 -0.1186940694452038   0.1920985970196236   0.1510168269773388  -0.7834185876752132   0.5589803944292679
   0.662397508340989  -0.2684130053784999  -0.6263614737008262 -0.07065817887917511   0.3030886429877218
 -0.5866625136841177  -0.4051239823457118  -0.2121801925745818    0.353397134174007   0.5672668555475424
  0.3758992478727106     0.39910525351311   0.4237656551677172   0.4959799328362157   0.5232985073464527

0.3983545197316089
0.3972885316375086
0.3961123635056983
0.3926711256849276
0.3913259138929323

0.01501714687537248
 0.4004721031447571

 0.1865948619066914  0.2032833658596985   2.081515339411804   1.693797753785266  -4.165440337801437
  1.366566433171222 -0.1693809240190858 0.04450766510641829 0.07391575366323469 -0.3154391893807814

 4.297901457292002e-08 -4.226134937359263e-07 -1.027539000005453e-06   -0.03053512381935178     -0.118969435193794
 2.208422290930021e-08 -5.368331233347618e-08  3.227468468506923e-07    -0.0114019435132796     0.1307024866355593

cov:
0.05925951919415866 0.06129078300058088 0.06344934335451401 0.06976647750728397 0.07215691666861454
0.06129078300058088 0.06395127202292132 0.06677820121418107 0.07505346666953691 0.07818445240396327
0.06344934335451401 0.06677820121418107 0.07031551859752298 0.08067194133296872 0.08459000263831631
0.06976647750728397 0.07505346666953691 0.08067194133296872 0.09712742497303484  0.1033519456912184
0.07215691666861454 0.07818445240396327 0.08459000263831631  0.1033519456912184  0.1104490742049981

cov.inverse():
 2579931.015914367  -4732915.26259428  2069303.983820863   57727.1537835705  26001.82628260016
-4732915.262715086  12915280.98198547 -9255353.689620811  546757.4478099013  526399.5952998075
 2069303.983954791 -9255353.689731032  9074873.861428561 -2158003.109519377  268905.6600432508
 57727.15384471268  546757.4475598678 -2158003.109297972  5067635.609599231 -3513998.278895097
 26001.82620833945  526399.5955392569  268905.6598455471 -3513998.278862578  2692646.862013603

cov*(cov_.inverse()):
    0.9999999999440661  1.236912794411182e-10 -1.855369191616774e-10 -8.731149137020111e-11   2.91038304567337e-11
-1.000444171950221e-11     0.9999999999490683  1.455191522836685e-11 -5.820766091346741e-11                      0
  2.91038304567337e-11 -1.673470251262188e-10      1.000000000003638 -5.820766091346741e-11  -2.91038304567337e-11
-3.183231456205249e-12 -1.236912794411182e-10  4.365574568510056e-11     0.9999999998835847                      0
-4.547473508864641e-13 -5.820766091346741e-11  2.546585164964199e-11                      0     0.9999999999417923
