6
2

0.0001251429378758299
0.0002658892954994338
0.0005587483202430011
0.0006444594011931897
  0.07959321547219385
    0.603671973416495

-0.02717599046069852    0.231838890325104  -0.7337545803418642   0.6331396405031612 -0.03156111758912473 -0.07248794232624163
  0.2835175586908993  -0.7484179280230179   0.2226375437803025   0.5200575715168304   -0.117931954890736  -0.1598533682811403
 -0.3926473711655427   0.2678722751064959   0.3873140525333763   0.3139543288482265  -0.7121062271122541   0.1356381641045102
  0.4674087750749595  -0.1372576857587114  -0.3008288861581458  -0.2266514708498963  -0.4496639246961285   0.6470106734238558
 -0.6373857606792898  -0.3806425517999347 -0.09183244514225342  0.08750564836119093   0.3076494692734605   0.5814739954824785
  0.3741333057072437   0.3881202824321658   0.4038481743291976   0.4136168149331827   0.4256228730493208   0.4405222677210435

0.3824812512275038
0.3805399906037568
0.3784214698065447
0.3770304061481228
0.3753330627805603
0.3731888973956785

0.02838877375602374
 0.3863635022153866

  0.8554356890519825   -1.924744379820606    7.938687061611857    -1.24292711504347  -0.9670718488595504    -4.65945383714018
    1.55194699215678  -0.6051798890665644   0.6870866318697951  -0.1157304506149942 -0.07551926582847229  -0.4426652308219785

-1.051337209756542e-07  2.589620166052484e-07  5.899732988642432e-07 -1.670577671046151e-06   -0.02316906922858509   -0.07261346060070921
-1.136086075767361e-08  7.531958817436769e-08 -1.710726736875659e-07  1.559736444453561e-07  -0.007048963592378592       0.12689699511716

cov:
0.05358377289398757 0.05445385981323374 0.05543201592651425 0.05603976937485509 0.05678784809521803 0.05771369036270672
0.05445385981323374 0.05581319453755626 0.05734125513130665 0.05829044211249607 0.05945766701106198 0.06090472826817325
0.05543201592651425 0.05734125513130665 0.05948797496328609  0.0608212667021111 0.06246003100280828 0.06449344279374004
0.05603976937485509 0.05829044211249607  0.0608212667021111 0.06239312297591561 0.06432472652012904 0.06672228891724073
0.05678784809521803 0.05945766701106198 0.06246003100280828 0.06432472652012904  0.0666162634484264 0.06946052708220427
0.05771369036270672 0.06090472826817325 0.06449344279374004 0.06672228891724073 0.06946052708220427 0.07286141650407423

cov.inverse():
 2204062.160909464 -3895026.672925128  1340465.538359997  336975.6904381613 -28655.26927899104  42222.11674724214
-3895026.672879995  11630267.83780473 -12787518.69010039  4211694.138348279  318821.8206700323  521672.0056256538
 1340465.538102299 -12787518.68977501   35778183.3053975 -27473131.95970124  549605.2941944398  2592500.989746854
 336975.6907497072   4211694.13785187 -27473131.95939633  29861859.87900812 -2614204.186953801 -4323151.952603404
-28655.26936596374  318821.8209664152  549605.2936405146 -2614204.186561438  2371450.719282763 -597111.9498757691
 42222.11673522626  521672.0055454387  2592500.990063561 -4323151.952875731  -597111.949827919  1763881.493820532

cov*(cov_.inverse()):
    0.9999999999881766  7.275957614183426e-11   2.91038304567337e-11  2.037268131971359e-10 -1.455191522836685e-11                      0
  -1.2732925824821e-11     0.9999999999199645 -3.492459654808044e-10  4.074536263942719e-10 -2.182787284255028e-11  1.455191522836685e-11
-1.182343112304807e-11 -4.365574568510056e-11      1.000000000232831  1.164153218269348e-10 -3.637978807091713e-11 -1.455191522836685e-11
-1.409716787748039e-11                      0 -5.820766091346741e-11      1.000000000058208 -7.275957614183426e-12 -5.820766091346741e-11
-1.455191522836685e-11  8.003553375601768e-11 -1.164153218269348e-10   2.91038304567337e-10     0.9999999999563443 -7.275957614183426e-11
-2.273736754432321e-12 -7.275957614183426e-12                      0 -1.164153218269348e-10 -1.455191522836685e-11                      1
