5
2

0.0004160796578528749
 0.000603527323321843
0.0007117748438903728
  0.08232059973100851
   0.6015176952452186

  0.1396861231422035   0.0466436021625618  0.05251829119691632  -0.8075408921135404   0.5687105573426835
 -0.3986435794924977   0.1957877196907669   0.7908264867692304   -0.246616493466344  -0.3413564681125862
  0.2963458054801315   -0.854587699962821   0.4140337333276602  0.07650113542588133  0.06769542519179861
  -0.765017620875419  -0.2071554834711138 -0.01677449944142052   0.2470510428195753   0.5572423564556209
  0.3853547545513821   0.4315761948204453   0.4473588947916894   0.4692242227711011   0.4949165073268055

0.3993121941352736
0.3991302237088979
0.3990420170996133
0.3989035542829271
0.3987391638474217

0.001728385412668927
  0.3997839612201683

   1.506823323727116   0.9710304225685406   0.8403287516481019   0.4653899394762819   -3.783847325522916
   1.631671845368041 -0.05375706858869589  -0.1110607062852888   -0.151861155600664  -0.3150646982649711

-3.856866722878411e-07  5.211812151082383e-07 -1.296508771779325e-07   -0.02278009620812261    -0.1008230628170652
 2.822503367907477e-08  -2.19934689670234e-07  2.282593723567012e-07  -0.009814962119125546     0.1189316084349667

cov:
 0.0576963471673317 0.06124864687152478 0.06246235115163289 0.06414337658430808 0.06611758956783796
0.06124864687152478 0.06768372752877953  0.0698804973041344 0.07292456491206549 0.07650108218333582
0.06246235115163289  0.0698804973041344 0.07241395960787794 0.07592282249502377 0.08004622581107197
0.06414337658430808 0.07292456491206549 0.07592282249502377 0.08007693188658412 0.08495800841400192
0.06611758956783796 0.07650108218333582 0.08004622581107197 0.08495800841400192 0.09073029663355919

cov.inverse():
 722430.2749013072 -676503.5601930072 -580946.4339835462 -336947.9023316317  872000.8767085959
-676503.5601753551  1559357.252775231 -259171.7141489108 -479184.1017789313 -144466.4968133535
-580946.4339747647 -259171.7141621795  2071291.162502416 -717893.6576533846 -513285.3296821073
-336947.9023913823 -479184.1016791324 -717893.6576486418  3945366.527719591  -2411427.35655244
 872000.8767419136 -144466.4968822334 -513285.3296913365  -2411427.35650765  2197224.893186199

cov*(cov_.inverse()):
    0.9999999999854481    1.2732925824821e-11  7.275957614183426e-12  5.820766091346741e-11 -5.820766091346741e-11
 1.455191522836685e-11      1.000000000007276                      0                      0                      0
                     0 -3.637978807091713e-12                      1   2.91038304567337e-11                      0
-1.455191522836685e-11  2.728484105318785e-11  1.455191522836685e-11      1.000000000029104  -2.91038304567337e-11
 1.455191522836685e-11  9.094947017729282e-12 -7.275957614183426e-12                      0                      1
