5
2

0.0003960050587759223
0.0005649122373806829
0.0009041188365109393
   0.1010889561553679
   0.5981325792839434

 0.06792382240111722  0.03983317447858769   0.1981822897508496  -0.8266627032492816   0.5207227934775659
 -0.2266178106609622  -0.1335288133145046   0.8641285646187378 -0.08305064095016092  -0.4209499242828997
  0.3405656569337226  -0.8794868435209644  0.09901907680439606   0.1757804255045355   0.2642241280221824
 -0.8349229599726063  -0.1302819021091091  0.01767276501677041   0.2324804565842196   0.4812180249912386
  0.3618693223658742   0.4360193714528543   0.4515401417864602   0.4741154346888469   0.5002636866629334

0.3976746375694739
0.3977984527790904
0.3978882729865401
0.3978354577030676
0.3978341921155966

-3.273695746493381e-05
    0.3978566454391619

  2.250328151321724  -2.972423949292779   2.434272262853745   1.900334826991215  -3.612879660067084
  1.400231979824258 -0.4602830969771269  0.1669671612721592  0.1355966735705402 -0.2425110508263586

-4.603239986583288e-07  1.070182553188348e-06  2.453161802815029e-06   -0.02805486670239506     -0.103376386075602
 -2.01528196768896e-08 -6.622415965067157e-09  7.013350519855265e-07   -0.01217433348353875      0.116047459666229

cov:
0.05397252134208622 0.05755984617553821 0.05830706042786379 0.05939705956560058 0.06066011854855872
0.05755984617553821 0.06818936802944413  0.0704127508693492  0.0736482978165079 0.07739600370070886
0.05830706042786379  0.0704127508693492 0.07294712028435207 0.07663253408696766 0.08090150893140276
0.05939705956560058  0.0736482978165079 0.07663253408696766 0.08097226277663881 0.08599832513957828
0.06066011854855872 0.07739600370070886 0.08090150893140276 0.08599832513957828 0.09190158040163662

cov.inverse():
 332304.1840598551 -254334.3180024988 -486543.0135545214  -225861.654663072  634511.7933131655
-254334.3180022476  1012245.096839321 -417765.6051882059 -364354.2716788154  24112.20320144521
-486543.0135403521 -417765.6052028731  2602335.681782071 -1248290.651160827 -449772.8192234457
-225861.6546900966 -364354.2716501608 -1248290.651121904   4417098.04907277 -2578563.682965042
 634511.7933257694  24112.20318770872 -449772.8192628695 -2578563.682924483  2369760.215541615

cov*(cov_.inverse()):
                     1 -8.412825991399586e-12  2.182787284255028e-11                      0   2.91038304567337e-11
 7.275957614183426e-12     0.9999999999913598   2.91038304567337e-11 -5.820766091346741e-11                      0
 7.275957614183426e-12 -7.958078640513122e-12      1.000000000014552 -5.820766091346741e-11   2.91038304567337e-11
 7.275957614183426e-12 -9.094947017729282e-13  7.275957614183426e-12                      1                      0
                     0 -1.818989403545856e-12  1.455191522836685e-11  -2.91038304567337e-11                      1
