5
2

0.0001508765988988306
0.0002015960821505099
0.0004608406505880546
  0.04647450510609695
   0.5993405065062686

0.08584192994967071 0.05688866061695245  -0.491271049654209  0.7604905263502751 -0.4119487328040453
-0.2851914582854655  0.7850182750918794  -0.464989235622549 -0.2242865720314705  0.1894536467168415
  0.643769891867773 -0.2568949982025516 -0.5685168397648095 -0.2090723864330144   0.390695055456432
 -0.555754092557458 -0.3493817749857874 -0.1497083109419764  0.3460777799102582  0.6533661728316703
 0.4335835676241863  0.4386881845585442  0.4436370037153616  0.4559260909637053  0.4635467345673174

 0.402637550867223
0.4028164388107417
0.4028104275927683
0.4027986467874655
 0.402791282957126

0.0001016192786951321
   0.4028494951498696

-5.375663793760468  1.609298876037757  9.103971514711711  13.34707600635197 -18.68481378250898
0.8650928764251491 0.1219986857359592 0.6190476803715851  1.231246576676131 -1.837452022181153

 2.960445034463539e-07 -3.239209016998483e-07 -4.064934208594716e-06   -0.01409656578060949   -0.05817917209906453
 3.347110427591717e-08 -4.320381962438482e-08 -1.702522956804008e-07  -0.003003315901857626     0.1483010516450531

cov:
0.06819659741070706 0.06874376981478639 0.06927482462149769 0.07059374083757237 0.07141185189263452
0.06874376981478639 0.06939250927988309 0.07002164628516029  0.0715840283406239 0.07255298737361279
0.06927482462149769 0.07002164628516029 0.07074578488076481 0.07254377911438675 0.07365876344751179
0.07059374083757237  0.0715840283406239 0.07254377911438675 0.07492699388074882 0.07640469100773252
0.07141185189263452 0.07255298737361279 0.07365876344751179 0.07640469100773252 0.07810731269077702

cov.inverse():
 4276597.898350274 -6072846.823137267 -312900.1340897277  3807848.882830501 -1698768.945013802
 -6072846.82231972  15616332.90632061 -9521707.347806811 -2178923.263825174   2157272.80473057
-312900.1355285457 -9521707.346060792  17444292.75877566 -13286562.00180462  5676852.860373136
 3807848.883922921 -2178923.265171359 -13286562.00176843  26850096.69571489 -15192428.48777697
-1698768.945484931  2157272.805148271  5676852.860644127 -15192428.48799453  9057019.985258399

cov*(cov_.inverse()):
    0.9999999999563443 -2.328306436538696e-10  2.328306436538696e-10 -2.328306436538696e-10  2.328306436538696e-10
-4.365574568510056e-11      1.000000000087311 -1.746229827404022e-10 -2.328306436538696e-10  2.328306436538696e-10
                     0  8.731149137020111e-11     0.9999999997671694  2.328306436538696e-10 -1.164153218269348e-10
                     0 -3.201421350240707e-10  1.164153218269348e-10                      1  1.164153218269348e-10
 -2.91038304567337e-11                      0                      0                      0      1.000000000116415
