6
2

0.0001451543616205169
0.0002460630119664081
0.0003769245396265749
0.0005933239029300465
   0.1190664906974084
   0.6307804962387064

 -0.1330404470397263   0.5127869532819667  -0.7341759063980857   0.4219576567416815 -0.03569761579805356 -0.03182663355149124
  0.3628909380265631  -0.6404822337639441  -0.1337670665464356   0.6413006568841099  -0.1503072889793771 -0.07962558381695151
 -0.1326771224703108    0.123877897618799   0.1926114015864338     0.11294735482853  -0.8091259040229288   0.5123573578175398
  0.6043617494425493 -0.08739102426883545   -0.461675008025787  -0.4749967761818608 -0.01402055026091869   0.4337595629373431
 -0.5868581603151461  -0.4094119433096433  -0.2018699725005861  0.03379634491512404   0.3503011295453466   0.5686605316523984
  0.3512144120119965   0.3690948181846477   0.3899969993705368   0.4137196733556838   0.4455796375000973   0.4675624140048418

0.3977653550950971
0.3978660587386467
0.3979477554135399
0.3980261257322685
0.3981558960539725
0.3982077245819169

-0.0005566479768033739
    0.3978811873979628

 0.2010221749987485   1.278243167863065   1.487599096364442 -0.5677511484352037  0.4256332290105427  -2.825056599941516
  1.470320851837628 -0.2274140481231472  0.0180013351956048  -0.051006965962724   0.028667065212888 -0.2385649657729244

-1.323785473377605e-08 -6.949965938237562e-08 -2.042644322958108e-07 -5.768723707853092e-07   -0.03428222993992031   -0.09691365070601309
-7.172085548783318e-09  3.988770083045395e-08 -5.270436707830432e-08  2.888486509051786e-07   -0.01276966429995446     0.1271668637189741

cov:
0.05396229247600733    0.05498445629538  0.0561786101138589 0.05753299710485336 0.05935203822566155 0.06060733671508319
   0.05498445629538 0.05658046283127455 0.05844546523555014 0.06056144011173275 0.06340324672760501 0.06536418309307127
 0.0561786101138589 0.05844546523555014  0.0610950499960423  0.0641017102512243 0.06813965078385577 0.07092584209731838
0.05753299710485336 0.06056144011173275  0.0641017102512243 0.06811971275145974 0.07351577826790372 0.07723898758638038
0.05935203822566155 0.06340324672760501 0.06813965078385577 0.07351577826790372 0.08073612465450185 0.08571768244791435
0.06060733671508319 0.06536418309307127 0.07092584209731838 0.07723898758638038 0.08571768244791435 0.09156779665501619

cov.inverse():
 4176536.496588469 -7342333.752914802  2861592.895342462  258362.9299292857  56067.29153027609  -10108.8078995873
-7342333.753318969  19384886.83290916 -16170456.17017597  3701964.680249921  19162.07855546436  406766.2568895961
 2861592.896057581 -16170456.17105125  26744458.86420086 -15343866.55254274  497383.8100988856  1410670.592702846
 258362.9295699937  3701964.680950667 -15343866.55315311  15973626.75774936 -2931262.349388511   -1658701.8485627
 56067.29169717424  19162.07778903893  497383.8114574947 -2931262.350304799  5042300.481357615 -2683634.996340563
-10108.80801816174  406766.2574264352  1410670.591794405  -1658701.84791532 -2683634.996497759  2534997.635806121

cov*(cov_.inverse()):
     0.999999999990564  1.346052158623934e-10  -2.91038304567337e-10  8.731149137020111e-11                      0  -2.91038304567337e-11
-4.297362465877086e-11      1.000000000025466  -1.01863406598568e-10  1.455191522836685e-11                      0                      0
 1.580247044330463e-11 -2.182787284255028e-11     0.9999999997817213  3.346940502524376e-10  -2.91038304567337e-11                      0
 7.389644451905042e-12 -7.639755494892597e-11                      0     0.9999999999272404  5.820766091346741e-11                      0
 1.352873368887231e-11 -5.820766091346741e-11 -8.731149137020111e-11  1.455191522836685e-10      1.000000000029104   2.91038304567337e-11
-3.535660653142259e-11 -1.455191522836685e-11  4.365574568510056e-11   2.91038304567337e-11   2.91038304567337e-11                      1
