5
2

0.0001490271148468085
0.0002619618344924772
0.0006959245941997648
  0.06057393378837901
    0.547551666523045

 -0.02789749893622058     0.430118808374879   -0.7936319702460736     0.427833346637184  -0.03642064721885849
  -0.1985503979913037    0.6735158478895928 -0.004407358158928561   -0.6803743795750898    0.2098223556033238
   0.6261830987077971   -0.3208048589244827   -0.4088546041771923   -0.3559632977590016    0.4594638317373763
  -0.6234176540299744   -0.2590942158981778  -0.07188418487224602    0.1477054887059102    0.7191914685973919
   0.4231366499690892    0.4374112974104446    0.4447464981377129     0.453345949995942    0.4757149717710877

 0.399794008900723
0.3999871555088068
0.3999942870618772
0.4000026895760764
0.4000214526027102

-0.0002028762121930531
    0.3999573249443878

 -2.353700657443938   8.154908893679288   4.202136640820395  -5.587442411889918  -4.415930362636241
 0.9777959884335441  0.9544917756422349  0.2274718391265625 -0.7755325026625395 -0.3842485109380273

 -4.42265212807615e-08  6.050070511789335e-07 -2.832290069650183e-06   -0.01815819444608483   -0.05809495708886389
-2.555514725730642e-09   6.14012936882495e-08  1.513877020995345e-07  -0.004638343471573586     0.1193365444642937

cov:
0.05510610133236932 0.05608333956623406 0.05658564695051457 0.05717431405407991 0.05870508104372059
0.05608333956623406 0.05760917936044527  0.0583931246254011 0.05931208493483851 0.06170220848774254
0.05658564695051457  0.0583931246254011 0.05932186661212668 0.06041057335304226 0.06324238719311688
0.05717431405407991 0.05931208493483851 0.06041057335304226  0.0616984447881356 0.06504835499010743
0.05870508104372059 0.06170220848774254 0.06324238719311688 0.06504835499010743 0.06974701201781019

cov.inverse():
 1419231.496818501 -2903709.722730578  481047.0658111333  970856.2741301841   32604.0390169242
-2903709.722843892  15152818.77054847  -15142538.6171491  1843951.139199508  1049570.892819635
 481047.0661542364 -15142538.61902509  28705537.17541551 -14944242.62420082  900108.3878344446
   970856.27384922  1843951.141530121 -14944242.62660613  15248960.00329823 -3119563.587659514
 32604.03906809778  1049570.892251688  900108.3887069034 -3119563.588015202   1137304.80182536

cov*(cov_.inverse()):
    0.9999999999790816  7.275957614183426e-12  6.548361852765083e-11 -8.731149137020111e-11  1.455191522836685e-11
-9.777068044058979e-12      1.000000000058208 -8.731149137020111e-11   2.91038304567337e-11  1.455191522836685e-11
                     0 -4.365574568510056e-11     0.9999999998544808 -5.820766091346741e-11  -2.91038304567337e-11
-5.456968210637569e-12   1.01863406598568e-10 -4.656612873077393e-10                      1  -2.91038304567337e-11
-1.682565198279917e-11  -2.91038304567337e-11  4.365574568510056e-11                      0     0.9999999999854481
