7
2

0.0001459339597699741
0.0002563049250433679
0.0005175719766596826
0.0005989464520204619
0.0007507625468650403
  0.09667469484619867
   0.6690933005248804

 0.001157198350925382   -0.1833749375388335    0.7322183034093357   -0.6528850514575369   0.01973661577646406   0.03376707700978506   0.04939645147332093
  -0.2616592721703822    0.7868213466269318   -0.2464671170415307   -0.4870316068585853   0.06955224602538393   0.07353842942016736    0.0652330620825612
    0.256541068726081   -0.2037512688783617   -0.2802825067750799   -0.2475177189591444    0.2161187156647081    0.7093800220525515   -0.4504680684983513
  -0.4432346619499791    0.1908508928515997    0.3476858691069752     0.317760583724663   -0.5182263533840203    0.4207985256075067   -0.3156450007571367
   0.4438537921183902 -0.008918702883570504   -0.1790766190600446   -0.1758978469956856   -0.7145525484292635    0.1990625037943154    0.4355393839891971
  -0.5974598033103222   -0.3795267550559958   -0.1939255227401216  -0.04714229415669076    0.1363456284378991    0.3359672132042009    0.5724575290922016
   0.3395561740459543    0.3538743517670577    0.3660478456770221    0.3756887877754452    0.3877262224913011    0.4008249247524925    0.4163522707197959

0.3988813536191043
0.3988319597606028
 0.398865578224148
 0.398797304486975
0.3987014039207428
0.3986193981712264
0.3985127079923191

0.001357981465683626
   0.399243631279096

   0.7502688213524428    -1.923973294359264     2.420846796800002      3.53092658426888  -0.02466944602054753   -0.4176893061638061    -4.335909460940973
    1.515499338577451   -0.5326586822128592    0.1600798434672133    0.2890984189318565 -0.009173779696689421   -0.0307274606581181   -0.3921400603636678

 -8.68466929358476e-09 -2.852189568092338e-07   1.83111399400358e-07  8.859278508427537e-07 -1.498397032185727e-06   -0.02784914074812113   -0.08759516800327402
 1.556018873630674e-10 -6.729407745121619e-08  1.429839344882645e-07 -1.830481932560811e-07  2.409796416983052e-07  -0.009196664417164657     0.1406490929980168

cov:
0.05495379345189501 0.05591319317581698 0.05672731489684057 0.05737327312148482 0.05817858775474669 0.05905523497390209 0.06009518510958489
0.05591319317581698 0.05740864891821687 0.05867884993201378 0.05968555255473924 0.06094168200295806 0.06230880189079582 0.06392988137000354
0.05672731489684057 0.05867884993201378 0.06033745917113171 0.06165130500386735 0.06329129111359612 0.06507602201791782 0.06719190736620149
0.05737327312148482 0.05968555255473924 0.06165130500386735 0.06320816996171628  0.0651518097023471 0.06726691948681184 0.06977424626409874
0.05817858775474669 0.06094168200295806 0.06329129111359612  0.0651518097023471 0.06747548018030305 0.07000300790821105  0.0729995682371701
0.05905523497390209 0.06230880189079582 0.06507602201791782 0.06726691948681184 0.07000300790821105 0.07298062629405176 0.07650917217934544
0.06009518510958489 0.06392988137000354 0.06719190736620149 0.06977424626409874  0.0729995682371701 0.07650917217934544 0.08066894070450946

cov.inverse():
 2185157.650880335 -3581888.823090808  182488.3944879985  1136266.390223365   8601.08917627725  25094.72675760585  44385.69775121287
-3581888.822645153  11259677.92842108 -8855784.898416968  148383.8799249259  234332.6668945492   271195.378857312  523782.5731803203
 182488.3928870999 -8855784.893471038  26786778.76376686 -19997221.16247006 -83737.09399933575  487429.1121320527  1480605.216577741
  1136266.39161734  148383.8741218726 -19997221.15682479  24191071.53390006 -1556438.042514509 -1925232.199056748 -1997242.375497161
 8601.089106630663  234332.6673380953 -83737.09493832839 -1556438.041898224  1920777.774236658 -178772.3834197328 -344745.0555517259
 25094.72662774088  271195.3794200559  487429.1110633442 -1925232.198363247 -178772.3834070293  2578296.083642138 -1257958.988123508
 44385.69771195284  523782.5734768941  1480605.216285255 -1997242.375570906 -344745.0555132154 -1257958.988053106  1551170.850148932

cov*(cov_.inverse()):
     1.000000000037289  4.365574568510056e-11  1.164153218269348e-10  2.037268131971359e-10 -1.091393642127514e-11 -1.455191522836685e-11  -2.91038304567337e-11
 1.591615728102624e-11      1.000000000065484  -1.01863406598568e-10  3.492459654808044e-10 -1.818989403545856e-11 -1.455191522836685e-11  -2.91038304567337e-11
-1.818989403545856e-12  5.093170329928398e-11      1.000000000334694                      0  1.818989403545856e-11                      0                      0
 1.091393642127514e-11   2.91038304567337e-11   2.91038304567337e-10      1.000000000029104 -1.818989403545856e-11                      0  1.455191522836685e-11
-1.682565198279917e-11  2.182787284255028e-11                      0   2.91038304567337e-11      0.999999999996362                      0                      0
-4.547473508864641e-12  1.091393642127514e-10 -8.731149137020111e-11  3.201421350240707e-10 -7.275957614183426e-12                      1 -1.455191522836685e-11
 3.683453542180359e-11 -3.637978807091713e-11  8.731149137020111e-11  2.328306436538696e-10  3.637978807091713e-12                      0     0.9999999999708962
