5
2

0.0003034289174551154
0.0005319492826121389
0.0006818898537978372
  0.06924285600486571
   0.5815330219884819

 -0.4600091973910138   0.8573221157292978  -0.1420421265410055  -0.1454529157577883  -0.1098080679293774
 -0.1917103996361479 -0.03910718742220359  0.05036797894614919   0.7768514114736846  -0.5963913997967251
 -0.2763168366814509 -0.08175317201800175   0.8814634204759282  -0.3005400317409482  -0.2228527592725263
 -0.7158590817657211  -0.2656252181527137  -0.0102308139930693   0.2632438760276501   0.5895651030326002
  0.4035262591293398   0.4315426747376017   0.4474423647717164   0.4644606386379699   0.4847773957569608

0.4000592241048877
0.4001069854577765
0.4000597906959781
0.4000404280464743
0.3999898546128102

0.0005861490352258644
   0.4003046845643229

   1.584349559617201    2.556594192635256  -0.1328627377028944  -0.3290563589495966   -3.678784020262657
    2.14990782114798  -0.7258761567616867 -0.06134337181007465 -0.05150175484726896  -0.3111754186503031

 1.780343886191294e-07  4.323662592660823e-07  7.198537573477321e-08    -0.0195015059596746   -0.08558247694399669
-1.437118729121198e-07 -6.827764885437141e-08 -2.343283445988193e-07  -0.007396147421962718     0.1190662231806922

cov:
 0.0575241847437723 0.05980203943269456 0.06109512621338409 0.06247900330821714 0.06413157565539108
0.05980203943269456  0.0633174331571363 0.06531244767305444 0.06744783441549949 0.06999727499753609
0.06109512621338409 0.06531244767305444 0.06770621219280909  0.0702674666766388 0.07332572922180368
0.06247900330821714 0.06744783441549949  0.0702674666766388 0.07328604305526336 0.07688877919120007
0.06413157565539108 0.06999727499753609 0.07332572922180368 0.07688877919120007 0.08114219563470572

cov.inverse():
 2592560.388804235 -4208360.695650771   151748.468810879  378982.4860928072  1085036.332495934
-4208360.695679792  8002940.939020755 -1484598.624980877 -1408952.343179501 -900928.9482694613
 151748.4689194062 -1484598.625176865  1899119.522318304 -207062.7412726643 -359215.4787104799
 378982.4859693781  -1408952.34293535 -207062.7413521319  2556789.735818396 -1319749.033876263
 1085036.332539854 -900928.9483466413 -359215.4787184718 -1319749.033835012  1494809.324888243

cov*(cov_.inverse()):
    0.9999999999272404  4.365574568510056e-11 -1.818989403545856e-11                      0                      0
 -2.91038304567337e-11     0.9999999999345164  2.182787284255028e-11  -2.91038304567337e-11  4.365574568510056e-11
-4.365574568510056e-11 -4.365574568510056e-11      1.000000000014552 -1.455191522836685e-11  1.455191522836685e-11
 -1.01863406598568e-10 -1.455191522836685e-11  7.275957614183426e-12      1.000000000014552                      0
-7.275957614183426e-11  7.275957614183426e-11  3.637978807091713e-12                      0                      1
