6
2

0.0001143389042034532
0.0002438989535553709
 0.000357594648221475
0.0007146032722683129
   0.1135152908143252
   0.6797292704790751

-0.02494532920625855    0.157868118953592  -0.7254310960126622   0.6652281710435419 -0.07529904960732833 0.002578000196227574
  0.3034102008794737  -0.8047484395242889   0.2236195429465251   0.4274223499823356  -0.1654653885796557  0.01574290366000656
 -0.1112664735969973    0.179466868915484   0.1421350230821539  0.01688725459856254  -0.7878243029782699   0.5605860668062704
  0.6744174673345412  -0.1133928341861175  -0.4642832450222995  -0.4528225886196759  0.02271053901715335   0.3334368725174119
 -0.5663865678467389  -0.3848630754333368  -0.1919259742116076 -0.09920223432543288   0.3734723587547688   0.5873060559067154
  0.3454085811371979   0.3664310677142191   0.3887764768838005   0.3995085177544823   0.4541880168068291   0.4789365566994458

0.3983492674191267
0.3972844763804516
0.3961126961921494
0.3956165302154361
0.3926820849145398
0.3913408189583168

0.01497327425128241
 0.4004598875077615

   0.263626175791295   0.6698899697941264   -5.853891049856557    8.595381369609779   0.4804516184992867   -4.155756280654453
   1.375275907692784 -0.08579450078697423   -1.156976293341056    1.285589242996652   -0.102152535203582  -0.3157818864775729

 1.309531086575808e-07   1.04743338320976e-07 -4.225173104285908e-07 -1.249710963378672e-06   -0.03089432803308176    -0.1282268132335736
 2.161741392116397e-08  4.693584949830108e-08 -5.213430788686304e-08  4.006857164723439e-07   -0.01127513432370265     0.1431176410180174

cov:
0.05925757636828335 0.06128744198473408 0.06344532663840395 0.06448133397818488 0.06975806705915549 0.07214714973196297
0.06128744198473408 0.06394649603156016 0.06677278451005612  0.0681298999132272 0.07504316904940235 0.07817271920391855
0.06344532663840395 0.06677278451005612 0.07030957709746885  0.0720080117861118 0.08066083115832254 0.08457745968446621
0.06448133397818488  0.0681298999132272  0.0720080117861118 0.07387047907129868 0.08335918162328976 0.08765400185828184
0.06975806705915549 0.07504316904940235 0.08066083115832254 0.08335918162328976 0.09710845967412032  0.1033308566978584
0.07214714973196297 0.07817271920391855 0.08457745968446621 0.08765400185828184  0.1033308566978584  0.1104257252437984

cov.inverse():
 2582666.374774996 -4711722.199811521  1787922.304609478  298008.5888250733  15210.69709386732  27935.63220820483
-4711722.199995703  13070213.02573035 -11482557.16773667  2374982.029074866   218434.578222146  530863.9700762252
 1787922.305921366  -11482557.1696653  41674288.68406294 -34875731.32586445  2659931.745336088  236069.4519589512
 298008.5874658335  2374982.031186782 -34875731.32577889  37324447.68484195 -5144608.779415935  22649.72562405256
 15210.69751433585  218434.5774762808  2659931.743371108 -5144608.776835953  5748715.924030349  -3497531.90530602
 27935.63201926527  530863.9704546053  236069.4532215982  22649.72388236044 -3497531.905016394  2679972.601440742

cov*(cov_.inverse()):
    0.9999999999868123 -1.382431946694851e-10  3.237801138311625e-10  2.864908310584724e-10  -2.91038304567337e-11   2.91038304567337e-11
 -7.73070496506989e-12     0.9999999999490683  5.711626727133989e-10  2.162323653465137e-10  5.820766091346741e-11                      0
 1.091393642127514e-11 -5.820766091346741e-11      1.000000000505679  5.054516805103049e-10 -5.820766091346741e-11                      0
  2.41016095969826e-11 -2.110027708113194e-10  9.422365110367537e-10      1.000000000088221 -5.820766091346741e-11  5.820766091346741e-11
-1.682565198279917e-11 -1.746229827404022e-10  1.564330887049437e-10   3.48791218129918e-10     0.9999999998835847                      0
-2.046363078989089e-11 -4.365574568510056e-11 -5.820766091346741e-11 -1.591615728102624e-10 -5.820766091346741e-11                      1
