5
2

0.0001182322163756031
0.0001557327671453005
0.0004079891408009981
  0.04552933229224258
     0.53556478743159

  -0.0163915786930607      0.24180922891058   -0.6597801845885394    0.6708402431016089   -0.2364806318101057
 -0.08272025190228569    0.6302094742944867   -0.4267591960585285    -0.511249799400307    0.3905043016758113
   0.5593434142239087   -0.5404559821353156   -0.4271537180329444  -0.05006137946965288    0.4583403056624189
  -0.7047845350799405   -0.2407327142348241 -0.001831166171345611    0.2811040769007882    0.6052302571662262
     0.42813827223184    0.4408167499022957    0.4473287880350155    0.4550509499867805    0.4639006371704665

 0.382296983565182
0.3803250356011235
0.3794073669025672
0.3781739848173301
0.3767626110755923

0.0288306735510142
0.3862379566723744

  1.136819839456364  -3.769556405507087   7.320822478144829   11.92860028535543  -16.61669945897297
  1.575538811996833 -0.7123167166668962  0.5689752915432817   1.118996863055356  -1.551223141706663

 8.626955550989436e-08 -4.409446369956247e-07 -1.442704947103124e-06   -0.01370389703057281   -0.05178119731597875
 7.604965221310075e-09 -4.850294922926975e-08  4.264523438916029e-08  -0.003242610747915837     0.1160666281561179

cov:
0.05360627168267158 0.05448515759403344  0.0549358405522286 0.05547082058130323 0.05608409617102753
0.05448515759403344 0.05585675528427476 0.05656088692486687 0.05739605078409494 0.05835321876418906
 0.0549358405522286 0.05656088692486687  0.0573955323788328 0.05838522882373872 0.05951943956573433
0.05547082058130323 0.05739605078409494 0.05838522882373872  0.0595580201542799 0.06090194635580009
0.05608409617102753 0.05835321876418906 0.05951943956573433 0.06090194635580009 0.06248618682225324

cov.inverse():
 2181176.190114259 -4249067.063016341   793858.212253124  788809.8340408016  485345.5798192138
-4249067.063614698  22313755.36512968 -21115503.57011708 -1518046.749145317  4568378.907431048
 793858.2134472291  -21115503.5745451  39746155.64880146 -22538006.67395281  3113877.693968174
 788809.8333660426 -1518046.743270169 -22538006.68068398  42985682.01409857 -19718261.09157096
 485345.5798982172  4568378.905385608  3113877.697465296 -19718261.09310161  11550479.85409245

cov*(cov_.inverse()):
    0.9999999999818101  3.783497959375381e-10  1.164153218269348e-10  2.328306436538696e-10  1.164153218269348e-10
-2.182787284255028e-11      1.000000000116415 -5.820766091346741e-11  2.328306436538696e-10                      0
 1.455191522836685e-11  1.164153218269348e-10      1.000000000087311  2.328306436538696e-10 -1.164153218269348e-10
-1.455191522836685e-11   2.91038304567337e-10  5.820766091346741e-11      1.000000000232831                      0
-2.546585164964199e-11  5.820766091346741e-11 -8.731149137020111e-11                      0                      1
