5
2

0.0004084824642726093
0.0005276706638325507
0.0007210732289339201
    0.100820075598668
   0.5748987482760241

 -0.5400179018848835    0.781323919588546  -0.1567819504408727  -0.2290415482131808   0.1444748681629611
 -0.2217273644811599   0.1464369688986407  -0.1491137564865389   0.7762708102385875  -0.5518712773627719
  0.2773310742213091 0.003293162601418265  -0.8582332296130881   0.1895949686117742   0.3880284806767718
 -0.6550582644432713  -0.4474986764401588  0.08930640468134346   0.2897770878679717   0.5279178062904543
  0.3914125533754778   0.4096623444776891   0.4567763099299363   0.4743696718673049   0.4952795106567891

0.3997960047081993
0.3997555083886555
0.3996676414839816
0.3996072925296485
0.3995164173225769

0.001024093862705462
  0.4001031400464449

  1.716194079141318  0.0885688520049427    1.27022040082663   0.689509480951313  -3.764704838916277
  1.641520217277998 -0.4597503146561189  0.1013990861072582 0.05682621713935768 -0.3399837664177252

-2.934286272083109e-07  5.724410867144507e-07 -1.010768346353435e-06   -0.02884792645191897   -0.08238552985688111
-2.208692399116518e-07 -5.977320308927314e-08  1.276765525985441e-07   -0.01040370710109456     0.1186709428653886

cov:
0.05499694798121407 0.05597562685305519 0.05849621655075664 0.05943745931869559 0.06055689074551968
0.05597562685305519 0.05750265605852542 0.06143984902629247 0.06291008823629804  0.0646579838649409
0.05849621655075664 0.06143984902629247 0.06904029075082531 0.07187781146084084 0.07525067238202185
0.05943745931869559 0.06291008823629804 0.07187781146084084 0.07522694696909808 0.07920641946739672
0.06055689074551968  0.0646579838649409 0.07525067238202185 0.07920641946739672 0.08390738189425187

cov.inverse():
 2072245.286669142 -2643498.059245395    168379.04921401  224209.1595592808  178829.1052743855
-2643498.059251746  3735660.112232086 -818004.4236797183  -663053.259290371  388705.1251050297
 168379.0492412281 -818004.4237165337  1643787.442297521  -513459.120153765 -480682.9361593693
 224209.1595351589 -663053.2592541062  -513459.120169356  2547758.889466062 -1595407.160669017
 178829.1052776413  388705.1250992282 -480682.9361533775 -1595407.160672463  1508532.095541239

cov*(cov_.inverse()):
     1.000000000009095 -3.637978807091713e-12 -1.455191522836685e-11   2.91038304567337e-11                      0
                     0     0.9999999999890861  3.637978807091713e-12                      0                      0
-1.818989403545856e-12 -1.818989403545856e-11     0.9999999999781721                      0  1.455191522836685e-11
 2.000888343900442e-11  -2.91038304567337e-11 -2.182787284255028e-11      1.000000000058208                      0
 3.092281986027956e-11 -4.001776687800884e-11 -7.275957614183426e-12                      0      1.000000000014552
