6
2

0.0002072129211785986
0.0003565256816650439
0.0004196098990455277
0.0007078857919216621
    0.112877156040716
   0.6845055299071006

 -0.2275777775356617   0.7133430477865155  -0.6494811780017615   0.1137489142104349  0.06583077622306889 -0.01586644843164127
 -0.1025951871023181     0.16551294787884   0.1316470983359561  0.04684785187277579  -0.7965165832938572   0.5550813854565888
  -0.308467713385124   0.3902910486498529   0.4255294357931473  -0.7328049834600033   0.1798818056573294  0.04565806200398576
  0.6136206092394177  -0.1083540194958771  -0.4288574453996897  -0.5252413337448852  0.06455758418692424   0.3844012299028564
 -0.5907575991543315   -0.409574854558462  -0.2169785281821775  0.02481009227542389   0.3475596974219803    0.561035588810503
  0.3420606079518352   0.3632188081245272   0.3857065594825696   0.4139677767099961   0.4515581385437502   0.4764693224595095

0.3983173739283652
0.3972598137701291
0.3960949725121863
0.3946772603859833
0.3926826435665661
0.3913479317774294

0.01489800210752178
 0.4004195842496136

 0.1990471781319348  0.4066211430271827  0.5033106280017082   2.097182501993754   1.185274998375964  -4.391973024006774
  1.370031532645657 -0.1432083719614656  -0.136023338838396  0.2286324805567159 0.01990371193390411 -0.3391970421299014

 1.305873336544372e-08  -4.03017509866649e-07  -2.13517958613948e-07 -1.428670888886275e-06   -0.03049499096030709    -0.1308864932553967
-1.257639037184803e-08 -4.774186506159858e-08  -1.26038862770409e-07  3.334040792697886e-07   -0.01145310331090222     0.1434552527806999

cov:
0.05926948955078126 0.06129651772278018 0.06345091139208436  0.0661604721956499 0.06975595502504547 0.07214177168128255
0.06129651772278018 0.06395195422424887 0.06677395485352459 0.07032177500907229 0.07503484882979899 0.07816034428703096
0.06345091139208436 0.06677395485352459 0.07030564688307012 0.07474453735022628  0.0806456038507694  0.0845573773400641
 0.0661604721956499 0.07032177500907229 0.07474453735022628 0.08030279784271541 0.08769571014751404 0.09259499854016144
0.06975595502504547 0.07503484882979899  0.0806456038507694 0.08769571014751404 0.09707833050773086  0.1032941677363495
0.07214177168128255 0.07816034428703096  0.0845573773400641 0.09259499854016144  0.1032941677363495  0.1103817010432125

cov.inverse():
 2580873.983831902 -4730915.776141992  2065510.660552673 -63.11991049328091   57871.9810483585  26770.98010460306
-4730915.775997668  12955322.83041525 -9582836.136953166  439985.7497430104  441294.9997115449  477252.6979238893
 2065510.660327811 -9582836.136641711  11356042.82938829 -2993597.563171783  -1441240.48047649   596248.036743797
-63.11982168333279  439985.7495758896 -2993597.563133366  3919051.112765434 -935491.2489835287 -430396.2248294514
 57871.98098855926  441294.9997749902 -1441240.480370152 -935491.2491242049  5284266.302135444 -3406464.265299472
 26770.98015612029  477252.6978604472  596248.0366856372  -430396.224728672 -3406464.265330179    2736601.4005527

cov*(cov_.inverse()):
     1.000000000018872  1.455191522836685e-11  -2.91038304567337e-11  3.637978807091713e-11   2.91038304567337e-11                      0
-4.138200893066823e-11      1.000000000203727 -8.003553375601768e-11  2.182787284255028e-11  5.820766091346741e-11                      0
 2.955857780762017e-11  9.458744898438454e-11      1.000000000021828  7.275957614183426e-12                      0   2.91038304567337e-11
 2.364686224609613e-11  5.820766091346741e-11 -4.365574568510056e-11      1.000000000065484  5.820766091346741e-11  5.820766091346741e-11
 3.637978807091713e-12  5.820766091346741e-11  1.236912794411182e-10   2.91038304567337e-11                      1  5.820766091346741e-11
 9.094947017729282e-13  7.275957614183426e-11 -7.275957614183426e-11                      0                      0                      1
