6
2

0.0001126355833224055
0.0003235524263609769
0.0003584359923185969
0.0004567211910016859
  0.09125774848418203
   0.7039535449208635

  0.1012161590709854  -0.6989537535459869   0.7025335537548867 -0.06325300179094262 -0.05819900555123264  0.01665769830153707
  0.4832398038033947  -0.4594960388077815   -0.458228233607055   0.3069004550678666   0.4123936147974532  -0.2848037665109062
  0.2066556414108576  -0.1331787525946436  -0.1860150044046365   0.5005559369582682  -0.7321345362845495   0.3440611262871512
  0.4761433248039776 -0.07259475561475351  -0.2157226994062545  -0.6780161023353504 -0.02090202290886867   0.5112127962747257
 -0.6032576197500634   -0.371204269439567  -0.2597019921352268   0.1166836010409744   0.3094525722817442   0.5669802047696576
  0.3505649804161031   0.3735342720398486   0.3845653418498659   0.4218222666497021   0.4408237901396365   0.4662898255064617

0.3972933302463049
0.3961063409554084
0.3956029920056494
0.3936342677978932
0.3926366584397218
0.3912826683402658

0.01517202457111196
 0.4005075564558343

  1.227312279089931  -5.074459203519448   6.804708725390445   1.141085851949187  0.2727553784201545   -4.37195393458207
   2.44091594085004  -1.925014108585802  0.8073861775215628  0.1700961751950978 -0.1330575605732358 -0.3602043427446582

 1.051821721262363e-07  1.585473842705042e-07 -1.887410882415146e-07 -7.362436086795107e-07   -0.02402772378692031    -0.1414310013198063
 2.728616176061644e-08  1.878106592020096e-07  8.598157835498093e-08  1.733652629871613e-07  -0.009936640155442015     0.1448342956820497

cov:
0.06393188192559221 0.06675624028004849 0.06811239557559717 0.07269384921991229 0.07502642776328942 0.07815670499660438
0.06675624028004849 0.07029067536372101 0.07198787759476177 0.07772073966815725   0.080642102931905 0.08455988722587872
0.06811239557559717 0.07198787759476177 0.07384894992063416 0.08013497813827435 0.08333920421716273 0.08763531261038739
0.07269384921991229 0.07772073966815725 0.08013497813827435 0.08828883541660097 0.09244795726381498 0.09802145245049763
0.07502642776328942   0.080642102931905 0.08333920421716273 0.09244795726381498 0.09709575460662259  0.1033223668425353
0.07815670499660438 0.08455988722587872 0.08763531261038739 0.09802145245049763  0.1033223668425353  0.1104229272754356

cov.inverse():
 4457495.403945995 -8077281.996811857  2698050.508547809  169521.6391257955  213945.4204088254  538514.0445327567
-8077281.996340803  40687716.80505888 -36425552.80136482  1854815.248133514  2162448.508387742 -202234.0365375901
 2698050.507974386 -36425552.80054282  41401148.67234701 -4869553.389898122  -3946267.93001741  1142206.015593923
 169521.6391335236  1854815.247778091 -4869553.389401338  5369122.640179937 -1285371.800083939   -1239135.1475474
 213945.4205199845  2162448.508511229 -3946267.930497428 -1285371.799748903  6065779.556907339 -3210220.431171602
 538514.0445162506 -202234.0366565931  1142206.015825695 -1239135.147733336  -3210220.43108191  2970988.279702056

cov*(cov_.inverse()):
    0.9999999998690328  6.439222488552332e-10 -9.458744898438454e-10  4.365574568510056e-11                      0                      0
-3.637978807091713e-11      1.000000000003638 -1.891748979687691e-10  4.365574568510056e-11                      0                      0
 -1.01863406598568e-10  6.548361852765083e-11     0.9999999999417923 -4.365574568510056e-11 -5.820766091346741e-11  8.731149137020111e-11
-8.731149137020111e-11 -1.382431946694851e-10 -1.091393642127514e-09       1.00000000007276                      0                      0
-1.455191522836685e-11  3.128661774098873e-10  8.731149137020111e-11  5.820766091346741e-11      1.000000000058208                      0
-1.455191522836685e-11  1.455191522836685e-11  1.455191522836685e-11                      0                      0                      1
