6
2

0.0002034423576813005
0.0004193997973903287
0.0005204547428905638
0.0006797080773809471
   0.1111258364356369
   0.6412885133889039

 -0.2692508921908466   0.7554874641946272   -0.593742550790022  0.03750323190501294  0.04829977188359776  0.02175020719980543
 -0.1875583855147007    0.202878264601159   0.2961858262259806 -0.07539588182542266  -0.7514550451635309   0.5153319262576475
 -0.4444450469679712   0.2738848610688346   0.5373589697677669  -0.5447281320517786   0.3400890445908062  -0.1622088919071946
  0.4531121408522307 -0.04300965083228251  -0.2777012247653479  -0.7097428897416519   0.1382296402780497   0.4391801276483147
 -0.6037775777059738  -0.4166195214945366  -0.2022169397748836    0.121764301109541   0.3230439871575507   0.5493679619106929
  0.3534634829441437   0.3710047551170308   0.3911258318830683   0.4214483553038265   0.4402919915164644   0.4614800835978621

0.3996963504383478
0.3996043694162491
0.3994567099466282
0.3992798129130516
0.3991140720537771
0.3989261761979449

0.002077937578893036
  0.4001502538554133

  0.1363300599914108    1.974549065600181 -0.00944630337187051   0.8949178276931015   0.4280937323141924   -3.424424262013139
   1.470655938376073  -0.1667669567252451  -0.1303621123292393  0.08254165049186982  0.04358696833549736  -0.2995773679209413

  5.96166636243497e-08 -3.133865172125489e-07  1.865522157032264e-07 -9.704162054383716e-07   -0.03132984998139181   -0.09771142168424078
-1.845440543434227e-08 -9.527195224020013e-08 -2.033978652799492e-07   2.42837870134695e-07   -0.01151609324069451     0.1327077615076393

cov:
0.05588216327090925 0.05703633225645525 0.05836251731903153 0.06035470033219854 0.06159320047163664 0.06298575394490938
0.05703633225645525 0.05874992615071787 0.06071684466976824 0.06367644731742586 0.06551601350407263 0.06758441544371278
0.05836251731903153 0.06071684466976824 0.06341804481645945 0.06748627690622079 0.07001464772101174 0.07285755694790554
0.06035470033219854 0.06367644731742586 0.06748627690622079 0.07322927353222605 0.07679752902839625 0.08081014440318095
0.06159320047163664 0.06551601350407263 0.07001464772101174 0.07679752902839625 0.08101273666321125 0.08575194455096333
0.06298575394490938 0.06758441544371278 0.07285755694790554 0.08081014440318095 0.08575194455096333 0.09130871465573941

cov.inverse():
 3125241.771307286 -5622629.832293009  2392674.510574516  34113.71568551504  64608.59477060833  5858.968763959292
 -5622629.83222774  14305185.80942412 -9927025.372717679  112885.4590283794   345901.517455359  786483.0546480339
 2392674.510453828 -9927025.372486889  10249204.90906185 -1318980.966763452 -1366656.815772216 -30048.71505249523
 34113.71565656129  112885.4590776391 -1318980.966799058  2252082.638344908 -530402.7630554982 -549655.0908327062
 64608.59494751492  345901.5169284571  -1366656.81533487 -530402.7631110176  3735052.320962577 -2248435.678375502
 5858.968671432435  786483.0549601448 -30048.71534413953 -549655.0907924896 -2248435.678343635  2035870.140981679

cov*(cov_.inverse()):
     1.000000000042689   2.91038304567337e-11 -1.637090463191271e-11 -7.275957614183426e-12  -2.91038304567337e-11 -1.455191522836685e-11
 4.308731149649248e-11      1.000000000021828 -8.708411769475788e-11  1.455191522836685e-11                      0                      0
 2.933120413217694e-11  4.365574568510056e-11      1.000000000132331  -2.91038304567337e-11  -2.91038304567337e-11                      0
-4.547473508864641e-11  7.275957614183426e-11 -1.045918907038867e-10     0.9999999999854481  -2.91038304567337e-11                      0
 1.904254531837068e-11 -1.455191522836685e-10  5.911715561524034e-11 -7.275957614183426e-12                      1                      0
 1.637090463191271e-11 -5.820766091346741e-11  1.045918907038867e-11  7.275957614183426e-12                      0                      1
