5
2

0.0001294048023634554
0.0005026221903330156
0.0006059751762315311
  0.07196823518684856
   0.5896219023247276

-0.05691312031710426   0.6515093952396518  -0.7480230646429827  0.05441951637447567  0.09897684400869611
 -0.3188576622837917   0.5301861531578507   0.4388260632282149  -0.6516608974974952 0.001481589342710005
  0.3681009516502094  -0.2723799633518909  -0.2166969997039983  -0.5461241118624948   0.6671594335092016
 -0.7762385917136801  -0.1717475691423476 0.000673981020799047   0.2417997373239286   0.5563172242594326
  0.3962903305245523   0.4367494464475714   0.4482578912441087   0.4643898495690958   0.4853975952917965

0.4004974741514066
0.4000490131586624
0.3999765512284604
 0.399764134077753
 0.399477107202665

0.003433946087757867
  0.4011303470314424

   1.410480989332885    3.217590131182027  -0.2822426570705334  -0.7045266527796894   -3.641520036578086
   1.448666432273724  -0.1495889609775825  0.04754437546571856 -0.05792902229210298  -0.2886151866589932

 3.061721123312166e-08  4.006800221083773e-07  -8.59541651169603e-07   -0.01990903304502579   -0.08935990584082265
-4.139340878942826e-09 -1.220305017504244e-07  1.479038943302416e-07   -0.00659525443775801     0.1262251590125496

cov:
0.05771859747548016  0.0608622330210233 0.06175457385765739 0.06300770805999735 0.06463758829110938
 0.0608622330210233 0.06646790970649732  0.0680619139913454 0.07029675449341054 0.07320670834177087
0.06175457385765739  0.0680619139913454 0.06985597928309567 0.07237069878454468 0.07564559061332447
0.06300770805999735 0.07029675449341054 0.07237069878454468 0.07527738315978426 0.07906256621689488
0.06463758829110938 0.07320670834177087 0.07564559061332447 0.07906256621689488 0.08351418153266613

cov.inverse():
 964993.6134136667 -3156474.788777079  1771206.464068099  90052.62016030714  330441.1123873775
-3156474.789132704  26662553.71832595 -28021115.79838466  1154725.334948692  3359039.446655778
 1771206.464586908 -28021115.79975552   34304191.3453915 -3240587.611250319 -4812410.267759532
 90052.62006698712  1154725.335863868 -3240587.612225717  2670052.305055628 -674369.8774780215
 330441.1123175255   3359039.44675585 -4812410.267636254 -674369.8776315234  1797214.433043203

cov*(cov_.inverse()):
     0.999999999996362  8.731149137020111e-11 -1.746229827404022e-10  -2.91038304567337e-11   2.91038304567337e-11
 3.637978807091713e-12      1.000000000116415 -1.164153218269348e-10 -5.093170329928398e-11                      0
 3.637978807091713e-11  5.820766091346741e-11     0.9999999999417923  -2.91038304567337e-11   2.91038304567337e-11
 3.637978807091713e-12  1.746229827404022e-10 -2.328306436538696e-10      0.999999999992724  -2.91038304567337e-11
 1.818989403545856e-11  1.164153218269348e-10  5.820766091346741e-11 -1.455191522836685e-11                      1
