5
2

0.0002676213578897564
0.0003812842103120125
0.0005884965998361222
   0.1163433538203624
   0.5810663502775639

   0.4716507583366868   -0.7780096387028563    0.4032655275113513  0.001197222768884475  -0.09809202426554739
 -0.02433610832634521   0.06160334581475883    0.2727509153098526   -0.8157542586796339    0.5057318550967832
   0.4779461528019499   -0.1530505037177484   -0.7490678449784933  -0.00819887863288446    0.4324039319224539
   -0.636349628374601   -0.4563446926031605 -0.006626527648718643    0.3148123325559961    0.5363375396169918
   0.3789194393024448    0.3990377108927789    0.4492630691134382    0.4851489768756586    0.5098844268767655

0.3975052408028529
0.3975763291002603
0.3976633864156983
0.3977336526389698
0.3977468972069171

-0.0001622930471804842
    0.3976722292919466

 -0.2208386415081206    3.460745544792315    -1.89082127609318    1.370412183849148   -2.719812272048909
    1.44235861061571 -0.09507525585576987  -0.2430122738893276   0.1176516560707761  -0.2219236093824631

-2.356854698638452e-07 -4.056866015825825e-07 -1.406639099917564e-07   -0.03321066878318441   -0.09255473999014142
 4.857136589940411e-08 -4.585921184508384e-08  2.732628552980132e-07   -0.01292442886949665     0.1159266421998358

cov:
0.05395934288646458 0.05498261013050033 0.05753462334775741 0.05935718550195943 0.06061374124949184
0.05498261013050033 0.05658136866605668 0.06057031581193765 0.06341968834526482 0.06538394117666803
0.05753462334775741 0.06057031581193765 0.06814877610721373 0.07356317105399926 0.07729531565384587
0.05935718550195943 0.06341968834526482 0.07356317105399926 0.08081130590575256 0.08580690256695585
0.06061374124949184 0.06538394117666803 0.07729531565384587 0.08580690256695585 0.09167364916465948

cov.inverse():
 3769674.341206132 -5344973.334161088  1576245.873740945  133111.7594219911 -133920.4153325987
-5344973.334085352  8545151.951576808   -3934000.8165233 -355065.4452448057  1088753.638370941
 1576245.873546014 -3934000.816257373  4402470.450345128 -1506006.219496265 -538718.5542430631
 133111.7595603859 -355065.4454956808 -1506006.219336501  4577645.241018707 -2849664.642036752
-133920.4153518016  1088753.638431626 -538718.5543318253 -2849664.641989472  2433553.508290107

cov*(cov_.inverse()):
    0.9999999999554348                      0  1.455191522836685e-11  -2.91038304567337e-11  -2.91038304567337e-11
 -7.09405867382884e-11                      1 -2.182787284255028e-11  -2.91038304567337e-11                      0
-6.002665031701326e-11 -1.455191522836685e-11     0.9999999999781721  -2.91038304567337e-11   2.91038304567337e-11
                     0 -5.820766091346741e-11  3.637978807091713e-11     0.9999999999417923   2.91038304567337e-11
 -4.18367562815547e-11 -1.455191522836685e-11  1.455191522836685e-11                      0                      1
