5
2

0.0001140874079472382
 0.000402802539815569
0.0004338961122905087
  0.06741265343959958
   0.6476136882371818

  0.6087854560579018  -0.7858617063399076  0.06453445869313282  0.08181232850422888  0.03071959548565169
  0.2026254510213719  0.09664396147989973    0.191771563437044   -0.874887171536464   0.3839257426191886
 -0.3789938863176495  -0.2339740168491715   0.8653775826548661 -0.02415466165724565  -0.2283812280638516
 -0.5290212799946887  -0.3788556526210843  -0.1363307512100139   0.1286542322032937   0.7358443412845735
  0.4059843772085133   0.4180979276850301   0.4377151320334154    0.459068427189289   0.5079689465656554

0.3954933277899184
0.3949818880564805
 0.394024692508745
0.3929788921222652
0.3905865272151133

0.01538736922541382
 0.3999563751389201

 -2.360788757409256   4.743025740881893   1.115150008996109   1.007966027849877    -4.5059338557884
  3.249156899872148  -1.665987441266845 0.08446113412634657 0.07487951750492669 -0.7424641967464427

-6.701342163003278e-08 -3.923068515746928e-07  3.303555545278257e-07     -0.017659933762357    -0.1314516148087991
 4.264077752774478e-08  2.644498765672119e-08 -1.131036869113028e-07  -0.007434398666758454     0.1328490021930228

cov:
0.07039934192789869 0.07210089054213042  0.0748580093982759 0.07785683503193377 0.08472348648428343
0.07210089054213042 0.07396648914049524 0.07698878993061979 0.08027692571388126 0.08780634849695275
 0.0748580093982759 0.07698878993061979 0.08044002803529206 0.08419570036123222 0.09279664216277411
0.07785683503193377 0.08027692571388126 0.08419570036123222 0.08846203777063681 0.09823191923277354
0.08472348648428343 0.08780634849695275 0.09279664216277411 0.09823191923277354  0.1106804216932692

cov.inverse():
 29490358.45060013 -36164823.24792706  1515862.800939697  2782561.377077714  2375955.579577313
-36164823.25001977  47796259.13731759 -4857627.820203736 -5430690.306030551 -1342300.548262854
 1515862.801401641 -4857627.820578115  4524409.200422094 -739471.9959676871 -443699.5063791643
 2782561.380255468 -5430690.309851515 -739471.9956927329  5234923.334444582  -1847799.82260932
 2375955.578029882 -1342300.546159682 -443699.5065665917 -1847799.822977585  1258135.941466779

cov*(cov_.inverse()):
    0.9999999997089617  1.891748979687691e-10  5.093170329928398e-11 -8.731149137020111e-11  1.455191522836685e-11
-4.074536263942719e-10      1.000000000101863  2.182787284255028e-11 -8.731149137020111e-11 -4.365574568510056e-11
-3.492459654808044e-10  1.309672370553017e-10       1.00000000003638 -8.731149137020111e-11 -1.455191522836685e-11
-2.037268131971359e-10 -7.566995918750763e-10                      0      1.000000000029104  -2.91038304567337e-11
-5.820766091346741e-11  1.746229827404022e-10  -2.91038304567337e-11  -2.91038304567337e-11     0.9999999999708962
