6
2

0.0001158913320987825
0.0001445627460548465
0.0003498724120851528
0.0005967085594394196
  0.06346528752602668
   0.6092636254480268

  -0.1337352473226021    0.5223900078488457   -0.7403320113990653    0.3997264217128881  -0.01411381304486192  -0.03393617961710393
    0.459840859890606   -0.6503444642893866   -0.2421972153165936    0.5472658511731118  -0.03633725301950631  -0.07822187941281238
  -0.5560096938719843 -0.001805092787470067    0.4442704880124809    0.6086232159254121   -0.2315965088441828   -0.2634663803398053
    0.130298404242446   0.07781750743847501   0.03389236241101364    0.0227582216978106   -0.8180281429752341    0.5532902401125284
   -0.545060001961866   -0.3806343856921699   -0.1858054169025259   0.03730227649304502    0.3113431470324782    0.6520562787858902
   0.3839875097346471    0.3914324961888963    0.4002504342180437    0.4103501681181317    0.4227751926401552     0.438186785762513

0.3804808446489767
0.3795783837522639
0.3783694325119895
0.3769868590851584
0.3753003934606409
0.3731729129399628

0.02825257087997435
 0.3862675734299147

   -1.517262629628529     2.667338158941143     5.714463631628569    -1.404293323533981   -0.9090517151986033    -4.551236117472872
    2.358377264720826   -0.4277482175661394 -0.009805978414588551   -0.3940678796631173  -0.06570149643618969   -0.4611490088617397

-4.067315841901468e-08 -8.768750738085534e-08  4.813814275474734e-07  -5.70744045086718e-07   -0.01833930036193536   -0.07653392646958451
-9.032647269442258e-09  2.482386450798816e-08 -1.735771999451534e-07  2.253948311716427e-08  -0.005867237168511045     0.1272020092738022

cov:
0.05592910775328911 0.05662925912618763 0.05745838467955245 0.05840815004569269 0.05957755531735909 0.06102633586584737
0.05662925912618763 0.05745895142772634 0.05844148810832563 0.05956692801702668 0.06095213155979571 0.06266912419202196
0.05745838467955245 0.05844148810832563 0.05960582810844862 0.06093940502479808 0.06258029889124708 0.06461508549635035
0.05840815004569269 0.05956692801702668 0.06093940502479808 0.06251137421057149 0.06444508532085601 0.06684382294870402
0.05957755531735909 0.06095213155979571 0.06258029889124708 0.06444508532085601 0.06673893516182573 0.06958442439233536
0.06102633586584737 0.06266912419202196 0.06461508549635035 0.06684382294870402 0.06958442439233536 0.07298632415397149

cov.inverse():
 14023072.03230376 -19474848.51416647  37003.17785770471  5305486.087867899  93539.51002953308  15840.87533745458
-19474848.51332733  40573695.10213214 -21257262.58037975 -1487237.982830342  406441.7063202757  1239015.792992335
  37003.1773847621 -21257262.58031122  45231084.52765533 -26165050.35844314  280680.7294198269  1873590.082029349
 5305486.086901656 -1487237.980793249 -26165050.35959809  29255386.89034209 -2575392.201927282 -4332979.218391138
  93539.5103924109  406441.7054247102  280680.7300498162 -2575392.201988128  2395578.368805305 -600959.2985626777
 15840.87557457057  1239015.792621495  1873590.082149861 -4332979.218414379 -600959.2985262254  1805466.648644479

cov*(cov_.inverse()):
    0.9999999998779003   1.01863406598568e-10 -1.309672370553017e-10  5.820766091346741e-11 -1.455191522836685e-11  -2.91038304567337e-11
-1.480202627135441e-10       1.00000000037835 -3.492459654808044e-10  1.164153218269348e-10   2.91038304567337e-11   2.91038304567337e-11
-1.142552719102241e-10  2.473825588822365e-10       1.00000000007276  1.746229827404022e-10 -7.275957614183426e-12 -1.455191522836685e-11
-2.560227585490793e-10  4.220055416226387e-10 -1.455191522836685e-10      1.000000000349246  2.182787284255028e-11 -1.455191522836685e-11
-3.115019353572279e-10  5.238689482212067e-10  -2.91038304567337e-10   2.91038304567337e-10      1.000000000007276                      0
 4.320099833421409e-11  5.820766091346741e-11 -8.731149137020111e-11                      0 -1.455191522836685e-11                      1
