6
2

0.0002063885446638905
0.0004004289369926765
 0.000418035120149555
0.0007140300195316704
   0.1076552385876835
   0.6789624229409463

  0.2250724405191833  -0.7072410453893854   0.6574899674618917 -0.09877423879618587 -0.08395268912443896 0.007418804569307149
 -0.1983542738223638   0.2776604890752967   0.2726604171867849  0.09548201601111778  -0.8153042803734801   0.3679383736246228
  0.2739051174052681  -0.3467819996917416  -0.3825834168748511   0.7690563826682674  -0.2509288118561663 -0.06273095040742713
  0.6044451155604932 -0.08960664178888963   -0.396396054274205  -0.4603375402098097  -0.1444876376423802   0.4865178227160102
 -0.5914946367888586  -0.3996568463411231   -0.195729534184945  0.06024994862714839   0.2327700285343873   0.6279223732094239
  0.3460551432350425    0.367017787215795   0.3892984540457852   0.4172989424979341   0.4361273256269717   0.4792129420382224

0.3981260310255084
0.3970600874144027
0.3958840788023221
0.3944525192198927
0.3934306798666935
 0.391094842135106

0.01502674586681186
 0.4002441684554848

 0.1948314719252021  0.5089772517518915 0.04049984363996495   1.799901227000705   1.816354805058372  -4.361358841373584
  1.376861672916903 -0.1340227896864829 -0.2121998447897221   0.181751107126706  0.1924027118078189 -0.4046673502320969

-2.777776838331487e-08 -4.489637402310493e-07  1.858342238975714e-07  -1.60944838705511e-06   -0.02936751241832542    -0.1275873164786239
 9.714222441446942e-09 -1.052787339141951e-07  1.086394332395817e-07  3.161089072633053e-07   -0.01063550920351962     0.1431406305414372

cov:
0.05926049920973619 0.06128926967191586 0.06344560999437442 0.06615770968069537 0.06797877825787543 0.07214345036133653
0.06128926967191586 0.06394751963374302  0.0667726268798927 0.07032435304193421 0.07271086933074436 0.07817030045023948
0.06344560999437442  0.0667726268798927 0.07030868129946076 0.07475295779420475 0.07774056400025221 0.08457636036754287
0.06615770968069537 0.07032435304193421 0.07475295779420475  0.0803183438739471  0.0840606131424624 0.09262484048105282
0.06797877825787543 0.07271086933074436 0.07774056400025221  0.0840606131424624 0.08831161756588665 0.09803979660724139
0.07214345036133653 0.07817030045023948 0.08457636036754287 0.09262484048105282 0.09803979660724139   0.110433848110233

cov.inverse():
 2580577.659231681 -4730196.929512072  2067190.990041559   19617.4046063573  374.4129885368209  62479.77913134099
-4730196.929550322  12927319.76884452 -9615517.088303389  360110.9838042823  505397.9767883517   552922.488753085
 2067190.990119952 -9615517.088456063   11758054.9559975 -2688023.535692118 -2020563.990894145  499244.6688358214
 19617.40452576015  360110.9841299681 -2688023.535979356  4086014.947930092 -1264657.117190885 -513445.4788752394
 374.4130404087071  505397.9765206334 -2020563.990636591   -1264657.1171914  4712334.830884647  -1933282.80394026
  62479.7791199343  552922.4888095229  499244.6687912342 -513445.4789168817 -1933282.803899059  1332413.386277514

cov*(cov_.inverse()):
     1.000000000026375 -2.110027708113194e-10  2.182787284255028e-11 -7.275957614183426e-11  -2.91038304567337e-11 -1.455191522836685e-11
 1.909938873723149e-11                      1 -2.110027708113194e-10  1.455191522836685e-11                      0  -2.91038304567337e-11
 5.456968210637569e-11 -5.820766091346741e-11     0.9999999999417923  1.455191522836685e-11   2.91038304567337e-11  -2.91038304567337e-11
-2.455635694786906e-11  3.637978807091713e-11 -1.964508555829525e-10      0.999999999992724 -5.820766091346741e-11 -1.455191522836685e-11
 2.728484105318785e-11 -5.820766091346741e-11 -8.003553375601768e-11  -2.91038304567337e-11     0.9999999999417923 -4.365574568510056e-11
-3.365130396559834e-11  3.637978807091713e-11 -5.093170329928398e-11  7.275957614183426e-12                      0     0.9999999999708962
