5
2

0.0002181032591033416
0.0004522665813814939
0.0006511720105953201
  0.09670838999816066
   0.5820276177389551

   -0.2073612237852352     0.7307188682402189    -0.6425865521261265    0.02070168509987638    0.09851508376236633
-0.0009865581215394614     -0.131749401760946     -0.199371497075741     0.8322887158466361    -0.5001875862782287
    0.5053225272742446    -0.4358463227783384    -0.5870549931073891    0.06374010286306241     0.4538620503021385
    -0.745264711565645    -0.2811663088591093     0.0119375933218934     0.2795565785376183     0.5359399497327495
    0.3824003173344777     0.4238814933640197     0.4500638378205909     0.4739749491183363     0.4968750007602019

0.3992787806084047
0.3993020082536224
0.3992827343408518
0.3993048116700673
 0.399260113282738

0.000438594200038183
  0.3995230357564064

 0.9058204197473039   5.208874919777668  -5.161889709249748  0.7922880911384236  -1.745288330306201
  1.400540113828763 0.05292898722622111 -0.3751556339247338 0.07196180955511733 -0.1502860828218526

 3.225093073832801e-07  3.833906452545138e-07  2.019020403300311e-07   -0.02726385636916297   -0.08825059375565644
-1.141050364519762e-09  4.121674993085085e-08  3.567196100962188e-07   -0.01050811239827236     0.1180881286224099

cov:
0.05473099056363519 0.05686945903338461 0.05821815026969344 0.05945040881607264 0.06062995795622662
0.05686945903338461 0.06160565480249835 0.06459447474682879 0.06732407110940372 0.06993812376093228
0.05821815026969344 0.06459447474682879 0.06861909091721334 0.07229427855967678 0.07581424291242934
0.05945040881607264 0.06732407110940372 0.07229427855967678 0.07683339150522589 0.08118038052231601
0.06062995795622662 0.06993812376093228 0.07581424291242934 0.08118038052231601 0.08632020885742653

cov.inverse():
 1506193.315031076 -3704075.605090214  2102491.531611751 -18317.19119917597  113807.1108389246
-3704075.605067394  11757608.34145085 -9139081.579091955  -283606.563922526  1368957.768531135
 2102491.531637529 -9139081.579294307  9687480.852219468 -1179132.496816139 -1471617.806026048
-18317.19132460862 -283606.5633948848 -1179132.497332242  3405161.636771223 -1924135.733252379
 113807.1109157552  1368957.768228667 -1471617.805686519 -1924135.733366266  1912995.865322423

cov*(cov_.inverse()):
     1.000000000019099  -1.01863406598568e-10  1.455191522836685e-11  1.455191522836685e-11                      0
-6.366462912410498e-12       1.00000000007276                      0  -2.91038304567337e-11                      0
 7.275957614183426e-12  5.820766091346741e-11                      1   2.91038304567337e-11  -2.91038304567337e-11
 2.728484105318785e-11   1.01863406598568e-10                      0                      1                      0
 7.275957614183426e-12   2.91038304567337e-11  1.455191522836685e-11                      0      1.000000000029104
