5
2

0.0001423410152878339
0.0003092903115229938
0.0005953057262827085
  0.06215786532211044
   0.5583647194853432

  -0.4854001067321983    0.7826089553274823   -0.3841315059241568   0.02649150346144233   0.06042471205052989
  -0.4669675938167093    0.1335362288027863     0.807089493952009   -0.2203047798590078   -0.2533410638758091
   0.1451883320166872   0.08586786573147544   0.02323179164848548   -0.8122146382479875    0.5579558433724171
  -0.5917817988201951   -0.4245684272216343 0.0004895360258733553    0.2792134184413331    0.6257600023239474
   0.4183809908931688    0.4266844957103859    0.4477829598365822    0.4616397432994932     0.478828628912257

0.3804390118711804
0.3795353100609581
0.3769405901821775
 0.375252088726902
0.3731219085866523

0.02828904423544744
 0.3862328581895695

 -1.532299729001507   5.356803501624007   1.912937747584067 -0.9412004886924454  -4.796311779938965
  2.354308503706093 -0.4247790168214847 -0.4053109799558805 -0.0641919236548239 -0.4601175053052604

 7.874406910541651e-08  4.206409489910575e-07 -5.775572269492257e-07   -0.01789133570890813   -0.07169056141496992
 -2.73326035889774e-08 -1.293830176060239e-07  3.236971492799253e-08  -0.005868553561616728     0.1160752014526996

cov:
0.05592633905173842 0.05662708058355283 0.05840726793518497 0.05957745694517873  0.0610272848355257
0.05662708058355283 0.05745741395872486 0.05956683774259766 0.06095293653886188 0.06267111797368896
0.05840726793518497 0.05956683774259766 0.06251317048596169 0.06444809577878638 0.06684842804025461
0.05957745694517873 0.06095293653886188 0.06444809577878638 0.06674338765494495  0.0695907645333721
 0.0610272848355257 0.06267111797368896 0.06684842804025461  0.0695907645333721 0.07299491934634687

cov.inverse():
 13968005.76009314 -19365892.42748465  5272497.017306737  107956.6912182058  17559.25977337106
 -19365892.4274703  30436659.99738904  -13705355.5830217  518912.0779650647  2115466.575664055
 5272497.017316605 -13705355.58309221  14093776.26771465 -2414216.881743602 -3246469.930658695
 107956.6911568591  518912.0781427188 -2414216.881922569  2403511.112962289 -616271.3326070595
 17559.25981049032  2115466.575571259 -3246469.930540357 -616271.3326697168  1729695.115642373

cov*(cov_.inverse()):
     1.000000000183491 -1.891748979687691e-10  1.746229827404022e-10 -1.455191522836685e-11  -2.91038304567337e-11
 1.427906681783497e-10     0.9999999999126885  1.746229827404022e-10 -7.275957614183426e-12 -1.455191522836685e-11
 2.200977178290486e-10 -1.746229827404022e-10                      1 -7.275957614183426e-12 -1.455191522836685e-11
 2.069100446533412e-10  1.164153218269348e-10   2.91038304567337e-11      1.000000000014552 -1.455191522836685e-11
  1.39152689371258e-10  -2.91038304567337e-11 -5.820766091346741e-11                      0                      1
