5
2

0.0004238868352743999
0.0006506123051646781
0.0007819686988995213
  0.09861366062808066
   0.5971732100646532

  0.06916419142228547    0.1048728099789479    0.1180537511563941   -0.8270748708622423    0.5350032506238915
  -0.1805715260736446   -0.2390690955604611    0.8846192319965311    -0.133544676442396   -0.3314430951084996
   0.3884469175308407   -0.8494183258484982 -0.006002956924278186    0.1372207552661629    0.3297452483446462
  -0.8219622200517336   -0.1447609703849947   0.01510254673035217     0.236667001009955    0.4971750335405349
   0.3689137292982613    0.4351786190071293    0.4508303492558977    0.4725168487358296    0.4979980459247443

0.3992985441427916
0.3990653001884456
 0.398982108376499
 0.398850390967898
0.3986916752934819

0.001667179621054849
  0.3996992171975705

  0.9284421527594995    1.296275522024788    1.196687637756255   0.7336158429438098   -4.155207776052197
   1.266177616007587  0.02339905537946804 0.006497764773794268 -0.01162581346465169  -0.2844700631440625

-4.471108793510718e-07  7.874615002666779e-07 -1.233410018342869e-06   -0.02747180102835661   -0.09860782971411422
-9.304161598847369e-09 -5.614745471650213e-08  2.302388490344037e-07   -0.01155504946500805     0.1187757336498432

cov:
0.05510476358648816  0.0584092436485797 0.05919067063751775 0.06027282626392676 0.06154290419432031
 0.0584092436485797 0.06774031647864551 0.06994373392458909 0.07299739965579703 0.07658508258251914
0.05919067063751775 0.06994373392458909 0.07248401002366447 0.07600275760175906 0.08013766648506579
0.06027282626392676 0.07299739965579703 0.07600275760175906 0.08016722610854708 0.08506037144583888
0.06154290419432031 0.07658508258251914 0.08013766648506579 0.08506037144583888 0.09084539513551416

cov.inverse():
 350487.7639340383 -397238.8272047903 -335736.4132719196 -174246.0280336105  556760.1749666815
-397238.8272081251  1376186.976059799 -422371.8112176938 -597931.1060950826   41388.6823049606
-335736.4132627858 -422371.8112136693  1926330.961538988 -823838.7996170095  -344387.955204308
-174246.0280422937 -597931.1061194111 -823838.7995608435  3879992.314816507 -2284065.785483627
 556760.1749695652  41388.68232193182 -344387.9552473181 -2284065.785460473  2030356.488416051

cov*(cov_.inverse()):
     1.000000000007276  8.640199666842818e-12  1.091393642127514e-11  -2.91038304567337e-11   2.91038304567337e-11
 7.275957614183426e-12     0.9999999999831743                      0  -2.91038304567337e-11   2.91038304567337e-11
 1.455191522836685e-11  7.275957614183426e-12      1.000000000007276  -2.91038304567337e-11   2.91038304567337e-11
 7.275957614183426e-12  2.728484105318785e-12  2.182787284255028e-11     0.9999999999708962   2.91038304567337e-11
                     0 -2.273736754432321e-12 -3.637978807091713e-12                      0                      1
