6
2

0.0002097742937322827
0.0003529122914853445
0.0004006525410292416
0.0006500036999158877
   0.1145502617742087
   0.6900271580590294

  0.2364102898743247  -0.7317903175635114   0.6277751996321308  -0.1028157419061302 -0.05651985645870655  0.02694130158047078
 0.06173872943396468 -0.09972806058117037  -0.0825857783757615  -0.2361114252785422    0.834126245707585  -0.4773960970780688
 -0.2258611611122872   0.3133464836723996   0.3102270751091107   -0.796189854664293  0.05573748437645111   0.3428336726540078
  0.6381028116518462  -0.2068533194860594  -0.5464777925929016  -0.3019395875908735  0.01734666484164359   0.3999126240151972
 -0.6064573616574431  -0.4293575303490531  -0.2411595705862659   0.1543587819629762   0.3104762827156594   0.5191160616284914
  0.3381116831520742   0.3594649378914662   0.3821532853758969   0.4298463507757618   0.4485931519461476   0.4737305282235308

0.3982251219112543
0.3971501016568678
0.3959643971794826
 0.393492728113049
0.3924948968055121
0.3911403585447533

0.01513563392738014
 0.4003574113233522

  0.2060806297980928   0.3454850966970111    1.083538405986883    2.084687378449344   0.9334916526248411   -4.653800444055252
   1.361241176054184  -0.1295881363829801  -0.1041017771352214   0.2808274910819865 -0.02790202759722901  -0.3803467105951531

 3.680447080462482e-09  2.985295599164314e-07 -4.503300396827769e-07 -1.270245506624891e-06   -0.03069005900012384    -0.1341985430758266
 1.380650538606396e-08  2.460525355269121e-08 -1.181277609102069e-07  3.020590282629044e-07   -0.01190863932577842     0.1437461349775288

cov:
0.05925804656152396 0.06128607490807718  0.0634409016116744 0.06797154135194014 0.06974725841568044 0.07213383749227473
0.06128607490807718 0.06394315197900767 0.06676606181438133 0.07270058218632923 0.07502963134260478 0.07815654538804473
 0.0634409016116744 0.06676606181438133 0.07029895159713971 0.07772533892629604  0.0806423947641277 0.08455604294593033
0.06797154135194014 0.07270058218632923 0.07772533892629604 0.08828771018062323 0.09244057054119847 0.09800787980056339
0.06974725841568044 0.07502963134260478  0.0806423947641277 0.09244057054119847 0.09708088064040486  0.1032998899715621
0.07213383749227473 0.07815654538804473 0.08455604294593033 0.09800787980056339  0.1032998899715621  0.1103912519524688

cov.inverse():
 2582216.645772773   -4734125.0157992  2069843.561121673 -5153.422510252627  57598.23519012679   29667.7891293996
-4734125.015824443  12962196.61738957 -9500396.316970205    492472.17119316  372296.2568695557  407656.3926770415
 2069843.561140781 -9500396.316970682  10316928.72044807 -2458387.697247358 -1274130.420001918  846195.9204204308
-5153.422507108286  492472.1713335674 -2458387.697506013  4852708.621608644 -1738098.048810071 -1144157.671911833
 57598.23522976041  372296.2564895887  -1274130.41944872 -1738098.049097362  5679040.860371866  -3096384.26813455
  29667.7890927607  407656.3928918049   846195.920144563 -1144157.671739656    -3096384.268209  2957132.658533596

cov*(cov_.inverse()):
    0.9999999999690772 -3.637978807091713e-12 -1.455191522836685e-11  8.731149137020111e-11  -2.91038304567337e-11                      0
-5.093170329928398e-11     0.9999999999599822  5.820766091346741e-11  4.365574568510056e-11 -5.820766091346741e-11                      0
-4.092726157978177e-11 -1.455191522836685e-10      1.000000000014552   2.91038304567337e-11 -8.731149137020111e-11   2.91038304567337e-11
-1.546140993013978e-11  3.637978807091713e-11 -1.455191522836685e-11      1.000000000058208                      0                      0
 1.818989403545856e-12 -1.382431946694851e-10  2.328306436538696e-10  5.820766091346741e-11                      1                      0
-2.182787284255028e-11 -3.637978807091713e-11                      0                      0                      0                      1
