5
2

0.0001149747795122727
0.0003327985345377605
0.0004571348652103322
  0.08568689938464268
   0.6322065618703252

 -0.1081233403590807   0.7080853123352814  -0.6932215924521211  0.07840885443459863  0.01484617893738793
 -0.5204554231925523    0.460465303768426   0.4949411620566027  -0.5154152955672981  0.08048711506972414
  0.4787030092950529 -0.07605169157738886  -0.2189506832341711  -0.6835116639681664    0.499931968002484
 -0.5783179764830146  -0.3268694576697365  -0.2060902479830483   0.2017349026373261   0.6895901061235422
  0.3922081624692526   0.4170843947349363   0.4290273625979826   0.4693761379947919   0.5175277076489697

0.3972157262291697
0.3960263445340433
0.3955218525737565
0.3935484326354715
0.3911909634605445

0.01520379600720334
 0.4004357430602429

  1.256930602094735  -5.198855014341777   6.949256016676216   1.213484075706937  -4.221406552861035
  2.442163301939299  -1.839991140617336  0.6842327315403111  0.1394276785641484 -0.4257015029476772

-1.137120150629413e-07 -6.355257469857797e-08 -7.239453572487333e-07   -0.02295164144586758    -0.1235331879625103
-2.692272668324602e-08 -2.088571947971037e-07  1.778500220595931e-07  -0.008938124507280138     0.1315328039398033

cov:
0.06393816669644184 0.06676995735747798 0.06812927311402078 0.07272266102943711 0.07819946688755064
0.06676995735747798 0.07031348702348972 0.07201453500601308 0.07776197489377611 0.08461813891017556
0.06812927311402078 0.07201453500601308 0.07387972808525936 0.08018142109309147 0.08770002658011886
0.07272266102943711 0.07776197489377611 0.08018142109309147 0.08835514907857196 0.09811091359327882
0.07819946688755064 0.08461813891017556 0.08770002658011886 0.09811091359327882  0.1105411836606379

cov.inverse():
 4426709.828738169 -8129609.208231261   2842688.41272728   214925.953684625  645511.6473813781
-8129609.207956255  39870614.24048725 -34994935.73736551  2305858.620698682  947889.5268140779
  2842688.41232557 -34994935.73621009    38794098.151619 -5698943.300170453 -942682.9620768647
 214925.9538491369  2305858.619292341 -5698943.298807362  5099296.640624655 -1921670.514482409
 645511.6473435595  947889.5273401398 -942682.9626863907 -1921670.514361133  1271235.313681171

cov*(cov_.inverse()):
     1.000000000065484  3.346940502524376e-10  8.731149137020111e-11 -5.820766091346741e-11  1.455191522836685e-11
 1.455191522836685e-11      1.000000000407454  4.365574568510056e-10  -2.91038304567337e-11  1.455191522836685e-11
 4.365574568510056e-11  5.238689482212067e-10     0.9999999999272404 -8.731149137020111e-11   2.91038304567337e-11
-5.820766091346741e-11  5.384208634495735e-10 -7.275957614183426e-11     0.9999999999417923  1.455191522836685e-11
 8.731149137020111e-11  1.455191522836685e-10 -4.365574568510056e-11   2.91038304567337e-11                      1
