5
2

 0.000205849670487134
0.0004205586870560793
0.0005858565957486273
   0.1101842282645456
   0.5816146357241774

  0.2741767435243238  -0.7645412058352263   0.5795938822219276 -0.05859250366728379 -0.03068726275393749
 -0.1654563561888384   0.1780456058386907   0.2609429831294033  -0.7830792595636717   0.5095287913700124
  0.6331779455849188   -0.242380817804339   -0.614627090225023  -0.1502462490609728   0.3741615065583186
 -0.5862485691499497  -0.3962253356777534  -0.1785362425416997   0.3546284471433748   0.5845353480436051
  0.3909598597063487   0.4099189302156023   0.4316689024090739   0.4847870881892358   0.5077009913002297

0.3997195326287515
0.3996298421970081
0.3994849026700833
0.3991530100964316
0.3989674192153689

0.002035199560299715
  0.4001668151954701

  0.1440677334906595    1.907684141658293   0.5129409323773841   0.6324861078924127   -3.197109846521589
   1.471751614472275  -0.1722437022762464 -0.08385509691453591  0.06342866491264973  -0.2789855410807557

-4.494424810701646e-08 -2.961929357917039e-07  -6.78800897390835e-07   -0.03127939856849132    -0.0868737527558703
 2.082476319506814e-08 -8.629116801465204e-08  3.127675952358554e-07   -0.01117146896006417     0.1210013033918615

cov:
 0.0558779961831103 0.05703269294330622 0.05835972854629683 0.06159010805017293 0.06298426133738402
0.05703269294330622 0.05874769289548286 0.06071648370704354 0.06551736120494417 0.06758878276609956
0.05835972854629683 0.06071648370704354  0.0634207485616138  0.0700214154142498 0.07286899288791941
0.06159010805017293 0.06551736120494417  0.0700214154142498 0.08102795742942243 0.08577527847403342
0.06298426133738402 0.06758878276609956 0.07286899288791941 0.08577527847403342 0.09134231604883851

cov.inverse():
  3096908.12112812 -5560552.187878638  2372253.361054357  76244.69458237648  15007.94266451191
-5560552.187985904  14144763.80447733 -9760692.998002695  374968.6170083304  802352.4956405205
 2372253.361183357 -9760692.998127699  9413312.017799243 -1687693.528933815 -338041.0345558336
 76244.69461178339  374968.6168769901 -1687693.528810134  3613833.991097667  -2377244.05020119
 15007.94261335686  802352.4957896181 -338041.0346755244 -2377244.050179431  1897994.214908256

cov*(cov_.inverse()):
     1.000000000056389 -5.820766091346741e-11 -2.546585164964199e-11  -2.91038304567337e-11                      0
 6.616573955398053e-11     0.9999999998690328 -9.094947017729282e-11                      0                      0
 3.910827217623591e-11  1.455191522836685e-10     0.9999999999054126 -5.820766091346741e-11                      0
  7.66249286243692e-11   2.91038304567337e-11 -1.164153218269348e-10                      1  -2.91038304567337e-11
 2.569322532508522e-11 -5.820766091346741e-11 -7.275957614183426e-12                      0                      1
