5
2

0.0001698523914126171
0.0003657014701455553
0.0004325684084542153
  0.09270368808222922
   0.5913550114922158

 -0.3631188025433021   0.7923295765161877  -0.4884572800908287  0.02723861724008786  0.03203311839823179
  0.2320265693480225  -0.1901928408518113   -0.460988929521338   0.7616825106740511  -0.3425190712899793
 -0.5035643848591485   0.1434660895323772   0.5890527517647095    0.305420836293039   -0.534392514779352
 -0.6394814850959974  -0.3797949091639302 -0.08491824165512711   0.3117206518447653   0.5851823516137992
   0.389608453292471   0.4137799337737953    0.441253260903153   0.4781695919186598   0.5036276607136257

0.3979411792113987
0.3980013543964964
0.3980653258909893
0.3981817934294741
0.3982257105781912

-0.0004022477334628956
    0.3979804108649916

  1.553913077570553   2.862375177966925  -2.795170959341464   0.859086952198328  -2.480370711571903
  2.337070919828943  -0.737013714765443  -0.502025108260564 0.09266399648821633 -0.1907529875911965

 8.692332324794608e-08  3.488697521322425e-07  -8.05475889902388e-08    -0.0260150516380336   -0.09860206403016833
-3.435901991539569e-08  1.403953394150311e-07 -2.709586596741881e-07   -0.01078293141199124     0.1162060866631705

cov:
0.05659718538294674 0.05846321946939606 0.06058577363847768  0.0634357456710537 0.06540149996110173
0.05846321946939606 0.06111326339462071 0.06412615817387249 0.06817328455665651  0.0709644865708718
0.06058577363847768 0.06412615817387249 0.06815036101282185 0.07355721931233895 0.07728597440925214
 0.0634357456710537 0.06817328455665651 0.07355721931233895 0.08079290254820894 0.08578232702208154
0.06540149996110173  0.0709644865708718 0.07728597440925214 0.08578232702208154 0.09164136076523573

cov.inverse():
 6328190.040330045 -10688705.73888919   3762935.83024471  156663.6474250903  440677.2153735903
 -10688705.7392092  22140972.78061106 -12307717.81087279 -100975.3531023224   957105.898771029
 3762935.830590902 -12307717.81114809  11713477.55954565 -2125187.775434624 -1044012.721183274
 156663.6477060419  -100975.353860953 -2125187.774855646  4862305.259836568 -2792767.623345085
 440677.2150664499  957105.8994849501 -1044012.721691358 -2792767.623243758  2439042.421063788

cov*(cov_.inverse()):
      1.00000000001819 -1.891748979687691e-10  8.731149137020111e-11 -5.820766091346741e-11                      0
 6.548361852765083e-11     0.9999999998544808 -5.820766091346741e-11                      0  -2.91038304567337e-11
 4.365574568510056e-11 -1.891748979687691e-10       1.00000000007276  -2.91038304567337e-11   2.91038304567337e-11
 -2.91038304567337e-11 -1.455191522836685e-11 -1.455191522836685e-11     0.9999999999708962                      0
-7.275957614183426e-12 -1.309672370553017e-10  -2.91038304567337e-11                      0                      1
