5
2

0.0002890506284958872
0.0004382776099248905
0.0006144582065371339
  0.08477422459953991
   0.6006304088065266

  0.5494760527565793  -0.8141385379530266   0.1091443079813398   0.1527547326904997   0.0028319856435359
  0.1759713374369082 -0.02027830646352606  0.05810308578390156  -0.7933259376882743   0.5795522985038071
  0.2630020776553413   0.1003393621759077  -0.8838127535096575   0.2145497105870821   0.3059499272230387
 -0.6661723899618215  -0.3922256216061273  0.02205867589924928   0.2795385876704902   0.5689859413280803
  0.3926250244816847   0.4157623184711407   0.4506661547186702   0.4723627291836871   0.4967501925107676

0.3996322174267403
0.3994663205842011
0.3992849213709026
0.3991097436027701
0.3989154082853418

0.002152276924853533
  0.4001849683535011

  3.035329765542622  -1.158511258909271  0.9012448520709708  0.4085919776171155  -3.186562059614633
  2.621764502245683  -1.436930827159568  0.0651088145861225 0.01107487742387189 -0.2608587025484533

 2.308314618751009e-07  -2.99836152730395e-07 -3.782170029514538e-07   -0.02333271876010948   -0.09873196185003717
 2.187777764905129e-07  6.421663624495185e-08  1.549392932062787e-07  -0.009535552213165821     0.1215536954742936

cov:
0.05880166312140023 0.06076725779341784 0.06372764946347019 0.06556818122777548 0.06763677660843255
0.06076725779341784 0.06346548752500468 0.06753279999333216  0.0700613087800796 0.07290327828198714
0.06372764946347019 0.06753279999333216 0.07327351131088851 0.07684140259817146 0.08085220789346027
0.06556818122777548  0.0700613087800796 0.07684140259817146 0.08105615869907026 0.08579326211924015
0.06763677660843255 0.07290327828198714 0.08085220789346027 0.08579326211924015 0.09134738967960171

cov.inverse():
 3958153.248808943 -5302902.625852045  155373.1586570837  427265.7697949673  762621.3721057393
-5302902.625964706  7962035.696535382 -1304549.455624728 -1347733.742705736 -7499.784515176238
 155373.1587719763 -1304549.455791711  2229036.934216409  -542648.699667556 -537179.6969014979
 427265.7699519938 -1347733.742870926 -542648.6997318427  3677670.510539486 -2214509.649949866
  762621.371946479 -7499.784295645487 -537179.6968893197 -2214509.650022334  1996649.050718549

cov*(cov_.inverse()):
    0.9999999999199645  1.463149601477198e-10 -1.455191522836685e-11  -2.91038304567337e-11                      0
-7.275957614183426e-11      1.000000000069122 -2.182787284255028e-11   2.91038304567337e-11                      0
-1.455191522836685e-11  2.580691216280684e-11     0.9999999999781721  5.820766091346741e-11  -2.91038304567337e-11
-7.275957614183426e-11  1.692797013674863e-10 -1.455191522836685e-11     0.9999999999708962                      0
-4.365574568510056e-11  6.662048690486699e-11 -7.275957614183426e-12                      0                      1
