5
2

0.0004238115159631584
 0.000564564134273514
0.0007481658252016734
  0.08465374013929376
   0.5771130719350013

-0.2467864829185011  0.8322208647186315 -0.3269134512135561 -0.3597142302519826  0.1011836555257555
-0.1833208739028468  0.2359476278322073 -0.2464912868987356  0.7415951138637736 -0.5477233851938698
 0.3495377991118694  -0.175913690660925  -0.792647537655191  0.1933204045884208  0.4256933199487805
-0.7947463329157343 -0.1768822337848377 0.03063357512313172  0.2546875734407035  0.5208519614039492
 0.3894759072769924  0.4353207990168461  0.4507117771070387  0.4673369456315815  0.4870927969277081

0.3997624182303801
0.3998703444961928
0.3998309682926283
0.3998230641696562
0.3997960803902017

0.0003421725622189938
   0.3999959660325801

     0.246832941390344      4.510194449874922 -0.0005270808346124201    -0.4159967474002172     -4.340561607592825
     1.309945400099272    0.04495385973475097   0.002295262246936547   -0.01612858881976406     -0.341090159610729

 6.112664895850414e-07  9.842387823331502e-07 -1.474878756253345e-06   -0.02408362283756643   -0.08306089852390686
-5.663778331698627e-08 -1.760588922291555e-08  1.678306468260832e-07  -0.008819659684726169     0.1189408688766516

cov:
0.05504874183254049 0.05747654850150528  0.0582911280118673 0.05917179189778471 0.06021869383052182
0.05747654850150528 0.06334054547128651 0.06530885599772487  0.0674352665960266 0.06996218607774922
 0.0582911280118673 0.06530885599772487 0.06766518993096052 0.07020953075824085 0.07323355909745626
0.05917179189778471  0.0674352665960266 0.07020953075824085  0.0732065309331168  0.0767670313232286
0.06021869383052182 0.06996218607774922 0.07323355909745626  0.0767670313232286 0.08096580345088569

cov.inverse():
 662872.0129585265 -1388978.811710901  95966.20834995217  188393.8364757889  441770.7627776445
-1388978.811717083   4085906.61847056 -1448061.316432728 -1178455.593947274 -70440.20571018165
 95966.20835159811 -1448061.316440002   1908072.07791382  -192560.573566939 -363388.3552005803
 188393.8364889711 -1178455.593964454 -192560.5735778609  2512638.733104311 -1329986.448640928
 441770.7627690003 -70440.20569191119 -363388.3551952866 -1329986.448655848  1322010.303836409

cov*(cov_.inverse()):
     1.000000000007276 -4.365574568510056e-11  1.091393642127514e-11  1.455191522836685e-11 -1.455191522836685e-11
 7.275957614183426e-12     0.9999999999845386  1.818989403545856e-11  4.365574568510056e-11 -1.455191522836685e-11
 3.637978807091713e-12  3.456079866737127e-11      0.999999999992724                      0                      0
                     0 -1.909938873723149e-11 -5.093170329928398e-11      1.000000000029104                      0
 7.275957614183426e-12  2.091837814077735e-11                      0                      0                      1
