8
2

0.0001092002813932038
0.0002331572846159415
0.0003533776250731264
0.0004033413180326766
0.0004343520625793424
0.0007679923945251251
   0.1156637183144558
   0.7935689338581057

 -0.01977849304522759     0.132727098137431   -0.6884918332424051    0.7072056803133219  -0.04667179585156392  -0.05053684054436306  -0.05262005583993885   0.01817555685931168
  -0.2767636414704859    0.7713888179252383    -0.318482113357337   -0.4401174123396041    0.1169187755505138     0.104169953886519   0.08383229306266947  -0.04096037643552228
  0.05945734742049316  -0.09588265686263552  -0.08040580308900602 -0.001873486557357029  0.007409084776754817   -0.2506453146554768    0.8338355610664003   -0.4718506391153052
  -0.1081368840737218    0.1526895394700815    0.1490496977861259   0.05922480702634277    0.2702496784714807   -0.8596586250760017  -0.01949801569350778    0.3561473229778845
  -0.2538791578875935    0.2991376187316376    0.3459782683153634    0.2243684227785723    -0.802577769157013  -0.05217078756005016    0.1361558931648433    0.1030951652601204
    0.643947924694533  -0.02589437603654812   -0.3418202519574388   -0.3440005544248785   -0.3731989586774911   -0.1124173985189165    0.1277998303753357    0.4257172237374517
  -0.5846447294900773   -0.4082781367304836   -0.2208077190931421   -0.1307179500347772   0.01441035501632948    0.1729945763017288     0.328503404923419    0.5362900365167691
   0.2947014079789363    0.3130341180549266    0.3325193796511311    0.3418785578576288       0.3569954670719    0.3734595520729901    0.3895582753768599    0.4111413193092932

0.3981808933452787
0.3971180384204032
0.3959462282977259
0.3954507792257447
0.3945205617167721
0.3935032285977779
0.3925168886568478
0.3911772638142161

0.01497238484921935
 0.4002918285791291

  0.2697141208538005    0.706654278605094   -5.166850564863641    6.465920986607477    1.067711901959528    1.025564828213333   0.1374523743932077   -4.506775549698057
   1.372706153798398 -0.06293010275181495    -1.14635342995129    1.135633409285963  0.07529395881826628   0.1130980088271299  -0.1363703859064398  -0.3509477545279376

 9.572818054058664e-08 -1.641557210182773e-08  2.926596596967725e-07  -4.08221048669202e-07 -2.924814280909915e-07 -1.602855465182373e-06   -0.03116443281605298    -0.1524167882314909
 1.846475876871475e-08 -2.933664217334079e-08  2.519893459826059e-08 -7.497506545898174e-08 -1.188979439552736e-07  4.005549242897916e-07   -0.01183338030977846     0.1660069102102104

cov:
0.05926627375194002 0.06128887559476024 0.06343872713336471 0.06447106239173087 0.06614150481571611 0.06795677829878077 0.06972829329367036 0.07210877337439074
0.06128887559476024 0.06393965400547717 0.06675685652487212 0.06810978468157719 0.07029711903805577 0.07267657427738122  0.0750008032788986  0.0781206359059331
0.06343872713336471 0.06675685652487212 0.07028346747796173 0.07197717891053126 0.07471396300068162 0.07769313476421688 0.08060488463087562 0.08451063654553943
0.06447106239173087 0.06810978468157719 0.07197717891053126 0.07383466070708768 0.07683546052281172 0.08010279775011508  0.0832968504792414 0.08758022662164386
0.06614150481571611 0.07029711903805577 0.07471396300068162 0.07683546052281172 0.08026217461182053 0.08399395660449091    0.08764318309204 0.09253546199652551
0.06795677829878077 0.07267657427738122 0.07769313476421688 0.08010279775011508 0.08399395660449091 0.08823325042059431 0.09237918781234528 0.09793609085809259
0.06972829329367036  0.0750008032788986 0.08060488463087562  0.0832968504792414    0.08764318309204 0.09237918781234528 0.09701216212347473  0.1032200758266758
0.07210877337439074  0.0781206359059331 0.08451063654553943 0.08758022662164386 0.09253546199652551 0.09793609085809259  0.1032200758266758  0.1102992377416779

cov.inverse():
 2586742.328050751 -4725299.830631489  1787245.707987001  349939.8958868589 -21379.00198813519 -46976.87770296245   26747.4796124915  43025.62996008762
 -4725299.83054632  13115525.25427309 -11417181.61617023  2054225.803502262  131366.5332326175  223467.3417174813  155602.4484635093  462407.9896454325
 1787245.707545442 -11417181.61575069   42637921.1244026 -37586935.29859032   997003.641133115  1650795.664503248  2167831.861478078 -236978.8562438641
 349939.8962843043  2054225.803109988 -37586935.29747394  45993749.12313708 -4353029.434614761 -4146171.718494233 -3731611.983898921  1420575.597684533
-21379.00196452153  131366.5331137424  997003.6414365497 -4353029.435159012  4533855.421072346 -728023.3330586365 -256746.6874697325 -303539.4106780741
-46976.87780241756  223467.3423074083   1650795.66077449 -4146171.714340874 -728023.3335199379  5495349.899407892 -1248968.631904083 -1200040.697906154
 26747.47967298039  155602.4479204891  2167831.863178085 -3731611.985366554 -256746.6877174958 -1248968.631171262  6057562.218285549 -3170091.447761537
 43025.62993440073    462407.98977522 -236978.8556564719  1420575.596664115 -303539.4103050321 -1200040.698185234 -3170091.447526571  2984792.192514705

cov*(cov_.inverse()):
    0.9999999999390639  9.458744898438454e-11  1.855369191616774e-10 -3.346940502524376e-10  1.818989403545856e-11   2.91038304567337e-11  8.731149137020111e-11 -5.820766091346741e-11
 2.137312549166381e-11      1.000000000116415 -7.639755494892597e-11 -5.238689482212067e-10  1.818989403545856e-11  -2.91038304567337e-11                      0  -2.91038304567337e-11
-1.091393642127514e-11                      0     0.9999999993742676  9.167706593871117e-10 -2.546585164964199e-11 -1.455191522836685e-11 -5.820766091346741e-11  -2.91038304567337e-11
  7.73070496506989e-12 -6.548361852765083e-11  4.583853296935558e-10     0.9999999998399289  1.818989403545856e-11                      0 -5.820766091346741e-11  5.820766091346741e-11
-2.728484105318785e-12 -9.458744898438454e-11  -3.16504156216979e-10 -4.074536263942719e-10     0.9999999999818101  5.820766091346741e-11 -5.820766091346741e-11 -1.164153218269348e-10
-2.819433575496078e-11  1.527951098978519e-10 -1.928128767758608e-10  5.238689482212067e-10 -5.456968210637569e-11      1.000000000043656 -5.820766091346741e-11  5.820766091346741e-11
 1.818989403545856e-11 -1.455191522836685e-11  6.184563972055912e-11 -2.328306436538696e-10 -3.637978807091713e-12  4.365574568510056e-11     0.9999999999417923 -5.820766091346741e-11
  -1.2732925824821e-11  2.182787284255028e-11 -1.309672370553017e-10  8.731149137020111e-11 -2.182787284255028e-11                      0                      0                      1
