5
2

0.0003898838656777408
0.0005304179741192426
0.0007822059344679653
  0.08458147806157408
   0.6027210523435921

  0.1214329232773963  0.02048009857322162   0.1182038675234604  -0.8145417479039536   0.5544223997376061
 -0.3061407409291078 -0.02954068523742629   0.8641891319907326  -0.1670315614285767  -0.3615007555938382
   0.365104338442151  -0.8814165473369358   0.1959315044832864   0.1659059330071228   0.1545631232710632
 -0.7839507020827513   -0.186756492351069 -0.01133070078727023   0.2439136065296996    0.539371001295055
  0.3790145256350516   0.4323595680952306   0.4479815293314954   0.4707478861885785   0.4971138403433784

0.3977392729516352
0.3978074584590943
0.3979057140875822
0.3978531321269422
0.3978616825497523

-9.907914755271547e-05
    0.3978393539294824

  3.781387747456555  -4.562867986846244   1.950036484989274   1.674344207457474  -2.843233158267776
   2.00939731940645  -1.074338192241117   0.132351614905314  0.1148654163558819 -0.1823132134772552

-3.563004591868625e-07  3.968392206875902e-07  3.440280212478733e-06   -0.02331879110410028    -0.1057977078218703
 6.537576647033118e-09 -1.188181816818666e-07   1.03854084644605e-06   -0.01034791052576457      0.116183202689365

cov:
0.05658167147386609 0.06057690602231471 0.06174413217617888 0.06344728376871878 0.06542049148654686
0.06057690602231471 0.06815829562484611   0.070376982136303 0.07361176654562812 0.07735818259567108
0.06174413217617888   0.070376982136303 0.07290541960236192  0.0765894426584899 0.08085624954207835
0.06344728376871878 0.07361176654562812  0.0765894426584899 0.08092826683335223   0.085952505553626
0.06542049148654686 0.07735818259567108 0.08085624954207835   0.085952505553626 0.09185408503360126

cov.inverse():
   648084.20710131 -477438.0904312083 -729012.1297195196 -369969.9175949603  928437.5721540455
-477438.0904374854   1275622.13406925  -357068.489125053 -331211.8591567854 -110020.8816187601
-729012.1297336286 -357068.4890804451  2809150.346276351 -1093329.776884211 -629786.1053726262
-369969.9175532318 -331211.8592680413 -1093329.776837769  4508878.666604507 -2714319.259119364
 928437.5721327048 -110020.8815583905 -629786.1053885656 -2714319.259142461  2525721.711426915

cov*(cov_.inverse()):
     1.000000000014552  1.182343112304807e-11   2.91038304567337e-11 -8.731149137020111e-11  5.820766091346741e-11
 1.455191522836685e-11                      1  2.182787284255028e-11                      0                      0
 1.455191522836685e-11  2.000888343900442e-11      1.000000000021828  -2.91038304567337e-11  5.820766091346741e-11
                     0   -1.2732925824821e-11  7.275957614183426e-11     0.9999999999417923   2.91038304567337e-11
 1.455191522836685e-11  7.275957614183426e-12  1.455191522836685e-11                      0      1.000000000029104
