5
2

0.0002688971135643364
 0.000463244323656319
0.0007500298298224463
   0.1058299231083254
   0.5767375939651129

  0.5251018571751246  -0.7901147765078915   0.2999150284653516  0.05121938048677949 -0.08610592487337319
   0.105412196198548 0.004293309882881948   0.1275969033568808  -0.8058270726419098   0.5685346037260655
  0.3792080807958773 -0.09046162544511362  -0.8276126113052427   0.1748842820125786    0.363992828630453
 -0.6472884536737779  -0.4497069971240149  0.05127129357901987   0.2988954645380111   0.5355502125960292
  0.3877824102296947   0.4065470679929505    0.454090988698977   0.4775942768118909   0.5000493621250776

0.3991613740153285
0.3991857701207868
0.3991484320063418
0.3991602850398761
0.3991086452931378

0.0005096375509684362
   0.3994180639915669

 -0.3391197629337154    4.840638816805217   -4.127815978621596    1.352689922363532   -1.726578236485765
   1.434165616157256 0.007126494702644315  -0.4145516466217993   0.1228713264404904  -0.1496361214376304

-3.631749894099813e-07  -5.60805161104237e-07   1.38264816200251e-06   -0.03012071092793774   -0.08491900999195524
 4.644192109016418e-08 -1.840642225605295e-08  4.800264497097071e-07   -0.01115730355357536     0.1179673915269985

cov:
0.05471143242170762 0.05569928050863554 0.05819979787338728 0.05943641122404442 0.06061722743919639
0.05569928050863554 0.05724173114638191 0.06114770623880002 0.06307876640365422  0.0649233668764391
0.05819979787338728 0.06114770623880002 0.06861691338680474 0.07230860804904515 0.07583612469738794
0.05943641122404442 0.06307876640365422 0.07230860804904515  0.0768715606673397 0.08123079521810803
0.06061722743919639  0.0649233668764391 0.07583612469738794 0.08123079521810803 0.08638543674125422

cov.inverse():
 4120861.366370713 -5796856.315567154  1682844.487285967  94006.29364027259 -100715.7234525341
-5796856.315504732  8648572.714474536 -3141661.602645245 -603952.0274961371  893736.7899574533
 1682844.487278179 -3141661.602662977  2537458.913689715 -523974.2862071948   -554611.08558093
 94006.29339633456 -603952.0271478686 -523974.2863199384  3116621.407953948 -2082726.726478481
 -100715.723263229  893736.7896893367 -554611.0854937069 -2082726.726486886   1844324.87787937

cov*(cov_.inverse()):
    0.9999999999818101 -9.458744898438454e-11  7.275957614183426e-12                      0 -1.455191522836685e-11
-1.364242052659392e-11     0.9999999999272404  1.455191522836685e-11  -2.91038304567337e-11                      0
 9.094947017729282e-13 -5.820766091346741e-11      1.000000000021828                      0                      0
-3.274180926382542e-11  -2.91038304567337e-11  7.275957614183426e-12     0.9999999999708962  -2.91038304567337e-11
  2.91038304567337e-11 -1.164153218269348e-10  7.275957614183426e-12                      0                      1
