5
2

 0.000351165576349158
0.0004405373236331236
0.0007793099383059701
   0.1125944908841593
   0.5815722157076211

 -0.4886703898492131   0.7442154618975149  -0.1370646311433804  -0.3605236339215154   0.2420342798672127
 -0.2922092694402393   0.2910012990989921  -0.1952585767655136   0.7197168244960227  -0.5232721734554284
  0.3611124812589513  0.03763563612010964  -0.8617501156178531   0.1356234639185878   0.3273749364874757
 -0.6304640174199803  -0.4437818456717551 -0.02410007497723434   0.3177921391192781   0.5513620760361694
  0.3846139513271485   0.4038599045973393   0.4470942850314056   0.4823327008094139   0.5063903157894099

0.3993835855040354
0.3993206362830528
0.3991652005792292
0.3989575543741657
0.3988029027711235

0.001625080062628017
   0.399777208709952

0.03130845062739564   1.833577458949866  0.8524345573215322  0.7975206259845086  -3.514978254185567
  1.503426321781646 -0.3227980478331411 0.07034811848794674  0.0638765053712082 -0.3148561756010095

 1.161257567671267e-08   5.37826911647514e-07  -1.03052258810319e-06   -0.03218278176247268   -0.08848403253541255
-1.336498232087588e-07 -6.525851970994272e-08  2.281849395621309e-07   -0.01216534738619051     0.1186143873421644

cov:
0.05507234230939618 0.05608370501216081 0.05835340023986444  0.0602049751665563  0.0614677640266529
0.05608370501216081 0.05766248049714164 0.06120684393768797 0.06409682147253981 0.06606890852981104
0.05835340023986444 0.06120684393768797 0.06761698357636327 0.07284069134656243 0.07640723443851587
 0.0602049751665563 0.06409682147253981 0.07284069134656243 0.07996704181829474 0.08483256851699897
 0.0614677640266529 0.06606890852981104 0.07640723443851587 0.08483256851699897 0.09058583797371439

cov.inverse():
 2591175.774887895 -3364859.258617049  324749.7930084774  425623.1086383364  23390.65845199808
-3364859.258589722   4930002.56940048 -1173360.116065976 -1088180.590750065  696321.2295002568
 324749.7929712354 -1173360.116014484  1571559.401127751 -515838.4722569896 -207070.1882184961
 425623.1086136662 -1088180.590738665 -515838.4722260445    3753359.7012362  -2575022.26675978
 23390.65848658145  696321.2294646933 -207070.1882351924 -2575022.266742103  2062413.533724484

cov*(cov_.inverse()):
     1.000000000007958 -4.365574568510056e-11 -1.818989403545856e-11   2.91038304567337e-11                      0
 1.955413608811796e-11      0.999999999992724 -5.456968210637569e-12   2.91038304567337e-11                      0
-1.978150976356119e-11  4.365574568510056e-11      0.999999999996362   2.91038304567337e-11                      0
-5.229594535194337e-12   2.91038304567337e-11 -3.637978807091713e-12     0.9999999999417923   2.91038304567337e-11
 1.728039933368564e-11 -7.275957614183426e-12                      0                      0                      1
