5
2

0.0002622706907811706
0.0004070212811187494
 0.000512100552535761
  0.08354590020235107
   0.6375293272027847

   0.481266455552472   -0.830995581856724   0.2091978891011956   0.1802400238041549  -0.0397330933762684
 0.06450787762006881 -0.02914917561004564   0.4944988468388278  -0.8172275853175904    0.287400458519571
   0.470074101642315  0.01930475178993701  -0.7152801949897524  -0.2344440868731635   0.4605082825630074
 -0.6266347345546138  -0.3709441122162355 -0.04971963457652198   0.1668083790676528   0.6628968982218707
  0.3880471374714083   0.4130671382067299   0.4445327145033007   0.4656860985879753   0.5141226329896261

0.3971917167107498
0.3960088302465691
0.3945716734717115
 0.393545498320219
0.3912009250580628

0.01513000522006274
 0.4003961082429958

  1.004365171073281 -0.2911441886274589   1.855007653337627   1.738041050345164  -4.307107036333173
  2.420301321339028  -1.347596914557621  0.1720434128784077  0.1794808764537643 -0.4241270786388459

 1.099040533686437e-07 -2.762758302509132e-07 -8.526374451436272e-07   -0.02218811241827979    -0.1263670409952188
 1.630122707992373e-07   1.97376011970149e-09  1.970142041641136e-07  -0.008910068994497141     0.1319114236321525

cov:
0.06394340623590486 0.06677108837583666 0.07032877579331165 0.07271805391888958 0.07818769894435337
0.06677108837583666   0.070309708514321 0.07476065027026839 0.07775144536640936 0.08459894164208522
0.07032877579331165 0.07476065027026839 0.08033449005993638 0.08408108880262005 0.09266027548252044
0.07271805391888958 0.07775144536640936 0.08408108880262005 0.08833715196394826 0.09808238967170582
0.07818769894435337 0.08459894164208522 0.09266027548252044 0.09808238967170582  0.1104993004093602

cov.inverse():
 4234997.693237387 -5790843.691968579  374095.7596784492  522596.5356166606  659309.0582513374
-5790843.691930247  10045742.38089364 -2666956.587760125 -2050935.610001896  463307.6174211579
 374095.7596462011  -2666956.58771294   4063197.11748371 -1251740.634147454 -519018.9738095505
 522596.5355831005 -2050935.609970036  -1251740.63413295  4713239.053260082 -1933521.346006993
  659309.058278818  463307.6173804382 -519018.9738091184 -1933521.345994186  1330258.584448276

cov*(cov_.inverse()):
    0.9999999999054126  1.455191522836685e-10 -3.637978807091713e-11  -2.91038304567337e-11  -2.91038304567337e-11
-8.003553375601768e-11     0.9999999999781721 -7.275957614183426e-11  -2.91038304567337e-11  1.455191522836685e-11
 -2.91038304567337e-11 -7.275957614183426e-12     0.9999999999636202   2.91038304567337e-11 -1.455191522836685e-11
-5.093170329928398e-11  8.731149137020111e-11 -3.637978807091713e-11                      1  1.455191522836685e-11
-5.820766091346741e-11 -7.275957614183426e-12  1.455191522836685e-11                      0                      1
