5
2

0.0003698283809020248
0.0006518681325021316
0.0008032772121898023
   0.1063204428777995
   0.5746794744807295

   -0.5223158181238761     0.8061999912502309    -0.1699642023416132    -0.2016198926563741    0.08768893347124752
   -0.2098902264108712    0.05580978259592229     -0.293906599455376     0.8429011660893982    -0.3949277098729584
   -0.3795110230318992   -0.02671227357057926     0.8249943816608448 -0.0008711446170544257    -0.4179011236800743
   -0.6210945276718119    -0.4219918956130979    0.02264498469372169     0.1788582919351226      0.635343484901879
     0.391593220176485     0.4100440668419408     0.4512233987895771     0.4656994691895967     0.5079764383717443

0.4001859209738871
0.4000793584703324
0.3998122583946899
0.3997006583500776
0.3993268042384825

0.002229411689307769
  0.4006652241062532

-0.3290689433392978   1.966136438883034  0.8916138077280042   1.092517846603081  -3.621337310162293
  1.455359405153367 -0.2894227702443072 0.06933246510112502 0.09385871397951426 -0.3291504676227308

 1.460202733563434e-07   9.63660011647306e-07   1.49721634134837e-06   -0.03063967402114979   -0.08293091433432699
-1.440302832631774e-07 -5.646979376403774e-08 -2.257901628120551e-07   -0.01099371660364441     0.1185708306989991

cov:
0.05500404150865822 0.05599213975795102 0.05819585880036374 0.05897134302438763 0.06123412929618596
0.05599213975795102 0.05754113318645798 0.06099648397907172 0.06221169648516971  0.0657593103865714
0.05819585880036374 0.06099648397907172 0.06724734356519275 0.06944396632108016 0.07586083425353279
0.05897134302438763 0.06221169648516971 0.06944396632108016 0.07198663375213216 0.07941132337707339
0.06123412929618596  0.0657593103865714 0.07586083425353279 0.07941132337707339 0.08978258991011109

cov.inverse():
 2321565.846504501  -3090589.48599204  309012.4950131821  354118.2289878917  105956.2574385873
-3090589.485982197  4760546.959989889  -1074597.84446281 -1077700.689881775  482285.0179916694
 309012.4950486714 -1074597.844522082  1469295.114083919 -333562.3746137884  -370123.221358561
 354118.2289174672 -1077700.689775141 -333562.3746533943  1969207.136761009 -912073.1764575012
 105956.2574636838  482285.0179541439 -370123.2213427366 -912073.1764608957  693953.3044193032

cov*(cov_.inverse()):
    0.9999999999881766 -5.456968210637569e-11                      0  2.182787284255028e-11 -1.455191522836685e-11
-4.547473508864641e-12     0.9999999999781721                      0 -7.275957614183426e-12 -7.275957614183426e-12
-9.094947017729282e-12 -7.275957614183426e-12     0.9999999999890861  1.455191522836685e-11 -1.455191522836685e-11
-3.819877747446299e-11  2.182787284255028e-11 -7.275957614183426e-12      1.000000000014552                      0
-2.000888343900442e-11 -1.455191522836685e-11  7.275957614183426e-12                      0                      1
