6
2

 0.000228765672347152
0.0004003633034583332
0.0005207865501393985
 0.000819043486948614
   0.1130659228329728
   0.6314160547680944

  0.2506054261949193  -0.7094227024785289   0.6455180146695206 -0.06635297063888376   -0.112986322470478 -0.00736318741017162
  -0.227882551372043   0.2882604067692067   0.2731290543022856 -0.07751773771270275  -0.7410206673034291   0.4850313096434538
 -0.4613460860048769   0.3256140020284956   0.5450413405257674  -0.4398203088952408   0.3235946429286232  -0.2931038223565746
  0.4377572054458976   0.0408208249627738  -0.1790790366901251   -0.792262811480233   0.1333706915569379   0.3593951643063021
 -0.5951483537358696  -0.4086281965635253  -0.1500759631368619 0.005295382950469649   0.3473787897488472    0.579308704111463
  0.3557995477730323   0.3727700980536111   0.3962888510387528   0.4104119588601666   0.4415305240840377   0.4626198252027554

0.4001689038710238
0.4000773406463189
 0.399992728338377
0.3998530176452046
0.3996052909574049
0.3994141002464344

0.002031761372819842
  0.4006221489993914

-0.06361446694504989  -0.2378682456810121    3.704005641917627   0.2677064161688547 -0.02771201436716936    -3.64260800755917
   1.444005165762456  -0.3815898390318441    0.233522386085412  0.02435006606233311 0.001978100657555965  -0.3222795587653786

 1.337649447128199e-07 -1.297386421846151e-07  7.897027868810891e-07 -1.493133651539817e-06   -0.03246121837354617   -0.09207917448947624
 4.102235850924568e-08 -8.574724974389743e-08 -1.569721090371477e-07  2.950818885972397e-07   -0.01181741794572852     0.1299108960835097

cov:
0.05499928958805031  0.0559872512757088  0.0573562208849806 0.05817744927470006 0.05998921219138093 0.06121628320607068
 0.0559872512757088 0.05753514805784776  0.0596797861583895 0.06096700633210466 0.06380486172416044 0.06572755225816437
 0.0573562208849806  0.0596797861583895 0.06289968629803289 0.06483286540579168 0.06909310498035592 0.07198007547997125
0.05817744927470006 0.06096700633210466 0.06483286540579168 0.06715473554241956 0.07226911234858631 0.07573550034903069
0.05998921219138093 0.06380486172416044 0.06909310498035592 0.07226911234858631 0.07926635233752116 0.08400853454846118
0.06121628320607068 0.06572755225816437 0.07198007547997125 0.07573550034903069 0.08400853454846118 0.08961607997647721

cov.inverse():
 2594471.556210309 -4334173.715780943  1658852.296571929  23609.51240492401  49027.47793881015  8253.044749136836
-4334173.715727288  10528564.81835486 -7615830.606822892  183819.0897413963  595591.8388447311  642037.0649512016
 1658852.296488566 -7615830.606837424   9570759.73419123  -1622895.61899253 -2041626.455743085  50682.67341956969
 23609.51241130084  183819.0897820488 -1622895.619056965  1770522.730351404 -180651.7332258936 -174368.8606625121
 49027.47795664747  595591.8390614893 -2041626.456067611  -180651.733223077  4082265.716264967 -2504629.285363314
  8253.04475463149   642037.064761973  50682.67371064094 -174368.8606827346 -2504629.285450432  1978040.778880587

cov*(cov_.inverse()):
    0.9999999999824354 -4.365574568510056e-11  9.913492249324918e-11  1.818989403545856e-12  -2.91038304567337e-11  4.365574568510056e-11
-2.091837814077735e-11      1.000000000007276 -3.228706191293895e-11  7.275957614183426e-12  -2.91038304567337e-11  1.455191522836685e-11
-3.592504072003067e-11 -7.275957614183426e-12     0.9999999999627107  3.637978807091713e-12                      0                      0
-7.082689990056679e-11  7.275957614183426e-12  4.229150363244116e-11       1.00000000001819                      0                      0
  -5.3887561080046e-11  -2.91038304567337e-11 -2.182787284255028e-11  1.091393642127514e-11                      1  5.820766091346741e-11
 -8.29913915367797e-12  6.548361852765083e-11 -6.821210263296962e-11                      0                      0      1.000000000029104
