5
2

0.0002600164427138769
 0.000496539479151409
0.0006834123295541462
  0.07454510405907164
   0.5574531910168684

  0.243621572639455 -0.6557435790283803  0.6863744567858656  -0.106041058453196 -0.1682090571335655
 0.5418869252925407 -0.4936419605379637 -0.5661879482541106  0.3220963343512408  0.1958604953596492
-0.1831185380599039 0.00678319426665182  0.0367614336536651  0.7609191068244464 -0.6213471647634341
-0.6667254881297949 -0.3794847666185022 0.05866020456754825  0.3004160071544333  0.5637176939107628
 0.4110374849555278  0.4269230299940817  0.4511417623314535  0.4645014325429941  0.4790557815829835

0.3989570940963445
0.3989011338365235
0.3988838223342387
0.3987917588551519
0.3987146251347161

0.001268911426007218
  0.3993013806714382

  0.825062898713016   2.141622325893473    2.32124636985787  -1.047552189463359  -4.240583660980856
  1.518355594325541 -0.1778731747628629  0.1329186291370583   -0.10200847421019 -0.3714200896657299

 8.209573572402566e-08 -7.624211962089984e-07  8.344111938247818e-07   -0.02184908364046121   -0.06756252045446565
 4.401780643824562e-08  1.799141936880573e-07   -5.6606146615922e-08  -0.006540835836069334     0.1189610143873394

cov:
0.05497275567604496 0.05593745207924102 0.05740764230432382 0.05821843835090754 0.05910206226839423
0.05593745207924102 0.05743939377165058  0.0597284413812274 0.06099096093505114 0.06236662497647106
0.05740764230432382  0.0597284413812274 0.06326666201358974 0.06521826697573348 0.06734452162380031
0.05821843835090754 0.06099096093505114 0.06521826697573348 0.06755059956983527 0.07009051329562344
0.05910206226839423 0.06236662497647106 0.06734452162380031 0.07009051329562344  0.0730824028953635

cov.inverse():
 2140740.183762399 -3450487.377602556  1214466.542307237  27443.51199478129  67894.51721737121
 -3450487.37754415  7348625.188829029 -5523085.283234152  394639.5370087701  1230269.033428863
 1214466.542195647 -5523085.283071707  8271305.160439149 -1756324.407504137 -2206368.321890624
 27443.51199961071  394639.5369701132 -1756324.407443707  1826811.370863371  -492562.126785867
 67894.51726572696  1230269.033363478 -2206368.321900197 -492562.1267592646  1400765.628824775

cov*(cov_.inverse()):
     1.000000000036835 -4.365574568510056e-11 -1.455191522836685e-11 -2.546585164964199e-11                      0
 2.546585164964199e-11     0.9999999999563443   2.91038304567337e-11 -2.182787284255028e-11   2.91038304567337e-11
 3.637978807091713e-12                      0                      1  -2.91038304567337e-11  1.455191522836685e-11
 2.364686224609613e-11  -2.91038304567337e-11                      0                      1  1.455191522836685e-11
 1.728039933368564e-11  1.455191522836685e-11                      0 -7.275957614183426e-12      1.000000000014552
