5
2

0.0002832647164884917
0.0004276029823530999
0.0007122690917623956
  0.08715621978137711
   0.5910739403827658

 -0.4736662174444357   0.8303254087833453  -0.1358802715735015  -0.2576394718910267  0.03685762202685266
 -0.2243387709811564   0.1226198503648727 -0.07920470517961661   0.7657342383442939  -0.5848197833827564
  0.3840367761599766   0.1172616315103877  -0.8760476117389098   0.1640420511993925   0.2107041806348941
 -0.6496955527635047  -0.3221117817014874  -0.1251829863104691   0.3085902598522699    0.602694748833204
  0.3946186432019154   0.4219215539527235   0.4383297484536801   0.4744841785703723   0.4989891027412626

0.4001675775876367
0.4000816427240869
0.3999465963266946
0.3997024166324962
0.3995152660597908

0.002009361940331319
   0.400701869141437

 -0.1179570019746946    3.454278806334282   0.2528396569497491 -0.04270338237394189   -3.546411601655334
   2.127398482795299  -0.8273550483366769  0.01592005038285918 -0.01533623738793505  -0.3006399242781807

 2.222602727991165e-07  4.518652676608055e-07   -3.1251051568015e-07   -0.02444657166302296   -0.09368978555642211
-1.367225582071971e-07  -7.60435523260932e-08  3.247775448473893e-07  -0.009902264284024315     0.1188263283438616

cov:
0.05761149461767055 0.05975885850396161 0.06104897594662562 0.06389289455877435 0.06581990437538932
0.05975885850396161 0.06298201074557294 0.06491869922751808 0.06918678563534952 0.07207932906464121
0.06104897594662562 0.06491869922751808 0.06724461879159248 0.07236830129235151 0.07584127719017776
0.06389289455877435 0.06918678563534952 0.07236830129235151 0.07937863512409528 0.08413003456671231
0.06581990437538932 0.07207932906464121 0.07584127719017776 0.08413003456671231 0.08974862077772734

cov.inverse():
  3362160.33849487 -4963230.653651972  236168.0058605887   705538.895844392  659408.1126765289
 -4963230.65351983  8701694.129723705 -1661708.506402125 -2114672.318503591  37890.75618424467
 236168.0057224839  -1661708.50618479  1777168.757053002 -178673.6555435376 -172934.6779061243
 705538.8957706605 -2114672.318478758 -178673.6554482247  4087132.012100882 -2499359.411083277
 659408.1127562217  37890.75607422097 -172934.6779222067 -2499359.411036863  1975010.420791867

cov*(cov_.inverse()):
     1.000000000050932 -8.185452315956354e-11  1.455191522836685e-11                      0  1.455191522836685e-11
 1.455191522836685e-11     0.9999999999113243  5.456968210637569e-12   2.91038304567337e-11                      0
-5.820766091346741e-11  5.684341886080801e-11     0.9999999999890861                      0   2.91038304567337e-11
-1.455191522836685e-11 -9.549694368615746e-12  9.094947017729282e-12                      1                      0
 -2.91038304567337e-11 -7.275957614183426e-11  5.456968210637569e-12  -2.91038304567337e-11                      1
