5
2

0.0002090298170632687
0.0004173661228696567
0.0007073860881187486
   0.1039650461364746
   0.6112042554478362

-0.2328110848923339  0.7201320672375787 -0.6407373275744588  0.1261883415531257 0.02722102121886665
-0.3208579119516703  0.4120680248128706  0.4477340448839414 -0.7062367745197303  0.1673737931477506
 0.6107509629328781  -0.105950185298112 -0.4227312086330072 -0.5066445000508962  0.4246969452771148
-0.5660995119413158 -0.3647362687003584 -0.1506462329161527  0.1180964155168676  0.7140432382038107
 0.3864761350272937   0.409086495979501  0.4331211607165536  0.4633257039948077  0.5301129955196719

0.3982554742234241
0.3971978341202981
 0.396032151521686
0.3946129419631862
0.3912805312153478

0.01490871237597945
 0.4003590037372994

 0.1695822389702102  0.3837126937101732  0.7564930739868252   2.306547764773099  -3.616954237445074
  1.381846063918126 -0.1664346098757408 -0.1229650567429266  0.2342289995026306 -0.3265288012849146

-2.414846508897841e-09  -3.12146156955788e-07 -1.481962206666715e-06   -0.02875321152460738    -0.1115284880598297
-1.494784691717368e-08 -1.371063440066925e-07  3.283753327483398e-07  -0.009820029173043412     0.1300521792229111

cov:
0.05926199815063937  0.0612940201614997   0.063453989464455 0.06617044866801594  0.0721666869941103
 0.0612940201614997 0.06395567567910218 0.06678467980328599 0.07034109169769838 0.07819829375605325
  0.063453989464455 0.06678467980328599 0.07032502725019033 0.07477447720948951 0.08461024805773651
0.06617044866801594 0.07034109169769838 0.07477447720948951 0.08034563700870599 0.09266587290585242
 0.0721666869941103 0.07819829375605325 0.08461024805773651 0.09266587290585242  0.1104917528900878

cov.inverse():
 2576962.489134672 -4725372.750683811  2073373.266459041  10103.05339804744  64985.90414704054
-4725372.750802702  12866046.35515009 -9411631.517548915  516390.3554545718  754629.5173817915
 2073373.266584189  -9411631.51767421  10903951.81228799 -3237711.898986171 -327767.6457429377
  10103.0534316627  516390.3553810097 -3237711.898944166  3740706.562900839 -1029960.858141837
 64985.90410715507  754629.5174617798 -327767.6457850991 -1029960.858139779   538276.967770879

cov*(cov_.inverse()):
     1.000000000012733  1.600710675120354e-10 -1.455191522836685e-11  -2.91038304567337e-11 -7.275957614183426e-12
  4.18367562815547e-11      1.000000000043656  6.184563972055912e-11 -4.365574568510056e-11 -7.275957614183426e-12
 2.637534635141492e-11  6.548361852765083e-11     0.9999999999490683  4.365574568510056e-11 -7.275957614183426e-12
-1.000444171950221e-11  1.455191522836685e-11 -7.275957614183426e-11                      1 -7.275957614183426e-12
 4.547473508864641e-12  -2.91038304567337e-11  5.820766091346741e-11  1.455191522836685e-11                      1
