5
2

0.0001694670931560131
0.0002994734000400897
0.0006580044324227416
   0.0844127379233688
   0.5530049404887555

 0.03513068655377315  0.09609212417798048  -0.7207825050102061   0.6796240976368039 -0.09008776229764319
 -0.2752121105604246   0.8254431168665426  -0.2823430098061092  -0.3862389538880412   0.1183378651642106
  0.6663268433980156  -0.1828115888622476  -0.4411030571055744  -0.4256119172820536    0.383237589002577
 -0.5543534781204454  -0.3022203099585247   -0.105575376435989  0.06093202785409103   0.7658304207958355
  0.4143970175159796   0.4297124290904847   0.4416298655971485   0.4517436665410093   0.4944826202322447

0.3953026698865454
0.3948078673733602
0.3945160436254926
0.3941679861797612
0.3926827362342377

0.007313506570005787
  0.3964275570858026

  1.457520254253026  -4.056653816951348   4.622885455193821   2.652022072598738  -4.675932595411679
  1.582079248848286 -0.7447059194371151  0.4364392513545207  0.1414284290272225 -0.4152389735842652

-4.155886748461913e-08 -5.948364096194939e-07 -1.405898960238297e-06    -0.0248638944211821   -0.06475054423885944
-5.658595272500404e-09 -1.145366468865359e-07  3.370580302040337e-07  -0.007178440293232675     0.1183211703242243

cov:
0.05470587846586563 0.05565056809908622 0.05638404256594977  0.0570080460550785  0.0596401291181523
0.05565056809908622 0.05712038784921074 0.05826295174959699 0.05923345494476063 0.06333186902322963
0.05638404256594977 0.05826295174959699  0.0597246451444153  0.0609652934971222 0.06620704866816267
 0.0570080460550785 0.05923345494476063  0.0609652934971222 0.06243483343818117 0.06864507453759829
 0.0596401291181523 0.06333186902322963 0.06620704866816267 0.06864507453759829  0.0789547810042646

cov.inverse():
 1913010.042123832 -2696789.742966002  -694114.116918216  1361586.255436582  116391.0009943232
-2696789.742913206  7995993.157513407 -4824087.427164095  -1101215.95418198  625894.1992815235
-694114.1172943377 -4824087.426280101  19428224.32689922 -15407424.98853799  1497996.325684245
 1361586.255821542 -1101215.955175886 -15407424.98790296  18164765.67561273 -3018242.469517105
 116391.0009326785  625894.1994442614  1497996.325557108 -3018242.469491067  778039.5194957684

cov*(cov_.inverse()):
    0.9999999999799911  6.548361852765083e-11  3.055902197957039e-10 -1.746229827404022e-10  7.275957614183426e-12
-3.183231456205249e-11       1.00000000003638   1.01863406598568e-10 -1.746229827404022e-10 -7.275957614183426e-12
-1.637090463191271e-11  6.548361852765083e-11     0.9999999999854481 -1.455191522836685e-10                      0
 1.364242052659392e-11  7.275957614183426e-12  -2.91038304567337e-11     0.9999999999417923                      0
-7.275957614183426e-12 -1.455191522836685e-11                      0   2.91038304567337e-11      1.000000000014552
