6
2

0.0002672788004569538
0.0003822295684009876
0.0004797466457921008
0.0006263423815795184
   0.1170356008384036
   0.6404382828050263

   0.4708667607909603   -0.7792832388650246    0.4009616459435252  0.009870352961430046 -0.001749876357629458    -0.100654854595666
 -0.02414807540465196   0.05993634217680076    0.2673324710708576   0.01250935830709313   -0.8190227112468123    0.5033916662684546
   0.1923945063613066   -0.1756876018097772   -0.5835591473861932    0.7451397274433896   -0.1902637543254058   0.01197632538845893
   0.4470749543164553  -0.06534473014867981   -0.5102458942383615   -0.5072868989373949    0.1229684195165019    0.5128761535163486
  -0.6507170502589533   -0.4728075877820143  -0.02832526682814046    0.1000650601162572    0.2893502112858486    0.5084106840635026
   0.3426033036672225    0.3611678090007201    0.4075151979586977    0.4209036286172451    0.4406287135617737    0.4634637264040625

0.3975615009203909
0.3976389854259196
0.3977401653288855
0.3978509937905435
0.3978137060169769
0.3978332983932281

-0.0002350553457610268
    0.3977196562766661

-0.1760744101775287   3.181953414233567  -2.308311592265767   1.288960237909273   1.001158594631914  -2.988044119958519
  1.448719326203336 -0.1224951043607707 -0.2853131132586783  0.1202770571908496 0.08614886449110401 -0.2473410561506916

-2.269129003899624e-07 -3.988696255234733e-07   3.42546189574223e-07 -4.598181404272321e-07   -0.03321578015026189    -0.1037541232918506
 4.923111441001926e-08 -4.560667470231759e-08  1.235973457984211e-07  2.447956970573464e-07   -0.01322472315450986     0.1270582640817077

cov:
0.05394350098071905 0.05496636206200348 0.05751744984921497 0.05825451956412688 0.05933929596292732 0.06059569509666331
0.05496636206200348 0.05656437321391191 0.06055154380848307 0.06170335001586423 0.06339953139006591 0.06536356108494278
0.05751744984921497 0.06055154380848307 0.06812610236864387 0.07031392416099326  0.0735374390621287 0.07726919352743848
0.05825451956412688 0.06170335001586423 0.07031392416099326 0.07280148198375262 0.07646593926271673 0.08070834690765284
0.05933929596292732 0.06339953139006591  0.0735374390621287 0.07646593926271673 0.08078119978461823 0.08577620400350498
0.06059569509666331 0.06536356108494278 0.07726919352743848 0.08070834690765284 0.08577620400350498 0.09164270761323488

cov.inverse():
 3777951.376299226 -5367678.680002989  1529366.175461859  107759.2760518052  104914.4838783622 -152179.3382038086
-5367678.680008225  8670434.601249175 -3733787.236772066 -586839.3038340529 -192166.4552143977  1209922.858382229
 1529366.175489627 -3733787.236799676  4882902.229117421  -1151205.12487578 -1185994.247937173  -341274.797785632
 107759.2760726499 -586839.3038474041 -1151205.124908282   3070817.91912088 -845360.1026858452 -595224.7447641445
 104914.4837949265 -192166.4551495706 -1185994.247853317 -845360.1027149921  4787260.353346506 -2668638.605361547
-152179.3381637513  1209922.858353128  -341274.797836826  -595224.744760009 -2668638.605325445  2547424.396394198

cov*(cov_.inverse()):
     1.000000000012733                      0  2.546585164964199e-11 -1.455191522836685e-11  -2.91038304567337e-11  5.820766091346741e-11
 6.002665031701326e-11      1.000000000043656  7.275957614183426e-12 -1.455191522836685e-11 -8.731149137020111e-11   2.91038304567337e-11
 2.182787284255028e-11                      0     0.9999999999417923  2.182787284255028e-11 -5.820766091346741e-11  5.820766091346741e-11
 2.546585164964199e-11                      0  3.274180926382542e-11     0.9999999999854481 -5.820766091346741e-11   2.91038304567337e-11
 2.546585164964199e-11  8.731149137020111e-11 -3.274180926382542e-11  7.275957614183426e-12     0.9999999999708962                      0
                     0  -2.91038304567337e-11 -1.818989403545856e-11 -1.455191522836685e-11                      0      1.000000000029104
