6
2

0.0002084089189907291
0.0004863537122668603
0.0005589612489182058
0.0007184845369040884
   0.1031069672279035
   0.6269316467219058

 -0.3153427817097647   0.7760180316294757  -0.5439838700594618  0.02346679545087529    0.023175213419864  0.03672482428553378
 -0.2573032177109459   0.2202631141610618   0.4564350214452372  -0.1984729404352644  -0.6641762352064726   0.4431982698475783
 -0.4331984017115244   0.2001569198218764   0.5155634897784506  -0.3985910924506418   0.4708375156415598  -0.3548349124493715
  0.3747641203181267 0.003795896532919368  -0.2094914819784212  -0.7813988356173214   0.2124639375060764   0.3999071132469207
 -0.6135159634214659  -0.4089769520115389  -0.1713220988626092   0.1215753527759312   0.3195627551528745    0.556851715367929
   0.360337544092943   0.3767503503200328   0.3958597804029572   0.4193068515282726   0.4351822522954059   0.4542127625448965

0.3996135156320226
 0.399619130022065
0.3995868807604726
0.3995875847257087
0.3995511692486209
0.3994882099043867

0.0007197576240746856
   0.3998891331146663

 0.3675480731753245   4.614579085668291  -3.532724497696729  0.7912161464455548  0.5323674954512969  -2.772461426821127
  1.495092543509392 0.05775222073766635 -0.4357888579588834 0.07301878490189199 0.05014795993334126 -0.2400841767094444

 2.308933604046272e-07 -5.747872756053929e-07 -4.307643369565971e-08 -3.709234710871785e-07   -0.02960801805527017    -0.0877767910189393
-8.492665629602461e-09 -1.715115488532418e-07 -2.440425289460006e-07  2.629659864824631e-07   -0.01036538521666924     0.1302452487177566

cov:
0.05503567374060832 0.05602592107925828 0.05718221579104454  0.0585926587184389 0.05954983038131131 0.06069749496358576
0.05602592107925828 0.05756711122568216 0.05936351902502428 0.06156199412218037  0.0630520226303676 0.06483835465788172
0.05718221579104454 0.05936351902502428 0.06190403770803191 0.06501853483351906  0.0671279701809544 0.06965671154542287
 0.0585926587184389 0.06156199412218037 0.06501853483351906 0.06926168482453447 0.07213344817648323 0.07557645045814176
0.05954983038131131  0.0630520226303676  0.0671279701809544 0.07213344817648323 0.07552179347889154 0.07958273966979777
0.06069749496358576 0.06483835465788172 0.06965671154542287 0.07557645045814176 0.07958273966979777 0.08438514400654655

cov.inverse():
 3442090.323985755 -6148406.064761218  2586036.197332541  30886.93465009565  55624.15216088583  33542.01958026666
-6148406.064707197  14198094.29174313 -8965303.034390554 -26645.82761513081  98769.86261143476  844446.2828447717
 2586036.197102553 -8965303.033923274  8629534.706060793 -1017508.580275969 -881151.2783571647 -352565.7490872805
  30886.9348160563 -26645.82805829978 -1017508.579941006  1870511.908561419 -352460.3946070902 -504682.1159684188
 55624.15234241846  98769.86225670435 -881151.2782039874 -352460.3945643553  2674292.334289711  -1594973.00536045
 33542.01940876733   844446.283229356  -352565.749338123 -504682.1159533635 -1594973.005337722  1574276.521161765

cov*(cov_.inverse()):
     1.000000000037517 -2.182787284255028e-11  7.275957614183426e-11 -1.091393642127514e-11 -1.455191522836685e-11  -2.91038304567337e-11
-1.682565198279917e-11      0.999999999992724  4.729372449219227e-11  7.275957614183426e-12 -1.455191522836685e-11  -2.91038304567337e-11
-3.865352482534945e-11  5.093170329928398e-11      1.000000000014552 -2.182787284255028e-11  1.455191522836685e-11 -1.455191522836685e-11
 1.455191522836685e-11  -1.01863406598568e-10  5.820766091346741e-11     0.9999999999708962                      0  -2.91038304567337e-11
 4.592948243953288e-11 -4.365574568510056e-11 -5.093170329928398e-11 -2.182787284255028e-11      1.000000000014552  -2.91038304567337e-11
-1.546140993013978e-11 -1.455191522836685e-11  3.274180926382542e-11 -7.275957614183426e-12                      0     0.9999999999708962
