5
2

0.0001606288419547026
0.0005726346064008164
0.0007017523516877622
  0.06880353695286807
   0.5607980786067871

-0.07609288662113778   0.6521695991259046   -0.743390905963053  0.05007122836786908   0.1172498170692953
 -0.4155186001422722   0.5699869213336739   0.4862264658470236  -0.4946955763044747  -0.1460113459258008
  0.2672006940789707  -0.1456472148067377 -0.09731205449582742  -0.6820528096292431   0.6578183691790711
 -0.7641359514598096  -0.1922364683451573  0.01498453197736569   0.2720959954208053   0.5521599596151229
  0.4077428139302982   0.4377462193346037   0.4486196748834859   0.4621005226434317   0.4767887786290343

0.4002341434111029
0.4004032520302337
0.4004000204652126
0.4003824284170012
0.4003929639161142

5.779526516645639e-06
   0.4004219350885909

-0.03870132385429778    8.959228554809005   -3.840559773331621   -1.083696977551644     -3.9964769368705
   1.300826111513804   0.5558144338745226  -0.4345995087785305  -0.0892941178395763  -0.3327799043116837

 2.110075038595106e-07  1.434599275134785e-06 -1.394297766532359e-06    -0.0201278540399986   -0.07016835298561679
 1.401259248266038e-08 -1.122310120484165e-07  7.431912921361931e-08  -0.006227065797126096     0.1191335593762896

cov:
0.05505027921619007 0.05682874349455693 0.05747350467874671 0.05827218193530767 0.05914273458179925
0.05682874349455693 0.06043905392551249 0.06174736856986882  0.0633691522706515 0.06513636908355763
0.05747350467874671 0.06174736856986882 0.06329619762218283 0.06521628382788082 0.06730848318605373
0.05827218193530767  0.0633691522706515 0.06521628382788082 0.06750696668459552 0.07000182149541559
0.05914273458179925 0.06513636908355763 0.06730848318605373 0.07000182149541559 0.07293676038618822

cov.inverse():
  896046.250189121 -2724612.366361491  1523437.686995555  109079.6797343166  196069.5110613162
-2724612.366491172  17518292.68202934 -17916212.28971767  607426.9953167911  2515262.876640369
 1523437.687189722 -17916212.29013059   22158628.1029419 -2041398.688692837 -3724668.788737838
 109079.6797065759  607426.9954992915 -2041398.688877765  1788142.644570473 -463232.1510253358
  196069.511024566  2515262.876741114 -3724668.788771663 -463232.1510555056  1476604.145698892

cov*(cov_.inverse()):
    0.9999999999836291  1.455191522836685e-10 -4.074536263942719e-10   2.91038304567337e-11  4.365574568510056e-11
 2.000888343900442e-11     0.9999999996798579  2.328306436538696e-10  1.091393642127514e-11 -5.820766091346741e-11
-2.000888343900442e-11  5.820766091346741e-11     0.9999999997671694  1.091393642127514e-11  1.455191522836685e-11
-2.546585164964199e-11                      0 -3.492459654808044e-10      1.000000000040018  1.455191522836685e-11
-1.818989403545856e-12   2.91038304567337e-11  1.164153218269348e-10  7.275957614183426e-12      1.000000000014552
