5
2

0.0003517197803809851
0.0005175098773939666
0.0006822282638059177
  0.07740863590251003
   0.5854610260986074

  0.5616488581993806  -0.8138691803033958  0.08065143523160129  0.06428137659166326   0.1073814139140196
  0.1268104497204084   0.1001890243335084 -0.01516124439572925  -0.7955647858512097   0.5837191768536474
  0.2379327801335542   0.1308971151894397   -0.889277806859067   0.2614169799879054   0.2590368355561258
 -0.6720529600355116  -0.3633549099620597  0.01747306336169654   0.2748926945673193   0.5834781288482441
  0.4002530211884291   0.4223958704780674   0.4496055570699077   0.4680168214760252   0.4900962614629368

0.3996935831163022
0.3996303123132335
0.3996455782586994
0.3996080559739804
0.3995396162292135

0.0007792952384131112
   0.3999592196889562

  6.299308082289362  -5.260120319189794  0.8666711514958165  0.6895674062105793  -2.594469956730969
  2.896902947573587  -1.789877664231107 0.06715701399744504 0.04600840481468674 -0.2198554056857147

 9.469354740375978e-07 -4.832387934114545e-07 -2.104851419648553e-07   -0.02175906635172731    -0.0890114196348981
 3.795985225870753e-07  5.912531160923517e-09  1.630577708677815e-07  -0.008454677194993375      0.119088006717573

cov:
0.05761817269961206 0.05941276977167688  0.0616120852026868 0.06310144318897482  0.0648879523825714
0.05941276977167688 0.06194667969048523 0.06505684625339463 0.06716205441609015 0.06968693025178038
 0.0616120852026868 0.06505684625339463 0.06929040488173588 0.07215422276423285 0.07558916521583217
0.06310144318897482 0.06716205441609015 0.07215422276423285 0.07553207408966976 0.07958205218751513
 0.0648879523825714 0.06968693025178038 0.07558916521583217 0.07958205218751513  0.0843702355898996

cov.inverse():
 2731729.121944254 -3580701.722051003 -95612.73404922217  48757.14429725791  896274.5521603577
-3580701.722077481  5428775.078082092 -786376.2244328401 -647022.0112563173 -415281.5897555947
-95612.73401100622 -786376.2244696865  1752526.655648355 -412525.3414888441 -457959.5369838001
 48757.14430843497 -647022.0112964973 -412525.3414464184  2543515.921726018 -1532655.956378002
 896274.5521374488 -415281.5897050501 -457959.5370248604 -1532655.956364583  1509678.896076446

cov*(cov_.inverse()):
     1.000000000014552  3.637978807091713e-11 -3.637978807091713e-12                      0 -1.455191522836685e-11
-1.455191522836685e-11      1.000000000061846  1.455191522836685e-11 -1.455191522836685e-11 -1.455191522836685e-11
                     0  4.365574568510056e-11      1.000000000014552                      0                      0
 4.365574568510056e-11  -2.91038304567337e-11  1.455191522836685e-11                      1  -2.91038304567337e-11
                     0  1.455191522836685e-11  7.275957614183426e-12                      0     0.9999999999854481
