6
2

0.0001667494873904545
0.0002960188680675165
0.0005493205087255833
 0.000660392534572686
  0.09228688458205896
   0.6131333425956672

 0.03669076031641322  0.08017558882852859  -0.7055531085171746   0.6986376549785984 -0.04318378013388995 -0.06679118433226873
  0.2606309286617446   -0.816593529228496    0.318321315756159   0.3899188223483784 -0.08815700894617752 -0.06410710361927212
 -0.2169308257821086   0.1638480495891293   0.2155723160647789   0.2025559920524927  -0.8038036924307578   0.4387415003576808
  0.6391382707193667   -0.161307703711888  -0.4067124413461201  -0.3900796622389321  -0.1543691209962698   0.4733657330962331
 -0.5807594185575502  -0.3532277019814175  -0.1755578935278967 -0.02529055314341285   0.3648150172423511   0.6110634217868337
  0.3713315130935784    0.386148565839771   0.3976925239652034   0.4074776731765188   0.4328317278331082   0.4488446168880315

0.3953586437262346
0.3948680884839506
0.3945791854980374
0.3942332775275943
0.3933274243598021
0.3927569705117672

0.007270994615572905
  0.3964789131873085

   1.468607896292021   -4.335621196402285    4.809893318866851    3.018318754435626  -0.5092999420924854   -4.452067205588021
   1.584544182583212  -0.7774494023206753   0.4576320370041447   0.1739165694417635 -0.03591081638105728  -0.4027319686485428

-3.501528369685019e-08  6.100168271104986e-07 -2.790130583225432e-07 -1.537077785250576e-06   -0.02681529185272097   -0.07700036253983744
-4.924992853775414e-09  1.130664348113969e-07 -1.463711528357906e-07   3.04885704239466e-07  -0.008427929403323367     0.1295977502699924

cov:
0.05470901960250672 0.05565171292037526 0.05638435217478467 0.05700706421276684 0.05861693771436007 0.05963435380737944
0.05565171292037526 0.05711828939324802 0.05825951330027301  0.0592279150710367 0.06173483147455999 0.06331855848496554
0.05638435217478467 0.05825951330027301 0.05971984045805753 0.06095806489047399 0.06416524329678774 0.06619103808905519
0.05700706421276684  0.0592279150710367 0.06095806489047399 0.06242465321787843 0.06622433156470944 0.06862418005803358
0.05861693771436007 0.06173483147455999 0.06416524329678774 0.06622433156470944 0.07156215224230633 0.07493246780071181
0.05963435380737944 0.06331855848496554 0.06619103808905519 0.06862418005803358 0.07493246780071181 0.07891626325828381

cov.inverse():
 1916273.548270631 -2677176.573185945 -735234.7613635965    1364349.4970305  32410.94140604198  99462.15209250995
-2677176.573287686  7989625.418936851 -4733360.000757453 -1364879.198791889  317639.4647814791  467943.4645963433
-735234.7608596064 -4733360.002359215  19592846.43114357 -15802777.28392716  345245.1267944989  1333901.247469671
 1364349.496546929 -1364879.196943385 -15802777.28552127  19773864.98059817 -1878803.200836699  -2092339.24444013
 32410.94144418304  317639.4646287402  345245.1270809025 -1878803.201030712  2351570.719420614 -1168011.207974653
 99462.15213571338  467943.4644005356  1333901.247679613 -2092339.244475243  -1168011.20799687  1359096.943769569

cov*(cov_.inverse()):
    0.9999999999890861 -7.275957614183426e-12  1.746229827404022e-10   2.91038304567337e-11  1.455191522836685e-11                      0
-4.001776687800884e-11      1.000000000032742  5.820766091346741e-11 -1.455191522836685e-10                      0                      0
-7.275957614183426e-12  -2.91038304567337e-11      1.000000000101863 -5.820766091346741e-11 -1.455191522836685e-11 -1.455191522836685e-11
-1.728039933368564e-11 -3.637978807091713e-12  4.365574568510056e-11     0.9999999999126885                      0 -1.455191522836685e-11
-1.182343112304807e-11  7.275957614183426e-12  1.455191522836685e-11 -5.820766091346741e-11     0.9999999999854481  1.455191522836685e-11
 9.094947017729282e-12                      0   2.91038304567337e-11  -2.91038304567337e-11                      0                      1
