6
2

0.0001532752473705424
0.0003334710626475391
0.0005368514909355785
0.0006881474924016048
  0.07459302795530517
   0.6299348524994546

 -0.1593903200577522   0.7186510086881501  -0.6732215915670403  0.02206081710214561  0.03598460824287824  0.05591574509675773
  0.6331400768152049  -0.4365655967728783  -0.5947962013730826   0.1468969631944102   0.1539565759014855   0.0973666093580292
  0.1583677530649493  0.04756291329390545  0.01936900714002839 -0.02935613670802743   -0.787985815614613   0.5920294226289086
  0.2268305998639319  0.09891555278386945  0.05717558267299683  -0.8963139986341132   0.2695546703050262   0.2438360939198894
  -0.597841064814449  -0.3613232351482615  -0.1742506719271785  0.05977617750558736   0.3142652453338559   0.6158997065062778
  0.3738742622572169   0.3877501900248378    0.398726303523397   0.4124570817018088   0.4273856225804402   0.4450908293836767

0.3989004243998519
 0.398924816498569
0.3988506781228705
0.3987555421620579
0.3986726123313583
0.3985609884041457

0.001418226555735043
  0.3993135178694557

   -0.80202303012765    3.278971548921022    2.170198976153717 -0.07032185432355213  -0.3444774614721265   -4.232471429419324
   1.864974445801287   0.4561283736354336  -0.8879206417859693 -0.02804811469254834 -0.02185286828324995  -0.3833502262640204

 1.815179565299081e-08 -4.120704509014181e-07 -6.228964151495356e-07 -3.766374957189207e-07   -0.02115858781078764   -0.08856269279772909
   1.4224375169834e-08  1.629103023878108e-07  2.620890566040126e-08  1.625018273591448e-07   -0.00762115720971052     0.1303779309454399

cov:
0.05745675872315967 0.05872852711833219 0.05973464241831446 0.06099320493796299 0.06236154687909621 0.06398497287807081
0.05872852711833219 0.06038811669227718 0.06170085241863837 0.06334298751001267 0.06512839334653163 0.06724622771816233
0.05973464241831446 0.06170085241863837 0.06325616690054831 0.06520168728684651 0.06731699338369196  0.0698259022980702
0.06099320493796299 0.06334298751001267 0.06520168728684651 0.06752726405112013 0.07005477893726172 0.07305291901413288
0.06236154687909621 0.06512839334653163 0.06731699338369196 0.07005477893726172 0.07303189721331466 0.07656172212633583
0.06398497287807081 0.06724622771816233  0.0698259022980702 0.07305291901413288 0.07656172212633583 0.08072273108537618

cov.inverse():
 4881939.831838698 -7287743.031665608  1219017.077625643  241219.9448694557  328517.8573869852  617047.4869547142
-7287743.031602579  23725680.35846815 -18243359.08769729 -93935.08109579202  422590.2517966683  1476790.219426073
 1219017.077630006  -18243359.0878531   22481391.5229183 -1528081.211823421 -1875065.540142791 -2053896.108213362
 241219.9447272557 -93935.08047476623 -1528081.212392122  1914268.348194629 -192774.3429438748 -340694.3364443561
 328517.8574335199  422590.2513134088 -1875065.539581419 -192774.3429938568  2576130.954058622 -1259372.121481961
 617047.4869829905  1476790.219507129 -2053896.108357464 -340694.3364842507 -1259372.121407295  1560083.800087713

cov*(cov_.inverse()):
     1.000000000050932 -3.492459654808044e-10  5.238689482212067e-10                      0 -1.455191522836685e-11 -4.365574568510056e-11
 5.093170329928398e-11      0.999999999650754  3.783497959375381e-10 -7.275957614183426e-12  -2.91038304567337e-11 -1.455191522836685e-11
 5.820766091346741e-11   2.91038304567337e-11      1.000000000232831  2.546585164964199e-11                      0  1.455191522836685e-11
 1.455191522836685e-11 -4.074536263942719e-10  1.164153218269348e-10      1.000000000007276                      0  1.455191522836685e-11
 4.365574568510056e-11 -2.619344741106033e-10   2.91038304567337e-10  1.091393642127514e-11      1.000000000014552  -2.91038304567337e-11
 8.731149137020111e-11 -2.037268131971359e-10  8.731149137020111e-11                      0                      0                      1
