6
2

0.0002945301590536369
0.0004725246242412404
0.0005575945836081995
0.0007424531065895989
   0.1022313353399461
   0.6245592753248319

 -0.2220619584782939   0.7133662815613042  -0.6518918748475544   0.1032092773663236  0.07630828401621882 -0.01894490147621793
 -0.3691080967487622   0.3673213711017757   0.4124572861859199  -0.2151718599321107  -0.5943985612295031   0.3988792190879553
  0.4043427247050065  -0.2268427133492113   -0.398050750291669   0.4095936148475297  -0.5640766449625697   0.3750407362602669
  0.3884298225967766  0.01187866178342439  -0.2329700803237092  -0.7636341252152608    0.168198975445946    0.428109961868786
  -0.607502471261241  -0.4020735397110912  -0.1911287490997259   0.1272887176886749   0.3244662708482718    0.557912751937292
  0.3619636457136882   0.3780498751780052   0.3945457054812084   0.4194549935224364   0.4348743250035786   0.4531402952813409

0.3992800028671339
 0.399208242452432
0.3992104562882846
0.3990274985156692
0.3989284920629356
0.3987992622254229

0.001539398105341417
  0.3996572133002054

  0.5760493455039557   -1.790975429869844      5.0212363048918   0.3193451538835446  -0.1696009813645251   -3.956264240657052
   1.507894594979454  -0.5362795830546272   0.3711959149592606   0.0291369149943015 -0.01243507326715257  -0.3595232650590433

-3.976420396442822e-07  -7.71246829558624e-08 -8.135957640973999e-07 -1.617010261848156e-06   -0.02938034623907823   -0.08581978985361223
-8.245571990203753e-08  -1.65839749654486e-07  1.454181592523414e-07  1.734225691514577e-07   -0.01016154417133409     0.1300569315341603

cov:
0.05496392632081012 0.05593064530174244  0.0569203631938608 0.05841571548341459 0.05934101020795703 0.06043793723775083
0.05593064530174244  0.0574397550823511 0.05898585846579361  0.0613210604648709 0.06276637980243704 0.06447904680029483
 0.0569203631938608 0.05898585846579361 0.06110336666933062  0.0643007774058541 0.06627994409561792 0.06862474600298246
0.05841571548341459  0.0613210604648709  0.0643007774058541 0.06880036252596351 0.07158506418117422 0.07488423827849525
0.05934101020795703 0.06276637980243704 0.06627994409561792 0.07158506418117422 0.07486964768769662 0.07875952625961505
0.06043793723775083 0.06447904680029483 0.06862474600298246 0.07488423827849525 0.07875952625961505 0.08334964820938612

cov.inverse():
 1978219.584169101 -2719954.229849047  305085.0617738391  86080.89387414724  172192.8953794006  178479.7827369229
-2719954.229747935  6636382.852404867 -4396839.108320359  179449.3912989199  64825.10356316186  235984.4885475929
 305085.0616148325 -4396839.108124974  6268817.329155427 -1374730.886582153 -1020375.210732195  218108.0513500972
 86080.89392633138  179449.3912175545 -1374730.886568608  1927622.221224116  -312511.900185855 -505916.3759860338
 172192.8953775323  64825.10359110312 -1020375.210747492 -312511.9002164759  2724208.093938063 -1628308.947341467
 178479.7827445033  235984.4885067363   218108.051388238  -505916.375971053 -1628308.947361312  1501630.684957967

cov*(cov_.inverse()):
     0.999999999996362 -3.456079866737127e-11  3.637978807091713e-11 -1.091393642127514e-11                      0  1.455191522836685e-11
-3.637978807091713e-12     0.9999999999890861 -4.001776687800884e-11  1.455191522836685e-11  1.455191522836685e-11                      0
-2.364686224609613e-11  4.001776687800884e-11      1.000000000065484 -2.182787284255028e-11  1.455191522836685e-11  1.455191522836685e-11
 1.818989403545856e-12  6.184563972055912e-11 -1.818989403545856e-12      1.000000000007276  1.455191522836685e-11                      0
-2.182787284255028e-11  9.094947017729282e-11  3.637978807091713e-12                      0      1.000000000014552   2.91038304567337e-11
                     0  7.275957614183426e-12 -7.275957614183426e-12 -7.275957614183426e-12                      0      1.000000000014552
