6
2

0.0003439773553383465
0.0004298626489117424
0.0006509513741436486
0.0007809196215508615
   0.1132064168862388
   0.6405089950591599

  -0.4933575232282397    0.7752197471923852   -0.1233309402830796   -0.1302912882109525   -0.2621636549703605    0.2339157438798739
   0.2164695862154807   -0.2254502413131676    0.1412540453704791    0.1633106050800826   -0.7849664347649827    0.4894055007483432
  -0.2065571823624801   0.03325121684660547   -0.2381397588129814    0.8780386037505972   -0.1340371851880726   -0.3325660619722766
   0.3608353923175707   0.03910937456171281   -0.8610645938023136 -0.004719558686699557     0.137223474202789    0.3286084077834783
  -0.6446903794121326   -0.4600606961936532  -0.04463657365969156   0.09713261645230625    0.2935480989219713    0.5245196042509763
   0.3482032987734807    0.3659446699601343    0.4058344129073347    0.4194580043286116    0.4383277073592374    0.4605010250988016

0.3993072447806301
0.3992435908014128
0.3990804827540438
0.3989987753415327
0.3988692031704441
0.3987128160485182

0.001649306332314034
  0.3997053180899915

 0.2133866644987018   1.332570009606482  0.7653175466917705  0.9106639101229332   0.534931895282541  -3.757011856080461
  1.516957282288265  -0.362326454783413 0.06387008850476886  0.0738186378312998 0.04250131039355809 -0.3348293139915199

-3.601012923716424e-08 -4.168711164787009e-07  7.607500196059799e-07 -1.033886249601116e-06   -0.03216656278408433   -0.09891418169331999
  -1.3444088507335e-07  4.322225340535754e-08 -7.208816328548877e-08  2.278719099748423e-07   -0.01243256396693252      0.130026367252407

cov:
  0.055067862657895 0.05607661327288183 0.05834249853356414 0.05911741564247174 0.06019024662513751 0.06144948708479091
0.05607661327288183 0.05765167006124659 0.06119083302640943 0.06240029924366781 0.06407514889778092 0.06604220386452224
0.05834249853356414 0.06119083302640943  0.0675951273134905 0.06978171696074514 0.07281106027923039 0.07637060964324087
0.05911741564247174 0.06240029924366781 0.06978171696074514 0.07230300172105375 0.07579426291154646 0.07989739734604306
0.06019024662513751 0.06407514889778092 0.07281106027923039 0.07579426291154646  0.0799266323713667 0.08478269000753315
0.06144948708479091 0.06604220386452224 0.07637060964324087 0.07989739734604306 0.08478269000753315 0.09052450812632791

cov.inverse():
 2624956.947345882 -3489569.851331061  286328.4282861841  303778.4610565565  320077.0666392305 -45496.56609263583
-3489569.851353232  5359340.684285047 -1054296.535472203 -984309.6696307196 -761661.1072695479  930425.7675382402
 286328.4282887613  -1054296.53547642  1586158.674816982 -226142.7310266117 -445217.8708369453 -146784.4368505729
 303778.4611185866 -984309.6697291859 -226142.7310272997  2107253.316150292 -683868.7388035594 -516702.2467579122
 320077.0666125999 -761661.1071891719 -445217.8708406053 -683868.7389109889  3988754.443778772 -2418165.388829249
-45496.56610844261  930425.7675383782 -146784.4368478657 -516702.2466876057 -2418165.388886594  2196765.547156778

cov*(cov_.inverse()):
     1.000000000003638  5.820766091346741e-11  7.275957614183426e-12 -3.637978807091713e-12  -2.91038304567337e-11                      0
-2.455635694786906e-11       1.00000000007276    1.2732925824821e-11  2.182787284255028e-11  -2.91038304567337e-11                      0
 1.818989403545856e-12  4.365574568510056e-11      1.000000000014552 -7.275957614183426e-12                      0                      0
                     0   2.91038304567337e-11  7.275957614183426e-12      1.000000000021828   2.91038304567337e-11  -2.91038304567337e-11
 3.637978807091713e-12   2.91038304567337e-11  7.275957614183426e-12 -1.455191522836685e-11      1.000000000029104  -2.91038304567337e-11
                     0  4.365574568510056e-11 -5.456968210637569e-12 -2.182787284255028e-11                      0                      1
