6
2

0.0001124549679128423
0.0003158542410437996
  0.00040852914898505
0.0005179451679489951
  0.08568151374349643
   0.6927339791382777

    0.100559605553725   -0.6874047794351691    0.7142753447871182  -0.05135306186173215  -0.06669489293506826 -0.009371289325088558
   0.5103127691771618   -0.5242198266735155   -0.5270590050876254    0.2951719057714297    0.3095032507500795   -0.0637537442944681
  0.08856057400652674  -0.03395717252644337  -0.07665026695680537    0.5361490138673763   -0.7887982661640525    0.2747184048561717
   0.5108836280670896   0.03125127208621668   -0.1056459903916093   -0.6747752663608038   -0.2294199636292286    0.4678728689251457
   -0.576602739647641   -0.3250408979576938   -0.2041985010017434 -0.009240089571970528    0.2037527095752868    0.6917948551122384
   0.3579844511722437     0.380640152393221    0.3915177779661538    0.4091131929700334     0.428261763361137    0.4721147043061596

0.3971882378262644
0.3960087979759296
0.3955088789185143
0.3945738033447662
0.3935512198291896
0.3912125586218314

0.01508697652299711
 0.4003839254511255

  1.282726612932146  -4.877413363225807   5.748849445341578   1.153323428241396   1.024128838408242  -4.332320889775666
  2.452903927139826  -1.841230000386668  0.6129814637452023 0.09764431886672986  0.1046484721377877 -0.4268276272695836

 9.485952777877457e-08  1.112414637064939e-07 -2.571993191999476e-07 -8.435955407323553e-07   -0.02295804865644276    -0.1350785325912229
 2.456100267475686e-08  1.977622642690467e-07  1.423895791962032e-08  2.256800900243354e-07  -0.008926334881087681     0.1442047496316082

cov:
  0.063938916810591 0.06676594404042473 0.06812306138149402 0.07032048047952032 0.07270844587446948 0.07817612699273352
0.06676594404042473 0.07030404700313735 0.07200260229504826 0.07475135117131855 0.07774082312874905 0.08458651554780156
0.06812306138149402 0.07200260229504826 0.07386517300153188 0.07687872792722233 0.08015710249918072 0.08766463654063139
0.07032048047952032 0.07475135117131855 0.07687872792722233 0.08032011228447374 0.08406481581195764 0.09264111332063751
0.07270844587446948 0.07774082312874905 0.08015710249918072 0.08406481581195764 0.08831886811707855 0.09806110535327116
0.07817612699273352 0.08458651554780156 0.08766463654063139 0.09264111332063751 0.09806110535327116     0.1104751180066

cov.inverse():
 4429942.694671177 -8106085.890584775  2741923.430873212  100983.1855428111  197345.2679931181  636097.8650566771
-8106085.890162493  40130374.23106705 -36053060.42815237  1052692.973227408  2132772.030530905  842974.2788682446
 2741923.430238525 -36053060.42697125  43204841.62495875 -4440427.968738671 -4949558.205793504 -502933.1262136814
 100983.1856347025  1052692.973053628 -4440427.968582571  4501493.273551226 -770368.4835202188 -444894.4274204852
  197345.268146498  2132772.029709754 -4949558.205206532 -770368.4833569111  5236223.634625997 -1846862.074496353
 636097.8650237949  842974.2791044227 -502933.1264103891 -444894.4275096036 -1846862.074413818  1315946.789097312

cov*(cov_.inverse()):
                     1 -2.328306436538696e-10 -3.274180926382542e-10  4.365574568510056e-11  8.731149137020111e-11  1.455191522836685e-11
                     0     0.9999999996216502 -6.693881005048752e-10  8.003553375601768e-11                      0                      0
 4.365574568510056e-11  2.037268131971359e-10     0.9999999994251993  -2.91038304567337e-11   2.91038304567337e-11   2.91038304567337e-11
 -2.91038304567337e-11  4.802132025361061e-10 -7.130438461899757e-10      1.000000000101863   2.91038304567337e-11   2.91038304567337e-11
-7.275957614183426e-12 -1.455191522836685e-11 -4.656612873077393e-10   2.91038304567337e-11      1.000000000029104  1.455191522836685e-11
                     0 -1.455191522836685e-11                      0  7.275957614183426e-12  -2.91038304567337e-11                      1
