7
2

0.0001948875433170097
0.0003993848425005998
0.0004753892214155105
0.0006564703018988166
0.0007858408028731392
    0.115662922300399
   0.6866579281330127

   0.2547166529502884   -0.7394405884640471    0.6190409628486087  -0.03479745914286725  -0.03633841291532101  -0.04901206780538899  -0.01420573654021818
   0.2210274069753312   -0.2427869920803071   -0.3277513987400791    0.0641277647212574   0.06999144791193057    0.7211213241569153   -0.5057205209634109
  -0.4346938479580836    0.3140769633045564    0.5451494687676447   -0.2896384975153121   -0.3532648195887065    0.4113950834568019   -0.1930714108218526
  -0.2442180116293571   0.02638331816750121    0.1458442930977224    -0.317631314829054    0.8362023254977125   -0.1270150811612155   -0.3195842820272856
   0.4143892069920302   0.05464001607161381   -0.1323090815420567   -0.8163901081327368  -0.01328110184237719    0.1474466400099618    0.3455150542890303
  -0.5994164570630853   -0.4178432966608649   -0.2072541347936999 -0.009829585053220319    0.1296246644244834    0.3226364163363719     0.549690078619379
   0.3265679554843318    0.3425830152410891     0.361177015277803    0.3785594085831107    0.3908598390035181    0.4078827511971966    0.4278953533952898

0.3993442101584231
 0.399297546231995
  0.39920716746319
0.3991704101819571
0.3990997324258413
 0.398988147672234
0.3988521543089394

0.001449556415724853
  0.3997176102844501

0.001498282031849069    1.246649294530003   0.8391577283750106    0.470295051591246   0.6739452177762191   0.3445384704874834   -3.576114839604379
   1.460969918732528  -0.2320868496593857 -0.06352519943988694  0.04874179629944118  0.06530602735468083  0.03603486120158567  -0.3154131411288019

-1.553082880011842e-08   2.48342207176806e-07  2.952056734360137e-07  7.189135681026375e-07 -1.000415383483517e-06   -0.03301104204100123    -0.1025813451532167
 1.910711973439938e-08  9.463233894846138e-08 -1.591149935105827e-07 -1.020634938493557e-07  2.820995208377952e-07    -0.0122990468851443     0.1406785748121146

cov:
0.05509066047975525 0.05610035891994344 0.05727462307606631 0.05836793069331644 0.05914372313686263 0.06021719207497239 0.06147802016678859
0.05610035891994344  0.0576723523580198 0.05949860672149573 0.06120268064479504 0.06241004378550802 0.06408082686722948 0.06604422171986848
0.05727462307606631 0.05949860672149573 0.06208126762324008 0.06449389937959916 0.06620194080008421 0.06856568803272169 0.07134415391883192
0.05836793069331644 0.06120268064479504 0.06449389937959916 0.06757099678534789 0.06974760908268111 0.07276066243133106 0.07630281636053357
0.05914372313686263 0.06241004378550802 0.06620194080008421 0.06974760908268111 0.07225669921359969 0.07572815373129521 0.07980997642527179
0.06021719207497239 0.06408082686722948 0.06856568803272169 0.07276066243133106 0.07572815373129521 0.07983522911991617 0.08466382035658526
0.06147802016678859 0.06604422171986848 0.07134415391883192 0.07630281636053357 0.07980997642527179 0.08466382035658526 0.09037128826645439

cov.inverse():
 3267112.909146177 -5877790.514918752  2477375.691885843  44786.34517961078  49992.19426528514  50148.93547517147 -11738.31428165263
 -5877790.51479823  15208383.84944253 -10798151.09057741  85645.29403854482  159988.4427197042  433578.3194284361  788989.0222064862
 2477375.691681387 -10798151.09024123  12155701.61724985 -1330171.837509377 -1302401.265896255 -1362766.425463281  159680.8980511709
  44786.3451084116  85645.29419587411  -1330171.83759669  1742236.270885122 -84578.89818197454  -293738.469253786 -164079.1225029624
 49992.19437658518  159988.4423757011 -1302401.265613806 -84578.89817312358  2240502.503068577 -529378.9654944342 -534048.1035837429
  50148.9356127792  433578.3191663278 -1362766.425372871 -293738.4692511637 -529378.9654335629  4144906.845207072 -2442743.042122019
-11738.31437541782  788989.0224395924  159680.8978973514 -164079.1225156242 -534048.1035860013 -2442743.042092612  2203976.633095046

cov*(cov_.inverse()):
     1.000000000021259 -1.455191522836685e-11 -6.002665031701326e-11  1.455191522836685e-11   2.91038304567337e-11 -5.820766091346741e-11   2.91038304567337e-11
 2.432898327242583e-11      0.999999999825377 -1.400621840730309e-10 -9.094947017729282e-12   2.91038304567337e-11                      0  -2.91038304567337e-11
-3.058175934711471e-11  2.182787284255028e-11     0.9999999997962732                      0                      0 -5.820766091346741e-11                      0
 4.774847184307873e-12  5.820766091346741e-11 -7.275957614183426e-12     0.9999999999909051 -7.275957614183426e-12                      0                      0
-2.728484105318785e-12 -1.527951098978519e-10  1.091393642127514e-11 -7.275957614183426e-12      1.000000000014552 -5.820766091346741e-11   2.91038304567337e-11
-3.637978807091713e-12 -1.164153218269348e-10 -1.327862264588475e-10  3.637978807091713e-12 -7.275957614183426e-12     0.9999999999708962  -2.91038304567337e-11
  1.13686837721616e-12                      0 -8.185452315956354e-11  9.094947017729282e-12  7.275957614183426e-12  -2.91038304567337e-11                      1
