5
2

0.0001303875004509746
0.0002580111937348994
0.0005227638557830425
   0.0598142163979636
   0.5717543713807223

-0.04913503894777311    0.311554990002831  -0.7598116615259159   0.5645374877778376   -0.067103651574645
 -0.3820803930637249   0.7373033249799527 -0.06906170734449145  -0.5068714151311342   0.2207039404075082
  0.4519871397252892  -0.2480616831595908  -0.4591759726895611  -0.3677154068928478   0.6229894321007424
  -0.689961589269254  -0.3342809741512668  0.06195081940513411   0.2763022425866697   0.5762190576249063
  0.4138368664581101   0.4313223004278275   0.4508173040906021   0.4613255289832265   0.4760699903949072

0.4004874481544996
   0.4003016588307
0.4000537754855026
0.3999859292492873
0.3997806192147131

0.003344665138162487
  0.4011092497141531

 0.1831163098964548   4.810956507636416   5.195097262168505  -8.347014364711271  -1.842364542424415
  1.490045978586031 0.02458885403108729  0.3733655943788751 -0.7223829937385637 -0.1655608309309287

-1.197881484058526e-07  4.621695016679041e-07 -4.302988317748584e-07   -0.01710381149903918   -0.07678705670989544
-1.268169853782486e-08 -1.646655417413597e-08  1.799371721233532e-07  -0.004680253842918813     0.1253637576297373

cov:
0.05768896767812847 0.05917636245319231 0.06083563078128518 0.06172812522227638 0.06298258156248564
0.05917636245319231 0.06121653955059389 0.06349143387456924 0.06471672101435798 0.06643697214985511
0.06083563078128518 0.06349143387456924  0.0664523483229162  0.0680484659261797 0.07028776489173727
0.06172812522227638 0.06471672101435798  0.0680484659261797 0.06984511071129219 0.07236505309230531
0.06298258156248564 0.06643697214985511 0.07028776489173727 0.07236505309230531   0.075278192266062

cov.inverse():
 3082660.843566436 -5542435.661711426  1832895.038219296   669393.076560464 -42536.29445711196
 -5542435.66275501  14100804.25320348  -14272259.9374326  5065423.611005245  649162.3624748419
 1832895.041873562 -14272259.94401921  34801003.31073984 -24086859.77368541   1723306.82616977
 669393.0734622711  5065423.617894303 -24086859.77825414  23100408.55239636 -4746955.993402644
-42536.29396979615  649162.3611291859  1723306.827806067 -4746955.994180683   2416875.27047368

cov*(cov_.inverse()):
     1.000000000010459  1.382431946694851e-10 -7.275957614183426e-11  3.492459654808044e-10                      0
-4.547473508864641e-13      1.000000000021828  -1.01863406598568e-10  5.820766091346741e-11  5.820766091346741e-11
 8.640199666842818e-12 -5.820766091346741e-11      1.000000000087311  1.746229827404022e-10  8.731149137020111e-11
-4.956746124662459e-11  2.110027708113194e-10 -1.455191522836685e-10      1.000000000174623  5.820766091346741e-11
-3.637978807091713e-12  6.548361852765083e-11 -1.746229827404022e-10  1.164153218269348e-10                      1
