5
2

0.0003937083736488424
0.0005278701096135295
0.0007214740005085123
   0.1012703233998142
      0.5756023428239

  0.5668915688104791  -0.7901486871235807   0.1372973698275661   0.1689984721892687 -0.08299367496744804
  0.1850900070402852 -0.07779623395212588   0.1034551815369135  -0.7861029690578647   0.5753508344725567
  0.2505390414325245  0.03537039684356194   -0.868281597554771     0.21217121691708   0.3702020607787882
 -0.6548440040606395   -0.448208724167722  0.08857788459383324   0.2885493023669782   0.5283763132372462
  0.3908774201323513   0.4092318081806703    0.456823251772733   0.4745569652334254   0.4958350259835264

 0.399510120473619
0.3994728838841664
 0.399395427258758
0.3993410420451015
0.3992517114053069

0.0009655181830246538
   0.3998060899139387

  2.441165869741089  -0.698025813037078   1.050772244205691  0.6488973916988003  -3.442958197440792
  1.714523423822764 -0.5404788363922788 0.08480312817141419 0.04943915816555891 -0.3082577307545762

 3.836553107191926e-07 -5.227866411682238e-07 -7.611951563481281e-07   -0.02896803599663498   -0.08304190412009092
 2.239204258422314e-07  4.233790427351217e-08  1.213744102110707e-07   -0.01047716845440084     0.1187258772199174

cov:
0.05501842046699768 0.05600750441466824 0.05856580647385819 0.05951952241924838 0.06066455407464534
0.05600750441466824 0.05754643115914046 0.06153158642003935 0.06301685746999369 0.06479945737137553
0.05856580647385819 0.06153158642003935 0.06922279633496803 0.07208800711903962  0.0755263499282549
0.05951952241924838 0.06301685746999369 0.07208800711903962 0.07546835052198173 0.07952331017642669
0.06066455407464534 0.06479945737137553  0.0755263499282549 0.07952331017642669 0.08431869116064711

cov.inverse():
 2316822.339838452 -2924367.212672125  152919.3624243167  198002.8409424785  256801.0901013434
-2924367.212652311   4051947.84589502 -787765.2589869756 -627594.5336665786  287561.8707853092
 152919.3624448251 -787765.2590121825  1608394.573486702 -496088.3235025046 -477422.1327802283
 198002.8408241823 -627594.5335225951 -496088.3235039694  2488455.555735525 -1562719.365203218
 256801.0901793132  287561.8706863502  -477422.132783464 -1562719.365178988  1495741.801979165

cov*(cov_.inverse()):
    0.9999999999781721 -7.275957614183426e-12  7.275957614183426e-12 -1.455191522836685e-11                      0
                     0     0.9999999999708962  1.455191522836685e-11 -1.455191522836685e-11                      0
 7.275957614183426e-12  -2.91038304567337e-11      0.999999999992724  -2.91038304567337e-11 -1.455191522836685e-11
-4.001776687800884e-11 -3.637978807091713e-12                      0     0.9999999999854481                      0
-3.637978807091713e-12 -1.818989403545856e-11                      0                      0                      1
