5
2

0.0002982421568878201
0.0005188469410936662
 0.000735940889940845
   0.0953744044230682
   0.5627098370531098

-0.2355521726187458   0.729868381998618 -0.6316921864841396  0.1095356870166167 0.02782505593871389
 -0.527218287131534  0.4012882284484895  0.5788822857334061 -0.4747924233262729 0.02181947384324306
 0.4052491157030448 0.01074516335813225 -0.2379587563852135 -0.7067436145359335  0.5287218448849954
-0.5817734694981798 -0.3583372546509408 -0.1292863118669134  0.2170033041806784  0.6850756583442418
 0.4048071591494281   0.421590863350981  0.4387721055655293  0.4647549002529336  0.4998742140867257

0.3992246400057337
0.3991487539319541
0.3991482950409794
0.3989609992846117
0.3987272006105073

0.001582607500648336
  0.3996068953359837

  0.643405835995993  -1.752344570376712   4.833659979644639  0.2882284086220423   -4.01320490801263
  1.517011588018804 -0.5310770386296968  0.3479534968922509 0.02696207632179606 -0.3608641693384472

-4.059620382633476e-07  4.122278719670712e-07 -1.751495236963752e-06   -0.02781745803003909   -0.07269604788267905
-8.644350654115913e-08 -2.240198937513063e-07  1.713707556325073e-07  -0.008901675178519459     0.1187460391431681

cov:
 0.0549667131031049 0.05593537617705154 0.05692546965865639 0.05842339670460672 0.06044813485616127
0.05593537617705154 0.05744775457033267 0.05899466897307733 0.06133439232296001  0.0644969507081658
0.05692546965865639 0.05899466897307733 0.06111249165107672 0.06431499060108557 0.06864370994717234
0.05842339670460672 0.06133439232296001 0.06431499060108557 0.06882251704479263  0.0749141147214837
0.06044813485616127  0.0644969507081658 0.06864370994717234  0.0749141147214837 0.08339006112561136

cov.inverse():
 1959574.175006319 -2710668.367312079  361090.4946570978   110963.417658775  279145.0490234628
-2710668.367337804  6587366.037473724 -4325167.382743276   177015.865785877   271307.785546439
 361090.4947175636 -4325167.382834771  5835499.096359983 -1488365.645090786 -382993.5087860284
 110963.4176109212  177015.8658754328 -1488365.645131092  1894513.455283935 -694127.9706151881
 279145.0490365761  271307.7855226528  -382993.508776754 -694127.9706137886  526666.5441787983

cov*(cov_.inverse()):
     1.000000000007276 -4.729372449219227e-11  1.455191522836685e-11  7.275957614183426e-12 -7.275957614183426e-12
                     0      1.000000000014552  7.639755494892597e-11 -1.455191522836685e-11 -7.275957614183426e-12
 2.182787284255028e-11 -3.637978807091713e-12      1.000000000065484                      0 -7.275957614183426e-12
 1.091393642127514e-11                      0  7.639755494892597e-11     0.9999999999854481                      0
 2.546585164964199e-11  -2.91038304567337e-11 -3.637978807091713e-12                      0      1.000000000007276
