5
2

0.0004161806338162994
 0.000650946065030573
0.0007780552219425751
  0.09826897597174125
   0.5812930672854028

 -0.3001651727301327   0.8469534242746041  -0.2812518163822174  -0.3305315814797551  0.06493886059677537
 -0.2511456429286785   0.1569932275524419  -0.3029498200502291   0.8074994511439844  -0.4104205592734189
 -0.4369730291801723   0.1137203435238709   0.7929014957390264 -0.06580601092917923  -0.4038552243296112
  -0.712255164444624  -0.2511863201212605 -0.01904227567987006   0.1449130745307569   0.6389331779402885
  0.3854528344802981   0.4266100557475667    0.447284509127003   0.4619126322177043   0.5059676479962824

0.3994470310151919
0.3993070966271681
0.3992686075690512
0.3991966260488166
0.3989476921980097

0.001462348396792586
  0.3998203804121772

 0.4664888979494178   1.821406114586884  0.4687986698390304  0.6909768290757247  -3.447743569420058
  1.369487467341187 -0.2174764891596637 0.05258867098346579 0.07282124300921791 -0.2773855879699909

 1.417675965895888e-07  8.473588264670187e-07  1.042397287150015e-06   -0.02801864593751325   -0.08743196697759881
-1.129544894716241e-07 -9.380001695704479e-08 -2.870854340229674e-07   -0.01051119477365798     0.1189096736462576

cov:
0.05510247877894976  0.0572914806344896 0.05838744578376845 0.05916509803607495 0.06150532872090182
 0.0572914806344896 0.06210622586961447 0.06452324403056942 0.06623422922356817 0.07138649003829248
0.05838744578376845 0.06452324403056942 0.06760569464111719 0.06978586068854808 0.07635338571864267
0.05916509803607495 0.06623422922356817 0.06978586068854808 0.07229888856860463 0.07986594441206203
0.06150532872090182 0.07138649003829248 0.07635338571864267 0.07986594441206203 0.09044633616134831

cov.inverse():
 984510.5063239872  -1642881.10181752  94629.13800078868  141693.3585949231  422185.6377370624
-1642881.101780547  4221013.740097244  -1338573.90657089 -1329435.425923479  89598.46110862865
 94629.13796516672 -1338573.906494001  1711819.434607704 -126803.4545032565  -340976.059697004
 141693.3585757472 -1329435.425924759 -126803.4544621428  2176756.846787376 -862146.9854060721
 422185.6377548858  89598.46106999143 -340976.0596968454 -862146.9853854147  691338.9352239881

cov*(cov_.inverse()):
     1.000000000010914 -4.456524038687348e-11  3.637978807091713e-12 -1.455191522836685e-11                      0
-1.455191522836685e-11      1.000000000000909 -1.818989403545856e-11 -4.365574568510056e-11  7.275957614183426e-12
-1.091393642127514e-11 -8.185452315956354e-12     0.9999999999854481 -1.455191522836685e-11                      0
                     0 -4.638422979041934e-11  1.091393642127514e-11                      1                      0
                     0 -2.000888343900442e-11 -3.637978807091713e-12                      0      1.000000000007276
