5
2

0.0002510385454303131
0.0004770543938048847
0.0006834400392315234
  0.07501069770013651
    0.557648966158429

  -0.278538005712226    0.688448238747812  -0.6467716589987969  0.08609002345363921   0.1507664780930689
 -0.5295435185280735   0.4473371315180779    0.611995865315319  -0.3128067620232858   -0.216993417456721
  0.1721699244192124 0.004577621601876972 -0.02739622715890724  -0.7669298143127655   0.6175796864871749
 -0.6660026007963027  -0.3791233827688615  0.05500770334982678   0.3010901605958415   0.5648228608466589
  0.4108506957725729   0.4268173137872682   0.4509668294481678   0.4646545088609562   0.4793263946073325

0.4000143307162167
 0.400009350410687
0.4000701128211241
0.4000183165798693
0.3999932187851732

0.0005783317480660446
   0.4002677681096233

  0.5282554012926624    3.384832474855837   0.6664203228202922   -1.020671835641437   -3.558930263092928
   1.492090056671145 -0.05865817060259973 -0.03114117521395446 -0.09880385238761305  -0.3034923153006962

 7.106703730079882e-08  6.221631532918771e-07 -6.198066722377177e-07   -0.02203327663006076   -0.06775351498115317
-3.088678884818331e-08 -1.681054769196693e-07  6.811231979807468e-08  -0.006607763356320806     0.1189670653137681

cov:
 0.0549874218626337  0.0559521880448059 0.05741077489032632 0.05823744291036254 0.05912377449359824
 0.0559521880448059 0.05745958834308134 0.05973879483811494 0.06103053702885321  0.0624153396986705
0.05741077489032632 0.05973879483811494 0.06325992421767751 0.06525547499549959 0.06739465419257822
0.05823744291036254 0.06103053702885321 0.06525547499549959 0.06765049910773435  0.0702168002115957
0.05912377449359824  0.0624153396986705 0.06739465419257822  0.0702168002115957 0.07324229838743213

cov.inverse():
 2526787.710692819 -4081958.287968153  1424489.652375003  64622.50427138229  66123.17597140618
 -4081958.28804499  8400125.609129442 -5862797.890817846  318072.0060144572  1226495.178886578
 1424489.652507921 -5862797.890986062  8285101.718972017 -1679726.884522306 -2167042.880510412
 64622.50428945568  318072.0059810428 -1679726.884504072  1806815.569993002 -509780.4803111269
  66123.1758972489  1226495.179011373 -2167042.880563944 -509780.4803082346  1384195.976211208

cov*(cov_.inverse()):
     0.999999999998181  -2.91038304567337e-11   2.91038304567337e-11 -3.637978807091713e-12  1.455191522836685e-11
-2.182787284255028e-11     0.9999999999854481  5.820766091346741e-11                      0  -2.91038304567337e-11
 9.094947017729282e-12 -5.820766091346741e-11      1.000000000058208 -1.455191522836685e-11                      0
-1.637090463191271e-11 -8.731149137020111e-11   2.91038304567337e-11                      1                      0
-3.092281986027956e-11  1.455191522836685e-11   2.91038304567337e-11 -1.455191522836685e-11                      1
