5
2

0.0004034180353534217
0.0005398027699530802
0.0006905217233847227
  0.06529391227313498
   0.6071600059180121

  0.2866358460478091 -0.04178855166306798 -0.04547473886348436  -0.7683163694326245   0.5689601157353027
 -0.5381779329174884   0.3953906798293649   0.6374656685168354  -0.3598502573912361   -0.134818531895944
  0.2035322019441684  -0.7488375283345704    0.624002342013433  0.01231789190431268 -0.09102936685660443
 -0.6504322427776866  -0.3141715404823359 -0.07659430403173753   0.2523685674243158   0.6392789371410862
  0.4046195059658679   0.4271516435210141   0.4430845961431367   0.4651409726443851   0.4910646037512196

0.3992834616818959
 0.399228194521817
0.3991454112299271
0.3990175510331402
0.3988639045442359

0.001590666539285825
  0.3998300650031423

   2.217731876050872   0.8647144717385946   0.6262700872735576   0.1427335773371463   -3.851924914776882
   1.997816563182217  0.08408987752033778 -0.07306092902206265  -0.2732346676849076  -0.7357875694376315

-2.815815918055393e-07  4.528012640107903e-09  2.608395917311326e-07   -0.01785704428614772    -0.1035741372091244
 5.919908683808339e-08 -2.596214450747076e-07  1.724528954431085e-07   -0.00792800731556274     0.1192526473767719

cov:
0.06215690632816381 0.06458510593223711 0.06630296637075173  0.0686807555661457 0.07147465169363416
0.06458510593223711 0.06768322482936695  0.0698734577486777 0.07290609351437424 0.07647002272288853
0.06630296637075173  0.0698734577486777 0.07239882272527252 0.07589373190746089 0.08000175969711742
 0.0686807555661457 0.07290609351437424 0.07589373190746089 0.08002989247816714  0.0848911395982945
0.07147465169363416 0.07647002272288853 0.08000175969711742  0.0848911395982945 0.09063865235871402

cov.inverse():
 1585803.052216911 -1123462.823415429 -991091.3243604917 -683347.5184946479  1212128.639603426
-1123462.823408057  1723305.418348372 -103307.7218302188 -310371.6134460954 -186118.0695610717
 -991091.324353571 -103307.7217955416  2223904.105030484 -556442.1292226997 -573059.9798239684
-683347.5185256265  -310371.613485678 -556442.1291141692  4071916.801637997 -2521850.799689817
 1212128.639620112 -186118.0695487942 -573059.9798909031 -2521850.799651846  2068936.054159724

cov*(cov_.inverse()):
    1.000000000014552 1.455191522836685e-11  2.91038304567337e-11                     0  2.91038304567337e-11
1.455191522836685e-11     1.000000000020009                     0 5.820766091346741e-11                     0
 2.91038304567337e-11 2.546585164964199e-11                     1 -2.91038304567337e-11                     0
                    0 3.092281986027956e-11 5.093170329928398e-11    0.9999999999708962                     0
                    0 1.091393642127514e-11 7.275957614183426e-12                     0                     1
