6
2

0.0001239627884368672
0.0004465037392686992
 0.000517076022249021
0.0006952593228424997
  0.09118744591964567
   0.6616442791235355

-0.04641568005839759   0.6591967381900466  -0.7465224673253082  0.03920164238323508   0.0454512609975747  0.04905980932537402
 -0.1246790663965985   0.3376254737858354   0.2803734050499911  -0.2659299970602081  -0.7033143117838937   0.4759045483051641
 -0.2307166459118368    0.370757072773664   0.3183698788453582  -0.6755451696620008   0.4462144406130973  -0.2290874052979958
  0.5316682886818539  -0.3102582803848563  -0.2957088402919461  -0.5440674326331265   0.1569277071052224   0.4615075682224817
 -0.7242118153750499  -0.2591708349055889  -0.1265162195649579  0.05895848024774925   0.3008463519040872   0.5462204144348545
  0.3491656077388847   0.3880440317615642   0.3991058853529778   0.4146054968270766   0.4347884565978254    0.455281209883776

0.4006013385414693
0.4001369090540445
 0.400060057019878
0.3998418232422873
0.3995458891644889
 0.399249411998422

0.003534381108445994
  0.4012474613373399

   0.9048700033766396     -1.22560346575093     4.138944196446215    0.1329701257129088   -0.2206854743895927    -3.730553037098946
     1.40594114949085   -0.5165852754320683     0.416493836092553   0.00971164079428781 -0.008323897449205558   -0.3071488006798064

 -6.34273817711351e-08 -2.036918366225937e-07  3.531572653613769e-07 -1.059210277210175e-06   -0.02459270038913912    -0.1081447169804168
-1.124505605971682e-08 -7.492792723114761e-08 -8.641683588866931e-08  3.075621333740554e-07   -0.00920246959732258     0.1388799828722787

cov:
0.05773313066820336 0.06087519520571077 0.06176723104944806 0.06301952408187797  0.0646480870060612  0.0663029787153489
0.06087519520571077 0.06647771772881325 0.06807095091188434 0.07030415511232596 0.07321143820518028 0.07616382475587739
0.06176723104944806 0.06807095091188434 0.06986410764208496 0.07237695800869803 0.07564878556400267 0.07897106618427219
0.06301952408187797 0.07030415511232596 0.07237695800869803 0.07528138938599378 0.07906288168640672 0.08290265471629515
 0.0646480870060612 0.07321143820518028 0.07564878556400267 0.07906288168640672 0.08350983111263116 0.08802399608980524
 0.0663029787153489 0.07616382475587739 0.07897106618427219 0.08290265471629515 0.08802399608980524 0.09322309133802577

cov.inverse():
 1002098.205899407  -2863421.15055194  1479586.346487083  32422.32856406555  90081.00582122317  259434.7799600697
-2863421.150297307  29562958.68605448 -30917879.37406192     643732.4239452  1276715.723152497  2296582.268515928
 1479586.346118966 -30917879.37312517  37220585.71050378 -2749992.415712295  -2761797.53640468 -2269182.912559346
 32422.32864831487  643732.4231955002 -2749992.414984265  2773961.024679015 -249967.3259150958 -450259.6613164936
 90081.00582737202  1276715.723391308 -2761797.536681487 -249967.3259436898  3411211.195546211 -1766253.180800451
 259434.7799831427   2296582.26834471 -2269182.912441902 -450259.6612253549 -1766253.180860884  1929601.213335167

cov*(cov_.inverse()):
     0.999999999992724 -2.037268131971359e-10  3.492459654808044e-10 -1.091393642127514e-11   2.91038304567337e-11 -4.365574568510056e-11
 7.275957614183426e-12     0.9999999994179234  8.731149137020111e-11  3.637978807091713e-11   2.91038304567337e-11 -5.820766091346741e-11
-5.093170329928398e-11 -4.365574568510056e-10     0.9999999996798579  7.275957614183426e-12   2.91038304567337e-11   2.91038304567337e-11
-2.182787284255028e-11 -6.693881005048752e-10  1.455191522836685e-10      1.000000000029104                      0 -5.820766091346741e-11
-3.637978807091713e-11 -1.164153218269348e-10 -5.820766091346741e-11 -7.275957614183426e-12      1.000000000058208                      0
-1.455191522836685e-11 -3.201421350240707e-10  1.746229827404022e-10  7.275957614183426e-12                      0     0.9999999999708962
