5
2

0.0003491242355085353
0.0003790008579404782
 0.000632839528924395
   0.1016488645662179
   0.6445904002388797

 0.06116134329534799  -0.2844921211871403 -0.05297971123246358   0.7993533054039643  -0.5230209999667617
 -0.1257131708121411   0.5014972761070635  -0.7999456178008059   0.2494566752114483   0.1748000471833179
  0.5346571252274345  -0.6154739736831968  -0.3705967951947895 0.006589349683352162   0.4449136343429507
 -0.7522425870502786  -0.3498501545686247  0.08587486819176862   0.2578545561475444   0.4877217387642394
  0.3587873150518363   0.4078742111320135   0.4610462896102835   0.4819473712729533   0.5099738626743657

0.3977485549539341
0.3954374684459833
  0.39291005045298
 0.391890150084568
0.3905057503656145

0.01544863607493249
 0.3999226259811811

  0.3175427774236627    1.380420983958857     2.02980422616223   0.9161051790664991   -4.644343801563709
   1.322953066173949  -0.2182104198022368   0.2923888989328963 -0.01502724611827336  -0.3819720465300363

 3.267255561197373e-07 -2.233165000369087e-07 -1.398645221456231e-06   -0.02662090084471394      -0.13053966514148
 3.842746906564551e-08 -8.333473089285372e-08  2.255645097069261e-07   -0.01119941607461888     0.1323037702557907

cov:
0.05933316323056708 0.06352291950997205 0.06806293318802129 0.06984211054566095 0.07223359247996264
0.06352291950997205 0.07038745947126529 0.07782332278103675 0.08074371472890288 0.08466237915357995
0.06806293318802129 0.07782332278103675 0.08839587008677163 0.09255216497547844 0.09812492429851336
0.06984211054566095 0.08074371472890288 0.09255216497547844  0.0971958797516064  0.1034204171010891
0.07223359247996264 0.08466237915357995 0.09812492429851336  0.1034204171010891  0.1105175692227613

cov.inverse():
 854545.8856128413 -1403302.071280109  178756.4420659644  191560.4526973942  178507.8032754865
-1403302.071254032  3360784.396975243 -2099661.952741832 -1004935.727966803  1147270.884386758
  178756.441993784 -2099661.952551242  4820894.263415888 -1742775.107100424 -1157835.814901856
 191560.4527285832 -1004935.728159395 -1742775.106795281  5675584.688805963 -3119128.595071523
 178507.8032904105  1147270.884414807 -1157835.815088577 -3119128.594927748   2951297.17160209

cov*(cov_.inverse()):
     1.000000000020009  -2.91038304567337e-11  5.820766091346741e-11  -2.91038304567337e-11 -5.820766091346741e-11
 2.364686224609613e-11     0.9999999999563443  1.455191522836685e-11                      0 -5.820766091346741e-11
                     0   2.91038304567337e-11     0.9999999999563443  1.164153218269348e-10 -5.820766091346741e-11
 1.818989403545856e-11                      0  4.365574568510056e-11                      1                      0
 1.091393642127514e-11  1.455191522836685e-11   2.91038304567337e-11 -5.820766091346741e-11                      1
