5
2

0.0001920420456085006
0.0003743814065689192
0.0005917847288244748
   0.1068376197975074
   0.5867302342398983

  0.1300775399046659  -0.6677397803043793   0.7212825580234465 -0.09882430646913504 -0.08478589124056803
-0.07681534001863903   0.2280088507750142   0.1711394556942389  -0.8172454799161735   0.4949065363958545
  0.5593801626438089  -0.4853089922533115  -0.5004560035954843 -0.02151525900595024    0.447939613981399
 -0.7244845764153619  -0.3035029982796457 -0.04578870681107788   0.3003423239928373   0.5391715045499622
  0.3733566248602143   0.4177279758894028   0.4448707014286722   0.4813264630746646   0.5064810596525073

 0.397945345071932
0.3981025272279207
0.3981656798243371
0.3982769228965631
0.3983147560525271

-0.0004051829772792848
    0.3980777574747958

  0.6958991805088309    2.595645463571099  -0.9025276935618118   0.4413618157463294    -2.83071032486068
   1.385308308235537  -0.1694323649037715 -0.01490699338213461  0.03300513519619547  -0.2339655518073352

 -7.73481922038214e-08 -1.931034516203031e-07 -5.940338175817477e-07   -0.03018285873471836   -0.09593551879172794
 1.103296678819157e-08 -4.069735360570608e-08   2.65839847441829e-07   -0.01218774744794043     0.1160794319460814

cov:
0.05397832989093691 0.05619982562330433 0.05755729465247967  0.0593806948463827 0.06063887525413826
0.05619982562330433 0.06112241073101647 0.06413281438078616 0.06817610986936917 0.07096603125193722
0.05755729465247967 0.06413281438078616 0.06815500803309595  0.0735570943342912 0.07728459196335627
 0.0593806948463827 0.06817610986936917  0.0735570943342912 0.08078444861126806 0.08577110731782013
0.06063887525413826 0.07096603125193722 0.07728459196335627 0.08577110731782013 0.09162697475963541

cov.inverse():
 1394416.549108032 -3255253.005216593  1650833.203643176  64949.57087434036  145173.0585404255
-3255253.005133904  13133326.28966946 -12087383.27305093     489626.8009304  1719444.395843614
 1650833.203458513 -12087383.27260415   15030592.2552744 -2899879.122206151 -1694025.105994601
 64949.57103486621  489626.8002736543 -2899879.121606839  5031289.981870533 -2685984.981137544
 145173.0584818758  1719444.396136258 -1694025.106331781 -2685984.981034462   2515391.01939997

cov*(cov_.inverse()):
     0.999999999992724  1.455191522836685e-10 -1.455191522836685e-11  5.820766091346741e-11 -5.820766091346741e-11
-1.455191522836685e-11      1.000000000043656  5.820766091346741e-11                      0                      0
-3.456079866737127e-11  1.746229827404022e-10                      1                      0  -2.91038304567337e-11
 2.364686224609613e-11                      0  1.164153218269348e-10      1.000000000029104  -2.91038304567337e-11
 1.637090463191271e-11  -2.91038304567337e-11  -2.91038304567337e-11                      0                      1
