5
2

0.0002110179586331073
0.0004004296693015837
0.0006507269667880799
   0.1074310521263095
   0.6171094648603552

 -0.2398734271021377   0.7356236759154247  -0.6214893379851426   0.1227211055924459 0.003013206914752067
 -0.2295340837944332   0.3195101536923651   0.3148387399642534  -0.7786447130064964   0.3739202385387601
   0.636988403214654  -0.2051543886253648  -0.5451219376237459  -0.2958541822577393   0.4092307746977691
 -0.5819801325197111  -0.3890411578800719  -0.1839786998304244    0.246934797137873   0.6442989576267039
  0.3812082670526846   0.4041407223025737   0.4285107719982666   0.4797347704224497   0.5268620332085173

0.3981639102551871
0.3970886330145798
0.3959021503189912
0.3934284594320722
0.3910738962625093

0.01514535973247261
 0.4002970938785722

  0.1767290572673112   0.3690571465750823    1.217500065705109    2.368777685491827   -4.132663238705311
   1.372859132125276  -0.1492325107087152 -0.09678930481070955   0.2647865377522886   -0.391481013729673

-1.110196737175921e-08 -4.696560477418723e-07 -1.278319167596668e-06   -0.02940943901598697    -0.1152849140582612
-1.547913985698871e-08 -1.195892417594184e-07  3.045965798276372e-07   -0.01050221488973656     0.1303674664666419

cov:
0.05925053465869588 0.06128350828438408 0.06344393094842325 0.06798599119451519 0.07215871133759537
0.06128350828438408 0.06394678230483886 0.06677672753664432 0.07272554065322336 0.07819452619837566
0.06344393094842325 0.06677672753664432 0.07031829912537736 0.07776227596391151 0.08460898786318052
0.06798599119451519 0.07272554065322336 0.07776227596391151  0.0883488263264261 0.09809096816683931
0.07215871133759537 0.07819452619837566 0.08460898786318052 0.09809096816683931  0.1105017084839457

cov.inverse():
 2579017.988748113 -4728746.890403117  2077223.446725329  8480.589282072046  64070.18962245886
-4728746.890300105    12888775.993281 -9375688.242326424  619144.0787025278  596584.4444201676
 2077223.446441137  -9375688.24176334  9994139.838289341 -2860851.085244115   165312.640822976
 8480.589606498965  619144.0778469102  -2860851.08465699  4326104.257122135 -2093394.479402557
 64070.18947917374  596584.4448158176  165312.6405146656 -2093394.479346615  1267711.582504409

cov*(cov_.inverse()):
     1.000000000032742 -5.820766091346741e-11 -1.091393642127514e-11                      0                      0
 5.275069270282984e-11     0.9999999999636202 -6.548361852765083e-11  5.820766091346741e-11  1.455191522836685e-11
-2.000888343900442e-11  1.673470251262188e-10     0.9999999998726707                      0                      0
 1.546140993013978e-11  1.455191522836685e-11  4.001776687800884e-11      1.000000000029104                      0
 2.728484105318785e-11  4.365574568510056e-11  2.546585164964199e-11                      0      1.000000000029104
