6
2

 0.000262508432175811
0.0004164551232572562
0.0006126082064446801
  0.00071730641801507
  0.08942411009974803
   0.6497410910720222

 -0.5270567695084087    0.829571476112429 -0.08647068886248024 -0.09443329242398735  -0.1323373474154964    0.010692402192673
  0.1556153717572795 -0.02520379885985316  0.04911214196101024  0.05631395852471548  -0.8041169374152943   0.5682968512538159
 -0.3101546272753897  -0.1173036616769679   0.1608485693217871   0.8346373214475394  -0.2282215896768059  -0.3398045666794992
  0.2532761442359205   0.1189502461068382  -0.8884879099731801   0.3421364509437018  0.08087542532471069  0.09323669909318491
 -0.6392747892209796  -0.3724668069770721  -0.1221563352121115  0.05465674490791281   0.2994491813595183   0.5873813747077005
  0.3591351606224669    0.380177724429352   0.3998820061290837   0.4138199151513108   0.4331131916808019   0.4557929973604297

0.3993651009451346
0.3992638732105814
0.3992284723103424
0.3991555841807075
0.3990387129710776
0.3988999847249901

0.00150611946365409
  0.399791732789205

  1.716510404339842  0.2724158937538039  0.4548408814402787  0.6236024226902689  0.3674452995541706  -3.434756551104417
  2.507581402192911  -1.311756141392424 0.02580568248437391 0.03887189395493337 0.02324079067194645 -0.2836835095151372

-5.942041860623126e-08 -3.346816215196064e-07   4.17542711855513e-07 -7.273631172836128e-09   -0.02501155841264724    -0.1040316778586081
 -1.66890933691021e-07  4.280911862124351e-08 -1.862095033376842e-07  2.289025028960714e-07   -0.01019692876283133     0.1304613138998126

cov:
0.05771793909129023 0.05954424581242561 0.06125195271726908 0.06246133289074843 0.06413513055409505 0.06610181775080474
0.05954424581242561 0.06212689287509317 0.06454369898864856 0.06625410205833276 0.06862153744038502 0.07140398502547733
0.06125195271726908 0.06454369898864856 0.06762605789335799  0.0698057534977513 0.07282368332491368 0.07637112150063147
0.06246133289074843 0.06625410205833276  0.0698057534977513 0.07231840929642559 0.07579554296168586 0.07988352405828973
0.06413513055409505 0.06862153744038502 0.07282368332491368 0.07579554296168586 0.07990959357159619 0.08474577184734647
0.06610181775080474 0.07140398502547733 0.07637112150063147 0.07988352405828973 0.08474577184734647 0.09046239632968954

cov.inverse():
 4551821.687861757 -6211984.923997197  135149.7018035314  251424.6271469855   519070.676955556  754805.6309149659
-6211984.924020609  10054524.43009157 -1303775.788682082 -1326793.326714635 -1386250.638701081  173873.4575313018
 135149.7017952586  -1303775.78864809  1725595.590023031 -98632.99556869225 -299120.1133326983 -159140.2501452149
 251424.6272350744 -1326793.326861423 -98632.99551985876  2231420.985199136 -533524.7970474752 -523846.2025343245
  519070.676890993 -1386250.638612975 -299120.1133449825  -533524.797041205   4133877.77749437 -2434076.344127922
 754805.6309231237  173873.4575325835  -159140.250156044  -523846.202550467  -2434076.34411039  2188420.875891335

cov*(cov_.inverse()):
     1.000000000014552  1.455191522836685e-11   -1.2732925824821e-11                      0                      0                      0
 -2.91038304567337e-11     0.9999999999472493 -7.275957614183426e-12                      0  -2.91038304567337e-11                      0
-5.820766091346741e-11  7.275957614183426e-11      1.000000000009095 -7.275957614183426e-12 -5.820766091346741e-11                      0
-1.455191522836685e-11 -1.200533006340265e-10  9.094947017729282e-12     0.9999999999854481 -5.820766091346741e-11                      0
-1.455191522836685e-11   -1.2732925824821e-11 -7.275957614183426e-12 -2.182787284255028e-11     0.9999999999417923   2.91038304567337e-11
                     0  -4.18367562815547e-11  5.456968210637569e-12 -7.275957614183426e-12  -2.91038304567337e-11                      1
