6
2

0.0003462519118512764
0.0003705805483756525
0.0004104410769171737
  0.00071297635836489
   0.1019779668542017
   0.7040429940244954

 0.09682077344800055  -0.4540166574125717   0.1878400943883236 -0.02293317151232436   0.7003758352957238  -0.5080929743061162
  0.1401159630668671  -0.5804644236172195   0.3313587967283567   0.5657067221125209  -0.4621445301798525 0.005315582833534352
-0.05195491093537793   0.1701042390826448  -0.6544950603815212   0.6748524594245687   0.1243752467695924  -0.2628809749898516
  0.5620419699248524  -0.4197342546657849  -0.5088874178829251  -0.1890626346954908   0.1064643409530557   0.4493175265789551
 -0.7376262857994758   -0.334934895784288  -0.0744494649859738    0.101123796806615   0.2732408378012662   0.5032859798603739
  0.3291051936587051   0.3736793365960789   0.4025475571791024   0.4219637781742862   0.4409441112122456   0.4663945216372533

 0.397715579513681
0.3954216751076201
0.3939559748765527
0.3929118834416157
0.3918991754020016
0.3905237250390751

0.01534671095955272
 0.3998768426927063

 0.3750949216214284  0.3815812824963531   1.751804468692139   1.566458538387202  0.6553540793311254  -4.730963699215446
  1.331687745624553  -0.325385268400213  0.1917134137290227  0.2253963551365687 -0.0359150148766183 -0.3873832290928694

 3.619456663747824e-07  1.331658573195495e-07  2.158319714017918e-07 -1.623067168551786e-06   -0.02681468493153545    -0.1414229248703409
 5.744913178484921e-08  7.979394315072772e-08 -9.005757563003623e-11   2.88217685670385e-07   -0.01112292682473278     0.1449598777128073

cov:
0.05934529733962905 0.06352733719339761 0.06623843835991111  0.0680590694144913 0.06983510274646121 0.07222225295501326
0.06352733719339761 0.07038120758023463 0.07482087319124417 0.07780563820181446 0.08072170591571753 0.08463439559865141
0.06623843835991111 0.07482087319124417 0.08037953910251011 0.08411756447640494 0.08777146873838125 0.09267151359146977
 0.0680590694144913 0.07780563820181446 0.08411756447640494 0.08836339218734308 0.09251410394923526 0.09807913606116396
0.06983510274646121 0.08072170591571753 0.08777146873838125 0.09251410394923526 0.09715176577156248  0.1033679198705496
0.07222225295501326 0.08463439559865141 0.09267151359146977 0.09807913606116396  0.1033679198705496  0.1104557751949078

cov.inverse():
 858647.4755455827 -1475411.430873964  128980.8329455454  141488.9674795074  173422.8240587215  172926.9312778184
 -1475411.43088843  4691179.144115439 -2352603.586226967 -1466737.046124101 -661217.3111930523  1265182.570943813
 128980.8329278089 -2352603.586212773  4146060.430712573 -1103573.175243558 -607563.1105207761 -211720.5797661071
 141488.9675284119 -1466737.046194061 -1103573.175289832  5108470.934355808  -1579045.52276316 -1101112.337811028
 173422.8240704661 -661217.3111843949 -607563.1104838285 -1579045.522870507   5760802.73072867 -3086033.666415174
 172926.9312493677  1265182.570976465 -211720.5797603182 -1101112.337771022 -3086033.666465181  2960889.629968611

cov*(cov_.inverse()):
    0.9999999999763531  1.455191522836685e-11 -3.637978807091713e-12                      0  -2.91038304567337e-11   2.91038304567337e-11
-1.818989403545856e-11      1.000000000087311  2.182787284255028e-11  1.455191522836685e-11   2.91038304567337e-11                      0
  -1.2732925824821e-11  5.820766091346741e-11                      1  -2.91038304567337e-11 -5.820766091346741e-11  5.820766091346741e-11
-7.275957614183426e-12  1.455191522836685e-11 -6.184563972055912e-11      1.000000000043656  5.820766091346741e-11                      0
-2.546585164964199e-11  1.455191522836685e-10 -2.546585164964199e-11                      0     0.9999999998835847  5.820766091346741e-11
-7.275957614183426e-12   2.91038304567337e-11 -2.182787284255028e-11  1.455191522836685e-11  5.820766091346741e-11                      1
