7
2

0.0001162044544934729
0.0002265887494499328
0.0004529228269536244
0.0005261370376813788
0.0006960071637838459
   0.1008619981950797
   0.7049422639805947

 0.02617636914543497  -0.1785313867967303   0.7204697832587509  -0.6671376882219336  0.02890413882049988  0.03561546909873834  0.03446776917212938
 -0.3146697621697805    0.793482663864217  -0.2233222416131948  -0.4560214839143121  0.07566927194053527  0.06538025485373974  0.05949259694832682
  0.1635746335926998  -0.1545912133998489   -0.241633899209411  -0.1916092066949117   0.1970566495585122   0.7419401468197422  -0.5147206640975789
 -0.3173690772885489   0.1826421420668347   0.3392468048378863   0.2862521167520644  -0.7106939955921028   0.3741760034619804  -0.1542608532553011
  0.5492826040391768 -0.03203268081400585   -0.305930434316503  -0.2914008053983356  -0.5338305115648152    0.156496087275301   0.4574807403835658
 -0.6019914765274732  -0.4003743821763356  -0.1757832796817176 -0.05423090555984485   0.1157695119426755   0.3374126500884241   0.5623308522716409
  0.3297162865079896   0.3463083484598212   0.3648039746430167   0.3747825078929816   0.3887722193832053   0.4069837537719225   0.4254811578226338

 0.400614812945234
0.4004165933649649
0.4001563034115191
 0.400081486176899
0.3998673646194397
0.3995752561104758
0.3992830555871545

0.003500044182587361
  0.4012574357780075

  0.2047346338947995     1.86157400570676   -2.802622825668676     4.41982824184026   0.1513884447034511  -0.1957988032554676   -3.639041635438273
   1.487679788810685  -0.2235923068247528  -0.3288365259488483   0.3901528543650556 0.006799686233203941 -0.01285578424440471   -0.319269681616293

-7.322740979083334e-08 -1.000087887320053e-08  2.735911985123643e-07  2.684982393341761e-07 -1.043432666637484e-06   -0.02757426573540783    -0.1107814637857422
 -5.80120090297325e-09 -3.950012795460955e-08  9.000470452843277e-08 -1.310044893730509e-07  3.194923201967326e-07  -0.009689816677209593     0.1495353800809591

cov:
0.05771101223971176 0.05919466855904314  0.0608496829176259 0.06174027863449157 0.06299141895365147 0.06461811816400881  0.0662715778755987
0.05919466855904314 0.06122898169292067 0.06349719673856809 0.06471935812770047 0.06643446568339829 0.06866585208655446 0.07093307768724307
 0.0608496829176259 0.06349719673856809 0.06644866415069114 0.06804025378711921 0.07027232394003931 0.07317745368461083 0.07612854655630953
0.06174027863449157 0.06471935812770047 0.06804025378711921 0.06983166280646522 0.07234331956460667 0.07561282779590252 0.07893376909449297
0.06299141895365147 0.06643446568339829 0.07027232394003931 0.07234331956460667 0.07524659507662489 0.07902569260600002 0.08286422198250332
0.06461811816400881 0.06866585208655446 0.07317745368461083 0.07561282779590252 0.07902569260600002  0.0834699865661704  0.0879828680889873
 0.0662715778755987 0.07093307768724307 0.07612854655630953 0.07893376909449297 0.08286422198250332  0.0879828680889873 0.09318086692458478

cov.inverse():
 3096451.207315476 -5578172.033134989  1836836.986176577  690262.5510058062 -41115.68867290353  8389.300870355213 -12681.22111621443
-5578172.032812395  14862568.36636752 -12550653.62163054  2125176.829410666  205189.4179388223  216949.9745432186  719574.8104257281
  1836836.98491569 -12550653.61858233  40305187.69800932 -32850658.07955854  447078.0859436624  1101646.523957958  1708553.599966972
 690262.5520421267  2125176.826178381 -32850658.07656004  37660492.28030765 -2697946.599697953 -2740503.361958376 -2185226.272605073
-41115.68870811999  205189.4181438429  447078.0853777163 -2697946.599278694  2775559.033446369 -247791.6389917949 -441070.6666986817
 8389.300856628135  216949.9746630859  1101646.523381677 -2740503.361420435 -247791.6390045849  3416955.825611863 -1755659.808854371
-12681.22116523909  719574.8106073606  1708553.599898017 -2185226.272759581 -441070.6666628039 -1755659.808799388  1966446.132124989

cov*(cov_.inverse()):
    0.9999999999452029  1.455191522836685e-11  -1.01863406598568e-10  4.365574568510056e-10  7.275957614183426e-12  -2.91038304567337e-11 -1.455191522836685e-11
-7.480593922082335e-11      1.000000000101863 -5.820766091346741e-11  2.619344741106033e-10  7.275957614183426e-12                      0  -2.91038304567337e-11
-9.072209650184959e-11  7.275957614183426e-12      1.000000000014552  2.037268131971359e-10                      0   2.91038304567337e-11                      0
-7.696598913753405e-11 -7.275957614183426e-12  6.402842700481415e-10     0.9999999997671694 -1.455191522836685e-11   2.91038304567337e-11   2.91038304567337e-11
 -4.68389771413058e-11  9.458744898438454e-11  4.365574568510056e-10 -3.201421350240707e-10     0.9999999999636202  -2.91038304567337e-11                      0
 1.045918907038867e-11 -5.093170329928398e-11  1.746229827404022e-10  8.440110832452774e-10 -4.365574568510056e-11      1.000000000029104   2.91038304567337e-11
-1.409716787748039e-11 -5.820766091346741e-11  1.455191522836685e-10  2.037268131971359e-10                      0                      0                      1
