5
2

0.0002670951470068486
0.0006001108072316342
 0.000716704693875596
  0.08435470662893625
   0.5858041307475517

 -0.5397026114184184   0.8250940832844116 -0.09812996260133837   -0.113278721398608 -0.07402220393471259
 -0.3308855578562063   -0.132804885285989   0.1639147914663615   0.7827666742535316  -0.4829967752096974
  0.2446230141306634    0.120034597591961  -0.8734127301497355     0.38377672181066   0.1249676235959274
  -0.615681682893487  -0.3292054988469125 -0.06043768883181934   0.1294222582228065   0.7015390008570987
  0.4004141420297235   0.4228451857159103   0.4438467530121768   0.4587042313181058   0.5034490558049451

0.3994411698582041
0.3993453059679875
0.3993160393748924
0.3992461911861744
0.3990027013626982

0.00144048425206896
  0.399854436755853

  1.636328973313412  0.4632789946159713  0.4537257871305021  0.6643353423182999  -3.217592474211435
  2.503724470996039  -1.300442008638575 0.02494849842806718  0.0411360131620267  -0.269298315126925

-2.728663334283931e-08  5.565910624805871e-07 -4.496376641318259e-08   -0.02389942003243372   -0.09013994713632159
-1.720308062886914e-07 -1.762424798648427e-07  2.140515163198641e-07  -0.009239699711242064     0.1190807018603871

cov:
0.05771779377667774  0.0595448659405063 0.06125306343521233  0.0624629156678061 0.06610490835563511
 0.0595448659405063  0.0621287348173423 0.06454646715682762 0.06625767460129244 0.07141027478536384
0.06125306343521233 0.06454646715682762 0.06763016983789595  0.0698109837227032  0.0763802148826392
 0.0624629156678061 0.06625767460129244  0.0698109837227032 0.07232499838373672 0.07989483946666172
0.06610490835563511 0.07141027478536384  0.0763802148826392 0.07989483946666172 0.09048144445411269

cov.inverse():
 4503542.015830364  -6062819.61203381  175833.9364278682  320539.7339571916   1063219.96053876
-6062819.611967264  9619820.541261211 -1399484.598583099 -1509127.859222635  -648833.927814891
 175833.9363841166 -1399484.598514134  1694697.309651806 -140461.3437785755 -330511.0219327303
 320539.7338955616  -1509127.85916127 -140461.3437550515  2167989.532247894 -838898.2194982519
 1063219.960577594 -648833.9278786776 -330511.0219310371 -838898.2194749888  755055.2810710579

cov*(cov_.inverse()):
     1.000000000043656   2.91038304567337e-11  1.455191522836685e-11   2.91038304567337e-11 -7.275957614183426e-12
 1.455191522836685e-11      1.000000000021828 -7.275957614183426e-12  2.182787284255028e-11 -7.275957614183426e-12
  2.91038304567337e-11  2.182787284255028e-11      1.000000000021828  2.182787284255028e-11                      0
 4.365574568510056e-11 -1.455191522836685e-11                      0      1.000000000014552  7.275957614183426e-12
  1.01863406598568e-10  7.275957614183426e-12                      0                      0      1.000000000014552
