6
2

0.0002391544382799862
0.0004625893216647584
0.0005618245107443042
0.0007332370361007122
    0.095362933643686
   0.6233483675543142

  -0.2587337404828721    0.6992303186350831   -0.6547711490277389   0.06510691536682701   0.06983004636940709     0.079331013062863
  -0.4406308409081651    0.4162702162587497    0.5658302104600141   -0.3005156619738106   -0.4311754618479929    0.1902046267466843
   0.2956472305343434   -0.1384640674225894   -0.2488105227239142     0.242463293374296   -0.6924085673942066    0.5415677871303003
    0.333391807375012 0.0009488629386593533   -0.1398135185059778   -0.8134397237211894    0.2197570626378249    0.3991538948457291
  -0.6390551095754611     -0.41814595140016  -0.08386862807374645    0.1056354248916781    0.3086397885112139    0.5507369802672464
   0.3632526646211916    0.3791791576246582    0.4032647670966674    0.4169171988852209    0.4315439443346031    0.4489967361451117

0.4000193676430827
0.4000223344571232
0.4000800647622494
0.4000277553776486
0.4000044024036796
0.3999563234910802

0.000576839143972972
  0.4002773409875138

  0.4929149565652567   0.5112447452078414    3.228567835405067 -0.06286856076626986  -0.3704993964571963   -3.799394163506284
   1.488611527702685  -0.3050497349771096   0.1858231664699761 -0.01387570668527985 -0.02689796140798992  -0.3286174556946621

-1.267096852636232e-07   2.73568634737381e-07 -8.032256017541295e-07 -9.857036980510899e-07   -0.02740057387165426    -0.0843724762426587
-4.283762061504349e-08 -1.550357698007148e-07  8.629749672074856e-08  1.850695242076244e-07  -0.009367671668923562     0.1301953621475329

cov:
0.05498596414661823 0.05594989862991349 0.05740677708634917 0.05823244140825855 0.05911728213680823 0.06017379529349868
0.05594989862991349 0.05745652125404685 0.05973399809273394 0.06102479095317746 0.06240789746622816 0.06405869505053335
0.05740677708634917 0.05973399809273394 0.06325319662190741 0.06524779241935465 0.06738485992768997 0.06993491978345039
0.05823244140825855 0.06102479095317746 0.06524779241935465 0.06764190745847501 0.07020592362829037   0.073265801443593
0.05911728213680823 0.06240789746622816 0.06738485992768997 0.07020592362829037 0.07322869753975095 0.07683443021341203
0.06017379529349868 0.06405869505053335 0.06993491978345039   0.073265801443593 0.07683443021341203 0.08109211389201829

cov.inverse():
 2561454.717604621 -4149352.637678521  1477148.017081464  46949.49630658311   59668.5144607215  4205.668833614214
 -4149352.63767141  9418902.779110419 -6795238.487807591  103567.8869948431  319051.3129804701  1102968.211795164
 1477148.017014806 -6795238.487729995  9224529.122195663 -1519560.825496857 -1450891.091109093 -935947.5399226398
 46949.49635433919  103567.8869705637  -1519560.82556548  1913120.135685583 -179346.4928626819 -364714.6635938367
 59668.51451922298  319051.3128565988 -1450891.090999947 -179346.4929050358    2562766.6806951  -1311216.19241821
 4205.668786906111  1102968.211872827 -935947.5399522226 -364714.6635966306 -1311216.192416789  1504662.981910727

cov*(cov_.inverse()):
    0.9999999999607496  5.820766091346741e-11  5.820766091346741e-11 -2.546585164964199e-11                      0   2.91038304567337e-11
-3.171862772433087e-11      1.000000000029104  7.275957614183426e-12 -7.275957614183426e-12  1.455191522836685e-11  1.455191522836685e-11
-4.166622602497227e-11  4.365574568510056e-11      0.999999999992724 -3.637978807091713e-12 -1.455191522836685e-11   2.91038304567337e-11
-2.563638190622441e-11  1.164153218269348e-10  -2.91038304567337e-11      1.000000000007276  1.455191522836685e-11  4.365574568510056e-11
-4.263256414560601e-11  5.820766091346741e-11 -4.365574568510056e-11 -1.818989403545856e-11     0.9999999999854481  1.455191522836685e-11
-5.525180313270539e-11  5.820766091346741e-11 -1.455191522836685e-11                      0                      0      1.000000000014552
