5
2

0.0004066315060100675
0.0004982382220676772
0.0006789233448856451
  0.09926715215247611
   0.5959823170987365

 0.1564627391411842 -0.5291931950949587  0.1472330059946383  0.6821351293340464 -0.4566049504767039
-0.3059534640114748  0.6096580571576992 -0.4925260399857095   0.464728171761905 -0.2759626016490485
 0.4240457565604062 -0.2793299357520869 -0.7260141381169473  0.1389083901260477  0.4424566800747204
-0.7485079806493168 -0.3069754049820706  0.0492771032968807  0.2706173980207837  0.5194611579507221
 0.3766070742394673  0.4195384408331582  0.4541098768214064  0.4755944435549173  0.4997486901723776

0.3997236680173643
0.3994732459026909
0.3992876343395277
0.3991164891212411
0.3989223806985963

0.002145223387987756
  0.4001861175380502

 0.9119795468717883   1.361797720991564   0.879362568890512   0.379259724822456  -3.532486620469426
   1.40542396409997 -0.2465652257110842 0.08401106500270861 0.04737680269183495 -0.2901588639133054

 2.353191987548611e-07  3.150643073061682e-07 -9.875063532790634e-07   -0.02748946774135613   -0.09621167506124403
 8.723023848723859e-08 -1.289867177289001e-07  2.221910429738539e-07   -0.01093836748862085     0.1213079114318001

cov:
0.05589925711837238 0.05838527073365197 0.06038223056480906 0.06162375221581438 0.06301951067360707
0.05838527073365197 0.06344749976298776 0.06752145754175169 0.07005349184080657 0.07290012211031931
0.06038223056480906 0.06752145754175169 0.07327103252314182 0.07684352375487137 0.08086033744916478
0.06162375221581438 0.07005349184080657 0.07684352375487137 0.08106334871621385  0.0858070809703102
0.06301951067360707 0.07290012211031931 0.08086033744916478  0.0858070809703102 0.09136862619754159

cov.inverse():
 915301.0858794072 -1509096.271176622  78439.90328323445  200475.5513150649  315059.7549579327
-1509096.271174405  3360210.765882062 -1240845.176979824 -1126002.177465992  515459.7932234042
 78439.90328421928 -1240845.176979676  2251837.361652832 -533441.3365134608 -555954.1223633736
 200475.5513058389 -1126002.177454969 -533441.3365079594  3725974.157988487 -2266958.619395007
 315059.7549639559  515459.7932144494  -555954.122367742 -2266958.619387706  1992420.745151614

cov*(cov_.inverse()):
     0.999999999996362 -7.275957614183426e-12                      0                      0  4.365574568510056e-11
-3.637978807091713e-12      0.999999999992724  1.455191522836685e-11  -2.91038304567337e-11  5.820766091346741e-11
-1.455191522836685e-11 -1.455191522836685e-11                      1   2.91038304567337e-11   2.91038304567337e-11
 3.637978807091713e-12 -3.637978807091713e-11 -7.275957614183426e-12                      1   2.91038304567337e-11
 7.275957614183426e-12 -1.455191522836685e-11                      0                      0      1.000000000029104
