5
2

0.0001488033256369719
0.0003041812095742358
 0.000626445197995228
   0.0577854106722266
   0.5480678079020849

-0.09103597919816406   0.4082038217769228  -0.7633759586968122   0.4903007838194808 -0.04409509550813598
 -0.3891543619000224   0.6785193030472043  0.02898350328647671  -0.5694534208179363    0.251103954693103
  0.4802683182396993  -0.2409884369492781  -0.4617039697400477   -0.375287147021171   0.5977088901454843
 -0.6563257628196366  -0.3555037237035363  0.04018356163730998   0.2904071990700097   0.5974132033982802
  0.4229068084815514   0.4341922050989794   0.4490343282215602   0.4584224677235785   0.4699403935990943

0.3994116538313078
0.3996036346345156
0.3996212035862652
0.3996316600948689
0.3996327513057496

-0.000279684021928717
   0.3995689388763955

 -3.207759478978754   7.139211700467596   11.70201167544401  -13.41786253046262  -2.215718726006054
  1.051279685105919  0.4884226578000092  0.9767086813056237  -1.311147152172388 -0.2053045129652531

-2.703113619681763e-07  1.250588285108881e-06 -1.943614218321785e-06   -0.01730615285863442    -0.0584216865132784
 -2.82477122740467e-08  5.974297181897278e-08  1.199222802931109e-07   -0.00443369013237655     0.1194599111411408

cov:
0.05516120382782966 0.05593536203102963 0.05695359391386449 0.05759784044609401  0.0583883150091573
0.05593536203102963 0.05705026464792671 0.05851625935367016 0.05944360830952762 0.06058131188338081
0.05695359391386449 0.05851625935367016  0.0605713185746407 0.06187112882831884 0.06346569744499381
0.05759784044609401 0.05944360830952762 0.06187112882831884 0.06340655509564325 0.06529009123436638
 0.0583883150091573 0.06058131188338081 0.06346569744499381 0.06529009123436638 0.06752864070133796

cov.inverse():
 2598913.056282141  -4826910.30890698  2451578.586172613 -80100.04292966776  -143450.259858761
-4826910.308925215   12649176.2932326 -13577049.47147212  5093350.293615789  661394.5383739906
 2451578.586206374 -13577049.47146387  26870208.97631416 -16640311.16947568  895661.5496234011
-80100.04293435745  5093350.293526294 -16640311.16931199  14720373.85052507 -3093362.040128338
-143450.2598695954  661394.5384369941  895661.5495017398 -3093362.040058846  1679743.200439155

cov*(cov_.inverse()):
    0.9999999999654392  -1.01863406598568e-10  1.964508555829525e-10 -2.619344741106033e-10  -2.91038304567337e-11
-3.274180926382542e-11      1.000000000065484  1.164153218269348e-10 -2.328306436538696e-10 -1.455191522836685e-11
-4.547473508864641e-11  1.455191522836685e-11      1.000000000065484 -2.037268131971359e-10  -2.91038304567337e-11
 -2.91038304567337e-11 -1.455191522836685e-11   2.91038304567337e-10     0.9999999998835847 -1.455191522836685e-11
-1.637090463191271e-11 -7.275957614183426e-12  -2.91038304567337e-11 -8.731149137020111e-11     0.9999999999854481
