5
2

 0.000127647832747946
0.0002782271532421355
 0.000622091301312813
  0.07479451543213442
   0.5462561986842497

-0.02908302444839131   0.2446742931788791  -0.7464412684851324   0.6127089778220091  -0.0818645780845747
 -0.3053054667525799   0.7631737832626986  -0.1713868969596121  -0.4995754070266041    0.213085177232596
  0.5981399963046249  -0.2428705873871965  -0.4619932626305089  -0.3733132141774742   0.4800436355243162
 -0.6129517916734379  -0.3374596914009396 -0.02761959139332434   0.1648232428852298   0.6946088932197516
  0.4152847162669847    0.429924529725505   0.4463757920274635   0.4565990187415992   0.4847365176582193

0.3824371394138602
0.3804788844878722
0.3783462988482376
0.3769457546626016
0.3730786301830747

0.02861479026952607
 0.3863493594077443

 0.8265245125488159  -1.696001682016701   8.141365151575032  -2.422075752848106   -4.84990432177525
   1.54729503843507 -0.5777486985914373  0.6975615967026656 -0.2126637065873528 -0.4544965354984278

-1.238838456855351e-07 -2.140739091089112e-07 -1.655940374115288e-06   -0.02196933763213372   -0.06225866586612099
-1.303750266680783e-08 -7.922779891990522e-08  2.340408384581442e-07  -0.006284915403840957     0.1158197012148353

cov:
0.05356371140945788 0.05443298695541689 0.05540914889825418 0.05601614695989066 0.05768647711700962
0.05443298695541689 0.05579115756250628 0.05731668996190149 0.05826488366064245 0.06087439563971461
0.05540914889825418 0.05731668996190149 0.05946013365170217 0.06079207109320199 0.06445788165761877
0.05601614695989066 0.05826488366064245 0.06079207109320199 0.06236241436047275  0.0666844060791094
0.05768647711700962 0.06087439563971461 0.06445788165761877  0.0666844060791094 0.07281311785746017

cov.inverse():
 2180578.711683565 -3822007.003251997  1294218.137283963  299691.0991018151  47590.05134403862
-3822007.003169262  11350514.85687217 -12608479.84556229  4509645.557813151  570161.7339970403
 1294218.137137769 -12608479.84638811  35126115.07179438  -26517025.6895767  2705444.460185068
 299691.0991399345  4509645.559143166 -26517025.69154639   26624131.4203942 -4916602.522077009
 47590.05136937846   570161.733575574  2705444.461182732 -4916602.522678538   1593407.20872844

cov*(cov_.inverse()):
    0.9999999999749889 -5.820766091346741e-11 -5.820766091346741e-11 -5.820766091346741e-11 -4.365574568510056e-11
-2.319211489520967e-11      1.000000000094587 -8.731149137020111e-11 -1.746229827404022e-10  -2.91038304567337e-11
 -4.82032191939652e-11                      0     0.9999999997380655                      0 -5.820766091346741e-11
-1.909938873723149e-11  3.637978807091713e-11 -1.164153218269348e-10      0.999999999825377  -2.91038304567337e-11
-2.773958840407431e-11  7.275957614183426e-12 -1.746229827404022e-10  5.820766091346741e-11                      1
