5
2

0.0004085206514314293
0.0006623868703630654
 0.000819985515013402
  0.09683041133276325
   0.5812348175570676

 -0.2440574986036243   0.8429629036226689  -0.2939918146719956   -0.372607439045288   0.0676903964042134
 -0.2008792779569345    0.179544068540151  -0.4073142604357774   0.7929561525728576  -0.3643172744765976
 -0.4701052058006621   0.1653728667275572   0.7399991052916717  0.01616836785481593   -0.451434179563161
  -0.728629473795703  -0.2111674049810494 -0.03092985392314287   0.1394099058469919   0.6357009039460247
  0.3849462799640455   0.4303923937431601   0.4462158384182947   0.4611807655330032   0.5047598201094526

0.4002058899471141
0.4000256734232344
0.3998859840662784
0.3997823184789734
0.3994433705573855

0.00204586848424765
 0.4006620587161333

 -0.1559488601714707    3.318002175351892   0.2294087626730588   0.3970877443256675   -3.788563705240879
   1.288714957133281 -0.06439234027599675   0.0249465846923082  0.05264680392037444  -0.3019307512491957

 3.943859847436067e-07  9.778674649105032e-07  1.686648810989244e-06   -0.02763291316130789   -0.08743436125920362
-6.945748343771611e-08 -5.653520437501265e-08 -3.098759097524702e-07   -0.01041470260539878     0.1187083500128766

cov:
 0.0550394298686158 0.05741416538924552 0.05824055453443627 0.05902312404843873 0.06130019786878645
0.05741416538924552 0.06299779590198194 0.06494154238821567 0.06678020169035707 0.07213394218013543
0.05824055453443627 0.06494154238821567 0.06727505398505911  0.0694809997876191 0.07590643170907245
0.05902312404843873 0.06678020169035707  0.0694809997876191 0.07203564288835054 0.07947364803074111
0.06130019786878645 0.07213394218013543 0.07590643170907245 0.07947364803074111 0.08986339707719566

cov.inverse():
 777618.5905143527 -1430552.016950351  99033.32817548556   170538.446016744  383388.6224586106
 -1430552.01692404  4371986.356220541 -1469634.564284937 -1553592.716437881  81778.64766522239
 99033.32816766921 -1469634.564276104  1710444.911268254 -61951.68481450112 -277871.4381436773
 170538.4459823474 -1553592.716377417 -61951.68482091435   2265393.72690552 -820399.0509616643
 383388.6224745125  81778.64762223586  -277871.438136247 -820399.0509420101  633100.0380027527

cov*(cov_.inverse()):
     1.000000000010914  2.364686224609613e-11  3.637978807091713e-12 -7.275957614183426e-12  7.275957614183426e-12
                     0      1.000000000046384 -7.275957614183426e-12 -4.365574568510056e-11  7.275957614183426e-12
 3.637978807091713e-12  9.094947017729282e-12     0.9999999999745341 -1.455191522836685e-11  1.455191522836685e-11
 7.275957614183426e-12   3.54702933691442e-11 -1.091393642127514e-11      0.999999999992724 -7.275957614183426e-12
                     0  1.818989403545856e-12 -3.637978807091713e-12                      0                      1
