5
2

0.0001275237404200453
0.0004566382017792999
0.0006376108395791922
  0.09103525814583517
   0.6020113427815835

 0.04887329942815153  -0.6740091569754409   0.7331256769615908 -0.05060760098947583 -0.05734692160840496
-0.07221889016319342   0.2115023183476331   0.1816768490538976  -0.8183386378779391   0.4973596259359015
   0.577467522820472  -0.5074298542389821  -0.4732231960694643  -0.0261660760680332   0.4294430652363533
 -0.7150842192692709  -0.2480282535542843  -0.1147379037786893   0.3146284906886082   0.5612313881763462
  0.3841635744656786   0.4265856937505626   0.4386516664002644   0.4775824471108412   0.4999427124351304

0.4005682854821469
0.4001188960647829
0.4000475443681815
0.3995496552748317
 0.399264570429998

0.003430943288896342
   0.401200932282946

   0.9417549430738182    -1.270818373973525     4.210110429303552   -0.1954122224037205     -3.68578616852859
    1.409704609395835   -0.5239227953008659    0.4243415905618657 -0.005543027897506048   -0.3044753718911917

  6.84702824331475e-08 -2.596392031758917e-07 -9.681361417971857e-07   -0.02462486673794713   -0.09769345538245922
 1.221075675215398e-08 -5.889036963876637e-08  3.042986764016515e-07  -0.009111378695353242     0.1266033029037999

cov:
0.05772406671233358  0.0608622716781281 0.06175229290777838 0.06462814191439036 0.06627997795017386
 0.0608622716781281 0.06646102835020286 0.06805245015890347 0.07318853770410928 0.07613855207132733
0.06175229290777838 0.06805245015890347 0.06984390528241483 0.07562452081325477 0.07894471853287273
0.06462814191439036 0.07318853770410928 0.07562452081325477 0.08348254950871525 0.08799553795584772
0.06627997795017386 0.07613855207132733 0.07894471853287273 0.08799553795584772 0.09319415653803215

cov.inverse():
 992199.4171211225 -2819600.851198263  1468184.546328131  94140.76014314394  265338.3974102207
-2819600.851203959  28782935.84938847 -29610271.85095309  1300089.111265254  2345260.332299551
 1468184.546328115 -29610271.85085104   33759378.5476587 -2964000.100335035 -2651817.209739214
 94140.76016186409   1300089.11095611 -2964000.100000262  3370786.719403883 -1801063.428194499
 265338.3973972086  2345260.332500954 -2651817.209971949 -1801063.428150165  1842198.757909397

cov*(cov_.inverse()):
     1.000000000003638   2.91038304567337e-11  -2.91038304567337e-11  -2.91038304567337e-11  4.365574568510056e-11
                     0     0.9999999996798579   2.91038304567337e-10  -2.91038304567337e-11                      0
                     0                      0      1.000000000232831  -2.91038304567337e-11   2.91038304567337e-11
-7.275957614183426e-12 -5.820766091346741e-11 -4.365574568510056e-10                      1                      0
-1.091393642127514e-11  1.164153218269348e-10  1.164153218269348e-10                      0                      1
