6
2

0.0001964775974704392
0.0004576401598910741
0.0006512226266747782
0.0007793173738132222
   0.1082085906233535
   0.6271737033462464

 -0.2589235677018548    0.744688193312069   -0.610867943672891  0.03828419640815317   0.0429108208016545  0.04394790082032471
  -0.474809685172201   0.3867612911352394    0.636527566805791  -0.2845094206358749  -0.3600496716244723   0.0960351330239394
  0.2718566907931531 -0.02858164907631413  -0.1576979318641565    0.305065639499616  -0.7998965102992422   0.4092785355972471
  0.4033913761962885  0.05530517852953287  -0.1205185312895252  -0.8060848597003033   0.0601161157449483   0.4078054316016146
 -0.5839382220565421  -0.3870738299243591  -0.1587602125432334   0.0552861588017924   0.2064942045671044   0.6620338224347021
  0.3604162025466163   0.3770324590437702   0.3963266997111904   0.4143601152118729   0.4271237108148777   0.4655565094020843

0.3994148759423363
 0.399372395350703
0.3992875698035771
0.3992565339434568
0.3991887691295773
0.3989526997863437

0.001384691671515762
  0.3997794176313456

-0.005478310898972494     1.208592856006216    0.9745182828209353     0.478101928019838    0.7119606926582049    -3.367719071632235
    1.460736905299358   -0.2364904074125928  -0.05049615983750189   0.05066069604483921   0.06945785253260557   -0.2938429658693459

 7.990592851976522e-09   7.84459545439188e-08 -8.446575994291295e-07 -1.074243321070601e-06   -0.03132682993125337   -0.08879018277397019
-2.051688722057791e-08 -1.853119601912029e-07    1.0664429707074e-07  2.585811402595576e-07   -0.01089900020712392     0.1302584133202273

cov:
0.05508848667863325 0.05609789540889058 0.05727207389160643 0.05836509745787643 0.05914079810584077 0.06147483833591078
0.05609789540889058  0.0576700064421073 0.05949662411798121 0.06120085744301274 0.06240847493096939 0.06604363136777046
0.05727207389160643 0.05949662411798121 0.06208014344822598 0.06449342418846933 0.06620210415597623 0.07134667557079152
0.05836509745787643 0.06120085744301274 0.06449342418846933 0.06757165544523244 0.06974928095329382 0.07630819014539864
0.05914079810584077 0.06240847493096939 0.06620210415597623 0.06974928095329382 0.07225967637870763  0.0798176847264038
0.06147483833591078 0.06604363136777046 0.07134667557079152 0.07630819014539864  0.0798176847264038 0.09038726432527208

cov.inverse():
 3255342.530784576 -5853217.850777397  2473050.107233809  48384.68761834875  55613.80130647458  20700.81205379799
-5853217.850876345  15086774.92010414 -10608951.02731545  119162.9868245132  222256.2499843305  1034664.744191508
 2473050.107333147 -10608951.02730994  11683620.84781312 -1423997.203862182 -1487806.666161061 -636685.6928003777
 48384.68759257627  119162.9868288359  -1423997.20384359  1713784.737833569 -123514.5199366159 -333720.6802614652
 55613.80138967282  222256.2496980198 -1487806.665901432 -123514.5199636507  2181353.339094327 -847827.4451987508
 20700.81199597057  1034664.744369042 -636685.6929737523 -333720.6802372861 -847827.4451692522  762917.8391294765

cov*(cov_.inverse()):
     1.000000000028194 -5.093170329928398e-11 -1.455191522836685e-11  3.637978807091713e-12 -1.455191522836685e-11  2.182787284255028e-11
 5.070432962384075e-11      1.000000000014552  7.275957614183426e-12 -3.637978807091713e-12  1.455191522836685e-11  7.275957614183426e-12
 1.909938873723149e-11                      0     0.9999999998835847                      0 -2.182787284255028e-11  2.182787284255028e-11
  1.84172677109018e-11 -1.309672370553017e-10 -1.455191522836685e-11      0.999999999992724                      0  1.455191522836685e-11
-1.432454155292362e-11  1.164153218269348e-10 -1.091393642127514e-10 -1.818989403545856e-11     0.9999999999854481  1.455191522836685e-11
-1.386979420203716e-11  4.365574568510056e-11  7.275957614183426e-12 -3.637978807091713e-12                      0      1.000000000014552
