5
2

0.0003982172367805154
0.0005245752632572707
0.0006924519767849974
  0.06208488290708493
   0.6069764095230686

  0.3602132889615056 -0.09084635479127381 -0.09384040400074177  -0.7349776334339329    0.559459724381931
  -0.537156011944783   0.4045039393783107   0.6039815535038612  -0.4253627267776579 -0.04596537342764609
  0.1882748225706338   -0.726235112848526   0.6501474246802318 0.007738889819873005  -0.1199315964118859
 -0.6156450433335917  -0.3450953155355808 -0.08915460382649687   0.2517768669131497   0.6561632950097994
  0.4089542481646177   0.4261634509315096   0.4424477872045958   0.4641367771378236   0.4898552272908095

0.4001059193173905
0.3999758758963128
0.3998776133660745
0.3997400476556516
0.3995599524070028

0.001910476914320645
  0.4006948598575368

   2.817551648363729   0.5178202079103058   0.4488318452717946 -0.06479221721970466   -3.719781881486806
   2.337276396568747 -0.04967782848373739  -0.1755868062908216  -0.4278932076965366  -0.6842958126501144

-1.756538691227766e-07 -2.296031956241625e-07  4.276279607859097e-07   -0.01700011566976087    -0.1034217224965298
 1.259995806465866e-07 -3.214545539080725e-07  2.113245748929951e-07  -0.007565977704837293     0.1190636563442692

cov:
 0.0630769965667526  0.0650275882640039 0.06687384269107233 0.06933267829192299 0.07224798953233028
 0.0650275882640039 0.06737010821426768  0.0695859632105322 0.07253791053835308 0.07603805559798585
0.06687384269107233  0.0695859632105322 0.07215292874518438 0.07557085834484203 0.07962417679933143
0.06933267829192299 0.07253791053835308 0.07557085834484203 0.07961068082284364 0.08440072400776119
0.07224798953233028 0.07603805559798585 0.07962417679933143 0.08440072400776119 0.09006509329996856

cov.inverse():
 1940804.228374333 -1281067.004099466 -1136848.032267389 -836211.4900176524  1313362.148073628
-1281067.004080552  1746638.360721491 -43112.93380613755 -215954.2494331406 -206483.3525539587
-1136848.032242905  -43112.9338103804  2262737.621375024 -488191.7559532789 -594588.5626080132
-836211.4901096136 -215954.2493658294 -488191.7558867667  4064151.266330651 -2523842.413746635
 1313362.148122192 -206483.3525981135 -594588.5626542838 -2523842.413704774  2011562.561153864

cov*(cov_.inverse()):
    0.9999999999708962    1.2732925824821e-11  7.275957614183426e-12  -2.91038304567337e-11   2.91038304567337e-11
-1.455191522836685e-11      1.000000000005457  1.455191522836685e-11  -2.91038304567337e-11  5.820766091346741e-11
 1.455191522836685e-11  3.637978807091713e-12      1.000000000007276  -2.91038304567337e-11                      0
-1.455191522836685e-11  1.091393642127514e-11 -7.275957614183426e-12     0.9999999999708962                      0
 1.455191522836685e-11 -3.637978807091713e-12 -1.455191522836685e-11                      0      1.000000000029104
