5
2

 0.000346059860826047
0.0003873534204517328
0.0007019917493166825
   0.1013328688468464
   0.6384720753505488

  0.0993165712607508  -0.4653913005140305    0.186949641435842   0.6906231982761027  -0.5115042381532771
 -0.1444851851397269   0.5534676020908821  -0.6678992841689145   0.4402795177255096  -0.1812791692085777
  0.5583765240322059  -0.4542826260503323  -0.5647212985815337  0.06186864074898081   0.3988797805088459
 -0.7246328883246225  -0.3170577285708036 -0.05338556872057702   0.2985774518448637   0.5313972715530701
  0.3638448632537969   0.4125363538695286   0.4440723068988076   0.4860219345008837   0.5138220875453401

0.3978294295564594
0.3955506258472202
0.3940954075071162
0.3920520875065934
 0.390684119282218

0.01524843919542264
 0.3999781228640346

 0.3336835614680247  0.8181587916158757   2.103112414379993   1.144538794647308  -4.399990665203062
  1.325804184308202 -0.2619843884814539  0.2416347411746937 0.03362488391602353 -0.3389374765331019

 3.696446343836012e-07  4.523612793240883e-08 -1.506605818238078e-06   -0.02679923460695783    -0.1270545368032303
 5.932342118037406e-08 -6.327298789206085e-08  2.906201991616401e-07    -0.0108908974533231     0.1319964243919471

cov:
 0.0593575081174517 0.06354645639730483  0.0662619488463944  0.0698651960178009 0.07225624784307143
0.06354645639730483 0.07040824761028044   0.074853078584962 0.08076175893343057 0.08467884173974585
 0.0662619488463944   0.074853078584962 0.08041748814938227 0.08781818726875776 0.09272301181712134
 0.0698651960178009 0.08076175893343057 0.08781818726875776 0.09720868163096089  0.1034302636679717
0.07225624784307143 0.08467884173974585 0.09272301181712134  0.1034302636679717  0.1105237783956093

cov.inverse():
 854238.6817087074 -1433642.112242179  158326.7399404758  218853.8923490372  202295.1439679152
-1433642.112213551  4268952.303075913 -2669618.639159873 -1116810.399458435  951349.4701969221
 158326.7399094217 -2669618.639145034   3912075.05855824 -952647.7470248296 -448651.4744242275
 218853.8923227161 -1116810.399341272 -952647.7471382698  5282437.024074001 -3431613.010571943
 202295.1439966646  951349.4700935463     -448651.474327 -3431613.010594555  2726632.219268075

cov*(cov_.inverse()):
     1.000000000007276  -2.91038304567337e-11  5.093170329928398e-11                      0  -2.91038304567337e-11
 3.637978807091713e-12     0.9999999999854481   2.91038304567337e-11 -5.820766091346741e-11                      0
 1.818989403545856e-11 -1.455191522836685e-11      1.000000000014552                      0 -5.820766091346741e-11
 1.455191522836685e-11  1.455191522836685e-11   2.91038304567337e-11      1.000000000058208 -5.820766091346741e-11
                     0 -1.455191522836685e-11 -7.275957614183426e-12                      0     0.9999999999417923
