5
2

0.0003647983694920118
0.0004507182633749154
0.0008044490965960743
   0.1118927851871237
   0.5801262480986619

 -0.4600161378036861   0.7201600397362331  -0.1321154845443812  -0.4133773127269539     0.28534078957193
 -0.3191787668864804   0.3484705475133613  -0.2266452617254186    0.692745352173499   -0.495407907349081
  0.3754193413694158   0.0205840568707396  -0.8548389237050416   0.1230633524290749   0.3357714111359383
 -0.6300106581825855  -0.4425061374723079 -0.02453055050478135   0.3191301100886844   0.5521133160886459
   0.385560574269602   0.4046015442196517   0.4470191166960965   0.4819071056628637    0.505549290182324

0.4001751568050382
0.4000715804610271
0.3998120596373142
0.3995436910514613
0.3993368621049915

0.002193127025727899
  0.4006496960609214

-0.4576344117091199    2.34097549225303  0.9857247888907179   0.843475007926642   -3.71269808541646
  1.444382998649005 -0.2565733158201141 0.07849797575873299 0.06672618648656325 -0.3330562032234572

 4.765638587038329e-08  6.423571103327315e-07 -1.364860703840709e-06   -0.03195620668764505   -0.08720623771132741
-1.307092972173935e-07 -7.252201788499266e-08  2.370116156695932e-07   -0.01203118276644677     0.1184498065644027

cov:
0.05499946736196487 0.05599101861513488 0.05819808041621916  0.0600146051457564  0.0612447696941094
0.05599101861513488 0.05754512236093356 0.06100521337274181 0.06385192482966139 0.06578043334590554
0.05819808041621916 0.06100521337274181 0.06725878371908975 0.07240130283953203 0.07588646737648629
 0.0600146051457564 0.06385192482966139 0.07240130283953203 0.07943290254101794  0.0841979871643164
 0.0612447696941094 0.06578043334590554 0.07588646737648629  0.0841979871643164 0.08983116649010808

cov.inverse():
 2309464.222379443 -3024952.416526802  316878.8172660441  411894.0911736902 -13218.02981515686
-3024952.416545314  4495620.093603509 -1130919.935845684 -1044807.393191031  704998.9101074932
 316878.8173312114 -1130919.935942015  1513223.860947923  -525049.109374651 -174103.2908629442
 411894.0910914258 -1044807.393046532 -525049.1094552515  3669787.889004403 -2511857.698663265
-13218.02977954666  704998.9100408115  -174103.290813509 -2511857.698681628  1994194.825123998

cov*(cov_.inverse()):
      1.00000000002467 -2.182787284255028e-11 -1.818989403545856e-12                      0   2.91038304567337e-11
  8.86757334228605e-12     0.9999999999854481  1.637090463191271e-11  -2.91038304567337e-11   2.91038304567337e-11
 1.261923898709938e-11  -2.91038304567337e-11       1.00000000001819   2.91038304567337e-11                      0
 4.774847184307873e-11 -5.093170329928398e-11 -1.818989403545856e-12     0.9999999999708962                      0
 2.933120413217694e-11  -2.91038304567337e-11 -1.818989403545856e-12                      0                      1
