5
2

0.0001282535064249542
0.0003501144150266192
0.0005940982982253271
  0.05777060746019543
   0.5606480896011627

-0.1835992532732111  0.7289085098125296 -0.6543175595609704 0.03315330361432144 0.07584911489285075
-0.5561553058335902  0.4439292378251659  0.6084348212067338  -0.235432664954104 -0.2607616463609092
 0.1735016085377367 0.05671429320765897 0.03675053719960053 -0.8152674893263151  0.5483329277399647
  -0.67366764516661 -0.2822831785275064 -0.0391903304602706  0.2593706434861195  0.6306180288194222
 0.4159948144883031  0.4344179004060586  0.4458577302315855  0.4599327221205601  0.4773910112697395

0.3806159796416105
0.3785053578265278
0.3771223082170248
0.3754361033519754
0.3733080811540621

0.02825797111237495
 0.3864044630663137

-0.2703897073953877   7.263556531380998  -1.445577856446874 -0.9381879210182572  -4.609413261919601
  2.140386697735052 -0.1885810835505401 -0.4467645425056186  -0.060640848713884 -0.4444738700225551

 9.720110294045258e-08  4.802911744062921e-07 -5.120322432362385e-07   -0.01655936420717319    -0.0734202015317752
-4.504207149286337e-09 -1.735431010039504e-07  5.293067396913143e-08  -0.005564147868994175     0.1160476291922449

cov:
0.05590936720880364 0.05743829645221947 0.05838758631813624 0.05955674600475955  0.0610049581941413
0.05743829645221947 0.05958528786143402 0.06091835797107586 0.06255895328063787 0.06459313732246599
0.05838758631813624 0.06091835797107586 0.06248982210362735  0.0644232272346504 0.06682137356179982
0.05955674600475955 0.06255895328063787  0.0644232272346504 0.06671674857206386 0.06956164797801469
 0.0610049581941413 0.06459313732246599 0.06682137356179982 0.06956164797801469 0.07296298969567794

cov.inverse():
 4658033.737388049 -10122101.12789399  4560889.837976425  297312.8289984543  605904.7323348324
-10122101.12816717  33917220.60408667 -26785616.57686441   485481.268553679  2504824.474841051
  4560889.83834488 -26785616.57732497  29051707.63651038 -2572270.665945632 -4254396.748046043
 297312.8290055052   485481.268424665  -2572270.66578351  2402168.788942966 -612810.3542527359
 605904.7322325192  2504824.475157427 -4254396.748300266 -612810.3542125789  1756453.085568849

cov*(cov_.inverse()):
    0.9999999999345164  1.746229827404022e-10 -2.619344741106033e-10 -7.275957614183426e-12                      0
-5.820766091346741e-11     0.9999999999417923  5.820766091346741e-11 -1.455191522836685e-11  -2.91038304567337e-11
-4.365574568510056e-11  1.455191522836685e-10                      1                      0 -5.820766091346741e-11
-8.003553375601768e-11  1.455191522836685e-10  1.164153218269348e-10      0.999999999992724 -4.365574568510056e-11
-3.637978807091713e-11   2.91038304567337e-11 -5.820766091346741e-11 -7.275957614183426e-12                      1
