6
2

0.0001168544505242442
0.0003943626583536861
0.0004170734078711633
0.0007617820679823561
  0.09855088976535246
   0.6879979448693063

 0.03310794783902715  -0.6404121413313028   0.7608653039020739 -0.06121369695492063 -0.07658281368995173 -0.01575113633329584
  0.1089298799939401  -0.4026373879492357  -0.2614597514223891   0.1433571569643626   0.7769710801952137  -0.3652682295840191
 0.09587904837001002  -0.3105794036726915  -0.2385443222468978    0.824847644219914  -0.3955976191068911  0.02394025905379189
  0.6252935548294805  -0.3416925161998182  -0.3413197433537841  -0.3537917323976525 -0.08217337012491795   0.4937954787035184
 -0.6864184980076746  -0.2592334900764083   -0.153478551739064  0.01694922861413329   0.2031519453559938   0.6296935668396444
  0.3401219913496561   0.3838490316140316   0.3946701926683878   0.4121554396262634   0.4311964300466335   0.4747735494421874

0.3976474069313098
0.3953587599748233
0.3948501045873247
0.3938964764782473
 0.392855580153641
0.3904728359307604

0.01531181904668924
 0.3998032111560759

 0.5216171745516915  -4.604748413259947   6.473920846202806   1.071159891308904  0.9727380519978051  -4.435285665760356
  1.361413836369813  -1.106646483098068  0.9754868207672931 0.08961210218705468 0.09678176248981354 -0.4165056568548692

 1.068061725915058e-07   4.27313630336042e-07  5.712248574582774e-08 -1.717218269137108e-06   -0.02656359046443896    -0.1324796391294391
 2.034126072170179e-08  9.004793089535475e-08  4.647850382240908e-08  3.778629640519576e-07   -0.01008548952093101      0.143979674030781

cov:
0.05933387990798706 0.06352538429340902 0.06456249277411298 0.06624133910866557 0.06806555307560586 0.07223777370424063
0.06352538429340902 0.07039492559784782 0.07209474981696665 0.07484250416088439  0.0778332523089165 0.08467685663866721
0.06456249277411298 0.07209474981696665 0.07395865508638336 0.07697102712408478  0.0802505563182665  0.0877554585287809
0.06624133910866557 0.07484250416088439 0.07697102712408478 0.08041044630746835 0.08415559090971586 0.09272718902515668
0.06806555307560586  0.0778332523089165  0.0802505563182665 0.08415559090971586 0.08840945288708324 0.09814507597862876
0.07223777370424063 0.08467685663866721  0.0877554585287809 0.09272718902515668 0.09814507597862876  0.1105470136701773

cov.inverse():
 883227.8160586504 -2374109.145112094  1162422.926675579  25419.20657804762  51913.77705687585  251192.6608955707
-2374109.145265379  31833194.36854605 -34380480.58996192  1235345.044475188  2334867.481929455  1350869.074417658
 1162422.926919521 -34380480.59095024  43363455.61041129 -4574939.667740758 -4982654.023906314  -586858.870307505
 25419.20654959524  1235345.044937273 -4574939.668385566  4533562.638875678 -766260.5842609315 -453610.1760246072
 51913.77696930655  2334867.482607098 -4982654.024286761 -766260.5845696058  5222483.311476094 -1860856.396574129
 251192.6609209421  1350869.074112836 -586858.8700264996 -453610.1759270744 -1860856.396673218  1299573.890808001

cov*(cov_.inverse()):
     1.000000000003638  2.328306436538696e-10  1.746229827404022e-10 -4.729372449219227e-11 -5.820766091346741e-11                      0
-4.729372449219227e-11      1.000000000160071 -5.820766091346741e-11  -2.91038304567337e-11  -2.91038304567337e-11 -1.455191522836685e-11
-7.275957614183426e-12  3.346940502524376e-10      1.000000000472937 -1.455191522836685e-11 -5.820766091346741e-11 -1.455191522836685e-11
                     0  1.600710675120354e-10  4.802132025361061e-10     0.9999999999781721  -2.91038304567337e-11  -2.91038304567337e-11
-1.455191522836685e-11  1.455191522836685e-10 -2.546585164964199e-10 -4.365574568510056e-11     0.9999999999417923                      0
-1.818989403545856e-11  3.783497959375381e-10 -4.365574568510056e-11  7.275957614183426e-12                      0     0.9999999999708962
