6
2

0.0002601220769414532
0.0003543453423096035
0.0004074565923078857
0.0005135196449229579
  0.08820935038619908
   0.7088354470115639

  0.4789922544599974  -0.8313220075874208    0.196291561227686   0.1458770917951696   0.1040881987330752 -0.09394298181787993
 0.06935929544840021 -0.04639842618586388  0.05697770551653286   0.3118105230906573   -0.834575844623523   0.4427723709958785
-0.07045974405891539  0.02856335807686916  -0.4976928837299632   0.7935505544652431  0.07860707085325364    -0.33259554784581
  0.4682802997478273  0.01827471450776902  -0.7339353840118756  -0.2605872175865259   0.1045520238713422    0.403585956281935
 -0.6486675808311883  -0.4102667949423388  -0.1107372598383044  0.09118034726238629   0.2892146255186379   0.5537958382735312
  0.3474695140815688   0.3705161698240289   0.3995010249401953   0.4189893024778111   0.4380565141141372   0.4636120043807231

0.3972692643867415
 0.396088835677507
0.3946554226483324
0.3936312979598525
 0.392639407303675
0.3912925010906837

0.01509790064826858
 0.4004678181342834

  1.015283248591034 -0.3487790921411491   1.782838477507655   1.535316428314525  0.6961792463122733  -4.681605879008846
  2.414356185226174  -1.336300228433007  0.1747172685571976  0.2080503272754003 -0.0703844297737122 -0.3903424004213246

 1.260200283876924e-07 -2.494874636770599e-07  3.090233141344833e-07 -8.059147510417712e-07   -0.02306437286138076    -0.1439031235853883
 1.597767027105106e-07  2.388110999931021e-08  -9.70856671884556e-10  2.001060885557905e-07  -0.009763295090540794     0.1451898657907828

cov:
0.06393709050472252  0.0667573375580103 0.07030582465966483 0.07268911377598032   0.075018489155906 0.07814475023865267
 0.0667573375580103 0.07028685809975249  0.0747265886104765 0.07771006385430702 0.08062754553015811 0.08454047952261858
0.07030582465966483  0.0747265886104765 0.08028678976905594 0.08402446360153605 0.08768114037154585 0.09258286255352152
0.07268911377598032 0.07771006385430702 0.08402446360153605 0.08827054021673754 0.09242490722285071 0.09799253856991855
  0.075018489155906 0.08062754553015811 0.08768114037154585 0.09242490722285071 0.09706737615725737  0.1032874191139654
0.07814475023865267 0.08454047952261858 0.09258286255352152 0.09799253856991855  0.1032874191139654  0.1103805486355295

cov.inverse():
 4290642.250820107 -5890223.859657799  328945.3924209847  405371.3841492657  428104.5487862426  437353.2486335058
-5890223.859649302  10237072.48660915 -2569199.634826541 -1789022.735317262 -949684.8425134316  961295.1662187733
 328945.3922160154 -2569199.634474222  4129954.588779372 -1088935.870785678 -603398.3194363255 -197824.3387430604
 405371.3846810406 -1789022.736174636 -1088935.870582665  5139375.097470487  -1575720.30965748 -1091535.922809918
 428104.5483401949 -949684.8418604548 -603398.3194391064 -1575720.309854854  5786058.809518963 -3084974.840708006
 437353.2487442101    961295.16607941 -197824.3387959529 -1091535.922735138 -3084974.840701229  2975817.734856506

cov*(cov_.inverse()):
    0.9999999999708962 -4.365574568510056e-11  3.637978807091713e-12 -4.365574568510056e-11  5.820766091346741e-11  -2.91038304567337e-11
-1.455191522836685e-11     0.9999999999126885 -5.820766091346741e-11  1.455191522836685e-11 -5.820766091346741e-11  -2.91038304567337e-11
 7.275957614183426e-12 -7.275957614183426e-11      0.999999999992724 -5.820766091346741e-11                      0                      0
 5.820766091346741e-11 -7.275957614183426e-11  -2.91038304567337e-11                      1 -5.820766091346741e-11                      0
 -2.91038304567337e-11  -2.91038304567337e-11  1.455191522836685e-11                      0                      1                      0
-7.275957614183426e-12 -4.365574568510056e-11 -3.637978807091713e-12 -1.455191522836685e-11                      0                      1
