5
2

0.0002641554387189672
 0.000361448929587542
0.0005052144979651361
  0.08775421465862267
   0.6437457554774729

  0.4862330730730396  -0.8189935897019482   0.2407083399959001   0.1698190913975881 -0.07776805211898165
  0.1211444138399847 -0.08142596847017163   0.2168185094992708  -0.7986483871358907   0.5420741003938634
  0.4452399318506324  0.00164648974708996  -0.8323896441282007  0.06144330483051373   0.3242081010659491
 -0.6355025773320884  -0.3947992591520776 -0.09237415794211784   0.3114648960876367   0.5785556607854133
  0.3831439767701328   0.4083505182196964   0.4400496838852911   0.4822204565535982   0.5101668887022835

 0.397404629306994
0.3962347727542101
0.3948134621512069
0.3928133027127255
0.3914755136999629

0.01498103967271901
 0.4005807413998269

   0.8943275070428032    0.1724188851104005     2.122317514167712     1.179457908669768    -4.369125500478217
     2.39788081781493    -1.268561784297939    0.2263539825872536 -0.008216683167182437   -0.3473364254401948

 9.382181521972421e-08 -3.600455664825962e-07 -6.922555349566534e-07   -0.02304763949075492    -0.1298075845246046
 1.594411728770059e-07  3.411693428605546e-08  1.950084187069378e-07  -0.009606397337027154     0.1322630345271318

cov:
0.06394503706693676 0.06676921432110521 0.07032226330570358 0.07504180429435327   0.078172019942837
0.06676921432110521 0.07030303846643425 0.07474777863970075 0.08065631908881694 0.08457349685285787
0.07032226330570358 0.07474777863970075 0.08031352209909706 0.08771630707072396 0.09262261045472032
0.07504180429435327 0.08065631908881694 0.08771630707072396 0.09711229742053627  0.1033374954974742
  0.078172019942837 0.08457349685285787 0.09262261045472032  0.1033374954974742  0.1104359604977231

cov.inverse():
 4277263.918538719 -5779573.237831792  426372.6271376222  549933.6489728056  526240.2455808787
-5779573.237817463  9663403.379189385 -2965720.230926501 -1495040.122561733  576981.9037509321
 426372.6270999988  -2965720.23088023  3904760.814175569 -940002.6067093719 -425954.5835950896
 549933.6490151112 -1495040.122612845  -940002.606711763  5310313.293981282 -3424949.918556954
 526240.2455618747  576981.9037700937 -425954.5835840496 -3424949.918568155  2747702.204017445

cov*(cov_.inverse()):
    0.9999999998981366 -4.365574568510056e-11                      0 -5.820766091346741e-11   2.91038304567337e-11
-5.093170329928398e-11     0.9999999998617568                      0                      0                      0
-9.458744898438454e-11  1.455191522836685e-11     0.9999999999781721 -5.820766091346741e-11   2.91038304567337e-11
-1.164153218269348e-10 -1.091393642127514e-10 -2.182787284255028e-11                      1                      0
-1.164153218269348e-10  7.275957614183426e-12  1.455191522836685e-11                      0                      1
