5
2

0.0003874703255600599
0.0004813422126078561
0.0007829207126404913
   0.1032816034327218
   0.5870524180052087

  0.1644204469706282  -0.5463608944902776   0.1213450769301185   0.6896703300332653  -0.4290523252080016
 -0.3344458135817917   0.6529657303000979  -0.3700559564528502   0.4279340810119692  -0.3764475584108377
  0.4468803549509809  -0.1270013354316168  -0.8048510954218837    0.145598785536651   0.3393881509509687
 -0.7193870833588254  -0.2850141851999867 -0.06669088684308133   0.3015208723817008   0.5530701833054567
  0.3793311047764999   0.4216196189206778    0.442832926970056   0.4786579314590728   0.5031206548460092

0.3994466501496583
0.3992995086387531
0.3992609521033679
0.3990719597697993
0.3989304088136896

0.001504498292438986
  0.3998253059303358

 0.4518757108434821   2.047596150819848  0.5238627960908736  0.4687605116134789  -3.492162669392892
  1.368893822007032 -0.1962610181898588  0.0562783640020494 0.05851628366611225 -0.2873826845035611

 1.262245391028839e-07  5.809028668424935e-07 -9.787162332952706e-07   -0.02916034916375749   -0.09163805896049039
 7.548575894397496e-08 -1.097222939160437e-07  3.079211032497706e-07   -0.01145516914187191     0.1188491305784841

cov:
0.05511016874740297 0.05730498002408796 0.05840272442211458 0.06026073593262172 0.06152848248106017
0.05730498002408796 0.06212926855581193 0.06454770685514731 0.06863372366444878 0.07142340739950218
0.05840272442211458 0.06454770685514731 0.06763026898201541 0.07283518536048179 0.07638953473405959
0.06026073593262172 0.06863372366444878 0.07283518536048179 0.07992940393397197  0.0847736706345136
0.06152848248106017 0.07142340739950218 0.07638953473405959  0.0847736706345136 0.09049951566261517

cov.inverse():
 988686.8300347867 -1633483.126220318  80300.26396378457  243705.9327573992  320914.2503369778
-1633483.126217001  3854856.907237652 -1317752.145645946  -1333970.58031581  430132.4508716313
 80300.26395897927 -1317752.145635621  1745938.277751966 -317250.3423155657 -191153.9701839675
 243705.9327581878 -1333970.580324473 -317250.3423054742  3993144.913537323 -2585616.905644946
 320914.2503376752  430132.4508732878 -191153.9701885389 -2585616.905642729  2025740.197001919

cov*(cov_.inverse()):
    0.9999999999854481  1.455191522836685e-11 -2.546585164964199e-11                      0                      0
-2.546585164964199e-11      1.000000000065484 -2.546585164964199e-11   2.91038304567337e-11                      0
-7.275957614183426e-12  6.548361852765083e-11     0.9999999999708962  -2.91038304567337e-11                      0
-7.275957614183426e-12  5.820766091346741e-11   -1.2732925824821e-11     0.9999999999708962   2.91038304567337e-11
-1.091393642127514e-11  3.637978807091713e-11                      0                      0     0.9999999999708962
