6
2

0.0001148041529616697
0.0002397446059170147
0.0004326373105582977
0.0007604922813416318
   0.1040601142542808
   0.6688680225194082

-0.02390195521355663   0.1565797818499042  -0.7142431542434829   0.6780196871287942 -0.06247958086979578 -0.03396749783591358
  0.2912867603778873  -0.7828845266071878   0.2630068471836611    0.450071857894242  -0.1654236475460624 -0.05604979149191486
 -0.2553671160809721   0.3069079620238849   0.3492662196611209   0.2231968738649259  -0.7988627262754605   0.1749564138267735
  0.6422370020643681 -0.03330580405614082  -0.3488277478812672  -0.3481876314080339  -0.3679792876737104   0.4561777899911847
  -0.558563446750862  -0.3569488726194894  -0.1425833279299735 -0.03959391279493896   0.1263609686012585   0.7230004153315722
  0.3534216531611808   0.3739790348576663   0.3958363546453977   0.4063317333145068    0.423289277955312   0.4840114735979802

0.3982498024106861
0.3971943408173175
0.3960322012417699
0.3955401029074984
0.3946166876600247
0.3912949890166364

0.01486469365685216
 0.4003465893527878

 0.2417323047438291  0.7697746566677959  -5.669376548553918   7.463626435828062   1.236111670185549  -4.042392013674113
  1.389995969087616 -0.1019300703622171  -1.039406902701948   1.046410452387987 0.09202399000310062 -0.3869370723578477

  1.22371370321909e-07  7.805126535080661e-08 -3.433670162933811e-07 -1.613828330562908e-06   -0.02884068402669775    -0.1214449040452701
 1.858492445297253e-08  3.958706329405886e-08 -1.229605727473611e-07  3.955634750702243e-07  -0.009760534232523708     0.1425190006747921

cov:
0.05926006224700797 0.06129075663135947 0.06345006250086638 0.06448662983710789 0.06616414639545456 0.07215679968616905
0.06129075663135947 0.06395107008890705 0.06677945958418993 0.06813737664987859 0.07033309923543631 0.07818656578788423
0.06345006250086638 0.06677945958418993 0.07031931231045604 0.07201891898823456 0.07476565428600405 0.08459771858421486
0.06448662983710789 0.06813737664987859 0.07201891898823456 0.07388269295050194  0.0768941322533175 0.08767667998832651
0.06616414639545456 0.07033309923543631 0.07476565428600405  0.0768941322533175 0.08033267359110767 0.09264788003833221
0.07215679968616905 0.07818656578788423 0.08459771858421486 0.08767667998832651 0.09264788003833221   0.110467963920679

cov.inverse():
  2581156.76532974 -4707180.591680177  1764293.262730523  360141.3368256637 -43762.70813780893  45385.22851498132
-4707180.591907122  13028797.20663074 -11474850.45106477  2310672.206211545  222229.3104806819  620480.3806072564
   1764293.2640566 -11474850.45476061  40771477.93128471 -34056939.21601921  1360186.256750366  1635590.623007032
 360141.3354413217  2310672.210727438 -34056939.22063223  38879450.76283422 -5240543.625322098 -2252297.477762429
 -43762.7078814911  222229.3095831474  1360186.258804931 -5240543.626813838  4415959.364691808 -714614.6997844983
 45385.22854384746  620480.3804578882  1635590.623195529 -2252297.477752029 -714614.6998628865  665597.3495004711

cov*(cov_.inverse()):
    0.9999999999631655   2.91038304567337e-11 -4.220055416226387e-10  -2.91038304567337e-11 -1.455191522836685e-11                      0
-1.546140993013978e-11      1.000000000109139   4.94765117764473e-10 -2.619344741106033e-10 -7.275957614183426e-12  3.637978807091713e-11
 -7.73070496506989e-12   2.91038304567337e-11     0.9999999998835847  5.820766091346741e-10 -5.093170329928398e-11  7.275957614183426e-12
-1.227817847393453e-11   2.91038304567337e-11  5.820766091346741e-11     0.9999999997380655   2.91038304567337e-11                      0
 2.455635694786906e-11 -2.328306436538696e-10                      0  -2.91038304567337e-11      1.000000000029104                      0
 3.092281986027956e-11  4.365574568510056e-11  5.820766091346741e-11  1.455191522836685e-10  1.455191522836685e-11                      1
