5
2

0.0001215501284190487
0.0003526585160174781
0.0007086359632968241
   0.1032984464453362
   0.6331246488108823

-0.03663642219438963    0.674011781504359  -0.7320723760109491  0.09180151093554011 0.002899971336053828
-0.04630975662717922   0.2063268530232549  0.09375791242205751  -0.8030207929614843   0.5492282732092534
  0.6252970197221277  -0.4999406242010507    -0.48821989324168  0.01585753533062502   0.3470632274044739
  -0.685552830708237  -0.2822542605342204  -0.1823815104916163   0.3267323802912984   0.5570752058907148
   0.368149606063179   0.4165684251099503   0.4285531596124572   0.4896167673843298   0.5172564405004929

0.3978556194966874
 0.395565216846921
0.3950560475231322
0.3920523133580747
  0.39067916359967

0.01530784015453372
 0.4000106459828689

  0.4949621211606446    -5.28205805299988    8.519296767963256   0.4376709855833698   -4.170150371275917
   1.352309634351281   -1.221245331500793    1.270463894520831 -0.08569465586628019  -0.3156699824865422

 -1.44596781266571e-07 -3.676099922768661e-07 -1.330456793546252e-06   -0.02755447811229129    -0.1242196363966555
-2.676435034637445e-08 -3.731601548390368e-08  3.640511143341218e-07   -0.01086198051535114     0.1316146300262848

cov:
0.05934360542235044 0.06353826746221054 0.06457628597160418 0.06986341353275022 0.07225732777832646
0.06353826746221054 0.07040888405376725 0.07210927862863949  0.0807721902417519 0.08469366743693096
0.06457628597160418 0.07210927862863949 0.07397371353245957 0.08347253793491169 0.08777225830145433
0.06986341353275022  0.0807721902417519 0.08347253793491169 0.09723204224422642  0.1034595805022983
0.07225732777832646 0.08469366743693096 0.08777225830145433  0.1034595805022983  0.1105597860245106

cov.inverse():
 886757.6974788987 -2370695.619356091  1172500.433470657  91096.80658323286  220426.5886376691
-2370695.619366748  31588544.84561415 -32755639.45359201   2839989.26667561  697927.9720366992
  1172500.43348228 -32755639.45321023  36819493.34407776 -5169559.123858625 -67078.41850689703
 91096.80658472495  2839989.265392629 -5169559.122404886   5755876.64469795 -3517266.418925806
 220426.5886352049  697927.9729272331 -67078.41956721891 -3517266.418753542  2665942.358122178

cov*(cov_.inverse()):
    0.9999999999836291  4.001776687800884e-10 -2.810338628478348e-10  5.820766091346741e-11  -2.91038304567337e-11
-3.637978807091713e-12      1.000000000174623   7.73070496506989e-11                      0  -2.91038304567337e-11
-3.637978807091713e-12  1.091393642127514e-10      0.999999999917236 -5.820766091346741e-11   2.91038304567337e-11
 2.182787284255028e-11  2.619344741106033e-10  5.011315806768835e-10                      1 -5.820766091346741e-11
 1.818989403545856e-11 -5.820766091346741e-11  1.491571310907602e-10                      0                      1
