5
2

0.0003416740782499576
0.0005131646075424143
0.0006853599594640162
  0.07745298672744447
   0.5829823722949754

 -0.5178321127437928   0.8187336793810123  -0.1816704277991793   -0.163086703018727  0.04385941427189237
 -0.2088164411888663  0.04630862793349262 -0.04028446756877693   0.7840670790282176  -0.5812634360812597
  0.3055165995594409  0.03339666340778949  -0.8730011997049213   0.2472145443011561   0.2868765320945615
 -0.6583169441948553  -0.3861304244284552  0.02532313575788095   0.2800648445169391   0.5817598456216621
  0.4019004917639445   0.4210921887545224   0.4501118321540978   0.4680707156342027   0.4893531516301819

0.3992840226362209
 0.399275660191001
0.3990951061940013
0.3989972568800427
0.3988679736224638

0.00156406809130852
 0.3997256215989429

 -0.4978022537094927    4.226414006542356   0.3892192000824489  -0.1848272785960017   -3.933131919843631
   1.602876842479582  0.04461178731691889 -0.01935934559112282  -0.1406763978914021  -0.4875077741365312

 4.091794406146308e-07  6.386623916770966e-07 -7.161995522864609e-07   -0.02180192487472052   -0.08713126336726147
-9.204087511376115e-08 -4.181556826419555e-08  1.566342792001788e-07  -0.008374124348900445     0.1189059763102279

cov:
0.05749683807329579 0.05904323677888719 0.06138213987969127  0.0628292861117575 0.06454493239057614
0.05904323677888719 0.06115951306196533 0.06435949192816423 0.06633964461054845 0.06868666320580676
0.06138213987969127 0.06435949192816423   0.068861781217138 0.07164733980230023 0.07494892662155113
 0.0628292861117575 0.06633964461054845 0.07164733980230023 0.07493257457626511 0.07882483329923824
0.06454493239057614 0.06868666320580676 0.07494892662155113 0.07882483329923824 0.08341755442837903

cov.inverse():
 2661333.952011034 -3646635.968687772  269960.3710383463  262438.8011083989  452898.6984181693
-3646635.968689835  5752517.700879188 -1343253.006121124  -988326.409611901  225739.7947983288
 269960.3710702813  -1343253.00614884  1911403.476182189 -325613.3415659274 -512508.7743210467
 262438.8010561112  -988326.409569256 -325613.3415235773  2692450.340421383  -1640923.55843651
 452898.6984405839   225739.794781338 -512508.7743591776 -1640923.558403803  1474760.081213149

cov*(cov_.inverse()):
     1.000000000021828 -1.818989403545856e-12 -2.182787284255028e-11                      0 -1.455191522836685e-11
-1.818989403545856e-11       1.00000000001819                      0 -1.455191522836685e-11  1.455191522836685e-11
-7.275957614183426e-12  3.637978807091713e-12     0.9999999999781721 -1.455191522836685e-11  1.455191522836685e-11
 3.637978807091713e-11  -2.91038304567337e-11  1.455191522836685e-11                      1                      0
 2.182787284255028e-11 -3.637978807091713e-12  7.275957614183426e-12                      0                      1
