6
2

0.0001236486261663048
0.0003334857650410426
0.0004681283462820783
0.0005846868391139419
  0.07764144285470113
   0.6661347121029623

  0.1233854652913025  -0.7086935867546555   0.6918752824512905  -0.0297351071964051 -0.04000579958341371 -0.03678831309433362
  0.5895905500037419  -0.4820528037472924  -0.5755147969750429   0.2287165721149321   0.1822979224034953  0.05698239496369983
  0.1738212414968009  0.02103622583943825 -0.02243102797368421  0.01632006378700566  -0.7838550145353693   0.5951012299573334
  0.2970777649848343  0.06547101733747049 0.004695973422341539  -0.8806398872984341   0.2495237174032237   0.2639083148108567
  -0.621130094472328  -0.3350983283367514   -0.180292971107957  0.03632854647211343   0.3187757193986473   0.6053620718948913
  0.3645372321149887   0.3851735036698911   0.3963086592322299   0.4119366870870161   0.4322710664039035   0.4529274953808405

0.4003309408185362
0.4000606745872938
0.3999800868651006
0.3997616443421326
0.3994634238118123
0.3991634629265803

0.003612881065247829
  0.4011938260840368

    2.455759781325741    -2.415302061511604     3.450137859968774   0.08970409237669598    -0.162100612198232    -3.417852658831076
    2.471575123363868   -0.9957549979786962   -0.2174125404404574    0.0137341220306019 -0.004032672693349698   -0.2679731682016979

   6.9279485664201e-08  4.702067276094463e-08  -3.52115718764146e-07 -1.483063666868989e-07   -0.02083025143469443    -0.1104605828824326
 1.329882336463121e-08  2.279287940575335e-07  5.642000366853337e-08    1.9971882546084e-07  -0.007989184763707942     0.1392540391605111

cov:
0.06129261645045207 0.06355961264063111 0.06478116633490001 0.06649799495373034 0.06872976180965389 0.07099808904839394
0.06355961264063111 0.06650892953025461 0.06809937182954878 0.07033279984797737 0.07323772342394502 0.07618931802023599
0.06478116633490001 0.06809937182954878 0.06988933012053031 0.07240212190689448  0.0756710821040098 0.07899217079113544
0.06649799495373034 0.07033279984797737 0.07240212190689448 0.07530650998692946 0.07908496013538015 0.08292352618778617
0.06872976180965389 0.07323772342394502  0.0756710821040098 0.07908496013538015 0.08352837393945885 0.08804104428581475
0.07099808904839394 0.07618931802023599 0.07899217079113544 0.08292352618778617 0.08804104428581475 0.09323857579401765

cov.inverse():
 4517540.722335791 -8201284.614668991  2518822.434967313   220222.799695306  238656.0804337367  706500.3837377419
-8201284.615684177  34954269.70459493 -29577316.30477354  219853.0309533029  1036751.312543989   1565900.46365526
 2518822.436053304 -29577316.30552244  34290162.77962668 -2542961.925877796 -2670111.699896535 -2016972.291718367
   220222.79990421  219853.0295841889 -2542961.924512166  2797977.031568462 -248440.3747428575 -446777.9451862083
 238656.0803733049  1036751.312970884 -2670111.700418091 -248440.3745980704   3389410.66414833 -1746286.692570243
 706500.3835185013  1565900.464331263 -2016972.292225454 -446777.9451256442  -1746286.69258052  1937548.480478543

cov*(cov_.inverse()):
    0.9999999999854481   1.01863406598568e-10  4.365574568510056e-10  2.182787284255028e-11  1.455191522836685e-11                      0
 1.455191522836685e-11     0.9999999995634425  8.731149137020111e-11  2.182787284255028e-11                      0  -2.91038304567337e-11
 5.093170329928398e-11 -4.074536263942719e-10       1.00000000037835  7.275957614183426e-12   2.91038304567337e-11  -2.91038304567337e-11
 5.820766091346741e-11 -6.111804395914078e-10  3.783497959375381e-10     0.9999999999781721                      0  -2.91038304567337e-11
-4.365574568510056e-11   2.91038304567337e-10 -1.164153218269348e-10   2.91038304567337e-11      1.000000000029104                      0
                     0                      0 -1.455191522836685e-10                      0                      0                      1
