6
2

0.0001281998657122589
0.0002201070385672681
0.0006234211849861345
0.0007079041931139003
  0.07261234090752328
    0.610157180426559

 -0.02802563974746917    0.4291756552298153   -0.7901365545429354    0.4352785617927548  -0.01398529044696204  -0.03231146769442462
   0.1640365006987688   -0.6546959093402607   0.03885817536099101    0.7109778286424557  -0.08556053143719729   -0.1736238969102178
  -0.4815243514201604    0.3497418364266632    0.4037938126421829    0.3374693060306463    -0.607351098723986 -0.002148041002781292
   0.3849024744261615   -0.1507968127721486   -0.1820964672178948   -0.1268603593085761   -0.5858886143045237     0.660751287497471
   -0.671417214237092   -0.2941483626171879    -0.125944348357172   0.07171943972009283    0.3169840427060526    0.5841156777116853
   0.3761514303460282    0.3944606864206902     0.402621065020414    0.4122139487111259    0.4241038767661975    0.4370614470744884

0.4002396259486803
0.4004233516707797
0.4004267877797285
0.4004300140254854
0.4004203426899988
0.4004399614964497

-0.0001163720291085009
    0.4004120266052973

 -0.7205525230696631     3.95093249627063    4.912272499339921   -3.380534973667123  -0.9956182910277112   -3.766718215287807
    1.27628725544937   0.1396679712939703   0.4065632353084917  -0.4088459905392925 -0.08609971998611257  -0.3276044341139397

-5.754574025543259e-08 -2.024256714839086e-07  1.237578937195504e-06 -1.625822999276027e-06   -0.02138170791266835   -0.07326757927443542
-7.613436948549067e-09 -4.491908680709548e-09 -1.890896595967831e-07  1.413167165224684e-07  -0.006312204459137185     0.1305371190030033

cov:
0.05505256467680993 0.05628072951415188 0.05682802720728843 0.05747167807540664 0.05826854615778533 0.05913755807755458
0.05628072951415188 0.05838459733645245 0.05932209483166889 0.06042426759604039 0.06178990111872181 0.06327847119311461
0.05682802720728843 0.05932209483166889 0.06043360741966384 0.06174022051473743 0.06335946217765656 0.06512429800478363
0.05747167807540664 0.06042426759604039 0.06174022051473743 0.06328714671579505  0.0652044411152395 0.06729397127092417
0.05826854615778533 0.06178990111872181 0.06335946217765656  0.0652044411152395 0.06749202206311755 0.06998385044628395
0.05913755807755458 0.06327847119311461 0.06512429800478363 0.06729397127092417 0.06998385044628395  0.0729153533309545

cov.inverse():
 1495504.181505213 -3497665.040521259  838797.4234086024  1149490.419590577  36585.22235411793 -22681.26222068937
 -3497665.04039752  20414578.07924906  -20739932.3153631  2100478.775180062   420774.351638814   1301737.41571335
 838797.4230057764  -20739932.3133433  38503353.08544885 -19959420.29146854  185607.6525915295  1171797.861123697
 1149490.419967038  2100478.772453082 -19959420.28873453  22287128.14638722 -2005066.153912517 -3572869.176676041
 36585.22229590876  420774.3520824824  185607.6520944287 -2005066.153841484  1797120.293464168  -434992.340052547
-22681.26225986159  1301737.416100642  1171797.860503718 -3572869.176363577 -434992.3400931554   1557049.88327569

cov*(cov_.inverse()):
    0.9999999999968168  5.820766091346741e-11 -1.891748979687691e-10 -8.731149137020111e-11 -1.455191522836685e-11 -1.455191522836685e-11
-4.547473508864641e-12      1.000000000116415 -4.365574568510056e-11  1.164153218269348e-10 -2.182787284255028e-11                      0
 6.821210263296962e-12 -2.037268131971359e-10      1.000000000654836 -1.164153218269348e-10 -3.637978807091713e-12 -1.455191522836685e-11
 6.366462912410498e-12   1.01863406598568e-10  1.600710675120354e-10     0.9999999999708962 -1.455191522836685e-11  1.455191522836685e-11
-5.684341886080801e-12   1.01863406598568e-10  3.346940502524376e-10 -2.328306436538696e-10      0.999999999996362  1.455191522836685e-11
-8.412825991399586e-12  1.164153218269348e-10 -5.820766091346741e-11  -2.91038304567337e-11 -3.637978807091713e-12      1.000000000014552
