5
2

0.0003782243058630365
0.0004949894175301818
0.0008239921322418194
   0.1016863919243406
   0.5868345753977836

  0.1545758904554791  -0.5878403884532017   0.1602510858595221   0.6692364719337337   -0.396222293552013
 -0.2710279498489336   0.6148522256763018  -0.4158001289639555   0.4678494476568681  -0.3958885424741457
  0.4672774224293759  -0.1840459377122558  -0.7747184046181427   0.1299606181415323   0.3615252889875976
 -0.7353453658446303   -0.247865314085507 -0.07770029023651148   0.2969569426552577    0.551007457399738
  0.3789051964663002   0.4255470563509945   0.4418188550497635   0.4776675108294107   0.5019665360782419

0.4001995000656049
0.4000249541767906
0.3998859705487057
0.3996386611730969
0.3994481380840882

0.002029851298673018
  0.4006542281903265

 -0.2082532188870477    3.619922833365187   0.2635526709620044 -0.03376286599984565   -3.641516303236385
   1.285152716014868 -0.03889144003239833  0.03069278083010747    0.021792875032038  -0.2987630215051692

-9.979972664900746e-08  8.816635598088795e-07 -1.553882472730814e-06   -0.02875714313264805   -0.09162606225177088
 5.141279960050648e-08 -6.284970812128851e-08  3.250360527567421e-07   -0.01133200060670378     0.1186034670016761

cov:
0.05503301233267632 0.05741222826435353  0.0582414980055871 0.06007073496263277 0.06130982186997547
0.05741222826435353 0.06299837165247273 0.06494669605583747 0.06923998040938205  0.0721497562673236
 0.0582414980055871 0.06494669605583747 0.06728618826432367  0.0724390421502781 0.07593199997624077
0.06007073496263277 0.06923998040938205  0.0724390421502781 0.07948666790471691  0.0842636760499727
0.06130982186997547  0.0721497562673236 0.07593199997624077  0.0842636760499727 0.08991176806188093

cov.inverse():
 788472.8635936979 -1441966.113076922  99932.16704416687  295039.8902274526  258555.4510999295
-1441966.113094441  4008409.822031809 -1491934.583814796  -1611236.27289692   536694.617618222
 99932.16707066019 -1491934.583884288  1769126.056613197 -192561.3524041598 -184530.4501932728
 295039.8902169819 -1611236.272813666 -192561.3524885287   4049068.58750143 -2540339.032513764
 258555.4511014271  536694.6175869388 -184530.4501519021 -2540339.032525348  1929632.801921298

cov*(cov_.inverse()):
    0.9999999999854481   2.91038304567337e-11  3.637978807091713e-12  -2.91038304567337e-11   2.91038304567337e-11
-3.637978807091713e-12                      1 -7.275957614183426e-12  -2.91038304567337e-11                      0
-3.637978807091713e-12                      0     0.9999999999763531 -5.820766091346741e-11   2.91038304567337e-11
-7.275957614183426e-12  3.637978807091713e-11 -3.274180926382542e-11     0.9999999999708962  5.820766091346741e-11
                     0  1.455191522836685e-11  7.275957614183426e-12                      0      1.000000000029104
