5
2

0.0002099430233619626
0.0005371590477737156
0.0007140462102071702
  0.09641455705758172
   0.5647990507647671

   -0.3203596539909823     0.7795140693025884    -0.5353405408023586    0.02736727582582016     0.0488778624881431
   -0.4734927546325282     0.2856626688554385     0.6745141240502148     -0.489108047486028   0.002337792562497246
    -0.405898856668046 -0.0004017316878891975     0.2299861516083049     0.7073340867002544    -0.5310657366348754
   -0.5881687279320451    -0.3662707748531183    -0.1084445922557314     0.2091755576929732     0.6814606543635644
    0.4030855604504473     0.4202382817900516     0.4402128375105607     0.4647025133932777     0.5011846458256323

0.3996516166412021
0.3996586308151976
0.3996280574411089
0.3996325980558594
 0.399536684082977

0.0006993391759265768
   0.3999244738563482

  0.387486898514548   4.771328856733589  -3.626286389168521  0.8370543610315522  -2.369031958744815
  1.497667912312203 0.06909405234924995 -0.4412915402302598 0.07756328461344314 -0.2028893628846173

 2.399323173794755e-07 -4.851541866436839e-07  4.369496097239068e-07   -0.02808776923380663    -0.0744520791442531
-8.704382639415786e-09 -2.958877493513615e-07 -2.787974562571857e-07  -0.009113287716741308     0.1189291076393095

cov:
0.05504609551199206  0.0560382263805237 0.05719688259307351 0.05860932084392681 0.06071830002803413
 0.0560382263805237 0.05758222644088113 0.05938206722726325 0.06158353508607598 0.06486617355990017
0.05719688259307351 0.05938206722726325 0.06192725960015423 0.06504590241997765 0.06969282967235318
0.05860932084392681 0.06158353508607598 0.06504590241997765 0.06929416400035476   0.075620062058376
0.06071830002803413 0.06486617355990017 0.06969282967235318   0.075620062058376 0.08444483148191564

cov.inverse():
 3428652.964450245 -6134197.008544389  2601075.687451654  40591.71352876681  63639.60444333985
 -6134197.00862688  14069043.68574921  -8800234.40735455 -787.7595760415102   867143.573274856
 2601075.687590152 -8800234.407547312  8182697.647354629 -1156717.789497213 -827755.1472592985
 40591.71348010554  -787.759475367267 -1156717.789552528  1827380.216052338 -710348.1562822675
 63639.60443598226   867143.573284467 -827755.1472582445 -710348.1562855752   607423.747879749

cov*(cov_.inverse()):
     1.000000000023192  3.637978807091713e-11                      0  7.275957614183426e-12  1.455191522836685e-11
 2.637534635141492e-11     0.9999999999054126  7.275957614183426e-11  1.455191522836685e-11 -7.275957614183426e-12
 3.637978807091713e-12 -5.093170329928398e-11      1.000000000058208  7.275957614183426e-12                      0
-6.366462912410498e-11  8.731149137020111e-11  5.820766091346741e-11                      1                      0
 1.818989403545856e-12  1.455191522836685e-11  1.455191522836685e-11                      0                      1
