5
2

0.0001467753453502844
0.0002742015056851612
0.0006589661516525155
    0.100207085162674
   0.5645465820571988

 -0.1550413383068642    0.582510282577293  -0.7272893813700327   0.3270372916626514 -0.02721616644740027
 -0.4557070270010368   0.5925416221432949   0.3088591200031552  -0.5739268720219824   0.1282166959939653
  0.5226274001551637 -0.03533888231272317  -0.4115389731764499  -0.5638751052366764   0.4881519264072841
 -0.5778277375762654  -0.3643734686970145  -0.1153546589947069   0.1767260934201734   0.6991482471907227
  0.4015831112639595   0.4189980136302665   0.4393007807213191    0.463106153092131   0.5056868441508997

0.3994752040074973
0.3995232979819033
0.3995371524011818
0.3995426812358156
0.3995661474537029

0.0002005944110182221
   0.3996915199058982

 0.1596468104759203   1.918387112608658    3.78750477494222  -4.640919455670453  -1.224832752996365
  1.474022912065352 -0.1971529410779488   0.236512279508095 -0.4047326387910296 -0.1086671010289426

-6.778079283625173e-08  3.564050356447878e-07   2.06666469271911e-07   -0.02916718040774115   -0.07548857381471251
-1.389084440562787e-08 -3.737827078896544e-08  3.713461546173888e-07  -0.009586361353499528     0.1181947684347307

cov:
0.05475132653691708 0.05574157794604498  0.0568951862157698 0.05824729983209021 0.06066618976229252
0.05574157794604498 0.05728623401247297 0.05908632283232527 0.06119659244520858 0.06497137077747116
 0.0568951862157698 0.05908632283232527 0.06164056492148461 0.06463523871691658 0.06999169240022683
0.05824729983209021 0.06119659244520858 0.06463523871691658 0.06866726699843102 0.07587888036458017
0.06066618976229252 0.06497137077747116 0.06999169240022683 0.07587888036458017 0.08640944172581584

cov.inverse():
  4506902.42799574 -7826148.111853825  2866873.181127249  446288.6143578878    6223.7015555101
 -7826148.11262062  20423427.57322315 -17197879.93290746   4365686.59914773  234810.1287337735
 2866873.182687303 -17197879.93508315  26212004.51977961 -12863981.99345755  982873.5469068456
 446288.6134866293  4365686.600665538 -12863981.99407346  10077868.97991495 -2025760.298112724
 6223.701633498853  234810.1286249011   982873.546907064 -2025760.298082056  801844.5063952922

cov*(cov_.inverse()):
     1.000000000005343   3.54702933691442e-10 -2.619344741106033e-10  1.455191522836685e-10  1.455191522836685e-11
 8.168399290298112e-11     0.9999999999326974  1.527951098978519e-10  -2.91038304567337e-11  2.182787284255028e-11
 3.541344995028339e-11 -3.637978807091713e-12      1.000000000189175 -5.820766091346741e-11   2.91038304567337e-11
 1.597300069988705e-11  2.146407496184111e-10  2.473825588822365e-10                      1  1.455191522836685e-11
 3.012701199622825e-11  6.184563972055912e-11 -1.455191522836685e-11 -8.731149137020111e-11                      1
