5
2

0.0004694132498014026
 0.000547388956427668
0.0007186398000671705
  0.09247896584638023
   0.5810981385391849

 0.2103428915330592 -0.6728875123814284  0.2546635549368683  0.5603249325448146 -0.3523644525462383
-0.3008513873292558  0.4976296751289433 -0.3451380950710379  0.5897733964864759 -0.4414750109583387
 0.3775380309642291  -0.209732533941336 -0.7800401181363394  0.2123974291904543  0.3998775381955467
-0.7577831104910883 -0.2722030599405406 0.04938456044856775  0.2667515096828485  0.5273282174174647
 0.3853233750418963  0.4260338724535269   0.452906997522449  0.4710990075564393  0.4929117698362588

0.3996249781572602
0.3995854336392816
0.3995775730424727
0.3995353791464267
0.3994656216189026

0.0008009116403446641
   0.3999109410792452

  2.368831909264234 -0.6232466302841696  0.7988919053437525  0.5019561322829594   -3.04621704332814
  1.520113469948013 -0.3992698711389786 0.07286519105886086 0.05015463969697689  -0.243728741188512

 5.455236073655817e-07  1.025735351874085e-07 -3.664825730098111e-07   -0.02615667963036439   -0.08643783333515113
  1.58860273068853e-07 -1.629968601207439e-07   2.65448595510672e-07  -0.009876107245715719     0.1189038102708015

cov:
0.05504717626754703 0.05719699475455847 0.05860941893851444 0.05956786017310321 0.06071734086782114
0.05719699475455847 0.06192354173179242 0.06504068615823876 0.06715176809426732 0.06968311838133139
0.05860941893851444 0.06504068615823876 0.06928673098967222 0.07216025974277671  0.0756062387316687
0.05956786017310321 0.06715176809426732 0.07216025974277671 0.07555041814385928 0.07961455055438077
0.06071734086782114 0.06968311838133139  0.0756062387316687 0.07961455055438077 0.08442057503148145

cov.inverse():
 778925.4924901354 -1295279.696908561  19398.52945200245  97959.49789965217  399182.2202026389
-1295279.696899336  2966463.212808911 -1034096.215906803 -817861.4999202903  180422.0445234801
 19398.52944589174  -1034096.21589164  1870054.011767117 -352558.9444505143 -502693.8779750792
 97959.49788255243 -817861.4999026062 -352558.9444341287   2673067.65484864 -1600511.779017115
 399182.2202166238  180422.0444998569 -502693.8779824108 -1600511.779000142  1523587.888652247

cov*(cov_.inverse()):
                     1 -1.818989403545856e-12 -1.455191522836685e-11   2.91038304567337e-11 -1.455191522836685e-11
 3.637978807091713e-12      0.999999999996362                      0   2.91038304567337e-11                      0
 3.637978807091713e-12  1.637090463191271e-11                      1                      0 -1.455191522836685e-11
 1.091393642127514e-11  1.818989403545856e-12  1.455191522836685e-11                      1 -1.455191522836685e-11
 7.275957614183426e-12 -3.637978807091713e-12 -7.275957614183426e-12                      0                      1
