5
2

 0.000249267119845845
0.0004926022541084911
 0.000725296238272104
  0.08957705354981556
   0.5626242393390299

 -0.2750369011566862    0.716226584742654  -0.6269941602934636  0.07064490556705968   0.1151599000751395
 -0.5076818477783061   0.4084735223568245   0.6229471170153941  -0.4202847340848282  -0.1034705497582143
  0.3520185758461273 0.004111097630617003  -0.1364420274866621  -0.7553320739681794   0.5356519880536176
 -0.6152730736088216  -0.3770781286595673 -0.01740202614631629   0.1868939099716334   0.6663474811838568
  0.4051367813340942   0.4218578488118393   0.4470972544999965   0.4614262281915817   0.4950656772202586

0.4000518868698117
0.4000456952042422
0.4001063319451628
0.4000547356690377
0.3999856373879345

0.0005807672157246691
   0.4003036163704389

  0.3265082054275795   0.9477104501128172    2.791883308338106  -0.1333537135890447   -3.932893937631648
    1.46578957666521  -0.2507097089309224   0.1418709696433121 -0.02119692486076488  -0.3357622510599735

 -1.00896661617172e-07  5.880872545454832e-07 -1.193109402094796e-06   -0.02609768809256418   -0.07225187441667005
-4.422874361224213e-08 -1.733868277207783e-07  1.745219410195488e-07  -0.008324857736548357     0.1188650462347651

cov:
0.05499426421215649 0.05596249002833974 0.05742355994003061 0.05825256800555875 0.06019978646896641
0.05596249002833974 0.05747480773730951 0.05975690472886491 0.06105214851831432 0.06409363082737612
0.05742355994003061 0.05975690472886491 0.06327883021278741 0.06527809765315266 0.06997198848631823
0.05825256800555875 0.06105214851831432 0.06527809765315266 0.06767775233242004 0.07330968461436607
0.06019978646896641 0.06409363082737612 0.06997198848631823 0.07330968461436607 0.08114525956552626

cov.inverse():
 2515220.608698564 -4022199.946805377  1380775.346892941  61143.58065544498  65113.37418476352
-4022199.946806445  8943671.867530212 -6179865.611279482  100939.6254737425  1157440.481530431
 1380775.346887814 -6179865.611211756   7961602.29260297 -1595918.665603887 -1566637.491606754
 61143.58066507525  100939.6253743047 -1595918.665470195   1892803.16510593 -458950.0159293396
 65113.37418132633  1157440.481561075 -1566637.491677846 -458950.0158854536  803039.4830863987

cov*(cov_.inverse()):
    0.9999999999890861  -1.01863406598568e-10 -5.820766091346741e-11  1.455191522836685e-11                      0
-9.094947017729282e-12     0.9999999998981366  8.731149137020111e-11 -3.637978807091713e-12 -7.275957614183426e-12
 2.728484105318785e-12 -7.275957614183426e-11      1.000000000014552 -3.637978807091713e-12 -7.275957614183426e-12
-5.456968210637569e-12 -1.455191522836685e-10                      0     0.9999999999854481 -7.275957614183426e-12
-1.818989403545856e-12 -5.820766091346741e-11 -1.455191522836685e-11                      0                      1
