6
2

0.0001013586288655709
0.0001604960782805058
0.0003452527084063826
0.0006537737479493541
   0.1131532146240691
   0.6307582844458056

-0.03641203915905123   0.1974799772590661   -0.585313918944687   0.7209378077027139  -0.3116223130408254  0.01495492278621138
  0.2621716765723806  -0.7334382332679033   0.3792363801272862   0.3837582174383296  -0.3186222445505454  0.02690044234141098
 -0.5403150903562767   0.3416600080768674   0.5096476081768601  0.05383059054317372  -0.5444550868021915   0.1796059115697466
  0.4014383328756861  0.02418674944049914  -0.2493445204742738  -0.3922443517982158  -0.4392536983129652   0.6552023604656246
 -0.5913639512142705  -0.4081069598018061  -0.1941511492181928  0.06073851347106757   0.3430098658347275   0.5698225888328711
  0.3565609634312635    0.373098064798464   0.3924020146786708   0.4153742613100337   0.4408406494486424   0.4613095675482717

0.3998108044994565
0.3999165250618201
0.3999983799308777
0.4000833048087221
0.4001602367425081
 0.400262963854133

-0.0005752185765497665
    0.3999242133657434

  0.312768053638367 0.09737764839049592  -1.188601127116593    9.56477852117732  -8.491663935945791 -0.2945357493274271
  1.466380436707291 -0.3297454890599915 -0.2287698982016665  0.9012610895846511  -0.792002852017005 -0.0170905796202788

 1.052110724467873e-07  1.527016147812325e-07  5.177803988857991e-07  8.957333567966699e-08   -0.03192640280458126   -0.08949260849348505
 9.366348887179208e-09  2.929543865503771e-08 -6.495231046815034e-08  2.653877936711256e-07   -0.01171328209335479     0.1302526512323629

cov:
0.05505939780961799 0.05601766963946392 0.05713608508446335 0.05846500369881984 0.05994043909816334 0.06112696254172648
0.05601766963946392  0.0575149116542466 0.05926238357943645 0.06134048609265431 0.06364574463499739   0.065499016477088
0.05713608508446335 0.05926238357943645 0.06174430090884307 0.06469708054774044 0.06797116600719276 0.07060287114679108
0.05846500369881984 0.06134048609265431 0.06469708054774044 0.06869170643206939 0.07311976476140697 0.07667865422052035
0.05994043909816334 0.06364574463499739 0.06797116600719276 0.07311976476140697  0.0788260725883886 0.08341199355265545
0.06112696254172648   0.065499016477088 0.07060287114679108 0.07667865422052035 0.08341199355265545 0.08882385663572005

cov.inverse():
 5623642.117093993 -9690719.931641033  3389971.149123996  738252.2186043967 -83056.52476108073  22004.12128889259
 -9690719.93228369  25659922.38071046  -20602322.8881693  3063275.183502225  1496683.309594315  73387.79000030475
 3389971.151295796 -20602322.89243132  41254768.94591074 -34964974.04222167  10991455.21413424 -70295.59786182524
  738252.216039174  3063275.190018617 -34964974.04678583  56692618.62754924 -26457404.03036413  930043.4197189509
-83056.52354807775  1496683.306034368  10991455.21712088 -26457404.03077443  16331689.48265363 -2280054.460397591
 22004.12111187437  73387.79066342799 -70295.59837463344  930043.4195162329 -2280054.460168169  1324887.395017148

cov*(cov_.inverse()):
    0.9999999999909051  2.246451913379133e-10  2.692104317247868e-10 -9.458744898438454e-11   2.91038304567337e-11 -1.455191522836685e-11
 1.227817847393453e-11      1.000000000336513  5.184119800105691e-10 -1.527951098978519e-10  1.455191522836685e-10  1.455191522836685e-11
 4.911271389573812e-11  5.366018740460277e-11      1.000000000241016 -2.037268131971359e-10 -5.820766091346741e-11  1.455191522836685e-11
 7.435119186993688e-11 -4.001776687800884e-11  3.201421350240707e-10                      1                      0                      0
 9.822542779147625e-11 -2.801243681460619e-10   5.20230969414115e-10   4.94765117764473e-10     0.9999999998544808                      0
-2.887645678129047e-11   8.36735125631094e-11 -1.000444171950221e-10 -7.275957614183426e-11 -1.455191522836685e-10                      1
