5
2

0.0004206707889459384
0.0006124024518110028
0.0007223843648161343
  0.08177850246746692
   0.5999099140969839

  0.1297652149328649  0.05435364442288815   0.0669991119287098  -0.8126447700046443   0.5615391946393771
 -0.3742720646685375   0.1248160328813902   0.8206957935405904  -0.2238235938025066  -0.3474230747469328
  0.3307015703619809  -0.8669222843155289    0.348481793874621  0.09064340973239904  0.09708983431480238
 -0.7645308637272005  -0.2087770297873427 -0.01350794100850478   0.2477775162801125   0.5570714031410023
  0.3862776726279146   0.4316532683346926   0.4476019530042084   0.4689366176143339   0.4941821080253571

0.4001506785818668
0.3999001858567005
0.3997962715622577
0.3996401579898637
0.3994424869030317

0.002115376976499661
  0.4007074176614005

     1.3575791442411    1.090717194588788    1.017652413886986   0.5450539353311415   -4.011093153991895
   1.638698953604431 -0.06372736722987046  -0.1036299675496689  -0.1606613728238883  -0.3107280281130328

-4.232425437489987e-07  6.506019572746905e-07 -2.515322051929827e-07   -0.02259639592687022   -0.09929322627499942
 2.801583818110602e-08 -2.109237596412097e-07  2.694372569488824e-07  -0.009704135953478825     0.1188375605504979

cov:
0.05760876635384257 0.06107496863303624 0.06229383335832513 0.06392387714313297 0.06585209931162309
0.06107496863303624 0.06734859714836818 0.06955304140902928 0.07250259120553315 0.07599259578164812
0.06229383335832513 0.06955304140902928 0.07210498348347848 0.07551776610038519 0.07955655835206249
0.06392387714313297 0.07250259120553315 0.07551776610038519 0.07955151224421099 0.08432443902748338
0.06585209931162309 0.07599259578164812 0.07955655835206249 0.08432443902748338 0.08996684310761803

cov.inverse():
 678325.0416833978 -634069.1527884882 -549049.8569417356 -315119.0618955544  819948.6096218417
-634069.1527868066  1498444.368704716 -285211.4110573201 -474682.3115616841 -104462.2014368668
-549049.8569300984 -285211.4110696845  2054016.032668651   -736933.48260828 -482832.3542071582
-315119.0619211845 -474682.3115316942 -736933.4825891769  3881119.847236162 -2354442.616914996
 819948.6096341544  -104462.201452812 -482832.3542269894 -2354442.616891532   2121821.14253097

cov*(cov_.inverse()):
     0.999999999992724 -1.818989403545856e-12 -4.365574568510056e-11  5.820766091346741e-11  -2.91038304567337e-11
-7.275957614183426e-12      1.000000000006366 -7.275957614183426e-12  -2.91038304567337e-11  -2.91038304567337e-11
                     0  3.637978807091713e-12     0.9999999999781721                      0                      0
 1.455191522836685e-11 -7.275957614183426e-12 -4.365574568510056e-11      1.000000000029104                      0
                     0  5.456968210637569e-12 -7.275957614183426e-12                      0                      1
