5
2

 0.000267688790083447
0.0004182440593924184
0.0007021246509177065
   0.0892901291554478
   0.5916237758476632

  0.5449965375375347   -0.816202889624449  0.09407156335633515   0.1668400861924969  0.01032199824514392
  0.1769715336572099 -0.02929305320172415   0.0535628747653422  -0.7878937466020104   0.5866663922720096
  0.3440671440033223   0.1645223716597134   -0.884805815875604   0.1668818934505727   0.2093305793999506
 -0.6303959391769293   -0.362391743526684   -0.111426493316493   0.3120010592167619   0.6012592283929913
  0.3948146535195312   0.4178030318822175   0.4392998568113399   0.4755981522153945   0.5003839019504099

0.3994189879866617
0.3993166388679841
0.3992879363864664
0.3991010431052355
0.3989639305183456

0.001489016379927889
  0.3998403391378905

  1.537798117540987  0.7914236049945461  0.4863186520186267  0.4812732363239478    -3.2967312008358
  2.492972044996851  -1.274175069972307 0.02821831478478906 0.02708005938374017 -0.2740334173381639

 2.036127420766758e-08 -3.565492275132051e-07 -1.877144533539969e-07   -0.02505388172254777   -0.09425808531959158
 1.721917841796188e-07  5.211433483314396e-08  2.811495545484594e-07   -0.01011953790859755     0.1190278128808124

cov:
0.05772886667258165 0.05955861600906634 0.06126783127302295 0.06415600273203556  0.0661274470300187
0.05955861600906634 0.06214614535360719  0.0645645765122284 0.06864949533097889 0.07143840162834901
0.06126783127302295  0.0645645765122284 0.06764751013198009 0.07285222303671703 0.07640638242431917
0.06415600273203556 0.06864949533097889 0.07285222303671703 0.07994821561893191  0.0847935975061533
 0.0661274470300187 0.07143840162834901 0.07640638242431917  0.0847935975061533 0.09052142110014896

cov.inverse():
 4564250.157757827 -6122491.416265999  152131.7484615708  588269.5606745057  818076.6543172584
-6122491.416151572  9356679.867099861 -1375760.767622097 -1712751.087039339 -145979.7873465848
 152131.7483929268 -1375760.767557824  1727962.164294807 -321750.9831210499 -182529.7068383799
 588269.5604624229 -1712751.086710476 -321750.9831992064   3993712.77997835 -2547485.520304134
   818076.65448356 -145979.7876253025 -182529.7067645907 -2547485.520265498   2057956.40672763

cov*(cov_.inverse()):
    0.9999999999781721 -1.091393642127514e-11 -7.275957614183426e-12                      0   2.91038304567337e-11
-3.637978807091713e-11      1.000000000112777 -7.275957614183426e-12                      0   2.91038304567337e-11
-4.365574568510056e-11  4.365574568510056e-11      0.999999999996362  -2.91038304567337e-11   2.91038304567337e-11
 -2.91038304567337e-11  2.364686224609613e-11 -2.000888343900442e-11                      1                      0
-4.365574568510056e-11  2.546585164964199e-11                      0                      0                      1
