5
2

0.0003632414123138975
0.0004093943248019321
 0.000709938559694343
    0.097165903337447
   0.6322322059527187

  0.1699502898959827  -0.7383577679418527   0.4016969942505463   0.4373575368395776  -0.2707445572193293
 0.04530872970060791   -0.152869566153025   0.6324829208421169  -0.7297768018236316   0.2048638306783308
  0.5588324924550624  -0.4150937320361687  -0.4870577054212025  -0.1593342252384755   0.5027830896701239
 -0.7215428257365081  -0.2916156348573897 -0.01351580867678833   0.1739186072315825   0.6032461463692382
  0.3689799642010755    0.417272353978931   0.4485498792316712   0.4695839937816991   0.5177175361607309

 0.397654588954867
0.3953600352501376
0.3938931484726302
0.3928485865124013
0.3904586189895409

0.01535438347395548
 0.3998164715693576

 0.3674107050055807  0.4434166058254191   1.815987269317911   1.743883649563241  -4.371442399809935
  1.335361850153268 -0.3325986988422662  0.1924239113229791  0.2074428779052704   -0.40250573266207

 3.180864911490889e-07  -1.79462233617466e-07 -1.682886843407679e-06   -0.02598898006148852    -0.1235602890543956
 9.889504345943448e-08 -1.329534677246023e-10  2.798056320822949e-07   -0.01015744585482248     0.1316177304870811

cov:
0.05933551674063023 0.06352899059292542 0.06624757178252021  0.0680730811283944 0.07224768580081027
0.06352899059292542 0.07040035035489797 0.07485138078976362 0.07784360108939024 0.08468972667535751
0.06624757178252021 0.07485138078976362 0.08042390463156511 0.08417103903547404 0.09274617336903168
 0.0680730811283944 0.07784360108939024 0.08417103903547404 0.08842707287983902 0.09816653400993602
0.07224768580081027 0.08468972667535751 0.09274617336903168 0.09816653400993602  0.1105727339690857

cov.inverse():
 850822.3896468274 -1452583.375827149  148352.8343016597  189376.6978205427  264073.4981140647
-1452583.375768011  4613137.289335731 -2423638.401496141 -1650603.015035555  914127.8499261749
 148352.8342520221 -2423638.401438341  4080405.893205693 -1268460.089603842 -537045.3900192109
 189376.6977686066 -1650603.014936141 -1268460.089636521   4677668.75912652 -1948388.288735214
 264073.4981565117  914127.8498280748 -537045.3899783609 -1948388.288720415  1307560.082797843

cov*(cov_.inverse()):
     0.999999999992724                      0  3.637978807091713e-11   2.91038304567337e-11                      0
 3.637978807091713e-12     0.9999999999708962  4.365574568510056e-11  -2.91038304567337e-11  1.455191522836685e-11
-2.182787284255028e-11 -1.455191522836685e-11      1.000000000014552  -2.91038304567337e-11 -1.455191522836685e-11
 -2.91038304567337e-11                      0  3.637978807091713e-11                      1 -1.455191522836685e-11
-1.091393642127514e-11  1.455191522836685e-11  1.455191522836685e-11                      0                      1
