6
2

0.0003666960099478932
0.0004597862117734029
0.0006652845368229233
0.0008282323997666709
   0.1018527410786686
   0.6450405125867028

  0.1727771793371158  -0.6895479123973671   0.1670075584807035   0.1840527382871883   0.5406612017881312  -0.3749536673097889
  0.1872035966286412  -0.4976879326821073   0.2581268086501029   0.3354294629438288  -0.6405573165556667   0.3574989305218167
 -0.1824232267509799    0.167115879172675  -0.4122441971673352   0.8184373352111165 -0.08912274896934752  -0.3017718262539372
  0.4770749282791207  -0.1771658354564403  -0.7521635809073983 -0.07876020202304507   0.1470334803507489   0.3839787928314375
  -0.745535186740155   -0.260477469740123  -0.0914967773201963  0.06814764507736172   0.2809385829738191   0.5332790300557462
  0.3440950801612349   0.3868674651662933   0.4017611669448216   0.4158421843661698   0.4346074009456953   0.4568498546399853

0.4001888327306598
0.4000229473260545
 0.399887487565183
0.3997893599552417
0.3996472744601202
0.3994631366056095

0.001969069511427707
  0.4006356050224025

  -0.152030398490723    3.329429676621146   0.2402744898471694   0.4097414831498796  -0.1050256821933869   -3.722415921328895
   1.290396651132368 -0.07078469799624842  0.02592427236120416  0.05125460892484618  0.01180058069267395  -0.3086083047569607

-1.166595477000419e-07 -5.812538989572065e-07  8.644537206310727e-07 -1.591557064529601e-06   -0.02865865068378497    -0.1013457077653958
 5.481068892764068e-08  3.864317130708104e-08 -5.483345090156389e-08   3.34654348866396e-07   -0.01145014127657516     0.1300262239583223

cov:
0.05503041698342082 0.05740233807080326 0.05822765481989242 0.05900904376373971 0.06005001845046597 0.06128294322785321
0.05740233807080326 0.06297681022914041 0.06491745152626069 0.06675263740964438 0.06919818732018387 0.07209654689972053
0.05822765481989242 0.06491745152626069 0.06724720641341167 0.06944894157642705 0.07238383006398674 0.07586239309731928
0.05900904376373971 0.06675263740964438 0.06944894157642705 0.07199855202756678 0.07539539014372247 0.07942218807565928
0.06005001845046597 0.06919818732018387 0.07238383006398674 0.07539539014372247 0.07940909462356113 0.08416646781808562
0.06128294322785321 0.07209654689972053 0.07586239309731928 0.07942218807565928 0.08416646781808562 0.08979063790800061

cov.inverse():
 794813.3151636006 -1518800.210167703  89974.36222140558  141417.0192427025  266442.8371873933  226180.3654647288
-1518800.210158753  4816559.158460468 -1425495.822315182 -1404141.351436021 -1336161.675029035  868027.8607771767
 89974.36221521889 -1425495.822312577  1731315.699977046 -37779.13747327241  -188840.338187289  -169146.738183644
 141417.0192759739 -1404141.351518628 -37779.13748006347  2306596.455934413 -457999.7977246867 -548090.6031001047
 266442.8371132241 -1336161.674837864 -188840.3381979324 -457999.7978327166  4164266.233741408 -2447762.009742751
   226180.36550286  868027.8606749597 -169146.7381697915 -548090.6030482006 -2447762.009744421  2070818.385811882

cov*(cov_.inverse()):
     0.999999999994543                      0 -1.091393642127514e-11  7.275957614183426e-12  5.820766091346741e-11 -1.455191522836685e-11
   1.2732925824821e-11     0.9999999999199645 -2.182787284255028e-11  2.182787284255028e-11  5.820766091346741e-11                      0
-3.637978807091713e-12  1.455191522836685e-11      0.999999999994543  1.455191522836685e-11   2.91038304567337e-11                      0
 1.091393642127514e-11 -1.455191522836685e-11 -1.455191522836685e-11     0.9999999999854481  5.820766091346741e-11   2.91038304567337e-11
-1.818989403545856e-11  4.365574568510056e-11 -2.182787284255028e-11                      0      1.000000000029104   2.91038304567337e-11
                     0  -2.91038304567337e-11  1.818989403545856e-12 -1.455191522836685e-11   2.91038304567337e-11                      1
