7
2

0.0001143781531336633
0.0003511568671899348
0.0003953686262465829
0.0004191965526299514
0.0007672796770472096
     0.10439418430407
   0.7543380791388338

 0.03088511485336073  -0.6350555666258405   0.7648198738440362 -0.05618095286078337 -0.06061427300611469  -0.0607135355181876  0.01686933904148708
 0.03785548144416048  -0.1719510283508112 -0.07724081179434142   0.0596469836006172  -0.1740395349649064   0.8247424197831404  -0.4989850518741792
  0.1010321465946428  -0.3683418743028947  -0.2400730637376315  0.09428946929402603   0.8276993886851248  -0.1164992362632633    -0.29821609439756
 -0.1010037651837576   0.3172670257592908   0.2454715264031907  -0.8358634205982347   0.3082469712198772   0.1614757849132113 -0.09552654728450351
   0.632145140656699  -0.3466473784625651  -0.3496276059456162  -0.3779324247624581  -0.1167059007175263   0.1288538787536176    0.430037377783511
 -0.6946572698854532  -0.2977574005947823  -0.1994742285698547 -0.04115014128912713   0.1318666594359546   0.3015075591655603   0.5282166995560644
   0.308297933041595   0.3492553428991236   0.3593934343538527   0.3757679126191132     0.39360461601472   0.4110440075564232   0.4344262368133089

0.3977084501478838
0.3954205036382155
0.3949120939701085
0.3939594205620034
0.3929191030831115
0.3919094501613432
  0.39053826252415

0.01530395326527983
 0.3998636405487223

 0.5121310050990422  -4.583854360960306   6.444452144625263   1.070226871921796  0.9507540619598132  0.1107576035359274  -4.505025171318895
  1.358260172177776  -1.182397493553057   1.091620433302032 0.08697809479309401  0.1261621024891137 -0.1243053299074321 -0.3561881602446683

 1.001479349046079e-07  3.141307584328792e-07  3.769483362601216e-07 -1.359515576158317e-08 -1.636003961231872e-06   -0.02769527880879909    -0.1491699703429119
  2.11507222614834e-08  2.822072800428413e-08  8.503823930924068e-08 -4.643078318382627e-08  3.944674857463923e-07   -0.01113544150102799     0.1562661864307309

cov:
  0.059343683668227 0.06352372109477618 0.06455819440554159 0.06623218679462599 0.06805153895387481 0.06982674440493944 0.07221248916037269
0.06352372109477618 0.07037572483071969 0.07207156831434558 0.07481192389922986 0.07779524048177269  0.0807105536175609 0.08462171923824811
0.06455819440554159 0.07207156831434558 0.07393119855201589 0.07693560440777938 0.08020713407129536 0.08340474946846591  0.0876936175320292
0.06623218679462599 0.07481192389922986 0.07693560440777938 0.08036599261187023 0.08410205842183938  0.0877548617271086 0.09265277770605274
0.06805153895387481 0.07779524048177269 0.08020713407129536 0.08410205842183938 0.08834575365863535 0.09249529860017346 0.09805801977636572
0.06982674440493944  0.0807105536175609 0.08340474946846591  0.0877548617271086 0.09249529860017346 0.09713183162384643  0.1033456328574822
0.07221248916037269 0.08462171923824811  0.0876936175320292 0.09265277770605274 0.09805801977636572  0.1033456328574822  0.1104309555637735

cov.inverse():
 886710.8271535512  -2344668.66302904  1110226.400312154  21250.37999720741  35942.53001202525  80084.75862991558  210527.5441844706
-2344668.663023253  32712096.55355028 -35804085.14813676  1135239.021574958  1859945.135185042  2287326.461721022  153937.5698234783
 1110226.400192474 -35804085.14591511   45680461.8890246  -4409790.69998772 -4205905.501715205 -3738081.191631984  1367936.764646194
 21250.38008799176  1135239.020335288 -4409790.698777211  4545505.956381797 -715915.8855089655 -261407.4947747822 -315374.0477364033
 35942.53004425809  1859945.133849653 -4205905.500289774 -715915.8854396202  5473015.589321218 -1241882.170341823 -1205772.078617693
 80084.75870860384  2287326.460069761 -3738081.189716163 -261407.4950373521 -1241882.170283649  6061308.487539833 -3187040.064773822
 210527.5440966474  153937.5718342292  1367936.762196085 -315374.0474815601 -1205772.078484223 -3187040.064634989  2975932.530561072

cov*(cov_.inverse()):
     0.999999999998181 -3.819877747446299e-11  4.511093720793724e-10  3.274180926382542e-11 -5.820766091346741e-11 -8.731149137020111e-11  5.820766091346741e-11
 7.275957614183426e-12      1.000000000194632  3.783497959375381e-10  1.091393642127514e-10 -7.275957614183426e-11 -5.820766091346741e-11  5.820766091346741e-11
 7.275957614183426e-12  1.582520781084895e-10      1.000000000480213 -4.365574568510056e-11 -1.164153218269348e-10 -1.164153218269348e-10  8.731149137020111e-11
                     0 -1.364242052659392e-10  2.037268131971359e-10     0.9999999999708962 -1.455191522836685e-10 -5.820766091346741e-11  5.820766091346741e-11
-7.275957614183426e-12 -3.528839442878962e-10  4.656612873077393e-10 -5.456968210637569e-11     0.9999999998544808 -1.164153218269348e-10  5.820766091346741e-11
-1.455191522836685e-11 -1.800799509510398e-10  1.164153218269348e-10 -2.182787284255028e-11 -4.365574568510056e-11     0.9999999999417923  1.164153218269348e-10
-1.091393642127514e-11    1.2732925824821e-10 -2.037268131971359e-10  2.182787284255028e-11  -2.91038304567337e-11                      0                      1
