5
2

0.0003535285631999101
0.0006449030681218803
0.0007754601358101736
   0.1069887670238661
   0.5759246861354056

 -0.5319665690302321   0.8065837213053625  -0.1635819543621538  -0.1849639498600566  0.07391584010630858
 -0.2304037622245773  0.03570425624795559  -0.2228110573942911   0.8446888360089037  -0.4271947043951991
 -0.3538494068828548 -0.04121042410991566   0.8481036064376117 -0.06653636610135133  -0.3865041822889846
 -0.6213098664638208  -0.4228710998001891   0.0235672699679003   0.1759318277752356   0.6353319278537892
   0.390756091277314   0.4094259890498324   0.4513989736847805    0.465735989092298   0.5089292599574009

0.3993770139824179
0.3993168432924964
0.3991653766372916
0.3990866319859354
0.3988122120015767

0.001584707179715565
  0.3997658944534196

 0.1609139134863454   1.457275621627951  0.8053312906254326   1.002913127919823  -3.426560927516008
  1.514576859666809 -0.3545539162167361 0.06731541262311735 0.08079842051678153 -0.3081481114773374

 6.490293397883269e-08  8.927198221459247e-07  1.096636867377167e-06   -0.03088059201419894   -0.08416085750260119
-1.425318651372998e-07 -7.350330864726072e-08 -2.107726416994165e-07    -0.0111153984080572     0.1186975818307668

cov:
0.05506455371551043 0.05607289720824361  0.0583378811470112 0.05911259068197721 0.06144382581572021
0.05607289720824361 0.05764791157920233 0.06118685562108568   0.062396379470827 0.06603843947206668
 0.0583378811470112 0.06118685562108568  0.0675921573073662 0.06977929292533069 0.07637024964138295
0.05911259068197721   0.062396379470827 0.06977929292533069 0.07230131658598137 0.07989850596081337
0.06144382581572021 0.06603843947206668 0.07637024964138295 0.07989850596081337 0.09053104340222672

cov.inverse():
 2600118.497207951 -3428593.338428869  320637.8075190237   358463.258102762  149449.9227455719
-3428593.338389557  5211254.907960711 -1132938.360964441 -1116610.037136249   466812.351200864
 320637.8075061435 -1132938.360954061  1529601.594888499 -304278.2294427159 -412989.9594484592
 358463.2580293571 -1116610.037042532 -304278.2294540416   1996652.06748896 -934241.7720612461
 149449.9227925443  466812.3511360797 -412989.9594396343 -934241.7720522578  730968.4213113681

cov*(cov_.inverse()):
    0.9999999999854481  4.729372449219227e-11                      0  7.275957614183426e-12                      0
 9.094947017729282e-12      1.000000000043656  1.455191522836685e-11  1.455191522836685e-11                      0
 -2.91038304567337e-11   2.91038304567337e-11      0.999999999992724                      0 -7.275957614183426e-12
-2.364686224609613e-11  4.365574568510056e-11 -1.455191522836685e-11      1.000000000014552 -1.455191522836685e-11
-5.456968210637569e-12  1.455191522836685e-11                      0                      0                      1
