6
2

0.0002272839201642682
0.0004571902123965968
0.0006613187572666439
0.0008146207191686368
     0.10689239297756
    0.626574163982912

   0.2525879308918839   -0.7098477073010021    0.6480295907493442  -0.06180851624791384  -0.07538170658076851  -0.05357727832494022
   0.4489432939069191   -0.4391311855284712   -0.5908021762708658    0.2892123334709369    0.4011901748166404   -0.1094037433768284
   0.2461041082851177  -0.05410608864974403   -0.1776295665588263    0.3968241485001341    -0.781328253588861    0.3701483370910371
   0.4371198479741816   0.04321247558838973   -0.1594292617896625     -0.76287385286244 -0.004840001560422027    0.4468123654840652
  -0.5942859442185719   -0.3955901808159776   -0.1193336474351538   0.04611556174090879    0.2024797428245068    0.6580025947115157
   0.3603227427185505     0.376820456321578    0.3997498795321833    0.4134771677357856    0.4264607018448023       0.4642647952781

0.4001782825258787
0.4000859312517228
0.3999984817454179
0.3998587643581943
 0.399754771765154
0.3994162492323328

0.002042086268745719
  0.4006332822030067

-0.03918857962702918  -0.1921415264317755    3.388090765486941    0.230366449020409   0.3995288980964137   -3.786701911119676
    1.44749927328149  -0.3823365271411686   0.2081244734723819   0.0196401385752837  0.04256808508615591  -0.3355079289829599

 1.281428447570176e-07 -2.704167300598351e-07  -9.72414951600591e-07 -1.616024405258109e-06   -0.03090905003766933   -0.08815028573461477
 4.057451220045509e-08  1.576543619245503e-07  8.322606915782495e-08  2.773410752618438e-07   -0.01079819838144463     0.1300284123185422

cov:
0.05500718526528179 0.05599152127618234 0.05735920605253061 0.05817759168983603   0.058952598537666 0.06120747219823874
0.05599152127618234 0.05753416469909153 0.05967757511600508 0.06096044403188323 0.06217447340095755 0.06570819675922245
0.05735920605253061 0.05967757511600508 0.06289953422458786 0.06482818921927229 0.06665261727549486 0.07196440622919645
0.05817759168983603 0.06096044403188323 0.06482818921927229 0.06714416659900062 0.06933358190934258 0.07571025042262051
  0.058952598537666 0.06217447340095755 0.06665261727549486 0.06933358190934258 0.07186953136209041 0.07925236335324994
0.06120747219823874 0.06570819675922245 0.07196440622919645 0.07571025042262051 0.07925236335324994 0.08956794612758741

cov.inverse():
 2625760.655624725 -4416022.082641849  1694716.113775007  39749.56122230212  50223.65787162453  5623.037268648149
-4416022.082684598  10686310.86535277 -7651967.225442644  142958.9462323967  289332.3909459678  949344.9389641405
 1694716.113871582 -7651967.225613795  9909632.047369476 -1570716.453710937 -1761093.937449802 -620567.0368300139
 39749.56125624266  142958.9461415967  -1570716.45360795  1711169.339275311 -58079.05979431851 -265061.6125205369
 50223.65776010529   289332.391242485 -1761093.937718516 -58079.05973527765  2275939.482081407 -796332.8290717461
 5623.037292400929  949344.9388868256 -620567.0367388634 -265061.6125334498 -796332.8290964211  726989.5647721993

cov*(cov_.inverse()):
     1.000000000022226  1.309672370553017e-10 -1.091393642127514e-10  1.818989403545856e-12  1.455191522836685e-11 -7.275957614183426e-12
 6.252776074688882e-13      1.000000000050932 -2.182787284255028e-11  1.455191522836685e-11  2.182787284255028e-11 -1.455191522836685e-11
-1.693933882052079e-11  8.731149137020111e-11     0.9999999999781721  7.275957614183426e-12  2.182787284255028e-11 -7.275957614183426e-12
 5.496758603840135e-11  1.455191522836685e-11  1.600710675120354e-10      0.999999999992724  -2.91038304567337e-11                      0
-5.968558980384842e-12  1.309672370553017e-10  -2.91038304567337e-11 -1.455191522836685e-11      1.000000000014552 -1.455191522836685e-11
 4.888534022029489e-11   2.91038304567337e-11 -4.365574568510056e-11 -3.637978807091713e-12  1.455191522836685e-11      0.999999999992724
