5
2

0.0001160132829239574
 0.000331201072597477
0.0003999570048029398
  0.09048988806509879
    0.638393014092557

   -0.111192783733329    0.7184468821208926   -0.6822045672665239   0.07783863739537379 -0.002883980847382484
  -0.4012563784161023    0.3613782449956816    0.3676630350771681   -0.6735651169309688    0.3457354605993587
   0.5765298169634818   -0.2444708028390023   -0.4031904469734118   -0.4349197650919335    0.5060925390806169
  -0.5867464076789102   -0.3513424596627518   -0.2382101550485673    0.3391945116515948    0.6004083064142227
   0.3872615483803872    0.4123497838146525     0.424398641067167    0.4858426298504647    0.5136524909064107

0.3974288475367111
0.3962520995797899
0.3957525750419801
0.3928093181299516
0.3914640946461457

0.0150550673947392
0.4006202796572496

   1.167880946796444   -5.363874446848746    7.748241494719283   0.5645095327746437   -4.117168232198226
   2.430225286156638   -1.938934472164569   0.9173657239898991 -0.08927587640561743  -0.3192257526508919

-1.240064623554777e-07 -1.493979716494303e-07 -5.548523086061891e-07    -0.0239667383325215    -0.1270339509852449
-3.088999922830179e-08 -1.523416142526157e-07  2.211535986882859e-07  -0.009704665139535371     0.1318806419104564

cov:
0.06393934313540471 0.06676782304397585 0.06812589518559937 0.07504928667082288 0.07818346041044602
0.06676782304397585 0.07030676247494447 0.07200610739210105 0.08067066205245595 0.08459265345705706
0.06812589518559937 0.07200610739210105 0.07386945108723414 0.08337060284740555 0.08767111365273181
0.07504928667082288 0.08067066205245595 0.08337060284740555 0.09714050215231478  0.1033723111908919
0.07818346041044602 0.08459265345705706 0.08767111365273181  0.1033723111908919  0.1104782845531537

cov.inverse():
 4464307.671858416 -8138453.830324031  2838051.570099493  253292.1982729624  583099.5745998218
-8138453.831589522   39914916.7054284 -34588705.11249997  2600689.816605634  211577.7448476114
 2838051.571569354 -34588705.11400105  36827651.80971558 -5106827.791349728  29372.25930368785
 253292.1981648796  2600689.815673587 -5106827.790138963    5768611.2999428 -3515586.047409944
 583099.5745035119  211577.7460153419  29372.25806162026 -3515586.047239281  2691510.753222376

cov*(cov_.inverse()):
     1.000000000101863   -1.2732925824821e-10  2.241904439870268e-10                      0  -2.91038304567337e-11
 5.820766091346741e-11      0.999999999661668  2.219167072325945e-10 -1.164153218269348e-10                      0
 1.236912794411182e-10 -6.730260793119669e-10      1.000000000276941 -1.164153218269348e-10  5.820766091346741e-11
 1.600710675120354e-10 -2.546585164964199e-10 -4.047251422889531e-11     0.9999999998835847  5.820766091346741e-11
  2.91038304567337e-11 -1.346052158623934e-10 -1.323314791079611e-10 -5.820766091346741e-11                      1
