6
2

0.0001896920831548396
0.0003743372071490486
0.0004687389050447442
0.0006325406253831728
   0.1071896980339709
   0.6456518300078156

 -0.1258854093497982    0.646777531464778  -0.7411703715239801  0.06067983539683454  0.08621092971964167  0.07337439644219076
-0.08759129095347286   0.2602639910776213    0.193224879064437 -0.07126838041762296   -0.794915195535208   0.5002851353656792
  -0.220513177143238   0.4069625377874388   0.3566345842376645  -0.7609624972674894   0.2759235535502356 -0.05804718096572032
  0.5218761296001688  -0.3219160244890712   -0.344927542685293  -0.4814682701921846   0.1170387923322946   0.5094414536679642
 -0.7354968236863391  -0.3176269852693535 -0.06184967277007029  0.07682222188257293   0.2816185598043301    0.518769189093766
  0.3384439331248045   0.3792178054682259   0.4041559205139623   0.4176858919145565   0.4376489551723389   0.4607704849407014

0.3979952250254924
0.3981612805872762
0.3982303494834628
0.3983620340585216
0.3983461969919515
0.3983896556700052

-0.0004559006329651649
    0.3981216225905667

  0.6858617399548578    2.568756168683963   -1.292502793246683   0.6516209651078866   0.3296330526631205   -2.943717018382605
   1.385859847527992   -0.175332789740917 -0.04363327501433628  0.05183957296253421  0.02456684994224359  -0.2432931770726964

 8.581978086541828e-08 -1.993231310779444e-07  4.375947537029482e-08 -7.193837520707802e-07   -0.03015608251322557    -0.1067470778333181
-9.647392725418969e-09 -4.489602075091235e-08 -9.031702730094831e-08  2.595548137973428e-07   -0.01236535358955868      0.127233382583269

cov:
0.05396515662702012  0.0561863137466929 0.05754326550222406 0.05828031951398487 0.05936625972112614 0.06062440091964325
 0.0561863137466929 0.06110718879550661 0.06411600943058988 0.06574872460067198 0.06815715048239755 0.07094677900291349
0.05754326550222406 0.06411600943058988 0.06813582896813017 0.07031670303766843  0.0735345034867417 0.07726142392757532
0.05828031951398487 0.06574872460067198 0.07031670303766843 0.07279514792814694 0.07645158381618332 0.08068677572641747
0.05936625972112614 0.06815715048239755  0.0735345034867417 0.07645158381618332 0.08075649666425098 0.08574201440899322
0.06062440091964325 0.07094677900291349 0.07726142392757532 0.08068677572641747 0.08574201440899322 0.09159689390923494

cov.inverse():
 1397220.617843768 -3253717.135825514  1664347.967551741 -32017.34097873358  70995.45270981881  153294.2446240834
-3253717.135883022  13121687.73269598 -12025188.75292034 -63774.28620495932  490078.0137995462  1730646.500098952
 1664347.967653841 -12025188.75303555  16409110.72662617 -2168237.373159357  -2524900.44915688 -1354902.017044849
-32017.34107463573 -63774.28586625111  -2168237.37336048  3353456.941335842 -546796.4846756161 -542698.2813330967
 70995.45284139461   490078.013146312 -2524900.448648508 -546796.4844806432  5096670.913138179 -2586066.893786605
 153294.2445438227  1730646.500471186 -1354902.017365224 -542698.2814863793 -2586066.893604927  2599745.928267523

cov*(cov_.inverse()):
     1.000000000020009 -1.164153218269348e-10 -1.891748979687691e-10  3.637978807091713e-11                      0 -5.820766091346741e-11
   1.2732925824821e-11                      1  1.455191522836685e-11 -5.093170329928398e-11                      0  -2.91038304567337e-11
 9.094947017729282e-12 -8.731149137020111e-11     0.9999999999854481 -3.637978807091713e-11                      0  -2.91038304567337e-11
-2.364686224609613e-11                      0 -8.731149137020111e-11     0.9999999999708962  -2.91038304567337e-11                      0
 4.365574568510056e-11 -1.164153218269348e-10                      0                      0      1.000000000029104 -8.731149137020111e-11
-3.637978807091713e-12  8.731149137020111e-11  5.820766091346741e-11  7.275957614183426e-12                      0     0.9999999999708962
