6
2

0.0002490093614928334
0.0004767813077611603
0.0005671083623417671
0.0007422146469727736
  0.09466398185521109
   0.6229261043780053

 -0.2290644133255381   0.6705868286491307  -0.6907132912358462  0.08438591414322075  0.08774987860398821  0.07705144644632445
 -0.4195711120645644   0.4426499067322652   0.5000008291570309  -0.2897238323360229  -0.4819606501836693   0.2485846847337259
  0.3204148200470348  -0.1869764757188929  -0.2786275723954993   0.3035823156260641  -0.6623074730954064   0.5039121007120723
  0.3562973109824302 -0.01840771536104038  -0.1611034549408715  -0.7948370000075345   0.1994795587397238   0.4185703143702595
 -0.6400655004799334  -0.4184753520426998 -0.08049816150744993    0.106028990215976     0.30904407542072   0.5495126872995423
  0.3635825915043508   0.3794123068482168   0.4035427100734842   0.4168559616494175   0.4313494716049331   0.4485265012205269

0.3989290706190046
0.3988793530247079
0.3988541412128223
0.3987597399102101
0.3986814178579047
0.3985781649348099

0.001305559190774635
  0.3992831020281866

   0.7209419059216113   -0.9749156192599147     5.119439130176824 -0.009580191874826061   -0.4353358257274521    -4.420664163084724
    1.511730138607587   -0.4626704786327336      0.38566598401707 -0.007621619057074341   -0.0304526816465556   -0.3966743463047611

  -2.9357200944665e-07  2.135384435119835e-07 -9.504720175991245e-07 -1.365929005089807e-06   -0.02715571213867365   -0.08397941277256775
 -5.93275529875711e-08 -1.654819964126028e-07  9.050104223652355e-08  1.757079212145516e-07  -0.009259074296370249     0.1301851340848742

cov:
 0.0549669283405118  0.0559290220682114 0.05739483020213262 0.05820322756542354 0.05908368239525942 0.06012789132228188
 0.0559290220682114 0.05742874736228767 0.05971388767234024 0.06097437851097828 0.06234690776000052 0.06397403939695628
0.05739483020213262 0.05971388767234024 0.06324873538305101 0.06519877727982068 0.06732183658645706 0.06983807236602869
0.05820322756542354 0.06097437851097828 0.06519877727982068 0.06752988903903473 0.07006667277456731 0.07307360399158321
0.05908368239525942 0.06234690776000052 0.06732183658645706 0.07006667277456731 0.07305516118321594 0.07659590013823263
0.06012789132228188 0.06397403939695628 0.06983807236602869 0.07307360399158321 0.07659590013823263  0.0807699014886946

cov.inverse():
 2170346.939714811 -3492481.556585783  1247021.079779393   11372.1743958742   34551.6435698507  29252.22523964015
-3492481.556505713  8223637.441864331 -6329014.064066939  198522.9724423897  388878.4209009953  1010390.067655907
 1247021.079672905 -6329014.063968776  9082490.601967985 -1607839.567612694 -1522135.350370888 -870520.1860025171
 11372.17435927666  198522.9725339249 -1607839.567702239  1917492.211421913 -179302.5506876892 -340224.6503809002
 34551.64359402781  388878.4208710834 -1522135.350337371 -179302.5507348672  2582186.342627326 -1304139.832417193
 29252.22527847973  1010390.067576186 -870520.1859548093 -340224.6503683301 -1304139.832436589   1475203.59286784

cov*(cov_.inverse()):
    0.9999999999988631  2.182787284255028e-11  6.548361852765083e-11 -3.637978807091713e-12   2.91038304567337e-11 -1.455191522836685e-11
-2.114575181622058e-11      1.000000000029104 -7.275957614183426e-12 -3.637978807091713e-12   2.91038304567337e-11  1.455191522836685e-11
-2.069100446533412e-11  5.820766091346741e-11      1.000000000021828                      0                      0 -1.455191522836685e-11
-2.137312549166381e-11  7.275957614183426e-11 -1.455191522836685e-11      1.000000000010914  1.455191522836685e-11                      0
-4.092726157978177e-12  1.164153218269348e-10 -4.365574568510056e-11  7.275957614183426e-12      1.000000000029104                      0
-1.546140993013978e-11   2.91038304567337e-11 -1.455191522836685e-11  3.637978807091713e-12                      0                      1
