5
2

0.0001184334090781123
0.0002503415789022803
0.0007154945310364344
   0.1030536880643534
   0.6060867041314054

-0.02843675235603388   0.1774806167247414  -0.7444270201123575   0.6414065050904523 -0.04602269827742296
 -0.3205174576608565   0.8203502667330635   -0.169473836316703  -0.4306988488360922   0.1003549680931452
   0.672157105558287  -0.1110970538299883  -0.4607684685946055  -0.4491948684972377     0.34896799071338
 -0.5401919379297123  -0.3351752312844072  -0.1172316158885082 -0.01252850743502314   0.7628564866780684
   0.390969827599663   0.4133292628422735   0.4370997564811565   0.4485122110446006   0.5329935401230953

0.3982874684238935
0.3972224935495024
0.3960498885757348
 0.395553223412454
 0.391273128642069

0.01498366407761909
 0.4003991921587619

 0.2454937950120945   0.725508692211954  -6.105583824858624   8.982214471356192  -3.847978080400594
  1.387516282812595 -0.1087587089181232   -1.05420271244086   1.148989913227509 -0.3733729108817819

 1.487547986730972e-07 -1.694351963696922e-07 -1.269549817572203e-06   -0.02875921066771808    -0.1084424518519059
 2.076158042961799e-08 -5.562808186197168e-08  4.013752430510438e-07  -0.009438167244707949     0.1296944575217729

cov:
0.05925005647075572 0.06128485538310118 0.06344834191282049 0.06448673078710464 0.07217185839081777
0.06128485538310118 0.06395008150635836 0.06678340120791081 0.06814347647036445 0.07821044893791095
0.06344834191282049 0.06678340120791081 0.07032886471320624 0.07203093154267405 0.08463010443337414
0.06448673078710464 0.06814347647036445 0.07203093154267405 0.07389729866778412 0.08771281433738563
0.07217185839081777 0.07821044893791095 0.08463010443337414 0.08771281433738563  0.1105354428202329

cov.inverse():
 2579429.051474432 -4701181.079120098  1770989.519398571  312573.9647153632   38209.6844737763
-4701181.079021302  13008058.65766624 -11537811.89072912  2575600.728640534  655535.4785374511
 1770989.519119851 -11537811.89020517  40381986.69558336 -32472377.92299178  1857085.313539368
 312573.9648918109  2575600.728211866 -32472377.92271823  32684494.93571329 -3100419.427768936
 38209.68447725324   655535.478540957   1857085.31351105   -3100419.4277476  549640.9120110353

cov*(cov_.inverse()):
    0.9999999999859028 -5.093170329928398e-11  8.731149137020111e-11 -3.492459654808044e-10 -1.455191522836685e-11
-4.729372449219227e-11      1.000000000080036 -2.328306436538696e-10   2.91038304567337e-11 -2.182787284255028e-11
-2.955857780762017e-11 -9.458744898438454e-11      1.000000000058208 -6.402842700481415e-10  7.275957614183426e-12
-6.684786058031023e-11  8.003553375601768e-11 -5.820766091346741e-11     0.9999999997671694  -2.91038304567337e-11
 3.637978807091713e-12 -7.275957614183426e-11  1.746229827404022e-10                      0     0.9999999999781721
