5
2

 0.000131008625772003
0.0004583941479920896
0.0005493142741639656
  0.05780731668284447
   0.6207056387444406

 -0.6104493578945518   0.7853994919000316 -0.04776823001186649 -0.05556466100233396  -0.0716239081489622
 -0.2143766784111804  -0.1541220298623862    0.187698081260273   0.7532375138186292  -0.5724436371661666
  0.2617951789388797   0.1818757927361163  -0.8704146225935114   0.3710136922211703  0.05578266093311495
 -0.5857786477136335  -0.3822327831521216 -0.09698564649204314   0.2750844630670756   0.6524444788027481
  0.4119719424507765   0.4245154102440362   0.4421083528306844   0.4649980586922268   0.4882446055702726

0.4000522339348378
0.3999649992495453
0.3997327031075846
0.3994268350871817
0.3991144671378232

0.003657956952214005
  0.4011901276120107

    3.340005056953335    0.4700392817502861 -0.007687651400907991   -0.1753253553932343    -3.627311186976828
    4.185174658468128    -2.456369694272534  -0.09334983220718596  -0.07428046038459332   -0.5612051759992651

-2.402554341685503e-08  2.425819769243723e-07  2.109773793844607e-07   -0.01520557598432723    -0.1080360844941527
-7.612397480408511e-08 -5.690972785120715e-08  2.025600434987941e-07  -0.006316507924667834     0.1277540139993328

cov:
0.06653598726546227 0.06812845795494223 0.07036239945616525 0.07326726500461449 0.07621837669975817
0.06812845795494223 0.06992003259174522 0.07243302629196965 0.07570156475034312 0.07902168537626107
0.07036239945616525 0.07243302629196965 0.07533753720468182 0.07911553118397117 0.08295292697632109
0.07326726500461449 0.07570156475034312 0.07911553118397117  0.0835585282982873 0.08806984345081956
0.07621837669975817 0.07902168537626107 0.08295292697632109 0.08806984345081956 0.09326561950566488

cov.inverse():
  22157934.4717443 -27619369.09353004  752332.2758236562  1529646.398374217  3179772.103990871
-27619369.09294659   36162993.2255035 -2848196.601403639 -2871554.156356519 -2824123.475386639
 752332.2757508017 -2848196.601382252  2811406.117625934 -242741.9929756762 -472932.7523055398
 1529646.396919082 -2871554.154484448    -242741.9931561  3336227.952563222  -1751524.64427093
 3179772.104935393  -2824123.47669663 -472932.7521765847 -1751524.644034408  1868840.703638662

cov*(cov_.inverse()):
    0.9999999997962732  2.037268131971359e-10 -4.365574568510056e-11  -2.91038304567337e-11  -2.91038304567337e-11
 3.783497959375381e-10      0.999999999650754   2.91038304567337e-11  -2.91038304567337e-11  5.820766091346741e-11
-2.328306436538696e-10                      0     0.9999999999490683  -2.91038304567337e-11 -5.820766091346741e-11
-5.820766091346741e-11  4.074536263942719e-10 -1.455191522836685e-11     0.9999999999417923  5.820766091346741e-11
 2.328306436538696e-10  1.164153218269348e-10 -2.182787284255028e-11  -2.91038304567337e-11      1.000000000029104
