5
2

  0.00029931088087701
 0.000532631026882417
0.0006852178201092406
  0.06865323619361388
   0.5809801352295415

 -0.4521460032879393   0.8593947580564398  -0.1499553608662701  -0.1552841520288691  -0.1020042323239502
  -0.190473461566375 -0.02471982429779251  0.02699295014089859   0.7813722111798703    -0.59315903345071
 -0.2843957105684017 -0.07531578772383957   0.8811818828573957  -0.2831008212937477  -0.2383674185716902
 -0.7178556459247692   -0.261913337240271 -0.01010063259304111   0.2638420750424054    0.588532082428932
  0.4038393289092735   0.4319242016916877   0.4474385286665338   0.4643119470191122   0.4843226810083902

0.3989473162249709
0.3989079964287949
0.3988151515901119
 0.398737515464311
0.3986296496970907

0.001360162058438006
  0.3993507931070293

  0.3322399982300357    4.496191233642988  -0.0526138772246787  -0.4009157794821819   -4.374785361176653
   2.012373169232184  -0.5420241314013796 -0.02815882001600628 -0.04071921094552977  -0.4014876985350857

 3.789686494988379e-07  5.974153885996333e-07  3.177836527392623e-07    -0.0193058302100581   -0.08516549141561132
-1.186311210460191e-07 -4.662138838662243e-08 -2.108494343187513e-07  -0.007302629605536457     0.1190181427916817

cov:
0.05747666936317095 0.05976220305280715 0.06102489369221732 0.06239817245061152 0.06402735262694149
0.05976220305280715 0.06329396548161818 0.06524484507000271 0.06736669627192783 0.06988327001521162
0.06102489369221732 0.06524484507000271 0.06757635626041017 0.07011118848998223 0.07311790875756798
0.06239817245061152 0.06736669627192783 0.07011118848998223 0.07309662507141815 0.07663622459418414
0.06402735262694149 0.06988327001521162 0.07311790875756798 0.07663622459418414  0.0808084110008499

cov.inverse():
 2582238.367707317 -4275112.217480243  204962.4613457668  430544.0060173709  1057355.789514979
-4275112.217534741  8258296.099127728 -1582199.802932053 -1512304.691460381 -888622.2978903772
 204962.4613737732  -1582199.80296815  1907337.061422229 -197043.3962341686 -333056.2087025726
 430544.0061084988 -1512304.691613141 -197043.3962160144  2591974.004941114 -1313149.156085828
 1057355.789450344 -888622.2977560222 -333056.2087288161 -1313149.156129304  1477424.263754608

cov*(cov_.inverse()):
     1.000000000014552  3.637978807091713e-11  1.455191522836685e-11 -4.365574568510056e-11   2.91038304567337e-11
  2.91038304567337e-11      0.999999999992724  1.091393642127514e-11                      0                      0
 5.820766091346741e-11 -2.182787284255028e-11      1.000000000025466                      0   2.91038304567337e-11
 1.455191522836685e-11  1.455191522836685e-11                      0     0.9999999999708962                      0
                     0  1.455191522836685e-11 -3.637978807091713e-12                      0                      1
