5
2

0.0003798359425994393
0.0004837499884075893
 0.000580288107140144
  0.06708715627317231
   0.6086491152548709

  0.2583466184948893 -0.05642618120347248 0.002089198077167345  -0.7762496470355313   0.5722807278911776
  -0.492052803658066   0.2878920037304857   0.7275771511601897  -0.3273462994349993  -0.1961584103629442
  0.2594100319081587  -0.8058873428220379   0.5190177101008496  0.09589051358992917 -0.06839336246868724
 -0.6815261647205627   -0.285386151203917 -0.06713827950716517    0.251861021386579   0.6213978667755654
  0.3992112038397492   0.4278254499712349   0.4435540467491025   0.4665318006663572   0.4931568570599325

0.3982132108820029
0.3982651247586764
0.3983724787764427
0.3983320197738016
0.3983521880144281

-0.0002876420606050974
    0.3982202320715595

  7.929368122233251  -8.827048220521002   1.726206304936273    1.49862576002605  -2.327044015161112
   3.63903786918658  -2.750005766648519  0.2442463012921244  0.1720506552000419 -0.3051975352036769

 7.960866784778317e-09 -1.221800581508092e-06  3.491717054140592e-06   -0.01831520100182516    -0.1088091663940188
 1.136316647379751e-07 -5.618790892604738e-07   1.11941839759706e-06  -0.008362277749090532     0.1164393594713312

cov:
0.06112961822111383 0.06414606966586441 0.06580278842056725 0.06822252961108247 0.07102661745645579
0.06414606966586441 0.06817265703368085 0.07038481981236273 0.07361687013546386 0.07736205998326699
0.06580278842056725 0.07038481981236273 0.07290364281320803 0.07658261606065175 0.08084587738675388
0.06822252961108247 0.07361687013546386 0.07658261606065175 0.08091558090248348 0.08593586939796871
0.07102661745645579 0.07736205998326699 0.08084587738675388 0.08593586939796871  0.0918336480905535

cov.inverse():
 1697175.165302866 -1327167.388825388 -1126262.517551423 -627858.6309316254  1384427.748112583
-1327167.388816354  2304946.510755087 -347858.3555107694  -328625.584536744 -301496.9033861169
-1126262.517548146 -347858.3555422639   3062130.64717506 -881203.1934804438 -707017.7618897017
-627858.6309599071 -328625.5844462125 -881203.1935461556  4661706.439714729 -2824109.995141712
 1384427.748128553 -301496.9034361205 -707017.7618522072 -2824109.995145171  2448405.624020377

cov*(cov_.inverse()):
                     1  3.637978807091713e-12 -1.455191522836685e-11  -2.91038304567337e-11   2.91038304567337e-11
 1.455191522836685e-11       1.00000000001819                      0 -5.820766091346741e-11   2.91038304567337e-11
 1.455191522836685e-11   2.91038304567337e-11      1.000000000007276 -8.731149137020111e-11   2.91038304567337e-11
-1.455191522836685e-11  2.182787284255028e-11 -5.820766091346741e-11     0.9999999999417923                      0
-1.455191522836685e-11  3.637978807091713e-12 -1.455191522836685e-11                      0                      1
