5
2

0.0002143026595508596
0.0005139808999732118
0.0006218648457942457
  0.09887028286578223
   0.5712698034913339

  0.3291850232880567  -0.7856370618633166   0.5215621688931635 -0.02114491830681514  -0.0440161774677731
 -0.1337661079578526    0.138227999992473   0.3016824879862963   -0.795390733205168   0.4892248014498372
 -0.5953131326243166   0.2027780732085645   0.6531334842566937   0.1379173886104563  -0.3985960020025652
  -0.600260626195054  -0.3859638996135287  -0.1384431579980745   0.3461481221439679   0.5930716806379855
  0.3987897987280952   0.4166297496168472   0.4372764848103415    0.477563341784334   0.4981052886491966

0.3998021436875746
0.3997720108515001
0.3996955027114143
0.3995770069519418
0.3994688245522318

0.00122093501016706
 0.4001430248752295

 0.4174736462267758   5.274496543817969  -4.046065575327524  0.8566032086340292  -2.501780070302772
  1.498077252449774  0.1118745078177729 -0.4714275607892343 0.07717891182405165 -0.2155353981257562

-2.766873452153655e-07 -6.479334727949658e-07 -2.731204897433648e-07   -0.02847976230748238   -0.07908110486330627
 7.680058449491934e-09 -1.304983342854559e-07 -4.178421176864915e-07  -0.009562846385752227     0.1198949757686048

cov:
0.05542271403394344 0.05648684031294329 0.05772142514780038 0.06012123710338273 0.06134585587607522
0.05648684031294329 0.05810406814092126 0.05997745503784169 0.06362674156385975 0.06548814539984189
0.05772142514780038 0.05997745503784169 0.06258902513981282 0.06768211256305602 0.07027934528331414
0.06012123710338273 0.06362674156385975 0.06768211256305602 0.07560083770661058 0.07963756957092209
0.06134585587607522 0.06548814539984189 0.07027934528331414 0.07963756957092209  0.0844085730115806

cov.inverse():
 3343726.556158119 -6013402.979710433  2580258.696742764  38853.43603790746  50347.44747145658
-6013402.979841759  13618347.11533718 -8421884.531957069  17844.15743294538  799924.9335818533
 2580258.696944815 -8421884.532234317  7370817.250591198 -915523.5790508494 -614401.0656954958
  38853.4359599802  17844.15761968483 -915523.5791736356  2453723.046323773 -1594840.610877079
 50347.44747863583  799924.9335410674 -614401.0656479077 -1594840.610891066  1359053.032566811

cov*(cov_.inverse()):
    0.9999999999949978 -1.236912794411182e-10  5.820766091346741e-11  -2.91038304567337e-11   2.91038304567337e-11
-1.818989403545856e-12     0.9999999999054126  5.093170329928398e-11  -2.91038304567337e-11  1.455191522836685e-11
 3.183231456205249e-12 -1.382431946694851e-10                      1                      0  1.455191522836685e-11
-2.000888343900442e-11 -5.093170329928398e-11 -2.182787284255028e-11     0.9999999999854481                      0
-1.000444171950221e-11  -2.91038304567337e-11 -7.275957614183426e-12                      0                      1
