5
2

0.0001502336410571459
0.0003453829113594096
0.0005942020027105015
   0.1132452442452303
   0.5734631737121043

 -0.2431046407248326   0.7384566813336537  -0.6148857518444814   0.1317167200222258  -0.0121688658867568
 -0.5519157526626701   0.3556788222934007    0.533707731192519  -0.5057100113746912   0.1682112344509747
  0.3797072585504883 -0.04286714315423908  -0.3429905894786376  -0.6036801009166309   0.6098463717431215
 -0.5813512881930205  -0.3971850985299137   -0.182115246237829   0.3577585811081898   0.5857623340172083
  0.3926094919143397   0.4105858140623499   0.4315820460362222   0.4842388082988983   0.5064847383939345

0.3996910110120667
0.3997867946479468
0.3998584573648797
0.3999932894130221
0.4000846469217205

-0.0004533694698294748
    0.3998192327118927

  0.1734230563716601  -0.3600964153912106    4.653696588116783   -4.016275075357393  -0.4509168657554916
   1.451843668105661  -0.3747488596460578   0.3273126127932232  -0.3736084817973583 -0.03078890816917368

-8.335359990192084e-08  5.028215119281383e-07   2.24085871458443e-07   -0.03214189059580282    -0.0804160773893156
-1.985679571918875e-08 -6.872711189843505e-08  2.336792498562614e-07   -0.01162529034317595     0.1186834235939715

cov:
0.05502558117343746 0.05597338961647256 0.05708078341793559 0.05985446885091683 0.06102695017403673
0.05597338961647256 0.05746262206969814 0.05920213307951108  0.0635621458184948  0.0654045345869369
0.05708078341793559 0.05920213307951108 0.06167989333657909 0.06789253283008477 0.07051728674942963
0.05985446885091683  0.0635621458184948 0.06789253283008477 0.07875505189806239 0.08334344200240965
0.06102695017403673  0.0654045345869369 0.07051728674942963 0.08334344200240965 0.08876184340586639

cov.inverse():
 5580418.397826117 -9645669.133545075  3784821.175393944  271808.0101987635  8628.140887356632
 -9645669.13473597  25226768.37812392 -18485035.01113044  2874979.837634972   29342.8321707809
 3784821.177145189  -18485035.0133771  19472566.56884835 -5264545.923894251  491673.3834897546
 271808.0094348287  2874979.839105482 -5264545.924615498  3944734.965818211 -1826805.541854966
 8628.141090886624  29342.83175612411  491673.3837155584 -1826805.541869646  1297134.905418507

cov*(cov_.inverse()):
      0.99999999995282  1.637090463191271e-10 -2.146407496184111e-10  4.365574568510056e-11  -2.91038304567337e-11
 6.184563972055912e-11      1.000000000003183  8.731149137020111e-11 -5.820766091346741e-11 -1.455191522836685e-11
 3.865352482534945e-12  2.983142621815205e-10      1.000000000058208  4.365574568510056e-11                      0
-1.114131009671837e-11  1.614353095646948e-10 -2.182787284255028e-10     0.9999999999708962  -2.91038304567337e-11
 8.549250196665525e-11 -1.032276486512274e-10  7.275957614183426e-12                      0                      1
