5
2

 0.000144676326903678
0.0002088506773860035
0.0004507776688352099
  0.03794636724173297
   0.5675725613765816

 0.02869611587561241  0.07165057958872487  -0.5671752381509954   0.7641634326057068  -0.2973368878475704
 -0.1313594565269617   0.6968318116693638  -0.5361332282928214   -0.338166443321082   0.3088280064346819
  0.6052466110931144  -0.4806302955254545  -0.4366126290139507  -0.1298192997762275   0.4418002041359317
 -0.6536109929579799  -0.2888223676267839 -0.02475327853231533   0.2821432573930222   0.6396536307662917
  0.4340396707207521   0.4414383078888433   0.4467998412444962   0.4530340346961782   0.4602953941108376

0.4010467111754519
0.4012316942827678
0.4012312554067176
0.4012325136504544
0.4012322988489613

-1.34257874869585e-05
    0.401241079654516

-5.055245096326352  5.297957825795635  9.408833887544052  9.520462223361912 -19.17169254636711
 0.727788612308254 0.6669927162568643 0.7574913453499142 0.7360054152426942 -1.888293554760075

 1.648066931831532e-07 -4.287187727897198e-07 -3.946162398887905e-06   -0.01157127032527381   -0.05255313112070393
  1.59691237739774e-08 -3.790398895233258e-08 -2.317728933914444e-07  -0.002429557235790771     0.1330545074056922

cov:
0.06130305605532321 0.06199408063513961 0.06249521820326021 0.06307809009004303 0.06375697453129517
0.06199408063513961 0.06289462070941647 0.06354718934111628 0.06430606358588174 0.06518994002966218
0.06249521820326021 0.06354718934111628 0.06430950309843231 0.06519581345541596 0.06622815571716163
0.06307809009004303 0.06430606358588174 0.06519581345541596 0.06623032191964939 0.06743524551350696
0.06375697453129517 0.06518994002966218 0.06622815571716163 0.06743524551350696 0.06884130518194849

cov.inverse():
 2238002.349837861 -3431769.048538724 -463459.2516992679  1679246.495803264 -22047.64389315877
-3431769.048760314  12514444.75075722 -9473825.522160182 -2479554.872825949  2870757.491341277
-463459.2507793066 -9473825.525909018  22896749.63186967 -16271118.16974111  3311735.962161146
 1679246.494669072 -2479554.866660705 -16271118.17614884  30603019.78708209 -13531667.43435087
-22047.64345733933  2870757.488703267   3311735.96574002 -13531667.43572756  7371204.419718594

cov*(cov_.inverse()):
    0.9999999999815827 -1.164153218269348e-10   2.91038304567337e-11  2.328306436538696e-10                      0
-5.729816621169448e-11     0.9999999999708962 -1.164153218269348e-10  1.164153218269348e-10  1.164153218269348e-10
-1.750777300912887e-11  5.820766091346741e-11     0.9999999997962732  3.492459654808044e-10 -5.820766091346741e-11
-1.909938873723149e-11   2.91038304567337e-11 -4.365574568510056e-10      1.000000000698492 -1.164153218269348e-10
-4.047251422889531e-11  8.731149137020111e-11                      0  1.164153218269348e-10                      1
