6
2

0.0002740022005845424
0.0004240773012784047
0.0006168329703288099
0.0007281325648116624
  0.08719464766288432
   0.6488917039848494

 -0.4519158377042666   0.8477806618716041  -0.1179323620035546  -0.1317203255430386  -0.2055679855153055  0.05935943186110764
  0.1891333988449641  -0.1077343567937745  0.06629428199646123  0.08781222774050371  -0.7933159579138304   0.5578223171948831
 -0.3324671310639886 -0.05881665815531413   0.1048231563550099   0.8432772135977809  -0.2117854333417274  -0.3450344687539391
  0.2955039143988113  0.09512817043782287   -0.890610023117805   0.3008177325167335  0.09185365264284651   0.1073007585522738
 -0.6581510710718709  -0.3310446926892651  -0.1350084917479934  0.05027977967153201   0.2972214614795317   0.5900429076239324
  0.3591390316540555   0.3841378672789757    0.399118561252974    0.413283129445808   0.4321583434423502   0.4545303620628069

0.4001664698182472
0.4000880214262414
0.3999583039589968
0.3998631975463692
0.3997247917311839
0.3995466929190431

0.001919129002634409
  0.4006827127780278

 0.07324090495439828    2.969443121144939   0.2572119350782188   0.3925665399244743 -0.07025004716185254    -3.62213594618669
   2.147730869690207  -0.8630745114275316 0.007488038898893365   0.0203960135014377 -0.01030673924226122   -0.302254715885575

 1.652996131018994e-07 -3.991246531193982e-07  5.416710595285135e-07 -1.070822640731517e-07   -0.02436203194477861    -0.1030972838016992
-1.292592287049446e-07  6.133494964822694e-08 -2.050160785087424e-07  2.749751872488224e-07  -0.009953780136707925     0.1302652536356871

cov:
0.05760213806954958  0.0597455279032867  0.0610298226875156 0.06224471559535768 0.06386342249172834  0.0657813205420717
 0.0597455279032867 0.06296574868024415 0.06489528283617253 0.06672002448399732 0.06915149835595905 0.07203305794025623
 0.0610298226875156 0.06489528283617253 0.06721209385365673 0.06940176940338152 0.07232037819849446 0.07577949644938119
0.06224471559535768 0.06672002448399732 0.06940176940338152 0.07193790561734857 0.07531653106175541 0.07932156260801983
0.06386342249172834 0.06915149835595905 0.07232037819849446 0.07531653106175541 0.07930938271368548 0.08404181926245413
 0.0657813205420717 0.07203305794025623 0.07577949644938119 0.07932156260801983 0.08404181926245413 0.08963724672564018

cov.inverse():
 3374416.679756179 -5111942.985701834  191614.8041681816  316023.7894324341  639310.9153794593  590585.6703831002
-5111942.985698228  9663953.110332094 -1547417.239207856 -1616389.789972003 -1796853.627838875  408693.6857741608
  191614.804207928 -1547417.239294703  1734647.284563962 -33723.51388717655 -182178.5700459816 -162929.5543974629
 316023.7894794377 -1616389.790026156 -33723.51394791478  2313641.249435582 -443962.8475811925 -535598.8438721581
 639310.9151830868 -1796853.627508705 -182178.5700377667 -443962.8477015455  4196143.991087709  -2412526.15909113
  590585.670489119  408693.6855885926 -162929.5543920393 -535598.8438196911 -2412526.159069471  2111804.968590925

cov*(cov_.inverse()):
     1.000000000050932  1.818989403545856e-11  9.094947017729282e-12                      0   2.91038304567337e-11 -5.820766091346741e-11
-3.637978807091713e-11      1.000000000021828 -7.275957614183426e-12 -7.275957614183426e-12  -2.91038304567337e-11  -2.91038304567337e-11
 5.093170329928398e-11  2.546585164964199e-11      1.000000000016371  2.182787284255028e-11   2.91038304567337e-11  -2.91038304567337e-11
                     0 -3.637978807091713e-12 -2.182787284255028e-11      0.999999999992724  5.820766091346741e-11  -2.91038304567337e-11
 1.455191522836685e-11  8.731149137020111e-11 -3.637978807091713e-12  2.182787284255028e-11                      1  -2.91038304567337e-11
 7.275957614183426e-12   2.91038304567337e-11  1.091393642127514e-11  1.455191522836685e-11                      0                      1
