6
2

0.0001173230694339657
0.0003514326381608247
0.0003957284929715681
0.0007210772911692256
   0.1043027049177919
   0.6991587319699569

-0.03318145194465796   0.6548701998171247  -0.7483328333575711  0.07330400109802081   0.0669553365384119 -0.01361945261021951
-0.03173479624595731   0.1451804501191206  0.06048795073334465   0.1622965721560026  -0.8357325258983335   0.4994674316194405
-0.09119536454832892   0.3318542049276547   0.2134454793590083  -0.8558513423890647  0.09421199013727495    0.307635823894332
  0.6226053224738832  -0.4530808363047965  -0.4448374382978846  -0.1995112759427805  0.06918470816317868   0.4057200372389473
 -0.7010711119347364   -0.304532385446296   -0.206353454326468   0.1246931162589981    0.294169912389983   0.5206661728157546
  0.3323209410746682   0.3767203564373145   0.3877087967178758    0.424796072662604   0.4437000876491224   0.4690468878344201

0.3977415995269871
0.3954363911048275
0.3949239967117211
0.3929173340685392
0.3919005578512012
0.3905202783780847

0.0154061889844143
0.3999095466844331

 0.5047467890486406  -4.901256240023441   7.551816550211988    1.10477036528302  0.1709296617738443  -4.431422565863533
  1.354105963265686   -1.17961015155217   1.145633042971714  0.1584031657032476 -0.1235039139721157 -0.3548891762751468

-1.200959962278935e-07 -3.023020769310073e-07 -3.685310858777571e-07 -1.471940058371217e-06   -0.02762048025532387    -0.1389042700915434
-2.293972788840931e-08 -2.386888671075998e-08 -8.249716447952985e-08  3.555322694235173e-07   -0.01118212899730998     0.1446022807632679

cov:
0.05933150562941193 0.06351926492155575   0.064555489698229 0.06805537773405973 0.06983374057376218 0.07222384517122381
0.06351926492155575 0.07038193956905257 0.07208016444341629 0.07781290011640954 0.08073255332779092 0.08464972255996676
  0.064555489698229 0.07208016444341629 0.07394230718198452 0.08022784628190201 0.08343005178154003 0.08772527321018389
0.06805537773405973 0.07781290011640954 0.08022784628190201 0.08837822113122711  0.0925333683864695 0.09810384813825747
0.06983374057376218 0.08073255332779092 0.08343005178154003  0.0925333683864695 0.09717597656437653  0.1033981949575112
0.07222384517122381 0.08464972255996676 0.08772527321018389 0.09810384813825747  0.1033981949575112  0.1104928504900551

cov.inverse():
 886819.1140026936 -2351711.000719201  1131457.522566566  41079.78362140828  81300.52222520216  211130.0855215399
-2351711.001072312  32424851.13488965 -34691671.45684776  2038504.173792867  2342414.474051659  237524.7159568942
 1131457.523025702 -34691671.45779866  41385044.40564369 -4901593.155235534 -3980193.656026467  1057243.191896846
 41079.78354148469  2038504.174242564 -4901593.155677582  5357582.866249844 -1283084.576875625 -1253140.090277217
  81300.5221776742  2342414.474412858 -3980193.656241286 -1283084.577087257  6046813.796926785 -3206968.519303246
 211130.0855429703  237524.7157437596  1057243.192061982 -1253140.090137861 -3206968.519416053  2954323.687667722

cov*(cov_.inverse()):
    0.9999999999836291   2.91038304567337e-11   2.91038304567337e-11  7.275957614183426e-11                      0 -5.820766091346741e-11
-1.091393642127514e-11       1.00000000030559 -7.275957614183426e-11  5.820766091346741e-11  5.820766091346741e-11 -5.820766091346741e-11
 3.637978807091713e-11 -7.203198038041592e-10      1.000000000320142                      0 -5.820766091346741e-11  -2.91038304567337e-11
                     0  1.382431946694851e-10 -1.891748979687691e-10      1.000000000043656                      0 -5.820766091346741e-11
-7.275957614183426e-12  2.546585164964199e-10 -1.164153218269348e-10   2.91038304567337e-11     0.9999999998835847                      0
-3.637978807091713e-12  1.491571310907602e-10 -7.275957614183426e-11                      0 -5.820766091346741e-11                      1
