5
2

0.0002595187255031563
0.0005091075006797983
0.0007354465964136089
  0.08885549258443627
   0.5621805403494787

 -0.2431867213709793   0.6891291345672121   -0.664469666146869  0.09247669465843876     0.12605307673832
 -0.5085502403091844    0.451859680778185   0.5782258441841717   -0.443595881375301 -0.07795543029757426
  0.3714271998337955 -0.01724440045234282  -0.1543635970574887  -0.7394199949793651   0.5396057976012253
 -0.6163198636061316  -0.3774494424564842 -0.01363340989748892   0.1874310599217062   0.6651056096778925
  0.4054978823353456   0.4220881588246819   0.4473487967193059   0.4613007953312694   0.4944630258189862

0.3988422760936111
0.3987798406913994
0.3987528501416389
0.3986559230858356
0.3984697229950362

0.001354052953371486
  0.3991961321448587

  0.6125779856763131  -0.6631048834693077    4.764912509052994   -0.119141637256617   -4.595433531459154
   1.493384794864445  -0.4138550538756799   0.3421545617818862 -0.01785111859995939  -0.4038602399557779

-2.938049389719464e-07  6.622648347126906e-07 -1.562170690729878e-06   -0.02582549697551162   -0.07178812862202359
-6.251968924979632e-08 -1.838233644407518e-07  1.645785917494298e-07  -0.008217534532980393     0.1188383325894697

cov:
0.05496631401977153  0.0559298932588042 0.05739684347076518 0.05820650015388844 0.06013228117067565
 0.0559298932588042 0.05743133818288306  0.0597168529926918 0.06097877864132213  0.0639791355282482
0.05739684347076518  0.0597168529926918 0.06324921336351581  0.0652000112379047 0.06983712410101763
0.05820650015388844 0.06097877864132213  0.0652000112379047 0.06753200723083126 0.07307313980073234
0.06013228117067565  0.0639791355282482 0.06983712410101763 0.07307313980073234 0.08076425313516557

cov.inverse():
 2131018.929165886 -3386694.820443425  1158740.206010967  28673.96287353548  68302.46305098827
-3386694.820464334  7839530.811265241 -5785922.849911249  196450.3321070208  1136644.578439791
 1158740.206109688 -5785922.850087319  7889621.313702554 -1690957.171044677 -1571540.103536797
 28673.96277889361  196450.3323011255 -1690957.171164149  1897017.025131952  -431160.523931585
 68302.46306781804  1136644.578400849 -1571540.103494677 -431160.5239515928  797758.5569958275

cov*(cov_.inverse()):
     1.000000000016371  5.820766091346741e-11   2.91038304567337e-11  2.182787284255028e-11  7.275957614183426e-12
 2.182787284255028e-11      1.000000000058208  -2.91038304567337e-11 -1.818989403545856e-11  1.455191522836685e-11
 2.000888343900442e-11 -1.455191522836685e-11      1.000000000058208  1.091393642127514e-11  1.455191522836685e-11
 4.274625098332763e-11                      0   1.01863406598568e-10      1.000000000010914 -7.275957614183426e-12
 1.455191522836685e-11  7.275957614183426e-11   2.91038304567337e-11  7.275957614183426e-12      1.000000000007276
