6
2

0.0001465722629943947
0.0002720092903256497
0.0004526704090210701
0.0006501811910331077
   0.1077442311823332
   0.6274637389633004

  0.1543759824835436  -0.5806131647789815   0.7269958024317459  -0.3314598256807492 0.005433860678498152  0.02526597083057786
 -0.4500534619259616   0.5924066810867538   0.2968633758728513  -0.5871689541026467  0.03743947372014372   0.1104954606450896
-0.02844238690310067  0.05424768422196449   0.1197828592776961   0.1794638509737942   -0.832174376566473   0.5071280106510839
   0.529401168796828 -0.04312529361051402  -0.4254540908619924   -0.575788000351766  0.06680612239855643   0.4481836105407456
 -0.6035537918257138  -0.4081966119880302  -0.1802423715490296  0.08710496830060467   0.3312207806567815   0.5650810143608975
  0.3581454884782266   0.3748541060975144   0.3943384460110783   0.4171817740980696   0.4380460049162286   0.4580267057273104

0.3992599215619116
0.3992996598360592
0.3993037261982622
0.3992978943148245
0.3993315955498921
0.3992976976877763

0.0003147252576047713
   0.3994909619393576

 0.1686117221777366   1.870947632306342   3.678478361891309  -4.777628297918763  0.7808285426656815  -1.721463047763657
  1.473829757113148 -0.2009936647217582  0.2284667883490235 -0.4188394467166264 0.07160146829129663 -0.1540832712140561

 6.785135695970455e-08  3.528373775573916e-07 -3.776258084829017e-07   2.00836625767565e-07   -0.03086544763208514   -0.08948702821411537
 1.387061089754641e-08 -3.573405045856717e-08 -4.883993839750929e-08  3.671887701534826e-07   -0.01101104217965513     0.1293944991959366

cov:
0.05472952695595821 0.05571659271186417 0.05686675236574421 0.05821460269046061 0.05944629984449771 0.06062521555467965
0.05571659271186417 0.05725684973383984 0.05905220435531983 0.06115662028930072 0.06307906210459421 0.06491971753616393
0.05686675236574421 0.05905220435531983  0.0616003636526332 0.06458750569411478 0.06731587812653592 0.06992862425983105
0.05821460269046061 0.06115662028930072 0.06458750569411478 0.06860992084286344 0.07228347208055565 0.07580171040413106
0.05944629984449771 0.06307906210459421 0.06731587812653592 0.07228347208055565 0.07682062643929057 0.08116556082240185
0.06062521555467965 0.06491971753616393 0.06992862425983105 0.07580171040413106 0.08116556082240185 0.08630299856085442

cov.inverse():
 4513819.694410776 -7837128.959833362  2868904.680515931  443778.3461231324  10468.57955707417  295.5073450870539
-7837128.960157724  20453692.61944249 -17195846.78901232  4363037.880218606  -74225.1277103888  290376.7506246498
 2868904.681112063 -17195846.78966651  26290729.56554627 -12888025.27681877 -219599.9171251374  1143706.640170679
 443778.3458402171  4363037.880623202 -12888025.27707964  10715110.08355669 -1200774.487961742 -1432993.134194457
 10468.57958533051 -74225.12807318401 -219599.9163357587 -1200774.488522997  3410480.297423549  -1926380.93988818
 295.5073279701828  290376.7509127047  1143706.639584073 -1432993.133772373  -1926380.93999459  1924999.118839386

cov*(cov_.inverse()):
    0.9999999999620464  7.639755494892597e-11 -3.783497959375381e-10                      0 -1.455191522836685e-11                      0
 4.521183427641517e-11     0.9999999996871338 -1.309672370553017e-10  7.275957614183426e-11                      0                      0
 9.023892744153272e-12  -8.36735125631094e-11     0.9999999999417923  -2.91038304567337e-11                      0  -2.91038304567337e-11
-2.401634446869139e-12  2.182787284255028e-11 -1.600710675120354e-10     0.9999999999563443                      0  -2.91038304567337e-11
 8.062528422669857e-11  -4.94765117764473e-10  1.600710675120354e-10 -7.275957614183426e-11     0.9999999999708962   2.91038304567337e-11
-1.378452907374594e-12 -6.548361852765083e-11 -1.455191522836685e-11   2.91038304567337e-11                      0                      1
