5
2

0.0001077874644641959
0.0003218488811046423
0.0006544200533512887
   0.1015907348427868
   0.5855865096137153

-0.03993211604076499   0.4789050366189682  -0.7936426721359809   0.3726430599857407 -0.01799585560109425
  -0.383499871662272   0.6682280671589359   0.1380725122879093  -0.5973818978441756   0.1745564326361241
  0.4154604146728713  -0.2431338320206765  -0.3878507813290613  -0.4375099396476882   0.6530202199769168
 -0.7309045323804851  -0.2958882472860188 -0.01674723959320936   0.2923884293150047   0.5407931638180946
  0.3801374526786835    0.421256811229168   0.4476143336666172   0.4768291906802011   0.5003134490251585

0.3997465830194619
0.3998978094607282
0.3999583290851321
 0.400007637587836
0.4000882692084504

-0.0003479107256188161
    0.3998869419680862

  0.3464295373982948   -0.965856586621451     9.28258054545211   -8.360839789471912  -0.3022480777820026
   1.342240735069958  -0.4788281514875724   0.9103691998764463   -0.756081997110729 -0.01766758323335105

-1.272605352879217e-07  5.640561170229802e-07  1.023899383540636e-07   -0.02818520664099437   -0.08849791826738559
-1.495080414407883e-08 -2.697738415601574e-08  2.741910201675313e-07   -0.01120041732736536     0.1188735020813933

cov:
0.05506587397677697 0.05714425333989553 0.05847436463282017 0.05995070087904499 0.06113829663433385
0.05714425333989553 0.06175580800930761 0.06471079273741963 0.06798692313970832 0.07062068170134235
0.05847436463282017 0.06471079273741963 0.06870824564561706 0.07313905134646848 0.07670059868860599
0.05995070087904499 0.06798692313970832 0.07313905134646848 0.07884890176140813 0.08343816244448921
0.06113829663433385 0.07062068170134235 0.07670059868860599 0.08343816244448921 0.08885395172480752

cov.inverse():
 1960136.553764509 -4355784.671605028  1840363.361699949  506392.8444565298  49064.92775021174
-4355784.671588563  24189405.22277237 -31603436.95263227  11755240.20633105  13503.74964811464
 1840363.361669719 -31603436.95292438  54749546.54271025 -25855532.16125657  870582.2746503702
 506392.8444688951  11755240.20707102  -25855532.1623953  15844296.17063256 -2250966.113247135
 49064.92775159028   13503.7492167399  870582.2754667263 -2250966.113633473  1317779.368897597

cov*(cov_.inverse()):
     1.000000000015007  1.172111296909861e-10  3.565219230949879e-10   2.91038304567337e-10 -1.455191522836685e-11
-1.364242052659392e-11      1.000000000345494 -1.600710675120354e-10  3.201421350240707e-10  1.455191522836685e-11
-2.637534635141492e-11   6.65295374346897e-10     0.9999999997235136  1.164153218269348e-10                      0
 4.547473508864641e-13  6.434675015043467e-11  4.365574568510056e-11                      1  1.455191522836685e-11
-9.094947017729282e-12 -5.456968210637569e-12 -8.731149137020111e-11 -5.820766091346741e-11                      1
