6
2

0.0001977627370944126
 0.000401278786594891
 0.000507618762246277
 0.000784064223093333
   0.1145591798347848
   0.6321938051253503

 -0.2601366849027595   0.7483037428556103   -0.605919443994455  0.03643009698537826  0.05793347825399658  0.02342223551599355
 -0.1945468980043524   0.2135642321850323    0.290911597305918 -0.05532886812281203  -0.7583498559080762   0.5037424720603467
 -0.5046110916862694   0.3032844887047614   0.5841944635458735  -0.3941370490731892   0.2855185127085145  -0.2742957514604045
  0.4133578279496989  0.05352694058954863  -0.1336041317796561  -0.8191241342469249   0.1443766787685361   0.3414837272802717
 -0.5851255091167793  -0.4006587968453743  -0.1867071234478158  0.01352221687426183   0.3512443099688395   0.5819670965874346
  0.3558250981105959   0.3729044666025512   0.3927330960461123   0.4112424507255955   0.4425055890998351   0.4638533431474873

0.3994108347790386
0.3993665862935755
  0.39927753260905
0.3992465996580958
0.3990684981824993
0.3989347599094732

0.001418873293059934
  0.3997793174865625

-0.01425717165479604    1.199288668106495    1.204535110735176    0.532666492727528   0.5060759900457371   -3.428335229804003
   1.458172857749372   -0.231224994183933 -0.03330971764048604  0.05491112664835569  0.05197640659111141   -0.300488833391474

 5.464241329312273e-09 -2.465191751455768e-07  5.023489177573058e-07 -1.006113916900302e-06   -0.03290502614133266   -0.09273935025895406
-2.089239277649472e-08 -8.640229833261796e-08 -1.931998803410787e-07  2.795506650650076e-07   -0.01194565963861009     0.1301908703031362

cov:
 0.0550960938633535 0.05610823654992052 0.05728508748395075   0.058379726214966  0.0602325133952353 0.06149677228319615
0.05610823654992052 0.05768385542914402 0.05951406673969511 0.06121973889746207 0.06410340740937126 0.06607186752931549
0.05728508748395075 0.05951406673969511 0.06210227866546736  0.0645168211041178  0.0685964513860282 0.07138188175671202
  0.058379726214966 0.06121973889746207  0.0645168211041178 0.06759501644450322 0.07279283806063697 0.07634246436914109
 0.0602325133952353 0.06410340740937126  0.0685964513860282 0.07279283806063697 0.07987891059494275 0.08471776025461328
0.06149677228319615 0.06607186752931549 0.07138188175671202 0.07634246436914109 0.08471776025461328 0.09043773049415564

cov.inverse():
 3231469.511412567 -5793202.960093712  2444875.492547341  45605.70301591131  68814.05308050393  2339.248649021068
-5793202.960096803  14962374.85001915 -10531416.15616826  88425.95138158007  451284.6631180369  823119.4619468073
 2444875.492584576 -10531416.15622744  11266373.35327167 -1379910.141030246 -1651665.043483246 -148891.8924166345
 45605.70307224664  88425.95120580663 -1379910.140896448  1747239.933970731 -314558.6865253361 -186718.3495062097
 68814.05283084707  451284.6637325704 -1651665.043876548 -314558.6865431902  4007570.303134296 -2561412.115856488
 2339.248808199843  823119.4615641336 -148891.8921790726 -186718.3494739878 -2561412.115902789  2071612.397081607

cov*(cov_.inverse()):
     1.000000000052097 -3.637978807091713e-11  1.218722900375724e-10 -1.818989403545856e-12  -2.91038304567337e-11  1.455191522836685e-11
-8.384404281969182e-12      1.000000000021828   8.36735125631094e-11  9.094947017729282e-12 -8.731149137020111e-11                      0
-3.012701199622825e-12  1.455191522836685e-11      1.000000000170985  3.637978807091713e-12  -2.91038304567337e-11   2.91038304567337e-11
 2.989963832078502e-11 -1.164153218269348e-10 -1.818989403545856e-11      1.000000000005457  -2.91038304567337e-11                      0
 8.185452315956354e-12  5.820766091346741e-11  4.911271389573812e-11 -7.275957614183426e-12     0.9999999999417923   2.91038304567337e-11
 1.114131009671837e-11 -4.365574568510056e-11  1.818989403545856e-11 -7.275957614183426e-12                      0                      1
