7
2

 0.000111329583912433
0.0002382744901073137
0.0003533129402187874
0.0004066578472086766
0.0007247408401906952
   0.1156630248198898
   0.7413904615659653

 -0.02188098010787811    0.1430429117923219   -0.7070126963703256    0.6871074405633241  -0.06005202453162052  -0.05680358477528414   0.01560344498835304
  -0.2903225880780968    0.7901294056210655   -0.2713541244324886   -0.4313459314507227     0.140816398561703      0.10160662785732  -0.03953199805853883
  0.05807075641250939   -0.0937014065112823  -0.07880361073079449 -0.001471149139773839   -0.2461954882197077    0.8350792325910893   -0.4729335230228683
  -0.1809305393352202    0.2463877886133358    0.2473125715781371    0.1186583622640532   -0.8320435071368195   0.02899311840291201    0.3717215138770617
   0.6631146611843295     -0.09070517968126   -0.4295380128392783   -0.4209743844435868   -0.1819573646007467   0.06983689501856309    0.3903120613451855
  -0.5829854453442438   -0.4064685178688947   -0.2188716314710049   -0.1287286826273645    0.1752229746611864    0.3308366093860569    0.5387759244299112
   0.3154882904100667    0.3351167948034962    0.3559758048844655     0.365993955195732    0.3998053359773016    0.4170389265963039    0.4401451471722551

 0.398218960630278
0.3971463107857882
0.3959642887536533
0.3954641838686971
0.3935008137876569
0.3925062429004309
0.3911560255427273

0.01509187054545943
 0.4003449433892264

  0.2668295477435945    0.691896038235248   -5.467651410772898    7.566572610795231    1.178204769599798   0.1976900116532199   -4.434000973524221
   1.370108090518227 -0.06778899398984004   -1.136970008568788    1.177686720585067   0.1455221948354362  -0.1372386203710802  -0.3511822547326305

 1.116316626115674e-07 -5.391542669501533e-08  2.924029076597385e-07 -4.886675288567016e-07 -1.393911875972698e-06   -0.03118656487313248    -0.1424120330979276
 1.942121845250694e-08 -3.578930307052745e-08  2.364702237455329e-08 -1.094163273938253e-07  3.856115775160724e-07   -0.01181357085570423     0.1551160743920103

cov:
0.05925624193843375 0.06128307033933243 0.06343706217097943 0.06447129402880424 0.06796410604066391 0.06973902194013808 0.07212424624026309
0.06128307033933243 0.06393890156097169 0.06676100564269996 0.06811616886093813 0.07269140943303096 0.07501966783179197  0.0781451333095258
0.06343706217097943 0.06676100564269996 0.07029320325066175 0.07198944978292457 0.07771509526313783 0.08063143979607297 0.08454363150593315
0.06447129402880424 0.06811616886093813 0.07198944978292457 0.07384959684678284 0.08012797142155599 0.08332686628353808 0.08761703771664561
0.06796410604066391 0.07269140943303096 0.07771509526313783 0.08012797142155599 0.08827087685183163 0.09242267897766522 0.09798782729381712
0.06973902194013808 0.07501966783179197 0.08063143979607297 0.08332686628353808 0.09242267897766522 0.09706198493704733  0.1032788102818949
0.07212424624026309  0.0781451333095258 0.08454363150593315 0.08761703771664561 0.09798782729381712  0.1032788102818949  0.1103678310446854

cov.inverse():
 2585379.936109794 -4720581.304882867  1786246.923060801  330727.2264988347 -47983.05181306106  25616.99344565389  40635.00258682366
-4720581.304799382  13100140.45654872 -11434269.26268762  2177528.801572734  243214.3353617256  162768.7032195247  471329.0749757633
 1786246.923354001 -11434269.26378348  42398277.01925882 -36610740.33207799  1812439.668949016  2213714.920824761 -165861.5353535704
 330727.2260598389   2177528.80272019 -36610740.33163605  41791215.31029449 -4847266.989528014 -3966017.390033793  1124824.491592454
-47983.05157633602  243214.3349077156  1812439.667406935 -4847266.987516098  5375149.867908215 -1289812.482450377 -1246389.360520327
 25616.99299307412  162768.7047733702  2213714.918702824 -3966017.389093958 -1289812.482397381   6043005.25052095 -3188976.881466171
 40635.00286494498  471329.0739079217 -165861.5329340023  1124824.489790853 -1246389.360320751 -3188976.881494026  2964556.111405631

cov*(cov_.inverse()):
     1.000000000060936 -1.164153218269348e-10   3.41970007866621e-10  -3.92901711165905e-10 -1.455191522836685e-11   2.91038304567337e-11  -2.91038304567337e-11
 6.093614501878619e-11      1.000000000130967  1.637090463191271e-10 -6.548361852765083e-10  4.365574568510056e-11 -8.731149137020111e-11                      0
-4.547473508864641e-13 -1.164153218269348e-10       1.00000000066575 -1.033185981214046e-09  4.365574568510056e-11  5.820766091346741e-11 -8.731149137020111e-11
 2.637534635141492e-11  2.182787284255028e-10 -1.964508555829525e-10      1.000000000101863 -7.275957614183426e-11  5.820766091346741e-11  -2.91038304567337e-11
 5.593392415903509e-11  6.548361852765083e-11 -2.328306436538696e-10 -3.637978807091713e-10     0.9999999999417923  5.820766091346741e-11 -5.820766091346741e-11
 2.455635694786906e-11 -1.455191522836685e-11 -4.729372449219227e-11 -2.473825588822365e-10 -1.455191522836685e-11      1.000000000058208                      0
-9.094947017729282e-12 -1.455191522836685e-11  2.546585164964199e-10 -1.164153218269348e-10  -2.91038304567337e-11                      0                      1
