5
2

0.0004224210333592056
0.0005293968370928922
0.0007281789175103741
   0.1002645433505939
   0.5742801775245615

 -0.5132258576789839   0.7666780019223201   -0.166403114087763  -0.2857438810628902   0.1986567351868116
 -0.2548479432063138   0.2086582086438417  -0.1878453706538067   0.7607711930619835  -0.5267405303752835
  0.2980400345117034 -0.02357618150777021   -0.848622873454823   0.1739035742303851   0.4002662451580849
 -0.6551485224574061  -0.4471981987094691  0.09062772534792966   0.2906818390103098   0.5273375280223555
  0.3919238397996775   0.4100299111899784   0.4567821739006122   0.4741721644947589   0.4947544641043689

0.3993168790867062
0.3992382499768428
 0.399049388957846
 0.398947518173338
0.3988139596613181

0.001570382882119341
  0.3996983509090958

  1.252642463395629  0.5485981865619551   1.477641103231836  0.7940763407818273  -4.073202314071088
  1.594609919802513 -0.4150042472985289   0.125066263351272 0.06996853123530125  -0.374645300558227

-2.684169396589851e-07  6.354355862594603e-07  -1.26507277415912e-06   -0.02864307340856705   -0.08174495149350557
-2.233705990933703e-07 -7.452121014790495e-08  1.278513053722788e-07   -0.01030439013208467     0.1186444742576868

cov:
0.05497339466727721  0.0559439032588891  0.0584446519963575 0.05937491502916219 0.06047671536774865
 0.0559439032588891 0.05745766109307614 0.06136179556890974 0.06281403892153913  0.0645333814579689
 0.0584446519963575 0.06136179556890974 0.06889524538807923 0.07169673155967521 0.07501293038637141
0.05937491502916219 0.06281403892153913 0.07169673155967521 0.07500109836557996 0.07891105814802445
0.06047671536774865  0.0645333814579689 0.07501293038637141 0.07891105814802445 0.08352429038200913

cov.inverse():
 1875439.548536574  -2408070.93756873  172419.4668581442  227795.7055372471  132551.2248576466
-2408070.937551226  3450503.612450139 -817087.4536988585 -669058.5914979618  443557.2019093687
 172419.4668284305  -817087.453657829   1639250.98053417 -521757.0733412621 -472803.3419048639
 227795.7055199941 -669058.5914862134 -521757.0733207681   2579740.22648997 -1616670.146190698
 132551.2248871089  443557.2018740946 -472803.3419140395 -1616670.146175708  1513332.309682213

cov*(cov_.inverse()):
     1.000000000050022  -2.91038304567337e-11                      0  1.455191522836685e-11 -1.455191522836685e-11
 4.001776687800884e-11     0.9999999999890861 -1.818989403545856e-11  1.455191522836685e-11  -2.91038304567337e-11
 2.000888343900442e-11                      0                      1                      0 -1.455191522836685e-11
 3.637978807091713e-12   2.91038304567337e-11 -7.275957614183426e-12                      1 -1.455191522836685e-11
 2.728484105318785e-11  -2.91038304567337e-11  7.275957614183426e-12                      0                      1
