5
2

0.0002677811966251726
0.0004770796874637734
0.0006243709035525463
   0.1107905861982397
   0.5749166011709801

 -0.4725053485254269   0.7802010179185465  -0.3971019021387844 -0.01160256578547222   0.1009976585801939
  0.1787680153668888  -0.1797959699323016  -0.6172651607657483   0.7355009547356066  -0.1172069655171252
  0.4494867715801422 -0.06551446611071093  -0.5037242962981596  -0.4562218663773595   0.5760147036862622
 -0.6279385533056367  -0.4367608634445026  0.04090078020953059    0.178592541255282   0.6175475300103377
  0.3852732896834844   0.4048550156888358   0.4537430551752495   0.4678354827258658   0.5127417571360311

0.3975492923676909
0.3976282094341288
  0.39773306508208
 0.397844641829901
0.3978287248128716

-0.0002569674796253164
    0.3977048628635211

-0.2065799021985888   3.259899264522603  -2.115341687478529   1.471624187978783  -2.409955182155747
  1.449554380891956 -0.1209427459554698 -0.2664524371014899  0.1356535063501108 -0.1978172186275621

 2.309329837237206e-07  4.660269003858487e-07 -5.069596281979872e-07   -0.03198793970492664   -0.08819553972027853
-4.983807521789668e-08  1.293501279763948e-07  2.408674457812088e-07   -0.01186017689997455     0.1158979592327825

cov:
0.05390229700940636 0.05492223197902501  0.0574661211423212 0.05819947594590706 0.06053484610404294
0.05492223197902501 0.05651777308987121 0.06049899050051995 0.06164658120095862  0.0653025330023904
 0.0574661211423212 0.06049899050051995 0.06807097378405166 0.07025340584495246 0.07720852339538545
0.05819947594590706 0.06164658120095862 0.07025340584495246 0.07273462140800527 0.08064055015402928
0.06053484610404294  0.0653025330023904 0.07720852339538545 0.08064055015402928 0.09157867615162964

cov.inverse():
 3772235.249487386 -5357797.958420146   1551049.64112761  128104.0417929912 -93455.54628317432
-5357797.958440751  8641983.792294413 -3748382.906039787  -630583.294956358  1094662.430164544
 1551049.641201673 -3748382.906187277  4523998.017949066 -1340925.210177323 -985730.7053544746
 128104.0417451965 -630583.2948210827 -1340925.210321422   2912545.34604895 -1069184.221999483
-93455.54628883468  1094662.430156149 -985730.7052838005 -1069184.222056103  1053744.253560755

cov*(cov_.inverse()):
     1.000000000012733 -5.820766091346741e-11 -1.455191522836685e-11  7.275957614183426e-12  1.455191522836685e-11
-2.819433575496078e-11     0.9999999999563443  1.455191522836685e-11                      0                      0
 1.182343112304807e-11 -1.455191522836685e-11                      1   2.91038304567337e-11 -1.455191522836685e-11
-7.275957614183426e-12  -2.91038304567337e-11 -4.365574568510056e-11                      1                      0
-1.455191522836685e-11                      0                      0 -1.455191522836685e-11                      1
