6
2

0.0001192171455301885
 0.000230471548826927
0.0005194816429853305
0.0006082726101791791
  0.07898333513534786
   0.6384837824052867

-0.02983234570800085   0.2043445888997429  -0.7227156984943359   0.6548680287708104 -0.03752507176548706 -0.06910190424022865
  0.3192356559274721  -0.7768082896572565   0.2125894130481165    0.472106363025956 -0.09376805945405793  -0.1333654812191148
 -0.4055193167265066   0.2352013792388788   0.4306029713540555   0.3516926674735472  -0.6827327412587522  0.07073717329315533
  0.4284050238707774 -0.08498756647871031  -0.2770635316610778  -0.2193120189822343  -0.5034396984382076   0.6564546875879392
 -0.6434477959141817  -0.3798834649301913 -0.08625311532349816  0.07264287177127901   0.2949238206971634   0.5847793090294959
  0.3676911480458057   0.3846532827468799   0.4035654112919516   0.4137643846929506   0.4280698938845847   0.4466936650982067

0.4005083683174933
0.4003178011892998
0.4000649814108626
 0.399994279102557
0.3997853306630196
0.3995015676197545

0.003404862548252035
  0.4011383478958028

  0.1845754839342628    3.193918782384058   0.3556031407463398   0.3523266855686732  -0.6341876440682632   -3.452292440913493
   1.488820437280738  -0.1109503333872754 -0.04892229740962964  0.02985697089215211 -0.06079668189590168  -0.2979386276091244

 1.255323731603031e-08 -8.819161075079898e-08  3.082286686033638e-07 -8.565999679328415e-07   -0.02210269547947584   -0.09290048940569012
 1.519583373425485e-10  3.243345671244667e-08 -1.673069615860842e-07   1.81030839747011e-07  -0.006872186397771962     0.1378901150134894

cov:
0.05769748584761619 0.05918186608361469 0.06083798640643062 0.06172894963297156 0.06298106203144527 0.06460924738474712
0.05918186608361469 0.06121716454661234 0.06348685850448391 0.06470956909940689 0.06642598392848238 0.06865944488150416
0.06083798640643062 0.06348685850448391 0.06644031278861262 0.06803270364498995 0.07026652381870668 0.07317447471336214
0.06172894963297156 0.06470956909940689 0.06803270364498995 0.06982503842329754 0.07233866795835343 0.07561137871884271
0.06298106203144527 0.06642598392848238 0.07026652381870668 0.07233866795835343 0.07524429726451168 0.07902722144225895
0.06460924738474712 0.06865944488150416 0.07317447471336214 0.07561137871884271 0.07902722144225895 0.08347631593962197

cov.inverse():
 3086708.364158066  -5549359.96946252   1826782.32959359  680385.9100047098 -41789.92946044556 -2756.966947991093
-5549359.969073587  14522903.56198867 -13060956.49039802  2868019.387056581   352362.105721232  867707.2754631281
 1826782.327748236 -13060956.48696806  38495422.83059593 -30685066.18411632  820447.1266203868  2601350.421926332
 680385.9117058193  2868019.383433915 -30685066.18189508  34958236.89377887 -3153771.933857847 -4666220.505735357
-41789.92948817883  352362.1058291171  820447.1262915384 -3153771.933563651   2676904.77413205 -654270.1349041571
-2756.967164850251  867707.2759367004  2601350.421618569 -4666220.505729777 -654270.1348586738  1854117.422091944

cov*(cov_.inverse()):
     1.000000000001336  1.382431946694851e-10 -1.164153218269348e-10  4.074536263942719e-10 -5.093170329928398e-11 -1.455191522836685e-11
 9.634959496906959e-12     0.9999999998763087  1.455191522836685e-10  4.074536263942719e-10 -6.548361852765083e-11 -7.275957614183426e-11
-2.282263267261442e-11  1.382431946694851e-10     0.9999999994761311  4.656612873077393e-10 -7.275957614183426e-12  -2.91038304567337e-11
 4.268940756446682e-11 -1.455191522836685e-11 -2.037268131971359e-10      1.000000000291038 -7.275957614183426e-12 -5.820766091346741e-11
 4.590106073010247e-11 -1.309672370553017e-10 -2.037268131971359e-10  1.746229827404022e-10     0.9999999999417923  -2.91038304567337e-11
 1.674038685450796e-11 -7.275957614183426e-11   2.91038304567337e-11  5.820766091346741e-11 -7.275957614183426e-12     0.9999999999708962
