5
2

0.0001172048011599355
0.0003455668695911223
0.0008305774562990584
   0.0142701989337591
    0.519581482014656

-0.3727105374242569    0.80747560228222 -0.4560269296564934 -0.0103857854862369 0.03164777874975126
-0.4318151496364356  0.2421930176814376  0.7613865151155264 -0.2093837852584769 -0.3623909819544199
0.09725598893797545   0.059709347357394 0.08416959820604097 -0.8100815568021855  0.5689107280765864
-0.6831408378221027 -0.2939583973273208 0.07128169890417899  0.3148459021121689  0.5854041626645452
 0.4455136363264284  0.4464851043251412  0.4473973761294021  0.4479849274058092  0.4486800019086086

0.4007374313112481
0.4009375113082894
0.4009583080937234
0.4009533109596077
0.4010013042222517

-0.0002902324854424143
    0.4008839831832032

0
0
0
0
0

0
0

0
0
0
0
0

0
0

0
0
0
0
0

0
0

0
0
0
0
0

0
0

0
0
0
0
0

0
0

0
0
0
0
0

0
0

0
0
0
0
0

0
0

0
0
0
0
0

0
0

0
0
0
0
0

0
0

0
0
0
0
0

0
0

0
0
0
0
0

0
0

0
0
0
0
0

0
0

0
0
0
0
0

0
0

0
0
0
0
0

0
0

0
0
0
0
0

0
0

0
0
0
0
0

0
0

0
0
0
0
0

0
0

0
0
0
0
0

0
0

0
0
0
0
0

0
0

0
0
0
0
0

0
0

0
0
0
0
0

0
0

0
0
0
0
0

0
0

0
0
0
0
0

0
0

0
0
0
0
0

0
0

0
0
0
0
0

0
0

0
0
0
0
0

0
0

0
0
0
0
0

0
0

0
0
0
0
0

0
0

0
0
0
0
0

0
0

0
0
0
0
0

0
0

0
0
0
0
0

0
0

0
0
0
0
0

0
0

0
0
0
0
0

0
0

0
0
0
0
0

0
0

0
0
0
0
0

0
0

0
0
0
0
0

0
0

0
0
0
0
0

0
0

0
0
0
0
0

0
0

0
0
0
0
0

0
0

0
0
0
0
0

0
0

0
0
0
0
0

0
0

0
0
0
0
0

0
0

0
0
0
0
0

0
0

0
0
0
0
0

0
0

0
0
0
0
0

0
0

0
0
0
0
0

0
0

0
0
0
0
0

0
0

0
0
0
0
0

0
0

0
0
0
0
0

0
0

0
0
0
0
0

0
0

0
0
0
0
0

0
0

0
0
0
0
0

0
0

0
0
0
0
0

0
0

0
0
0
0
0

0
0

0
0
0
0
0

0
0

0
0
0
0
0

0
0

0
0
0
0
0

0
0

0
0
0
0
0

0
0

0
0
0
0
0

0
0

0
0
0
0
0

0
0

0
0
0
0
0

0
0

0
0
0
0
0

0
0

0
0
0
0
0

0
0

0
0
0
0
0

0
0

0
0
0
0
0

0
0

0
0
0
0
0

0
0

0
0
0
0
0

0
0

0
0
0
0
0

0
0

0
0
0
0
0

0
0

0
0
0
0
0

0
0

0
0
0
0
0

0
0

0
0
0
0
0

0
0

0
0
0
0
0

0
0

0
0
0
0
0

0
0

0
0
0
0
0

0
0

0
0
0
0
0

0
0

0
0
0
0
0

0
0

    2.25643096513553    5.714307280230053   -7.483663629580438  0.03327832956215572  -0.5203590805977183
   1.222982763540527   0.9940447384903928   -1.306028231824974    0.115706113876733 -0.02759298695108264

 9.848176711223251e-08 -6.098301127241314e-07 -2.705930199956128e-07 -0.0008244959119212627  -0.002730465221172951
 1.291765707911753e-08 -1.547603435269865e-07 -2.832632845643842e-08 -0.0002444674267125358     0.1198164329793378

cov:
0.05367834961217968 0.05374100705630077  0.0537999001594856 0.05383667137471872 0.05388273190616108
0.05374100705630077 0.05383483733926935 0.05392293658005208 0.05397911722667537 0.05404675513210507
 0.0537999001594856 0.05392293658005208 0.05403848048251476    0.05411283838785 0.05420078383504919
0.05383667137471872 0.05397911722667537    0.05411283838785 0.05420003698247355 0.05430067940335113
0.05388273190616108 0.05404675513210507 0.05420078383504919 0.05430067940335113 0.05441767362605567

cov.inverse():
 11689826.40484265 -22774756.41954022  9631316.673263572  923667.0635059166  529997.6483997579
-22774756.41891355  47961195.84204397 -25254440.20547226 -1105717.011532578  1173712.913115271
 9631316.672183406 -25254440.20389051   20003569.2392583 -1088957.900293116 -3291560.902112698
 923667.0635206527  -1105717.01159773 -1088957.900218057  1326726.939314519 -55663.72859198324
 529997.6488385252  1173712.912225322 -3291560.901686157 -55663.72856734146  1643503.987700881

cov*(cov_.inverse()):
    0.9999999999345164  3.128661774098873e-10 -1.746229827404022e-10 -8.185452315956354e-12 -1.455191522836685e-11
-1.346052158623934e-10     0.9999999997307896 -5.820766091346741e-11 -1.909938873723149e-11                      0
-3.346940502524376e-10  4.583853296935558e-10     0.9999999998835847  -1.13686837721616e-11                      0
-2.073647920042276e-10  1.527951098978519e-10                      0     0.9999999999704414 -1.455191522836685e-11
-6.548361852765083e-11 -3.492459654808044e-10  8.731149137020111e-11  9.094947017729282e-12     0.9999999999854481
