5
2

0.0001186425402661837
0.0003463706861939484
0.0008290528561789197
  0.01427229859012957
   0.5195816815960806

-0.3718973762073079  0.8071862702843046  -0.457088507522521 -0.0111810926232981 0.03298099594035067
 -0.432255134675573  0.2435207536927941  0.7607893776829141 -0.2104564182624768 -0.3616085727474799
0.09835300520274211 0.05829292413245805 0.08380687857632939 -0.8098044703325004  0.5693169137628593
-0.6831488427696086 -0.2939407372490155 0.07128612719398589   0.314815575829577  0.5854194589290866
 0.4455133949802814  0.4464848771985453  0.4473972667201416  0.4479854375138422  0.4486800673453425

0.4007376397045223
0.4009368721754073
0.4009574928078731
0.4009530812692152
0.4009997937398733

-0.0002902324854424143
    0.4008839831832032

   2.218792495793819     5.78772523737257   -7.522543717833042  0.04274779200585836   -0.526730028081155
   1.201468170883652    1.039732912104141   -1.332665122544965   0.1184063319289447 -0.02783032038550601

 1.022938744288507e-07 -6.108108910796699e-07 -2.813416450706858e-07 -0.0008246055934608419  -0.002730644553218288
 1.406675370807067e-08 -1.553498763754821e-07 -3.068212779347615e-08 -0.0002445234029633547     0.1198164219067605

cov:
0.05367836322934142 0.05374100166289838 0.05379989542251139 0.05383673547806897 0.05388272532170391
0.05374100166289838  0.0538348271945309 0.05392293608628514 0.05397919094659739 0.05404676724947994
0.05379989542251139 0.05392293608628514  0.0540384962377248 0.05411292975007553 0.05420082306004313
0.05383673547806897 0.05397919094659739 0.05411292975007553 0.05420020215126431 0.05430080032008919
0.05388272532170391 0.05404676724947994 0.05420082306004313 0.05430080032008919 0.05441775492173823

cov.inverse():
 11399500.03126476 -22194388.71200282  9347210.527565198  936740.5497563713  510983.3465035883
-22194388.71212723  46787480.47357028 -24660322.12051011  -1137494.47235484  1204729.953933292
 9347210.527816553 -24660322.12090522  19677614.29176785 -1070127.685179902 -3294450.283891241
 936740.5496841252 -1137494.472189724 -1070127.685284056  1332656.555725745 -61721.60099476602
 510983.3464488924  1204729.954038878 -3294450.283930847 -61721.60100604943  1640448.317914037

cov*(cov_.inverse()):
    0.9999999999490683   1.01863406598568e-10  2.037268131971359e-10 -1.818989403545856e-11  -2.91038304567337e-11
-1.091393642127514e-11     0.9999999995998223  3.783497959375381e-10 -4.547473508864641e-13  -2.91038304567337e-11
-7.275957614183426e-12 -3.637978807091713e-11      1.000000000174623 -9.094947017729282e-12  -2.91038304567337e-11
-3.637978807091713e-12  1.236912794411182e-10  2.328306436538696e-10     0.9999999999949978 -1.455191522836685e-11
-5.093170329928398e-11  8.731149137020111e-11                      0 -8.185452315956354e-12                      1
