6
2

 0.128646457873494
0.1363624552480973
 1.926569318214084
 4.414254435198969
  7.43298577293158
 23.60927842667595

   0.4057127576962571   -0.7867283101510224  -0.07758867804344428    0.4587307804506809   0.00132288355295757 0.0002057549516638741
  0.04595846089057493    0.3553196740788166   -0.8295086326494517    0.4284287014815512 0.0001415338877888554  7.18339775565849e-05
  -0.5362797183046892   0.06795079717061267    0.3341507362884556     0.648287340775162   -0.2748006871364337   -0.3167619681666623
   0.1802067191195596   0.08036947401737038   0.03763531113779368  -0.01291297631264364   -0.8590424919365646    0.4706688023186406
  -0.6937567145634456    -0.390366304514679   -0.2572004029864053  -0.09993051796205556   0.09836010363069055    0.5296252482604207
   0.1786510599812061     0.302231832090934     0.355907638154315    0.4190293417258444    0.4205402470130358    0.6305789268259651

74.86581123595482
132.2292817024515
157.1558650633779
186.4801484506594
222.6455120035376
263.8378732414963

  3.383438799228314
0.06421246651966285

0
0
0
0
0
0

0
0

0
0
0
0
0
0

0
0

0
0
0
0
0
0

0
0

0
0
0
0
0
0

0
0

0
0
0
0
0
0

0
0

0
0
0
0
0
0

0
0

0
0
0
0
0
0

0
0

0
0
0
0
0
0

0
0

0
0
0
0
0
0

0
0

0
0
0
0
0
0

0
0

0
0
0
0
0
0

0
0

0
0
0
0
0
0

0
0

0
0
0
0
0
0

0
0

0
0
0
0
0
0

0
0

0
0
0
0
0
0

0
0

0
0
0
0
0
0

0
0

0
0
0
0
0
0

0
0

0
0
0
0
0
0

0
0

0
0
0
0
0
0

0
0

0
0
0
0
0
0

0
0

0
0
0
0
0
0

0
0

0
0
0
0
0
0

0
0

0
0
0
0
0
0

0
0

0
0
0
0
0
0

0
0

0
0
0
0
0
0

0
0

0
0
0
0
0
0

0
0

0
0
0
0
0
0

0
0

0
0
0
0
0
0

0
0

0
0
0
0
0
0

0
0

0
0
0
0
0
0

0
0

0
0
0
0
0
0

0
0

0
0
0
0
0
0

0
0

0
0
0
0
0
0

0
0

0
0
0
0
0
0

0
0

0
0
0
0
0
0

0
0

0
0
0
0
0
0

0
0

0
0
0
0
0
0

0
0

0
0
0
0
0
0

0
0

0
0
0
0
0
0

0
0

0
0
0
0
0
0

0
0

0
0
0
0
0
0

0
0

0
0
0
0
0
0

0
0

0
0
0
0
0
0

0
0

0
0
0
0
0
0

0
0

0
0
0
0
0
0

0
0

0
0
0
0
0
0

0
0

0
0
0
0
0
0

0
0

0
0
0
0
0
0

0
0

0
0
0
0
0
0

0
0

0
0
0
0
0
0

0
0

0
0
0
0
0
0

0
0

0
0
0
0
0
0

0
0

0
0
0
0
0
0

0
0

0
0
0
0
0
0

0
0

0
0
0
0
0
0

0
0

0
0
0
0
0
0

0
0

0
0
0
0
0
0

0
0

0
0
0
0
0
0

0
0

0
0
0
0
0
0

0
0

0
0
0
0
0
0

0
0

0
0
0
0
0
0

0
0

0
0
0
0
0
0

0
0

0
0
0
0
0
0

0
0

0
0
0
0
0
0

0
0

0
0
0
0
0
0

0
0

0
0
0
0
0
0

0
0

0
0
0
0
0
0

0
0

0
0
0
0
0
0

0
0

0
0
0
0
0
0

0
0

0
0
0
0
0
0

0
0

0
0
0
0
0
0

0
0

0
0
0
0
0
0

0
0

0
0
0
0
0
0

0
0

0
0
0
0
0
0

0
0

0
0
0
0
0
0

0
0

0
0
0
0
0
0

0
0

0
0
0
0
0
0

0
0

  -0.03869388332456916   0.009898121868994244    0.01324922796124142    0.01541564811148939 -3.813687512448745e-05  7.542270942657858e-05
     1.852690095137718    -0.2078147007752348    -0.2982091049748369    -0.3438252949594316   0.001107654436222689  -0.001773373452013919

-0.0002886656603677204 -4.922313614362526e-05      0.132992556484603    -0.1132028845607746     0.9982573309102291      4.060899044670085
   0.01291835122953263    0.00207086719716772      -4.93640264111971      6.013184758359869     -60.44074654035926      9.652242958938503

cov:
46.08442552120354 45.20071589286683 44.76537038829071 44.22482065972758 35.63771134766146 44.77583057343249
45.20071589286683  59.4898100959113 65.64332379158748 72.88650666677884  67.3096458222939  95.4640159547079
44.76537038829071 65.64332379158748 74.71552558467567 85.33537139800488 81.05919081629246 117.5218940619822
44.22482065972758 72.88650666677884 85.33537139800488 99.99285861328153 97.23583080803729 143.4771426454248
35.63771134766146  67.3096458222939 81.05919081629246 97.23583080803729 113.7724428970873 143.1356574362282
44.77583057343249  95.4640159547079 117.5218940619822 143.4771426454248 143.1356574362282 241.8246988036331

cov.inverse():
    10.14735427099247    -18.41212188889015     -3.99683792016472      12.2120553759745   0.06343927008285995   0.04889331836814713
   -18.41212188889206     44.19264573127671    -12.15418314219035    -13.60711619004126  -0.06922198655839305   -0.0156662169032288
   -3.996837920161194    -12.15418314219758     37.39962845999651    -21.20369646653247  -0.03910376749478287  -0.03384012022063901
    12.21205537597287    -13.60711619003589    -21.20369646653622     22.69998881287706 -0.007360996413543331   -0.0487638669420473
  0.06343927008286082  -0.06922198655840239  -0.03910376749476886 -0.007360996413548869   0.05881629985766174  0.004137859493000394
  0.04889331836815185  -0.01566621690324475  -0.03384012022062736  -0.04876386694204769  0.004137859493000384   0.04419524213920409

cov*(cov_.inverse()):
     1.000000000000079  1.731947918415244e-13 -4.130029651605582e-14  1.478817068800709e-13  8.326672684688674e-17  2.220446049250313e-16
-1.172395514004165e-13      1.000000000000658 -2.859934511434403e-13  7.993605777301127e-14  1.110223024625157e-15                      0
 7.105427357601002e-15  7.009948177483238e-13     0.9999999999994507  2.744471316873387e-13 -2.220446049250313e-16                      0
 1.607602939657227e-13  1.096456259119805e-12 -6.510347816401918e-13     0.9999999999999893   3.33066907387547e-16                      0
-1.012523398458143e-13  6.803446694902959e-13 -4.973799150320701e-14  4.058975378029572e-13     0.9999999999999988  8.881784197001252e-16
-6.039613253960852e-14  7.847056338050606e-13 -5.151434834260726e-13  5.933031843596837e-13  6.661338147750939e-16                      1
