6
2

0.1285980881849389
0.1362878162877886
 1.925659443744733
  4.41195148355432
 7.430192661108613
 23.59273662087971

   0.4055261000040672   -0.7868098261183119  -0.07761250064195714    0.4587520034332117  0.001314810909396095 0.0002238337590686773
   0.0459451459763897    0.3553032962679427   -0.8295156064156196     0.428430215811243 0.0001137525392806383 8.470868674556916e-05
  -0.5360976286613429   0.06815127799382045     0.334250964995613    0.6482764372211245   -0.2749182332128673   -0.3168416864018934
    0.180171604047527   0.08027524719593569   0.03758117959698391  -0.01299643248625634   -0.8589879767763448    0.4707998313710219
  -0.6939784992281385   -0.3901794590107364   -0.2570206038494078  -0.09976344198057858   0.09848872400309314    0.5295672464007432
   0.1787987528602617    0.3022600584700788    0.3559276822523307    0.4190586580141844    0.4205447067526485    0.6304897610599578

74.86700360199386
 132.228902834198
157.1553782094211
186.4794788289109
222.6451603177274
263.8368780398899

  3.383438799228314
0.06421246651966285

 -0.03867481431217409  0.009874556832557417   0.01323880218770228   0.01545227681894262 -3.69552867498504e-05 7.670877565005372e-05
    1.852127270466264   -0.2070554461695889   -0.2977886263728503   -0.3449216226556833  0.001088879927913698 -0.001794924539323473

-0.0002876165058774529 -4.885107000933263e-05     0.1328810455668772    -0.1131101648635833     0.9981235542789944      4.057719990337233
   0.01288068465569167   0.002057561127710271     -4.931500573432768      6.006810238391065     -60.42172939954501      9.666263692384106

cov:
46.08325824651195 45.17169104004392 44.73613303416563 44.19711643581807 35.61422234221435 44.73958898401543
45.17169104004392 59.41325826912131 65.55758973874306 72.79312824049902 67.22049590603577 95.32380265907072
44.73613303416563 65.55758973874306 74.61644711860896 85.22441659108704 80.94977843851626  117.347158939844
44.19711643581807 72.79312824049902 85.22441659108704 99.86568676957886 97.10825653304013 143.2675894785046
35.61422234221435 67.22049590603577 80.94977843851626 97.10825653304013 113.6205900256576 142.9170173662784
44.73958898401543 95.32380265907072  117.347158939844 143.2675894785046 142.9170173662784 241.4343358375862

cov.inverse():
    10.14577367719476    -18.41911714248026    -3.999688767686269     12.21665963864102   0.06321449608646076   0.04940826560288846
   -18.41911714247991     44.23536075374177    -12.16663552362215    -13.61812865010015  -0.06944217393978808  -0.01631094759277295
   -3.999688767686908    -12.16663552362085     37.44133695432905    -21.22717182135433  -0.03787960661652966  -0.03454663800856671
     12.2166596386413    -13.61812865010108    -21.22717182135368     22.72172130055679 -0.008253325634007538  -0.04802513366027943
  0.06321449608646328  -0.06944217393980313  -0.03787960661651148 -0.008253325634013188   0.05888714523648263  0.004153612356732286
  0.04940826560289205  -0.01631094759277757  -0.03454663800857181  -0.04802513366027331  0.004153612356732296    0.0442567089008309

cov*(cov_.inverse()):
     1.000000000000032  3.730349362740526e-14 -5.306866057708248e-14 -2.797762022055394e-14  1.942890293094024e-16                      0
 -1.13686837721616e-13      1.000000000000016  2.424727085781342e-13 -2.664535259100376e-14  9.436895709313831e-16                      0
-2.486899575160351e-14 -3.244071677954707e-13      1.000000000000183  1.687538997430238e-13  2.220446049250313e-16 -8.881784197001252e-16
-7.815970093361102e-14 -2.651212582804874e-13 -7.362999099314038e-13      1.000000000000048  2.220446049250313e-16                      0
 1.509903313490213e-14 -3.814726312612038e-13 -5.950795411990839e-14 -7.815970093361102e-14                      1 -8.881784197001252e-16
 -1.06581410364015e-13 -4.827249711070181e-13 -7.780442956573097e-13  3.819167204710538e-13 -1.110223024625157e-15     0.9999999999999982
