5
2

0.0002458817479498427
 0.001596937866097799
 0.003345915568993074
   0.0777235849530932
   0.5645358902212201

   0.3060642763915035   -0.7983966995282314    0.5182202557740865  -0.01327483513608816  -0.01260611585392594
  -0.3302797601762434    0.3033354330586128    0.6465306967637889   -0.6171669159737806 -0.002439475068418412
   0.2995208920842061    0.2462683974573784    0.1849342827055689    0.1579975135088236   -0.8890867271667388
  -0.7386822902186575   -0.1267804931612316    0.2532468260113955     0.598786617707566   -0.1248831943882041
   0.4023377288513592    0.4402600461104108    0.4638007986656566    0.4852011425778849    0.4401864538349677

0.3988785262881094
0.3989897839014693
0.3990225006168885
0.3990656579085567
0.3990523771176571

-6.638600848489013e-05
    0.3990564171617313

0
0
0
0
0

0
0

0
0
0
0
0

0
0

0
0
0
0
0

0
0

0
0
0
0
0

0
0

0
0
0
0
0

0
0

0
0
0
0
0

0
0

0
0
0
0
0

0
0

0
0
0
0
0

0
0

0
0
0
0
0

0
0

0
0
0
0
0

0
0

0
0
0
0
0

0
0

0
0
0
0
0

0
0

0
0
0
0
0

0
0

0
0
0
0
0

0
0

0
0
0
0
0

0
0

0
0
0
0
0

0
0

0
0
0
0
0

0
0

0
0
0
0
0

0
0

0
0
0
0
0

0
0

0
0
0
0
0

0
0

0
0
0
0
0

0
0

0
0
0
0
0

0
0

0
0
0
0
0

0
0

0
0
0
0
0

0
0

0
0
0
0
0

0
0

0
0
0
0
0

0
0

0
0
0
0
0

0
0

0
0
0
0
0

0
0

0
0
0
0
0

0
0

0
0
0
0
0

0
0

0
0
0
0
0

0
0

0
0
0
0
0

0
0

0
0
0
0
0

0
0

0
0
0
0
0

0
0

0
0
0
0
0

0
0

0
0
0
0
0

0
0

0
0
0
0
0

0
0

0
0
0
0
0

0
0

0
0
0
0
0

0
0

0
0
0
0
0

0
0

0
0
0
0
0

0
0

0
0
0
0
0

0
0

0
0
0
0
0

0
0

0
0
0
0
0

0
0

0
0
0
0
0

0
0

0
0
0
0
0

0
0

0
0
0
0
0

0
0

0
0
0
0
0

0
0

0
0
0
0
0

0
0

0
0
0
0
0

0
0

0
0
0
0
0

0
0

0
0
0
0
0

0
0

0
0
0
0
0

0
0

0
0
0
0
0

0
0

0
0
0
0
0

0
0

0
0
0
0
0

0
0

0
0
0
0
0

0
0

0
0
0
0
0

0
0

0
0
0
0
0

0
0

0
0
0
0
0

0
0

0
0
0
0
0

0
0

0
0
0
0
0

0
0

0
0
0
0
0

0
0

0
0
0
0
0

0
0

0
0
0
0
0

0
0

0
0
0
0
0

0
0

0
0
0
0
0

0
0

0
0
0
0
0

0
0

0
0
0
0
0

0
0

0
0
0
0
0

0
0

0
0
0
0
0

0
0

0
0
0
0
0

0
0

0
0
0
0
0

0
0

0
0
0
0
0

0
0

0
0
0
0
0

0
0

0
0
0
0
0

0
0

0
0
0
0
0

0
0

     1.027778676698742      7.186662577918572     -8.047937276727092   -0.09518810633227626   -0.07156407611168923
     1.390886832328828     0.2399501059812488    -0.6198170057465396 -0.0002222444558415693    -0.0107499119474618

-5.798921793508917e-07 -8.425390851705723e-06  7.141798138480388e-06   -0.02269288205270825   -0.07419740060277444
-5.256074896141002e-09 -2.007433259189053e-06  4.148798350718651e-06  -0.007331314337548767      0.118854759090497

cov:
0.05488743877120306 0.05701879015730098 0.05834102714222027 0.05954413940642003 0.05699735239432741
0.05701879015730098 0.06187147276013761 0.06488348366638376 0.06762052537747726 0.06185628918889276
0.05834102714222027 0.06488348366638376 0.06894499474873581 0.07263472721225675 0.06487267816855861
0.05954413940642003 0.06762052537747726 0.07263472721225675 0.07719579078493967 0.06761448090982608
0.05699735239432741 0.06185628918889276 0.06487267816855861 0.06761448090982608 0.06185583576018666

cov.inverse():
 1600311.800950507 -4074517.323013135  2544644.726855703  16881.22789467033 -87273.05412056313
-4074517.323015955  10585002.87855026   -6762570.4234609  105360.0202111397  146629.5307882586
 2544644.726869034 -6762570.423490975   4608950.81305162 -267615.2360131569 -123364.5600201576
  16881.2278876949  105360.0202292531 -267615.2360243892  154562.9512022896 -9201.101267781001
-87273.05412410045  146629.5307974064 -123364.5600256741 -9201.101267875121  73242.74888705128

cov*(cov_.inverse()):
     1.000000000021828 -6.730260793119669e-11  3.456079866737127e-11 -9.094947017729282e-13 -9.094947017729282e-13
 9.094947017729282e-13      1.000000000087311 -6.548361852765083e-11 -5.911715561524034e-12 -9.094947017729282e-13
-3.819877747446299e-11  4.729372449219227e-11     0.9999999999045031  1.818989403545856e-12  1.818989403545856e-12
 2.273736754432321e-11  3.456079866737127e-11  3.274180926382542e-11     0.9999999999997726                      0
 1.364242052659392e-11  6.912159733474255e-11  1.091393642127514e-11 -1.591615728102624e-12     0.9999999999990905
