5 
6 
8 
11 
12 
inputFileName = /Users/demattia/RemoteProjects/extracted_hybrid.root
eventsFractionStartBuild = 0
eventsFractionEndBuild = 0.2
eventsFractionStartTest = 0.8
eventsFractionEndTest = 1
var name = R
var name = z
par name = cotTheta
firstOrderChargeOverPtCoefficientsFileName = 
firstOrderCotThetaCoefficientsFileName = 
pT > 2, pT regions = 1
0 < phi < 0.8, phi regions = 1
-3 < eta < 3, eta regions = 1
-15 < z0 < 15, eta regions = 1
charge regions = 1
endcap regions = 0
Training
Requested running from track number 0 to track number 1000000 for a total of 1000000 tracks.
Analyzed 10% of 1000000 tracks
Analyzed 20% of 1000000 tracks
Analyzed 30% of 1000000 tracks
Analyzed 40% of 1000000 tracks
Analyzed 50% of 1000000 tracks
Analyzed 60% of 1000000 tracks
Analyzed 70% of 1000000 tracks
Analyzed 80% of 1000000 tracks
Analyzed 90% of 1000000 tracks
Analyzed 100% of 1000000 tracks
Evaluating eigenvalues:
geomIndex = 0
Sqrt(eigenvalues) of cov:
 0.13301 0.6775 0.942706 1.01522 1.75953 1.87067 1.99143 3.01407 7.10781 11.5462
Analyzed 10% of 1000000 tracks
Analyzed 20% of 1000000 tracks
Analyzed 30% of 1000000 tracks
Analyzed 40% of 1000000 tracks
Analyzed 50% of 1000000 tracks
Analyzed 60% of 1000000 tracks
Analyzed 70% of 1000000 tracks
Analyzed 80% of 1000000 tracks
Analyzed 90% of 1000000 tracks
Analyzed 100% of 1000000 tracks
opening GeometricIndex.txt for writing
Matrices built:
geomIndex = 0

V_0:
   0.518614   -0.324373   -0.664593    0.415754   0.0760177  -0.0463721   0.0336696  -0.0152971   0.0396875  -0.0203289
   0.267547  -0.0840243    0.125793  -0.0422549   -0.856294    0.319711     0.13243  -0.0749338    0.189864  -0.0953579
   0.624589 -0.00998374    0.489292  -0.0501034    0.255036  -0.0346039   -0.316586    0.316836    0.218574   -0.230748
   0.416685   0.0382919    0.317634 -0.00612421    0.158639   0.0132382    0.398933   -0.497152   -0.361312    0.402223
  -0.120209   -0.167118   0.0864517   0.0764813    0.318902    0.468245    0.511388   -0.041931   0.0307416   -0.599271
   0.113288    0.178288  -0.0259336  -0.0119655   -0.205571   -0.347712    0.371328    0.549627   -0.554808   -0.208839
  -0.259624   -0.469736    0.440052    0.663126   -0.110111   -0.234667 0.000542836   0.0617912  -0.0211142   0.0842881
  0.0242288    0.137365   0.0126142   0.0635085   -0.119675   -0.395572   -0.267836   -0.578694   -0.185951   -0.603616
 -0.0200547   -0.627847  -0.0140473   -0.380801  -0.0147201    0.225757    -0.34756   0.0193757   -0.535759   -0.028382
 0.00643288    0.439008  0.00670292     0.47754  -0.0123021    0.539993    -0.36058   0.0606481   -0.391455    0.021552
corrPV_0:
0.00228148 0.00940745  0.0118611 0.00886441 -0.0197438 0.00810325 0.00762471  -0.038839   0.931223    0.39389
D_0:
  0.0843586  -0.0536442  -0.0739229   0.0469074 -0.00549611  0.00342988 -0.00246522  0.00111374 -0.00293918  0.00142502
opening matrixVD_0.txt for writing
