5 
6 
8 
11 
12 
inputFileName = /Users/demattia/RemoteProjects/extracted_hybrid.root
eventsFractionStartBuild = 0
eventsFractionEndBuild = 0.2
eventsFractionStartTest = 0.8
eventsFractionEndTest = 1
var name = R
var name = z
par name = cotTheta
firstOrderChargeOverPtCoefficientsFileName = 
firstOrderCotThetaCoefficientsFileName = 
2 < pT < 10, pT regions = 1
0 < phi < 0.8, phi regions = 1
-3 < eta < 3, eta regions = 1
-15 < z0 < 15, eta regions = 1
charge regions = 1
endcap regions = 0
Training
Requested running from track number 0 to track number 1000000 for a total of 1000000 tracks.
Analyzed 10% of 1000000 tracks
Analyzed 20% of 1000000 tracks
Analyzed 30% of 1000000 tracks
Analyzed 40% of 1000000 tracks
Analyzed 50% of 1000000 tracks
Analyzed 60% of 1000000 tracks
Analyzed 70% of 1000000 tracks
Analyzed 80% of 1000000 tracks
Analyzed 90% of 1000000 tracks
Analyzed 100% of 1000000 tracks
Evaluating eigenvalues:
geomIndex = 0
Sqrt(eigenvalues) of cov:
 0.133234 0.673461 0.948033 1.01905 1.75227 1.85907 1.99475 3.02334 7.11304 11.5737
Analyzed 10% of 1000000 tracks
Analyzed 20% of 1000000 tracks
Analyzed 30% of 1000000 tracks
Analyzed 40% of 1000000 tracks
Analyzed 50% of 1000000 tracks
Analyzed 60% of 1000000 tracks
Analyzed 70% of 1000000 tracks
Analyzed 80% of 1000000 tracks
Analyzed 90% of 1000000 tracks
Analyzed 100% of 1000000 tracks
opening GeometricIndex.txt for writing
Matrices built:
geomIndex = 0

V_0:
    0.51884   -0.324562     -0.6644    0.415808   0.0750576  -0.0462016   0.0338285  -0.0156786   0.0397774  -0.0199874
   0.286898  -0.0797863    0.138146  -0.0465447   -0.851216    0.315349    0.128157  -0.0699559    0.188758  -0.0954516
   0.586847 -0.00979489    0.462249  -0.0457265    0.254483  -0.0536593   -0.352459    0.358126    0.235502    -0.25331
   0.458948   0.0381123    0.353766  -0.0060894     0.18138  -0.0011723    0.368964   -0.469796   -0.350771    0.387225
  -0.124139    -0.19817    0.111479   0.0956701    0.333151    0.492911    0.479195  -0.0824468   0.0808022   -0.571692
   0.101707    0.175416  -0.0344201  -0.0205745   -0.173244   -0.302219     0.41375    0.540574   -0.550515   -0.263536
  -0.258946   -0.462176    0.431789    0.659193      -0.128   -0.248341  0.00151734   0.0896675  -0.0317255    0.106094
  0.0143779    0.126062   0.0192568   0.0771276   -0.119855   -0.395677   -0.265569   -0.578576    -0.18381   -0.606295
 -0.0204047   -0.628165  -0.0139539     -0.3804  -0.0154315    0.225608   -0.347676   0.0201796    -0.53558  -0.0287087
 0.00636265    0.438876  0.00667002     0.47754  -0.0120924    0.540472   -0.360339   0.0606866   -0.391219   0.0205636
corrPV_0:
0.00227895 0.00937258  0.0110403 0.00972736 -0.0186068 0.00510796 0.00863011 -0.0399788   0.932003   0.395263
D_0:
  0.0839673    -0.05345  -0.0735619   0.0466859 -0.00547752  0.00342408 -0.00247738  0.00111445  -0.0029738  0.00146571
opening matrixVD_0.txt for writing
