6
1

0.0003982680911306023
0.0006106549933853452
0.0007626945644492888
 0.001817923506182197
  0.04258674614114644
   0.6513552652162679

  0.01124628097828398   0.04633793283883781   -0.2460817818834292    0.6148279154459755    -0.697036739863421    0.2707332477520762
  -0.1982097513211476   -0.4729039965481308    0.7882065344547814    0.2331920428264558   -0.1752750942123167   -0.1752292101337159
 0.004846802747719626    0.2202023715093976    0.3298907669258279   -0.6174168723938288    -0.448016679095406    0.5106240955121462
   0.6941850811279885   -0.6600382119782054   -0.1373573377269299   -0.1178497885542343 -0.001547887158747758    0.2229318842686681
  -0.5661472844886331   -0.3587903458134528   -0.1616854244191684   0.06853806278944459    0.3329608818301109    0.6395655937177894
   0.3976773183800735    0.4016771938887538    0.4053851043981673    0.4096565299381856    0.4145288109384194     0.420141038067888

0.4034482227452066
0.4036207570053881
 0.403604871786572
0.4036206848494015
0.4036273210907619
0.4035989777343487

0.0001265495866639386

0
0
0
0
0
0

0

0
0
0
0
0
0

0

0
0
0
0
0
0

0

0
0
0
0
0
0

0

0
0
0
0
0
0

0

0
0
0
0
0
0

0

0
0
0
0
0
0

0

0
0
0
0
0
0

0

0
0
0
0
0
0

0

0
0
0
0
0
0

0

0
0
0
0
0
0

0

0
0
0
0
0
0

0

0
0
0
0
0
0

0

0
0
0
0
0
0

0

0
0
0
0
0
0

0

0
0
0
0
0
0

0

0
0
0
0
0
0

0

0
0
0
0
0
0

0

0
0
0
0
0
0

0

0
0
0
0
0
0

0

0
0
0
0
0
0

0

0
0
0
0
0
0

0

0
0
0
0
0
0

0

0
0
0
0
0
0

0

0
0
0
0
0
0

0

0
0
0
0
0
0

0

0
0
0
0
0
0

0

0
0
0
0
0
0

0

0
0
0
0
0
0

0

0
0
0
0
0
0

0

0
0
0
0
0
0

0

0
0
0
0
0
0

0

0
0
0
0
0
0

0

0
0
0
0
0
0

0

0
0
0
0
0
0

0

0
0
0
0
0
0

0

0
0
0
0
0
0

0

0
0
0
0
0
0

0

0
0
0
0
0
0

0

0
0
0
0
0
0

0

0
0
0
0
0
0

0

0
0
0
0
0
0

0

0
0
0
0
0
0

0

0
0
0
0
0
0

0

0
0
0
0
0
0

0

0
0
0
0
0
0

0

0
0
0
0
0
0

0

0
0
0
0
0
0

0

0
0
0
0
0
0

0

0
0
0
0
0
0

0

0
0
0
0
0
0

0

0
0
0
0
0
0

0

0
0
0
0
0
0

0

0
0
0
0
0
0

0

0
0
0
0
0
0

0

0
0
0
0
0
0

0

0
0
0
0
0
0

0

0
0
0
0
0
0

0

0
0
0
0
0
0

0

0
0
0
0
0
0

0

0
0
0
0
0
0

0

0
0
0
0
0
0

0

0
0
0
0
0
0

0

0
0
0
0
0
0

0

0
0
0
0
0
0

0

0
0
0
0
0
0

0

0
0
0
0
0
0

0

0
0
0
0
0
0

0

0
0
0
0
0
0

0

0
0
0
0
0
0

0

0
0
0
0
0
0

0

0
0
0
0
0
0

0

0
0
0
0
0
0

0

0
0
0
0
0
0

0

0
0
0
0
0
0

0

0
0
0
0
0
0

0

0
0
0
0
0
0

0

0.6933429883100004  6.227836212413756 -8.903404872402886  10.96714389986611 0.7481960193967639 -9.736881539528174

 9.632263108943506e-07 -2.225397685885004e-06 -7.934892270046706e-06 -1.940158877470901e-05    -0.0116327351394116   -0.05089202278177508

cov:
0.06767905155900476 0.06813791445461594 0.06856223514118494 0.06904660549677125 0.06959744744916549 0.07023004580268835
0.06813791445461594 0.06868766179185376 0.06918994352833223 0.06976799807472776 0.07042608476292758 0.07118263240683732
0.06856223514118494 0.06918994352833223  0.0697700349834488 0.07043678063707572 0.07119713723279961 0.07207252141081402
0.06904660549677125 0.06976799807472776 0.07043678063707572 0.07120815033357177 0.07208756329548961 0.07310075623445156
0.06959744744916549 0.07042608476292758 0.07119713723279961 0.07208756329548961 0.07310425253183198 0.07427606305900963
0.07023004580268835 0.07118263240683732 0.07207252141081402 0.07310075623445156 0.07427606305900963 0.07563257933800015

cov.inverse():
 252184.6503277366  117956.8969350872 -462460.7733170746 -110277.4517220248  39582.29842798322  163218.5486651956
 117956.8969370912  828514.9315960599 -919133.2401150691 -326314.2548168814 -150701.3318870206  449959.2471783571
-462460.7733164502 -919133.2401080731  2240634.877706333 -806202.8403661189  456870.6668405585 -510147.3178685643
-110277.4517282362 -326314.2548210328 -806202.8403300978  3188531.185843803  -2335848.21535584  389929.0258633033
 39582.29843139822 -150701.3318896981  456870.6667987197 -2335848.215299669  3490595.268117428 -1500620.159854292
 163218.5486653675  449959.2471801892 -510147.3178551253  389929.0258327896 -1500620.159839219  1007932.365536536

cov*(cov_.inverse()):
     0.999999999998181  3.637978807091713e-12                      0 -3.637978807091713e-12 -1.455191522836685e-11                      0
 1.818989403545856e-12                      1                      0  7.275957614183426e-12                      0                      0
 3.637978807091713e-12                      0                      1 -4.365574568510056e-11                      0                      0
                     0                      0  2.182787284255028e-11     0.9999999999199645  1.455191522836685e-11                      0
-3.637978807091713e-12 -2.182787284255028e-11  1.455191522836685e-11  -2.91038304567337e-11     0.9999999999854481 -1.455191522836685e-11
-1.818989403545856e-12                      0                      0 -3.637978807091713e-12 -1.455191522836685e-11                      1
