6
1

0.0004420548082571889
0.0006811696210538163
0.0008491731711405365
 0.002035949107304234
    0.047201517210959
   0.6557294862676777

   0.01173493666198521    0.04465590226175653    -0.2458331584413024     0.6160317108857043    -0.6964813668419736     0.2699126464074423
   -0.1990526537659215    -0.4684085501397104     0.7940169094801712     0.2223537520857722    -0.1818298724020169    -0.1673479162701487
  0.008948089849463759     0.2274434389165695     0.3162595144411323    -0.6202623074022489    -0.4462892007379217     0.5140719333206735
    0.6938514741268516     -0.660964005827215    -0.1363849946891194    -0.1175593973972701 -0.0005034376127660376     0.2219805908421884
    -0.567817373628356    -0.3602732375669733    -0.1632799121867111    0.06679755720581682     0.3312616611128783     0.6379107249476057
    0.3953654335372794     0.4002480979803161     0.4047492170415388      0.409946685030597     0.4158641735906279     0.4226894958329208

0.4028507719361718
0.4029856636086749
0.4029425140684919
0.4029346726419267
0.4029122231061565
0.4028410636731467

0.0008629402379879718

0.6447656075858489  6.207257174469857 -8.855861827899002  10.94595247389579 0.9120255936929416 -9.858457261608917

  1.15464219066141e-06 -2.853433405416945e-06 -9.841164008559319e-06 -2.455235652016854e-05   -0.01428575499478171   -0.06259358620372114

cov:
0.06793235285995561 0.06849597258971278 0.06901333965279147 0.06960594231178702 0.07027771536734642 0.07105072704770284
0.06849597258971278 0.06917348937826782 0.06978830540364951 0.07049803255926725 0.07130393070845754 0.07223197413759895
0.06901333965279147 0.06978830540364951 0.07050019512954384 0.07132055912360899 0.07225408610271861 0.07333042574969234
0.06960594231178702 0.07049803255926725 0.07132055912360899 0.07227140891933305 0.07335350479526927 0.07460181648121264
0.07027771536734642 0.07130393070845754 0.07225408610271861 0.07335350479526927  0.0746069761956271 0.07605331638964712
0.07105072704770284 0.07223197413759895 0.07333042574969234 0.07460181648121264 0.07605331638964712 0.07773024549350965

cov.inverse():
 202499.0827557178   95903.9802982519 -374259.3625096724 -85787.67650298961  30473.51239056492  131375.6603675567
 95903.98030123983  660264.8018595575 -736225.8459227729  -260597.984307271 -116338.9292614196  357267.8991335693
-374259.3625082804 -736225.8459089727  1811248.543375282 -662646.0555053258  369286.5175914518 -407821.2475363985
 -85787.6765078694 -260597.9843189046 -662646.0554742678  2585442.798583969 -1898864.334434894  322231.0914711329
 30473.51238629576 -116338.9292640671  369286.5175839965 -1898864.334410817  2829887.438866893  -1214524.76801556
 131375.6603723271  357267.8991370361 -407821.2475448143  322231.0914616046 -1214524.768005848  811727.9852855443

cov*(cov_.inverse()):
                     1                      0  1.091393642127514e-11  2.182787284255028e-11  1.455191522836685e-11                      0
 1.818989403545856e-12      0.999999999996362  2.182787284255028e-11  1.818989403545856e-11   2.91038304567337e-11                      0
 3.637978807091713e-12  3.637978807091713e-12      1.000000000010914  3.637978807091713e-12                      0  7.275957614183426e-12
-3.637978807091713e-12 -3.637978807091713e-12  7.275957614183426e-12       1.00000000003638  -2.91038304567337e-11                      0
                     0 -3.637978807091713e-12  1.091393642127514e-11  3.274180926382542e-11      1.000000000029104  7.275957614183426e-12
 3.637978807091713e-12  3.637978807091713e-12                      0  1.091393642127514e-11                      0      0.999999999992724
