5 
6 
8 
9 
10 
inputFileName = /Users/demattia/RemoteProjects/extracted_prompt_extrapolated.root
eventsFractionStartBuild = 0
eventsFractionEndBuild = 0.2
eventsFractionStartTest = 0.8
eventsFractionEndTest = 1
var name = R
var name = z
par name = cotTheta
firstOrderChargeOverPtCoefficientsFileName = 
firstOrderCotThetaCoefficientsFileName = 
2 < pT < 10, pT regions = 1
0 < phi < 0.8, phi regions = 1
-3 < eta < 3, eta regions = 1
-15 < z0 < 15, eta regions = 1
charge regions = 1
endcap regions = 0
Training
Requested running from track number 0 to track number 1000000 for a total of 1000000 tracks.
Analyzed 10% of 1000000 tracks
Analyzed 20% of 1000000 tracks
Analyzed 30% of 1000000 tracks
Analyzed 40% of 1000000 tracks
Analyzed 50% of 1000000 tracks
Analyzed 60% of 1000000 tracks
Analyzed 70% of 1000000 tracks
Analyzed 80% of 1000000 tracks
Analyzed 90% of 1000000 tracks
Analyzed 100% of 1000000 tracks
Evaluating eigenvalues:
geomIndex = 0
Sqrt(eigenvalues) of cov:
 0.325482 0.921294 0.945057 1.00507 1.0755 1.16081 1.50181 1.54036 8.16786 53.7077
Analyzed 10% of 1000000 tracks
Analyzed 20% of 1000000 tracks
Analyzed 30% of 1000000 tracks
Analyzed 40% of 1000000 tracks
Analyzed 50% of 1000000 tracks
Analyzed 60% of 1000000 tracks
Analyzed 70% of 1000000 tracks
Analyzed 80% of 1000000 tracks
Analyzed 90% of 1000000 tracks
Analyzed 100% of 1000000 tracks
opening GeometricIndex.txt for writing
Matrices built:
geomIndex = 0

V_0:
   -0.269395     0.572976     0.322248    -0.698758   -0.0107992    0.0265229   -0.0179913    0.0419861   -0.0271232    0.0581001
   -0.555333     0.028407    -0.309904    0.0970312     0.653214    -0.253568    -0.241778    0.0611311    -0.164143    0.0722532
   0.0906884   -0.0258448    0.0391422    -0.044156  -0.00383377   0.00994958    -0.711803     0.253606     0.615413     -0.19442
    0.674804     0.078899     0.336707   -0.0319326     0.536065    -0.154193    -0.148482    0.0535933    -0.292688    0.0479157
   0.0122025   0.00838794    -0.161795   -0.0246948    -0.436356    0.0199376    -0.575479    0.0114351    -0.671291    -0.015816
    0.391802     0.269757    -0.808928     -0.30634    0.0344188   -0.0155596    0.0962831   0.00251792     0.110179    0.0516749
   -0.039237    -0.219351   -0.0660949    -0.196999     0.287393     0.773267    0.0310645    0.0766635    -0.159057    -0.441011
   0.0144231    0.0133209    0.0166607    0.0136949     0.107818     0.328562     -0.26664    -0.779927     0.140875     0.424668
 -0.00645959    -0.715577  -0.00482877    -0.552058  -0.00172362    -0.136989  0.000379333     0.129388   0.00229262     0.384188
 0.000112983     0.175544  2.91155e-05     0.247255 -9.50073e-05     0.431074 -7.52076e-05     0.544307  -8.2844e-05     0.652651
corrPV_0:
-0.00158562  -0.0029877 0.000514467   0.0032522   0.0039374 -0.00261338  0.00638823 4.70247e-05    0.841365     16.0403
D_0:
  0.0073016  -0.0176008 -0.00185524  0.00435376 -0.00117227  0.00296911 -0.00182633  0.00436933  -0.0025221  0.00599808
opening matrixVD_0.txt for writing
