10
1

0.3254821537285859
0.9212942333270512
0.9450573012256287
 1.005070776843535
 1.075496259264691
 1.160810802372358
 1.501809022510509
 1.540360389446987
 8.167855935918141
   53.707661626364

   -0.2693950278170971     0.5729763760211913     0.3222478670778726    -0.6987580428858641   -0.01079920796859367    0.02652291129616719   -0.01799127312098293    0.04198612331454185   -0.02712323923106326    0.05810011095402573
   -0.5553325315520053    0.02840703565033177    -0.3099044959423862    0.09703123003617604     0.6532143646210811    -0.2535675878156208    -0.2417784745789314    0.06113112930461449      -0.16414344399778    0.07225316486344176
   0.09068844521862862   -0.02584481962749879    0.03914217309354336   -0.04415596435238576  -0.003833771571857156   0.009949581894516658    -0.7118030413318515      0.253606407604639     0.6154130320488695    -0.1944199595528927
    0.6748041586571755    0.07889895102977251     0.3367070783689822   -0.03193256832572221     0.5360653554436163    -0.1541933656785207    -0.1484822382277981     0.0535933153488297    -0.2926878231187861    0.04791573639568215
   0.01220252062099321   0.008387944889689537    -0.1617947634916543   -0.02469483494174419    -0.4363558719801904    0.01993756860732022    -0.5754793230320826      0.011435142656483    -0.6712913281379821   -0.01581600117108033
    0.3918020481023148     0.2697574462021709    -0.8089281603701555    -0.3063396321159931    0.03441883600807776   -0.01555956002675041    0.09628314101386611   0.002517924069628555     0.1101794296930352    0.05167485252549953
  -0.03923699168971801    -0.2193505282964809   -0.06609492197936649    -0.1969986745700841     0.2873930567038118     0.7732670063350463    0.03106449630186239    0.07666345578763906    -0.1590574717992328     -0.441010870476552
   0.01442306552199822    0.01332092395049317    0.01666068793948624    0.01369488373052471     0.1078181600821376     0.3285621788909182    -0.2666400038288925    -0.7799266331202062     0.1408751277069678      0.424668450044799
 -0.006459585320788652    -0.7155773826030616   -0.00482876850161761    -0.5520575948177555  -0.001723616365926289    -0.1369893432457422  0.0003793334429148388     0.1293878423822203   0.002292619263608738     0.3841883828197784
 0.0001129830689694135     0.1755436825953271  2.911552807389781e-05     0.2472554935602611 -9.500733985229189e-05     0.4310739729902365 -7.520758314637068e-05       0.54430739693826 -8.284395592997277e-05     0.6526513530938755

22.67876419478716
9.370771203639258
35.56015836148963
 14.7342769393886
68.34663619973927
28.42770002689877
88.51690735401397
36.89753043887846
107.7147075857721
45.00105507122365

0.4158369843497212

 0.007301600185331059  -0.01760080083275187 -0.001855244442178967  0.004353759669397644 -0.001172274983471019  0.002969109423082005 -0.001826325133309862  0.004369329975803412 -0.002522103990932816  0.005998078127371072

-0.001585617005491628  -0.00298770371562201 0.0005144673422084299  0.003252200161000321  0.003937403307564736 -0.002613384295435467  0.006388226867167944 4.702470688492082e-05    0.8413647437497129     16.04028145984172

cov:
   0.9505931011002984    0.5499340688670454  -0.05127368268257759    0.1231716121595633   0.04849828593419764    0.1488632491837248  -0.01374386816553186    0.1167085094888424 -0.004948500233093055     0.108955096671146
   0.5499340688670454     123.2982814271354   0.02089993291625459     151.4991457321461  -0.03841297167837419     224.4228302283894  -0.05289770927658069     269.3784653570941  -0.07785357833409108     312.3983110831167
 -0.05127368268257759   0.02089993291625459     1.132505061651267    0.5052709714845547   0.01611939371490522  0.006784642561381028  -0.02495475535583609  -0.03066498578086883 -0.001719926439612312  -0.04730999196928097
   0.1231716121595633     151.4991457321461    0.5052709714845547     196.9553496084906   -0.0927569284096733     312.1469784359969  -0.09910224242858748     383.3704682615781   -0.1209180066882291     451.5255792172902
  0.04849828593419764  -0.03841297167837419   0.01611939371490522   -0.0927569284096733     1.088410789638311    0.2479629385822985   0.03482889632602058   -0.2575307869526166   0.02504966674420549   -0.3232727357767495
   0.1488632491837248     224.4228302283894  0.006784642561381028     312.1469784359969    0.2479629385822985      538.950205551888   -0.1971744741996154     675.1370207295623   -0.2230257670279099     807.5565433162789
 -0.01374386816553186  -0.05289770927658069  -0.02495475535583609  -0.09910224242858748   0.03482889632602058   -0.1971744741996154      1.09089639748894     0.194817735429076   0.04734520477708887   -0.3127247154124107
   0.1167085094888424     269.3784653570941  -0.03066498578086883     383.3704682615781   -0.2575307869526166     675.1370207295623     0.194817735429076     857.2334816059584   -0.2920725852286662     1027.119614568275
-0.004948500233093055  -0.07785357833409108 -0.001719926439612312   -0.1209180066882291   0.02504966674420549   -0.2230257670279099   0.04734520477708887   -0.2920725852286662     1.089863031404223   0.09164861819698952
    0.108955096671146     312.3983110831167  -0.04730999196928097     451.5255792172902   -0.3232727357767495     807.5565433162789   -0.3127247154124107     1027.119614568275   0.09164861819698952     1239.427538045062

cov.inverse():
   1.623199228898414   -1.343055122106717   -0.623459596316307    1.601826755863043  -0.0411469449590719 -0.01929299836235812  0.05223819419130842 -0.09044647767547709  0.07191422241574456  -0.1576759960555259
  -1.343055122106716    3.190001303274201    1.601151350764419   -3.813583846541686 -0.01816658425584037  0.04779968399098758 -0.08581853676781144   0.2133757525594436  -0.1594355410860691   0.3774486510195208
 -0.6234595963163009    1.601151350764405    1.717628240346796   -1.980246416972608 -0.06012741616923276   0.1085091592988401 -0.02722384768247203   0.1235294560245877 -0.05975534914982593   0.1448691704243029
   1.601826755863029   -3.813583846541651   -1.980246416972607    4.715252423193554   0.1061739073403684  -0.2609085727870579   0.1170548892953143  -0.2972174526871154   0.1429336902051237  -0.3404265262507206
-0.04114694495907763 -0.01816658425582676  -0.0601274161692258   0.1061739073403518   0.9953096998124322  -0.1741683904769624 -0.04857799838856922  0.04019280327781052  -0.0393311697616316  0.04632363600381097
-0.01929299836234421  0.04779968399095448   0.1085091592988231  -0.2609085727870176  -0.1741683904769623   0.4175177988374067  0.04515549107620655  -0.0948393468109303  0.04590563994396026   -0.110472515060406
 0.05223819419129775 -0.08581853676778603 -0.02722384768245998   0.1170548892952857 -0.04857799838856816  0.04515549107620411   0.9846250534508819   -0.151345010975926 -0.07225021158801244  0.07522179244183556
-0.09044647767545086   0.2133757525593813   0.1235294560245584  -0.2972174526870457  0.04019280327780806 -0.09483934681092449   -0.151345010975926   0.3553428101360304  0.07850832604267848  -0.1782066341585891
 0.07191422241575528  -0.1594355410860946  -0.0597553491498393   0.1429336902051556 -0.03933116976163138  0.04590563994395968 -0.07225021158801007  0.07850832604267276   0.9657186270140028  -0.1069640130390658
 -0.1576759960555509   0.3774486510195803   0.1448691704243342  -0.3404265262507951   0.0463236360038104  -0.1104725150604045  0.07522179244182997  -0.1782066341585756  -0.1069640130390657   0.2494067793327632

cov*(cov_.inverse()):
    0.9999999999999997 -1.179611963664229e-16 -6.938893903907228e-18 -2.775557561562891e-16                      0  8.673617379884035e-18 -1.040834085586084e-17  1.387778780781446e-17 -1.734723475976807e-18  6.938893903907228e-18
                     0      1.000000000000043   -1.4210854715202e-14  9.947598300641403e-14  7.105427357601002e-15 -7.105427357601002e-15  7.105427357601002e-15    1.4210854715202e-14                      0  2.842170943040401e-14
-1.457167719820518e-16   2.42861286636753e-16                      1 -1.249000902703301e-16 -6.505213034913027e-18  4.250072516143177e-17                      0  2.949029909160572e-17 -1.040834085586084e-17  3.816391647148976e-17
-2.842170943040401e-14   1.13686837721616e-13   -1.4210854715202e-14      1.000000000000057  7.105427357601002e-15   -1.4210854715202e-14                      0   -1.4210854715202e-14   -1.4210854715202e-14  2.842170943040401e-14
-2.081668171172169e-17  4.163336342344337e-17 -3.469446951953614e-17 -8.326672684688674e-17     0.9999999999999999 -6.245004513516506e-17  -2.42861286636753e-17  1.387778780781446e-17 -1.387778780781446e-17                      0
   1.4210854715202e-14 -5.684341886080801e-14  4.263256414560601e-14   1.13686837721616e-13                      0     0.9999999999999574  2.131628207280301e-14 -2.842170943040401e-14   -1.4210854715202e-14                      0
-2.081668171172169e-17  1.387778780781446e-17  6.938893903907228e-18 -1.387778780781446e-17  6.938893903907228e-18 -6.938893903907228e-18     0.9999999999999999  4.163336342344337e-17  6.938893903907228e-18 -2.775557561562891e-17
                     0  -1.13686837721616e-13 -2.842170943040401e-14   1.13686837721616e-13    1.4210854715202e-14    1.4210854715202e-14    1.4210854715202e-14     0.9999999999999432   -1.4210854715202e-14                      0
 3.122502256758253e-17 -2.081668171172169e-17 -5.204170427930421e-17  6.938893903907228e-18 -1.734723475976807e-17  6.938893903907228e-18 -2.688821387764051e-17  3.816391647148976e-17                      1 -4.163336342344337e-17
                     0                      0 -5.684341886080801e-14  5.115907697472721e-13    1.4210854715202e-14 -8.526512829121202e-14    1.4210854715202e-14 -2.842170943040401e-14 -2.842170943040401e-14      1.000000000000114
