10
1

0.3252421047240386
0.9430272587626272
0.9541422170197047
0.9875140583128258
 1.056548257346066
 1.161497260005779
 1.505774117209051
 1.546308518584341
 8.154947852634724
 53.65945240878121

    0.2689972977698745    -0.5724504246406168    -0.3222938127107273     0.6993225165064803    0.01300907658878543   -0.02850521057126973    0.01835422555658815   -0.04225355980013398    0.02575409425551986   -0.05699459562814554
     0.537722966841769    -0.0533928755733545     0.3442285207347575    -0.0928145735316571    -0.5912599309069921     0.2514518532339909   -0.05723377612563727    0.03641761585818457     0.3765760185303029    -0.1471992059228371
  -0.07402370344915157   -0.01037182359614469   -0.03276018227420086   0.001876712954285014     0.2923375442392126    -0.1102867670865648    -0.7634596941354119     0.2695862360460663     0.4665697881763615    -0.1499231261975078
    0.6941637289966729    0.09242185276650233     0.3041311530391501   -0.04895722895474792     0.5542577929279709    -0.1357584083145308   -0.03142033305158868    0.02182252516445894    -0.2887379919788286    0.06509389806823372
   0.04844100282233404   0.005251889919783536    -0.1055857773114426   -0.01440485745204904    -0.4004223970728717   0.007208985023706511    -0.5782918667545927   0.008748566866329702    -0.7009378306832831  -0.008252394003674573
    0.3791411746586456     0.2551230017231516    -0.8187549930185866    -0.3162777624959919    -0.0248163981786805    0.02600760228063376    0.05882696863750986    0.01732251027411391     0.1238428175212913    0.01956752360561835
   0.07078408965706766     0.2292818983465447    0.05021136051665715     0.1834917110879919    -0.2852866944686986    -0.7562639772150789   -0.03461483446656584    -0.1080768396703845     0.1722815438005468     0.4586345095306952
  0.002595910203462251   0.005199060134795389   0.003666023064263708   0.005429702518351976     0.1234319378664089     0.3579945732027502    -0.2710149943099601     -0.773662769864691     0.1418884642746646      0.405453088521412
 -0.006321873996042923    -0.7156991709329289  -0.004660461684088802    -0.5520720766360475  -0.001269775998433776    -0.1364004970322401  0.0002445954036145794     0.1296058208282746   0.002464621979135608     0.3840819209856673
 0.0001418849549544919     0.1756772262063596  2.632686304009103e-05     0.2474100847831003 -0.0001178278406985941     0.4312042717147964 -7.905524478063286e-05     0.5443587717163718 -8.198426991251468e-05     0.6524278643431912

 22.6793897761447
9.369740678227894
35.56005058817246
14.72785278397693
 68.3417812092743
28.39905839835012
88.52161875624464
36.84854486378109
107.7211240815758
44.92364770064196

0.4155939506518818

0
0
0
0
0
0
0
0
0
0

0

0
0
0
0
0
0
0
0
0
0

0

0
0
0
0
0
0
0
0
0
0

0

0
0
0
0
0
0
0
0
0
0

0

0
0
0
0
0
0
0
0
0
0

0

0
0
0
0
0
0
0
0
0
0

0

0
0
0
0
0
0
0
0
0
0

0

0
0
0
0
0
0
0
0
0
0

0

0
0
0
0
0
0
0
0
0
0

0

0
0
0
0
0
0
0
0
0
0

0

0
0
0
0
0
0
0
0
0
0

0

0
0
0
0
0
0
0
0
0
0

0

0
0
0
0
0
0
0
0
0
0

0

0
0
0
0
0
0
0
0
0
0

0

0
0
0
0
0
0
0
0
0
0

0

0
0
0
0
0
0
0
0
0
0

0

0
0
0
0
0
0
0
0
0
0

0

0
0
0
0
0
0
0
0
0
0

0

0
0
0
0
0
0
0
0
0
0

0

0
0
0
0
0
0
0
0
0
0

0

0
0
0
0
0
0
0
0
0
0

0

0
0
0
0
0
0
0
0
0
0

0

0
0
0
0
0
0
0
0
0
0

0

0
0
0
0
0
0
0
0
0
0

0

0
0
0
0
0
0
0
0
0
0

0

0
0
0
0
0
0
0
0
0
0

0

0
0
0
0
0
0
0
0
0
0

0

0
0
0
0
0
0
0
0
0
0

0

0
0
0
0
0
0
0
0
0
0

0

0
0
0
0
0
0
0
0
0
0

0

0
0
0
0
0
0
0
0
0
0

0

0
0
0
0
0
0
0
0
0
0

0

0
0
0
0
0
0
0
0
0
0

0

0
0
0
0
0
0
0
0
0
0

0

0
0
0
0
0
0
0
0
0
0

0

0
0
0
0
0
0
0
0
0
0

0

0
0
0
0
0
0
0
0
0
0

0

0
0
0
0
0
0
0
0
0
0

0

0
0
0
0
0
0
0
0
0
0

0

0
0
0
0
0
0
0
0
0
0

0

0
0
0
0
0
0
0
0
0
0

0

0
0
0
0
0
0
0
0
0
0

0

0
0
0
0
0
0
0
0
0
0

0

0
0
0
0
0
0
0
0
0
0

0

0
0
0
0
0
0
0
0
0
0

0

0
0
0
0
0
0
0
0
0
0

0

0
0
0
0
0
0
0
0
0
0

0

0
0
0
0
0
0
0
0
0
0

0

0
0
0
0
0
0
0
0
0
0

0

0
0
0
0
0
0
0
0
0
0

0

0
0
0
0
0
0
0
0
0
0

0

0
0
0
0
0
0
0
0
0
0

0

0
0
0
0
0
0
0
0
0
0

0

0
0
0
0
0
0
0
0
0
0

0

0
0
0
0
0
0
0
0
0
0

0

0
0
0
0
0
0
0
0
0
0

0

0
0
0
0
0
0
0
0
0
0

0

0
0
0
0
0
0
0
0
0
0

0

0
0
0
0
0
0
0
0
0
0

0

0
0
0
0
0
0
0
0
0
0

0

0
0
0
0
0
0
0
0
0
0

0

0
0
0
0
0
0
0
0
0
0

0

0
0
0
0
0
0
0
0
0
0

0

0
0
0
0
0
0
0
0
0
0

0

0
0
0
0
0
0
0
0
0
0

0

0
0
0
0
0
0
0
0
0
0

0

0
0
0
0
0
0
0
0
0
0

0

0
0
0
0
0
0
0
0
0
0

0

0
0
0
0
0
0
0
0
0
0

0

0
0
0
0
0
0
0
0
0
0

0

0
0
0
0
0
0
0
0
0
0

0

0
0
0
0
0
0
0
0
0
0

0

0
0
0
0
0
0
0
0
0
0

0

0
0
0
0
0
0
0
0
0
0

0

0
0
0
0
0
0
0
0
0
0

0

0
0
0
0
0
0
0
0
0
0

0

0
0
0
0
0
0
0
0
0
0

0

 0.007314522251008356   -0.0176196912663235 -0.001866166478807484  0.004366428724936782 -0.001180077555266093   0.00294254412381912 -0.001796348182624521  0.004391482785404252 -0.002502913988175379  0.006008027969517445

  0.001585079950546068   0.003290200028199114 -0.0004297733918482479   0.002808733825452755   0.004098709120641883  -0.002281580426951097  -0.006329227393662004  5.297178356950229e-05     0.8401035634917695      16.02517830211292

cov:
   0.9503245614299108    0.5617163339480821  -0.05091955245388982    0.1423594028999327 -0.005752118783051766     0.163012443258437  -0.00522074748075149    0.1679030610851064  0.006813207367658093    0.1729041162878543
   0.5617163339480821     123.1808334839299  0.009759850206977673     151.3691263896744  -0.08234874788083572     224.2087785080816  -0.05015479934446868      269.126832939968  -0.07880479968326681       312.00714797252
 -0.05091955245388982  0.009759850206977673     1.131547517520224    0.4950148334552505   0.01781808715873098  0.003397705020762263 -0.007911351462770864  -0.02713505249781929  -0.01923867985355001  -0.05379737820323591
   0.1423594028999327     151.3691263896744    0.4950148334552505     196.7916489854717   -0.1135766096373691     311.8501022725675  -0.09274101821981105     382.9609800064206   -0.1315386014749357     450.8656198306143
-0.005752118783051766  -0.08234874788083572   0.01781808715873098   -0.1135766096373691     1.089216157408607    0.2209911730023447  0.008880489171478776   -0.2942066143294748  0.009559743556274185   -0.3551464765079418
    0.163012443258437     224.2087785080816  0.003397705020762263     311.8501022725675    0.2209911730023447     538.3024591956513    -0.207633321744196     674.1926421518325   -0.2238904861574521     806.0938286095576
 -0.00522074748075149  -0.05015479934446868 -0.007911351462770864  -0.09274101821981105  0.008880489171478776    -0.207633321744196     1.090891681230677     0.193774254500556   0.02234952472207055   -0.3245275714831605
   0.1679030610851064      269.126832939968  -0.02713505249781929     382.9609800064206   -0.2942066143294748     674.1926421518325     0.193774254500556     855.8669804001867   -0.2954585373640021     1025.018890268868
 0.006813207367658093  -0.07880479968326681  -0.01923867985355001   -0.1315386014749357  0.009559743556274185   -0.2238904861574521   0.02234952472207055   -0.2954585373640021     1.090661973685966    0.1039159905601675
   0.1729041162878543       312.00714797252  -0.05379737820323591     450.8656198306143   -0.3551464765079418     806.0938286095576   -0.3245275714831605     1025.018890268868    0.1039159905601675     1236.349893387856

cov.inverse():
   1.620192602425091   -1.342195250948363  -0.6253878621392267    1.603481006337091  0.01321471097704478 -0.02369958903094688  0.04184076959956642 -0.09079216299567296  0.05964184884414538  -0.1555497195795292
  -1.342195250948362    3.189127066276856    1.602454117632202   -3.818886265318373 -0.02084629177350077  0.05830062927582827 -0.08585732916665709   0.2148131875244595  -0.1568343202013887   0.3719740200240185
 -0.6253878621392376    1.602454117632228    1.719231747183174   -1.984508986939314 -0.05935526038351152   0.1131544600074951 -0.04258686545720519   0.1250085406826038 -0.04436944910731738   0.1420235820192571
    1.60348100633712   -3.818886265318442   -1.984508986939316    4.729136217630663   0.1086765692032785  -0.2735125673435562   0.1175680520553342  -0.2993832842909528   0.1406692502388982  -0.3345789773662632
 0.01321471097706535 -0.02084629177354972 -0.05935526038353605   0.1086765692033369   0.9899557796892525  -0.1726857733570487 -0.02598547665447918  0.03976314795888913 -0.02668838555276842  0.04552842494157942
-0.02369958903099621  0.05830062927594577   0.1131544600075541  -0.2735125673436966  -0.1726857733570486   0.4177791418298463  0.04410056001479263 -0.09359250938887347  0.04484837568211655  -0.1097985211257789
 0.04184076959956724 -0.08585732916665911 -0.04258686545720553   0.1175680520553349 -0.02598547665448044  0.04410056001479568   0.9815187375294594  -0.1508917530262597 -0.05192815269521137  0.07538609265697338
-0.09079216299567591   0.2148131875244667   0.1250085406826056  -0.2993832842909569  0.03976314795889234 -0.09359250938888118  -0.1508917530262598   0.3548150254522983  0.07881408046405199  -0.1781938866240957
 0.05964184884413502  -0.1568343202013641 -0.04436944910730357   0.1406692502388653 -0.02668838555277103  0.04484837568212294 -0.05192815269521211    0.078814080464054   0.9633466428977365  -0.1064153096255593
 -0.1555497195795042   0.3719740200239593    0.142023582019224  -0.3345789773661841  0.04552842494158565  -0.1097985211257941  0.07538609265697516  -0.1781938866241005  -0.1064153096255592   0.2483421924471831

cov*(cov_.inverse()):
                     1                      0 -1.040834085586084e-17  1.040834085586084e-16  1.734723475976807e-18 -6.938893903907228e-18                      0                      0 -6.938893903907228e-18                      0
 4.263256414560601e-14     0.9999999999999147   -1.4210854715202e-14  2.131628207280301e-13   1.77635683940025e-15                      0                      0                      0  7.105427357601002e-15    1.4210854715202e-14
 6.418476861114186e-17 -2.220446049250313e-16                      1  6.591949208711867e-17  3.035766082959412e-18  1.301042606982605e-17  8.673617379884035e-19 -3.469446951953614e-17  2.602085213965211e-18  5.377642775528102e-17
 8.526512829121202e-14 -8.526512829121202e-14  2.842170943040401e-14      1.000000000000455                      0  3.552713678800501e-14 -7.105427357601002e-15                      0  7.105427357601002e-15                      0
-6.938893903907228e-18 -2.775557561562891e-17 -2.775557561562891e-17 -1.110223024625157e-16                      1   4.85722573273506e-17  3.469446951953614e-18                      0 -6.938893903907228e-18 -1.387778780781446e-17
 5.684341886080801e-14 -5.684341886080801e-14  5.684341886080801e-14  2.273736754432321e-13    1.4210854715202e-14     0.9999999999999858 -3.552713678800501e-14  5.684341886080801e-14                      0  2.842170943040401e-14
-4.163336342344337e-17  8.326672684688674e-17  2.775557561562891e-17 -1.387778780781446e-16  6.938893903907228e-18 -6.938893903907228e-18                      1  7.632783294297951e-17 -6.938893903907228e-18 -1.387778780781446e-17
 8.526512829121202e-14 -5.684341886080801e-14  8.526512829121202e-14  2.273736754432321e-13    1.4210854715202e-14  2.842170943040401e-14   -1.4210854715202e-14      1.000000000000028    1.4210854715202e-14  2.842170943040401e-14
 2.081668171172169e-17  -9.71445146547012e-17 -3.642919299551295e-17 -1.387778780781446e-16  6.071532165918825e-18  6.938893903907228e-18  1.040834085586084e-17 -1.040834085586084e-17     0.9999999999999998 -1.040834085586084e-17
  1.13686837721616e-13 -5.684341886080801e-14 -8.526512829121202e-14  7.389644451905042e-13    1.4210854715202e-14                      0 -2.842170943040401e-14  2.842170943040401e-14                      0                      1
