6
1

0.001297839661895156
0.001388322189498214
0.002372191553552884
0.003108472219558004
 0.09420906832747845
  0.6187831730825162

 0.07196406420075745   -0.130341572706926  -0.4950149331961463   0.8243311136094894 -0.04416750336658281  -0.2265389824787596
  0.1969554176796361   -0.318828861753674   0.2861216057371789   0.1778028982896112  -0.7572922777084604    0.415434330036435
 -0.6442948938295644   0.5341433429624989   0.3214306425529167   0.2689158092332322  -0.3046529041403943  -0.1764319033657906
-0.02409562186536157  -0.5282390641706467   0.6322465770906117   0.1768790568069462   0.2296962179385233  -0.4864160817407969
 -0.6382674713714818  -0.4148736434434994 -0.08539518123613921   0.1077338455007236   0.3060968841036036   0.5548876229132428
    0.36462016221196   0.3806487509056392   0.4034215084128075   0.4167203496786553   0.4304516125827878     0.44773352753732

0.3995394861316519
0.4000209057076383
0.3999969148070525
0.4001287215258088
0.4002773780625041
0.4003964495201773

-0.001583186435492046

 3.475446338269051  -1.37938169186565  1.466535818626779 -5.324980995893515  6.776592607423773 -5.010853673687402

 -6.48448554096411e-06 -1.275277480366499e-05 -2.879494750502006e-05  4.468133276769169e-05   -0.02707937904787901   -0.08108514485405445

cov:
0.05452286703401033 0.05549075696239793 0.05680431164010866 0.05756733673426255 0.05836227427164581 0.05936577240903551
0.05549075696239793 0.05701079278199668 0.05910982454455042 0.06033891231785817 0.06160858047209319 0.06321465358665054
0.05680431164010866 0.05910982454455042 0.06238509355688542 0.06428891571519857 0.06625909624310085 0.06873667821442239
0.05756733673426255 0.06033891231785817 0.06428891571519857 0.06659646971998999 0.06897478408783277 0.07196927803921511
0.05836227427164581 0.06160858047209319 0.06625909624310085 0.06897478408783277 0.07177935231850688 0.07530008779358183
0.05936577240903551 0.06321465358665054 0.06873667821442239 0.07196927803921511 0.07530008779358183 0.07949229015240554

cov.inverse():
 97075.15679125844  -97957.3666393848 -30283.94258698597  22149.80493810728 -44984.24598708536  54146.49828545637
-97957.36663938596  142424.1785900785 -13073.01144309788 -77348.73959117272  87197.21403650973 -41370.17461385352
-30283.94258715248 -13073.01144288445  247681.5520221204 -188930.1799666543 -101811.9843243374  86336.02565610618
 22149.80493835815 -77348.73959149816  -188930.179966593  435916.1280914206 -101824.0625934344 -89872.13316896099
-44984.24598710232  87197.21403653866 -101811.9843244133 -101824.0625933424  320663.6882231731 -159275.8133421603
 54146.49828539019 -41370.17461377161  86336.02565616781 -89872.13316906639 -159275.8133421324  150062.5556823216

cov*(cov_.inverse()):
     1.000000000000455  4.547473508864641e-13                      0 -2.728484105318785e-12 -1.818989403545856e-12                      0
 4.547473508864641e-13      1.000000000001364                      0 -1.818989403545856e-12 -3.637978807091713e-12                      0
                     0  1.818989403545856e-12      0.999999999998181 -9.094947017729282e-13                      0 -1.818989403545856e-12
 4.547473508864641e-13  9.094947017729282e-13 -9.094947017729282e-13      0.999999999998181  1.818989403545856e-12                      0
                     0  1.364242052659392e-12 -2.728484105318785e-12  9.094947017729282e-13      0.999999999998181                      0
                     0  4.547473508864641e-13                      0  9.094947017729282e-13                      0                      1
