6
1

 0.00119862275003248
0.001258336896350712
0.002132411338831982
0.002787240708116351
 0.08566169010222621
  0.6092016183709547

 0.06058529153922144  -0.1058508808397682  -0.5240890706920831   0.7997173327773992  0.03395180043702971  -0.2641119504266102
  0.2087285666861074   -0.334544556579774   0.2332124274452533   0.2547184615762275   -0.755319906509422   0.3933632328522025
 -0.6418702335726786   0.5236257856681629   0.3243903287672196   0.2834880699776294  -0.3083517644544929  -0.1820528988431902
-0.01658025199931584  -0.5347028742041842   0.6290128325108336   0.1730727588660335   0.2329289887552277  -0.4836844988565256
 -0.6341246662766002  -0.4102008165935143 -0.08089936357375362    0.112483407143375   0.3110723614534416   0.5600517473556911
  0.3719884595183768   0.3853825289961721    0.404365767317853   0.4154497688336324   0.4268915267052386   0.4413143239851337

0.3995643714881679
 0.399864487403143
0.3997197434747044
 0.399728656862046
0.3997650200789674
0.3997290001308788

0.0001680738475149904

0
0
0
0
0
0

0

0
0
0
0
0
0

0

0
0
0
0
0
0

0

0
0
0
0
0
0

0

0
0
0
0
0
0

0

0
0
0
0
0
0

0

0
0
0
0
0
0

0

0
0
0
0
0
0

0

0
0
0
0
0
0

0

0
0
0
0
0
0

0

0
0
0
0
0
0

0

0
0
0
0
0
0

0

0
0
0
0
0
0

0

0
0
0
0
0
0

0

0
0
0
0
0
0

0

0
0
0
0
0
0

0

0
0
0
0
0
0

0

0
0
0
0
0
0

0

0
0
0
0
0
0

0

0
0
0
0
0
0

0

0
0
0
0
0
0

0

0
0
0
0
0
0

0

0
0
0
0
0
0

0

0
0
0
0
0
0

0

0
0
0
0
0
0

0

0
0
0
0
0
0

0

0
0
0
0
0
0

0

0
0
0
0
0
0

0

0
0
0
0
0
0

0

0
0
0
0
0
0

0

0
0
0
0
0
0

0

0
0
0
0
0
0

0

0
0
0
0
0
0

0

0
0
0
0
0
0

0

0
0
0
0
0
0

0

0
0
0
0
0
0

0

0
0
0
0
0
0

0

0
0
0
0
0
0

0

0
0
0
0
0
0

0

0
0
0
0
0
0

0

0
0
0
0
0
0

0

0
0
0
0
0
0

0

0
0
0
0
0
0

0

0
0
0
0
0
0

0

0
0
0
0
0
0

0

0
0
0
0
0
0

0

0
0
0
0
0
0

0

0
0
0
0
0
0

0

0
0
0
0
0
0

0

0
0
0
0
0
0

0

0
0
0
0
0
0

0

0
0
0
0
0
0

0

0
0
0
0
0
0

0

0
0
0
0
0
0

0

0
0
0
0
0
0

0

0
0
0
0
0
0

0

0
0
0
0
0
0

0

0
0
0
0
0
0

0

0
0
0
0
0
0

0

0
0
0
0
0
0

0

0
0
0
0
0
0

0

0
0
0
0
0
0

0

0
0
0
0
0
0

0

0
0
0
0
0
0

0

0
0
0
0
0
0

0

0
0
0
0
0
0

0

0
0
0
0
0
0

0

0
0
0
0
0
0

0

0
0
0
0
0
0

0

0
0
0
0
0
0

0

0
0
0
0
0
0

0

0
0
0
0
0
0

0

0
0
0
0
0
0

0

0
0
0
0
0
0

0

0
0
0
0
0
0

0

0
0
0
0
0
0

0

0
0
0
0
0
0

0

 3.494865461335024 -1.472608654417025  1.378518180468464 -4.879485757844705  6.468979470354018 -4.987631400447857

-3.908008029722609e-06 -1.036719181366095e-05 -2.290482956542318e-05  3.629009306190718e-05   -0.02240641689015062   -0.06560937833983775

cov:
0.05430743149562312 0.05511106491518936    0.05620008312372 0.05683074252026186 0.05748758547466402 0.05832025872982747
0.05511106491518936 0.05635798574909579 0.05807632646759962 0.05908112096591093  0.0601188229081626 0.06143493445502057
   0.05620008312372 0.05807632646759962 0.06073559103015557 0.06228090142938412  0.0638797103525575 0.06589368306842053
0.05683074252026186 0.05908112096591093 0.06228090142938412  0.0641503633134259 0.06607644928157093 0.06850504697625692
0.05748758547466402  0.0601188229081626  0.0638797103525575 0.06607644928157093 0.06834458923939191 0.07119506919735513
0.05832025872982747 0.06143493445502057 0.06589368306842053 0.06850504697625692 0.07119506919735513 0.07458391214639236

cov.inverse():
 120765.5283736484 -121300.9767698368 -38483.55596365564  26906.20594674653 -55133.35206868458  67398.92968090918
-121300.9767698001  175604.9182488812 -16593.97599706788 -92010.84296565574  105526.3029161807 -51355.30312570983
-38483.55596345975 -16593.97599733775  299602.3653496972 -219974.6393640064  -126773.056872514  102125.3350741409
  26906.2059464203 -92010.84296518046  -219974.639364315  507659.0453782598 -116636.4525086888 -105851.5681629485
-55133.35206874548  105526.3029161965 -126773.0568720717 -116636.4525091927  389012.8742254946 -196016.5260125628
 67398.92968106329 -51355.30312589394  102125.3350739332  -105851.568162604 -196016.5260126695  183721.2421576569

cov*(cov_.inverse()):
     1.000000000000455                      0                      0  9.094947017729282e-13 -3.637978807091713e-12  1.818989403545856e-12
-9.094947017729282e-13     0.9999999999995453  2.728484105318785e-12 -3.637978807091713e-12  1.818989403545856e-12  3.637978807091713e-12
 9.094947017729282e-13                      0                      1  9.094947017729282e-13                      0  1.818989403545856e-12
 9.094947017729282e-13                      0  3.637978807091713e-12     0.9999999999954525 -1.818989403545856e-12                      0
                     0                      0                      0 -5.456968210637569e-12                      1 -1.818989403545856e-12
-9.094947017729282e-13 -1.364242052659392e-12 -1.818989403545856e-12 -1.818989403545856e-12                      0      0.999999999998181
