6
2

0.0001004744569707944
0.0001588236947927283
0.0003603002154439265
 0.001718764848480959
   0.1138435954364593
   0.6313082354498001

-0.03645703045636461   0.1926183399187817  -0.5908786538660104   0.7257781097990387  -0.2927026074322279 0.001671945464927983
  0.2644585973380795  -0.7442482561880356   0.3695641591684578   0.3952326594530189  -0.2887141718430089 0.003713164668311525
 -0.6118306207793964   0.3141421324488859   0.5553896980600732   0.1612264971877026  -0.4383484334905089  0.01941553107454174
  0.2710985578825273  0.08016820904414174  -0.1225556022062805  -0.3392049744086789  -0.5707995607432631   0.6813124109630109
 -0.5955247911076637  -0.4061756812438092  -0.1920016273665913  0.05884792253568075   0.3436356881843491    0.567413737981541
  0.3553190422580325   0.3726953221241842   0.3923551088093279   0.4153555154231791   0.4415000981847729   0.4620189420112411

0.3997411750039178
0.3997711337054126
0.3997667049084708
0.3997506006111897
0.3997131702907155
0.3997028039256708

0.0004070833092487165
   0.3999855948698256

0
0
0
0
0
0

0
0

0
0
0
0
0
0

0
0

0
0
0
0
0
0

0
0

0
0
0
0
0
0

0
0

0
0
0
0
0
0

0
0

0
0
0
0
0
0

0
0

0
0
0
0
0
0

0
0

0
0
0
0
0
0

0
0

0
0
0
0
0
0

0
0

0
0
0
0
0
0

0
0

0
0
0
0
0
0

0
0

0
0
0
0
0
0

0
0

0
0
0
0
0
0

0
0

0
0
0
0
0
0

0
0

0
0
0
0
0
0

0
0

0
0
0
0
0
0

0
0

0
0
0
0
0
0

0
0

0
0
0
0
0
0

0
0

0
0
0
0
0
0

0
0

0
0
0
0
0
0

0
0

0
0
0
0
0
0

0
0

0
0
0
0
0
0

0
0

0
0
0
0
0
0

0
0

0
0
0
0
0
0

0
0

0
0
0
0
0
0

0
0

0
0
0
0
0
0

0
0

0
0
0
0
0
0

0
0

0
0
0
0
0
0

0
0

0
0
0
0
0
0

0
0

0
0
0
0
0
0

0
0

0
0
0
0
0
0

0
0

0
0
0
0
0
0

0
0

0
0
0
0
0
0

0
0

0
0
0
0
0
0

0
0

0
0
0
0
0
0

0
0

0
0
0
0
0
0

0
0

0
0
0
0
0
0

0
0

0
0
0
0
0
0

0
0

0
0
0
0
0
0

0
0

0
0
0
0
0
0

0
0

0
0
0
0
0
0

0
0

0
0
0
0
0
0

0
0

0
0
0
0
0
0

0
0

0
0
0
0
0
0

0
0

0
0
0
0
0
0

0
0

0
0
0
0
0
0

0
0

0
0
0
0
0
0

0
0

0
0
0
0
0
0

0
0

0
0
0
0
0
0

0
0

0
0
0
0
0
0

0
0

0
0
0
0
0
0

0
0

0
0
0
0
0
0

0
0

0
0
0
0
0
0

0
0

0
0
0
0
0
0

0
0

0
0
0
0
0
0

0
0

0
0
0
0
0
0

0
0

0
0
0
0
0
0

0
0

0
0
0
0
0
0

0
0

0
0
0
0
0
0

0
0

0
0
0
0
0
0

0
0

0
0
0
0
0
0

0
0

0
0
0
0
0
0

0
0

0
0
0
0
0
0

0
0

0
0
0
0
0
0

0
0

0
0
0
0
0
0

0
0

0
0
0
0
0
0

0
0

0
0
0
0
0
0

0
0

0
0
0
0
0
0

0
0

0
0
0
0
0
0

0
0

0
0
0
0
0
0

0
0

0
0
0
0
0
0

0
0

0
0
0
0
0
0

0
0

0
0
0
0
0
0

0
0

0
0
0
0
0
0

0
0

0
0
0
0
0
0

0
0

0
0
0
0
0
0

0
0

0
0
0
0
0
0

0
0

   0.5001515930008503  -0.06806093616886601     -1.49808811363994     10.01508003196133    -8.922539317921752  -0.02627018972292711
    1.488959833028414   -0.5077315043545328  0.001688856427080609    0.8149730567899065   -0.7919908607199289 -0.005774808422570887

 1.083627665531073e-07  1.554750030541739e-07  5.667719867154781e-07  5.883642448882992e-06   -0.03206672719491283   -0.09049307477164253
 6.765932597018488e-09  3.337293698514594e-08 -7.673464474017208e-08  1.578801457548319e-06   -0.01177166716689409     0.1301906496326494

cov:
0.05491425275874246 0.05591327905836124 0.05704413345735024 0.05836502298356953 0.05986922486917656 0.06104874876241377
0.05591327905836124 0.05749755586033948 0.05929026401015915 0.06138610905360734 0.06377032278531776 0.06564044703749672
0.05704413345735024 0.05929026401015915 0.06183167981183612 0.06480415176843003 0.06818383417962827 0.07083515957813523
0.05836502298356953 0.06138610905360734 0.06480415176843003 0.06880317787732178 0.07334856168238323 0.07691468397595128
0.05986922486917656 0.06377032278531776 0.06818383417962827 0.07334856168238323 0.07921773579324787 0.08382271686448524
0.06104874876241377 0.06564044703749672 0.07083515957813523 0.07691468397595128 0.08382271686448524 0.08924916955608496

cov.inverse():
 5812738.821983919 -9971505.196906097  3379565.187294728  731579.5356793386  43734.23609545382  3881.897974383554
-9971505.196806431  26396226.67099159 -20837283.40921484  2567929.806418769   1857220.37570588 -12198.15292135969
 3379565.186895196 -20837283.40828436  42380382.28663776 -35986328.39868587  11050643.27839427   11331.9063802643
 731579.5361684409  2567929.805003857 -35986328.39757341  58610892.25949352 -26046087.45196263  124267.7919563089
 43734.23590621429  1857220.376281526  11050643.27783805 -26046087.45180129  13381720.74128123 -288163.7999746947
 3881.897974427407 -12198.15291299716  11331.90635501295  124267.7919816412  -288163.799983181  160882.8915769457

cov*(cov_.inverse()):
     1.000000000076227 -4.058620106661692e-11 -3.936975190299563e-10  2.901288098655641e-10  -3.41970007866621e-10                      0
 5.655920176650397e-11      1.000000000213618 -1.840589902712964e-10 -3.101376933045685e-10 -2.110027708113194e-10  3.637978807091713e-12
 1.051603248924948e-10  4.547473508864641e-12     0.9999999996140332 -6.166374078020453e-10 -9.458744898438454e-11  1.818989403545856e-12
 1.056150722433813e-10  3.683453542180359e-11  9.561063052387908e-11     0.9999999996816769 -1.346052158623934e-10  3.637978807091713e-12
 1.051603248924948e-10 -1.990656528505497e-10  4.939693099004216e-10 -4.729372449219227e-10      1.000000000123691 -1.818989403545856e-12
 2.313527147634886e-11  1.887201506178826e-10  2.080469130305573e-11  1.473381416872144e-10 -1.236912794411182e-10                      1
