6
2

0.0001004658075895779
0.0001589092165216382
0.0003602862646775202
 0.001718393168441914
   0.1138442426896221
    0.631310226302173

-0.03609228337960886   0.1918895745679431  -0.5906682763642391   0.7260936984510927  -0.2928683366050288  0.00167452479706829
  0.2645430227407907  -0.7444373256926518   0.3700490176904971   0.3945687304097439  -0.2884362402958456 0.003719409614025726
 -0.6118168352249796   0.3141295237087601   0.5552863892994925   0.1613999163279669  -0.4384427347023049  0.01943871715468015
  0.2711111562179578  0.08017435124176195  -0.1225746555641168  -0.3392202203847406  -0.5707828796781963   0.6813096319140487
 -0.5955186688112534   -0.406184333078454  -0.1920043180031779  0.05884572859666674   0.3436343175317729   0.5674141173494183
  0.3553178188697219   0.3726935236716475   0.3923538369168859   0.4153556877783635   0.4415008506964666   0.4620215396796253

0.3997408201205851
0.3997711296739017
0.3997667023891342
0.3997501223346326
0.3997123331221907
0.3997011632814866

0.0004070833092487165
   0.3999855948698256

   0.5008812565538985  -0.06666042090620398     -1.50113693438895     10.01471448044109    -8.921320663075178  -0.02620054575303478
    1.488251277215099   -0.5049629295012575 -0.002238129035658953    0.8174480108426986    -0.792593360701484 -0.005777589869776112

 1.084044406545571e-07  1.553325442693879e-07  5.667863435484015e-07  5.880781077857985e-06   -0.03206687541499703   -0.09049374567480266
 6.826859998962939e-09  3.333085672879417e-08 -7.672496436521853e-08  1.578129497090397e-06   -0.01177178512338515     0.1301909189138239

cov:
0.05491418130160163 0.05591324570212533 0.05704413489331323  0.0583652323697116 0.05986951837557437 0.06104929609202101
0.05591324570212533  0.0574974861545573 0.05929020860062371 0.06138622751589998 0.06377047988662023 0.06564083491782069
0.05704413489331323 0.05929020860062371  0.0618316878037434 0.06480437954374907 0.06818414512075707 0.07083575053458203
 0.0583652323697116 0.06138622751589998 0.06480437954374907 0.06880366565188309 0.07334916945737315 0.07691561746031636
0.05986951837557437 0.06377047988662023 0.06818414512075707 0.07334916945737315 0.07921849532157656  0.0838238461441041
0.06104929609202101 0.06564083491782069 0.07083575053458203 0.07691561746031636  0.0838238461441041   0.089250715220704

cov.inverse():
 5809031.316970646 -9958148.810582723  3360309.390970415  745259.1283037125   39669.2574131541  3883.395162408589
-9958148.810531732  26356613.44756799 -20798091.93466581  2553502.109091753  1858768.414579375 -12291.15271848072
  3360309.39101643 -20798091.93811468  42369389.11348245 -36004679.83371257  11060085.48987096  11376.88837690383
 745259.1280816764  2553502.115769779   -36004679.842695  58638310.45970253 -26054699.37964601  124483.2566401061
 39669.25753967524  1858768.411372365  11060085.49551832 -26054699.38222893   13383681.6769415 -288409.2377436274
 3883.395160882793 -12291.15268936996  11376.88830887096  124483.2566964536 -288409.2377595244  160958.9071213185

cov*(cov_.inverse()):
     1.000000000044622 -1.465423338231631e-10  -4.25757207267452e-10 -3.537934389896691e-10  -2.65572452917695e-10 -3.637978807091713e-12
 1.448086095479084e-10       1.00000000000739  2.257820597151294e-10 -1.091393642127514e-10 -1.346052158623934e-10 -5.456968210637569e-12
 4.689582056016661e-11  2.989963832078502e-11     0.9999999995675353 -1.527951098978519e-10 -1.200533006340265e-10                      0
 7.366907084360719e-11  1.292619344894774e-10 -2.683009370230138e-11     0.9999999993760866  1.055013854056597e-10                      0
 6.372147254296578e-11  1.386979420203716e-10 -1.546140993013978e-10 -3.947207005694509e-10      1.000000000116415 -3.637978807091713e-12
 8.520828487235121e-11  1.455191522836685e-11 -1.153921402874403e-10 -1.055013854056597e-10  1.418811734765768e-10                      1
