5
2

0.0005244894279902367
0.0006735875704854534
 0.000860431292954966
  0.01699968660562363
   0.5198905856923839

 -0.3039663125602189   0.1341177725529907   0.1641046058837956   0.6596250245746081  -0.6538970937361922
 -0.4052900623885429    0.510985427964077   0.5315612654422058  -0.5296125989695902  -0.1076428066877523
  0.1148092359484831  -0.6999306271931158   0.7000517738995241 -0.04666029927452308 -0.06831022463525126
 -0.7295140754960162  -0.1775017625728683  0.01928820937064735   0.2853520191417876   0.5954028284176162
  0.4449410063724776   0.4466503743358673   0.4472893674665298   0.4481097673683764   0.4490665898219643

0.3982231332905817
0.3983004318469747
0.3982762095924919
0.3982821305611526
0.3982531468582964

0.0002345747160144411
   0.3983880841698073

   3.153831144870102  -0.2014890707097325  -0.6346344913070245  -0.8629069197894765   -1.454981260794875
   1.711252286105762 -0.07496800218945926   -0.197752226742101   -0.262195593138412  -0.1762646275617475

-1.946572468909658e-07 -5.013140458683092e-07  1.469533774375932e-07 -0.0009796081910854895  -0.002879120625247988
-1.706547203574743e-07 -3.081408253030399e-07  9.978179490207556e-08 -0.0004099766015757033     0.1196887926322213

cov:
0.05366314584604805 0.05375206626834992 0.05378753758137873 0.05383019822532426 0.05387993198569935
0.05375206626834992 0.05393076174811687 0.05399708905911479 0.05408264171028263 0.05418230879572018
0.05378753758137873 0.05399708905911479 0.05407616969064303 0.05417621537663029  0.0542936510336138
0.05383019822532426 0.05408264171028263 0.05417621537663029 0.05429789179630059 0.05443900905734303
0.05387993198569935 0.05418230879572018  0.0542936510336138 0.05443900905734303 0.05460871050653589

cov.inverse():
 717550.6010846744 -712732.9914649128 -547640.4025485938 -263742.1659863058  806596.6054124368
-712732.9914614968  1302701.255434925    16808.307726751  -230922.045237558 -375815.0206849502
-547640.4025506768  16808.30773562029  1382609.772840113 -271075.3791603391 -580745.1317703334
-263742.1659909382 -230922.0452394744 -271075.3791471393  2203110.369285645 -1437411.230777848
 806596.6054157354 -375815.0206884868 -580745.1317767467 -1437411.230771197  1587405.580400569

cov*(cov_.inverse()):
     0.999999999992724                      0                      0                      0                      0
                     0      0.999999999996362 -7.275957614183426e-12                      0                      0
                     0  7.275957614183426e-12     0.9999999999854481                      0  1.455191522836685e-11
                     0  7.275957614183426e-12                      0                      1                      0
-7.275957614183426e-12  1.091393642127514e-11  3.637978807091713e-12                      0                      1
