6
2

0.0001209486883210777
0.0005360363895500973
0.0007146584967096357
0.0008646468939905402
  0.02281951528515433
   0.5686505443610435

 -0.6223302717618064    0.778517694898756 -0.02196967127660789 -0.03844030502345245 -0.04212870904421038  -0.0536663763111833
   0.127256524016494   0.1013906571984078 -0.06680462233365803  -0.1033902753927197  -0.7208325422628105    0.662399993306252
  0.2334682209232084   0.1840498083638394  -0.5080679249785977  -0.6200661316805306   0.4461598872953133   0.2644703930112103
-0.07830038047756137 -0.07069650197431271   0.7550950017647619  -0.6464389234935247  0.01880392207700141  0.02158064045839126
 -0.6089973502060538  -0.4233753437794655  -0.0111013131598985   0.1356944494156605   0.3341007171051557   0.5654343762058972
  0.4061953687847041   0.4068305842630957   0.4082030851706017   0.4087230368317616    0.409377693825858   0.4101460987307491

0.3980564000553496
0.3981102107129431
0.3981996441807736
0.3981780565707805
0.3981900564817289
0.3981678537114957

0.0001620980070524362
   0.3982602444892159

    2.293908121790966    0.3136724876940626    -0.152609716066935   -0.5139478406895791   -0.7186156541731773     -1.22252219626129
    1.692139166341777   -0.3835378235211848  -0.03800255814064848   -0.1114096506823131   -0.1515409061775373 -0.007524478342588486

-1.557033109428317e-08  2.736961695628957e-08  1.764929325069953e-07 -1.845409227517175e-08  -0.001317019014311921  -0.002771092400483534
-1.959871798833446e-08  8.469412641924567e-08  1.753146928010207e-07 -4.864599702435602e-08 -0.0004882930138523183     0.1310049171157022

cov:
0.05354641682874716 0.05357096646573137 0.05362037126271976 0.05364218139004979 0.05366531614624515 0.05369291270531078
0.05357096646573137 0.05361361880632227 0.05370316252707683 0.05373926338058874 0.05378169174190423 0.05383180070019331
0.05362037126271976 0.05370316252707683 0.05388259582824508 0.05394961836473014 0.05403499552593617 0.05413510827639467
0.05364218139004979 0.05373926338058874 0.05394961836473014 0.05402942486879596 0.05412932692871902   0.054247245194738
0.05366531614624515 0.05378169174190423 0.05403499552593617 0.05412932692871902 0.05425088716877178 0.05439252564079823
0.05369291270531078 0.05383180070019331 0.05413510827639467   0.054247245194738 0.05439252564079823 0.05456278869369255

cov.inverse():
 26647213.48703488  -32982815.5615451  593729.8430625233  1373640.846198513  1674585.286318071  2694419.869343433
 -32982815.5615361  41541012.59646578 -1447257.939976071 -2244663.507546131 -2337672.464121922  -2529524.07965256
  593729.843286964 -1447257.940256884  1316591.029137239  45685.14472619809 -193981.1529777162 -314711.7364085617
 1373640.846019567 -2244663.507333022  45685.14471707265  1450004.395060327 -187760.0953261743 -436921.7271991217
 1674585.286053575 -2337672.463773402 -193981.1530216059 -187760.0953463899   2320102.43945678 -1275261.361274967
  2694419.86955346 -2529524.079924407 -314711.7364119247  -436921.727153862 -1275261.361255039   1862112.03648223

cov*(cov_.inverse()):
    0.9999999999417923 -3.783497959375381e-10  1.091393642127514e-11                      0  1.455191522836685e-11                      0
-2.037268131971359e-10     0.9999999999708962  1.091393642127514e-11 -3.637978807091713e-12                      0                      0
-5.820766091346741e-11  5.820766091346741e-11      1.000000000007276  3.637978807091713e-12  1.455191522836685e-11 -1.455191522836685e-11
-2.037268131971359e-10  2.037268131971359e-10  7.275957614183426e-12                      1  1.455191522836685e-11  -2.91038304567337e-11
-3.492459654808044e-10  4.074536263942719e-10  3.637978807091713e-12 -3.637978807091713e-12     0.9999999999708962 -1.455191522836685e-11
-3.492459654808044e-10  2.619344741106033e-10  3.637978807091713e-12 -7.275957614183426e-12                      0     0.9999999999563443
