5
2

6.360332181708622e-05
0.0002404149025417307
0.0005912981042190537
  0.02045649671538742
   0.5274592115681287

-0.2708553741533709  0.7856584981793118 -0.5553731911151583 0.01270071248196219 0.02788191212743455
-0.4840810434172687  0.3404396131104434  0.6952242769119741 -0.1912463328213124   -0.36035324086774
 0.1797368811692223  0.1157265492494609 0.08042142582184614   -0.85023484100154  0.4742732638071009
-0.6803339084072354 -0.2332966066903991 0.03967539241827869  0.1988617817346021  0.6645286460190224
 0.4440082615393346  0.4461184295334561  0.4474171218091971  0.4481274807432318  0.4503717249452047

0.4065925826416625
0.4064555202788722
0.4063323865416565
0.4063712669882977
0.4060629770172645

0.001495071993883718
  0.4069709548477293

  1.701017549269971   4.792161375230559  -5.853406916742792 -0.2579541499585212 -0.3818325560607518
   1.35956581545057  0.5074153742239307 -0.5862802047161157 -0.4550484870384823  0.1748047420376503

 2.646155687276725e-08 -1.777035630027402e-07  1.495750041805736e-07   -0.00117695328011785  -0.003711379393411767
 1.436548724133002e-09  -5.02251328298216e-08  2.537427524730998e-07 -0.0004355948670391845     0.1231152989239905

cov:
0.05504159730995317 0.05517496524413477 0.05525766606295037 0.05530006159551603 0.05544480422295923
0.05517496524413477 0.05539324493039131 0.05552778527077461 0.05560035799278897 0.05583349325577813
0.05525766606295037 0.05552778527077461 0.05569399145560488 0.05578499494750017  0.0560721143666025
0.05530006159551603 0.05560035799278897 0.05578499494750017 0.05588709249328126  0.0562052533073837
0.05544480422295923 0.05583349325577813  0.0560721143666025  0.0562052533073837   0.056616173414864

cov.inverse():
 22282687.57989285 -55394519.34496613  31403205.43701142   313955.820849094  1393951.125365586
-55394519.34346755  154627294.5050929 -103738192.4943629  1058641.428682575  3449100.273008732
 31403205.43508885 -103738192.4916285   84625628.2640553 -4239531.821920823 -8053049.603775278
 313955.8205397837  1058641.429340532 -4239531.822200468  2740357.362191116   126857.132114576
 1393951.126098916  3449100.271114917 -8053049.602683805  126857.1321835684  3083214.681174996

cov*(cov_.inverse()):
      1.00000000037835  5.238689482212067e-10 -3.492459654808044e-10 -2.091837814077735e-11                      0
 1.600710675120354e-10      1.000000001717126 -5.820766091346741e-11 -2.728484105318785e-12                      0
 1.891748979687691e-10  -2.91038304567337e-10                      1 -1.637090463191271e-11   2.91038304567337e-11
 2.619344741106033e-10  1.979060471057892e-09  -2.91038304567337e-10     0.9999999999809006   2.91038304567337e-11
 2.764863893389702e-10 -5.238689482212067e-10  2.328306436538696e-10 -1.182343112304807e-11      1.000000000029104
