5
2

5.900952697576675e-05
0.0002188697596026365
0.0003982505442936343
  0.02278546017916974
   0.5711132679276206

 -0.1070980773024268   0.7412861503362576  -0.6621517568318772 0.004263232405701182  0.02370065255827046
 -0.6196314558416122    0.437723986179095    0.579885056367608  -0.1319085058542564  -0.2660602156278191
 0.04863601767543078  0.07108200949279291  0.08770453556820122  -0.7977414491585696   0.5903375140089721
 -0.6352856580898253   -0.233117888507812  -0.1337402995540175    0.381259529397604   0.6154858943970664
  0.4456832184183975   0.4466496985639422   0.4468890455604863   0.4481425247291931   0.4486969735582592

0.4218140437769486
0.4215809889981525
0.4215818993293524
0.4211289985763748
0.4209078254493843

0.002227830082536136
  0.4222943430298592

  2.145579312433505   1.025937605153362  -1.197011140471456 -0.2871833095302794  -1.687690189616505
  6.030520332983467  -4.133233428246792  -3.626951806455216   0.990386569968364   1.745694424747477

 4.464449848787674e-09 -5.210087074716957e-08 -1.102157847062601e-07  -0.001344862290853192  -0.002090192474852363
-4.396449927165688e-09 -3.949314037444567e-07 -1.239037134455176e-08 -0.0004830726767225239     0.1460823641928021

cov:
 0.0649979237516746 0.06500574282789934 0.06500775551603667  0.0650201259057025 0.06502348616566166
0.06500574282789934 0.06509789387370273 0.06512073480308796 0.06524099317576364  0.0652934320291375
0.06500775551603667 0.06512073480308796 0.06514872963302419 0.06529564662250853 0.06536021622192532
 0.0650201259057025 0.06524099317576364 0.06529564662250853 0.06558092493881718 0.06570815745580288
0.06502348616566166  0.0652934320291375 0.06536021622192532 0.06570815745580288 0.06586427979091582

cov.inverse():
 11324507.88961688 -28439211.16227936  12891817.08376325  1330001.980582628  2892778.723961676
-28439211.16463598  161839129.1144958 -135622974.1244496   -655444.69269763   2878638.53277873
   12891817.086387 -135622974.1278332  132981200.2315723 -2848690.863226241 -7401268.510218243
 1330001.980727302 -655444.6944578678 -2848690.861473965  4381191.564801338 -2207176.739467997
 2892778.723549808  2878638.535565996 -7401268.512730354 -2207176.739331285  3837046.134294937

cov*(cov_.inverse()):
     1.000000000087311  1.455191522836685e-10  2.211891114711761e-09  -2.91038304567337e-11   2.91038304567337e-11
                     0      1.000000002619345 -1.280568540096283e-09   2.91038304567337e-11  5.820766091346741e-11
 1.455191522836685e-10 -2.153683453798294e-09      1.000000001920853 -5.820766091346741e-11  -2.91038304567337e-11
-2.037268131971359e-10  1.513399183750153e-09 -1.222360879182816e-09                      1                      0
-8.731149137020111e-11 -7.275957614183426e-10 -1.164153218269348e-10   2.91038304567337e-11     0.9999999999708962
