6
2

 5.57163935863248e-05
8.923995522400409e-05
0.0002444303603955538
0.0006382526995589958
  0.02124034759424524
   0.6111310334636959

 -0.01529205190561879    0.2888621443378404   -0.7962041876057829    0.5313445179218964 -0.001288799859297297 -0.007419476082972404
     0.44647897282913   -0.7902190959424523  -0.01638248965325879    0.4173340009738326  -0.02029108943741931  -0.03691239063940683
  -0.5688282728782479   0.01095033689820054    0.4255554706622683    0.6107171619402854   -0.1766975924315128    -0.301694442153134
  0.04610036280971729    0.0508745222745422   0.05488124950350761   0.06217003367420555   -0.8018120728595458    0.5877983282680461
  -0.5567857818980243   -0.3520877022728569   -0.1242861717454174 -0.001135106260920553    0.3967292009138197    0.6270418193177815
   0.4058588739566116     0.406741398175563    0.4077180925921653     0.408244389384409    0.4099608670010257    0.4109435149479603

0.4161902341028582
0.4162299846287833
0.4162205535451233
0.4162860039492661
0.4162185612400853
0.4161800238098609

0.0004740924581474459
   0.4164430807579891

  1.158440267047443   4.017074868172504  0.5028455457986721  -4.485808273740163 -0.4753738791216433 -0.7169768792487381
 0.7139954279084242    3.09576357513753  -2.179013104676017  -1.227325164391855  0.2735238201685362  0.3221396628180311

-5.076424156755808e-09 -3.584777040782929e-08  -1.69693031486715e-07 -1.376575909325871e-08  -0.001242897606423468  -0.004382654979460773
 6.094998546320749e-09 -2.087698580454717e-08 -1.311189750702095e-07 -1.443723746227854e-08 -0.0004082019921951579     0.1508864455980854

cov:
0.06166022952870241 0.06174255990442801 0.06183337399578952 0.06188221076162194  0.0620424629197614 0.06213359017577016
0.06174255990442801  0.0618441175976219   0.061956296813718 0.06201668346390959 0.06221421901267448   0.062326938061714
0.06183337399578952   0.061956296813718  0.0620922628981251 0.06216550095796591 0.06240453060786023  0.0625412771589272
0.06188221076162194 0.06201668346390959 0.06216550095796591 0.06224569376702987 0.06250715112712855 0.06265688963472386
 0.0620424629197614 0.06221421901267448 0.06240453060786023 0.06250715112712855 0.06284146802574384 0.06303269386796187
0.06213359017577016   0.062326938061714  0.0625412771589272 0.06265688963472386 0.06303269386796187 0.06324899879190185

cov.inverse():
 30528198.41545319 -45823679.96027716 -1041553.845537443  14972439.18057592  459818.4905305497  905202.2145568536
 -45823679.9452273  105298654.4758528  -72377679.7050615  8151542.925845092  1760664.216933378  2989926.017532641
-1041553.880961126 -72377679.63685976  207285022.7978403 -132780962.8114975  -994401.595795271 -90965.55201602314
  14972439.1992176  8151542.872692131 -132780962.7707569  119068744.2790951  -3212477.17198861 -6198472.724998324
 459818.4912630685  1760664.216779249 -994401.5990555353 -3212477.169229403  2153354.464234571 -167018.3363033218
 905202.2155565869  2989926.017687394 -90965.55671760501 -6198472.721528514   -167018.33622601  2561279.148478172

cov*(cov_.inverse()):
     1.000000000203727  1.746229827404022e-10 -7.321432349272072e-10  6.984919309616089e-10 -3.456079866737127e-11 -8.731149137020111e-11
-1.164153218269348e-10      1.000000000873115 -5.156834959052503e-10  6.402842700481415e-10 -2.182787284255028e-11 -5.820766091346741e-11
-3.492459654808044e-10  1.309672370553017e-09     0.9999999992032826  7.566995918750763e-10 -3.456079866737127e-11 -5.820766091346741e-11
                     0  3.492459654808044e-10 -3.110471880063415e-10      1.000000000640284 -4.365574568510056e-11  -2.91038304567337e-11
-1.818989403545856e-10  3.201421350240707e-10  1.618900569155812e-09  1.047737896442413e-09      1.000000000009095 -8.731149137020111e-11
 9.458744898438454e-11  2.619344741106033e-10 -3.510649548843503e-10  5.820766091346741e-11 -2.546585164964199e-11     0.9999999999708962
