5
2

5.346776481794911e-05
8.883440568797732e-05
0.0003546039445919552
  0.01782236461302242
   0.5198227025388873

-0.001027945817851992    0.4363257993247489   -0.8134048685821919    0.3846407142458264 -0.006540709614587218
  -0.5762473142617128    0.7042850384511198    0.2093883790742142   -0.3573268546838592   0.01989077802603477
   0.3758328292791884   0.03991986900851027    -0.301888945756173   -0.6731769026238965    0.5593317537010273
  -0.5728091214348728   -0.3359111830404091   -0.0594754670974377    0.2655861532530407    0.6964050915402584
   0.4456202093381403    0.4462874215393706    0.4470511824380161    0.4479574676686948    0.4491430883869794

 0.402142574810074
0.4021921162406477
0.4022049420749389
0.4022029715969019
0.4022376651780386

0.0002402276032752861
   0.4023576155559228

 0.5304746406003321   2.688201804347686   3.399376789733185  -6.474167474760015 -0.1439665752906013
  0.687617632170569   0.587682111379014  0.8469420698063865 -0.9997718714483318 -0.1224593937010286

-1.166954316555728e-08  3.637923241630552e-08  4.474200251224926e-07  -0.001025568026223474  -0.002436527384332008
-2.335483225773653e-09   4.33883236054452e-09  7.931110609496833e-08 -0.0003152422814242397     0.1201002699225247

cov:
0.05376295204339034  0.0538001692946042 0.05384182640901937 0.05389179706130024 0.05395623296198775
 0.0538001692946042 0.05385536048566312 0.05391796426298175 0.05399256983044826 0.05408958878813384
0.05384182640901937 0.05391796426298175 0.05400501950275222 0.05410836840127663 0.05424340753894272
0.05389179706130024 0.05399256983044826 0.05410836840127663 0.05424552631233198 0.05442527792938059
0.05395623296198775 0.05408958878813384 0.05424340753894272 0.05442527792938059 0.05466455690540531

cov.inverse():
 43202752.88742828 -51464416.66607849  -15899426.6768152  23941463.19110371  220428.5305214692
 -51464416.7056355  129461663.4233592 -105555066.4068734  26602157.89084486  953717.9070657023
-15899426.60348167 -105555066.5144609  237715777.8878719 -117305380.3303256  1045785.788234809
 23941463.15722477  26602157.96307604 -117305380.3720883  71535670.52266099 -4774503.983266816
 220428.5306245479  953717.9028648426  1045785.795742164 -4774503.986676326  2554635.524420009

cov*(cov_.inverse()):
    0.9999999999618012 -8.731149137020111e-11 -8.294591680169106e-10 -3.201421350240707e-10   2.91038304567337e-11
-3.728928277269006e-10      1.000000000371074  1.069565769284964e-09 -9.313225746154785e-10  5.820766091346741e-11
 7.457856554538012e-11  1.462467480450869e-09     0.9999999974461389  2.037268131971359e-10                      0
-2.273736754432321e-10  6.912159733474255e-10 -1.899024937301874e-09     0.9999999994470272   2.91038304567337e-11
-3.274180926382542e-11  1.215084921568632e-09  6.257323548197746e-10  -2.91038304567337e-11      1.000000000029104
