5
2

0.0001240441462187648
0.0006713069645537207
0.0008628942309266792
  0.02122509193545289
   0.5188275333165772

  0.6238073814865135  -0.7756580169317326  0.02688580309788372  0.04397310359381032  0.08100932862690402
  0.2570731806017719   0.2172212048712936   -0.453815929707618  -0.5935672189333614   0.5731120191732834
 0.08361087254698139  0.07422342161385312  -0.7678017038578187   0.6305209347136852 -0.02059126311512265
 -0.5826032680093568  -0.3830540610510534  0.06036939389823837   0.2180752221040795   0.6801777357439233
  0.4453766773361386   0.4460157608426231   0.4473972903011178   0.4479183755552792   0.4493488064256257

0.3979862356299111
0.3980329608486562
0.3981058255433685
0.3980799053805896
0.3980507730649194

0.0002603386975293508
   0.3982025368500298

   2.820794017451542   -0.414546213554916  -0.2196504186755876  -0.5756803860953236   -1.611035099677502
   1.769337569527224  -0.4978524115442179 -0.05132990505920959  -0.1230660571515724 -0.09696486718748587

2.953447266897846e-08 6.903308220345988e-08 3.270423915864492e-08 -0.001225012902457278 -0.002321372500764019
2.269948058087643e-08 1.746171073095862e-07 5.569182097365518e-08 -0.000421675490083794    0.1196008533228756

cov:
0.05354800110915807 0.05357222576355086  0.0536213479463986 0.05364249819906997  0.0536927978762959
0.05357222576355086 0.05361453031500201 0.05370375361995672 0.05373916329311142 0.05383123385693712
 0.0536213479463986 0.05370375361995672 0.05388281160847313 0.05394908483402848 0.05413405479324226
0.05364249819906997 0.05373916329311142 0.05394908483402848 0.05402810040686491 0.05424535070612179
 0.0536927978762959 0.05383123385693712 0.05413405479324226 0.05424535070612179 0.05456028104197883

cov.inverse():
   25446768.396913 -31313461.61837871  744813.6162288041  1514650.970917845  3607963.982642559
-31313461.61838763  39213443.26249271 -1650650.542677451 -2440129.116704492 -3810072.061948331
 744813.6161874883 -1650650.542624241  1295728.513344496  24418.07672523756 -414260.6419141933
 1514650.970994056 -2440129.116800562  24418.07673475981  1441506.224707744 -540458.1310102338
 3607963.982616594 -3810072.061914401 -414260.6419118205 -540458.1310205726  1156943.242496598

cov*(cov_.inverse()):
     1.000000000349246 -7.275957614183426e-10 -3.637978807091713e-12                      0  4.365574568510056e-11
 2.619344741106033e-10      0.999999999650754  7.275957614183426e-12  1.091393642127514e-11  3.637978807091713e-11
  2.91038304567337e-10 -4.074536263942719e-10      1.000000000007276  7.275957614183426e-12  7.275957614183426e-11
 3.201421350240707e-10 -5.529727786779404e-10 -1.455191522836685e-11     0.9999999999818101  2.182787284255028e-11
  2.91038304567337e-10 -2.037268131971359e-10  7.275957614183426e-12  1.091393642127514e-11      1.000000000021828
