5
2

8.257581981506324e-05
0.0001001916071174675
0.0004020730956975655
  0.01309705684314038
   0.5152167358605013

  0.04956094918137317    0.2850392043739353   -0.8209195810672932    0.4922923440638205 -0.005971070470596075
   -0.464529224909422    0.8001950278644161   0.02288888717017006   -0.3781443856367115   0.01958159956857545
     0.47381613522822  -0.01982401101230257   -0.3529898123147013   -0.6185714577507172    0.5175643173973289
  -0.5983994804403064   -0.2800573438306196  -0.03176168977294333    0.1782693551307467    0.7284896554237023
   0.4462876239909166    0.4467834622105691    0.4471649893822311    0.4474868269178478    0.4483423988130769

0.3935893453938588
0.3936257510315724
0.3937220934307941
0.3937031481428572
0.3936556785037565

0.0003750392857132732
   0.3938212066261358

   3.026979905983677    2.808706175018864    2.688449472194932   -8.139696897114737  -0.3844030452320112
   1.340613260811896   0.5407725079946618  0.07453179252191275  -0.8725034978769013 -0.08348979697401784

-3.587492321912787e-08  3.988622308792744e-08  8.512495157038423e-07 -0.0007572189159352376  -0.001800721787236538
-1.838540100384901e-09  1.405097279937763e-09  1.769672874814179e-07 -0.0002011049870422683     0.1182225675027227

cov:
0.05293149788141592  0.0529575180715921 0.05297720755261619 0.05299375774237077 0.05303872169788888
 0.0529575180715921  0.0530010427907294 0.05303435590108666 0.05306243564892868 0.05313747120821304
0.05297720755261619 0.05303435590108666 0.05307831512962091 0.05311538040765825 0.05321387643987906
0.05299375774237077 0.05306243564892868 0.05311538040765825 0.05316006479446922  0.0532784019922049
0.05303872169788888 0.05313747120821304 0.05321387643987906  0.0532784019922049 0.05344907573236515

cov.inverse():
 23247301.17596002 -35014728.92678609 -8060359.677378603  19263338.99786716  564838.1677435503
-35014728.92290489  75704680.43724455 -32448321.34997004   -9488851.7923472  1246663.444238009
-8060359.683882618 -32448321.33790164   99654460.3338978 -58779285.30763171 -366719.7660925534
 19263338.99974183 -9488851.799667282 -58779285.30119316  52153586.57624495 -3148331.571167395
 564838.1684917022  1246663.443370786  -366719.766966554  -3148331.57017431   1703505.94222452

cov*(cov_.inverse()):
     1.000000000101863  5.820766091346741e-10  2.728484105318785e-10  2.619344741106033e-10 -1.455191522836685e-11
-8.003553375601768e-11      1.000000000058208 -3.710738383233547e-10  4.365574568510056e-10 -1.455191522836685e-11
-1.564330887049437e-10  8.003553375601768e-10     0.9999999999527063  6.111804395914078e-10 -1.455191522836685e-11
-6.184563972055912e-11  7.421476766467094e-10 -3.601599019020796e-10      1.000000000523869 -1.455191522836685e-11
 2.546585164964199e-11  1.891748979687691e-10  2.874003257602453e-10  3.492459654808044e-10                      1
