5
2

5.520862474094131e-05
0.0001318124979654991
0.0003976683888614805
  0.02014529594315754
   0.5711289780367599

  -0.2418901068955873    0.7939715906669089   -0.5576967533711021 -0.002523842935318478  0.008139465343011651
  -0.6682258277974836     0.265613997384939    0.6656751527942885  -0.08054440748026701   -0.1825174973352284
  0.05579918629638801   0.07192702033085963    0.0903454427681173   -0.8017694823406935    0.5837091336557576
  -0.5412774404381469   -0.3074541776772443   -0.1951846258971153    0.3871112552870757    0.6515661892279291
    0.445946860659203    0.4464938409230143    0.4467567403140874    0.4481258772462175    0.4487385214267373

0.4244466325827968
0.4242916495092056
0.4242904122520966
0.4238239698907998
0.4236002999737617

0.002279486524784557
  0.4250208662342629

 5.489751185959564  -2.35933683549583  -1.56195558692838  -0.13734514192526 -1.431544611041344
 6.842921088399601 -0.974066392593449  -6.67913348675696 0.6762871389244406  1.140331193457512

-7.136479835165428e-09 -8.795818398169857e-08 -1.154389092161399e-07  -0.001187927708096491  -0.002297464754965005
 3.974246450599676e-09 -1.657543985281081e-07 -2.660964058725176e-08 -0.0004447824597709337     0.1459656571609021

cov:
0.06498752316366826 0.06501571336053515 0.06502928986509858 0.06510053663778166 0.06513157454251976
0.06501571336053515 0.06506620784601669 0.06509048714232876 0.06521722147487459 0.06527346557022093
0.06502928986509858 0.06509048714232876 0.06511991268865368 0.06527328532134552 0.06534163451294003
0.06510053663778166 0.06521722147487459 0.06527328532134552 0.06556501104533895 0.06569593434882907
0.06513157454251976 0.06527346557022093 0.06534163451294003 0.06569593434882907   0.065855666320948

cov.inverse():
 44916936.89827206 -73199704.31386335  18689303.88052995  3014619.765176497  6578775.282840928
-73199704.24818476  210915217.3577984 -135056663.8146376 -2253724.406606028 -404999.1447825075
 18689303.80503319 -135056663.7192421  127598699.1782719 -3082363.415547579 -8148974.052577972
 3014619.768730389 -2253724.415805933 -3082363.410134385  4440811.201927312  -2119409.22806282
 6578775.289105162  -404999.165299375 -8148974.038092528 -2119409.228295636   4094629.57052208

cov*(cov_.inverse()):
     1.000000000582077  2.255546860396862e-10  2.095475792884827e-09 -5.820766091346741e-11 -5.820766091346741e-11
 1.222360879182816e-09      1.000000001033186  9.313225746154785e-10  5.820766091346741e-11                      0
 5.820766091346741e-10  1.087755663320422e-09      1.000000000349246   2.91038304567337e-11 -5.820766091346741e-11
 5.820766091346741e-10  -3.67435859516263e-10  2.328306436538696e-10     0.9999999999708962  5.820766091346741e-11
 4.656612873077393e-10  4.401954356580973e-10                      0   2.91038304567337e-11                      1
