5
2

5.860220664943229e-05
9.765563673672629e-05
0.0003429149648110591
  0.02295843043509411
   0.5226419185283628

 -0.08987801068194003    0.6392306244693708   -0.7390420279975964    0.1926504912320891 -0.002970019796273422
  -0.6629459170421156    0.5142096101078318    0.4431757394033721   -0.3150579509328021   0.02061406093514611
   0.2460895648807926   0.02578523035247221   -0.1948545770270091   -0.7085097732637651    0.6315224801650411
   -0.542035668951774    -0.357181935701282   -0.1412281987681032    0.4002367738798839    0.6312555101538744
   0.4450414743749514    0.4457901662414779    0.4466524762517465    0.4488303708596482    0.4497355638825316

0.3981802292772942
0.3982918687774234
 0.398374945099883
 0.398533925304015
0.3986369447493509

-0.0005654486558263082
    0.3982866744856585

  0.1753651106989333   0.9321181785577003    3.019766006800552   -4.069163743825541   -0.058246781687458
   1.775750054035814  -0.5526531530427724 -0.03189660719387347 -0.07341215389810177  -0.1177999297910673

-8.363731669877581e-09  2.843969161709053e-08  2.734022315581376e-07  -0.001328193718480147   -0.00278620168674579
-1.727734058452713e-09 -1.387426941662632e-08  4.780982699959019e-08 -0.0004555959180169814     0.1212096003232976

cov:
0.05425638956855546 0.05429457738227725 0.05433770041857078 0.05444774880860267 0.05449182305910931
0.05429457738227725 0.05435095018253307 0.05441529237322668 0.05457855063997098 0.05464528776162841
0.05433770041857078 0.05441529237322668 0.05450443132815241 0.05472984532343639  0.0548230577478651
0.05444774880860267 0.05457855063997098 0.05472984532343639 0.05511112882455196 0.05527072862422688
0.05449182305910931 0.05464528776162841  0.0548230577478651 0.05527072862422688  0.0554588951887731

cov.inverse():
 48953000.80743514 -52420861.90300814 -11873650.59835538  15376431.50935949 -34294.14764686705
-52420861.93492457  146715430.6150035 -113708924.8337287  18715742.79603542  696725.3770734585
-11873650.55403208 -113708924.8883695  179959164.5146827 -54925383.62212763  550463.3811511805
  15376431.4977116  18715742.81663787 -54925383.63079766  25484865.13305648  -4652211.72622951
-34294.14840544262  696725.3791953211  550463.3795030791 -4652211.725944725  3439484.997766124

cov*(cov_.inverse()):
     1.000000000150521  1.164153218269348e-10  9.822542779147625e-10  -2.91038304567337e-10                      0
 3.699369699461386e-10      1.000000000603904   3.92901711165905e-10 -3.492459654808044e-10   2.91038304567337e-11
 3.158220351906493e-10   2.91038304567337e-10      1.000000000014552 -1.164153218269348e-10   2.91038304567337e-11
 4.390585672808811e-10 -7.494236342608929e-10  4.147295840084553e-10      1.000000000029104                      0
 4.263256414560601e-10 -5.966285243630409e-10  6.366462912410498e-10                      0                      1
