6
2

5.516353842133197e-05
 8.36814211612037e-05
0.0002117949409593607
0.0004240332756061553
  0.02311255457470553
   0.6274586408780182

 -0.02187595673639595    0.2819421829723598   -0.7952143793547699    0.5362460907012272  0.006651245922708643 -0.007747901676113843
   0.3877133148280936   -0.7962015942841858   0.01789327708236873    0.4602512259947826  -0.01071420480323344  -0.05895126958191858
  -0.6223671834047725   0.05954007608782333    0.4261806153537231    0.5739033359949445   -0.1832233277701955   -0.2540636230389512
   0.1404614993964007   0.07855352703754147   0.05315302996121291    0.0610423453111871     -0.84196144562514    0.5085758764854595
  -0.5255748549046602   -0.3326764390825696   -0.1279505968282859  -0.02972541722455793    0.3005229195015115    0.7110052587482643
   0.4073089197672325     0.407654677795878    0.4080286813161687    0.4082084415608784    0.4087261648573992     0.409558900735876

0.4234374730605345
0.4233694929290257
 0.423233204382964
0.4232416525558241
0.4229523087288146
0.4226197857775218

0.00203740153400295
 0.4238941661510149

-0.3746084189009771   5.983811375171788  -2.819748496763194 -0.7767999576415919 -0.6858551038524831  -1.327336341872299
  9.471480714569951  -6.719238465675794  -1.686117991028522  -3.148273365445789   1.417462598281516   1.671277177131639

 1.073197072610158e-08 -3.663709334221641e-08  -2.66997125889161e-08  2.203462441626764e-08  -0.001367402598302206  -0.001904171747536461
 -7.46323851328807e-09  5.202363790064759e-08 -4.263452243329008e-07  3.187580501412967e-08 -0.0004375281314134406     0.1611801250879701

cov:
0.06546335070816242 0.06546461481930871 0.06546710296562515 0.06546834897926603 0.06545864830057505 0.06547697543298429
0.06546461481930871 0.06548583474999949 0.06550947342030672 0.06552086745702025 0.06554525781607373 0.06560597941478001
0.06546710296562515 0.06550947342030672 0.06555557081599529 0.06557773402739779 0.06563830813775103 0.06574403618214912
0.06546834897926603 0.06552086745702025 0.06557773402739779 0.06560507168197018 0.06568300096637199 0.06581032757263842
0.06545864830057505 0.06554525781607373 0.06563830813775103 0.06568300096637199 0.06581947141250299 0.06601916647845965
0.06547697543298429 0.06560597941478001 0.06574403618214912 0.06581032757263842 0.06601916647845965 0.06630947152973997

cov.inverse():
 30369109.79218011 -46874706.85133891  836053.0069734473  13712929.33082027  1243062.369652787  713318.6855484847
-46874706.81963638  116765179.4305916 -75123879.64720063  -1858269.20296005  1223246.988494574  5869488.624303909
 836052.9114243997  -75123879.4655347  211919478.9241717   -133487522.17656 -3755256.921371789 -389566.1133174092
 13712929.39471474 -1858269.356954244 -133487522.0787003  132112025.0263457 -2162128.591319814 -8317858.393847847
 1243062.369031722  1223246.990593973 -3755256.923900199 -2162128.590377337  4722111.123645858   -1270074.7220069
 713318.6861214737  5869488.626236341 -389566.1225340101 -8317858.387029096 -1270074.722114509   3394438.28551126

cov*(cov_.inverse()):
     0.999999999650754  5.820766091346741e-10 -2.874003257602453e-10 -1.047737896442413e-09                      0                      0
-3.856257535517216e-10      1.000000000640284 -1.222360879182816e-09  4.656612873077393e-10 -1.455191522836685e-11  8.731149137020111e-11
-5.311449058353901e-10   1.33877620100975e-09     0.9999999988503987  1.396983861923218e-09  1.455191522836685e-11   2.91038304567337e-11
-4.365574568510056e-11  -2.91038304567337e-10 -6.184563972055912e-11      1.000000000814907  4.365574568510056e-11 -8.731149137020111e-11
-3.492459654808044e-10  4.074536263942719e-10 -1.993612386286259e-09  2.793967723846436e-09      1.000000000014552 -5.820766091346741e-11
-4.365574568510056e-11  1.164153218269348e-10  4.838511813431978e-10                      0                      0     0.9999999999126885
