5
2

0.0001339199776670664
 0.000645107677342718
0.0007778936828782206
  0.02017877628614485
   0.5182687999280738

 0.6199535420581904 -0.7786410817818893 0.03164739552602072 0.05123573264230894 0.07582224942625743
 0.1270225673792305  0.1120070135146868 -0.2177487382109787 -0.6902310878307083  0.6689441147805052
-0.1307306664441234 -0.1143243615629545  0.8572662842404025  -0.460279424291391 -0.1519105087969128
-0.6198301905618189 -0.4114123600764953  0.1277559546566508  0.3288768394481298  0.5675110971327034
 0.4452447650282565  0.4459173746497892  0.4476124029988077  0.4482620005546284  0.4490201662963116

0.3978693991208248
0.3979135759914147
0.3979761766987883
0.3979521538592822
0.3979391809622458

0.0002891743324749118
   0.3980895109691666

   3.327942725921343  -0.7526745378037405   -0.376242299507915  -0.7921340969940013   -1.406837433907711
    1.44074366951086 -0.09327029858004909  -0.0485074556029404  -0.1600614023936893  -0.1389513823606652

 4.465832805216615e-08  1.082244482878036e-08 -5.642038279139096e-08  -0.001164574920867687  -0.002437377471598425
 1.695796303983791e-08  8.350375402291074e-08 -7.533059118499785e-08 -0.0004040631458084242     0.1192699465130223

cov:
0.05340500784107181 0.05343282879931661 0.05349938090102358 0.05352638850295648 0.05355688066699225
0.05343282879931661 0.05347849382472026 0.05359109962759934 0.05363528193275008 0.05368615652723684
0.05349938090102358 0.05359109962759934 0.05382347451958309 0.05391139719742157 0.05401500191687223
0.05352638850295648 0.05363528193275008 0.05391139719742157 0.05401704696616074 0.05413981335033823
0.05355688066699225 0.05368615652723684 0.05401500191687223 0.05413981335033823 0.05428674805681394

cov.inverse():
 21498223.26141296 -26856189.80773436  842111.9007030248   1659358.47570722  2857120.815751372
-26856189.80767716  33857390.95656123 -1594689.016534113 -2323575.382517217 -3083705.987010202
   842111.90052332 -1594689.016309778  1384300.013228723 -200410.7495856666 -431245.7561524038
 1659358.475802955 -2323575.382645085 -200410.7495595309  1641532.696790201 -776862.1344525028
 2857120.815778142  -3083705.98704947 -431245.7561339042 -776862.1344585033  1434747.112575921

cov*(cov_.inverse()):
     1.000000000291038  2.619344741106033e-10 -3.637978807091713e-12                      0  -2.91038304567337e-11
 4.365574568510056e-10      1.000000000145519  3.637978807091713e-12                      0   2.91038304567337e-11
 2.328306436538696e-10  2.328306436538696e-10      0.999999999996362 -7.275957614183426e-12                      0
 2.037268131971359e-10 -1.455191522836685e-10                      0     0.9999999999854481   2.91038304567337e-11
  4.94765117764473e-10 -1.746229827404022e-10  3.637978807091713e-12                      0                      1
