6
2

0.0001622258945518962
0.0005443066044441093
0.0006874447325501472
0.0008845045879648633
  0.02125425391931393
   0.5726533582946816

 -0.4908747742540917   0.8498065886742104 -0.04694199272830951 -0.07738449608095682 -0.09325787983516072   -0.141356905669794
  0.1569110834725592   0.1056572763979062 -0.07167724669801653  -0.1396452455183852  -0.7105446128631084   0.6593203945493884
  0.2795257542475478   0.1657383333878802  -0.5479769164825178  -0.5778655055777397    0.459917808015813   0.2206003714724262
 -0.0800978903679828 -0.05632884854221365    0.723540888398492  -0.6797684733796313  0.06250455178682518  0.03013262685332361
 -0.6965504041040627  -0.2647730348738137 -0.04842231816380946   0.1074071604141265   0.3215516971611401   0.5722204658996259
  0.4058177954425699   0.4073308329374353   0.4080735014013564   0.4086084031498731   0.4093929871266905   0.4102512423643117

0.3941936657778822
0.3943759379719514
0.3945139987379784
0.3945328658413589
0.3945687059641973
0.3946234909255129

-0.0005070142870359075
    0.3943106797484672

   3.449706354700501   -1.646178292082382  -0.0599426728185508  -0.2610314665237833  -0.4779439207383386   -1.004656523442581
   1.436608252157269  -0.2478199612256502   0.0568298943884535 0.002904447320563941  -0.1078308588658003   -0.140600442431436

-7.586487328991169e-08  2.527912706232202e-08  2.049546009696164e-07 -8.579505819908262e-08   -0.00122907316561815  -0.003127187964967278
-2.338958819984385e-08  5.293588703420486e-08  1.167585361449697e-07 -5.706609898983196e-08 -0.0004755147376192979     0.1326836393353451

cov:
0.05422570436655637 0.05429116013921671 0.05432177773913037 0.05434401038828583 0.05438110438072345 0.05441648027888421
0.05429116013921671 0.05444164055455573 0.05451485033712754  0.0545677187951925 0.05464693761917914 0.05473162270868624
0.05432177773913037 0.05451485033712754 0.05461013305686503 0.05467751994931448 0.05477799248875977 0.05488737584282682
0.05434401038828583  0.0545677187951925 0.05467751994931448 0.05475751274994704  0.0548723795288608 0.05499957061408915
0.05438110438072345 0.05464693761917914 0.05477799248875977  0.0548723795288608 0.05500920074986332 0.05516049409382234
0.05441648027888421 0.05473162270868624 0.05488737584282682 0.05499957061408915 0.05516049409382234 0.05534099811360303

cov.inverse():
  9413615.63543768 -15690606.67656177  439486.2151046525  1097062.574272527   1628286.86643956  3112325.713612121
-15690606.67663179  27541010.99387251 -1785606.169255577 -2702395.867904743 -3108167.009610547 -4254544.816971516
 439486.2152238713 -1785606.169454314  1405633.449068869  213192.1584918133 -137274.3803895076 -135361.7749763348
 1097062.574338762 -2702395.868012378  213192.1584852933  1590637.970854426 -7482.440229564769 -190907.3141552017
 1628286.866255871 -3108167.009274139 -137274.3804375718 -7482.440269823282  2487388.371507481 -862832.7599315657
 3112325.713680401 -4254544.817071606 -135361.7750012697 -190907.3141628626 -862832.7598671634  2331383.415244084

cov*(cov_.inverse()):
     1.000000000087311 -1.746229827404022e-10 -4.547473508864641e-12  2.728484105318785e-11 -1.455191522836685e-11  1.455191522836685e-11
 5.820766091346741e-11     0.9999999999126885 -1.455191522836685e-11  5.456968210637569e-12 -3.637978807091713e-11 -1.455191522836685e-11
 8.731149137020111e-11 -8.731149137020111e-11      0.999999999994543  1.637090463191271e-11  7.275957614183426e-12  4.365574568510056e-11
 1.164153218269348e-10 -1.746229827404022e-10 -1.182343112304807e-11      1.000000000029104 -4.365574568510056e-11                      0
 5.820766091346741e-11  1.455191522836685e-10 -8.185452315956354e-12 -7.275957614183426e-12     0.9999999999708962                      0
                     0  1.164153218269348e-10 -1.637090463191271e-11                      0 -1.455191522836685e-11      1.000000000014552
