6
2

5.897915085714164e-05
 0.000218082012271957
0.0003678960904195124
0.0004189910030567091
  0.02279488711690487
   0.6256092605285004

  -0.1066960842095266    0.7420237326646293   -0.6613454847567355 -0.002976784589003058  0.004257582183087485   0.02473635616147876
  -0.6087996267279415    0.4473132687238915    0.5902149786081684  -0.05161191412146603   -0.1287869136919552   -0.2483350042350967
   0.1869319819540994    0.1555725429349892    0.1656831807136956   -0.6930408301492423   -0.3637719503587459     0.548422353222669
 -0.08723915049778008   -0.0458624310265482  -0.03313297150606656    0.5913667194710309   -0.7364850060637463    0.3115500171486021
  -0.6402322093849132   -0.2382322236614524   -0.1388862204613733   0.02604420238322166    0.3758765271544224     0.609997769912268
    0.406850639571236    0.4077387014993721     0.407958743517238     0.408201983636253    0.4091117746600114    0.4096218602050957

0.4218142601944026
 0.421580990053799
0.4215820717760072
0.4214489155425783
0.4211290610415426
0.4209077950322918

0.002227830082536136
  0.4222943430298592

  2.184014798467941   1.183926190497871  -1.166594695302346 -0.3654081471991851 -0.2511638895556423  -1.585260775624355
   5.89202869946159  -4.412647915609863  -4.043004754972168   1.278401023057742  0.8849706997279329   1.407042303131461

 4.792741272516498e-09 -4.963819166082201e-08 -1.700232981517242e-08 -1.283605439424501e-07  -0.001345382223978164  -0.002306859653509321
-4.154613723311211e-09 -4.031410072673859e-07 -9.355144559780596e-08  6.406229565542601e-08 -0.0004859813830113958     0.1600155106474253

cov:
0.06499828968550686 0.06500593586249011 0.06500792158235826 0.06499177397309108 0.06502029799176211 0.06502364757727253
0.06500593586249011 0.06509791723868888 0.06512073411160763  0.0651390999231182 0.06524099892621192 0.06529342730543614
0.06500792158235826 0.06512073411160763  0.0651487061259625 0.06517559938146816 0.06529563230838782 0.06536019283630255
0.06499177397309108  0.0651390999231182 0.06517559938146816 0.06521683953471019 0.06536675787503503 0.06545144349040087
0.06502029799176211 0.06524099892621192 0.06529563230838782 0.06536675787503503 0.06558091553535091 0.06570813702270208
0.06502364757727253 0.06529342730543614 0.06536019283630255 0.06545144349040087 0.06570813702270208 0.06586424755676841

cov.inverse():
 11368049.85574765 -28247828.02650347   12975509.9928031 -499104.7681944206  1381084.612235251  3022007.250048678
-28247828.03384805  162682584.4360203 -135324405.0989299 -2071521.868624852 -528972.6485940623  3489669.118089508
 12975510.00153534 -135324405.1147128  133269689.5287329 -1034541.964711563  -2714103.88543092 -7172364.839540528
-499104.7685334303 -2071521.865396684 -1034541.967818342  5599311.141022839 -482099.1007078143 -1510332.680279239
 1381084.611757507 -528972.6453807086 -2714103.888232233 -482099.1007599523  4421645.597160139 -2077825.017053075
  3022007.24947767  3489669.120087089 -7172364.840683837 -1510332.680444719 -2077825.017170901    4248393.2194489

cov*(cov_.inverse()):
    0.9999999997962732 -4.365574568510056e-10  2.444721758365631e-09  1.455191522836685e-11  -2.91038304567337e-11 -5.820766091346741e-11
  2.91038304567337e-11      1.000000000145519  4.656612873077393e-10  1.455191522836685e-11   2.91038304567337e-11 -5.820766091346741e-11
 1.164153218269348e-10  4.074536263942719e-10     0.9999999992433004  8.731149137020111e-11                      0 -5.820766091346741e-11
 1.455191522836685e-10 -1.047737896442413e-09  1.105945557355881e-09      1.000000000029104                      0                      0
 -2.91038304567337e-10  1.135049387812614e-09 -5.820766091346741e-10  5.820766091346741e-11      1.000000000029104  5.820766091346741e-11
-5.820766091346741e-11  6.693881005048752e-10  -2.91038304567337e-10 -1.455191522836685e-11                      0                      1
