6
2

5.369981439483538e-05
8.986821981407714e-05
0.0002689392704610141
0.0006112352349750951
  0.02154463783623594
   0.5702215086925818

-0.001900339160520527    0.4279437668246747   -0.8107834282809574    0.3992103772844235 -0.004319525577744314  -0.01015726041667817
   0.5587073289748066   -0.7110494648503273   -0.1881032086413999    0.3820128165970739  -0.01467033330400911  -0.02688775299332842
  -0.4401659457474731    -0.034462598478322    0.3394742822717388    0.7125571342704314   -0.2010124851716115   -0.3764037624571324
  0.04549825550696981   0.05447172579326191   0.06266600834080614    0.0749054580075845   -0.8106033603799743    0.5730157726755203
  -0.5717582738353737   -0.3761168495579774   -0.1476750816863202    0.1197969635235138    0.3669206976536574    0.6006983862074333
    0.406348169076423    0.4070062245786659    0.4077617792871763    0.4086532428790075     0.409452680536728    0.4102541401141184

0.4031488990654913
0.4031725507042524
0.4031572466279217
0.4031219919728532
0.4031362728815054
0.4030847845550589

0.0005714628361103477
   0.4034084564227667

  0.4811231773434073    2.543153729716943    3.482066398061925   -6.173349259591096 -0.07528507930558191  -0.2577678377800272
  0.4081593890923825    1.282245521442621    0.144800946934595  -0.6015625861818087  -0.1382539144663879 -0.09531605206003499

-1.210365985318577e-08   -3.6704768241886e-08 -2.462093834910304e-07 -6.368859941771275e-08  -0.001238333427322672  -0.002893430022098947
 5.535678861938098e-10 -7.560620728909281e-09 -3.903348890051606e-08  4.105282417567482e-08 -0.0004256804398813166     0.1317642672661088

cov:
0.05384057166487302 0.05387557682130908 0.05391476816206912 0.05396155838439326 0.05400161133131223 0.05404549018658601
0.05387557682130908 0.05392851469412483 0.05398861686313546 0.05405989391862686 0.05412253330374361 0.05418781287866462
0.05391476816206912 0.05398861686313546 0.05407314450504382 0.05417301048365997 0.05426202266035948 0.05435228747539924
0.05396155838439326 0.05405989391862686 0.05417301048365997 0.05430635925824873 0.05442625234841657 0.05454577516642961
0.05400161133131223 0.05412253330374361 0.05426202266035948 0.05442625234841657   0.054575055319775 0.05472115647444299
0.05404549018658601 0.05418781287866462 0.05435228747539924 0.05454577516642961 0.05472115647444299 0.05489355184988401

cov.inverse():
 41336819.40591061  -49254632.5497339  -14536532.4037584  21836643.02970083  112100.0222465389  506344.8745364571
-49254632.55075198  126134456.8795222 -103913867.0105365  25282127.19802946  627865.5679672461  1122281.720249208
 -14536532.3997878 -103913867.0120285  233947848.9471689 -117783927.0506566  476641.5973248357  1811354.529305939
 21836643.02560197   25282127.1971862 -117783927.0428085  80370349.13992536 -3434640.911424536  -6271134.79374276
 112100.0222211983  627865.5693733692  476641.5948587431 -3434640.910381242  2350789.776283406 -132629.5655796873
 506344.8757081968  1122281.720160255  1811354.526402399 -6271134.791880012 -132629.5656216826  2963765.967549297

cov*(cov_.inverse()):
     1.000000000552973 -3.201421350240707e-10  1.367880031466484e-09 -1.164153218269348e-10  1.546140993013978e-11   2.91038304567337e-11
 1.200533006340265e-10      1.000000001251465  9.167706593871117e-10  7.566995918750763e-10  3.092281986027956e-11   2.91038304567337e-11
 3.274180926382542e-10  8.803908713161945e-10      1.000000002168235   2.91038304567337e-10  3.637978807091713e-12  5.820766091346741e-11
-6.548361852765083e-11  5.748006515204906e-10  1.717125996947289e-09     0.9999999997089617  1.637090463191271e-11   2.91038304567337e-11
-4.729372449219227e-11  1.055013854056597e-09 -1.455191522836685e-11  3.492459654808044e-10      1.000000000000909  -2.91038304567337e-11
 2.146407496184111e-10  3.274180926382542e-10  4.365574568510056e-10  2.328306436538696e-10  8.185452315956354e-12                      1
