5
2

6.381943818722058e-05
0.0002569610420632146
0.0004794440724795191
  0.02165543751094251
   0.5278256644438089

  -0.273243869255839   0.7889206188373505  -0.5497903022777452  0.01033913952719656  0.02378593707576161
 -0.5097408159003318   0.3218695274424033    0.696879972458094  -0.1511391101443825  -0.3578820773395033
-0.04717688641532351 -0.08646378122221561  -0.1099072142679116   0.8104844782938667  -0.5668630086903704
 -0.6829864671173408  -0.2602780176755287 -0.00207505324170248   0.3443273058152035   0.5892531203765984
  0.4436281276498267   0.4458515812789604   0.4472192146074039   0.4490029938579071   0.4503351390037565

0.4067160449220018
0.4065661374392822
 0.406435905613465
0.4062732030789723
0.4061540107850155

0.001570534588637706
  0.4071043903884595

   1.752181753781071    4.744364783477182    -6.04731933787267 -0.09847288355299219  -0.3507330139395083
    1.53943848842092   0.7489829587496809   -1.886793004471871   0.5515423213001509  0.04742480098480142

 2.679799008405838e-08 -2.271359623336726e-07  6.683892626934139e-08  -0.001247240253198385  -0.003911479878608725
 4.946224056461945e-09 -1.293402147207156e-07  1.126621063972133e-07 -0.0004804886959833502     0.1231591600031056

cov:
0.05504888776363464  0.0551882761355724 0.05527459724826914 0.05538413107862437 0.05547035135981919
 0.0551882761355724 0.05541288700053292 0.05555125453009025 0.05573050908093279 0.05586610796515294
0.05527459724826914 0.05555125453009025 0.05572142472192638  0.0559432745141587 0.05610904037568176
0.05538413107862437 0.05573050908093279  0.0559432745141587  0.0562225266830585 0.05642846251882833
0.05547035135981919 0.05586610796515294 0.05610904037568176 0.05642846251882833 0.05666346381870265

cov.inverse():
 22277223.54255992 -55393754.41999357  31526977.84706801  306314.4361098705   1282567.58899627
-55393754.41486893  154414801.9390337 -103055421.6397528  960875.2678061997   3075652.49151168
 31526977.83958088    -103055421.6284  81621932.10113871 -3378313.758639561 -6716893.635442106
 306314.4364133491  960875.2670101689 -3378313.758148827  3230133.509999682 -1118697.149669853
 1282567.591055361  3075652.486079431 -6716893.632067213  -1118697.14967166  3477313.142067199

cov*(cov_.inverse()):
     1.000000000291038   2.91038304567337e-10  1.222360879182816e-09  7.275957614183426e-12                      0
 1.600710675120354e-10      1.000000001542503 -3.492459654808044e-10  2.182787284255028e-11  5.820766091346741e-11
-2.764863893389702e-10  5.238689482212067e-10      1.000000000058208  4.365574568510056e-11  1.164153218269348e-10
-1.455191522836685e-10  1.891748979687691e-09  4.656612873077393e-10      1.000000000050932  5.820766091346741e-11
 2.182787284255028e-10 -7.275957614183426e-10  2.328306436538696e-10  2.182787284255028e-11                      1
