5
2

0.0001754819025730142
0.0006284942997608801
 0.000785254067985219
  0.01878970593343395
   0.5202265951826884

 -0.4801579208655566   0.8466744255021081 -0.06703554527676019  -0.1094148464585061  -0.1900668705341632
 -0.1653868549607762  -0.1338173530031935   0.3134226066991376   0.6472868509613405   -0.661457562073237
 -0.1421705213547293 -0.09746513491124736   0.8305705422583799  -0.5255087810419397 -0.06543077039812499
 -0.7238440364258829  -0.2375125803243134   0.0847594115931368   0.3033619094987581   0.5660609323474149
  0.4448965194566696   0.4464567783115331   0.4474828731452985   0.4481742929487304   0.4490460037196218

0.3989144181865577
0.3989562092460674
0.3989997673317084
0.3989781480169598
0.3989455955375443

0.0003779339814666906
   0.3991471072721984

   4.316915081929676   -2.897710883341746  -0.1538188040876708  -0.3791282249765214  -0.8862578726881148
   1.498906698837063  -0.2578842438205128 -0.06672415504406953 -0.02181601639506558  -0.1525101251449435

-1.325978116539067e-07 -1.326823735471074e-08 -1.244630203780994e-07  -0.001082551404316805  -0.002662928535392421
-2.778252925650862e-08 -5.828109693405727e-08 -1.368543698833957e-07 -0.0003962411794930616     0.1200553131673279

cov:
0.05375272709455525  0.0538162796808391 0.05385737111762147 0.05388485410078542 0.05392272455515919
 0.0538162796808391 0.05396405044473514 0.05406090334914195 0.05412617756651002 0.05420951481149566
0.05385737111762147 0.05406090334914195 0.05419534480477068 0.05428496758397362 0.05439847090505979
0.05388485410078542 0.05412617756651002 0.05428496758397362 0.05439276913408678 0.05452615302800973
0.05392272455515919 0.05420951481149566 0.05439847090505979 0.05452615302800973 0.05468491432922391

cov.inverse():
 7590436.502628712 -13122894.48011286  722360.2694678509  1555590.864449034  3254518.151161277
-13122894.48005943  23340108.66332287 -2080651.743006027 -3144771.583440646 -4991818.590515348
 722360.2693834779 -2080651.742859068  1513390.220193357  44017.49146424962 -199081.0598076436
 1555590.864440633 -3144771.583448351  44017.49149959011  1897580.105674044 -352334.5270614703
  3254518.15120062 -4991818.590601167 -199081.0597803982 -352334.5270422384   2288633.54927892

cov*(cov_.inverse()):
     1.000000000029104   2.91038304567337e-10                      0  2.182787284255028e-11                      0
 5.820766091346741e-11      1.000000000174623 -9.094947017729282e-12 -1.818989403545856e-11   2.91038304567337e-11
-5.820766091346741e-11   2.91038304567337e-10      1.000000000007276 -2.546585164964199e-11                      0
  2.91038304567337e-11                      0                      0      0.999999999992724   2.91038304567337e-11
                     0  1.746229827404022e-10 -1.818989403545856e-12  7.275957614183426e-12     0.9999999999708962
