5
2

9.460195367897021e-05
0.0003583505547199135
0.0004149890533013782
  0.01973179720138906
   0.5701181661038597

  0.6088338056183259  -0.7844598355752002  0.01709932623733629  0.05597084253699144   0.1025623777686787
  0.2691698787615188   0.2383945646015016  -0.7018873856599632  -0.3267501083908613   0.5208685750301634
 0.08801175853463955  0.06407705466490612  -0.5523083763788273   0.7491515888773576  -0.3491065964564767
 -0.5919014049315517  -0.3527100189334505 -0.04702812665548409   0.3578938269303714   0.6284494676045399
  0.4458426075461066   0.4464085253971147   0.4469961113686685   0.4480909918531321   0.4487234529090579

0.4248425883664075
0.4247216910474298
0.4246250273142154
0.4243517356293987
0.4241646349599452

0.00187217224920707
 0.4253377758602964

  5.594651823786259  -3.597225512278657 -0.3807853653439472 -0.1740134503945009  -1.443203293492179
  7.893041769869238  -8.971893733384796   1.266974690543146  0.4018380248996534  0.4167355837759469

  5.42683626033203e-08  2.834903218206576e-08  1.456388334614245e-07  -0.001165717146189669    -0.0023664417256004
 1.067727030954042e-07 -1.050167687139332e-07 -7.309193340333125e-08 -0.0004521436343447286     0.1453933173679701

cov:
0.06474540163011809 0.06477227980780571 0.06478694660165082 0.06485232783526401 0.06488164300956065
0.06477227980780571 0.06482155501660115 0.06486479360248532 0.06496807834527027 0.06502270667382988
0.06478694660165082 0.06486479360248532 0.06494470996406007  0.0650962125745236 0.06518317653898334
0.06485232783526401 0.06496807834527027  0.0650962125745236 0.06531225211797535 0.06544188999409634
0.06488164300956065 0.06502270667382988 0.06518317653898334 0.06544188999409634 0.06560045799423421

cov.inverse():
 42028864.42725353 -52833585.68636151 -590146.0832467235   3505095.32391326  7889708.643678305
-52833585.68693568  69227572.42160942 -3007286.027855655 -5234229.008799598 -8153479.581638571
-590146.0827514182 -3007286.028431399   5640322.53004826 -509742.9623627191 -1531453.813599826
 3505095.324760496 -5234229.009953992 -509742.9622166089  4440647.605928749 -2201971.099721044
 7889708.642910046  -8153479.58048273  -1531453.81382638 -2201971.099882138  3996789.570184258

cov*(cov_.inverse()):
     1.000000000232831  1.164153218269348e-09  1.455191522836685e-11                      0 -5.820766091346741e-11
  2.91038304567337e-10      1.000000001396984                      0                      0 -1.455191522836685e-10
 6.984919309616089e-10  9.313225746154785e-10                      1   2.91038304567337e-11 -8.731149137020111e-11
 4.656612873077393e-10  1.047737896442413e-09  1.455191522836685e-11                      1 -1.164153218269348e-10
 4.074536263942719e-10  9.313225746154785e-10 -1.455191522836685e-11  -2.91038304567337e-11     0.9999999999417923
