5
2

8.334808311506914e-05
0.0001125027884420398
0.0004590813590046106
  0.01198656968877688
   0.5069793358397748

-0.1407023224919188   0.708317543578846 -0.6823858071268429  0.1132985694898233 0.00146911102945262
  -0.53843347606184  0.4691189329623997  0.5203016497926707 -0.4679893482085866 0.01699946406541324
 0.3353698491840555 -0.0502573011633155  -0.231410662409997 -0.6710837940555026  0.6173304743952646
-0.6152414761891446 -0.2756904125533483  -0.101025214513991  0.3426576649315543  0.6464150006758999
 0.4464271928727128  0.4468586849336087  0.4470780858085541  0.4476401122940046  0.4480620405907711

0.3781722838204895
0.3782004534556683
0.3783056198986825
0.3782616263021115
0.3782432893525055

0.0004533025066555791
   0.3784154951517025

  1.411636670925856   3.548564989486588    2.80585260592521  -7.603123802463174 -0.1630965354881105
  1.725912817419931  0.1242505977642613 -0.4170723466087851 -0.2923019802937983 -0.1407074927885146

-3.205623181610566e-09  7.492776144945434e-08  9.794709815758479e-07 -0.0006955389301769903  -0.001594927438144088
 6.700223650760376e-10  -1.20696248569206e-08  1.640492202851399e-07 -0.0001788915666234887      0.114547425005424

cov:
0.05127939273724219 0.05129885389221869 0.05130857729537358  0.0513338214705171 0.05135547210439672
0.05129885389221869 0.05133497742678179 0.05135325354659132 0.05140023337570725 0.05143665071115722
0.05130857729537358 0.05135325354659132 0.05137594573810272 0.05143410017289738 0.05147811645436464
 0.0513338214705171 0.05140023337570725 0.05143410017289738 0.05152067692974257  0.0515839918291327
0.05135547210439672 0.05143665071115722 0.05147811645436464  0.0515839918291327 0.05166096234904841

cov.inverse():
 26291461.77910339 -34381716.61898288 -8680826.173641346  16544544.14207741  226648.2642368093
-34381716.60249696  89621313.31680784 -50237148.88571811 -5634242.718443626  631417.3811626158
-8680826.196694683 -50237148.84969863  88672760.04222478 -29630774.76439136 -123776.6092955683
 16544544.14875528 -5634242.738600242 -29630774.75079531  21289434.45829482  -2568745.01749578
 226648.2641262826  631417.3817856322 -123776.6099252829 -2568745.017378557  1834291.900365234

cov*(cov_.inverse()):
     0.999999999998181  3.892637323588133e-10  8.003553375601768e-11 -8.731149137020111e-11                      0
-3.128661774098873e-10      1.000000001324224   2.78305378742516e-10  5.820766091346741e-11 -1.455191522836685e-11
 2.364686224609613e-11 -1.746229827404022e-10     0.9999999997844498  -2.91038304567337e-11                      0
 1.400621840730309e-10  5.020410753786564e-10 -2.492015482857823e-10      1.000000000174623 -1.455191522836685e-11
 1.182343112304807e-10  1.600710675120354e-10 -6.366462912410498e-11 -1.164153218269348e-10     0.9999999999854481
