5
2

7.982038139121001e-05
0.0001142084990017195
0.0005489987309857378
   0.0105729425764353
   0.5171006779148464

  0.07264594212661936    0.2975886868637935   -0.8309887441272239    0.4643365236010394 -0.003583368133444812
  -0.3950754252529676    0.8085076388887705   0.01140102624096729   -0.4358658425468209   0.01103585616501701
   0.3655459079130084   -0.1279438750579168   -0.3300176619852402   -0.5607595857553135    0.6531795953675706
  -0.7112913734023436   -0.2040874071732857   0.01974312894961539    0.2821222771870917    0.6102705481429871
   0.4461824142491326    0.4469172925471091    0.4472429712936657     0.447625142110394    0.4480978058596581

0.4014821852235957
0.4016360009474607
0.4016245059453921
0.4016089168492252
 0.401592442774199

0.0002946816890851183
   0.4017041404706708

   1.779580095059482    5.516076655396095    3.519699804066244   -10.59397616505739  -0.2213957211935431
    1.21676696747028   0.7534868422161651   0.4425844008856976    -1.38056797459678 -0.03220394865408083

-3.868908186788173e-08  1.097220705789689e-07  1.380190000954289e-06 -0.0006087903724295735  -0.002120063016862264
 -4.43501296361282e-09  9.585963714209271e-09  2.879726319905099e-07 -0.0001586993738655435     0.1190385012011023

cov:
0.05328888486106168 0.05333617044332913 0.05335720974291867 0.05338191992797877 0.05341235070252203
0.05333617044332913 0.05341245093889008 0.05344626109754259  0.0534859521351607 0.05353490721115717
0.05335720974291867 0.05344626109754259 0.05348572887425338 0.05353202766821652 0.05358915940819321
0.05338191992797877  0.0534859521351607 0.05353202766821652 0.05358609060267796 0.05365280453943274
0.05341235070252203 0.05353490721115717 0.05358915940819321 0.05365280453943274 0.05373206375231633

cov.inverse():
 13242576.06631962 -21249535.32413738 -10220696.95560911  17814385.70169781  413190.7025731765
-21249535.32172277  64069803.15560299 -37966852.61312049 -5091550.580536602   238300.002178512
-10220696.96032979 -37966852.60372244  108754701.2713867 -60328948.63476858 -238076.6910746223
 17814385.70419795 -5091550.587719333 -60328948.63045651  49449563.61788369 -1843641.354054678
 413190.7023791044  238300.0023777988 -238076.6907093205 -1843641.354425194  1430226.169901502

cov*(cov_.inverse()):
     1.000000000040018  4.365574568510056e-10  1.327862264588475e-10  4.802132025361061e-10                      0
 2.182787284255028e-11     0.9999999996289262  4.019966581836343e-10  4.365574568510056e-10                      0
 4.001776687800884e-11  1.691660145297647e-10      1.000000000429281  1.746229827404022e-10                      0
 1.818989403545856e-10 -7.457856554538012e-10  2.637534635141492e-10      1.000000000029104 -1.455191522836685e-11
 4.365574568510056e-11   1.01863406598568e-10  3.637978807091713e-12  1.309672370553017e-10                      1
