6
2

8.828143322405008e-05
 0.000212119031654291
0.0004744340105642614
0.0006267244017569243
  0.02362367325084655
   0.5771508292014828

  0.5303842309407956  -0.7878734544280731   0.3113229381808897 -0.01320304958930086 -0.01671280166137439 -0.02392440765213799
  0.3883352780450552  -0.0895023405150738  -0.8543123083967999   0.1734743700080868    0.126716526887491    0.255313703810811
  0.0846096042156918  0.08732627109441957  0.07991024213184268  -0.1545191061827464  -0.7379834142860956   0.6405731937232163
  0.1404114346664818  0.09542364587213166 0.004390953453694188  -0.8698825907058954   0.4049778748623552    0.224626079540886
 -0.6140651387949893  -0.4356396730717423 0.009876940030420106    0.147810121491217   0.3269765259105486   0.5516185693996283
  0.4048927371552448   0.4058710094119311   0.4083209848513582   0.4090386468634433   0.4100284827768383   0.4113011027601781

0.4078201214479755
0.4077761196174791
0.4075660092520405
0.4076063613110992
0.4074152323747625
0.4073077256436118

0.001465564007482252
  0.4081954685616613

    0.9937745750941841      3.464389328670141     -3.719395319567869    -0.2588863405588842   -0.09893919829802386    -0.3810079757430805
    0.1161308424585049       2.24817971431703     -1.570998468384153    -0.3940376684547647     0.6018574128795078 -0.0006645167216462744

-2.607870263794034e-08  1.394220683859338e-07 -9.374410902232429e-09  2.173422150009113e-07   -0.00136003141008725  -0.004467334230263302
-1.717412171637664e-08  5.371188893334736e-08 -6.822136960140388e-08  3.182699358408376e-07 -0.0005179191543792267     0.1343566586740025

cov:
0.05481875163525653 0.05488953025206525 0.05506727009802929 0.05511675666100003 0.05518891555773137 0.05528358965845288
0.05488953025206525 0.05497841904009646 0.05520132646043826 0.05526477816699665 0.05535507832563904 0.05547253727088636
0.05506727009802929 0.05520132646043826 0.05553704242342082 0.05563536805302157 0.05577097965934069  0.0559453302665719
0.05511675666100003 0.05526477816699665 0.05563536805302157 0.05574484393673195 0.05589407479138645 0.05608601715600272
0.05518891555773137 0.05535507832563904 0.05577097965934069 0.05589407479138645  0.0560622617531439 0.05627681378787544
0.05528358965845288 0.05547253727088636  0.0559453302665719 0.05608601715600272 0.05627681378787544 0.05652050945637335

cov.inverse():
 39528910.42671547 -54322770.72062342  13844940.90966662  229484.8443535121 -176705.8893798464  895880.4878135566
-54322770.72284576  79883312.96700124   -29740878.834946  718258.8692850489  1249290.802364041  2213366.701642354
 13844940.91470577  -29740878.8410538  28685365.59732616 -3885752.132736199 -3331044.716698417 -5573398.639947277
 229484.8436866574   718258.870205185  -3885752.13299734  2723800.752747062  126675.2650991242  87813.83129563362
 -176705.890566998  1249290.803907971 -3331044.716923103  126675.2650528759  3230038.815678739 -1097955.460063564
 895880.4868505502  2213366.703063996 -5573398.640530112  87813.83133401256 -1097955.459977725    3474179.2016787

cov*(cov_.inverse()):
     1.000000000633008  5.529727786779404e-10                      0   -1.2732925824821e-11  7.275957614183426e-11  -2.91038304567337e-11
 6.475602276623249e-10      1.000000000494765 -1.746229827404022e-10 -1.546140993013978e-11   2.91038304567337e-11  5.820766091346741e-11
 8.076312951743603e-10  2.328306436538696e-10     0.9999999997671694 -2.728484105318785e-11  1.455191522836685e-11 -5.820766091346741e-11
 5.311449058353901e-10  3.201421350240707e-10 -5.820766091346741e-11      1.000000000011823  3.637978807091713e-11  5.820766091346741e-11
 3.055902197957039e-10  9.604264050722122e-10 -1.164153218269348e-10  1.818989403545856e-12      1.000000000029104                      0
 1.746229827404022e-10  5.820766091346741e-11  5.820766091346741e-11 -9.094947017729282e-13  7.275957614183426e-12                      1
