5
2

0.0001092536236049941
0.0005738284466717812
0.0007270185082495572
   0.0178079645253609
   0.5345811863142881

 -0.5897928535606463   0.7969509747218032 -0.03870127481089714 -0.05849035572507739  -0.1099755581659992
  0.1403802458181397   0.1281535484299576  -0.1484470549886677  -0.7436357839881556   0.6235698415144543
  0.1859564453395875   0.1460199268015769  -0.8790579764716389   0.3777355942809891   0.1693259467072409
 -0.6324238029249724  -0.3582047639413603  0.05939591194069595   0.3159650894030061   0.6069330016623853
  0.4448574045729815   0.4458848954397921    0.447431428086499   0.4484044849811536   0.4494742313242201

0.4014734106040891
0.4015160291199167
0.4016232527304172
0.4016191967945316
0.4016286968160666

-7.934059913767834e-05
    0.4015738462623111

   6.689649531266816   -4.920074571824014  -0.2660504931910052  -0.4838205279032453   -1.019624714733961
   2.280523725424778  -0.8682397273836939 -0.08021344671708891  -0.1356961622471322   -0.196173407048525

-9.209895899734251e-08  2.372227912723958e-08  2.135488358823502e-07  -0.001032496106217504  -0.003466043936758422
-2.392481709344127e-08  6.564528633833599e-08  1.497586723683196e-07 -0.0004116117177378027     0.1264452568427433

cov:
0.05668160278630743 0.05675721706808079 0.05686996762518198 0.05694231191734778 0.05701999637305604
0.05675721706808079 0.05685700335399152 0.05700653205370461   0.057101449203836  0.0572047487717087
0.05686996762518198 0.05700653205370461 0.05721263647829745 0.05734133486640357 0.05748362931218393
0.05694231191734778   0.057101449203836 0.05734133486640357 0.05749213089201344  0.0576579907836175
0.05701999637305604  0.0572047487717087 0.05748362931218393  0.0576579907836175 0.05785166462247009

cov.inverse():
 29269066.89137155 -39271799.18502211  1539612.406541583  2705328.834491355  5758261.002678604
-39271799.18495546  53300407.81524672 -2884647.859160016 -4090629.010481192 -7053921.716110777
 1539612.406487375 -2884647.859090502  1654405.631040918 -103271.4582744424 -206043.3882903368
 2705328.834372506 -4090629.010328437 -103271.4582747219  2236288.854202404  -747738.888261079
 5758261.002785021 -7053921.716266407 -206043.3882747515 -747738.8882274501  2249547.055723675

cov*(cov_.inverse()):
     1.000000000174623  5.820766091346741e-11 -1.091393642127514e-11  2.182787284255028e-11   2.91038304567337e-11
  2.91038304567337e-10      0.999999999825377 -1.637090463191271e-11  7.275957614183426e-12  5.820766091346741e-11
 5.238689482212067e-10 -5.820766091346741e-10      0.999999999996362   2.91038304567337e-11  7.275957614183426e-11
 1.164153218269348e-10  1.164153218269348e-10 -9.094947017729282e-12                      1  1.455191522836685e-11
  2.91038304567337e-10                      0 -9.094947017729282e-12  1.455191522836685e-11      1.000000000058208
