5
2

0.0001594681636869246
0.0003961754486833726
0.0004246322485166881
  0.02285858094444465
   0.5706840093038099

  0.5116670556689632  -0.8370789453385309   0.1299108695490798  0.07032917036738218   0.1251904037154026
  0.1022578642402659  0.08448226620919858 -0.04867897934472352  -0.7656284163731694   0.6275743469175949
 -0.1915334473763111 -0.05376484381063626   0.8733583043780396  -0.3306603860540232  -0.2972091206115373
 -0.7019074812541111  -0.2999286622481557    0.133246088950904   0.3142769883237407   0.5484926067970187
    0.44539979752996   0.4464456574983584   0.4474866197956773    0.448063186997227   0.4486651321674734

 0.422490849308452
0.4223221441804275
0.4220792932320561
0.4219708693610117
0.4217884578044474

0.001807258441530482
  0.4229187329674215

  2.018157173900701  0.4699620394926617 -0.6934919588988844 -0.1927898959299146  -1.602424287484079
   6.72333486324179   -8.84475361018025    1.16455820870305  0.7081476279333481   1.255300017550452

 8.518323331458409e-09 -9.075146273478802e-08 -8.609489596973558e-08  -0.001353013782447785  -0.002267719351740583
 2.848707163991727e-07   2.02810439162372e-08 -7.255291968102661e-08 -0.0005225741911717733     0.1457414486790833

cov:
0.06486620914885335  0.0648704682767049 0.06486257665110406 0.06487984723698886 0.06488128585005676
 0.0648704682767049 0.06495956494468495 0.06504300208372471 0.06509846689506764 0.06514930021620761
0.06486257665110406 0.06504300208372471 0.06522501853501492 0.06532146562310912 0.06542549324543757
0.06487984723698886 0.06509846689506764 0.06532146562310912  0.0654354870867544 0.06556161838168519
0.06488128585005676 0.06514930021620761 0.06542549324543757 0.06556161838168519  0.0657168361801847

cov.inverse():
 10566031.80721062 -16729918.79068717  1654274.962812054  1267061.105949627  3242737.359090653
-16729918.79072346  27615689.84619232 -4562950.273467441 -2628706.042192192 -3694772.064505769
 1654274.963587317 -4562950.274754966  4908969.250033553 -1004762.740939976  -994514.288709133
   1267061.1047072 -2628706.040104153 -1004762.741465105  4535807.262727051 -2169732.596422242
 3242737.359594296 -3694772.065342891 -994514.2886962423 -2169732.596101666  3616084.204554983

cov*(cov_.inverse()):
     1.000000000116415  -2.91038304567337e-10 -1.455191522836685e-11   2.91038304567337e-11   2.91038304567337e-11
 5.820766091346741e-11     0.9999999995634425 -7.275957614183426e-11                      0   2.91038304567337e-11
 8.731149137020111e-11  -4.94765117764473e-10     0.9999999999854481   2.91038304567337e-11                      0
                     0  -2.91038304567337e-11 -8.731149137020111e-11      1.000000000058208                      0
 8.731149137020111e-11 -2.619344741106033e-10                      0  -2.91038304567337e-11                      1
