5
2

0.0001326385907420341
0.0005395828764109899
0.0007704259682219409
  0.01793472676264278
   0.5203542328682198

 -0.5638608998459239   0.8097923522274119 -0.02798270682049792 -0.07931515695574252  -0.1386481370052415
  0.1387373824541267    0.119873972232146 -0.07734168599761941  -0.7776420083040739    0.596383551096873
  0.2945817343734048    0.219156138448391  -0.8859603292036931   0.2602757476917169   0.1119062955992581
  -0.614604002266592  -0.2874483163062164 -0.09262483410864772   0.3467899582117135   0.6409311592054737
  0.4453047793435036   0.4463301798986855   0.4469118111100596   0.4483026576375925   0.4492077295092312

0.3980884712371066
 0.398159188261427
0.3981255621019666
0.3980753121601198
0.3980226389605839

0.0004796742428428632
   0.3983040365697761

    5.954102039266349    -4.424867216151801     0.012101883557389   -0.5398712602329844     -1.00161551221465
    2.568178541304406    -1.359659351613543 -0.008846637306915373   -0.1583662082013303  -0.04125157933949256

-1.189137941856541e-07  3.411508442882228e-08  3.091885308004876e-07  -0.001035020818389221  -0.002738109358550061
-4.452099972021223e-08  8.517562585456508e-08  2.496279846665257e-07 -0.0004078966763666023      0.120027623707438

cov:
0.05381397361445844 0.05387290777774744 0.05390433012261852 0.05398533546373388 0.05403634541492006
0.05387290777774744 0.05396659026070222  0.0540187058896968 0.05414628877382625 0.05422850047145659
0.05390433012261852  0.0540187058896968 0.05408387046611095 0.05423849778119437 0.05433930392192448
0.05398533546373388 0.05414628877382625 0.05423849778119437 0.05445667832588589 0.05459901810350456
0.05403634541492006 0.05422850047145659 0.05433930392192448 0.05459901810350456 0.05476997171961529

cov.inverse():
 18285400.94319613 -25787653.92753449  420475.6943961786   2300029.34480495  4782216.479970088
-25787653.92753704  37404663.45011526 -1646902.268281239  -3875201.32523885 -6095575.984268612
 420475.6944804634 -1646902.268400993  1387492.629412495 -55864.63613251795 -105115.2419085024
 2300029.344602774 -3875201.324951024 -55864.63615073214  2549117.240030885   -918066.49826009
  4782216.48009052 -6095575.984439227 -105115.2419257593 -918066.4981926482  2336661.093544169

cov*(cov_.inverse()):
    0.9999999997089617  1.164153218269348e-10 -1.637090463191271e-11  4.365574568510056e-11 -5.820766091346741e-11
-2.037268131971359e-10      1.000000000174623 -2.091837814077735e-11  2.182787284255028e-11 -4.365574568510056e-11
-2.328306436538696e-10   2.91038304567337e-10      1.000000000000909  7.275957614183426e-12 -4.365574568510056e-11
-1.455191522836685e-10  5.820766091346741e-11 -2.364686224609613e-11      1.000000000014552 -5.820766091346741e-11
-1.455191522836685e-10                      0 -4.547473508864641e-12  7.275957614183426e-12     0.9999999999563443
