5
2

7.852363338302126e-05
0.0001065777877111209
0.0001403659504079188
 0.008144517416329312
   0.5736971361047922

 0.02452800437580367   0.1027379569376925   0.2567381642510735  -0.8436150834927674   0.4596111346846259
-0.08856570858568552  -0.4674214330063998   0.8265393385827138  0.02889811518539231  -0.2994510643543294
  0.5718308277112976  -0.7156405799178203  -0.2255709899659686  0.04017597058166045   0.3291985490968826
 -0.6819753149896655  -0.2429209035736959 0.005637354461362632   0.2926385736724162   0.6246839118989197
  0.4466247490766888   0.4470012428979784   0.4472182750209215   0.4474673691220606    0.447755502945682

0.4013261483153171
0.4015406000943718
0.4015548837649865
0.4015724650618898
0.4015920369057914

-0.0004248641552896117
     0.401461218713331

-0.4510497325771468   3.741285379206357    5.29693615795393   3.426717324422124  -12.01392425599751
 0.7639307067346522  0.5571452394397727  0.9138064107221232  0.4892265062918929  -1.724312606402454

-4.118448488863622e-08  7.230942415973871e-08 -1.565858158524895e-07 -0.0004692067374117033  -0.002027634813284537
 -5.51634922346932e-09  1.087837181569699e-08  -1.41068821158948e-08 -0.0001051484430738816     0.1467084399746042

cov:
0.06568330693463954 0.06571877448415567 0.06573943760022349 0.06576307404796095 0.06579041168020953
0.06571877448415567  0.0657671099764208 0.06579502103846764 0.06582704309917106 0.06586408159012179
0.06573943760022349 0.06579502103846764 0.06582706964304808 0.06586383127166073 0.06590636419578637
0.06576307404796095 0.06582704309917106 0.06586383127166073 0.06590609324866699 0.06595496682050039
0.06579041168020953 0.06586408159012179 0.06590636419578637 0.06595496682050039  0.0660111945633957

cov.inverse():
 17391449.83245374 -16714408.27706154  -11970130.0213344 -2418172.246788219  13711109.62685391
-16714408.29528924  46940948.96160179 -21541513.25979917 -16705932.75552044  8021175.389115829
-11970130.01578583 -21541513.30736761  73416761.81391357 -33483561.27942576 -6421530.470925432
-2418172.209505865 -16705932.73857473 -33483561.38185121  115578550.2539078 -62970928.21206379
 13711109.60225059  8021175.401510797 -6421530.410519659 -62970928.26026099  47660087.51064004

cov*(cov_.inverse()):
    0.9999999997671694  1.164153218269348e-10  4.074536263942719e-10 -9.313225746154785e-10                      0
-2.328306436538696e-10     0.9999999994179234  5.820766091346741e-11  9.313225746154785e-10 -9.313225746154785e-10
-2.328306436538696e-10 -3.492459654808044e-10      1.000000000349246  4.656612873077393e-10 -9.313225746154785e-10
-3.492459654808044e-10  1.164153218269348e-10 -3.492459654808044e-10      1.000000000465661 -9.313225746154785e-10
-1.164153218269348e-10  1.164153218269348e-10  1.746229827404022e-10  4.656612873077393e-10                      1
