5
2

0.0005088543886908761
0.0006235178495326915
0.0008789287778436946
  0.01375363607953524
    0.523035212596383

 -0.5056749752369121   0.2491596286258367   0.2923177526057605   0.5280494234638645  -0.5638496579525266
 -0.3849721946759923    0.473741331632581   0.4144516030211225  -0.6571723201097395   0.1540128905778427
  0.1066984243503603  -0.6563259471626084   0.7352711442405038 -0.09351493873349451 -0.09210319214439405
 -0.6215034905631424  -0.2888944864007146 -0.04789823651295326   0.2825036776275058   0.6694556131746009
  0.4454639000014241   0.4463909239381962   0.4470596197946639   0.4480345705653387   0.4491099829089843

 0.394234775930879
0.3943647675880314
0.3943804883048036
0.3944125299146659
0.3944594370445514

-0.0004345328874347493
     0.394189688483898

   4.091919417927029  -0.2016916235429422  -0.6654666995177126   -1.069230164315824    -2.15562379131133
   2.151952544318052 -0.01256363485897144  -0.1631666979548317   -0.363538962178431  -0.6125901328400405

-4.306365652128726e-07 -6.126907345693909e-07  2.921710087484741e-07   -0.00079413367350132  -0.003255011864317191
-2.551972238353336e-07 -2.944801830933935e-07  1.609164704063447e-07 -0.0003478327815583119     0.1209339545358996

cov:
0.05435908025278181 0.05443265734320257 0.05448593226139097 0.05456596082738268  0.0546515441699175
0.05443265734320257 0.05452828031526928  0.0545960559809642 0.05469729658755136 0.05480755513633988
0.05448593226139097  0.0545960559809642 0.05467643823690148 0.05479205574080825  0.0549201217885677
0.05456596082738268 0.05469729658755136 0.05479205574080825 0.05492957476159171 0.05508170649011531
 0.0546515441699175 0.05480755513633988  0.0549201217885677 0.05508170649011531  0.0552630427777016

cov.inverse():
 1385529.442743309  -1045397.39375043 -879558.9295672718 -394336.7358604592  933726.6469585154
-1045397.393738746  1375086.544064477  161705.4982510972 -213659.7125430642 -277666.4666569266
-879558.9295785166  161705.4982671243  1471666.706403869 -193520.8796838619 -560195.0638182347
-394336.7358684607 -213659.7125339032 -193520.8796817372  2199473.541092218 -1398064.309270829
 933726.6469660783   -277666.46667043 -560195.0638155789 -1398064.309267545  1302196.957362984

cov*(cov_.inverse()):
     1.000000000007276 -9.094947017729282e-12 -2.182787284255028e-11  1.455191522836685e-11  1.455191522836685e-11
 7.275957614183426e-12      0.999999999994543 -2.182787284255028e-11  1.455191522836685e-11                      0
 7.275957614183426e-12 -1.818989403545856e-12     0.9999999999818101  1.455191522836685e-11                      0
-7.275957614183426e-12 -1.818989403545856e-12 -1.455191522836685e-11      1.000000000014552                      0
-1.455191522836685e-11  9.094947017729282e-12 -3.637978807091713e-12                      0                      1
