5
2

8.877272621000294e-05
 0.000239691609437665
0.0004799614502954305
  0.02332647070278751
   0.5270863370769703

  -0.535865239289959   0.7907310773268922   -0.294572767524808   0.0159058989067441  0.02380537088370669
  -0.403340793387129  0.05158478928304479   0.8370722872304853  -0.1526818020963858  -0.3326461590997087
-0.04764074827170738 -0.06946567172341341  -0.1034887174776173    0.802376446590696  -0.5817104115171506
 -0.5924533886317738  -0.4116013475432896  0.04001824100891968   0.3615686686297369   0.5892791793803238
  0.4437273837767914   0.4447945863166944   0.4474656370324864   0.4493277261758681   0.4507137484420681

0.4077873648133572
0.4077455413420787
0.4075406207812837
0.4073934924938138
0.4072894116890343

0.001435784840859182
    0.40815901037804

   1.032134685748316    3.508333796214825   -4.079363127061989 -0.08898931059881765  -0.3721397785853364
  0.1105068146854033    2.423964701273259   -2.175918949211535   0.6077153906895767  0.03423640254013102

 2.689220889704995e-08 -2.018101124976941e-07  6.320291678220793e-08  -0.001344120453266421  -0.004060171626493581
 1.977190697143448e-08 -1.060053465050224e-07   1.19612976377376e-07 -0.0004953424526313783     0.1228093642628079

cov:
0.05489209022953926 0.05496533419779449 0.05514901050619232 0.05527491608430639 0.05537239253162289
0.05496533419779449 0.05505671737182682 0.05528563704290558 0.05544371001958635 0.05556400782226154
0.05514901050619232 0.05528563704290558 0.05562756353721221 0.05586598078597429 0.05604326671002254
0.05527491608430639 0.05544371001958635 0.05586598078597429 0.05616186696542659 0.05637943233955763
0.05537239253162289 0.05556400782226154 0.05604326671002254 0.05637943233955763 0.05662618856031883

cov.inverse():
 39279934.59190547 -54115507.84571689  14175088.85021831 -176001.6643566338  836276.1906772882
 -54115507.8452335  79408727.99046546 -28774368.00473456  1216664.101236733   2264900.95171679
 14175088.84887471 -28774368.00303708  23253557.73519842 -3179550.697782826 -5475089.488915159
-176001.6632419212  1216664.099653306 -3179550.697295775  3232858.811600915 -1093688.959594942
 836276.1904229146  2264900.952085964 -5475089.489048298   -1093688.9595766  3467492.347370157

cov*(cov_.inverse()):
    0.9999999997817213 -7.275957614183426e-11                      0                      0                      0
 1.382431946694851e-10     0.9999999998835847  2.328306436538696e-10  3.637978807091713e-11                      0
-1.746229827404022e-10 -2.328306436538696e-10      1.000000000291038 -1.455191522836685e-11                      0
 2.110027708113194e-10 -1.076841726899147e-09  1.164153218269348e-10      0.999999999992724                      0
-1.164153218269348e-10                      0 -5.820766091346741e-11                      0                      1
