5
2

 9.39616866965655e-05
0.0003569633745787866
0.0004361262941878066
  0.01856680929214689
   0.5703860643425075

  -0.5998328636172445    0.7900102325637867  -0.01820071096946622  -0.06406779420274883   -0.1079278464319927
  -0.3136278218132916   -0.2596035230946607    0.7357379918515106    0.2928967235879437   -0.4551315379527601
 -0.03415352293930665 -0.007857218380227078   -0.5083465197798682    0.8178201927989723   -0.2674429828357946
  -0.5845627174025759   -0.3301501210347714 -0.005187811618066753    0.2023440011926466    0.7129637570000369
   0.4460471851756677    0.4465747473171796    0.4471188252632897    0.4475867116984634    0.4487357744392491

0.4257259324910971
0.4256161457612787
0.4255319411219227
0.4253842195917109
0.4251023647744334

0.001740259411337082
    0.42619473984476

  5.227520323426559  -2.842206200261028 -0.3649097292328677 -0.7340473419302536   -1.28712692784546
  8.576457104669293  -10.05158477086358   1.267684453987286  0.6950151876633216  0.5191813595583512

-4.580754347598783e-08 -1.018509990587557e-07 -4.313713366364354e-08  -0.001096840350529514  -0.002220295756314873
-1.166189877422417e-07  1.044315296243774e-07 -8.156337430911436e-08 -0.0004104767656481122     0.1456161254771764

cov:
0.06484689128652248 0.06487217213657263  0.0648856103874418 0.06491169743082287 0.06497558613471337
0.06487217213657263 0.06491987377548386 0.06496189992669174   0.065006271407285 0.06511512896919028
 0.0648856103874418 0.06496189992669174 0.06504060531732304 0.06510812588964245 0.06527439680420818
0.06491169743082287   0.065006271407285 0.06510812588964245 0.06519092438888135 0.06539366929517409
0.06497558613471337 0.06511512896919028 0.06527439680420818 0.06539366929517409 0.06568702049300927

cov.inverse():
 41531997.50925154 -53032741.37939887 -483029.6930920155  3484695.076835711  8499706.383631807
-53032741.37831373  71220492.58427739 -3106561.595991909 -6363560.311198084 -8719875.058193058
-483029.6951480681 -3106561.593406434  5644275.101490794 -362456.5473406177 -1690668.747867286
 3484695.077509983 -6363560.312076026 -362456.5472835946  4654639.430104397 -1412468.903756055
 8499706.383927986 -8719875.058814878 -1690668.747394873  -1412468.90390272  3322532.978611132

cov*(cov_.inverse()):
    0.9999999998835847 -4.656612873077393e-10                      0 -1.455191522836685e-11   2.91038304567337e-11
 4.656612873077393e-10     0.9999999994179234  -2.91038304567337e-11  1.455191522836685e-11  5.820766091346741e-11
-1.164153218269348e-10  2.328306436538696e-10     0.9999999999563443                      0                      0
 4.656612873077393e-10 -1.164153218269348e-10 -1.455191522836685e-11      1.000000000043656                      0
-2.328306436538696e-10  3.492459654808044e-10                      0  -2.91038304567337e-11      1.000000000029104
