6
2

7.735448484699436e-05
 0.000180467192852462
0.0006323602757544068
0.0007889956368462735
  0.02064142891324177
   0.5696554845595063

   0.3528626296624409   -0.7932117692506823    0.4950358574337327 -0.008834521440014098  -0.01539542892464309  -0.03045464765697736
   0.5914623220800096   -0.2112792152322273   -0.7439057360698914   0.06525896802285959     0.108377987591969    0.1900872155380183
  -0.1026961769607181  -0.09869179418447042  -0.09963255967768873    0.2965163519783536    0.6662973620851546   -0.6617496931152963
  0.09680789743495512   0.08557800867370624   0.07404010180395829   -0.8469641448473659    0.5027621349792134   0.08777625945915081
  -0.5835213185081197   -0.3786384922452203   -0.1407466543443112     0.152823744827935     0.351817039643902    0.5909279278902485
    0.406503238887284    0.4071184209973999    0.4078302972622025    0.4087027179903556     0.409292101193573    0.4100319754624039

0.3990030371278006
0.3990413264734189
0.3990429773958217
0.3990850939123421
0.3990625022750003
0.3990287826564475

0.0003934387799678468
   0.3992375716958705

     2.0823292668008    4.697651550018243   -5.568330952001423  -0.1301976339148959  -0.3240304092113322  -0.7574359846661822
   1.026261219388243    1.029633673965016  -0.8684649713743333 -0.06435604873615247 -0.01158191780056173  -0.1115281667647968

-3.421951857620997e-08   1.36586146450536e-07  4.960379349207841e-08  4.494514710969373e-08  -0.001189395197123687  -0.002715536598171981
-5.267861620863163e-09   3.28568208163302e-08 -2.938234816488954e-08  1.008832344582494e-07 -0.0004031825943915886     0.1315559449418276

cov:
0.05376827996214321 0.05379847394895061 0.05383322700427223 0.05387526614715261 0.05390360686683387 0.05394178941843778
0.05379847394895061 0.05384670474597438 0.05390237164612938  0.0539702012993012 0.05401602070022865 0.05407522267383431
0.05383322700427223 0.05390237164612938 0.05398233454708384 0.05408011006175856 0.05414622459349287  0.0542298352901955
0.05387526614715261  0.0539702012993012 0.05408011006175856 0.05421546632550633 0.05430592390520959 0.05441968207200869
0.05390360686683387 0.05401602070022865 0.05414622459349287 0.05430592390520959 0.05441455462648134 0.05454818232689586
0.05394178941843778 0.05407522267383431  0.0542298352901955 0.05441968207200869 0.05454818232689586 0.05470716041487439

cov.inverse():
 31592027.16979314 -50573866.68131573  15720011.36780293  456095.1882159692  966921.8792557261  1838966.074508817
 -50573866.6793911  106556600.4300753  -60762015.9726439  558018.3670981659  1242128.801106864   2978842.93919709
 15720011.36514553 -60762015.96958821  57980038.37168658 -2396150.490060152 -3855499.760605987 -6686248.665088716
 456095.1882834348  558018.3672872224  -2396150.49042978  1516073.208808133  50053.27762250516 -184057.2404132263
 966921.8794621144  1242128.800858164 -3855499.760587882  50053.27758940203  1916812.958947825 -320347.7755993973
 1838966.074967737  2978842.938125673 -6686248.664338909 -184057.2404932284 -320347.7756567056  2372763.861698078

cov*(cov_.inverse()):
     1.000000000130967 -4.656612873077393e-10  1.164153218269348e-10 -1.637090463191271e-11 -3.637978807091713e-12                      0
 1.891748979687691e-10      1.000000000232831 -1.164153218269348e-10 -1.637090463191271e-11                      0 -1.455191522836685e-11
                     0 -4.365574568510056e-10     0.9999999999417923   -1.2732925824821e-11 -7.275957614183426e-12  -2.91038304567337e-11
 1.891748979687691e-10  6.111804395914078e-10                      0     0.9999999999890861  1.818989403545856e-11                      0
-3.637978807091713e-10  8.149072527885437e-10 -6.984919309616089e-10 -2.182787284255028e-11      1.000000000021828  -2.91038304567337e-11
 1.309672370553017e-10 -8.731149137020111e-11 -1.164153218269348e-10 -3.637978807091713e-12 -1.091393642127514e-11     0.9999999999708962
