5
2

  8.4750910441234e-05
0.0001745064778822443
0.0007083359879145199
  0.01449784720411535
   0.5164886847400645

-0.3192473673683777  0.7994269350214932 -0.5085020687694669 0.01082283756583485 0.01749874951811581
-0.6221647213990074   0.213591251680139  0.7171221481971705 -0.1021865674774065 -0.2063578606316431
0.07872972466833005 0.08622707965796436 0.08811588317123034 -0.8144950817097412  0.5614266418606307
-0.5530855368265388 -0.3294266533342114 -0.1402848815214861  0.3540096372196989  0.6637558269412043
 0.4459710722477464  0.4464732058864608  0.4468973190473455  0.4480130692741328  0.4487076499587764

0.3934919552781696
0.3935897313842879
0.3935721997593052
0.3935257250707143
0.3935055962317413

0.0003415815950873563
   0.3936811161578901

  4.900416390409416   4.742346789051418  -8.110562517940492 -0.5464230007837813 -0.9858089314398559
  2.246271886219628  0.4589491641694404  -1.399106090328899 -0.1353204555639005 -0.1709106986970353

 4.545071128048606e-08 -2.312240849307512e-07 -1.422070430038442e-08 -0.0008370911367504192  -0.002389794082616681
 2.562599457815577e-09 -6.863255522882713e-08  5.388825222592208e-08 -0.0002855702674248579     0.1184709675674645

cov:
0.05312037346422187 0.05315409221405442 0.05318255337363999  0.0532578074774982  0.0533044877872273
0.05315409221405442 0.05319842278725533 0.05323583468444686 0.05333445511030903 0.05339579230385253
0.05318255337363999 0.05323583468444686 0.05328083395296471 0.05339921311600711 0.05347294257321309
 0.0532578074774982 0.05333445511030903 0.05339921311600711 0.05356971003283937 0.05367520667173582
 0.0533044877872273 0.05339579230385253 0.05347294257321309 0.05367520667173582 0.05380194817589367

cov.inverse():
 26914503.43323374  -39881223.3304565  7964111.599450709   1477964.06215778   3524615.66831663
-39881223.33537202  90488612.43503626 -51550415.34919992  347309.8445690995  595656.8445611089
 7964111.605746781 -51550415.35705294  52902503.32688734 -3315860.880438441 -6000166.044402856
 1477964.061574061  347309.8456447207 -3315860.880883576  1682005.929046304 -191446.2097168678
  3524615.66751979   595656.846422976 -6000166.045514653 -191446.2096700997  2071301.337041453

cov*(cov_.inverse()):
    0.9999999996216502  1.782609615474939e-10  1.746229827404022e-10  5.456968210637569e-12                      0
-5.238689482212067e-10      1.000000000487489  5.820766091346741e-11  7.275957614183426e-12  -2.91038304567337e-11
-2.619344741106033e-10 -2.110027708113194e-10      1.000000000291038  1.455191522836685e-11 -4.365574568510056e-11
-5.820766091346741e-11  1.418811734765768e-10   2.91038304567337e-10      0.999999999996362 -5.820766091346741e-11
-1.164153218269348e-10  5.420588422566652e-10 -5.820766091346741e-11  2.182787284255028e-11     0.9999999999854481
