6
2

7.141419501978205e-05
8.343336789671387e-05
0.0001105714084626276
0.0003856293344412064
  0.01488666213251105
   0.5558932197561869

  0.03296964480562828   -0.3166595521065569  -0.05440116376656971    0.8139500447291408   -0.4828219209204387  0.006968595700418754
   0.1429620423728571   -0.6570453483037103    0.7108166316623639   -0.2058995206687539   0.01342577047289201 -0.004256399980657701
  -0.5228242258327966    0.4679073920440068     0.535439179756124  -0.03872140753790533   -0.4678107298625865   0.02600307210159069
   0.4801721768548765   0.05389226329018838   -0.1355719474354277   -0.3554145674981736   -0.5787146109327076    0.5356495457886321
  -0.5555375429744316    -0.282620519910114   -0.1422037738062169   0.02394810810721557    0.2144690681648849    0.7380455769839087
   0.4073602886446968    0.4078015160416953     0.408023832758504    0.4082870779246658    0.4085930497265367    0.4094208743644742

0.3775341590234962
0.3775708527829349
0.3776803422842424
 0.377663833434554
0.3776476095265503
0.3775873529300534

0.0003309649881979485
   0.3777620275608319

  1.311978999991011   3.011372577205339   2.335237229439045   1.895801183027481   -8.18438061462847 -0.3701297933260974
  1.676240106302756  0.4225399127615824 -0.3796898027375273 -0.9323720136849873  0.3831821922462138 -0.1698290301186874

 2.271913000386785e-08 -4.383911901924209e-09  6.992308677847057e-08  6.454070194592994e-07 -0.0008631985917168713  -0.001936265909942265
-5.115170757355304e-09 -7.659792529180575e-10 -1.258719647466243e-08  1.335099493392787e-07 -0.0002353812455131702     0.1256409121522467

cov:
0.05134750151766292 0.05136940624229272 0.05138009192624784 0.05139276114001259 0.05140780825424949 0.05144763273809216
0.05136940624229272 0.05140792176365283 0.05142713517205019 0.05144989999523491 0.05147652194267877  0.0515480607545921
0.05138009192624784 0.05142713517205019 0.05145075213019885 0.05147870352768252 0.05151128144354583 0.05159913934853844
0.05139276114001259 0.05144989999523491 0.05147870352768252 0.05151281519234333 0.05155243641063657 0.05165960284442912
0.05140780825424949 0.05147652194267877 0.05151128144354583 0.05155243641063657  0.0516001492864403 0.05172945750736423
0.05144763273809216  0.0515480607545921 0.05159913934853844 0.05165960284442912 0.05172945750736423 0.05191991758718347

cov.inverse():
 27058634.24274688 -35375451.32740962 -9087979.411637418   1541491.87750382  15290369.05239529  573379.1659318354
-35375451.34279706  99605888.07118452 -43271573.31111646 -32714726.91883117  10597546.97426617   1157421.78775637
-9087979.389778581 -43271573.37178313  96736651.24202427 -31079017.11302055 -13439158.02710641  141040.4106186719
 1541491.879517043 -32714726.86910499   -31079017.185158  136967431.1392135 -74589984.03924058 -124394.0101559604
  15290369.0428951  10597546.97042541 -13439157.99297935 -74589984.05860865  65887606.98023392 -3746703.037468818
 573379.1669474896  1157421.787150572  141040.4098203655 -124394.0111857431 -3746703.036050577  1999283.750253598

cov*(cov_.inverse()):
     1.000000000090949  -2.91038304567337e-10 -4.911271389573812e-11 -4.547473508864641e-10                      0  -2.91038304567337e-11
 6.184563972055912e-11     0.9999999998908606  5.165929906070232e-10 -2.955857780762017e-10   2.91038304567337e-11                      0
 1.855369191616774e-10  -2.91038304567337e-11     0.9999999995688995  1.864464138634503e-10  -2.91038304567337e-11                      0
-4.001776687800884e-11   2.91038304567337e-10 -1.982698449864984e-10     0.9999999998490239 -1.746229827404022e-10  1.455191522836685e-11
-1.491571310907602e-10   7.34871719032526e-10 -1.818989403545856e-12 -8.003553375601768e-10      1.000000000523869  -2.91038304567337e-11
 1.346052158623934e-10  1.236912794411182e-10  2.701199264265597e-10  3.601599019020796e-10  8.731149137020111e-11                      1
