5
2

0.0001093361327490833
0.0005488350768768166
0.0007683134245053286
  0.01834878167598365
   0.5231695716655758

 -0.5960547985925261   0.7917390288793592 -0.01557270766431659 -0.06355723129211534  -0.1165588106943222
  0.1185610027034245   0.1127452660041649  -0.0380821267568037  -0.7869349673161335   0.5937296543616825
   0.280372936472657   0.2335962583046914  -0.8902841853911844   0.2295202476172545   0.1467594282348382
 -0.5948265251761186  -0.3268608368605023 -0.07707904754965729   0.3506508184347493    0.640660770012988
  0.4452352043059777   0.4461306945007471   0.4469453345420147   0.4483952442102736   0.4493490727392578

0.3939102031073987
0.3939902580855071
0.3941259198161247
0.3941861658997933
 0.394240875538351

-0.0005218124969997331
    0.3939186082018567

   6.742464817179518    -5.17152875583864 -0.04937507771853358  -0.4976751881027983   -1.023934523994357
   2.205773354156291  -0.8608928524261765  0.03839830595278987  -0.1355838309088392  -0.2476055354637235

-9.517644514559218e-08  5.741339513222978e-10  2.726114505630281e-07  -0.001059500023831608  -0.002879991329630203
-2.342443924478737e-08  3.695358001056904e-08  1.863563338770801e-07 -0.0004174110288334286     0.1212855206093275

cov:
0.05437719835297888 0.05443264416960804 0.05448171107725106  0.0545729021328778 0.05463109641057051
0.05443264416960804 0.05451250915181394 0.05458432847010371 0.05471443346964432 0.05479902466479841
0.05448171107725106 0.05458432847010371 0.05467809533787188 0.05484378555956373 0.05495297079430787
 0.0545729021328778 0.05471443346964432 0.05484378555956373 0.05507255650082562 0.05522351765489722
0.05463109641057051 0.05479902466479841 0.05495297079430787 0.05522351765489722 0.05540362264209451

cov.inverse():
 29900621.00650585 -39320793.99655281  338762.9666067907  2967665.882043492  6113976.926408391
-39320793.99652077  52571818.55398133 -1397862.656077783 -4413454.210349151 -7440003.053472635
 338762.9664869854 -1397862.655919054  1367823.759021844 -163952.4834882705 -144709.4604151401
 2967665.882234855 -4413454.210607843 -163952.4834690302  2483380.276332646 -873682.4592413901
 6113976.926304777 -7440003.053340615 -144709.4603954555 -873682.4592894814  2344479.930824171

cov*(cov_.inverse()):
     1.000000000407454  5.820766091346741e-11  6.366462912410498e-12  1.455191522836685e-11                      0
 2.328306436538696e-10      1.000000000291038 -2.728484105318785e-12 -7.275957614183426e-12  -2.91038304567337e-11
                     0  2.328306436538696e-10      1.000000000005457 -1.455191522836685e-11   2.91038304567337e-11
 1.164153218269348e-10  5.820766091346741e-11  3.637978807091713e-12                      1 -4.365574568510056e-11
                     0                      0 -9.094947017729282e-13  7.275957614183426e-12     0.9999999999854481
