7
2

5.525780978005154e-05
8.313876425645817e-05
0.0002093845836553929
0.0003995658355738841
0.0004279765300179033
  0.02530994963299163
   0.6780012117356866

  0.02122058564115234   -0.2819632641793937    0.7957662152006363    -0.535433158061616 -0.006207368005211062 -0.001861638239771888  0.008477692921959913
  -0.3824519870514143    0.7954368383776349  -0.02223581511117766   -0.4664211177770877  0.006759760106596717   0.01792498719745367   0.05099631013517214
   0.6288220264082184  -0.06702998955585422   -0.4323194008983389   -0.5811913424789029     0.160216003701784   0.08558141523969498    0.2059442938317923
 -0.03251740783677205  -0.04245313888876096  -0.05814903052118221  -0.07781597720577947   0.01828937347770701    0.7923104675698387   -0.5996776925349826
     0.14099690089176    0.0684098739226375   0.03313896232331514   0.03328792281583178   -0.8865197883701198    0.2832779608277235    0.3272154461467757
  -0.5430715872262482   -0.3667772045409006   -0.1797379290039146  -0.08997188342212221    0.2117768331552638    0.3753326762454542    0.5868756474149687
   0.3768272372366316    0.3771952235683509    0.3775929172819076    0.3777842580718522    0.3783455338289288    0.3787798206525546    0.3792204428344936

0.4228305325607625
0.4227535721626084
 0.422607109208098
0.4226106855207954
0.4223048571548791
  0.42216956787666
0.4219530724929879

0.002163624152051256
  0.4233040370044864

 -0.5150192203853047    6.049068768306414   -2.330279313224948   -1.171927879507559  -0.6803583093818849 -0.05771281469063728   -1.294284797116561
   9.702675970892905   -7.407001737735097  -0.8730824434361129   -3.603371085882804    1.215312076852636   0.7328845487768207    1.239166838100872

-9.007771951456888e-09  3.826107094387904e-08  2.537222368630383e-08  1.124957544688422e-07  7.111488887233204e-08  -0.001499000408406102  -0.002351992261413002
 1.078039589233016e-08 -5.403818046942559e-08   4.20096597507475e-07  3.031999778419692e-08  4.545025011237105e-08 -0.0005199780053552871     0.1740863804251738

cov:
0.06546374473432434   0.065466133220805 0.06546994513213907 0.06547185812562779 0.06546410363960233 0.06548245666738228 0.06548520045273404
  0.065466133220805 0.06548852549662611 0.06551353157887665 0.06552561667890744 0.06555202735918828 0.06558891029253185 0.06561561701606541
0.06546994513213907 0.06551353157887665 0.06556103497688129 0.06558391104129017 0.06564657159632475 0.06570312220497618  0.0657552568694019
0.06547185812562779 0.06552561667890744 0.06558391104129017 0.06561197360978409 0.06569202638527448 0.06575801827066388 0.06582235960524158
0.06546410363960233 0.06555202735918828 0.06564657159632475 0.06569202638527448 0.06583073442593808 0.06592826583667864 0.06603358702607345
0.06548245666738228 0.06558891029253185 0.06570312220497618 0.06575801827066388 0.06592826583667864 0.06604336669400716  0.0661707768090697
0.06548520045273404 0.06561561701606541  0.0657552568694019 0.06582235960524158 0.06603358702607345  0.0661707768090697 0.06632725335207351

cov.inverse():
 30443771.94817717 -46871811.54185127  597493.6273361312  13792043.13663944  1194469.938136149  279112.1903275377  564608.8069081061
-46871811.50213704   117715539.990556 -75353619.75945531 -3310179.247719216  770074.4101958231  1998769.911251637  5052247.226533817
 597493.4851586837 -75353619.49907579  211749821.9788773 -132275609.8112058 -3386458.213029699 -1624170.376241529   292016.848475437
 13792043.24089826 -3310179.475942257 -132275609.6771183   133113208.915755 -1661618.118975962 -2352379.720483298 -7306237.459130595
 1194469.939377138  770074.4093180955 -3386458.216901339 -1661618.115417314  4897676.370604056 -946122.4943145087 -866995.5623579653
 279112.1907468754  1998769.911563672 -1624170.384026161 -2352379.712821171 -946122.4942872198  4585016.673566001 -1940523.103209232
 564608.8034522533  5052247.234658155   292016.844242817 -7306237.460225579 -866995.5623349581 -1940523.102573059  4204758.082218611

cov*(cov_.inverse()):
    0.9999999998981366  3.492459654808044e-10  1.673470251262188e-10 -1.222360879182816e-09  2.182787284255028e-11  4.365574568510056e-11 -1.164153218269348e-10
-2.546585164964199e-10      1.000000000174623  1.455191522836685e-11 -6.984919309616089e-10 -1.455191522836685e-11  1.455191522836685e-11 -5.820766091346741e-11
-6.548361852765083e-10  4.074536263942719e-10      1.000000001964509 -2.270098775625229e-09  4.365574568510056e-11  7.275957614183426e-11 -5.820766091346741e-11
-2.182787284255028e-10  4.074536263942719e-10 -8.003553375601768e-10        1.0000000007567  1.091393642127514e-10 -1.455191522836685e-11                      0
 1.600710675120354e-10  9.313225746154785e-10 -2.895831130445004e-09  1.688022166490555e-09      1.000000000130967 -4.365574568510056e-11 -1.164153218269348e-10
-3.128661774098873e-10  1.280568540096283e-09 -1.618900569155812e-09 -9.895302355289459e-10  5.820766091346741e-11     0.9999999999417923 -5.820766091346741e-11
 1.455191522836685e-11  5.820766091346741e-11 -8.840288501232862e-10  6.402842700481415e-10  1.455191522836685e-11   2.91038304567337e-11     0.9999999999417923
