6
2

0.0001041074539920698
0.0005421107478734016
0.0006741602265889254
0.0008831227462195776
  0.01844021017098973
   0.5727335789266622

 -0.5841606969152414   0.8023242774091579 -0.02143601443088622 -0.04292109482541023 -0.05568042101003381 -0.09813257196173299
  0.1788557169440925   0.1483417222329264 -0.09612931814349393  -0.1706030734023991  -0.7032159897330958   0.6427646406609571
  0.2884949469794776   0.2153906319421189  -0.5464012460533719   -0.574617743711296   0.4686107929396694   0.1484641131816029
-0.08432178694863374 -0.06830724504748956    0.718700473900494  -0.6816444773251744  0.07151988725781565   0.0440374567128448
 -0.6093741311644939  -0.3426778986314013 -0.09379183915948502  0.08573415215613749   0.3318594747733547   0.6204490802002917
  0.4063134046232413   0.4071650047094004   0.4079436842410909   0.4085061581701572   0.4093227112805796   0.4102263563183659

0.3941563047010865
0.3942285586368618
0.3943602869924908
0.3943748368463746
0.3944051020459551
0.3944512500822388

-0.0004306841235911139
    0.3941828617585789

   6.411356003486697   -4.573983041909404 -0.07958955807505071  -0.2783736629095589  -0.4944969304393928  -0.9849667085858829
   2.135501632468124  -0.7269216777428994  0.02095078973807613 -0.05115413078046041  -0.1466955760574637  -0.2315812918332832

-7.887330203820696e-08  6.993671337411895e-08  3.135713930702167e-07 -1.359935686391007e-07  -0.001064716415186292  -0.003280067652633215
-1.948805551172595e-08  6.910194058518069e-08  1.701305412495377e-07 -7.891002925401091e-08 -0.0004253702547570308     0.1326230389587862

cov:
0.05427995880324415 0.05433817665603062 0.05439022785842045 0.05442807923615182 0.05448596892218267 0.05454663863921418
0.05433817665603062 0.05442084221721444 0.05449570680979943 0.05454997991198295 0.05463039757893731 0.05471748885154478
0.05439022785842045 0.05449570680979943  0.0545926056422457 0.05466137176928294 0.05476296744365447 0.05487471096718436
0.05442807923615182 0.05454997991198295 0.05466137176928294 0.05474273243147595 0.05485867951719527 0.05498821175493296
0.05448596892218267 0.05463039757893731 0.05476296744365447 0.05485867951719527 0.05499646464177915 0.05515001317538248
0.05454663863921418 0.05471748885154478 0.05487471096718436 0.05498821175493296 0.05515001317538248 0.05533272916555517

cov.inverse():
 31786991.07336382 -43008277.01262429  672472.7515571703  1918310.693598392  2862193.982051478  5768649.928213351
-43008277.01267439  59576412.87544785 -1957151.624140328 -3476110.449115994 -4261291.213810152 -6874073.891146464
 672472.7517866439  -1957151.62445835  1393061.346490655  203338.7828154793 -157413.2462359234  -154238.518772404
 1918310.693545692 -3476110.449033258  203338.7827887876  1591288.247438925 -26167.56094579695 -210553.0731791071
 2862193.981749488 -4261291.213391357 -157413.2462698426 -26167.56096023552  2458780.416505198 -876167.9696264426
 5768649.928388692 -6874073.891380103 -154238.5188003448  -210553.073161322  -876167.969557991  2346441.366097578

cov*(cov_.inverse()):
     1.000000000116415  1.164153218269348e-10  5.456968210637569e-12  9.094947017729282e-12  1.455191522836685e-11                      0
 2.328306436538696e-10     0.9999999997089617  7.275957614183426e-12                      0  1.455191522836685e-11                      0
 5.820766091346741e-11  5.820766091346741e-11      1.000000000009095  1.455191522836685e-11  1.455191522836685e-11  4.365574568510056e-11
 5.820766091346741e-11  5.820766091346741e-11 -1.091393642127514e-11     0.9999999999763531 -2.182787284255028e-11 -1.455191522836685e-11
 -2.91038304567337e-10  1.164153218269348e-10 -5.456968210637569e-12 -3.819877747446299e-11                      1  -2.91038304567337e-11
-5.820766091346741e-11  5.820766091346741e-11 -3.637978807091713e-12                      0 -7.275957614183426e-12      1.000000000014552
