7
2

 5.51331645174874e-05
 8.23462965974752e-05
0.0002187672349546132
0.0003716874227148395
0.0004207586446109144
   0.0247104155835119
   0.6773470874505223

  0.02479837839918131   -0.2852665665742863    0.7945804736659993   -0.5353060378877851 -0.004073552944738858 -0.003150647622793983  0.008415621144619188
  -0.3839796896188973    0.7944192092359624  -0.01789861521903696   -0.4670524609688703  0.003514093907569035    0.0202331296749461    0.0507703441076781
    0.636343717945632   -0.0582175208848249   -0.4286748416825523    -0.573057542594244   0.04887934168002041    0.1285450120242786      0.24618553108996
  -0.1254583375165444   -0.1199369900679269   -0.1196866599702781   -0.1359770992779616    0.6752448149769323    0.3956904497403079   -0.5696790005689371
  0.06904724840944786   0.05350353569268659   0.03882659020701271   0.02838884656793179   -0.6259786367110566     0.719579007699275   -0.2835722421161821
  -0.5333258858897474   -0.3529146003921502   -0.1615618551178829  -0.06968168099053261   0.08288254345180025    0.4064507645088289    0.6228846398782972
   0.3769184175583112    0.3772739073481333    0.3776569300824746    0.3778402606611383    0.3780311329592307    0.3788004348727969    0.3792249714583084

0.4225383592867951
 0.422461375016895
 0.422313305720567
0.4223163467301254
0.4221859550014984
0.4218736584918346
0.4216554567360275

0.00217294644041533
 0.4230127747203983

-0.2950875586753653   6.149115698394789  -2.691353644142842  -1.333339570148169 -0.3680554238002199 -0.1461294651115479  -1.315629103452076
  9.170057479699388  -7.529664117492916 -0.1597187001621715  -3.713606887872855   1.308513286044611    0.78543688943404    1.14573558654229

-9.712702851699258e-09  3.796056099165188e-08   4.84032198759517e-08  3.399553859205956e-08  1.176585358841846e-07  -0.001462025889353661  -0.002262098812352782
 1.288273590969634e-08 -5.212391323421851e-08  4.267706997433281e-07  1.130579649789031e-07 -8.146202025486209e-08 -0.0004929840953432938     0.1738035617028479

cov:
0.06535413651613108 0.06535683560977902 0.06536074813101499 0.06536252738775357 0.06534584786494482 0.06537353638529289 0.06537647743095094
0.06535683560977902 0.06537949962794816 0.06540455887812643   0.065416492032929 0.06541663511619905 0.06548008694181229  0.0655069379241712
0.06536074813101499 0.06540455887812643 0.06545205788421685 0.06547475931091808 0.06549275152682607 0.06559413952847234 0.06564635379516726
0.06536252738775357   0.065416492032929 0.06547475931091808 0.06550263865930296 0.06552919766345948 0.06564880088347395 0.06571319640533871
0.06534584786494482 0.06541663511619905 0.06549275152682607 0.06552919766345948 0.06557017331356851 0.06571980157713742 0.06580440812233762
0.06537353638529289 0.06548008694181229 0.06559413952847234 0.06564880088347395 0.06571980157713742  0.0659339611070327  0.0660612775938467
0.06537647743095094  0.0655069379241712 0.06564635379516726 0.06571319640533871 0.06580440812233762  0.0660612775938467 0.06621758727687406

cov.inverse():
 30548030.57555609 -47956475.96801522  1920161.895492927   14595539.8755839 -439731.7757388396  458679.1082443847  873233.5458146125
-47956475.99319186  120033359.1934761 -76029517.04284409 -3656467.489293784  -40914.6227913323  2383444.112746634  5267262.302692844
 1920162.004348523 -76029517.22599328  211705567.8212267 -133441334.1025773 -2234231.681101616 -2213476.456430151  291958.7540807485
 14595539.78905481 -3656467.328980987 -133441334.1714225  133440587.8064033 -874939.6738269731 -2652056.041057257 -7411602.306896388
-439731.7778271402 -40914.61686613479 -2234231.686973728 -874939.6721696869  5570979.123076239 -464251.8777582332 -1515207.116302343
 458679.1093080365  2383444.114291577 -2213476.465681158 -2652056.034202655 -464251.8781800144  4467260.357750406 -1979841.364610595
 873233.5496884607  5267262.292884181  291958.7637554577 -7411602.310470696 -1515207.116258516 -1979841.364820056  4473766.897098164

cov*(cov_.inverse()):
     1.000000000014552  -2.91038304567337e-10  3.736204234883189e-09 -1.164153218269348e-10 -1.455191522836685e-11                      0 -5.820766091346741e-11
-2.037268131971359e-10     0.9999999999417923  6.679329089820385e-09  -1.57160684466362e-09 -4.365574568510056e-11  4.365574568510056e-11  1.164153218269348e-10
                     0 -2.328306436538696e-10      1.000000003179593 -4.656612873077393e-10 -1.455191522836685e-11  1.455191522836685e-11                      0
-2.182787284255028e-11  5.238689482212067e-10   5.79893821850419e-09     0.9999999983701855 -5.820766091346741e-11  4.365574568510056e-11                      0
 2.182787284255028e-11  5.238689482212067e-10  3.681634552776814e-09 -7.566995918750763e-10      1.000000000029104  5.820766091346741e-11                      0
 1.673470251262188e-10  1.105945557355881e-09  3.747118171304464e-09  9.313225746154785e-10  -2.91038304567337e-11                      1                      0
 1.091393642127514e-10   2.91038304567337e-10   2.23008100874722e-09 -6.402842700481415e-10 -1.455191522836685e-11                      0      1.000000000058208
