6
2

5.285747435798114e-05
0.0001815970857660553
0.0004719435365142053
0.0006176774099780421
  0.01899870171210077
   0.5779415438687513

   0.4141856739725634   -0.8101345230703211    0.4147100982907587 -0.005664399406775982 -0.002687181110783154  -0.01041681420708526
  -0.4917708448179185    0.1643705537757727     0.803791920533008   -0.1341186314414393   -0.1059904745055112    -0.236305983290199
  -0.1080804518032398   -0.1014268899514567  -0.09840516288907038    0.1764397061257227    0.7471529186038171   -0.6156128427620926
   0.1657941033580082      0.10612386033496   0.03668329672632283   -0.8791803845551789    0.3952539943581664    0.1752726694551388
  -0.6189196283765407   -0.3602454624771321  -0.06688042881889456    0.1041825549314701     0.326223859622193    0.6044937528850353
   0.4054393770996239     0.406617627025794    0.4079605995198476    0.4087015831181268     0.409723794708932    0.4110214034991827

0.4078413362861462
0.4077349139752581
0.4075942236788533
0.4076207432992837
0.4074182514151877
0.4072892911140257

0.001671704652573193
  0.4083027419052795

   3.332323357751377    2.944015342573207   -5.574371736016236  -0.2615180723035602 -0.08274908955060559  -0.3577201608721176
   3.268915013077525   -1.484710203658076   -1.021118864151607  -0.4268534703315935   0.5930592857802768  0.07122988457526683

-9.251108703713971e-09 -1.816100205340784e-07  4.531130970752288e-10  3.032896304097682e-07  -0.001090313601861595  -0.004608812155114941
 5.960440033695596e-09 -8.886805179469534e-08  4.938143203792994e-08  3.697440891108528e-07  -0.000443242098098415     0.1345662278269298

cov:
 0.0550442718834859 0.05514603085003161 0.05526234976271641 0.05532443108838025 0.05541332498696881 0.05552690725092796
0.05514603085003161 0.05527242532431103 0.05541667508782603 0.05549502234576299 0.05560502266004624 0.05574509747325442
0.05526234976271641 0.05541667508782603  0.0555926113042722 0.05568940809370115 0.05582334619118749 0.05599347129933092
0.05532443108838025 0.05549502234576299 0.05568940809370115 0.05579731696614857 0.05594480681221226 0.05613243242008462
0.05541332498696881 0.05560502266004624 0.05582334619118749 0.05594480681221226 0.05611113362998123 0.05632122418369505
0.05552690725092796 0.05574509747325442 0.05599347129933092 0.05613243242008462 0.05632122418369505 0.05656025971544072

cov.inverse():
 68860262.85034715 -122454194.8802747  49556420.82914164    692447.11864811  990843.8581843162  2353477.409046981
-122454194.9016664  235805321.5077007 -116189624.3106764  648981.7108927002  20275.06289519592  2171164.824552156
 49556420.86263119 -116189624.3548702  81195452.04788238 -4272291.345165228 -3274431.935284772 -7017187.428903251
 692447.1160363067  648981.7159314654 -4272291.347677073  2722708.934258189  117655.9845553162  90781.45766279967
 990843.8562462432  20275.06640855414 -3274431.936746408  117655.9844811295  3259346.173966562 -1113442.605428641
 2353477.401498361   2171164.83880313 -7017187.435634197  90781.45765205778 -1113442.605389197   3515175.38775279

cov*(cov_.inverse()):
    0.9999999992869562  5.238689482212067e-10 -1.746229827404022e-10  5.456968210637569e-12  7.275957614183426e-12                      0
-5.238689482212067e-10       1.00000000030559 -2.328306436538696e-10 -2.819433575496078e-11                      0   2.91038304567337e-11
 1.164153218269348e-10 -9.604264050722122e-10       1.00000000098953  -2.91038304567337e-11                      0                      0
 -2.91038304567337e-10 -4.656612873077393e-10 -1.746229827404022e-10     0.9999999999818101  6.548361852765083e-11  -2.91038304567337e-11
-2.619344741106033e-10 -3.346940502524376e-10  5.820766091346741e-11  1.182343112304807e-11      1.000000000014552                      0
-6.984919309616089e-10  5.966285243630409e-10 -5.820766091346741e-11 -1.818989403545856e-11  7.275957614183426e-12      1.000000000029104
