5
2

 0.000110565413568219
0.0006368898779556757
0.0008810067788005854
  0.01719173439953341
   0.5221509127736955

 -0.5864423779639869   0.7969517502789596 -0.02827572432448534 -0.04900489331873716  -0.1332375656487025
 -0.3301578970235891  -0.2696023542629571    0.491684981150192   0.5882455902893254  -0.4801284603367426
 0.09432521153391919  0.07116066416451697  -0.7461106278711936   0.6514199525886974 -0.07078058131817801
 -0.5828794489937774  -0.2964944596501211 -0.02908426481663403   0.1636702467181341   0.7380438599546743
  0.4454608880369831   0.4463291090390834    0.447123472033163   0.4476938034466716   0.4494505342817419

0.3941866336120828
0.3942505866861798
0.3943750948112866
0.3943829347066912
 0.394443464897271

-0.0003333268760835473
    0.3942325515501114

   7.036854623443528   -5.493486703395214   -0.113690242118617  -0.2820193094756815   -1.147721143742518
   2.380192513077595   -1.074041209764642 0.002836429133507484 -0.04431829285986427  -0.2645699091911123

-1.018905067068428e-07 -2.080708967538978e-07  1.980649769327448e-07 -0.0009938858560794362  -0.002779654656608563
-2.707116358391467e-08 -1.597865553741562e-07  1.054221209519459e-07 -0.0003758045246670232     0.1208955280474735

cov:
0.05420221081576861 0.05425830103399851 0.05430855381529192 0.05434470429242664 0.05445920282190945
0.05425830103399851 0.05433886247678479 0.05441195705976808 0.05446453470305619 0.05462805093953654
0.05430855381529192 0.05441195705976808 0.05450712018661407 0.05457419914106083 0.05478362030110367
0.05434470429242664 0.05446453470305619 0.05457419914106083 0.05465386767088968 0.05489545867472663
0.05445920282190945 0.05462805093953654 0.05478362030110367 0.05489545867472663 0.05523626431838166

cov.inverse():
 28414086.88466315 -38002601.56825195  865623.3116332769   1950902.10559162  6772396.604406504
-38002601.56806117  52140789.30872089 -2238521.856744025 -3526140.182457792 -8374116.161441225
 865623.3116524942 -2238521.856778517  1378616.476457652  200188.3023160441  -205844.835447446
 1950902.105223519 -3526140.181974557  200188.3022981509  1596332.221999078 -221174.2153397015
 6772396.604564581 -8374116.161699159 -205844.8354448283 -221174.2152424574  2028770.603118472

cov*(cov_.inverse()):
    0.9999999998835847  4.656612873077393e-10  3.637978807091713e-12                      0  1.164153218269348e-10
-1.746229827404022e-10      1.000000000232831  9.094947017729282e-12  7.275957614183426e-12  4.365574568510056e-11
-1.164153218269348e-10  4.074536263942719e-10      0.999999999996362 -1.637090463191271e-11 -1.455191522836685e-11
-4.656612873077393e-10  7.566995918750763e-10 -1.818989403545856e-12     0.9999999999872671  -2.91038304567337e-11
-1.164153218269348e-10   2.91038304567337e-10  1.091393642127514e-11 -2.546585164964199e-11      1.000000000029104
