5
2

  0.00019331772385628
0.0006546407837943923
0.0007760175438899812
   0.0186372341055163
   0.5177348513760093

 -0.4948758895738397   0.8424192981773763  -0.0764370904973448 -0.09791256326667892  -0.1731995413610759
  0.1423907092327922   0.1168952144071789  -0.2030737582962132  -0.7075352135583115   0.6513181749646848
  0.1653042546709144   0.1018997610086269  -0.8627044120421901   0.4404442178345984   0.1550513802359901
 -0.7137436243538972  -0.2588046032475543  0.09170996232512631   0.3081831900956173    0.565864489241772
  0.4450475052447099   0.4464323587636734   0.4474916760577949   0.4481507155501376   0.4489354108722635

0.3980169110907275
0.3981505273905155
0.3981168612401504
0.3980839350673826
0.3980666330657435

0.0003290774462598102
   0.3982431579906966

   3.401371888720135   -1.200665980166689  -0.1965292116879748  -0.6702422626556194   -1.334014074208758
   1.499378892285057  -0.2354250413414131 -0.02120838269320444  -0.1248146138948059  -0.1179458044729872

  -8.9057730804544e-08 -4.613833646435963e-09  6.468580064645469e-08  -0.001075531292586106  -0.002531716864223593
-3.386114836636044e-08  8.647156016824536e-08  1.017115142640629e-07 -0.0003877759490005562     0.1189648961817444

cov:
0.05326879439959435 0.05332118067344191 0.05336055477365764  0.0533856067826299 0.05341538927701391
0.05332118067344191 0.05344604068603074 0.05354119124817229 0.05360064999849187 0.05367143524501281
0.05336055477365764 0.05354119124817229 0.05367995350823813  0.0537652679373646    0.05386763073215
 0.0533856067826299 0.05360064999849187  0.0537652679373646 0.05386810741033527 0.05398946652198849
0.05341538927701391 0.05367143524501281    0.05386763073215 0.05398946652198849 0.05413489494977044

cov.inverse():
 6647290.665956472 -11087956.73778693  707706.2730216169  1181741.009275441  2551310.144415499
 -11087956.7377922    19038809.824087 -1924454.031007981 -2325799.298471916 -3700723.551797336
 707706.2730139864 -1924454.030992813  1488484.358310219  -95356.4163944162 -176357.2254588009
 1181741.009306445 -2325799.298526149 -95356.41638376989  1747063.884428625 -507631.7686199105
 2551310.144397401 -3700723.551763547  -176357.225461909 -507631.7686324945  1833413.259730001

cov*(cov_.inverse()):
     1.000000000029104 -5.820766091346741e-11 -5.456968210637569e-12  3.637978807091713e-12                      0
 -2.91038304567337e-11     0.9999999999708962 -5.456968210637569e-12 -1.091393642127514e-11  1.455191522836685e-11
 8.731149137020111e-11  5.820766091346741e-11      0.999999999996362  7.275957614183426e-12                      0
                     0   2.91038304567337e-11    1.2732925824821e-11      1.000000000007276  1.455191522836685e-11
                     0  -2.91038304567337e-11 -1.818989403545856e-12 -1.091393642127514e-11                      1
