5
2

9.457707937162134e-05
0.0002440445565855283
0.0007530710257326594
  0.01783901547185199
   0.5190806882002548

 -0.4491699561072581   0.8036954556611002  -0.3892401754909724 0.007105272164770217  0.02759648476748955
  -0.488098258723176   0.1231917799098256   0.7924060983685928 -0.09694369106896543  -0.3305727926255311
  0.1350259149235433   0.1369456437138468    0.142903861776266  -0.8618660788733727   0.4469667116729474
 -0.5858198233867815  -0.3478100804805603  0.01138394039329446   0.2173070183209528   0.6989215607868784
  0.4456339048907166   0.4462862741517516   0.4472511075923382   0.4477900822319363   0.4490985118298009

0.4005097554420536
0.4005435499985853
0.4006111339347464
0.4005841261460902
0.4005289018337985

0.0004424502310567743
   0.4007493552522979

   2.263104523543491    3.698462391417078   -5.040608873430485  -0.1226870088346926  -0.7982105801070509
   1.207839686923123   0.7501620194821244  -0.8964800762359314 -0.02154789738724611 -0.03993253008660552

 3.484032905930572e-08 -2.601152372534698e-07 -9.033600995378578e-08  -0.001035542108819211  -0.002355487244835057
 3.650091657656786e-09 -7.100578015432005e-08  7.850785128372094e-08 -0.0003218226699707446     0.1197700950455049

cov:
0.05361815935064272 0.05365209796075954 0.05370097189335887 0.05372724654626144 0.05379467615267177
0.05365209796075954 0.05370421486327537 0.05378047545032097 0.05382241282812942 0.05392654400189541
0.05370097189335887 0.05378047545032097 0.05389808449203156 0.05396365725846445  0.0541231751405296
0.05372724654626144 0.05382241282812942 0.05396365725846445 0.05404342369281843 0.05423395891890092
0.05379467615267177 0.05392654400189541  0.0541231751405296 0.05423395891890092 0.05449974455522627

cov.inverse():
 26588729.38186996 -41334429.06260228  13085876.39407682  232091.5960764684  1428527.708401565
-41334429.06070627   72500573.8672711   -33299818.551594  229530.7698689199  1902951.813420086
  13085876.3908927 -33299818.54747656  27516898.94622733 -1816178.328840543 -5486443.193848778
 232091.5965011582  229530.7690488932 -1816178.328385705  1473399.118308987 -118789.9675702281
 1428527.709265003  1902951.812018606 -5486443.193370197  -118789.967510739  2273779.023429872

cov*(cov_.inverse()):
    0.9999999998981366  1.600710675120354e-10 -5.820766091346741e-11  8.185452315956354e-12 -1.455191522836685e-11
 1.309672370553017e-10      1.000000000130967 -3.492459654808044e-10  1.364242052659392e-11  -2.91038304567337e-11
 1.455191522836685e-11  3.346940502524376e-10      0.999999999825377  1.364242052659392e-11  1.455191522836685e-11
 1.891748979687691e-10 -7.275957614183426e-11  1.164153218269348e-10     0.9999999999936335 -5.820766091346741e-11
 2.473825588822365e-10 -1.455191522836685e-10 -1.164153218269348e-10 -9.094947017729282e-13                      1
