5
2

5.794082902940306e-05
0.0002559513309656119
0.0006590153460492699
  0.01213158340655741
   0.5575579801855167

 -0.2782548849961077   0.8025742180469081  -0.5276750044562251 0.000594745591424915 0.002753080456726756
 -0.5364332583770525   0.2840808998106282   0.7131127054171622  -0.1385643521441643  -0.3221918548896699
  0.1123927731228341   0.1090200758180837   0.1082607364233004  -0.8391481947515438   0.5095021175742933
 -0.6510067004812298  -0.2528203866658987 -0.03748859260255037   0.2755493946888959   0.6594992528622843
  0.4453894012671189   0.4465077177876128   0.4471057787800372   0.4479982197781127   0.4490580773710158

  0.41679010465236
  0.41677820894939
0.4168394128663587
0.4168360254796029
0.4167587275371376

0.000556889518330444
  0.4170219904892837

  6.730317331202849   1.635391214933778  -7.815045416888107 -0.1045316124960656 -0.4459428373210096
  2.697913072469619  0.3424855016873371  -2.133840185041513  -0.189175409973069  0.2823112786787597

  1.19591164491377e-08 -5.608159741421539e-07 -2.207308835972678e-08 -0.0007101016864679559  -0.004168583316760082
 2.184831147897065e-09 -1.923648260468026e-07  1.789916112251677e-07 -0.0002397331703350765     0.1375653300747708

cov:
0.06173039392507198 0.06184705338732163 0.06190921481118301 0.06200277130545189 0.06211280294199322
0.06184705338732163 0.06198748465706053 0.06206249136546942 0.06217466066994265 0.06230754961905188
0.06190921481118301 0.06206249136546942 0.06214445145756534 0.06226668135135056 0.06241192968989467
0.06200277130545189 0.06217466066994265 0.06226668135135056 0.06240401923441391 0.06256670607812954
0.06211280294199322 0.06230754961905188 0.06241192968989467 0.06256670607812954 0.06275223047984138

cov.inverse():
 27487535.63061326 -68817818.11953476  37924991.35951289  866948.7163515165  2538996.816744629
-68817818.11890726   193126998.082949  -123028996.663479 -669803.9026898624 -612216.1129823492
 37924991.35865265 -123028996.6622286   90729419.9431435 -1811055.780265979 -3813068.993636469
 866948.7164194122 -669803.9028097021 -1811055.780236875  1915088.758625933 -301249.5999541095
 2538996.816909445 -612216.1134853999 -3813068.993275388 -301249.5999769512  2187518.514462376

cov*(cov_.inverse()):
    0.9999999995634425  3.346940502524376e-10 -1.455191522836685e-09 -2.182787284255028e-11  5.820766091346741e-11
 5.238689482212067e-10     0.9999999993451638 -1.164153218269348e-09 -1.818989403545856e-11  5.820766091346741e-11
                     0  -1.08411768451333e-09     0.9999999991850927  -2.91038304567337e-11   2.91038304567337e-11
 7.275957614183426e-10  7.275957614183426e-12 -1.862645149230957e-09      0.999999999992724   2.91038304567337e-11
-1.455191522836685e-10  -4.43833414465189e-10   -7.8580342233181e-10 -1.455191522836685e-11      1.000000000058208
