5
2

0.0001947982463888024
0.0006663025609659217
0.0008648205433802592
  0.01955816466622306
     0.51910357673832

 -0.4638675040474314   0.8480722352829642 -0.05835542201760326 -0.09548663633726391  -0.2303852630553987
 -0.3122551202874253  -0.2163261762210963   0.4640043642238159   0.5972153904130666  -0.5326663615912548
  0.1020353176421384  0.06431862570549997  -0.7624062565343154   0.6345866904791777 -0.03857901767852529
 -0.6919796492399386  -0.1741123177143655 0.004954529694660828   0.1760874794399845   0.6780986049815184
    0.44505801591987   0.4466816365502428   0.4472211391864615   0.4477823261205392   0.4493140539901995

0.3975475201527651
0.3976620424276741
0.3976409426085856
0.3976043720288172
0.3975512430059631

0.0003896495856536376
   0.3977814388598724

   3.562368422050836   -2.000313453417783 -0.07041416935178177  -0.3507167913507651   -1.141013042261806
   1.693038636904275  -0.5973433036976743  -0.0195934393456248 -0.08719529784856411  0.01122935517492871

 -1.15675933798988e-07 -1.394006281927677e-07  8.225051311780674e-08  -0.001129446235973347  -0.002492946664452792
-4.876310189106445e-08 -2.071452375073585e-07  6.993106145129253e-08  -0.000411356268734046     0.1196215306783353

cov:
0.05355864342013072 0.05361624546747282 0.05363340758684333 0.05365550061150753 0.05370642604152459
0.05361624546747282 0.05377721554681794  0.0538300932217438 0.05388629686627535 0.05403730277146151
0.05363340758684333  0.0538300932217438 0.05389606270979875 0.05396324775223916 0.05414894218450807
0.05365550061150753 0.05388629686627535 0.05396324775223916 0.05404318793081021 0.05426120671318297
0.05370642604152459 0.05403730277146151 0.05414894218450807 0.05426120671318297 0.05457716540010219

cov.inverse():
 5905248.757397729 -10205844.40910606  282979.5751926386  833466.8033563319  3184455.225756076
-10205844.40896834  19064789.53806107   -1595859.2680026 -2370563.179680788 -4893010.926568366
 282979.5750708589 -1595859.267798409  1351875.529133627  124144.0131321919 -163085.1464411335
 833466.8032856416 -2370563.179578402  124144.0131464631  1582167.547035921 -169233.2352236595
 3184455.225810822 -4893010.926737224 -163085.1463729882 -169233.2351776893   2041038.42232937

cov*(cov_.inverse()):
    0.9999999999126885  1.746229827404022e-10 -1.818989403545856e-11  1.818989403545856e-11 -1.455191522836685e-11
  2.91038304567337e-11      1.000000000174623 -7.275957614183426e-12 -3.637978807091713e-12                      0
-1.164153218269348e-10  1.164153218269348e-10      1.000000000010914  1.455191522836685e-11                      0
-1.164153218269348e-10   2.91038304567337e-10   -1.2732925824821e-11      1.000000000014552                      0
  2.91038304567337e-11  5.820766091346741e-11  3.637978807091713e-12 -1.818989403545856e-12     0.9999999999854481
