5
2

0.0001013801724411543
0.0002364138721503262
0.0007085578493565692
  0.01806540648291069
   0.5158337398752533

-0.4251992614349168  0.8002908584066815 -0.4212830961446147 0.01323449034477231 0.03294740041369269
-0.5129541580732399  0.1540978385680221  0.7842545832837053  -0.151075211557144  -0.274322651116353
0.06707729109158408 0.06746607069967842 0.08108080877082911 -0.8010367556772333  0.5854186406558318
-0.5941025054068988 -0.3634185526786343  -0.031043074391867  0.3667259227477997  0.6160499929025955
 0.4456752964655275  0.4462775851111881  0.4471325658936944   0.448166645743685  0.4488083926441946

0.3934444279665417
 0.393478234269727
0.3935508943339232
 0.393495826790583
0.3934714917605886

0.0004121357634508702
   0.3936812936835144

   3.045819570502758    2.339742997446761   -4.119690237299961  -0.4560562800693685  -0.8097399468207396
   1.278207850735467    0.504424559647016  -0.6069945927430592 -0.08894696070936464 -0.08678293641778642

 2.343612795732854e-08 -2.314844294351988e-07 -4.045966637693581e-08  -0.001043707270065815   -0.00219082466827593
 1.149828548659684e-09  -5.68263259972694e-08  4.568697810779829e-08 -0.0003296037463777734     0.1182905061553983

cov:
0.05296662417847213 0.05299329601405658 0.05303022908060503 0.05307572930372333 0.05310354084635727
0.05299329601405658 0.05303747189490684 0.05309957323223944 0.05317515594865831 0.05322183681438343
0.05303022908060503 0.05309957323223944 0.05319796069751398 0.05331688171090272 0.05339075856494815
0.05307572930372333 0.05317515594865831 0.05331688171090272 0.05348816531904268 0.05359397737983781
0.05310354084635727 0.05322183681438343 0.05339075856494815 0.05359397737983781 0.05372115223883186

cov.inverse():
  22308301.4644311 -34512687.30356759  10241775.96080966  731317.1635635518  1231701.625674151
-34512687.30467858  62748911.25522313 -30629981.91244413  505923.8108232176  1887098.108171509
 10241775.96257737 -30629981.91464392  28285544.03058064 -2791715.654720009 -5105217.669660588
 731317.1633397654  505923.8111408603 -2791715.654782298  1703880.721618142 -149431.8975567144
 1231701.625241233  1887098.108942668 -5105217.670030409 -149431.8975251438  2135816.970090062

cov*(cov_.inverse()):
     0.999999999992724 -8.731149137020111e-11 -1.164153218269348e-10 -9.094947017729282e-13  5.820766091346741e-11
 1.455191522836685e-11      0.999999999650754 -1.746229827404022e-10 -1.728039933368564e-11 -1.455191522836685e-11
-1.455191522836685e-10 -1.164153218269348e-10                      1  2.091837814077735e-11                      0
 1.455191522836685e-11  1.164153218269348e-10 -1.164153218269348e-10     0.9999999999890861 -1.455191522836685e-11
-5.820766091346741e-11  -1.01863406598568e-10                      0  1.818989403545856e-12                      1
