5
2

  7.2873806210538e-05
0.0001812080915105067
0.0003788467109139727
  0.02222598190672936
   0.5711396624917198

  -0.286628883967655   0.7792539828295568   -0.554890076201107  0.01157793517262728  0.05069583681524381
 -0.6453973586798221   0.2616839526357322    0.679362834266188 -0.07804254277879907  -0.2176218262869791
  0.1827033988200181   0.1545352244947966   0.1406405023580586   -0.874935649116269   0.3967948984701324
 -0.5183875766378427  -0.3176299154694546  -0.1045318813041071   0.1676005170881465    0.769005012759489
  0.4463181832860095    0.446670841186687   0.4470531038241859   0.4474069618490944   0.4486153940202872

0.4235264885901471
0.4234878547204105
0.4233831573709531
0.4233102619278359
0.4229012255979046

0.001636674646279952
  0.4239327708944139

 0.2362106902539216   5.496734678298422   -3.83877448710856 -0.4314559098141208  -1.463287754089509
  8.603379339303228  -5.771609124475377  -4.502787431052184   1.210935745311226   1.466718646243278

 3.327918085015432e-08 -3.184628829902367e-08  2.146837119345823e-08  -0.001316341393897315  -0.001621089600376017
-2.324232307021715e-08 -3.459527477250472e-07 -6.183464873444631e-08  -0.000407593171182142      0.146341276182558

cov:
0.06511188439683546 0.06511179588046904  0.0651128717650602 0.06509469043848259 0.06511665342314386
0.06511179588046904 0.06513169086436142 0.06515394926836877 0.06516278162436666 0.06524451771530505
 0.0651128717650602 0.06515394926836877 0.06519870320839656 0.06523621447452554 0.06538140589746738
0.06509469043848259 0.06516278162436666 0.06523621447452554 0.06531051841855974 0.06553651546686774
0.06511665342314386 0.06524451771530505 0.06538140589746738 0.06553651546686774 0.06594189312651523

cov.inverse():
 28388614.22871909 -47005054.96719123  16775413.08731686 -204919.8031706004  2045440.598021546
-47005054.96167701  116596508.3172267 -75856681.14061119  134787.9911406584  6131335.117670259
 16775413.08164584 -75856681.13565855  72172443.08939594 -3681784.773514477 -9410870.776515584
-204919.8048962549  134787.9957511409 -3681784.776706512  5544441.941197607  -1790874.06175218
 2045440.599903504  6131335.113622803 -9410870.774042971 -1790874.062059418  3024425.733884697

cov*(cov_.inverse()):
      1.00000000037835  5.820766091346741e-11  1.164153218269348e-10  8.731149137020111e-11 -1.164153218269348e-10
 2.619344741106033e-10                      1 -4.656612873077393e-10  -2.91038304567337e-11   2.91038304567337e-11
 3.201421350240707e-10  6.402842700481415e-10     0.9999999990686774                      0 -8.731149137020111e-11
 2.328306436538696e-10  6.984919309616089e-10 -6.984919309616089e-10      1.000000000014552 -8.731149137020111e-11
 -2.91038304567337e-11  2.328306436538696e-10  1.164153218269348e-10  1.455191522836685e-11     0.9999999999708962
