5
2

7.146648375690817e-05
8.581655343592222e-05
0.0002974839099263355
  0.01180675084827441
   0.5082874164006976

   0.2591679613547046   0.06667794437903404   -0.8216160785779829    0.5032661090181805  -0.00750083171861513
  -0.5258624477911219    0.8235610291151318   -0.1739418565790785   -0.1223030537281039 -0.001452895233195525
   0.4599453567246922    0.1271005925898281   -0.2878256610745302   -0.7173613724985841     0.418144422735337
  -0.4954174147837024   -0.3187307963087227   -0.1095470952520771    0.1302852505405847    0.7899350935531668
   0.4464442941362389    0.4467184817129623    0.4470425848851569    0.4474188209061022    0.4484410957165413

 0.377721323160008
0.3778326082889287
0.3778182041118264
 0.377804276723514
0.3777489179299007

0.0002881949418033154
   0.3779036971696651

  4.797331771394747   2.708368762478306    1.75186529658311  -8.846201202605517 -0.4114857531240447
  2.534767002717615  0.2869181488732232  -1.061071004839415 -0.5369768036581416 -0.2235929823491912

-2.280155456098224e-08  3.575918687022938e-09  7.274760032985854e-07 -0.0006843687185913292  -0.001990857237626157
 6.533917335292989e-09 -6.230945505582826e-09  1.592442387740478e-07 -0.0002059715148945633     0.1149524893249847

cov:
0.05152783678404162 0.05154724085851176 0.05157016282791523 0.05159697953351498 0.05166937943243793
0.05154724085851176 0.05157103955145875 0.05159913985702828 0.05163190214862421 0.05172058989685212
0.05157016282791523 0.05159913985702828 0.05163339370731408 0.05167319041405514 0.05178115893473698
0.05159697953351498 0.05163190214862421 0.05167319041405514 0.05172106719391021 0.05185114223706082
0.05166937943243793 0.05172058989685212 0.05178115893473698 0.05185114223706082 0.05204226076878032

cov.inverse():
 53092543.11572197 -54761407.60556978 -30766470.70945769  30541512.77600572  1893552.178377245
-54761407.66328267  93151594.52516484 -30591048.06637258 -8137441.855769808  338342.5102772095
-30766470.59779344 -30591048.22394719  137214587.6155688 -75736659.63756663 -119644.2112028476
 30541512.72074039 -8137441.753363542 -75736659.68481316  57435811.15582892 -4103744.144372363
 1893552.179691765  338342.5077316756 -119644.2098663195 -4103744.144477874  1991500.667358295

cov*(cov_.inverse()):
    0.9999999998544808  7.676135282963514e-10 -3.392415237613022e-10  1.251464709639549e-09 -1.455191522836685e-11
-3.201421350240707e-10      1.000000000058208  1.505213731434196e-09  6.111804395914078e-10 -1.455191522836685e-11
 1.455191522836685e-11  1.455191522836685e-11      1.000000000152795  1.047737896442413e-09                      0
-4.220055416226387e-10  2.182787284255028e-10  8.731149137020111e-11      1.000000000727596 -1.455191522836685e-11
 1.600710675120354e-10  3.637978807091713e-12  2.173692337237298e-10  1.164153218269348e-10                      1
