5
2

 8.05521488737792e-05
0.0001375959594562699
0.0001556460511287463
 0.008802190332538819
   0.5736087281586819

 0.03322376355329323  0.06082138626366913   0.1875202074289528  -0.8191606139169766   0.5375955737552948
 -0.4371652961810688  -0.1511602954501108    0.848543289536325 -0.00330859632490937  -0.2569054453832856
  0.5574033965043504  -0.8117909089096957   0.1601182416982039  0.03674018174188331  0.05752635481266406
   -0.54545057442921  -0.3386984721845865  -0.1388667368828712     0.35683453130993   0.6641928653990478
   0.446730130806656   0.4469118360524781   0.4470890690361972    0.447531248191583   0.4478048093378417

0.4012700150483881
0.4014712029213137
0.4014837053859279
0.4015150670410247
0.4015341045383048

-0.0004169539085570982
    0.4014061428525331

-0.487207724210339  1.657225456034106  4.769460789056821  5.344737889889852  -11.2842718468335
0.7879180373334448 0.2567673620844058  0.715807486001742 0.8458807524403533 -1.606562925455504

-6.141892198877604e-08  1.304626980803773e-07 -3.163852542846018e-08 -0.0005071449650192709  -0.001927077697176426
-8.958036291666551e-09  1.200455357984073e-08  6.880550375174621e-09 -0.0001070263248145382     0.1467132154731364

cov:
0.06568625464849449 0.06570420448022526 0.06572181513791778 0.06576586587331933 0.06579308909078842
0.06570420448022526 0.06572552407647321 0.06574631960360526 0.06579833664087492 0.06583049792204743
0.06572181513791778 0.06574631960360526 0.06577026130495008 0.06582995905320935 0.06586689182081235
0.06576586587331933 0.06579833664087492 0.06582995905320935 0.06590877982739411 0.06595755203172504
0.06579308909078842 0.06583049792204743 0.06586689182081235 0.06595755203172504 0.06601368136414898

cov.inverse():
 23093510.32250889 -14874127.19709035 -14948073.18683609 -3275107.811961022  10003669.19810869
-14874127.19566958  28981179.72457776 -10382013.83497926 -8884695.052422013  5159733.488776288
-14948073.18416973 -10382013.82582582  44508728.60238983 -23579617.19163753  4401137.161201613
-3275107.823558254 -8884695.070745919 -23579617.15129087  103473019.7344719 -67733650.62100813
 10003669.20561886  5159733.499367434  4401137.132674809 -67733650.61058272  48169066.93645127

cov*(cov_.inverse()):
                     1  1.164153218269348e-10                      0                      0                      0
-1.164153218269348e-10      1.000000000232831   2.91038304567337e-10                      0 -9.313225746154785e-10
-2.328306436538696e-10  5.820766091346741e-11      1.000000000349246                      0                      0
                     0 -1.164153218269348e-10  6.402842700481415e-10                      1  4.656612873077393e-10
 1.164153218269348e-10  -2.91038304567337e-10   2.91038304567337e-10  9.313225746154785e-10                      1
