5
2

0.0001785828334651284
0.0004708811954271953
0.0006126584767794512
  0.01746962342095656
   0.5273927399285463

 -0.3984862553343209   0.8707355140544096  -0.1353013682103585  -0.1054551134462235  -0.2315191734662241
 -0.1755533288925568  -0.1268410051664744   0.1939893188598246   0.7286230736704601  -0.6201362340699123
 -0.2227648189457135 -0.06039538254164145   0.8617999985972276  -0.4246538735151906  -0.1539418180160798
 -0.7510087638164392  -0.1507331879633382  0.03504256042647361   0.2765192384588627   0.5792879011667694
  0.4435666862325891   0.4465007589991536   0.4473639070212101   0.4485463566162712   0.4500637374181649

0.4082420573253572
0.4080472924852857
0.4080900190051245
0.4079059707231221
0.4078065605386431

0.00138442154316644
 0.4086454032903366

  4.820651560210362  -4.042851935344576 -0.2660259045496945 -0.1063159872779384 -0.4054849910523134
  2.401783889496313  -1.574304637285647 -0.4287682717397324  0.5995617431197786 0.00219745504423699

-1.690310075485368e-07 -4.680624936058627e-08 -3.571063202877783e-07  -0.001002411358555057  -0.004463681367711168
-7.442288228929767e-08  2.890472949343533e-08 -3.995264344944245e-07 -0.0004316644448728609     0.1225297929220997

cov:
0.05489720690594099 0.05512158420928647 0.05518541874190615 0.05527604372073097 0.05539388789136854
0.05512158420928647 0.05545838631667705 0.05555697771721937  0.0556927340050847 0.05586727956056917
0.05518541874190615 0.05555697771721937 0.05566668348813625 0.05581600630834934  0.0560080838758418
0.05527604372073097  0.0556927340050847 0.05581600630834934 0.05598419842004349 0.05619879706834707
0.05539388789136854 0.05586727956056917  0.0560080838758418 0.05619879706834707 0.05644244371234927

cov.inverse():
  5252109.18024196 -10743140.43693342  1025440.221580972  992115.4373327716  3473744.828506742
-10743140.43702839  23855851.42899682 -3943759.241614746  -3227836.60609306 -5941880.774905588
 1025440.221712885 -3943759.241868477  2722424.350934964  109894.0744672722  86287.78098627238
 992115.4373244649 -3227836.606053865  109894.0744350327   3223713.16965392 -1097586.070976529
  3473744.82847812 -5941880.774786045  86287.78089668958 -1097586.070977876  3479361.867594785

cov*(cov_.inverse()):
    0.9999999998835847  1.746229827404022e-10 -9.094947017729282e-13 -1.455191522836685e-11   2.91038304567337e-11
-5.820766091346741e-11     0.9999999999417923  2.546585164964199e-11 -7.275957614183426e-12  5.820766091346741e-11
-1.164153218269348e-10  5.820766091346741e-11     0.9999999999936335                      0   2.91038304567337e-11
-5.820766091346741e-11  1.164153218269348e-10 -2.546585164964199e-11     0.9999999999781721                      0
-5.820766091346741e-11                      0    1.2732925824821e-11  2.182787284255028e-11                      1
