5
2

7.974331885133326e-05
0.0001092553676041533
0.0004791933351785379
 0.008392866491183711
   0.5175014808696726

   0.1211101889230441    0.2836394628897571   -0.8426535811383271    0.4413659786357655 -0.003462994120811102
   -0.572399153084537    0.7775071257185652   0.04509069018797406   -0.2564557147982955    0.0062589943783071
   0.3546163799331464   0.04885555603849095   -0.2914846172290482   -0.6807411012653375    0.5687606075443085
  -0.5766742366483509   -0.3361591434398198  -0.05473669034005093    0.2751765849836454    0.6897286400282391
   0.4465261241588012    0.4468125887600327    0.4471491747756869    0.4475443434733398    0.4480341583983484

 0.401677077337987
0.4016661977653539
0.4016567492214954
0.4016435581900396
0.4016303727095948

0.0002454073101056157
   0.4017238214581152

   3.495391410892546    4.697924011161625    2.755367790178405   -10.72762137256755   -0.221069523557316
   1.479413257790613    1.143145020520702   0.4861254461382188   -2.059095814506312 -0.04952849668922243

-3.370279754011368e-08  5.402480333169675e-08   1.80093402791425e-06 -0.0004825323437555364  -0.002195316864582759
-5.181727899754458e-09   7.06255002044968e-09  4.161554150714426e-07 -0.0001313571277874159     0.1191775975300458

cov:
0.05342046795896546 0.05344492033200586 0.05347371510197761 0.05350754055568165  0.0535493742450355
0.05344492033200586    0.05347351285986 0.05350711222195052 0.05354658115873306 0.05359539178375493
0.05347371510197761 0.05350711222195052 0.05354636175749596 0.05359243019710791 0.05364940606791636
0.05350754055568165 0.05354658115873306 0.05359243019710791 0.05364625372706325 0.05371279901349241
 0.0535493742450355 0.05359539178375493 0.05364940606791636 0.05371279901349241 0.05379187452884288

cov.inverse():
 30307072.54374159  -31803343.3110746 -18660666.01823163  19650249.63588523  506612.0964432099
-31803343.32004425  63307016.74623651 -34710829.52983627  2836320.180443154  370938.2002066805
-18660666.00089691 -34710829.55309574  112203439.7013544 -58591838.84037699 -239975.6287161006
  19650249.6269548  2836320.194805639 -58591838.84497684  38163397.03913521 -2058262.231830057
 506612.0970086043  370938.2001339561 -239975.6300409396  -2058262.23099789  1420683.649323835

cov*(cov_.inverse()):
     1.000000000298314   2.65572452917695e-10  1.564330887049437e-10  4.365574568510056e-11 -1.455191522836685e-11
 2.000888343900442e-10      1.000000000192813  9.276845958083868e-11 -3.637978807091713e-10  -2.91038304567337e-11
 2.983142621815205e-10  1.091393642127514e-10      1.000000000331056 -5.675246939063072e-10 -1.455191522836685e-11
 1.491571310907602e-10  5.893525667488575e-10  8.731149137020111e-11     0.9999999997380655 -1.455191522836685e-11
 2.728484105318785e-10  1.055013854056597e-10  4.019966581836343e-10 -1.164153218269348e-10                      1
