5
2

7.212490555425498e-05
0.0001776118447441341
0.0003961504047986985
  0.02461790755732415
   0.5713793423441137

-0.2740740133315059  0.7754320379764255 -0.5667733053233676 0.02230136781970725 0.04311912640910333
-0.6616529781189284  0.2687353368696106  0.6704536378393067 -0.1073157783608957 -0.1702113347775812
0.05738051732800153 0.05535200008413864 0.06344913334591511  -0.785972900893552  0.6098068865275986
-0.5337614401593656 -0.3523493483910754  -0.159887763910683  0.4115544625061291  0.6292912592991565
 0.4459876377130715   0.446399558660596  0.4468445482605323  0.4481690486417281  0.4486612470050746

0.4229250366308663
0.4228793108008331
0.4227632916896234
0.4224225364945288
0.4222416910599763

0.001759981317346915
  0.4233480831007262

 0.0270848272193106   5.624183720227937  -3.915493847170233 -0.2492984816765723  -1.486882089714642
  9.113072189077618  -6.497511757986537  -3.740485942781363  0.8071115987432309   1.324147764906267

 3.383004245145854e-08 -2.687158367256129e-08 -1.014334320653042e-07  -0.001459575832832451  -0.001873533991411023
-2.778353730907387e-08 -3.342492578099081e-07  1.554262355656301e-08 -0.0004916871676401376     0.1463361313866157

cov:
  0.065110049015548 0.06511132176517184 0.06511384965629705 0.06512185832866936  0.0651231041686333
0.06511132176517184 0.06513262797983822 0.06515638002277042 0.06522737368094896 0.06525262222327945
0.06511384965629705 0.06515638002277042 0.06520265984351893 0.06534048371334318 0.06539120134327962
0.06512185832866936 0.06522737368094896 0.06534048371334318 0.06567691495534989 0.06580306705483423
 0.0651231041686333 0.06525262222327945 0.06539120134327962 0.06580306705483423 0.06595833611895034

cov.inverse():
 28339059.10046342 -46470584.01695346  15822242.80747756  788153.5368488894  1520680.876049032
-46470584.01939281  117898166.6995091 -78751618.69115148  2132671.462842716   5192228.94678748
 15822242.80993244 -78751618.69325921  76026605.84548983 -5028483.927002299 -8069114.522927289
 788153.5389455623  2132671.457460909 -5028483.923398015  4397324.884010918 -2289752.567490891
 1520680.873936775  5192228.951837751 -8069114.526184461   -2289752.5671717  3646011.031492949

cov*(cov_.inverse()):
      0.99999999931606  1.862645149230957e-09 -5.820766091346741e-10  -2.91038304567337e-11  -2.91038304567337e-11
 -2.91038304567337e-11      1.000000000349246  1.164153218269348e-10  -2.91038304567337e-11  -2.91038304567337e-11
-4.220055416226387e-10  2.619344741106033e-09                      1                      0  -2.91038304567337e-11
 1.164153218269348e-10  3.492459654808044e-10  3.492459654808044e-10      1.000000000029104 -8.731149137020111e-11
-1.600710675120354e-10  5.820766091346741e-11 -1.164153218269348e-10                      0     0.9999999999417923
