5
2

7.174637146330884e-05
 0.000103212684675707
0.0004864736323846755
  0.01193903805396476
   0.5070220612506998

 -0.03355289900863655    0.3578342375378897   -0.8009139302701006    0.4789159598306512 -0.002289351999976626
  -0.5152935615943363    0.7552692394535052      0.12970493308347   -0.3834426393925811   0.01375841357903875
   0.3159143521408368  -0.02516709543254707   -0.3707806845844058   -0.5760011772904668    0.6559794715675484
  -0.6590282892105569   -0.3182211221769629   0.06456208649809843     0.302468523807525    0.6072574087760066
   0.4463480530697795    0.4467941014482228     0.447288416527015    0.4476010294680187    0.4480344152984435

0.3784274907875553
0.3784510700523795
0.3785291500076057
0.3785040423621046
0.3784823869625253

0.0005163442828421194
   0.3786792578133901

  1.655373137014115   4.129973807860364   2.738779609355073  -8.353000439269358 -0.1712791744406173
  1.696939702027936  0.1813642621872875 -0.8115842424136759 0.07331524510708537 -0.1399650404789981

-2.456003586364376e-08  6.202107180526589e-08  9.708866565596696e-07 -0.0006925894623871896  -0.001646709881673975
  3.56931832228702e-09 -9.297256733449905e-09  1.652807518030663e-07 -0.0001840573033257349     0.1145388710714178

cov:
0.05127738558613255 0.05129651926071656 0.05131725839515656  0.0513307673622752 0.05135195414276578
0.05129651926071656 0.05133230562600561 0.05137171371278988 0.05139682794968661 0.05143277568620867
0.05131725839515656 0.05137171371278988  0.0514321094415291 0.05147025666365417 0.05152278886958495
 0.0513307673622752 0.05139682794968661 0.05147025666365417 0.05151651793656727 0.05157935559373113
0.05135195414276578 0.05143277568620867 0.05152278886958495 0.05157935559373113 0.05165584509132298

cov.inverse():
 25568935.27455245 -38897994.90161458 -1548716.065327195  14655660.36520825  222273.1641370842
-38897994.91510634  78425717.44568944  -46440835.3161571  6167269.362294137  745187.5210895519
-1548716.029547986 -46440835.37237244  126775611.6122449 -78281327.83165303 -503756.4165105696
 14655660.34246845  6167269.406332848 -78281327.85369222  59761631.14843734  -2303527.85886021
  222273.164589735  745187.5197741046 -503756.4149078503 -2303527.859600117  1839660.040901287

cov*(cov_.inverse()):
    0.9999999998835847  2.983142621815205e-10 -2.874003257602453e-10 -7.275957614183426e-11  1.455191522836685e-11
-2.364686224609613e-11      1.000000000371074  1.007720129564404e-09 -4.365574568510056e-11                      0
-1.127773430198431e-10  5.311449058353901e-10      1.000000000196451   2.91038304567337e-10  1.455191522836685e-11
 -2.91038304567337e-10  1.455191522836685e-10  1.022272044792771e-09     0.9999999997817213                      0
-1.218722900375724e-10 -7.275957614183426e-12 -1.382431946694851e-10 -3.055902197957039e-10                      1
