5
2

0.0001333823550580495
 0.000650013477593648
0.0007727436450294304
  0.01584551794592682
    0.518986495029343

 0.5890568828760721 -0.7976482112033695  0.0444148150974885 0.05640868339803918  0.1077715386247513
 0.1619440340672544  0.1419303843438294 -0.2195208658829534 -0.7137008613878247  0.6293421690355034
-0.1796432057643537 -0.1312214814822737  0.8641004641950391 -0.4360035292496569 -0.1172200993006935
-0.6293108538619173 -0.3567246729927281 0.05511978071215216  0.3107980922159739  0.6140697945176683
 0.4455135086623529  0.4462527620529721  0.4473590405859886  0.4480564799758302  0.4488780073885396

0.3978127963517781
0.3979047417481995
 0.397870987342144
0.3978386165203329
0.3978198479873019

0.000334385238478656
  0.3979986095826875

   4.997820219737108   -2.223600559686249  -0.2731251529475095  -0.8666176825682628   -1.634588794189871
   2.248263686865502  -0.7444131664701206 -0.04723271775028431  -0.2079713543473377  -0.2487292025247048

 7.971144724501859e-08  6.063865209964104e-08 -1.627741031426941e-07 -0.0009139625894005437  -0.002666832819993087
 3.340232366861799e-08  1.101503896895801e-07 -1.356588879418432e-07 -0.0003438003887841182     0.1194482345075279

cov:
0.05356007727785356 0.05360569420179643 0.05367324785357132  0.0537166456365826 0.05376736604334317
0.05360569420179643 0.05367015018952603 0.05376612224996816 0.05382712408970965 0.05389876090488448
0.05367324785357132 0.05376612224996816 0.05390567054897762 0.05399262184787124 0.05409584872180825
 0.0537166456365826 0.05382712408970965 0.05399262184787124 0.05409723014552358 0.05421955222378016
0.05376736604334317 0.05389876090488448 0.05409584872180825 0.05421955222378016 0.05436597174105064

cov.inverse():
 19621424.34300274  -26315439.3354534  1126344.165793458   1724537.59420248   3843269.26316384
-26315439.33544005  35839368.81894895 -2255033.057263871 -2673439.953244911 -4595614.854711147
  1126344.16581126 -2255033.057291714  1475372.195280503 -119233.5986617664  -227417.809803093
  1724537.59412709  -2673439.95313911 -119233.5986778478   1703148.07222129 -635004.3101512149
  3843269.26320808 -4595614.854775756 -227417.8097970537  -635004.310136885  1614769.072827712

cov*(cov_.inverse()):
    0.9999999995052349  2.328306436538696e-10 -1.091393642127514e-11                      0                      0
-2.619344741106033e-10      1.000000000261934 -1.455191522836685e-11 -1.455191522836685e-11                      0
-4.365574568510056e-10  3.492459654808044e-10     0.9999999999854481  -2.91038304567337e-11 -1.455191522836685e-11
-4.074536263942719e-10  4.656612873077393e-10 -1.455191522836685e-11     0.9999999999636202                      0
-1.746229827404022e-10  2.037268131971359e-10 -1.818989403545856e-12 -1.455191522836685e-11                      1
