5
2

0.0005399343402582034
 0.000675597838691727
0.0008810022133209097
  0.02034317689738986
    0.522773144297515

  0.2315794061652597 -0.08955848792489957   -0.149334728201196  -0.6730985908180924     0.68043198181194
 -0.3555707305764869   0.5344030460064311   0.5337169916353298  -0.5132577583417222  -0.1992372613697425
  0.1001969162325295   -0.703963971905329   0.6995915034246137 -0.06163153892480838 -0.03418458691592498
 -0.7826680870707393  -0.1058108391117702  0.05684823523252396   0.2805756914954301   0.5424760744035648
  0.4442203030659118   0.4468013588222285   0.4474207396621709   0.4483119397164764   0.4492971784091752

0.3941428424948739
0.3944576700937278
0.3944735499727794
0.3945073129555333
 0.394560105279944

-0.0004797726789985271
    0.3942635625265732

   2.514743840497978   -0.167264435600896  -0.4318830809756316  -0.6570061571418424   -1.258662500482932
   1.298950862377624  0.03540964775081301 -0.03166632663290114  -0.1202030736294877  -0.1824117045894584

 7.219242083102039e-08  -2.85760159220799e-07  1.172747431594865e-07  -0.001176228746480614  -0.002985539881667161
 7.555200276891618e-08  -1.65141077691415e-07  7.506619110843734e-08 -0.0004779387903631503     0.1210211660369937

cov:
0.05418271136477866  0.0542765911921864 0.05429920455127595 0.05433500712500241 0.05436982901562941
 0.0542765911921864 0.05456278227076809 0.05463052486694277 0.05472972410991531 0.05483858661178165
0.05429920455127595 0.05463052486694277  0.0547108518650291 0.05482444250135393  0.0549511079775816
0.05433500712500241 0.05472972410991531 0.05482444250135393 0.05495999482860769 0.05511077626655157
0.05436982901562941 0.05483858661178165  0.0549511079775816 0.05511077626655157 0.05529078904223678

cov.inverse():
 475370.5446129912 -578128.8024432277  -444197.688395787 -143330.5956938952   690280.738742672
-578128.8024387595  1291712.821362313  36238.39505831413 -338330.5905524578 -411435.9763713859
-444197.6883912015  36238.39505453384  1331164.860668364 -310883.7545585542  -612258.380418669
 -143330.595713482  -338330.590522824 -310883.7545447304  2136330.072747366 -1343894.196843696
 690280.7387532061 -411435.9763927725 -612258.3804316878 -1343894.196819826  1677321.884430236

cov*(cov_.inverse()):
     0.999999999992724  7.275957614183426e-12 -7.275957614183426e-12                      0 -1.455191522836685e-11
                     0                      1  7.275957614183426e-12                      0                      0
                     0 -3.637978807091713e-12                      1  1.455191522836685e-11                      0
-7.275957614183426e-12                      0                      0                      1                      0
                     0 -7.275957614183426e-12 -7.275957614183426e-12                      0                      1
