5
2

0.0005319395078169624
 0.000653446692887963
0.0008788176894033765
  0.01709705191959409
   0.5229320298224919

  0.3207074396040453  -0.1445932209454889  -0.2027649023195388  -0.6327232629053436   0.6593839591656671
  -0.392152388731499    0.524589140877168   0.5027151017052872  -0.5590291341892594  -0.0760703025561469
  0.1079933693011226  -0.6883633643750612    0.711176926500997 -0.07451633591495518 -0.05628503946559044
 -0.7306902189810609  -0.1749090491027042  0.01854411527827377   0.2841005399156855   0.5953500041450908
  0.4447386628877659   0.4466113935611126   0.4472666049527192   0.4481985035756454   0.4492398806437645

0.3941069896359185
0.3943047691354216
0.3943163112156469
0.3943430154221572
0.3943864521733669

-0.000390583770773395
   0.3941420178753449

     3.11161700087637    -0.230166899743753   -0.5526125490882818   -0.8157459224626462    -1.513194565115195
    1.614697178790934 -0.008472068023059665   -0.1032194890933941   -0.1830332304511348   -0.3198935594783701

 1.872103203398052e-07 -4.473357301319436e-07  1.910904684193386e-07 -0.0009869094076316721  -0.003146779058067045
 1.258820637720083e-07 -2.403483157431457e-07  1.069241617586224e-07 -0.0004158753444396653     0.1209842722861406

cov:
0.05424408733264129 0.05435287374917759 0.05439135473513218 0.05444804344709377 0.05450825184194761
0.05435287374917759 0.05455382129765165 0.05462320453501728 0.05472363699796145 0.05483495198172091
0.05439135473513218 0.05462320453501728 0.05470515850049215 0.05481994239832713 0.05494903847255327
0.05444804344709377 0.05472363699796145 0.05481994239832713 0.05495658790541416  0.0551097227540543
0.05450825184194761 0.05483495198172091 0.05494903847255327  0.0551097227540543 0.05529204423516514

cov.inverse():
 740573.8129213752 -741483.7904022993 -592112.7754298408 -214844.2839455613  807853.6678876174
-741483.7904021117  1332019.031062806  87355.92396379838 -297234.8892019085 -380593.7437137918
-592112.7754299756  87355.92396645482  1392040.562997787 -273364.5304249438 -613856.3522574663
-214844.2839457847 -297234.8892060338 -273364.5304188983  2154187.343111143 -1368838.916593507
 807853.6678877886 -380593.7437121357 -613856.3522609902 -1368838.916591811  1555437.118944096

cov*(cov_.inverse()):
    0.9999999999708962  3.637978807091713e-12                      0  1.455191522836685e-11 -1.455191522836685e-11
-2.182787284255028e-11      1.000000000007276  7.275957614183426e-12   2.91038304567337e-11                      0
-2.182787284255028e-11  1.091393642127514e-11      1.000000000007276  1.455191522836685e-11 -1.455191522836685e-11
-1.455191522836685e-11  1.091393642127514e-11  1.455191522836685e-11                      1                      0
-1.455191522836685e-11  7.275957614183426e-12                      0                      0     0.9999999999854481
