6
2

6.105010815943103e-05
0.0002409718465769905
0.0006358335592738551
0.0006674468902142523
  0.01969015775012227
   0.6123911539023625

   0.1374032999017938   -0.7516161203782566    0.6447664211065134 -0.002314593297866051 -0.008378924769371895  -0.01985545906567761
   -0.554131357767955    0.4420256847586297    0.6223276559718455  -0.06697113813856619   -0.1602154037953082   -0.2830298782949022
  0.06496357371180929   0.06418536926786345   0.06821256130730291   0.04128085745503915   -0.8109958066993873    0.5723536592581746
   0.1529908021210825    0.1318726534807202     0.129484874622048    -0.904181202124229    0.1953851789665696    0.2944793210733134
  -0.6943702449818018   -0.2286824032370854  -0.09607483641937653   0.09617961010002238    0.3324972416426401    0.5801025892388835
   0.4053175088189391    0.4072845463393076    0.4078417467070854    0.4086700826440061    0.4096545320909596    0.4106994678472142

0.4165610787639374
0.4165759192830424
 0.416637022940403
0.4166293278913387
0.4165542471755473
0.4165120964197761

0.0005724711966911004
   0.4168268042537646

    2.968204072623634      3.04144890665295    -4.668740485813487   0.03632340700859291   -0.5542955527342847   -0.8226773110214255
     2.23791073450207    -1.389211820214323   -0.1827902686578329 -0.009235965746927255    0.1879293748182156    0.1544306749839874

-1.814178461797467e-08 -1.676201410728279e-07  2.011046815424426e-08 -5.913593084311773e-08  -0.001149946523331804   -0.00465237896962848
 4.581272717171794e-09 -1.185225010742533e-07 -8.350584991236966e-09  1.007056949544878e-07 -0.0004138743353750593     0.1512642401403195

cov:
0.06179658305978192 0.06197017806488114 0.06201917010459378 0.06209327402202619 0.06217935037662314 0.06227157357645365
0.06197017806488114   0.062229364015345 0.06230271498122317  0.0624121131585339 0.06254156701148925  0.0626792573232558
0.06201917010459378 0.06230271498122317  0.0623830092002956 0.06250245517597031 0.06264426080088133 0.06279490021735051
0.06209327402202619  0.0624121131585339 0.06250245517597031 0.06263699406390878 0.06279622672171491 0.06296559087444227
0.06217935037662314 0.06254156701148925 0.06264426080088133 0.06279622672171491 0.06297830724135693 0.06317031555372872
0.06227157357645365  0.0626792573232558 0.06279490021735051 0.06296559087444227 0.06317031555372872 0.06338728167361668

cov.inverse():
 10417730.56892788 -31871161.35926666  17886658.58797642  249712.1366118404  1156210.394589769  2160999.112634653
-31871161.36656973  154986295.6271979 -125238076.8060144 -304196.9272338278  398988.6721538499  2027278.924207651
 17886658.59736909 -125238076.8227672  118259193.5473905 -1374028.790861142 -3246705.488705378 -6286167.132973014
 249712.1360464147 -304196.9243342166 -1374028.793279611  1918092.062904378 -289305.6672868846 -200346.1711680249
 1156210.393900465   398988.674638889 -3246705.490347365 -289305.6673304265  2173731.282040366 -192937.6923053714
  2160999.11179979  2027278.928272579 -6286167.136272591 -200346.1712087495 -192937.6921951551  2491129.624904139

cov*(cov_.inverse()):
     1.000000000058208 -1.455191522836685e-10  6.984919309616089e-10  3.637978807091713e-12 -1.637090463191271e-11 -8.731149137020111e-11
 8.731149137020111e-11      0.999999998966814   1.57160684466362e-09 -1.818989403545856e-12 -1.818989403545856e-11 -5.820766091346741e-11
-1.746229827404022e-10  3.637978807091713e-10      1.000000000058208  3.637978807091713e-12  3.637978807091713e-11 -8.731149137020111e-11
 2.619344741106033e-10  5.529727786779404e-10  5.820766091346741e-11                      1 -7.275957614183426e-12  -2.91038304567337e-11
                     0 -3.783497959375381e-10  9.313225746154785e-10 -3.637978807091713e-12     0.9999999999818101 -1.164153218269348e-10
 8.731149137020111e-11 -8.731149137020111e-11  5.820766091346741e-10  7.275957614183426e-12 -1.818989403545856e-12     0.9999999999417923
