5
2

0.0001710695924677824
0.0005751527652327001
 0.000734274163685904
   0.0207282489165007
    0.534662742828406

 -0.5015950761953323   0.8400446590232029 -0.07170090340466885  -0.1016901479536385  -0.1650619418379391
  0.1261687228197024   0.1005371640022449  -0.1240830587143395  -0.7417059903498467   0.6391004228254568
  0.1752053785336015   0.1165803211741155  -0.8778711786109542   0.3746410939052709   0.2114198395835017
  -0.710211832791803  -0.2675995954146534   0.0920249594859936   0.3130559474969956    0.563486459167194
  0.4442815107722239   0.4461129170398795   0.4475890700037967   0.4485213062748976   0.4495440653225401

 0.401387983192891
0.4015055131276588
0.4016139902485576
0.4016107745817784
0.4016249702207195

-9.269059223941954e-05
    0.4015619382222095

   3.531855371342257   -1.762599415040417   -0.232364830977674  -0.4961298388186246   -1.040726521530361
   1.447637695445967  -0.1856542643447956 -0.05494118836373982 -0.09944083280922816  -0.1074444823990607

-8.818442445800617e-08  2.950324759976418e-11  1.139787529383337e-07  -0.001202975656000605  -0.003305025162235904
-2.488384455712776e-08  5.818346519833102e-08  1.187502333972808e-07 -0.0004619614904207208     0.1265928270360615

cov:
0.05664236815290993 0.05673987508988634 0.05681752341353372 0.05686856674618515 0.05692208575475045
0.05673987508988634 0.05692256843280116 0.05706937795917041 0.05716290792424284 0.05726457844339121
0.05681752341353372 0.05706937795917041 0.05727295249114521 0.05740040388876716 0.05754118821562826
0.05686856674618515 0.05716290792424284 0.05740040388876716  0.0575500666828953 0.05771451423233634
0.05692208575475045 0.05726457844339121 0.05754118821562826 0.05771451423233634 0.05790685233624323

cov.inverse():
 8703507.141766617 -14321587.20385164  896193.5495404275  1581293.544626399  3140668.783436873
-14321587.20390273   24169366.9414719 -2285757.514621087 -3063616.937964012 -4498493.994063056
 896193.5496929071 -2285757.514868231  1651607.688149089 -82570.52901629126  -179429.826119406
 1581293.544509107 -3063616.937758932 -82570.52906094765  2276927.347754864  -712080.558549169
 3140668.783452792 -4498493.994072106  -179429.826169414 -712080.5585060337   2249369.94594252

cov*(cov_.inverse()):
                     1                      0 -7.275957614183426e-12 -7.275957614183426e-12   2.91038304567337e-11
 1.164153218269348e-10     0.9999999997380655  3.637978807091713e-12  2.182787284255028e-11   1.01863406598568e-10
                     0 -2.037268131971359e-10      1.000000000009095 -7.275957614183426e-12  5.820766091346741e-11
-5.820766091346741e-11 -1.455191522836685e-10 -3.637978807091713e-12     0.9999999999854481  4.365574568510056e-11
                     0 -1.746229827404022e-10                      0 -1.455191522836685e-11      1.000000000029104
