5
2

7.906271459437456e-05
0.0001920651815339415
0.0007748972124161573
  0.02080852660829869
   0.5224168409151539

 -0.3452602327385232    0.795511493423826  -0.4962399801721246 0.005029232811989881  0.04095637210527915
 -0.6147820707541782   0.1956570914686372   0.7202622649944266 -0.05148215213122077  -0.2496661083813216
  0.1771335259749102   0.1691254302438076   0.1691683968185849  -0.8816476750145428   0.3661963045687724
 -0.5223393367617745  -0.3179775667660779  -0.0809816804978198   0.1402080711950832   0.7744905089801283
  0.4456721983874592   0.4462808782224467   0.4469811770594442   0.4476196697448264   0.4495043135828367

 0.393944605143405
0.3940477092433018
0.3941235945575343
0.3942588717966091
0.3943625559076334

-0.0004789397536961728
    0.3940647844789402

   1.939080786917516    4.348263206094658   -5.199516503376879 -0.05645070369333625    -1.03144398666521
   1.552379230075959 -0.04932087409027178  -0.3837918220880271  0.04785049073718389  -0.1670355945069338

 3.330039878044713e-08  -1.41135093847648e-07 -7.725418225629386e-08  -0.001204245585216176  -0.002252090642356023
-2.446343565442531e-09 -4.431169718370785e-08  5.905967601144283e-08 -0.0003839642506329789      0.121347909706217

cov:
0.05432642564528477 0.05435421870034498 0.05438578733374066 0.05441332696059266 0.05449924238402334
0.05435421870034498 0.05440022875033343 0.05445289138232087 0.05450009517675982 0.05464243812671481
0.05438578733374066 0.05445289138232087 0.05453002848114519 0.05460003334381614 0.05480782118682548
0.05441332696059266 0.05450009517675982 0.05460003334381614 0.05469202028157841 0.05496010269943803
0.05449924238402334 0.05464243812671481 0.05480782118682548 0.05496010269943803 0.05540429089867246

cov.inverse():
 29368621.16159876 -47149429.55198247  15455423.18465282  319955.4972851327  2005789.168488858
-47149429.55370054  102325001.5842436 -59285180.46007532  118553.8927192607  3990601.695491565
 15455423.18688513 -59285180.46264735   53505776.9672512 -1652860.053502394 -8023128.536313546
 319955.4972338763  118553.8926747789 -1652860.053367889  1370440.334293049 -156040.0659434085
 2005789.168025889  3990601.696390027 -8023128.536787811 -156040.0659046402   2182808.83964134

cov*(cov_.inverse()):
     1.000000000130967  -2.91038304567337e-10 -2.328306436538696e-10 -5.456968210637569e-12 -5.820766091346741e-11
 7.275957614183426e-11     0.9999999989813659   2.91038304567337e-10    1.2732925824821e-11  1.455191522836685e-11
-1.600710675120354e-10 -1.455191522836685e-10     0.9999999995343387 -1.818989403545856e-12                      0
-1.309672370553017e-10 -5.820766091346741e-10 -3.492459654808044e-10      1.000000000009095 -1.455191522836685e-11
 7.275957614183426e-11  7.275957614183426e-10 -2.328306436538696e-10 -3.637978807091713e-12     0.9999999999854481
