5
2

0.0001015672164626476
0.0003208148198948764
0.0007931470880731509
  0.01480226479660572
   0.5189792362451905

 -0.4733653970120584   0.8063447205196697  -0.3542548344854563 0.008298597253539968  0.01296295217063008
  0.3965648976210569  -0.1326072813820421  -0.8142604877395395   0.2019786729692749   0.3483332666728847
 0.08144144914272361  0.07870396503917168  0.07243671521095583  -0.8072724852538011    0.574662538443428
 -0.6428576852219074  -0.3559588654802947  0.07799670576291201   0.3268428971711703   0.5891667990442115
  0.4458281841686118   0.4464554542030085   0.4473844057736371   0.4479069145147254   0.4484878448896605

0.4000338174670059
0.4000636896093125
0.4001239850793495
0.4000955655784727
0.4000507249770597

0.0005020930290143629
   0.4002808736821182

   3.130691863315985    3.230689397203135   -5.762439340129408  -0.1678606118252184  -0.4309972303678635
   1.422002429800443   0.4266762263386578  -0.8079381377369418 0.003710399185777952 -0.04443958694722083

 3.257224759730798e-08  5.476694703616391e-07 -1.279851529859518e-08 -0.0008590806899878007  -0.002262148857595311
-4.477916160188078e-10  1.184096276828106e-07  3.921296187057631e-08 -0.0002528518285102551     0.1197841580289158

cov:
0.05362522679370142 0.05366010980599872 0.05371051035609219 0.05373819623919281 0.05377108105704539
0.05366010980599872 0.05371317941898088 0.05379103784938876 0.05383440582057719 0.05388386858415101
0.05371051035609219 0.05379103784938876 0.05391045212653851 0.05397753963552328 0.05405207444833212
0.05373819623919281 0.05383440582057719 0.05397753963552328  0.0540588632438347 0.05414703329763838
0.05377108105704539 0.05388386858415101 0.05405207444833212 0.05414703329763838 0.05425157543404598

cov.inverse():
 23261722.45550542 -37500427.28374793    13127439.471835  291969.5285195525  819985.6343222223
-37500427.28277487  63209405.45473602 -26632364.21205711  286900.3791779532  635390.7099577247
 13127439.46962269 -26632364.20902174  18615673.29896395 -1975755.354157611 -3134586.699458535
 291969.5293259157  286900.3778313074  -1975755.35361124  1439471.145131012 -42546.89428320534
  819985.634755133  635390.7092420049 -3134586.699181779 -42546.89427713994  1721735.774018179

cov*(cov_.inverse()):
      1.00000000007276 -3.856257535517216e-10  1.164153218269348e-10                      0                      0
-2.764863893389702e-10      1.000000000145519 -1.455191522836685e-10   2.91038304567337e-11   2.91038304567337e-11
-1.455191522836685e-10 -7.275957614183426e-11      1.000000000058208 -4.092726157978177e-12                      0
 1.600710675120354e-10 -2.764863893389702e-10  1.164153218269348e-10      1.000000000007731                      0
 8.731149137020111e-11  2.764863893389702e-10                      0 -6.366462912410498e-12     0.9999999999854481
