7
2

8.313247128104527e-05
0.0001045958976829176
0.0002505754895923053
0.0007109002412637345
0.0007882169017590072
  0.01934033933126466
   0.6126293089789103

 -0.1001662294319582  -0.1124507635469761   0.7783550003623033  -0.6088069853283899 0.003962928527662775  0.01413007976468436  0.02497471378757509
 -0.4247805025345536   0.8397756049276193  -0.1643965182395857  -0.2940713018532014 0.008556658476987451 0.008743118756625418   0.0261658885215823
  0.5708483163034175 -0.02348983370848394   -0.427748130213548  -0.6211489021477378  0.07795776626807818   0.1447225934761033   0.2788619076916328
-0.07367363499051365 -0.07765544932035401 -0.08799947758262984 -0.09430963711829787   0.2762893649449497   0.6972365382432569  -0.6398663982010727
 0.08086893916999377  0.07934996465374428   0.0685658130851685  0.06899015733730883  -0.8650695295513082   0.4686525721291392  0.09860203310344096
 -0.5743504441090028  -0.3564269187972325  -0.1708058727227647 -0.02410176609937783   0.1612840832658513   0.3598480278414495   0.5981828474359001
  0.3765825652602967   0.3771114592736682   0.3775566055111247   0.3779091435920275   0.3783384804866834   0.3788332652918996   0.3794121228192651

0.3978690173440577
0.3979062143619335
0.3979977100999401
0.3979777214725274
0.3979648120754296
0.3979169532205779
0.3979040210527106

0.0003794850553321937
   0.3981016797044734

   2.140645324102177    1.986640790961236    2.888282564537942   -5.591863933805484  -0.1285343762564286  -0.4488158809609365   -0.846360337345466
   1.197373743892559   0.6887970300949989   -0.249398095945731   -0.421213549456021 -0.04168479523084917  -0.1276849535930959 -0.04632906556788785

 3.584509303834469e-08  2.080234431950309e-08  1.947842386993701e-07  7.799553078746302e-08 -2.459977216969902e-08  -0.001116404143585201  -0.002697346321235522
 -9.55108991804131e-10   2.53810220045285e-09  6.285130346793241e-08 -7.627767819956921e-08  4.782585200675584e-08 -0.0003594050245234177     0.1409685278584097

cov:
0.05334845536662233 0.05337636292873359 0.05339939004191444 0.05341769440589206 0.05343851069831411 0.05346583730567679 0.05349648450792731
0.05337636292873359  0.0534221789833921 0.05346042632480179 0.05349076466247404 0.05352675590588404 0.05357036187808473 0.05362054988734096
0.05339939004191444 0.05346042632480179 0.05351166285356837 0.05355224377277143 0.05360116535240282 0.05365862777349988 0.05372546633235632
0.05341769440589206 0.05349076466247404 0.05355224377277143 0.05360093750041778 0.05366007261831692 0.05372849470048813 0.05380849075874521
0.05343851069831411 0.05352675590588404 0.05360116535240282 0.05366007261831692 0.05373277793911176 0.05381435666813884 0.05391094324274521
0.05346583730567679 0.05357036187808473 0.05365862777349988 0.05372849470048813 0.05381435666813884 0.05391197012167679 0.05402577541288112
0.05349648450792731 0.05362054988734096 0.05372546633235632 0.05380849075874521 0.05391094324274521 0.05402577541288112 0.05416194348505921

cov.inverse():
 23156900.41159697 -31167610.21500781  -8765144.64288619  14617310.20843661  165972.8449420197  730309.1019409797  1262592.216536051
-31167610.21800477  66321934.70514773  -25101390.9734624 -12411101.41097641  410067.6713844776  339440.9695948723  1608137.333361657
-8765144.638387723 -25101390.97848467  93069909.11522841 -59892543.72672977 -356996.9353858511  404243.3150756548  641860.4873573283
 14617310.20748409 -12411101.41035922  -59892543.7260876  67705927.30872478 -1497952.676489557 -2989567.467658702 -5531814.176694729
 165972.8450662576  410067.6709624422 -356996.9350526335 -1497952.676482495  1461384.181972964 -76583.81717659801 -105825.5555971243
 730309.1016919597  339440.9702143875  404243.3148018677 -2989567.467811628  -76583.8171621798  1685246.367140516 -93092.37739014803
 1262592.216111868  1608137.334572305  641860.4861318818 -5531814.176242021  -105825.555569063 -93092.37743194312   2218096.33491685

cov*(cov_.inverse()):
    0.9999999999126885 -2.473825588822365e-10  1.964508555829525e-10  3.492459654808044e-10  6.366462912410498e-12 -1.546140993013978e-11  5.820766091346741e-11
-7.275957614183426e-11     0.9999999995779945  2.328306436538696e-10                      0  2.637534635141492e-11  2.728484105318785e-12  4.365574568510056e-11
 1.600710675120354e-10 -4.220055416226387e-10      1.000000000145519  1.164153218269348e-10  6.366462912410498e-12  3.001332515850663e-11  7.275957614183426e-11
-1.455191522836685e-11 -2.619344741106033e-10  8.003553375601768e-11      0.999999999650754  1.182343112304807e-11  1.637090463191271e-11   2.91038304567337e-11
 1.164153218269348e-10  -6.83940015733242e-10 -1.891748979687691e-10 -4.074536263942719e-10      0.999999999996362  2.091837814077735e-11  1.455191522836685e-11
 8.731149137020111e-11 -1.455191522836685e-11  9.022187441587448e-10 -8.149072527885437e-10  1.637090463191271e-11       1.00000000001728                      0
 1.455191522836685e-11 -1.309672370553017e-10 -2.983142621815205e-10 -1.164153218269348e-10                      0  4.547473508864641e-12      1.000000000029104
