5
2

9.239122695873275e-05
0.0003946899727976996
0.0004168218880272968
  0.01987286103697555
   0.5707041004467103

 0.6042337788554616 -0.7888210765723749 0.05265319965173319 0.04162402632141306  0.0903212635234753
 0.1212155579562279  0.1175808988345147 -0.1293150926965606 -0.7435025915192726  0.6340055393635246
-0.1683118966332617 -0.1148841516235488  0.8766857088363879  -0.379988436854882 -0.2133159462770554
-0.6270966909113929 -0.3893361233852465  0.1084101191616679  0.3167890713072387  0.5857124325460231
 0.4456783309732533  0.4462679196598746  0.4474088302131597  0.4480232237214954  0.4486828488329303

0.4251343611552197
0.4250143373177319
0.4247616914739786
0.4246465073907347
0.4244612751957641

0.001862392799372576
  0.4256277438234572

   5.123682112582001   -2.937530659707476   -0.751498583885276 -0.05971554026471049    -1.37558055441916
   8.357716312781696   -8.983340273217996   0.6147027059534588   0.4212022769035524   0.5961541075862857

 4.478732200671561e-08  -7.08604185470214e-08  -1.50738031716825e-07  -0.001175092010884264   -0.00247275710093474
 1.044823924693009e-07 -9.015667481850709e-09 -2.136656209381878e-08 -0.0004716696594955549     0.1456194204118859

cov:
0.06484946879758528 0.06487616028929036 0.06491847255661108 0.06495607523890133 0.06498524557459305
0.06487616028929036 0.06492530752518536 0.06501457605754549 0.06507185209572199 0.06512640090245732
0.06491847255661108 0.06501457605754549 0.06520229949363862 0.06530057302752133 0.06540820670242189
0.06495607523890133 0.06507185209572199 0.06530057302752133 0.06541645124214285 0.06554617983070472
0.06498524557459305 0.06512640090245732 0.06540820670242189 0.06554617983070472 0.06570491187073108

cov.inverse():
 43029283.63856331 -55633589.81004892   2776989.02391877  2735451.721084729  7092477.771872304
-55633589.80830514  73059730.45047897 -5543071.803030449 -4156693.633322253 -7727535.280825542
 2776989.021701571 -5543071.800302926  4855867.318548423 -1043375.772717118 -1045390.253811793
 2735451.718695342 -4156693.630296312 -1043375.772827283    4582861.5661921   -2118521.0066915
 7092477.774734675 -7727535.284834697 -1045390.253191299 -2118521.006165084  3798790.752908616

cov*(cov_.inverse()):
     1.000000000174623  1.164153218269348e-10                      0  8.731149137020111e-11 -1.455191522836685e-10
                     0       1.00000000098953 -8.731149137020111e-11 -8.731149137020111e-11 -1.164153218269348e-10
-2.328306436538696e-10  9.895302355289459e-10     0.9999999999854481  5.820766091346741e-11 -1.746229827404022e-10
 4.656612873077393e-10 -2.328306436538696e-10   2.91038304567337e-11      1.000000000029104 -1.455191522836685e-10
 6.402842700481415e-10  5.238689482212067e-10                      0                      0     0.9999999999417923
