6
2

0.0001824210793095725
 0.000535807059788331
0.0007085497975293501
0.0008667778650228315
  0.02088116195625673
   0.5689236849790524

 -0.4595390695554816   0.8613251579911838  -0.0487723653087179 -0.08402619927625082  -0.1088073530359503   -0.160201841144962
  0.1605451344746152    0.100496063487393 -0.07908319479249508  -0.1155688910165341  -0.7195920826746313   0.6532248581481519
  0.2867897800675629   0.1631516061832188  -0.5133237182085202  -0.6123610678905594   0.4481504475543705   0.2276115872752666
-0.09430271982517016 -0.06167231659458892   0.7468849125784371  -0.6537855074889034  0.02641231920129138  0.03651505653863903
 -0.7121304114685947  -0.2269931825247926 -0.05939290427810353   0.1010428585193222   0.3182700332448742   0.5712367125376302
  0.4059285645191215   0.4075189410174195   0.4080456779483128   0.4085978496468768   0.4092871194733964   0.4100986332875372

 0.397691606700376
0.3978197458088121
0.3978029081875296
0.3977696833604162
0.3977677546800212
0.3977313102223214

0.0003147843035570482
   0.3979159829517888

   3.261988926092421   -1.366273692130463 -0.04788109747566542  -0.3479886332179367  -0.5370349524768053  -0.9628971863849171
   1.626869989383686   -0.448567100876257 -0.01598658871905223 -0.08747259803099314  -0.1421587704796979  0.06745029239540859

-8.091580292321683e-08   5.39303662637213e-08  2.462166181172642e-07 -6.081766639241493e-08  -0.001206086947748685  -0.002931619438056683
-3.731002816246712e-08   1.07324495026046e-07  2.042311698324063e-07 -6.145493521809417e-08 -0.0004671225675210789     0.1310254212785664

cov:
0.05355556304743318 0.05361383966311261 0.05363085708358034 0.05365367384208054 0.05367686290683113 0.05370497068561681
0.05361383966311261 0.05377562405574335 0.05382839017247454 0.05388539918773051 0.05395485350634335 0.05403687731714282
0.05363085708358034 0.05382839017247454 0.05389425165465712 0.05396226478037047 0.05404779596790247 0.05414845614020138
0.05365367384208054 0.05388539918773051 0.05396226478037047 0.05404307897676321 0.05414316702571514  0.0542616541970312
0.05367686290683113 0.05395485350634335 0.05404779596790247 0.05414316702571514 0.05426500075327824 0.05440727869874264
0.05370497068561681 0.05403687731714282 0.05414845614020138  0.0542616541970312 0.05440727869874264 0.05457823748025091

cov.inverse():
 6612530.921414178 -11736806.59424508  242404.2137592509  827806.0985031895  1352317.328624004  2702079.758541733
-11736806.59416435  22387186.56286282 -1518161.308384255 -2360704.712949262 -2924866.597184607 -3847191.544820743
 242404.2138386254 -1518161.308538068  1360625.502425315  131153.8539921549 -74312.29349806262 -141647.6773204927
 827806.0983367723 -2360704.712652992   131153.853959327  1574559.836335097 -5120.938674383419 -167714.7421820019
 1352317.328480645 -2924866.596942219 -74312.29351971777  -5120.93866555562  2560637.280094527  -908623.049778805
 2702079.758691416 -3847191.545124885 -141647.6773404508  -167714.742093793  -908623.049692594  2363255.010483043

cov*(cov_.inverse()):
     1.000000000087311 -8.731149137020111e-11  1.818989403545856e-12  2.728484105318785e-11  -2.91038304567337e-11  -2.91038304567337e-11
 5.820766091346741e-11      1.000000000116415  9.094947017729282e-12  3.637978807091713e-12 -1.455191522836685e-11  -2.91038304567337e-11
 5.820766091346741e-11  8.731149137020111e-11      0.999999999992724  1.818989403545856e-11 -2.182787284255028e-11                      0
 8.731149137020111e-11  2.619344741106033e-10 -1.364242052659392e-11      1.000000000005457 -3.637978807091713e-11  -2.91038304567337e-11
  2.91038304567337e-11   2.91038304567337e-11  -2.91038304567337e-11    1.2732925824821e-11     0.9999999999854481 -4.365574568510056e-11
                     0  5.820766091346741e-11 -6.366462912410498e-12  3.637978807091713e-12                      0     0.9999999999854481
