5
2

0.0001671078319120618
0.0003625159248113535
0.0004173211357739602
  0.02257905160885287
   0.5700965048723818

   0.5139100016194984   -0.8358284993105485   0.07263701790587958    0.1030006978932103    0.1462940526439011
   0.2670889181677475    0.1654285868915513   -0.6814046394305604   -0.3262474866072794    0.5749323327801176
  0.09703653041222524    0.0464767416562448   -0.5749007420399291    0.7470804626142241   -0.3158856492983363
  -0.6757264505813906   -0.2691383705665111 -0.001830236792112209    0.3521557767701831    0.5890171988950347
   0.4455756902902833    0.4465742405839855    0.4470988347417968    0.4481188737192962    0.4486935021350895

0.4222035689575542
0.4220328654785851
0.4219418946405037
 0.421679426914328
0.4214951437757076

0.001817246876192427
  0.4226321999022729

    2.300994129962842 -0.005215034685222884    -0.367757417316712   -0.2939336764487128    -1.634631178710546
    6.217061536721138    -8.389405458142422     1.221503424280305    0.7765861239157885     1.180975064205213

 2.487387687914859e-08   2.67983670309445e-09  1.273481705521428e-07  -0.001335253881218924  -0.002161765635927365
 2.945699222016194e-07 -1.761732728379765e-08 -4.906943413941664e-08 -0.0004977125024162964     0.1455104360661674

cov:
0.06475954388771092 0.06476405935613579 0.06474791590704071  0.0647737234517969 0.06477535599426681
0.06476405935613579 0.06485323082282034 0.06489264890021493 0.06499214563716638 0.06504305796886524
0.06474791590704071 0.06489264890021493  0.0649687689883446  0.0651164980876545 0.06519980306920047
 0.0647737234517969 0.06499214563716638  0.0651164980876545 0.06532876906745951 0.06545480756120257
0.06477535599426681 0.06504305796886524 0.06519980306920047 0.06545480756120257 0.06560985917267911

cov.inverse():
 10055376.11369111 -15019458.64487649 -368428.3717563982  1648280.162375309  3683966.882040434
-15019458.64445476  25238104.67103112 -3185282.221203559 -3294424.644915171 -3739636.435746349
-368428.3722466785 -3185282.220397926  5619816.604272585 -506629.4117070278 -1557754.146175959
  1648280.16207109 -3294424.644674123 -506629.4114060946  4394824.300439851 -2242326.442882423
 3683966.882413068 -3739636.436371064 -1557754.146161553 -2242326.442644755  3855280.833950789

cov*(cov_.inverse()):
     1.000000000174623 -3.783497959375381e-10 -1.455191522836685e-11   2.91038304567337e-11  5.820766091346741e-11
 -2.91038304567337e-11      1.000000000029104   2.91038304567337e-11   2.91038304567337e-11                      0
-1.164153218269348e-10   2.91038304567337e-11      1.000000000029104 -5.820766091346741e-11                      0
-5.820766091346741e-11  -2.91038304567337e-11   2.91038304567337e-11                      1                      0
  2.91038304567337e-11 -5.820766091346741e-11 -1.455191522836685e-11                      0      1.000000000029104
