5
2

7.901126152021424e-05
0.0001151357163766353
0.0001560739333531658
 0.008704932179770562
   0.5736711063250959

0.03095900482830936 0.04366618552907237  0.3060851852365051 -0.8349389542844224  0.4542285837092944
 -0.246119636384054 -0.1965296229807501  0.8382360423979548 0.04707239664764156 -0.4426576087407586
 0.6176687114223329 -0.7800865536528371 0.03940375664018941 0.04110716290509876  0.0819016291684655
-0.5978550052720861 -0.3889063439273721 0.04564142591050561  0.3141950305755081  0.6249156673717422
 0.4466782065505437  0.4468626142288806  0.4472542909880745  0.4474961631252628  0.4477757999024105

0.4011964871736441
0.4013985547868815
0.4014269824037925
0.4014453844314274
0.4014658098725262

-0.0004434436933241533
    0.4013291080078295

-0.07781037445685075    1.678993205936146    6.355143816711461    4.279281496290261   -12.23565540579867
  0.8443280947730436    0.217697716393491    1.064135935644643   0.6368651663547278   -1.763227168909814

-4.441488847934481e-08  1.409658737923871e-07 -4.710108065726097e-08 -0.0005014934594861101  -0.001967976185757133
-6.063548526760972e-09  1.924661909048479e-08  6.708281095389211e-09 -0.0001093179862219073     0.1467211968476748

cov:
0.06568930244457023 0.06570692340019738 0.06574482303318394   0.065768214625328 0.06579524744546121
0.06570692340019738 0.06572791151035849 0.06577268802091671 0.06580034570263744 0.06583231360581841
0.06574482303318394 0.06577268802091671 0.06583185488763162 0.06586837405229946 0.06591060568811255
  0.065768214625328 0.06580034570263744 0.06586837405229946  0.0659103939278958 0.06595896690415634
0.06579524744546121 0.06583231360581841 0.06591060568811255 0.06595896690415634 0.06601489516414304

cov.inverse():
 20389904.23942785 -15912065.81981081 -13046246.19493234 -3974697.329155031  12542960.62331024
-15912065.81948323  28202930.88350735 -11548379.86463347 -7856039.605948578  7113714.022090252
-13046246.20240821 -11548379.86408059  68075682.60469173 -37894054.53839822 -5586909.152158082
-3974697.316276497 -7856039.605698304 -37894054.56600927  111906524.9784828 -62181742.80693546
 12542960.61757993  7113714.021614741 -5586909.131470062 -62181742.82141763  48111893.89572848

cov*(cov_.inverse()):
     1.000000000465661 -5.820766091346741e-11  -2.91038304567337e-10 -4.656612873077393e-10  4.656612873077393e-10
 4.656612873077393e-10                      1  2.328306436538696e-10 -4.656612873077393e-10                      0
 2.328306436538696e-10  1.164153218269348e-10      1.000000000640284  4.656612873077393e-10                      0
 3.492459654808044e-10                      0 -5.820766091346741e-10      1.000000001862645 -4.656612873077393e-10
 2.328306436538696e-10  1.746229827404022e-10  3.492459654808044e-10                      0                      1
