7
2

5.242641304234538e-05
8.940847201171083e-05
 0.000230511146657458
0.0004737144350040134
 0.000627626161551406
  0.02412369802262338
   0.6238993294398807

-0.002555076573455895   -0.4103124926185385    0.8108067065797265   -0.4172172707813644  0.006048184142113566  0.002427217643481092   0.01081164164438229
  -0.5365749828721703    0.7226746138627005    0.1548213246523032     -0.40546105714762   0.01707416744571697    0.0191596217160904   0.02831537577887629
   0.4774076264998792   0.01292891572949321   -0.3653245944294135   -0.7150087140951292    0.1808186744696937    0.1311224747288928    0.2780769396314968
 -0.05857194243476319  -0.06935994146117561  -0.06862925169880613  -0.07456606152846822     0.155681464416766    0.7471701061290932   -0.6316554191197963
   0.1250734611677816   0.08461069317807757   0.04568855365455247  0.000252387602937475   -0.8764004810582907    0.3951694946421122    0.2255513679452736
  -0.5695146910643418    -0.394787741624274   -0.1902924208495376   0.04135549955892443    0.1765185535121049    0.3519125082921433    0.5717280469961861
   0.3751555557792032    0.3760196433715277    0.3770307137975197    0.3781840561041354    0.3788181330684738    0.3796964625197963    0.3808144111469156

0.4074316399010515
0.4073663600249253
0.4072524815594717
 0.407103886147394
0.4071273277322318
0.4069178396307586
0.4067805696325449

0.001755898531086354
  0.4078448215150233

  0.8195652777270412    2.315925705861146    2.762546006827252     -5.2312915706538  -0.2571049020006906 -0.07691288547773684  -0.3327786403894001
  0.2161479463906512    3.320328208272217   -2.135420051323732  -0.6680254888483896  -0.4015608577224256   0.6027301360862067  0.06631421119139727

 9.523072668891033e-09  3.011614261630065e-08  1.595809678342135e-07  2.346321857375007e-08  2.139858018955265e-07  -0.001388421295886828  -0.004614484641457068
-7.739511668780956e-09  1.782919125801176e-08   7.59170086245435e-08  6.717461554839062e-08  3.211596521410867e-07 -0.0005098241530122236      0.145514078134961

cov:
0.05497253175088433 0.05504078507509014 0.05512064600624483 0.05521228409226463 0.05526005550627364 0.05533024013190136 0.05542065338694194
0.05504078507509014 0.05512712103170659 0.05522811856674514 0.05534370429860533 0.05540542783032396 0.05549372198634983 0.05560686522473538
0.05512064600624483 0.05522811856674514  0.0553538651916741 0.05549747861533803 0.05557553196931842 0.05568502642150744 0.05582476855229155
0.05521228409226463 0.05534370429860533 0.05549747861533803 0.05567285182133313 0.05576940633684224 0.05590291702089863 0.05607279604301986
0.05526005550627364 0.05540542783032396 0.05557553196931842 0.05576940633684224 0.05587710826651619 0.05602422105598209 0.05621166073599211
0.05533024013190136 0.05549372198634983 0.05568502642150744 0.05590291702089863 0.05602422105598209  0.0561902523328064 0.05640024265715826
0.05542065338694194 0.05560686522473538 0.05582476855229155 0.05607279604301986 0.05621166073599211 0.05640024265715826 0.05663927788465565

cov.inverse():
 40363981.71766619 -47965328.78859498 -14395591.80958903  21199057.53105526  153836.0339190553 -180102.1248100477   823702.408531493
-47965328.79133871  126628630.0414086 -107102138.4614147   25478014.2817204  448178.5774885132   1255360.81248248  1256756.370475768
-14395591.80735886 -107102138.4708206  244721826.6283963 -125991691.6754961  722366.2746978396  2795.966983293912  2045069.878069789
 21199057.53329198  25478014.28820721 -125991691.6866971  93543926.87154984 -4269559.866232441 -3352671.438184902 -6609196.155660607
 153836.0338284392  448178.5787556726  722366.2723654857  -4269559.86500748  2723017.101631715  131736.2151073909  90704.93838177771
 -180102.125711094  1255360.812916667  2795.968418406943 -3352671.439077628  131736.2150785674  3256022.480782035 -1112890.141474608
 823702.4077999494  1256756.368949742  2045069.882992229 -6609196.158470086  90704.93847977101 -1112890.141427923  3505795.869228376

cov*(cov_.inverse()):
    0.9999999998399289 -8.440110832452774e-10 -8.731149137020111e-11  5.820766091346741e-10 -2.091837814077735e-11                      0                      0
 5.820766091346741e-11      1.000000000509317  1.324224285781384e-09  1.047737896442413e-09  2.728484105318785e-12   2.91038304567337e-11  -2.91038304567337e-11
 -3.41970007866621e-10 -7.421476766467094e-10      1.000000002139132  5.238689482212067e-10  3.637978807091713e-12  7.275957614183426e-12                      0
-2.328306436538696e-10 -8.585629984736443e-10 -1.746229827404022e-10      1.000000001338776 -2.000888343900442e-11  4.365574568510056e-11                      0
-4.729372449219227e-10  2.182787284255028e-10 -1.033185981214046e-09  1.280568540096283e-09     0.9999999999790816                      0  -2.91038304567337e-11
-4.583853296935558e-10  3.055902197957039e-10  2.430169843137264e-09  4.074536263942719e-10  1.818989403545856e-12      1.000000000007276                      0
 4.511093720793724e-10 -3.055902197957039e-10  4.220055416226387e-10   2.91038304567337e-10  1.818989403545856e-12  1.455191522836685e-11     0.9999999999708962
