5
2

0.0001288186075919454
0.0006356171661850712
0.0007790300868490047
  0.02032978509710019
   0.5202612975984845

 0.6200953672401555 -0.7785453627618155 0.03182182306159652 0.05074792797496745  0.0759004152337419
 0.1311614872814688  0.1158858019438916 -0.2396432323280807 -0.6789437708343911  0.6715456964395364
-0.1279207436405695 -0.1113402062964284   0.851514317973136 -0.4775110475765594 -0.1347078599688751
 -0.619540652608998 -0.4114654015027301  0.1268764012107942  0.3277442749563388  0.5686401957126805
 0.4450663578531531  0.4457994850355491   0.447642980374906  0.4483602274144153  0.4491855127264617

0.3985538244936652
0.3986125888408213
0.3987082030750473
0.3986955008892537
0.3987038812225835

0.0001114522175319075
   0.3987510823824961

   3.491905316043201  -0.9775152663814756  -0.3558905741600317  -0.7661543957589322   -1.392242324484025
   1.340558280038401  0.02460396864845171 -0.06779332677430522  -0.1101964923084684  -0.1871126876307957

 4.597393740742779e-08  6.153679905399123e-09  -5.31045830530991e-08  -0.001177535709957036  -0.002665137619707051
 1.311221901072112e-08  5.821351426698611e-08 -9.353721247839775e-08 -0.0004098993099852351     0.1201248532317229

cov:
0.05377443389577204 0.05380945601182851 0.05389360518245517 0.05392865634231049 0.05396643822427002
0.05380945601182851 0.05386255028872584 0.05399335441960902 0.05404581094825873 0.05410446758375311
0.05389360518245517 0.05399335441960902 0.05424548232918235 0.05434227594665695 0.05445494961858544
0.05392865634231049 0.05404581094825873 0.05434227594665695  0.0544570345289745 0.05458935111926461
0.05396643822427002 0.05410446758375311 0.05445494961858544 0.05458935111926461 0.05474664438959003

cov.inverse():
 23242274.44336046 -29031070.83097157  931648.7600101173  1776095.839013599  3081815.497041397
-29031070.83106136  36580795.01951721 -1718056.724852922 -2488390.132130056 -3344216.887364514
 931648.7601228987 -1718056.724988613  1397955.681589118 -169845.8372214927 -441617.0764616427
 1776095.839172632 -2488390.132324742 -169845.8372173402  1672146.785234232 -789984.5751409342
 3081815.496859383 -3344216.887123938 -441617.0764887072 -789984.5751724388  1494090.650639425

cov*(cov_.inverse()):
     1.000000000261934 -3.201421350240707e-10                      0 -1.455191522836685e-11                      0
 1.455191522836685e-10      0.999999999825377  3.637978807091713e-12  7.275957614183426e-12  1.455191522836685e-11
 1.164153218269348e-10 -2.619344741106033e-10      1.000000000014552  7.275957614183426e-12                      0
 5.820766091346741e-11  -2.91038304567337e-11  1.455191522836685e-11                      1  -2.91038304567337e-11
                     0 -1.164153218269348e-10  3.637978807091713e-12  7.275957614183426e-12     0.9999999999854481
