5
2

2.592827082903691e-05
5.117671641427739e-05
8.968288792674451e-05
  0.02328848715804037
   0.5200599529956346

0.004382274344398968  0.02647656162635152  -0.4502708617194502    0.804930046464314  -0.3855172612755464
-0.09971163386283416   0.5425709976147085  -0.6852759819221669  -0.1923933442619398    0.434805625888283
  0.6651332311068331  -0.5815152710884318  -0.3533050857680274 -0.03581099578527169    0.305501003794825
 -0.5913849570711186  -0.4101341640218861   0.0514071962327837   0.3355437939987521   0.6056578758147761
  0.4448595319551437   0.4455846285778299   0.4474212737822876   0.4485536269750303   0.4496311633977216

0.3993521494074088
0.3994349139206796
0.3995347383257325
0.3995756124995161
0.3996104006633552

-0.0002430874508177858
    0.3995002792099933

-0.0194578865122169  0.2969201106939871   3.075854370780232   1.782218452352388   -5.13550628648006
 0.7337615034467135  0.4214714402216868  0.1362338354508356  0.4976596029812839 -0.7890759619091064

 1.369556443568085e-09 -1.183971299261475e-08 -2.336534420979715e-08  -0.001336628588686729  -0.002654161726114331
 4.422334710251089e-10 -9.865597911814648e-10 -5.152375787510638e-10 -0.0004939298242615151     0.1199797476943945

cov:
0.05371418512050331  0.0537432859429719 0.05381623383897153 0.05386134369815742 0.05390435579037655
 0.0537432859429719 0.05379035986601401 0.05390903403914164 0.05398229483323733  0.0540520686192437
0.05381623383897153 0.05390903403914164 0.05414415747666455 0.05428910404019906 0.05442702666436497
0.05386134369815742 0.05398229483323733 0.05428910404019906 0.05447818606790294   0.054658064633592
0.05390435579037655  0.0540520686192437 0.05442702666436497   0.054658064633592 0.05487783114719891

cov.inverse():
 58829879.72202511 -68573040.23590052 -6062884.972227393  9609889.667601716  6196577.615846342
-68573040.17902979   155487478.487935 -134152795.6390385 -5566863.397014763  52804154.29880736
-6062885.023932361 -134152795.8356895  496400682.7769362 -487206480.6330868  131021980.9666468
 9609889.559822818 -5566862.741470233  -487206481.601754  978053285.1093719  -494888617.110449
 6196577.718458179  52804153.89678632  131021981.6869549 -494888617.5313454  304864852.0357697

cov*(cov_.inverse()):
     1.000000000698492 -1.862645149230957e-09  5.587935447692871e-09  3.725290298461914e-09  1.862645149230957e-09
 1.164153218269348e-10     0.9999999986030161  5.587935447692871e-09 -3.725290298461914e-09                      0
 5.238689482212067e-10 -4.656612873077393e-10                      1  7.450580596923828e-09 -1.862645149230957e-09
 6.984919309616089e-10 -1.862645149230957e-09  3.725290298461914e-09     0.9999999962747097  3.725290298461914e-09
  2.91038304567337e-10                      0  1.862645149230957e-09                      0                      1
