5
2

5.913710398958415e-05
0.0002111356242657587
0.0004218066125360944
  0.02147675571225321
   0.5714265819935683

  -0.1094232753697569    0.7441675890877234    -0.658415305363528 -0.003167739937254394   0.02684021694141665
  -0.5944142609283787    0.4441516045906448    0.5911932850262115   -0.1839594231903107   -0.2570028577738593
   0.1785388222493216   0.07577368464552474   0.08051810487238242     -0.83824295446815    0.5032373413582638
   -0.635606541723297   -0.2087551528234458   -0.1033160263207969    0.2511788200281728    0.6918530258391198
   0.4458995921513048     0.446792554073836    0.4470150096987907    0.4476682317262871    0.4486877564080927

0.4227089732121744
0.4224963764894584
0.4225028473198909
0.4222072075856617
0.4218673243044909

0.002093068586095062
  0.4231714455014531

  2.059436365829801  0.9731840124321217 -0.6794758910719495 -0.7314156760278959  -1.622295506833771
  6.499758467329483    -5.5216787181495  -3.314709014749023   1.421384437537099   1.921899581581407

 3.165009598318538e-09 -2.862518002508219e-08  3.263518484617967e-08  -0.001267542678740761  -0.001945589551731974
-9.060336818304479e-09 -4.025886907324762e-07  4.463558945071337e-08 -0.0004379365701631634     0.1463211033084831

cov:
0.06510883406360403 0.06511367538024687 0.06511514942621606 0.06510632017382857 0.06512561203820409
0.06511367538024687 0.06520287048557287 0.06522517137898337 0.06528631040505772 0.06539263414529817
0.06511514942621606 0.06522517137898337 0.06525262419540603 0.06533104206878165 0.06545887207977208
0.06510632017382857 0.06528631040505772 0.06533104206878165 0.06546774159284596 0.06566762750005135
0.06512561203820409 0.06539263414529817 0.06545887207977208 0.06566762750005135 0.06595774530361447

cov.inverse():
 11529788.31799693 -29130218.50952942  12798923.01469315  1710562.198155372  3091154.406892804
-29130218.52977451   162808844.574762 -134179365.2342503 -2864034.067031281  3364704.592547391
 12798923.03792478  -134179365.270156  131836295.6033344  -2222669.56288047 -8233958.320950456
 1710562.197610454  -2864034.06322748 -2222669.566278982  4711380.980235425 -1334285.251468949
 3091154.404451005  3364704.604404844 -8233958.330226458 -1334285.251608589  3112079.578944551

cov*(cov_.inverse()):
     1.000000000174623  1.047737896442413e-09 -1.164153218269348e-10                      0  1.164153218269348e-10
 4.656612873077393e-10     0.9999999983119778  3.492459654808044e-09   2.91038304567337e-11  -2.91038304567337e-11
 2.037268131971359e-10  9.604264050722122e-10     0.9999999997671694                      0  5.820766091346741e-11
-5.820766091346741e-11  3.492459654808044e-10  8.149072527885437e-10     0.9999999999708962   2.91038304567337e-11
 8.731149137020111e-11 -5.820766091346741e-11                      0                      0                      1
