6
2

8.126528823297259e-05
0.0001166119820130053
0.0003745700116424635
0.0007938497099044297
  0.01420217583679849
   0.5665127901257891

  0.05304712048918619    0.3265370442497439   -0.8260125689456305    0.4562918303664144  -0.00249219838541384  -0.00737239258053043
   0.3731828874377614   -0.7925647868788963   -0.0235097735233589    0.4807207210842043 -0.008552997127579351  -0.02927996298706166
  -0.5114077365047933    0.1395448918865332    0.3674116524715217    0.6171448616647726   -0.2185464426886369   -0.3941670964559024
  0.06596933177661553   0.05982943069856074   0.06405987387081613    0.0700397398309049   -0.8188904108409399    0.5589970920533167
  -0.6529257666297867   -0.2754894880116355   -0.1074343550440618   0.09016239504569183    0.3382581138799384    0.6030783825807974
   0.4070855599383468    0.4077595145401266    0.4080605298687779    0.4084149249794412    0.4088496435153509    0.4093157060342343

0.3974980703732043
0.3976792475772377
0.3976788497082805
0.3976789090314238
0.3976823634584873
0.3976697801900748

-6.851278312698067e-06
    0.3976809478898195

   2.308619138396584    4.294917384481563    2.507649556566895   -8.471175373056546  -0.1826339384789187  -0.4574872507653435
   1.269700959163612   0.4957048041787196     0.34881823497022  -0.9400115705528612 -0.05575324001862797  -0.1184848628534488

-2.911021027683322e-08 -9.054776536330026e-08 -6.548872594794375e-07 -8.167076925291905e-08 -0.0008191974870175212  -0.002345804650104985
-3.214951949215112e-09  -5.10189980549842e-09 -1.365478764798915e-07  3.109976476417782e-08 -0.0002376299992892529     0.1303443069459174

cov:
0.05327123377240624 0.05330952532958002 0.05332670768038286 0.05334697152216266  0.0533711140135488 0.05339719841003131
0.05330952532958002  0.0533767751741238 0.05340682312150721 0.05344222368259057 0.05348528166715339  0.0535316064750147
0.05332670768038286 0.05340682312150721 0.05344262082923742 0.05348475708174998 0.05353623605733848 0.05359158038787368
0.05334697152216266 0.05344222368259057 0.05348475708174998 0.05353483207273114 0.05359620863012184 0.05366215940150937
 0.0533711140135488 0.05348528166715339 0.05353623605733848 0.05359620863012184 0.05367066149343803 0.05374917810261313
0.05339719841003131  0.0535316064750147 0.05359158038787368 0.05366215940150937 0.05374917810261313 0.05384311053512581

cov.inverse():
 12540566.15528252 -19629120.72742629 -8612317.309584983  14615233.51904359  455051.8439146884  630559.9500989587
-19629120.73496846  62484216.15254212 -39100286.63107562 -4836583.050968508  79704.07780653873  1002230.371350826
-8612317.294966299 -39100286.66103605  104324303.7968281 -56279396.52180309 -329226.3539789886  -2970.59840956263
 14615233.51157744 -4836583.027741601 -56279396.53717662  51243046.64923861 -1526725.513873964  -3215879.52161802
 455051.8441742791  79704.07743941179 -329226.3542740219 -1526725.513472181  1411394.644208209 -90175.59493411724
 630559.9502290128  1002230.370909234 -2970.598082638556 -3215879.521632623 -90175.59493490208  1676295.540559641

cov*(cov_.inverse()):
    0.9999999999272404  9.895302355289459e-10 -6.652669526374666e-10 -5.820766091346741e-11  1.182343112304807e-11   2.91038304567337e-11
 2.182787284255028e-11      1.000000000662112  1.140278982347809e-10 -1.455191522836685e-10 -6.366462912410498e-12   2.91038304567337e-11
-7.275957614183426e-12  6.548361852765083e-11     0.9999999997679367  8.731149137020111e-11 -1.818989403545856e-12                      0
-2.473825588822365e-10   6.83940015733242e-10 -5.548201897909166e-10      1.000000000029104 -2.728484105318785e-12   2.91038304567337e-11
-2.182787284255028e-11  2.837623469531536e-10 -4.388311936054379e-10 -2.037268131971359e-10     0.9999999999990905   2.91038304567337e-11
-2.182787284255028e-11  1.309672370553017e-10 -4.786215868080035e-11  -2.91038304567337e-11  9.094947017729282e-12      1.000000000014552
