5
2

0.0001027569656471869
0.0003171397473867507
0.0006670792293946077
  0.01577557332696869
   0.5077137328627283

-0.5009673802091075  0.8003983297739563 -0.3285544509968348 0.01122268387428252 0.01789474107975515
 0.3781295927827842 -0.1119055007651514 -0.8229086782351592  0.1996851273302855  0.3569906541756764
0.08056999746569357  0.0807410609992821 0.07729046069369251 -0.8093942939984529  0.5708733818506441
-0.6330209595049997 -0.3755086531526587 0.09345540277293275  0.3228966747066615  0.5876066212958937
 0.4459177450652726  0.4464457470620013  0.4473986504156418  0.4479045831378292  0.4483965784621289

 0.377906735551274
0.3779358215175273
0.3779985639239573
0.3779812754599395
 0.377922323119114

0.0004389977090787577
   0.3781483266786387

   1.645074554700338    4.861492789757787   -6.055563057473172 -0.09815757258900318  -0.3530328534946811
   1.524634545195239 -0.02055334887601226  -0.2193715598879822  -0.1301669477701172  -0.1544730749142677

 5.331410491320474e-08  4.943962219736504e-07 -2.895153293329863e-08 -0.0009138368491374936  -0.001947212153877455
-7.522149347589475e-09  6.821117674524887e-08  5.402092857638377e-08 -0.0002764207192468318      0.114701751255904

cov:
0.05135605476103622 0.05137615252426347 0.05141178325543378 0.05143379735442345 0.05144870334581025
0.05137615252426347 0.05141286731392386 0.05147870165461529 0.05151544296167146 0.05154737276155862
0.05141178325543378 0.05147870165461529 0.05159956738818219 0.05166313535474545 0.05172606698220072
0.05143379735442345 0.05151544296167146 0.05166313535474545 0.05174032682472929 0.05181790934439037
0.05144870334581025 0.05154737276155862 0.05172606698220072 0.05181790934439037  0.0519138430946404

cov.inverse():
 25206010.58773696 -38379731.77916867  12508104.96645287  70908.17111689947   594993.337238632
-38379731.77872533  60811935.28394119  -23975779.6921934  481187.2241209135  1061963.542046268
 12508104.96553894 -23975779.69102257  16969681.78191343  -2123455.48187496 -3378274.294770298
 70908.17120972768  481187.2239797419 -2123455.481829087  1880994.677856928 -309807.1904691139
 594993.3376163919  1061963.541459941 -3378274.294559254 -309807.1904715862  2031179.562489805

cov*(cov_.inverse()):
    0.9999999998181011   4.43833414465189e-10 -5.820766091346741e-11 -1.818989403545856e-11 -1.455191522836685e-11
-1.782609615474939e-10      1.000000000349246  8.731149137020111e-11  9.094947017729282e-12  1.455191522836685e-11
-2.037268131971359e-10  7.275957614183426e-12     0.9999999999708962  5.456968210637569e-12   2.91038304567337e-11
-4.583853296935558e-10  2.764863893389702e-10 -5.820766091346741e-11      1.000000000010914  1.455191522836685e-11
-1.491571310907602e-10                      0                      0  1.818989403545856e-12                      1
