6
2

 5.80165117261887e-05
0.0001650763861959104
0.0006339687145740351
 0.000666665484296676
  0.01687040538294813
   0.6117605724025951

    0.2611942838315056    -0.7959811974040201     0.5459960873571718 -0.0002395372001347436  -0.002349019603470497  -0.008612594992276068
    -0.616074934987228      0.278520175288537      0.696990053627224   -0.04076924578031343    -0.1111303942109164    -0.2075354323084982
   0.06933270978218738    0.06851158279010669    0.07198540544281136    0.05388951689270186    -0.8201980796175273     0.5564964240153562
    0.1686998405803457     0.1512300334984157     0.1444431710573968    -0.9075587914571178     0.1672125442301517     0.2760127102002609
   -0.5950723331537429    -0.3091133013151314    -0.1544476334282658     0.0698323944674199     0.3452979411082838     0.6343316028251754
     0.406019061167841     0.4070934195958311     0.4076681714359183     0.4085268753966476     0.4095472191330431     0.4106178260466722

0.4167806678697917
0.4167745604133203
0.4168391599985355
0.4168399640079931
0.4167695753826577
0.4167281724651242

0.000484649401273256
  0.4169979935322721

   5.761146506558147   0.6001550763598534   -5.144421562781929  0.02480412981457238  -0.4921609032312958  -0.7493420922307757
   3.941854398178214   -2.343778136940021  -0.9222110278134175 -0.04190215102758102   0.1350746874939584   0.2303508491221662

-5.971685438886549e-09 -1.841720788023248e-07  2.340363480586426e-08  3.535445731763839e-09 -0.0009855530549319736  -0.004822467349206756
 8.042446031838954e-09 -1.031460807728823e-07  2.471025823115896e-08  1.340120077660631e-07 -0.0003668426788942426     0.1508840633120822

cov:
0.06179663907884116 0.06191144269470595 0.06197257694809188  0.0620650072132666 0.06217345503644533 0.06228723328123418
0.06191144269470595 0.06204997733217816 0.06212393592868708 0.06223495706488735  0.0623662246883008  0.0625039533480323
0.06197257694809188 0.06212393592868708 0.06220483731719931  0.0623259081208813 0.06246951579905381  0.0626201983271529
 0.0620650072132666 0.06223495706488735  0.0623259081208813 0.06246207907116291 0.06262310356504348 0.06279252095388586
0.06217345503644533  0.0623662246883008 0.06246951579905381 0.06262310356504348  0.0628069349050111 0.06299898998720853
0.06228723328123418  0.0625039533480323  0.0626201983271529 0.06279252095388586 0.06299898998720853  0.0632160177950712

cov.inverse():
 34274126.10139788 -67994896.61705966  26679135.20780751  567789.3772381897  2251420.986945161  4223082.296059766
-67994896.60551357  191146059.3328769 -121933276.9000022 -659752.8577009197 -663633.8463253662  103635.1413195553
 26679135.19319635 -121933276.8795051  106454922.2321441 -1366968.681200278 -3316215.560729373 -6516265.732229393
 567789.3780346352 -659752.8600578057 -1366968.679627853  1921503.614343825 -284908.4321128583 -177741.8212863535
 2251420.987580806 -663633.8485657601 -3316215.559029941 -284908.4321273376  2191968.547851832   -178667.61388626
 4223082.297692592  103635.1369659809 -6516265.729615224 -177741.8212599132 -178667.6138060795  2545966.610920699

cov*(cov_.inverse()):
     0.999999999650754 -5.911715561524034e-10  6.984919309616089e-10  3.637978807091713e-12  1.818989403545856e-12 -8.731149137020111e-11
 1.164153218269348e-10       1.00000000124146  -2.91038304567337e-10 -1.818989403545856e-12   -1.2732925824821e-11                      0
-5.238689482212067e-10  3.974491846747696e-10     0.9999999991268851                      0  1.818989403545856e-12   2.91038304567337e-11
                     0 -2.610249794088304e-10  8.149072527885437e-10      1.000000000012733 -1.637090463191271e-11   2.91038304567337e-11
-1.746229827404022e-10 -4.574758349917829e-10 -5.820766091346741e-10  3.637978807091713e-12     0.9999999999781721                      0
 5.820766091346741e-11  -1.00953911896795e-10 -1.746229827404022e-10 -5.456968210637569e-12 -1.455191522836685e-11      1.000000000029104
