5
2

6.222650618083615e-05
0.0003394082145290766
0.0006597802884347512
  0.01520404517601315
   0.5581565315533451

 -0.161724305920285  0.7678079463370834 -0.6198388540584766 0.00360032237424654  0.0101508174305638
-0.4530992269577314  0.4249838343245985  0.6367619478171865 -0.1961516669065927  -0.412490698652584
0.09710211830942334 0.09606091321070108 0.09763677724116249 -0.8271249289759742  0.5363533267999729
 -0.749243247091847 -0.1451449855759443 0.02685377255705317  0.2766407998112495  0.5833662937029119
  0.444693236638469  0.4467269101136378   0.447302974996759  0.4481582097818234  0.4491739759074707

0.4165957352647924
 0.416600776579602
0.4166590637558006
0.4166478955156822
0.4165670200044605

0.0006337372308485233
   0.4168689361107371

  3.556981578638489   4.587121963185077  -7.544751021226402 -0.1060748944137365 -0.4930214731705237
  1.566786769130574   1.252862089967272  -2.032754718358378 -0.1419429539843955  0.3544163801316793

 2.949764452216319e-08 -4.886984144200065e-07 -5.541850216940441e-08 -0.0008900708910197073  -0.003995127510646771
 7.634450289532663e-09 -1.831872633270964e-07  1.660771887826901e-07 -0.0002873011139702313     0.1379341303773224

cov:
0.06173722176021725 0.06191429052118075 0.06196429822512286 0.06203952328720156 0.06212719156333057
0.06191429052118075  0.0621770993182976 0.06225150721948956 0.06236207409148494 0.06249319617744709
0.06196429822512286 0.06225150721948956 0.06233286975592515 0.06245349727866153 0.06259699261095271
0.06203952328720156 0.06236207409148494 0.06245349727866153 0.06258922944399034 0.06275017810513674
0.06212719156333057 0.06249319617744709 0.06259699261095271 0.06275017810513674 0.06293401080704704

cov.inverse():
 8560831.497106483 -33718040.69033255  23405449.41251971  435738.7003698644  1316208.631369452
 -33718040.6887665  153838096.3260916 -120537469.1300594 -192422.4753446305  609057.7785328616
 23405449.41048481 -120537469.1262671  102763355.5835599 -1846050.105903882 -3784601.814825175
 435738.7003435823 -192422.4754268605 -1846050.105733306  1909279.320763966 -306615.7480971804
  1316208.63186458  609057.7763888623 -3784601.813238357 -306615.7480351176  2165944.453202252

cov*(cov_.inverse()):
     1.000000000276486 -1.891748979687691e-10   1.57160684466362e-09  3.637978807091713e-12                      0
                     0     0.9999999996944098  1.455191522836685e-10 -3.637978807091713e-12                      0
-7.275957614183426e-11 -8.149072527885437e-10      1.000000000465661 -3.637978807091713e-12                      0
  2.91038304567337e-11 -1.236912794411182e-10  2.328306436538696e-10     0.9999999999890861                      0
-4.365574568510056e-11 -1.455191522836685e-11  3.201421350240707e-10 -3.637978807091713e-12                      1
