5
2

3.329332435057372e-05
5.288790013704514e-05
9.031491044932989e-05
  0.01714153093387001
   0.5194573262683722

0.009783000871842839  -0.0219595969301786  -0.4220447497057226   0.8200313549662015   -0.385809376654761
-0.07456315875621465   0.6478848010996409  -0.6732747818017619  -0.1912645696853895   0.2912122120262603
  0.6738925734155522  -0.5161647306804853  -0.4076395890484335 -0.07758039059251919   0.3274965934675406
 -0.5843728559101453  -0.3377464260910349 -0.05018594654842116   0.2903626332859449   0.6764662806810438
  0.4457822260039341   0.4463903931213329   0.4470913034773632   0.4479255132743864   0.4488718356287786

0.3994068902003649
0.3994876327227157
0.3995373346270512
0.3995789814737565
0.3996149120122962

-0.0001988580005535896
    0.3995608144798558

0.01525081465095927  0.5744839399569712   1.697278682438146   3.935071912826681  -6.222075205163978
 0.6452172447586928  0.6179667081968083   0.174146465440576  0.3335942467318241 -0.7708748186831202

 5.429856928651959e-09  -9.33194389212927e-09  -2.70896697752636e-08 -0.0009856737745065792  -0.002216437603410635
 5.433740738929438e-10 -1.490298063745452e-10  -1.90455788417506e-09 -0.0002994474236192037     0.1200072374156267

cov:
0.05372262153274356  0.0537534224734124  0.0537883581950046 0.05383023065257694 0.05387776715079402
 0.0537534224734124 0.05380220844819723 0.05385809405930796 0.05392477959295556 0.05400044815242367
 0.0537883581950046 0.05385809405930796 0.05393841466731877 0.05403403041596878 0.05414250069705322
0.05383023065257694 0.05392477959295556 0.05403403041596878 0.05416391388019834 0.05431123237250585
0.05387776715079402 0.05400044815242367 0.05414250069705322 0.05431123237250585 0.05450259943054332

cov.inverse():
 57750421.07489303 -60108031.90075298 -19455453.11119835   5925967.48126232  15887631.35047793
-60108031.94102326   183164777.738377 -121790302.9770194 -55638416.03416298  54370415.39409626
-19455453.15133534  -121790302.933482  343125718.3725123 -262315166.3513257  60436068.30725079
 5925967.662584213 -55638416.24761006 -262315166.3680251  620478338.1456928 -308449923.4323362
 15887631.24956367  54370415.52373569  60436068.32735084 -308449923.4811624  177755185.9469696

cov*(cov_.inverse()):
     1.000000000582077                      0  1.396983861923218e-09                      0                      0
 3.492459654808044e-10                      1 -3.725290298461914e-09  3.725290298461914e-09 -1.862645149230957e-09
 2.328306436538696e-10  9.313225746154785e-10     0.9999999990686774  3.725290298461914e-09 -1.862645149230957e-09
 4.656612873077393e-10                      0  1.396983861923218e-09                      1 -1.862645149230957e-09
 3.492459654808044e-10  4.656612873077393e-10 -1.396983861923218e-09                      0                      1
