7
2

5.910396853477681e-05
0.0002081662764269892
0.0003654587621811361
 0.000412648578336608
0.0004406210655974463
    0.023188398504785
   0.6763837293761368

  -0.1079199910190879    0.7438541216704391    -0.659035804386662 -0.003349013465350027 -0.004011376251971857  0.004867112035736448    0.0255955843569072
  -0.5883745314748735    0.4598760057603238    0.6083893417324493  -0.04203777119894206   -0.1590315593878768  -0.08351482922324718   -0.1953431368518197
   0.2206335477645703    0.1522790579802747     0.160349195772208   -0.6872022297976002   -0.1393367206531776   -0.2823242794477396    0.5753706947610426
   0.1284375258641646    0.0287230245797275    0.0142874285649147   -0.3495299581655132   -0.4306923326507504     0.799070085257285   -0.1905113670663042
 -0.05466547291042487   0.01288709564276262  0.008694316407336975   -0.5108930293230627    0.7743900761178277    0.1188210531650399   -0.3492275728284672
  -0.6574203056166071   -0.2618545391267115   -0.1641176160370489 -0.001815964206375245    0.1643624051103455    0.3423690913563281    0.5727663201971692
   0.3765681261542468    0.3774219183673563    0.3776347960285396    0.3778736938059596     0.378268786247645    0.3787433790973336    0.3792344293430835

0.4221028765826169
0.4218711877882058
0.4218728320752362
0.4217384857686521
0.4215607663103611
0.4214213131110489
0.4212017111969875

0.002218693142062911
  0.4225820433037845

  1.955187748703288   1.628324350168733 -0.9854911011737744 -0.3135680918579403 -0.6923525915890231 -0.1205247306854645  -1.472203669775185
  6.292758923552006  -5.485504135345416  -4.138873215069712   1.372517238815846   1.123996588398186  0.7142312163643718   1.127914815231789

 5.642570640747772e-09 -2.514103605406744e-08  2.702728087089863e-09  1.491244207408518e-07  5.707327866425205e-09  -0.001369928604159868  -0.002594826332041838
-7.016681361516782e-09  -4.01249168496684e-07 -1.019177482556227e-07 -2.802813450787386e-09 -1.146446254436492e-07 -0.0005100148490667508     0.1731096196669213

cov:
0.06510683003578155 0.06511405674965978 0.06511617797873198 0.06509995073152272 0.06510927677990362 0.06512814173582801 0.06513130581930066
0.06511405674965978 0.06520580574107702 0.06522880110467542 0.06524716766148041 0.06529200149857914 0.06534888850439746 0.06540124687955233
0.06511617797873198 0.06522880110467542 0.06525696147899464 0.06528387379765684 0.06533747833243488 0.06540376420091129 0.06546828145608315
0.06509995073152272 0.06524716766148041 0.06528387379765684 0.06532516700345192  0.0653931337399779 0.06547501012860477 0.06555970242380177
0.06510927677990362 0.06529200149857914 0.06533747833243488  0.0653931337399779 0.06547638318641343 0.06557405961399024 0.06567938788621408
0.06512814173582801 0.06534888850439746 0.06540376420091129 0.06547501012860477 0.06557405961399024 0.06568922084365167 0.06581654370053104
0.06513130581930066 0.06540124687955233 0.06546828145608315 0.06555970242380177 0.06567938788621408 0.06581654370053104 0.06597282771297462

cov.inverse():
 11800485.31536475 -28954581.76597254  12372751.14858238 -580758.9738643583  1509961.509825752  1086057.610145749  2766024.496354301
-28954581.77483011  163455201.5274311 -133691737.4513869 -2035649.243522119 -2722101.067096193 -29293.00353211594  3977614.591702462
 12372751.15634245 -133691737.4523242  133068334.2430992 -835627.7831010413 -1644784.993222988 -2357440.321370855 -6912417.326238007
 -580758.971343745 -2035649.256430994 -835627.7727992245  5641710.221570846 -278663.3248644457 -423934.5605927171 -1485426.630566124
 1509961.511494642 -2722101.079659414 -1644784.981718029 -278663.3249561006  4911821.275156713 -951629.0154196557 -823658.9732874951
 1086057.608170423 -29292.99337413862 -2357440.329410546 -423934.5607858219 -951629.0154511264  4587271.223246494 -1911482.216885004
 2766024.495238729  3977614.599089534  -6912417.33317658 -1485426.630367772 -823658.9727369793 -1911482.216966595  4388746.848347648

cov*(cov_.inverse()):
    0.9999999997089617  1.047737896442413e-09 -1.105945557355881e-09 -4.365574568510056e-11 -2.182787284255028e-11 -1.455191522836685e-11                      0
-5.820766091346741e-11      1.000000000407454  5.238689482212067e-10  1.455191522836685e-11                      0 -7.275957614183426e-11 -5.820766091346741e-11
-1.455191522836685e-10  6.693881005048752e-10      1.000000001629815 -8.731149137020111e-11 -5.093170329928398e-11 -4.365574568510056e-11                      0
 2.619344741106033e-10  9.895302355289459e-10  2.037268131971359e-09     0.9999999999563443  1.455191522836685e-11                      0                      0
 1.164153218269348e-10 -5.820766091346741e-11  2.270098775625229e-09                      0     0.9999999999199645 -5.820766091346741e-11                      0
-2.037268131971359e-10  1.193257048726082e-09  6.984919309616089e-10 -1.455191522836685e-11 -1.455191522836685e-11     0.9999999999854481                      0
-8.731149137020111e-11  5.238689482212067e-10  5.238689482212067e-10                      0 -7.275957614183426e-12                      0                      1
