5
2

0.0001601314858409042
0.0003656693594711737
0.0004379367015493758
  0.02139697913715927
   0.5704011785599604

 -0.4937896151063819   0.8435538948939822 -0.06630409396422156  -0.1434062699930274  -0.1400965783756093
 -0.3130202958569862  -0.1689639121442779   0.7621545503716891   0.2160126975605534  -0.4959117326852087
-0.06791323169477741  0.01302289740788558  -0.4619158098444938   0.8277576809622247   -0.310916714455206
 -0.6744184271344432  -0.2452231564408622  0.03692900395888236   0.2172798633616173   0.6606444568229159
  0.4458000543931896   0.4467259008501483   0.4472071575384517   0.4476380667513614   0.4486916540945849

0.4230913509265513
0.4229411892275775
0.4228627675501846
 0.422719172336133
0.4224470362721279

0.001684288184387783
  0.4235027334263289

  2.159910445865392  0.4599765152435452 -0.3648789397732377 -0.6982584246739826  -1.557472638106407
   6.63414352861446  -9.426752446748655   1.242408615240575    1.27496638663142   1.282169362379111

-8.615798951966014e-09 -5.487266357136123e-08   -1.2638370825419e-08  -0.001265264664052924  -0.002016201939995151
-2.993121334060511e-07  1.372346117940645e-08  -9.40689497075997e-08  -0.000454427723233441     0.1457482125751268

cov:
0.06486905843967841 0.06487080086344341 0.06485346320865916 0.06486028437159568  0.0648762484443314
0.06487080086344341 0.06495720841901041 0.06499543765062089 0.06503783419544597   0.065141204967281
0.06485346320865916 0.06499543765062089  0.0650703704847988 0.06513594818016381 0.06529677184665361
0.06486028437159568 0.06503783419544597 0.06513594818016381 0.06521683691793648 0.06541418732178003
 0.0648762484443314   0.065141204967281 0.06529677184665361 0.06541418732178003 0.06570221210209176

cov.inverse():
 10266716.19000663 -15853022.52350125 -343848.6233911514  1962462.586554299  3967876.587799366
-15853022.52353323  27965111.40299035 -3175680.008452754 -4934536.664049666 -4003610.516762015
-343848.6231695979  -3175680.00880235  5628148.495080678 -391546.2936222651  -1715498.01646242
 1962462.586307697 -4934536.663653616  -391546.293669546  4723678.688400896 -1359230.333271384
 3967876.587856404 -4003610.516840463  -1715498.01654319 -1359230.333169208  3109628.879404615

cov*(cov_.inverse()):
    0.9999999996798579  5.529727786779404e-10 -8.731149137020111e-11 -7.275957614183426e-11  -2.91038304567337e-11
-8.731149137020111e-11     0.9999999999417923 -4.365574568510056e-11 -1.455191522836685e-11                      0
 -2.91038304567337e-11 -1.455191522836685e-10     0.9999999999854481                      0                      0
-2.328306436538696e-10  2.619344741106033e-10  -2.91038304567337e-11     0.9999999999563443 -5.820766091346741e-11
-1.164153218269348e-10 -5.820766091346741e-11                      0 -4.365574568510056e-11                      1
