6
2

5.511764091454181e-05
 0.000131666129684168
0.0003670781319811894
0.0004375902965774948
  0.01885711932670309
   0.6259330471398192

   0.2432291080637513   -0.7966464547098016    0.5532082943741827  0.003418990321108356  0.006695430196612361  -0.00990413772569497
  -0.6561051661599699    0.2685949044260428    0.6728820515292591 -0.006841405611206116   -0.0855626211597862   -0.1929890308122927
  -0.2268999078396254   -0.2064458927766584   -0.2137339238184922    0.7588582625798012    0.3171691262378968   -0.4286632917139325
 -0.03216019744922643 -0.006324938957088642 -0.006537763727433639   -0.5065476061623837    0.8190115704246133   -0.2674182953622045
  -0.5403519082447654   -0.2903468164960434   -0.1703849588127233   0.02901984060895225    0.2329699279338337    0.7345545376258834
   0.4072684381428873     0.407737683036679    0.4079636761163479    0.4082193216042116    0.4086355523267048    0.4096608486758478

0.4253357040424963
0.4251929662978111
0.4251971770077189
0.4250681779906855
0.4248944765750806
0.4245453961945155

0.002145800943450581
  0.4258842050566499

  5.247813437766419  -2.153634112142302 -0.8121864234036589 -0.3737673272984054 -0.7140597788797528  -1.194884130868649
  7.546839959138108  -3.189325296649838  -6.446859763171236   1.328593391053424   0.831566383043454  0.9360420804321994

 7.742448857698089e-09  -7.40908985149861e-08 -7.686455621289888e-08 -4.323691916567335e-08  -0.001111893616443113  -0.002373501925010564
 2.463048828000665e-09 -1.804157787961287e-07  1.609778087834475e-07 -8.092849472620525e-08 -0.0004031091029868018     0.1601340369029787

cov:
0.06508946124261025 0.06511628700033839 0.06512929413541733 0.06513175228568359    0.06515898637265   0.065226241468771
0.06511628700033839 0.06516544265943768 0.06518915809295901 0.06520938128672803 0.06525482703480392 0.06536685217318225
0.06512929413541733 0.06518915809295901 0.06521801916766191 0.06524676312406455 0.06530094553804251 0.06543445768493512
0.06513175228568359 0.06520938128672803 0.06524676312406455 0.06528985605314547 0.06535835767449825  0.0655275457146707
   0.06515898637265 0.06525482703480392 0.06530094553804251 0.06535835767449825 0.06544208106067857 0.06564758139722454
  0.065226241468771 0.06536685217318225 0.06543445768493512  0.0655275457146707 0.06564758139722454 0.06594325687305329

cov.inverse():
 44693323.51410181  -73598493.5946064  19186823.45868069 -660153.5315069989  3102312.019451914  7276618.328105716
-73598493.66631341  213383788.8199579  -134315364.811313 -2148507.244747219 -3594595.280686513  272089.8038670854
 19186823.54069155 -134315364.9201837  127195367.4960372 -829364.7523375631 -2632981.248959298 -8605528.653361427
-660153.5308436614 -2148507.241607342  -829364.757010481  5620254.332918677 -339041.9148075548 -1641633.643831045
 3102312.017076179 -3594595.270934005 -2632981.256400835 -339041.9151368461  4686805.256330357 -1221624.821354805
 7276618.319513705  272089.8281416215 -8605528.668109691 -1641633.644371535 -1221624.821748782  3919368.456880247

cov*(cov_.inverse()):
    0.9999999993597157  4.300090949982405e-09 -1.862645149230957e-09 -4.365574568510056e-11 -7.275957614183426e-11                      0
-5.820766091346741e-10      1.000000002306479 -1.513399183750153e-09                      0                      0 -1.455191522836685e-10
                     0  1.076841726899147e-09      1.000000000465661  7.275957614183426e-11 -4.365574568510056e-11  -2.91038304567337e-11
 6.984919309616089e-10 -1.327862264588475e-09  4.656612873077393e-10      1.000000000014552   2.91038304567337e-11 -5.820766091346741e-11
 2.328306436538696e-10  1.269654603675008e-09 -1.396983861923218e-09   2.91038304567337e-11                      1 -8.731149137020111e-11
 2.328306436538696e-10   1.04046193882823e-09  3.492459654808044e-10                      0  1.455191522836685e-11     0.9999999999417923
