5
2

6.891832719769572e-05
0.0003507361152572354
0.0004367118094068223
  0.01516989493027699
   0.5701941297086889

   0.6574862049499088   -0.7488755864252731 -0.007832360501455943   0.01868427002655047   0.08054066388676072
    0.352868033447142    0.3470940484117396   -0.7148823271845857   -0.3418530129496026    0.3564963510959483
 -0.01825265881886596  -0.01687889144131692   -0.5287318603632288    0.8114888885918442   -0.2476092627479173
  -0.4936119066818102   -0.3449135313902704  -0.09779505655002541    0.1550963851343841    0.7770219943337929
   0.4463296621329388    0.4466103855722096    0.4469459242003923    0.4474576076021887    0.4487204323840425

0.4244545492447634
0.4244568896593567
0.4243251157533161
0.4241483340256824
0.4237919124262451

0.002199900303452807
  0.4251594864418028

  6.502130358853863  -3.096079518661973 -0.2894537459634592  -1.059673790438363  -2.057669821627202
  8.868712582801129  -9.273403540541976    1.45549406763592  0.2921437959272986 -0.3361648640883499

 3.044761704055826e-08  1.298296001870163e-07 -5.031019886116971e-08 -0.0008920934570443632  -0.002436909512172047
 6.052429382450838e-08 -1.660069960590617e-07 -8.670193325764099e-08 -0.0003537991672737156     0.1453865349609877

cov:
0.06482356582917394 0.06484740626160054   0.064867983828204 0.06491351983713045  0.0650261579114057
0.06484740626160054 0.06487637007138428  0.0649054301585243 0.06495966655047504 0.06509370056616436
  0.064867983828204  0.0649054301585243  0.0649487713725454 0.06501726562419129 0.06518681763758144
0.06491351983713045 0.06495966655047504 0.06501726562419129 0.06510092216332797  0.0653066396990821
 0.0650261579114057 0.06509370056616436 0.06518681763758144  0.0653066396990821 0.06560216031277587

cov.inverse():
 92028084.73983437 -102665750.1514569 -3084011.654737995  1527792.559943345  12193542.58230919
-102665750.1471974  119054158.4129958 -735224.7574553543 -3982491.112122116 -11671969.02854909
-3084011.657201515 -735224.7545833284  5633177.763307153 -293982.6307456146  -1518394.88688318
 1527792.555725687 -3982491.107461128 -293982.6305973258  4476422.475332915 -1726889.989536132
 12193542.58472923 -11671969.03182077 -1518394.886622925 -1726889.988944547  2722930.824125946

cov*(cov_.inverse()):
                     1  1.164153218269348e-10  1.455191522836685e-11  -2.91038304567337e-11 -1.746229827404022e-10
-5.820766091346741e-10      1.000000001396984  4.365574568510056e-11   2.91038304567337e-11 -2.037268131971359e-10
-1.164153218269348e-10  1.047737896442413e-09     0.9999999999708962 -4.365574568510056e-11 -1.746229827404022e-10
-3.492459654808044e-10  1.979060471057892e-09 -5.820766091346741e-11     0.9999999999272404 -2.619344741106033e-10
-4.656612873077393e-10  5.820766091346741e-10                      0 -1.455191522836685e-11      0.999999999825377
