5
2

0.0001726337969932734
0.0006995511446469969
 0.000778912118148947
  0.01405960055028005
   0.5187769121929678

  0.4998822717348353  -0.8373221583521586   0.0494094967056183  0.09357937301199755   0.1944503024417347
  0.2110461167278118   0.1760660720174836  -0.3606785638199564  -0.6433182654455467   0.6168572426772275
  0.1664894151942698   0.1112027780849073  -0.8167926099663205   0.5410739829915256 -0.00199850157892421
 -0.6923499809766366   -0.236715385353271  0.01712781556289428   0.2898212076533324    0.616707090689828
  0.4455446436545418   0.4466453961478484   0.4472428260738461   0.4479141913523891   0.4487143772170596

0.3978893929205667
0.3979689563422744
0.3979616018488099
0.3979141750016463
0.3979110675740836

0.0003095130904619185
   0.3980706792748935

   6.097999866904946   -4.167728789443625  -0.1888088551382254  -0.6492749313608392   -1.092229976952668
   2.296444407139993  -0.8853802902229673 -0.07877559803883891  -0.1932011089965796  -0.1392719259854845

 1.864303258277206e-07  1.787202035731877e-07  2.165230664532894e-07 -0.0008105314402632506  -0.002671878279969446
 5.484382886637676e-08   1.93576801490515e-07  1.480130498790354e-07 -0.0003011722597250139      0.119346767013889

cov:
0.05351970194232361 0.05358930572599867 0.05362606651977088 0.05366935762061611 0.05372064696728603
0.05358930572599867 0.05370032869923939   0.053760134191644 0.05382814221644535 0.05390910266297621
0.05362606651977088   0.053760134191644 0.05383345992994507 0.05391456995514916 0.05401203888863883
0.05366935762061611 0.05382814221644535 0.05391456995514916 0.05401165832972407 0.05412627071869287
0.05372064696728603 0.05390910266297621 0.05401203888863883 0.05412627071869287 0.05426313396919111

cov.inverse():
 8523757.173586197 -13937301.53979033  449009.3631861145  1439654.273118875  3524872.735713862
-13937301.53988972  23609222.36455071 -1667692.371254627 -2761810.319524729 -5242402.299603941
 449009.3633021949 -1667692.371438943  1447377.177308964 -99124.21866476031 -129514.1251130351
 1439654.273165664 -2761810.319585014 -99124.21868111723  1622500.687194348 -201213.0961296305
 3524872.735650398 -5242402.299458751 -129514.1251649133 -201213.0961594816  2048204.522589319

cov*(cov_.inverse()):
    0.9999999999708962 -1.164153218269348e-10  1.728039933368564e-11 -7.275957614183426e-12  8.731149137020111e-11
-1.164153218269348e-10     0.9999999997671694  1.455191522836685e-11 -1.455191522836685e-11 -1.455191522836685e-11
 5.820766091346741e-11 -2.328306436538696e-10      1.000000000005457  9.094947017729282e-12  5.820766091346741e-11
 1.455191522836685e-10 -3.492459654808044e-10  1.909938873723149e-11      1.000000000003638   2.91038304567337e-11
-5.820766091346741e-11 -1.164153218269348e-10  6.366462912410498e-12 -3.637978807091713e-12     0.9999999999854481
