6
2

0.0001053491315277507
0.0002250758028404317
0.0007063028959310253
0.0007863118562848125
  0.01900394981442139
   0.5673709744641644

   0.4318004795566164    -0.797009726543853    0.4206703143385462 -0.009890222989009202  -0.01218473155238457  -0.03337729901746414
   0.5008809350459146   -0.1630655381189731    -0.797559307770878    0.0743888577110704     0.135050602598272    0.2503092134936774
   0.1076931258983608    0.1030489970862459    0.1099840311936209   -0.3069010375704236   -0.6670011502328219    0.6531522230249618
  0.09849772100307534   0.09182652511344594   0.07366152613092458   -0.8455786123426866    0.5056421558342562   0.07591369048304283
  -0.6132074967013779   -0.3915452903828771   -0.0534711628695384    0.1350180831884983    0.3371193630001855    0.5795949780769764
   0.4066246307626682    0.4072176385381156    0.4081102356155618     0.408591681311046    0.4091440797281166    0.4097928746247554

0.3978400345529844
0.3978774580359966
0.3979493666701608
0.3979365000068418
0.3978882180382313
0.3978775995375819

0.0003772689699240144
   0.3980722890990213

   2.543552113762981    2.533942589737246   -3.610635672800911  -0.1270470732480911  -0.4769013749145579  -0.8628828915173505
   1.195270032894907    0.592430533670497  -0.5747878439111499 -0.04472559860455866  -0.1283971182311626 -0.03994280780927531

-2.668385572976104e-08  1.748078899876533e-07  -3.42111704007041e-08  1.115049676522392e-08  -0.001096763241033282  -0.002586651811247255
-2.158767387457402e-09  4.710513252843098e-08  9.968938543078259e-08  6.161610979042532e-08 -0.0003635524522712118     0.1305414796824519

cov:
0.05336155331296899 0.05339006323944284 0.05343202016091528 0.05345323856295577 0.05348085269288942 0.05351212658820925
0.05339006323944284 0.05343647029431357 0.05350566636123177 0.05354204716209151 0.05358593887437752   0.053636742728112
0.05343202016091528 0.05350566636123177  0.0536164333141303  0.0536759411779688 0.05374464887001353 0.05382524973154756
0.05345323856295577 0.05354204716209151  0.0536759411779688 0.05374900439489792  0.0538308649303011 0.05392804724397864
0.05348085269288942 0.05358593887437752 0.05374464887001353  0.0538308649303011 0.05392876858535847 0.05404316848583338
0.05351212658820925   0.053636742728112 0.05382524973154756 0.05392804724397864 0.05404316848583338 0.05417992177896788

cov.inverse():
 21792140.33496979 -32583525.09478692  8516649.280833062  149521.7817212426  797209.7480836158  1328397.037652053
-32583525.09317658  57795716.75876254 -27608538.00261407  281670.5663397246  377259.0883472554  1736768.131816715
 8516649.278233834 -27608537.99936373  28534425.87125248 -1714448.982298702 -2674895.010981045  -5052939.65947852
 149521.7816725206  281670.5664731454 -1714448.982419155  1463331.445532641 -71889.60107832871 -108120.1466951901
   797209.74850982  377259.0875375172 -2674895.010528001 -71889.60109811816    1679047.8675932 -106730.4355975841
 1328397.038263428  1736768.130853047 -5052939.659159964 -108120.1467111523 -106730.4355478728  2202579.083196317

cov*(cov_.inverse()):
      1.00000000030559   2.91038304567337e-10                      0 -3.637978807091713e-12 -2.273736754432321e-11  -2.91038304567337e-11
 1.600710675120354e-10      1.000000000203727 -2.328306436538696e-10 -3.637978807091713e-12  -3.54702933691442e-11 -4.365574568510056e-11
-1.746229827404022e-10  2.764863893389702e-10     0.9999999998835847  6.366462912410498e-12 -1.000444171950221e-11 -1.455191522836685e-11
 2.037268131971359e-10  4.365574568510056e-10 -1.164153218269348e-10     0.9999999999881766  4.547473508864641e-12 -1.455191522836685e-11
 7.275957614183426e-11  3.783497959375381e-10  -2.91038304567337e-10 -2.182787284255028e-11     0.9999999999936335 -4.365574568510056e-11
  2.91038304567337e-11 -5.820766091346741e-11 -5.820766091346741e-11  3.637978807091713e-12  2.728484105318785e-12     0.9999999999708962
