5
2

7.840224365817516e-05
0.0001972992914888598
0.0006529625590835289
  0.01977976230676869
   0.5258080728611418

-0.3666538378948876  0.7989322450894453 -0.4756181110281102 0.01390262228294011 0.02943400191952666
 -0.585299813602679  0.1862564989905516  0.7466303352934883 -0.1244576252833372  -0.223127960392277
0.06317557949679356 0.06669068887817373 0.07659200470177442 -0.7976404597798417  0.5911552756342155
-0.5662371888618818 -0.3515348296295963 -0.1037367618760916  0.3833878402688332  0.6309129557051015
 0.4453912700745907  0.4460845210432292   0.446881308551624  0.4484422788483409  0.4492569812874044

0.4015739801739424
0.4016082739877804
 0.401604022063647
0.4016207478539662
 0.401577710815758

0.0004593474577369678
   0.4018183481331064

    2.21373084903967    4.904286546935155   -6.082427646316861  -0.3190513431434399  -0.7165301937384088
   1.131478709462607   0.9127856729833104  -0.9059305139019069 -0.03827763187475955  -0.1000587800580865

 3.672107639487669e-08 -1.838904074356307e-07 -7.164286297038199e-08  -0.001142786225621568  -0.002599636247592014
 4.559733482797951e-09 -4.443702608247261e-08  1.464572814090007e-08 -0.0003698720820079278     0.1228013680494746

cov:
0.05497056519730993 0.05500834754295065 0.05505155794764938 0.05513585502454045  0.0551813811764037
0.05500834754295065 0.05506432927518673  0.0551285151321542 0.05525400586364602 0.05532047948917149
0.05505155794764938  0.0551285151321542 0.05521692235883416 0.05538995631705669 0.05548061013419398
0.05513585502454045 0.05525400586364602 0.05538995631705669 0.05565685805953269 0.05579452307827826
 0.0551813811764037 0.05532047948917149 0.05548061013419398 0.05579452307827826 0.05595716502602219

cov.inverse():
 30680986.06029195 -50445209.54036698  17155184.07714079  923309.4272859161   1685902.14116072
-50445209.54162196  104741520.6455187 -58232964.90195417  1086354.990619312   2849911.27979409
 17155184.07909814  -58232964.9045775  51135368.44517338 -3606237.664882708 -6451083.453046039
 923309.4264562479  1086354.992337619 -3606237.665828608  1921973.800998375 -325365.1980889634
 1685902.141288016  2849911.279444164 -6451083.452766154 -325365.1981462179  2240566.955449292

cov*(cov_.inverse()):
     1.000000000523869                      0 -3.492459654808044e-10 -4.001776687800884e-11  1.455191522836685e-11
 3.201421350240707e-10     0.9999999991850927 -1.164153218269348e-10  -2.91038304567337e-11  5.820766091346741e-11
 8.731149137020111e-11 -5.529727786779404e-10      1.000000000291038 -2.182787284255028e-11  4.365574568510056e-11
  2.91038304567337e-10 -7.566995918750763e-10 -4.074536263942719e-10     0.9999999999890861                      0
 2.182787284255028e-10 -5.820766091346741e-10 -1.164153218269348e-10 -1.818989403545856e-11                      1
