5
2

 5.51634222568952e-05
8.303196755010044e-05
0.0002256019974987904
  0.02179907800652592
   0.5721901446971444

 -0.02465624253719436    0.2826474033869145   -0.7922274069972187     0.540224399733285 -0.005987369861433394
  -0.3924147189571762    0.7975686800844589  -0.01313058365260396   -0.4537723064062065   0.06175087534463226
   0.6349653409433953  -0.03416909838234702   -0.4088616288121785   -0.5487742215652976    0.3568340100758746
  -0.4929095382008848   -0.2885496466899932  -0.07171740626844381   0.03235704232365501    0.8170611507077447
   0.4463876801625871    0.4467283514819564    0.4470929495066824    0.4472674450807603     0.448588392687129

0.4231449423487831
0.4230780134096173
0.4229393245815034
0.4229469829592644
0.4223220650647898

0.002046964489126137
  0.4236028868544479

-0.1851740594363011   6.155644622237179  -3.406771115396864  -1.050061578860004  -1.514041230181314
  9.009204098399453  -7.059525763196584 -0.2560874971584118  -2.732355821799712   2.045132316286752

 1.182260389376033e-08  3.729780974040043e-08  5.603532664133335e-08  -0.001288576203123488  -0.001552365389064533
-1.065945887453542e-08 -5.374996822243758e-08  4.222187678567671e-07  -0.000381464657105959     0.1469186049842257

cov:
0.06535415325567563 0.06535604950595071 0.06535853622420905 0.06535965756634979 0.06536893771407427
0.06535604950595071 0.06537786234473286 0.06540145179821942  0.0654127018537682 0.06549830622468407
0.06535853622420905 0.06540145179821942 0.06544744206489622 0.06546943741216617 0.06563603594172751
0.06535965756634979  0.0654127018537682 0.06546943741216617  0.0654965975882843 0.06570206980392899
0.06536893771407427 0.06549830622468407 0.06563603594172751 0.06570206980392899 0.06620076707045668

cov.inverse():
 30457632.23694373 -48112698.18837554  2065727.137023314  14604523.15019473  984635.6383610297
 -48112698.2143919  118543451.2531776 -74830015.97788537 -1947897.943727666  6347467.940788985
 2065727.226275134 -74830016.15115176  209561098.8257847 -135371482.4341252 -1425486.623000909
  14604523.0857624 -1947897.790914555 -135371482.5292526  131689616.4730664 -8974685.059041964
 984635.6395578907  6347467.935225784 -1425486.611887557 -8974685.065788994  3068041.350197462

cov*(cov_.inverse()):
      1.00000000026921  5.820766091346741e-11 -1.396983861923218e-09  3.492459654808044e-09                      0
 3.783497959375381e-10     0.9999999990686774 -9.022187441587448e-10  3.492459654808044e-09   2.91038304567337e-11
 3.856257535517216e-10  1.455191522836685e-09      0.999999996914994  3.725290298461914e-09   2.91038304567337e-11
 4.074536263942719e-10  6.402842700481415e-10   8.87666828930378e-10      1.000000001280569  1.164153218269348e-10
 2.110027708113194e-10  1.164153218269348e-10 -4.365574568510056e-10  9.313225746154785e-10                      1
