6
2

7.301978889313085e-05
0.0001691118014748199
0.0003726944001678362
0.0004386370142884953
  0.02330565496481511
   0.6262983349926609

 -0.2727505350121828   0.7706768853727828  -0.5736699211245543  0.01044745793669007  0.01989791934221803  0.04540956978584051
 -0.6367901291233712   0.2946533443222861   0.6816034387303781   -0.057413945071876  -0.1433633432802014  -0.1387266418409361
  0.2202234990591578   0.1584795659203281   0.1258437489545855  -0.7787951677255136  -0.2280471950926016   0.5020176809980779
 0.06394084171796237  0.00777345976057129 -0.01563161761831979   0.4606270514032031  -0.8284236343125687   0.3116789955103335
 -0.5492424826365103  -0.3576568388036433  -0.1542158258228427   0.1055266744273866   0.2715033814139244   0.6795452853601061
  0.4072485133078212   0.4076051167463917   0.4079902650227585   0.4083618698669376   0.4087122427979514   0.4095675117526239

0.4238175113592831
0.4237794263532245
0.4236760671671686
0.4236026899519582
0.4234626913316595
0.4231983513726882

0.001626261800338332
  0.4242228387124739

-0.03661793069749949    5.443769648940886   -3.095380471810619   -0.361989397592771  -0.6610590989971656   -1.289427433104993
   9.190839976928711   -5.766709003066284   -6.034272451818708     1.25162135686762    1.293554063337674     1.07186061297688

 3.148808038147045e-08 -5.377898345403625e-09  3.479205377953959e-08  1.296191550177021e-08  -0.001381476472690235  -0.001962241664352896
-1.813859366479399e-08 -3.452104548416558e-07 -5.290703630199668e-08  9.161521459398776e-08 -0.0004580169370885453     0.1605463932122329

cov:
0.06521899823847442 0.06521878770065809  0.0652196149553896 0.06520147988583812 0.06520793740282355 0.06522286863901317
0.06521878770065809 0.06523859528035245 0.06526064992787055 0.06526958192728578 0.06529336703005294 0.06535086059578575
 0.0652196149553896 0.06526064992787055 0.06530525710573672 0.06534293630688119 0.06538511700915638  0.0654878197205459
0.06520147988583812 0.06526958192728578 0.06534293630688119 0.06541748891410104 0.06548295121303176 0.06564335788339373
0.06520793740282355 0.06529336703005294 0.06538511700915638 0.06548295121303176 0.06556378665375545 0.06576086926174148
0.06522286863901317 0.06535086059578575  0.0654878197205459 0.06564335788339373 0.06576086926174148 0.06604899700973522

cov.inverse():
 28502374.41459221 -45730283.72365694  14363521.23611901 -337820.6364063324  1537159.893660176  1664851.854491509
-45730283.71301953  114611622.1903834 -75753239.86343266  48523.80414337319   1105154.65151542  5719170.306143731
 14363521.22168971 -75753239.84504798  78082608.08978438 -3235465.992986587 -5697062.890729533 -7762718.074749991
-337820.6351178428  48523.80115926491 -3235465.991036371  5605106.142517872 -377838.3477176891 -1700931.779617566
 1537159.894292969  1105154.650179672 -5697062.890193116 -377838.3474376801  4734396.094753051 -1300973.315287355
 1664851.856362615  5719170.302715329 -7762718.073280769   -1700931.7796429 -1300973.315173959  3379814.779364079

cov*(cov_.inverse()):
     1.000000000174623  8.731149137020111e-10 -5.820766091346741e-11                      0  1.455191522836685e-11  -2.91038304567337e-11
-7.275957614183426e-11      1.000000000582077 -1.746229827404022e-10  5.820766091346741e-11                      0  5.820766091346741e-11
-3.783497959375381e-10  8.731149137020111e-10      1.000000000349246                      0  4.365574568510056e-11   2.91038304567337e-11
-8.731149137020111e-11  5.238689482212067e-10  5.820766091346741e-11     0.9999999999272404 -4.365574568510056e-11  8.731149137020111e-11
 1.746229827404022e-10  1.746229827404022e-10                      0  1.455191522836685e-11                      1                      0
 -2.91038304567337e-11  4.656612873077393e-10  3.492459654808044e-10   2.91038304567337e-11   2.91038304567337e-11     0.9999999999417923
