5
2

5.513937356126109e-05
0.0001316963572320024
0.0004170918403307465
  0.01884752896333224
   0.5714042830338809

 -0.2437741499008407   0.7958670470099789  -0.5541147865132917 -0.00688115648282478 0.008902829692093186
 -0.6576303760781922    0.267366126827383   0.6712604017828198 -0.08590807905890815   -0.195107451511608
   0.151742920183787    0.120681854373705   0.1246175032302218  -0.8573921048644217   0.4601730463682583
 -0.5348161565107595  -0.2846909859559116  -0.1646788447841598   0.2389148147238341   0.7407586048346255
  0.4461414766736371   0.4466519117269222   0.4468977873461858   0.4476281285391926   0.4487441127722297

0.4253357105984707
0.4251929672951931
0.4251971810530706
0.4248944776716429
0.4245453975638115

0.002145800943450581
  0.4258842050566499

  5.205500424156099   -2.29915770074467 -0.8664486236942831 -0.7367093595075719  -1.303799970957886
  7.699520061426076  -2.690410654630502  -6.235587545720253  0.9115900039738598   1.321377728043522

-7.981578017512602e-09 -7.461279758674003e-08  7.587192131102491e-08   -0.00111135715533644  -0.002152274883650068
-1.694784630061292e-09 -1.787220848683918e-07  -1.86016370360884e-08 -0.0004008437914503052     0.1461889478923695

cov:
0.06508946945966054 0.06511629121009889 0.06512930334627273 0.06515899618421359 0.06522625219325164
0.06511629121009889   0.065165440394626 0.06518915899429616 0.06525482846220133 0.06536685136266167
0.06512930334627273 0.06518915899429616 0.06521802204330751 0.06530094785802619 0.06543445494252974
0.06515899618421359 0.06525482846220133 0.06530094785802619 0.06544208898702505 0.06564758705765823
0.06522625219325164 0.06536685136266167 0.06543445494252974 0.06564758705765823 0.06594325748275233

cov.inverse():
 44614275.98401003  -73844352.9798921  19085458.01929432   3060881.58028195  7084345.139342761
-73844353.05982371  212538217.3702309 -134615198.8179658 -3720560.880343166 -358575.8873689076
 19085458.11026584 -134615198.9363084  127058476.3251525 -2685065.689169735 -8844501.875435153
  3060881.57948096  -3720560.86999709 -2685065.699758935  4666925.715912315 -1321212.955899636
 7084345.129103444  -358575.859301554 -8844501.892219232 -1321212.956943773  3439688.979723299

cov*(cov_.inverse()):
     0.999999999650754 -1.673470251262188e-09 -4.656612873077393e-10 -4.365574568510056e-11  8.731149137020111e-11
-1.164153218269348e-10     0.9999999983592716  1.396983861923218e-09                      0 -8.731149137020111e-11
 3.492459654808044e-10  -2.71757016889751e-09      1.000000000698492                      0 -8.731149137020111e-11
                     0 -1.091393642127514e-11 -2.328306436538696e-10      1.000000000014552                      0
-1.746229827404022e-10  5.384208634495735e-10 -1.164153218269348e-10                      0      1.000000000058208
