5
2

8.361065483952295e-05
0.0001894354076143474
0.0007596115391501397
  0.01406660778634546
    0.518373851490877

  -0.306388888044214    0.797732448906382  -0.5188301666210664 0.004094310318194187  0.02339410335601098
 -0.6159482148517741   0.2304009247702407   0.7060039096077542 -0.06606011817546883  -0.2543968374236194
  0.1710146277993291   0.1599239066267815   0.1555776046266809  -0.8767617517413462   0.3902086375132618
 -0.5463978886934442  -0.2924571552225898 -0.09134625109546804   0.1630988152198106   0.7622157164970785
  0.4460235310092356   0.4465775523637335   0.4470181306971232   0.4475565937029664   0.4488868295817086

0.3977421995796375
0.3978429398547845
0.3978304008350191
0.3978244248459682
0.3977848008631188

0.0002327153976696838
   0.3979082568303589

  5.485196033506187   3.478681260716971  -7.772143830582365 -0.1844668215259822   -1.00734935500572
  2.533023184718821 0.01128159701622322  -1.345874627266123 -0.0644414638143988 -0.1341584416158303

 3.567064482547068e-08 -2.797589195254759e-07  3.107691650518564e-08 -0.0008117421013719155  -0.002420268227040752
-5.048186736948699e-10 -8.861697803957913e-08  1.325681446026718e-07 -0.0002724989470957939     0.1193434969935728

cov:
0.05351575228206962 0.05355467556025558 0.05358572827360972 0.05362266857623205  0.0537174548620758
0.05355467556025558 0.05360647540423912 0.05364770326065429 0.05369749604926257 0.05382257058623054
0.05358572827360972 0.05364770326065429 0.05369700646993587 0.05375697291721165 0.05390603945048664
0.05362266857623205 0.05369749604926257 0.05375697291721165 0.05383046603319977 0.05400913931509669
 0.0537174548620758 0.05382257058623054 0.05390603945048664 0.05400913931509669 0.05426023906086184

cov.inverse():
 24052766.15854733 -38869290.94218239  10667607.20995851  694115.0055439837  3454735.346720585
-38869290.94056787  92555432.18378349 -54629033.60183971 -200162.8294882248  1143260.027416577
  10667607.2079702 -54629033.59952284  52437552.05953351 -1839983.144697701 -6636287.306391545
  694115.005533522 -200162.8292599325 -1839983.144963712  1456372.193875116 -110283.6679088699
 3454735.347104838  1143260.026485974  -6636287.30579702 -110283.6679570505  2148543.938862612

cov*(cov_.inverse()):
     1.000000000261934  3.637978807091713e-11                      0  6.366462912410498e-12  4.365574568510056e-11
  2.91038304567337e-11     0.9999999994761311  4.074536263942719e-10 -1.000444171950221e-11  8.731149137020111e-11
-5.820766091346741e-11   1.01863406598568e-10      0.999999999650754 -2.728484105318785e-12  8.731149137020111e-11
 -2.91038304567337e-11   2.91038304567337e-11 -4.656612873077393e-10      1.000000000005457   1.01863406598568e-10
 1.455191522836685e-10  4.729372449219227e-10 -1.746229827404022e-10 -1.546140993013978e-11      1.000000000029104
