5
2

8.500741905028389e-05
0.0006255123153248624
0.0006526839664074642
  0.01277904953762827
   0.5593678560272619

  0.6261871766282787  -0.7729307310152763  0.01092871005917527  0.04417554875564175  0.09163399514959461
  0.2003307059280446    0.184485760746803  -0.2114715278104374  -0.7447228784202714   0.5714019947698724
 -0.2303450573087638  -0.2018527398955174    0.866727267791173  -0.3912893731294367 -0.04327927579472425
 -0.5624372034631171  -0.3589531246795761 -0.06413453799802887   0.2990877279728391   0.6791541345344088
  0.4453793605710605   0.4460394767431527   0.4470245636707114   0.4481913795484923   0.4494213358725168

0.4174349639667296
0.4174983500250181
0.4174962462324259
0.4174244915664227
0.4173859775383498

0.0005159105921812945
   0.4176678404075103

   11.65376196898089   -9.169600728068518 -0.04555375037071241  -0.9338734563977671   -1.504582231581749
   4.765819890383132   -3.120982098457763  -0.1196706932887421  -0.1515306245045033   -0.374368240022088

 1.026510607020572e-07  1.910685411735332e-07 -1.884727715820392e-07 -0.0007448764472205021  -0.004620760920157167
 3.869151031735166e-08  1.186332395012573e-07 -2.113075758252178e-07  -0.000302453544205169     0.1379408227180933

cov:
0.06211790440168444 0.06219119539310843 0.06230126205365473 0.06243058508040183 0.06256714741966561
0.06219119539310843 0.06227139905048752 0.06239147343428945 0.06253309495996781 0.06268253645101278
0.06230126205365473 0.06239147343428945 0.06252659772706146 0.06268557640198617 0.06285365011459909
0.06243058508040183 0.06253309495996781 0.06268557640198617 0.06286731129716754  0.0630579168611437
0.06256714741966561 0.06268253645101278 0.06285365011459909  0.0630579168611437 0.06327331447549765

cov.inverse():
  54490921.1037077 -66772990.92356764  370309.8291423457  3657250.285967488  8254112.167223835
-66772990.92364616  82857143.66831668 -1679206.316033996 -4891470.694518296 -9512859.691197403
 370309.8292385587 -1679206.316144333  1894283.523586422 -326911.9847984368 -258569.7263225746
  3657250.28598438 -4891470.694547262 -326911.9847859266  2047494.594503118 -486414.5389366744
 8254112.167189199 -9512859.691136561   -258569.72634921 -486414.5389362393   2003676.60960173

cov*(cov_.inverse()):
    0.9999999997089617  6.984919309616089e-10   -1.2732925824821e-11  7.275957614183426e-12  1.164153218269348e-10
-1.164153218269348e-10      1.000000001396984  9.094947017729282e-12  2.182787284255028e-11  -2.91038304567337e-11
-4.074536263942719e-10  1.164153218269348e-09      0.999999999992724  1.091393642127514e-11  5.820766091346741e-11
 -2.91038304567337e-10  1.047737896442413e-09  2.000888343900442e-11                      1                      0
-2.328306436538696e-10  2.328306436538696e-10 -1.818989403545856e-12 -2.182787284255028e-11      1.000000000029104
