6
2

0.0001006963810031684
0.0002225202936640063
0.0006852163347515082
0.0007953958418466143
  0.01923272395491593
   0.5689109697277708

   0.4412948121083606   -0.8010323768773426    0.4033454273329423 -0.006794667290697429 -0.008524121041595466  -0.02827822672949941
   0.4937251656539986   -0.1447706312466314   -0.8061687546863724   0.07426761544026095    0.1343565794641455    0.2485990646549578
   0.1100362763860293      0.10295030253396    0.1105043702184124   -0.3096329484958357   -0.6661351306905975    0.6522832683087091
  0.09886545119029529   0.09076828174076911   0.07376461382821857   -0.8447178432248682    0.5074957786617578    0.0737924339994579
  -0.6118629965174873   -0.3908876904408098  -0.05670282353040228    0.1343239370641299    0.3363399841519501    0.5817626421062367
   0.4064918984910491    0.4071335938270522     0.408089158064896    0.4086250558496382    0.4092225388173846    0.4099174182249769

0.4002749279900633
0.4003104128441489
0.4003791401320824
0.4003542081547683
0.4003131417620326
0.4002998642479215

0.0004318841794979298
   0.4005134838571199

   2.669624522260973    2.475615868841797   -3.768154415383275  -0.1276035679486287  -0.4645931401174003  -0.7848056038561044
   1.299097859685145    0.481682807828536  -0.6312709935885263 -0.01769331810079175 -0.08185981761510322 -0.04991282389216714

-2.329919063699855e-08   1.84713428342866e-07  -1.44143402987575e-08  1.567832716910044e-08  -0.001116143760844494   -0.00279166945878003
-6.585693531330981e-10  5.228090788101533e-08  7.053616289439785e-08  6.029901115730295e-08  -0.000372230143321091      0.131204585818643

cov:
0.05361863072652549  0.0536530207486911  0.0537030931877366 0.05373030468040246 0.05376325854830343 0.05379917838009854
 0.0536530207486911 0.05370564208094462 0.05378323446937813 0.05382615489061051 0.05387573766980366 0.05393185671292402
 0.0537030931877366 0.05378323446937813 0.05390246896674665 0.05396914329812624  0.0540438651184608 0.05413054215780853
0.05373030468040246 0.05382615489061051 0.05396914329812624 0.05405006527845885 0.05413845246118329 0.05424258868218733
0.05376325854830343 0.05387573766980366  0.0540438651184608 0.05413845246118329 0.05424326753788425 0.05436528603862133
0.05379917838009854 0.05393185671292402 0.05413054215780853 0.05424258868218733 0.05436528603862133  0.0545106763877712

cov.inverse():
  24170956.8810598 -36266482.60062925  9553161.949490407  240031.0967483632  891348.3965251327  1411557.755281666
-36266482.60111149  63740150.13912424  -29472025.7740132   130405.410572332  206967.7447776909  1660109.073160453
 9553161.950066814 -29472025.77458799  29204534.85715624 -1650833.102363512 -2624223.218089476 -5010328.421490982
  240031.097062432  130405.4099336497 -1650833.101963466  1448051.886313986 -30958.39703023096 -136652.3424949734
 891348.3963626623  206967.7450944224 -2624223.218294104 -30958.39699329735  1724219.137599067 -167375.3513450775
 1411557.755035925  1660109.073574916  -5010328.42168477 -136652.3424564834 -167375.3513585076  2242701.347176589

cov*(cov_.inverse()):
    0.9999999999126885 -2.619344741106033e-10  2.328306436538696e-10  1.364242052659392e-11  1.091393642127514e-11  1.455191522836685e-11
-4.365574568510056e-11     0.9999999996653059  4.656612873077393e-10                      0  1.455191522836685e-11                      0
-7.275957614183426e-11  -1.01863406598568e-10      1.000000000232831 -1.546140993013978e-11  5.456968210637569e-12  -2.91038304567337e-11
 8.731149137020111e-11 -5.529727786779404e-10  5.820766091346741e-10                      1 -2.728484105318785e-11 -1.455191522836685e-11
-1.455191522836685e-10 -1.455191522836685e-10  2.328306436538696e-10 -6.366462912410498e-12      1.000000000020009  1.455191522836685e-11
-1.455191522836685e-11 -1.455191522836685e-10  1.746229827404022e-10 -3.637978807091713e-12 -7.275957614183426e-12      1.000000000014552
