5
2

5.555419989881021e-05
9.018029377904657e-05
0.0002747385689211909
  0.01912083094602451
      0.5569384764749

 -0.01670531629404289    0.2934394963024842   -0.7971023269674711     0.527439202210928 -0.007068432032906935
    -0.46279279740098    0.7892977156175577   0.03515029155007909   -0.4001443889009482   0.03848204554999385
    0.553547176201894   0.02033511557189439   -0.4014043590162634   -0.5947518993291426    0.4222756512051193
  -0.5300992098976764     -0.30258301673882  -0.04937361380751476   0.08746466806825594    0.7857165670560794
   0.4451113461439284    0.4460183619387907    0.4470225096897439    0.4475628068620918     0.450335341819612

0.4160786952917794
0.4161259789650079
 0.416124647477137
0.4161946274176739
0.4161137352385482

0.0003683266300108568
   0.4163186839157934

  1.243832999842047   4.403489990042478  0.2836273168426132  -5.160327774332718 -0.7704322120139407
 0.7649127573515038   2.908989813216376  -2.779115550880198 -0.2150516082305223  0.3193757788157665

-5.157199380884683e-09  4.021697504955202e-08  2.572399394711402e-07  -0.001119657064948519  -0.003738998612949499
 9.074834055136258e-09  1.579912660097982e-08  1.404620598989659e-07 -0.0003350218157747484     0.1374670538165352

cov:
0.06155699112247317 0.06163809675543409 0.06172764563955078 0.06177571488491342 0.06202321887839387
0.06163809675543409 0.06173841717230632 0.06184931910658924 0.06190892736520495 0.06221525592003191
0.06172764563955078 0.06184931910658924 0.06198399636150514 0.06205644506468203 0.06242824452085233
0.06177571488491342 0.06190892736520495 0.06205644506468203 0.06213583996492671 0.06254301827789666
0.06202321887839387 0.06221525592003191 0.06242824452085233 0.06254301827789666 0.06313091483307351

cov.inverse():
  30486672.6600907 -46355074.98951372 -629395.8388093512  15554195.13613083    944023.21240383
-46355074.98328821  104510900.9983438 -72484312.72851396  11152128.67361226  3175926.117470666
-629395.8455137232 -72484312.70676959  208157189.8641288 -134790373.2296706 -253820.9613965532
 15554195.13444689  11152128.65933681 -134790373.2084142  114513378.5551728 -6428542.011405201
 944023.2145666119  3175926.116227146 -253820.9676127773 -6428542.006108187  2562367.478423096

cov*(cov_.inverse()):
     1.000000000080036                      0 -2.966771717183292e-09  2.037268131971359e-09  -2.91038304567337e-11
-3.492459654808044e-10     0.9999999999417923 -2.839442458935082e-09  1.629814505577087e-09                      0
-2.619344741106033e-10  5.820766091346741e-10     0.9999999975480023  3.492459654808044e-10                      0
-3.055902197957039e-10  7.566995918750763e-10 -3.436070983298123e-09      1.000000001105946 -5.820766091346741e-11
-1.164153218269348e-10  1.455191522836685e-10  4.274625098332763e-10  1.746229827404022e-10                      1
