5
2

5.335408891983723e-05
0.0002003216478012259
0.0004781750341043813
  0.01888662798442602
   0.5279043766873066

 -0.4181464993025752   0.8123831615154232   -0.406305264475648 0.002149228191245627 0.009925567226261013
 -0.5112824781448314   0.1349772783656127   0.7883379577803981  -0.1223470176222767  -0.2896995572462244
 0.06229549484817769  0.08093117980572805   0.1071528213918764  -0.8132317446119079   0.5627982035153515
 -0.6021044595356797  -0.3417275975339259 -0.04638274120790336   0.3494787062812506   0.6296076111872878
  0.4442220433431344    0.445518940596426   0.4469968798188724   0.4489380263561692   0.4503643943536269

0.4078103931936023
0.4077060276506868
0.4075686152772713
0.4073962546740391
0.4072708811649748

0.001641125386018163
  0.4082657602862414

   3.382683604387348    3.030607954291241   -5.988496068163771 -0.07582133633941791   -0.348954563057776
   3.311748079632491   -1.216109551648457   -1.804197717638213    0.594380025138046   0.1147438093376429

 9.898084630169362e-09  -2.38005051467975e-07 -7.326408266754426e-08  -0.001084671549980157  -0.004230124413033554
-4.660753051395196e-09 -1.358625598322294e-07 -1.152929148873981e-07 -0.0004333212222705841        0.1230099182054

cov:
0.05512274886628649 0.05522736453536894 0.05534688536260524 0.05550217830251446 0.05561861734785999
0.05522736453536894 0.05535665327525446 0.05550415198849258 0.05569688707836822 0.05583986091255569
0.05534688536260524 0.05550415198849258 0.05568339579292958 0.05591860394455194 0.05609168093490714
0.05550217830251446 0.05569688707836822 0.05591860394455194 0.05621098750687419 0.05642410843790284
0.05561861734785999 0.05583986091255569 0.05609168093490714 0.05642410843790284 0.05666622182767552

cov.inverse():
 67953919.01888464 -121028312.8765468  49667314.01448907  1020976.307700536  2385377.486911159
 -121028312.884932  232321939.6046117 -113262292.2273701 -86355.01150935047  2056736.561849274
 49667314.02755363 -113262292.2446363  73529472.95961058 -3091442.687355586 -6844227.736545589
 1020976.305245256 -86355.00670479727 -3091442.689785555  3267361.513783514 -1110308.402879784
 2385377.484686739   2056736.56592625 -6844227.738317391 -1110308.402960516  3512394.377569214

cov*(cov_.inverse()):
    0.9999999998544808  1.091393642127514e-09                      0  4.365574568510056e-11                      0
 1.164153218269348e-10     0.9999999997380655  3.492459654808044e-10  2.182787284255028e-11                      0
                     0 -5.675246939063072e-10     0.9999999997089617  1.455191522836685e-11 -5.820766091346741e-11
  2.91038304567337e-11  4.365574568510056e-11  6.984919309616089e-10     0.9999999999854481  -2.91038304567337e-11
  2.91038304567337e-10 -3.637978807091713e-10   2.91038304567337e-10  7.275957614183426e-12                      1
