6
2

5.273542138770834e-05
9.005329676867586e-05
0.0002571578440566447
 0.000479365983665087
  0.02369669713120455
   0.5778661527140218

 0.004811985190091837    0.4114803752268889   -0.8139119772570885    0.4099935293516594 -0.001908090751408839   -0.0104739657522902
   0.5450853355367504   -0.7228420864288204   -0.1655106436961309     0.389690847029603  -0.01818155411632815  -0.02824883580920573
  -0.4850407946332153  -0.04412491646768763    0.3353826596362585    0.7059062528139544   -0.1539284206032201   -0.3582028677612283
  0.02115362764627913   0.05076950346772795   0.06956774669508761   0.09771907937413907    -0.810271443588812    0.5710047980582863
  -0.5502833920780669   -0.3722494111363608   -0.1638874892960167   0.07217362286359479    0.3887365099053409    0.6127269776934062
   0.4053824882297662     0.406311511113531    0.4073980991463693    0.4086375674828449    0.4102632632606958    0.4114634567559997

0.4073997253790014
0.4073366690852958
0.4072250234735321
0.4070796535866342
0.4068973824344508
0.4067637047313125

0.001724834904489339
  0.4078090261619061

   0.839889986405073    2.352787764893833    2.822296851643564   -5.623996313428185 -0.06712262670179649  -0.3238665875207165
   0.220711815369017     3.38491367665428   -1.941511707266941   -1.376795044542785   0.6098694927301194   0.1033647923000776

-1.008737588077569e-08 -3.155649166177629e-08 -2.253927483685127e-07 -7.963574308704402e-08  -0.001365076326290464  -0.004252111778697339
 6.694993899922774e-09 -2.072523433424208e-08 -1.329449372920936e-07 -1.213816391639821e-07 -0.0004841833679327055     0.1348946177738305

cov:
0.05504631421141717 0.05511704264125367 0.05519973907452199 0.05529457201184874 0.05541684358785043  0.0555101122848462
0.05511704264125367  0.0552058842545203 0.05530975222040048 0.05542857585619085 0.05558297168275852 0.05569900903440688
0.05519973907452199 0.05530975222040048 0.05543840954950101   0.055585310344546  0.0557773086541954 0.05591998968728145
0.05529457201184874 0.05542857585619085   0.055585310344546 0.05576403144243167 0.05599863481570472  0.0561715077861471
0.05541684358785043 0.05558297168275852  0.0557773086541954 0.05599863481570472 0.05629063331444856 0.05650369797920918
 0.0555101122848462 0.05569900903440688 0.05591998968728145  0.0561715077861471 0.05650369797920918 0.05674585794763822

cov.inverse():
 40206243.85669952  -47545065.5213259 -14986424.76039821  21733780.50406272 -171333.2667571569  762388.3917549478
-47545065.51296955  125353462.8896452 -105882055.7704804  25478400.48787159  1261708.133146522   1332967.48068759
-14986424.78142663 -105882055.7385105  243304507.8415563 -124334943.0982337 -96567.63015673247  1997957.010421712
 21733780.51926674  25478400.45935874  -124334943.084656  86746033.12306812 -3142606.736322474 -6482307.356013464
-171333.2672865291  1261708.134502113 -96567.63152718222 -3142606.735684696  3257742.151234402 -1108708.636695886
 762388.3897521143  1332967.484231795  1997957.009155688 -6482307.356382359  -1108708.63660233  3497649.958163894

cov*(cov_.inverse()):
    0.9999999999417923 -1.251464709639549e-09  3.783497959375381e-10 -3.492459654808044e-10  2.182787284255028e-11  8.731149137020111e-11
 4.583853296935558e-10     0.9999999990832293 -5.675246939063072e-10  5.820766091346741e-10 -1.455191522836685e-11  5.820766091346741e-11
 1.309672370553017e-10 -1.586158759891987e-09      1.000000000407454  8.731149137020111e-10   2.91038304567337e-11  8.731149137020111e-11
 1.382431946694851e-10  4.656612873077393e-10 -1.513399183750153e-09      1.000000002095476 -7.275957614183426e-12  5.820766091346741e-11
 1.236912794411182e-10 -1.891748979687691e-10 -1.746229827404022e-10  8.149072527885437e-10     0.9999999999854481   2.91038304567337e-11
-6.402842700481415e-10  5.820766091346741e-11 -6.111804395914078e-10 -4.656612873077393e-10                      0      1.000000000029104
