6
2

0.0001190618062936052
0.0005449983257751823
0.0006918086678982347
0.0008817417033178255
  0.02294086756710489
   0.5726367773917618

  -0.6225029504116751    0.7784298403313058  -0.02389719701099793  -0.03642716473005227  -0.04197071893490248  -0.05364237883774756
   0.1302044630155421    0.1038316332641943   -0.0595315386072438   -0.1309746541874797   -0.7111831184270715     0.667672073461512
   0.2333934725681826     0.184604061560899   -0.5404649027333465   -0.5878207347297231    0.4590249185669421    0.2512158917895912
 -0.07131311259056287  -0.06184039268599788     0.732848276916702   -0.6713334907969331   0.05542659307712228    0.0162125179899777
  -0.6092016654007621    -0.424211979096617 -0.009089767157287078    0.1350268208786178    0.3331702094839716    0.5653320024133749
   0.4060198669372506    0.4067029366676138    0.4082075304949107    0.4087353510889727     0.409485847427375    0.4103217695081531

0.3941062173270847
0.3942075709157338
0.3944177310225496
0.3944320277160876
0.3944631294361455
0.3945141439725394

-0.0004571990039019845
    0.3942293985474698

   2.483083789152283  0.04089957900907615   -0.173152139517236   -0.430734452154085  -0.6593448146719286   -1.260820515447966
   1.606887710984656  -0.3821526159923047  0.04215273666443288   -0.027995081609995 -0.07035868074600449   -0.168455393369233

-1.982834560529979e-08  6.350006267133831e-09  1.505047289103735e-07 -5.778127935699476e-08  -0.001325756261348498  -0.003035670315989746
-1.822670089599423e-08   3.21576876042612e-08  1.069904435836632e-07  -3.72445693695688e-08 -0.0004945184324257672     0.1327517348241332

cov:
 0.0542524956581351   0.054284109571776 0.05435121215101521  0.0543753500314306 0.05441179742949373 0.05444868974383733
  0.054284109571776 0.05433391576270137 0.05444177853548061 0.05448005647513472 0.05453594796399555   0.054595623621272
0.05435121215101521 0.05444177853548061 0.05464183584797102 0.05471101210600452 0.05481067660818836  0.0549214666364928
 0.0543753500314306 0.05448005647513472 0.05471101210600452 0.05479274595644879 0.05490676394867637 0.05503532550274364
0.05441179742949373 0.05453594796399555 0.05481067660818836 0.05490676394867637 0.05504266406932838 0.05519527717704618
0.05444868974383733   0.054595623621272  0.0549214666364928 0.05503532550274364 0.05519527717704618 0.05537707219832188

cov.inverse():
 27514324.82487936 -34041751.17901219  692537.0734333842  1316989.585633499  1749695.674701346  2768666.755899413
-34041751.17864014  42858619.12584127 -1599825.739802103 -2219550.045648793 -2380968.819947683  -2617105.15768318
 692537.0730260574 -1599825.739309191  1353334.452955376  118657.6395682216 -252825.9446049267 -311806.4633956617
 1316989.585288471 -2219550.045233005  118657.6395684075  1453051.053857262 -190100.1444359246 -478970.7462765678
 1749695.674762248  -2380968.82005491 -252825.9445650287 -190100.1444088412  2271513.658557926 -1197376.237962161
 2768666.756218802 -2617105.158112592 -311806.4633501545 -478970.7462326994 -1197376.237941507  1836642.846509677

cov*(cov_.inverse()):
     1.000000000407454 -1.164153218269348e-10  3.637978807091713e-11  1.818989403545856e-11 -7.275957614183426e-12 -1.455191522836685e-11
 3.492459654808044e-10     0.9999999996216502  1.818989403545856e-11  2.546585164964199e-11  2.182787284255028e-11  1.455191522836685e-11
                     0 -1.455191522836685e-10      1.000000000025466  1.455191522836685e-11  1.455191522836685e-11  -2.91038304567337e-11
 1.164153218269348e-10  8.731149137020111e-11  2.182787284255028e-11      1.000000000007276                      0 -1.455191522836685e-11
  2.91038304567337e-10 -8.731149137020111e-11  7.275957614183426e-12   2.91038304567337e-11      1.000000000014552                      0
 3.201421350240707e-10 -1.455191522836685e-10  3.637978807091713e-12  3.637978807091713e-12                      0     0.9999999999854481
