5
2

7.220427247416121e-05
0.0002745896365057782
0.0006649415022794096
  0.01166917750233321
    0.508684933906643

  -0.2992812622770233    0.8041315885370685   -0.5135506603425363 0.0004190643458282839  0.008286013127021926
  -0.5208161864179833    0.2728699830121235    0.7254536476325312    -0.155060507014653   -0.3224371514528146
    0.109644237679242   0.09828438901757675   0.09780975495606016    -0.831812471114932    0.5261554758360738
  -0.6543312951479175   -0.2639303869332699  -0.02127605924079697    0.2890981445844429    0.6466536160451881
   0.4461052828074181    0.4467608872948816    0.4471725679612039    0.4477346750531342    0.4482913577717624

0.3781896106522856
0.3782757847901584
0.3782551676074677
0.3782388069120545
0.3781808595689896

0.0004226723269990948
   0.3783991586291606

   6.314639574244673    2.744033142063179   -8.558613270838521 -0.09863186054171098  -0.4016134009736861
   2.661616627529065  -0.9804370769536777  -0.3421361679709781  -0.1321189937179974  -0.2068843849554337

 2.454820241268295e-08 -6.487438469173152e-07 -1.911969219569285e-09 -0.0006757047758252612  -0.002188346977277963
-7.356384668179203e-09 -1.368315738238002e-07  7.209205120205764e-08 -0.0002243410164586163     0.1150054359699939

cov:
0.05155420702133567 0.05159506810948323  0.0516209539413942 0.05165817475232524 0.05169064923369933
0.05159506810948323 0.05165684833402404 0.05169572320411319  0.0517494940397399 0.05180105409370653
 0.0516209539413942 0.05169572320411319 0.05174268425056742 0.05180673701923613 0.05187016473197417
0.05165817475232524  0.0517494940397399 0.05180673701923613 0.05188443100409269 0.05196250422310425
0.05169064923369933 0.05180105409370653 0.05187016473197417 0.05196250422310425 0.05205888383729395

cov.inverse():
 20808233.05917878 -48020787.36191206  24493989.09275925  839349.8800344699  1878917.668632059
-48020787.36621272   125040361.173688 -76563646.01386571 -681987.6236375538  226856.1624986118
  24493989.0990025 -76563646.02329619  57588788.01059121 -1717243.815854793 -3802237.904211038
 839349.8793252417 -681987.6216717534 -1717243.817153275  1884423.825902479 -324719.2909244332
  1878917.66739871  226856.1656625317 -3802237.906099665 -324719.2909663546  2021231.799803709

cov*(cov_.inverse()):
     1.000000000058208  9.622453944757581e-10 -9.604264050722122e-10  1.455191522836685e-11  4.365574568510056e-11
 1.600710675120354e-10     0.9999999999890861   -7.8580342233181e-10  7.275957614183426e-12 -1.455191522836685e-11
 3.492459654808044e-10  -6.83940015733242e-10      0.999999999650754 -1.455191522836685e-11                      0
 7.275957614183426e-11  7.021299097687006e-10 -8.440110832452774e-10       1.00000000001819  1.455191522836685e-11
 7.275957614183426e-11 -2.819433575496078e-10 -3.492459654808044e-10                      0                      1
