5
2

0.0001733171489943715
0.0006490044138945196
0.0008827972271422679
  0.01990704283332152
   0.5220641123615808

 -0.4929267328059879   0.8401483738257622 -0.05928593313308615 -0.08828873518828741  -0.1996602699951434
 -0.3072244138561198  -0.2138336846409065   0.4838092053316851   0.5777159396421803  -0.5404269245359027
  0.0905363959132716  0.05699767222348141  -0.7497078288650754   0.6512207853174149 -0.04903148463105112
 -0.6755883170680427  -0.2140021843401543  0.01738061232308456   0.1839311835173707   0.6809190296826682
  0.4449943622925834    0.446520095549538   0.4472694004987964   0.4478059856932182   0.4494660213553649

0.3942294896379429
0.3943966155701214
0.3945273804283261
0.3945395286203955
0.3946142464081994

-0.0004089883054112376
    0.3943592266308426

   3.778874271077541   -2.265471600725941 -0.09005440825700893   -0.262253050100083   -1.161157201548393
   1.534725063028933  -0.4206346577897525  0.04087785236542063 0.008837511366816125  -0.1637154200840416

-1.053074568176134e-07 -1.028100746617448e-07  1.298849851641984e-07  -0.001152651387978274  -0.002621564857435961
-3.245452125440278e-08 -1.129677609251669e-07  7.645954702888243e-08 -0.0004184693606284535     0.1209522618896971

cov:
0.05415145996781411 0.05421289219072528 0.05424168881973826 0.05426226450401947 0.05433063846464653
0.05421289219072528 0.05435945112615885 0.05443089689221635  0.0544821274111463 0.05464207161660426
0.05424168881973826 0.05443089689221635 0.05452444874927287 0.05459020829572395 0.05479617738904516
0.05426226450401947  0.0544821274111463 0.05459020829572395 0.05466857230628814 0.05490677790111211
0.05433063846464653 0.05464207161660426 0.05479617738904516 0.05490677790111211 0.05524452619722648

cov.inverse():
 8324511.790392161 -13623584.70335172  532851.3509511816  1102747.108185193  3663681.395970869
-13623584.70338169  23610734.03195844 -1958607.737020728 -2715083.835473902 -5313841.259210182
   532851.35092525 -1958607.736969145  1393937.544095699  211371.8113514062 -179492.2427383974
 1102747.108273384 -2715083.835623929  211371.8113734891  1596130.017967433 -195057.7455713747
 3663681.395938579  -5313841.25914171 -179492.2427348269 -195057.7456111295  2024736.821139215

cov*(cov_.inverse()):
    0.9999999999417923  4.656612873077393e-10  1.818989403545856e-12  7.275957614183426e-12 -4.365574568510056e-11
  2.91038304567337e-11      1.000000000232831  3.637978807091713e-12   2.91038304567337e-11  -2.91038304567337e-11
-5.820766091346741e-11   2.91038304567337e-10      1.000000000005457 -7.275957614183426e-12 -1.455191522836685e-11
 -2.91038304567337e-11  3.492459654808044e-10  5.456968210637569e-12      0.999999999994543   2.91038304567337e-11
-5.820766091346741e-11  2.328306436538696e-10  3.637978807091713e-12  2.000888343900442e-11      1.000000000014552
