6
2

7.855822180647941e-05
0.0001790360616133976
 0.000663029215010772
0.0008835216334565877
  0.02157848840783725
   0.5719511629795433

   0.3317628228875903   -0.7882011913736657    0.5166162265836554 -0.007592593206054448  -0.01325629129068517  -0.03932694962593325
   0.6110065238495069   -0.2291920768940058   -0.7238919678595818   0.05740193019802911   0.08620590733203486    0.1984842525777229
  -0.2050472245126979   -0.1768084187449319   -0.1572419395675935    0.4813931615635857    0.6070411460172819   -0.5493005209021903
   0.0675714283899399   0.05618743303130208   0.04483192698827129   -0.7684152922688179    0.6315076721338257  -0.03167288115656582
  -0.5519966724973739   -0.3549699639122708   -0.1264721740815506   0.08697270060825583    0.2404859533830763    0.6985005676657488
   0.4065634864320805     0.407170669322506    0.4078700200376006    0.4085115456068499    0.4089724019855756    0.4103901994665965

0.3941964256241609
0.3942935802089727
0.3943620675704051
0.3944927665361888
0.3945037558683128
0.3945745781815999

-0.0003924421212733978
     0.394327906952771

    1.887661001095103     4.159558769400778     -4.73914600438107  -0.08119069670679134   -0.2227398034236093    -1.004215180742691
    1.536682425176348 -0.008689339627597076   -0.4021778344100355   0.03709611185855705 -0.003489205118625827   -0.1593317887902894

-3.121226619164544e-08  1.092231295437409e-07  3.034173410043705e-12  7.988338171523643e-08  -0.001248451650272702  -0.002693261454447966
 1.943508322798798e-09  3.853686512549588e-08 -6.464701604775539e-08  4.656732176052795e-08 -0.0004205584968632247     0.1326581897065594

cov:
0.05421418723138311  0.0542442785074342 0.05427855155399933 0.05430892610002253 0.05433082528007804 0.05440173935503639
 0.0542442785074342 0.05429259678673543 0.05434797618417594 0.05439805770253683 0.05443412038209872 0.05454732383802673
0.05427855155399933 0.05434797618417594 0.05442784537805683 0.05450077936974948 0.05455326880063443 0.05471552133986673
0.05430892610002253 0.05439805770253683 0.05450077936974948 0.05459577838137115 0.05466276898911175 0.05487093883817334
0.05433082528007804 0.05443412038209872 0.05455326880063443 0.05466276898911175 0.05474233908275902 0.05498267332917055
0.05440173935503639 0.05454732383802673 0.05471552133986673 0.05487093883817334 0.05498267332917055 0.05532227557883614

cov.inverse():
 29584013.48930294 -46653317.57715398  14051001.08277926  394866.8533573508  701845.9164291129  1921972.671303729
-46653317.57556713  102382069.0305057  -60738905.0377856  310289.1735190655  877806.4970514275    3821690.1706698
  14051001.0805866 -60738905.03530352  59653605.23278631 -2148270.406940768 -3237467.623759907  -7580130.11547957
 394866.8531444222  310289.1741310488 -2148270.407398761  1395713.808799949  213830.9674764519  -166375.615319604
 701845.9170125315  877806.4960965078 -3237467.623425808  213830.9674777674  1609571.611476718 -165495.0193904022
 1921972.671539084  3821690.170117445 -7580130.115066226 -166375.6153798561 -165495.0194264947   2168361.42365038

cov*(cov_.inverse()):
     1.000000000014552   2.91038304567337e-10   2.91038304567337e-10 -1.818989403545856e-12 -3.456079866737127e-11                      0
 3.346940502524376e-10      1.000000000465661   2.91038304567337e-10  7.275957614183426e-12 -5.456968210637569e-12 -1.455191522836685e-11
 7.275957614183426e-11  -2.91038304567337e-11      1.000000000174623  2.546585164964199e-11  9.094947017729282e-12                      0
-1.891748979687691e-10   4.94765117764473e-10  1.164153218269348e-10      0.999999999994543 -3.637978807091713e-12  1.455191522836685e-11
-4.365574568510056e-11  3.201421350240707e-10  1.746229827404022e-10  9.094947017729282e-12      0.999999999998181                      0
-1.746229827404022e-10 -1.746229827404022e-10  5.820766091346741e-11                      0 -1.818989403545856e-12                      1
