5
2

0.0002214337358763689
0.0006805442161378028
0.0007917917244527514
  0.01736467660019526
   0.5194849997039566

 0.4067997180468195 -0.8654654692431299 0.07575089931430659  0.1347523610732373   0.248167510732287
 0.1805053074480094  0.1426326721652922 -0.3332075306642365 -0.6414902156141294  0.6515648851757347
 0.1483114176695939  0.0940694767919142 -0.8241335990430357   0.536581976898282 0.04514698130811487
-0.7628868627113626 -0.1489151235077011 0.06224965687573367  0.2857071600830587  0.5570676077364648
 0.4449035642376647  0.4467668988471951  0.4473961710932963  0.4480885015281369  0.4489025701779943

0.4003473179522651
0.4004590000317937
  0.40043718395232
0.4003984934182996
0.4003888018594563

0.0003915274555923018
   0.4005813793043241

    4.06632592880465   -2.592169224114352  -0.1376020593651393  -0.4839552762651417  -0.8524948837014615
   1.548622431411322  -0.3635125772587957 -0.01610433907320696 -0.08419633096608586 -0.08476388572128363

 1.770290696409411e-07  7.647016994330095e-08  1.093823216774684e-07   -0.00100647335394314  -0.002719447781778832
 4.466826215818925e-08  1.073716224917021e-07   1.00152734275442e-07 -0.0003617082470222969     0.1197117222051951

cov:
0.05359231840059194 0.05367476889269144 0.05370164005009581 0.05373346276398015 0.05376884522093091
0.05367476889269144 0.05387190412676807 0.05393816595171552 0.05401166141857745 0.05409767772007903
0.05370164005009581 0.05393816595171552  0.0540186569903775 0.05410578558595551 0.05420922161354657
0.05373346276398015 0.05401166141857745 0.05410578558595551 0.05420930499226428 0.05433057374668884
0.05376884522093091 0.05409767772007903 0.05420922161354657 0.05433057374668884 0.05447515150831182

cov.inverse():
 3482366.336347912 -7102082.592890184  303480.7705654288     994167.5248352   2322126.81994893
-7102082.592892461  15334195.17194322 -1563363.189631769 -2495661.523772742 -4173171.408565403
 303480.7705657038 -1563363.189629061  1440129.414935663 -35601.25415016492 -144608.1454081102
 994167.5248406279 -2495661.523788722 -35601.25414181453  1718369.791512892 -181290.8654211069
 2322126.819945499 -4173171.408554402 -144608.1454134777 -181290.8654233097  2176965.695686648

cov*(cov_.inverse()):
    0.9999999999708962  1.164153218269348e-10   -1.2732925824821e-11 -1.818989403545856e-12 -1.455191522836685e-11
-7.275957614183426e-11      1.000000000116415 -8.185452315956354e-12 -7.275957614183426e-12 -1.455191522836685e-11
 1.455191522836685e-11  5.820766091346741e-11     0.9999999999972715  7.275957614183426e-12  1.455191522836685e-11
 -2.91038304567337e-11  2.037268131971359e-10 -6.366462912410498e-12     0.9999999999872671                      0
-5.820766091346741e-11  1.164153218269348e-10 -2.728484105318785e-12                      0     0.9999999999854481
