5
2

7.319767829187851e-05
0.0001705051213051337
0.0004222680866320405
  0.02314936800642519
   0.5716986723886619

-0.2734342184521475  0.7735716185550421  -0.569230467920571 0.02023539947163945 0.04886596100300601
-0.6460168926571129  0.2820150118137028  0.6744420174893505 -0.1495621025873692 -0.1609001243874764
 0.1615396869394545 0.08858010370302496 0.05808668152060806 -0.8306265914259804  0.5222488849365265
-0.5317146059896988 -0.3388096568342162 -0.1339839062720453  0.2946597051338716  0.7054867576670762
 0.4461842779635271  0.4465602599220985  0.4469663183348719  0.4477240554899252  0.4486288051009411

 0.423817418528255
0.4237796819026624
0.4236760693897125
0.4234626624903076
0.4231983458769806

0.001626261800338332
  0.4242228387124739

-0.0771590577049763   5.482973081554177  -3.320316838907348 -0.6880025425373673  -1.398095859949649
   9.28032759091608  -5.793975581232905  -5.316714949819788   1.387357102089702   1.449558431381953

 3.252435298218792e-08 -9.168770116236284e-09  2.169521310893567e-08  -0.001372343997413149  -0.001725852685125579
-2.086511104618082e-08 -3.388568702495925e-07  5.023617390498617e-08 -0.0004435235187123226     0.1465715518193971

cov:
0.06521884130127828 0.06521868313436521 0.06521952907791409 0.06520788066663487 0.06522279798514623
0.06521868313436521 0.06523854486131056 0.06526061831573696 0.06529336731484253 0.06535084791425842
0.06521952907791409 0.06526061831573696 0.06530524260855852  0.0653851333142553 0.06548782061951158
0.06520788066663487 0.06529336731484253  0.0653851333142553 0.06556383664197524 0.06576090392964792
0.06522279798514623 0.06535084791425842 0.06548782061951158 0.06576090392964792 0.06604901257716644

cov.inverse():
  28456593.3325917 -45664478.65871437  14115810.74185599  1537975.518272853  1554018.986243079
 -45664478.6622179  114467908.0836322 -75613867.51384215  1057921.243223216  5753420.598913562
 14115810.74685322  -75613867.5208066  76141160.46153942 -5890190.477661292 -8754358.340177076
 1537975.516965038  1057921.246909204 -5890190.480319133   4715339.36812971 -1420102.358758561
 1554018.986056905  5753420.598689222 -8754358.339486927 -1420102.359038251  2866714.808683015

cov*(cov_.inverse()):
     1.000000000407454 -1.746229827404022e-10  4.656612873077393e-10  -1.01863406598568e-10  5.820766091346741e-11
-1.455191522836685e-11      1.000000000291038 -2.328306436538696e-10 -5.820766091346741e-11                      0
  2.91038304567337e-11  6.402842700481415e-10      1.000000000232831  -1.01863406598568e-10                      0
-8.731149137020111e-11  1.455191522836685e-09                      0                      1   2.91038304567337e-11
 2.037268131971359e-10 -5.820766091346741e-10                      0                      0      1.000000000029104
