5
2

8.097568054192083e-05
0.0001092083024802616
0.0001501714716355616
 0.006870421607824268
   0.5191938921402199

 0.04129115461385151   0.1082021625148755   0.2336839693661642  -0.8467857381847773   0.4636087236516311
 -0.1018758791800709  -0.4766414103300955   0.8306969485362653  0.01635189486809815  -0.2685320584708369
  0.6636570934075774   -0.673140595082979  -0.2304218793970134 0.009114370903893691   0.2307892704596861
 -0.5897859213288851  -0.3289303670265113 -0.04764611460545212    0.287092101734336   0.6776911933431105
  0.4467976893001882   0.4469807723882315   0.4471800391475037   0.4474165648541326   0.4476923542270938

0.4012399880612786
0.4012606580332393
0.4012818434762483
0.4013082682014286
0.4013380789551007

-0.0006471938978131829
    0.4011414240772434

0.7408047926820549  3.005781693952669  4.450543014398455   3.02611652781584 -11.22329938330838
0.6324213796101563 0.9417069186748832 0.9855157997827956 0.2599601200755429 -1.819710211650716

-4.176749725275347e-08  6.264012726675555e-08 -1.154592853603704e-07  -0.000395313925507654  -0.001601245655894205
-4.625722323167123e-09  9.520665136999769e-09 -1.936889102351611e-08 -8.913163291240646e-05     0.1201796077574328

cov:
0.05382865897319008 0.05384342784821263  0.0538596017622435 0.05387877421656945 0.05390112017823961
0.05384342784821263 0.05386145969986047 0.05388108779018996 0.05390438952213211  0.0539315537397939
 0.0538596017622435 0.05388108779018996 0.05390448620761221 0.05393223389437839 0.05396459790581663
0.05387877421656945 0.05390438952213211 0.05393223389437839 0.05396530256587473 0.05400385052040989
0.05390112017823961  0.0539315537397939 0.05396459790581663 0.05400385052040989 0.05404963391722725

cov.inverse():
 20668079.64941732 -15052594.44584861 -12404651.30870175 -5207424.923428106  11996569.29097694
-15052594.44998848  40929432.03243554 -22464473.91145007 -14900900.98598572  11488628.60868312
-12404651.30285154 -22464473.93078233  68541957.68280098 -29132673.58533555 -4540161.237076219
-5207424.923627865 -14900900.96351517 -29132673.61618859  109382651.4569649 -60141694.36289468
 11996569.28946639  11488628.60140492 -4540161.219705211 -60141694.37147695  41196651.52827941

cov*(cov_.inverse()):
     0.999999999650754  2.328306436538696e-10 -1.164153218269348e-10                      0                      0
-2.328306436538696e-10     0.9999999998835847  2.328306436538696e-10                      0                      0
-2.328306436538696e-10  3.492459654808044e-10     0.9999999999417923  4.656612873077393e-10 -4.656612873077393e-10
-3.492459654808044e-10  2.328306436538696e-10 -2.328306436538696e-10                      1 -4.656612873077393e-10
-2.328306436538696e-10                      0                      0 -4.656612873077393e-10     0.9999999995343387
