7
2

7.251311276648108e-05
0.0001671209607138572
0.0003662528798325602
0.0004133950006608593
0.0004400354764577264
  0.02526576075823062
   0.6767431688508708

   -0.266132555305828    0.7674986267979983   -0.5814528449213363  0.008982547806307788   0.01553426833135898   0.01869771953777707   0.03688232135949189
  -0.6411042082957874     0.303349868789322    0.6810776896575441  -0.05049850197511131   -0.1252223954064766  -0.06361199482210732   -0.1040201853649637
   0.1987066056338711    0.1465867293991933     0.118464207872828   -0.6676005612337484   -0.1008169704694276   -0.3075594723243974    0.6120023261261881
   0.1143347933913003   0.05843852890818162   0.02244984097145422   -0.3917446644212906    -0.431339998308651    0.7863256762931562   -0.1586894847122092
 -0.05267921102678406 -0.002798844614877869   0.01497567406979768   -0.5039073197952557    0.7798755400547802    0.1137275537991517   -0.3491853304027253
   -0.566453424911925   -0.3895805629375352   -0.2018321672112358   0.03793373573920544    0.1911114757379149    0.3553937319270611    0.5677622825679254
    0.376772497855937    0.3771486915287899    0.3775546468287966    0.3779593475767486    0.3783256908882537    0.3787668808096934    0.3792174721587621

0.4232163419048265
0.4231695179871933
0.4230561548553589
  0.42296961861354
0.4228218709786742
0.4227178631222387
0.4225387093520723

0.001749797735340829
  0.4236381407349888

 -0.1367314891644172    5.487095879165108   -3.011415303321388  -0.3132479049888319  -0.6567230801001667 -0.08856156797303898   -1.281090422726075
    9.43424939071979   -6.440077014468604   -5.695207846229997    1.356332871147838    1.128589864935237   0.5375492767511409   0.6855002602107898

 3.121660596911737e-08 -1.728579480300748e-09 -8.187708959758998e-09  1.327960551719744e-07  5.750681050915125e-09  -0.001499269868538767  -0.002402442788229195
-2.143731249665692e-08 -3.406307951272204e-07 -6.829538273559322e-08 -2.217832699719949e-08 -1.056824714462427e-07 -0.0005351219144094993     0.1734007340914407

cov:
0.06521873941815995 0.06521967477408699 0.06522182788047841 0.06520494998413519 0.06521277769543281 0.06522952654920447 0.06523049713496089
0.06521967477408699 0.06524067727349908 0.06526410202281156 0.06527435377071215 0.06529954652055905 0.06533490524327333 0.06535992879854419
0.06522182788047841 0.06526410202281156 0.06531011798728745 0.06534917293718941 0.06539279396363587  0.0654479157004953 0.06549847576837822
0.06520494998413519 0.06527435377071215 0.06534917293718941 0.06542518177854442 0.06549213117752013 0.06557248046604111 0.06565564578800959
0.06521277769543281 0.06529954652055905 0.06539279396363587 0.06549213117752013 0.06557448275792602 0.06567078029387106 0.06577474843054816
0.06522952654920447 0.06533490524327333  0.0654479157004953 0.06557248046604111 0.06567078029387106 0.06578474057239493 0.06591090854390985
0.06523049713496089 0.06535992879854419 0.06549847576837822 0.06565564578800959 0.06577474843054816 0.06591090854390985 0.06606626732058486

cov.inverse():
 28571722.99923987 -45551541.02317634  13982113.31991285  -409435.626795569  1437903.992132397  553051.4007072435  1415889.573585454
 -45551541.0390301  115502071.8930708 -77336508.60085613 -93593.09393052291  638300.3698918384   1969209.65033898  4872900.974854642
 13982113.34366184 -77336508.63347054  81015099.84794548 -2904766.329552492 -4856872.828753229 -3778473.338155626  -6122648.80299881
-409435.6305216741  -93593.0843588717  -2904766.33594989   5638571.75432271 -286078.8897442062 -420808.9890616086 -1522239.860259221
 1437903.991105432  638300.3704510195 -4856872.827912067  -286078.889736909  4912915.249983972 -954927.1480540682 -890312.8411541439
 553051.3972272241  1969209.658988716 -3778473.343872245 -420808.9890100029 -954927.1479517781  4601588.713785803 -1970071.796469349
 1415889.573922016  4872900.972837314 -6122648.800592613 -1522239.860870038 -890312.8408757799 -1970071.796862451  4215865.376515348

cov*(cov_.inverse()):
     1.000000000087311  1.396983861923218e-09  1.746229827404022e-10  5.820766091346741e-11 -5.093170329928398e-11  4.365574568510056e-11  5.820766091346741e-11
 -1.01863406598568e-10      1.000000001222361  1.280568540096283e-09 -1.455191522836685e-11 -9.458744898438454e-11  -2.91038304567337e-11                      0
-1.455191522836685e-11  1.105945557355881e-09      1.000000000465661  4.365574568510056e-11 -9.458744898438454e-11  4.365574568510056e-11  5.820766091346741e-11
-1.455191522836685e-11  6.984919309616089e-10 -1.105945557355881e-09     0.9999999999563443 -9.458744898438454e-11   2.91038304567337e-11  1.164153218269348e-10
 5.820766091346741e-11  8.149072527885437e-10  4.074536263942719e-10  5.820766091346741e-11     0.9999999999490683  1.455191522836685e-11 -5.820766091346741e-11
-3.346940502524376e-10  4.074536263942719e-10 -1.164153218269348e-10  5.820766091346741e-11 -6.548361852765083e-11     0.9999999999854481  5.820766091346741e-11
  2.91038304567337e-11  1.164153218269348e-10  5.820766091346741e-11  1.455191522836685e-11 -1.455191522836685e-11  1.455191522836685e-11                      1
