5
2

7.882957771686808e-05
0.0001901568711777179
 0.000712339116090745
  0.02095761690145842
   0.5335461685037721

  -0.339267715540408   0.7928748317312516   -0.504508994434639  0.01091931909736714  0.03997951230482389
 -0.6137879741036669   0.2086769331296373   0.7205737774258703 -0.08448446937925855  -0.2309849911687839
  0.1295938996808412   0.1237030328547829   0.1263166710178838  -0.8530958767638838   0.4734707007824888
  -0.541404656069845  -0.3370288478273762   -0.103043213607493   0.2532772607314047   0.7200869943582381
  0.4452506705094494   0.4459961369579654   0.4468448282940763   0.4481307813005168   0.4498308443262681

0.4011842435455669
0.4012582659424483
0.4012970665482654
0.4014033877075471
0.4014058512212405

-5.841444489529474e-05
    0.4013625198544519

   1.887152207525185    4.362107127228746   -4.999159996731698  -0.2222628204318473   -1.027845443370447
   1.331585788749246   0.3615488650212073  -0.5001695782490965 -0.05789647364293726  -0.1349096220080119

 3.291583031877137e-08 -1.299616780478467e-07 -7.324767853841376e-08  -0.001218037194188754  -0.002866491799324818
 5.046669292615263e-10 -3.855412914985178e-08  7.084991316805902e-08 -0.0003966394196743236     0.1263967062407609

cov:
0.05656437081100144 0.05661023790306068 0.05666216022438141 0.05674037555337349 0.05684494347322103
0.05661023790306068 0.05667464169380133 0.05674775422968405 0.05685821063351636 0.05700503498959147
0.05666216022438141 0.05674775422968405  0.0568451388170575 0.05699250516329025 0.05718771383391162
0.05674037555337349 0.05685821063351636 0.05699250516329025 0.05719661956704754 0.05746485311138419
0.05684494347322103 0.05700503498959147 0.05718771383391162 0.05746485311138419 0.05783051454309048

cov.inverse():
 28975247.04030699 -46798279.89578438  15345466.57936329  619729.9373435465  1858127.364512613
-46798279.89196969  102399823.7296343 -60182426.07991064  697502.0729609171  3882959.516480824
 15345466.57416694 -60182426.07338624  55350706.95003369 -2782510.081436985 -7731121.465748135
  619729.937867617  697502.0717649271 -2782510.080704205  1650966.972473694  -185660.247146522
 1858127.365370205  3882959.514967036 -7731121.465152783  -185660.247085667  2175697.617797276

cov*(cov_.inverse()):
    0.9999999997526174   2.91038304567337e-11  4.656612873077393e-10  1.091393642127514e-11                      0
-2.473825588822365e-10     0.9999999995925464  6.402842700481415e-10  1.818989403545856e-12 -1.455191522836685e-11
-5.820766091346741e-10  2.328306436538696e-10      1.000000000116415 -9.094947017729282e-12  -2.91038304567337e-11
-1.891748979687691e-10 -2.619344741106033e-10 -2.328306436538696e-10      1.000000000023647 -1.455191522836685e-11
 1.891748979687691e-10 -4.365574568510056e-10  5.820766091346741e-11  3.637978807091713e-12     0.9999999999854481
