6
2

7.841470369465981e-05
0.0001771275904545711
0.0005775211410164657
0.0007375928183408103
  0.02280490671707362
   0.5853552471604969

  0.3209096356988951   -0.785175586668153   0.5280581428283365 -0.01060450015681396 -0.01810147206047031  -0.0350825155067415
  0.6223137661143253  -0.2384801022787694  -0.7170879827493939  0.06974650914512102  0.09971277368273912   0.1637999680851057
-0.07924254037898018 -0.07290326582270698  -0.0745110582661887   0.1108581342490713   0.7521030051610342  -0.6363217578562572
  0.1194359904200432  0.09996466218333228  0.08557130086376212  -0.8888119867008811   0.3551927562341253   0.2286285659996944
 -0.5695143944633605  -0.3819256603003275  -0.1671206124503977   0.1599082661941135   0.3606628249242402   0.5883948661552499
  0.4060192122374358   0.4067573097911636   0.4075975691142349   0.4088716691199498   0.4096720660942746   0.4105531248581955

0.4011878475129573
0.4012649584881403
0.4013075021446809
0.4014180282927876
0.4014145584775032
0.4014286675999663

-0.0001014394608692106
    0.4013603669159038

   1.754813400681458    3.980264743833364   -4.180714694924136  -0.2133043958205195  -0.4331719024088512  -0.9078757544631131
   1.341935715913263    0.220836039495439  -0.3112346781007245 -0.05357691560693387 -0.08723074629339417  -0.1105460392973819

-2.907046617421747e-08    9.2051566150694e-08  3.686980916140173e-08  4.237342873825021e-08  -0.001323770686501954  -0.003413796193680679
 6.082484028577357e-10  3.059235293524555e-08 -3.350339967501254e-08  8.001817253120927e-08 -0.0004689175413150495     0.1386984985412954

cov:
0.05665358221784696  0.0567006842481242 0.05675395063897409 0.05683428724787946 0.05688624166828518 0.05694139259533732
 0.0567006842481242 0.05676630473583092 0.05684074374665165 0.05695330002340909 0.05702502951971698 0.05710261716463975
0.05675395063897409 0.05684074374665165 0.05693943894954233 0.05708888657039505 0.05718326266910669 0.05728654508863248
0.05683428724787946 0.05695330002340909 0.05708888657039505 0.05729505932799119  0.0574233093087563 0.05756569097712523
0.05688624166828518 0.05702502951971698 0.05718326266910669  0.0574233093087563 0.05757371771913904 0.05773973487402833
0.05694139259533732 0.05710261716463975 0.05728654508863248 0.05756569097712523 0.05773973487402833 0.05793364129523353

cov.inverse():
 29137691.87606281 -45668975.89882691  13372458.69611608  608350.2214758092  932000.3513904455  1618779.355660283
-45668975.90002398   102109816.963749 -61947224.40792129  636318.6399275374  1454128.927222854  3415435.628324809
 13372458.69775879 -61947224.40995856  61768993.82823684 -2669444.692939899  -3945837.94426579 -6578733.137565473
 608350.2213263223  636318.6402021127 -2669444.693066058  1662301.798562239 -77305.27646075696 -160191.3844065203
 932000.3513239771   1454128.92737364 -3945837.944352542 -77305.27646954163  2298313.686607955 -661350.3389279755
 1618779.355430614  3415435.628739619 -6578733.137747115  -160191.384398804 -661350.3389391926  2366082.063141695

cov*(cov_.inverse()):
     1.000000000291038 -2.328306436538696e-10  8.149072527885437e-10   -1.2732925824821e-11  7.275957614183426e-12                      0
 1.455191522836685e-10      1.000000000145519  3.492459654808044e-10 -1.091393642127514e-11  1.455191522836685e-11                      0
 2.182787284255028e-10                      0      1.000000000407454 -9.094947017729282e-12                      0                      0
-3.492459654808044e-10  8.149072527885437e-10  5.820766091346741e-11      0.999999999996362  1.455191522836685e-11  5.820766091346741e-11
-4.365574568510056e-11  5.529727786779404e-10                      0 -9.094947017729282e-12      1.000000000014552  1.164153218269348e-10
-1.600710675120354e-10  1.455191522836685e-10  4.656612873077393e-10 -7.275957614183426e-12  7.275957614183426e-12                      1
