5
2

5.834757922592762e-05
0.0001834834827629543
 0.000670551502758396
   0.0156106446829531
   0.5576340266804645

  -0.2640935015658105    0.7973694657251511   -0.5425701507971963 0.0007006883652835962  0.008584757400096092
  -0.6146769784728078    0.2671000198454368    0.6873408309659159  -0.06821909232789658   -0.2715483917520949
   0.1769157999437076    0.1628810687288526    0.1581500830240511   -0.8787174830076125    0.3808079482840093
  -0.5683091898504096   -0.2591693486911619  -0.09202648217595519    0.1506478579215187    0.7607182546202942
   0.4451430096363395    0.4462740421271439    0.4468779378854997    0.4477794908637474    0.4499786844822863

0.4167338822861865
0.4167368811723278
0.4168062780998679
0.4168195600859029
0.4167223551241042

0.0003717289423103781
     0.41692962816217

   6.233803594086135   0.4729712331036386   -5.868807298967032 -0.03079770816511686  -0.8069894313088433
   3.984928482700362   -3.047310446298314 -0.09103164695170601 -0.05339184829746951   0.2062156468757708

 6.496066687564063e-09  -2.53105035539663e-07 -1.281537574643236e-08 -0.0009123235140085234   -0.00421352789647218
 -1.16809811169587e-08 -1.137346672895776e-07  1.437478344402073e-07 -0.0003211122860593382     0.1374835758284609

cov:
0.06169532198860942 0.06180904535651791 0.06186948055536783 0.06196059738392937 0.06218062343548738
0.06180904535651791 0.06194648565321201 0.06201973260975745 0.06212943445794111 0.06239617965121987
0.06186948055536783 0.06201973260975745 0.06209991300268799 0.06221965765650477 0.06251165926502608
0.06196059738392937 0.06212943445794111 0.06221965765650477 0.06235450992179824  0.0626826242860427
0.06218062343548738 0.06239617965121987 0.06251165926502608  0.0626826242860427 0.06310365608292502

cov.inverse():
  31780295.5434684 -66666563.78882923  29601912.00741829  845096.6616969338  4440040.481024522
-66666563.76505082  188933939.7787017 -121567239.0769173 -695597.0793512218 -6590.332672435264
 29601911.97844642 -121567239.0382917  100558783.9283558 -1813579.310675712 -6778538.804388842
 845096.6624401206 -695597.0815354913 -1813579.309221544  1855725.839942513 -191715.5264091925
 4440040.485474555 -6590.345335391514 -6778538.796188842  -191715.526396132  2536820.791311037

cov*(cov_.inverse()):
    0.9999999994761311  1.110606717702467e-09   2.91038304567337e-10  7.275957614183426e-12                      0
                     0      1.000000000404214 -8.731149137020111e-10  1.455191522836685e-11  8.731149137020111e-11
-1.164153218269348e-10 -9.424638847121969e-10      1.000000000349246 -5.456968210637569e-12                      0
-5.820766091346741e-10  6.442064659495372e-10 -1.746229827404022e-10      0.999999999996362   2.91038304567337e-11
-6.402842700481415e-10 -2.195292836404406e-10 -5.820766091346741e-10 -1.455191522836685e-11      1.000000000029104
