5
2

3.630783174238406e-05
8.546843201839452e-05
0.0003683568402495829
  0.02107858393277901
   0.5242457656026214

 0.006551089084999561    0.4167251334815524    -0.817400663085709    0.3976692595727225 -0.003544338373789776
  -0.4684034674461139    0.7429599460162029    0.1551613407044864   -0.4517185151178004   0.02200117611887812
   0.3199230599438239  -0.09685597892769471    -0.327346431954112   -0.5706113023722352    0.6749186692884642
  -0.6934043752308379   -0.2567720783836124    0.0230476323915035     0.333083778133955    0.5846216516332997
   0.4442914393088949    0.4461364150670746    0.4473189404282887    0.4486284447510251    0.4496728813285488

0.3978725615008294
0.3980940759875468
0.3981923910856325
0.3982904176756344
0.3984066091874549

-0.0007382215885285981
    0.3979561474978081

  0.3199629094719791    1.300989323510261    5.278166912856868   -6.848376848127302 -0.05088685583418358
   1.520361277093907   -1.893483985274958     2.93259425523733   -1.458594195490715  -0.1008850807937544

 -8.55989456856615e-09  3.453805825209029e-08  2.879249415053612e-07  -0.001219668525630619   -0.00320444138463068
-4.951230953468586e-09  -7.35778079197246e-09  6.431833652851671e-08 -0.0004644140921645837     0.1216974735077432

cov:
0.05446439324917117 0.05455513452606079  0.0546133121954105  0.0546776851119215  0.0547277749166963
0.05455513452606079 0.05473155190766619 0.05484462100344982 0.05496981355815188 0.05506916450402097
 0.0546133121954105 0.05484462100344982 0.05499287495913134 0.05515704682007887 0.05528796951124253
 0.0546776851119215 0.05496981355815188 0.05515704682007887 0.05536441046405146 0.05553031481667411
 0.0547277749166963 0.05506916450402097 0.05528796951124253 0.05553031481667411 0.05572484318274291

cov.inverse():
 30823030.78087572 -45797300.07554001 -14783219.60001501  29595507.34761015  162037.5170154694
-45797300.10394129  207368319.5621643 -242380208.2232082  80174225.72363912  635152.9178858224
-14783219.54591622  -242380208.315467  510923693.0726418 -254797426.2640371  1036808.765086903
 29595507.32183198   80174225.7853255 -254797426.2977993   150295228.292666 -5267541.029887202
 162037.5170960373  635152.9200572509  1036808.760688757 -5267541.027741049  3433672.597323332

cov*(cov_.inverse()):
     0.999999999314241 -8.003553375601768e-10 -1.135049387812614e-09  5.820766091346741e-11  5.820766091346741e-11
-1.891748979687691e-10      1.000000000283762 -1.607986632734537e-09  3.085006028413773e-09  5.820766091346741e-11
-5.820766091346741e-11 -7.275957614183426e-12     0.9999999996944098  1.280568540096283e-09   2.91038304567337e-11
 -4.31100488640368e-10 -2.430169843137264e-09  -1.59343471750617e-09      1.000000001862645                      0
-3.383320290595293e-10   1.08411768451333e-09 -1.455191522836685e-11  1.164153218269348e-09                      1
