5 
6 
7 
11 
12 
inputFileName = /Users/demattia/RemoteProjects/extracted_hybrid.root
eventsFractionStartBuild = 0
eventsFractionEndBuild = 0.2
eventsFractionStartTest = 0.8
eventsFractionEndTest = 1
var name = R
var name = z
par name = cotTheta
firstOrderChargeOverPtCoefficientsFileName = 
firstOrderCotThetaCoefficientsFileName = 
2 < pT < 10, pT regions = 1
0 < phi < 0.8, phi regions = 1
-3 < eta < 3, eta regions = 1
-15 < z0 < 15, eta regions = 1
charge regions = 1
endcap regions = 0
Training
Requested running from track number 0 to track number 1000000 for a total of 1000000 tracks.
Analyzed 10% of 1000000 tracks
Analyzed 20% of 1000000 tracks
Analyzed 30% of 1000000 tracks
Analyzed 40% of 1000000 tracks
Analyzed 50% of 1000000 tracks
Analyzed 60% of 1000000 tracks
Analyzed 70% of 1000000 tracks
Analyzed 80% of 1000000 tracks
Analyzed 90% of 1000000 tracks
Analyzed 100% of 1000000 tracks
Evaluating eigenvalues:
geomIndex = 0
Sqrt(eigenvalues) of cov:
 0.148175 0.565261 0.96675 1.14992 2.04402 2.29287 2.32885 2.49171 6.7726 23.1652
Analyzed 10% of 1000000 tracks
Analyzed 20% of 1000000 tracks
Analyzed 30% of 1000000 tracks
Analyzed 40% of 1000000 tracks
Analyzed 50% of 1000000 tracks
Analyzed 60% of 1000000 tracks
Analyzed 70% of 1000000 tracks
Analyzed 80% of 1000000 tracks
Analyzed 90% of 1000000 tracks
Analyzed 100% of 1000000 tracks
opening GeometricIndex.txt for writing
Matrices built:
geomIndex = 0

V_0:
   -0.383633     0.205137     0.718817    -0.384098    -0.337228     0.181054   0.00175393  -0.00236659   0.00116925   0.00136609
   -0.542158     0.183409    0.0676687   -0.0192335     0.737955    -0.289807   -0.0764831    0.0237528      -0.1712    0.0564604
    0.671811   -0.0102199     0.562786   -0.0213334     0.428348   -0.0438802    -0.167663    0.0909531    0.0730868   -0.0651883
    0.175469    0.0388243     0.113533    0.0224706    0.0549625    0.0154841     0.619365    -0.445287    -0.474261     0.379778
   -0.211786    -0.423573     0.120158     0.210961      0.27921      0.51511     0.195926     -0.36572     0.335835    -0.297606
   0.0850989     0.175971    -0.206895    -0.385269     0.106448     0.175187     -0.41261    -0.520592     0.301145     0.443375
    0.154035     0.332234    -0.283811    -0.540746     0.159732     0.230508     0.211094    -0.002831    -0.172018    -0.583208
  0.00650495    0.0953324     0.104886     0.197427    -0.200962    -0.467641     -0.24461    -0.622756    -0.106601    -0.472011
  -0.0300865    -0.712303   -0.0175771    -0.388265   -0.0026986  -0.00947768    -0.307373   -0.0107275    -0.495738   -0.0146415
 0.000955862     0.292309    0.0018889     0.419606 -0.000766828     0.559577    -0.418229    0.0127066     -0.50024  -0.00614008
corrPV_0:
-0.000203309   -0.0314745    0.0138211   0.00964939   0.00411521  -0.00710087   -0.0223751   -0.0387326      1.06853      5.20911
D_0:
   0.0664822   -0.0362106  -0.00364768    0.0020555   -0.0621788    0.0337834 -0.000256829 -0.000109126  -0.00063237  0.000291066
opening matrixVD_0.txt for writing
