10
1

0.1492764023284208
0.5622948207294043
0.9673118908750573
 1.150595619067428
  2.02395752114075
 2.298778434637556
  2.34790442664596
 2.489994569153591
 6.764099482916763
 23.15950291834947

  -0.3838421693072214    0.2049925133111388    0.7190803623238428   -0.3839547604909378   -0.3367052549482549    0.1810012398706007  0.001784957340842053 -0.002754584520173721  0.001017307516522736  0.001321626585848773
  -0.5412618558608459    0.1811851804511697   0.06965783967473003  -0.01749628294385889    0.7399120760188923   -0.2887912313083479   -0.0767621081583561   0.02462420682888361   -0.1692539372305212   0.05507518163264521
    0.671387686306224  -0.01424882494355005     0.564491148293975  -0.01705141241423456    0.4257763357803214  -0.04370805732194297   -0.1690614651601969   0.09002616768031405   0.07565976264786479  -0.06699079457589083
   0.1766249094370032   0.03990068246562666     0.114602674989254   0.02227317185683807   0.05713197183284625   0.01462870623589657    0.6191015890865029   -0.4444999571086227   -0.4743190019695624    0.3798133005120312
  -0.2170743040091393   -0.4357389384725511    0.1263130107237698    0.2274526197902192    0.2725900801323622    0.5139493739442009    0.2100207139784425   -0.3414674637983486    0.3298069611850305   -0.2956179655687805
  0.04969390389244037    0.1010567064188561   -0.1466214801719802    -0.272215530304233   0.08306326241676784     0.141087858134534   -0.4402986487307194   -0.5244054128295389    0.3359957483761456    0.5321245487053712
   0.1648928267848019    0.3558027563526909   -0.3053449096711385   -0.5852927122241116     0.173171518444582    0.2414968605424045    0.1209122277287259   -0.1401330822513465   -0.1125352946720041   -0.5245772896792925
 0.008121828421409112   -0.0692431598266498   -0.1235747082134349   -0.2363763666871468    0.2083437572900652    0.4758862980070835    0.2455012559946863    0.6181967965700202   0.09722010954980882    0.4497000555527571
 -0.02993137337828049   -0.7115710599529432  -0.01800867953851432   -0.3884969566683767 -0.003038196539328458  -0.01005113461144126    -0.307396252504195   -0.0116597061707716   -0.4965425598534001  -0.01494547266755839
0.0008805764707248374    0.2924900613881548  0.001954031310030315    0.4198553999770617 -0.000746153722735289    0.5592624717280704   -0.4181879315927278   0.01263183869891537   -0.5003128260773867 -0.006140928345518433

22.67366082876769
40.75647140074602
35.56368959173724
64.46674197860622
50.52177224664246
91.98995911675877
73.06048763278386
  131.29972067534
86.47557845842944
155.8181794560418

1.836796647040404

0
0
0
0
0
0
0
0
0
0

0

0
0
0
0
0
0
0
0
0
0

0

0
0
0
0
0
0
0
0
0
0

0

0
0
0
0
0
0
0
0
0
0

0

0
0
0
0
0
0
0
0
0
0

0

0
0
0
0
0
0
0
0
0
0

0

0
0
0
0
0
0
0
0
0
0

0

0
0
0
0
0
0
0
0
0
0

0

0
0
0
0
0
0
0
0
0
0

0

0
0
0
0
0
0
0
0
0
0

0

0
0
0
0
0
0
0
0
0
0

0

0
0
0
0
0
0
0
0
0
0

0

0
0
0
0
0
0
0
0
0
0

0

0
0
0
0
0
0
0
0
0
0

0

0
0
0
0
0
0
0
0
0
0

0

0
0
0
0
0
0
0
0
0
0

0

0
0
0
0
0
0
0
0
0
0

0

0
0
0
0
0
0
0
0
0
0

0

0
0
0
0
0
0
0
0
0
0

0

0
0
0
0
0
0
0
0
0
0

0

0
0
0
0
0
0
0
0
0
0

0

0
0
0
0
0
0
0
0
0
0

0

0
0
0
0
0
0
0
0
0
0

0

0
0
0
0
0
0
0
0
0
0

0

0
0
0
0
0
0
0
0
0
0

0

0
0
0
0
0
0
0
0
0
0

0

0
0
0
0
0
0
0
0
0
0

0

0
0
0
0
0
0
0
0
0
0

0

0
0
0
0
0
0
0
0
0
0

0

0
0
0
0
0
0
0
0
0
0

0

0
0
0
0
0
0
0
0
0
0

0

0
0
0
0
0
0
0
0
0
0

0

0
0
0
0
0
0
0
0
0
0

0

0
0
0
0
0
0
0
0
0
0

0

0
0
0
0
0
0
0
0
0
0

0

0
0
0
0
0
0
0
0
0
0

0

0
0
0
0
0
0
0
0
0
0

0

0
0
0
0
0
0
0
0
0
0

0

0
0
0
0
0
0
0
0
0
0

0

0
0
0
0
0
0
0
0
0
0

0

0
0
0
0
0
0
0
0
0
0

0

0
0
0
0
0
0
0
0
0
0

0

0
0
0
0
0
0
0
0
0
0

0

0
0
0
0
0
0
0
0
0
0

0

0
0
0
0
0
0
0
0
0
0

0

0
0
0
0
0
0
0
0
0
0

0

0
0
0
0
0
0
0
0
0
0

0

0
0
0
0
0
0
0
0
0
0

0

0
0
0
0
0
0
0
0
0
0

0

0
0
0
0
0
0
0
0
0
0

0

0
0
0
0
0
0
0
0
0
0

0

0
0
0
0
0
0
0
0
0
0

0

0
0
0
0
0
0
0
0
0
0

0

0
0
0
0
0
0
0
0
0
0

0

0
0
0
0
0
0
0
0
0
0

0

0
0
0
0
0
0
0
0
0
0

0

0
0
0
0
0
0
0
0
0
0

0

0
0
0
0
0
0
0
0
0
0

0

0
0
0
0
0
0
0
0
0
0

0

0
0
0
0
0
0
0
0
0
0

0

0
0
0
0
0
0
0
0
0
0

0

0
0
0
0
0
0
0
0
0
0

0

0
0
0
0
0
0
0
0
0
0

0

0
0
0
0
0
0
0
0
0
0

0

0
0
0
0
0
0
0
0
0
0

0

0
0
0
0
0
0
0
0
0
0

0

0
0
0
0
0
0
0
0
0
0

0

0
0
0
0
0
0
0
0
0
0

0

0
0
0
0
0
0
0
0
0
0

0

0
0
0
0
0
0
0
0
0
0

0

0
0
0
0
0
0
0
0
0
0

0

0
0
0
0
0
0
0
0
0
0

0

0
0
0
0
0
0
0
0
0
0

0

0
0
0
0
0
0
0
0
0
0

0

0
0
0
0
0
0
0
0
0
0

0

0
0
0
0
0
0
0
0
0
0

0

0
0
0
0
0
0
0
0
0
0

0

   0.06686764610950834   -0.03638979075622607  -0.004141930741423216   0.002310086125663227   -0.06206348171639348    0.03371473187071553 -0.0002537692455812351 -0.0001004487606411648 -0.0006187854613036873  0.0002912729308886648

-0.0002226677346230346   -0.03118609073796148    0.01413261692488841   0.009497917254423496   0.005915413326730176  -0.003503677379237972    -0.0259885574231363     0.0377515561538352      1.066108992508203      5.198095570748781

cov:
   0.9567641774187359     1.814169947478149  -0.04567279401574874  -0.08656966059539291     0.108223971307193    0.1252626894274633   0.09502174759058052   0.04004252302167253    0.1068285338151624  0.003269965978134498
    1.814169947478149     70.62530684437216   0.04903296546608477     76.91609527400719   -0.1719423509658885     87.47770519367023    -56.04554442632033     2.127212780260255    -63.03121537009749   -0.8628469374467447
 -0.04567279401574874   0.04903296546608477     1.133104325207356     2.242885337882386   -0.1282509925785618  -0.04439552877853037   -0.1238464067837217 -0.004682381122378768   -0.1256873563713699  0.002552809857274339
 -0.08656966059539291     76.91609527400719     2.242885337882386     104.2974169491064   -0.8499295151849303     124.9220767679295    -88.60928064626719     3.019555131029101     -103.811488441159    -1.112693311797174
    0.108223971307193   -0.1719423509658885   -0.1282509925785618   -0.8499295151849303     1.125579661397378     1.173440810082227    0.6453999496244733   0.05789305764744124    0.7578267091129399  0.003037938954696168
   0.1252626894274633     87.47770519367023  -0.04439552877853037     124.9220767679295     1.173440810082227     170.7071841256663    -124.2762651917005     4.307519770569381    -148.7641474228771    -1.427290009437004
  0.09502174759058052    -56.04554442632033   -0.1238464067837217    -88.60928064626719    0.6453999496244733    -124.2762651917005     100.3184582965539    -1.274565085509993     118.3822082789545    0.7505875550668075
  0.04004252302167253     2.127212780260255 -0.004682381122378768     3.019555131029101   0.05789305764744124     4.307519770569381    -1.274565085509993     4.769719855984759    -3.773541818885381    0.8054311890203915
   0.1068285338151624    -63.03121537009749   -0.1256873563713699     -103.811488441159    0.7578267091129399    -148.7641474228771     118.3822082789545    -3.773541818885381     147.0219216761113     2.883174236593417
 0.003269965978134498   -0.8628469374467447  0.002552809857274339    -1.112693311797174  0.003037938954696168    -1.427290009437004    0.7505875550668075    0.8054311890203915     2.883174236593417      4.85169730058495

cov.inverse():
     8.060677344772275     -3.811099996428604     -12.10275075796594      6.602304121620755      4.838159429279398       -2.6709074363177    0.05082254824181182    0.02037719495534278     0.2459974430163478    -0.1088667803679248
    -3.811099996428636      2.074286355901716        6.6155386047996     -3.599483386365336     -2.696722549469317      1.459464284059246   -0.02747978606021947   -0.01546398548639245    -0.1326366957380133    0.05915695331090281
     -12.1027507579658      6.615538604799573      23.59768098260205     -12.35047214853575     -10.44820072904547      5.741208864622359 -0.0004892584411916646   -0.06816546066191596    0.00545995506893932    0.04346592813636322
      6.60230412162062     -3.599483386365326     -12.35047214853576      6.718817245629139      5.738408217070253     -3.123708446148564   0.001417061958416488    0.03645366312632448  -0.004450962368342384    -0.0233616273702722
     4.838159429279358     -2.696722549469302     -10.44820072904546      5.738408217070242      7.047287298027625     -3.370038144703965    -0.2376975766818067     0.1064371616011376    -0.3705065245512196    0.08215067312409009
     -2.67090743631761      1.459464284059237       5.74120886462236     -3.123708446148559     -3.370038144703965      1.852137096584035     0.1377167631539904   -0.06949943735207306     0.2065516722483099   -0.04359275178717291
   0.05082254824174456   -0.02747978606018324  -0.000489258441059251   0.001417061958344703    -0.2376975766818751     0.1377167631540279     0.4010635798116116    -0.1826729757850876    -0.2002886903015065     0.1233690341701096
   0.02037719495537459   -0.01546398548640986   -0.06816546066198018    0.03645366312635919     0.1064371616011709   -0.06949943735209128    -0.1826729757850874     0.3058733745432821     0.1050622517070998   -0.09983182537236109
    0.2459974430163988    -0.1326366957380428    0.00545995506883283  -0.004450962368284608    -0.3705065245511644     0.2065516722482798    -0.2002886903015098     0.1050622517071016     0.3243026828134228    -0.1429579511573859
    -0.108866780367952    0.05915695331091799    0.04346592813641881   -0.02336162737030219    0.08215067312406132   -0.04359275178715721     0.1233690341701106   -0.09983182537236165    -0.1429579511573852     0.2808926512492224

cov*(cov_.inverse()):
     1.000000000000056  2.952282515678029e-14 -8.517600687263371e-14  1.100686788891789e-13  1.050022698997899e-14 -6.833666662056648e-14  8.517492267046123e-16  6.895525817007808e-17  2.961660864470028e-15 -5.269222558279552e-16
-2.896294315490877e-14       1.00000000000004 -7.528005996348952e-14 -2.209690763699257e-14 -1.114386360967501e-14  2.408490074046199e-14 -1.693090112553364e-15   3.33066907387547e-16  -2.05391259555654e-15   9.71445146547012e-16
 1.380156839508873e-14 -9.766601589966672e-15      0.999999999999977  3.330411575859504e-15  1.054963950399002e-14 -7.979985487509278e-15 -5.896975616148659e-16   4.61111183958085e-16  1.879464466003622e-16 -5.043708506402567e-16
-1.191130527544715e-13  8.340550472496489e-15  -7.73756059224695e-14     0.9999999999999104  1.082606226887606e-13  6.663419815922111e-14  3.969047313034935e-15 -2.220446049250313e-15 -1.149080830487037e-14  4.496403249731884e-15
 4.479435485732486e-15  4.421674614993321e-15 -5.169936744334191e-15  1.227807460736641e-14      1.000000000000001  -8.30544942716227e-15 -1.205090714717638e-16  2.927345865710862e-17 -7.562310153086393e-17  1.111307226797642e-16
-4.815592369311616e-14  4.378442053365461e-14 -9.883760476725456e-14   4.05092626110104e-14  9.227341113415832e-14      1.000000000000071 -5.634381849972669e-15  5.551115123125783e-17  2.692290834716005e-15  4.440892098500626e-16
-8.407163853973998e-14  6.795952689486739e-14  1.928110449078702e-13  7.813541480494735e-14 -8.165690346118026e-14 -5.557360127639299e-14     0.9999999999999994 -1.609823385706477e-15  7.119305145408816e-15  7.771561172376096e-16
  -3.4555691641458e-15  1.457167719820518e-15 -2.498001805406602e-16 -3.885780586188048e-16 -8.049116928532385e-16 -6.522560269672795e-16 -4.163336342344337e-17     0.9999999999999997  6.938893903907228e-17 -2.775557561562891e-17
 1.185163078787355e-13  3.258504577274834e-14  9.295342273674123e-14  1.306177388471497e-13 -7.271960811294775e-15 -5.095923683029469e-14  2.386979502944087e-15 -1.110223024625157e-15      1.000000000000004 -1.998401444325282e-15
 2.109423746787797e-15  -3.33066907387547e-16 -1.498801083243961e-15   3.33066907387547e-15   3.33066907387547e-16 -2.137179322403426e-15  1.110223024625157e-16 -1.110223024625157e-16                      0                      1
