10
1

0.1481746596665888
0.5652606151074314
0.9667497105224779
 1.149920647131902
 2.044023487332731
 2.292868012191959
 2.328846889405551
  2.49171341720374
 6.772599119410978
 23.16521387624948

   -0.3836329714233341     0.2051373717026638     0.7188169329323578    -0.3840984584342553    -0.3372276207742333     0.1810541758296429   0.001753929901489116  -0.002366586163357324   0.001169246961736776   0.001366085263120471
   -0.5421582151293218     0.1834094117766387    0.06766874153365077   -0.01923352438213335     0.7379546844496657    -0.2898071177915224   -0.07648305481281735    0.02375280661031449    -0.1712003376025957    0.05646042405246111
    0.6718113418183433   -0.01021990157219232     0.5627856247943069   -0.02133336282590494     0.4283483015934406   -0.04388018678743641    -0.1676630633998871    0.09095310311930414    0.07308683423700574   -0.06518826095680445
    0.1754689437501812    0.03882433656121613     0.1135327829609948    0.02247061594264998    0.05496253981832471    0.01548412565779074      0.619365188383998    -0.4452867746391245    -0.4742610066029395     0.3797775792709558
   -0.2117863058395497    -0.4235730999702336     0.1201580976872679     0.2109609394099925     0.2792104447459615     0.5151097140055606     0.1959260190689832    -0.3657204916223573      0.335835313036045    -0.2976064060180999
   0.08509894885238778     0.1759706740309303    -0.2068951660127807    -0.3852686993683232     0.1064481257628395     0.1751870483446878    -0.4126103265148214    -0.5205924846869732     0.3011446325930522      0.443374896185981
    0.1540346978942146     0.3322343640096575    -0.2838108610880881    -0.5407457218997743     0.1597315770410581     0.2305075731715008     0.2110943244081648  -0.002831001318580239    -0.1720183091751889    -0.5832084134685742
  0.006504946720450375    0.09533243412037128     0.1048861304712482     0.1974271970664095    -0.2009615489259165    -0.4676406269261262    -0.2446099604864337    -0.6227558583274414    -0.1066010622541009    -0.4720114784023055
  -0.03008649516483126    -0.7123029141924903   -0.01757710766188445    -0.3882645022478369  -0.002698595099714365   -0.00947767958433433    -0.3073733773302123   -0.01072754393420974    -0.4957379617720272   -0.01464151508978184
 0.0009558622693661153     0.2923091421363394    0.00188890369070323     0.4196059562829073 -0.0007668276073341859     0.5595767578535954    -0.4182291243959932    0.01270660690311381    -0.5002401727318381  -0.006140075265436731

22.67382602572915
40.70893209239516
35.56171644304452
64.39671914127432
50.53502043881142
  91.936546127333
73.09853241810802
131.2967067940191
86.50176577747223
155.8195559598422

1.834902759409622

   0.06648216170821525   -0.03621063090543944  -0.003647680231055018   0.002055503054608301   -0.06217876700450887    0.03378340324805858 -0.0002568291867704464 -0.0001091256011883105 -0.0006323702748584643  0.0002910659814746973

-0.0002033088029832767   -0.03147447441101842    0.01382110579592629    0.00964938928363175   0.004115206383480592  -0.007100866378911891   -0.02237514795572467   -0.03873262150190673      1.068529833827575      5.209106599973204

cov:
  0.9561047107809185    1.836942416670314 -0.04459466693349456 -0.05337582828707297  0.08592792061282443   0.1210926795131442   0.0698327461054104  0.03420244435047574  0.08257827781952264 0.009866286635592565
   1.836942416670314     70.7054845654981  0.02487009513732285    76.91642348003413  -0.2184296122120249    87.45951679299407   -56.02528333682859    2.113218589491856   -62.99530016882273  -0.8547357432509155
-0.04459466693349456  0.02487009513732285    1.132474167951923    2.209907077953117  -0.1067600827957234 -0.04060607848707055  -0.1100130463437893 -0.01553849289052518   -0.107419070604601 -0.01178077361108235
-0.05337582828707297    76.91642348003413    2.209907077953117    104.1966763612421  -0.8174985259264714    125.0213143069221   -88.58777059786451    3.014092897379481   -103.7661110945894   -1.138107564729614
 0.08592792061282443  -0.2184296122120249  -0.1067600827957234  -0.8174985259264714    1.127027364188235    1.166895802828579   0.6557165019956849  0.06235753028347898   0.7659074229636869 0.003785064128751961
  0.1210926795131442    87.45951679299407 -0.04060607848707055    125.0213143069221    1.166895802828579    170.9816427908412   -124.4115231227862    4.343225895585501   -148.9009210906198   -1.422981896961674
  0.0698327461054104   -56.02528333682859  -0.1100130463437893   -88.58777059786451   0.6557165019956849   -124.4115231227862    100.4019799931957   -1.307634193039211    118.4506146047175   0.7480913530689937
 0.03420244435047574    2.113218589491856 -0.01553849289052518    3.014092897379481  0.06235753028347898    4.343225895585501   -1.307634193039211     4.75354727496572   -3.805441045478271    0.811852780078597
 0.08257827781952264   -62.99530016882273   -0.107419070604601   -103.7661110945894   0.7659074229636869   -148.9009210906198    118.4506146047175   -3.805441045478271    147.0488692510794    2.876342813387226
0.009866286635592565  -0.8547357432509155 -0.01178077361108235   -1.138107564729614 0.003785064128751961   -1.422981896961674   0.7480913530689937    0.811852780078597    2.876342813387226    4.857263401006396

cov.inverse():
    8.145866568949069      -3.8634489391319    -12.27249732304678     6.699817884118284     4.947326077294758    -2.718520022166587   0.05012803719190757   0.01672381901609795    0.2428417800284903    -0.110920073776361
   -3.863448939131941     2.105045746902931     6.717484102208181    -3.656985110555675    -2.748269567464476     1.487244184406598  -0.02744999301527744  -0.01245600344181828   -0.1307868495305224   0.05929877349237476
   -12.27249732304687     6.717484102208182     23.92481562714748    -12.53712315785638    -10.62959324334853     5.829094337038795 0.0002523626674728899   -0.0563119396751564   0.01050995412270209   0.04657834011130749
    6.699817884118293    -3.656985110555674    -12.53712315785638     6.824223916442876     5.830274141590159    -3.172856631494998  0.001852451939405717    0.0305933773248179 -0.007422573966286272  -0.02361682121514324
     4.94732607729475    -2.748269567464459    -10.62959324334847     5.830274141590126      7.11461726191356    -3.409792855765568   -0.2357898510034683    0.0994787812145249   -0.3726198283673556   0.08251726786716945
   -2.718520022166563     1.487244184406589     5.829094337038762    -3.172856631494981    -3.409792855765567     1.873082686871991     0.136388623700282  -0.06617984048832139    0.2076765199198271   -0.0435926782948078
  0.05012803719199647  -0.02744999301532492 0.0002523626673125898  0.001852451939492944   -0.2357898510033959    0.1363886237002425    0.4004427386313739   -0.1825653641872017   -0.2008485658430067     0.123419906386156
   0.0167238190160577  -0.01245600344179635  -0.05631193967508209    0.0305933773247776   0.09947878121449168  -0.06617984048830326   -0.1825653641872021    0.3068550284702951    0.1056347004504889   -0.1003842688325699
   0.2428417800284403   -0.1307868495304937   0.01050995412279872 -0.007422573966339017   -0.3726198283673989    0.2076765199198507   -0.2008485658430075     0.105634700450489     0.324961166512772   -0.1432461252274841
  -0.1109200737763305   0.05929877349235821   0.04657834011125224  -0.02361682121511301   0.08251726786719406  -0.04359267829482125    0.1234199063861566     -0.10038426883257   -0.1432461252274842    0.2808779768453954

cov*(cov_.inverse()):
     1.000000000000067  3.897446601563992e-14  8.932172492967516e-14 -1.227701751024823e-14 -2.038430188533447e-14 -7.680596610104562e-15 -1.808232383271324e-15  8.066464163292153e-17 -2.747368305078268e-15 -7.762887554996212e-17
-2.664535259100376e-15       1.00000000000006  7.897155152036817e-14 -5.501848976408041e-14 -4.926614671774132e-15  5.211109321834329e-15  9.298117831235686e-16 -1.249000902703301e-15 -3.497202527569243e-15 -5.273559366969494e-16
-2.224349177071261e-15 -1.859298305595392e-15      1.000000000000011 -4.426092738846199e-15   2.02247073255446e-15  2.148455024997276e-15  1.192622389734055e-16  -3.05311331771918e-16  4.618701254788249e-16 -3.183217578417441e-16
-1.734723475976807e-13  1.866562460151044e-14  2.093741846564967e-13     0.9999999999999187   4.50195436485501e-14  3.889943922530392e-14 -3.219646771412954e-15  1.346145417358002e-15  1.137978600240785e-15                      0
 1.330652168313184e-14  4.182580930905955e-16 -4.565873503933893e-15  5.659318499939836e-15      1.000000000000003 -4.311384148997233e-15 -6.011901046432122e-17 -5.117434254131581e-17 -6.525812876190251e-16  1.706534219492184e-16
-2.447764213542314e-13 -2.306488333658763e-14  1.037087082877974e-13 -1.489711132229843e-13  1.926236947724647e-14      1.000000000000019  1.970645868709653e-15   1.52655665885959e-15  7.799316747991725e-15 -2.775557561562891e-16
 2.451927549884658e-13 -3.173156182256776e-14 -2.292055434338636e-13   1.70835567914196e-14  9.457712391025552e-15 -4.913430773356708e-14     0.9999999999999958 -1.096345236817342e-15 -5.301314942585122e-15   3.33066907387547e-16
 -3.83026943495679e-15  7.216449660063518e-16  8.375244942016025e-15 -3.809452753245068e-15 -3.469446951953614e-15  1.464106613724425e-15 -2.775557561562891e-17                      1  2.359223927328458e-16 -2.498001805406602e-16
 8.965050923848139e-14  4.027334021827755e-14   1.14436238263238e-13  4.114764085016986e-14 -1.152689055317069e-13  1.854072451124011e-14 -2.664535259100376e-15  2.386979502944087e-15     0.9999999999999976 -2.886579864025407e-15
 2.331468351712829e-15  1.165734175856414e-15  4.052314039881821e-15  9.298117831235686e-16                      0  1.665334536937735e-16                      0                      0  1.110223024625157e-16                      1
