5
2

8.277583909232545e-05
0.0001361897524544039
0.0005564024840751451
  0.01130788082058125
   0.5148890016829799

  0.08397148891957114    0.1893828453194503   -0.8138765601920143    0.5428466302214069 -0.002325462237316448
   -0.536954953817261    0.8084364726915283  -0.02700637634678751   -0.2394903774192142 -0.004986176230435383
   0.2971435222343446   0.01278862828419819   -0.3653501807196664   -0.5953984273338941    0.6508165151232786
  -0.6461332896063703   -0.3331600378893309   0.05737324253889083    0.3048207973631001    0.6126244802091475
   0.4459211431142859    0.4465483710204053    0.4473289135471918    0.4478246190241384    0.4484404533081794

0.3986115696561791
0.3987814711439723
0.3987561149285684
0.3987461365035103
0.3987186774412918

0.0002266850116166792
   0.3988239347730393

  1.425006855782621   4.137497142622241   4.400921253264993  -9.837622701205175 -0.1257694781475301
  1.147106113879658  0.7913724106536107 0.06161331325530292  -1.029702902039424 0.02928104126258255

-5.494218506558366e-08  8.935384004233928e-08  1.437681840107834e-06 -0.0006549995033567055  -0.002713975723054891
-2.487134891034968e-09  4.982343461072348e-09  2.973877840641848e-07 -0.0001658755407874939     0.1178339685681871

cov:
 0.0527695266872532 0.05281777929482181 0.05287776097466933 0.05291590015948189 0.05296338442739228
0.05281777929482181 0.05287871985755339 0.05295447192079345 0.05300261214506567 0.05306241266155404
0.05287776097466933 0.05295447192079345 0.05304995158376136 0.05311057201434656 0.05318572491381217
0.05291590015948189 0.05300261214506567 0.05311057201434656 0.05317911682775469 0.05326399502505546
0.05296338442739228 0.05306241266155404 0.05318572491381217 0.05326399502505546  0.0533615722496379

cov.inverse():
 16862427.56192351 -21069352.33530247 -9543440.882566437  13012999.88758084  737420.0827601805
-21069352.33584953  40473209.04942644 -23687678.82170882  4540065.162237637 -256318.3747840495
-9543440.881326789 -23687678.82324805  97144558.13970454 -63429017.81902914 -484291.1963499305
 13012999.88702066  4540065.162783842  -63429017.8186877  47245939.72104637 -1370059.551538691
 737420.0826277699 -256318.3743380558 -484291.1969909724 -1370059.551211234  1373232.242660456

cov*(cov_.inverse()):
     1.000000000094587  1.855369191616774e-10 -7.275957614183426e-11 -1.891748979687691e-10  1.455191522836685e-11
 2.182787284255028e-10     0.9999999999363354  2.328306436538696e-10  3.201421350240707e-10  1.455191522836685e-11
 5.093170329928398e-11 -3.765308065339923e-10       1.00000000041473 -2.328306436538696e-10                      0
 2.692104317247868e-10 -1.473381416872144e-10  4.874891601502895e-10     0.9999999996653059                      0
-1.236912794411182e-10 -9.094947017729282e-12 -1.091393642127514e-11  1.455191522836685e-10                      1
