5
2

8.263802228695369e-05
0.0001358468202323772
0.0005565785028239854
  0.01130760119153633
   0.5148888007062971

  0.08499878038187401    0.1878145832150332   -0.8138068312648453    0.5433358450605268 -0.002343186802563252
  -0.5366077204235215    0.8088083271607452  -0.02881292773429923   -0.2388097282077696 -0.004579651298683597
    0.297494643273511   0.01229497852544533   -0.3653681399097578   -0.5952303377194251    0.6508092947430357
  -0.6461259400847433   -0.3331637583910824   0.05736810335075081    0.3048114793533741    0.6126353257988641
   0.4459210339159155     0.446548447366002     0.447329050743265    0.4478246088576653    0.4484403591660576

0.3986113913261604
0.3987816626465165
0.3987564623186093
 0.398746512483839
0.3987187491358734

0.0002266850116166792
   0.3988239347730393

0
0
0
0
0

0
0

0
0
0
0
0

0
0

0
0
0
0
0

0
0

0
0
0
0
0

0
0

0
0
0
0
0

0
0

0
0
0
0
0

0
0

0
0
0
0
0

0
0

0
0
0
0
0

0
0

0
0
0
0
0

0
0

0
0
0
0
0

0
0

0
0
0
0
0

0
0

0
0
0
0
0

0
0

0
0
0
0
0

0
0

0
0
0
0
0

0
0

0
0
0
0
0

0
0

0
0
0
0
0

0
0

0
0
0
0
0

0
0

0
0
0
0
0

0
0

0
0
0
0
0

0
0

0
0
0
0
0

0
0

0
0
0
0
0

0
0

0
0
0
0
0

0
0

0
0
0
0
0

0
0

0
0
0
0
0

0
0

0
0
0
0
0

0
0

0
0
0
0
0

0
0

0
0
0
0
0

0
0

0
0
0
0
0

0
0

0
0
0
0
0

0
0

0
0
0
0
0

0
0

0
0
0
0
0

0
0

0
0
0
0
0

0
0

0
0
0
0
0

0
0

0
0
0
0
0

0
0

0
0
0
0
0

0
0

0
0
0
0
0

0
0

0
0
0
0
0

0
0

0
0
0
0
0

0
0

0
0
0
0
0

0
0

0
0
0
0
0

0
0

0
0
0
0
0

0
0

0
0
0
0
0

0
0

0
0
0
0
0

0
0

0
0
0
0
0

0
0

0
0
0
0
0

0
0

0
0
0
0
0

0
0

0
0
0
0
0

0
0

0
0
0
0
0

0
0

0
0
0
0
0

0
0

0
0
0
0
0

0
0

0
0
0
0
0

0
0

0
0
0
0
0

0
0

0
0
0
0
0

0
0

0
0
0
0
0

0
0

0
0
0
0
0

0
0

0
0
0
0
0

0
0

0
0
0
0
0

0
0

0
0
0
0
0

0
0

0
0
0
0
0

0
0

0
0
0
0
0

0
0

0
0
0
0
0

0
0

0
0
0
0
0

0
0

0
0
0
0
0

0
0

0
0
0
0
0

0
0

0
0
0
0
0

0
0

0
0
0
0
0

0
0

0
0
0
0
0

0
0

0
0
0
0
0

0
0

0
0
0
0
0

0
0

0
0
0
0
0

0
0

0
0
0
0
0

0
0

0
0
0
0
0

0
0

0
0
0
0
0

0
0

0
0
0
0
0

0
0

0
0
0
0
0

0
0

0
0
0
0
0

0
0

0
0
0
0
0

0
0

  1.434403075612218   4.128382482379894   4.387161827800587    -9.8225318270499 -0.1273832040311565
  1.147090659218751  0.7946573786705496 0.05276190920414989  -1.023677196884513 0.02883790406020992

-5.469820429234713e-08  8.838255364956111e-08  1.436858047609123e-06 -0.0006549862638582305  -0.002713940501175832
-2.406940758822842e-09  4.982669097106507e-09  2.973381986268103e-07 -0.0001658688625388913     0.1178339310351537

cov:
0.05276945591007245 0.05281773281326518 0.05287772362298231 0.05291584686486515 0.05296332121663757
0.05281773281326518 0.05287869622114488 0.05295445622990098 0.05300257962172476 0.05306236959472148
0.05287772362298231 0.05295445622990098 0.05304994263066867 0.05311054529979752 0.05318568794887922
0.05291584686486515 0.05300257962172476 0.05311054529979752  0.0531790715873991 0.05326393954620016
0.05296332121663757 0.05306236959472148 0.05318568794887922 0.05326393954620016 0.05336150765122166

cov.inverse():
 16950156.93703554 -21167016.55758807 -9642536.030489737  13133556.63437529  725905.1838333718
-21167016.55480015  40614739.14088292 -23659032.04004407  4452151.159883522 -240923.0518233095
-9642536.037919788 -23659032.02949319  97456089.79869524 -63673487.33051106 -480934.0419941411
 13133556.63920988  4452151.152255652 -63673487.32847853  47463941.26286666 -1376211.852788607
  725905.183640913 -240923.0519584099 -480934.0409058129 -1376211.853549375  1372147.726509395

cov*(cov_.inverse()):
    0.9999999999781721   -1.2732925824821e-10 -3.565219230949879e-10  1.746229827404022e-10 -1.455191522836685e-11
 1.673470251262188e-10     0.9999999997526174  8.913048077374697e-10 -1.455191522836685e-11 -1.455191522836685e-11
-1.091393642127514e-10 -3.183231456205249e-10      1.000000000411092 -2.619344741106033e-10 -1.455191522836685e-11
 2.619344741106033e-10 -4.401954356580973e-10  6.912159733474255e-11      1.000000000058208                      0
 1.091393642127514e-10 -1.364242052659392e-10  1.309672370553017e-10  3.637978807091713e-10     0.9999999999854481
