5
2

6.827008245825121e-05
0.0001590805629906611
0.0003062680581271882
    0.114476230318644
   0.5820854266064529

-0.02273613554432071  0.09529376388878166  -0.5070506452534652   0.7824489850848636  -0.3479588992857209
 -0.3473726125754036   0.7200940046011268  -0.4462029717766562  -0.2452214316723809    0.318694603023458
  0.5723449242250587  -0.3285253328792382  -0.5837945227302095  -0.1180062530858122   0.4579856688077171
 -0.6356934724296952  -0.4495682205973344 0.008153747518653921   0.2891979055971278   0.5568485538625912
  0.3835758503831241   0.4029184083495738   0.4504664502017142    0.479665644818447   0.5074713485897294

 0.399152702972572
 0.399215521598695
0.3992730131045216
0.3992865833606029
0.3992943689819609

1.137197274458303e-06
   0.3993361030771423

 0.5769753294014289 -0.5829492021463738   1.913940199538035   4.784474753234202  -6.692434678263277
  1.498827610254358 -0.4377423857243815 0.05051872145777152  0.4682464996418004 -0.5798441964832911

 2.345859819565741e-08 -1.209734649314391e-07 -3.963282618397614e-07     -0.031872342394721   -0.08561119665570371
 2.175354506197398e-09   -2.9305736069929e-08  6.109642318386967e-08   -0.01235858604574999     0.1191452452598918

cov:
0.05514700755241604 0.05611025293095439 0.05847668943354149 0.05993029315583077 0.06131437204734655
0.05611025293095439 0.05765435361273775 0.06144884195492882  0.0637792803711652 0.06599839199342297
0.05847668943354149 0.06144884195492882 0.06875497040044067 0.07324160209033782 0.07751411167705807
0.05993029315583077  0.0637792803711652 0.07324160209033782 0.07905223532359561 0.08458562355552475
0.06131437204734655 0.06599839199342297 0.07751411167705807 0.08458562355552475 0.09131980805394674

cov.inverse():
 8371474.361548267 -12353820.21398135  5036131.075744738 -1170923.561779041  117309.1437823708
-12353820.21437431   23589100.7924569 -21018963.05463349  9433355.690779874  350022.4635327829
 5036131.072051339 -21018963.04204931  66663050.28351052  -80064759.9613366  29384983.68362707
-1170923.552729799  9433355.663230956 -80064759.93047385  133881055.0646424  -62079145.4296748
 117309.1388194513  350022.4781046437  29384983.66165517 -62079145.41731204  32226958.48311729

cov*(cov_.inverse()):
    0.9999999999690772  1.091393642127514e-10  2.328306436538696e-10 -9.313225746154785e-10  2.328306436538696e-10
-6.093614501878619e-11      1.000000000069122                      0  1.396983861923218e-09 -4.656612873077393e-10
 4.365574568510056e-11 -1.746229827404022e-10                      1                      0                      0
 4.547473508864641e-11 -2.255546860396862e-10  4.656612873077393e-10     0.9999999981373549  9.313225746154785e-10
 9.640643838793039e-11                      0                      0                      0                      1
