5
2

 6.83290171838732e-05
0.0001590699527870015
0.0003062364201603429
    0.114476119863288
   0.5820839103110562

-0.02272727133075775  0.09525778237035738  -0.5070145756942827   0.7824654474632895  -0.3479848697793632
 -0.3473182406203569   0.7200684093527164   -0.446288052722061  -0.2451879706615858   0.3187183060714162
  0.5723763654291587  -0.3285938028254229  -0.5837603876924929  -0.1179674007174657   0.4579507737431045
 -0.6356944847627051  -0.4495657938165362 0.008156684683938136   0.2891982846387345   0.5568491175618099
  0.3835770186163694   0.4029195335609397    0.450466949161838   0.4796652239832548   0.5074695270440702

0.3991529549167861
0.3992154691903804
0.3992732188875405
0.3992871059356033
0.3992953372379275

1.137197274458303e-06
   0.3993361030771423

0
0
0
0
0

0
0

0
0
0
0
0

0
0

0
0
0
0
0

0
0

0
0
0
0
0

0
0

0
0
0
0
0

0
0

0
0
0
0
0

0
0

0
0
0
0
0

0
0

0
0
0
0
0

0
0

0
0
0
0
0

0
0

0
0
0
0
0

0
0

0
0
0
0
0

0
0

0
0
0
0
0

0
0

0
0
0
0
0

0
0

0
0
0
0
0

0
0

0
0
0
0
0

0
0

0
0
0
0
0

0
0

0
0
0
0
0

0
0

0
0
0
0
0

0
0

0
0
0
0
0

0
0

0
0
0
0
0

0
0

0
0
0
0
0

0
0

0
0
0
0
0

0
0

0
0
0
0
0

0
0

0
0
0
0
0

0
0

0
0
0
0
0

0
0

0
0
0
0
0

0
0

0
0
0
0
0

0
0

0
0
0
0
0

0
0

0
0
0
0
0

0
0

0
0
0
0
0

0
0

0
0
0
0
0

0
0

0
0
0
0
0

0
0

0
0
0
0
0

0
0

0
0
0
0
0

0
0

0
0
0
0
0

0
0

0
0
0
0
0

0
0

0
0
0
0
0

0
0

0
0
0
0
0

0
0

0
0
0
0
0

0
0

0
0
0
0
0

0
0

0
0
0
0
0

0
0

0
0
0
0
0

0
0

0
0
0
0
0

0
0

0
0
0
0
0

0
0

0
0
0
0
0

0
0

0
0
0
0
0

0
0

0
0
0
0
0

0
0

0
0
0
0
0

0
0

0
0
0
0
0

0
0

0
0
0
0
0

0
0

0
0
0
0
0

0
0

0
0
0
0
0

0
0

0
0
0
0
0

0
0

0
0
0
0
0

0
0

0
0
0
0
0

0
0

0
0
0
0
0

0
0

0
0
0
0
0

0
0

0
0
0
0
0

0
0

0
0
0
0
0

0
0

0
0
0
0
0

0
0

0
0
0
0
0

0
0

0
0
0
0
0

0
0

0
0
0
0
0

0
0

0
0
0
0
0

0
0

0
0
0
0
0

0
0

0
0
0
0
0

0
0

0
0
0
0
0

0
0

0
0
0
0
0

0
0

0
0
0
0
0

0
0

0
0
0
0
0

0
0

0
0
0
0
0

0
0

0
0
0
0
0

0
0

0
0
0
0
0

0
0

0
0
0
0
0

0
0

0
0
0
0
0

0
0

0
0
0
0
0

0
0

0
0
0
0
0

0
0

 0.5770046543823739 -0.5836323396902336   1.914512890472669   4.785706405546498  -6.693609586566152
  1.498817683505527 -0.4375705971807168  0.0497064191322925  0.4692925905791261 -0.5802429670782496

 2.350548644038869e-08 -1.209965284395015e-07 -3.962682897311297e-07   -0.03187232343162327   -0.08561085971029546
 2.185832081361417e-09 -2.929685723453317e-08  6.110474098547615e-08   -0.01235855765628077     0.1191449790206056

cov:
0.05514705813367823 0.05611026435865896 0.05847660313636159 0.05993010120137233 0.06131398943634629
0.05611026435865896 0.05765434055657789 0.06144874446633768  0.0637790748848112 0.06599799657592553
0.05847660313636159 0.06144874446633768 0.06875476513040674 0.07324124863801824 0.07751353731088481
0.05993010120137233  0.0637790748848112 0.07324124863801824 0.07905169315438619 0.08458482630286494
0.06131398943634629 0.06599799657592553 0.07751353731088481 0.08458482630286494 0.09131872743976403

cov.inverse():
 8371445.582717479 -12353024.83611258   5031030.52355665  -1163425.10179703  114142.0062961407
 -12353024.8376215  23586267.04930752 -20999378.26818931  9400381.581644978  365459.6489682758
 5031030.534702437 -20999378.28668261  66564477.20421975 -79913048.78114648   29317399.4141031
 -1163425.11897227  9400381.612833383  -79913048.8010236  133659678.9280906 -61984106.79495874
 114142.0138345268  365459.6347641857   29317399.4266326 -61984106.80082237  32187291.14415138

cov*(cov_.inverse()):
     1.000000000012733 -7.639755494892597e-11  6.984919309616089e-10                      0  2.328306436538696e-10
 4.729372449219227e-11     0.9999999998617568  9.313225746154785e-10 -1.862645149230957e-09  4.656612873077393e-10
-5.275069270282984e-11  1.600710675120354e-10      1.000000000465661                      0                      0
-7.821654435247183e-11  2.219167072325945e-10  9.313225746154785e-10     0.9999999981373549                      0
-5.456968210637569e-11  -2.91038304567337e-11  4.656612873077393e-10                      0                      1
