5
2

5.433529493460275e-05
9.134165562537817e-05
0.0006841031317445554
   0.0116191395481279
    0.520221397216047

-0.01503242392195709  -0.4228701470968805   0.8195792998249626  -0.3862942953749963 0.004620993881485179
 -0.5861275417922076   0.7094592210868387   0.1957495318169024  -0.3382843175957438  0.01918227384140425
 0.09553226519931012   0.1896749413172117   0.2619832299463412   0.3339545126608278  -0.8801909870264256
 -0.6697739655318715  -0.2873348563223377   0.1453222915306015   0.6507878430196357   0.1555574826232351
  0.4455389459803204   0.4464421007114511   0.4474573844547267   0.4486535463816558   0.4479691761083455

 0.401359310078824
0.4013816340375987
0.4013627546685425
0.4013253587909143
0.4013645992681569

0.0005951599936483924
   0.4016199267338724

 0.8053646276950581   2.335420159727136      3.643619921528  -6.617218009009279 -0.1670243284560254
   1.25129370220539  0.6199958597288877 -0.5630210456568663 -0.3262177935548692 0.01796929955753374

 1.340937172927382e-08  3.448596326665528e-08 -2.753508653469382e-07 -0.0006768240038292512  -0.003205412466457606
-1.819603078655239e-09 -2.445153443330044e-09 -1.643783249407568e-08 -0.0001765254389035817     0.1201748278746965

cov:
 0.0537820249675203 0.05385634087497595 0.05393964384940112 0.05403817313295901 0.05400037815706976
0.05385634087497595 0.05395064187575797 0.05405652764936187 0.05418144582400381 0.05411786425264666
0.05393964384940112 0.05405652764936187 0.05418797336750201  0.0543427450649529 0.05425000755403167
0.05403817313295901 0.05418144582400381  0.0543427450649529 0.05453240608518582 0.05440560859465125
0.05400037815706976 0.05411786425264666 0.05425000755403167 0.05440560859465125 0.05431273952200618

cov.inverse():
  41275587.8470787 -47647150.15202565 -17871973.20236722  25796759.93126584 -1551552.946568225
-47647150.16373032  120974177.9834912 -100639646.0292947  26698565.58981607  612192.1460932822
-17871973.18053893 -100639646.0597725  232258591.4231546 -114986280.1407041  1240302.487911954
 25796759.92124649  26698565.60868723 -114986280.1498083  64501734.67623425 -2009725.619082172
-1551552.946672231  612192.1459951204   1240302.48836608 -2009725.619334125  1706944.655681455

cov*(cov_.inverse()):
    0.9999999997380655 -7.275957614183426e-12   1.29512045532465e-09  -4.94765117764473e-10                      0
-5.093170329928398e-10      1.000000000101863 -8.294591680169106e-10  7.421476766467094e-10  -2.91038304567337e-11
 1.455191522836685e-11 -2.182787284255028e-11      1.000000000261934   2.91038304567337e-10  1.455191522836685e-11
-3.201421350240707e-10  4.074536263942719e-10 -2.764863893389702e-10     0.9999999997380655  1.455191522836685e-11
-3.201421350240707e-10 -2.983142621815205e-10  6.693881005048752e-10 -6.257323548197746e-10                      1
