5
1

0.001198968195899721
0.002275815524576179
0.004329168455824239
  0.1004276166951443
  0.5645024075292969

 -0.03276377071660275    0.0313148308131227   -0.2390295693899083    0.7954934578605738   -0.5549783240432711
   0.7032096041724656   -0.5520898341084635   -0.4012808265018352   0.06213302190078188    0.1892254040692601
0.0009927970526597469    -0.612861359114395    0.7509128319916236   0.09007547339386264   -0.2289460563138404
  -0.5867265196750829   -0.3793955494611497   -0.1696318983533747     0.356165124886724    0.5968102135809104
   0.4002171827795641    0.4179427807712006    0.4349637928042165     0.477872848148752    0.4975882620810057

0.3957449230217079
0.3955750019039881
 0.395179161815554
0.3942006237258267
0.3937018468962561

0.006561331934051676

 4.723056316284305 -6.093838435242237  3.814766518484454   1.19296749438493 -3.634051079620837

2.455871228507531e-06 2.352102375991768e-05 0.0001413758184180096  -0.02874646823741625  -0.07505040648501667

cov:
0.05451600345386916 0.05554514878483656 0.05647521347624213 0.05883778985551495 0.05992867415464052
0.05554514878483656 0.05712319206772133  0.0585713370447235 0.06228045318163541 0.06398862731705322
0.05647521347624213  0.0585713370447235 0.06059066262091951 0.06562796914791788 0.06794466136130044
0.05883778985551495 0.06228045318163541 0.06562796914791788 0.07405114882639874 0.07791581727839729
0.05992867415464052 0.06398862731705322 0.06794466136130044 0.07791581727839729 0.08249302589308605

cov.inverse():
 96257.70967684152 -75682.01174978132 -48984.65342840931   -9710.1388798143  38294.27018790347
-75682.01174981256  79587.65263763152  13019.21649065379  7747.586572988907 -24795.16050500709
-48984.65342852928  13019.21649080876  100925.4758973408 -133483.7543232605  68437.93168813614
-9710.138879304735  7747.586572341219 -133483.7543232217  441399.5461946123 -305920.8861720963
 38294.27018754559 -24795.16050454595  68437.93168813239 -305920.8861721965  224003.9933133517

cov*(cov_.inverse()):
    0.9999999999995453 -4.547473508864641e-13                      0 -7.275957614183426e-12  3.637978807091713e-12
-4.547473508864641e-13     0.9999999999986358 -9.094947017729282e-13                      0 -1.818989403545856e-12
                     0 -1.364242052659392e-12      1.000000000001819 -1.091393642127514e-11  3.637978807091713e-12
-4.547473508864641e-13 -4.547473508864641e-13  1.818989403545856e-12      0.999999999996362  3.637978807091713e-12
-9.094947017729282e-13  2.273736754432321e-13  9.094947017729282e-13                      0      0.999999999996362
