5
1

 0.00109436726582314
0.002054177130340326
 0.00387809755572544
 0.09169589906950452
  0.5552076977185132

-0.03297513821946715  0.03155369079580191  -0.2390905033513868   0.7954812212254349  -0.5549435671682666
  0.7030282708299175  -0.5520060573296263  -0.4016662624454908  0.06234283469389419   0.1892568298918099
 0.00109002280949934  -0.6131248153928697   0.7506844427200451  0.09030844119163008  -0.2288974126270699
 -0.5812194219442601  -0.3732541377368279  -0.1635545193358148   0.3627500448059213   0.6037612577958688
  0.4084687088117743   0.4231465309799441   0.4372902142549915   0.4728422443932648   0.4891807515379616

0.3971639407412201
 0.397023393208543
0.3966767469035046
0.3958059749845384
0.3953749321691714

0.005628745183627157

0
0
0
0
0

0

0
0
0
0
0

0

0
0
0
0
0

0

0
0
0
0
0

0

0
0
0
0
0

0

0
0
0
0
0

0

0
0
0
0
0

0

0
0
0
0
0

0

0
0
0
0
0

0

0
0
0
0
0

0

0
0
0
0
0

0

0
0
0
0
0

0

0
0
0
0
0

0

0
0
0
0
0

0

0
0
0
0
0

0

0
0
0
0
0

0

0
0
0
0
0

0

0
0
0
0
0

0

0
0
0
0
0

0

0
0
0
0
0

0

0
0
0
0
0

0

0
0
0
0
0

0

0
0
0
0
0

0

0
0
0
0
0

0

0
0
0
0
0

0

0
0
0
0
0

0

0
0
0
0
0

0

0
0
0
0
0

0

0
0
0
0
0

0

0
0
0
0
0

0

0
0
0
0
0

0

0
0
0
0
0

0

0
0
0
0
0

0

0
0
0
0
0

0

0
0
0
0
0

0

0
0
0
0
0

0

0
0
0
0
0

0

0
0
0
0
0

0

0
0
0
0
0

0

0
0
0
0
0

0

0
0
0
0
0

0

0
0
0
0
0

0

0
0
0
0
0

0

0
0
0
0
0

0

0
0
0
0
0

0

0
0
0
0
0

0

0
0
0
0
0

0

0
0
0
0
0

0

0
0
0
0
0

0

0
0
0
0
0

0

0
0
0
0
0

0

0
0
0
0
0

0

0
0
0
0
0

0

0
0
0
0
0

0

0
0
0
0
0

0

0
0
0
0
0

0

0
0
0
0
0

0

0
0
0
0
0

0

0
0
0
0
0

0

0
0
0
0
0

0

0
0
0
0
0

0

0
0
0
0
0

0

0
0
0
0
0

0

0
0
0
0
0

0

0
0
0
0
0

0

0
0
0
0
0

0

0
0
0
0
0

0

0
0
0
0
0

0

0
0
0
0
0

0

0
0
0
0
0

0

0
0
0
0
0

0

0
0
0
0
0

0

0
0
0
0
0

0

0
0
0
0
0

0

0
0
0
0
0

0

0
0
0
0
0

0

0
0
0
0
0

0

  4.70573050691494 -6.090846834672058  3.839513875980722  1.179480635981871 -3.631244067265752

2.021661483754732e-06 1.904973823199001e-05 0.0001136927870239572  -0.02399805199541793  -0.06005485600010172

cov:
0.05427391378410933 0.05510198245828558 0.05585853533116224 0.05776427822528971   0.058644114073512
0.05510198245828558 0.05637243475041619 0.05754624656001914 0.06053686485222037 0.06191422922325116
0.05585853533116224 0.05754624656001914  0.0591796183125785 0.06323962414986009 0.06510714016174723
0.05776427822528971 0.06053686485222037 0.06323962414986009 0.07002702251042231 0.07314187238805904
  0.058644114073512 0.06191422922325116 0.06510714016174723 0.07314187238805904  0.0768311930785773

cov.inverse():
 118079.1631646163 -92855.72723150929 -60271.71541298014 -11533.39337678469  46753.61310928628
 -92855.7272315111  98056.31662379486  15650.55075832782  9105.540033471418 -30073.70002324585
-60271.71541277908  15650.55075822591  123438.4863427167 -160238.8393941905  81334.56253215653
-11533.39337741788  9105.540033787312 -160238.8393936163  529844.2844577003 -367149.1511359913
    46753.61310972 -30073.70002346132  81334.56253168116 -367149.1511357335  269157.3631057429

cov*(cov_.inverse()):
    0.9999999999986358  6.821210263296962e-13 -9.094947017729282e-13                      0                      0
-1.364242052659392e-12      1.000000000000455                      0                      0 -3.637978807091713e-12
                     0  4.547473508864641e-13      1.000000000001819 -3.637978807091713e-12                      0
-1.364242052659392e-12                      0  9.094947017729282e-13                      1                      0
 4.547473508864641e-13 -4.547473508864641e-13                      0                      0                      1
