5
2

0.276827536125722
3.105238865534617
3.592704905174394
7.611554590857287
26.22584725267635

 -0.6257193919716976   0.7749417124559445 -0.04181875758626604 -0.06112380352297673 -0.04955458569339341
 0.04118395909504051   0.0303538929349383  -0.7298000025091913 -0.08577418489105372   0.6763263030821823
  0.1105479857910302  0.09212286634601093  -0.4904235931808185   0.7341721343695573   -0.446954691999766
 -0.7453798997775656  -0.5643449824646706  0.04708355686960825   0.3126190771780187   0.1611707077337804
  0.1974007899400614   0.2675296277848282   0.4721344996668294   0.5934368201828844   0.5606982977180607

50.57958712580757
82.68981650119937
190.5419344593784
227.5600572328195
210.6480880027126

2.399163649884194
-2.46059799850812

0
0
0
0
0

0
0

0
0
0
0
0

0
0

0
0
0
0
0

0
0

0
0
0
0
0

0
0

0
0
0
0
0

0
0

0
0
0
0
0

0
0

0
0
0
0
0

0
0

0
0
0
0
0

0
0

0
0
0
0
0

0
0

0
0
0
0
0

0
0

0
0
0
0
0

0
0

0
0
0
0
0

0
0

0
0
0
0
0

0
0

0
0
0
0
0

0
0

0
0
0
0
0

0
0

0
0
0
0
0

0
0

0
0
0
0
0

0
0

0
0
0
0
0

0
0

0
0
0
0
0

0
0

0
0
0
0
0

0
0

0
0
0
0
0

0
0

0
0
0
0
0

0
0

0
0
0
0
0

0
0

0
0
0
0
0

0
0

0
0
0
0
0

0
0

0
0
0
0
0

0
0

0
0
0
0
0

0
0

0
0
0
0
0

0
0

0
0
0
0
0

0
0

0
0
0
0
0

0
0

0
0
0
0
0

0
0

0
0
0
0
0

0
0

0
0
0
0
0

0
0

0
0
0
0
0

0
0

0
0
0
0
0

0
0

0
0
0
0
0

0
0

0
0
0
0
0

0
0

0
0
0
0
0

0
0

0
0
0
0
0

0
0

0
0
0
0
0

0
0

0
0
0
0
0

0
0

0
0
0
0
0

0
0

0
0
0
0
0

0
0

0
0
0
0
0

0
0

0
0
0
0
0

0
0

0
0
0
0
0

0
0

0
0
0
0
0

0
0

0
0
0
0
0

0
0

0
0
0
0
0

0
0

0
0
0
0
0

0
0

0
0
0
0
0

0
0

0
0
0
0
0

0
0

0
0
0
0
0

0
0

0
0
0
0
0

0
0

0
0
0
0
0

0
0

0
0
0
0
0

0
0

0
0
0
0
0

0
0

0
0
0
0
0

0
0

0
0
0
0
0

0
0

0
0
0
0
0

0
0

0
0
0
0
0

0
0

0
0
0
0
0

0
0

0
0
0
0
0

0
0

0
0
0
0
0

0
0

0
0
0
0
0

0
0

0
0
0
0
0

0
0

0
0
0
0
0

0
0

0
0
0
0
0

0
0

0
0
0
0
0

0
0

0
0
0
0
0

0
0

0
0
0
0
0

0
0

0
0
0
0
0

0
0

0
0
0
0
0

0
0

0
0
0
0
0

0
0

0
0
0
0
0

0
0

0
0
0
0
0

0
0

0
0
0
0
0

0
0

   -0.0751105719111947    0.07504493676235503 -1.004425992475995e-05  2.781485554410445e-05  4.462830316246313e-05
      2.67101811779085     -1.670683375765965  0.0007378181062566644 -0.0002013786451513164 -0.0007222802825672531

0.008058018703939606 -0.00752421271349115 -0.01787134777728974   0.7908285194088299    3.636128269668348
 -0.2272928330537482    0.561981520907054    1.822293503032359   -60.72977704096164    55.11140030282059

cov:
 59.1940594594407 60.79994771417053 61.08144949690834  68.0879515569753 68.79990645781143
60.79994771417053 67.84307149333321 84.53670018228414   99.818608801919 97.56554978153945
61.08144949690834 84.53670018228414 161.6857809741778 189.5169362679613 180.5862747142102
 68.0879515569753   99.818608801919 189.5169362679613 254.9095035852258 226.9807069157006
68.79990645781143 97.56554978153945 180.5862747142102 226.9807069157006 224.7250823305826

cov.inverse():
    5.119825036074994    -6.319213681461442    0.3336663901149156    0.5011512608138344    0.4017657249503852
   -6.319213681461443     7.842806747609572   -0.4289568956537034   -0.6159474513107798   -0.5035242399086101
   0.3336663901148991   -0.4289568956536831   0.09705192801119947   0.01261346809622923 -0.006648394981134108
   0.5011512608138345   -0.6159474513107801   0.01261346809623081   0.09347424449714531  0.009440079084049573
   0.4017657249503973   -0.5035242399086253 -0.006648394981131946  0.009440079084050729   0.09586410130853562

cov*(cov_.inverse()):
     1.000000000000078   1.56319401867222e-13 -8.881784197001252e-16  1.665334536937735e-15  -1.77635683940025e-15
 7.105427357601002e-15       1.00000000000022 -4.773959005888173e-15 -4.662936703425657e-15                      0
 8.526512829121202e-14  2.131628207280301e-13     0.9999999999999989  -1.77635683940025e-15 -3.552713678800501e-15
 7.105427357601002e-14   1.70530256582424e-13 -2.220446049250313e-16     0.9999999999999964  3.552713678800501e-15
 4.263256414560601e-14  7.105427357601002e-14                      0  1.110223024625157e-14      1.000000000000004
