6
2

0.0001936385733835229
0.0003325154384159533
 0.001035928218417509
 0.002738142641368091
   0.0959432794983045
   0.6168337069530221

 0.03371156981874888   0.2535504435562011  -0.8003470536026175   0.5418456867673964   -0.012257677813719 -0.01653171160531051
   0.418873434714767  -0.8096270256964093  0.03804655743287125   0.4074999217059037 -0.02261020972226404 -0.03215861697498159
  -0.580703303587137  0.04302791153144107   0.4116220519603034   0.6109707442769852  -0.2252782880460263  -0.2597383316818958
 0.08503851008597166  0.05322012112524183  0.03287549763372307  0.01881283390101252  -0.7915699031166116   0.6015965740641139
 -0.5859056609681518  -0.3575432278445991  -0.1723211510441994 -0.02407193782599933   0.3647836873343425   0.6045959153308947
   0.368341223869153   0.3843114747097214   0.3972265879258868   0.4075885600317938   0.4346701860269471   0.4514131878448829

0.3942492721219072
0.3936150037044926
0.3931960979072099
0.3927647500049504
0.3916185282182663
 0.390927183615507

0.008790851693307402
  0.3955278897931553

   1.602682945745729  -0.9096493896352734    11.38181982927928   -10.71614685074588  -0.5402829970366252  -0.8179631336026959
   1.581035117859105  -0.5412736248021301    1.070917284084818   -0.969406926383485 -0.05367173682610554 -0.08747187930345124

  -5.6515211025162e-07 -2.750310511590918e-07 -2.680611752995204e-06  1.469854900795856e-06   -0.02769611809452378   -0.07988492450318083
-5.490192358602993e-08  8.294936020458181e-08 -1.135451429317491e-06   8.43265533625451e-07   -0.00889654477187374     0.1300512450558185

cov:
0.05478265721647849 0.05578875491330391 0.05659961249615848 0.05725214990097513 0.05895034028624739 0.06000435976500165
0.05578875491330391 0.05737252948551327 0.05865134818698402 0.05967858194214112 0.06235843332363877 0.06401794595383521
0.05659961249615848 0.05865134818698402 0.06030970345575985 0.06164068188587637 0.06511638156302742 0.06726681978497745
0.05725214990097513 0.05967858194214112 0.06164068188587637 0.06321494820955578 0.06732793210073666 0.06987148572891809
0.05895034028624739 0.06235843332363877 0.06511638156302742 0.06732793210073666 0.07311756759998451 0.07668360828643413
0.06000435976500165 0.06401794595383521 0.06726681978497745 0.06987148572891809 0.07668360828643413 0.08090024758181671

cov.inverse():
 1932414.944710975 -2861910.831360191 -797787.5799229565  1700549.551795493   16224.1699777605  10641.66211067891
-2861910.831229874  7645167.950135198 -5673867.530510024  704706.5599902896  68011.35961507112  117526.8633458149
-797787.5802400414 -5673867.529811383  17254470.36761376 -11191001.16600104  163972.6278363619  244802.6457492443
 1700549.551988207  704706.5593634695  -11191001.1655087  9679859.460442444 -390708.1415356962 -503786.4310586292
 16224.16997694898  68011.35964186049   163972.627774662  -390708.141498912  139509.9044124179  3014.203268720097
 10641.66210553386  117526.8633775393  244802.6457001727 -503786.4310372034   3014.20326978459  127820.3317343438

cov*(cov_.inverse()):
     1.000000000030923 -6.730260793119669e-11   1.14596332423389e-10  1.455191522836685e-11 -1.989519660128281e-13 -9.094947017729282e-13
 1.853095454862341e-11     0.9999999998990461 -1.091393642127514e-11 -1.091393642127514e-11 -3.012701199622825e-12 -5.456968210637569e-12
-1.466560206608847e-11   2.91038304567337e-11      1.000000000101863 -7.275957614183426e-12  2.557953848736361e-13  3.637978807091713e-12
 2.637534635141492e-11  3.637978807091713e-11  1.455191522836685e-11      1.000000000043656 -5.542233338928781e-12 -5.456968210637569e-12
  4.96811480843462e-11  2.728484105318785e-11 -8.003553375601768e-11  2.473825588822365e-10     0.9999999999932925 -7.275957614183426e-12
-3.979039320256561e-12  6.366462912410498e-11 -3.637978807091713e-11  2.182787284255028e-11 -4.547473508864641e-13      0.999999999998181
