6
2

0.0001937276547238468
0.0003325198888903758
  0.00103573298769339
 0.002737595019380527
  0.09594204583019615
   0.6168334483710592

 0.03380533629632184   0.2532663681650802  -0.8002992190293918   0.5420417867303428 -0.01226921410515954 -0.01657328690172562
  0.4188488782869202  -0.8097160756274464   0.0383367693033376   0.4073210771512357 -0.02260970651483979 -0.03215785172129879
 -0.5807099921231764  0.04302527574550484   0.4116915063893749   0.6109157621370872  -0.2252891219797963  -0.2597336661894351
 0.08504961669905371  0.05322566002660444  0.03285736750489453  0.01881554202554612  -0.7915695481183654   0.6015958868581931
 -0.5859096101291656  -0.3575425493129354  -0.1723144685348966 -0.02407018600909236   0.3647779402630771   0.6045979313275455
  0.3683411637349467   0.3843113370947061   0.3972274827367305   0.4075889775776194   0.4346697411406052   0.4514126180463896

0.3942479335613056
0.3936151100079537
0.3931977682323382
0.3927667504741457
0.3916214616396183
0.3909295658205421

0.008790851693307402
  0.3955278897931553

0
0
0
0
0
0

0
0

0
0
0
0
0
0

0
0

0
0
0
0
0
0

0
0

0
0
0
0
0
0

0
0

0
0
0
0
0
0

0
0

0
0
0
0
0
0

0
0

0
0
0
0
0
0

0
0

0
0
0
0
0
0

0
0

0
0
0
0
0
0

0
0

0
0
0
0
0
0

0
0

0
0
0
0
0
0

0
0

0
0
0
0
0
0

0
0

0
0
0
0
0
0

0
0

0
0
0
0
0
0

0
0

0
0
0
0
0
0

0
0

0
0
0
0
0
0

0
0

0
0
0
0
0
0

0
0

0
0
0
0
0
0

0
0

0
0
0
0
0
0

0
0

0
0
0
0
0
0

0
0

0
0
0
0
0
0

0
0

0
0
0
0
0
0

0
0

0
0
0
0
0
0

0
0

0
0
0
0
0
0

0
0

0
0
0
0
0
0

0
0

0
0
0
0
0
0

0
0

0
0
0
0
0
0

0
0

0
0
0
0
0
0

0
0

0
0
0
0
0
0

0
0

0
0
0
0
0
0

0
0

0
0
0
0
0
0

0
0

0
0
0
0
0
0

0
0

0
0
0
0
0
0

0
0

0
0
0
0
0
0

0
0

0
0
0
0
0
0

0
0

0
0
0
0
0
0

0
0

0
0
0
0
0
0

0
0

0
0
0
0
0
0

0
0

0
0
0
0
0
0

0
0

0
0
0
0
0
0

0
0

0
0
0
0
0
0

0
0

0
0
0
0
0
0

0
0

0
0
0
0
0
0

0
0

0
0
0
0
0
0

0
0

0
0
0
0
0
0

0
0

0
0
0
0
0
0

0
0

0
0
0
0
0
0

0
0

0
0
0
0
0
0

0
0

0
0
0
0
0
0

0
0

0
0
0
0
0
0

0
0

0
0
0
0
0
0

0
0

0
0
0
0
0
0

0
0

0
0
0
0
0
0

0
0

0
0
0
0
0
0

0
0

0
0
0
0
0
0

0
0

0
0
0
0
0
0

0
0

0
0
0
0
0
0

0
0

0
0
0
0
0
0

0
0

0
0
0
0
0
0

0
0

0
0
0
0
0
0

0
0

0
0
0
0
0
0

0
0

0
0
0
0
0
0

0
0

0
0
0
0
0
0

0
0

0
0
0
0
0
0

0
0

0
0
0
0
0
0

0
0

0
0
0
0
0
0

0
0

0
0
0
0
0
0

0
0

0
0
0
0
0
0

0
0

0
0
0
0
0
0

0
0

0
0
0
0
0
0

0
0

0
0
0
0
0
0

0
0

0
0
0
0
0
0

0
0

0
0
0
0
0
0

0
0

0
0
0
0
0
0

0
0

0
0
0
0
0
0

0
0

0
0
0
0
0
0

0
0

0
0
0
0
0
0

0
0

   1.600952375058522  -0.8896277414334233    11.34656021556669   -10.69983339925249   -0.540162988996882  -0.8174270049462045
   1.580777215210906   -0.538308381057603    1.065542248284058    -0.96680636853845 -0.05366073717881678 -0.08741511758589746

-5.641351677402374e-07 -2.757464080065602e-07 -2.681185270755128e-06  1.469808011389843e-06   -0.02769579102540892   -0.07988454331179348
-5.470400389986351e-08  8.282282765268649e-08 -1.135286643536082e-06  8.431247416164436e-07  -0.008896391307160688      0.130051302745513

cov:
 0.0547825582769053 0.05578864142753594 0.05659962850458478 0.05725213945496539 0.05895028533729688 0.06000426737775604
0.05578864142753594 0.05737240740620912 0.05865137183722715 0.05967856372945458 0.06235834438721491 0.06401783190514083
0.05659962850458478 0.05865137183722715 0.06030989537470946 0.06164082677967269 0.06511645386766278 0.06726688869361158
0.05725213945496539 0.05967856372945458 0.06164082677967269 0.06321502358626102 0.06732788497087966 0.06987142319383124
0.05895028533729688 0.06235834438721491 0.06511645386766278 0.06732788497087966 0.07311728818010135 0.07668329903413809
0.06000426737775604 0.06401783190514083 0.06726688869361158 0.06987142319383124 0.07668329903413809 0.08089992163242199

cov.inverse():
 1932453.588999147 -2861825.486793364  -798119.591101026  1700724.168823956  16250.97553698909  10645.57585232556
-2861825.486651007  7640901.487767449 -5664651.152128543  699626.7134357658  68106.47595993134  117487.2552908686
-798119.5914603132 -5664651.151540583  17237035.93566373 -11182747.60694033  163852.6860826661  245206.8491977354
 1700724.169053006  699626.7129771886  -11182747.6067289  9677033.922062287 -390779.3439050564  -504234.575931835
 16250.97552931024  68106.47596406213  163852.6861037528 -390779.3439228956   139569.173892815  3024.316997070952
 10645.57584786768  117487.2552997253  245206.8491939188 -504234.5759321171  3024.316996770192  127890.2557447327

cov*(cov_.inverse()):
    0.9999999999888587   3.54702933691442e-11 -1.818989403545856e-11 -5.820766091346741e-11 -3.694822225952521e-13  1.818989403545856e-12
  2.91038304567337e-11      1.000000000037289 -2.055458026006818e-10  5.456968210637569e-11  3.979039320256561e-13 -9.094947017729282e-13
-2.387423592153937e-12  2.091837814077735e-11      1.000000000069122  6.548361852765083e-11  8.242295734817162e-13  1.818989403545856e-12
 2.557953848736361e-11  2.000888343900442e-11 -3.637978807091713e-11      1.000000000007276  1.591615728102624e-12 -1.818989403545856e-12
 6.821210263296962e-12  7.275957614183426e-11  5.093170329928398e-11  8.731149137020111e-11     0.9999999999997442 -3.637978807091713e-12
-5.684341886080801e-13 -1.637090463191271e-11  2.546585164964199e-11  -2.91038304567337e-11    1.4210854715202e-13      0.999999999998181
