5
2

0.0001302296382508494
0.0006359554657106922
 0.000817611879288201
  0.01558374521184142
   0.5201002121037462

 -0.5711408455433952   0.8065245968397846 -0.03400907542129415 -0.07005342349289737  -0.1313472873351851
  0.1751389330345411   0.1544087644061419   -0.256460718995666  -0.6987616429007134   0.6256551395401567
   0.169180173114044    0.137812358968843  -0.8549468416295469    0.462829555287336  0.08509126559602687
 -0.6452582608280492  -0.3280467026134962  0.04493748682017674   0.3028819548727338   0.6182800994923994
  0.4451340635648559   0.4461716292939822   0.4473452834971698   0.4481919325831495   0.4492134588006132

0.4012164221905189
0.4012826392210253
0.4013792835698323
0.4014257887927614
0.4014557309651882

-0.0003392240803996222
    0.4012661759324591

0
0
0
0
0

0
0

0
0
0
0
0

0
0

0
0
0
0
0

0
0

0
0
0
0
0

0
0

0
0
0
0
0

0
0

0
0
0
0
0

0
0

0
0
0
0
0

0
0

0
0
0
0
0

0
0

0
0
0
0
0

0
0

0
0
0
0
0

0
0

0
0
0
0
0

0
0

0
0
0
0
0

0
0

0
0
0
0
0

0
0

0
0
0
0
0

0
0

0
0
0
0
0

0
0

0
0
0
0
0

0
0

0
0
0
0
0

0
0

0
0
0
0
0

0
0

0
0
0
0
0

0
0

0
0
0
0
0

0
0

0
0
0
0
0

0
0

0
0
0
0
0

0
0

0
0
0
0
0

0
0

0
0
0
0
0

0
0

0
0
0
0
0

0
0

0
0
0
0
0

0
0

0
0
0
0
0

0
0

0
0
0
0
0

0
0

0
0
0
0
0

0
0

0
0
0
0
0

0
0

0
0
0
0
0

0
0

0
0
0
0
0

0
0

0
0
0
0
0

0
0

0
0
0
0
0

0
0

0
0
0
0
0

0
0

0
0
0
0
0

0
0

0
0
0
0
0

0
0

0
0
0
0
0

0
0

0
0
0
0
0

0
0

0
0
0
0
0

0
0

0
0
0
0
0

0
0

0
0
0
0
0

0
0

0
0
0
0
0

0
0

0
0
0
0
0

0
0

0
0
0
0
0

0
0

0
0
0
0
0

0
0

0
0
0
0
0

0
0

0
0
0
0
0

0
0

0
0
0
0
0

0
0

0
0
0
0
0

0
0

0
0
0
0
0

0
0

0
0
0
0
0

0
0

0
0
0
0
0

0
0

0
0
0
0
0

0
0

0
0
0
0
0

0
0

0
0
0
0
0

0
0

0
0
0
0
0

0
0

0
0
0
0
0

0
0

0
0
0
0
0

0
0

0
0
0
0
0

0
0

0
0
0
0
0

0
0

0
0
0
0
0

0
0

0
0
0
0
0

0
0

0
0
0
0
0

0
0

0
0
0
0
0

0
0

0
0
0
0
0

0
0

0
0
0
0
0

0
0

0
0
0
0
0

0
0

0
0
0
0
0

0
0

0
0
0
0
0

0
0

0
0
0
0
0

0
0

0
0
0
0
0

0
0

0
0
0
0
0

0
0

0
0
0
0
0

0
0

0
0
0
0
0

0
0

0
0
0
0
0

0
0

0
0
0
0
0

0
0

   8.398062145784278    -7.08771878946063  -0.1354111958375271  -0.3939773069536552   -0.780656649592167
   2.537299768058289   -1.187466532453086 -0.08529820849777514 -0.05470040869828088  -0.2096091872530914

-1.760109882563134e-07  8.008861010270256e-08  2.079057062240123e-07 -0.0008990165671743958  -0.003221704124948392
-4.023892762063256e-08  7.683533036280169e-08   1.97462217470339e-07 -0.0003394278325485014     0.1197769409190954

cov:
0.05370003173268702 0.05377523933732641 0.05385797882875455 0.05391962178058548  0.0539932522709927
0.05377523933732641  0.0538752078227461 0.05398701448293312 0.05406874125623193 0.05416695079199576
0.05385797882875455 0.05398701448293312 0.05413371790008348 0.05423827764316877 0.05436541185140813
0.05391962178058548 0.05406874125623193 0.05423827764316877  0.0543604296014793 0.05450698549089029
 0.0539932522709927 0.05416695079199576 0.05436541185140813 0.05450698549089029 0.05467878657649167

cov.inverse():
 19354247.69474604 -27058098.14866156  817752.3551672072  2172871.182849527  4714109.569110006
-27058098.14877392  38442238.41421781 -1891532.424192001 -3503174.384580811 -5990672.490782916
  817752.355302486  -1891532.42437713  1324244.174496834 -8295.604369678027 -242058.7186067448
 2172871.182940415 -3503174.384693985 -8295.604383164484  1817450.476188511 -478738.8646952729
  4714109.56899621 -5990672.490596981 -242058.7186431143 -478738.8647310482  1997513.038251146

cov*(cov_.inverse()):
     1.000000000145519 -1.164153218269348e-10 -3.637978807091713e-12  3.637978807091713e-12 -5.820766091346741e-11
                     0      1.000000000116415 -7.275957614183426e-12  1.818989403545856e-11 -7.275957614183426e-11
 3.492459654808044e-10 -1.164153218269348e-10     0.9999999999836291  4.001776687800884e-11 -7.275957614183426e-11
 1.455191522836685e-10                      0 -9.094947017729282e-12      1.000000000040018 -4.365574568510056e-11
  2.91038304567337e-11                      0  1.818989403545856e-12  1.818989403545856e-11     0.9999999999708962
