11 
12 
13 
14 
15 
inputFileName = /Users/demattia/RemoteProjects/extracted_endcaps.root
eventsFractionStartBuild = 0
eventsFractionEndBuild = 0.2
eventsFractionStartTest = 0.8
eventsFractionEndTest = 1
var name = R
var name = z
par name = cotTheta
firstOrderChargeOverPtCoefficientsFileName = 
firstOrderCotThetaCoefficientsFileName = 
pT > 2, pT regions = 1
0 < phi < 0.8, phi regions = 1
-3 < eta < 3, eta regions = 1
-15 < z0 < 15, eta regions = 1
charge regions = 1
endcap regions = 0
Training
Requested running from track number 0 to track number 1000000 for a total of 1000000 tracks.
Analyzed 10% of 1000000 tracks
Analyzed 20% of 1000000 tracks
Analyzed 30% of 1000000 tracks
Analyzed 40% of 1000000 tracks
Analyzed 50% of 1000000 tracks
Analyzed 60% of 1000000 tracks
Analyzed 70% of 1000000 tracks
Analyzed 80% of 1000000 tracks
Analyzed 90% of 1000000 tracks
Analyzed 100% of 1000000 tracks
Evaluating eigenvalues:
geomIndex = 0
Sqrt(eigenvalues) of cov:
 0.0434183 0.04732 0.56193 1.04181 1.25681 1.30483 1.58326 1.88378 3.28165 5.56809
Analyzed 10% of 1000000 tracks
Analyzed 20% of 1000000 tracks
Analyzed 30% of 1000000 tracks
Analyzed 40% of 1000000 tracks
Analyzed 50% of 1000000 tracks
Analyzed 60% of 1000000 tracks
Analyzed 70% of 1000000 tracks
Analyzed 80% of 1000000 tracks
Analyzed 90% of 1000000 tracks
Analyzed 100% of 1000000 tracks
opening GeometricIndex.txt for writing
Matrices built:
geomIndex = 0

V_0:
    0.117325   -0.0308007    -0.560307      0.13823     0.728887    -0.181013    -0.288217    0.0715504  0.000944685  -0.00179291
    0.558505    -0.136472    -0.575792     0.146753    -0.377577    0.0922835     0.393097    -0.103766 -0.000491598  -0.00103881
   -0.534605     0.112198    -0.183501    0.0681041     0.206027   -0.0513545     0.663542    -0.191673    -0.353993        0.126
    0.121459    0.0545544  -0.00644165    -0.317596     0.170441     0.565537   -0.0602711    -0.169337     -0.42834    -0.562759
   -0.189804    -0.239661    0.0421348      0.60153    -0.155074    -0.272052   -0.0516464    0.0442459    -0.100429     -0.65586
    0.438642    -0.177713     0.384063     0.142982     0.125292    -0.281115   -0.0143567   -0.0942404    -0.654374     0.275765
   -0.167061     -0.71957    -0.076086    -0.250863   -0.0039206     0.128434    0.0896703     0.582628    -0.126015    0.0755114
    0.211473     0.464084    0.0372068    -0.270082    0.0233174    -0.385354     0.283124     0.587697   -0.0663028    -0.294264
  -0.0311637    -0.298474   -0.0787601    -0.571413   -0.0549431    -0.552129  -0.00738504    -0.463663    0.0925515    -0.213908
    0.267804     -0.23152      0.39768    0.0958047     0.459715     0.115634     0.476819   -0.0896328     0.473371    -0.152225
corrPV_0:
-1.47521e-05 -9.88407e-05     -0.07235    0.0266592   -0.0123068     0.145081    0.0190753   -0.0239845    -0.107262    -0.984745
D_0:
    0.127864   -0.0296643     0.091409    -0.020903   -0.0344138   0.00657403    -0.185735    0.0433296 -0.000844445  -0.00449498
opening matrixVD_0.txt for writing
