11 
12 
13 
14 
15 
inputFileName = /Users/demattia/RemoteProjects/extracted_endcaps.root
eventsFractionStartBuild = 0
eventsFractionEndBuild = 0.2
eventsFractionStartTest = 0.8
eventsFractionEndTest = 1
var name = R
var name = z
par name = cotTheta
firstOrderChargeOverPtCoefficientsFileName = 
firstOrderCotThetaCoefficientsFileName = 
2 < pT < 10, pT regions = 1
0 < phi < 0.8, phi regions = 1
-3 < eta < 3, eta regions = 1
-15 < z0 < 15, eta regions = 1
charge regions = 1
endcap regions = 0
Training
Requested running from track number 0 to track number 1000000 for a total of 1000000 tracks.
Analyzed 10% of 1000000 tracks
Analyzed 20% of 1000000 tracks
Analyzed 30% of 1000000 tracks
Analyzed 40% of 1000000 tracks
Analyzed 50% of 1000000 tracks
Analyzed 60% of 1000000 tracks
Analyzed 70% of 1000000 tracks
Analyzed 80% of 1000000 tracks
Analyzed 90% of 1000000 tracks
Analyzed 100% of 1000000 tracks
Evaluating eigenvalues:
geomIndex = 0
Sqrt(eigenvalues) of cov:
 0.0434416 0.0472729 0.561278 1.0444 1.25697 1.30603 1.58135 1.88352 3.28371 5.5605
Analyzed 10% of 1000000 tracks
Analyzed 20% of 1000000 tracks
Analyzed 30% of 1000000 tracks
Analyzed 40% of 1000000 tracks
Analyzed 50% of 1000000 tracks
Analyzed 60% of 1000000 tracks
Analyzed 70% of 1000000 tracks
Analyzed 80% of 1000000 tracks
Analyzed 90% of 1000000 tracks
Analyzed 100% of 1000000 tracks
opening GeometricIndex.txt for writing
Matrices built:
geomIndex = 0

V_0:
    0.125566   -0.0328051    -0.569085     0.140478     0.723133    -0.179585     -0.28197    0.0698728  0.000906632  -0.00168299
    0.556523    -0.135996    -0.567287     0.144521    -0.388527    0.0951284     0.397603     -0.10486 -0.000431958 -0.000810082
   -0.534238     0.111121    -0.182551    0.0682942     0.206206   -0.0508769      0.66319    -0.192804    -0.355529     0.125492
    0.127065    0.0593798  -0.00443244    -0.322373     0.172285     0.564443   -0.0597085    -0.169574    -0.429291    -0.558118
   -0.157756    -0.252022    0.0677942     0.602918    -0.144676    -0.289294   -0.0507677    0.0404738    -0.146744    -0.642744
    0.450788    -0.160008     0.380601     0.104817      0.13399    -0.265237   -0.0125662   -0.0991453    -0.643241     0.321393
   -0.167037    -0.724873   -0.0756385    -0.251716  -0.00286621     0.133674    0.0860446     0.573933    -0.128288    0.0802387
    0.209823      0.45739    0.0359193    -0.274434    0.0234517    -0.384397     0.284924     0.595071   -0.0672123    -0.286436
  -0.0314669    -0.294616   -0.0808375     -0.57369   -0.0567351    -0.552392  -0.00942017    -0.463636    0.0918707    -0.211455
    0.268227    -0.232363     0.397473    0.0921875     0.459631     0.112727     0.477085   -0.0908783     0.473918    -0.152126
corrPV_0:
-9.68799e-06 -9.85968e-05   -0.0719438     0.027492  -0.00273927     0.146268    0.0202828   -0.0241547    -0.106029    -0.982189
D_0:
   0.127942  -0.0297108   0.0893579  -0.0203363  -0.0318043  0.00587926   -0.186346   0.0435018 -0.00105911 -0.00449382
opening matrixVD_0.txt for writing
