10
1

0.04344155990194833
0.04727286297194629
 0.5612777325877704
  1.044400860636474
  1.256973793983081
  1.306030610333015
  1.581345727579632
  1.883520572513507
  3.283707492456215
  5.560504419982316

    0.1255663160367312   -0.03280509165107076    -0.5690848153035302     0.1404784821502175     0.7231332626729913    -0.1795848368982304    -0.2819696839019821    0.06987280577448615  0.0009066317171013231  -0.001682987505352525
    0.5565227071698478    -0.1359961013455518    -0.5672865963947855     0.1445213219678004    -0.3885269438334978     0.0951283511256449      0.397602853325879    -0.1048598150173989 -0.0004319580144299183 -0.0008100815280613996
   -0.5342381958597242     0.1111212960707948    -0.1825512840449098    0.06829417336755911     0.2062062307786103   -0.05087690413454335     0.6631895263672151    -0.1928044491640882    -0.3555291439111963     0.1254918227000726
    0.1270652532574202    0.05937983812926586   -0.00443243543408167    -0.3223730624820081     0.1722846972326259     0.5644428883592635   -0.05970854915916522    -0.1695740761030283    -0.4292908381121344    -0.5581178418619783
   -0.1577557305274245    -0.2520218735249534    0.06779420940849717     0.6029182497467008    -0.1446755828688631    -0.2892943443108649    -0.0507677402984608     0.0404737927950889    -0.1467443009271804    -0.6427441255291614
    0.4507877881876194    -0.1600079081888289     0.3806006796361633     0.1048170603474626     0.1339899333209764    -0.2652365198029963   -0.01256624488922613   -0.09914532103676434    -0.6432414825285659     0.3213927848448757
   -0.1670365286293329    -0.7248732951016409   -0.07563854527319552    -0.2517159138821034  -0.002866207112745769     0.1336737767857249    0.08604459158510543     0.5739328455210945    -0.1282875337733994    0.08023867736561022
    0.2098233276881412     0.4573895022763132    0.03591927877105452    -0.2744338234730639    0.02345166297343432    -0.3843967705134195     0.2849235051658535     0.5950709260571053   -0.06721225311417167    -0.2864362770867487
  -0.03146686894263462    -0.2946160265286021   -0.08083746441266822    -0.5736902546284052   -0.05673510021958716    -0.5523920666507522  -0.009420170624884785    -0.4636358267064852    0.09187071031008044    -0.2114545233242138
    0.2682272415461173    -0.2323625820012473      0.397472968655057    0.09218748819012182      0.459631023836178     0.1127274119601577     0.4770854436515527   -0.09087830712081392     0.4739182367989009    -0.1521264398063541

32.82669703229512
131.4579529308862
39.01654758763247
156.1278776739414
46.30797999638295
185.2756046411604
54.92034748177434
219.8027011056175
65.63788107453104
262.8177275135651

4.00170960190295

   0.1279422695123113  -0.02971077000422725   0.08935791158512321  -0.02033633001826814  -0.03180433423990383  0.005879261368019903   -0.1863460534906302   0.04350179510399999 -0.001059110416724428 -0.004493822935163406

-9.687987429487101e-06 -9.859676706255543e-05   -0.07194378153949264      0.027491999472775  -0.002739274987151433     0.1462679663459659    0.02028275400063006     -0.024154686871052    -0.1060294646224334    -0.9821886924515911

cov:
  2.955330471214991  -1.254720206038104   3.687173247382047   0.734412285616545   3.977745678555044  0.7353762024522353   4.019521969047279 -0.4706398919069665   3.445078301494337  -1.127776174250813
 -1.254720206038104   4.813264071404544  -2.540779923735346  0.8838989118225927  -3.039230822003686  0.3012298149007388  -3.048424769996117   2.044265785640011  -3.379483224772572   1.290917340410217
  3.687173247382047  -2.540779923735346    5.24030626957185    1.77556407863824   5.760155278177928   1.589685152819555   5.839760802434415 -0.7935171817521085   5.349076004727907  -1.601643836034299
  0.734412285616545  0.8838989118225927    1.77556407863824   4.945209805511175   1.470107057261776   3.505896102851528    1.07128842397317   1.744663173403562  0.8172329996127499  0.7469339195178274
  3.977745678555044  -3.039230822003686   5.760155278177928   1.470107057261776    6.67948299970711   2.014957596527748   6.848780692073197  -1.038598292943621   6.456943081385201  -1.933338038708365
 0.7353762024522353  0.3012298149007388   1.589685152819555   3.505896102851528   2.014957596527748   4.852644245377301    1.34085322243194   1.750146467098363   1.252860866822749  0.9494433623145027
  4.019521969047279  -3.048424769996117   5.839760802434415    1.07128842397317   6.848780692073197    1.34085322243194   7.492302796568617 -0.5989562909119487   6.865180660472413  -2.387586918996762
-0.4706398919069665   2.044265785640011 -0.7935171817521085   1.744663173403562  -1.038598292943621   1.750146467098363 -0.5989562909119487   4.715628956773977  -1.916556439243674  0.9951939335775986
  3.445078301494337  -3.379483224772572   5.349076004727907  0.8172329996127499   6.456943081385201   1.252860866822749   6.865180660472413  -1.916556439243674   8.073217345240295  -2.352364997092629
 -1.127776174250813   1.290917340410217  -1.601643836034299  0.7469339195178274  -1.933338038708365  0.9494433623145027  -2.387586918996762  0.9951939335775986  -2.352364997092629   2.678488213886445

cov.inverse():
   148.0296482888737   -36.17476728438771    -178.725175948593    45.15494701632046   -48.91552695905162    11.82295024081928    79.14076331773704   -21.19018117716892   0.3587491894158204  -0.4654355734896731
  -36.17476728438743    9.222948304034992    44.32989328501671   -11.28384165191845    11.16833620699535   -2.657610973305467   -19.04651662018757    5.016032276494434 -0.03205099412384719   0.1115426633328857
   -178.725175948562    44.32989328500955    315.8184451986982   -79.02750655151839   -119.5261973259228    29.95948991958834   -16.28509630577855    5.631281861548612 -0.09720522491805826   0.6811389980561006
   45.15494701631286    -11.2838416519167    -79.0275065515187     20.2273066049531    28.65245725606578   -7.474578185933074    4.836313474246508   -1.641859123522537 0.008468240047725731   -0.186156623149811
  -48.91552695910823    11.16833620700914   -119.5261973258434    28.65245725604575    344.8353688243102   -85.28959232253047   -176.7359160966379    44.84486466080108  0.09116056959532799  -0.4290991051528713
   11.82295024083312   -2.657610973308837    29.95948991956911   -7.474578185928223   -85.28959232253081    21.61093557208673     43.6069775282932   -11.17184933776532  -0.1450537024868205  -0.0700917381270604
   79.14076331776302   -19.04651662019402   -16.28509630582726    4.836313474258707   -176.7359160966153    43.60697752828754    114.3062118551596   -29.42730585888273  -0.9303848178968636   0.3979402174713109
  -21.19018117717551    5.016032276496067    5.631281861561201   -1.641859123525687    44.84486466079489   -11.17184933776377   -29.42730585888251    7.910289680437303   0.3257330492140848 -0.06957479707892468
  0.3587491894156024  -0.0320509941237932 -0.09720522491769046 0.008468240047633557   0.0911605695952125  -0.1450537024867914  -0.9303848178968969    0.325733049214095   0.8428075782476185  0.01305361360783611
 -0.4654355734896195   0.1115426633328728   0.6811389980561101  -0.1861566231498127  -0.4290991051530273 -0.07009173812702174   0.3979402174714043 -0.06957479707894869  0.01305361360783534   0.6899817241067641

cov*(cov_.inverse()):
     1.000000000000074 -2.436939539052219e-14  3.574918139293004e-14  2.162159340457492e-14  3.963496197911809e-14  2.974009927214638e-14  1.465494392505207e-14   5.78842529463941e-14  4.909267437014364e-16                      0
-1.032507412901396e-14      1.000000000000024  3.141931159689193e-14 -7.355227538141662e-15  1.227906665235423e-13 -6.615541447985152e-14 -1.038058528024521e-13 -3.336220188998595e-14 -2.636779683484747e-16   3.33066907387547e-16
 1.849631559025511e-13 -5.892508703198018e-14     0.9999999999998914  1.854072451124011e-14 -4.196643033083092e-13   1.00378039213922e-13  5.850875339774575e-14 -1.340594302234877e-14  5.585809592645319e-16 -4.440892098500626e-16
-7.471800955727304e-14  1.451616604697392e-14 -1.143529715363911e-14     0.9999999999999941  6.339373470609644e-14  1.456473830430127e-14 -5.273559366969494e-14   1.58414947826202e-14 -2.255140518769849e-17  2.220446049250313e-16
 -5.52891066263328e-14  7.438494264988549e-15  1.001421168211891e-13 -5.656586310465173e-14      0.999999999999726  1.515176872857182e-13 -2.075006833024418e-13  3.819167204710538e-14 -2.498001805406602e-16                      0
-4.918287999089443e-14  -5.35682609381638e-15 -1.665334536937735e-14  7.605027718682322e-15 -8.970602038971265e-14      1.000000000000012  3.880229471064922e-14  5.551115123125783e-17  8.673617379884035e-18 -1.110223024625157e-16
-1.554312234475219e-13  4.191091917959966e-14  3.708144902248023e-14  3.497202527569243e-15  1.043609643147647e-13  2.337019466835955e-14      1.000000000000009  5.309641615269811e-14 -3.122502256758253e-17 -4.440892098500626e-16
-4.318767565791859e-14 -1.124100812432971e-15  2.142730437526552e-14 -3.913536161803677e-15 -8.326672684688674e-15   -2.3037127760972e-15 -2.964295475749168e-14     0.9999999999999818  2.896988204881268e-16                      0
 1.287858708565182e-14   1.27675647831893e-14  2.962075029699918e-13 -1.981748098955904e-14 -3.212985433265203e-13  7.613354391367011e-14  9.081624341433781e-14  3.291811268013589e-14     0.9999999999999996  4.440892098500626e-16
-2.509104035652854e-14  2.498001805406602e-15 -5.373479439185758e-14 -1.204591981718295e-14  4.241051954068098e-14 -1.348920974919565e-14  1.509903313490213e-14 -1.196265309033606e-14  1.387778780781446e-16                      1
