10
1

0.04341833594565415
0.04731996685536294
 0.5619303950716663
  1.041806954481954
  1.256807830027635
  1.304825752075479
  1.583260395973196
  1.883775711590451
   3.28165285773483
  5.568085439733541

    0.1173249614406233   -0.03080071674275266    -0.5603065396533042     0.1382297016522497     0.7288873370217311    -0.1810134229686756    -0.2882171553627238    0.07155037034205987  0.0009446851357005505  -0.001792912998311252
    0.5585049638402755    -0.1364721222543017    -0.5757922183813651     0.1467533573066363    -0.3775767348652234    0.09228350593390895     0.3930968862057432     -0.103766177803427 -0.0004915976021101708  -0.001038814783128014
   -0.5346049371875615     0.1121975588845938    -0.1835007791622934    0.06810413374178589     0.2060272133822068   -0.05135447602846622     0.6635424929685123    -0.1916727964843933    -0.3539928861271437     0.1260000029813391
    0.1214585087338275    0.05455442374140674   -0.00644165033095749    -0.3175964228325667     0.1704413253409532     0.5655367671241261   -0.06027111626928967    -0.1693369229292248    -0.4283396059320392    -0.5627594189035672
   -0.1898038965144326     -0.239661099388578    0.04213481485052974     0.6015300362730469    -0.1550735926176612    -0.2720520689987958   -0.05164635031659633    0.04424586749596294    -0.1004293652027613    -0.6558597899599092
    0.4386419884360451    -0.1777125340665413     0.3840632574007301     0.1429816694784799     0.1252918918942219    -0.2811146741717533   -0.01435670037954215   -0.09424040116844354    -0.6543742215664955     0.2757654974908028
   -0.1670606988620675    -0.7195698568990765   -0.07608598934614806    -0.2508626112396243  -0.003920597330385234     0.1284343007857058    0.08967029382202683     0.5826281813996306    -0.1260148420510837    0.07551142940737943
    0.2114731772441171     0.4640841815513445    0.03720676328137156    -0.2700823523215178    0.02331739786689677    -0.3853543620526208     0.2831243761201667     0.5876967170237668   -0.06630284219206378    -0.2942644246893236
  -0.03116369277146267    -0.2984738790668348   -0.07876007277423619    -0.5714132761971035   -0.05494312887419706    -0.5521289844436462  -0.007385043220573998    -0.4636633036270697    0.09255151474129339    -0.2139082577696082
    0.2678036218635216    -0.2315198652221555     0.3976799890379734    0.09580469486564157     0.4597150251415428     0.1156339930343116     0.4768189266598062   -0.08963276395333535     0.4733706951603078    -0.1522254839615527

32.81498332967492
131.4605134245008
39.00074767192071
156.1178325563479
46.29582710831008
185.2808716963854
54.90984853530111
219.8065430858781
65.63478304533319
 262.828579024499

4.004195648370843

0
0
0
0
0
0
0
0
0
0

0

0
0
0
0
0
0
0
0
0
0

0

0
0
0
0
0
0
0
0
0
0

0

0
0
0
0
0
0
0
0
0
0

0

0
0
0
0
0
0
0
0
0
0

0

0
0
0
0
0
0
0
0
0
0

0

0
0
0
0
0
0
0
0
0
0

0

0
0
0
0
0
0
0
0
0
0

0

0
0
0
0
0
0
0
0
0
0

0

0
0
0
0
0
0
0
0
0
0

0

0
0
0
0
0
0
0
0
0
0

0

0
0
0
0
0
0
0
0
0
0

0

0
0
0
0
0
0
0
0
0
0

0

0
0
0
0
0
0
0
0
0
0

0

0
0
0
0
0
0
0
0
0
0

0

0
0
0
0
0
0
0
0
0
0

0

0
0
0
0
0
0
0
0
0
0

0

0
0
0
0
0
0
0
0
0
0

0

0
0
0
0
0
0
0
0
0
0

0

0
0
0
0
0
0
0
0
0
0

0

0
0
0
0
0
0
0
0
0
0

0

0
0
0
0
0
0
0
0
0
0

0

0
0
0
0
0
0
0
0
0
0

0

0
0
0
0
0
0
0
0
0
0

0

0
0
0
0
0
0
0
0
0
0

0

0
0
0
0
0
0
0
0
0
0

0

0
0
0
0
0
0
0
0
0
0

0

0
0
0
0
0
0
0
0
0
0

0

0
0
0
0
0
0
0
0
0
0

0

0
0
0
0
0
0
0
0
0
0

0

0
0
0
0
0
0
0
0
0
0

0

0
0
0
0
0
0
0
0
0
0

0

0
0
0
0
0
0
0
0
0
0

0

0
0
0
0
0
0
0
0
0
0

0

0
0
0
0
0
0
0
0
0
0

0

0
0
0
0
0
0
0
0
0
0

0

0
0
0
0
0
0
0
0
0
0

0

0
0
0
0
0
0
0
0
0
0

0

0
0
0
0
0
0
0
0
0
0

0

0
0
0
0
0
0
0
0
0
0

0

0
0
0
0
0
0
0
0
0
0

0

0
0
0
0
0
0
0
0
0
0

0

0
0
0
0
0
0
0
0
0
0

0

0
0
0
0
0
0
0
0
0
0

0

0
0
0
0
0
0
0
0
0
0

0

0
0
0
0
0
0
0
0
0
0

0

0
0
0
0
0
0
0
0
0
0

0

0
0
0
0
0
0
0
0
0
0

0

0
0
0
0
0
0
0
0
0
0

0

0
0
0
0
0
0
0
0
0
0

0

0
0
0
0
0
0
0
0
0
0

0

0
0
0
0
0
0
0
0
0
0

0

0
0
0
0
0
0
0
0
0
0

0

0
0
0
0
0
0
0
0
0
0

0

0
0
0
0
0
0
0
0
0
0

0

0
0
0
0
0
0
0
0
0
0

0

0
0
0
0
0
0
0
0
0
0

0

0
0
0
0
0
0
0
0
0
0

0

0
0
0
0
0
0
0
0
0
0

0

0
0
0
0
0
0
0
0
0
0

0

0
0
0
0
0
0
0
0
0
0

0

0
0
0
0
0
0
0
0
0
0

0

0
0
0
0
0
0
0
0
0
0

0

0
0
0
0
0
0
0
0
0
0

0

0
0
0
0
0
0
0
0
0
0

0

0
0
0
0
0
0
0
0
0
0

0

0
0
0
0
0
0
0
0
0
0

0

0
0
0
0
0
0
0
0
0
0

0

0
0
0
0
0
0
0
0
0
0

0

0
0
0
0
0
0
0
0
0
0

0

0
0
0
0
0
0
0
0
0
0

0

0
0
0
0
0
0
0
0
0
0

0

0
0
0
0
0
0
0
0
0
0

0

0
0
0
0
0
0
0
0
0
0

0

0
0
0
0
0
0
0
0
0
0

0

0
0
0
0
0
0
0
0
0
0

0

0
0
0
0
0
0
0
0
0
0

0

   0.1278640845298348  -0.02966429285612244    0.0914089794332484  -0.02090302472903228  -0.03441380847249621  0.006574028759631449   -0.1857349843989469   0.04332958549020028 -0.000844445338104207 -0.004494977950209638

-1.475206032089702e-05 -9.884066485133929e-05   -0.07235002672921961     0.0266592413434263   -0.01230680067457846     0.1450805976220994    0.01907529560473674   -0.02398453200085857    -0.1072621338892801     -0.984744972441511

cov:
  2.954128329755614   -1.24529913659981   3.691578756523971  0.7628885146267019   3.981974342087958  0.7573438493869042   4.021591251280776 -0.4652862271318481   3.446990866722047   -1.13744712683032
  -1.24529913659981   4.835184700218531     -2.541678252137  0.8693209656158359  -3.039470878447966  0.2981222014675238  -3.050588945131274   2.045656447987596  -3.379103624004896   1.295412165290636
  3.691578756523971     -2.541678252137   5.255376392644076   1.809544261851619   5.776679749917143   1.615811078088401   5.854428826761064 -0.7917118122973791   5.362133947906442  -1.615376671790496
 0.7628885146267019  0.8693209656158359   1.809544261851619   4.934852849786679   1.512607263092108   3.506671094279173   1.116527591570011   1.730699296975781  0.8646201485745429  0.7393728833727854
  3.981974342087958  -3.039470878447966   5.776679749917143   1.512607263092108   6.697674539742798   2.049276899585401   6.863802562307634  -1.034818713673375   6.470595811366636  -1.944594628430089
 0.7573438493869042  0.2981222014675238   1.615811078088401   3.506671094279173   2.049276899585401   4.865332839928412   1.376533288908034   1.744737963429783   1.296022209215546  0.9552532563066942
  4.021591251280776  -3.050588945131274   5.854428826761064   1.116527591570011   6.863802562307634   1.376533288908034   7.502093207137694 -0.5972727892138897    6.87361917122164  -2.402047342122661
-0.4652862271318481   2.045656447987596 -0.7917118122973791   1.730699296975781  -1.034818713673375   1.744737963429783 -0.5972727892138897   4.701829583916225  -1.901795706839673  0.9934466150362596
  3.446990866722047  -3.379103624004896   5.362133947906442  0.8646201485745429   6.470595811366636   1.296022209215546    6.87361917122164  -1.901795706839673   8.078615567643945  -2.357559586248284
  -1.13744712683032   1.295412165290636  -1.615376671790496  0.7393728833727854  -1.944594628430089  0.9552532563066942  -2.402047342122661  0.9934466150362596  -2.357559586248284   2.690445340483099

cov.inverse():
   147.6870549797718   -36.08270245939821   -178.0730168546023    45.02353174997632   -49.08644749314981    11.83367418088848    78.99759381241458   -21.15601285872653   0.3393149788047268  -0.5203973916292205
   -36.0827024593983    9.195630866204525    44.16156103668646   -11.24885598931425    11.19781426982014   -2.658961690888619   -18.99916204169074    5.004883200417094 -0.02784052598062933   0.1267228415972119
  -178.0730168546035    44.16156103668663    314.7993214924379   -78.80075016328723   -119.6387894139334    30.02419235391635   -15.80191355895261    5.499649512815243 -0.08787770489490639   0.7690804670819628
   45.02353174997668   -11.24885598931429   -78.80075016328723    20.17879759562366    28.64904320885853   -7.482383644385707    4.740691231579268     -1.6158201444038 0.007051307942867945  -0.2085866544787074
  -49.08644749314752    11.19781426981962   -119.6387894139365    28.64904320885935    345.6826686172902   -85.48618494075598   -177.2869375069774    45.00310006851733   0.1179322555201641  -0.4427533597927827
   11.83367418088793   -2.658961690888496    30.02419235391701   -7.482383644385888   -85.48618494075586    21.65777380551373    43.72347609154831   -11.20648799069042  -0.1534817025745081 -0.07072756636317007
   78.99759381241316   -18.99916204169037   -15.80191355894988    4.740691231578542   -177.2869375069787    43.72347609154868    114.5073285168331   -29.48311777992662  -0.9445983221673284   0.3839186846941229
  -21.15601285872627    5.004883200417024    5.499649512814759   -1.615820144403673    45.00310006851755   -11.20648799069049   -29.48311777992662    7.926511839357246   0.3281270031734448 -0.06376074295385774
  0.3393149788047055 -0.02784052598062376 -0.08787770489481192 0.007051307942844671    0.117932255520045  -0.1534817025744786  -0.9445983221672821   0.3281270031734334   0.8399614038113911  0.01341989727645136
 -0.5203973916292047    0.126722841597208   0.7690804670819339  -0.2085866544787001  -0.4427533597927712 -0.07072756636317304   0.3839186846941245 -0.06376074295385833  0.01341989727645097   0.6929165204032678

cov*(cov_.inverse()):
    0.9999999999998341 -3.883005028626485e-14  2.277067423506196e-13 -4.635181127810029e-15 -1.417754802446325e-13  2.119138198253268e-14  9.769962616701378e-15 -2.345346139520643e-15 -1.856154119295184e-16  1.110223024625157e-16
 4.929390229335695e-14      1.000000000000044  9.325873406851315e-15 -7.771561172376096e-15  8.748557434046234e-14  -5.99936766931819e-14 -1.031952301389083e-13 -6.661338147750939e-15 -1.838806884535416e-16 -4.440892098500626e-16
 1.230127111284673e-13 -6.311617894994015e-14     0.9999999999997429   7.30526750203353e-14 -3.058664432842306e-13 -2.192690473634684e-15  2.898792317296284e-13  2.355060590986113e-14 -3.191891195797325e-16  2.220446049250313e-16
 5.928590951498336e-14 -3.261280134836397e-15 -1.976196983832779e-14      1.000000000000009 -3.774758283725532e-15   6.63358257213531e-15  1.676436767183986e-14  8.978928711655954e-15 -5.204170427930421e-17                      0
-2.673417043297377e-13 -2.958744360626042e-14  2.169375790117556e-13  4.568567746332519e-14     0.9999999999997189  8.770761894538737e-14  1.565414464721471e-13 -4.481137683143288e-14  1.006139616066548e-15 -4.440892098500626e-16
-4.768407890765047e-14  9.783840404509192e-15  6.217248937900877e-14  4.329869796038111e-15 -4.546363285840016e-14     0.9999999999999967  2.831068712794149e-15  1.604966159973742e-14 -7.459310946700271e-17  2.220446049250313e-16
 4.884981308350689e-15 -3.985700658404312e-14  6.861178292183467e-14  5.562217353372034e-14 -2.797762022055394e-14 -1.323940956865499e-14      1.000000000000277 -4.013456234019941e-14  -1.52655665885959e-16  4.440892098500626e-16
-3.486100297322992e-14  1.254552017826427e-14  -2.05391259555654e-14  -9.46465128492946e-15  6.855627177060342e-14 -2.872702076217593e-14 -3.241851231905457e-14      1.000000000000015  2.792904796322659e-16 -1.110223024625157e-16
 9.015010959956271e-14 -4.679590048795035e-14  7.327471962526033e-14  4.662936703425657e-14 -1.889599587912016e-13  1.534883331544279e-14   1.35003119794419e-13 -2.173261570703744e-14                      1  8.881784197001252e-16
 4.329869796038111e-14  1.498801083243961e-15  2.886579864025407e-14 -3.885780586188048e-15 -5.773159728050814e-14 -1.071365218763276e-14 -4.218847493575595e-14   3.33066907387547e-15 -1.457167719820518e-16                      1
