5 
7 
8 
9 
11 
inputFileName = /Users/demattia/RemoteProjects/extracted_hybrid.root
eventsFractionStartBuild = 0
eventsFractionEndBuild = 0.2
eventsFractionStartTest = 0.8
eventsFractionEndTest = 1
var name = R
var name = z
par name = cotTheta
firstOrderChargeOverPtCoefficientsFileName = 
firstOrderCotThetaCoefficientsFileName = 
2 < pT < 10, pT regions = 1
0 < phi < 0.8, phi regions = 1
-3 < eta < 3, eta regions = 1
-15 < z0 < 15, eta regions = 1
charge regions = 1
endcap regions = 0
Training
Requested running from track number 0 to track number 1000000 for a total of 1000000 tracks.
Analyzed 10% of 1000000 tracks
Analyzed 20% of 1000000 tracks
Analyzed 30% of 1000000 tracks
Analyzed 40% of 1000000 tracks
Analyzed 50% of 1000000 tracks
Analyzed 60% of 1000000 tracks
Analyzed 70% of 1000000 tracks
Analyzed 80% of 1000000 tracks
Analyzed 90% of 1000000 tracks
Analyzed 100% of 1000000 tracks
Evaluating eigenvalues:
geomIndex = 0
Sqrt(eigenvalues) of cov:
 0.208654 0.675223 0.76246 1.04675 1.36643 1.6071 1.65195 1.89961 4.80448 9.2892
Analyzed 10% of 1000000 tracks
Analyzed 20% of 1000000 tracks
Analyzed 30% of 1000000 tracks
Analyzed 40% of 1000000 tracks
Analyzed 50% of 1000000 tracks
Analyzed 60% of 1000000 tracks
Analyzed 70% of 1000000 tracks
Analyzed 80% of 1000000 tracks
Analyzed 90% of 1000000 tracks
Analyzed 100% of 1000000 tracks
opening GeometricIndex.txt for writing
Matrices built:
geomIndex = 0

V_0:
  -0.393431    0.296836    0.671101   -0.511794  -0.0750528   0.0609564   -0.125579   0.0857003  -0.0779861   0.0790262
   0.233252  -0.0854047    0.112718  -0.0645234   -0.784919    0.346248    0.394433   -0.151334   0.0449442  -0.0703203
    0.29898  -0.0797671     0.05144  -0.0264139   -0.248549   0.0743199   -0.763311    0.256607    0.305608   -0.302849
  -0.792891  -0.0411665   -0.443572    0.077852   -0.359201   0.0298721   -0.162295 -0.00143702   0.0835301  -0.0597963
   0.201365    0.190744   -0.213051   -0.118317   -0.248774   -0.144223   -0.388873   -0.350805   -0.352985    0.618147
 -0.0780371   -0.177122    0.214731    0.233745   0.0305381   0.0752796   0.0154824  0.00383158    0.678566    0.628081
  -0.156618    -0.31384    0.469407    0.564013  -0.0232711 4.98172e-05   -0.216508   -0.423066   -0.303531   -0.141376
  0.0220581   0.0810323     0.15985    0.259765   -0.352078   -0.746791    0.141169     0.43642  -0.0717099   0.0522262
 -0.0297384   -0.502809 -0.00582205  -0.0182189   0.0120005    0.332584  -0.0308446     0.58735   -0.445487    0.301308
  0.0142656    0.686223  0.00928684    0.522099  0.00109414    0.418574   -0.021254    0.257678   -0.103643   0.0585166
corrPV_0:
-0.00312165  0.00290437  0.00767177  -0.0127171    0.014318  0.00359335  0.00836301 0.000311962    0.375887   -0.486913
D_0:
   0.0432365   -0.0342011   -0.0416038    0.0329594 -0.000507402  0.000457352 -0.000666695  0.000460975 -0.000427175  0.000344852
opening matrixVD_0.txt for writing
