5
1

0.001505717221472589
0.002418774092594388
0.002816114552854314
 0.09338287857605283
  0.5635214188908381

 -0.259618860454398  0.2660173406445525 -0.3075919749453307  0.7512740280017696  -0.450341352278455
 -0.484288551974472  0.3074547599835471  0.7161795235150659 -0.1917373224941873 -0.3482238622645241
 0.3448090856003406 -0.6822587269851675  0.4200944468448342  0.3023173934178714 -0.3843885707291413
-0.6473476013819016 -0.4430584592123984 0.09282434918410229  0.2938184181448155  0.5382329068933448
 0.4001380051874413  0.4158468182068652  0.4553881454052631  0.4702117233849648  0.4883477990198564

 0.399544430735652
0.3997491065885017
0.3993617754793203
0.3992865347540796
0.3991474696253303

0.001486456856601911

0
0
0
0
0

0

0
0
0
0
0

0

0
0
0
0
0

0

0
0
0
0
0

0

0
0
0
0
0

0

0
0
0
0
0

0

0
0
0
0
0

0

0
0
0
0
0

0

0
0
0
0
0

0

0
0
0
0
0

0

0
0
0
0
0

0

0
0
0
0
0

0

0
0
0
0
0

0

0
0
0
0
0

0

0
0
0
0
0

0

0
0
0
0
0

0

0
0
0
0
0

0

0
0
0
0
0

0

0
0
0
0
0

0

0
0
0
0
0

0

0
0
0
0
0

0

0
0
0
0
0

0

0
0
0
0
0

0

0
0
0
0
0

0

0
0
0
0
0

0

0
0
0
0
0

0

0
0
0
0
0

0

0
0
0
0
0

0

0
0
0
0
0

0

0
0
0
0
0

0

0
0
0
0
0

0

0
0
0
0
0

0

0
0
0
0
0

0

0
0
0
0
0

0

0
0
0
0
0

0

0
0
0
0
0

0

0
0
0
0
0

0

0
0
0
0
0

0

0
0
0
0
0

0

0
0
0
0
0

0

0
0
0
0
0

0

0
0
0
0
0

0

0
0
0
0
0

0

0
0
0
0
0

0

0
0
0
0
0

0

0
0
0
0
0

0

0
0
0
0
0

0

0
0
0
0
0

0

0
0
0
0
0

0

0
0
0
0
0

0

0
0
0
0
0

0

0
0
0
0
0

0

0
0
0
0
0

0

0
0
0
0
0

0

0
0
0
0
0

0

0
0
0
0
0

0

0
0
0
0
0

0

0
0
0
0
0

0

0
0
0
0
0

0

0
0
0
0
0

0

0
0
0
0
0

0

0
0
0
0
0

0

0
0
0
0
0

0

0
0
0
0
0

0

0
0
0
0
0

0

0
0
0
0
0

0

0
0
0
0
0

0

0
0
0
0
0

0

0
0
0
0
0

0

0
0
0
0
0

0

0
0
0
0
0

0

0
0
0
0
0

0

0
0
0
0
0

0

0
0
0
0
0

0

0
0
0
0
0

0

0
0
0
0
0

0

0
0
0
0
0

0

 6.419904459789683 -5.551501669572152 -1.149847048218565    4.6517192486097 -4.364698965560693

 6.054470522718915e-06 -2.931923844309311e-05  6.821970584687902e-05   -0.02429028585706689   -0.06590929385173218

cov:
0.05450090121745716 0.05533836830436684 0.05733982064683804 0.05809039343194809 0.05901440620438995
0.05533836830436684 0.05663079327504514 0.05977638770691084 0.06095698854121352  0.0624103267906244
0.05733982064683804 0.05977638770691084  0.0659340768499137 0.06823549752937526 0.07105391980792762
0.05809039343194809 0.06095698854121352 0.06823549752937526 0.07096646270141709 0.07429724060110154
0.05901440620438995  0.0624103267906244 0.07105391980792762 0.07429724060110154 0.07826056566969676

cov.inverse():
 84858.14208309934 -85542.88932081545 -5801.975192084249 -57034.79805152609  63642.37162559169
-85542.88932078295  106087.8132614869 -34598.87330301132  52051.03001811164 -38098.04570204849
 -5801.97519220306  -34598.8733028749  151656.7405897896 -109379.5526175464 -1884.471892958794
-57034.79805143929  52051.03001802006 -109379.5526175749  266767.7251361216 -152451.0697035607
 63642.37162559112 -38098.04570206072 -1884.471892912534 -152451.0697035942  128845.0645042212

cov*(cov_.inverse()):
                     1 -1.818989403545856e-12 -2.472688720445149e-12 -1.818989403545856e-12  9.094947017729282e-13
-4.547473508864641e-13     0.9999999999995453 -1.890043677121866e-12                      0  2.728484105318785e-12
                     0  4.547473508864641e-13     0.9999999999998579                      0                      0
                     0                      0 -2.444267011014745e-12                      1                      0
                     0                      0 -1.222133505507372e-12                      0                      1
