5
1

0.001666860762848401
0.002681960020018014
0.003136833336115161
  0.1020324735770659
  0.5747631856682985

 -0.253929788435289  0.2604048437344305 -0.3122126213027652  0.7542090679650196 -0.4487771616330861
-0.4858066972428288  0.3079645652016619   0.714484424931731 -0.1842570922064298 -0.3531444605197299
 0.3472594252109678 -0.6840314094971947  0.4195426770099199  0.2996195338320913 -0.3817381295299433
-0.6531465577480977 -0.4495028468486733  0.0859475500685279  0.2867185270424221  0.5308034190400346
 0.3902844874744352  0.4091397871583963  0.4567627901151736  0.4745931172781923   0.496398811440126

0.3999296181628008
0.4001434749653353
0.3996090704278944
0.3995028987015262
 0.399311011008843

0.001990382269072795

 6.456918367392932 -5.588757711160358 -1.155565985305255  4.640047955142226 -4.345667976673917

 7.545205908599977e-06 -3.599260436570182e-05  8.491148453413567e-05   -0.02894963125648126   -0.08239565150273788

cov:
0.05476422137678219 0.05580389490609593 0.05830587345823302  0.0592415681561062 0.06039242532980389
0.05580389490609593 0.05740848497693005 0.06133259265988727 0.06280260638545208 0.06461099404745393
0.05830587345823302 0.06133259265988727 0.06900480777835104 0.07186888072772039 0.07537496574515815
 0.0592415681561062 0.06280260638545208 0.07186888072772039 0.07526673261963418 0.07940976543086425
0.06039242532980389 0.06461099404745393 0.07537496574515815 0.07940976543086425  0.0843389095698584

cov.inverse():
 68315.51079913243 -68710.98426452607 -4920.381103708272 -45928.47535386156  51361.68636980591
-68710.98426455498  85163.62989680714 -27839.76042788804  41957.90842130451 -30665.92262193579
-4920.381103588241 -27839.76042797528  123944.1036807711 -90275.23837908187 -920.5563845097048
-45928.47535396455  41957.90842132371 -90275.23837885068  218583.5983149388 -124383.7450023012
 51361.68636981773 -30665.92262189656 -920.5563847082716 -124383.7450021537  104663.0778142413

cov*(cov_.inverse()):
     0.999999999998181  2.273736754432321e-13 -1.655564574321033e-12  9.094947017729282e-13 -9.094947017729282e-13
-1.364242052659392e-12      1.000000000000227 -2.060573933704291e-13 -9.094947017729282e-13                      0
-1.364242052659392e-12                      0      1.000000000000185 -1.818989403545856e-12  1.818989403545856e-12
-1.818989403545856e-12  4.547473508864641e-13 -1.463718035665806e-12                      1 -1.818989403545856e-12
-9.094947017729282e-13                      0 -8.526512829121202e-14                      0                      1
