6
1

0.000944759085877476
0.001115041042107727
0.002125581892905379
0.002988937486911972
 0.08545345112733929
  0.6042125327260915

 0.03895397137299928   -0.028226753984999  -0.6281457576046203   0.6165519239004484   0.3344262286908304  -0.3333790160993098
  0.0855667552889189  -0.1832298363414859  -0.0894565670970545   0.5084920629030847  -0.7267394385864816   0.4054482586402116
 -0.7063986846058036   0.5875956240885364   0.1852372186886382   0.2602473730575073  -0.1635841036645548  -0.1641066713958412
  0.1411725879122973   0.5872195278417828  -0.6115025654619313  -0.3561367201815647  -0.1102179140159685   0.3497524652453241
  -0.574714974674813  -0.3517996896827479  -0.1718628498935454 -0.02259660922880479   0.3698738936975822   0.6156992228860367
  0.3767423724476208   0.3895788295661634   0.3995564739545224   0.4077093103003243   0.4292952843741202   0.4428620796433156

0.3964185079683185
0.3961645521284387
0.3958095840300787
0.3954628895407665
0.3947129383087662
0.3941776750604542

0.007151857345492945

0
0
0
0
0
0

0

0
0
0
0
0
0

0

0
0
0
0
0
0

0

0
0
0
0
0
0

0

0
0
0
0
0
0

0

0
0
0
0
0
0

0

0
0
0
0
0
0

0

0
0
0
0
0
0

0

0
0
0
0
0
0

0

0
0
0
0
0
0

0

0
0
0
0
0
0

0

0
0
0
0
0
0

0

0
0
0
0
0
0

0

0
0
0
0
0
0

0

0
0
0
0
0
0

0

0
0
0
0
0
0

0

0
0
0
0
0
0

0

0
0
0
0
0
0

0

0
0
0
0
0
0

0

0
0
0
0
0
0

0

0
0
0
0
0
0

0

0
0
0
0
0
0

0

0
0
0
0
0
0

0

0
0
0
0
0
0

0

0
0
0
0
0
0

0

0
0
0
0
0
0

0

0
0
0
0
0
0

0

0
0
0
0
0
0

0

0
0
0
0
0
0

0

0
0
0
0
0
0

0

0
0
0
0
0
0

0

0
0
0
0
0
0

0

0
0
0
0
0
0

0

0
0
0
0
0
0

0

0
0
0
0
0
0

0

0
0
0
0
0
0

0

0
0
0
0
0
0

0

0
0
0
0
0
0

0

0
0
0
0
0
0

0

0
0
0
0
0
0

0

0
0
0
0
0
0

0

0
0
0
0
0
0

0

0
0
0
0
0
0

0

0
0
0
0
0
0

0

0
0
0
0
0
0

0

0
0
0
0
0
0

0

0
0
0
0
0
0

0

0
0
0
0
0
0

0

0
0
0
0
0
0

0

0
0
0
0
0
0

0

0
0
0
0
0
0

0

0
0
0
0
0
0

0

0
0
0
0
0
0

0

0
0
0
0
0
0

0

0
0
0
0
0
0

0

0
0
0
0
0
0

0

0
0
0
0
0
0

0

0
0
0
0
0
0

0

0
0
0
0
0
0

0

0
0
0
0
0
0

0

0
0
0
0
0
0

0

0
0
0
0
0
0

0

0
0
0
0
0
0

0

0
0
0
0
0
0

0

0
0
0
0
0
0

0

0
0
0
0
0
0

0

0
0
0
0
0
0

0

0
0
0
0
0
0

0

0
0
0
0
0
0

0

0
0
0
0
0
0

0

0
0
0
0
0
0

0

0
0
0
0
0
0

0

0
0
0
0
0
0

0

0
0
0
0
0
0

0

0
0
0
0
0
0

0

0
0
0
0
0
0

0

0
0
0
0
0
0

0

 4.759580372654439 -5.087161675321476  3.726583971945316 -1.978860507019617  2.670080499488958 -4.087033598536597

-8.715348561996428e-07   -4.4731471014282e-06 -2.684708140122836e-05 -5.014664185842105e-05   -0.02242005544075888   -0.06216211942485667

cov:
0.05423090871107502 0.05505729928949196 0.05567422230611273 0.05616930870799779 0.05749263500866263 0.05832760496962482
0.05505729928949196 0.05631614094576538 0.05726559699735839 0.05804304570244091 0.06010532145177338 0.06140551286661231
0.05567422230611273 0.05726559699735839 0.05850172637192842 0.05950153303416522 0.06215626826624977 0.06382444485100344
0.05616930870799779 0.05804304570244091 0.05950153303416522 0.06069073907390184 0.06383669522220967 0.06581434680811149
0.05749263500866263 0.06010532145177338 0.06215626826624977 0.06383669522220967 0.06828087325617563 0.07106939748178523
0.05832760496962482 0.06140551286661231 0.06382444485100344 0.06581434680811149 0.07106939748178523 0.07437027638594461

cov.inverse():
  120309.821026955 -96404.37917545759 -72181.09502105194   15588.1242464411 -11614.20531575016  44490.72222203304
 -96404.3791754991  142930.1641812366  16953.09179041754 -83996.70382929822  67988.21686683071 -47591.30590638531
-72181.09502138951   16953.0917906806  497949.3490369137 -435436.3600815082 -182234.2643176064  174761.1538756175
 15588.12424692851 -83996.70382970323 -435436.3600810035  663041.1620440073 -71243.27530819115 -87861.41425021127
-11614.20531577014  67988.21686683816 -182234.2643195183 -71243.27530580567  557395.3996421489 -360242.6759422897
 44490.72222194514 -47591.30590629274  174761.1538769504 -87861.41425200987  -360242.675941829  276442.0163941449

cov*(cov_.inverse()):
    0.9999999999986358  1.818989403545856e-12 -3.637978807091713e-12                      0                      0 -5.456968210637569e-12
                     0      1.000000000001364 -3.637978807091713e-12 -4.547473508864641e-12 -3.637978807091713e-12  3.637978807091713e-12
                     0  2.728484105318785e-12      0.999999999998181                      0  3.637978807091713e-12 -3.637978807091713e-12
                     0  4.547473508864641e-13 -1.818989403545856e-12      1.000000000002728 -3.637978807091713e-12                      0
-9.094947017729282e-13  9.094947017729282e-13  1.818989403545856e-12 -2.728484105318785e-12      0.999999999996362  3.637978807091713e-12
-9.094947017729282e-13  1.364242052659392e-12                      0 -9.094947017729282e-13                      0                      1
