6
1

 0.00104518851789329
0.001231485442442418
 0.00235450586410976
0.003335971984581626
 0.09371489039838453
  0.6156034617464311

 0.03263337070242144 -0.01208447685839173  -0.6189105856831675    0.568548961604858   0.3971358826682257  -0.3671156281341649
 0.08695682005162556  -0.1846918239366687  -0.1430084294463672   0.5618892256272227  -0.6946653863068024   0.3736261900830825
 -0.7069302807456558   0.5869462630596965   0.1854295444057263   0.2604451289827655  -0.1612755267668157  -0.1658857611787288
  0.1402038108290996   0.5878489629894056  -0.6106153486100041  -0.3555788461022582  -0.1120746938115302   0.3506113680341794
  -0.579095501407118  -0.3567007322677901  -0.1768581366579557 -0.02756355922526931   0.3646756190404238   0.6102344880681978
  0.3696139126264215   0.3852728438161255   0.3974723331728199   0.4074369222083948   0.4337790360485064   0.4503299213678315

0.3942350644419559
0.3939055011364595
 0.393462851922067
0.3930419907177981
0.3921440806813783
0.3914891346881677

0.008790851693307402

 4.801798395933591 -5.099200190788476  3.610363332128669 -1.936320352987663  2.779624101857431 -4.152574632143874

-5.338667798821713e-07 -5.652811578608956e-06 -3.316108509541357e-05 -6.240783309703167e-05   -0.02693889621798541   -0.07881263737356896

cov:
  0.054720671944355 0.05577855901190853 0.05657238918804471 0.05720908885055966 0.05890584721179382 0.05997612493620691
0.05577855901190853 0.05737537119533612 0.05858402252372713 0.05957291336732216 0.06219081883829687 0.06384080254114466
0.05657238918804471 0.05858402252372713 0.06015041258552259 0.06141686615339896 0.06477380969430284 0.06688257647546712
0.05720908885055966 0.05957291336732216 0.06141686615339896 0.06291974911613792 0.06688941223237554 0.06938411240469435
0.05890584721179382 0.06219081883829687 0.06477380969430284 0.06688941223237554 0.07247731452690975 0.07598252025072083
0.05997612493620691 0.06384080254114466 0.06688257647546712 0.06938411240469435 0.07598252025072083 0.08012586481068863

cov.inverse():
 97913.17438143966 -78368.23860181122  -58014.9457870156  11512.44375407221  -8837.27392724954  35987.44519338203
-78368.23860172216  115836.5090262385  11648.36393193029 -65924.44805959027  57196.02174427046 -40507.93829948565
-58014.94578640282   11648.3639312261  403839.4413786578 -346874.2113938738 -158743.8784430045   147959.309684831
 11512.44375311764 -65924.44805852063  -346874.211394031  527680.4881511771  -54683.1874276884 -71632.76232836058
-8837.273927085653  57196.02174418092 -158743.8784424025  -54683.1874286014   468404.660505472 -303280.8086606885
 35987.44519347067 -40507.93829967254  147959.3096842937 -71632.76232748819 -303280.8086609251  231473.1678566728

cov*(cov_.inverse()):
    0.9999999999990905 -4.547473508864641e-13 -1.818989403545856e-12  2.728484105318785e-12  7.275957614183426e-12  1.818989403545856e-12
-9.094947017729282e-13      1.000000000001819  5.456968210637569e-12 -4.547473508864641e-12  7.275957614183426e-12  1.818989403545856e-12
-1.364242052659392e-12                      0                      1  9.094947017729282e-13  3.637978807091713e-12  3.637978807091713e-12
-1.364242052659392e-12  1.364242052659392e-12  3.637978807091713e-12      0.999999999998181                      0  1.818989403545856e-12
-4.547473508864641e-13 -4.547473508864641e-13  5.456968210637569e-12 -2.728484105318785e-12      1.000000000003638  3.637978807091713e-12
-4.547473508864641e-13  4.547473508864641e-13  1.818989403545856e-12                      0                      0                      1
