5 
6 
7 
8 
9 
11 
inputFileName = /Users/demattia/RemoteProjects/extracted_hybrid.root
eventsFractionStartBuild = 0
eventsFractionEndBuild = 0.2
eventsFractionStartTest = 0.8
eventsFractionEndTest = 1
var name = R
var name = z
par name = cotTheta
firstOrderChargeOverPtCoefficientsFileName = 
firstOrderCotThetaCoefficientsFileName = 
2 < pT < 10, pT regions = 1
0 < phi < 0.8, phi regions = 1
-3 < eta < 3, eta regions = 1
-15 < z0 < 15, eta regions = 1
charge regions = 1
endcap regions = 0
Training
Requested running from track number 0 to track number 1000000 for a total of 1000000 tracks.
Analyzed 10% of 1000000 tracks
Analyzed 20% of 1000000 tracks
Analyzed 30% of 1000000 tracks
Analyzed 40% of 1000000 tracks
Analyzed 50% of 1000000 tracks
Analyzed 60% of 1000000 tracks
Analyzed 70% of 1000000 tracks
Analyzed 80% of 1000000 tracks
Analyzed 90% of 1000000 tracks
Analyzed 100% of 1000000 tracks
Evaluating eigenvalues:
geomIndex = 0
Sqrt(eigenvalues) of cov:
 0.0727721 0.209543 0.678707 0.768131 1.01194 1.36351 1.58236 1.63099 1.83933 1.90245 4.91138 10.8649
Analyzed 10% of 1000000 tracks
Analyzed 20% of 1000000 tracks
Analyzed 30% of 1000000 tracks
Analyzed 40% of 1000000 tracks
Analyzed 50% of 1000000 tracks
Analyzed 60% of 1000000 tracks
Analyzed 70% of 1000000 tracks
Analyzed 80% of 1000000 tracks
Analyzed 90% of 1000000 tracks
Analyzed 100% of 1000000 tracks
opening GeometricIndex.txt for writing
Matrices built:
geomIndex = 0

V_0:
    -0.34727     0.274046     0.640524    -0.505791    -0.291863     0.230261  -0.00103928    0.0011096 -4.40875e-05  0.000545819 -0.000107879  0.000215922
   -0.429157     0.324051    0.0621643   -0.0474527     0.645999    -0.492208   -0.0745674    0.0606066    -0.126276    0.0861653   -0.0786617    0.0795246
    0.165583   -0.0537848       0.1269   -0.0475804    0.0835536   -0.0425049    -0.779912     0.341724     0.432246    -0.163488    0.0303731   -0.0548487
    0.241012    -0.055149     0.123177   -0.0521815     0.018784  -0.00649556    -0.311226    0.0943708    -0.748175     0.249834       0.3111    -0.309592
   -0.645408   -0.0135974    -0.546088  -0.00997887     -0.40036    0.0308963    -0.314422    0.0482618    -0.133127   -0.0100508    0.0549849   -0.0408894
    0.258184     0.225092   -0.0359348   -0.0441751    -0.196457     -0.12499    -0.230739    -0.135961    -0.374821    -0.340285    -0.356177     0.608557
   -0.266694    -0.393325     0.194749        0.221      0.28484     0.370582   -0.0448613   0.00227804    -0.116835    -0.186775     0.409275     0.500878
    0.168115     0.240451    -0.115575    -0.141041    -0.222698    -0.304184     0.069199    0.0755323     0.207179     0.357082     0.617401     0.420048
    -0.15739     -0.16358     0.439947     0.593822    -0.347686    -0.402741    -0.124475    -0.233909     0.044745     0.200238   -0.0827748  -0.00697211
   0.0426982      0.10599    -0.100921   -0.0754351     0.199104     0.306567    -0.338706    -0.722593     0.138941     0.417976   -0.0629308    0.0510874
  -0.0208959     -0.39091  -0.00488341    -0.175583   0.00115592    0.0593557    0.0139711     0.385462   -0.0325013     0.608364    -0.448579     0.302014
  0.00963984     0.599817   0.00624906     0.526314   0.00501955     0.443531 -0.000475618     0.344506   -0.0173469     0.200591   -0.0741402    0.0402154
corrPV_0:
-5.78022e-05  -0.00318568   0.00197609   0.00701778  -0.00983065    0.0149187   0.00582696  -0.00485956  0.000290654  8.49033e-05     0.365193    -0.634973
D_0:
   0.0454631   -0.0359628  -0.00394566   0.00321186   -0.0397998    0.0315423 -0.000494491  0.000437674 -0.000654138  0.000450042 -0.000423623  0.000341111
opening matrixVD_0.txt for writing
