5 
6 
7 
8 
9 
11 
inputFileName = /Users/demattia/RemoteProjects/extracted_hybrid.root
eventsFractionStartBuild = 0
eventsFractionEndBuild = 0.2
eventsFractionStartTest = 0.8
eventsFractionEndTest = 1
var name = R
var name = z
par name = cotTheta
firstOrderChargeOverPtCoefficientsFileName = 
firstOrderCotThetaCoefficientsFileName = 
pT > 2, pT regions = 1
0 < phi < 0.8, phi regions = 1
-3 < eta < 3, eta regions = 1
-15 < z0 < 15, eta regions = 1
charge regions = 1
endcap regions = 0
Training
Requested running from track number 0 to track number 1000000 for a total of 1000000 tracks.
Analyzed 10% of 1000000 tracks
Analyzed 20% of 1000000 tracks
Analyzed 30% of 1000000 tracks
Analyzed 40% of 1000000 tracks
Analyzed 50% of 1000000 tracks
Analyzed 60% of 1000000 tracks
Analyzed 70% of 1000000 tracks
Analyzed 80% of 1000000 tracks
Analyzed 90% of 1000000 tracks
Analyzed 100% of 1000000 tracks
Evaluating eigenvalues:
geomIndex = 0
Sqrt(eigenvalues) of cov:
 0.0731529 0.209249 0.684757 0.766144 1.00034 1.3549 1.58304 1.61316 1.84654 1.92004 4.90974 10.8433
Analyzed 10% of 1000000 tracks
Analyzed 20% of 1000000 tracks
Analyzed 30% of 1000000 tracks
Analyzed 40% of 1000000 tracks
Analyzed 50% of 1000000 tracks
Analyzed 60% of 1000000 tracks
Analyzed 70% of 1000000 tracks
Analyzed 80% of 1000000 tracks
Analyzed 90% of 1000000 tracks
Analyzed 100% of 1000000 tracks
opening GeometricIndex.txt for writing
Matrices built:
geomIndex = 0

V_0:
   -0.347469     0.274337     0.640505    -0.506013    -0.291144     0.230089  -0.00110821   0.00103342 -0.000172928  0.000560926 -0.000155785  0.000448688
   -0.429836     0.323283     0.061781   -0.0465241      0.64624    -0.492295   -0.0755091    0.0608403    -0.124615    0.0861031   -0.0782496    0.0793624
    0.150279   -0.0580602     0.116513   -0.0462019    0.0749306   -0.0394556    -0.785798      0.34746     0.425151    -0.168199    0.0345477   -0.0521388
    0.231388   -0.0577212     0.122227   -0.0457594    0.0116181   -0.0102214    -0.313854    0.0935876    -0.752111     0.249264     0.307969    -0.309748
   -0.648515  -0.00933215    -0.548278  -0.00524715    -0.402499     0.035625    -0.305047    0.0210058    -0.139678  -0.00962725    0.0375112   -0.0304194
    0.269308     0.229262   -0.0207324   -0.0350545    -0.208433    -0.151152    -0.218408    -0.127734    -0.366777    -0.332829      -0.3444     0.615656
    0.296824     0.435749    -0.223567    -0.259599    -0.324284    -0.429957    0.0712227    0.0530953     0.161817     0.247406    -0.243934    -0.399789
   0.0966654     0.143953   -0.0913204    -0.110991    -0.131857    -0.183598    0.0583917    0.0773771     0.178129     0.311983     0.705832     0.511392
   -0.141727    -0.139289     0.422935     0.573214    -0.335345     -0.38899    -0.143355    -0.294796    0.0862944     0.264985   -0.0645926  -0.00177802
     0.08478     0.135868    -0.138252    -0.140639      0.22667     0.328957    -0.329072    -0.696695     0.131116     0.395224   -0.0847473    0.0402372
  -0.0217682    -0.388806  -0.00591423    -0.174214  0.000961497    0.0611805    0.0153692     0.389442   -0.0337938     0.605948    -0.451072     0.300906
  0.00929971     0.601036   0.00620506     0.527149   0.00525446     0.443945 -0.000867605     0.342481   -0.0177993     0.197887   -0.0727818     0.039522
corrPV_0:
-5.82693e-05  -0.00319705   0.00199617   0.00688557  -0.00961927    0.0146889  -0.00701681  -0.00368214   -0.0005309   0.00160317     0.364295    -0.639614
D_0:
   0.0456233   -0.0360809  -0.00394488   0.00317637   -0.0401284    0.0317775 -0.000482603  0.000406546 -0.000579374  0.000421557 -0.000404755  0.000309474
opening matrixVD_0.txt for writing
