12
1

0.07277205889784708
 0.2095429704135902
  0.678707330338353
 0.7681309114540362
  1.011944996428411
  1.363511703997558
  1.582360550227742
  1.630991853650585
  1.839332873518626
  1.902451716502285
  4.911376071917498
  10.86486993224399

   -0.3472695676440692      0.274046048006581     0.6405238140037202    -0.5057912151685139    -0.2918631224691814     0.2302614809879814  -0.001039278655457128    0.00110959746723263 -4.408749004682912e-05  0.0005458187841903835 -0.0001078786890322366  0.0002159217370957923
   -0.4291571805475297      0.324050689109043    0.06216432947535892   -0.04745268133517939     0.6459994791205208    -0.4922078001569855   -0.07456741428132325    0.06060659934017697    -0.1262755177330917    0.08616533842389111   -0.07866169422814637    0.07952462303323313
    0.1655826254288897   -0.05378484165492341     0.1269003829389491    -0.0475803989346338    0.08355359408214348    -0.0425048658690024    -0.7799122715806576     0.3417239849113373     0.4322458524718883    -0.1634879217710265    0.03037306249695839   -0.05484872842124132
    0.2410121754695568   -0.05514904034466946      0.123176584214514   -0.05218153018773555    0.01878398280441917  -0.006495560293436599    -0.3112258653182824    0.09437081570592593    -0.7481754030324743      0.249834084913508      0.311100249193085    -0.3095917351674497
   -0.6454081220129378   -0.01359737339897844    -0.5460875947716047  -0.009978867654615494    -0.4003603601566922    0.03089627505287984    -0.3144215133781142    0.04826182871856665    -0.1331271276560382   -0.01005081800741364     0.0549849102506238   -0.04088944991388817
     0.258184230055824     0.2250917418886167   -0.03593475189486392   -0.04417505494755328    -0.1964567248633537     -0.124989622814706    -0.2307391906788512    -0.1359610879384437     -0.374821249700404    -0.3402849918515008     -0.356176914404679     0.6085568074104046
   -0.2666939032781282    -0.3933248102707655     0.1947491013569789     0.2209999694036034      0.284839804441902     0.3705818195593983   -0.04486129673250124   0.002278041832680905    -0.1168351359476533    -0.1867745903219917     0.4092745721303382     0.5008777895336389
    0.1681150902065206     0.2404513007774285    -0.1155745165444781    -0.1410412815927667    -0.2226981245539626    -0.3041837873027303    0.06919895677644264     0.0755323199380377     0.2071793904650528     0.3570815558610963     0.6174010154811514      0.420047577082421
   -0.1573903553687837    -0.1635804131527947     0.4399466137584752     0.5938224894025559    -0.3476864429417993    -0.4027413281226988    -0.1244749839232215    -0.2339090959904169     0.0447450050398959     0.2002379395160082   -0.08277480026806808  -0.006972111695873409
   0.04269818486699883     0.1059904723115906    -0.1009212139764714   -0.07543514933385267     0.1991038004851812      0.306566760100529    -0.3387063588309664    -0.7225933161033247     0.1389412162415749     0.4179759089120404   -0.06293083529853899    0.05108737431018356
  -0.02089591921637956    -0.3909099974142426  -0.004883408055080978    -0.1755833524791089   0.001155921740212548    0.05935571693444062    0.01397107441700414     0.3854616945210059    -0.0325013402625876     0.6083644590136034    -0.4485785104683783     0.3020143950619175
  0.009639844381662498      0.599816734928909   0.006249061762522905     0.5263144649587967   0.005019551085214328     0.4435310270241651  -0.000475618430795067     0.3445058057674158   -0.01734694957934957     0.2005905740434283   -0.07414024942868656    0.04021536043678983

22.68445372455273
27.27612381388996
35.55720982429934
43.48127022834084
50.55278404357644
62.38271050703235
68.46345371615662
85.06388667660727
88.29297858747707
110.1078489017601
104.1455695450158
130.6123319772969

1.256753859781139

   0.04546314435691548   -0.03596278933661889  -0.003945663120553559   0.003211863974346936   -0.03979979126482892     0.0315423006973128 -0.0004944906455519857  0.0004376735640963896 -0.0006541379981016036  0.0004500423208363032 -0.0004236234943518461  0.0003411111585678896

-5.780223971056753e-05  -0.003185679036733792   0.001976085965457918    0.00701778272217124  -0.009830649141530059    0.01491871962452121   0.005826961438425318  -0.004859555583977253  0.0002906538533845985  8.490325097691973e-05     0.3651926958849195    -0.6349728392598101

cov:
  0.9712990372354527    1.451730562039086 -0.05349994639763551   0.1250772139282929  0.09894710731852961   0.2773938876003165  0.06196950518157005   0.1840581312904911 0.001984856375490189   0.0287374762579898  0.01962449585977118  0.02795040513046121
   1.451730562039086    46.93129500277085 -0.07216500771804066    38.23934513788353   0.1197902920612187    30.56761440725619  -0.2018130125494251    20.58835653719603  -0.7888381760170644    8.783190707966654    -1.16803120292011  0.06632062348520977
-0.05349994639763551 -0.07216500771804066    1.153855266439322    1.471572321382402  -0.1352609481496004  -0.1294528983332407  0.01612915172934129   0.1115021531742961 -0.04375295816586661  0.05800323659784842 -0.07509199255995527  0.03687203097829702
  0.1250772139282929    38.23934513788353    1.471572321382402    34.83966870250461  -0.1874708674077676    26.74262370093433  -0.2481053225097471    19.47166991159726  -0.9845501582754681    9.960445830900191    -2.84204026587393    1.272018524490921
 0.09894710731852961   0.1197902920612187  -0.1352609481496004  -0.1874708674077676    1.148629280029488    1.420574562952523 0.007059679236304091 -0.02802805594705382  0.02648944985325799 -0.01593013809896812  0.03165543293650965 -0.02314261315338194
  0.2773938876003165    30.56761440725619  -0.1294528983332407    26.74262370093433    1.420574562952523    24.82754230400836  -0.2469899473034333    18.07180811382624   -1.057599337878619    11.18114243092223   -4.516445420841174    2.586845030732374
 0.06196950518157005  -0.2018130125494251  0.01612915172934129  -0.2481053225097471 0.007059679236304091  -0.2469899473034333     1.02795381028466    1.011019033038194  0.03828053181455752  -0.1544567283453108  0.09997883748897164  -0.1107081326855568
  0.1840581312904911    20.58835653719603   0.1115021531742961    19.47166991159726 -0.02802805594705382    18.07180811382624    1.011019033038194    19.78018692302754   -1.251258936042713    12.70704533039622   -6.714833049577607    4.221223759140313
0.001984856375490189  -0.7888381760170644 -0.04375295816586661  -0.9845501582754681  0.02648944985325799   -1.057599337878619  0.03828053181455752   -1.251258936042713   0.9823922101918912  -0.3005853507755949   0.7897158661056322   -0.502713645823017
  0.0287374762579898    8.783190707966654  0.05800323659784842    9.960445830900191 -0.01593013809896812    11.18114243092223  -0.1544567283453108    12.70704533039622  -0.3005853507755949    15.13666890375385   -7.826496358135775    5.195765533579573
 0.01962449585977118    -1.16803120292011 -0.07509199255995527    -2.84204026587393  0.03165543293650965   -4.516445420841174  0.09997883748897164   -6.714833049577607   0.7897158661056322   -7.826496358135775    7.270365772220281   -2.889569159658109
 0.02795040513046121  0.06632062348520977  0.03687203097829702    1.272018524490921 -0.02314261315338194    2.586845030732374  -0.1107081326855568    4.221223759140313   -0.502713645823017    5.195765533579573   -2.889569159658109    4.246693251864188

cov.inverse():
   27.61419040867521   -21.07348195177331   -42.22443584729102    33.53195357662264     13.0617835087632    -10.3796701389106   0.5665523867314286  -0.5464597515060207    1.143838587896755  -0.8380389027265801   0.8287040563828416  -0.8534591916016832
  -21.07348195177339    16.71569169283284    33.51607385766236   -26.59158169387405   -10.40797168262157    8.217069165189004  -0.4985367370465094   0.4310069725141294  -0.9189431716254649   0.6741676625091829  -0.6620294928545917   0.6640725775732239
  -42.22443584729125    33.51607385766226    77.99215798156322   -61.15776279360364    -34.1609575533491    27.10727877304181  -0.3522078358594637   0.2973105294197291  -0.1591269857072482   0.1912933090998678 -0.07745223983172089  0.08732376565654794
   33.53195357662255   -26.59158169387396   -61.15776279360364    48.50572367394537    27.14732114372515   -21.47904915162629    0.273954546457136   -0.243427433446866   0.1562242266490152  -0.1547932664682213  0.06569780911832905 -0.06995170515213674
   13.06178350876326   -10.40797168262146   -34.16095755334892    27.14732114372501    25.88032633893364   -19.81276800499386   -1.060593292196693   0.8692639582675886   -1.736750691790845     1.20712277713092   -1.119917734797013    1.115338257870612
  -10.37967013891049    8.217069165188898    27.10727877304164   -21.47904915162616   -19.81276800499385    15.70811528844849   0.8437317343073409  -0.6925406466728625    1.368469294826014  -0.9619228338691385   0.8895931693615251  -0.8836015410031309
  0.5665523867314208  -0.4985367370465061  -0.3522078358594725   0.2739545464571426   -1.060593292196678    0.843731734307328     1.77553354501571  -0.6510622088650967 -0.04251908326457555  0.01040278051645644 -0.03718938918576898  0.05570210148099986
 -0.5464597515060138   0.4310069725141247   0.2973105294197297  -0.2434274334468662   0.8692639582675803  -0.6925406466728556  -0.6510622088650967   0.5344528992816057  0.02219385848343063 -0.01487925006799748  0.02113519093964773 -0.01921543543383033
   1.143838587896757  -0.9189431716254723  -0.1591269857072703   0.1562242266490327   -1.736750691790834    1.368469294826004 -0.04251908326457404  0.02219385848342966    1.837903554105248  -0.5937346182687588 -0.04901133460482381 0.005826034794445554
 -0.8380389027265928   0.6741676625091934   0.1912933090998961  -0.1547932664682435    1.207122777130905  -0.9619228338691267  0.01040278051645589  -0.0148792500679971  -0.5937346182687586   0.5330095111898833  0.05996530253230037 -0.03433179963201616
  0.8287040563828727  -0.6620294928546153 -0.07745223983177163  0.06569780911836889   -1.119917734796997   0.8895931693615118 -0.03718938918576616  0.02113519093964554 -0.04901133460482297  0.05996530253229985   0.5998503289066658  -0.2551057230573552
 -0.8534591916017022   0.6640725775732434  0.08732376565658923 -0.06995170515216914      1.1153382578706  -0.8836015410031208  0.05570210148099739 -0.01921543543382844  0.00582603479444432 -0.03433179963201525   -0.255105723057355   0.6849017140289859

cov*(cov_.inverse()):
    0.9999999999999222  7.515515987321919e-14  3.718232319260828e-13 -3.317138230762851e-14 -2.034761248381756e-13  2.589942149633373e-14  4.429182715037783e-15 -1.410980707272635e-15  7.888736322167467e-15 -8.559776151773058e-16 -1.241194647061405e-15 -5.138250935843303e-15
 2.178118796436479e-14      1.000000000000102  1.434278043555004e-13 -3.549330968022346e-14 -1.342398414649892e-13 -1.360023205165817e-15  4.080936977235439e-16  7.446300520630444e-16  2.114411076781231e-15 -2.174909558005922e-15  2.511879593214417e-15 -1.408595462493167e-15
 1.747907374394231e-14 -9.797718192317006e-15      0.999999999999944 -1.740361327273732e-15  2.454286773811987e-14 -1.453698272868564e-14 -4.336808689942018e-18 -2.053478914687545e-16   -8.6744305315134e-16 -1.249000902703301e-16  4.388850394221322e-16 -6.245004513516506e-17
 -5.10702591327572e-15  3.452793606584237e-14 -1.493388745998914e-13     0.9999999999996331 -2.398081733190338e-14   2.90878432451791e-14 -5.148659276699163e-15  5.745404152435185e-15 -8.179221189230645e-15  5.474787290182803e-15 -2.664535259100376e-15  9.769962616701378e-15
 1.512678871051776e-14 -9.962516922534803e-15  2.711372792951749e-15  2.886666600199206e-14     0.9999999999999928 -4.052314039881821e-15  7.138387103644561e-16 -2.328324165412621e-16  1.115942191085018e-15  -4.12647346847983e-16  2.801578413702543e-16 -1.176142516712275e-15
-7.949196856316121e-14   7.66053886991358e-14 -8.151812558310212e-14 -2.312594560294201e-13  -1.77635683940025e-15      1.000000000000155 -6.106226635438361e-16  6.522560269672795e-16 -1.717376241217039e-16 -3.191891195797325e-16 -7.771561172376096e-16 -1.998401444325282e-15
 9.020562075079397e-16   1.27675647831893e-15   1.33209415720259e-14   6.00908212078366e-15 -6.966649479522857e-15 -4.315992008230296e-15     0.9999999999999997 -3.165870343657673e-17  2.706168622523819e-16 -8.543513119185775e-17 -2.046973701652632e-16  -3.05311331771918e-16
-3.286260152890463e-14  1.283417816466681e-13  2.121081088546362e-13 -1.782463066035689e-13 -8.348877145181177e-14   6.52811138479592e-14  1.304512053934559e-15      1.000000000000002  1.089406342913435e-15  3.608224830031759e-15 -2.220446049250313e-15 -4.440892098500626e-16
-4.940492459581947e-15  1.720845688168993e-15  4.260480856999038e-15 -5.391520563335916e-15 -6.550315845288424e-15 -2.275957200481571e-15 -3.469446951953614e-17 -1.370431546021678e-16     0.9999999999999999 -4.163336342344337e-17  1.387778780781446e-16 -5.551115123125783e-17
 4.085620730620576e-14  7.105427357601002e-15 -8.010259122670504e-14 -1.665334536937735e-15 -3.996802888650564e-14  2.309263891220326e-14  3.885780586188048e-16  2.081668171172169e-16 -5.204170427930421e-16      1.000000000000004 -2.886579864025407e-15  1.332267629550188e-15
-5.329070518200751e-15 -2.287059430727822e-14 -7.271960811294775e-15 -3.608224830031759e-15 -4.440892098500626e-16  -1.77635683940025e-14  -6.38378239159465e-16 -2.359223927328458e-16 -1.582067810090848e-15  1.859623566247137e-15     0.9999999999999999 -1.110223024625157e-15
-6.217248937900877e-15   8.43769498715119e-15   4.14668299697496e-14 -3.996802888650564e-15 -1.687538997430238e-14  9.769962616701378e-15 -5.551115123125783e-17  2.775557561562891e-17  1.169203622808368e-15  5.551115123125783e-17 -6.661338147750939e-16                      1
