6
2

7.894158942074743e-05
0.0001052948562629591
0.0001406591613960586
0.0001541207022446183
 0.008920747544962963
   0.6302218002294937

  -0.0113594411719602  -0.02810945714013955  -0.09619368236035442   -0.2446334583752929    0.8450036922277219    -0.464705098050757
   0.0440654041677211   0.06498825542393417    0.4574981574894544   -0.8351640610202783  -0.02530856103099946    0.2939228991162467
  -0.5361741426783553  -0.06174648250130826    0.7286622664869356    0.2481999944177976  -0.04055295355686352   -0.3383905772163101
   0.4767870970724633   -0.8380594116139074    0.2469333872123989   0.09187355188110244   0.02941609922386915 -0.006952159490200421
  -0.5628852071452817   -0.3498624542834177   -0.1515064032500001   0.07675317978216771    0.3404683720854991    0.6449748471350037
   0.4077754279222243    0.4079539712554467    0.4081215809288829    0.4083141252180013    0.4085335672056504    0.4087902059902496

0.4038641497887754
0.4040705746738035
0.4040862452267019
 0.404108918351073
0.4041311409519526
0.4041579304475508

-0.0005646673397753466
     0.403979510514087

 -1.116534824370469   1.299358064731823   3.546754508667425   5.125011898352117   2.653927317086032  -11.50855390846149
 0.8748453256836327    0.75088899667652 -0.3955667947463316   0.530365024267378  0.8109265408265023  -1.571341565044609

 3.721551103653586e-08 -6.732190434650828e-08  1.614772934812501e-07 -2.768339628112666e-09 -0.0005164136192367788  -0.002169039006052666
 8.055861796304334e-09 -1.129699644428145e-08 -3.426573692321219e-09 -5.376493056853844e-09 -0.0001107660966951318     0.1617022793870733

cov:
0.06606855289318367 0.06608790767175637 0.06610617263015155 0.06612713511379593 0.06615086569691697 0.06617879378184986
0.06608790767175637 0.06611093186083428 0.06613254492636489 0.06615739063629135 0.06618560667288642 0.06621871359145216
0.06610617263015155 0.06613254492636489 0.06615734228446463 0.06618578684555607 0.06621817720395827 0.06625610422918508
0.06612713511379593 0.06615739063629135 0.06618578684555607 0.06621841623143541 0.06625560407550815 0.06629908163931092
0.06615086569691697 0.06618560667288642 0.06621817720395827 0.06625560407550815 0.06629836188731672 0.06634824803792717
0.06617879378184986 0.06621871359145216 0.06625610422918508 0.06629908163931092 0.06634824803792717 0.06640555292100209

cov.inverse():
 24300495.94044404 -14836647.13006094 -12795442.00117199  -7756076.61598667  46150.77811597163  11041562.30088903
-14836647.12693243  30270361.46939857 -7870097.198962763 -7808405.081784959 -4872673.717578909  5117530.536941141
-12795442.01635841 -7870097.198120281  49766491.31884022 -20590424.65721288 -15276189.50796982  6765630.749672037
-7756076.595230145 -7808405.079873249 -20590424.66068578  75983738.97217847 -31659495.65711999  -8169623.82383814
 46150.76888772917 -4872673.710953367 -15276189.55897513 -31659495.57761173  114757898.5599262 -62995352.97394361
 11041562.30141867  5117530.530689826  6765630.789806201 -8169623.884150861 -62995352.94804319  48240136.86678145

cov*(cov_.inverse()):
     1.000000000116415 -3.492459654808044e-10  5.820766091346741e-11  1.047737896442413e-09                      0 -4.656612873077393e-10
                     0     0.9999999997671694  5.238689482212067e-10  5.820766091346741e-10  4.656612873077393e-10  4.656612873077393e-10
-3.492459654808044e-10  5.820766091346741e-11      1.000000000174623  4.656612873077393e-10 -9.313225746154785e-10                      0
                     0  5.820766091346741e-11  1.164153218269348e-10      1.000000000349246 -1.396983861923218e-09  4.656612873077393e-10
-1.164153218269348e-10   2.91038304567337e-10 -4.656612873077393e-10  3.492459654808044e-10     0.9999999986030161                      0
-1.164153218269348e-10  5.820766091346741e-11 -5.820766091346741e-11  1.164153218269348e-10                      0                      1
