6
2

7.892917955592826e-05
0.0001052816854332453
0.0001406624477041819
0.0001540861045086057
 0.008920610626003578
   0.6302212255305549

 -0.01130367144526576  -0.02813606955869942  -0.09622774591625234   -0.2446674529274626    0.8450085242379505   -0.4646711105294924
   0.0441569760804405   0.06494097464625161    0.4574381868663224   -0.8351793970226389  -0.02532300714074479    0.2939681216903099
  -0.5362186593422368  -0.06166063541903202    0.7286801729574877    0.2480828185759772  -0.04049557936623534   -0.3383899291213812
   0.4767356870681793   -0.8380664935201561     0.246978892354408   0.09196187388718909   0.02938021257777082 -0.006991473799790329
  -0.5628801958201008   -0.3498671169960466   -0.1515054494408076   0.07675165371182678    0.3404653019774833    0.6449787176256432
   0.4077755604222243    0.4079541032091836    0.4081216205643894     0.408314002696386    0.4085335097450511    0.4087900823680461

0.4038643457557813
0.4040706132493778
0.4040862349010997
0.4041088905760585
0.4041311730289333
0.4041579656685049

-0.0005646673397753466
     0.403979510514087

0
0
0
0
0
0

0
0

0
0
0
0
0
0

0
0

0
0
0
0
0
0

0
0

0
0
0
0
0
0

0
0

0
0
0
0
0
0

0
0

0
0
0
0
0
0

0
0

0
0
0
0
0
0

0
0

0
0
0
0
0
0

0
0

0
0
0
0
0
0

0
0

0
0
0
0
0
0

0
0

0
0
0
0
0
0

0
0

0
0
0
0
0
0

0
0

0
0
0
0
0
0

0
0

0
0
0
0
0
0

0
0

0
0
0
0
0
0

0
0

0
0
0
0
0
0

0
0

0
0
0
0
0
0

0
0

0
0
0
0
0
0

0
0

0
0
0
0
0
0

0
0

0
0
0
0
0
0

0
0

0
0
0
0
0
0

0
0

0
0
0
0
0
0

0
0

0
0
0
0
0
0

0
0

0
0
0
0
0
0

0
0

0
0
0
0
0
0

0
0

0
0
0
0
0
0

0
0

0
0
0
0
0
0

0
0

0
0
0
0
0
0

0
0

0
0
0
0
0
0

0
0

0
0
0
0
0
0

0
0

0
0
0
0
0
0

0
0

0
0
0
0
0
0

0
0

0
0
0
0
0
0

0
0

0
0
0
0
0
0

0
0

0
0
0
0
0
0

0
0

0
0
0
0
0
0

0
0

0
0
0
0
0
0

0
0

0
0
0
0
0
0

0
0

0
0
0
0
0
0

0
0

0
0
0
0
0
0

0
0

0
0
0
0
0
0

0
0

0
0
0
0
0
0

0
0

0
0
0
0
0
0

0
0

0
0
0
0
0
0

0
0

0
0
0
0
0
0

0
0

0
0
0
0
0
0

0
0

0
0
0
0
0
0

0
0

0
0
0
0
0
0

0
0

0
0
0
0
0
0

0
0

0
0
0
0
0
0

0
0

0
0
0
0
0
0

0
0

0
0
0
0
0
0

0
0

0
0
0
0
0
0

0
0

0
0
0
0
0
0

0
0

0
0
0
0
0
0

0
0

0
0
0
0
0
0

0
0

0
0
0
0
0
0

0
0

0
0
0
0
0
0

0
0

0
0
0
0
0
0

0
0

0
0
0
0
0
0

0
0

0
0
0
0
0
0

0
0

0
0
0
0
0
0

0
0

0
0
0
0
0
0

0
0

0
0
0
0
0
0

0
0

0
0
0
0
0
0

0
0

0
0
0
0
0
0

0
0

0
0
0
0
0
0

0
0

0
0
0
0
0
0

0
0

0
0
0
0
0
0

0
0

0
0
0
0
0
0

0
0

0
0
0
0
0
0

0
0

0
0
0
0
0
0

0
0

0
0
0
0
0
0

0
0

0
0
0
0
0
0

0
0

0
0
0
0
0
0

0
0

0
0
0
0
0
0

0
0

0
0
0
0
0
0

0
0

  -1.11633798406157   1.299128846428555   3.547910249512114   5.123045169605076   2.654647315976184  -11.50843234411043
  0.875717977322669  0.7512605507908728 -0.3968538779869654  0.5317057207570188  0.8071129085881474  -1.568825520710516

 3.720478247806497e-08 -6.729210820349483e-08  1.614840789087221e-07 -2.733138390216115e-09 -0.0005164058756591797  -0.002169018997117685
  8.02441405100858e-09 -1.130339461688898e-08 -3.462176024131466e-09 -5.379026550952359e-09 -0.0001107633158097848     0.1617021358366083

cov:
0.06606847413760047 0.06608782960225078 0.06610607966209113 0.06612701635439829  0.0661507579571181 0.06617867549451163
0.06608782960225078 0.06611085401988159  0.0661324520354012 0.06615727160163928 0.06618549829783262 0.06621859438710849
0.06610607966209113  0.0661324520354012 0.06615723440044917 0.06618565275490815 0.06621805373431401 0.06625597001383962
0.06612701635439829 0.06615727160163928 0.06618565275490815 0.06621825568822372 0.06625545392007605 0.06629892061416558
 0.0661507579571181 0.06618549829783262 0.06621805373431401 0.06625545392007605 0.06629822189108744 0.06634809708684133
0.06617867549451163 0.06621859438710849 0.06625597001383962 0.06629892061416558 0.06634809708684133 0.06640539110843326

cov.inverse():
 24305039.70548329 -14844569.57864149 -12790787.41340406 -7760521.797588194  50896.29765981032  11039985.72091791
-14844569.58189847  30283418.13918855 -7873408.592818794 -7807734.381440883  -4877086.73279129  5119443.990010398
-12790787.40606388 -7873408.604506308   49769948.4408842 -20595105.91671364  -15283740.5394737  6773058.546445367
-7760521.802249959 -7807734.376695455 -20595105.93200057  76005240.48569676 -31672122.70193353  -8170019.83328874
  50896.2978008043 -4877086.723982895 -15283740.52001303 -31672122.74492589  114795011.6213746 -63012630.79944812
 11039985.72135553  5119443.984887139  6773058.537924325 -8170019.805499745 -63012630.81403053   48250044.2710228

cov*(cov_.inverse()):
    0.9999999998835847   2.91038304567337e-10 -1.746229827404022e-10 -5.820766091346741e-10 -4.656612873077393e-10 -4.656612873077393e-10
                     0      1.000000000349246 -1.746229827404022e-10 -2.328306436538696e-10                      0 -4.656612873077393e-10
 2.328306436538696e-10                      0      1.000000000174623                      0 -4.656612873077393e-10 -4.656612873077393e-10
-1.164153218269348e-10 -5.820766091346741e-11 -2.328306436538696e-10      0.999999999650754  9.313225746154785e-10 -9.313225746154785e-10
-1.164153218269348e-10  5.820766091346741e-11 -1.164153218269348e-10 -5.820766091346741e-10                      1 -9.313225746154785e-10
                     0 -1.164153218269348e-10  5.820766091346741e-11 -3.492459654808044e-10 -4.656612873077393e-10     0.9999999995343387
