5
2

0.0001445126028409484
  0.00021174984721727
 0.000467236077178932
  0.04306933426219303
   0.5699139001176159

  0.0295008104742212  0.07031956505708399  -0.5711274233488517   0.7633527036032217  -0.2920461901002989
 -0.1087499424427678   0.6880447081435033  -0.5446417598873287  -0.3471253421824417   0.3124696462313934
  0.5747319059260962  -0.5109372490794862  -0.4209261470898389  -0.1109810974174638   0.4681140229962801
 -0.6865359928505624  -0.2568054381656609 -0.01004071145225579   0.2798485462474955   0.6199219892260083
  0.4308766865720495   0.4411844657255439   0.4471008638946811   0.4540535583998363    0.462209618874634

 0.402022459154238
 0.402152533883752
0.4021210825417156
0.4020873040087555
0.4020463825580782

0.0007941778007764888
   0.4023139722777302

-4.439819270516494  4.208878238091661  8.889199765940205  10.46527635422042 -19.12329862127653
0.6627247724536158 0.7719313708333533 0.5725124001510351 0.8586011269068793 -1.865757174272699

 1.808901352143463e-07 -4.963977029947324e-07 -4.051215580991934e-06   -0.01307433428473759   -0.05486897976129881
  1.97803463687102e-08  -3.29019811603958e-08  -2.67031975910687e-07  -0.002922157538815674      0.133028301557572

cov:
0.06117537447488258 0.06207054069676551 0.06258429947550231 0.06318819011886125 0.06389661166857769
0.06207054069676551 0.06334305683158224 0.06407326281231018 0.06493144694316469 0.06593814514456212
0.06258429947550231 0.06407326281231018 0.06492787079965603 0.06593208699376141 0.06711011281615085
0.06318819011886125 0.06493144694316469 0.06593208699376141 0.06710794765740405 0.06848727694963153
0.06389661166857769 0.06593814514456212 0.06711011281615085 0.06848727694963153 0.07010285536897744

cov.inverse():
 1818755.616466296 -2914468.948388757 -593953.7650865467  1627959.974864159  61739.47824384562
-2914468.948105146  11990756.95375423 -9295529.651222551 -2496640.631667503  2715846.296836833
-593953.7657938023  -9295529.64674351  23046341.76986003 -16445504.00967304  3288693.541268649
 1627959.975443095 -2496640.638874973 -16445504.00084279  30646064.13575897 -13331883.86821956
 61739.47808855272  2715846.299848869  3288693.536210208 -13331883.86601788  7265581.618791993

cov*(cov_.inverse()):
    0.9999999999986358   2.91038304567337e-11  5.238689482212067e-10 -3.492459654808044e-10                      0
 5.911715561524034e-12      1.000000000203727 -1.455191522836685e-10  1.164153218269348e-10 -5.820766091346741e-11
 1.000444171950221e-11  1.455191522836685e-10      1.000000000494765 -1.164153218269348e-10  5.820766091346741e-11
-1.637090463191271e-11  -2.91038304567337e-11  3.492459654808044e-10     0.9999999998835847 -5.820766091346741e-11
 4.547473508864641e-12  -2.91038304567337e-11  -2.91038304567337e-11  1.164153218269348e-10                      1
