5
2

1.325781034288433
2.521638724688313
7.389982621404119
12.56330749555601
35.17486286384618

 0.04560560557667943  -0.7022603209133859    0.704473173627446 -0.08385793946404312 -0.03789411614923873
-0.05770316956811276   0.5133587448457033   0.4307143435893231  -0.7378221768752119  0.05689229165519974
   0.231839767920716    0.320760576149039   0.2990371577161683    0.317290281355921   -0.808249114110941
 -0.8605105359388258   0.1844430933115272   0.2877616168158825   0.3696237792199661  0.07793507933279896
  0.4476186016136079    0.326169647391177   0.3820637800920649   0.4596644651179804   0.5796436802551695

 78.4306114212189
136.1595014566002
162.2540588774413
192.6825447046236
227.5091059719115

 3.597396577866328
-1.101215860646994

0
0
0
0
0

0
0

0
0
0
0
0

0
0

0
0
0
0
0

0
0

0
0
0
0
0

0
0

0
0
0
0
0

0
0

0
0
0
0
0

0
0

0
0
0
0
0

0
0

0
0
0
0
0

0
0

0
0
0
0
0

0
0

0
0
0
0
0

0
0

0
0
0
0
0

0
0

0
0
0
0
0

0
0

0
0
0
0
0

0
0

0
0
0
0
0

0
0

0
0
0
0
0

0
0

0
0
0
0
0

0
0

0
0
0
0
0

0
0

0
0
0
0
0

0
0

0
0
0
0
0

0
0

0
0
0
0
0

0
0

0
0
0
0
0

0
0

0
0
0
0
0

0
0

0
0
0
0
0

0
0

0
0
0
0
0

0
0

0
0
0
0
0

0
0

0
0
0
0
0

0
0

0
0
0
0
0

0
0

0
0
0
0
0

0
0

0
0
0
0
0

0
0

0
0
0
0
0

0
0

0
0
0
0
0

0
0

0
0
0
0
0

0
0

0
0
0
0
0

0
0

0
0
0
0
0

0
0

0
0
0
0
0

0
0

0
0
0
0
0

0
0

0
0
0
0
0

0
0

0
0
0
0
0

0
0

0
0
0
0
0

0
0

0
0
0
0
0

0
0

0
0
0
0
0

0
0

0
0
0
0
0

0
0

0
0
0
0
0

0
0

0
0
0
0
0

0
0

0
0
0
0
0

0
0

0
0
0
0
0

0
0

0
0
0
0
0

0
0

0
0
0
0
0

0
0

0
0
0
0
0

0
0

0
0
0
0
0

0
0

0
0
0
0
0

0
0

0
0
0
0
0

0
0

0
0
0
0
0

0
0

0
0
0
0
0

0
0

0
0
0
0
0

0
0

0
0
0
0
0

0
0

0
0
0
0
0

0
0

0
0
0
0
0

0
0

0
0
0
0
0

0
0

0
0
0
0
0

0
0

0
0
0
0
0

0
0

0
0
0
0
0

0
0

0
0
0
0
0

0
0

0
0
0
0
0

0
0

0
0
0
0
0

0
0

0
0
0
0
0

0
0

0
0
0
0
0

0
0

0
0
0
0
0

0
0

0
0
0
0
0

0
0

0
0
0
0
0

0
0

0
0
0
0
0

0
0

0
0
0
0
0

0
0

0
0
0
0
0

0
0

0
0
0
0
0

0
0

0
0
0
0
0

0
0

0
0
0
0
0

0
0

0
0
0
0
0

0
0

0.04164166832835412 -0.1352796498038319 0.04601104393133344  0.0533022755557653 0.00635531134423079
0.08156926905190884   2.990901580696982  -1.018391839507283  -1.177278724107365 -0.1417186479400427

 0.2190150313625279 -0.5786271881810812 -0.4480111303505505  -4.316389901396849   25.09136185175586
 -4.763366262265289   12.41606529627593   22.64983529208642  -40.68859912668972 -0.4168531421773711

cov:
367.7374556733646 159.4065431368721 176.1974469606388 208.6528219063153 300.1789869307588
159.4065431368721  145.160040864268 168.3377623314454 199.5158813276426 222.2641027433995
176.1974469606388 168.3377623314454 200.6132748350974 237.1361106948353 264.4562493792351
208.6528219063153 199.5158813276426 237.1361106948353 291.9605094745152 319.9406964894168
300.1789869307588 222.2641027433995 264.4562493792351 319.9406964894168  452.364592224414

cov.inverse():
 0.007544508285056911  -0.02240548003700641   0.01420867472908074    0.0040178546858253 -0.005145886815700075
 -0.02240548003700641    0.3242082624357041   -0.2444949273648412  -0.02364630746943779   0.01522980230921572
  0.01420867472908079   -0.2444949273648419    0.3138035772704706  -0.08103411447419706  -0.01543866631528534
 0.004017854685825266  -0.02364630746943715  -0.08103411447419757   0.09249317099605819 -0.009091564349661723
-0.005145886815700073   0.01522980230921571  -0.01543866631528535 -0.009091564349661716   0.01359801821601335

cov*(cov_.inverse()):
                     1  8.881784197001252e-16   1.77635683940025e-15 -8.881784197001252e-16 -8.881784197001252e-16
-2.220446049250313e-16      1.000000000000004  1.332267629550188e-15 -2.664535259100376e-15                      0
 2.220446049250313e-16  6.217248937900877e-15      1.000000000000004 -1.332267629550188e-15 -4.440892098500626e-16
 4.440892098500626e-16  -1.77635683940025e-15 -3.552713678800501e-15     0.9999999999999973 -8.881784197001252e-16
-4.440892098500626e-16  5.329070518200751e-15 -3.552713678800501e-15 -2.664535259100376e-15     0.9999999999999991
