5
2

0.0001441112855815642
0.0002934417754032698
 0.001705876573804775
   0.1113885069655952
   0.5808390259154166

  -0.1669909397689553    0.4899137687332767    -0.742866073152588    0.4245317961127648 -0.004612666123090963
  -0.5976478343046017    0.6258307413123371    0.3331892884097124   -0.3741320510072907   0.01276933348215868
   0.2333645962805511   0.04803535365498077   -0.3643144092657094   -0.5937807228402637    0.6767074954415152
  -0.6426639907186097   -0.4507103432352808   0.02074722130777673     0.309461957477091    0.5363264222624313
   0.3839987661732095    0.4035754870330772    0.4516408522900326    0.4810984437265303    0.5042188035269123

0.3997060312686748
0.3997005807844785
 0.399591017526627
0.3994990215360867
0.3994467408430407

0.0008760779548249591
   0.4000104338005608

   0.6140537162424924   -0.8010050668437428     8.751283861842413     -8.53759960933599  -0.02645608165135918
    1.501806531666719   -0.5292742684129418    0.8321758193477757   -0.7982945983198728 -0.006288716030294211

 -2.20564242657784e-07  4.513272460859956e-07   5.72738090266169e-06   -0.03112142433040719   -0.08629971520707494
-3.046995552087331e-08 -5.622238795185895e-08  1.430642698668476e-06   -0.01190808688697442     0.1186561651828319

cov:
0.05487215381244912 0.05587755233700703 0.05834491382414194 0.05985890601585282 0.06104605115116722
0.05587755233700703  0.0574696521267723 0.06137748934785475 0.06377372073013068 0.06565322882277846
0.05834491382414194 0.06137748934785475 0.06882310883896207 0.07338614275157423 0.07696610522804344
0.05985890601585282 0.06377372073013068 0.07338614275157423 0.07927639109511976 0.08389792023852431
0.06104605115116722 0.06565322882277846 0.07696610522804344 0.08389792023852431 0.08934308452811439

cov.inverse():
 5509558.676570036 -8279086.879636978  3631431.877028194 -864462.2838618504  2701.992306665756
-8279086.880519102  16106279.51611737 -15108442.78458899   7285614.43361985 -4853.143523947709
 3631431.879355751 -15108442.78752024  27906913.67300233 -16558688.24998003  129685.7724599786
-864462.2853133905  7285614.435696944 -16558688.25063722  10424835.01241946 -287838.0228812633
 2701.992312848226 -4853.143552002506  129685.7725134587 -287838.0229128695  160306.5456374498

cov*(cov_.inverse()):
    0.9999999999314184 -1.263060767087154e-10  -4.82032191939652e-10  1.637090463191271e-10  1.818989403545856e-12
-4.061462277604733e-11     0.9999999998288445 -1.509761204943061e-10 -3.637978807091713e-12  1.818989403545856e-12
-4.638422979041934e-11 -3.920490598829929e-10      1.000000000010914 -9.458744898438454e-11  1.818989403545856e-12
-2.077626959362533e-11 -1.055582288245205e-10 -3.092281986027956e-10      1.000000000265572  3.637978807091713e-12
 7.275957614183426e-12  3.768718670471571e-11  9.640643838793039e-11  9.094947017729282e-11                      1
