5 
6 
11 
13 
14 
inputFileName = /Users/demattia/RemoteProjects/extracted_endcaps.root
eventsFractionStartBuild = 0
eventsFractionEndBuild = 0.2
eventsFractionStartTest = 0.8
eventsFractionEndTest = 1
var name = R
var name = z
par name = cotTheta
firstOrderChargeOverPtCoefficientsFileName = 
firstOrderCotThetaCoefficientsFileName = 
2 < pT < 10, pT regions = 1
0 < phi < 0.8, phi regions = 1
-3 < eta < 3, eta regions = 1
-15 < z0 < 15, eta regions = 1
charge regions = 1
endcap regions = 0
Training
Requested running from track number 0 to track number 1000000 for a total of 1000000 tracks.
Analyzed 10% of 1000000 tracks
Analyzed 20% of 1000000 tracks
Analyzed 30% of 1000000 tracks
Analyzed 40% of 1000000 tracks
Analyzed 50% of 1000000 tracks
Analyzed 60% of 1000000 tracks
Analyzed 70% of 1000000 tracks
Analyzed 80% of 1000000 tracks
Analyzed 90% of 1000000 tracks
Analyzed 100% of 1000000 tracks
Evaluating eigenvalues:
geomIndex = 0
Sqrt(eigenvalues) of cov:
 0.162137 0.356984 0.984204 1.23626 2.05121 2.34523 2.41836 2.96772 5.8057 16.6831
Analyzed 10% of 1000000 tracks
Analyzed 20% of 1000000 tracks
Analyzed 30% of 1000000 tracks
Analyzed 40% of 1000000 tracks
Analyzed 50% of 1000000 tracks
Analyzed 60% of 1000000 tracks
Analyzed 70% of 1000000 tracks
Analyzed 80% of 1000000 tracks
Analyzed 90% of 1000000 tracks
Analyzed 100% of 1000000 tracks
opening GeometricIndex.txt for writing
Matrices built:
geomIndex = 0

V_0:
 -0.374464   0.136762    0.76182  -0.278816  -0.403604   0.132478  0.0212599  0.0318271  0.0121292   -0.03011
 -0.548043   0.178272   0.114591 -0.0405554   0.709646  -0.265001  -0.166535  0.0583268  -0.202429  0.0845853
 -0.711483 -0.0168179  -0.544197  0.0194391  -0.329548   0.165244   0.219241  -0.111357  0.0208614  0.0130655
 -0.126087 -0.0302935  -0.120443 -0.0242069 -0.0501318  0.0136088  -0.590578   0.448001   0.505284  -0.400742
 0.0477418  0.0518887 -0.0750097 -0.0934075  0.0565881   0.475457 0.00796732   0.637515  -0.113428   0.576247
 0.0132566 0.00982529  -0.055651 -0.0528902  -0.222436  -0.652731   0.381876   0.569914  -0.176871  -0.127997
-0.0281229 -0.0604411 -0.0303784  -0.041293  -0.257669  -0.481825   -0.35225  -0.186523   0.262861   0.682944
  0.175667   0.494436  -0.293323  -0.712175 -0.0841335 -0.0197822  -0.202582  -0.123676  -0.241681 -0.0960598
 -0.056505  -0.706627 -0.0119547  -0.185587  -0.108021 0.00824998  -0.356521 0.00918832  -0.564115 -0.0758043
0.00457621   0.445066 0.00397047   0.603978   -0.29081 0.00122832  -0.369927  0.0328889  -0.461787 -0.0366609
corrPV_0:
-0.00411848  -0.0181452  -0.0306613 -0.00171211   0.0600738   0.0552802    0.011183    0.040524     1.04677     3.47696
D_0:
   0.159233  -0.0596287   -0.121666   0.0454278  -0.0366195   0.0112188 0.000756293  0.00433285 -0.00159813 -0.00229821
opening matrixVD_0.txt for writing
