10
1

0.2369495893172598
0.3525138133349156
0.9729682027433378
 1.243012516257116
  2.17138924588619
  2.27370611878497
 2.470203083299611
 2.990461769173792
 5.793446384689843
 18.08511237892506

   -0.4288689432354265     0.1481169029834723     0.7704286777328656    -0.2760869353822201      -0.33471095487629     0.1087027985428949   0.006828563421343968 -0.0004627774364676648   -0.01985456465131838   0.007726597741140834
   -0.5118306794059809     0.1624703380242141    0.03804893847422889   -0.01304276910518382     0.7471290707645735    -0.2698240030199038    -0.1839134887669423    0.07864408685942853    -0.1840626939517986    0.07155368121745322
   -0.7030611326056554   -0.01096376530780947     -0.546681698594192    0.02021795894668634    -0.3243180450653058     0.1500801600331834     0.2562094839701603    -0.1130207274842889  -0.004770620435108779    0.01300777077331415
   -0.1521909805198866   -0.03783082868666967    -0.1184836985521348   -0.03551675389170339    -0.1074345546692506    0.03473256981254961    -0.6427553539154311     0.3517696452991524     0.5382984209063935    -0.3474433104633849
   0.04546957233673506    0.05777197955401308   -0.09893924304698716    -0.1334459926083667    -0.0263424776121892     0.3246323658494972   -0.05196835908570545     0.6356598216050315   -0.08589104201460815     0.6684135099478734
  0.001310009510592904   0.008707253352508925    0.03637610619317361     0.0520019655879073     0.3013390374796174     0.8175427967279857     -0.210634683323497    -0.4314610546936418    0.07146923222337244    0.03286547437140325
  -0.03424442859749643    -0.0690825070964074  -0.003028450919498142    0.03536179616404221    -0.1432788888431922    -0.3397655399909293      -0.32686626254137    -0.4794860671077615     0.3204833978016156     0.6460400805075629
    0.1725618002431513     0.4781313268804196    -0.2841617903107853    -0.7143655163263039   -0.08283843089884746    -0.0491140217142931    -0.2157094654231472    -0.1895596305975014    -0.2278812846899583   -0.08294061528318146
  -0.06008027214847342    -0.7341040478230085   -0.01486931689210882    -0.1988393507560567   -0.09647580481243255  -0.005257445679496419    -0.3546917013915645   -0.03493113614047674    -0.5290758986811951    -0.0379540294542107
   0.00382640648999732     0.4176233555732028  -0.001509409957895734     0.5918766867286863    -0.2912809335337367   0.002335738358060931    -0.4013794270340338  -0.004165134936317968    -0.4784274816431216   -0.01975132859468177

22.68854034890381
 60.7823495994259
35.48009523092944
95.77712389271923
48.84112900626042
130.9222860965449
69.03200953810187
 185.770130122081
81.58698518805345
220.2364783142986

2.73586391676088

0
0
0
0
0
0
0
0
0
0

0

0
0
0
0
0
0
0
0
0
0

0

0
0
0
0
0
0
0
0
0
0

0

0
0
0
0
0
0
0
0
0
0

0

0
0
0
0
0
0
0
0
0
0

0

0
0
0
0
0
0
0
0
0
0

0

0
0
0
0
0
0
0
0
0
0

0

0
0
0
0
0
0
0
0
0
0

0

0
0
0
0
0
0
0
0
0
0

0

0
0
0
0
0
0
0
0
0
0

0

0
0
0
0
0
0
0
0
0
0

0

0
0
0
0
0
0
0
0
0
0

0

0
0
0
0
0
0
0
0
0
0

0

0
0
0
0
0
0
0
0
0
0

0

0
0
0
0
0
0
0
0
0
0

0

0
0
0
0
0
0
0
0
0
0

0

0
0
0
0
0
0
0
0
0
0

0

0
0
0
0
0
0
0
0
0
0

0

0
0
0
0
0
0
0
0
0
0

0

0
0
0
0
0
0
0
0
0
0

0

0
0
0
0
0
0
0
0
0
0

0

0
0
0
0
0
0
0
0
0
0

0

0
0
0
0
0
0
0
0
0
0

0

0
0
0
0
0
0
0
0
0
0

0

0
0
0
0
0
0
0
0
0
0

0

0
0
0
0
0
0
0
0
0
0

0

0
0
0
0
0
0
0
0
0
0

0

0
0
0
0
0
0
0
0
0
0

0

0
0
0
0
0
0
0
0
0
0

0

0
0
0
0
0
0
0
0
0
0

0

0
0
0
0
0
0
0
0
0
0

0

0
0
0
0
0
0
0
0
0
0

0

0
0
0
0
0
0
0
0
0
0

0

0
0
0
0
0
0
0
0
0
0

0

0
0
0
0
0
0
0
0
0
0

0

0
0
0
0
0
0
0
0
0
0

0

0
0
0
0
0
0
0
0
0
0

0

0
0
0
0
0
0
0
0
0
0

0

0
0
0
0
0
0
0
0
0
0

0

0
0
0
0
0
0
0
0
0
0

0

0
0
0
0
0
0
0
0
0
0

0

0
0
0
0
0
0
0
0
0
0

0

0
0
0
0
0
0
0
0
0
0

0

0
0
0
0
0
0
0
0
0
0

0

0
0
0
0
0
0
0
0
0
0

0

0
0
0
0
0
0
0
0
0
0

0

0
0
0
0
0
0
0
0
0
0

0

0
0
0
0
0
0
0
0
0
0

0

0
0
0
0
0
0
0
0
0
0

0

0
0
0
0
0
0
0
0
0
0

0

0
0
0
0
0
0
0
0
0
0

0

0
0
0
0
0
0
0
0
0
0

0

0
0
0
0
0
0
0
0
0
0

0

0
0
0
0
0
0
0
0
0
0

0

0
0
0
0
0
0
0
0
0
0

0

0
0
0
0
0
0
0
0
0
0

0

0
0
0
0
0
0
0
0
0
0

0

0
0
0
0
0
0
0
0
0
0

0

0
0
0
0
0
0
0
0
0
0

0

0
0
0
0
0
0
0
0
0
0

0

0
0
0
0
0
0
0
0
0
0

0

0
0
0
0
0
0
0
0
0
0

0

0
0
0
0
0
0
0
0
0
0

0

0
0
0
0
0
0
0
0
0
0

0

0
0
0
0
0
0
0
0
0
0

0

0
0
0
0
0
0
0
0
0
0

0

0
0
0
0
0
0
0
0
0
0

0

0
0
0
0
0
0
0
0
0
0

0

0
0
0
0
0
0
0
0
0
0

0

0
0
0
0
0
0
0
0
0
0

0

0
0
0
0
0
0
0
0
0
0

0

0
0
0
0
0
0
0
0
0
0

0

0
0
0
0
0
0
0
0
0
0

0

0
0
0
0
0
0
0
0
0
0

0

0
0
0
0
0
0
0
0
0
0

0

0
0
0
0
0
0
0
0
0
0

0

0
0
0
0
0
0
0
0
0
0

0

   0.1848536725399808  -0.06753208207011353   -0.1745411233906992   0.06364808732974098 -0.005221142134052951  0.001729711461997961 -0.002131803535768497  0.000257765423101116 -0.004480406982735696   0.00280389000176809

-0.01343513083666473 -0.01441323100974094 -0.02942461303715047 -0.01307545816437774  0.07785209711966389 -0.01775611410504623  0.01356763778060767  0.04727544336864916    1.071191843932835    4.875730463226366

cov:
   0.9557528102268835     2.770028707494024  -0.06001182371298887  0.006025533854129502  -0.06983971429927932 -0.009649242082708991  -0.07207895754608096 -0.006240392609968468  -0.07963689186433882  0.000655738773657414
    2.770028707494024      77.2287185651069    -1.059100041413872     82.64114355954098    -37.67518183829961    0.4989000009479906    -46.86298413219235   -0.1807307770962832    -53.47846008700284    -2.184457133414822
 -0.06001182371298887    -1.059100041413872     1.121452187500696     1.677806561468658    0.6506296622314963   0.05426111872071163    0.8985075816186671    0.1268398463608084     1.029117276994672  -0.02055809940703102
 0.006025533854129502     82.64114355954098     1.677806561468658     120.5819014347897    -55.14446232505581    0.7429534819318537    -74.01026343353287 -0.003180306005852126    -87.51663321432515    -3.293659283132341
 -0.06983971429927932    -37.67518183829961    0.6506296622314963    -55.14446232505581     28.91503230409768     1.282278621078048     39.52252118668118    0.3020702618291335     47.19884553786424     1.529587363266412
-0.009649242082708991    0.4989000009479906   0.05426111872071163    0.7429534819318537     1.282278621078048     4.713808336659171   -0.4333088001395888    0.2298893209092592   -0.6316190302987942   -0.1685008003266985
 -0.07207895754608096    -46.86298413219235    0.8985075816186671    -74.01026343353287     39.52252118668118   -0.4333088001395888     58.93035417067059     2.220178257546077     68.31845947038424     2.063256721956244
-0.006240392609968468   -0.1807307770962832    0.1268398463608084 -0.003180306005852126    0.3020702618291335    0.2298893209092592     2.220178257546077      4.84241558588676    0.5951519526254166   0.06229422808730741
 -0.07963689186433882    -53.47846008700284     1.029117276994672    -87.51663321432515     47.19884553786424   -0.6316190302987942     68.31845947038424    0.5951519526254166      85.8638455164035     4.647842949432661
 0.000655738773657414    -2.184457133414822  -0.02055809940703102    -3.293659283132341     1.529587363266412   -0.1685008003266985     2.063256721956244   0.06229422808730741     4.647842949432661      5.08362383225638

cov.inverse():
   5.925295985383052   -1.777230054703654   -5.630408700947124    2.136222710910055  -0.2699413193917499   0.1704496976762501   0.5761284719503684  -0.2659826899156154   0.8542398022510844  -0.3278790028286963
  -1.777230054703654   0.6478794010304724    2.075467572321284   -0.779801364926419  0.09932526716986152 -0.06190406649154847  -0.2112496168205542  0.09741191678287794  -0.3119374375455913   0.1195939186729957
  -5.630408700947043    2.075467572321257    10.91970143045491   -3.775504332091181   -4.163227104792471    1.320353309283041 -0.05449288156695366  0.04592371569080515  -0.3577047860868774   0.1356027330437018
   2.136222710910027  -0.7798013649264088   -3.775504332091185    1.424060302007081    1.572635225076129  -0.5027807767227896  0.02203536212133978 -0.02624672591790043   0.1299547694164384 -0.04526930093063548
 -0.2699413193918716  0.09932526716990168   -4.163227104792337    1.572635225076076    6.628341325855951   -2.269853266461915   -1.190477481720241   0.4742715894234446   -1.022900511086745   0.3877516167000818
  0.1704496976762906  -0.0619040664915616    1.320353309282994  -0.5027807767227715   -2.269853266461913   0.9917412316059093   0.4212794087517225  -0.1783890396578372   0.3614411881906981  -0.1304486658573383
  0.5761284719503875  -0.2112496168205623 -0.05449288156700358  0.02203536212135837   -1.190477481720211   0.4212794087517129   0.6458590780396251  -0.2521696859551412  0.03731578875660139 0.002210257685363155
 -0.2659826899156227  0.09741191678288114  0.04592371569082539 -0.02624672591790793   0.4742715894234323  -0.1783890396578332  -0.2521696859551411   0.3067965465121836 -0.03054041135530612 0.002968464873446649
  0.8542398022510982  -0.3119374375455957  -0.3577047860868965   0.1299547694164458   -1.022900511086739   0.3614411881906962  0.03731578875660332 -0.03054041135530693   0.5014509703527331  -0.2048808573542401
 -0.3278790028287017   0.1195939186729973   0.1356027330437083 -0.04526930093063785   0.3877516167000808  -0.1304486658573381 0.002210257685362132 0.002968464873447081  -0.2048808573542402   0.2847529723279538

cov*(cov_.inverse()):
     1.000000000000004 -6.847820921418446e-16 -7.016915802744716e-15  1.032536550834781e-15  1.158296548953164e-14 -4.543159468420321e-15  2.835132776875075e-15 -1.277723366428221e-15 -1.789394370524389e-15  1.019068726973438e-15
-2.187139358511558e-14      1.000000000000011  1.537658889105842e-14 -7.355227538141662e-16  1.110223024625157e-14  1.110223024625157e-16 -3.622969979577562e-15  9.809861256648844e-16  5.384581669432009e-15  2.331468351712829e-15
 4.904063266586434e-15 -1.380406206008544e-15     0.9999999999999967  4.870127738587637e-15  7.067263441129512e-15 -3.456436525883788e-16  5.863975212523631e-16 -4.530948641452703e-16 -7.728193085476676e-16 -3.243932900076629e-16
-5.484501741648273e-14  8.770761894538737e-15 -3.153033389935445e-14      1.000000000000013  3.996802888650564e-15 -7.216449660063518e-15 -7.077671781985373e-16  4.718447854656915e-15  -1.77635683940025e-15 -7.771561172376096e-16
  1.27675647831893e-14 -8.049116928532385e-15  3.760880495917718e-14 -7.924216838262055e-15      1.000000000000007  2.275957200481571e-15  2.636346002615753e-15  -2.59688104353728e-15  -3.05311331771918e-15  1.665334536937735e-16
-7.632783294297951e-17  6.938893903907228e-17 -2.050443148604586e-15  3.313321839115702e-16  1.887379141862766e-15     0.9999999999999997 -2.441081191351113e-16  1.577514160966409e-16 -2.775557561562891e-16  2.289834988289385e-16
 4.218847493575595e-14 -1.385003223219883e-14 -6.250555628639631e-14  3.899658373995862e-15  4.418687638008123e-14 -3.219646771412954e-15     0.9999999999999954 -2.498001805406602e-15 -1.393329895904571e-14                      0
 1.908195823574488e-16 -4.510281037539698e-17 -1.804112415015879e-16   3.33066907387547e-16  8.534839501805891e-16  -7.28583859910259e-17  -1.31567933631116e-16                      1 -9.020562075079397e-17  -7.28583859910259e-17
-2.442490654175344e-14 -1.376676550535194e-14  6.661338147750939e-15 -1.323940956865499e-14 -1.998401444325282e-14  6.661338147750939e-16  3.139849491518021e-16  1.682681771697503e-16     0.9999999999999933  2.220446049250313e-16
 2.220446049250313e-15  -3.33066907387547e-16 -4.440892098500626e-16 -4.440892098500626e-16  8.881784197001252e-16  -3.33066907387547e-16  -1.07552855510562e-16  4.336808689942018e-17  6.661338147750939e-16     0.9999999999999999
