10
1

0.1621366763342961
0.3569840661654236
0.9842040323393935
 1.236263323394781
 2.051210888992214
 2.345226454509879
 2.418358679147578
 2.967722981075011
 5.805700550442414
  16.6831252647303

 -0.3744642800344857   0.1367623661921909   0.7618196352704921  -0.2788163411249283  -0.4036035016395059    0.132477859436079  0.02125993386100786  0.03182711319248212  0.01212924662545486 -0.03010998319048679
 -0.5480432219269077   0.1782719852701968   0.1145912392344043 -0.04055540353135077   0.7096464459611936  -0.2650008823922002  -0.1665353760028619  0.05832676353649987  -0.2024291724771474  0.08458531015544148
 -0.7114833988887466 -0.01681793912897457  -0.5441966878405881  0.01943906072137705  -0.3295483169395766   0.1652444842938828   0.2192407395412131  -0.1113569896216103  0.02086136077964825  0.01306551636071994
 -0.1260870158031399  -0.0302934833024672  -0.1204426006073903 -0.02420685811351347 -0.05013177094198285  0.01360876608077592  -0.5905780281017875   0.4480012646948798    0.505284326290805  -0.4007415544743048
  0.0477417775600357  0.05188872296584145 -0.07500965382367922 -0.09340748731178715  0.05658813276667009   0.4754573111484965 0.007967322800361531   0.6375148540513695  -0.1134283830220541   0.5762467694602841
 0.01325656511013857 0.009825293123183415 -0.05565098458847439 -0.05289024222800585  -0.2224363810428712  -0.6527310008580856   0.3818760381040226   0.5699137693122764  -0.1768712763632797  -0.1279966908288871
-0.02812289765115342 -0.06044106176467241 -0.03037841867401568 -0.04129303487923545  -0.2576693194426671   -0.481824543288955  -0.3522497889692196  -0.1865225319616805   0.2628614890076417    0.682944300635537
  0.1756670145572319   0.4944361662867675  -0.2933227360483002  -0.7121752664907783 -0.08413348588481158 -0.01978219701575631  -0.2025818953031239  -0.1236764247412455  -0.2416807518635526 -0.09605983995149518
-0.05650499577970829  -0.7066268612022041 -0.01195472293065176  -0.1855871757090289  -0.1080206783051974 0.008249980949419377  -0.3565210569219841 0.009188319673326659  -0.5641149178540633 -0.07580428992866821
0.004576206166698072   0.4450661465963632 0.003970472586844875   0.6039778116598475  -0.2908097291896017 0.001228316325294177  -0.3699265950533613  0.03288889543498285  -0.4617867792501954 -0.03666087625389367

22.68431643561043
59.75611152299461
35.53546200531694
94.09144692564716
49.71865741885338
130.9210741881883
70.51494338411921
186.1679165382293
83.09843533711165
220.1197644613093

2.668687335017534

   0.1592325412343936  -0.05962870006303227   -0.1216662430937946   0.04542781865035071  -0.03661949972185724   0.01121881674376455 0.0007562925217219083  0.004332854274997697 -0.001598134777340808 -0.002298210373210436

 -0.00411847817913714  -0.01814516508284363  -0.03066125260112366 -0.001712109232242832   0.06007375222718284   0.05528024956871092   0.01118295940266621   0.04052398780544166     1.046765469606054     3.476955892979849

cov:
  0.9570169529236104    2.702376327239199 -0.05736296924045862 0.001901474785947471 -0.06611516010400685 -0.01689458638720502 -0.04406588316983211  0.01935968672083718 -0.06433907724682729 0.005760222215070922
   2.702376327239199    74.15479302993649   -0.489618599952622    76.12619427251211   -33.70349576237977  0.09949637197095383   -38.04792589948588    3.535080496612977   -44.97533913451793   -3.256517887024195
-0.05736296924045862   -0.489618599952622    1.139049607956858    2.623105306230352   0.2207381740009788  0.09365069538795812   0.1925264936985489 -0.01263170080785368   0.2778649522940932  0.04168316544304111
0.001901474785947471    76.12619427251211    2.623105306230352    107.2241192794686   -47.58295718355248   0.4013471386939905   -58.68742058790674    5.856499050641821   -72.56789875318781   -5.425405688959642
-0.06611516010400685   -33.70349576237977   0.2207381740009788   -47.58295718355248    24.84521581286015    1.443898590371526    31.41559750453097    -2.86205451922299    39.33952319720499    2.613636415481158
-0.01689458638720502  0.09949637197095383  0.09365069538795812   0.4013471386939905    1.443898590371526    4.694545799946924  -0.5242149053936623  -0.2201156721230563  -0.5845580496823943  -0.3382884505750821
-0.04406588316983211   -38.04792589948588   0.1925264936985489   -58.68742058790674    31.41559750453097  -0.5242149053936623    44.84473525486538   -2.102595074902799    53.39176236568313    3.563156377705716
 0.01935968672083718    3.535080496612977 -0.01263170080785368    5.856499050641821    -2.86205451922299  -0.2201156721230563   -2.102595074902799    4.457770889519667   -4.941774851753132  -0.1301634745351611
-0.06433907724682729   -44.97533913451793   0.2778649522940932   -72.56789875318781    39.33952319720499  -0.5845580496823943    53.39176236568313   -4.941774851753132    71.61908892290337    6.945776246460685
0.005760222215070922   -3.256517887024195  0.04168316544304111   -5.425405688959642    2.613636415481158  -0.3382884505750821    3.563156377705716  -0.1301634745351611    6.945776246460685    5.110614064523897

cov.inverse():
   8.228211863747131   -2.687961170357859   -10.94157193531388     4.11885971147132    2.943350680727638  -0.8642174320647762   0.3002892202360208  -0.6523398861568611   0.6338998354121695  0.08976539879503322
  -2.687961170357854    1.006334325178416    4.118510086683103   -1.543049607341714   -1.100231748542682   0.3237513804767064  -0.1145327618632901   0.2439489000834833  -0.2373647950436205 -0.03464406045197092
  -10.94157193531371    4.118510086683041    22.50718331316046   -8.099207522077027   -10.86357449409538     3.50822275145746   0.3944148987284258   0.9899871368325147   0.1286247839647283  -0.7815704996200059
   4.118859711471266   -1.543049607341691   -8.099207522077032    3.033627251199915    4.058472341610354    -1.31695933567577  -0.1425543085448431  -0.3737488850392793  -0.0477982272489304   0.2907619977432576
   2.943350680727381   -1.100231748542595    -10.8635744940951    4.058472341610247    10.28455790839982   -3.512089377455677   -1.305338177974583  -0.1457926891142376   -1.338488484024738   0.9260340675317449
 -0.8642174320646943   0.3237513804766771    3.508222751457355   -1.316959335675732   -3.512089377455673    1.417913463935051   0.4705494170395341  0.04414764002539557   0.4770444166899179  -0.3047270483852168
    0.30028922023605  -0.1145327618633001   0.3944148987283826  -0.1425543085448273    -1.30533817797457   0.4705494170395303   0.5693196406599835  -0.1940861279671564   0.0676275048803107 -0.02294551252085713
 -0.6523398861568602   0.2439489000834828   0.9899871368325247  -0.3737488850392831  -0.1457926891142549  0.04414764002540157  -0.1940861279671543   0.3726936393452486   0.0270382123392332 -0.06311783133971351
  0.6338998354122208  -0.2373647950436383   0.1286247839646358 -0.04779822724889576   -1.338488484024691   0.4770444166899025  0.06762750488030776  0.02703821233922932   0.5320462471329864  -0.2572179513465013
 0.08976539879500682 -0.03464406045196074  -0.7815704996199624   0.2907619977432415   0.9260340675317329  -0.3047270483852132 -0.02294551252085729 -0.06311783133971134  -0.2572179513465046   0.3587559503702024

cov*(cov_.inverse()):
     1.000000000000004  -3.42578070945676e-15 -8.608565249534905e-15 -8.322986397302223e-15  2.200236520755183e-14 -3.159581971057257e-15 -2.192338107928626e-15  2.896988204881268e-16 -3.611477436549215e-15 -6.604959634781693e-16
 2.792210906932269e-14     0.9999999999999982  7.771561172376096e-14 -1.521005543736464e-14 -4.707345624410664e-14 -3.663735981263017e-15 -3.885780586188048e-15 -6.938893903907228e-16 -1.443289932012704e-15 -8.881784197001252e-16
-1.177400191232358e-14  1.186117176699142e-15     0.9999999999999943  3.892719480091955e-15  7.112366251504909e-15  4.695896449469217e-15  1.566888979676051e-15  3.786033986319381e-16  3.070460552478949e-16 -8.586881206085195e-16
-2.930988785010413e-14  4.368727601899991e-14  6.927791673660977e-14      1.000000000000003 -8.615330671091215e-14  9.769962616701378e-15  9.908740494779522e-15  3.719247132494274e-15  6.661338147750939e-16  1.332267629550188e-15
-2.847722058163527e-14  -1.65145674912992e-15 -9.325873406851315e-15 -4.374278717023117e-14      1.000000000000029 -4.551914400963142e-15  4.579669976578771e-16  2.414735078559715e-15  7.771561172376096e-16 -9.992007221626409e-16
-2.924743780496897e-15  7.060324547225605e-16  1.110223024625157e-16 -1.040834085586084e-15 -3.552713678800501e-15      1.000000000000002  4.969982758673552e-16   7.28583859910259e-17  2.775557561562891e-16 -2.914335439641036e-16
-8.049116928532385e-15 -2.201017146319373e-14 -4.307665335545607e-14 -1.465494392505207e-14  5.995204332975845e-14  9.769962616701378e-15     0.9999999999999997  2.775557561562891e-16  3.552713678800501e-15 -2.442490654175344e-15
 4.007211229506424e-15  7.788908407135864e-16  1.804112415015879e-16  4.822531263215524e-15 -1.637578961322106e-15 -1.665334536937735e-16  5.408000436357696e-16                      1  1.873501354054952e-16   2.42861286636753e-16
-9.436895709313831e-15 -2.225997164373439e-14 -1.216804434989172e-13 -3.286260152890463e-14  4.529709940470639e-14 -2.087219286295294e-14 -5.551115123125783e-17 -1.887379141862766e-15      0.999999999999998  2.664535259100376e-15
-3.941291737419306e-15  1.387778780781446e-16                      0 -1.554312234475219e-15  4.440892098500626e-15 -4.440892098500626e-16 -1.013078509970455e-15  2.775557561562891e-16 -6.661338147750939e-16     0.9999999999999993
