5 
6 
7 
9 
10 
inputFileName = /Users/demattia/RemoteProjects/extracted_prompt_extrapolated.root
eventsFractionStartBuild = 0
eventsFractionEndBuild = 0.2
eventsFractionStartTest = 0.8
eventsFractionEndTest = 1
var name = R
var name = z
par name = cotTheta
firstOrderChargeOverPtCoefficientsFileName = 
firstOrderCotThetaCoefficientsFileName = 
2 < pT < 10, pT regions = 1
0 < phi < 0.8, phi regions = 1
-3 < eta < 3, eta regions = 1
-15 < z0 < 15, eta regions = 1
charge regions = 1
endcap regions = 0
Training
Requested running from track number 0 to track number 1000000 for a total of 1000000 tracks.
Analyzed 10% of 1000000 tracks
Analyzed 20% of 1000000 tracks
Analyzed 30% of 1000000 tracks
Analyzed 40% of 1000000 tracks
Analyzed 50% of 1000000 tracks
Analyzed 60% of 1000000 tracks
Analyzed 70% of 1000000 tracks
Analyzed 80% of 1000000 tracks
Analyzed 90% of 1000000 tracks
Analyzed 100% of 1000000 tracks
Evaluating eigenvalues:
geomIndex = 0
Sqrt(eigenvalues) of cov:
 0.321238 0.400721 0.943302 0.98784 1.05118 1.08828 1.23455 1.53677 8.60145 51.6447
Analyzed 10% of 1000000 tracks
Analyzed 20% of 1000000 tracks
Analyzed 30% of 1000000 tracks
Analyzed 40% of 1000000 tracks
Analyzed 50% of 1000000 tracks
Analyzed 60% of 1000000 tracks
Analyzed 70% of 1000000 tracks
Analyzed 80% of 1000000 tracks
Analyzed 90% of 1000000 tracks
Analyzed 100% of 1000000 tracks
opening GeometricIndex.txt for writing
Matrices built:
geomIndex = 0

V_0:
    0.226383    -0.480844    -0.340485      0.73943    0.0903745    -0.213035   0.00758482   -0.0189753     0.012529    -0.026956
    0.221527    -0.425852    0.0286864   -0.0766078    -0.375124     0.760853    0.0567947    -0.111013    0.0728217    -0.149718
  -0.0272581    0.0377147   -0.0390446     0.027927   -0.0895447  -0.00494439      0.71716    -0.252792    -0.610051     0.192622
    0.839548    0.0878608      0.48473   -0.0302824      0.17836    -0.117592    0.0376331    0.0350522   -0.0542942    0.0180774
   -0.265866    -0.165745      0.36867     0.104859      0.49585     0.130344     0.489104   -0.0518667     0.499843   -0.0178172
    0.250148     0.235705     -0.34916     -0.10593    -0.433532    -0.221619     0.415457    0.0364581     0.578172    0.0587659
   -0.245259   -0.0874112     0.622838     0.304662    -0.614374    -0.266093   -0.0262122    0.0418318    0.0263966   0.00814177
   0.0254568    0.0817727     0.031402    0.0734561   0.00147569    0.0463485    -0.261663    -0.755631     0.186017     0.556853
 -0.00581057    -0.668721  -0.00396889    -0.508573  -0.00293955    -0.322292   0.00038904     0.158051   0.00225285      0.40651
 0.000130346     0.183722  2.70552e-05     0.258068 -2.31641e-05      0.34487 -7.45303e-05     0.566089 -8.02104e-05     0.678421
corrPV_0:
 0.000773198    0.0040562 -0.000342075   0.00305292   -0.0019773  -0.00563607 -0.000631304  -0.00196169     0.912631      15.3762
D_0:
 0.00922391   -0.022146 0.000373965 -0.00115673 -0.00681347   0.0161627 -0.00128619   0.0030032  -0.0017859  0.00421048
opening matrixVD_0.txt for writing
