5 
6 
7 
9 
10 
inputFileName = /Users/demattia/RemoteProjects/extracted_prompt_extrapolated.root
eventsFractionStartBuild = 0
eventsFractionEndBuild = 0.2
eventsFractionStartTest = 0.8
eventsFractionEndTest = 1
var name = R
var name = z
par name = cotTheta
firstOrderChargeOverPtCoefficientsFileName = 
firstOrderCotThetaCoefficientsFileName = 
pT > 2, pT regions = 1
0 < phi < 0.8, phi regions = 1
-3 < eta < 3, eta regions = 1
-15 < z0 < 15, eta regions = 1
charge regions = 1
endcap regions = 0
Training
Requested running from track number 0 to track number 1000000 for a total of 1000000 tracks.
Analyzed 10% of 1000000 tracks
Analyzed 20% of 1000000 tracks
Analyzed 30% of 1000000 tracks
Analyzed 40% of 1000000 tracks
Analyzed 50% of 1000000 tracks
Analyzed 60% of 1000000 tracks
Analyzed 70% of 1000000 tracks
Analyzed 80% of 1000000 tracks
Analyzed 90% of 1000000 tracks
Analyzed 100% of 1000000 tracks
Evaluating eigenvalues:
geomIndex = 0
Sqrt(eigenvalues) of cov:
 0.322676 0.400223 0.95131 0.989223 1.03057 1.08251 1.24697 1.54151 8.58851 51.6025
Analyzed 10% of 1000000 tracks
Analyzed 20% of 1000000 tracks
Analyzed 30% of 1000000 tracks
Analyzed 40% of 1000000 tracks
Analyzed 50% of 1000000 tracks
Analyzed 60% of 1000000 tracks
Analyzed 70% of 1000000 tracks
Analyzed 80% of 1000000 tracks
Analyzed 90% of 1000000 tracks
Analyzed 100% of 1000000 tracks
opening GeometricIndex.txt for writing
Matrices built:
geomIndex = 0

V_0:
    -0.23195     0.491698     0.339951    -0.737256   -0.0797171     0.193013  -0.00990298    0.0227572   -0.0133277    0.0302734
   -0.215857     0.412824   -0.0368076    0.0963703     0.377564    -0.766335   -0.0541657     0.110184   -0.0718179     0.149278
  -0.0972233    0.0415879    -0.129888    0.0139646     -0.10753    0.0106078     0.710521    -0.260139    -0.591148     0.195213
    0.849551     0.104447     0.446192   -0.0336927     0.117589    -0.128363    0.0545479   0.00808471    -0.178752    0.0428292
   -0.188083     -0.16418     0.425993     0.105661     0.523892      0.12732      0.49607   -0.0572998      0.45259   -0.0125278
    0.259805     0.229735    -0.323881    -0.103947     -0.41022    -0.219037     0.415705    0.0465104     0.608515    0.0499748
   -0.254333   -0.0849196      0.61691     0.307372    -0.618668    -0.262955  -0.00650696    0.0137751    0.0108528     0.028318
   0.0286974    0.0845913    0.0126278    0.0649078     0.014083    0.0521807    -0.264978    -0.753888     0.194948     0.555124
 -0.00575616    -0.668771  -0.00374183    -0.508412  -0.00305283    -0.322169  0.000294142     0.158441   0.00237667     0.406575
 0.000162444      0.18389  1.93758e-05     0.258249  1.88151e-05      0.34502  -7.8096e-05     0.566143 -8.01678e-05     0.678185
corrPV_0:
-0.000885361  -0.00406033 -0.000728595    0.0032223   -0.0012997  -0.00551056 -0.000732223  -0.00210007     0.911475      15.3634
D_0:
  0.00935242   -0.0224523  0.000270124 -0.000930934  -0.00688989    0.0163147  -0.00125668   0.00298495   -0.0017428   0.00415568
opening matrixVD_0.txt for writing
