10
1

0.3212381630976138
0.4007208814500337
0.9433015817325586
0.9878403141524329
 1.051183846889042
 1.088283562962963
 1.234552421287476
 1.536765260884748
 8.601451120850378
 51.64473754194538

    0.2263830323524635    -0.4808437409563799    -0.3404854847557506      0.739430116288022      0.090374491739032    -0.2130352454209757   0.007584815210498268   -0.01897527262320474    0.01252898059042936   -0.02695601874721619
    0.2215265541522266     -0.425852204660822    0.02868639528010272   -0.07660777040839742    -0.3751244540106827     0.7608534371630158    0.05679467955576307     -0.111013266556126    0.07282169739425007    -0.1497175220259007
   -0.0272580985493727     0.0377147092638987   -0.03904457743035498    0.02792702035817484   -0.08954468043610656  -0.004944390164803352     0.7171598791082601     -0.252792247699309    -0.6100508269393189     0.1926221127973498
    0.8395479665451662    0.08786084595339731     0.4847298125784915   -0.03028244162135838       0.17836000710504    -0.1175916943421221    0.03763310711011014    0.03505223931341739   -0.05429423339680725    0.01807742848816095
   -0.2658664529149724    -0.1657453478676634     0.3686699596122301     0.1048587967783851     0.4958502988859836     0.1303442246387267     0.4891038848187133   -0.05186668585658266     0.4998432269050064   -0.01781718162452097
    0.2501483305876664     0.2357053546798672    -0.3491600260785724    -0.1059295072262453    -0.4335316571017396      -0.22161911612066     0.4154572958966651    0.03645811582509124     0.5781720237274824    0.05876594152360862
   -0.2452589018630298   -0.08741120837694767     0.6228379826603373     0.3046623216449836    -0.6143740859783295    -0.2660930348258074   -0.02621215670021469    0.04183180805333429    0.02639663464937084   0.008141773965035673
   0.02545682001652011    0.08177265442886313    0.03140201916292597    0.07345606226480962   0.001475694835255567    0.04634852288497791    -0.2616633009706494    -0.7556307333917904     0.1860165186180383     0.5568530386400258
 -0.005810568104524127     -0.668720736954786  -0.003968885462751091    -0.5085732233894877  -0.002939552509355753    -0.3222924875085917  0.0003890398631426512     0.1580505429202502   0.002252853137596243     0.4065095919831039
 0.0001303464485461971     0.1837221381922661  2.705521686469041e-05     0.2580684662591637  -2.31641180887585e-05     0.3448695289607657 -7.453033257473418e-05      0.566088674025356 -8.021035535518868e-05     0.6784212802883396

22.67686301592805
9.406644312521363
35.56036896484854
14.79274916863414
50.57254258900589
21.07899240706465
88.51791561044587
37.04663088158271
107.7142575798821
45.18373404201917

0.4175265813061298

 0.009223912047606484  -0.02214603990960161 0.0003739649664780763 -0.001156725927709859 -0.006813467164160987   0.01616270562839268 -0.001286188726794231  0.003003204247732227 -0.001785904885287221  0.004210484530831743

 0.0007731981703610336   0.004056195380475233 -0.0003420748931571398   0.003052920491335027  -0.001977298750114647  -0.005636066015870756 -0.0006313043989674164  -0.001961686143625514     0.9126312932497227      15.37619032568406

cov:
   0.9496025358727388    0.5521506641282645   -0.0498370544371259    0.1257584728154421   0.09395015708345414    0.1826214513996706   -0.0110947298672713    0.1242888447788396 -0.002032098626866754    0.1183635905646486
   0.5521506641282645     123.2980034290522   0.02289603730176398     151.5121732515558   0.03783573489784966     184.8453684149529  -0.05337375489135766     269.4463042797527  -0.07922988411092048     312.4734058588268
  -0.0498370544371259   0.02289603730176398     1.132054975534399    0.5075104553556284   -0.1183912206011057  -0.02935110646644929  -0.02408293224990995  -0.03257554586933096 -0.001874775647514368  -0.05082936011458331
   0.1257584728154421     151.5121732515558    0.5075104553556284     197.0069085725283  -0.07450378629194232     249.4107424533358   -0.1023647211909313     383.5706209731918   -0.1235670612358877     451.7667279752426
  0.09395015708345414   0.03783573489784966   -0.1183912206011057  -0.07450378629194232     1.131831229718691    0.4154298244560977   0.02427426670240496   -0.1255366348188196  -0.01266438400466941   -0.1793771622944117
   0.1826214513996706     184.8453684149529  -0.02935110646644929     249.4107424533358    0.4154298244560977     325.2069911134294   -0.1351469518621702     516.8031751148942   -0.1800721027399858     614.3572887205517
  -0.0110947298672713  -0.05337375489135766  -0.02408293224990995   -0.1023647211909313   0.02427426670240496   -0.1351469518621702     1.091089619429887    0.1861449483715775    0.0480898214449672    -0.326112013089983
   0.1242888447788396     269.4463042797527  -0.03257554586933096     383.5706209731918   -0.1255366348188196     516.8031751148942    0.1861449483715775     857.9784009676533   -0.2946700418305022     1028.044833166337
-0.002032098626866754  -0.07922988411092048 -0.001874775647514368   -0.1235670612358877  -0.01266438400466941   -0.1800721027399858    0.0480898214449672   -0.2946700418305022     1.090058786060458   0.09066854732677432
   0.1183635905646486     312.4734058588268  -0.05082936011458331     451.7667279752426   -0.1793771622944117     614.3572887205517    -0.326112013089983     1028.044833166337   0.09066854732677432      1240.58346921549

cov.inverse():
    1.681919795365075    -1.463249551871653   -0.5514765782542823     1.393742943820128    -0.275044295715559    0.4464539910151916   0.07686430552169259   -0.1515856025202163   0.09953145452051243    -0.234668603471462
   -1.463249551871654     3.465089812981111     1.393056933643449    -3.290960453913559    0.4606447256506876    -1.079779877120356   -0.1504198361449087    0.3603499878575326   -0.2372531643923936    0.5620031405044349
  -0.5514765782543106     1.393056933643516     1.851925324664085    -2.277962005131855   -0.2304767084137117    0.7813485745036285 -0.001140436673061279     0.050266270158297  -0.01895231335202809   0.05016223292108717
    1.393742943820194    -3.290960453913717    -2.277962005131855     5.422837098972924    0.7812768454380801    -1.903292471706228   0.04446769235494958   -0.1163813632855315   0.04434054995621101   -0.1069682321961312
  -0.2750442957155186    0.4606447256505918   -0.2304767084137594    0.7812768454381932     1.625942963208786    -1.738078303711641   -0.1135211468498514    0.2206051373132838   -0.1055425887503938    0.2776113392264553
   0.4464539910150945    -1.079779877120125    0.7813485745037423    -1.903292471706498     -1.73807830371164     4.164757233770851    0.2243217786684799   -0.5253424752813305    0.2789196878414086   -0.6622719812618667
  0.07686430552167738   -0.1504198361448727 -0.001140436673042565    0.0444676923549052   -0.1135211468498523    0.2243217786684824    0.9917729765121506   -0.1702142998678322  -0.06409702526270603   0.05190066582322503
  -0.1515856025201809    0.3603499878574488   0.05026627015825305   -0.1163813632854273    0.2206051373132864   -0.5253424752813374   -0.1702142998678324    0.4002466320694042    0.0542608807173166   -0.1199003753298952
  0.09953145452051525   -0.2372531643924004  -0.01895231335202718    0.0443405499562087   -0.1055425887504001    0.2789196878414236  -0.06409702526270357   0.05426088071731085    0.9792732346839843   -0.1395928727511005
  -0.2346686034714679    0.5620031405044491   0.05016223292108433    -0.106968232196124      0.27761133922647   -0.6622719812619018   0.05190066582321926   -0.1199003753298817   -0.1395928727511004    0.3256193139765129

cov*(cov_.inverse()):
    0.9999999999999997 -2.775557561562891e-17  8.673617379884035e-18  6.245004513516506e-17  4.163336342344337e-17 -1.110223024625157e-16 -8.673617379884035e-18 -1.908195823574488e-17                      0 -2.081668171172169e-17
-2.842170943040401e-14                      1    1.4210854715202e-14 -2.344791028008331e-13 -2.842170943040401e-14 -2.842170943040401e-14 -7.105427357601002e-15 -7.105427357601002e-15 -7.105427357601002e-15   -1.4210854715202e-14
-1.405126015541214e-16   3.95516952522712e-16                      1   -1.1518563880486e-15 -5.898059818321144e-17  1.457167719820518e-16  3.469446951953614e-18 -3.469446951953614e-18 -1.734723475976807e-17 -6.938893903907228e-18
 2.842170943040401e-14 -5.684341886080801e-14 -3.907985046680551e-14     0.9999999999999005 -5.684341886080801e-14  5.684341886080801e-14  3.552713678800501e-15 -7.815970093361102e-14    1.4210854715202e-14 -2.842170943040401e-14
-4.163336342344337e-17  2.775557561562891e-17 -2.775557561562891e-17  1.491862189340054e-16     0.9999999999999999  1.249000902703301e-16 -1.214306433183765e-17                      0 -3.469446951953614e-18 -2.081668171172169e-17
 5.684341886080801e-14 -2.842170943040401e-13 -8.526512829121202e-14  9.947598300641403e-14  2.842170943040401e-14     0.9999999999997726   -1.4210854715202e-14                      0   -1.4210854715202e-14                      0
-4.163336342344337e-17  2.775557561562891e-17  1.387778780781446e-17 -2.081668171172169e-17 -1.387778780781446e-17  5.551115123125783e-17     0.9999999999999996  6.938893903907228e-18  1.387778780781446e-17 -2.775557561562891e-17
 8.526512829121202e-14 -4.547473508864641e-13 -7.815970093361102e-14 -7.105427357601002e-14  -1.13686837721616e-13   1.13686837721616e-13  7.105427357601002e-15     0.9999999999998721                      0 -5.684341886080801e-14
-5.551115123125783e-17 -1.387778780781446e-17  5.898059818321144e-17  6.938893903907228e-18                      0  1.873501354054952e-16 -2.602085213965211e-18                      0                      1  1.040834085586084e-17
  1.13686837721616e-13                      0 -2.486899575160351e-13 -8.526512829121202e-14   1.13686837721616e-13 -6.821210263296962e-13 -7.105427357601002e-14  2.842170943040401e-14 -2.842170943040401e-14     0.9999999999999432
