5
2

8.282723556122878e-05
 0.000244731568046256
0.0008293450164554417
 0.009964644994119771
   0.5203789208310742

 -0.4269793926509752   0.8130573753570026  -0.3956874708612783   0.0024021105760506 0.007208182653900136
 -0.5209828819045721   0.1150493560995262   0.7929590932516767  -0.1171608921999904  -0.2698697541257108
   0.108874045008844   0.1072494367285969    0.107171163972447  -0.8372745364770076   0.5139354948092367
 -0.5791295579701603   -0.338777819244038 -0.05704391740496687   0.2911344960336059   0.6795772516645145
  0.4461175096569402   0.4465741792225782   0.4471103162898052   0.4477494958011164   0.4485124570246036

0.4011626819994584
0.4011746501967368
0.4011863187363513
0.4011836890241549
0.4012357751077625

-0.0003232928051016909
    0.4011004168943661

   7.771824196491536    4.408278487278671   -11.42839419456638  -0.1645199542532203  -0.5871769784969098
   2.267215069715283    2.027088952032469   -3.217776541186748  0.01880565085398697 -0.09618613670937062

 3.281456295095642e-08 -7.442569129805656e-07 -4.806555858894021e-08 -0.0005748465272066965  -0.002979455567236906
 1.339600983907539e-08 -2.081765116079495e-07  3.728855506851126e-08 -0.0001862838077132855     0.1200345154463344

cov:
0.05392701935636673 0.05396834297042821 0.05401689307382859 0.05407404461661927  0.0541439837987775
0.05396834297042821 0.05401549395751078 0.05407084962962976 0.05413635944663545 0.05421565608187584
0.05401689307382859 0.05407084962962976 0.05413420206082999 0.05420950459924288  0.0542997721932459
0.05407404461661927 0.05413635944663545 0.05420950459924288 0.05429761923466844 0.05440057874887375
 0.0541439837987775 0.05421565608187584  0.0542997721932459 0.05440057874887375 0.05451993535284388

cov.inverse():
 31127018.97686762 -51585443.77182055  17746834.95129272  735388.0436582756  1976217.255075063
  -51585443.770842  96598714.43907103 -45354967.38247117 -71914.17462732449  413707.7763480439
 17746834.94977669 -45354967.38047872  33337335.08697066 -1820322.319228163 -3908994.803335647
 735388.0439685675 -71914.17523469676 -1820322.318918778  1250093.785961169 -93189.80891519388
 1976217.255302256  413707.7759414967 -3908994.803168598  -93189.8089028887  1612224.826254756

cov*(cov_.inverse()):
     1.000000000029104 -1.346052158623934e-10 -8.731149137020111e-11   -1.2732925824821e-11 -4.365574568510056e-11
 5.820766091346741e-11      1.000000000502041  1.746229827404022e-10 -2.000888343900442e-11  -2.91038304567337e-11
                     0  1.346052158623934e-10     0.9999999998835847 -2.455635694786906e-11  -2.91038304567337e-11
-2.037268131971359e-10  6.220943760126829e-10 -1.746229827404022e-10     0.9999999999754436 -4.365574568510056e-11
-1.455191522836685e-11  2.546585164964199e-11 -1.746229827404022e-10  6.366462912410498e-12     0.9999999999854481
