5
2

0.0002225878570168336
0.0006834582533530293
0.0008849025813045365
  0.01616230500612327
   0.5156481124065055

 -0.3967478340524709   0.8681634518028047 -0.09122933726445105  -0.1256889697226021  -0.2544854967200906
 -0.1491008763199562  -0.1284532260222412   0.1775633181089792   0.7299972872607723  -0.6299554953003766
 -0.1774924994687437  -0.1011155854214017   0.8688829920790926  -0.4158371815146122  -0.1743382791095869
 -0.7685570125985598  -0.1410724376119357  0.07111106060756442   0.2787717405552689   0.5537582680726825
  0.4451703223185585    0.446840234770137   0.4473634308024844   0.4479642827500353   0.4487216853220233

0.4015232165790598
0.4019152335651624
0.4019701270814878
0.4020626962112141
0.4021432474548157

-0.001181152769745209
   0.4015587126953233

  4.266317602978167  -2.766527635696845 -0.1452159154889481 -0.4393862520316585 -0.9150433438209998
  1.256841199218687  0.1632539167944823 0.09239593229760935 -0.1844634253020876  -0.327946815705176

-1.879310391540227e-07 -2.374883781746934e-08 -2.047179224983465e-07 -0.0009216250807462869  -0.002486446204149788
 -1.28176027435606e-08 -5.606614902654404e-08 -1.990966995259404e-08 -0.0003174975772289107     0.1180568821502819

cov:
0.05284811044602156 0.05291976176210872 0.05293895548399773 0.05296852719800657 0.05300303585897106
0.05291976176210872 0.05309509058047682  0.0531492967831152 0.05321309961056178 0.05329301130468184
0.05293895548399773  0.0531492967831152 0.05321616249739803 0.05329066362005117 0.05338591740316272
0.05296852719800657 0.05321309961056178 0.05329066362005117 0.05337796036723712 0.05348765817353249
0.05300303585897106 0.05329301130468184 0.05338591740316272 0.05348765817353249 0.05361817175348611

cov.inverse():
 3267151.687460703 -6887716.780802224  476710.3422550022  866914.1818524584  2276828.504993816
-6887716.780815611  15260939.10890407 -1759640.360943758 -2349594.220017351 -4263800.610855487
 476710.3422928204 -1759640.361020417   1199621.38536366  47586.41284833346  35832.33527155133
 866914.1818200154 -2349594.219947381  47586.41283649213  1680804.338958157 -245716.4046014916
 2276828.505001831 -4263800.610862193  35832.33524455376 -245716.4045758063  2196695.642059871

cov*(cov_.inverse()):
    0.9999999999854481                      0 -1.659827830735594e-11 -3.637978807091713e-12                      0
 1.455191522836685e-11      1.000000000058208 -5.684341886080801e-12 -2.182787284255028e-11 -1.455191522836685e-11
                     0  -2.91038304567337e-11     0.9999999999834017 -1.637090463191271e-11 -1.455191522836685e-11
                     0  -2.91038304567337e-11 -4.320099833421409e-12     0.9999999999654392                      0
 1.455191522836685e-11  1.164153218269348e-10 -8.640199666842818e-12 -9.094947017729282e-12      1.000000000014552
