5
2

0.0002220574438781306
0.0006831407344678829
0.0008849791745719329
  0.01616027726483307
    0.515645929103275

 -0.3970088723130922   0.8680126316355121 -0.08994547378884545  -0.1263021592853044  -0.2547461539074714
 -0.1494709673380442  -0.1286654844584848   0.1793264888110227   0.7291578153283393  -0.6302971630813563
 -0.1765712760009081  -0.1021316647075999   0.8686519764247153  -0.4171421466763523  -0.1727075009232253
 -0.7685612012741764   -0.141071212835364    0.071145804750985   0.2787435327978451   0.5537625034207954
  0.4451726065416904   0.4468414712215842   0.4473632086743173   0.4479632990492572   0.4487193913916946

0.4015229588885414
0.4019153149303208
0.4019695080822793
0.4020625192563074
0.4021425289897165

-0.001181152769745209
   0.4015587126953233

0
0
0
0
0

0
0

0
0
0
0
0

0
0

0
0
0
0
0

0
0

0
0
0
0
0

0
0

0
0
0
0
0

0
0

0
0
0
0
0

0
0

0
0
0
0
0

0
0

0
0
0
0
0

0
0

0
0
0
0
0

0
0

0
0
0
0
0

0
0

0
0
0
0
0

0
0

0
0
0
0
0

0
0

0
0
0
0
0

0
0

0
0
0
0
0

0
0

0
0
0
0
0

0
0

0
0
0
0
0

0
0

0
0
0
0
0

0
0

0
0
0
0
0

0
0

0
0
0
0
0

0
0

0
0
0
0
0

0
0

0
0
0
0
0

0
0

0
0
0
0
0

0
0

0
0
0
0
0

0
0

0
0
0
0
0

0
0

0
0
0
0
0

0
0

0
0
0
0
0

0
0

0
0
0
0
0

0
0

0
0
0
0
0

0
0

0
0
0
0
0

0
0

0
0
0
0
0

0
0

0
0
0
0
0

0
0

0
0
0
0
0

0
0

0
0
0
0
0

0
0

0
0
0
0
0

0
0

0
0
0
0
0

0
0

0
0
0
0
0

0
0

0
0
0
0
0

0
0

0
0
0
0
0

0
0

0
0
0
0
0

0
0

0
0
0
0
0

0
0

0
0
0
0
0

0
0

0
0
0
0
0

0
0

0
0
0
0
0

0
0

0
0
0
0
0

0
0

0
0
0
0
0

0
0

0
0
0
0
0

0
0

0
0
0
0
0

0
0

0
0
0
0
0

0
0

0
0
0
0
0

0
0

0
0
0
0
0

0
0

0
0
0
0
0

0
0

0
0
0
0
0

0
0

0
0
0
0
0

0
0

0
0
0
0
0

0
0

0
0
0
0
0

0
0

0
0
0
0
0

0
0

0
0
0
0
0

0
0

0
0
0
0
0

0
0

0
0
0
0
0

0
0

0
0
0
0
0

0
0

0
0
0
0
0

0
0

0
0
0
0
0

0
0

0
0
0
0
0

0
0

0
0
0
0
0

0
0

0
0
0
0
0

0
0

0
0
0
0
0

0
0

0
0
0
0
0

0
0

0
0
0
0
0

0
0

0
0
0
0
0

0
0

0
0
0
0
0

0
0

0
0
0
0
0

0
0

0
0
0
0
0

0
0

0
0
0
0
0

0
0

0
0
0
0
0

0
0

0
0
0
0
0

0
0

0
0
0
0
0

0
0

0
0
0
0
0

0
0

  4.284839786685587  -2.804101455714613 -0.1441159698742712 -0.4338894522375853 -0.9026050090211696
  1.258232721798944  0.1608100716769829 0.09207182258777091 -0.1841903737354699 -0.3268473246403114

-1.892210957876651e-07 -2.472309089136654e-08 -2.024529342158808e-07 -0.0009215124803196609  -0.002486244968808899
-1.290425314613797e-08 -5.625467424823094e-08 -1.983865237386618e-08 -0.0003174338049140577      0.118056448146675

cov:
0.05284816771021979 0.05291972458776945 0.05293874947484772  0.0529682530835331 0.05300261325358595
0.05291972458776945  0.0530949334103669 0.05314896604326495 0.05321268347056569 0.05329244005836274
0.05293874947484772 0.05314896604326495  0.0532156600397581 0.05329006922973051 0.05338516916692119
 0.0529682530835331 0.05321268347056569 0.05329006922973051 0.05337726506787668 0.05348680107455668
0.05300261325358595 0.05329244005836274 0.05338516916692119 0.05348680107455668 0.05361715171274542

cov.inverse():
 3286407.722009177  -6924035.61101574  470700.4203463451  876592.5221130858  2290237.357549662
-6924035.611030933  15328800.78755657 -1746096.965646246 -2370124.846116079 -4288387.765631872
 470700.4203538718  -1746096.96566257   1196439.37856748  47987.98475579277  31082.83580375053
 876592.5221378539 -2370124.846159623   47987.9847507337  1685248.760480684 -239706.3182838977
 2290237.357532561   -4288387.7655872  31082.83580001329 -239706.3183077308  2206623.085360636

cov*(cov_.inverse()):
    0.9999999999854481   2.91038304567337e-11  7.503331289626658e-12                      0  -2.91038304567337e-11
-4.365574568510056e-11      1.000000000029104  1.000444171950221e-11  5.456968210637569e-12 -1.455191522836685e-11
  2.91038304567337e-11                      0     0.9999999999965894   -1.2732925824821e-11                      0
 1.455191522836685e-11   2.91038304567337e-11  1.568878360558301e-11      1.000000000003638 -1.455191522836685e-11
                     0                      0   8.86757334228605e-12 -3.637978807091713e-12      1.000000000014552
