5
1

0.001304895521625727
0.001505580364224377
0.003107966480056769
 0.06855816675743739
  0.5767280510496698

  0.03568375140241178    0.5307306174730615   -0.7765539478212364   -0.1094372368786407    0.3194356568546073
  -0.1614637864704492    0.2715748511188414    0.4096839103195116   -0.8063783833469541    0.2865127264092663
   0.5488984091929829   -0.6213837566542793   -0.1697213652050555    -0.235655381404083    0.4777593146761834
  -0.7121289237356027   -0.2681301538606906 -0.007954120965272347    0.2595198367297703     0.594613153969233
   0.4052641705222185    0.4319265672232958    0.4474979887118698    0.4635659495844907    0.4837897819325038

  0.40014966359139
0.4001159289683823
0.4002402894976955
0.4003844932996032
0.4004923497798936

-0.001458764600641906

 2.130153216319858  2.537097760700353  -6.10826531872675  8.395580368933377 -6.956510112819745

 5.150788947446645e-06  -2.47543584420221e-05 -4.513449901630653e-05    -0.0193002547266773   -0.08245700433699747

cov:
0.05701499513089875 0.05911653721478288 0.06034693161968482 0.06161770197943123 0.06322561101579344
0.05911653721478288 0.06239517940322231 0.06430055354373788 0.06627212320723186 0.06875205716433179
0.06034693161968482 0.06430055354373788 0.06660966578557805 0.06898939270006388 0.07198635241700518
0.06161770197943123 0.06627212320723186 0.06898939270006388 0.07179541071458095 0.07531875085626318
0.06322561101579344 0.06875205716433179 0.07198635241700518 0.07531875085626318 0.07951384504260733

cov.inverse():
 43548.51782137972 -43491.17648421815 -55098.60060996778  41715.61050363395  13344.91886265037
-43491.17648402417  237948.7689280031 -182041.9918582359 -115574.8458370883  103123.9382089885
-55098.60061025211 -182041.9918573434  431180.4124731217 -91689.88056120767 -102293.3016637289
 41715.61050364585 -115574.8458379361  -91689.8805600198  299657.6402858462 -134076.0926008207
  13344.9188627287  103123.9382091378 -102293.3016643083 -134076.0926004688  119846.3227245231

cov*(cov_.inverse()):
     1.000000000000455 -2.728484105318785e-12  3.637978807091713e-12  1.818989403545856e-12                      0
                     0                      1  1.818989403545856e-12 -1.818989403545856e-12                      0
-5.684341886080801e-13                      0      1.000000000001819 -3.637978807091713e-12                      0
 -1.13686837721616e-13 -1.818989403545856e-12  3.637978807091713e-12      0.999999999998181  1.818989403545856e-12
-6.821210263296962e-13                      0  9.094947017729282e-13                      0                      1
