5
1

0.001202513176992425
0.001372515957416866
0.002790126511780079
 0.06255259772572992
   0.566263865023295

  0.02335763217891687    0.5498552876639521   -0.7419632831515238   -0.1729793829363748    0.3415877679029939
  -0.1650622543719593    0.2301111340912787     0.470065728975154   -0.7946756960718502    0.2594842320154545
   0.5487881437529043   -0.6213682855567656   -0.1679515510935473   -0.2372692622243883    0.4777327711903941
  -0.7079621146346565   -0.2642602803566062 -0.003743616230255819     0.264024093638841    0.5993608360441841
   0.4121044657837484    0.4344835860251933     0.447556654202416     0.461045818041282     0.478041543907602

0.3999419812706543
0.3997752008721746
0.3997722838983783
0.3997964909886597
0.3997426181176929

0.0003775880670959077

0
0
0
0
0

0

0
0
0
0
0

0

0
0
0
0
0

0

0
0
0
0
0

0

0
0
0
0
0

0

0
0
0
0
0

0

0
0
0
0
0

0

0
0
0
0
0

0

0
0
0
0
0

0

0
0
0
0
0

0

0
0
0
0
0

0

0
0
0
0
0

0

0
0
0
0
0

0

0
0
0
0
0

0

0
0
0
0
0

0

0
0
0
0
0

0

0
0
0
0
0

0

0
0
0
0
0

0

0
0
0
0
0

0

0
0
0
0
0

0

0
0
0
0
0

0

0
0
0
0
0

0

0
0
0
0
0

0

0
0
0
0
0

0

0
0
0
0
0

0

0
0
0
0
0

0

0
0
0
0
0

0

0
0
0
0
0

0

0
0
0
0
0

0

0
0
0
0
0

0

0
0
0
0
0

0

0
0
0
0
0

0

0
0
0
0
0

0

0
0
0
0
0

0

0
0
0
0
0

0

0
0
0
0
0

0

0
0
0
0
0

0

0
0
0
0
0

0

0
0
0
0
0

0

0
0
0
0
0

0

0
0
0
0
0

0

0
0
0
0
0

0

0
0
0
0
0

0

0
0
0
0
0

0

0
0
0
0
0

0

0
0
0
0
0

0

0
0
0
0
0

0

0
0
0
0
0

0

0
0
0
0
0

0

0
0
0
0
0

0

0
0
0
0
0

0

0
0
0
0
0

0

0
0
0
0
0

0

0
0
0
0
0

0

0
0
0
0
0

0

0
0
0
0
0

0

0
0
0
0
0

0

0
0
0
0
0

0

0
0
0
0
0

0

0
0
0
0
0

0

0
0
0
0
0

0

0
0
0
0
0

0

0
0
0
0
0

0

0
0
0
0
0

0

0
0
0
0
0

0

0
0
0
0
0

0

0
0
0
0
0

0

0
0
0
0
0

0

0
0
0
0
0

0

0
0
0
0
0

0

0
0
0
0
0

0

0
0
0
0
0

0

0
0
0
0
0

0

0
0
0
0
0

0

0
0
0
0
0

0

0
0
0
0
0

0

0
0
0
0
0

0

 2.041338567294774  2.483540176660883   -5.6585528181762  8.074377609311394 -6.942493870405121

 2.665821727641921e-06  -2.00499033461933e-05 -3.662771775357516e-05   -0.01607990791356496   -0.06681266684294779

cov:
0.05642037410696422 0.05814340640945578 0.05915107714060294 0.06019194323982389 0.06151163052104788
0.05814340640945578 0.06080870863441454 0.06235754654474926  0.0639602128388962 0.06597871195371678
0.05915107714060294 0.06235754654474926 0.06423086747675937 0.06616115113980695 0.06859476219484674
0.06019194323982389  0.0639602128388962 0.06616115113980695  0.0684338471326599 0.07128983886214853
0.06151163052104788 0.06597871195371678 0.06859476219484674 0.07128983886214853 0.07468490960650528

cov.inverse():
 53655.69117397919 -55035.90494752058 -65011.35582655152  50063.51129835981  16350.93240102717
-55035.90494768428  286805.7719093009 -211305.0144471969 -143925.8905546869  123413.7344471317
-65011.35582635706 -211305.0144475297  501621.8219723887 -104420.7209401444 -120826.3635307483
 50063.51129843023  -143925.890554727 -104420.7209402383  363174.0850761455 -164843.8872286864
 16350.93240092582  123413.7344473409 -120826.3635307927 -164843.8872287499  145843.3589843678

cov*(cov_.inverse()):
    0.9999999999997726 -9.094947017729282e-13  4.547473508864641e-12 -1.818989403545856e-12  1.818989403545856e-12
 2.273736754432321e-13      0.999999999998181  4.547473508864641e-12                      0                      0
 6.821210263296962e-13 -7.275957614183426e-12      1.000000000003638  1.818989403545856e-12  1.818989403545856e-12
-4.547473508864641e-13 -5.456968210637569e-12  7.275957614183426e-12      1.000000000003638                      0
 4.547473508864641e-13                      0  1.818989403545856e-12  1.818989403545856e-12                      1
