5
2

0.0002387988589362584
 0.001055476850893397
 0.002773988200555873
   0.0885030461890647
   0.5700327813336528

 -0.1554326614346345   0.7517253889595079  -0.6400486414600675   0.0137995196568226   0.0299489094189667
 -0.5580393202570967   0.4275927617998521   0.6208222758071062  -0.2399887102455365  -0.2504828695135486
  0.1233852310727681  0.03675443613330521  0.02442954581864608  -0.7871947741217653   0.6026215902737971
 -0.7012446098771408  -0.2573753507159902 -0.09819516197723217   0.3163233610509266   0.5764643678318623
  0.3968184555659186   0.4295118274487857   0.4412236914334572   0.4716767018422187   0.4908130463434776

0.3993363534688216
0.3993888416578101
0.3993452917366182
0.3992209259708094
0.3991639519739003

0.0008632041090963192
   0.3996294627465207

   1.161014695873223    11.10672813727563   -10.95333029075637  -0.4045512810869839  -0.9097727105115163
   1.278083275204566    1.105352652200347    -1.27736356879712 -0.01888402361590857 -0.08713531138590211

 8.637324073094323e-07 -2.644528372360728e-06   4.16305372178868e-07   -0.02545350909452864   -0.07767023364765591
 8.251333438742429e-08   -1.1220945540055e-06  9.963006135804881e-07  -0.008706242867107229     0.1191388391915371

cov:
 0.0550184189785123 0.05679519557255601 0.05743088803234576 0.05908046645788708 0.06012037777248019
0.05679519557255601   0.060463686028994 0.06177737273084016 0.06519126303252712 0.06733796943978636
0.05743088803234576 0.06177737273084016 0.06333425340354505 0.06738070814059607 0.06992445517070243
0.05908046645788708 0.06519126303252712 0.06738070814059607 0.07308029778070466 0.07664937095098164
0.06012037777248019 0.06733796943978636 0.06992445517070243 0.07664937095098164 0.08088237085478189

cov.inverse():
 705236.6400130527 -2262553.011435524  1433998.978537983  69951.56575032124  53451.59243308961
-2262553.011467871  10073855.44559708 -8198974.420387815  86027.56649754792   301517.275435929
 1433998.978579907 -8198974.420457751  7529968.002168726 -291128.3586971384 -473828.5413066407
 69951.56574529418  86027.56651999954 -291128.3587153666  135581.5994647191 -416.5140922095073
 53451.59242854191  301517.2754510686 -473828.5413164297 -416.5140930128091  119284.7962776424

cov*(cov_.inverse()):
     1.000000000007276 -1.091393642127514e-11 -5.820766091346741e-11  4.867217739956686e-13  4.547473508864641e-12
 8.640199666842818e-12     0.9999999999890861  3.637978807091713e-12 -2.344791028008331e-12 -9.094947017729282e-13
-9.549694368615746e-12 -9.094947017729282e-11      1.000000000007276 -1.030286966852145e-13 -3.637978807091713e-12
-4.547473508864641e-12  -8.36735125631094e-11 -7.275957614183426e-11      1.000000000001862  5.456968210637569e-12
 2.728484105318785e-12 -2.182787284255028e-11 -3.637978807091713e-11  1.826094830903457e-12                      1
