5 
6 
7 
8 
11 
inputFileName = /Users/demattia/RemoteProjects/extracted_hybrid.root
eventsFractionStartBuild = 0
eventsFractionEndBuild = 0.2
eventsFractionStartTest = 0.8
eventsFractionEndTest = 1
var name = R
var name = z
par name = cotTheta
firstOrderChargeOverPtCoefficientsFileName = 
firstOrderCotThetaCoefficientsFileName = 
2 < pT < 10, pT regions = 1
0 < phi < 0.8, phi regions = 1
-3 < eta < 3, eta regions = 1
-15 < z0 < 15, eta regions = 1
charge regions = 1
endcap regions = 0
Training
Requested running from track number 0 to track number 1000000 for a total of 1000000 tracks.
Analyzed 10% of 1000000 tracks
Analyzed 20% of 1000000 tracks
Analyzed 30% of 1000000 tracks
Analyzed 40% of 1000000 tracks
Analyzed 50% of 1000000 tracks
Analyzed 60% of 1000000 tracks
Analyzed 70% of 1000000 tracks
Analyzed 80% of 1000000 tracks
Analyzed 90% of 1000000 tracks
Analyzed 100% of 1000000 tracks
Evaluating eigenvalues:
geomIndex = 0
Sqrt(eigenvalues) of cov:
 0.121895 0.325213 0.769265 1.00117 1.54651 1.84644 2.01932 2.58194 7.11408 18.8156
Analyzed 10% of 1000000 tracks
Analyzed 20% of 1000000 tracks
Analyzed 30% of 1000000 tracks
Analyzed 40% of 1000000 tracks
Analyzed 50% of 1000000 tracks
Analyzed 60% of 1000000 tracks
Analyzed 70% of 1000000 tracks
Analyzed 80% of 1000000 tracks
Analyzed 90% of 1000000 tracks
Analyzed 100% of 1000000 tracks
opening GeometricIndex.txt for writing
Matrices built:
geomIndex = 0

V_0:
    0.367775     -0.24946    -0.675312      0.45889      0.30502    -0.206973   0.00248919  -0.00191533  0.000836654 -0.000237843
   -0.402244     0.244655    0.0903608   -0.0553004     0.684224    -0.424091     -0.27837     0.167812    -0.100409    0.0580642
   -0.385303    0.0769449    -0.156503    0.0426702    0.0947729    -0.021637     0.802899    -0.260663    -0.249371     0.187293
    0.649623    0.0114885     0.545111  -0.00154394      0.41026   -0.0330382     0.317948   -0.0448366   -0.0741249    0.0520423
    -0.24453    -0.313001    0.0844891    0.0839177     0.287945     0.280457      0.26069     0.282696     0.448129    -0.563729
    0.240116     0.416763    -0.279445     -0.41846    -0.175116    -0.349647     0.288847     0.438478    0.0848669    -0.282204
   -0.119326    -0.153881      0.35789     0.531259    -0.383964    -0.582871     0.113832     0.222331   0.00707757   -0.0464204
   0.0185982     0.138585    0.0256129    0.0810804   -0.0217459   -0.0681989     -0.11125    -0.429847    -0.460765    -0.747426
  -0.0208184    -0.685343   -0.0133403    -0.415586  -0.00432112   -0.0998622   0.00105061     0.275461    -0.520681  -0.00148422
  0.00176834     0.296008   0.00167984     0.375322   0.00257353     0.469551  -0.00620365     0.565352    -0.480365    0.0247005
corrPV_0:
0.000136754 -0.00770214   -0.016698   0.0107931  -0.0159369  -0.0191287 -0.00564874  -0.0351755     1.01571     2.18293
D_0:
   0.0504877   -0.0348602  -0.00239355   0.00162871   -0.0456376    0.0313853  -0.00188235   0.00126446 -0.000894212  0.000515191
opening matrixVD_0.txt for writing
