5 
6 
7 
8 
11 
inputFileName = /Users/demattia/RemoteProjects/extracted_hybrid.root
eventsFractionStartBuild = 0
eventsFractionEndBuild = 0.2
eventsFractionStartTest = 0.8
eventsFractionEndTest = 1
var name = R
var name = z
par name = cotTheta
firstOrderChargeOverPtCoefficientsFileName = 
firstOrderCotThetaCoefficientsFileName = 
pT > 2, pT regions = 1
0 < phi < 0.8, phi regions = 1
-3 < eta < 3, eta regions = 1
-15 < z0 < 15, eta regions = 1
charge regions = 1
endcap regions = 0
Training
Requested running from track number 0 to track number 1000000 for a total of 1000000 tracks.
Analyzed 10% of 1000000 tracks
Analyzed 20% of 1000000 tracks
Analyzed 30% of 1000000 tracks
Analyzed 40% of 1000000 tracks
Analyzed 50% of 1000000 tracks
Analyzed 60% of 1000000 tracks
Analyzed 70% of 1000000 tracks
Analyzed 80% of 1000000 tracks
Analyzed 90% of 1000000 tracks
Analyzed 100% of 1000000 tracks
Evaluating eigenvalues:
geomIndex = 0
Sqrt(eigenvalues) of cov:
 0.123085 0.324662 0.775998 0.991383 1.5447 1.82308 2.04637 2.58042 7.12089 18.7894
Analyzed 10% of 1000000 tracks
Analyzed 20% of 1000000 tracks
Analyzed 30% of 1000000 tracks
Analyzed 40% of 1000000 tracks
Analyzed 50% of 1000000 tracks
Analyzed 60% of 1000000 tracks
Analyzed 70% of 1000000 tracks
Analyzed 80% of 1000000 tracks
Analyzed 90% of 1000000 tracks
Analyzed 100% of 1000000 tracks
opening GeometricIndex.txt for writing
Matrices built:
geomIndex = 0

V_0:
    0.369287    -0.250286    -0.675657     0.459083     0.302502    -0.205389   0.00386036  -0.00250046   0.00131932 -0.000504625
   -0.401829     0.242626    0.0881143   -0.0526061     0.685396    -0.424201    -0.279394     0.167703   -0.0996659    0.0574619
   -0.359177    0.0805386     -0.13802    0.0395177      0.11147   -0.0210126     0.811422    -0.266274     -0.25486     0.191742
    0.660918   0.00719529      0.55125  -0.00317018     0.406099   -0.0374303     0.297428   -0.0199979   -0.0534224    0.0348493
   -0.266915    -0.331095    0.0831982    0.0973312     0.297036     0.310573     0.241804     0.250617     0.439126    -0.551308
    0.213734     0.396498     -0.27804    -0.406764    -0.168963    -0.340729     0.301668     0.461118     0.115301    -0.304585
   -0.134434    -0.161142     0.357949     0.540849    -0.379955    -0.573794     0.114125     0.209228   0.00172995   -0.0700445
   0.0300918     0.149646    0.0160417     0.062667   -0.0145419   -0.0603513    -0.111869    -0.431663    -0.461879    -0.745978
  -0.0208042     -0.68516   -0.0135109    -0.416041  -0.00440113     -0.10109   0.00191611      0.27481    -0.520656  -0.00220046
  0.00187473     0.295485   0.00160819      0.37475   0.00268037     0.469439  -0.00623657     0.565243    -0.481367    0.0247341
corrPV_0:
0.000152287  -0.0077261  -0.0168187   0.0113724  -0.0157298   -0.020901 -0.00762583   -0.034443     1.01646     2.18439
D_0:
  0.0509442   -0.035164 -0.00281267  0.00191642  -0.0458126   0.0315133 -0.00182393  0.00119412 -0.00083043 0.000475926
opening matrixVD_0.txt for writing
