5 
6 
11 
12 
14 
15 
inputFileName = /Users/demattia/RemoteProjects/extracted_endcaps.root
eventsFractionStartBuild = 0
eventsFractionEndBuild = 0.2
eventsFractionStartTest = 0.8
eventsFractionEndTest = 1
var name = R
var name = z
par name = cotTheta
firstOrderChargeOverPtCoefficientsFileName = 
firstOrderCotThetaCoefficientsFileName = 
pT > 2, pT regions = 1
0 < phi < 0.8, phi regions = 1
-3 < eta < 3, eta regions = 1
-15 < z0 < 15, eta regions = 1
charge regions = 1
endcap regions = 0
Training
Requested running from track number 0 to track number 1000000 for a total of 1000000 tracks.
Analyzed 10% of 1000000 tracks
Analyzed 20% of 1000000 tracks
Analyzed 30% of 1000000 tracks
Analyzed 40% of 1000000 tracks
Analyzed 50% of 1000000 tracks
Analyzed 60% of 1000000 tracks
Analyzed 70% of 1000000 tracks
Analyzed 80% of 1000000 tracks
Analyzed 90% of 1000000 tracks
Analyzed 100% of 1000000 tracks
Evaluating eigenvalues:
geomIndex = 0
Sqrt(eigenvalues) of cov:
 0.059419 0.107494 0.387601 1.05252 1.17697 1.55821 1.91875 2.32434 2.97756 3.11905 6.38792 12.1951
Analyzed 10% of 1000000 tracks
Analyzed 20% of 1000000 tracks
Analyzed 30% of 1000000 tracks
Analyzed 40% of 1000000 tracks
Analyzed 50% of 1000000 tracks
Analyzed 60% of 1000000 tracks
Analyzed 70% of 1000000 tracks
Analyzed 80% of 1000000 tracks
Analyzed 90% of 1000000 tracks
Analyzed 100% of 1000000 tracks
opening GeometricIndex.txt for writing
Matrices built:
geomIndex = 0

V_0:
    0.189477   -0.0649168    0.0275885  -0.00966593    -0.752396     0.264183     0.535891    -0.189356   0.00125899   0.00449265  -0.00224633    0.0087065
    0.409755    -0.138263    -0.801621     0.273925     0.214947    -0.070494     0.198676   -0.0644561   -0.0025191   -0.0196908  -0.00580758    -0.011272
   -0.592255     0.169748    -0.067641     0.014763     0.298824   -0.0908574     0.623804    -0.204041    -0.171641     0.031686    -0.223205    0.0838239
    0.606255    0.0484067     0.491692    0.0132849     0.337635    -0.183942     0.303926   -0.0770902    -0.323905     0.184191   -0.0180506   -0.0534886
   -0.206248   -0.0428931    -0.157444  -0.00879433    -0.135463   -0.0621963   -0.0878485   -0.0312772    -0.492788     0.465312     0.450927    -0.486981
   0.0246921   0.00602124    0.0596241    0.0267953     0.204422     0.433655     -0.19761    -0.756365   0.00591049    -0.252409   0.00583301     -0.30053
-0.000565665    0.0045192   -0.0433348    -0.042984     0.130715     0.500825  -0.00432421     0.173114    -0.486883     -0.20534     0.362681     0.536281
   0.0316394    0.0417986   -0.0457029  0.000654064    0.0984554     0.427196    -0.110499   -0.0627932     0.188044     0.784971     -0.27193     0.247659
 -0.00375981   -0.0397172   -0.0462085   -0.0690128    -0.188343    -0.507592    -0.220172     -0.55025   -0.0999484     0.120131     0.132706     0.552363
    0.176044     0.503782    -0.274944    -0.742007   -0.0510676  -0.00977675   -0.0629622   0.00861591    -0.157584   -0.0561859    -0.216843   -0.0853944
  -0.0515921    -0.730382   -0.0159512    -0.261878   -0.0209488   0.00642801   -0.0970956     0.028136    -0.358928   -0.0497355    -0.501992   -0.0323585
  0.00845301     0.391198   -0.0034331     0.545818    -0.242829   -0.0107575    -0.266427    0.0423647    -0.432058   -0.0776562    -0.473639  -0.00808429
corrPV_0:
-0.000223663   0.00150367   -0.0194508    0.0266385   -0.0103564   -0.0169743     0.022151     0.087966    0.0645509    0.0571843      1.15793      2.24336
D_0:
    0.134128   -0.0458596    -0.088185    0.0302354    0.0411096   -0.0148998    -0.090084    0.0311938 -0.000555239   0.00527292  0.000495471    0.0013231
opening matrixVD_0.txt for writing
