5 
6 
11 
12 
14 
15 
inputFileName = /Users/demattia/RemoteProjects/extracted_endcaps.root
eventsFractionStartBuild = 0
eventsFractionEndBuild = 0.2
eventsFractionStartTest = 0.8
eventsFractionEndTest = 1
var name = R
var name = z
par name = cotTheta
firstOrderChargeOverPtCoefficientsFileName = 
firstOrderCotThetaCoefficientsFileName = 
2 < pT < 10, pT regions = 1
0 < phi < 0.8, phi regions = 1
-3 < eta < 3, eta regions = 1
-15 < z0 < 15, eta regions = 1
charge regions = 1
endcap regions = 0
Training
Requested running from track number 0 to track number 1000000 for a total of 1000000 tracks.
Analyzed 10% of 1000000 tracks
Analyzed 20% of 1000000 tracks
Analyzed 30% of 1000000 tracks
Analyzed 40% of 1000000 tracks
Analyzed 50% of 1000000 tracks
Analyzed 60% of 1000000 tracks
Analyzed 70% of 1000000 tracks
Analyzed 80% of 1000000 tracks
Analyzed 90% of 1000000 tracks
Analyzed 100% of 1000000 tracks
Evaluating eigenvalues:
geomIndex = 0
Sqrt(eigenvalues) of cov:
 0.0594225 0.106632 0.387007 1.05683 1.18203 1.56266 1.91764 2.32002 2.98597 3.11394 6.39206 12.1918
Analyzed 10% of 1000000 tracks
Analyzed 20% of 1000000 tracks
Analyzed 30% of 1000000 tracks
Analyzed 40% of 1000000 tracks
Analyzed 50% of 1000000 tracks
Analyzed 60% of 1000000 tracks
Analyzed 70% of 1000000 tracks
Analyzed 80% of 1000000 tracks
Analyzed 90% of 1000000 tracks
Analyzed 100% of 1000000 tracks
opening GeometricIndex.txt for writing
Matrices built:
geomIndex = 0

V_0:
   -0.188461    0.0645924   -0.0297622    0.0104592      0.75314    -0.264429    -0.535133     0.188953  -0.00130231  -0.00461697    0.0020805  -0.00861948
    0.409762    -0.138367    -0.801867     0.273765      0.21269   -0.0699317     0.200251   -0.0649032  -0.00228066   -0.0201057  -0.00586298   -0.0112529
   -0.592128     0.169676   -0.0672165    0.0146689     0.298571   -0.0909235      0.62383    -0.204668    -0.171396    0.0312165     -0.22354    0.0841138
   -0.610117   -0.0496412    -0.492974   -0.0121331    -0.339703     0.182109    -0.305994    0.0732999     0.318706    -0.174992      0.02411    0.0421841
   -0.195747   -0.0392884    -0.151505   -0.0125912     -0.13074   -0.0663449   -0.0803164    -0.023138     -0.50091     0.470172     0.450772    -0.483093
   0.0255284   0.00744515     0.058111    0.0225197     0.203145     0.430688    -0.197957    -0.756999  -0.00284007    -0.250796    0.0110048    -0.305593
 -0.00310463   0.00253423   -0.0446137   -0.0391635     0.132014     0.510352  -0.00635645     0.174072    -0.477795    -0.192608     0.356661     0.543727
   0.0314759    0.0379283   -0.0420845   0.00678501    0.0986886     0.421223    -0.109151   -0.0672121      0.19892     0.787487    -0.278439     0.234351
-0.000267172    0.0273055    0.0525864    0.0846342     0.189343     0.505783     0.221679     0.548867     0.102841    -0.123351    -0.129344    -0.552033
    0.176077     0.505033    -0.274667    -0.740714   -0.0465254   0.00517435   -0.0580304    0.0250283    -0.153438    -0.055745    -0.221684   -0.0886531
  -0.0516932    -0.728445   -0.0164036    -0.259567   -0.0229578   0.00487036   -0.0989429    0.0277598    -0.361591   -0.0500814    -0.503707   -0.0310594
   0.0086455     0.394903  -0.00365017     0.546938    -0.242755   -0.0103502    -0.266169    0.0420602     -0.43058   -0.0771528    -0.470918  -0.00741503
corrPV_0:
0.000225315  0.00145179  -0.0194252  -0.0271605 -0.00977133   -0.017016   0.0228444   0.0868652  -0.0664275   0.0567486      1.1631     2.22505
D_0:
    0.133297   -0.0455664   -0.0863988    0.0296447    0.0406926   -0.0147614   -0.0906981    0.0314429 -0.000532965   0.00532906  0.000561243   0.00134471
opening matrixVD_0.txt for writing
