12
1

0.0594190453902286
0.1074940393958077
0.3876005914435383
 1.052522385726065
 1.176972538516148
 1.558209072348678
 1.918750401882551
  2.32433902737194
 2.977564011334976
 3.119053522867611
 6.387917579332234
 12.19509564027698

    0.1894774531260191   -0.06491684586096744    0.02758854632735283  -0.009665926312841201    -0.7523962288120726     0.2641825267490036     0.5358905748959418    -0.1893560691108396   0.001258994817866253   0.004492647607184176  -0.002246333870555877   0.008706500590818985
    0.4097546946262454    -0.1382627892098721    -0.8016211900350146     0.2739251676689095     0.2149467191779781   -0.07049401933336892     0.1986756657395181   -0.06445605534964116  -0.002519104229171091   -0.01969080216803978  -0.005807582332000031   -0.01127199591722216
   -0.5922546065799912     0.1697476157937327   -0.06764098018862098    0.01476300767044607     0.2988244912897128   -0.09085741839044872     0.6238040318789961    -0.2040409162400183    -0.1716412604020113    0.03168595939759413    -0.2232050582543868    0.08382390014427148
    0.6062553351529157    0.04840666930108913     0.4916922695976764    0.01328492353826415     0.3376346782626787    -0.1839415161257255     0.3039261481384952   -0.07709022782679506    -0.3239052208334749      0.184191131513409   -0.01805062731824955   -0.05348861153042065
   -0.2062484890919439   -0.04289311961473186    -0.1574442104359683   -0.00879433235853396    -0.1354634809018384   -0.06219626234263177   -0.08784853333739444   -0.03127718574978472    -0.4927884630396223     0.4653119513274898     0.4509273932923059    -0.4869806660593746
   0.02469212508964576   0.006021238170567003    0.05962409676990428    0.02679530065229264     0.2044224118224637     0.4336551644958104     -0.197609845358022    -0.7563651904650678   0.005910494621777875    -0.2524093312427355    0.00583300925814096    -0.3005300611849191
-0.0005656645254492531   0.004519201547223749   -0.04333479331018834   -0.04298395315901608     0.1307154852376494     0.5008245463012134  -0.004324207814440471     0.1731143679892506    -0.4868832926962867    -0.2053404834895832     0.3626811264704121     0.5362807385129318
    0.0316394452470863    0.04179864410931092   -0.04570291504868824    0.00065406392825742    0.09845539794751489     0.4271955127236706    -0.1104985992843974   -0.06279322475605903     0.1880435926529262     0.7849705651367758    -0.2719299771875089     0.2476593229701222
 -0.003759807054361117   -0.03971723859552585   -0.04620845943339331   -0.06901276463769196    -0.1883434464141861    -0.5075919586780661     -0.220172334996352    -0.5502502372204223   -0.09994836008249905     0.1201314154236962     0.1327056085547722     0.5523625441914528
     0.176043984251773     0.5037818423111167    -0.2749435007912767    -0.7420067019240943   -0.05106756719036848  -0.009776754046334163   -0.06296219280275996   0.008615911256080293    -0.1575836052933562   -0.05618593161436666    -0.2168430200029453   -0.08539436022589252
  -0.05159211017528557    -0.7303823599692102   -0.01595117623934937    -0.2618778811460168   -0.02094876439602284   0.006428013043851611   -0.09709555096824227    0.02813604362066795    -0.3589275919058116   -0.04973552307905157    -0.5019923657475904   -0.03235847571419649
   0.00845301326869091     0.3911983195941255  -0.003433099298504791     0.5458177611006848    -0.2428285170423498   -0.01075751686882763    -0.2664271045197335    0.04236467490027478    -0.4320582535056994   -0.07765624572314178    -0.4736389380640855    -0.0080842857833357

 22.6899951873633
64.97309903631107
35.43056454954612
102.2114047178686
45.41073799481573
130.9059526485102
 53.8786369172857
155.5655960561718
75.96920504101547
220.3289345235394
90.06644816643762
 261.761707773596

2.922584930639619

0
0
0
0
0
0
0
0
0
0
0
0

0

0
0
0
0
0
0
0
0
0
0
0
0

0

0
0
0
0
0
0
0
0
0
0
0
0

0

0
0
0
0
0
0
0
0
0
0
0
0

0

0
0
0
0
0
0
0
0
0
0
0
0

0

0
0
0
0
0
0
0
0
0
0
0
0

0

0
0
0
0
0
0
0
0
0
0
0
0

0

0
0
0
0
0
0
0
0
0
0
0
0

0

0
0
0
0
0
0
0
0
0
0
0
0

0

0
0
0
0
0
0
0
0
0
0
0
0

0

0
0
0
0
0
0
0
0
0
0
0
0

0

0
0
0
0
0
0
0
0
0
0
0
0

0

0
0
0
0
0
0
0
0
0
0
0
0

0

0
0
0
0
0
0
0
0
0
0
0
0

0

0
0
0
0
0
0
0
0
0
0
0
0

0

0
0
0
0
0
0
0
0
0
0
0
0

0

0
0
0
0
0
0
0
0
0
0
0
0

0

0
0
0
0
0
0
0
0
0
0
0
0

0

0
0
0
0
0
0
0
0
0
0
0
0

0

0
0
0
0
0
0
0
0
0
0
0
0

0

0
0
0
0
0
0
0
0
0
0
0
0

0

0
0
0
0
0
0
0
0
0
0
0
0

0

0
0
0
0
0
0
0
0
0
0
0
0

0

0
0
0
0
0
0
0
0
0
0
0
0

0

0
0
0
0
0
0
0
0
0
0
0
0

0

0
0
0
0
0
0
0
0
0
0
0
0

0

0
0
0
0
0
0
0
0
0
0
0
0

0

0
0
0
0
0
0
0
0
0
0
0
0

0

0
0
0
0
0
0
0
0
0
0
0
0

0

0
0
0
0
0
0
0
0
0
0
0
0

0

0
0
0
0
0
0
0
0
0
0
0
0

0

0
0
0
0
0
0
0
0
0
0
0
0

0

0
0
0
0
0
0
0
0
0
0
0
0

0

0
0
0
0
0
0
0
0
0
0
0
0

0

0
0
0
0
0
0
0
0
0
0
0
0

0

0
0
0
0
0
0
0
0
0
0
0
0

0

0
0
0
0
0
0
0
0
0
0
0
0

0

0
0
0
0
0
0
0
0
0
0
0
0

0

0
0
0
0
0
0
0
0
0
0
0
0

0

0
0
0
0
0
0
0
0
0
0
0
0

0

0
0
0
0
0
0
0
0
0
0
0
0

0

0
0
0
0
0
0
0
0
0
0
0
0

0

0
0
0
0
0
0
0
0
0
0
0
0

0

0
0
0
0
0
0
0
0
0
0
0
0

0

0
0
0
0
0
0
0
0
0
0
0
0

0

0
0
0
0
0
0
0
0
0
0
0
0

0

0
0
0
0
0
0
0
0
0
0
0
0

0

0
0
0
0
0
0
0
0
0
0
0
0

0

0
0
0
0
0
0
0
0
0
0
0
0

0

0
0
0
0
0
0
0
0
0
0
0
0

0

0
0
0
0
0
0
0
0
0
0
0
0

0

0
0
0
0
0
0
0
0
0
0
0
0

0

0
0
0
0
0
0
0
0
0
0
0
0

0

0
0
0
0
0
0
0
0
0
0
0
0

0

0
0
0
0
0
0
0
0
0
0
0
0

0

0
0
0
0
0
0
0
0
0
0
0
0

0

0
0
0
0
0
0
0
0
0
0
0
0

0

0
0
0
0
0
0
0
0
0
0
0
0

0

0
0
0
0
0
0
0
0
0
0
0
0

0

0
0
0
0
0
0
0
0
0
0
0
0

0

0
0
0
0
0
0
0
0
0
0
0
0

0

0
0
0
0
0
0
0
0
0
0
0
0

0

0
0
0
0
0
0
0
0
0
0
0
0

0

0
0
0
0
0
0
0
0
0
0
0
0

0

0
0
0
0
0
0
0
0
0
0
0
0

0

0
0
0
0
0
0
0
0
0
0
0
0

0

0
0
0
0
0
0
0
0
0
0
0
0

0

0
0
0
0
0
0
0
0
0
0
0
0

0

0
0
0
0
0
0
0
0
0
0
0
0

0

0
0
0
0
0
0
0
0
0
0
0
0

0

0
0
0
0
0
0
0
0
0
0
0
0

0

0
0
0
0
0
0
0
0
0
0
0
0

0

0
0
0
0
0
0
0
0
0
0
0
0

0

0
0
0
0
0
0
0
0
0
0
0
0

0

0
0
0
0
0
0
0
0
0
0
0
0

0

0
0
0
0
0
0
0
0
0
0
0
0

0

0
0
0
0
0
0
0
0
0
0
0
0

0

    0.1341281564102885   -0.04585959492050073   -0.08818503273285073    0.03023538437822109    0.04110963943217214   -0.01489980587261112   -0.09008397600267756    0.03119377801224264 -0.0005552389118527309   0.005272920115859855  0.0004954707578050518   0.001323095302477902

-0.0002236625710864328   0.001503670326138376   -0.01945079764174843    0.02663852055090134   -0.01035641522108569   -0.01697430075519838    0.02215101112554865    0.08796604104450273    0.06455086148950576    0.05718434516998513      1.157925783229151      2.243359971165705

cov:
  0.9486150114577659    2.930002835781835 -0.06677086500788056 -0.01778963826421946 -0.07414709847341408 -0.02674226135025916 -0.08672958584802201  -0.0544327251625231 -0.08205144160579247  0.01417462077653242 -0.08242474187692637  0.01220079659515264
   2.930002835781835    47.02997022228774   -1.030468111263046     35.9488198602829   -13.62617102263063  -0.5839115247827319   -12.82868455979617     1.83248094464322   -15.13458680019012   -3.200124997384513   -13.79294435929797 -0.03028509136866464
-0.06677086500788056   -1.030468111263046    1.103589246186262    1.921799988024083   0.5441544637527334  0.02778081373150616   0.6337861889087991 0.008307003771785447   0.8815889254850645 -0.02580365498854625   0.9984794949318613 -0.08657678970450439
-0.01778963826421946     35.9488198602829    1.921799988024083    52.51300106315365   -19.00272767733377    -0.61268914975668   -20.00525337822743    3.334507209223391   -29.95883373422047   -5.424230154785405   -31.66308997526869  -0.1302389878245882
-0.07414709847341408   -13.62617102263063   0.5441544637527334   -19.00272767733377    9.511571520892964    1.856851518352371    10.10185760152695   -0.996732579788115     15.9874147181806    2.850644412133677    17.35142200564045  -0.2445775501040368
-0.02674226135025916  -0.5839115247827319  0.02778081373150616    -0.61268914975668    1.856851518352371    4.714491426779789   0.8639934283697358    1.813991064594097   0.7151592087434435   0.6651683837878297  0.06464429469364154   -1.177508893423028
-0.08672958584802201   -12.82868455979617   0.6337861889087991   -20.00525337822743    10.10185760152695   0.8639934283697358    11.74351746842447  -0.3654171669577501    18.66069285867043    2.738044076752524    20.70162140806193  -0.5404781171552062
 -0.0544327251625231     1.83248094464322 0.008307003771785447    3.334507209223391   -0.996732579788115    1.813991064594097  -0.3654171669577501    4.519357333316352    -2.99056103878491   -1.107616135300724   -3.924530427746806   -1.957131044660343
-0.08205144160579247   -15.13458680019012   0.8815889254850645   -29.95883373422047     15.9874147181806   0.7151592087434435    18.66069285867043    -2.99056103878491    34.87027005718815    6.475355937543823     36.7793288642502   0.2703046884365192
 0.01417462077653242   -3.200124997384513 -0.02580365498854625   -5.424230154785405    2.850644412133677   0.6651683837878297    2.738044076752524   -1.107616135300724    6.475355937543823    5.132986005090514    5.603686220589317    1.298655909222819
-0.08242474187692637   -13.79294435929797   0.9984794949318613   -31.66308997526869    17.35142200564045  0.06464429469364154    20.70162140806193   -3.924530427746806     36.7793288642502    5.603686220589317    45.43278939487697    2.104351956440909
 0.01220079659515264 -0.03028509136866464 -0.08657678970450439  -0.1302389878245882  -0.2445775501040368   -1.177508893423028  -0.5404781171552062   -1.957131044660343   0.2703046884365192    1.298655909222819    2.104351956440909    4.770630317161982

cov.inverse():
   27.40007879997901   -9.012786591601772   -26.39138385004575    9.132642232666656   -33.72772714010254    11.95167460349695    33.52151695366305   -11.68873412968476   0.5498473155552738  -0.5494949802665398   0.4714453447434616  -0.2231150053085001
  -9.012786591601786    3.083968726633873    9.020579493599669   -3.114408996854324     11.6181278036022   -4.116113773113715   -11.51235483250427    4.020337366048431  -0.1873887803323876   0.1848835339910384  -0.1618815447147531  0.07773571785761971
   -26.3913838500488    9.020579493600678    56.10468168026752   -19.05614880835908   -20.75532062822632    6.925230028578134   -9.732429484617203    3.035707761120356   0.1835340872243287    1.406308696796329   0.4303967956675622    0.827650449803536
   9.132642232667635   -3.114408996854668   -19.05614880835909     6.58348443743543    7.195068748207393   -2.401545974381512    3.312248732032091   -1.037156138771918 -0.06150035622131434   -0.473635276006074  -0.1437526797865939  -0.2875222089380784
  -33.72772714009724    11.61812780360034   -20.75532062823614     7.19506874821074    165.0773136299762   -57.76793920925211   -109.1769135061463    38.68045411185449   -0.716616294109389   -1.266380583597287  -0.1151286122236001   -1.880043638194688
   11.95167460349507   -4.116113773113063    6.925230028581554   -2.401545974382692   -57.76793920925217    20.49451509971678    38.43077071539687   -13.72294158033113   0.2448323181511889   0.3678892705835154 0.006537706359508648   0.7076092743016722
   33.52151695366089   -11.51235483250349   -9.732429484610503    3.312248732029793   -109.1769135061512    38.43077071539854    87.45945901932031   -30.63967728821961  -0.6211470100136112   0.4983053481085797   -1.396342725219445     1.49764700105188
  -11.68873412968404    4.020337366048151    3.035707761117947    -1.03715613877111    38.68045411185611   -13.72294158033169   -30.63967728821954    11.07705399968021   0.1920827313647835  -0.1451818573646275   0.4565816732625146  -0.4216256651254587
  0.5498473155552001  -0.1873887803323628   0.1835340872242983  -0.0615003562213046  -0.7166162941090596   0.2448323181510734  -0.6211470100138413   0.1920827313648646   0.5461447881421916  -0.1956067694508526  0.05073503176564158  0.03110094223213271
 -0.5494949802666265   0.1848835339910686    1.406308696796423   -0.473635276006106   -1.266380583597179    0.367889270583477    0.498305348108468  -0.1451818573645886    -0.19560676945085   0.3866777654012644  0.05199225793037079 -0.07916746315285951
  0.4714453447433372  -0.1618815447147114   0.4303967956677526  -0.1437526797866598  -0.1151286122235762 0.006537706359499079    -1.39634272521954   0.4565816732625472  0.05073503176564007  0.05199225793037573   0.5469789516051732  -0.2318240455764684
 -0.2231150053085479  0.07773571785763665   0.8276504498035429  -0.2875222089380807   -1.880043638194518   0.7076092743016126    1.497647001051751  -0.4216256651254133  0.03110094223213696  -0.0791674631528623  -0.2318240455764708   0.4148712950901373

cov*(cov_.inverse()):
    0.9999999999999621   2.23712107866314e-14  7.751611852402363e-14  1.315137235224917e-14  1.431632590254139e-13 -3.565203687827534e-14 -1.414458827841969e-13  9.674205880827458e-14  9.483516402730707e-16 -1.974982677399595e-15  2.394785758585982e-15 -2.005340338229189e-15
 1.791622405988846e-14     0.9999999999999981 -3.611347332288517e-14 -6.081940506774686e-15 -1.686775719100808e-13  7.942257962412214e-14  3.943373405590478e-14  1.146478745273072e-14 -3.254015980280744e-15 -5.451368523257116e-16   -3.4555691641458e-15  2.251671071817896e-15
-4.758693439299577e-14 -1.975850039137583e-15      1.000000000000023  1.573741137406159e-14  1.205424648986764e-13  4.954370247389761e-15 -3.214095656289828e-14  6.362965709882928e-14  2.918672248330978e-15 -9.020562075079397e-16  6.557254739192331e-16  2.012279232133096e-16
  -8.7735374521003e-14 -5.014738624353754e-14 -2.062239268241228e-14     0.9999999999999802  -3.46306316956202e-13 -2.817190924986335e-14  9.287015600989434e-14  2.123995423986003e-14 -2.447694824603275e-15  2.366162821232365e-15  3.747002708109903e-16  4.239664175287317e-15
 1.763172940982827e-14 -2.552819067247469e-14  9.159339953157541e-15  4.830857935900212e-14     0.9999999999997273  1.512956426807932e-13  1.944000516118649e-13 -1.648681191568357e-14  2.048708425128609e-15 -1.214306433183765e-15  2.914335439641036e-15  1.942890293094024e-16
-4.218847493575595e-15   2.17881268582687e-15 -8.881784197001252e-16  1.998401444325282e-15  7.416289804496046e-14     0.9999999999999711  5.551115123125783e-15  2.459143999544722e-14 -1.387778780781446e-17 -6.522560269672795e-16  1.665334536937735e-16 -6.661338147750939e-16
 5.162537064506978e-15 -3.508998647205885e-14  6.761258219967203e-14  1.640354518883669e-14  2.702282841937631e-13  1.073585664812526e-13      1.000000000000016  6.902811655606911e-14  3.708838791638414e-15 -1.429412144204889e-15  2.414735078559715e-15 -4.191091917959966e-15
-1.387778780781446e-15  -5.10702591327572e-15 -6.439293542825908e-15 -6.106226635438361e-15 -5.950795411990839e-14  1.398881011027697e-14  1.909583602355269e-14     0.9999999999999852 -6.800116025829084e-16  4.718447854656915e-16 -7.216449660063518e-16  2.220446049250313e-16
 4.796163466380676e-14  3.349751032111214e-14 -2.220446049250313e-16  1.668110094499298e-14   1.13464793116691e-13 -4.532485498032202e-14  9.786615962070755e-14 -3.524958103184872e-15      1.000000000000008 -3.885780586188048e-16  1.262878690511116e-15  1.068589661201713e-15
-3.219646771412954e-15  7.077671781985373e-15 -6.217248937900877e-15  7.827072323607354e-15  3.641531520770513e-14  1.887379141862766e-15 -6.150635556423367e-14  2.176037128265307e-14  5.551115123125783e-16      0.999999999999999                      0 -5.551115123125783e-16
-5.956346527113965e-14  3.233524559220768e-14  2.500222251455853e-13 -9.658940314238862e-15  6.439293542825908e-14   8.37108160567368e-14 -5.684341886080801e-14  7.294165271787278e-14  7.854827899222983e-15 -4.996003610813204e-16      1.000000000000005  6.328271240363392e-15
-8.881784197001252e-16  6.106226635438361e-16 -8.881784197001252e-16                      0 -3.552713678800501e-15 -4.440892098500626e-16  3.552713678800501e-15 -6.661338147750939e-15 -4.996003610813204e-16 -2.220446049250313e-16 -6.661338147750939e-16                      1
