5 
6 
7 
8 
9 
inputFileName = /Users/demattia/RemoteProjects/extracted_hybrid.root
eventsFractionStartBuild = 0
eventsFractionEndBuild = 0.2
eventsFractionStartTest = 0.8
eventsFractionEndTest = 1
var name = R
var name = z
par name = cotTheta
firstOrderChargeOverPtCoefficientsFileName = 
firstOrderCotThetaCoefficientsFileName = 
pT > 2, pT regions = 1
0 < phi < 0.8, phi regions = 1
-3 < eta < 3, eta regions = 1
-15 < z0 < 15, eta regions = 1
charge regions = 1
endcap regions = 0
Training
Requested running from track number 0 to track number 1000000 for a total of 1000000 tracks.
Analyzed 10% of 1000000 tracks
Analyzed 20% of 1000000 tracks
Analyzed 30% of 1000000 tracks
Analyzed 40% of 1000000 tracks
Analyzed 50% of 1000000 tracks
Analyzed 60% of 1000000 tracks
Analyzed 70% of 1000000 tracks
Analyzed 80% of 1000000 tracks
Analyzed 90% of 1000000 tracks
Analyzed 100% of 1000000 tracks
Evaluating eigenvalues:
geomIndex = 0
Sqrt(eigenvalues) of cov:
 0.138499 0.297572 0.745018 0.984722 1.04546 1.43863 1.66509 1.87182 6.89751 24.9433
Analyzed 10% of 1000000 tracks
Analyzed 20% of 1000000 tracks
Analyzed 30% of 1000000 tracks
Analyzed 40% of 1000000 tracks
Analyzed 50% of 1000000 tracks
Analyzed 60% of 1000000 tracks
Analyzed 70% of 1000000 tracks
Analyzed 80% of 1000000 tracks
Analyzed 90% of 1000000 tracks
Analyzed 100% of 1000000 tracks
opening GeometricIndex.txt for writing
Matrices built:
geomIndex = 0

V_0:
  -0.329654    0.308902    0.596566   -0.559853   -0.258734    0.244094  -0.0035325  0.00300488 -0.00426647  0.00394949
   -0.37824    0.321407   0.0599597  -0.0490919    0.613107   -0.535637   -0.115351    0.104389   -0.186042     0.16126
   0.141183   -0.053003    0.112365  -0.0403091   0.0689125  -0.0394865   -0.750519    0.339848    0.484068   -0.208812
   0.748806   0.0191306    0.525018  -0.0129282    0.263558  -0.0514786   0.0405035 -0.00764786   -0.296407   0.0380066
 0.00184916  -0.0328616    0.202928   0.0355256    0.347872     0.01932    0.537781 -0.00833943    0.738707  -0.0109281
   0.367233    0.476181   -0.294722     -0.2877   -0.389923   -0.457902    0.129257   0.0940771    0.220308    0.181526
  -0.171551   -0.138587    0.473189    0.533153   -0.449914   -0.467164 -0.00779987  -0.0468217   0.0697149    0.124202
  0.0554619    0.128574  -0.0141195    0.038345   0.0860956    0.126336   -0.340215   -0.756933     0.20988    0.471811
  -0.015813   -0.674694 -0.00976297   -0.439764 -0.00739419   -0.170777  0.00602975    0.169522  0.00733693    0.541298
0.000620761    0.281646 0.000623711    0.345274 0.000611627    0.419388  0.00164635    0.510628 -0.00200366    0.604008
corrPV_0:
-0.000168538  -0.00515402   0.00184853    0.0152298   -0.0122439  -0.00931275  -0.00306124  -0.00449358     0.842149      3.06874
D_0:
  0.0353113  -0.0336379 -0.00173257   0.0016165  -0.0309278   0.0293356 -0.00116447  0.00112126 -0.00166983  0.00160479
opening matrixVD_0.txt for writing
