5 
6 
7 
8 
9 
inputFileName = /Users/demattia/RemoteProjects/extracted_hybrid.root
eventsFractionStartBuild = 0
eventsFractionEndBuild = 0.2
eventsFractionStartTest = 0.8
eventsFractionEndTest = 1
var name = R
var name = z
par name = cotTheta
firstOrderChargeOverPtCoefficientsFileName = 
firstOrderCotThetaCoefficientsFileName = 
2 < pT < 10, pT regions = 1
0 < phi < 0.8, phi regions = 1
-3 < eta < 3, eta regions = 1
-15 < z0 < 15, eta regions = 1
charge regions = 1
endcap regions = 0
Training
Requested running from track number 0 to track number 1000000 for a total of 1000000 tracks.
Analyzed 10% of 1000000 tracks
Analyzed 20% of 1000000 tracks
Analyzed 30% of 1000000 tracks
Analyzed 40% of 1000000 tracks
Analyzed 50% of 1000000 tracks
Analyzed 60% of 1000000 tracks
Analyzed 70% of 1000000 tracks
Analyzed 80% of 1000000 tracks
Analyzed 90% of 1000000 tracks
Analyzed 100% of 1000000 tracks
Evaluating eigenvalues:
geomIndex = 0
Sqrt(eigenvalues) of cov:
 0.137716 0.298042 0.73642 0.989886 1.06005 1.45681 1.64873 1.85236 6.89817 24.9778
Analyzed 10% of 1000000 tracks
Analyzed 20% of 1000000 tracks
Analyzed 30% of 1000000 tracks
Analyzed 40% of 1000000 tracks
Analyzed 50% of 1000000 tracks
Analyzed 60% of 1000000 tracks
Analyzed 70% of 1000000 tracks
Analyzed 80% of 1000000 tracks
Analyzed 90% of 1000000 tracks
Analyzed 100% of 1000000 tracks
opening GeometricIndex.txt for writing
Matrices built:
geomIndex = 0

V_0:
  -0.327993    0.307419    0.596315     -0.5594   -0.262003    0.246396 -0.00236165  0.00231377  -0.0037914  0.00332546
  -0.379588     0.32357   0.0618395  -0.0523799    0.611202   -0.534799   -0.112937    0.104341   -0.187947    0.161567
   0.172733  -0.0450111    0.131378   -0.043786   0.0806856  -0.0456271   -0.746319    0.332713    0.482204   -0.200393
   0.742084   0.0256576     0.49948  -0.0173358    0.239953  -0.0430667   0.0201973  -0.0350448   -0.367179   0.0546156
  0.0512777  -0.0363403    0.253131   0.0481021    0.360369  0.00971379    0.544915  -0.0176155     0.70884 -0.00229418
   0.363891     0.47558   -0.277168   -0.266597   -0.400176   -0.467548    0.126856   0.0587147    0.229588    0.206202
  -0.179189   -0.156728    0.482504    0.540567    -0.44297   -0.455181  -0.0171831  -0.0336427   0.0401054    0.108891
  0.0199603    0.107633 -0.00564628   0.0608554    0.086137    0.136386     -0.3413   -0.763455    0.201212     0.46736
  -0.015962   -0.674446  -0.0101279   -0.439816 -0.00711456    -0.17008  0.00563611    0.169482   0.0076208     0.54179
0.000694234    0.282114 0.000650492    0.345497 0.000598651     0.41944  0.00167958    0.510592 -0.00196574    0.603657
corrPV_0:
-0.00015455 -0.00515129  0.00197476   0.0160871  -0.0112598 -0.00970213 -0.00152463 -0.00518868     0.84163     3.06705
D_0:
  0.0351118  -0.0334389 -0.00147427  0.00141304  -0.0308624   0.0292754 -0.00122387  0.00115559 -0.00169612  0.00163312
opening matrixVD_0.txt for writing
