10
1

0.1377155855413176
0.2980415050679303
 0.736420289640535
0.9898864685820307
  1.06004653734463
 1.456813434552582
 1.648726374017243
 1.852363984551714
 6.898166823964011
 24.97778808463047

  -0.3279928673978043    0.3074192935262611    0.5963154606766488   -0.5594004668138766   -0.2620027886633735    0.2463964699811538 -0.002361649337803269  0.002313773235699612 -0.003791395680162742  0.003325460637433054
  -0.3795878944125872    0.3235704342654674   0.06183951603594552  -0.05237994757256195    0.6112020425940022   -0.5347986890094578   -0.1129371353384601    0.1043412927477471   -0.1879468676832335    0.1615670703250786
   0.1727328112815956   -0.0450110909686473    0.1313783510502587   -0.0437860298095958   0.08068556293543609  -0.04562710453126368   -0.7463187993405278    0.3327132399620946    0.4822038241840913   -0.2003934105163113
   0.7420841491014891    0.0256576365675454     0.499480492485726  -0.01733576764355043    0.2399531825712994  -0.04306667139536731   0.02019732122023502   -0.0350447768497061   -0.3671788521250971   0.05461560671197562
  0.05127766918731694  -0.03634026314361066    0.2531305361469047   0.04810208465684643    0.3603686173736976  0.009713788681899016    0.5449146793349204  -0.01761550281425742    0.7088396377054594 -0.002294184853803194
   0.3638906422668604     0.475580253807383      -0.2771684865644    -0.266596664263916   -0.4001756123080437   -0.4675476941402136    0.1268560263884623   0.05871468276941975    0.2295878159642075    0.2062015365925358
  -0.1791890677166461   -0.1567283627555916     0.482504297092341     0.540566969480077    -0.442969848987207   -0.4551806360567233  -0.01718307583180658  -0.03364268357815351   0.04010544909347345    0.1088908593970129
  0.01996026933052002    0.1076333093622269 -0.005646283252936958   0.06085535348400097    0.0861370330106658    0.1363859242475745   -0.3412999267952689   -0.7634551254275996    0.2012117732447364    0.4673597637244657
  -0.0159620087242728   -0.6744458381047567  -0.01012785633552518   -0.4398155746107492 -0.007114558663903338   -0.1700798521010933  0.005636109694042307    0.1694818069681139  0.007620804663234258    0.5417896402400428
0.0006942337984624217    0.2821137170764099 0.0006504924663662279    0.3454972639815441 0.0005986507099335963    0.4194397204731841  0.001679582286655254    0.5105917578117781 -0.001965735631824794    0.6036571215232491

22.68154961345891
22.24896385987992
35.56226751278422
35.73150174829044
50.57206909953437
51.46387130577811
68.36629681315441
70.21523882267154
88.46451383451976
91.39467154427783

1.045136151380345

  0.03511178951698974  -0.03343893453692603 -0.001474265358207887  0.001413041194088345  -0.03086235922830684   0.02927544997439317 -0.001223867710700327  0.001155593435372038 -0.001696122248629899  0.001633122066222459

-0.0001545496952288197   -0.00515128667579624   0.001974761059386045    0.01608711690146248   -0.01125981605709811  -0.009702128717679222   -0.00152463338849899  -0.005188677723331282     0.8416304029442032      3.067047798144102

cov:
   0.9556820375832755     1.084985127612362  -0.05719362940323768  0.009989027014064372    0.1021039898110634    0.1622966935681247    0.0594060645970657    0.1030010009514958 -0.009704975931445061  0.003501491911256456
    1.084985127612362     71.90029801586842  -0.04360598204327881     74.44237662319159    0.1557085686830552     79.04121197093549    0.1172640581075382     84.21531788578307   -0.3569801065533422     89.20595905140551
 -0.05719362940323768  -0.04360598204327881      1.13404832048324     1.212285074237882   -0.1175074363762901   -0.0941512186687698   0.01848011495143686   0.06380742759182255   -0.0356213956324638  0.009076116687346671
 0.009989027014064372     74.44237662319159     1.212285074237882     84.64537298060787   -0.1151442966401006     93.59707053589337    0.1231745683953047     106.2613638861398   -0.5781485073752772     118.9246578975288
   0.1021039898110634    0.1557085686830552   -0.1175074363762901   -0.1151442966401006     1.141713087340461     1.161278082491665 -0.002569045433790167  -0.09683760847055148   0.02449937747020509    -0.114171572089945
   0.1622966935681247     79.04121197093549   -0.0941512186687698     93.59707053589337     1.161278082491665     112.2578150281734    0.1584874856926519     131.8563434006067   -0.7391437928587445     153.4570612380851
   0.0594060645970657    0.1172640581075382   0.01848011495143686    0.1231745683953047 -0.002569045433790167    0.1584874856926519     1.075178687960047     1.344751520398769   0.05777412441392269    0.3601334942344291
   0.1030010009514958     84.21531788578307   0.06380742759182255     106.2613638861398  -0.09683760847055148     131.8563434006067     1.344751520398769     166.0902815870514   -0.9830436162185195     195.4211517140193
-0.009704975931445061   -0.3569801065533422   -0.0356213956324638   -0.5781485073752772   0.02449937747020509   -0.7391437928587445   0.05777412441392269   -0.9830436162185195     1.086283740625583   -0.1854216562100414
 0.003501491911256456     89.20595905140551  0.009076116687346671     118.9246578975288    -0.114171572089945     153.4570612380851    0.3601334942344291     195.4211517140193   -0.1854216562100414     242.2134690632455

cov.inverse():
   7.988103086567951   -6.603078629229508   -10.22469481784847    9.792443259112019    2.104238671083961   -2.071890648071381   0.3467998456858981   -0.399475742390718   0.8144626285508146  -0.7397835656322033
  -6.603078629229463    6.295961124836381    9.795155482102643   -9.339289503849232   -2.093902708510279    1.976542245521382  -0.3861875198212018   0.3785963205677764  -0.7632994784786113   0.7077524115726193
  -10.22469481784818    9.795155482102809    19.25769708792239   -17.50296894690799   -7.615856298524477    7.324143692898998  -0.2196880600877964     0.19173904573441  -0.1839207787451456   0.1873283084647245
   9.792443259112011   -9.339289503849402   -17.50296894690801    16.68294092949986    7.335948294903162   -6.974946859310665   0.1940235179917874  -0.1856602304211585   0.2031957175666675   -0.178875487020279
   2.104238671084146   -2.093902708510522   -7.615856298524883    7.335948294903481    8.161099820992311   -6.932092739807798  -0.7054849456451392   0.6964658811111325   -1.076450310816426    1.003601764731529
  -2.071890648071554    1.976542245521624    7.324143692899352   -6.974946859310982   -6.932092739807802    6.612261709120775   0.6772219422538264  -0.6626473306453838    1.014659037402381  -0.9616952453170852
  0.3467998456859047  -0.3861875198212094  -0.2196880600877736   0.1940235179917674   -0.705484945645182   0.6772219422538673    1.477247943189135  -0.5204003833819668 -0.09454203909959939   0.0351735082566346
 -0.3994757423907285     0.37859632056778   0.1917390457343819  -0.1856602304211333   0.6964658811111751  -0.6626473306454247   -0.520400383381966   0.5014274722898091  0.03773447519956746 -0.03187892536370148
  0.8144626285507507  -0.7632994784785373  -0.1839207787450164   0.2031957175665469   -1.076450310816461    1.014659037402414 -0.09454203909961333  0.03773447519958087    1.449138506080647  -0.4912037362475435
 -0.7397835656321327    0.707752411572549   0.1873283084645868  -0.1788754870201633    1.003601764731564  -0.9616952453171185   0.0351735082566473  -0.0318789253637137  -0.4912037362475438   0.4663549153966161

cov*(cov_.inverse()):
     1.000000000000081 -3.846315627109576e-14 -4.676489230581726e-13  1.727244649391002e-13  6.165684282577466e-14 -7.317193725930871e-14  1.625761157642014e-15  6.282016465179729e-15 -1.291826888516479e-14  1.899305365760107e-15
 5.684341886080801e-14      1.000000000000043 -3.197442310920451e-14 -1.936228954946273e-13 -4.263256414560601e-14  4.263256414560601e-14  9.769962616701378e-15  5.329070518200751e-15                      0  7.105427357601002e-15
-3.240376716950877e-14 -1.126529425299339e-14     0.9999999999999237  1.431710652810558e-14   7.82585801717417e-14 -1.743744038051886e-14 -2.271945652443375e-15  1.549541744916283e-15 -2.242997454438012e-15  1.837505841928433e-14
 8.526512829121202e-14  -1.27897692436818e-13  6.750155989720952e-14      0.999999999999698 -4.263256414560601e-14   -1.4210854715202e-14  8.881784197001252e-16 -3.108624468950438e-15    1.4210854715202e-14  7.105427357601002e-15
  3.70536934468646e-15  4.593547764386585e-15  -2.72178113380761e-14  2.796374243274613e-15     0.9999999999999936  8.187894806610529e-16   7.32920668600201e-16  2.046973701652632e-16 -1.089406342913435e-15 -1.290634266126744e-15
 -1.27897692436818e-13  5.684341886080801e-14  1.811883976188255e-13 -3.410605131648481e-13 -2.842170943040401e-13      1.000000000000171 -1.243449787580175e-14 -2.664535259100376e-15    1.4210854715202e-14   -1.4210854715202e-14
  8.43769498715119e-15 -6.161737786669619e-15 -3.738676035425215e-14  1.713906794265085e-14  7.216449660063518e-15 -6.494804694057166e-15                      1 -2.289834988289385e-16 -7.771561172376096e-16  4.718447854656915e-16
                     0  -1.13686837721616e-13 -3.552713678800501e-14  -1.35003119794419e-13 -5.684341886080801e-14  -1.70530256582424e-13 -1.243449787580175e-14      1.000000000000018    1.4210854715202e-14    1.4210854715202e-14
 2.775557561562891e-17  1.554312234475219e-15  7.938094626069869e-15 -1.672273430841642e-15  -1.52655665885959e-15 -8.049116928532385e-16 -2.853620117981848e-16  2.862293735361732e-16                      1 -2.498001805406602e-16
 8.526512829121202e-14   1.13686837721616e-13  6.465938895416912e-13 -2.273736754432321e-13  -1.70530256582424e-13  8.526512829121202e-14                      0 -7.993605777301127e-15                      0      1.000000000000014
