10
1

0.1384990936479139
0.2975717812148614
0.7450182578883758
0.9847220161274441
 1.045458026732244
 1.438626254235952
  1.66508787943506
  1.87182106197242
 6.897514443828985
 24.94325579222584

  -0.3296543208498964    0.3089016855524311    0.5965663807228577   -0.5598533052659934   -0.2587342158449447      0.24409404710419 -0.003532503039065516  0.003004880096023918 -0.004266471269659404  0.003949486298852934
  -0.3782403474335073    0.3214068957179746    0.0599596593289077  -0.04909185390425262    0.6131070167906164   -0.5356372978497659   -0.1153508276475842    0.1043885162764702   -0.1860416567926592    0.1612602659506952
   0.1411833928696643  -0.05300295514817255    0.1123650730720703  -0.04030913921090356     0.068912547560757  -0.03948653667797686   -0.7505188687992365    0.3398476301666369    0.4840678732058366   -0.2088118391261251
   0.7488057699900738   0.01913057675832776    0.5250178933861214  -0.01292815939519838    0.2635575127268513  -0.05147859309633233    0.0405034849840594 -0.007647856214693142   -0.2964066116831346   0.03800663980892279
  0.00184915597199881  -0.03286156008905028    0.2029278371795441   0.03552558047981651    0.3478724900559726   0.01931995258842708     0.537781341690551 -0.008339425749849829    0.7387074206191662  -0.01092812170500421
   0.3672327009861726    0.4761811883598656   -0.2947221270712036   -0.2876997128672254   -0.3899228393081107   -0.4579018443217056    0.1292573160773353   0.09407711018061894    0.2203080608810163    0.1815264290768814
  -0.1715508758843798    -0.138586590194034     0.473188959081918    0.5331529808511679   -0.4499136509486663   -0.4671643392041379 -0.007799874999987709   -0.0468216704194017   0.06971488096833355     0.124201760780089
  0.05546190088487145    0.1285738856882558  -0.01411948359631116   0.03834499362097252   0.08609563472699014    0.1263363367988133   -0.3402153312163381   -0.7569333147896538    0.2098795107611529    0.4718111731733562
 -0.01581296504644258    -0.674693581337496 -0.009762965988090825    -0.439763981313282 -0.007394194924680038   -0.1707770436884957  0.006029751751577164    0.1695222058582276   0.00733693149650434    0.5412978913264445
0.0006207610864734724    0.2816464837102637 0.0006237111647076806    0.3452742562291838 0.0006116270981812383    0.4193876501788022  0.001646354429779478    0.5106280134408192 -0.002003657835056677    0.6040083636761457

22.68172859161353
 22.2777334216902
35.55989614161878
35.75652169227088
50.55781964888964
51.47042875237543
68.35972213646058
70.21304093284839
88.47116957363379
91.36201618370647

1.045356869482865

0
0
0
0
0
0
0
0
0
0

0

0
0
0
0
0
0
0
0
0
0

0

0
0
0
0
0
0
0
0
0
0

0

0
0
0
0
0
0
0
0
0
0

0

0
0
0
0
0
0
0
0
0
0

0

0
0
0
0
0
0
0
0
0
0

0

0
0
0
0
0
0
0
0
0
0

0

0
0
0
0
0
0
0
0
0
0

0

0
0
0
0
0
0
0
0
0
0

0

0
0
0
0
0
0
0
0
0
0

0

0
0
0
0
0
0
0
0
0
0

0

0
0
0
0
0
0
0
0
0
0

0

0
0
0
0
0
0
0
0
0
0

0

0
0
0
0
0
0
0
0
0
0

0

0
0
0
0
0
0
0
0
0
0

0

0
0
0
0
0
0
0
0
0
0

0

0
0
0
0
0
0
0
0
0
0

0

0
0
0
0
0
0
0
0
0
0

0

0
0
0
0
0
0
0
0
0
0

0

0
0
0
0
0
0
0
0
0
0

0

0
0
0
0
0
0
0
0
0
0

0

0
0
0
0
0
0
0
0
0
0

0

0
0
0
0
0
0
0
0
0
0

0

0
0
0
0
0
0
0
0
0
0

0

0
0
0
0
0
0
0
0
0
0

0

0
0
0
0
0
0
0
0
0
0

0

0
0
0
0
0
0
0
0
0
0

0

0
0
0
0
0
0
0
0
0
0

0

0
0
0
0
0
0
0
0
0
0

0

0
0
0
0
0
0
0
0
0
0

0

0
0
0
0
0
0
0
0
0
0

0

0
0
0
0
0
0
0
0
0
0

0

0
0
0
0
0
0
0
0
0
0

0

0
0
0
0
0
0
0
0
0
0

0

0
0
0
0
0
0
0
0
0
0

0

0
0
0
0
0
0
0
0
0
0

0

0
0
0
0
0
0
0
0
0
0

0

0
0
0
0
0
0
0
0
0
0

0

0
0
0
0
0
0
0
0
0
0

0

0
0
0
0
0
0
0
0
0
0

0

0
0
0
0
0
0
0
0
0
0

0

0
0
0
0
0
0
0
0
0
0

0

0
0
0
0
0
0
0
0
0
0

0

0
0
0
0
0
0
0
0
0
0

0

0
0
0
0
0
0
0
0
0
0

0

0
0
0
0
0
0
0
0
0
0

0

0
0
0
0
0
0
0
0
0
0

0

0
0
0
0
0
0
0
0
0
0

0

0
0
0
0
0
0
0
0
0
0

0

0
0
0
0
0
0
0
0
0
0

0

0
0
0
0
0
0
0
0
0
0

0

0
0
0
0
0
0
0
0
0
0

0

0
0
0
0
0
0
0
0
0
0

0

0
0
0
0
0
0
0
0
0
0

0

0
0
0
0
0
0
0
0
0
0

0

0
0
0
0
0
0
0
0
0
0

0

0
0
0
0
0
0
0
0
0
0

0

0
0
0
0
0
0
0
0
0
0

0

0
0
0
0
0
0
0
0
0
0

0

0
0
0
0
0
0
0
0
0
0

0

0
0
0
0
0
0
0
0
0
0

0

0
0
0
0
0
0
0
0
0
0

0

0
0
0
0
0
0
0
0
0
0

0

0
0
0
0
0
0
0
0
0
0

0

0
0
0
0
0
0
0
0
0
0

0

0
0
0
0
0
0
0
0
0
0

0

0
0
0
0
0
0
0
0
0
0

0

0
0
0
0
0
0
0
0
0
0

0

0
0
0
0
0
0
0
0
0
0

0

0
0
0
0
0
0
0
0
0
0

0

0
0
0
0
0
0
0
0
0
0

0

0
0
0
0
0
0
0
0
0
0

0

0
0
0
0
0
0
0
0
0
0

0

0
0
0
0
0
0
0
0
0
0

0

0
0
0
0
0
0
0
0
0
0

0

0
0
0
0
0
0
0
0
0
0

0

0
0
0
0
0
0
0
0
0
0

0

  0.03531130377502506  -0.03363789560761354 -0.001732567945496974  0.001616502911538472  -0.03092781065353029   0.02933562587447694 -0.001164474581648426  0.001121260387307753 -0.001669825689668411  0.001604792898002424

-0.0001685377075170704  -0.005154023457789534   0.001848529319341288    0.01522980650764397   -0.01224388949953466  -0.009312746730831864  -0.003061238506809982  -0.004493581112714255     0.8421491023592911      3.068739221291976

cov:
    0.9531482625484896      1.066127792995744   -0.05957043215248967  -0.007893788180032864     0.1187371189780013     0.1651367429630679   0.007507282492419729    0.03390874341061434 -0.0007605010273429968   0.002415085829245471
     1.066127792995744      71.60469454967908   -0.05157070522422685      74.14254059030958     0.1781833598983855      78.74229217343357    0.07227592423178307      83.79915948915882    -0.3533224459188115        88.821351355069
  -0.05957043215248967   -0.05157070522422685        1.1324826477365      1.203410315360647     -0.137072966192577    -0.1221970766951748    0.01802958007191622    0.05408694704192189   -0.01539220646087587    0.01664476598336109
 -0.007893788180032864      74.14254059030958      1.203410315360647      84.34509228927907    -0.1264449424344312      93.26604777134241     0.1310143605082621      105.9100441061211    -0.5614336300442944      118.5686534071857
    0.1187371189780013     0.1781833598983855     -0.137072966192577    -0.1264449424344312      1.141522392208629       1.17243123621509   -0.01883008005897623   -0.09764560179435523   0.008772144102340252    -0.1133649301007226
    0.1651367429630679      78.74229217343357    -0.1221970766951748      93.26604777134241       1.17243123621509      111.9431732700915     0.1488393611045279      131.4844383852184    -0.7600124479346843       153.075947506415
  0.007507282492419729    0.07227592423178307    0.01802958007191622     0.1310143605082621   -0.01883008005897623     0.1488393611045279      1.075224225467047       1.35228593819672    0.03010994653089602      0.337847787447093
   0.03390874341061434      83.79915948915882    0.05408694704192189      105.9100441061211   -0.09764560179435523      131.4844383852184       1.35228593819672      165.6884337146916      -1.01509463965508      194.9861782149524
-0.0007605010273429968    -0.3533224459188115   -0.01539220646087587    -0.5614336300442944   0.008772144102340252    -0.7600124479346843    0.03010994653089602      -1.01509463965508      1.088068718448362    -0.1887992885050001
  0.002415085829245471        88.821351355069    0.01664476598336109      118.5686534071857    -0.1133649301007226       153.075947506415      0.337847787447093      194.9861782149524    -0.1887992885050001      241.8411952859569

cov.inverse():
    7.97179575509284   -6.585002556791847   -10.15591532072591    9.727656714172689    2.009253389778061   -2.006959066471353   0.4127491468556271  -0.4094641726490218   0.8015891807572534  -0.7486725094973115
  -6.585002556791901    6.278408927009142     9.72626395135282   -9.276431910891265   -2.016984913715045    1.914037145276382  -0.4017179309491419   0.3889726517763108  -0.7634649240179632   0.7154152076772772
   -10.1559153207255    9.726263951352543    19.06148331747229   -17.32152611687312   -7.431930563165278    7.181426924599335  -0.2364967253369606   0.2088758734469219  -0.2043239250955816    0.201638668049417
   9.727656714172406   -9.276431910890981   -17.32152611687312    16.51876210635503    7.183093417214529   -6.846071849305118   0.2152499238933888  -0.2020734535926363   0.2054825048835101  -0.1912266913856921
   2.009253389777781   -2.016984913714659   -7.431930563164761    7.183093417214042    8.074518013259372   -6.848686179278368  -0.6934887485090964   0.6909569976804693   -1.063604217967868     1.00136528323692
  -2.006959066470911    1.914037145275997    7.181426924598799   -6.846071849304631   -6.848686179278366    6.537594412934483   0.6739878905791115   -0.657614765856924    1.012491721324171  -0.9581831129966361
  0.4127491468556564  -0.4017179309491465  -0.2364967253369943   0.2152499238934157  -0.6934887485090672   0.6739878905790824    1.473164116716315  -0.5209595260730638 -0.06712822398922426  0.03300410089616516
 -0.4094641726490232   0.3889726517763139   0.2088758734469508   -0.202073453592661   0.6909569976804414  -0.6576147658568958  -0.5209595260730639   0.5013542598179062  0.03661739555945168  -0.0306932245433646
  0.8015891807573862  -0.7634649240180762  -0.2043239250957916   0.2054825048837106   -1.063604217967786    1.012491721324091 -0.06712822398921661  0.03661739555944406    1.441632051846802  -0.4900077725490737
 -0.7486725094974265   0.7154152076773828   0.2016386680496071  -0.1912266913858792    1.001365283236844  -0.9581831129965617  0.03300410089615796 -0.03069322454335753  -0.4900077725490736   0.4664101837375907

cov*(cov_.inverse()):
    0.9999999999998814  4.686138629916847e-14 -1.191498614182274e-13 -1.010991420788421e-14 -1.166323981838246e-13 -3.870905332381547e-14 -2.354284031180071e-14 -1.772399501470678e-15 -1.334284245591011e-14  3.373169799036901e-15
   1.4210854715202e-14     0.9999999999999289 -8.526512829121202e-14  5.684341886080801e-14   1.27897692436818e-13   -1.4210854715202e-14 -6.217248937900877e-15 -1.332267629550188e-15 -7.105427357601002e-15 -7.105427357601002e-15
-1.764040302720815e-14  1.945839323003185e-14       1.00000000000005  3.076965765513862e-15  1.748601263784622e-15  3.240810397819871e-14  7.429061706087925e-15 -3.029694550793494e-15  5.152128723651117e-16  6.974455735164753e-15
 2.842170943040401e-14 -1.989519660128281e-13   1.70530256582424e-13     0.9999999999999609  2.700062395888381e-13                      0  1.199040866595169e-14  1.509903313490213e-14   -1.4210854715202e-14  2.131628207280301e-14
 8.854028621385623e-15 -1.670885652060861e-14 -4.720182578132892e-14  2.718658631550852e-14      0.999999999999989  -1.16157083951407e-14 -1.573827873579958e-15 -1.763346413330424e-15  9.575673587391975e-16 -2.851885394505871e-15
-7.105427357601002e-14  -1.70530256582424e-13  1.669775429036235e-13 -2.771116669464391e-13  1.989519660128281e-13      1.000000000000028  1.154631945610163e-14  3.552713678800501e-15   -1.4210854715202e-14                      0
                     0 -1.054711873393899e-15 -2.386979502944087e-15  2.109423746787797e-15 -1.110223024625157e-16  1.110223024625157e-16     0.9999999999999996  6.765421556309548e-17  2.220446049250313e-16                      0
 1.989519660128281e-13 -2.842170943040401e-13 -4.973799150320701e-14  2.131628207280301e-13  2.273736754432321e-13 -2.842170943040401e-14  3.197442310920451e-14     0.9999999999999742                      0  2.842170943040401e-14
 5.551115123125783e-17 -7.216449660063518e-16 -1.686151218649456e-15  9.853229343548264e-16 -1.498801083243961e-15 -1.942890293094024e-16  2.949029909160572e-17 -2.619432448724979e-16     0.9999999999999998 -3.885780586188048e-16
 -1.70530256582424e-13 -2.842170943040401e-14  5.968558980384842e-13 -2.273736754432321e-13  5.684341886080801e-14   1.13686837721616e-13  2.220446049250313e-14 -6.217248937900877e-15    1.4210854715202e-14      1.000000000000014
