5
2

0.0007350597954335999
 0.002410804149774626
  0.00269971647061029
  0.09121710369515243
   0.5716742398243696

 -0.1831926542365524   0.7734120466821671  -0.6065320816948405 -0.00324008728712391   0.0195599895184955
  -0.463836586135343   0.3768142771900166   0.6222937731630931  -0.5046601732394129 -0.03058089757484168
 -0.3055999827595275   0.1065474352741769   0.2035426581381443   0.6511503439126308     -0.6556141475856
 -0.7091080633052488   -0.254010223017637  -0.0929783268194118   0.3128272254877315   0.5710855617974602
  0.3937898905367349   0.4289187069733523   0.4413555378799341   0.4727049481404319   0.4926597061924591

0.3994113662582502
0.3994666290745438
0.3994272620624759
0.3993141597474951
0.3992562761632996

0.0008049706706679379
   0.3996966294908658

0
0
0
0
0

0
0

0
0
0
0
0

0
0

0
0
0
0
0

0
0

0
0
0
0
0

0
0

0
0
0
0
0

0
0

0
0
0
0
0

0
0

0
0
0
0
0

0
0

0
0
0
0
0

0
0

0
0
0
0
0

0
0

0
0
0
0
0

0
0

0
0
0
0
0

0
0

0
0
0
0
0

0
0

0
0
0
0
0

0
0

0
0
0
0
0

0
0

0
0
0
0
0

0
0

0
0
0
0
0

0
0

0
0
0
0
0

0
0

0
0
0
0
0

0
0

0
0
0
0
0

0
0

0
0
0
0
0

0
0

0
0
0
0
0

0
0

0
0
0
0
0

0
0

0
0
0
0
0

0
0

0
0
0
0
0

0
0

0
0
0
0
0

0
0

0
0
0
0
0

0
0

0
0
0
0
0

0
0

0
0
0
0
0

0
0

0
0
0
0
0

0
0

0
0
0
0
0

0
0

0
0
0
0
0

0
0

0
0
0
0
0

0
0

0
0
0
0
0

0
0

0
0
0
0
0

0
0

0
0
0
0
0

0
0

0
0
0
0
0

0
0

0
0
0
0
0

0
0

0
0
0
0
0

0
0

0
0
0
0
0

0
0

0
0
0
0
0

0
0

0
0
0
0
0

0
0

0
0
0
0
0

0
0

0
0
0
0
0

0
0

0
0
0
0
0

0
0

0
0
0
0
0

0
0

0
0
0
0
0

0
0

0
0
0
0
0

0
0

0
0
0
0
0

0
0

0
0
0
0
0

0
0

0
0
0
0
0

0
0

0
0
0
0
0

0
0

0
0
0
0
0

0
0

0
0
0
0
0

0
0

0
0
0
0
0

0
0

0
0
0
0
0

0
0

0
0
0
0
0

0
0

0
0
0
0
0

0
0

0
0
0
0
0

0
0

0
0
0
0
0

0
0

0
0
0
0
0

0
0

0
0
0
0
0

0
0

0
0
0
0
0

0
0

0
0
0
0
0

0
0

0
0
0
0
0

0
0

0
0
0
0
0

0
0

0
0
0
0
0

0
0

0
0
0
0
0

0
0

0
0
0
0
0

0
0

0
0
0
0
0

0
0

0
0
0
0
0

0
0

0
0
0
0
0

0
0

0
0
0
0
0

0
0

0
0
0
0
0

0
0

0
0
0
0
0

0
0

0
0
0
0
0

0
0

0
0
0
0
0

0
0

0
0
0
0
0

0
0

  -3.120312067113832    9.907733719028389  -0.5495726327546236   -2.623513913580195     -3.6155581805001
  0.6248677947133939    1.205049614476464 -0.05026231098278169  -0.3274818167496696  -0.4523187414322412

4.595627305233535e-06  3.64599522306359e-05  1.86545344560926e-05  -0.02611348277884128  -0.07944125073177263
4.539860960788774e-07 1.813713185713734e-06 7.661276126834526e-08 -0.009196534736647825     0.118668468083459

cov:
0.05486461737361133 0.05669708544284133 0.05734678611163985 0.05898895680895925 0.06003489584990115
0.05669708544284133 0.06066199446993619 0.06206502812906343 0.06559990723831358 0.06785127830653417
0.05734678611163985 0.06206502812906343 0.06373582166081178 0.06794010811339769 0.07061835486534723
0.05898895680895925 0.06559990723831358 0.06794010811339769 0.07384483278639421 0.07759217895083476
0.06003489584990115 0.06785127830653417 0.07061835486534723 0.07759217895083476 0.08203837095312244

cov.inverse():
 112003.2243543381  -296742.447579522  147454.8629019823   14045.6466755259  23250.09991779914
-296742.4475796312  1133069.990050135 -824874.3895174161 -27847.10152017772  16414.81085085185
 147454.8629020875 -824874.3895174875  753182.3700382117 -32215.65109138056 -43546.36550532873
 14045.64667560306 -27847.10152053061 -32215.65109109099  102025.6992282942 -56012.17427607369
 23250.09991772598    16414.810851167 -43546.36550558454 -56012.17427605986  59882.90672614532

cov*(cov_.inverse()):
     1.000000000000682  9.322320693172514e-12                      0  9.094947017729282e-13                      0
 6.821210263296962e-13     0.9999999999931788  4.547473508864641e-13  9.094947017729282e-13                      0
 1.591615728102624e-12  2.046363078989089e-12      1.000000000001364  4.547473508864641e-13                      0
 2.046363078989089e-12 -4.774847184307873e-12  8.640199666842818e-12                      1                      0
                     0                      0 -1.364242052659392e-12                      0                      1
