5 
6 
11 
12 
13 
inputFileName = /Users/demattia/RemoteProjects/extracted_endcaps.root
eventsFractionStartBuild = 0
eventsFractionEndBuild = 0.2
eventsFractionStartTest = 0.8
eventsFractionEndTest = 1
var name = R
var name = z
par name = cotTheta
firstOrderChargeOverPtCoefficientsFileName = 
firstOrderCotThetaCoefficientsFileName = 
2 < pT < 10, pT regions = 1
0 < phi < 0.8, phi regions = 1
-3 < eta < 3, eta regions = 1
-15 < z0 < 15, eta regions = 1
charge regions = 1
endcap regions = 0
Training
Requested running from track number 0 to track number 1000000 for a total of 1000000 tracks.
Analyzed 10% of 1000000 tracks
Analyzed 20% of 1000000 tracks
Analyzed 30% of 1000000 tracks
Analyzed 40% of 1000000 tracks
Analyzed 50% of 1000000 tracks
Analyzed 60% of 1000000 tracks
Analyzed 70% of 1000000 tracks
Analyzed 80% of 1000000 tracks
Analyzed 90% of 1000000 tracks
Analyzed 100% of 1000000 tracks
Evaluating eigenvalues:
geomIndex = 0
Sqrt(eigenvalues) of cov:
 0.0828157 0.440351 0.925207 0.954803 1.33117 1.42106 2.34942 2.73725 4.95769 10.3184
Analyzed 10% of 1000000 tracks
Analyzed 20% of 1000000 tracks
Analyzed 30% of 1000000 tracks
Analyzed 40% of 1000000 tracks
Analyzed 50% of 1000000 tracks
Analyzed 60% of 1000000 tracks
Analyzed 70% of 1000000 tracks
Analyzed 80% of 1000000 tracks
Analyzed 90% of 1000000 tracks
Analyzed 100% of 1000000 tracks
opening GeometricIndex.txt for writing
Matrices built:
geomIndex = 0

V_0:
   0.436899   -0.177992   -0.750974    0.305636    0.321423   -0.127575 -0.00657707   0.0169736  0.00309863  -0.0115828
   0.439924   -0.143295    -0.07066   0.0257383    -0.74056    0.314838    0.237843  -0.0425956    0.257126   -0.090709
-0.00061468  0.00580854  -0.0930905 -0.00193532  -0.0525403    0.253209  -0.0315453   -0.595134   -0.309066    0.688273
   0.753856 -0.00411098    0.548361  -0.0288575    0.234127   -0.118464   -0.210727  0.00850484  -0.0897621   0.0936366
 -0.0589181  -0.0445781   -0.117497  -0.0398799   -0.149166    0.146364   -0.675396     0.46657    0.289603     0.42161
  0.0390131     0.00566   0.0252501  0.00864471 -0.00632734  -0.0101579    0.557267    0.629757   -0.321995    0.432168
  -0.018746  -0.0334961  -0.0371676  -0.0275812   -0.392454   -0.885368  -0.0262792    -0.11464   0.0383456    0.207809
   0.195162    0.491994   -0.324956   -0.711727  -0.0815304  0.00194781  -0.0972142    0.050049   -0.265136   -0.137108
 -0.0604011   -0.594764 -0.00563465  -0.0594562   -0.207021   0.0256367   -0.281054   0.0911645   -0.665994   -0.254314
  0.0143727    0.590585   0.0150722    0.626556    -0.25469   0.0197514   -0.205298   0.0734884   -0.356975   -0.134044
corrPV_0:
0.000567555   0.0208823   0.0142895   0.0336817     0.02034  0.00570248    0.023234   0.0416974     0.76436    0.281314
D_0:
   0.109973  -0.0450504  -0.0544266   0.0222617  -0.0563266    0.021983  0.00064383 -0.00284397 -0.00108291  0.00213047
opening matrixVD_0.txt for writing
