5 
6 
11 
12 
13 
inputFileName = /Users/demattia/RemoteProjects/extracted_endcaps.root
eventsFractionStartBuild = 0
eventsFractionEndBuild = 0.2
eventsFractionStartTest = 0.8
eventsFractionEndTest = 1
var name = R
var name = z
par name = cotTheta
firstOrderChargeOverPtCoefficientsFileName = 
firstOrderCotThetaCoefficientsFileName = 
pT > 2, pT regions = 1
0 < phi < 0.8, phi regions = 1
-3 < eta < 3, eta regions = 1
-15 < z0 < 15, eta regions = 1
charge regions = 1
endcap regions = 0
Training
Requested running from track number 0 to track number 1000000 for a total of 1000000 tracks.
Analyzed 10% of 1000000 tracks
Analyzed 20% of 1000000 tracks
Analyzed 30% of 1000000 tracks
Analyzed 40% of 1000000 tracks
Analyzed 50% of 1000000 tracks
Analyzed 60% of 1000000 tracks
Analyzed 70% of 1000000 tracks
Analyzed 80% of 1000000 tracks
Analyzed 90% of 1000000 tracks
Analyzed 100% of 1000000 tracks
Evaluating eigenvalues:
geomIndex = 0
Sqrt(eigenvalues) of cov:
 0.0828082 0.438979 0.926142 0.954146 1.33002 1.42262 2.34196 2.73861 4.95434 10.3336
Analyzed 10% of 1000000 tracks
Analyzed 20% of 1000000 tracks
Analyzed 30% of 1000000 tracks
Analyzed 40% of 1000000 tracks
Analyzed 50% of 1000000 tracks
Analyzed 60% of 1000000 tracks
Analyzed 70% of 1000000 tracks
Analyzed 80% of 1000000 tracks
Analyzed 90% of 1000000 tracks
Analyzed 100% of 1000000 tracks
opening GeometricIndex.txt for writing
Matrices built:
geomIndex = 0

V_0:
   0.436466   -0.177919   -0.751165    0.305699    0.321582   -0.127553 -0.00659162   0.0166314  0.00283636   -0.011315
   0.440673   -0.143239   -0.070687   0.0256437   -0.740392     0.31456    0.237501  -0.0437537     0.25691  -0.0904686
   0.155514  0.00446711   0.0237727 -0.00631307 -0.00306154    0.223149  -0.0796501   -0.576157   -0.318173    0.697029
   0.736541 -0.00578656    0.555715  -0.0262645    0.240271   -0.169901   -0.205271    0.124547  -0.0199337  -0.0576411
 -0.0585061  -0.0443306   -0.117165  -0.0406132    -0.14789     0.14754   -0.673667    0.473496    0.290547    0.416115
  0.0484303  0.00613109   0.0308934  0.00597468 -0.00562953  -0.0165994    0.556483    0.630078    -0.32326    0.430292
 -0.0243636   -0.046032  -0.0316165  -0.0138763    -0.39159   -0.884671  -0.0297047   -0.116367   0.0447156    0.209014
   0.195949    0.490213   -0.324727   -0.712448  -0.0890594  -0.0161106  -0.0994654   0.0443563   -0.265404   -0.133321
 -0.0606793   -0.596442 -0.00514722  -0.0595317   -0.205238   0.0285218    -0.28037   0.0901278    -0.66534   -0.254283
  0.0137116    0.589577   0.0146106    0.626224   -0.255666   0.0190158   -0.205391    0.074238   -0.358227   -0.134501
corrPV_0:
0.000568822   0.0207686   0.0205269   0.0297367   0.0201337  0.00663063   0.0224737   0.0429057    0.763093    0.284134
D_0:
   0.110143  -0.0451212  -0.0545496   0.0223535  -0.0562218   0.0219568 0.000641014 -0.00282607 -0.00106671  0.00208548
opening matrixVD_0.txt for writing
