5
2

0.0002290375793666193
0.0008429674212049882
  0.00250473322081045
   0.1014813617654817
   0.5710951285264911

-0.3824539670408164  0.8043545174199719 -0.4540953390375853  0.0129253921938986  0.0193165913608107
-0.5711760699050872  0.1661648868129163  0.7623887216383951 -0.1562246752504247 -0.2012570881228857
0.08259782230081522 0.06281160972740374 0.04474278176123318 -0.7911651399219755  0.6010724634244387
-0.6021698220528243 -0.3851880601744362   -0.14012206114736  0.3473005825070137  0.5905673349229789
 0.3975625302044372  0.4160383403955003   0.436949369656253  0.4784002632127868  0.4990636937439386

0.4006025789039231
0.4004918598180867
0.4003238918677814
0.4000062956001602
0.3998101309903384

0.002266189726295219
  0.4010735484493574

  0.7333426308713944    7.532187992461374   -7.247291444937553  -0.3498575909873566   -0.667506919178076
   1.503196061903989   0.2724500163197491  -0.6806863686520315 -0.03676063894816733 -0.05805284122818763

 4.748320648599685e-07 -3.200188100018063e-06  5.332163391495895e-07   -0.02927971299285699   -0.07891885937696547
-2.531471622016236e-09 -9.343168991033898e-07  6.587856974880957e-07  -0.009905021323118738     0.1196904746340389

cov:
0.05528449098158452 0.05633422501161361 0.05752566633488232 0.05987760630612498 0.06104906636884283
0.05633422501161361 0.05798061770148405 0.05984592209157989 0.06353647629291594 0.06537585455804507
0.05752566633488232 0.05984592209157989 0.06247267860197347 0.06767576704701495 0.07026985277970346
0.05987760630612498 0.06353647629291594 0.06767576704701495 0.07589095126399624 0.07997824582533668
0.06104906636884283 0.06537585455804507 0.07026985277970346 0.07997824582533668 0.08482641080422111

cov.inverse():
 3248569.282579685 -5996973.040204762  2698434.988433686  20903.12121709457  28819.92961533301
-5996973.040190645  12372862.87452515  -6784023.84892852  153723.2401475107  255120.5834906149
 2698434.988412405 -6784023.848900677    4749077.0699418 -285144.6932150559 -378857.8828858033
 20903.12122439919  153723.2401330849  -285144.693207716  137315.8839151963 -26773.64407402644
   28819.929615196  255120.5834913095 -378857.8828865802 -26773.64407380702  121736.1513640319

cov*(cov_.inverse()):
     1.000000000085947 -1.418811734765768e-10  2.182787284255028e-11 -1.818989403545856e-12 -9.094947017729282e-13
 3.660716174636036e-11     0.9999999999017746  3.637978807091713e-12  1.591615728102624e-12                      0
 6.684786058031023e-11 -1.455191522836685e-10      1.000000000025466 -2.046363078989089e-12 -3.637978807091713e-12
 4.774847184307873e-11 -1.818989403545856e-11  1.455191522836685e-11     0.9999999999977263 -1.818989403545856e-12
 1.637090463191271e-11 -2.182787284255028e-11  6.912159733474255e-11                      0      1.000000000001819
