5
2

0.0002290309999755369
0.0008430413487836186
 0.002504961470341281
   0.1014821624677155
   0.5710956158895196

-0.3824640171285056  0.8043574727519271 -0.4540818906876871 0.01292362857543667 0.01931186174345983
-0.5711699287228517  0.1661504640925415  0.7623971839730225 -0.1562382893100092 -0.2012437989803747
0.08260777779087343 0.06280955912573545 0.04472772980922021 -0.7911621885880119  0.6010763145105831
-0.6021682595951884 -0.3851888629663571 -0.1401256181671296  0.3473008083793793  0.5905674276618189
 0.3975619829777689  0.4160379531233683  0.4369489807047203  0.4784005817571537  0.4990644877039699

0.4006026510771163
0.4004918834053064
0.4003239014578492
0.4000062915269104
0.3998101659181493

0.002266189726295219
  0.4010735484493574

0
0
0
0
0

0
0

0
0
0
0
0

0
0

0
0
0
0
0

0
0

0
0
0
0
0

0
0

0
0
0
0
0

0
0

0
0
0
0
0

0
0

0
0
0
0
0

0
0

0
0
0
0
0

0
0

0
0
0
0
0

0
0

0
0
0
0
0

0
0

0
0
0
0
0

0
0

0
0
0
0
0

0
0

0
0
0
0
0

0
0

0
0
0
0
0

0
0

0
0
0
0
0

0
0

0
0
0
0
0

0
0

0
0
0
0
0

0
0

0
0
0
0
0

0
0

0
0
0
0
0

0
0

0
0
0
0
0

0
0

0
0
0
0
0

0
0

0
0
0
0
0

0
0

0
0
0
0
0

0
0

0
0
0
0
0

0
0

0
0
0
0
0

0
0

0
0
0
0
0

0
0

0
0
0
0
0

0
0

0
0
0
0
0

0
0

0
0
0
0
0

0
0

0
0
0
0
0

0
0

0
0
0
0
0

0
0

0
0
0
0
0

0
0

0
0
0
0
0

0
0

0
0
0
0
0

0
0

0
0
0
0
0

0
0

0
0
0
0
0

0
0

0
0
0
0
0

0
0

0
0
0
0
0

0
0

0
0
0
0
0

0
0

0
0
0
0
0

0
0

0
0
0
0
0

0
0

0
0
0
0
0

0
0

0
0
0
0
0

0
0

0
0
0
0
0

0
0

0
0
0
0
0

0
0

0
0
0
0
0

0
0

0
0
0
0
0

0
0

0
0
0
0
0

0
0

0
0
0
0
0

0
0

0
0
0
0
0

0
0

0
0
0
0
0

0
0

0
0
0
0
0

0
0

0
0
0
0
0

0
0

0
0
0
0
0

0
0

0
0
0
0
0

0
0

0
0
0
0
0

0
0

0
0
0
0
0

0
0

0
0
0
0
0

0
0

0
0
0
0
0

0
0

0
0
0
0
0

0
0

0
0
0
0
0

0
0

0
0
0
0
0

0
0

0
0
0
0
0

0
0

0
0
0
0
0

0
0

0
0
0
0
0

0
0

0
0
0
0
0

0
0

0
0
0
0
0

0
0

0
0
0
0
0

0
0

0
0
0
0
0

0
0

0
0
0
0
0

0
0

0
0
0
0
0

0
0

0
0
0
0
0

0
0

0
0
0
0
0

0
0

0
0
0
0
0

0
0

0
0
0
0
0

0
0

0
0
0
0
0

0
0

0
0
0
0
0

0
0

  0.7328343369786022    7.533471675815363   -7.248186348614468  -0.3498382883257449  -0.6674056962629222
   1.503162935145484   0.2725284083248727  -0.6807382678472386 -0.03675771328394795 -0.05804878470838742

 4.748864423972025e-07  -3.20101354932898e-06    5.3420154320933e-07   -0.02927992543402744   -0.07891913572029845
-2.527324333476648e-09 -9.344876244202659e-07  6.590583075323042e-07  -0.009905126404609613     0.1196905059814896

cov:
0.05528447665622872 0.05633422909392055 0.05752566807678634 0.05987763819394864 0.06104914193132967
0.05633422909392055  0.0579806394367539 0.05984593936559042 0.06353654432760956 0.06537597265164539
0.05752566807678634 0.05984593936559042 0.06247268755381304 0.06767584717247299 0.07026998875302884
0.05987763819394864 0.06353654432760956 0.06767584717247299 0.07589119998080429 0.07997858895111423
0.06104914193132967 0.06537597265164539 0.07026998875302884 0.07997858895111423 0.08482686616563594

cov.inverse():
 3248785.714822321 -5997449.255538036  2698721.171491012  20896.34020949638  28801.39558402312
-5997449.255532728  12373648.40675357 -6784288.262201117  153716.4376880227  255080.3543893218
 2698721.171482517  -6784288.26218916  4748944.509375617 -285116.6630700925 -378774.0636582161
 20896.34021370089  153716.4376781578 -285116.6630637827  137296.2337469892 -26768.40138673502
 28801.39558300238  255080.3543925392 -378774.0636610625 -26768.40138608495   121705.797607487

cov*(cov_.inverse()):
     1.000000000002728  1.437001628801227e-10                      0  6.821210263296962e-13 -2.728484105318785e-12
-3.387867764104158e-11       1.00000000005457                      0 -1.591615728102624e-12                      0
-5.297806637827307e-11  9.458744898438454e-11       1.00000000001819 -2.273736754432321e-13  1.818989403545856e-12
-4.456524038687348e-11  4.001776687800884e-11  -2.91038304567337e-11     0.9999999999995453 -1.818989403545856e-12
-1.091393642127514e-11  3.274180926382542e-11  1.091393642127514e-11                      0      0.999999999998181
