6
1

 0.000522629276083397
 0.000823726689362684
0.0009562063776084056
 0.002611378184792329
  0.05884232316223816
   0.5985088028794674

0.005259710642492078  -0.1840459017618025   0.6706388193850645  -0.7013225912696679   0.1404529833424727  0.06901157777826673
 0.05035506260572448   -0.258260296591158  -0.1240308810316435  0.05784267608408918   0.7982993660028939  -0.5241704631967958
 -0.1414198442978073   0.7114992943058704  -0.3891596503495039  -0.5021182361996789   0.2570907404484448  0.06407477219840996
  0.6657703474747204  -0.3607323019560739  -0.4469493122855858  -0.2815749857668872  0.04292229686839628   0.3817480410142566
 -0.6201891671578613  -0.3241728547820198  -0.1436909617470851  0.06722051396309496   0.3149507338921334   0.6212227478111662
   0.386720017733946   0.3974690503668532   0.4037374156352271   0.4109441015112241   0.4193556301489162   0.4297998161889489

  0.40116319886622
0.4013321998931902
0.4013415826396014
 0.401347193668095
0.4013208039707818
0.4013267824633124

0.0001421900541967686

0.6273168006454175  -1.19385662261061  3.974301491391716  6.273231279824725 -3.560285708990566 -6.124073052420481

-6.647984087528219e-07  3.919999442526928e-07 -6.347648890627522e-06 -3.535841325495385e-05   -0.01757921587024196   -0.06252776789948034

cov:
0.05490638086087325 0.05575498990136218 0.05623553240334048 0.05678172848638295 0.05741639811100514  0.0582070541962818
0.05575498990136218 0.05695630930438286 0.05764564240578173 0.05843454457389548 0.05935363104701223 0.06049616830697687
0.05623553240334048 0.05764564240578173 0.05846320450114007 0.05939980076298713 0.06049189126870171 0.06184912849009384
0.05678172848638295 0.05843454457389548 0.05939980076298713  0.0605097570534712 0.06180453404967289  0.0634126582274476
0.05741639811100514 0.05935363104701223 0.06049189126870171 0.06180453404967289 0.06333895617094837 0.06524118836672781
 0.0582070541962818 0.06049616830697687 0.06184912849009384  0.0634126582274476 0.06524118836672781 0.06750928352220652

cov.inverse():
 90822.62057653991 -167917.9684264719  20291.24201968342  40948.66240091236  26318.62118685808 -10322.14790470839
-167917.9684266617  795087.6065586862 -683848.9266920896  74702.18263284049  -200728.202431144   182617.835715816
 20291.24202096398 -683848.9267009273  1864214.394641721 -1500352.019991135  86677.28089741569  212940.9618845667
 40948.66239926996  74702.18264296262 -1500352.019992732   2093033.19365551 -435527.3706256926 -272817.4014284953
 26318.62118721712  -200728.202428152  86677.28087821569 -435527.3706050969  1084026.282812801 -560734.3051139907
-10322.14790451512  182617.8357113475  212940.9618978085 -272817.4014422084 -560734.3051092442  448338.0220402785

cov*(cov_.inverse()):
     1.000000000001137                      0  1.818989403545856e-12  5.456968210637569e-12  3.637978807091713e-12                      0
-1.023181539494544e-12     0.9999999999909051  7.275957614183426e-12                      0 -1.455191522836685e-11                      0
 2.273736754432321e-13                      0      1.000000000003638  3.637978807091713e-12                      0 -3.637978807091713e-12
                     0                      0   -1.2732925824821e-11      1.000000000007276 -7.275957614183426e-12                      0
 1.023181539494544e-12 -7.275957614183426e-12  1.637090463191271e-11 -3.637978807091713e-12     0.9999999999854481  3.637978807091713e-12
-7.958078640513122e-13                      0  7.275957614183426e-12                      0                      0                      1
