6
1

0.0004695291822326599
0.0007563473660597972
0.0008607428667422974
  0.00234369755867598
  0.05328875864575629
   0.5908713105488714

0.005305528101937135   -0.186334098490652   0.6701767857122155  -0.7003089049835004   0.1467377398441881  0.06442052708499754
 0.05127675952780068   -0.249683529234073  -0.1359892019580166  0.05634320617839402   0.8003637500539356  -0.5222825641637951
 -0.1426333585787453   0.7147566320970725  -0.3867216961970275  -0.5030257188229945    0.247547217605471  0.07007505149974338
  0.6653129830441711  -0.3592562366085325  -0.4463402221131694  -0.2827980408987822  0.03999089101491626   0.3840572794185161
 -0.6177444426858177  -0.3214986314080591  -0.1409477198347676  0.06993236861126861    0.317614911012173   0.6240147481671097
  0.3908307926047929   0.3995425913501139   0.4046362427305618    0.410478670341332   0.4172862031021078   0.4257534570775416

0.4001978484650394
0.4003557816584459
0.4003552883839707
0.4003450312100187
0.4003034097757188
 0.400283391674835

0.000460934305729448

0
0
0
0
0
0

0

0
0
0
0
0
0

0

0
0
0
0
0
0

0

0
0
0
0
0
0

0

0
0
0
0
0
0

0

0
0
0
0
0
0

0

0
0
0
0
0
0

0

0
0
0
0
0
0

0

0
0
0
0
0
0

0

0
0
0
0
0
0

0

0
0
0
0
0
0

0

0
0
0
0
0
0

0

0
0
0
0
0
0

0

0
0
0
0
0
0

0

0
0
0
0
0
0

0

0
0
0
0
0
0

0

0
0
0
0
0
0

0

0
0
0
0
0
0

0

0
0
0
0
0
0

0

0
0
0
0
0
0

0

0
0
0
0
0
0

0

0
0
0
0
0
0

0

0
0
0
0
0
0

0

0
0
0
0
0
0

0

0
0
0
0
0
0

0

0
0
0
0
0
0

0

0
0
0
0
0
0

0

0
0
0
0
0
0

0

0
0
0
0
0
0

0

0
0
0
0
0
0

0

0
0
0
0
0
0

0

0
0
0
0
0
0

0

0
0
0
0
0
0

0

0
0
0
0
0
0

0

0
0
0
0
0
0

0

0
0
0
0
0
0

0

0
0
0
0
0
0

0

0
0
0
0
0
0

0

0
0
0
0
0
0

0

0
0
0
0
0
0

0

0
0
0
0
0
0

0

0
0
0
0
0
0

0

0
0
0
0
0
0

0

0
0
0
0
0
0

0

0
0
0
0
0
0

0

0
0
0
0
0
0

0

0
0
0
0
0
0

0

0
0
0
0
0
0

0

0
0
0
0
0
0

0

0
0
0
0
0
0

0

0
0
0
0
0
0

0

0
0
0
0
0
0

0

0
0
0
0
0
0

0

0
0
0
0
0
0

0

0
0
0
0
0
0

0

0
0
0
0
0
0

0

0
0
0
0
0
0

0

0
0
0
0
0
0

0

0
0
0
0
0
0

0

0
0
0
0
0
0

0

0
0
0
0
0
0

0

0
0
0
0
0
0

0

0
0
0
0
0
0

0

0
0
0
0
0
0

0

0
0
0
0
0
0

0

0
0
0
0
0
0

0

0
0
0
0
0
0

0

0
0
0
0
0
0

0

0
0
0
0
0
0

0

0
0
0
0
0
0

0

0
0
0
0
0
0

0

0
0
0
0
0
0

0

0
0
0
0
0
0

0

0
0
0
0
0
0

0

0
0
0
0
0
0

0

0
0
0
0
0
0

0

0
0
0
0
0
0

0

0.6427639695234084 -1.119812169464929  4.132166524542317  6.116358632567852 -3.950367294246428 -5.823570029293906

-4.975319975966921e-07 -1.426661409226233e-08  -5.15113874255346e-06 -2.822629867345046e-05   -0.01442683533967439   -0.04936000188078764

cov:
0.05441508705819764 0.05508029535460807 0.05545840513570326 0.05588629363051559 0.05638182117210785  0.0570009302322145
0.05508029535460807  0.0560275874751517 0.05657281233543222 0.05719490352530605 0.05791799488329599 0.05881879742222161
0.05545840513570326 0.05657281233543222 0.05722077516638938 0.05796114670142918  0.0588227746441464 0.05989560746104165
0.05588629363051559 0.05719490352530605 0.05796114670142918 0.05884030981944995 0.05986419557273807 0.06113798605964006
0.05638182117210785 0.05791799488329599  0.0588227746441464 0.05986419557273807 0.06107993094141986  0.0625892825407524
 0.0570009302322145 0.05881879742222161 0.05989560746104165 0.06113798605964006  0.0625892825407524 0.06439193328265824

cov.inverse():
 112902.3799464035 -207912.5808074255  24359.95555081421  50771.05984188151  32389.58381623566 -12372.79526883058
-207912.5808077176  979559.4008528432 -850967.3244372158  100518.1649558618  -237185.731476323  215923.2572044494
 24359.95554983067 -850967.3244306968  2307756.356937827 -1856742.385431245  123333.4450365683  252174.5051267932
 50771.05984343933  100518.1649458158 -1856742.385415394  2586255.997760268 -557425.0281991251 -323414.6210380788
 32389.58381677568 -237185.7314756174  123333.4450240379 -557425.0281842472  1300487.453561965 -661559.9101293873
-12372.79526965286  215923.2572069787   252174.505129008 -323414.6210455937 -661559.9101257942  529278.2237258267

cov*(cov_.inverse()):
    0.9999999999996589 -1.818989403545856e-12 -9.094947017729282e-12  2.182787284255028e-11  1.455191522836685e-11                      0
 7.958078640513122e-13      1.000000000010914  1.818989403545856e-12   2.91038304567337e-11  7.275957614183426e-12                      0
                     0  1.818989403545856e-12      0.999999999996362 -1.091393642127514e-11                      0  3.637978807091713e-12
 7.958078640513122e-13  3.637978807091713e-12    1.2732925824821e-11     0.9999999999745341                      0  7.275957614183426e-12
  1.70530256582424e-12  1.818989403545856e-12 -1.637090463191271e-11  3.637978807091713e-12                      1                      0
 2.273736754432321e-13                      0  5.456968210637569e-12  3.637978807091713e-12  7.275957614183426e-12      1.000000000007276
