6 
11 
12 
14 
15 
inputFileName = /Users/demattia/RemoteProjects/extracted_endcaps.root
eventsFractionStartBuild = 0
eventsFractionEndBuild = 0.2
eventsFractionStartTest = 0.8
eventsFractionEndTest = 1
var name = R
var name = z
par name = cotTheta
firstOrderChargeOverPtCoefficientsFileName = 
firstOrderCotThetaCoefficientsFileName = 
pT > 2, pT regions = 1
0 < phi < 0.8, phi regions = 1
-3 < eta < 3, eta regions = 1
-15 < z0 < 15, eta regions = 1
charge regions = 1
endcap regions = 0
Training
Requested running from track number 0 to track number 1000000 for a total of 1000000 tracks.
Analyzed 10% of 1000000 tracks
Analyzed 20% of 1000000 tracks
Analyzed 30% of 1000000 tracks
Analyzed 40% of 1000000 tracks
Analyzed 50% of 1000000 tracks
Analyzed 60% of 1000000 tracks
Analyzed 70% of 1000000 tracks
Analyzed 80% of 1000000 tracks
Analyzed 90% of 1000000 tracks
Analyzed 100% of 1000000 tracks
Evaluating eigenvalues:
geomIndex = 0
Sqrt(eigenvalues) of cov:
 0.0699738 0.262359 1.12252 1.26848 1.55854 1.91859 2.32971 2.97962 4.50382 11.4324
Analyzed 10% of 1000000 tracks
Analyzed 20% of 1000000 tracks
Analyzed 30% of 1000000 tracks
Analyzed 40% of 1000000 tracks
Analyzed 50% of 1000000 tracks
Analyzed 60% of 1000000 tracks
Analyzed 70% of 1000000 tracks
Analyzed 80% of 1000000 tracks
Analyzed 90% of 1000000 tracks
Analyzed 100% of 1000000 tracks
opening GeometricIndex.txt for writing
Matrices built:
geomIndex = 0

V_0:
   0.342472   -0.117873   -0.768565    0.268311    0.427091   -0.152738 -0.00178123   0.0126793  -0.0051362   0.0145201
   -0.60908     0.19486    0.123693  -0.0288292    0.696236   -0.230808   -0.108595  0.00556508   -0.150461   0.0493968
  -0.390036  -0.0231117   -0.243433    0.215145   -0.231965   0.0932451    0.578767   -0.431551   -0.237899    0.318567
  -0.576925  -0.0789188   -0.389557    0.120118   -0.314502   0.0322759   -0.168756      0.2544    0.389132   -0.387519
 -0.0804652  -0.0340066   -0.216469   -0.427462    0.187981    0.758951 -0.00516049    0.255693 0.000733459     0.29332
  0.0370845   0.0379059   -0.133741   -0.499285  0.00219357   -0.171708    0.486105    0.206186   -0.361985   -0.539151
-0.00929078   0.0470392    0.112753    0.419378  -0.0997679  -0.0699495    0.191464    0.786331   -0.266977     0.26079
  0.0686518    0.124186     0.19319    0.507709    0.224695    0.547684    0.110397   -0.114739   -0.118183   -0.543146
   -0.11879   -0.785033   0.0527586   0.0260435  -0.0341813   0.0337761   -0.317718  -0.0459281   -0.504911  -0.0764908
 0.00176694   -0.552148    0.255792   0.0113146    0.288406  -0.0466956    0.488506   0.0858495    0.545987   0.0101168
corrPV_0:
-0.0014307  -0.014087  -0.026564 -0.0509746  0.0140879 -0.0233027  0.0953027 -0.0662027   0.607382   -2.45304
D_0:
  0.0461156  -0.0161306    0.213641  -0.0760135   -0.261218   0.0909419 -0.00336046  0.00804852 -0.00189568  0.00247214
opening matrixVD_0.txt for writing
