6 
11 
12 
14 
15 
inputFileName = /Users/demattia/RemoteProjects/extracted_endcaps.root
eventsFractionStartBuild = 0
eventsFractionEndBuild = 0.2
eventsFractionStartTest = 0.8
eventsFractionEndTest = 1
var name = R
var name = z
par name = cotTheta
firstOrderChargeOverPtCoefficientsFileName = 
firstOrderCotThetaCoefficientsFileName = 
2 < pT < 10, pT regions = 1
0 < phi < 0.8, phi regions = 1
-3 < eta < 3, eta regions = 1
-15 < z0 < 15, eta regions = 1
charge regions = 1
endcap regions = 0
Training
Requested running from track number 0 to track number 1000000 for a total of 1000000 tracks.
Analyzed 10% of 1000000 tracks
Analyzed 20% of 1000000 tracks
Analyzed 30% of 1000000 tracks
Analyzed 40% of 1000000 tracks
Analyzed 50% of 1000000 tracks
Analyzed 60% of 1000000 tracks
Analyzed 70% of 1000000 tracks
Analyzed 80% of 1000000 tracks
Analyzed 90% of 1000000 tracks
Analyzed 100% of 1000000 tracks
Evaluating eigenvalues:
geomIndex = 0
Sqrt(eigenvalues) of cov:
 0.0696813 0.261907 1.13163 1.26527 1.56311 1.91744 2.32452 2.98745 4.50594 11.4154
Analyzed 10% of 1000000 tracks
Analyzed 20% of 1000000 tracks
Analyzed 30% of 1000000 tracks
Analyzed 40% of 1000000 tracks
Analyzed 50% of 1000000 tracks
Analyzed 60% of 1000000 tracks
Analyzed 70% of 1000000 tracks
Analyzed 80% of 1000000 tracks
Analyzed 90% of 1000000 tracks
Analyzed 100% of 1000000 tracks
opening GeometricIndex.txt for writing
Matrices built:
geomIndex = 0

V_0:
  -0.343583    0.118202    0.768719   -0.268424   -0.425934    0.152251  0.00174101  -0.0129052  0.00481499  -0.0143639
   0.608477    -0.19448   -0.122289   0.0287504   -0.696906    0.231522    0.108702 -0.00531211    0.150385  -0.0491057
  -0.387927  -0.0217442   -0.242001    0.214998   -0.233151   0.0839092    0.582787   -0.432846   -0.240315    0.313213
   0.577719   0.0803829    0.390302   -0.118658    0.314473  -0.0332372    0.167398   -0.253079   -0.388265    0.388001
 -0.0833824  -0.0316547   -0.217802    -0.42365    0.186338    0.760071  0.00288772    0.254508 -0.00259219    0.296495
  0.0409396   0.0362292   -0.133967   -0.509851  0.00535371   -0.172589     0.47736    0.192516   -0.356111   -0.545481
-0.00884553   0.0490671    0.111746    0.414095  -0.0990945  -0.0731112    0.202089    0.789075   -0.274072    0.244526
  0.0680444     0.12247    0.192487     0.50515    0.224735    0.546697    0.109545    -0.12049   -0.118907   -0.545988
  -0.118822   -0.784221   0.0517085     0.02482  -0.0348867   0.0346892   -0.318632  -0.0457653   -0.506219  -0.0727323
 0.00204136   -0.553668    0.256164   0.0110647    0.288714  -0.0463747     0.48813   0.0855132    0.544542  0.00948533
corrPV_0:
0.00139426  0.0141169 -0.0273643  0.0508017  0.0135029 -0.0236068  0.0934713 -0.0676606   0.610278   -2.43843
D_0:
  0.0481846  -0.0167656     0.21002  -0.0747163   -0.259644   0.0903288 -0.00336552  0.00817746 -0.00182636  0.00253534
opening matrixVD_0.txt for writing
