10
1

0.06968132613980921
  0.261906756106278
  1.131625215125095
  1.265273856286331
   1.56310893353632
  1.917435357229205
  2.324522410762631
  2.987452660280905
  4.505943915507145
  11.41544348139176

  -0.3435826065138873    0.1182018674546901    0.7687185737374478   -0.2684243041012744   -0.4259341345841007    0.1522514051262827  0.001741011176462441  -0.01290522902262737  0.004814990609477606  -0.01436387248312714
   0.6084769011523741   -0.1944800012496039   -0.1222888652597982   0.02875040099553165   -0.6969063432593877    0.2315220184753272     0.108702376098027 -0.005312109553202702    0.1503846652918386  -0.04910569017704468
  -0.3879273396006493  -0.02174418655416017   -0.2420012667088864    0.2149983978025193   -0.2331509138488694   0.08390920090364502    0.5827871892189408   -0.4328464061139797   -0.2403146962929587    0.3132131387926991
   0.5777190893578057   0.08038287668051024    0.3903022123542051   -0.1186582414922438    0.3144732270274406  -0.03323720359738447    0.1673977122432412   -0.2530793452947808   -0.3882650339761514     0.388000829609811
 -0.08338240033148425  -0.03165473765239431   -0.2178019669126292   -0.4236501798763008    0.1863382381426717    0.7600710178216189  0.002887722685586886    0.2545077278424426  -0.00259218685972869    0.2964946005677544
  0.04093960367216862   0.03622915704915479   -0.1339666066030644   -0.5098513806160297  0.005353707905224867   -0.1725892351267481    0.4773602939462026    0.1925158479619465   -0.3561112657179052   -0.5454812308739601
-0.008845531776747812   0.04906709784901761    0.1117458523064109    0.4140951937124601  -0.09909451677202054   -0.0731111624629245    0.2020886795804128    0.7890745829237512    -0.274072082494033    0.2445264974361537
  0.06804441335651999    0.1224700586925036    0.1924872945749551    0.5051499992726481    0.2247350666292215     0.546696815688443    0.1095448403352026   -0.1204901077444534   -0.1189065258216052   -0.5459882816955489
  -0.1188223786116406     -0.78422101321978   0.05170853094358612   0.02482002894642491  -0.03488674338058061    0.0346891626586124   -0.3186318262032123  -0.04576529072517179   -0.5062190451825898  -0.07273232896302396
 0.002041355635252973   -0.5536677378650305    0.2561635084056227   0.01106470946521575     0.288713773661794  -0.04637471636974387    0.4881296180542771   0.08551321354968916    0.5445424092323176  0.009485330463891235

35.43494919821554
102.2095985235101
45.40752026136878
130.9013190173062
53.86967679265617
155.5658051814484
75.92607154736879
220.3290556985393
89.99233239041182
261.7639806048649

2.92273437664411

   0.0481846235376623  -0.01676560977673412    0.2100196797270824  -0.07471627583653667    -0.259644131503749   0.09032883578916881 -0.003365520187264279   0.00817746359725997 -0.001826360472582399  0.002535341425334542

0.001394262650506643  0.01411694582808246 -0.02736431798477092  0.05080168790807945  0.01350291161238941 -0.02360675265436006  0.09347127928186209 -0.06766063591905237   0.6102775477526873   -2.438433219935881

cov:
    1.105100730802566     1.905424115143786     0.553973521729265   0.02471089781193788    0.6433205218362364 -0.004368443589523719    0.8965273313658655  -0.01984659643349788     1.020483795443708   -0.1065431670632605
    1.905424115143786     52.60146797409817    -19.00739802963824   -0.5885183213617056    -20.01345864135106     3.280370098673681    -29.90448523050282     -5.37804623417649    -31.52348752345819   -0.1119702901761354
    0.553973521729265    -19.00739802963824     9.508158628754838     1.847810379722646     10.09845717396943   -0.9842055573606329      15.9565094610056     2.821690901652972     17.28369816829771   -0.2934268127560672
  0.02471089781193788   -0.5885183213617056     1.847810379722646     4.708807846655918    0.8625112160521908     1.818190904812169    0.7203659650659995    0.6271877428480933   0.05883163918000973    -1.209324929302563
   0.6433205218362364    -20.01345864135106     10.09845717396943    0.8625112160521908     11.73786848442262   -0.3441700179871676     18.61787547076628     2.707263496143336     20.61501778619285   -0.5892018026219834
-0.004368443589523719     3.280370098673681   -0.9842055573606329     1.818190904812169   -0.3441700179871676     4.536616496849596    -2.961720917962058    -1.131277225621024    -3.900830815417894    -1.960171183930183
   0.8965273313658655    -29.90448523050282      15.9565094610056    0.7203659650659995     18.61787547076628    -2.961720917962058     34.75712182442616     6.428124400677143     36.59006407789097    0.1892176819436659
 -0.01984659643349788     -5.37804623417649     2.821690901652972    0.6271877428480933     2.707263496143336    -1.131277225621024     6.428124400677143     5.126363114776893     5.534548031143743      1.27048830932586
    1.020483795443708    -31.52348752345819     17.28369816829771   0.05883163918000973     20.61501778619285    -3.900830815417894     36.59006407789097     5.534548031143743     45.15916333992213     2.012153942517104
  -0.1065431670632605   -0.1119702901761354   -0.2934268127560672    -1.209324929302563   -0.5892018026219834    -1.960171183930183    0.1892176819436659      1.27048830932586     2.012153942517104       4.7783019236628

cov.inverse():
   30.04054707381836   -10.04679961415651   -55.25953072967901    19.15305535410539    24.13778239281948   -8.781031957856115   0.7325104721198898   0.8973867268427456   0.9246011968489211   0.6056225004270883
  -10.04679961415645     3.46883184011341    19.08615730043681   -6.615485283608312   -8.373379349302855    3.041050321630316  -0.2490608921161179  -0.2989451745168409  -0.3149239315214673  -0.2080059442170674
   -55.2595307296782    19.08615730043666    122.0934772112896   -42.54174365818341   -66.08408456697587    23.61647615378617 0.001561232693244858    -2.02951255010043   0.4497184793925109   -2.164573578280867
   19.15305535410508   -6.615485283608254   -42.54174365818341    15.10067342755071    23.16428443232831   -8.385752460217217 -0.01060895057760057   0.6400716545562359  -0.1931965756878044   0.8093031624831357
   24.13778239281872   -8.373379349302676   -66.08408456697526    23.16428443232809    44.57086770221201   -15.65717280121473   -1.328736679550734    1.217592149696914   -1.979367723899653    1.781851299367305
  -8.781031957855832    3.041050321630252    23.61647615378596   -8.385752460217144   -15.65717280121474    5.840801281885061   0.4379426243681964  -0.3937311996189845   0.6621501602232499  -0.5227153107361205
  0.7325104721200697  -0.2490608921161804 0.001561232692844617 -0.01060895057746116   -1.328736679550516   0.4379426243681183   0.5333282078867196  -0.1821277298660975  0.04210929271630894  0.03329197644770714
  0.8973867268426591  -0.2989451745168125   -2.029512550100264   0.6400716545561778    1.217592149696832  -0.3937311996189552   -0.182127729866104    0.374633910260678  0.06232649405976598 -0.07965405495148054
  0.9246011968488609  -0.3149239315214462   0.4497184793926557  -0.1931965756878549   -1.979367723899737   0.6621501602232797  0.04210929271631118  0.06232649405976275   0.5386114471900395  -0.2255344253789128
  0.6056225004271208  -0.2080059442170802   -2.164573578280968   0.8093031624831709    1.781851299367372   -0.522715310736144  0.03329197644769975 -0.07965405495147583  -0.2255344253789107     0.40993006607507

cov*(cov_.inverse()):
      1.00000000000002 -6.315087341945969e-14 -4.476696791044787e-13  1.696004447993005e-13   2.77194933673286e-13 -1.145333827778927e-13  1.172673069760322e-15  5.046310591616532e-15 -1.252470349655255e-15  5.127842594987442e-15
 8.396061623727746e-15     0.9999999999999996 -1.646460745519107e-13 -7.480127628411992e-15  1.618705169903478e-13 -1.496719415072789e-14  1.410330185969144e-15 -2.711372792951749e-15  1.724315135120946e-15 -2.012279232133096e-15
 2.478572902475662e-14 -6.891015535970269e-14     0.9999999999994856   2.32092123297889e-13  2.765565554341265e-13 -1.063871213347056e-13   4.69416172599324e-15  9.391792898938434e-15 -1.387778780781446e-15   6.13398221105399e-15
-2.731148640577885e-14  1.471045507628332e-14  5.062616992290714e-14     0.9999999999999656 -1.509903313490213e-14 -5.218048215738236e-15  7.424616477180734e-16 -4.440892098500626e-16  2.775557561562891e-16 -5.551115123125783e-16
-5.440092820663267e-14  -6.37406794012918e-14 -1.894040480010517e-13   8.12128142513302e-14      1.000000000000142 -3.347322419244847e-14  6.526029716624748e-15   3.05311331771918e-15  2.914335439641036e-15  9.436895709313831e-16
  2.97539770599542e-14 -3.441691376337985e-15 -3.375077994860476e-14 -5.329070518200751e-15  5.773159728050814e-15     0.9999999999999936 -1.804112415015879e-16  3.885780586188048e-16 -3.885780586188048e-16  2.220446049250313e-16
 3.087807787238717e-14 -7.732009477123825e-14 -4.123923424970144e-13  3.611555499105634e-13  4.782285678572862e-13 -1.337818744673314e-13     0.9999999999999998  8.385653282871885e-15 -2.914335439641036e-16  1.851296893562449e-14
 -3.33066907387547e-15   5.88418203051333e-15  9.769962616701378e-15  1.509903313490213e-14  4.440892098500626e-15  5.773159728050814e-15 -3.885780586188048e-16      1.000000000000001 -5.551115123125783e-17   3.33066907387547e-16
-1.654232306691483e-13 -2.958744360626042e-14 -2.708944180085382e-13   8.08242361927114e-14  1.918465386552271e-13 -2.464695114667848e-14  7.258083023486961e-15   6.63358257213531e-15      1.000000000000004 -7.105427357601002e-15
-1.110223024625157e-14  6.106226635438361e-15  4.263256414560601e-14 -1.909583602355269e-14 -3.375077994860476e-14  1.865174681370263e-14 -4.440892098500626e-16 -6.661338147750939e-16                      0     0.9999999999999996
