5
2

0.1398732960371804
0.1625655194565092
  3.10814808109663
 6.603396171071021
 21.00776072313698

   -0.5448501228327992     0.7788955914948383    0.06853435696262962    -0.3029230025139112 -0.0008352620342680429
   0.02295669291764023     0.2845296305489793    -0.8138104601963365     0.5061898939818711   0.000453536763534463
    0.4377735671197366     0.1032400951241462    -0.3222191640184253    -0.5964436555038529      0.581485651446781
   -0.6651535317800658    -0.4217497980331799    -0.1132165757968891      0.084674138990428     0.5997584381820186
    0.2617946084073083     0.3518993286542287     0.4651584612740484     0.5376752753977164     0.5496938690150335

88.69512779555718
 131.818963551732
  186.05548116894
220.7088440362567
 263.419676023259

 4.003217661678254
0.1889415536981645

 -0.04013130177463066  0.008721695028129845   0.01491438263197571   0.01636342817004391 0.0001071770285031009
     1.87559842775384   -0.1718015010687013   -0.3320186892587187   -0.3698172507478784 -0.001318112558902726

 0.0004837143225063451 -6.062826587279991e-05    -0.3011323535608782      0.993160784982946      3.688460147388827
   -0.0208648549389597   0.002039594891831171      10.91783309993281     -51.00101377344409      33.78671450325049

cov:
51.39619064532776 53.31819420117797 55.66269304474665  57.1464706205047 48.57371039804102
53.31819420117797 62.52388012124995  73.9958385026854 81.34935700454106 74.91892060018974
55.66269304474665  73.9958385026854 97.07029858310479 111.8048041648895 108.0737896937183
 57.1464706205047 81.34935700454106 111.8048041648895 131.3429172085035 129.3008280279416
48.57371039804102 74.91892060018974 108.0737896937183 129.3008280279416 152.3041416155911

cov.inverse():
   15.22353646931137   -21.43287340743417    -2.62813119441258    8.847769340229162  0.04118263223296163
  -21.43287340743116    34.07790317757529   -6.035326441464541    -6.61676924131657 -0.02751858292885033
  -2.628131194420233   -6.035326441453228    25.31210265437099   -16.62851718679053 -0.03726485567586101
   8.847769340233821   -6.616769241324894   -16.62851718678686    14.42337875949439 -0.01244695883213132
 0.04118263223296711  -0.0275185829288642 -0.03726485567584625 -0.01244695883213767  0.04397796058345502

cov*(cov_.inverse()):
     0.999999999999829 -1.030286966852145e-13   9.85878045867139e-14 -1.623146062001979e-13                      0
-1.452171716209705e-13      0.999999999999762 -1.225686219186173e-13  6.450395773072159e-14 -4.440892098500626e-16
-3.197442310920451e-13 -2.091660178393795e-13     0.9999999999999316  4.574118861455645e-14                      0
-1.385558334732195e-13  2.926547892911913e-13  1.758593271006248e-13     0.9999999999999372                      0
 2.309263891220326e-14  2.842170943040401e-14  7.123190925995004e-13 -1.476596622751458e-13      1.000000000000001
