5 
11 
12 
13 
14 
inputFileName = /Users/demattia/RemoteProjects/extracted_endcaps.root
eventsFractionStartBuild = 0
eventsFractionEndBuild = 0.2
eventsFractionStartTest = 0.8
eventsFractionEndTest = 1
var name = R
var name = z
par name = cotTheta
firstOrderChargeOverPtCoefficientsFileName = 
firstOrderCotThetaCoefficientsFileName = 
pT > 2, pT regions = 1
0 < phi < 0.8, phi regions = 1
-3 < eta < 3, eta regions = 1
-15 < z0 < 15, eta regions = 1
charge regions = 1
endcap regions = 0
Training
Requested running from track number 0 to track number 1000000 for a total of 1000000 tracks.
Analyzed 10% of 1000000 tracks
Analyzed 20% of 1000000 tracks
Analyzed 30% of 1000000 tracks
Analyzed 40% of 1000000 tracks
Analyzed 50% of 1000000 tracks
Analyzed 60% of 1000000 tracks
Analyzed 70% of 1000000 tracks
Analyzed 80% of 1000000 tracks
Analyzed 90% of 1000000 tracks
Analyzed 100% of 1000000 tracks
Evaluating eigenvalues:
geomIndex = 0
Sqrt(eigenvalues) of cov:
 0.476545 0.684015 0.803439 1.054 1.76157 2.18637 2.38906 2.62478 5.44349 32.1072
Analyzed 10% of 1000000 tracks
Analyzed 20% of 1000000 tracks
Analyzed 30% of 1000000 tracks
Analyzed 40% of 1000000 tracks
Analyzed 50% of 1000000 tracks
Analyzed 60% of 1000000 tracks
Analyzed 70% of 1000000 tracks
Analyzed 80% of 1000000 tracks
Analyzed 90% of 1000000 tracks
Analyzed 100% of 1000000 tracks
opening GeometricIndex.txt for writing
Matrices built:
geomIndex = 0

V_0:
 -0.0551961   0.0171223    0.666779   -0.202608   -0.674764    0.209514  -0.0018132  -0.0214355     0.10123  -0.0332063
   0.498809   -0.080811   -0.417201    0.110662   -0.429409    0.174893    0.547202   -0.208493  0.00359853   0.0215526
  -0.680739   0.0682601  0.00791699  0.00969248 -0.00314226  -0.0104645    0.552756   -0.205653   -0.389913    0.178308
   0.522611   0.0353871    0.425934   -0.193318    0.315481  -0.0906012    0.128716  -0.0891831   -0.555109    0.257741
  -0.058172  -0.0242299   -0.147053   -0.375435    0.161049    0.530071   -0.253311   -0.545555    0.167241     0.36983
  0.0228445   0.0115816    0.160699    0.655979    -0.12356   -0.295593   -0.182178   -0.338486     0.14882     0.52025
 -0.0199988  -0.0439015    -0.20181   -0.507875   -0.200895   -0.465131   0.0462891    0.309328    0.182218    0.557918
  0.0171969   0.0264037  0.00191518   -0.282615   -0.038493   -0.575701  -0.0232948   -0.630142   0.0882555   -0.425216
 -0.0837423   -0.795795   -0.133594   0.0105319   -0.221119  -0.0326861   -0.315461  -0.0291877   -0.436717  -0.0262389
0.000709063    -0.59214    0.306333  0.00769404    0.358922 0.000839853     0.42297  0.00269452    0.497725  0.00203706
corrPV_0:
 0.0521858 -0.0949925  0.0384858   0.116141    0.01522 -0.0321722 -0.0588996 -0.0875873   0.614628   -25.9377
D_0:
 -0.102113  0.0264236   0.272706 -0.0860564 -0.0445149  0.0185504  -0.082486  0.0195677 -0.0835143  0.0229351
opening matrixVD_0.txt for writing
