10
1

0.4765452191971635
0.6840147935410151
0.8034389827280866
 1.054003618674282
 1.761571158960044
 2.186366537687632
 2.389055296545995
 2.624782335046889
 5.443487566247912
  32.1072273796878

 -0.05519607709393851    0.0171222985989238    0.6667790446999408   -0.2026083126060637   -0.6747643087247841    0.2095136831294519 -0.001813204936346182  -0.02143550918442205    0.1012300083381118  -0.03320629570596773
   0.4988090315099226  -0.08081100626017432   -0.4172009073617879    0.1106621348935152   -0.4294088377912328    0.1748932888119116    0.5472018989606127   -0.2084932454332456  0.003598527769802852   0.02155255633326552
  -0.6807393298056195   0.06826005846154143   0.00791699254187051  0.009692481392052933 -0.003142257648468025  -0.01046451121709608    0.5527560127608891   -0.2056532353661249   -0.3899131194001267    0.1783082246836324
   0.5226108353494985   0.03538709264873059    0.4259336985546575   -0.1933178854221044    0.3154807107155463  -0.09060122184625535    0.1287163751523147  -0.08918305328442346   -0.5551088441653307    0.2577408324867692
 -0.05817201141328539  -0.02422986141713063   -0.1470529211991526   -0.3754353175284665    0.1610493273556992    0.5300712191462142    -0.253311274796777   -0.5455546404971936    0.1672409249205693    0.3698301146994113
  0.02284454683724393   0.01158158532841451    0.1606994320153348    0.6559789997429797   -0.1235597913425724   -0.2955929424291694   -0.1821775150019733   -0.3384855168286988    0.1488204123464137    0.5202503446905491
  -0.0199987525762766  -0.04390149469895145     -0.20180997421011   -0.5078747793556904   -0.2008954950158329   -0.4651308783283768    0.0462891069208001    0.3093278546204157    0.1822183193796999    0.5579184515580889
  0.01719692048762088    0.0264037446351958  0.001915177525469081    -0.282614538132803  -0.03849303129749821    -0.575701106899019  -0.02329483809518012   -0.6301420497526868   0.08825546565729485   -0.4252155989800945
 -0.08374234059264811    -0.795794834091611   -0.1335936899522307   0.01053194736698198   -0.2211187580265185  -0.03268605087504319   -0.3154605188970861  -0.02918766060717437   -0.4367172816827879  -0.02623891779094361
0.0007090626223769848   -0.5921398399137956    0.3063328866384253  0.007694037150583187     0.358922134557861 0.0008398528808397891    0.4229701648939356   0.00269451886435534    0.4977247202051086  0.002037061402632883

22.61951722264816
80.20388740093072
38.90617278479245
131.0490688038682
46.26032901420034
156.1138318416874
54.91259765610998
185.6011143032896
65.10870004123676
220.4687442053237

3.597396577866328

0
0
0
0
0
0
0
0
0
0

0

0
0
0
0
0
0
0
0
0
0

0

0
0
0
0
0
0
0
0
0
0

0

0
0
0
0
0
0
0
0
0
0

0

0
0
0
0
0
0
0
0
0
0

0

0
0
0
0
0
0
0
0
0
0

0

0
0
0
0
0
0
0
0
0
0

0

0
0
0
0
0
0
0
0
0
0

0

0
0
0
0
0
0
0
0
0
0

0

0
0
0
0
0
0
0
0
0
0

0

0
0
0
0
0
0
0
0
0
0

0

0
0
0
0
0
0
0
0
0
0

0

0
0
0
0
0
0
0
0
0
0

0

0
0
0
0
0
0
0
0
0
0

0

0
0
0
0
0
0
0
0
0
0

0

0
0
0
0
0
0
0
0
0
0

0

0
0
0
0
0
0
0
0
0
0

0

0
0
0
0
0
0
0
0
0
0

0

0
0
0
0
0
0
0
0
0
0

0

0
0
0
0
0
0
0
0
0
0

0

0
0
0
0
0
0
0
0
0
0

0

0
0
0
0
0
0
0
0
0
0

0

0
0
0
0
0
0
0
0
0
0

0

0
0
0
0
0
0
0
0
0
0

0

0
0
0
0
0
0
0
0
0
0

0

0
0
0
0
0
0
0
0
0
0

0

0
0
0
0
0
0
0
0
0
0

0

0
0
0
0
0
0
0
0
0
0

0

0
0
0
0
0
0
0
0
0
0

0

0
0
0
0
0
0
0
0
0
0

0

0
0
0
0
0
0
0
0
0
0

0

0
0
0
0
0
0
0
0
0
0

0

0
0
0
0
0
0
0
0
0
0

0

0
0
0
0
0
0
0
0
0
0

0

0
0
0
0
0
0
0
0
0
0

0

0
0
0
0
0
0
0
0
0
0

0

0
0
0
0
0
0
0
0
0
0

0

0
0
0
0
0
0
0
0
0
0

0

0
0
0
0
0
0
0
0
0
0

0

0
0
0
0
0
0
0
0
0
0

0

0
0
0
0
0
0
0
0
0
0

0

0
0
0
0
0
0
0
0
0
0

0

0
0
0
0
0
0
0
0
0
0

0

0
0
0
0
0
0
0
0
0
0

0

0
0
0
0
0
0
0
0
0
0

0

0
0
0
0
0
0
0
0
0
0

0

0
0
0
0
0
0
0
0
0
0

0

0
0
0
0
0
0
0
0
0
0

0

0
0
0
0
0
0
0
0
0
0

0

0
0
0
0
0
0
0
0
0
0

0

0
0
0
0
0
0
0
0
0
0

0

0
0
0
0
0
0
0
0
0
0

0

0
0
0
0
0
0
0
0
0
0

0

0
0
0
0
0
0
0
0
0
0

0

0
0
0
0
0
0
0
0
0
0

0

0
0
0
0
0
0
0
0
0
0

0

0
0
0
0
0
0
0
0
0
0

0

0
0
0
0
0
0
0
0
0
0

0

0
0
0
0
0
0
0
0
0
0

0

0
0
0
0
0
0
0
0
0
0

0

0
0
0
0
0
0
0
0
0
0

0

0
0
0
0
0
0
0
0
0
0

0

0
0
0
0
0
0
0
0
0
0

0

0
0
0
0
0
0
0
0
0
0

0

0
0
0
0
0
0
0
0
0
0

0

0
0
0
0
0
0
0
0
0
0

0

0
0
0
0
0
0
0
0
0
0

0

0
0
0
0
0
0
0
0
0
0

0

0
0
0
0
0
0
0
0
0
0

0

0
0
0
0
0
0
0
0
0
0

0

0
0
0
0
0
0
0
0
0
0

0

0
0
0
0
0
0
0
0
0
0

0

0
0
0
0
0
0
0
0
0
0

0

0
0
0
0
0
0
0
0
0
0

0

0
0
0
0
0
0
0
0
0
0

0

0
0
0
0
0
0
0
0
0
0

0

0
0
0
0
0
0
0
0
0
0

0

 -0.1021125664634319  0.02642357137861332   0.2727055622118094 -0.08605640888552273 -0.04451492297891865  0.01855044790281232 -0.08248599184294324  0.01956773981136478 -0.08351429704579624  0.02293512905736265

 0.05218577770387892 -0.09499252905130769  0.03848582997805571   0.1161412820292715  0.01522003951340245 -0.03217221985770292 -0.05889960165514709 -0.08758732079278894   0.6146279604649406   -25.93772092809609

cov:
  0.9452910020942796    1.527124198345755   0.7608585159270738  0.05525349408341601   0.8796340334220812 -0.07117173156922076    1.069313159798601  0.01615019888393398    1.271833891456987   0.0193208123397615
   1.527124198345755    380.2460843204956   -183.7356547785624   -4.816707120162788   -213.8294373036035   0.2038767425643226   -250.7495180619143   -1.131153382360299   -293.5965302368597  -0.8238440152184244
  0.7608585159270738   -183.7356547785624    98.07291053050032    3.500800653519369    114.4129581982385   0.4084823067934945    134.6974566122837   0.5849677533990109    158.4848317989265   0.4434209790465081
 0.05525349408341601   -4.816707120162788    3.500800653519369     4.63776005696981    2.801073245450361    0.940049853507881    2.895640235208618 -0.07521781937662288    3.495535203162679    0.367531600379626
  0.8796340334220812   -213.8294373036035    114.4129581982385    2.801073245450361    134.9455127181381    1.551438053880547    158.4358128110146   0.9422615208315199     186.574650894909   0.3669534528572064
-0.07117173156922076   0.2038767425643226   0.4084823067934945    0.940049853507881    1.551438053880547    4.873640212286494    0.509992275968892    1.281918031413723   0.1485306949376774  0.07880874886911879
   1.069313159798601   -250.7495180619143    134.6974566122837    2.895640235208618    158.4358128110146    0.509992275968892    188.1055048619808    2.214681541630943      220.65994198122   0.7113765496839525
 0.01615019888393398   -1.131153382360299   0.5849677533990109 -0.07521781937662288   0.9422615208315199    1.281918031413723    2.214681541630943    4.842363558094642    1.280795197542536    1.340353028634864
   1.271833891456987   -293.5965302368597    158.4848317989265    3.495535203162679     186.574650894909   0.1485306949376774      220.65994198122    1.280795197542536    261.9083472748501    2.063932562984629
  0.0193208123397615  -0.8238440152184244   0.4434209790465081    0.367531600379626   0.3669534528572064  0.07880874886911879   0.7113765496839525    1.340353028634864    2.063932562984629    4.860000871856203

cov.inverse():
    1.510489801463904   -0.1426752221186469   -0.4102087297394844   0.07727630452104042   -0.1444468454422353   0.09288298800743607   0.06600187439754122  -0.03611100587139542    0.1276756534075026  -0.04312997101268345
  -0.1426752221186496   0.04596231517243333    0.1432453706728841  -0.03246557114554734   0.03858187846967636  -0.02100961687293613  -0.02277697363782989  0.009234603106270063  -0.04246876389652239   0.01399434517997453
  -0.4102087297395575     0.143245370672896      2.51335975280679   -0.7098811295505866    -1.480959843795292    0.4057184606444615   -0.4313443775746946   0.08975265476903423   0.06917711933474899  -0.03547221592106629
  0.07727630452105773  -0.03246557114555065   -0.7098811295505887    0.4329515302872775    0.4284355787210999   -0.1696498624745396    0.1193178660871364  0.000111306845651673  -0.01851810579727806  -0.01301271641866834
  -0.1444468454422105   0.03858187846966446    -1.480959843795296    0.4284355787210983     2.509238123542958   -0.7537332170391385   -0.4703982408171236    0.2040046400088324   -0.4584693949786729    0.1398910165158879
  0.09288298800738622  -0.02100961687293255    0.4057184606444658   -0.1696498624745401   -0.7537332170391418    0.4610997590011523    0.1499321381163761   -0.1318836359586049    0.1439535808436529  -0.02539245662629843
  0.06600187439748055   -0.0227769736378297   -0.4313443775748094    0.1193178660871701    -0.470398240817007    0.1499321381163414     1.159838821916146   -0.3677203823297987   -0.4080915797512238    0.1642466701449924
 -0.03611100587138032  0.009234603106269655   0.08975265476906931 0.0001113068456412728    0.2040046400087966   -0.1318836359585941    -0.367720382329802     0.361918875213422    0.1199208067832011   -0.1166707685448946
   0.1276756534075105  -0.04246876389652113   0.06917711933483543  -0.01851810579730295   -0.4584693949787604    0.1439535808436786   -0.4080915797512099    0.1199208067831943    0.5853224111632009    -0.202248178979546
 -0.04312997101268048   0.01399434517997409  -0.03547221592109787  -0.01301271641865921      0.13989101651592  -0.02539245662630786    0.1642466701449876   -0.1166707685448922   -0.2022481789795462    0.2964006093529034

cov*(cov_.inverse()):
     1.000000000000005  2.364265467430515e-15  3.450907094804112e-14 -6.617319539548028e-15  1.160443269254685e-14  3.688748525382257e-14  5.519499787776105e-14 -1.255289275303717e-14 -9.729196615015923e-15 -2.054779957294528e-15
  9.01362318117549e-15      1.000000000000002 -3.181482854941464e-14 -5.460909502374989e-15 -3.927413949611491e-15  4.576200529626817e-15 -1.859623566247137e-14  5.564992910933597e-15  1.310063169057685e-14 -2.858824288409778e-15
 1.246572289836934e-14  3.099950851570554e-15      1.000000000000019  5.307386474751041e-15 -2.657596365196468e-15  3.950312299494385e-14  7.077671781985373e-14 -1.648681191568357e-14  1.529332216421153e-14 -8.021361352916756e-15
 2.844946500601964e-16   1.93421667571414e-16 -1.703498453409225e-15      1.000000000000001  7.847889005319075e-15  1.264613413987092e-15  3.150257832373882e-15 -4.718447854656915e-16 -1.748601263784622e-15  5.551115123125783e-17
 4.173744683200198e-15  4.208439152719734e-15  3.157196726277789e-14   8.78550704408454e-15       1.00000000000007  3.560866879137592e-14  4.956451915560933e-14 -4.940492459581947e-15  3.719247132494274e-15  -1.49741330446318e-14
-7.212112851373575e-16 -1.821459649775647e-17  2.951198313505543e-15 -1.243579891840874e-15 -5.655198531684391e-15     0.9999999999999989 -3.394853842486611e-15   4.49293380277993e-16  7.181755190543981e-16  1.630640067418199e-16
-1.153244166829381e-14  8.585146482609218e-15  1.619190892476752e-14  6.694297893794499e-15  1.300487495470293e-13  3.000377724049486e-14      1.000000000000076 -4.996003610813204e-15  -1.27675647831893e-14 -1.293409823688307e-14
 5.551115123125783e-17  6.591949208711867e-17  6.869504964868156e-16 -8.673617379884035e-17  2.220446049250313e-16   5.48172618408671e-16  1.498801083243961e-15                      1 -3.885780586188048e-16 -1.665334536937735e-16
  1.27675647831893e-15   1.31041011375288e-14  1.712519015484304e-13 -3.311587115639725e-14  1.187938636348917e-14  7.962380754733545e-14  5.689893001203927e-14  1.748601263784622e-15      1.000000000000012  -1.27675647831893e-14
 1.110223024625157e-16  5.551115123125783e-17 -1.942890293094024e-16  1.804112415015879e-16  1.443289932012704e-15  4.163336342344337e-16  5.551115123125783e-16                      0  1.110223024625157e-16     0.9999999999999997
