5
1

 0.00190511296528329
0.001984379680042551
0.005515473006707983
  0.1017126679781695
  0.5656033197983719

   0.3831528691520528    -0.165415782807985   -0.7316484479761579    0.5384024541400512  -0.02539377105946684
  -0.4345638705108716    0.8097066017635266   -0.3936734852010841   0.02278970218750783 -0.005592676551373442
   0.4165911174855921   0.08978372134411128    -0.321800266024431   -0.6826572919831145    0.4988129255568612
  -0.5747115244099961   -0.3655839526269533   -0.1176690607333001    0.1698967402267968    0.7023846005561657
   0.4006327817960045    0.4186885415459085    0.4385320017472604    0.4633762469233443    0.5071147962338829

0.3990934830319928
0.3995292434495137
0.3993296846806601
0.3992984080357893
 0.399385682000891

-0.000312090921572291

   3.329269518695977    1.055371466443361  -0.8175546991795409   -3.484677196750944 -0.07891135999833401

 -6.34966690401596e-07 -1.375707911569231e-06  0.0001242452062987416   -0.02948930791641046     -0.076000720321169

cov:
0.05477080629451824 0.05583449286283205 0.05689977389070187 0.05837065569647823 0.06082466493354671
0.05583449286283205   0.057465362353617 0.05918095496787149 0.06142059564534993 0.06526853311831744
0.05689977389070187 0.05918095496787149 0.06167038539282847  0.0648052209127925 0.07028303634031538
0.05837065569647823 0.06142059564534993  0.0648052209127925 0.06900352242312716 0.07639750308308532
0.06082466493354671 0.06526853311831744 0.07028303634031538 0.07639750308308532 0.08738049339069813

cov.inverse():
 94143.56623675494 -105569.8274566024 -38193.11185755846  44965.35191141898  4729.020734053156
-105569.8274565215  174314.2060595737 -48549.00878813991 -21872.24325246055  1455.397723964623
-38193.11185769643 -48549.00878792755   190253.446590817 -103592.7887200479  394.2105740785361
 44965.35191146853 -21872.24325259291 -103592.7887199524  95322.65291467131 -14980.80538885046
 4729.020734060266  1455.397723965956  394.2105740575875 -14980.80538883798  8413.285449551808

cov*(cov_.inverse()):
     1.000000000000284  3.126388037344441e-13  1.762145984685048e-12                      0 -5.684341886080801e-14
 5.684341886080801e-13      1.000000000000384  5.506706202140776e-13  2.273736754432321e-13   1.13686837721616e-13
 1.364242052659392e-12  8.242295734817162e-13     0.9999999999999218 -9.094947017729282e-13   1.13686837721616e-13
 7.389644451905042e-13   -1.4210854715202e-14  4.867217739956686e-13     0.9999999999997726                      0
 5.684341886080801e-13  -1.56319401867222e-13  5.968558980384842e-13   1.13686837721616e-12                      1
