5
2

2.510571801074748e-05
3.782100498877658e-05
5.728189928870182e-05
  0.01900048248420432
   0.5189435400881083

0.003082224252857952  0.01122974685936443  -0.4176496812249882   0.8116249845762833  -0.4082866895495654
-0.09628919446372357   0.6449134490260519  -0.6640820586943915  -0.1944069724481642   0.3098644585598786
  0.6562419522935582  -0.5193049837566499  -0.4284968417278082 -0.04599825505024975   0.3375551081780144
 -0.6016684065603757  -0.3396745820640173 -0.03251689870414787   0.3167428072600266    0.649024616015784
  0.4450399077838081   0.4459866009152489   0.4470982789285174   0.4483625408711754   0.4495660053946957

0.3988614348685041
0.3988975597446211
0.3989209019288767
0.3989359095521087
0.3989469345320951

-2.027864092323364e-05
    0.3989719546524196

 0.4803295661714318  0.5904432921973064   1.369120841658073   2.744730178547397   -5.18460542866538
  1.174408837927666  0.4037892071402244 -0.1287709650747853  0.2591683260786957 -0.7085537820064236

 2.383024102786347e-09 -3.883318419374252e-09 -8.053464204674348e-09  -0.001093755685728919  -0.002951812957731016
 3.539596867512606e-10 -5.306755941864813e-11  1.197930329317746e-09 -0.0004394869458844322     0.1192551204558873

cov:
0.05346886463830255 0.05352541492424311 0.05359193151645866 0.05366759060652422 0.05373965092507005
0.05352541492424311 0.05360699246107573 0.05370284311034426 0.05381185812933077 0.05391565304955036
0.05359193151645866 0.05370284311034426 0.05383308974396526 0.05398121141032403 0.05412221270266441
0.05366759060652422 0.05381185812933077 0.05398121141032403 0.05417380312848986 0.05435711117117834
0.05373965092507005 0.05391565304955036 0.05412221270266441 0.05435711117117834 0.05458067150391851

cov.inverse():
 137745919.0780768 -147217626.2618397 -43038864.54002013  7855270.680308468  44654738.48182404
-147217626.3011131  373150122.3041753 -239028201.2276174 -65908977.32364046  79005038.87931526
-43038864.37273674 -239028200.5924944  641005021.7065256 -441540700.5657267  82602902.72274239
 7855270.454057451 -65908978.77417037 -441540698.0462691    1072185097.3986 -572589855.6648259
 44654738.58006512   79005039.6554472  82602901.00569481 -572589854.8221523  366326406.2968111

cov*(cov_.inverse()):
     1.000000000465661                      0                      0                      0  3.725290298461914e-09
-9.313225746154785e-10     0.9999999990686774  3.725290298461914e-09                      0  3.725290298461914e-09
-1.396983861923218e-09 -1.862645149230957e-09      1.000000001862645 -3.725290298461914e-09  3.725290298461914e-09
-9.313225746154785e-10  9.313225746154785e-10 -4.656612873077393e-09                      1  7.450580596923828e-09
-9.313225746154785e-10 -9.313225746154785e-10 -9.313225746154785e-10                      0                      1
