5
2

2.499700780427609e-05
3.771063517428866e-05
5.726373342261254e-05
  0.01900051563233081
   0.5189436708623791

0.003111121093043435  0.01071690712422221  -0.4170431329089176    0.811795948765013   -0.408580263460513
-0.09575448482395969   0.6445010135275442  -0.6647887443165706  -0.1937454526592607   0.3097872612002016
  0.6563187718719935  -0.5198279744199076  -0.4279916248756329 -0.04577405771879269   0.3372720732216154
 -0.6016697845581138  -0.3396738228748932 -0.03251502443313786   0.3167425623502897   0.6490239493156117
  0.4450399303431924   0.4459867290937151   0.4470983034478437   0.4483624894862413   0.4495658827671152

0.3988614279881821
0.3988975163183654
0.3989208824661983
0.3989359191676703
0.3989469769038189

-2.027864092323364e-05
    0.3989719546524196

0
0
0
0
0

0
0

0
0
0
0
0

0
0

0
0
0
0
0

0
0

0
0
0
0
0

0
0

0
0
0
0
0

0
0

0
0
0
0
0

0
0

0
0
0
0
0

0
0

0
0
0
0
0

0
0

0
0
0
0
0

0
0

0
0
0
0
0

0
0

0
0
0
0
0

0
0

0
0
0
0
0

0
0

0
0
0
0
0

0
0

0
0
0
0
0

0
0

0
0
0
0
0

0
0

0
0
0
0
0

0
0

0
0
0
0
0

0
0

0
0
0
0
0

0
0

0
0
0
0
0

0
0

0
0
0
0
0

0
0

0
0
0
0
0

0
0

0
0
0
0
0

0
0

0
0
0
0
0

0
0

0
0
0
0
0

0
0

0
0
0
0
0

0
0

0
0
0
0
0

0
0

0
0
0
0
0

0
0

0
0
0
0
0

0
0

0
0
0
0
0

0
0

0
0
0
0
0

0
0

0
0
0
0
0

0
0

0
0
0
0
0

0
0

0
0
0
0
0

0
0

0
0
0
0
0

0
0

0
0
0
0
0

0
0

0
0
0
0
0

0
0

0
0
0
0
0

0
0

0
0
0
0
0

0
0

0
0
0
0
0

0
0

0
0
0
0
0

0
0

0
0
0
0
0

0
0

0
0
0
0
0

0
0

0
0
0
0
0

0
0

0
0
0
0
0

0
0

0
0
0
0
0

0
0

0
0
0
0
0

0
0

0
0
0
0
0

0
0

0
0
0
0
0

0
0

0
0
0
0
0

0
0

0
0
0
0
0

0
0

0
0
0
0
0

0
0

0
0
0
0
0

0
0

0
0
0
0
0

0
0

0
0
0
0
0

0
0

0
0
0
0
0

0
0

0
0
0
0
0

0
0

0
0
0
0
0

0
0

0
0
0
0
0

0
0

0
0
0
0
0

0
0

0
0
0
0
0

0
0

0
0
0
0
0

0
0

0
0
0
0
0

0
0

0
0
0
0
0

0
0

0
0
0
0
0

0
0

0
0
0
0
0

0
0

0
0
0
0
0

0
0

0
0
0
0
0

0
0

0
0
0
0
0

0
0

0
0
0
0
0

0
0

0
0
0
0
0

0
0

0
0
0
0
0

0
0

0
0
0
0
0

0
0

0
0
0
0
0

0
0

0
0
0
0
0

0
0

0
0
0
0
0

0
0

0
0
0
0
0

0
0

0
0
0
0
0

0
0

 0.4792415005087844  0.5809345847422868   1.365545381457984    2.78444906083544   -5.21015344616588
  1.174098027200986   0.404364231575856  -0.130458494665318  0.2620842635644089 -0.7100470087691929

 2.391549800368081e-09 -3.886277821237007e-09 -8.055482880331961e-09  -0.001093757590961804  -0.002951819148674459
 3.532049684533316e-10 -5.094759547639805e-11  1.196038948168634e-09 -0.0004394885255095701     0.1192551483287293

cov:
0.05346889798220578 0.05352546019774378 0.05359196381257118 0.05366761391091056 0.05373966544485026
0.05352546019774378 0.05360705020407908 0.05370288833091347 0.05381189455793938 0.05391568103394828
0.05359196381257118 0.05370288833091347  0.0538331227321606 0.05398123559683393 0.05412222860993738
0.05366761391091056 0.05381189455793938 0.05398123559683393 0.05417381807117424 0.05435711763012482
0.05373966544485026 0.05391568103394828 0.05412222860993738 0.05435711763012482 0.05458066945887371

cov.inverse():
 137826157.0675452 -147386154.1146516 -42976326.01575091  7925284.338662017  44610523.40026943
 -147386154.058888  374682242.9615101 -240591394.5536492 -66627334.63445684  79922922.83517662
-42976326.02195618 -240591395.0856625  644978296.3185985 -445270938.5291128  83860537.54743248
 7925284.185471784 -66627333.33335643 -445270940.1354614  1081707787.255422  -577733952.314211
  44610523.5039014  79922922.12185383  83860538.61556099 -577733952.7726488   369339200.169087

cov*(cov_.inverse()):
     1.000000001396984  2.793967723846436e-09   6.51925802230835e-09  3.725290298461914e-09  3.725290298461914e-09
 9.313225746154785e-10      1.000000000931323  9.313225746154785e-09 -3.725290298461914e-09  3.725290298461914e-09
                     0  2.793967723846436e-09     0.9999999990686774                      0  3.725290298461914e-09
 1.396983861923218e-09 -9.313225746154785e-10  3.725290298461914e-09      1.000000007450581                      0
 4.656612873077393e-10                      0  3.725290298461914e-09                      0                      1
