5
2

0.05084374606989198
  1.209189589572158
  3.386021692005599
  6.498491902347995
     15.60212076912

   -0.4667599916809131     0.8138839116144075    -0.3460170242324582 -2.235403162909933e-05 -0.0005540964513284207
    0.4077208591557784    -0.1129808450776406    -0.8162467448071183     0.2492623913390459     0.3043165153430544
    0.1461976557936996    0.08084812412508324  -0.007802505548473507    -0.8460445289037138     0.5061991725448991
   -0.7173596078643918    -0.4363882281341137   -0.05960932681682062     0.1458566854723861      0.519743266247933
    0.2827016972364698      0.357571254762177     0.4586930559717569     0.4481101897740551     0.6172685690778148

52.72304953844793
85.34164819605549
129.0616416024782
154.8606289380826
180.5397371777568

 2.437186149495843
-1.158449037645558

 -0.05795763991337635   0.04524440165157682   0.01263909759089758 2.207054603502005e-06 3.823295442884718e-05
    2.198227855579429   -0.8523367888753137   -0.3439799597539782 0.0001506858898340235 -0.001167062366078109

0.0001538194565893163  -0.05709176000699005    -0.056138802722755    0.8910246661977208     1.366942534830532
-0.004138011188891761     1.861326941533514     2.917094439281705    -50.04514513919008     38.51915496808288

cov:
41.67532277282751 37.89427026657981 32.87244198675342 25.14943349234897 27.76316248548598
37.89427026657981 39.26123883293823 41.15106327589971 35.49112175306992 44.56908725212666
32.87244198675342 41.15106327589971 52.34192784857224 49.44606990130766 67.20607198120719
25.14943349234897 35.49112175306992 49.44606990130766  58.0765550374246 65.73490520328491
27.76316248548598 44.56908725212666 67.20607198120719 65.73490520328491 107.2313924561019

cov.inverse():
   84.40567308374156   -146.9765082769945    62.25023519100663  0.06079803388013727   0.1832491805986737
  -146.9765082769947    256.2560575327955   -108.8750603912568  -0.0331136178577555  -0.1988600501145464
   62.25023519100678    -108.875060391257     46.7714338973882  -0.1349456036379745 -0.09563472676853027
  0.0607980338801338 -0.03311361785774944  -0.1349456036379771   0.1062545363769914  0.01746158529435059
     0.1832491805986  -0.1988600501144178 -0.09563472676858509  0.01746158529435057  0.09376762340772823

cov*(cov_.inverse()):
     1.000000000000649  1.004529792680842e-12  2.997602166487923e-13  1.665334536937735e-16   1.77635683940025e-15
 4.050093593832571e-13      1.000000000001569 -7.815970093361102e-14  -3.33066907387547e-16  8.881784197001252e-16
 4.121147867408581e-13    8.5087492607272e-13      1.000000000000125 -6.661338147750939e-16   1.77635683940025e-15
  1.84741111297626e-13  2.966515921798418e-13  2.460254222569347e-13                      1  2.664535259100376e-15
 6.714628852932947e-13  2.238209617644316e-13  -1.63424829224823e-13 -6.661338147750939e-16     0.9999999999999982
