5
2

0.05085839883800444
  1.209697008493966
   3.38735284718328
  6.499886415870305
  15.60958393767238

   -0.4667817548357339     0.8139212498816849    -0.3458998399073624 -1.017869097557299e-05 -0.0005412873208890815
    0.4077859593679525     -0.112831146766395    -0.8162765980353214     0.2491895952770262     0.3042643665750118
    0.1462399166541826    0.08089828553494736  -0.007755536590548615    -0.8460766556582174     0.5061259710555105
   -0.7173837341194739    -0.4365229899334719   -0.05989145944920271     0.1456537189718309     0.5196212702681275
    0.2824887068408397     0.3573576331456545     0.4586923598548167     0.4481560357754295     0.6174569937645842

52.72244056454373
85.34145603354777
129.0605151914787
154.8591351516412
180.5371192188721

 2.437186149495843
-1.158449037645558

0
0
0
0
0

0
0

0
0
0
0
0

0
0

0
0
0
0
0

0
0

0
0
0
0
0

0
0

0
0
0
0
0

0
0

0
0
0
0
0

0
0

0
0
0
0
0

0
0

0
0
0
0
0

0
0

0
0
0
0
0

0
0

0
0
0
0
0

0
0

0
0
0
0
0

0
0

0
0
0
0
0

0
0

0
0
0
0
0

0
0

0
0
0
0
0

0
0

0
0
0
0
0

0
0

0
0
0
0
0

0
0

0
0
0
0
0

0
0

0
0
0
0
0

0
0

0
0
0
0
0

0
0

0
0
0
0
0

0
0

0
0
0
0
0

0
0

0
0
0
0
0

0
0

0
0
0
0
0

0
0

0
0
0
0
0

0
0

0
0
0
0
0

0
0

0
0
0
0
0

0
0

0
0
0
0
0

0
0

0
0
0
0
0

0
0

0
0
0
0
0

0
0

0
0
0
0
0

0
0

0
0
0
0
0

0
0

0
0
0
0
0

0
0

0
0
0
0
0

0
0

0
0
0
0
0

0
0

0
0
0
0
0

0
0

0
0
0
0
0

0
0

0
0
0
0
0

0
0

0
0
0
0
0

0
0

0
0
0
0
0

0
0

0
0
0
0
0

0
0

0
0
0
0
0

0
0

0
0
0
0
0

0
0

0
0
0
0
0

0
0

0
0
0
0
0

0
0

0
0
0
0
0

0
0

0
0
0
0
0

0
0

0
0
0
0
0

0
0

0
0
0
0
0

0
0

0
0
0
0
0

0
0

0
0
0
0
0

0
0

0
0
0
0
0

0
0

0
0
0
0
0

0
0

0
0
0
0
0

0
0

0
0
0
0
0

0
0

0
0
0
0
0

0
0

0
0
0
0
0

0
0

0
0
0
0
0

0
0

0
0
0
0
0

0
0

0
0
0
0
0

0
0

0
0
0
0
0

0
0

0
0
0
0
0

0
0

0
0
0
0
0

0
0

0
0
0
0
0

0
0

0
0
0
0
0

0
0

0
0
0
0
0

0
0

0
0
0
0
0

0
0

0
0
0
0
0

0
0

0
0
0
0
0

0
0

0
0
0
0
0

0
0

0
0
0
0
0

0
0

0
0
0
0
0

0
0

0
0
0
0
0

0
0

0
0
0
0
0

0
0

0
0
0
0
0

0
0

0
0
0
0
0

0
0

0
0
0
0
0

0
0

0
0
0
0
0

0
0

  -0.05791004293757081    0.04516091293010067    0.01267235020414841 -5.559044450155828e-08  3.686255367589411e-05
     2.197020998600067    -0.8502239641606238    -0.3448147093707804    0.00021083090190821  -0.001139015950699207

0.0001536566106820331  -0.05713481855755075  -0.05616481846163695    0.8910267256074396     1.368172748424409
-0.004134054981852093     1.862889729158998     2.919368806156237    -50.05919862789769     38.50469790395751

cov:
41.67601453330013 37.89501135469101 32.88774279487252  25.1614744360647 27.78209536691311
37.89501135469101 39.26235018353844 41.17131940816807  35.5097708010891 44.60058322605038
32.88774279487252 41.17131940816807 52.39315231787064  49.4970473048952 67.28651961204939
 25.1614744360647  35.5097708010891  49.4970473048952 58.13832838255102 65.81967864029298
27.78209536691311 44.60058322605038 67.28651961204939 65.81967864029298  107.377901449607

cov.inverse():
   84.36490781419185   -146.9053674435579    62.19615463490708  0.05853974279216337   0.1808128725659169
  -146.9053674435576    256.1318952223504    -108.780548908227 -0.02922930343089849  -0.1946823351760089
   62.19615463490658   -108.7805489082263    46.71305413078441  -0.1364295143636531 -0.09725148789244499
 0.05853974279233861 -0.02922930343120408  -0.1364295143635232   0.1061473881479522  0.01742041384249224
  0.1808128725660273  -0.1946823351762017 -0.09725148789236261  0.01742041384249208  0.09365701130478415

cov*(cov_.inverse()):
    0.9999999999997318 -4.085620730620576e-14 -1.478817068800709e-13 -2.220446049250313e-16 -1.332267629550188e-15
 5.844214001626824e-13     0.9999999999999716  2.691180611691379e-13   3.33066907387547e-16 -8.881784197001252e-16
 4.103384299014579e-13  7.531752999057062e-13     0.9999999999992237  4.440892098500626e-16  -1.77635683940025e-15
 1.159961016128364e-12 -6.927791673660977e-13  7.114309141798003e-13                      1                      0
 8.881784197001252e-14 -2.486899575160351e-13 -1.900701818158268e-13  2.220446049250313e-16                      1
