5
2

0.0004487962977633458
 0.002394873566774855
 0.002710057859710663
   0.1012916403165637
    0.575482250631714

 0.6157990631736552 -0.7819909420792057 0.05163586620628333 0.05233139721528322 0.06226429544407913
 0.1927301039102481  0.1384251055775413 -0.6329798171455036 -0.3478173286085708  0.6496562584926233
0.05044535799240651  0.0319761781465747  -0.616770991567121  0.7536336648779153 -0.2192319160436021
-0.6546031092727669 -0.4483167680368622 0.08726634804865797  0.2881486091352654  0.5290196672894789
 0.3906362195555318  0.4090455429167311  0.4567804909003153  0.4746485110070268  0.4961304888061188

0.4003126158844992
0.4002903399584669
0.4002600176411492
0.4001940552278587
0.4001125328481791

0.0007928520788001208
   0.4005895134197953

   4.109262247792913   -1.672872575209685  -0.5486175335193805  -0.6922333782991869   -1.195692507509406
   1.850614929160227  -0.6146076587367465 -0.05376074718116186 -0.06728515054365319  -0.1148931000669294

7.451761757200123e-07 2.131605595983837e-06 1.708428815436859e-06  -0.02893160779457403  -0.08327160174323064
3.236333359617826e-07 1.458995861943694e-06 5.973951741530517e-07   -0.0104727856833814     0.118568691253256

cov:
0.05493370343082456 0.05592962709526501  0.0585070504234762 0.05947030352382215 0.06063244392561119
0.05592962709526501 0.05747480605634919 0.06147691332909561 0.06297399593493964 0.06477672897536141
 0.0585070504234762 0.06147691332909561 0.06918337181454096  0.0720590005025907 0.07552516877318083
0.05947030352382215 0.06297399593493964  0.0720590005025907 0.07546865160005402 0.07955022735106582
0.06063244392561119 0.06477672897536141 0.07552516877318083 0.07955022735106582 0.08439256553951494

cov.inverse():
   1889558.1525764 -2385894.037483099  132355.5471635857  153464.3367571857  210653.4464160627
-2385894.037482975  3039522.218941237 -218438.0356384711 -208298.2236843016 -227033.9794664833
 132355.5471642192 -218438.0356392944  134891.9140858754 -11483.70172679421 -37320.13991162923
 153464.3367555276 -208298.2236821911 -11483.70172702145  112030.9379761713 -45700.92474410783
 210653.4464169632 -227033.9794676465 -37320.13991159182 -45700.92474388248  99407.02766790138

cov*(cov_.inverse()):
     1.000000000003638 -1.818989403545856e-11 -1.364242052659392e-12  2.273736754432321e-12  9.094947017729282e-13
-5.456968210637569e-12      1.000000000005457 -1.364242052659392e-12  4.547473508864641e-13 -1.818989403545856e-12
-1.637090463191271e-11 -3.637978807091713e-12     0.9999999999986358                      0                      0
-3.274180926382542e-11 -7.275957614183426e-12 -1.364242052659392e-12      1.000000000000455 -9.094947017729282e-13
 -2.91038304567337e-11  7.275957614183426e-12 -9.094947017729282e-13  4.547473508864641e-13                      1
