5
2

0.0001461112835184132
0.0002984590286538875
 0.001480394859693076
  0.09085465908895472
   0.5605605604617376

  -0.1661783098361632    0.6180392026373639    -0.719113334571387     0.270696230176279 -0.003446208545477759
  -0.5528265949313234    0.5514768578666865    0.4318827672588516   -0.4509086458541263   0.02036417474290756
   0.3743919931828111   0.04359763370330125   -0.3048459269981354   -0.6724157302266076    0.5593352557389353
   -0.601521579919667   -0.3652713959159533  -0.08971734413476734    0.2348213892477581    0.6644985399003638
   0.4059186490027086     0.422583569133895    0.4420102332984028    0.4648880993937356    0.4951355230555027

0.4000106095382787
 0.400097776790879
0.4001586725003776
0.4002170657222777
0.4003083927757061

-0.000324142514265287
   0.4001598355982486

  0.2153832036963733    2.016863924277629    5.408624646046285   -7.481813642382742  -0.1593729286073086
   1.457744820192931  -0.1687176716248396     0.40115149275144  -0.6780598680099583 -0.01213537872269727

-1.004117356537426e-07  5.967717628347509e-07  7.586153875473073e-06   -0.02653266746819943     -0.071244401854998
-1.747374292188445e-08 -3.742849721418688e-08  1.896306034596799e-06   -0.00840739727461897     0.1183103320441965

cov:
0.05476242608088956  0.0557146723969625 0.05682407986374388 0.05813048173002756 0.05985608461855552
 0.0557146723969625 0.05721526933802948 0.05896399460900063 0.06102329170344371 0.06374436874134083
0.05682407986374388 0.05896399460900063 0.06145838334998458 0.06439578733226517 0.06827790410912693
0.05813048173002756 0.06102329170344371 0.06439578733226517 0.06836745944137111 0.07361705978933955
0.05985608461855552 0.06374436874134083 0.06827790410912693 0.07361705978933955 0.08068147480831248

cov.inverse():
 4788449.469715276  -8225912.53241844  2865247.068037049  576382.6938640978 -4051.720018236092
-8225912.533026611  21307286.60265968 -18150620.11738101  5031712.034082366  37404.33366428165
 2865247.069172956 -18150620.11898702  26359293.94510281 -11210906.01369819  137007.2211068637
 576382.6933277579   5031712.03510952 -11210906.01420032  5921193.379808162 -318375.4380217346
-4051.720009635769  37404.33363498963  137007.2211388628  -318375.438033042  148020.3756602937

cov*(cov_.inverse()):
    0.9999999999766942 -8.913048077374697e-11  1.218722900375724e-10 -8.003553375601768e-11                      0
 4.246203388902359e-11     0.9999999999358806  1.618900569155812e-10 -1.127773430198431e-10 -1.818989403545856e-12
 2.677325028344058e-11  2.396518539171666e-10     0.9999999997089617  3.274180926382542e-11 -3.637978807091713e-12
 2.432898327242583e-11 -3.410605131648481e-11  1.236912794411182e-10     0.9999999998944986 -1.818989403545856e-12
 3.410605131648481e-12  5.275069270282984e-11 -4.547473508864641e-11  2.546585164964199e-11      0.999999999998181
