6
2

0.0002629475204298799
0.0007544961225397014
 0.001174780484888054
 0.001898491975627605
   0.1091568312098342
   0.6921417169634583

   -0.3377390740802219      0.792254623093983    -0.5072215745868931    0.01175715513809933    0.02317832029486342    0.01776904810634146
   -0.5720849528912765     0.2407341907517307     0.7430696782529531    -0.1833496359351619    -0.1524480386891667   -0.07586709327381924
    -0.275990411858514    -0.1258901952277627  -0.008949867091881773      0.856278213314236   -0.02907469805937283    -0.4169450017962294
    0.1201548787078034    0.06244350759416289 -0.0007377055283457923     0.2334742327941185     -0.856061522032683      0.440807806633333
   -0.5903554024340765    -0.4002486579554394    -0.1981133069106038    0.06284111300218638     0.2291195251484872      0.628957761665355
    0.3457220285382485     0.3666512518716433      0.388901273884751     0.4178194333043002     0.4359357023595459     0.4797769504850519

0.3989302384086437
0.3977649552855211
0.3964845114183656
0.3949177871776764
0.3938316801291603
0.3913561594759293

0.01612023641431173
 0.4012095768521542

 0.3333275554104099   4.955230088214078   -4.04608538945747   1.234132282775499 -0.8735398743174755  -1.604068787069076
  1.292835917003726  0.6747844505480024  -1.090291419605143  0.2522707864404191 0.07556476140721738 -0.2041755585426373

 4.031806369076442e-07 -1.124715010865562e-06  1.478605912474866e-06  2.455639446749376e-06   -0.02990724464151427    -0.1323191779712698
 4.508493985164261e-08 -8.138283719335962e-07 -1.836292767237871e-07  3.693990334557435e-07   -0.01087340068521063     0.1488645829184162

cov:
0.06141208820486119 0.06354079650228353 0.06580381400894361  0.0687577403040891 0.07058840430247999 0.07503760221796756
0.06354079650228353 0.06631047881698111 0.06925462068066067 0.07308933733670217  0.0754783475581623 0.08127249696473109
0.06580381400894361 0.06925462068066067 0.07292306154440334  0.0776942995273303  0.0806770051043368 0.08790113194130078
 0.0687577403040891 0.07308933733670217  0.0776942995273303 0.08367928722273424 0.08742798845334762 0.09650329082148192
0.07058840430247999  0.0754783475581623  0.0806770051043368 0.08742798845334762 0.09166871569744983  0.1019120658619222
0.07503760221796756 0.08127249696473109 0.08790113194130078 0.09650329082148192  0.1019120658619222  0.1149873614612331

cov.inverse():
 2283920.366931812 -4084622.993887352  1732679.073952237 -36628.45917200797  17247.75822818368  87489.28610489014
-4084622.993921034  9192407.803173738 -5496938.426437568 -16881.56049759133  188933.4881011328  217171.8159604041
 1732679.073995287 -5496938.426491115  4690981.703776595  -331181.038525199 -368668.7416022669 -226780.7499824055
-36628.45916074747  -16881.5605205907 -331181.0385123681   607448.565628345 -20448.67863181338 -202675.4220723912
 17247.75820987242  188933.4881417893 -368668.7416270146 -20448.67863013473  252538.4967615588 -69627.49725698611
 87489.28610256544  217171.8159626276 -226780.7499809944  -202675.422072978  -69627.4972577091  194585.9929643452

cov*(cov_.inverse()):
    0.9999999999317879  6.184563972055912e-11 -3.274180926382542e-11  3.637978807091713e-12  4.547473508864641e-12  5.456968210637569e-12
-5.275069270282984e-11      1.000000000112777  7.275957614183426e-12  1.091393642127514e-11 -1.818989403545856e-12  1.818989403545856e-12
-3.637978807091713e-11  1.236912794411182e-10      1.000000000014552                      0  9.094947017729282e-13                      0
-5.275069270282984e-11  9.458744898438454e-11 -5.820766091346741e-11      1.000000000007276  1.818989403545856e-12  3.637978807091713e-12
 -2.91038304567337e-11  1.746229827404022e-10 -6.548361852765083e-11  3.637978807091713e-12      1.000000000001819  7.275957614183426e-12
  -1.2732925824821e-11  1.818989403545856e-11  1.818989403545856e-11                      0                      0                      1
