5
2

0.001000182498768469
 0.00123905271992297
0.001943005875715908
 0.06490758778250834
  0.6755888140400524

  0.5743976609243776  -0.7479690235246675  -0.1168888725072316 -0.01977895417942367   0.3107337307530598
  0.0630325661441071   0.3111241712326245  -0.1340850177921509  -0.7729313968442352   0.5327540797180242
  0.1372694341233545   0.2786588135910432  -0.8765254158458475   0.3509842867920164   0.1096339083716782
 -0.7022062291336449  -0.2914534068636643 -0.02944641735675953   0.2447645167440324   0.6009863253364282
   0.392629261455707    0.425615163214333   0.4463118902390817   0.4680664595035064   0.4964005257953035

0.3977706409022067
0.3964192551034467
0.3954718766000326
0.3945218299406272
0.3933439075353602

0.01397182561520783
 0.4018697519378332

  2.749126739662662   1.559889637793561  -1.499411272946003   -0.20202500333277  -2.608571379608178
  1.740763670774769   0.491293033087621 -0.2415882045973773 -0.3525129654253837 -0.6375063606861249

-2.190478707097125e-07 -5.740660622239211e-07  6.680059154791293e-06   -0.01667545978647229    -0.1439376597953604
 4.697065861211442e-07    3.4973880180576e-07  1.487442580890745e-06    -0.0077007880605363     0.1384299064458336

cov:
0.07243852025692253  0.0771338938106942  0.0800674306123688 0.08315534209246002 0.08717926621411626
 0.0771338938106942 0.08303861124907476 0.08673552821281036 0.09062576950056687 0.09569264822131354
 0.0800674306123688 0.08673552821281036 0.09092290772820759  0.0953164795074882  0.1010445918593425
0.08315534209246002 0.09062576950056687  0.0953164795074882  0.1002491638149471  0.1066677695412858
0.08717926621411626 0.09569264822131354  0.1010445918593425  0.1066677695412858  0.1139903484471427

cov.inverse():
 337508.7140974968 -406520.0941287223 -104486.6012233727  -30369.5065618534  204179.3550588683
-406520.0941290004  642892.7376587637 -4470.730252005955 -115958.4207599702 -116318.7589682884
-104486.6012233545 -4470.730252107148  228876.9914443666 -11674.20530429719 -108295.4800341866
-30369.50656119375 -115958.4207608016 -11674.20530448421     422173.3406631 -264133.8854101481
 204179.3550584686 -116318.7589676337 -108295.4800340826 -264133.8854105072  284663.4752211071

cov*(cov_.inverse()):
                     1  1.091393642127514e-11  1.818989403545856e-12 -3.637978807091713e-12 -3.637978807091713e-12
                     0      1.000000000012733  1.818989403545856e-12 -3.637978807091713e-12 -3.637978807091713e-12
 3.637978807091713e-12  5.456968210637569e-12      1.000000000001819 -3.637978807091713e-12 -1.091393642127514e-11
 3.637978807091713e-12    1.2732925824821e-11  1.818989403545856e-12                      1 -3.637978807091713e-12
 3.637978807091713e-12  7.275957614183426e-12                      0                      0                      1
