6
2

0.0001490456234046642
0.0003014897370983097
 0.001189068026688969
 0.002470883592848196
   0.1083903007862646
   0.6253079431558596

  -0.1616029687452083    0.6097403401876819    -0.722913806902705     0.281901685108701 -0.002360437815632154  -0.00476383208949325
   0.5387352131100603   -0.5623587597894483   -0.4096296702105585    0.4741727067651625  -0.01575503904699002   -0.0251505791215024
  -0.4312815978648871  -0.03876723071930566    0.3463058976648178    0.7168791309016668   -0.2598391804825874   -0.3333667985445434
  0.07655716253872093   0.05827487894125555   0.03893183914765597     0.021151759883356   -0.7938268235643521    0.5988480011593514
  -0.6025623138596476    -0.407759752398575   -0.1804240157085242   0.08620354919842951    0.3323054902842947    0.5658973635104511
   0.3587515752874546    0.3752365486815941    0.3944652998317891    0.4170102479903526    0.4377691659776067    0.4575506282163839

 0.399917906484638
0.4000246289937168
0.4001079920030369
0.4001919071460157
0.4002925564418554
0.4003557845395194

-0.0005906747264825964
     0.400031781306341

    0.229469832179543     1.931820138827658     5.272840960241252    -7.113581527192486  -0.08754849024148571   -0.2333174354571862
    1.473555769379843   -0.1948495613972102    0.3581486494609526   -0.5962859057838906 -0.005385780253099465  -0.03529709491289754

-1.038531639176528e-07 -5.897775876697054e-07 -4.732111297746021e-06   7.00502510034279e-07   -0.03115312642019739   -0.08772387686049803
 -1.74109658160388e-08  4.317140436123207e-08 -1.298274278924824e-06  5.245954788855707e-07   -0.01111688610241385      0.128891653155004

cov:
0.05459001433774937 0.05552310508173704 0.05661084538543152 0.05788564990640081 0.05905560905596153 0.06017751977264393
0.05552310508173704 0.05700862869758502 0.05874077852251379 0.06077125117558888 0.06263784721026845 0.06442167499080058
0.05661084538543152 0.05874077852251379 0.06122493414046461 0.06413722108172375 0.06681676185906933 0.06937300216349751
0.05788564990640081 0.06077125117558888 0.06413722108172375 0.06808373890524111 0.07171671191998516 0.07517885904962787
0.05905560905596153 0.06263784721026845 0.06681676185906933 0.07171671191998516 0.07623517042274557 0.08052644351096808
0.06017751977264393 0.06442167499080058 0.06937300216349751 0.07517885904962787 0.08052644351096808 0.08562362683372395

cov.inverse():
 4501197.846482822 -7756122.604229574  2725943.846914727    541250.40359349 -6919.015086041162 -5242.073243568631
-7756122.603223469  20216843.27474497 -17317151.55895467  4784477.880472193   32221.4518515835  39683.43896578242
 2725943.844995468 -17317151.55626445   25456366.9277913 -11134897.96101796  79105.48710864432   190526.997557539
 541250.4045430666  4784477.878730443 -11134897.96023463  6414457.048036497 -246635.5100325209  -358601.574158158
-6919.015097698149  32221.45186577376  79105.48711310631 -246635.5100398713  153959.9858337741 -11716.97291966206
-5242.073268326095  39683.43900918691  190526.9975407533  -358601.574159665 -11716.97292001686  145349.3079152488

cov*(cov_.inverse()):
    0.9999999999508873 -2.451088221278042e-10 -7.457856554538012e-11 -1.564330887049437e-10  6.821210263296962e-13  1.818989403545856e-12
 -8.50945980346296e-11     0.9999999999026841 -2.219167072325945e-10  9.094947017729282e-11  4.547473508864641e-13 -1.818989403545856e-12
-8.043343768804334e-11  6.093614501878619e-11     0.9999999997562554  4.001776687800884e-11  9.094947017729282e-13 -1.818989403545856e-12
-7.617018127348274e-11 -2.278284227941185e-10 -3.219611244276166e-10       1.00000000001819  2.160049916710705e-12                      0
-4.882849680143408e-11 -2.519300323911011e-10 -2.328306436538696e-10 -1.455191522836685e-11      1.000000000002274 -3.637978807091713e-12
-4.263256414560601e-11 -9.322320693172514e-11   -1.2732925824821e-11 -1.091393642127514e-11 -1.591615728102624e-12                      1
