5
2

0.0001450326469484904
0.0002091597262707922
0.0004502475492811228
  0.03794160340526909
   0.5666353687183343

  0.0282474505002543   0.0799712969418328  -0.5752992983656516   0.7592561623230579   -0.292177121760291
 -0.1320463144604268    0.696052660139764  -0.5282221940392908  -0.3483584626995715   0.3125734479121428
  0.6050905184336731  -0.4804587033161558  -0.4356262820857856  -0.1316528131096362   0.4426309727819117
 -0.6536330743540675   -0.288797617004028 -0.02472779911909064   0.2821468748766144   0.6396416320654336
  0.4340450679247175   0.4414415666861835   0.4468000775863274    0.453031057696636   0.4602898800136654

0.4016388083755314
0.4018390937818974
0.4018480964226245
0.4018612597761676
0.4018746686440939

-0.0003235190287895974
    0.4017933820767544

-5.080547685185913  5.433946621712767  9.597628606250224  8.906923689378052 -18.85760278347768
0.7251567229771705 0.6818703587050349  0.781598525313123  0.662221282131419 -1.850855504280145

 1.481233620417524e-07 -4.205776145612864e-07 -3.929891635816925e-06   -0.01156672296276205   -0.05235016702667561
 1.407067181247771e-08 -3.688870432956744e-08 -2.302402974508713e-07  -0.002428944986112715     0.1326208233692492

cov:
0.06110419364128341 0.06179155039853788 0.06228985578997055 0.06286949736088698 0.06354477847810049
0.06179155039853788  0.0626883547794609 0.06333802146615816 0.06409357360960499 0.06497374749468132
0.06228985578997055 0.06333802146615816 0.06409736742939998  0.0649802717294425 0.06600881874727448
0.06286949736088698 0.06409357360960499  0.0649802717294425 0.06601126627247525 0.06721227555250989
0.06354477847810049 0.06497374749468132 0.06600881874727448 0.06721227555250989 0.06861429173402102

cov.inverse():
 2242877.872686204 -3427488.116527883 -478467.7719498127  1677996.708962025 -14943.16806273642
-3427488.115862072  12517403.42973109 -9559108.871211348 -2343991.197196843  2813216.103410829
-478467.7730357432 -9559108.868118271  23048615.68175197 -16276821.61965889  3265873.242466984
 1677996.709250911 -2343991.200536308 -16276821.61555468  30265456.66211662 -13322683.34737527
-14943.16793151352   2813216.10432306  3265873.240369893 -13322683.34632164  7258499.421854763

cov*(cov_.inverse()):
     1.000000000049454 -1.164153218269348e-10  8.731149137020111e-11  2.328306436538696e-10 -1.164153218269348e-10
 5.024958227295429e-11      1.000000000058208  -2.91038304567337e-11 -1.164153218269348e-10  1.164153218269348e-10
-5.002220859751105e-12  1.455191522836685e-10      1.000000000087311                      0  1.746229827404022e-10
 3.410605131648481e-11                      0  8.731149137020111e-11     0.9999999997671694  1.164153218269348e-10
 5.138645065017045e-11 -5.820766091346741e-11   2.91038304567337e-11                      0                      1
