5
2

0.0008807906231262049
  0.00214697056571589
 0.002391610826597408
   0.1019804251680662
   0.5874516409962136

  0.4533682427018401  -0.8592430085449217   0.1142943089641874   0.1287375983327825    0.162856165035355
 0.08202834054935505  0.04553656084723919  0.09715380280063712  -0.8039132538946765   0.5792084182630406
 -0.3250224621593206  -0.1295637640960377   0.8809197381102603   -0.140222494087566  -0.2861672540399619
 -0.7340385767465996  -0.2489322565626352 -0.08094120017010212     0.29827298769516   0.5510915045769506
  0.3785186320326699   0.4252926481480463   0.4415052510022363   0.4780386887598601   0.5023961922840824

0.4002430267382537
0.3998701148514222
0.3996519240366131
0.3992437630477265
0.3989545198882729

0.003184220332327584
  0.4008443590279481

   3.288381747555124   -1.641838752719721 -0.03017556197928686  -0.4974041699792021   -1.118938294683646
   1.557326950909236  -0.4363402454556565  0.00563902635662264 -0.04691574567268428 -0.07968457651629507

 2.057305137786376e-06 -2.589770415050545e-07 -2.818184474688484e-06   -0.02878357556113606   -0.09207240216989328
 8.243508528973364e-07  4.608817758186122e-07 -2.375337057413751e-06   -0.01136598597615692     0.1186913788668931

cov:
0.05504903836652784 0.05745482378954505 0.05828865897136173 0.06016753563201193 0.06142006074242965
0.05745482378954505 0.06306459636717622 0.06500779317688148 0.06938855334881211 0.07230931610190984
0.05828865897136173 0.06500779317688148 0.06734178531602865 0.07258337137735554 0.07608162601448828
0.06016753563201193 0.06938855334881211 0.07258337137735554 0.07979082221915282 0.08458834957886882
0.06142006074242965 0.07230931610190984 0.07608162601448828 0.08458834957886882  0.0902643004347959

cov.inverse():
 284926.7345023515 -493945.7125290921  18470.56256931855  68874.87279634236   121702.345448685
-493945.7125286243  955061.7762629122 -145580.9461957274 -147357.7523752837 -168182.8138275581
 18470.56256853163 -145580.9461942557  154559.8650301436 -19575.33965899853 -7876.032812293874
 68874.87279683017 -147357.7523765865 -19575.33965834138  165015.8363311335 -66959.51914172004
 121702.3454485164 -168182.8138272594 -7876.032812266236 -66959.51914187787   121315.241362968

cov*(cov_.inverse()):
                     1 -7.275957614183426e-12  4.547473508864641e-13                      0 -1.818989403545856e-12
-1.818989403545856e-12      1.000000000003638 -2.160049916710705e-12                      0 -1.818989403545856e-12
-3.637978807091713e-12  5.456968210637569e-12      1.000000000001023 -9.094947017729282e-13                      0
-3.637978807091713e-12  5.456968210637569e-12  7.958078640513122e-13     0.9999999999990905                      0
-1.818989403545856e-12  3.637978807091713e-12 -6.821210263296962e-13 -9.094947017729282e-13                      1
