6
2

0.0001548196016682619
0.0003048801218367227
 0.001056512873216176
 0.002243856924115225
   0.1137630871131432
   0.6191243722995222

  -0.1632535889419681    0.6034471308656669   -0.7232155690047833    0.2934248885577684 -0.003349764245120744 -0.007048443162325401
   0.5282645254388419   -0.5698112675685918   -0.3964650990661196    0.4876612477235701  -0.02146549376987454  -0.02815805005940506
   -0.434624177056022  -0.02834054636493916    0.3639841389565119    0.7031431554147258   -0.3222922772943116   -0.2820134318220817
   0.1908801617562415    0.1150854037524446   0.02999784801775035  -0.05307051640561498   -0.8147508174974312    0.5317752048385302
  -0.5842081005636149   -0.3963219720482792   -0.1763995358182396   0.07325673806380796    0.2177316139538978    0.6463276166805868
   0.3572846773408876    0.3742295249556158    0.3940476436131546    0.4165273290597706    0.4294528487802389    0.4680829107890001

0.3963304931595178
0.3962013554401626
0.3960143429399623
0.3957798755985269
0.3955985026735786
0.3952125090280448

0.002557166419782286
  0.3968618019094804

  0.3723254476221131    2.130448694411769    4.514312697668034     -6.6513685636833 -0.04557718654756174  -0.3205620888354339
   1.536011818602862  -0.1097071426850809  0.08181757496852268  -0.4763174790610357 -0.01503281649056842  -0.0165514023052733

-9.561892370864479e-08 -5.614893364477306e-07 -3.517021964898054e-06  3.380082368344593e-06   -0.03316463913191824   -0.08852368694980696
-1.236158937739396e-08  5.670086341696243e-08  -1.07168799843104e-06  1.569616257089081e-06   -0.01187002481272699     0.1254878577648744

cov:
0.05334858301705194  0.0542483187935403 0.05529940334837508 0.05649023685979825 0.05716780955967715 0.05921902237263737
 0.0542483187935403 0.05571532383299711 0.05743006957555941 0.05937409903997069 0.06048680731572263 0.06383062248071014
0.05529940334837508 0.05743006957555941 0.05992157164534809 0.06274711882363965 0.06436910624033092 0.06922570783830688
0.05649023685979825 0.05937409903997069 0.06274711882363965 0.06657328430555078 0.06877333683953621 0.07534707744182297
0.05716780955967715 0.06048680731572263 0.06436910624033092 0.06877333683953621 0.07131168947468697 0.07887300345789958
0.05921902237263737 0.06383062248071014 0.06922570783830688 0.07534707744182297 0.07887300345789958  0.0893928441235001

cov.inverse():
 4290648.625507817 -7333015.336045782  2532049.397766954  497162.6008933106 -4583.885018025938  17918.66647989024
-7333015.336014345  18688811.09061885 -15785850.43588715  4378759.365906032  36806.89136593778  14457.90273619316
 2532049.397754167 -15785850.43591376  23631355.24303835 -10704494.97040585  82676.02229613953  243972.3384113237
 497162.6008318649  4378759.366072711 -10704494.97053744  6593997.979784506 -348056.1691898324 -417264.0348099208
-4583.884987779914  36806.89128440204  82676.02237061775 -348056.1692133557  230330.2584912928  2874.011890094814
 17918.66649245057  14457.90270908226  243972.3384290468 -417264.0348127582  2874.011889759902  138051.3513547877

cov*(cov_.inverse()):
    0.9999999999868123 -1.432454155292362e-11 -8.731149137020111e-11  5.093170329928398e-11 -2.842170943040401e-13 -1.818989403545856e-12
-1.432454155292362e-11      1.000000000058776 -1.509761204943061e-10  1.818989403545856e-11  2.302158463862725e-12  1.818989403545856e-12
-7.503331289626658e-12 -1.442685970687307e-10     0.9999999999636202 -5.456968210637569e-11  9.379164112033322e-13  1.818989403545856e-12
 -1.13686837721616e-11 -3.888089850079268e-11 -2.328306436538696e-10     0.9999999999527063  7.105427357601002e-13                      0
-8.185452315956354e-12 -1.236912794411182e-10                      0 -5.093170329928398e-11                      1                      0
-1.523403625469655e-11 -4.092726157978177e-11 -4.001776687800884e-11 -3.637978807091713e-11  1.932676241267473e-12      1.000000000001819
