5
2

0.0004376881663221358
 0.002285792528906113
 0.003050330566308666
   0.1071535442671894
   0.5769505136043208

 -0.6097762663807904   0.7859475505957055 -0.05707514555390159 -0.06691424956919749 -0.05219447897916558
   -0.30056774142832  -0.1899175802312255   0.6821959455073413   0.3455923930642095  -0.5373685284060583
-0.01223471750112011 0.002460277368141339   -0.572090382377901   0.7926033484345015  -0.2105630194598827
  -0.620969479932997  -0.4231342079528639  0.02051441614107754   0.1754246205170749   0.6357355647583962
  0.3899732740211735   0.4088632406161034    0.451268072008694   0.4659340249730649   0.5099159809027967

0.4004705732821414
0.4004720624086027
0.4004718404704133
0.4004089624978023
0.4002696746423923

0.0007868508438989888
   0.4007578105325507

   2.687552355198973  0.02885544979357885  -0.5192258821370425  -0.8678027978618504   -1.329508145916027
   1.746696972535961  -0.4958148398107649  -0.0489988838318807 -0.07499309888978839  -0.1268579993871232

-2.795078349846735e-07   -3.9340786951769e-06 -1.336542366583117e-06   -0.03087706481159053    -0.0854531552470307
-2.759278119794527e-07 -2.204944143050901e-06 -2.538883774871734e-07   -0.01113350168184268      0.118736831525554

cov:
0.05505087025102238 0.05609211454536352 0.05843235888496179 0.05923204339691441  0.0616609202268394
0.05609211454536352 0.05770196399110517 0.06131680483313254 0.06256057914759508 0.06631097423438072
0.05843235888496179 0.06131680483313254 0.06779729853075331 0.07002836092711505 0.07674570266322381
0.05923204339691441 0.06256057914759508 0.07002836092711505 0.07262447412292421   0.080364082446647
 0.0616609202268394 0.06631097423438072 0.07674570266322381   0.080364082446647 0.09119389123648493

cov.inverse():
 1958277.702137537 -2490750.199059711  143179.2302791228  192058.2388870459  197292.7361432821
 -2490750.19906052  3231383.951176281 -259107.6294936553 -286883.6470052286 -194681.1371513003
 143179.2302792176  -259107.629493762  141252.9891776086  16326.62998184349 -41664.17560683892
 192058.2388887828 -286883.6470072982  16326.62998185744  113752.5874040065 -35238.92424399352
 197292.7361422592 -194681.1371499329 -41664.17560686463 -35238.92424431235  74289.34503334165

cov*(cov_.inverse()):
     1.000000000038199 -1.818989403545856e-11  2.728484105318785e-12 -3.183231456205249e-12  9.094947017729282e-13
 2.364686224609613e-11      1.000000000012733  3.183231456205249e-12 -1.818989403545856e-12                      0
-1.818989403545856e-12   4.18367562815547e-11      1.000000000002728 -4.547473508864641e-12 -1.818989403545856e-12
 3.637978807091713e-11 -7.275957614183426e-12  5.002220859751105e-12      1.000000000000455  9.094947017729282e-13
 7.275957614183426e-12  7.275957614183426e-12  9.094947017729282e-13 -9.094947017729282e-13                      1
