5
2

0.0001408044343354216
 0.000400794491397537
 0.001325607034454864
   0.0619267911517367
   0.5411424170724201

-0.07830131588385553    0.649043784310683  -0.7374550660007007   0.1695958421780705 -0.00288893134867303
 -0.5404561985490128   0.5466011045644026    0.429667245029226  -0.4724198863039251   0.0366038182776966
  0.3523094567134746 -0.06497966414538223  -0.2478485339070867  -0.6558843532388999   0.6164758789882275
 -0.6319006805222043  -0.2928409647338951  -0.1183193942569878   0.3251780999721973   0.6286536594742992
  0.4223216523535566   0.4358798127441985   0.4428517916432815   0.4605774851372562   0.4726561981170038

0.3834779714593258
0.3816795536388675
0.3808521407398958
0.3784404213292072
0.3768613931626348

0.02629867146440804
 0.3870790163872753

  0.7572092930618705   -2.425114529482699    12.44406777072939   -10.50647087003541  -0.2697328676931406
   1.562030583191336  -0.5588349479228123   0.9629661118350833  -0.9435634060885344 -0.02259041317591601

-2.496339377834138e-07  1.375944374209339e-06  7.142905341748193e-06   -0.01851014232347891   -0.05649659752741646
-2.686647430216613e-08 -4.674236112418508e-08  1.674474163888307e-06  -0.004825733479262738     0.1163387566890455

cov:
0.05376032212918389 0.05461507312130265 0.05505428414787631 0.05617153127545985 0.05693064657579562
0.05461507312130265 0.05596502942899421 0.05665894008226247 0.05842338461423723 0.05962420949243732
0.05505428414787631 0.05665894008226247 0.05748398745273893  0.0595815675269773 0.06100974849013092
0.05617153127545985 0.05842338461423723  0.0595815675269773 0.06252588804224117 0.06453192226396379
0.05693064657579562 0.05962420949243732 0.06100974849013092 0.06453192226396379 0.06693675366029658

cov.inverse():
 2198336.697502045 -4415368.117547316  1417265.425385972  788082.1062563799  11752.04411102834
-4415368.117689976  23110226.13483965 -22670988.04034688  3968804.259160063  7133.715547533208
 1417265.425591611 -22670988.04070284  28615028.49738579 -7479505.288348647  118396.3224204398
 788082.1061833904  3968804.259443697 -7479505.288575376  3084956.954712478 -362406.3766983206
 11752.04412104235  7133.715477195029  118396.3224968467 -362406.3767144027  225138.7441407755

cov*(cov_.inverse()):
     1.000000000006935 -4.689582056016661e-11  1.418811734765768e-10  3.637978807091713e-12  1.818989403545856e-12
 2.455635694786906e-11     0.9999999997642703  7.185008144006133e-11 -7.275957614183426e-12 -1.818989403545856e-12
 2.557953848736361e-11 -2.370370566495694e-11      1.000000000182808  4.365574568510056e-11 -1.818989403545856e-12
-3.979039320256561e-12 -3.308286977699026e-11    1.2732925824821e-11      1.000000000021828  1.818989403545856e-12
 8.753886504564434e-12 -1.097077984013595e-11  1.155058271251619e-10  1.455191522836685e-11      0.999999999998181
