5
2

0.0002316636203738834
0.0008258614925012097
 0.002359282101467369
   0.1103849335493444
   0.5822222579232275

-0.3684063770215018  0.8019255310221448 -0.4695889992449779 0.01442942720747308 0.02168288457069014
-0.6022029050345166  0.1683917136179889  0.7476407074496803 -0.1375508771215339  -0.176377494936355
0.07566205198534094 0.05935867688690949 0.04582707690063307   -0.78764404070201  0.6068513372622304
-0.5861445901118905 -0.3967364604433857 -0.1798107971544737   0.353660760356985   0.584488532178186
 0.3903052342844144  0.4094342461406196  0.4313786047101286  0.4851932394045604  0.5084539723631856

0.3999685723070482
 0.399896146173523
0.3997719123641053
0.3994677186129205
0.3993028030418169

0.001771695807919578
  0.4003882693951964

  0.4757165635492806    7.020065220417989   -6.255710606603567  -0.4138868833958868  -0.8254488053377608
   1.480296982960932   0.2874942073324441  -0.6596865148557082 -0.03083835690132189 -0.07704482155341602

 4.490970591989248e-07 -2.440951385398813e-06 -4.962072446544704e-08   -0.03129005694142464   -0.08785340825484755
-3.829700923815573e-10 -8.992145665956652e-07  4.250970314409551e-07   -0.01119843321106946     0.1209377525452178

cov:
0.05582658964857455 0.05700437349343048 0.05835824246630437 0.06166819110025824 0.06309775696298436
0.05700437349343048 0.05874381386002315  0.0607408489088429 0.06563059672862942 0.06774357703295307
0.05835824246630437  0.0607408489088429 0.06347481797617453 0.07017463360936332  0.0730706487193658
0.06166819110025824 0.06563059672862942 0.07017463360936332 0.08132826703113698  0.0861426050619379
0.06309775696298436 0.06774357703295307  0.0730706487193658  0.0861426050619379 0.09180040458727715

cov.inverse():
 3061703.191406829 -5652702.555724361  2564027.041848955  11674.03448678829  15108.17023043867
-5652702.555841519  12024857.90782628 -6831673.140684133  173238.6796565816   286899.837175474
 2564027.042003455 -6831673.140871359  4928771.648109365 -283524.4873462429 -378074.4038594552
 11674.03447318995    173238.67968244 -283524.4873586123  143086.0672694301 -44454.06982687579
  15108.1702066775  286899.8372197088 -378074.4038798171 -44454.06982698601  120561.7612542649

cov*(cov_.inverse()):
    0.9999999999654392  6.912159733474255e-11 -7.639755494892597e-11                      0  2.728484105318785e-12
-8.071765478234738e-12       1.00000000003638 -6.184563972055912e-11  1.818989403545856e-12  9.094947017729282e-13
 1.955413608811796e-11 -5.456968210637569e-11     0.9999999999745341 -1.364242052659392e-12 -5.456968210637569e-12
 1.023181539494544e-11                      0  -2.91038304567337e-11     0.9999999999990905 -1.818989403545856e-12
 9.094947017729282e-13  1.455191522836685e-11 -3.637978807091713e-11 -4.547473508864641e-13      0.999999999998181
