6
2

0.0002269049720093315
0.0008012132244402984
 0.002237173568999149
 0.002411226337418087
   0.1146996785467466
   0.6337512117734043

   0.3702889063865045   -0.8009197464721497     0.469895563179012 -0.006252022800396162  -0.01285731646609058  -0.02018531265419621
   0.5885358153273051    -0.180173130765201   -0.7601024843924095   0.08685922452182789    0.1128617583502668     0.152069552722858
  0.02071566072157094   0.02026943123613674    0.0216328179281711    0.2239879288243934   -0.8168846804743011    0.5303026110571929
    0.219526748558496    0.1621679028195009    0.1082192797172648   -0.8792701969709241   0.01466739274207559    0.3747892124498758
  -0.5847324573344755   -0.4009756045378674   -0.1879175761226195   0.01084071200416795    0.3510084444255148    0.5819527930979455
   0.3549345591681665    0.3722559451227522    0.3923645832581338    0.4111109275478862    0.4431413671210417    0.4648769061056356

0.4005147398066247
0.4005331389264581
0.4005151250961622
0.4005588896006977
 0.400451689989709
0.4003929680915086

0.0006211208275946907
   0.4007797837818257

   0.2360048315461396     7.403423814971803    -6.433156833747141  -0.02406856012888151   -0.3825468211461679   -0.7991778300765081
    1.471925963902709     0.294222812841042   -0.6566646315065944 -0.005198717632800581  -0.03133446207267976  -0.07279043145286021

-4.553342854385371e-07  2.264813172941087e-06 -5.050773046826089e-07  1.582830364875801e-06    -0.0328546593996513   -0.09452394049287922
  1.40549987584702e-10  8.328212502993887e-07  4.044685567617881e-08  1.608198042973764e-06   -0.01195455417417342      0.130312373835777

cov:
0.05509680890660149 0.05615209714883126 0.05737944108000565 0.05852192111208623 0.06047227409280109 0.06179482529942562
0.05615209714883126 0.05777259255954915 0.05965512877120633 0.06140846599766802 0.06440370388374769 0.06643563645623522
0.05737944108000565 0.05965512877120633 0.06229758784179172  0.0647594120133253 0.06896653280614984 0.07182122826381342
0.05852192111208623 0.06140846599766802  0.0647594120133253 0.06788845600152868 0.07322006461259835 0.07684162046656827
0.06047227409280109 0.06440370388374769 0.06896653280614984 0.07322006461259835 0.08049614140957383 0.08542570735679388
0.06179482529942562 0.06643563645623522 0.07182122826381342 0.07684162046656827 0.08542570735679388 0.09125654035046582

cov.inverse():
 3211109.393536378 -5919212.872826556   2686831.33523348  2395.359541293735  8159.184500107741  10565.12203120165
-5919212.872798338  12514381.72250306 -7093297.473413421  49260.53831324471  165423.6045257543  283907.9769669617
 2686831.335201423 -7093297.473379085  5190713.807245078 -175305.2693636175 -254242.9050461935 -355025.0847781036
 2395.359533374162  49260.53833000733 -175305.2693730767  155511.0913318934 -21943.49671176078 -9919.527948780775
 8159.184506465918  165423.6045123815 -254242.9050386083 -21943.49671195939  156428.4375567759 -53815.49835978778
 10565.12203660598  283907.9769574484 -355025.0847739492 -9919.527949198869 -53815.49835941535  124312.4077536156

cov*(cov_.inverse()):
     1.000000000046725 -6.184563972055912e-11  4.365574568510056e-11  4.547473508864641e-13  1.818989403545856e-12 -3.637978807091713e-12
 2.683009370230138e-11     0.9999999999490683 -3.637978807091713e-12 -4.547473508864641e-13  1.364242052659392e-12                      0
-1.398348103975877e-11 -1.818989403545856e-11      1.000000000061846   1.13686837721616e-12  9.094947017729282e-13                      0
-1.023181539494544e-12  5.456968210637569e-11 -1.818989403545856e-11      1.000000000001137  3.637978807091713e-12                      0
 7.469225238310173e-11                      0  5.820766091346741e-11  -1.13686837721616e-13      1.000000000003638 -5.456968210637569e-12
-1.125499693443999e-11  5.093170329928398e-11  5.820766091346741e-11 -2.273736754432321e-13 -9.094947017729282e-13                      1
