6
2

0.0002623072883226581
0.0007603452832628062
 0.001253665764469985
 0.001992611854066668
   0.1162967843871886
    0.702517296176045

  -0.3343772047075355    0.7925222477769642   -0.5090724578240391   0.02381472255204986   0.01587911840757112   0.01123908465500934
  -0.6080424859239767    0.2219261720707547     0.732100480251026   -0.1639657344669668   -0.1193524627513809  -0.06270744639608619
   0.1215216962565609    0.0580893149185412 -0.002448178179030144  -0.09935648535600981   -0.7348938068441887    0.6571997388424494
   0.1534834568560458    0.0760596030651189 -0.005326052223238295   -0.8690505582585463    0.3831239960944553    0.2619093912557068
  -0.6048906606882883   -0.4294477977006172   -0.2429669063370041    0.1512481108561811    0.3116359047583989    0.5202461262854843
   0.3380219145349865    0.3592665003204877    0.3818466204087107    0.4295946017830339    0.4489242724311804    0.4741069512937235

0.3998433649942749
 0.398729783293785
0.3975045867182562
0.3949621768767992
0.3939056009733186
0.3925934519267157

0.01543933152097563
 0.4020374471275668

  0.4466946001825425    5.078499778286858   -3.675997728723692   -0.813892142510249   0.4616561624131398   -1.497383658193559
    1.27803731109823   0.7001340598588783      -0.915238339388  0.07035590185605298  -0.0351093920541839 -0.09700719959660142

 3.934226590701473e-07 -9.617162037023907e-07 -1.389667786329811e-06  3.837147119680776e-06   -0.03132708215456303    -0.1384130704730177
 4.083415837179726e-08 -7.475339621635771e-07  2.409044070732209e-07  6.125806720087224e-07   -0.01220137777757193     0.1493077657051074

cov:
0.06133923172680401 0.06344764698104041 0.06568872468853178 0.07042888170090954 0.07234201325237333 0.07483660084269737
0.06344764698104041 0.06619562471368713 0.06911611860218626 0.07529220758182426 0.07778828399788891 0.08104183526479321
0.06568872468853178 0.06911611860218626 0.07275887549717491 0.08046131004188618  0.0835769866034409 0.08763724182085086
0.07042888170090954 0.07529220758182426 0.08046131004188618 0.09139424062799591 0.09581634699140938  0.1015824628701468
0.07234201325237333 0.07778828399788891  0.0835769866034409 0.09581634699140938   0.100777634615094  0.1072345208159571
0.07483660084269737 0.08104183526479321 0.08763724182085086  0.1015824628701468  0.1072345208159571  0.1145960754144582

cov.inverse():
 2279861.761885948 -4077437.527258696  1703606.194209057  15434.05759524808  6334.558812443442  72249.02541397765
-4077437.527248251  9217367.849778254 -5582832.573523343  191040.3111639708  117253.2327423259  134675.3501251429
 1703606.194192371 -5582832.573500019  4693605.334150463 -382516.9889701511 -268000.5437066504 -163947.9966131636
 15434.05760543444  191040.3111413091 -382516.9889564644  251244.1176520991  1950.972222247222 -77190.80922458469
 6334.558807929457  117253.2327533943 -268000.5437146609    1950.9722240935   408906.583470676  -266472.752705434
 72249.02541454432  134675.3501238608 -163947.9966122035 -77190.80922521956 -266472.7527050438  300743.7344096249

cov*(cov_.inverse()):
     1.000000000020009  -8.36735125631094e-11  3.637978807091713e-11 -9.094947017729282e-13                      0 -3.637978807091713e-12
 -3.54702933691442e-11      1.000000000049113 -4.001776687800884e-11  8.185452315956354e-12  3.637978807091713e-12 -3.637978807091713e-12
 1.818989403545856e-11 -1.818989403545856e-12      1.000000000052751  9.094947017729282e-13                      0 -3.637978807091713e-12
-1.000444171950221e-11 -4.001776687800884e-11  2.546585164964199e-11      1.000000000000909                      0                      0
 -3.54702933691442e-11 -1.818989403545856e-12 -5.820766091346741e-11  5.456968210637569e-12      1.000000000007276 -7.275957614183426e-12
-7.275957614183426e-12  4.547473508864641e-11 -1.455191522836685e-11                      0                      0      0.999999999992724
