6
2

0.0002757865809402941
 0.000887201683611903
 0.002144957659293736
 0.002430238340642181
   0.1134326463620132
   0.6318143351030567

  0.4051824266073894  -0.7993072830157065   0.4427876186267352 -0.00987952491889417 -0.01585159875739531 -0.02291975308928013
  0.5493547322440452  -0.1648600304553627  -0.7847793113607756   0.1079243777851346    0.126668579793364   0.1657087220162572
 0.04583434950143275  0.03845004759046117  0.03072908388074367   0.1261091115552145  -0.8099445987434705   0.5688257805329814
  0.2291903222769412   0.1637273419440818  0.08579236187955488  -0.8967151805143585   0.1045439876458547   0.3134920477457916
 -0.5941395224202598  -0.4084721833196144  -0.1511560815495513 0.002324726153178288   0.3485785243986847   0.5794723033409512
  0.3555359557178702    0.372551291060212   0.3961158798994751   0.4101800779331404   0.4418790690351657   0.4630195691631109

0.4002613010705536
 0.400098198576968
0.3999170674858526
0.3997098850321072
0.3993225757999965
0.3990458107584614

0.003026012622986797
  0.4008392951445069

-0.01755168051309815    6.567253298788365   -5.291784540572789  0.01972376688350329   -0.368357627198703  -0.9092930202741042
   1.443937614306498   0.2288431355542064  -0.5657277998544648 0.006648116352911571 -0.04257978391526029 -0.07108325220592171

-5.759903106418604e-07   2.25539771455623e-06 -5.856765649044781e-07  1.629890502282976e-06   -0.03252115893255143   -0.09239682275540455
  1.17040990974522e-08  9.311893033242377e-07  2.414906367196575e-07  1.696056489358469e-06    -0.0118618105623928     0.1299491694202336

cov:
0.05500248743241683 0.05599758807473012 0.05737455989386251 0.05819637400683209 0.06004942465671233 0.06128527465504467
0.05599758807473012 0.05755235476239896 0.05970437219311613 0.06098829321086722 0.06388348064264637 0.06581437470562651
0.05737455989386251 0.05970437219311613 0.06293045345269029 0.06485479924019541 0.06919413714564883 0.07208819035802001
0.05819637400683209 0.06098829321086722 0.06485479924019541 0.06716759015146499 0.07236248072269144 0.07583061930365366
0.06004942465671233 0.06388348064264637 0.06919413714564883 0.07236248072269144 0.07951108186033874 0.08427071472320281
0.06128527465504467 0.06581437470562651 0.07208819035802001 0.07583061930365366 0.08427071472320281 0.08990372172991523

cov.inverse():
 2551300.537576414 -4366426.033496757  1814773.565635255  -10849.1592516824 -68.19958186804288  11358.24342580611
-4366426.033448458  8439441.192348015 -4486311.961174853  57416.68240494238  136175.3162357269  219586.5783121344
 1814773.565560586 -4486311.961081156  3361665.468969056  -177301.220677815 -222468.5895873827 -290299.5702370512
-10849.15924014941  57416.68238403144 -177301.2206679632  155686.0845696981 -18646.15955126158 -6307.549959982381
-68.19958109268627  136175.3162370234 -222468.5895906358 -18646.15955093948  168133.1308937397 -63128.69808732636
 11358.24343986593   219586.578286351 -290299.5702246196 -6307.549959830909 -63128.69808818539  128785.8830660084

cov*(cov_.inverse()):
    0.9999999999799911 -7.457856554538012e-11  3.637978807091713e-11 -1.080024958355352e-12  1.364242052659392e-12 -2.728484105318785e-12
-7.332801033044234e-11     0.9999999999654392  2.546585164964199e-11  2.444267011014745e-12  1.818989403545856e-12                      0
-6.480149750132114e-11 -1.455191522836685e-11     0.9999999999417923 -1.477928890381008e-12  5.456968210637569e-12 -1.818989403545856e-12
-5.547917680814862e-11 -1.164153218269348e-10 -2.182787284255028e-11      1.000000000001648  4.547473508864641e-12 -3.637978807091713e-12
 -2.41016095969826e-11 -4.365574568510056e-11  -2.91038304567337e-11 -1.932676241267473e-12      1.000000000000909 -1.818989403545856e-12
-3.944933268940076e-11 -2.182787284255028e-11  3.637978807091713e-12 -9.094947017729282e-13  2.728484105318785e-12                      1
