5
2

0.001724830415842755
 0.00217511880888553
0.003129802106968829
 0.06221403459979092
  0.6073186992137692

  0.6721279144395773  -0.5500158200806534   -0.329205074096842   -0.137136712037712   0.3443024915571899
 0.06818578408476095  -0.3699287627052363 -0.05226790719873464   0.8067360482351552  -0.4527122968587323
-0.01466735568299363  -0.5082181138289797   0.8276019893862471  -0.2236370371355618 -0.08099777921977742
 -0.6133650567124016  -0.3477768946830881 -0.09155063763445254    0.254321256834226   0.6555712911650161
  0.4088556485623157   0.4259118318209551   0.4422505093028254   0.4644110729008277   0.4900744969309265

0.3997077109069985
0.3994908636220612
0.3993402355340284
0.3990676543711376
 0.398778100358775

0.003257373138483195
   0.400697442950885

  5.146099387789853 -0.5492805846138847  -1.508321671847511  -1.149179878767905    -1.9396129475306
  2.604134521003488 -0.1871397382828165 -0.4731699732291724 -0.3813497653257457  -0.562616894615152

 1.114830295709652e-05  2.762627851797305e-06 -6.176280181251266e-06   -0.01699627798780008    -0.1037299710997708
 5.556178482061223e-06   1.03413257587999e-06 -1.996646914576745e-06  -0.007565850382033866     0.1191056921734938

cov:
0.06311325824156865 0.06505229995084014 0.06690823354704308 0.06942974555414086 0.07234774273749826
0.06505229995084014 0.06737939868956755 0.06959359425211283 0.07261267044628938 0.07610476277266082
0.06690823354704308 0.06959359425211283 0.07217846477100665 0.07566176545137474 0.07970674102258477
0.06942974555414086 0.07261267044628938 0.07566176545137474 0.07980365206445471 0.08458924255792005
0.07234774273749826 0.07610476277266082 0.07970674102258477 0.08458924255792005 0.09024931659231587

cov.inverse():
 152951.0098263341 -128775.7499546417 -76352.26038015101 -19060.39480006286  71279.00838822425
-128775.7499547205  157009.0393721068  22020.33410551504 -26145.01759243796 -24111.90224105867
-76352.26037992605  22020.33410530329  106929.8118935013 -12637.35422674422 -39955.77307656961
-19060.39480028558 -26145.01759229219  -12637.3542265616  149005.9145609124 -91172.74832058343
 71279.00838830085 -24111.90224107156 -39955.77307673898 -91172.74832047774  83946.71232974762

cov*(cov_.inverse()):
     1.000000000001819 -1.818989403545856e-12 -9.094947017729282e-13  9.094947017729282e-13  9.094947017729282e-13
 1.818989403545856e-12     0.9999999999984084 -4.547473508864641e-13  9.094947017729282e-13                      0
 4.547473508864641e-12 -4.092726157978177e-12     0.9999999999990905 -9.094947017729282e-13  1.818989403545856e-12
 1.818989403545856e-12 -2.955857780762017e-12 -1.364242052659392e-12                      1  9.094947017729282e-13
 1.818989403545856e-12 -2.273736754432321e-12 -1.818989403545856e-12  1.818989403545856e-12      1.000000000000909
