5
2

0.0001346327510527201
0.0006311233614207859
 0.001810561053813769
  0.08715590088462571
   0.6433481669295046

 -0.209954643129876  0.7782129508097528 -0.5916326898811972 0.01088723482538163  0.0124851672787902
-0.6610013131744055  0.3169128414267848  0.6454256284922285 -0.1327724675080458 -0.1686438403196219
 0.1822820218029727  0.1140630377055255 0.07971187568010389 -0.8500334012518048  0.4741857458724973
 -0.576106287814463 -0.3272201763817721 -0.2077143314285657  0.1988840950232589  0.6916128791276835
 0.3922640965956198   0.416974140359865  0.4288324751509547  0.4691921498626653   0.517902384196414

0.3992828823972973
0.3981325024056006
0.3976463611956301
0.3957293469962587
0.3935125165066605

0.01456552903157401
 0.4024004365991427

  3.666511815568509   5.413190756225403  -7.556273005051755 -0.5558291870402914 -0.9674985847217586
  3.160715031855271   -2.38978794130198  0.3176133254419767 0.08568612441586584 -0.1731191406386442

  1.43108604344431e-07 -2.130241601767186e-06  2.285378136775985e-06   -0.02350051346480764    -0.1269977393799031
-4.916688993669579e-08 -1.045094099464644e-06  5.702175424656977e-07  -0.009172987682776884     0.1366284324883514

cov:
0.06620820917680928 0.06913057976613461 0.07053277986100336 0.07530574560804412 0.08105871299835682
0.06913057976613461 0.07277662220006709 0.07452614839234732 0.08048051008271967 0.08766288837170472
0.07053277986100336 0.07452614839234732 0.07644244322027835 0.08296398697955749 0.09083257899108646
0.07530574560804412 0.08048051008271967 0.08296398697955749 0.09141862323996908  0.1016187161123164
0.08105871299835682 0.08766288837170472 0.09083257899108646  0.1016187161123164  0.1146508116874451

cov.inverse():
 3539024.271621014 -9533647.547689656  5786301.822245907  46945.31007827524  161560.9019688153
-9533647.547682198   33667589.8849929 -24884600.99755188  332204.9438014249  418324.7528144633
 5786301.822240516 -24884600.99755848  20358697.59849333 -591176.6502710407 -669271.9724595754
 46945.31007264664  332204.9438327947  -591176.650298645  271219.9215240462 -59225.84975212199
 161560.9019723729  418324.7527971522 -669271.9724439582 -59225.84975398557  148657.2922863263

cov*(cov_.inverse()):
     1.000000000005457  2.182787284255028e-10  2.182787284255028e-10  3.637978807091713e-12  1.818989403545856e-12
-3.274180926382542e-11     0.9999999999054126  4.802132025361061e-10                      0 -7.275957614183426e-12
-1.818989403545856e-11 -2.983142621815205e-10      1.000000000094587  7.275957614183426e-12 -5.456968210637569e-12
-3.274180926382542e-11  -2.91038304567337e-10  3.055902197957039e-10      1.000000000006366 -3.637978807091713e-12
-2.182787284255028e-11 -5.093170329928398e-11 -7.275957614183426e-11 -1.818989403545856e-12      1.000000000003638
