5
2

0.0002439899045451014
 0.001188588574306578
 0.002467269422966498
  0.09732990372797168
   0.5797863020403274

-0.2858394032528138  0.7908200331535042 -0.5405782497888144 0.01324204410157907 0.02234535375507194
-0.4539292957062762  0.3350099433529748  0.7100189767924965 -0.2578503634372725 -0.3333208289681934
 0.1081903428390665 0.05798620092142936 0.03276304759134189 -0.7937815321796484  0.5947856017945646
-0.7441767580281644 -0.2813832804466561 0.01091910124694806  0.2806747191551872  0.5367745127620015
 0.3830663553155446  0.4240672859411635  0.4499506243914824  0.4737830933464859  0.4964887919062324

0.3998351783904016
0.3999854613182595
0.4000438550771518
0.4001211898986067
0.4001617185662519

-0.0003495448891566841
    0.3999775359606764

   0.9963624326814635     6.870742284763273    -7.545390476814603  -0.08861752231987999   -0.2333564203317275
    1.407050132581192    0.1807053952824772   -0.5557811063119937 0.0002256859142841794   -0.0322599234120918

 5.489483558642493e-07 -4.813566381353877e-06  1.159902560577113e-06   -0.02754120279672086   -0.08658188007065945
 2.407459431549793e-09 -1.359176667559357e-06  7.617289496911433e-07    -0.0106218486130565     0.1175325734750607

cov:
0.05457347769265383  0.0565900114806541 0.05786210294094422 0.05902935539287324 0.06014868011184955
 0.0565900114806541 0.06120153629383848 0.06411218753761985 0.06678975543414604 0.06934428017284032
0.05786210294094422 0.06411218753761985 0.06805774005165229 0.07168919503282251 0.07515016581182568
0.05902935539287324 0.06678975543414604 0.07168919503282251 0.07620642054466378 0.08049685492190334
0.06014868011184955 0.06934428017284032 0.07515016581182568 0.08049685492190334 0.08559365130276377

cov.inverse():
 1520296.527646773 -3903724.156158958  2368040.419796334  5138.966040601153  10337.34712217651
-3903724.156166303  10585379.86881781 -7012443.222428755  107195.2057473505  223447.6722276408
 2368040.419809469 -7012443.222451145  5265797.982947938 -254107.9674168094 -367227.9085342798
 5138.966037103481  107195.2057565716 -254107.9674226361  153523.5387255574 -11734.31122664618
 10337.34711988554  223447.6722334649 -367227.9085377099  -11734.3112267493  145176.8607156053

cov*(cov_.inverse()):
    0.9999999999663487  4.547473508864641e-11  -1.01863406598568e-10  1.477928890381008e-12                      0
-4.445155354915187e-11                      1 -3.637978807091713e-12 -3.410605131648481e-13 -1.818989403545856e-12
 2.933120413217694e-11 -1.200533006340265e-10      1.000000000061846 -2.273736754432321e-13 -3.637978807091713e-12
-4.433786671143025e-11 -1.455191522836685e-11  1.091393642127514e-11      1.000000000000796 -1.818989403545856e-12
 9.549694368615746e-12 -4.365574568510056e-11 -4.729372449219227e-11 -1.250555214937776e-12                      1
