5
2

0.0001499812190477603
0.0003022179964595047
 0.001688247295868652
    0.110744614165209
    0.577693746727713

  -0.1684850341750071    0.4869810650127036   -0.7421652352044867     0.428519852851626 -0.004871852217476624
   -0.599911286594718    0.6257047133621565    0.3320599717325161   -0.3716786683427574   0.01382760154931456
   0.2345125941749074    0.0517005910884007   -0.3667257744627846   -0.5940221693931889    0.6745226168695503
  -0.6385989028186505    -0.452942921564841   0.02209359340211415    0.3080566215993373    0.5400436483678949
   0.3858944492571609    0.4043671755730063    0.4516093647192475    0.4800671654770696    0.5031472544696149

0.4005002373415802
0.4006361996136695
0.4008871917108565
0.4010147959543864
0.4011725855204883

-0.001018939610261256
   0.4005598564976476

   0.3771992057672749   -0.6201657681646731     9.209591516089231    -8.931106242757805  -0.03527887936615076
    1.462496125800662   -0.3908981558460283    0.6496899053264649   -0.7143419884186613 -0.006838998727505541

-2.480585230389796e-07  5.263516501602099e-07  5.587716368911287e-06   -0.03099015950363173   -0.08388610754383929
-2.755610177844881e-08 -5.852862435201082e-08  1.437139963697355e-06   -0.01185095019541978     0.1179187268428083

cov:
0.05469895956647466 0.05562370997873404 0.05798702438341063 0.05941216634939247 0.06056842892895526
0.05562370997873404 0.05708531514338366 0.06082167622862618  0.0630734392603558 0.06489958785751017
0.05798702438341063 0.06082167622862618 0.06807097894020502 0.07243769647521808 0.07597777959094217
0.05941216634939247  0.0630734392603558 0.07243769647521808 0.07807782444757354 0.08264986108456322
0.06056842892895526 0.06489958785751017 0.07597777959094217 0.08264986108456322  0.0880643204862825

cov.inverse():
 5221636.506330548 -7753012.421722491  3347680.050381973 -817287.8851695117  1140.352452758581
-7753012.422501191  14830074.08728686 -13798994.31569474  6720027.560871698  1472.674059512697
 3347680.052469309 -13798994.31829924  25740964.88987631 -15413161.30493619  124222.9154350726
-817287.8864965916  6720027.562730252 -15413161.30547944  9799654.084389044 -289645.7054100773
 1140.352471260836  1472.674026700871  124222.9154611416 -289645.7054218359  162805.4432447091

cov*(cov_.inverse()):
     1.000000000056815  1.564615104143741e-10 -2.646629582159221e-10  7.275957614183426e-12 -1.818989403545856e-12
 4.285993782104924e-11     0.9999999999829896 -3.001332515850663e-11 -1.164153218269348e-10  3.637978807091713e-12
 5.228173449722817e-11  8.944311957748141e-11     0.9999999998799467 -1.928128767758608e-10  3.637978807091713e-12
  2.41158204516978e-11  1.027302687361953e-10 -5.456968210637569e-11     0.9999999997671694  3.637978807091713e-12
-1.357136625301791e-11  7.460698725481052e-11  1.000444171950221e-10  1.091393642127514e-11                      1
