5
2

0.001777722913968999
0.002244294840168449
0.003098237530430481
  0.0652354838529392
  0.6088109017483003

 -0.6437239868086861   0.5709292335101019   0.3601875042650191  0.06674613142474216  -0.3542162543445256
-0.02441939064531614   0.3463155823991586   0.0197686897268206  -0.8114106069263304   0.4697778588034691
0.004538676065091218  -0.5210222252808522   0.8171768016350046  -0.2385157148473729 -0.06202878221758234
  -0.649287470753142  -0.3169480046183868 -0.07629055385309755   0.2524161834926069    0.639089637214707
  0.4042626657387571   0.4268315016993371   0.4430304582533729   0.4653537417805393    0.491483951230903

0.4004481422675712
0.4004572487144016
0.4003795070824371
0.4002978888834171
0.4002018925535465

0.0009982677506277986
   0.4008185913353705

  4.690706197982777 -0.5369714617272067  -1.334231869244083  -1.024008774851828  -1.795984530067759
  2.375547335087369 -0.1751218344448628 -0.3918354975978157 -0.3040698692144189 -0.5045899007350638

-1.023572781393768e-05 -1.711041125087121e-06 -4.162108883682976e-06   -0.01778829764398777    -0.1049861432251716
-5.094005831584318e-06 -5.879151095110179e-07 -1.097655581390814e-06   -0.00789956561473717     0.1195365725431141

cov:
0.06237021000878566 0.06483108588894373 0.06659389555948456 0.06903120832810229 0.07187883424721815
0.06483108588894373 0.06795879645307414 0.07018931131023431 0.07328090781873692 0.07689388564682585
0.06659389555948456 0.07018931131023431 0.07278142578624232 0.07633170414013123 0.08049802677782553
0.06903120832810229 0.07328090781873692 0.07633170414013123  0.0805409553789182 0.08545762591926542
0.07187883424721815 0.07689388564682585 0.08049802677782553 0.08545762591926542 0.09127279104796882

cov.inverse():
 131340.7327945018  -118169.584727871 -73064.24163965623 -9812.525992277977  69746.76850617724
-118169.5847277705  155257.9055614403  22080.68112710658 -30803.43462369708 -28371.59333144645
-73064.24163968913  22080.68112713176  110697.8939455409 -15886.39475024179 -43818.59326049264
 -9812.52599246639 -30803.43462340843 -15886.39475028815  138065.6627955489 -81579.97075745725
 69746.76850629802  -28371.5933316598 -43818.59326045395 -81579.97075740334  84014.37569304732

cov*(cov_.inverse()):
    0.9999999999990905 -2.273736754432321e-13  4.547473508864641e-13  1.818989403545856e-12                      0
 3.637978807091713e-12     0.9999999999990905 -1.818989403545856e-12  9.094947017729282e-13  1.818989403545856e-12
 9.094947017729282e-13 -1.818989403545856e-12      1.000000000000455  9.094947017729282e-13                      0
 9.094947017729282e-13  9.094947017729282e-13 -4.547473508864641e-13     0.9999999999990905  9.094947017729282e-13
                     0 -9.094947017729282e-13  4.547473508864641e-13                      0      1.000000000000909
