5
2

0.002126889328614811
0.002297103831430476
0.003164080168203926
 0.09816912857993884
  0.5956524508695465

 -0.1545730308790227 -0.04460847749552582  0.07744076136540214   0.7539332347771799  -0.6322221665189919
 -0.4051256510535133    0.774948266798821   0.2322648618074004  -0.3078505337158828   -0.294294875090283
 0.05508591038752735   0.4313235463195854  -0.8582031967504108   0.2374963784304658   0.1341949484401795
 -0.8198846507677187  -0.1494051378292334  0.01631573695846782   0.2390421610691678   0.4980561275444845
  0.3697770772987596   0.4348601737358327   0.4508625425377605   0.4725114198123243    0.497611764617916

0.3999662622325979
0.3992794761725316
0.3991053568567954
0.3988069204309256
0.3984873806058627

0.003582025494099603
  0.4006191453048012

   2.675084787603342  -0.2450144548516362  -0.8059594703107793  -0.5606822921641088   -1.063442762507405
   1.367049728961552 -0.05658871380382718   -0.119086353068255 -0.08624718492664291  -0.1051194582911022

-9.742389347519619e-07 -5.146050888217169e-06  4.580089976719779e-06   -0.02730680118586023   -0.09751705416810418
-9.797003712193964e-07 -2.996379094415943e-06  1.186426665009529e-06   -0.01144206248911251     0.1185543534608861

cov:
0.05499308062904804 0.05823172434889692 0.05902213751089022 0.06010385903789413 0.06135128078008327
0.05823172434889692 0.06731438477895622 0.06953695300210477 0.07255883574931846 0.07605849703984735
0.05902213751089022 0.06953695300210477  0.0721333162936719  0.0756216011847155 0.07967796986385392
0.06010385903789413 0.07255883574931846  0.0756216011847155 0.07976987331353726 0.08456958714993139
0.06135128078008327 0.07605849703984735 0.07967796986385392 0.08456958714993139 0.09024817676536794

cov.inverse():
 36759.12754978193  -55587.1295882765 -25201.65885494419 -839.2044759970923  44894.44897122376
-55587.12958827979   132836.531649856 -3626.476397819838 -42417.42175468661 -31212.05693243251
-25201.65885493099 -3626.476397841334  85117.34013302134 -21001.88217872835 -35279.13890336314
-839.2044760131814 -42417.42175466369 -21001.88217871506  149254.9985036968 -85002.87680870238
 44894.44897122997 -31212.05693243728 -35279.13890338474 -85002.87680868222  106597.5945990226

cov*(cov_.inverse()):
     1.000000000001364 -1.591615728102624e-12 -9.094947017729282e-13  1.818989403545856e-12                      0
 9.094947017729282e-13     0.9999999999986358 -4.547473508864641e-13  9.094947017729282e-13 -9.094947017729282e-13
 9.094947017729282e-13  4.547473508864641e-13      1.000000000000455                      0                      0
 1.364242052659392e-12  4.547473508864641e-13  4.547473508864641e-13      1.000000000000909                      0
 9.094947017729282e-13  1.364242052659392e-12 -4.547473508864641e-13                      0                      1
