5
2

0.0001378342798634878
0.0007805000626215754
 0.002525983857181872
  0.05003266401706911
   0.5662213270399183

   -0.435890988235526    0.8147970516101722   -0.3822256980407753 0.0004819558618624098  0.002845090194860634
  -0.5023161360107151    0.1101761829647491    0.8057940436950546   -0.1886968737470085   -0.2250092380198224
   0.1490035115796662   0.09605653698112231   0.03781978432401591   -0.8222917800509719    0.5394228282288509
  -0.5966178762103278   -0.3563333151286915  -0.07396328191468286    0.2789278888384406    0.6586367314933278
    0.423701084730176    0.4333205322013716    0.4446330754058999    0.4587251016081286    0.4739023281024222

0.4006054252423662
0.4005996358617586
0.4005948511059078
 0.400587705627871
0.4005603623454027

6.96702830827032e-05
  0.4006267932617419

   6.053751360660706    7.724380242773465   -12.99691578088158  -0.3137634696075962  -0.4676448707658973
   3.524372847351434  -0.2530707474110377   -2.194475983672544 -0.03166396157310863 -0.04523880734534319

 1.637899479163687e-07 -7.613694971151722e-06  7.390091767398835e-06   -0.01451509935162807   -0.07447506154858352
-1.717070114326207e-08 -2.162817675694236e-06  2.676495977924063e-06  -0.004728280639856444     0.1192398148251894

cov:
0.05844747605019522 0.05939508318344723 0.06050981814358384 0.06189654067711986 0.06339244856435043
0.05939508318344723 0.06051716371849419 0.06183688259438276 0.06347925717563516  0.0652498925379798
0.06050981814358384 0.06183688259438276 0.06339756690904934 0.06534038131868548 0.06743393749307813
0.06189654067711986 0.06347925717563516 0.06534038131868548 0.06766392638561181 0.07015402968331691
0.06339244856435043  0.0652498925379798 0.06743393749307813 0.07015402968331691 0.07309073437322366

cov.inverse():
 10418771.69590707 -18782977.12883506  8106132.907519573  125268.7338713406  132701.1443493554
-18782977.12883358  34966373.12116213 -16246548.30583234  -25875.8391574751  89352.50554436316
 8106132.907509299 -16246548.30581553  8756073.290576395  -264177.053000132 -351692.9565923815
 125268.7338871035 -25875.83918484218 -264177.0529892248  164465.7378394561  326.5609627448175
 132701.1443423757  89352.50555641322  -351692.956596755  326.5609620480336  129313.7839264799

cov*(cov_.inverse()):
     1.000000000090949 -3.637978807091713e-11 -7.275957614183426e-12  2.252420472359518e-12                      0
 -7.09405867382884e-11      1.000000000338332 -1.455191522836685e-11  2.234656903965515e-12                      0
-3.637978807091713e-12  2.728484105318785e-11      0.999999999996362  4.384048679639818e-12  1.818989403545856e-12
 1.691660145297647e-10  1.982698449864984e-10  8.003553375601768e-11      1.000000000002828  1.818989403545856e-12
 1.818989403545856e-11  1.182343112304807e-10  5.456968210637569e-11  1.765698698363849e-12      1.000000000001819
