5
2

0.0004681322495373008
 0.002235738599982716
 0.002314812784116051
  0.08941292167934556
    0.593278096258939

 0.5875098855922745  -0.798566717703418 0.03767994762063098 0.06844359287699769  0.1049715573340571
0.09014559679026941 0.07561882593336862 0.06990385377826031 -0.8082861852752654  0.5726626043875152
-0.3079431029325568 -0.2251383678929928  0.8876536229798491 -0.1345770772006751 -0.2200995605666219
-0.6297543719649213 -0.3629521828045711  -0.114190510481046  0.3118463717457207  0.6011551478059324
  0.394063931435009  0.4173145322664017  0.4390048356238012  0.4760564756501064  0.5012057316030796

0.4006386844602458
0.4006217686928728
0.4006783108305661
0.4005857449237786
0.4005356303295496

0.000524720519589418
  0.4008597425158258

   7.742019712785464   -6.492677233383096 -0.04277275923790268   -0.381602971315575  -0.8246863723251983
   2.983523785942122   -1.854790999957624 -0.00918783278375504 -0.03551749420535102 -0.08384601996889537

 2.107993783807479e-06  2.005796018793703e-07 -3.897938182816761e-06   -0.02501469345085186    -0.0958851723919851
 7.061918495467344e-07  5.435646745330592e-07 -2.604656428384262e-06   -0.01012219639125002     0.1192159333200547

cov:
0.05782876520138946  0.0597100894822462 0.06146441584215977 0.06445989558792238   0.066492343764253
 0.0597100894822462 0.06235123691222502 0.06481391835866958 0.06902095404540438 0.07187616174602203
0.06146441584215977 0.06481391835866958 0.06794371291856285  0.0732748442159549 0.07689687986605383
0.06445989558792238 0.06902095404540438  0.0732748442159549 0.08054972707859881  0.0854795437097987
  0.066492343764253 0.07187616174602203 0.07689687986605383  0.0854795437097987 0.09131070398620741

cov.inverse():
 1594419.140234498 -2126533.478171439   51272.5747589465  176622.4345430271  304346.4929094003
 -2126533.47817188  2920568.848859882 -173537.0669798302 -255993.0878749295 -364628.1446150214
 51272.57475924991  -173537.066980216  154505.1216907038 -21833.30175568691 -10411.88425290601
  176622.434543744 -255993.0878758483 -21833.30175568193  155472.6740341165 -54265.92153396193
 304346.4929088202 -364628.1446141568  -10411.8842529934 -54265.92153415902  124975.7913983236

cov*(cov_.inverse()):
      1.00000000003638  4.365574568510056e-11 -1.250555214937776e-12                      0                      0
 2.546585164964199e-11      1.000000000040018 -1.250555214937776e-12  4.547473508864641e-13 -3.637978807091713e-12
 3.637978807091713e-11  5.820766091346741e-11      1.000000000000227  1.818989403545856e-12                      0
 2.546585164964199e-11  5.093170329928398e-11  2.273736754432321e-13                      1 -1.818989403545856e-12
 1.818989403545856e-11   2.91038304567337e-11   1.13686837721616e-12  9.094947017729282e-13                      1
