6
2

0.0001760044462910504
0.0008067843767499345
 0.001803671964122496
 0.002349044654364443
   0.0937075381308497
   0.6433498741145888

    0.4178657116854309    -0.8111656213608857     0.4089871169288289  -0.006250704973064436 -1.534488262235023e-05  -0.009436543750509058
   -0.4629819893032492     0.1742276113829341     0.8109512652367541    -0.2296326926459274     -0.114004010867566    -0.1786683363044486
   -0.1650360997649481    -0.1008151942044141   -0.04209168681678494     0.2722384770129442      0.683500540525586    -0.6477197658152194
    0.1931614531468193    0.08018519954900949   -0.04842438715686482     -0.834012101572099     0.4953950766081492      0.113673207149592
   -0.6483881254945212     -0.391311334061406    -0.0993945306298788     0.0697504409177854     0.2928602988432156     0.5709262011739233
    0.3550781633509996     0.3767454636487351      0.401362279627044     0.4155414025247778     0.4343347324423211     0.4577874583318784

0.3968133767022084
0.3966479519862575
0.3964482037415131
0.3962908043528315
 0.396224003997944
0.3959618568262635

0.00221307280219613
 0.3973993035463438

    2.844035363350037     4.050776780359016    -6.422630631789258  -0.09356470907337355  -0.05817890282016489   -0.3207460450193679
    2.448927371548975   -0.7067702924691794   -0.6995725612296861  -0.01401266416694177 -0.004347414864790122  -0.02406988097028279

-1.462322823671367e-07 -3.732263331506949e-06 -1.512403958206321e-06  6.610216191679911e-06   -0.02632105730740597    -0.1046410032756263
 4.060629595965965e-08 -1.182201278517316e-06  -9.58590209550489e-07  2.521947061621266e-06   -0.01104440747710059     0.1257326543096047

cov:
0.05587667924855212 0.05759700126279814 0.05955245767186446 0.06067257860563717 0.06216544029931172 0.06402934734415418
0.05759700126279814 0.06009236188633123  0.0629278719927301  0.0645571228478071 0.06672148156820584 0.06942335869483851
0.05955245767186446  0.0629278719927301 0.06676289765915029 0.06897036645702349 0.07189730036433008 0.07555090448172555
0.06067257860563717  0.0645571228478071 0.06897036645702349 0.07151671318017697 0.07487989978530844 0.07908448441104998
0.06216544029931172 0.06672148156820584 0.07189730036433008 0.07487989978530844 0.07883668794960567 0.08376388741164907
0.06402934734415418 0.06942335869483851 0.07555090448172555 0.07908448441104998 0.08376388741164907  0.0896042764239236

cov.inverse():
 5981215.004936624  -11058034.0888941  4940573.582679355  36008.17062569776  63529.84036772126  36589.51579584928
-11058034.08889966   21291788.1335354 -10491892.35495092  81653.57218444375 -44108.76382361056   220976.158445233
 4940573.582672094 -10491892.35493051  6411056.532895015  -364826.929659677 -155432.8294893857 -339811.9928908721
  36008.1706490174  81653.57213877172 -364826.9296367591  231112.0193843753   22546.7626124003 -6441.877350938797
 63529.84036239293 -44108.76381481974 -155432.8294919091  22546.76261186041  208056.0065685217 -94562.27060911396
 36589.51579066987  220976.1584561506 -339811.9928981152 -6441.877349832489 -94562.27060871465  183258.5461634403

cov*(cov_.inverse()):
    0.9999999999972715  1.073203748092055e-10 -3.637978807091713e-11  4.604316927725449e-12 -9.094947017729282e-13 -1.818989403545856e-12
 2.137312549166381e-11      1.000000000003638  7.639755494892597e-11  1.080024958355352e-12 -1.818989403545856e-12 -7.275957614183426e-12
 2.228262019343674e-11   3.67435859516263e-10     0.9999999999890861  2.387423592153937e-12 -9.094947017729282e-13 -3.637978807091713e-12
 8.185452315956354e-11                      0   1.01863406598568e-10      1.000000000001023 -1.818989403545856e-12 -5.456968210637569e-12
 1.364242052659392e-11  2.874003257602453e-10  3.274180926382542e-11 -1.477928890381008e-12     0.9999999999972715 -7.275957614183426e-12
 2.046363078989089e-11  9.822542779147625e-11  1.818989403545856e-11 -4.547473508864641e-13                      0      0.999999999996362
