6
2

0.0004018381398525526
 0.002119090810760373
 0.002244364410244156
 0.003104446551513058
  0.08954768069633116
   0.6516640101064771

   0.564258189703975  -0.8155599853721412  0.04716528001211324  0.07963151821760868  0.05357457799945461  0.07098329290547165
   0.374222366829566   0.2240526824252482  -0.6135192757641239  -0.3645946588838998  -0.1478899165625972    0.527779708989304
-0.06978752330120309 -0.03417300504142257   0.4372469925375735  0.07039973367407078  -0.8003076750540439   0.3966465398600889
-0.02081012391840168  0.01474991574935656  -0.5048829448954166   0.8255505238423116    -0.23928932881547  -0.0751634244852223
 -0.6385697125547228  -0.3729283981691012  -0.1248788381109514  0.05442310105518188   0.2992872096537679   0.5873871806977614
  0.3584629381933844   0.3797385433541057   0.3996036660115639   0.4138573331155718   0.4335132589363132   0.4565175055746168

0.4006102879562506
0.4005911694895452
0.4006419708920751
0.4005897151471407
0.4005406314582674
0.4004862141569625

0.0005778001749290636
   0.4008453861033806

   6.992487583586582     -5.1741501316153  -0.1637151318717614   -0.486276780849659  -0.3928462876208566  -0.7753194834549888
    2.94111227142832   -1.774056591517479 -0.01888722363628383 -0.03590768851092457 -0.03440001929021386 -0.07767999033831297

 1.298713875527347e-06  6.215362091523257e-06 -2.065843448158027e-06 -3.742683174333631e-06   -0.02497539451004334    -0.1058258960541898
 4.998083737707578e-07    3.1070840245938e-06 -7.993753064970296e-07 -9.002434543097016e-07   -0.01020012530336604     0.1307202055213461

cov:
0.05783828336774953 0.05971637667244918 0.06146884329388898 0.06272079452709783 0.06445999885632342 0.06648731838181009
0.05971637667244918 0.06235297107172861 0.06481357428064026 0.06657645766750006 0.06901418254520354  0.0718628453382428
0.06146884329388898 0.06481357428064026 0.06794213730652575 0.07017344126730862 0.07326647936649933 0.07688173559850228
0.06272079452709783 0.06657645766750006 0.07017344126730862 0.07276683617762093 0.07631911174348546 0.08048848731696674
0.06445999885632342 0.06901418254520354 0.07326647936649933 0.07631911174348546 0.08053121094699014 0.08545201909377144
0.06648731838181009  0.0718628453382428 0.07688173559850228 0.08048848731696674 0.08545201909377144 0.09127265709528375

cov.inverse():
 2004006.197117531 -2830768.951547441  108730.0884645033  245120.6248930731  186468.8680423453  286649.1085720831
-2830768.951545494  4130619.086015935 -272562.8041570035 -419604.2791155322 -272919.5826637932 -335016.6460160813
  108730.088463341  -272562.804155517  162004.8425382818  35934.90215017414 -21084.47000933711 -13014.65585640553
 245120.6248883252 -419604.2791088896  35934.90214989059   140573.527897494  6747.871694440058 -8736.057055939318
 186468.8680475189 -272919.5826714805 -21084.47000880347  6747.871695677934  155751.8256008076 -54961.26343411383
 286649.1085708726 -335016.6460145758 -13014.65585633135 -8736.057055565774 -54961.26343485665  125097.8279439285

cov*(cov_.inverse()):
                     1 -1.091393642127514e-11  3.751665644813329e-12  2.728484105318785e-12  1.364242052659392e-12  3.637978807091713e-12
 1.091393642127514e-11     0.9999999999781721  3.637978807091713e-12 -1.364242052659392e-12  4.092726157978177e-12                      0
-4.001776687800884e-11  1.818989403545856e-11      1.000000000001364 -3.751665644813329e-12                      0  1.818989403545856e-12
-1.455191522836685e-11  2.182787284255028e-11  9.094947017729282e-13     0.9999999999928377                      0 -1.818989403545856e-12
-1.091393642127514e-11 -4.001776687800884e-11                      0 -2.728484105318785e-12      1.000000000001819  3.637978807091713e-12
                     0 -1.091393642127514e-11 -4.547473508864641e-13 -2.501110429875553e-12 -1.818989403545856e-12                      1
