5
2

0.0001445503411203955
0.0003589280209771254
 0.001405666093967264
  0.06146220340896671
   0.5431841727089068

 -0.05586150698906024      0.38813731410598   -0.7933079309480935    0.4656926689323776 -0.004667143987589711
   -0.506700721495439    0.7394757004972612    0.1538819960682359   -0.4146867567809308    0.0280230663321282
   0.3266621797640709  -0.03927392985245729   -0.3777837749055251   -0.5650676563324463    0.6555359196343236
  -0.6760651794298576   -0.3357618215803208    0.0469046695503279     0.284554387970422     0.589091355048343
   0.4199542407776982    0.4338740270812371    0.4495133250232036    0.4592304170096828      0.47163222853918

0.3836037092904782
0.3818068788784743
0.3798550591707839
0.3785696058332174
0.3769921097273486

0.02628378518860513
 0.3872040590736474

  0.8757451532741667   0.4313054297485052    15.35861122871317   -16.38461313896796  -0.2810510101530764
   1.585498945148928  -0.4575908489499392    1.444605820708747   -1.549942337136751 -0.02255728662748613

-4.115127718963178e-07  1.162712878966409e-06  6.996801146303393e-06   -0.01830008281890307    -0.0584373911642856
-4.458710694013571e-08 -3.572997686529446e-08  1.681845068841127e-06  -0.004929134777590788     0.1163231977104601

cov:
0.05376216177058957 0.05461750142548807 0.05557784851286654 0.05617484502630681 0.05693451836286675
0.05461750142548807 0.05596794913968942 0.05748459647687407 0.05842706312599363 0.05962834674732422
0.05557784851286654 0.05748459647687407 0.05962687701299731  0.0609578562750463 0.06265575514615318
0.05617484502630681 0.05842706312599363  0.0609578562750463 0.06253018781513806 0.06453654331401718
0.05693451836286675 0.05962834674732422 0.06265575514615318 0.06453654331401718 0.06694159781222353

cov.inverse():
 2196383.158630552 -3952547.453194174  1453180.436167601  292529.2728774082  10530.18062075427
-3952547.453270122  11455330.04404846  -13845534.1772897  6281526.306001263   61074.1075046642
 1453180.436356152 -13845534.17756287  30375371.55798369 -18068127.96524391  85341.02877424145
 292529.2727724029  6281526.306171965 -18068127.96529002  11875569.92510388 -381647.1951923472
 10530.18061316234  61074.10753117631  85341.02873572655 -381647.1951727528  224715.3610093464

cov*(cov_.inverse()):
    0.9999999999815827 -6.048139766789973e-11 -1.227817847393453e-10  3.274180926382542e-11 -3.637978807091713e-12
 2.614797267597169e-12     0.9999999998799467   1.14596332423389e-10 -6.184563972055912e-11 -3.637978807091713e-12
 3.410605131648481e-13 -5.366018740460277e-11     0.9999999999490683  2.000888343900442e-10                      0
-1.762145984685048e-11  1.500666257925332e-11   1.39152689371258e-10      1.000000000174623 -1.818989403545856e-12
-2.614797267597169e-12 -3.274180926382542e-11 -1.164153218269348e-10 -4.729372449219227e-11                      1
