6
2

0.0001362286131153114
  0.00028191645050023
 0.001017421042895441
 0.002630561470882454
   0.1005480017004936
   0.6480536644859102

  -0.05288592374250572     0.3366845303547052    -0.7854793049468859     0.5164797526705412  -0.005286943887085756  -0.009464718463940583
    0.4508940336903518     -0.770944972589009   -0.06912632981131632     0.4428003865174135   -0.02177490112505207   -0.03183773751408751
   -0.5605945123846303 -0.0009396251563929489     0.4418383224196902     0.6079651675615354    -0.2154430980860417    -0.2729000424131876
   0.07204924278678222    0.05355036931719874     0.0357346953185036    0.02972632053659012     -0.792451756172582     0.6014988413261351
   -0.5879920041946093    -0.3843357355778299    -0.1575299822610192   -0.03470337158071144     0.3612387118485005     0.5916401094524149
    0.3587558386335217     0.3764371045313801      0.396143970177087     0.4067761788521624     0.4411450788498536     0.4610677490301339

0.3984163824218989
0.3981734620693331
0.3978651577205027
0.3977672276636617
0.3971699362940634
0.3968301826359433

0.003920641214253424
  0.3991357727316998

 0.05801218371064548    4.154824521711102    5.596292033739763   -8.751777796465623  -0.4198828611000731  -0.6380104335788972
   1.488841970263657  0.01972093136619595   0.1426258706904536  -0.5300027117809195 -0.06803395430650508 -0.05285937563382942

-1.394063439120345e-07  -5.88897469707551e-07  -2.71205152197671e-06  7.990364305757287e-07    -0.0276806687024972   -0.09979846452637296
-8.481195044282778e-09  3.296112710206605e-08 -1.102200248039667e-06  8.289045973197645e-07  -0.009532947090147558     0.1377839751811734

cov:
0.05754873160208692 0.05900171079046044 0.06062240849668205 0.06149411160658926 0.06431876171442699  0.0659515673378847
0.05900171079046044 0.06100575015874966 0.06323994744656444 0.06444355166916078 0.06833830608093816 0.07059322370489561
0.06062240849668205 0.06323994744656444 0.06615757543034716 0.06773089339642044 0.07281769490691568 0.07576560774415522
0.06149411160658926 0.06444355166916078 0.06773089339642044 0.06950428966420992 0.07523608481450721 0.07855899328903086
0.06431876171442699 0.06833830608093816 0.07281769490691568 0.07523608481450721 0.08305429383391075 0.08757916726484961
 0.0659515673378847 0.07059322370489561 0.07576560774415522 0.07855899328903086 0.08757916726484961 0.09282086504462481

cov.inverse():
 3013136.093350499 -5332151.253931672  1607329.085167591  711362.0631628277 -64.61897908743619  368.5064346703735
-5332151.253497876  13586932.02934162 -13579785.27164337  5074413.562039322  109355.4819101053  142004.7245587548
 1607329.083770561 -13579785.26913311  33494400.56925834 -21985537.92608592   146652.989189639  314900.2287020654
 711362.0641645757   5074413.55982818 -21985537.92476166  17197979.24118602 -398394.0688340993 -598485.3427028881
-64.61899710417929  109355.4819793731  146652.9890703461 -398394.0687654073  143075.6264728135 -643.7601160588562
 368.5064142581093  142004.7246240052   314900.228610351 -598485.3426566492 -643.7601154160081  141846.3824731442

cov*(cov_.inverse()):
    0.9999999999465388 -3.637978807091713e-12 -1.855369191616774e-10  2.182787284255028e-10  -3.68771679859492e-12 -7.275957614183426e-12
-7.238654120556021e-11      1.000000000116415 -4.001776687800884e-10  7.275957614183426e-11 -3.105071755271638e-12 -3.637978807091713e-12
-4.457589852790989e-11  9.276845958083868e-11     0.9999999997926352  5.093170329928398e-11 -3.254285729781259e-12  1.818989403545856e-12
-1.077182787412312e-11 -1.364242052659392e-10  1.891748979687691e-10      1.000000000065484 -3.524291969370097e-12  3.637978807091713e-12
-6.716049938404467e-11 -5.638867150992155e-11   -1.2732925824821e-10  1.600710675120354e-10     0.9999999999944009 -5.456968210637569e-12
-7.652545264136279e-12 -6.184563972055912e-11 -5.456968210637569e-11  1.091393642127514e-10 -9.663381206337363e-13      1.000000000001819
