6
2

0.0001956082741400408
0.0003337185970613825
 0.001010067319551931
 0.002739228061768355
  0.09245071073300114
   0.6139229199040294

 0.03807033885667942   0.2571831167765983  -0.8030064801539428   0.5358893379132921 -0.01141902745533729 -0.01674245794424205
  0.4129748872509578  -0.8090079892000659  0.03815623953003979   0.4145674343821539 -0.02448897950634486 -0.03218772324950706
 -0.5882998812853556  0.04895264682437186   0.4043166622886344   0.6114548464527501  -0.2205898087344277  -0.2559258323738657
 0.08565766680374763  0.05566792636822174  0.03389587926041185  0.01978064476066222  -0.7935706559288046   0.5985559753292451
 -0.5804285598164867  -0.3534160155123085  -0.1761643707971504 -0.02626396082264108    0.365127970832763   0.6108663443568179
  0.3710405537756356   0.3859595291966432   0.3975800732459907   0.4074289644402503   0.4330556672547961   0.4491755365417135

 0.396564468881973
0.3961158137762736
0.3958589027148739
  0.39554088100234
0.3946940388306105
 0.394167831957444

0.006684049016926583
  0.3976079923625923

   1.978472470320332   -1.460140918372789    11.98137913841804   -11.15193486144568  -0.5392190252605834  -0.8083071469765681
   1.656384927098556  -0.5335981477666729    1.041056787430006   -1.047557518524375 -0.04682447491679639 -0.06945343430159556

-6.075273974310298e-07 -2.370489037085705e-07 -2.942598694394195e-06   1.63428329050325e-06     -0.026844619894151   -0.07768280148308972
-5.623936128680689e-08    8.0692020474668e-08 -1.216208717799278e-06  9.178925425932662e-07  -0.008446609208003745     0.1297529871193444

cov:
0.05476835450832274 0.05572804184902191 0.05647358941895359 0.05710714420312007 0.05874918807302197 0.05978528962579154
0.05572804184902191 0.05721268145512989 0.05836760543360067 0.05934749095901211 0.06189275090637255 0.06349596675344639
0.05647358941895359 0.05836760543360067 0.05984221548440327 0.06109239392970565 0.06434266191611336  0.0663885308514198
0.05710714420312007 0.05934749095901211 0.06109239392970565 0.06257131692891492 0.06641803537954737 0.06883843138084324
0.05874918807302197 0.06189275090637255 0.06434266191611336 0.06641803537954737 0.07182729379078225 0.07521698539146582
0.05978528962579154 0.06349596675344639  0.0663885308514198 0.06883843138084324 0.07521698539146582 0.07923529656803635

cov.inverse():
 1909521.073108462  -2771638.07697235 -890223.0398540157  1718138.535825494  15943.65896958669  18350.06530729448
-2771638.076965483  7608293.022942625 -5654948.816478447  619952.2110785024  84654.78083953865   113421.587774554
-890223.0399267614 -5654948.816185367  17025933.25548813 -10862115.83801742  140246.6093005125   241610.475693344
  1718138.53590762  619952.2107201096 -10862115.83769905  9415173.704683894 -385388.1935600258 -506112.9971719224
 15943.65896267557  84654.78086345384  140246.6092724404 -385388.1935486232  140433.1566985344  4131.495285524197
 18350.06529795147  113421.5878228417  241610.4756233751 -506112.9971412364  4131.495285859982  128619.7539803051

cov*(cov_.inverse()):
                     1  8.731149137020111e-11 -5.638867150992155e-11 -1.309672370553017e-10  5.201172825763933e-12 -2.728484105318785e-12
-1.091393642127514e-11      1.000000000077307 -1.637090463191271e-11 -5.456968210637569e-11  1.989519660128281e-12 -5.456968210637569e-12
 2.364686224609613e-11 -1.364242052659392e-11     0.9999999999508873 -7.275957614183426e-11  1.591615728102624e-12  1.818989403545856e-12
  6.59383658785373e-12 -8.003553375601768e-11  1.091393642127514e-11     0.9999999998035491  2.785327524179593e-12                      0
-1.591615728102624e-12  9.094947017729282e-12  3.274180926382542e-11 -9.458744898438454e-11     0.9999999999994316 -7.275957614183426e-12
-1.023181539494544e-11    1.2732925824821e-11  4.729372449219227e-11 -1.455191522836685e-11  2.842170943040401e-12      0.999999999998181
