5
2

0.002212809118048996
0.002259597418346945
0.003119723854971995
 0.09849689852233383
  0.5980696755643591

-0.3771843175156165   0.421396129631864  0.2621389702090881  0.3780562884918491 -0.6844807488754161
  0.217687616884174 -0.6168018375418263 -0.1597126286030993  0.7212939266403156 -0.1624639723655676
 0.0241471562708919  0.4806381919414557 -0.8380634969896888  0.2392805465694772 0.09379892503703739
-0.8210622893441197 -0.1479492546022819 0.01477133310939113  0.2366621436670309  0.4977354443403843
 0.3682631178065355  0.4348318544520284  0.4507842269800407  0.4728047841465875  0.4985506505976363

0.4004370779786282
0.4004394276407294
 0.400371158431118
0.4003077202266841
0.4002342153777746

0.000798774806350101
  0.4007252452813447

   2.694962463045473  -0.3317071859094235  -0.7650368057798891  -0.5675749495212612   -1.030791150829944
   1.363690746689087 -0.06106431212741462  -0.1105471575141513   -0.080062926010008  -0.1119541009474333

-4.239617485740635e-06  3.428642183253077e-06  3.058953228705503e-06   -0.02738133966109718   -0.09975965897903891
-2.559470055100418e-06   1.59616170218153e-06  6.478680528214192e-07   -0.01151531137900622     0.1188031515207973

cov:
0.05504998152597626 0.05845454088678215  0.0592601531251991 0.06039428195536458 0.06170693352056048
0.05845454088678215 0.06784849089230657 0.07008812689053223 0.07319708221917504 0.07682661448484511
 0.0592601531251991 0.07008812689053223 0.07269378222904146 0.07626681388919403 0.08045602936424445
0.06039428195536458 0.07319708221917504 0.07626681388919403 0.08050628045008279 0.08545419239612952
0.06170693352056048 0.07682661448484511 0.08045602936424445 0.08545419239612952 0.09131017573238641

cov.inverse():
 38465.89963417677 -57552.79641224965 -29082.32168563774  2204.798885519563  45990.63112772676
-57552.79641225014  134516.5717705152  467.1924738704084 -42786.42432355436 -34655.01308075969
-29082.32168562986  467.1924738431325  91194.47753007243 -22926.16164303421 -39637.65079014689
 2204.798885505923  -42786.4243235059 -22926.16164306155  136975.8046638886 -73480.57353684818
 45990.63112773304 -34655.01308078141 -39637.65079013895 -73480.57353684066  101782.7148191179

cov*(cov_.inverse()):
    0.9999999999995453  9.094947017729282e-13  4.547473508864641e-13 -1.818989403545856e-12                      0
-4.547473508864641e-13     0.9999999999990905  4.547473508864641e-13 -1.818989403545856e-12  9.094947017729282e-13
                     0  1.364242052659392e-12     0.9999999999995453                      0                      0
 4.547473508864641e-13  1.818989403545856e-12  9.094947017729282e-13     0.9999999999990905                      0
 9.094947017729282e-13  4.547473508864641e-13 -4.547473508864641e-13  9.094947017729282e-13                      1
