7
2

0.0002202464455308942
0.0006849197530133732
 0.002229490599483361
 0.002285952121030461
 0.003107804208681799
    0.115798604170244
   0.6885239599294445

 -0.3496489019687059   0.7906857762207181   -0.501595336668478  0.01051108042869209  0.01841441746175265  0.01331467316725907  0.01835518354499862
  0.5786657119492653  -0.2305970807517357  -0.7543291586675426  0.09694262526885664   0.1359150258298528  0.08217061813040719  0.09130018194211732
-0.09828383507948918 -0.06509482123689889 -0.03386516234184159 -0.03452716367636312   0.1199913240437497   0.7498136016724655  -0.6380796366124087
 -0.2593836455859847  -0.1601888355247699 -0.06300947926441781   0.7810797642018387   0.3192765750223497   -0.319621093963125  -0.2981756089769643
  0.0331240646271688 0.004784077482911945 -0.02609871428921024   0.4856659327704486  -0.8338349089697106   0.2406693517382152  0.09552473774502242
 -0.5989544974881341  -0.4180599748904478  -0.2083309390334641 -0.01241255873175223   0.1291465559637875   0.3224251560564613   0.5498060579742269
  0.3257427782963596   0.3419739183762533   0.3608180592384851   0.3784024995279641   0.3910154439988373   0.4084273618541859    0.428790590684712

0.4004970214044534
0.4005120308306656
0.4004925365743395
 0.400532990597612
0.4004775680526957
0.4004207279318494
0.4003603710342362

0.0006501713973706684
    0.400767117943082

   0.181027976610008    6.747022596948407   -5.159419578017971  -0.1457026237305387  -0.4670033456159934    -0.39616052774132  -0.7594293884747318
   1.470466509398499   0.2554304007845381    -0.58384242656594 -0.01286872659173963 -0.02795965112524636 -0.03136151219956937 -0.06971990289829061

 3.798251225279945e-07  1.060821741271543e-06 -7.244171234699405e-07 -3.723250160069849e-06  3.126263313912648e-06   -0.03296003645217629    -0.1045390569530967
-1.051498891592803e-09  5.715821421588489e-07 -6.129649557475817e-07 -1.952851689544978e-06  6.570010217243289e-07   -0.01230694537401582     0.1408813523493701

cov:
0.05511340289183461 0.05616660370514567 0.05739184801667654 0.05853300588595345 0.05934393550295521 0.06048129866786512 0.06180023542465357
0.05616660370514567 0.05778392268746887 0.05966309065195313 0.06141479031255952 0.06266628064104009 0.06440595110170527 0.06643294532588685
0.05739184801667654 0.05966309065195313 0.06230069886362232 0.06476050694390417 0.06652295609565181 0.06896120156251256  0.0718094124191381
0.05853300588595345 0.06141479031255952 0.06476050694390417  0.0678882107180737 0.07011915417753635 0.07321278607613729 0.07682749336857021
0.05934393550295521 0.06266628064104009 0.06652295609565181 0.07011915417753635 0.07271227398904447 0.07626523225141969  0.0804340477320034
0.06048129866786512 0.06440595110170527 0.06896120156251256 0.07321278607613729 0.07626523225141969  0.0804780992674308 0.08539838838440314
0.06180023542465357 0.06643294532588685  0.0718094124191381 0.07682749336857021  0.0804340477320034 0.08539838838440314 0.09121832398322309

cov.inverse():
  3249025.15636051 -5974431.242768662  2688728.165805583  7395.894721240091  13837.96447253685  7237.933022044865  8037.808679791494
-5974431.242852847  13007264.21542151 -7802810.744747004  100426.7068231519  221568.4003490653  176724.7152533539  271836.3731878907
 2688728.165926158 -7802810.744895763  6400689.680612185 -275065.2878385879 -411376.6548873892  -271717.082617721 -328932.0692441012
 7395.894714903832  100426.7068320586 -275065.2878400831  163722.0913008364  37038.12186859912 -21015.41628408165 -12489.09732654487
 13837.96446275925  221568.4003653055 -411376.6548933854  37038.12186880613  140760.8929509901  6659.423740054206 -8442.750142558705
 7237.933012077729  176724.7152720122 -271717.0826269696 -21015.41628354986  6659.423740302146  156710.8829639934 -54591.49593691687
 8037.808669469408  271836.3732086751 -328932.0692555459 -12489.09732620847 -8442.750142133606 -54591.49593669519  124606.6044419935

cov*(cov_.inverse()):
    0.9999999999905071  1.418811734765768e-10 -2.182787284255028e-11 -3.410605131648481e-13  6.821210263296962e-13 -4.547473508864641e-13 -1.818989403545856e-12
-1.932676241267473e-12      1.000000000058208                      0 -1.023181539494544e-12  -1.13686837721616e-13  9.094947017729282e-13 -3.637978807091713e-12
 3.751665644813329e-12  9.822542779147625e-11      1.000000000010914 -4.547473508864641e-12  2.273736754432321e-13 -2.273736754432321e-12  1.818989403545856e-12
 3.865352482534945e-11  6.912159733474255e-11   2.91038304567337e-11     0.9999999999968168  2.160049916710705e-12 -1.818989403545856e-12 -5.456968210637569e-12
-1.250555214937776e-12  1.455191522836685e-10 -1.818989403545856e-11 -2.501110429875553e-12       1.00000000000307  9.094947017729282e-13 -3.637978807091713e-12
-4.035882739117369e-11  1.855369191616774e-10 -5.456968210637569e-11  2.273736754432321e-13  1.932676241267473e-12      1.000000000001819  1.818989403545856e-12
 2.330580173293129e-11 -1.455191522836685e-11  3.274180926382542e-11 -9.094947017729282e-13  1.250555214937776e-12  9.094947017729282e-13      0.999999999998181
