5
2

0.0002345732754924932
  0.00112092919099076
 0.001272795565898399
  0.07269774703356281
   0.6638022501244873

  0.6708990018721067  -0.7354764365926868 -0.04157761064035941  0.02482877089048676  0.08138657710852717
  0.2858991125038069   0.3331453676060235  -0.8764172937571743  0.07455070166091038   0.1833324346573747
-0.07113684877852225 -0.09240063608836956  -0.1040445047574183   0.8192751465512377  -0.5516925289230934
 -0.5498208939040783  -0.4109784205091038  -0.1766688882513064   0.3101127190009099   0.6335707757940492
   0.400989725714923   0.4130949474223563   0.4337359501478071   0.4758613881953911   0.5039730836655131

0.3978434697012598
0.3974020322591218
0.3965542118119988
0.3947285740707845
0.3936056804885384

0.01340503784235907
  0.401776579027156

  15.13254520811621  -14.60370648198432   1.047253100499774  0.2849564296192555  -1.861349633381523
   5.49959372379766  -4.330225491022032  0.3754258633445126 -0.2588162616816155 -0.2853567678711791

 1.139292242312056e-06 -2.232277306331998e-06  2.307377638674019e-06   -0.01899588032668049    -0.1379011849852601
 3.757736583171384e-07 -3.403878297815586e-07 -1.373470938893694e-07   -0.00830555256170643     0.1376315007201853

cov:
0.07244846072028728  0.0741838474532692 0.07714963528227056 0.08317851296055483 0.08720585404712448
 0.0741838474532692 0.07608579483806849 0.07933348696426704 0.08594426904836813  0.0903589524162571
0.07714963528227056 0.07933348696426704 0.08306092589405652 0.09065617353282422 0.09572694235431485
0.08317851296055483 0.08594426904836813 0.09065617353282422  0.1002881712702111  0.1067109608900984
0.08720585404712448  0.0903589524162571 0.09572694235431485  0.1067109608900984  0.1140379684868899

cov.inverse():
 8248308.483408011  -8887543.30726574 -701775.4367771021  283685.7549730093  1058198.036479556
-8887543.307234205  9924243.116948223  329313.5538737267 -358855.4783560713 -1007811.479637612
-701775.4368195953  329313.5539219741  649421.0162398645 -123388.9985131953 -153963.0287644074
 283685.7549776264  -358855.478361573 -123388.9985128449  429971.5724298537 -231364.0088642437
 1058198.036485919  -1007811.47964885  -153963.028759001 -231364.0088647781  335083.2376135378

cov*(cov_.inverse()):
    0.9999999999708962 -4.365574568510056e-11  1.818989403545856e-12                      0  1.455191522836685e-11
  2.91038304567337e-11     0.9999999998835847 -5.456968210637569e-12  3.637978807091713e-12  1.818989403545856e-11
 -1.01863406598568e-10 -8.731149137020111e-11                      1                      0 -3.637978807091713e-12
-1.455191522836685e-11 -4.365574568510056e-11  7.275957614183426e-12                      1  1.455191522836685e-11
 -2.91038304567337e-11                      0 -3.637978807091713e-12 -3.637978807091713e-12      1.000000000007276
