6
2

0.0001740067555925121
0.0005997374898139582
 0.002346877573281991
 0.002874361646581322
  0.07467959544323294
    0.630932512219861

 -0.3086776700301305   0.7962037111102395   -0.520005571597279  0.00825601916031863 0.009840923624387054  0.01438562882471056
  0.6027977997707317  -0.2459356571236832  -0.7262350122206758  0.08076820100734838   0.1276448176413173   0.1609859323260684
 -0.2001768654647128   -0.150406881125886  -0.1087249065452017   0.8856340120466381 -0.05467769080898155  -0.3716835134538743
 0.06901905687242998  0.04454506585114935  0.02840704601263194   0.1877729419899099   -0.836740325361658   0.5070030540378568
 -0.5974912848189524  -0.3616590602607632  -0.1751507204445881  0.06010155415742564   0.3126143031514417   0.6165948544039608
  0.3735273289906572   0.3875197212001298   0.3985863420815333   0.4125407349634128   0.4275023184242824   0.4455183922374616

0.4000594336594986
0.4001011759701338
0.4000407535515136
0.3999992141780708
 0.399878975770393
0.3997977269305965

0.001137609736957462
  0.4004151978312314

   2.363015858356273    9.638268505243968   -10.29886914094543  -0.2974874971895622  -0.6147878622319608  -0.7903369347498448
   2.183585209527984   0.8969650750112294   -1.894873187083981 -0.04385439880976472 -0.06630164795916732 -0.07563353182345273

 3.718244668774271e-07  2.267343481828839e-06 -4.070477311048358e-06  2.955503142199445e-06   -0.02114358555060317   -0.08955792312774684
 3.098640942130604e-08  8.803676192602768e-07 -2.054945681831829e-06  1.204037583318329e-06  -0.007624809552174536     0.1304963726202505

cov:
0.05753197596958013 0.05882642427054469  0.0598503080925416 0.06114046648380233 0.06252416840361112  0.0641912067385798
0.05882642427054469 0.06050930275486186   0.061840249691821 0.06351756084610787 0.06531665085975355 0.06748347995950005
 0.0598503080925416   0.061840249691821 0.06341409558283558 0.06539762849319697 0.06752519703098805 0.07008732531944555
0.06114046648380233 0.06351756084610787 0.06539762849319697 0.06777322891344791 0.07030872217564732 0.07336979700087967
0.06252416840361112 0.06531665085975355 0.06752519703098805 0.07030872217564732 0.07330247421255601 0.07688920621470262
 0.0641912067385798 0.06748347995950005 0.07008732531944555 0.07336979700087967 0.07688920621470262 0.08113595927097574

cov.inverse():
  4165013.39283306 -8523317.794578105  4088390.451924736  20567.50345846485  108559.7160562105  140818.6250367849
-8523317.794784212  21109613.49152892 -13174439.35363991  138700.1164685156  168462.7030137614  281055.7715615038
 4088390.452195769 -13174439.35399125  10399245.14166122 -321706.5278550581 -428542.5599535884 -563044.3079287186
 20567.50344804908  138700.1164890399 -321706.5278642557  167062.3598469046  3541.246082980423 -8162.648920708084
 108559.7160326044  168462.7030681625 -428542.5599849545  3541.246083475125  133799.7226990371  14183.57812157139
 140818.6250058721  281055.7716318264 -563044.3079684684 -8162.648920291738  14183.57812149499  135151.6455686181

cov*(cov_.inverse()):
    0.9999999999345164  1.055013854056597e-10 -1.236912794411182e-10  3.865352482534945e-12                      0 -1.818989403545856e-12
 1.818989403545856e-12      1.000000000178261 -6.548361852765083e-11  1.250555214937776e-12  3.183231456205249e-12 -1.818989403545856e-12
 2.364686224609613e-11  -1.01863406598568e-10      1.000000000109139 -1.364242052659392e-12 -6.821210263296962e-13                      0
-5.093170329928398e-11  1.455191522836685e-10  7.275957614183426e-12      1.000000000003752 -3.865352482534945e-12 -9.094947017729282e-12
-2.546585164964199e-11  1.055013854056597e-10 -1.527951098978519e-10  3.410605131648481e-12      1.000000000005457                      0
 3.637978807091713e-12  7.275957614183426e-11 -7.275957614183426e-12 -4.547473508864641e-13 -9.094947017729282e-13      0.999999999996362
