5
2

0.0007818289545898339
 0.001152002141496613
 0.001271929037601556
   0.1029170493741425
   0.6494049358187741

  0.4574392048931534  -0.8518392343963627   0.2255582863794953  0.08434192040807068  0.08443454551995914
  0.3612082831724068  0.01468232615596086  -0.8575504572857563   0.1471917394712405   0.3350444903392866
-0.06540349020683986 -0.04366763963444808  -0.1162991783669337   0.8036504594177782  -0.5783043843049177
 -0.7238312336294883  -0.3202438845742313 -0.05174315338187477   0.2982541371100819    0.530923078599942
  0.3634125461311697   0.4119360868911953   0.4444410195333135   0.4862215966692798   0.5141018583119453

0.3987764609388619
0.3965559207371015
0.3951347195824642
0.3931364331695523
0.3918980547951653

0.0146963530674649
0.4008717744797995

  2.967959367928955  -2.229913434402267   1.198320744665512  0.2545524440821499  -2.191789418668298
  1.514872928477814 -0.5407069701254791  0.3115442251216793 -0.1535624700479229 -0.1313194861462414

 2.056197596413505e-06 -9.093194650013674e-07  1.999587391486218e-06   -0.02736889084034577    -0.1309205919188182
  7.33379090234205e-07  2.726942422642814e-07 -2.575006542647788e-07   -0.01117442914525319      0.136670329917836

cov:
0.06124664702021886 0.06558866108490649 0.06851175271432239 0.07223207631125439 0.07472144644047005
0.06558866108490649 0.07265009400422977 0.07738566977054376 0.08345681687777091 0.08751118953184431
0.06851175271432239 0.07738566977054376 0.08333215682195098 0.09097004691107076 0.09606824881896199
0.07223207631125439 0.08345681687777091 0.09097004691107076  0.1006443213315943  0.1070945038571686
0.07472144644047005 0.08751118953184431 0.09606824881896199  0.1070945038571686  0.1144490267085966

cov.inverse():
 443335.0521183926 -631697.6108278094 -59901.23357519655   70670.7860998047  177722.1477367137
-631697.6108281887  1188463.421031179 -320681.4122123965 -137609.9984619576 -98366.16883611245
 -59901.2335743334 -320681.4122129633  645725.2889983439 -121762.4969873635  -143771.295766997
 70670.78609902767 -137609.9984625797 -121762.4969847828  427188.4631078744 -238448.8198737206
  177722.147737006 -98366.16883530191 -143771.2957692818 -238448.8198725373  302998.6376722193

cov*(cov_.inverse()):
     1.000000000005457 -2.728484105318785e-12 -5.456968210637569e-12                      0  3.637978807091713e-12
   1.2732925824821e-11     0.9999999999836291  1.818989403545856e-12                      0  7.275957614183426e-12
 7.275957614183426e-12                      0      1.000000000003638 -3.637978807091713e-12  3.637978807091713e-12
 1.455191522836685e-11   -1.2732925824821e-11  7.275957614183426e-12                      1  7.275957614183426e-12
 7.275957614183426e-12 -7.275957614183426e-12                      0                      0                      1
