5
2

0.0001583082920677456
0.0004123025416250928
 0.001504859398101772
  0.05841481994223166
   0.5459379092726039

 -0.1186166863100182   0.6813774370058965  -0.7074955346165238   0.1452743739003652 -0.00054300427443701
 -0.5649047666530622   0.4975649124586812   0.4820848610295733  -0.4470589042288688  0.03231540528004419
  0.3390289070683719 -0.03772756537946408  -0.2327240191296108  -0.6773348842018637    0.608845642627072
 -0.6092957874293404  -0.3107990226373689  -0.1299014640218067   0.3299979568253785   0.6374869167948342
  0.4250067410457926   0.4360442002451752   0.4427294838035163   0.4597308947328465   0.4710337929463118

0.3999603715003658
0.4002328460052212
0.4002875276707096
0.4004290785490608
0.4005407050544837

-0.00162543600685541
  0.3999452447098671

  -3.749003961361245    5.550902586592535    10.83342023275481   -12.23268124215272  -0.4027664075938082
   1.012835444471427   0.3386953056895072   0.9233668475500583   -1.233853948062472 -0.04108571440089501

-1.306837388638354e-07  2.644775110461393e-06  9.146181628975159e-06   -0.01754517571779314   -0.05665795269802646
-1.809097604494332e-08  1.005997399237149e-07  2.097995423169808e-06  -0.004353026198059512     0.1193254461369385

cov:
0.05510376256783994 0.05588090836384602 0.05635150266652197 0.05754868470861354 0.05834209425374572
0.05588090836384602  0.0569989296493306 0.05767590685894607 0.05939768115987117 0.06054045537848413
0.05635150266652197 0.05767590685894607 0.05847800280038466 0.06051770661687979 0.06187224341831007
0.05754868470861354 0.05939768115987117 0.06051770661687979 0.06336589840863793 0.06525888159020023
0.05834209425374572 0.06054045537848413 0.06187224341831007 0.06525888159020023 0.06751635820034133

cov.inverse():
 2489514.216210514 -4884023.145426749  1711759.149375373  696573.3800523941 -13781.34516139755
-4884023.145529144  19982437.74609397 -17820592.80980845  2652476.871306197   69622.2400057295
 1711759.149519915 -17820592.81004656  21363919.70065108  -5299368.36231319  44380.39380029035
 696573.3800074952  2652476.871485055 -5299368.362461249   2220437.45960185 -270173.9834164502
-13781.34515863806  69622.23996256714  44380.39385479521 -270173.9834305519  169964.8528760469

cov*(cov_.inverse()):
    0.9999999999499778   -2.0963852875866e-10 -4.638422979041934e-11  3.274180926382542e-11 -1.818989403545856e-12
 -1.48929757415317e-11      0.999999999829015  6.730260793119669e-11  1.818989403545856e-11                      0
-5.798028723802418e-12 -1.327862264588475e-10     0.9999999998231033 -3.637978807091713e-12 -3.637978807091713e-12
-1.898570189950988e-11 -1.355147105641663e-10 -1.582520781084895e-10      1.000000000025466  3.637978807091713e-12
-1.966782292583957e-11  2.637534635141492e-11 -2.819433575496078e-11  3.637978807091713e-12      1.000000000001819
