5
2

0.0001039813924461668
0.0002116014924056158
 0.001582607126560127
  0.08759878707343045
   0.5878479330269362

  -0.1325821402816309    0.5770970757085365   -0.7465336725128684    0.3034244485082693 -0.001421667647477184
  -0.5672676922044023    0.5924702653184669    0.3878932441963307   -0.4203246086675442  0.007239098692458155
   0.2960240272294248   0.01653134961291501   -0.3031817292606968   -0.6450513225294756     0.635677685724705
  -0.6455697794894224   -0.3758514956147908  -0.05456413098587922    0.3012834050473182     0.590107090710621
   0.3952705106282089    0.4176126406686247    0.4442183039492463    0.4737065848623986    0.4976274466666319

0.4006543517469038
0.4008039599224013
0.4009724894957496
0.4011453705686534
0.4013385532430094

-0.001386488017789195
   0.4005020212756125

   0.5601624580969473     -1.13832743851926     9.476628833600001    -8.853180482891487  -0.04511744513778379
    2.232740924288224    -1.075348139061477    0.5561499883913029   -0.7062436027638583 -0.007249986131474179

-1.134411138180291e-07  2.867679124891402e-07  7.403577187175282e-06   -0.02413182117822925   -0.09003141610969752
-1.671628599052726e-08 -6.228890402601371e-08  2.318069790286393e-06  -0.009857611356662207     0.1183041180287414

cov:
0.05718894722714279 0.05890432649196156 0.06094661343823889 0.06321143308069804 0.06504898636545127
0.05890432649196156 0.06135069799259257 0.06426356850725701 0.06749275886408113 0.07011189760796721
0.06094661343823889 0.06426356850725701 0.06821343440678077 0.07259131733728712 0.07614142906810534
0.06321143308069804 0.06749275886408113 0.07259131733728712 0.07824170528537408 0.08282312368022229
0.06504898636545127 0.07011189760796721 0.07614142906810534 0.08282312368022229 0.08824651518152565

cov.inverse():
 8847661.774941428 -14580729.94658394  4204117.520664549  1528233.033995874   800.771785490364
-14580729.95259336  38642296.97999109 -34715561.59815829   10629216.5965118  24074.43366174502
 4204117.532123146  -34715561.6141841  54942188.36550283 -24513471.80039276  83922.69918920855
 1528233.028518423  10629216.60657135 -24513471.80496686  12627016.64327532 -271543.2135331734
 800.7718140181191  24074.43361821976  83922.69919612393 -271543.2135250912  162738.0895563361

cov*(cov_.inverse()):
    0.9999999999540137  5.456968210637569e-12 -2.146407496184111e-10  2.946762833744287e-10                      0
 1.175095576400054e-10     0.9999999998879048   3.16504156216979e-10 -1.091393642127514e-11  1.818989403545856e-12
 1.738200694489933e-10 -4.695266397902742e-10       1.00000000070122 -3.201421350240707e-10  1.818989403545856e-12
 8.623146641184576e-11  5.456968210637569e-12  3.938112058676779e-10     0.9999999999308784  3.637978807091713e-12
 3.538502824085299e-11  8.731149137020111e-11  2.555680111981928e-10                      0                      1
