6
2

0.0002697283224598541
0.0007669308391996766
 0.002340934884337676
 0.003066653335313262
   0.1071199485878415
   0.6265613461185947

 -0.3914094149009852   0.7914962852059969  -0.4676815506108327  0.01753064660999887  0.02020610230730103  0.02984388562510468
  0.5314413945601638  -0.2094297541217959  -0.7772088367903206   0.1353214474052024   0.1692955323995937   0.1506080171610019
 -0.2855094389836357  -0.1775955198372857 -0.05402061427612215   0.7243296436824571   0.3074231709401435  -0.5146489347799694
 0.03533282224444238 0.008786425247242463 -0.01399137621757949   0.5328814299008209  -0.8087952139999601   0.2456955743858048
 -0.5932231133719411  -0.3951827707015735  -0.1199007442380673  0.04371902913453549   0.2010726504750056    0.659696265531022
  0.3601263719302019   0.3766776027311913   0.3996626294629143   0.4133441396014125   0.4264291513837994   0.4647553803444593

 0.400244307637508
0.4000591333971829
0.3998461574676212
0.3996299061349334
 0.399465328966009
0.3988896394754484

0.003320277344824362
  0.4008609179971372

 -0.1634616755540779    6.390976957239028   -4.425272832913286  -0.1762570629118662  -0.6158627411690201   -1.010199548897282
    1.43097264277117   0.2261310995704901  -0.5109940031837961   -0.010987206623497 -0.05186206404734939 -0.08323462321834535

 5.199211076400252e-07  1.019774943247942e-06 -3.542166906112803e-06  2.522956332964005e-06   -0.03093580426775178   -0.08837642346301601
-1.061154138057216e-08  6.396288887570449e-07 -2.203921490756877e-06  7.084986117934486e-07   -0.01081831499826555     0.1299215345726215

cov:
0.05495271375005718 0.05594418228823687 0.05731956122830732 0.05813929485329299 0.05891833233733185 0.06121657933813471
0.05594418228823687 0.05749372713823161 0.05964423766572455 0.06092465485591293 0.06214636650384444  0.0657351035132529
0.05731956122830732 0.05964423766572455 0.06287209950274952 0.06479286964831257 0.06662969116513442 0.07201217383497127
0.05813929485329299 0.06092465485591293 0.06479286964831257 0.06710095730537188 0.06929482833487778 0.07574613019279679
0.05891833233733185 0.06214636650384444 0.06662969116513442 0.06929482833487778 0.07185791273153579 0.07932274829097113
0.06121657933813471  0.0657351035132529 0.07201217383497127 0.07574613019279679 0.07932274829097113 0.08979193868255281

cov.inverse():
 2600975.335463192 -4438129.353099017  1816639.283705281  -7784.62523315019  25190.33165130094  3223.278852757189
-4438129.353122647  8691170.692649594  -4809510.37124009   119558.650109421  148820.7124501687  287936.9443272471
 1816639.283750513 -4809510.371302793  4033941.759741248 -299435.7229152654 -355422.5801299196 -386153.8505050667
 -7784.62524268765  119558.6501267357 -299435.7229231357  161292.6474208622  38624.87668496293 -12259.00720645069
 25190.33164157072  148820.7124689533 -355422.5801400097  38624.87668535538  141148.2685286817  1648.123865440551
 3223.278850423788  287936.9443302214 -386153.8505045798 -12259.00720693572  1648.123864797632  105596.7166299778

cov*(cov_.inverse()):
    0.9999999999833449 -4.365574568510056e-11  3.637978807091713e-11  3.524291969370097e-12  9.379164112033322e-13 -5.456968210637569e-12
-2.376054908381775e-11     0.9999999999054126  6.912159733474255e-11  7.958078640513122e-13  -1.49213974509621e-12 -7.275957614183426e-12
 1.315925146627706e-11 -7.275957614183426e-11      1.000000000090949   1.13686837721616e-13  4.547473508864641e-13 -2.728484105318785e-12
 -4.68105554318754e-11  3.274180926382542e-11  3.637978807091713e-11      1.000000000001478  2.245315045001917e-12  9.094947017729282e-13
-5.042011252953671e-11 -3.637978807091713e-12  2.182787284255028e-11  4.774847184307873e-12      1.000000000003126  1.818989403545856e-12
 1.767830326571129e-11  -8.36735125631094e-11  2.182787284255028e-11 -2.273736754432321e-13 -8.526512829121202e-13                      1
