5
2

0.0005694907114412348
 0.002139295539749747
 0.002320759897681387
  0.08744791737874814
   0.5916624890828177

 0.5526218302331931 -0.8177684075397035 0.05500142340674371 0.08562066470433702  0.1245306772587085
 0.1143931696609937 0.08364158559835648 0.01823362080597155 -0.7995790900376395  0.5833173250816305
  -0.32496361981623 -0.2057890692165795  0.8878481195634972 -0.1782666410362027 -0.1788748894287242
-0.6483798728392567 -0.3225967847578818  -0.128467266212532  0.3100432734083456   0.602415292872735
  0.394367216915287  0.4217120940208148  0.4380231233564919  0.4748015942033846  0.4993321515044047

0.4002157220113065
0.4000655269379896
0.3998812853854153
0.3995395628055678
0.3992982511027222

0.002689105712395863
  0.4008814464765621

   6.491374904481495   -5.218245205074048  0.01975551515911779  -0.3616806500412226  -0.9311265698472171
   2.686928394266721     -1.5753672886837  0.01271009142279836 -0.03971879060304756 -0.08453913455989676

  2.50010152093769e-06  2.403480203210705e-07 -4.238897633067383e-06   -0.02447915626529541    -0.0940365203668528
 8.950935861449769e-07  7.243680314643751e-07 -2.776302464108025e-06  -0.009932232481213769     0.1189451596622987

cov:
0.05765951471153569  0.0598187989028624 0.06110626641854901 0.06401087824139448 0.06594849719739659
 0.0598187989028624 0.06305215713133736 0.06497972125760135 0.06932827605690353  0.0722288895898274
0.06110626641854901 0.06497972125760135 0.06729532046695655 0.07249883526547922 0.07597314617216103
0.06401087824139448 0.06932827605690353 0.07249883526547922 0.07965552937045275 0.08442092111610887
0.06594849719739659  0.0722288895898274 0.07597314617216103 0.08442092111610887 0.09005940439285313

cov.inverse():
 964157.0314963077 -1378894.838886326  40617.42954888605  136636.9880469274  237515.2448199956
-1378894.838883551  2071399.532260452 -172269.7798042091 -223705.8132084935 -296532.2489337123
 40617.42954516384 -172269.7797989603  155761.2092201392 -18056.33591570508 -6053.117311682551
 136636.9880474473 -223705.8132097349 -18056.33591502316  168212.6543141879 -63090.04763542333
 237515.2448204226 -296532.2489349444 -6053.117310837853 -63090.04763546295  128153.3670966748

cov*(cov_.inverse()):
     0.999999999996362  1.818989403545856e-11  1.648459146963432e-12 -2.728484105318785e-12                      0
                     0                      1  5.684341886080801e-14                      0  5.456968210637569e-12
-7.275957614183426e-12  3.274180926382542e-11      1.000000000000114 -9.094947017729282e-13  1.818989403545856e-12
-1.091393642127514e-11  3.637978807091713e-12  1.364242052659392e-12     0.9999999999990905  1.818989403545856e-12
 3.637978807091713e-12  1.091393642127514e-11  1.364242052659392e-12 -1.818989403545856e-12      1.000000000001819
