5
2

0.0001437368380373345
0.0003962117241794185
 0.001395636473357025
   0.0761195724518367
   0.5446967645184706

 -0.07739118264346577    0.6473912850181031   -0.7386651827219883    0.1710644866096613 -0.002412091814193767
  -0.5280229230595395    0.5508179135595208    0.4256219281363803   -0.4850717298892644   0.03664437170021079
   0.4608762840406373   -0.0251537454208082   -0.2335330387173174   -0.6977207530261648    0.4955889531903003
  -0.5726650884925978     -0.29996065862937   -0.1596084116912558    0.1970669606913526    0.7195610242485814
   0.4181508636884116    0.4322904608599246     0.439553406161996    0.4580313549132691    0.4850514340705037

0.3831563108701015
0.3813685351841913
 0.380548305833212
0.3781539584837477
0.3745846734974215

0.02614267416428755
 0.3867410348042626

  0.8006979787610653   -2.459343763194369    11.97271155965249   -9.888943567679728  -0.4250470782904893
   1.564692742102951  -0.5360263803926877   0.8973168235344861   -0.894705885354995 -0.03123897730468508

-2.518192862686845e-07  1.271518369241327e-06  8.422162166386298e-06    -0.0225185503367788     -0.059727009196514
-2.652585517333078e-08 -4.814330770663771e-08  2.208481035189907e-06  -0.006241922046860775      0.116310600171397

cov:
0.05377772249197362 0.05462652896648875 0.05506171093469504 0.05617030443473883 0.05778982398021833
0.05462652896648875 0.05596620730705768  0.0566537844104209 0.05840377749692904 0.06096119960828107
0.05506171093469504  0.0566537844104209 0.05747127729793954 0.05955132654994168 0.06259139049924024
0.05617030443473883 0.05840377749692904 0.05955132654994168 0.06247036582043318 0.06673721491602549
0.05778982398021833 0.06096119960828107 0.06259139049924024 0.06673721491602549 0.07280530711491118

cov.inverse():
 2175038.345784104 -4283684.255554234  1280118.222133609  825665.6928057654  2972.853228085643
-4283684.255816629  22219079.23374742 -21649696.45536221  3667319.214037806  46556.62421860111
 1280118.222492163 -21649696.45586262  27591404.95217802 -7347555.118815604  126153.2160786401
  825665.692714463  3667319.214230872 -7347555.118905299  3165176.754324308 -310700.4726625198
 2972.853223237676  46556.62426355491  126153.2160264589 -310700.4726504452  135020.7982216561

cov*(cov_.inverse()):
    0.9999999999794227  1.259650161955506e-10 -1.655280357226729e-10                      0 -9.094947017729282e-13
-1.003286342893261e-11      0.999999999836291 -4.547473508864641e-11 -5.820766091346741e-11 -1.818989403545856e-12
-1.506350599811412e-12 -1.095941115636379e-10     0.9999999997926352  1.455191522836685e-11  1.818989403545856e-12
-2.415845301584341e-12 -8.412825991399586e-11  4.911271389573812e-11     0.9999999999890861 -3.637978807091713e-12
-2.469846549502108e-11  9.913492249324918e-11 -6.548361852765083e-11 -1.091393642127514e-11                      1
