5
2

 0.000106785396730769
0.0003513836855922719
 0.001695240578344926
   0.1016182683794852
   0.5831086831198562

 -0.04119326500736833    0.4897350825774479   -0.7972054328120114    0.3506027879387484 -0.001961324930851808
  -0.4670566807934239     0.697080835004075    0.2372202559995243   -0.4890676227728733   0.02181231063099943
   0.3195684887119857   -0.0957707893876476   -0.3279855107008441   -0.5706794312870034    0.6748736388381568
   -0.730261507949024   -0.2958422407107098  -0.01709255486756623    0.2916103871394135    0.5420947567536375
   0.3804671902735084    0.4213587341852734     0.447575018714115    0.4766328925527618    0.5001991829371709

0.4007413716736008
0.4010352627780555
0.4011877180389307
0.4013393685750951
0.4015168292785427

-0.001245479835992996
   0.4007700573464859

   0.2437471047379646   -0.8066771927387624     9.539183273616688    -8.945568261742482  -0.03060134312360266
    1.336842420062619   -0.4129083427108859    0.8127523422043985   -0.7313044607716404 -0.005280209455610169

-1.270999700609329e-07  7.360131604962992e-07  6.066205879698958e-06    -0.0281660275790668   -0.08728932112112824
-1.324589055582006e-08 -4.468004516699483e-08  1.764432432185102e-06   -0.01119470369140732     0.1180551197420882

cov:
0.05472620842785414 0.05673978404285356 0.05802904540581328 0.05946003919911647 0.06062093059960134
0.05673978404285356 0.06127134768509736 0.06417576953980664 0.06739578983982161 0.07000658184492234
0.05802904540581328 0.06417576953980664 0.06811644768695919 0.07248425925957783 0.07602527046418472
0.05946003919911647 0.06739578983982161 0.07248425925957783 0.07812348397024098 0.08269489585697384
0.06062093059960134 0.07000658184492234 0.07602527046418472 0.08269489585697384  0.0881075297423002

cov.inverse():
  1951150.24583945 -4416649.345253586  1946056.662744997  519999.2367493288 -417.5196629292118
-4416649.345327086  24971607.32481252 -32887736.32517162  12315366.59865789  16407.36297818998
 1946056.662881164 -32887736.32543723  56226755.20165502 -25385548.93164707  102003.6826496419
 519999.2366912542  12315366.59887744 -25385548.93184392   12830241.7253649 -280700.6091284229
-417.5196675145617  16407.36295075768  102003.6827170249 -280700.6091637868  162702.7468631685

cov*(cov_.inverse()):
     1.000000000004324  -2.51361598202493e-10 -2.391971065662801e-10  9.094947017729282e-11                      0
-5.723066465179727e-11      1.000000000415184  -6.84849510435015e-10  4.147295840084553e-10 -1.818989403545856e-12
 6.856737400084967e-13 -4.547473508864641e-13     0.9999999994988684  2.510205376893282e-10 -1.818989403545856e-12
-2.968647550005699e-11 -1.734861143631861e-10 -1.818989403545856e-11      1.000000000225555                      0
-6.579625733138528e-12  -7.73070496506989e-12 -5.638867150992155e-11  1.091393642127514e-10      0.999999999998181
