5
2

0.0003349762114897319
0.0009127285146505777
 0.002740284650801041
  0.09081518326353348
   0.5635447347747664

  -0.413131097451414   0.7954745660456061   -0.441329511217711  0.02550162837135205  0.03347895715058554
 -0.5181284840410708    0.178327708327006   0.7769433217467022  -0.2025692341068411  -0.2346633389660767
 0.09676092325769411   0.0645310716714083  0.02580977613527633  -0.7893650740833394   0.6022538499607202
 -0.6237966039267357  -0.3937944796816776 -0.06229439817230541   0.3342944445862047   0.5832412339477205
  0.4029648756451137   0.4197393140731157   0.4438925553934574   0.4727212460636633   0.4908484898663056

0.3966435713604646
0.3961920389259941
  0.39562321427076
0.3947771492867416
0.3942547335719122

0.006655856411456254
  0.3976813975073805

   2.680149985724313    2.431761238132529   -3.522463988808465  -0.6199708651015925  -0.9696093645317083
   1.719679149717823  -0.1989442700330423   -0.383758123701836 -0.05331391444378045 -0.08370240106491272

 2.618338373453295e-07 -2.781338410565682e-06  1.732936258148513e-06   -0.02624999671186713   -0.07364365219852817
-7.893976166668224e-08 -9.948634273456242e-07  1.016207054826802e-06  -0.008553558340761443      0.118404464241418

cov:
0.05477885168663186 0.05574188308693163 0.05712718876391618 0.05877600946755687 0.05981610577212631
0.05574188308693163 0.05723114764284239  0.0593741419217817 0.06192853004628727 0.06353707263353958
0.05712718876391618  0.0593741419217817 0.06260921422320619 0.06646869996120221 0.06889649230592562
0.05877600946755687 0.06192853004628727 0.06646869996120221 0.07189511324704985 0.07529463914663934
0.05981610577212631 0.06353707263353958 0.06889649230592562 0.07529463914663934 0.07932419324619169

cov.inverse():
  1844608.85160053 -3038825.395808277  1142005.432262942  21899.51050445454   30402.6729013508
-3038825.395841287  5678039.803172044 -2962143.483919283  130625.7777807456   192255.959171315
 1142005.432315358 -2962143.483985174   2460478.27014712 -291936.1787861199 -348462.2267198655
  21899.5104980828  130625.7777915635 -291936.1787905791  138044.7869912749  1384.486890104227
 30402.67288831251  192255.9591933843 -348462.2267288841  1384.486890091312  124434.0463767646

cov*(cov_.inverse()):
    0.9999999999758984  5.456968210637569e-11 -4.365574568510056e-11   1.56319401867222e-12  2.728484105318785e-12
  3.54702933691442e-11     0.9999999999818101  3.274180926382542e-11 -3.225864020350855e-12 -3.637978807091713e-12
 2.319211489520967e-11   2.91038304567337e-11      1.000000000010914  -1.35003119794419e-12 -5.456968210637569e-12
 5.002220859751105e-12  1.818989403545856e-11 -5.093170329928398e-11      1.000000000000441  1.818989403545856e-12
 3.637978807091713e-12 -9.094947017729282e-12 -3.637978807091713e-12 -4.973799150320701e-13                      1
