6
2

0.0001579071005233084
 0.000971295106170153
 0.001250500150860494
  0.00198558306872469
   0.1059492807216128
    0.711242046650587

 -0.1018287685880374   0.7331801401614981  -0.6718612214800355  0.01824887472385021 0.004083127806200701  0.01818212502971017
 -0.5683499476736794   0.4759694326617322    0.595389948125707  -0.2447457477580789  -0.1657461376176209 -0.09257420073131765
  0.1593283832978304  0.01255730811710297 0.000205566287571388 -0.09946007618786987  -0.7297774030403025   0.6572589849423957
  0.2069473771633563  0.02124528768605904 -0.02210762689296199  -0.8571959662321147   0.3940477145646877   0.2572433629683049
 -0.6985549336817554  -0.3058975830735157  -0.2087069514928815   0.1217954711517353   0.2957724289648024   0.5220858312273912
  0.3322912771304055    0.376453983480325    0.387383437586629   0.4245646351884163   0.4440512998005053   0.4694276210889324

0.3988057264471269
 0.396625654724126
 0.396144048064676
0.3942570875203711
 0.393268945202737
0.3920485146503883

0.01443069345871307
 0.4008682794608578

   1.602703522703951    8.517439841787377   -8.699335557816227  -0.6493576928095691   0.5397391842968597   -1.311387371330843
    1.59762161283052  -0.7641191374358508    0.300556423842138  0.04755778464170458 -0.05659542030803441  -0.1239821886664706

 2.965446440817166e-07 -1.741055699289313e-06 -1.299009897364421e-06  4.482338934508655e-06   -0.02821505372816726    -0.1429645179181942
-2.310121971705222e-08 -1.022225853180727e-06  3.129010649478308e-07  8.389088659098346e-07   -0.01145748775356691     0.1499941217870722

cov:
0.06133457231552653 0.06567833055866101 0.06675329811634935 0.07041138006567081 0.07232357258583176 0.07481476400336028
0.06567833055866101 0.07274062305268036 0.07448826663613334 0.08043355944347362  0.0835472317746601 0.08760271038244892
0.06675329811634935 0.07448826663613334 0.07640244157587855  0.0829139033267776 0.08632492881422073 0.09076761862155137
0.07041138006567081 0.08043355944347362  0.0829139033267776 0.09135429173307136 0.09577320110147781  0.1015329788573847
0.07232357258583176  0.0835472317746601 0.08632492881422073 0.09577320110147781  0.1007307680501351  0.1071806348713568
0.07481476400336028 0.08760271038244892 0.09076761862155137  0.1015329788573847  0.1071806348713568  0.1145342769214371

cov.inverse():
 785387.6508672873 -3278508.593288475  2383951.298433408  17783.16564379303  29487.02202054697  61955.68203381994
-3278508.593217507  21798835.58742522 -19455177.59581439  407691.5741786972  32694.03873974194   494573.327641965
 2383951.298353998 -19455177.59570738  18479099.67804029 -641381.4347616147 -216932.6971152975 -549704.3095564576
 17783.16564655906  407691.5741680175 -641381.4347539777  269550.2404679141  6732.359827469697 -60405.34266664083
 29487.02201245224  32694.03879581487 -216932.6971655831  6732.359827974524  409755.9353801543 -261765.6943607057
 61955.68204759641  494573.3275605134 -549704.3094861973 -60405.34266742273 -261765.6943625088  315403.7033285621

cov*(cov_.inverse()):
     1.000000000001819 -3.637978807091713e-10  1.164153218269348e-10 -9.094947017729282e-13 -3.637978807091713e-12 -1.455191522836685e-11
 1.818989403545856e-12     0.9999999999345164 -2.255546860396862e-10  2.728484105318785e-12 -3.637978807091713e-12  3.637978807091713e-12
-3.001332515850663e-11 -1.091393642127514e-10     0.9999999997962732 -1.818989403545856e-12 -7.275957614183426e-12 -3.637978807091713e-12
-6.184563972055912e-11  1.091393642127514e-10 -2.401066012680531e-10      1.000000000002728                      0                      0
-6.821210263296962e-11 -7.275957614183426e-12 -3.637978807091713e-10  8.185452315956354e-12                      1                      0
-1.091393642127514e-11  -1.01863406598568e-10 -1.091393642127514e-10 -1.818989403545856e-12 -3.637978807091713e-12      0.999999999992724
