5
2

0.0002456982149455398
 0.001056792990947499
 0.002225520631548854
   0.1027679589011119
    0.574986679263535

  -0.2713611078499928    0.7844436647266346   -0.5567970601034317   0.01773546302436018   0.02595714214159502
  -0.4513253028959975    0.3559059444100557    0.6980159755265536   -0.3208995793052182   -0.2818396487559369
   0.2528038426656468   0.06604484523030424  -0.03158551728981399   -0.8105392573150279    0.5232177013449821
  -0.7167111750217916   -0.2728863385250939 -0.001167338065938815    0.1560974779933518    0.6224872308177943
   0.3808988433227732    0.4232614089055448    0.4491678129488617    0.4640782294703815    0.5085720436959138

0.3966334630151581
 0.396218937127742
0.3959252457063052
0.3957129939918167
0.3952179112181164

0.003165592394470902
  0.3972398601899109

    1.215773836239836     6.298449880562293    -7.148340525259439  -0.04490336363299054   -0.3213959325632209
    1.489894184320493 -0.002391799336323747   -0.4567019603472119  -0.01402560466438016   -0.0165513838681127

 5.180689045722696e-07 -3.564547174426418e-06  4.048298980311099e-06   -0.02945374363147173   -0.08798135954370104
-9.209902547320078e-09  -1.09771151250152e-06  1.949609269971991e-06   -0.01139696940327798     0.1145312094184385

cov:
 0.0533917508174889 0.05536628810378683 0.05657163774251008 0.05725842278271873 0.05933285181341127
0.05536628810378683 0.06001546181721117 0.06285759729600404 0.06449020306318907 0.06937272146985136
0.05657163774251008 0.06285759729600404 0.06670165543020715 0.06891321016889382 0.07551457881753096
0.05725842278271873 0.06449020306318907 0.06891321016889382 0.07146365417034918 0.07905379944637218
0.05933285181341127 0.06937272146985136 0.07551457881753096 0.07905379944637218 0.08960454259307178

cov.inverse():
 1415149.075444122 -3666625.699906481  2219189.470405663  8577.415271854436  23879.78917166981
-3666625.699881087  10307719.09805921 -7013245.680691987  117386.5463751543   254443.289300421
 2219189.470362425   -7013245.6806186  5572051.864026436 -358977.2349369937 -418902.1563899883
 8577.415280925876  117386.5463499197 -358977.2349202432  230062.4821370752  2994.878108554907
 23879.78918044455  254443.2892776532 -418902.1563765805  2994.878109141308  137595.5238944505

cov*(cov_.inverse()):
     1.000000000015916 -3.092281986027956e-11 -3.637978807091713e-12  8.810729923425242e-13 -2.728484105318785e-12
 2.137312549166381e-11     0.9999999998944986 -1.455191522836685e-11 -4.206412995699793e-12                      0
-3.410605131648481e-12  2.546585164964199e-11     0.9999999999890861 -1.989519660128281e-12 -1.818989403545856e-12
-1.818989403545856e-12 -1.818989403545856e-11 -3.637978807091713e-11      1.000000000002444 -3.637978807091713e-12
 1.682565198279917e-11  1.818989403545856e-11  1.455191522836685e-11  1.250555214937776e-12                      1
