5
2

0.0004293772808929199
 0.001236150027921855
 0.001942637581171276
  0.08920531658311673
    0.660441112061396

 0.5944743470655731 -0.7953997764969833  0.0843401665096255 0.05473778616989556 0.06188664886595563
 0.1429756882071043 0.09125414616591589 -0.1413147206856743 -0.7345055744313838  0.6416871077370867
 0.1821801302143434 0.08706529342738829 -0.8717591956148569  0.3952508413154751  0.2074673760759398
-0.6706819229835433 -0.4342634955902543 0.06552590323764201  0.2691640729039026  0.5337209312398232
 0.3783574521545036  0.4035427207052751  0.4567922360291254  0.4783647250703522  0.5064651556393739

0.4000309396516773
0.3988905634662415
0.3965095079007047
0.3955326407156765
0.3943128697097604

0.01442549640361986
 0.4031210051959879

   5.886744018651811   -4.023077344662016  -0.7798810110778112    0.411307247760024   -1.495043033143715
   3.022044510768584   -1.921057433573841  0.08633888764278283 -0.05877490311414157  -0.1274311450251772

1.210113474320402e-06 -1.03405791634146e-06 4.734067028873948e-06  -0.02339042585266344   -0.1364666726726678
6.122231081992342e-07 3.147406031101078e-07 9.750233854015563e-07  -0.01011219182006322    0.1373835075949098

cov:
0.06602108024520296 0.06891548106337939 0.07503540721075144 0.07750949646540307 0.08073522114158914
0.06891548106337939 0.07253172466120505 0.08017701776064258 0.08327079719434122 0.08730288863022802
0.07503540721075144 0.08017701776064258 0.09105052737894324  0.0954508748314682  0.1011880065656979
0.07750949646540307 0.08327079719434122  0.0954508748314682  0.1003907948562875  0.1068188995246811
0.08073522114158914 0.08730288863022802  0.1011880065656979  0.1068188995246811  0.1141514101384611

cov.inverse():
 1939079.153961088 -2551944.662473486  216639.1032085285  126832.2125521785  269561.2778506554
-2551944.662467734  3439051.867476476 -392420.6785274598 -270912.8249125368 -223917.2469600683
 216639.1032037264 -392420.6785219357  253029.0878775438  1666.738714967317 -78952.11545552507
 126832.2125396348 -270912.8248961318  1666.738713318652  410717.0239566764 -268322.1257860563
 269561.2778622516 -223917.2469762488 -78952.11545315385 -268322.1257838429  301681.9014777645

cov*(cov_.inverse()):
    0.9999999999854481 -1.818989403545856e-11  9.094947017729282e-13                      0  3.637978807091713e-12
-3.637978807091713e-12     0.9999999999599822  5.456968210637569e-12                      0  1.455191522836685e-11
 1.455191522836685e-11  3.637978807091713e-12      1.000000000003638                      0  3.637978807091713e-12
-3.637978807091713e-11  1.455191522836685e-11                      0      0.999999999996362  3.637978807091713e-12
                     0                      0                      0 -3.637978807091713e-12                      1
