6
2

0.0003092868288355815
0.0008217812030001572
 0.002375272270903451
 0.002896959005065734
  0.09474903803683388
   0.6238584823872991

  0.4151826127544869  -0.7901695338385797   0.4485449676233256 -0.01244853864661179 -0.02602932628004794 -0.03507742776259651
  0.5001406293453384   -0.202488031801108  -0.7912660639935561   0.1347478641803824    0.169787739098879   0.1891324947702639
 -0.1801290113444542  -0.1184891814452418 -0.05637580493377945   0.8730272811513178 -0.09477181798244422   -0.423293386024888
 0.06181871077796754  0.03896292183207987  0.01003574118277239   0.1854781646907395  -0.8250030214229134   0.5287035905731952
 -0.6398729488879261  -0.4188276315518552 -0.08172728435727943   0.1059663389115519   0.3076295540391361   0.5500925993149534
  0.3630114936137633   0.3790202163764396   0.4034192998611995   0.4169896866717016   0.4315634049200032   0.4491011337383274

0.4000754775895454
0.4000415633036356
0.4000403507669997
0.3999967089583069
0.3998759322913041
0.3997969782918607

0.001095448487606621
   0.400402692596857

  0.8750622186979055    4.962043778375812   -4.025071084088363   -0.296534422677096  -0.6271918712286567   -0.888482300719401
   1.566199237973239  0.01197550106695602  -0.4278976830875223 -0.02288844952272615 -0.05219534023801123 -0.07524966523540422

 -5.08116845717743e-07  1.555484087560092e-06 -1.929591489142882e-06  1.676184152944362e-06   -0.02713255630980492   -0.08514206892196478
 4.334736412260227e-08  7.383303761883681e-07 -1.368710884846726e-06  7.722994704064318e-07  -0.009265462530521547     0.1302263321454416

cov:
0.05496373988384815 0.05595538539546866 0.05746592081664326 0.05830445435664528 0.05920552539861873 0.06029156519989536
0.05595538539546866 0.05748591688449358  0.0598175811562615 0.06111303017186163 0.06250492827405854 0.06418100191936969
0.05746592081664326  0.0598175811562615 0.06340151081560758 0.06539369906511806 0.06753417034614051 0.07011009222186089
0.05830445435664528 0.06111303017186163 0.06539369906511806 0.06777955485333277 0.07033026033800535 0.07340764177692662
0.05920552539861873 0.06250492827405854 0.06753417034614051 0.07033026033800535 0.07334257620587067 0.07694870436384341
0.06029156519989536 0.06418100191936969 0.07011009222186089 0.07340764177692662 0.07694870436384341 0.08121829288486246

cov.inverse():
 2178655.836004328 -3575406.701854686  1362678.041548893  19249.40735475938   9696.68392034096  5195.011729236679
-3575406.701827471  6590464.486746947 -3466643.156088199  44948.11342948669  162248.2093155331  244361.1971299078
 1362678.041502044 -3466643.156029167  3030930.912274446 -224755.6664975043  -321031.653300033 -381225.1203254038
 19249.40735762719  44948.11342565199 -224755.6664971487  167698.9823366265  4371.109640807618  -11505.8979858647
 9696.683928415754  162248.2093022889 -321031.6532947031  4371.109640484337  132474.2308419338  12251.97703381375
 5195.011737930246  244361.1971151648  -381225.120318903 -11505.89798615288  12251.97703365074  130931.2618402148

cov*(cov_.inverse()):
     1.000000000023874 -3.637978807091713e-12  3.637978807091713e-12 -3.183231456205249e-12 -3.637978807091713e-12 -3.637978807091713e-12
  8.58335624798201e-12      1.000000000005457 -3.637978807091713e-12 -5.684341886080801e-13 -4.433786671143025e-12 -1.818989403545856e-12
-6.707523425575346e-12  1.091393642127514e-11     0.9999999999745341 -5.684341886080801e-13 -1.818989403545856e-12 -1.818989403545856e-12
-2.859223968698643e-11  2.182787284255028e-11 -2.546585164964199e-11      1.000000000000341  -1.70530256582424e-12                      0
 3.694822225952521e-12 -2.182787284255028e-11  3.637978807091713e-12 -1.591615728102624e-12     0.9999999999993179                      0
 4.092726157978177e-12  3.637978807091713e-12                      0  2.273736754432321e-13                      0                      1
