6
2

0.0002783637160762775
0.0009239795379607631
 0.001847960707596279
  0.00241369367277686
   0.1178874943587503
   0.6338975074898392

 -0.5451055203958919   0.7902609164019261  -0.2790774830143657  0.01330876858673749 0.004200183080877465  0.01639052338000811
  0.3401684718458566 -0.07928362509358231  -0.8631423081567922   0.2895589939834771   0.1462036312632584   0.1666282107944342
 -0.1343488362057641 -0.08319925584802869 0.006810788267563996   0.1952118780365652   0.6921685643000536  -0.6765921138085385
  0.1695621464134723  0.08859269633062812  -0.1010760894520978  -0.8301273817392537   0.4736074287874404   0.1994195835059281
 -0.6496888810437444  -0.4726168881577396 -0.02995445628375233   0.1063780137341562    0.286202578556178   0.5103059549395219
  0.3438732454814115    0.362028017991573   0.4073586653026086   0.4212398801587114   0.4396517061123177   0.4626112446865664

0.3964361780496558
0.3962827727018556
0.3958003291412228
0.3956029001414543
0.3954870698562461
0.3951630901354045

0.00289642307696929
 0.3970128927858566

  -0.08668882523219802      5.079857517470662     -4.486830367904656    -0.1041630274033953   -0.04838233278486108    -0.3541876482506554
     1.466121746018852    0.02698725091955086    -0.4569174362723508   -0.01561296235161802 -0.0005629661272956998   -0.01977894850615589

 4.111771707450781e-07  2.855141359022834e-06 -8.733234395940135e-07  5.137135242244546e-06   -0.03357316732800052   -0.09945541682342064
-5.043455814418114e-08  7.539145120628627e-07 -6.569843172139515e-07  1.782281259254208e-06   -0.01339029053158121     0.1253000636801448

cov:
0.05338186063949086 0.05429136746172519 0.05655780885873872  0.0572444429951141 0.05816591602923888 0.05931532873038474
0.05429136746172519  0.0557693977798768 0.05945613060494325 0.06057951724942705  0.0620773493587464 0.06394562254113972
0.05655780885873872 0.05945613060494325 0.06669262112038282  0.0689076240057831 0.07184589686093952 0.07551090438987089
 0.0572444429951141 0.06057951724942705  0.0689076240057831 0.07146271853795516 0.07483903962217089 0.07905701907956918
0.05816591602923888  0.0620773493587464 0.07184589686093952 0.07483903962217089 0.07881174170397993 0.08375523375317734
0.05931532873038474 0.06394562254113972 0.07551090438987089 0.07905701907956918 0.08375523375317734 0.08961534364679735

cov.inverse():
 3980529.795480341 -5585089.438275212  1616146.933386093 -10096.89199535938  15246.99585667064 -16514.07322808144
-5585089.438260072  8070395.472929379 -2767775.003448766  91459.28299884505  19588.25874938877  171187.5323100176
 1616146.933352105 -2767775.003407177  1879552.566402599 -325890.1336270785 -169778.1285711156 -232306.1533354204
-10096.89199306423  91459.28299566974 -325890.1336261363  229938.5148484637  22394.61299956962 -7757.390336958268
 15246.99586806431  19588.25873321966 -169778.1285663278   22394.6129997927  204066.3821136625 -91490.39088895704
-16514.07322291781  171187.5323029066 -232306.1533335464 -7757.390337119371 -91490.39088872224  176884.5230842631

cov*(cov_.inverse()):
     0.999999999966235  4.001776687800884e-11 -2.728484105318785e-11 -3.979039320256561e-13                      0 -1.818989403545856e-12
-2.478373062331229e-11      1.000000000047294   -1.2732925824821e-11 -4.547473508864641e-13  2.728484105318785e-12 -1.818989403545856e-12
-6.230038707144558e-11  3.819877747446299e-11     0.9999999999854481  3.524291969370097e-12  9.094947017729282e-13 -3.637978807091713e-12
 3.228706191293895e-11   2.91038304567337e-11 -2.182787284255028e-11     0.9999999999986358  1.818989403545856e-12 -1.818989403545856e-12
-9.094947017729282e-13  6.912159733474255e-11 -3.637978807091713e-12 -1.818989403545856e-12      1.000000000004547 -5.456968210637569e-12
 1.728039933368564e-11  3.637978807091713e-11  3.637978807091713e-12  6.821210263296962e-13                      0      0.999999999998181
