5
2

 0.000138735223967262
0.0002960614477606654
 0.001430495742738364
  0.07481548161789886
    0.576385001921454

 -0.05842512010915842    0.3637771213715979    -0.789952383333545    0.4901002378672788 -0.005449790354974724
  -0.4883592823741341     0.755903862917618    0.1253905032301418   -0.4169144529810364   0.02396084181448765
   0.4557145944928537   0.01526427042372337   -0.4002595726188939    -0.596304446893225    0.5256467364656147
  -0.6192234785754673   -0.3377354623268166  -0.02420673022741193    0.1455592727840121    0.6933423204926098
   0.4086296717155565    0.4265879927144461    0.4466080636351987    0.4574031049959271    0.4923089608178997

0.3981759658857095
0.3979327502788927
0.3976230874022191
0.3975245557523931
0.3969248995780486

0.003928891945720197
  0.3988960306200137

 0.06491349614355642    4.811969217448739    6.938100518704439   -11.39405676325806  -0.4215167881653386
   1.483583801600358  0.08957988748407922   0.2329498200338414  -0.7368181530379517 -0.06900535153487466

-1.793095530832043e-07  8.077959248692372e-07  7.978082310578577e-06   -0.02118086291539309     -0.080173884011757
-1.152633131254105e-08 -2.822947755837364e-08  2.020356985423538e-06   -0.00621115244872217     0.1254104240857618

cov:
 0.0576201288886425 0.05908195143154896 0.06071271813830299   0.061589624518404  0.0644306665103315
0.05908195143154896 0.06109496070256109 0.06333945800862495 0.06454837811730811   0.068459785826677
0.06071271813830299 0.06333945800862495 0.06626774542972833 0.06784656005709942 0.07295048341691411
  0.061589624518404 0.06454837811730811 0.06784656005709942 0.06962554375848379 0.07537469340936244
 0.0644306665103315   0.068459785826677 0.07295048341691411 0.07537469340936244 0.08321080116821003

cov.inverse():
 2999820.588087009 -5312351.012802792  1610124.336587953   702360.474562976  29.06500416089982
-5312351.013769446  13394350.28187299 -13851734.06434716  5663018.935306957  107514.2286863173
 1610124.339420092 -13851734.06892267  32678812.90007294 -20594420.86388944  155127.9780965862
 702360.4726723868  5663018.938984618 -20594420.86571562  14636279.70162947 -405893.8734465454
 29.06502906959768  107514.2286178282  155127.9781793476 -405893.8734857312  143204.8647539534

cov*(cov_.inverse()):
    0.9999999999623694  2.364686224609613e-10  2.455635694786906e-10  3.055902197957039e-10 -1.818989403545856e-12
-1.518407621858842e-11       1.00000000012551  4.365574568510056e-10  1.564330887049437e-10                      0
 4.199529612947117e-11  1.818989403545856e-10      1.000000000354703  3.965396899729967e-10  1.818989403545856e-12
-4.303890577261882e-11  5.093170329928398e-11  4.074536263942719e-10      1.000000000090949                      0
-1.963584850273037e-11 -5.456968210637569e-11  1.364242052659392e-10  5.093170329928398e-11      0.999999999998181
