5
2

0.0005049289463650742
 0.002166529015861642
 0.003061217825669198
  0.08257127834260659
    0.585630867733491

   0.5221695236212026   -0.8331603371604387   0.08041820269305379    0.1071697641912547    0.1234114885361982
   0.4056363801526952    0.2062830380347981   -0.6953463400313997   -0.3493686229606364    0.4328296062092767
 -0.02491057078231059 0.0009708711220645352   -0.5550658975672933    0.8012137406577104   -0.2221191392286085
   -0.634202931758727   -0.2849838216291613  -0.07759855955832765    0.1220447658224814    0.7040272732274525
   0.3999552731365839     0.426701815816081    0.4426134803559912    0.4578403912395609    0.5024309136849185

0.4001290613349037
0.3999493555963864
0.3997571642277776
0.3996148808891353
0.3991024230237866

0.00296265300636246
  0.400851216593233

    6.067247072336198    -4.243617060892791   -0.1756839901014709   -0.6252990652536555    -1.022633001172782
     2.65179490666354    -1.486410139354077 -0.006856121474548421  -0.06862837567215516  -0.08991048039004632

 1.656277961156073e-06  6.964286528940324e-06 -3.107387742562679e-06   -0.02332543398729681   -0.08985004407319241
 6.639243020927155e-07  3.562026749698902e-06 -9.250205199429397e-07  -0.009063300503548328      0.118911003210039

cov:
0.05760503583738829 0.05976326937177115 0.06104767310269174 0.06227343627648403 0.06587515581247659
0.05976326937177115 0.06299899668447047 0.06492353313032714 0.06676431712234029 0.07215977329163216
0.06104767310269174 0.06492353313032714 0.06723506098792481 0.06943270186564472 0.07589641722633453
0.06227343627648403 0.06676431712234029 0.06943270186564472 0.07199941068123329 0.07947643199211547
0.06587515581247659 0.07215977329163216 0.07589641722633453 0.07947643199211547 0.08995734491419063

cov.inverse():
 1104635.231768107 -1688543.860068672  106096.7436686514  187161.6716290517  290689.0989414271
-1688543.860072154  2731758.400239362 -293410.6845712898 -365494.9137440179 -384325.7669819129
 106096.7436714879 -293410.6845752667  161253.4340840596  38101.03482000982 -12043.29959293484
 187161.6716311564 -365494.9137466787  38101.03481977332  139558.3927007075  682.4422463135935
 290689.0989399668 -384325.7669787558 -12043.29959383888  682.4422455209426  104988.3781553466

cov*(cov_.inverse()):
     0.999999999992724   2.91038304567337e-11                      0 -6.394884621840902e-14  1.818989403545856e-12
-3.637978807091713e-12      1.000000000014552 -1.023181539494544e-12  2.302158463862725e-12  4.547473508864641e-12
 7.275957614183426e-12 -7.275957614183426e-12      1.000000000001251  3.630873379734112e-12  3.637978807091713e-12
 3.637978807091713e-12  1.091393642127514e-11  6.821210263296962e-13      1.000000000002771  1.818989403545856e-12
-3.637978807091713e-12                      0 -9.094947017729282e-13  2.465583293087548e-12      1.000000000001819
