5
2

0.0002076478619520825
0.0003453272745204486
 0.001425843814284234
  0.06741012643135431
    0.549252705782506

 0.03356108980524267   0.3035783341429037  -0.8161622778077873   0.4903708855854063 -0.01137449532472869
  -0.459887444621567   0.7931435091841345  0.03741020957442656  -0.3966761958997337  0.02598815008104915
  0.4795169423800001 -0.02603423624225953  -0.3626466269339455  -0.6082766237846439   0.5175641925833012
 -0.6178074927140446  -0.2996776340764806 -0.05146428899973361   0.1585645874302449   0.7076128292728567
  0.4192309571673485   0.4339114000066154   0.4453296121238572   0.4550178136589068   0.4802151885514775

0.3965318652008341
0.3960669900424612
0.3957983947172448
0.3954708017660514
0.3946033039327383

0.006883030287105635
  0.3975991177598909

   2.014711129899974 -0.08009111314597064    12.36802186505731   -13.79360490925982  -0.5086125307680137
    1.65249809889749  -0.3966117665536376    1.060758894229454   -1.272232434885461 -0.04437844461416818

-7.247732865796186e-07  5.880266782072688e-07  9.372351516243127e-06   -0.02001365216919111   -0.06119736190882561
-6.700719547250233e-08 -6.336266266247859e-08  2.376503458383547e-06   -0.00540657738449447     0.1185209635369691

cov:
0.05475631097410348 0.05571931312962494 0.05646628732871691 0.05710173536962404 0.05874820108000192
0.05571931312962494 0.05720793712736569 0.05836452266647703 0.05934670271516443 0.06189737824851337
0.05646628732871691 0.05836452266647703 0.05984075517943822 0.06109334582439541 0.06434931102692049
0.05710173536962404 0.05934670271516443 0.06109334582439541 0.06257492216241541 0.06642793020694963
0.05874820108000192 0.06189737824851337 0.06434931102692049 0.06642793020694963 0.07184492991071631

cov.inverse():
 1912849.043597815 -2828538.580504312 -865067.6191069169  1767963.938928044  12902.82136650978
-2828538.580486157  7412992.488281043 -5492888.824835792  822021.9122802154  86090.28506578198
-865067.6191560861 -5492888.824789693  15525344.60789551  -9298040.17746385  131128.5112410649
 1767963.938962715  822021.9122602975 -9298040.177497955  7078424.322682721 -370635.7541573367
 12902.82136285095  86090.28505775235  131128.5112721113 -370635.7541766937  140535.4029182684

cov*(cov_.inverse()):
    0.9999999999980673 -1.728039933368564e-11  -7.09405867382884e-11 -4.365574568510056e-11                      0
 4.843059286940843e-11      0.999999999998181  -1.26419763546437e-10   8.36735125631094e-11 -1.818989403545856e-12
 1.216449163621292e-11  4.547473508864641e-12     0.9999999999035936 -4.729372449219227e-11                      0
 5.115907697472721e-11   9.00399754755199e-11 -2.073647920042276e-10       1.00000000005457 -3.637978807091713e-12
 1.625721779419109e-11 -8.185452315956354e-12 -8.731149137020111e-11 -5.456968210637569e-11      0.999999999998181
