6
2

0.0002219176415192176
0.0007536256477402047
 0.002393095109414208
 0.002717560360845136
   0.1032189918706963
   0.6269963155021777

  0.3762170267294286  -0.7997589014721076   0.4671005887406124 -0.01148862521156624 -0.01327369622738453   -0.018849636399163
  0.5670096103921378  -0.1895185868215322  -0.7687089490480403   0.1147436986260547   0.1270349816531428   0.1495505121608792
 -0.1735694356417379  -0.1211748992563649 -0.06746992015575023   0.6687596938446644   0.3244315707100713  -0.6309855247870444
 0.03685521888221914  0.02538901163895104  0.01099769173436741  -0.5908669723549391   0.7661609897235269  -0.2484948701917817
 -0.6130616073244965  -0.4091072274879132  -0.1721560047731931    0.120473221463125   0.3192245747603422   0.5574324406076181
  0.3600439695352242   0.3765258597502394   0.3957180338610506    0.419314668114003   0.4353424939589398   0.4545942989918157

0.4004454135485846
0.4004627354161555
0.4004435577465922
0.4004636697872317
0.4004205609570866
 0.400360173857069

0.0005803520084420587
   0.4007049465436099

  0.6684055349365552    7.385638300871761   -6.814750905964821  -0.1913252887916037  -0.3675930296305534   -0.679500452511293
   1.536258822667303   0.2570447733403979  -0.6869219836266518 -0.01558469972052343 -0.03168904386713239 -0.05890172984607062

-4.342911500898847e-07  2.298821909690717e-06 -2.116850060564783e-06   1.01520849858252e-06   -0.02958938798233971   -0.08819039201320249
 2.621991389986627e-09  7.586579470535269e-07 -1.345739942027753e-06   4.07342329952811e-07   -0.01037235378975971      0.130112549332462

cov:
0.05496604595988659 0.05596644609476033 0.05713504162407687 0.05856298426655104 0.05953413574426391 0.06070386462052003
0.05596644609476033 0.05751723463728018 0.05932526355405898  0.0615418913839875 0.06304854994240175 0.06486042628126124
0.05713504162407687 0.05932526355405898 0.06187657056420728 0.06500995009737733 0.06713903393152196 0.06969732931178385
0.05856298426655104  0.0615418913839875 0.06500995009737733 0.06928079127714462 0.07217072926271477 0.07565077051756576
0.05953413574426391 0.06304854994240175 0.06713903393152196 0.07217072926271477 0.07559679813901868 0.07969427112744616
0.06070386462052003 0.06486042628126124 0.06969732931178385 0.07565077051756576 0.07969427112744616 0.08455482859614592

cov.inverse():
 3445592.031298168 -6294996.536981758  2803007.639960378  3564.251141990908   19394.9903878935    23156.005887304
-6294996.536927151   13053674.9372216 -7327547.172171989  132096.3884009255   168927.027667146  268683.1180900743
 2803007.639877507 -7327547.172062716  5471584.825020304 -273030.0409386327 -300522.7351207406 -374142.3139669963
  3564.25115688446  132096.3883692241 -273030.0409203027   151231.998423145  5352.395445162356 -19183.99805018378
 19394.99039283954  168927.0276589009 -300522.7351181712   5352.39544586102  129865.4532521176 -22977.31984926965
 23156.00589573635  268683.1180753416 -374142.3139614913 -19183.99804935827 -22977.31984930035  124506.2477487952

cov*(cov_.inverse()):
     0.999999999984766   7.09405867382884e-11  2.182787284255028e-11  9.094947017729282e-13 -1.818989403545856e-12 -2.728484105318785e-12
-3.410605131648481e-12       1.00000000007276 -1.091393642127514e-11  2.728484105318785e-12  1.364242052659392e-12  1.818989403545856e-12
-2.887645678129047e-11  1.418811734765768e-10     0.9999999999890861 -3.183231456205249e-12 -2.955857780762017e-12  1.818989403545856e-12
-2.955857780762017e-12  5.456968210637569e-11  7.275957614183426e-11      1.000000000000455 -4.774847184307873e-12 -5.456968210637569e-12
-5.866240826435387e-11  1.236912794411182e-10 -8.731149137020111e-11  2.273736754432321e-12      1.000000000000227                      0
-2.273736754432321e-12  6.184563972055912e-11  2.182787284255028e-11  2.273736754432321e-13 -9.094947017729282e-13                      1
