5
2

0.0004575942150759993
 0.002337291500821588
 0.003078173196552826
   0.1065046697474293
   0.5744754377210186

    0.608646126125536   -0.7866310068398454   0.05718327938610758    0.0702147800151437   0.05061135699213555
   0.3011556618765858    0.1883155259262839   -0.7212710299491797   -0.2882725083643643    0.5201053665288887
 -0.03446292313528391 -0.007989351921230008   -0.5222216785308056    0.8146221682791652   -0.2498473906316992
  -0.6199789271743292   -0.4214164962921829   0.01962032944361715    0.1776625391523953    0.6372482494028808
    0.391527262474522    0.4099917422118866    0.4509963803177267    0.4656131341777386    0.5083501237127418

0.4001960206536647
0.4000064626802556
0.3995635178186663
0.3993957323142078
0.3988093855905482

0.003379862232109392
  0.4008203028777207

    1.82274117844356     1.12514505340604  -0.5152648238649951   -1.004700202947664   -1.427939108889162
   1.656019226031457  -0.3757882381293403 -0.05117731621539798 -0.09755170251217796  -0.1314680084584582

 1.089910793378535e-08  3.711544943461541e-06  -2.50530462299274e-06   -0.03065823539732016    -0.0828765043853146
 2.695104108233179e-07  2.319614163531345e-06 -7.008190202968487e-07    -0.0110080157000363     0.1184688930480822

cov:
0.05495089506991056 0.05593996206461951 0.05813543433167504 0.05891293758210153 0.06120470115909184
0.05593996206461951 0.05748926017794304 0.06092815285026337 0.06215075575083527 0.06573732978917751
0.05813543433167504 0.06092815285026337 0.06713552648707712 0.06933791846433356 0.07580320440161514
0.05891293758210153 0.06215075575083527 0.06933791846433356 0.07191210135719521 0.07939587741871422
0.06120470115909184 0.06573732978917751 0.07580320440161514 0.07939587741871422 0.08989263760489263

cov.inverse():
 1785927.903883437 -2276085.434264873  128353.3067129641  185231.2674344249  176659.6758882643
-2276085.434265315  2961674.910557827 -239245.2961054656 -274408.0802712677 -172016.7694726865
 128353.3067146205 -239245.2961075855  139628.5290326329  12338.82861992031 -41075.89897295546
 185231.2674332203 -274408.0802696318   12338.8286195681  108796.9060101278 -31943.86700201791
 176659.6758882541  -172016.769472644 -41075.89897306691 -31943.86700193884  68375.08290841502

cov*(cov_.inverse()):
    0.9999999999890861   -1.2732925824821e-11                      0  2.273736754432321e-13                      0
 3.637978807091713e-12     0.9999999999890861  1.364242052659392e-12  2.273736754432321e-12                      0
 1.091393642127514e-11 -9.094947017729282e-12      1.000000000000455  4.547473508864641e-13  9.094947017729282e-13
-5.456968210637569e-12  1.455191522836685e-11  9.094947017729282e-13                      1 -9.094947017729282e-13
-1.455191522836685e-11   2.91038304567337e-11                      0 -3.183231456205249e-12     0.9999999999990905
