5
2

0.0002190075906616999
  0.00123670737517801
 0.002568370853789318
  0.06878081179295857
   0.5610798099370077

 -0.1848261058950127   0.7660419873466848  -0.6151461636763027  0.01259235218773423  0.02134512080862425
 -0.4379210101092915   0.4288400920771733   0.6480879183770144  -0.3268425365111571  -0.3122136619573221
  0.1547083535997102  0.02463070543444065 -0.01060187154427649  -0.7775908149886016   0.6088503744282248
 -0.7642064612233027  -0.1925880776905319  0.01450895234119643   0.2733481998209745   0.5513334462125596
  0.4075761394335645   0.4376973951606875    0.448613796031504   0.4622214567643176   0.4768644123342165

0.4003330608309836
0.4005408550734718
0.4005532990252215
0.4005668603549518
0.4005597857628398

-0.0003042091012785778
    0.4004790720051177

  0.6720103047168305    16.27914337341747   -16.10947526019788  -0.3503932885423727  -0.4914240943364138
   1.360758998832901    1.145324646538085   -1.428659828119322 -0.03178638964026478 -0.04565525337673146

 1.066778500234481e-06 -5.330944675477537e-06  4.281027421389056e-06   -0.02010198825388467   -0.07051781295403164
 7.210586357209107e-08 -1.538618230466667e-06   1.65438959691941e-06  -0.006221309921713479     0.1191678478913199

cov:
0.05505909142825614 0.05685662954021314 0.05750841486146772 0.05831848495664027 0.05919371465544174
0.05685662954021314 0.06048687360623652 0.06180246580196037 0.06344092098998168 0.06520556361713639
0.05750841486146772 0.06180246580196037  0.0633586466252372 0.06529726940436037  0.0673842678617832
0.05831848495664027 0.06344092098998168 0.06529726940436037  0.0676164913240114 0.07009957917510187
0.05919371465544174 0.06520556361713639  0.0673842678617832 0.07009957917510187 0.07302842414440476

cov.inverse():
 841351.2060457097 -3074051.248589012  2184593.762174778  26779.89221263517  21334.57815575754
-3074051.248597495  12354859.17469205 -9642870.172925718  106556.3610901309  255614.8155491753
 2184593.762189642  -9642870.17295924  8163935.834460013 -298743.0905764163 -407026.5759595509
 26779.89220661742  106556.3611147875 -298743.0905958387  164830.1516790962  585.9538903189266
 21334.57815539352  255614.8155495618 -407026.5759587897  585.9538895352155  129493.8479444039

cov*(cov_.inverse()):
     1.000000000010232  7.821654435247183e-11 -1.309672370553017e-10  3.396394276933279e-12  3.637978807091713e-12
 3.160494088660926e-11      1.000000000065484 -1.091393642127514e-11  4.902744876744691e-13 -1.818989403545856e-12
-2.273736754432321e-13 -9.094947017729282e-11      1.000000000069122  7.887024366937112e-13 -1.818989403545856e-12
-6.821210263296962e-13  5.820766091346741e-11 -1.091393642127514e-10      1.000000000002544  1.818989403545856e-12
 1.477928890381008e-11 -6.184563972055912e-11  7.275957614183426e-12  -1.84741111297626e-13                      1
