5
2

0.0003222345727779546
0.0009924613564673997
 0.002384629565475485
   0.0890058464286788
   0.5630282127797647

  -0.444673111497246   0.8010845988970062  -0.3992968314100703  0.01217479883597289  0.03070999870664321
 -0.4693724534825139   0.1514820757218552   0.7993561305198774  -0.2104579511508277  -0.2710717765546396
  0.1962147256187893   0.1210495156246992  0.03620673914876075  -0.8412029652088496   0.4877637128584106
  -0.616066627431604  -0.3779594433550469 -0.01534319141894898   0.1869334902223312   0.6651533856594063
  0.4048666642717762   0.4216756100259883    0.447264435813381   0.4615112854826373   0.4952115930583173

0.4000751568326631
0.4000245257649532
0.4000160745920148
0.3999623295777069
 0.399747605554768

0.001196158089133163
  0.4004089851438618

  0.8837006872980653    5.738271148644317   -5.466607513312868  -0.2884446700845262  -0.8670071857272659
   1.563578384844896  0.08352651488500709  -0.5517348226635619 -0.02225340086768293 -0.07317469198122964

 6.600325312394478e-07 -3.565211383104717e-06  2.785385670560153e-06   -0.02582577186945981   -0.07291704575288077
-4.263279170672313e-08 -1.120671770905503e-06   1.59197568990925e-06  -0.008232624497054235     0.1188700080250846

cov:
 0.0549689926264571 0.05596379218616628 0.05747785081233044 0.05831859140270998 0.06031134689295517
0.05596379218616628 0.05749787063616237 0.05983255634397695 0.06113057471601473 0.06420436156886701
0.05747785081233044 0.05983255634397695 0.06341708779732098  0.0654114719119999 0.07013170613474957
0.05831859140270998 0.06113057471601473  0.0654114719119999 0.06779973530776991 0.07343192000745362
0.06031134689295517 0.06420436156886701 0.07013170613474957 0.07343192000745362  0.0812458979895798

cov.inverse():
 2134798.281600631 -3498617.661192819  1330319.444616058  19110.90460197482  14438.03143561504
-3498617.661209011  6206233.986491566 -2956855.434472843  43646.13872191541  205590.0620307985
 1330319.444649123 -2956855.434518196  2184437.051927581  -222970.155951997 -334977.0695281007
 19110.90459024749  43646.13874306519  -222970.155962337  170840.5075292964 -10618.94715460096
 14438.03143047004  205590.0620388102 -334977.0695300499 -10618.94715551856  125578.3680475409

cov*(cov_.inverse()):
     1.000000000033197 -5.820766091346741e-11  1.091393642127514e-11  4.547473508864641e-13  9.094947017729282e-13
 4.092726157978177e-11     0.9999999999527063  1.818989403545856e-11 -1.023181539494544e-12 -9.094947017729282e-13
 1.648459146963432e-11 -4.911271389573812e-11       1.00000000001819  3.410605131648481e-13                      0
 2.501110429875553e-11 -8.185452315956354e-11   2.91038304567337e-11     0.9999999999977263  1.818989403545856e-12
 2.046363078989089e-11 -2.182787284255028e-11  7.275957614183426e-12  -1.13686837721616e-13                      1
