5
2

0.0002219212710744203
0.0009136653150281132
 0.002599359507306474
  0.09063109725168604
   0.5631881789144937

-0.4034946762450368  0.8072875646188628 -0.4302558603777323 0.01136200629886934  0.0151536687683236
-0.5368643893592092  0.1539677661434109  0.7799364640450563 -0.1773907957619019 -0.2197775513072812
0.09074762520765738 0.06548063714061364 0.03790439441966402 -0.7924762036325816  0.5983492945083164
-0.6142343470080439   -0.37794780152469 -0.1031786046920447  0.3417395154302841  0.5936664934165764
  0.404289140535149  0.4212463180644625  0.4410175042795836  0.4728625388645095  0.4909240375252594

0.4005536428653339
0.4006051166081335
0.4006254199263209
0.4006923118634502
0.4006818071400322

0.000109716975131722
  0.4007503986174808

  0.9072192460582406    8.408220178397517   -8.587822271848456   -0.244380359800015  -0.4820348580764284
   1.547622899056225    0.361295421391534  -0.8465599798277383 -0.01845385334044058 -0.04371431979312079

 4.977440528327734e-07 -4.792599638594382e-06  1.436655889360596e-06   -0.02643852297742617   -0.07322758574466726
 1.505887608174761e-09 -1.187579016467915e-06  8.140464282048856e-07   -0.00847737930019341     0.1187357853730889

cov:
0.05494244199969611 0.05592441841221299 0.05707316212713032 0.05891189775511935 0.05995779426967444
0.05592441841221299  0.0574566721245332 0.05924533457168222 0.06211848682318212 0.06375021948605419
0.05707316212713032 0.05924533457168222 0.06177853181340121 0.06585517250122627 0.06816847543260256
0.05891189775511935 0.06211848682318212 0.06585517250122627  0.0718848799360698 0.07529352723823819
0.05995779426967444 0.06375021948605419 0.06816847543260256 0.07529352723823819 0.07934003548757457

cov.inverse():
 3652341.122967181 -6712172.303677753  3023988.427623416  10326.29223173948  25182.19357368146
-6712172.303711538  13262061.05456938 -6908504.673164066  145832.1661845481  213634.3376948124
 3023988.427672049 -6908504.673225472  4487763.165823967  -269447.265354957 -334375.0065422439
 10326.29222752206  145832.1661924061 -269447.2653586027  133279.4932460222 -19955.22391876148
 25182.19356304683  213634.3377145827 -334375.0065513731 -19955.22391876702  115556.1484026245

cov*(cov_.inverse()):
      1.00000000003206  3.819877747446299e-11 -4.729372449219227e-11  2.046363078989089e-12  9.094947017729282e-13
-5.229594535194337e-12      1.000000000009095 -4.729372449219227e-11 -9.094947017729282e-13                      0
-2.273736754432321e-12 -5.456968210637569e-12     0.9999999999563443  1.818989403545856e-12  1.818989403545856e-12
 8.185452315956354e-11 -1.127773430198431e-10   2.91038304567337e-11     0.9999999999972715 -5.456968210637569e-12
  1.13686837721616e-11  4.001776687800884e-11 -4.729372449219227e-11  6.821210263296962e-13                      1
