6
2

0.0001977526595351093
0.0009322702084483057
 0.002393807636393485
 0.002912798288629467
   0.0887062565865161
   0.6270067253418165

 -0.1517868325961195   0.7445163124807921  -0.6491939336824342    0.010512271371934  0.01868916904085471  0.02727015734339549
  0.5415792673908139  -0.4547867885528955  -0.6315791420441556   0.1478424039223815    0.186101074512168   0.2108973093541265
  -0.208393862000684 -0.09687298742036611 -0.06807346806342075   0.8750864804596709   -0.091419992954865  -0.4103896467253402
  0.0731123719375365  0.02851765957078723  0.01685781199294094   0.1822193517707113  -0.8267977748338217    0.526078592709478
 -0.7107796533705198  -0.2765350235263923  -0.1176947421792623  0.08281110166400099   0.2972882418256577   0.5560850973497693
  0.3600993172549184   0.3901220136981039   0.4011044609433829   0.4149628859924896   0.4297494976334019   0.4476267195829792

0.4009237854196953
0.4010706056132926
0.4010584746326113
0.4010663049714868
0.4010070830521482
0.4010075489457375

0.0002105720969681698
   0.4011416387074835

   1.178275265960917    10.58716222664223   -10.09798049483078  -0.2631141603412597  -0.5970610842532571  -0.8073769291531381
   1.443442407937929   0.5334299706059193  -0.8373211933553919 -0.02218223711361347 -0.04955494797095911 -0.06782426729839428

  5.56209165762597e-07  1.634494704538156e-06  -2.45301035455912e-06   2.02605880292999e-06   -0.02537683517942365   -0.08764474463447801
 2.810269782456248e-08  9.049101823405231e-07 -1.618967680278893e-06  9.152901492875823e-07  -0.008885593422660674      0.130195780165596

cov:
 0.0549546563970421 0.05677556720202687 0.05744182847414044 0.05828165870948632 0.05917595669584146 0.06026059391611246
0.05677556720202687 0.06043562665453529 0.06177439603642484 0.06346281151132283 0.06526423281651064 0.06744344357109586
0.05744182847414044 0.06177439603642484 0.06335922405878727 0.06535806712247695 0.06749133646068914 0.07007100898925003
0.05828165870948632 0.06346281151132283 0.06535806712247695  0.0677546351522172 0.07030024202275084 0.07338581984327337
0.05917595669584146 0.06526423281651064 0.06749133646068914 0.07030024202275084 0.07330776653236042 0.07692421894486114
0.06026059391611246 0.06744344357109586 0.07007100898925003 0.07338581984327337 0.07692421894486114 0.08120944772924485

cov.inverse():
  934894.115432765  -3169369.55488856  2128863.512498891  21061.50015833656  39598.24230664167  44977.87572849209
-3169369.554888944  14414089.16336154 -12027891.10224106  108591.5375602818  257186.8350961294  417510.1994863742
  2128863.51250135 -12027891.10225397  11236959.03900615 -291981.1581080784 -446052.6969450092  -600049.772592083
 21061.50015754415  108591.5375676086  -291981.158115728  165525.3111998872  4966.047728467463 -8161.259779284313
 39598.24230295356  257186.8351144089 -446052.6969605073  4966.047728245461  130821.4353082839  13493.61376426773
 44977.87573090641  417510.1994732841 -600049.7725793849 -8161.259780177693   13493.6137631388  132242.1130297427

cov*(cov_.inverse()):
     1.000000000010459 -5.093170329928398e-11 -1.746229827404022e-10  1.875832822406664e-12  2.501110429875553e-12 -7.275957614183426e-12
   1.2732925824821e-11      0.999999999825377 -1.164153218269348e-10   1.13686837721616e-12   1.13686837721616e-13 -5.456968210637569e-12
-1.637090463191271e-11  2.182787284255028e-11     0.9999999996725819  2.955857780762017e-12  4.206412995699793e-12 -5.456968210637569e-12
 2.728484105318785e-12 -2.146407496184111e-10 -2.328306436538696e-10     0.9999999999997726   1.70530256582424e-12 -3.637978807091713e-12
   1.2732925824821e-11 -1.091393642127514e-10 -1.673470251262188e-10  2.273736754432321e-12      1.000000000004547 -7.275957614183426e-12
 1.500666257925332e-11 -7.275957614183426e-11 -4.365574568510056e-11  -1.13686837721616e-13  3.637978807091713e-12     0.9999999999909051
