5
2

0.0004756001398997981
 0.002443654179349923
 0.002708150893538785
   0.1008584156478502
     0.57472736199073

 0.6145533190841741 -0.7828484315175221  0.0551165448336634 0.05311386310773523 0.06011352014773801
 0.1930287319949699  0.1336702230301191 -0.6134346125315839 -0.3701833614223007  0.6569128063706819
0.05699348645101299 0.03508868757523205 -0.6357845224102947  0.7427540505085312 -0.1990351426836214
-0.6549442861050819 -0.4477543795596401 0.08827604336849101  0.2886309015797865  0.5286431126042506
 0.3909780700084118  0.4093475349077398  0.4567773241575618  0.4745016539257465  0.4957553842316217

0.4000780326868161
0.4000405519517728
0.3999598315517194
0.3998978777603621
0.3997997868315549

0.0009906083057631119
   0.4003822278660934

   3.272878382538636  -0.6116978994988532  -0.5926483795575458  -0.7602947381527342   -1.308375435839304
   1.760846427531625   -0.500806585777294  -0.0595187535438903 -0.07277765941901979  -0.1276982376961922

5.289642767372804e-07 2.003448001359815e-06 1.742331542624045e-06  -0.02881935550824757    -0.082867559295982
3.301023072042263e-07 1.507887741621262e-06 6.746311057083664e-07  -0.01040419574550563    0.1183907151886685

cov:
0.05485650604128952  0.0558481753563506 0.05840121780589762 0.05935623719025521 0.06050278246553478
 0.0558481753563506 0.05738844850509894 0.06135913577569406 0.06284366552721586 0.06462481114279091
0.05840121780589762 0.06135913577569406 0.06900250699108612  0.0718493287774814 0.07527222216924051
0.05935623719025521 0.06284366552721586  0.0718493287774814 0.07522255133464213 0.07925101329196914
0.06050278246553478 0.06462481114279091 0.07527222216924051 0.07925101329196914 0.08402747947820516

cov.inverse():
 1676412.715935341 -2122307.620015716  124971.5115136882  138093.3774042363  182977.9006049701
-2122307.620015286  2712569.665451822 -207531.7064503242  -188568.804505231 -194319.1041402797
 124971.5115128529  -207531.706449329  131563.9807212149  -13415.1533352431 -35576.16567362824
 138093.3774040274 -188568.8045049462 -13415.15333531361  110651.1554310893 -46749.44442457792
 182977.9006055854 -194319.1041411311 -35576.16567339771 -46749.44442457237   93671.7515160044

cov*(cov_.inverse()):
     1.000000000012733  7.275957614183426e-12  9.094947017729282e-13  2.273736754432321e-12  1.818989403545856e-12
 7.275957614183426e-12       1.00000000001819 -1.818989403545856e-12 -9.094947017729282e-13  9.094947017729282e-13
 1.455191522836685e-11  9.094947017729282e-12      1.000000000000455  4.547473508864641e-13  9.094947017729282e-13
 3.456079866737127e-11 -2.000888343900442e-11  4.547473508864641e-13      1.000000000003183  3.637978807091713e-12
 1.818989403545856e-12 -3.637978807091713e-12 -9.094947017729282e-13                      0      1.000000000001819
