5
2

0.0008048171366804008
 0.002376756936989856
 0.002919536290571045
  0.08469811928699797
   0.5777312430867071

  0.3799373759737238  -0.8784512812730118   0.1414913343502999    0.168494814864401   0.1885752805528533
  0.2589104868299676  0.08265669808917835  -0.8563020836143959  0.08366736418083391   0.4311377318666728
-0.08042187621169845 -0.02085093739902378  -0.2064866445553769   0.8258609436511207  -0.5180873744920967
 -0.7943574631876162  -0.1781618359925944  0.03008730150285722   0.2530385815291239   0.5218436656891485
  0.3887692022941058   0.4351032237252762   0.4507604283984489   0.4674766812839462   0.4876723087251024

0.4009676879401453
0.4011121820025128
0.4011210598456594
0.4010647331121627
0.4010719371393758

0.0001572435460220973
   0.4011774576356326

   3.533395717884709   -1.302967271623695  -0.3708631978681727  -0.7625740777441335   -1.097150133885723
   1.564087723079751  -0.3980196216171758 -0.02833926259082731  -0.0559940454786777  -0.0817585788989538

 1.359718239978466e-06  3.320917313927088e-06 -2.060827960022619e-06    -0.0240414601361663   -0.08409608039597255
 5.926956201093631e-07  2.013252441345808e-06  -9.84668130722281e-07  -0.008818138642443407     0.1188460205961534

cov:
 0.0549742124362155  0.0574745297534033  0.0583185105343613 0.05921780234681291 0.06030804160015495
 0.0574745297534033 0.06341649694150465 0.06542318083716379 0.06756610107717047 0.07015586076551432
 0.0583185105343613 0.06542318083716379 0.06782874655704622 0.07038549783630385 0.07348267223124338
0.05921780234681291 0.06756610107717047 0.07038549783630385 0.07340618070148561 0.07703598207027892
0.06030804160015495 0.07015586076551432 0.07348267223124338 0.07703598207027892 0.08133634440932737

cov.inverse():
 235572.6026135707 -511265.1026557673  45692.49816214029  94848.67778249079  135203.4347111675
-511265.1026559429  1192619.728911926  -203914.927614604 -229314.0990294775 -248181.9917578548
 45692.49816244355 -203914.9276152867  165713.3964459487  4118.720554900562 -11607.98035918295
 94848.67778239597 -229314.0990290942  4118.720554608052  125097.2149639762  5261.468279756433
 135203.4347111348 -248181.9917577312 -11607.98035926992  5261.468279752388  119334.4746884392

cov*(cov_.inverse()):
    0.9999999999990905  1.818989403545856e-12 -5.684341886080801e-13  2.330580173293129e-12                      0
-1.818989403545856e-12      1.000000000007276  -1.13686837721616e-12  4.547473508864641e-13 -1.818989403545856e-12
 3.637978807091713e-12 -7.275957614183426e-12      1.000000000001364  2.899014361901209e-12                      0
-3.637978807091713e-12                      0 -4.547473508864641e-13       1.00000000000216  1.818989403545856e-12
                     0  3.637978807091713e-12  3.410605131648481e-13 -6.821210263296962e-13                      1
