5
2

 0.000118551258115681
0.0001559498495065718
0.0004097537064528178
  0.04568211624169099
   0.5361447317113611

 -0.01505768337325311    0.2400902419130937   -0.6603921039276943    0.6711338646912032   -0.2357785966625172
 -0.08794186250968355    0.6354143127777693   -0.4233105898622909    -0.510205263538978    0.3860228147442127
   0.5585331149448066   -0.5351172308339563   -0.4296317787976732  -0.05629763354753487     0.462533695938733
  -0.7046605138055391   -0.2405184070806417 -0.001636037206661324    0.2812978595510787    0.6053703773170145
   0.4284084672168884    0.4409146992052504    0.4473301595128572     0.454941771428719    0.4636638073444169

0.3832870121919657
0.3814735015882478
0.3806378044190269
0.3795013655591125
0.3782034613365959

0.02656154834929248
 0.3869261439653798

  1.063997421493535  -2.830148772597504   6.187497465980053   11.89346127764458  -16.31467180508255
  1.597790106255627 -0.6053082448220893  0.2839525542255072   1.279780536229499  -1.556167557058383

 9.904232019002827e-08 -4.104561543051316e-07 -1.471671430932514e-06   -0.01379409747453964   -0.05112749274698794
 1.221197306727234e-08 -4.618438512014455e-08  5.079017734581025e-08  -0.003261410351959612     0.1165111752520828

cov:
0.05379328376599626 0.05465074601312817 0.05508951749024132 0.05561083457370573 0.05620841315581956
0.05465074601312817 0.05600294870121862 0.05669612298725187 0.05751878708409042 0.05846153389975074
0.05508951749024132 0.05669612298725187 0.05752025472926353 0.05849799387675492  0.0596183772422718
0.05561083457370573 0.05751878708409042 0.05849799387675492 0.05965949160144006 0.06099031824674032
0.05620841315581956 0.05846153389975074  0.0596183772422718 0.06099031824674032  0.0625622565611048

cov.inverse():
 2192394.198023567 -4334922.813856865  808995.9748347887  938472.5215610726  395229.8804472363
-4334922.813287317  22408348.11402742 -20971896.21844356 -1685731.575027879  4583537.596323869
 808995.9729741522 -20971896.21132615  39498045.41256377   -22510932.476194  3176298.560002046
 938472.5235594992 -1685731.586056817 -22510932.46513738  42770643.14955107 -19512235.29493704
 395229.8797398948   4583537.60080488  3176298.554202472 -19512235.29291127  11356955.94491968

cov*(cov_.inverse()):
     1.000000000025466                      0                      0                      0                      0
-1.091393642127514e-11      1.000000000116415                      0  2.328306436538696e-10                      0
 1.091393642127514e-11  2.328306436538696e-10      1.000000000029104 -2.328306436538696e-10                      0
 4.001776687800884e-11  -2.91038304567337e-10  1.164153218269348e-10                      1                      0
-3.637978807091713e-12 -1.164153218269348e-10                      0                      0                      1
