5
2

0.0002276632161983981
0.0008418122514893795
 0.002510790704475045
  0.09900445426258007
    0.571113384294234

 -0.386453822068904  0.8045097031215492 -0.4504088330714919 0.01269771394452305 0.01970360736954946
-0.5699086814340011  0.1616579466987214  0.7645698124501686 -0.1560167626633813 -0.2004060247429317
0.08417524703909807 0.06338015596399491 0.04488678632932157   -0.79205194141128  0.5996135273119969
-0.5999467208259348 -0.3862565268384414  -0.139465629620117  0.3462682924477731  0.5928890582941129
 0.3985423417788992  0.4164369065742306  0.4371491731077412  0.4777546751006705  0.4983927924066991

 0.400213943173074
0.4001844956259468
0.4001096597180884
0.3999820675916239
0.3998694785066894

0.001198358983101999
  0.4005569162500003

  0.7294146293535505    7.742090960140514   -7.454533113398834  -0.3463416232850704  -0.6695947612586779
   1.530546661207171   0.3051963306045922  -0.7471723578919629 -0.02984740573653569 -0.05848899642411629

  4.81334603867794e-07  -3.31322234378539e-06  5.692955472289613e-07   -0.02847754936052543   -0.07930362529034583
-5.675758208305439e-10 -9.763903405011595e-07  6.506384623694385e-07  -0.009575834471311889      0.119719790496686

cov:
0.05533595001102984 0.05640515538801255 0.05764609152041713 0.06006802067460072 0.06130130286201184
0.05640515538801255 0.05802684932805973  0.0599058336744382 0.06358182695100843 0.06545192567334797
0.05764609152041713  0.0599058336744382  0.0625220768248574 0.06764706181179971 0.07025298381404932
0.06006802067460072 0.06358182695100843 0.06764706181179971  0.0756274973683855 0.07967363141488785
0.06130130286201184 0.06545192567334797 0.07025298381404932 0.07967363141488785 0.08446707069988088

cov.inverse():
 3340932.366838193 -6127644.951422282  2744020.655711772  20199.81694318431  22229.05986484155
-6127644.951496487  12525069.12346978 -6816339.384029288  153525.9394377558  266126.6313523794
 2744020.655818639 -6816339.384165562  4739292.213374468 -284316.0157869261 -383184.0264631211
 20199.81692041531  153525.9394835607 -284316.0158110788  136987.0065793847 -26365.86388441724
 22229.05985493464  266126.6313686616 -383184.0264683766 -26365.86388553662  121234.3984352904

cov*(cov_.inverse()):
     0.999999999962256  5.820766091346741e-11 -3.274180926382542e-11 -2.273736754432321e-13  5.456968210637569e-12
 1.386979420203716e-11     0.9999999999417923  6.548361852765083e-11 -1.364242052659392e-12 -1.818989403545856e-12
  1.13686837721616e-11  5.456968210637569e-11     0.9999999999854481 -2.273736754432321e-13  1.818989403545856e-12
-1.818989403545856e-11 -6.184563972055912e-11 -5.093170329928398e-11     0.9999999999990905                      0
 4.320099833421409e-12 -5.820766091346741e-11  1.818989403545856e-11 -4.547473508864641e-13                      1
