5
2

0.0001381079979097055
0.0002900629016771451
 0.001197456176807061
  0.09208871841832206
   0.5819823412726726

 -0.05552045554565581    0.3479728531377042    -0.787951619842386    0.5048544829044376 -0.009304212715856925
  -0.4683125750834976    0.7662552521500239   0.09686328432107576     -0.42785796287132   0.03303465346126313
    0.546625588646907   0.03532426790972976   -0.4091742514982465   -0.5950672607096876    0.4224027095975868
  -0.5629063511005754    -0.336501906166041  -0.08435206699584283   0.05217029715307304    0.7483755046270196
    0.402414856537038     0.421053969551377    0.4418267869229677    0.4530261913237758    0.5102275946039213

0.3985150863831196
0.3982550014132218
0.3979239938430324
0.3978153862024561
 0.396821218948276

0.004175305243383376
  0.3992649853370406

 0.05034204954657238    4.473810180236055    5.956460936104757   -9.818797615685696  -0.6624444446262687
   1.499660052420091  0.05576884202660173   0.1969754972462954  -0.6964618655826688 -0.05566778127983493

-1.543135676925331e-07  6.866070948153522e-07  4.748146973847762e-06   -0.02581608202716834   -0.08483573004740561
-1.087506915065119e-08 -2.897231598179991e-08  1.623251809564038e-06   -0.00812029792032864     0.1253465324009964

cov:
0.05753641780000509 0.05899569431506309 0.06062302319025537 0.06149766012282392 0.06597152314765518
0.05899569431506309 0.06100784132270946 0.06325068322185372 0.06445823607865896 0.07062922052136987
0.06062302319025537 0.06325068322185372  0.0661792002686801 0.06775759792936208  0.0758190837016039
0.06149766012282392 0.06445823607865896 0.06775759792936208 0.06953664207345807 0.07862083941723161
0.06597152314765518 0.07062922052136987  0.0758190837016039 0.07862083941723161 0.09292521325989926

cov.inverse():
 2976707.388073887 -5264455.055448744  1598456.626031373  685110.1910018451  4185.964541276236
-5264455.054571652  13327627.74879214 -13502894.55802814  5299016.186966232  141491.7516928995
 1598456.623231092  -13502894.5531023  32779060.93866451 -21178630.82805231  301852.0636584868
 685110.1929846929  5299016.182726083 -21178630.82565072  15785449.63411014 -589550.0382099586
 4185.964481798083  141491.7518839643  301852.0633825098 -589550.0380655512  142008.4490599184

cov*(cov_.inverse()):
    0.9999999999759552 -1.455191522836685e-11 -7.275957614183426e-11 -5.820766091346741e-11  1.818989403545856e-12
 4.052935764775611e-11      1.000000000063665 -2.037268131971359e-10 -1.309672370553017e-10 -7.275957614183426e-12
 3.751665644813329e-12  1.000444171950221e-10     0.9999999997999112  2.255546860396862e-10  1.818989403545856e-12
 4.627054295269772e-11 -1.364242052659392e-10  1.928128767758608e-10     0.9999999998544808  1.818989403545856e-12
 2.381739250267856e-11 -2.364686224609613e-11 -1.673470251262188e-10 -6.548361852765083e-11      1.000000000003638
