6
2

0.0002450316543885915
  0.00101266532975946
 0.001829236726163837
 0.002393786310995671
   0.1080790920725238
   0.6392182156946289

 -0.2699515684381412   0.7826816273115147  -0.5600155635475756  0.01834219859804543 0.005419490486512651  0.02350281737864731
 -0.4441432862898655   0.3723157247080558   0.7152400872155114  -0.3116086866624804  -0.1526898407013828  -0.1792629324812344
  0.1673183663154375  0.05226595410068848  0.00706952843404489  -0.2077046141487633  -0.6899101314781981   0.6708991428286722
   0.217753492624992  0.02374751020924818 -0.08627579474281437  -0.8231524366556099   0.4821752026473617   0.1857500994074638
  -0.734194614868518  -0.3183945349951692 -0.06379032953093915  0.08375813792734833   0.2782520878240679   0.5206479918275914
  0.3397192078506091   0.3796310278285095   0.4040439197562424    0.418123216010858   0.4367645838740948   0.4600318770925135

0.3967670151885442
0.3963628741019452
 0.396076193528966
0.3958677240590171
0.3957328083019241
 0.395385983978116

0.003099580790034691
  0.3973651561984202

     1.185348333763781      6.315838121690284      -7.05501899196371   -0.08171933031066943   -0.06117293216735709    -0.3037360407317146
     1.459545333386292    0.07332742201966361    -0.5008250116045887   -0.01320073159776575 -0.0002198497946856448   -0.01838552734966498

 5.142623024015107e-07 -3.211589354303457e-06   1.11746339429846e-06  5.719491304940236e-06   -0.03052465603223937    -0.1024682783753906
-3.411511385809928e-09 -9.964835769897288e-07  7.865337923567154e-07  2.120846964524642e-06    -0.0125423230434323     0.1255399433348754

cov:
0.05345333340384324 0.05542678559397037 0.05663168871480052 0.05732003959381831 0.05824090263333424 0.05939218764309095
0.05542678559397037 0.06007166875549625 0.06291165065077135 0.06454632753504594   0.066714716901938  0.0694225451758672
0.05663168871480052 0.06291165065077135 0.06675266559311317 0.06896669147452349 0.07189877300042634 0.07555956394150083
0.05732003959381831 0.06454632753504594 0.06896669147452349 0.07152038364451552 0.07488958783735809 0.07910230902008274
0.05824090263333424   0.066714716901938 0.07189877300042634 0.07488958783735809 0.07885321936747379 0.08378944665780234
0.05939218764309095  0.0694225451758672 0.07555956394150083 0.07910230902008274 0.08378944665780234 0.08963990850608874

cov.inverse():
 1422792.280035986 -3676774.311842021  2205224.554250028  10817.73603032565  25571.34800917928  12540.86489424723
-3676774.311811223  10339050.31700353 -7040871.715163709  119316.3999081684  6426.914672232284   252532.256256416
 2205224.554197628 -7040871.715075168  5723597.149063796 -376463.2673257774 -165762.8816752649 -345628.2724792391
 10817.73604236408  119316.3998744608 -376463.2673027695  231430.6926102538  21614.91610376573 -6672.707340558882
 25571.34800724102  6426.914678891297 -165762.8816814959  21614.91610488009  206051.7997120302 -93872.20726072404
 12540.86490575682  252532.2562257072 -345628.2724598661 -6672.707340335517 -93872.20726112004  181097.7645624041

cov*(cov_.inverse()):
     1.000000000047407 -1.728039933368564e-10  8.003553375601768e-11 -4.831690603168681e-12                      0 -7.275957614183426e-12
 6.912159733474255e-11     0.9999999998690328  1.818989403545856e-11 -4.206412995699793e-12 -2.728484105318785e-12 -5.456968210637569e-12
 2.819433575496078e-11 -5.820766091346741e-11      1.000000000025466                      0  9.094947017729282e-13 -7.275957614183426e-12
 2.182787284255028e-11 -1.455191522836685e-10  1.091393642127514e-11     0.9999999999972715 -9.094947017729282e-13 -5.456968210637569e-12
 1.591615728102624e-12 -1.091393642127514e-10 -3.274180926382542e-11 -1.932676241267473e-12      1.000000000000909 -5.456968210637569e-12
 3.228706191293895e-11  3.274180926382542e-11  1.818989403545856e-11   1.13686837721616e-12                      0      0.999999999998181
