6
2

0.0004712470890941837
 0.002099895430120209
 0.002209251079287016
 0.003129326840900293
  0.08746043238545713
   0.6493320927782688

  0.5223691536972718  -0.8375617527365647  0.06341958950454636  0.09978601981493251  0.06928474832712707  0.08271098587409569
  0.2911378569008317   0.1492729682914414  -0.2859782985026267  -0.2286778582668452  -0.5777336271668145   0.6519992601079856
  0.2842967113835003   0.1379693136384396  -0.7140481760347631  -0.2384962885287144   0.5756218616307052  -0.0453215562720689
-0.04090555061182136 0.009423991568508289  -0.4756326333746848    0.841348583210872  -0.2315532187181483  -0.1026020994495093
 -0.6565555973522497  -0.3311491036157617   -0.137879749876308  0.04813428361763661   0.2990300592971921   0.5903628610535137
   0.358895637972779   0.3839580958149573   0.3988638156027131    0.413139637429872   0.4324894017669194   0.4549135254624941

0.3999840069798056
0.3998011392712214
0.3996047938685551
0.3994640266068356
 0.399214199815249
0.3989468727208891

0.002994245480871825
   0.400711456172793

    5.674721534924014    -3.594669298194721   -0.1429113306060341   -0.6499148817388635   -0.4077808733146833   -0.8794266220944974
    2.618206642989591    -1.429610842601387 -0.004228603175506856  -0.06869733706441744  -0.04207035938788092  -0.07360773777921206

 1.288061454111799e-06   4.26507365752308e-06  5.757028244812962e-06 -5.485681046460737e-06   -0.02438679594491849    -0.1035112456565503
 5.660509610562695e-07   2.39037413347988e-06  2.663095850047094e-06 -1.557674995122587e-06  -0.009977347291873485      0.130285990969558

cov:
0.05760699056118785 0.05976466805860884 0.06104814935795248 0.06227440331180482 0.06394350416009592 0.06587429908264023
0.05976466805860884 0.06299779534486785 0.06492023168836415  0.0667606179643649 0.06925782268864283 0.07215047847969205
0.06104814935795248 0.06492023168836415 0.06722893490874898 0.06942570444882436 0.07241781125992136 0.07588170956363957
0.06227440331180482  0.0667606179643649 0.06942570444882436 0.07199118168280369 0.07544471688011811 0.07945865413969233
0.06394350416009592 0.06925782268864283 0.07241781125992136 0.07544471688011811 0.07955267687128265 0.08430296712922906
0.06587429908264023 0.07215047847969205 0.07588170956363957 0.07945865413969233 0.08430296712922906 0.08992321968741109

cov.inverse():
 1264742.884100321 -1952258.129610442  90703.11624939708  202211.4193876526  159300.1963004991  235341.5865066611
-1952258.129612702  3167880.217849479 -269506.8865521236 -390022.6579655718 -264831.9722827475  -291281.804942253
 90703.11625269288 -269506.8865571722  164226.1753069038   37353.9965250368 -15715.84478741747 -7060.715494559646
 202211.4193878974 -390022.6579655094  37353.99652436168  140636.6713581296  13074.05078763604  -3243.66884845394
 159300.1962989457 -264831.9722799059 -15715.84478802421   13074.0507871936  170683.8533776188 -62514.35244958351
 235341.5865069322 -291281.8049423668 -7060.715495030608  -3243.66884837932 -62514.35244934441  128752.3034255283

cov*(cov_.inverse()):
     1.000000000001819  3.274180926382542e-11 -2.103206497849897e-12  1.591615728102624e-12                      0                      0
 1.455191522836685e-11      1.000000000021828  3.126388037344441e-12  6.480149750132114e-12                      0 -1.818989403545856e-12
 2.546585164964199e-11                      0      1.000000000000455  4.348521542851813e-12  2.728484105318785e-12  1.818989403545856e-12
 3.637978807091713e-12  2.182787284255028e-11 -2.273736754432321e-13      1.000000000001819 -9.094947017729282e-13                      0
                     0  3.274180926382542e-11  5.684341886080801e-13  5.115907697472721e-13      1.000000000001819                      0
 7.275957614183426e-12 -1.091393642127514e-11 -1.250555214937776e-12  8.526512829121202e-13 -9.094947017729282e-13      1.000000000001819
