6
2

0.0002270388739677699
0.0007409129082091669
 0.002360115581153835
 0.002638030321545839
   0.1113286461238751
   0.6421048991459528

-0.3554393414582699  0.7956118895649682 -0.4897137048249031 0.01501277752667821 0.01396208229716003 0.02060970164999685
-0.5924841643483262  0.2046848588863737  0.7502227674229551 -0.1307730458500455 -0.1040964353765056 -0.1276509514276366
0.09883164381558054 0.07058839819448277 0.04530659468311343 -0.1082304822855303 -0.7481325796496244  0.6417014123954441
 0.1546094945836922 0.09380694719175399 0.03347994450694003 -0.8821606608224201  0.3626802181180116  0.2375518512707801
 -0.603716976994124   -0.41718348482842 -0.2035579454384097  0.1222867840422555  0.3218472319039911  0.5490976382108447
 0.3528163992709795  0.3705149179329256   0.390815628128964  0.4216606463024892  0.4406178098627442  0.4621262530914119

0.3999724611585586
0.3998960686109324
0.3997677383101066
0.3996041737486707
0.3994507820838528
0.3992819900080869

0.001832018395763521
  0.4004015312148286

  0.4177893996160786    6.651633311171166   -5.471852661380101  -0.3955154600853644  -0.4095645956027407  -0.7919561693949586
   1.475447366240648   0.2603255677547004  -0.5999229195635504 -0.03125988783689312 -0.03049228903295101 -0.07390765237156113

 4.018207193517915e-07 -1.534706298607316e-06  5.788717913877871e-07  3.602103797305552e-06   -0.03133695984228938   -0.09885756455136736
-1.337207534606029e-09 -6.885360652267596e-07  6.449409270838765e-07  1.610453930151695e-06   -0.01154452999593327     0.1326719929329196

cov:
0.05584043741362946 0.05701886573076056  0.0583732359106207 0.06042120088454625 0.06168658440907327 0.06311556091434567
0.05701886573076056 0.05875813720183525 0.06075471792502215 0.06378114062085677 0.06564580708748977 0.06775693891688732
 0.0583732359106207 0.06075471792502215 0.06348710619267806 0.06763454472280606 0.07018583144691605 0.07307852580560235
0.06042120088454625 0.06378114062085677 0.06763454472280606 0.07349659305444967 0.07708750007449494  0.0811711055576621
0.06168658440907327 0.06564580708748977 0.07018583144691605 0.07708750007449494   0.081333227913162 0.08614097884025716
0.06311556091434567 0.06775693891688732 0.07307852580560235  0.0811711055576621 0.08614097884025716 0.09179039702737642

cov.inverse():
 3095614.640449766 -5703692.073637905  2568657.328255558  16098.48686373059  10843.97920793128  12296.78981049886
-5703692.073609617  12358598.17881778 -7277865.456360745  169692.0182050096   172085.477199496  281826.0061620991
 2568657.328220598 -7277865.456321114   5678297.17329714 -326473.6886500781 -279253.5153963424 -363900.2454122386
 16098.48686557309  169692.0182010409 -326473.6886476227  149454.3890680546 -2569.198141684926 -6163.233042881106
 10843.97919997275  172085.4772191979 -279253.5154097881  -2569.19814108065  142913.8816411898  -44004.2847370499
 12296.78982329034  281826.0061350156 -363900.2453965735 -6163.233043156021 -44004.28473814938  119983.7473303718

cov*(cov_.inverse()):
     1.000000000016257   1.01863406598568e-10  1.236912794411182e-10 -5.456968210637569e-12 -2.273736754432321e-12 -4.547473508864641e-12
-7.048583938740194e-12       1.00000000001819  1.200533006340265e-10 -9.038103598868474e-12 -5.002220859751105e-12 -3.637978807091713e-12
 1.477928890381008e-12  1.418811734765768e-10      1.000000000025466 -6.536993168992922e-12                      0 -1.818989403545856e-12
 1.637090463191271e-11  3.274180926382542e-11  1.091393642127514e-10     0.9999999999991473 -3.637978807091713e-12 -1.818989403545856e-12
-1.227817847393453e-11  1.527951098978519e-10                      0 -2.614797267597169e-12      1.000000000000909  1.818989403545856e-12
-9.094947017729282e-13  4.365574568510056e-11  5.093170329928398e-11  -1.13686837721616e-13 -1.364242052659392e-12      0.999999999998181
