5
2

0.0007819862994338263
 0.002235430857258783
 0.002366852727464122
   0.1033733958480744
   0.5885135162828014

  0.4913573138485341  -0.8455108781029602  0.09020937367705235   0.1133562401284301    0.150638563661017
 0.04163607598540648  0.03258389151736719    0.200744186801901  -0.8153740825889046   0.5404364940468654
 -0.3117007981148692  -0.1575688237201543   0.8665283872674542  -0.0434521154521768  -0.3539140375407513
 -0.7186833922147595  -0.2861140555655382 -0.06951341768271616   0.3013824913852854   0.5531450149924456
  0.3783797319008119   0.4211418502386493   0.4425612716763304   0.4791617428545158   0.5039958982581992

 0.400411293937032
0.4003411884704749
0.4003498400133604
0.4001831924803687
0.4000828786261187

0.001057918784937813
  0.4007319336760087

    3.740798506293856     -2.24366796532753  -0.05188100060987572   -0.4755153372438252   -0.9695522331200965
     1.61082693114268   -0.4902757749583558 -0.005362042997644034  -0.03491253055235685  -0.08013370753412949

 2.158897380877698e-06 -3.199605890858008e-07 -2.765332655878189e-06   -0.02909293847047403   -0.09313986733009877
 7.273900201935923e-07  1.757828534327094e-07  -2.23862740738337e-06   -0.01145411545227513     0.1189843681766833

cov:
0.05510720117684326  0.0573884658559073 0.05853056327097648 0.06048003970045865 0.06180190980282087
 0.0573884658559073 0.06230382381070927 0.06476449509360861 0.06896973912489977 0.07182282017800817
0.05853056327097648 0.06476449509360861 0.06789196535435045  0.0732211499772121 0.07684057601158598
0.06048003970045865 0.06896973912489977  0.0732211499772121 0.08049411397951048  0.0854208886072518
0.06180190980282087 0.07182282017800817 0.07684057601158598  0.0854208886072518 0.09124832414081976

cov.inverse():
 412556.6749014845 -670330.2387998083  25948.63241119831  86688.82887895041  145200.1804831865
-670330.2387995992  1173721.527592137 -147792.2165571334 -160837.0663713249 -194820.2035006699
 25948.63241118542 -147792.2165571443  155409.5329290183 -22755.19337876225  -10814.5595515847
 86688.82887828402 -160837.0663702396 -22755.19337886394  154402.2033651081 -57496.01195043792
 145200.1804836568 -194820.2035015353 -10814.55955150683 -57496.01195012061  117944.5814952435

cov*(cov_.inverse()):
    0.9999999999909051  1.818989403545856e-12 -1.818989403545856e-12                      0 -4.547473508864641e-12
-5.456968210637569e-12      0.999999999998181 -1.364242052659392e-12 -9.094947017729282e-13 -1.818989403545856e-12
-3.637978807091713e-12  1.091393642127514e-11     0.9999999999998863                      0 -5.456968210637569e-12
-1.818989403545856e-12  3.637978807091713e-12  3.410605131648481e-13     0.9999999999990905 -1.818989403545856e-12
                     0                      0  9.094947017729282e-13                      0      0.999999999998181
