7
2

0.0001326708782576152
0.0003105117165245428
0.0009731478508579101
 0.001254658454275058
 0.001993420767955442
   0.1174793092934557
   0.7548639757671434

  0.02966301946774581   -0.2573113029882121    0.7769868657592267   -0.5735291516794906   0.01107753616082028  0.001167517250368276   0.01194346424189373
   -0.425516767000015    0.8033895528324668  -0.02416890636235005   -0.4142211218574799   0.02841366660173719   0.01335274752038406   0.01875636579363464
   0.5802867322874327  -0.02380827305956465    -0.469679623039346   -0.5886632369613866    0.2434353317517066    0.1673812759823265   0.09110360762516402
  -0.1295049644563193  -0.06010701844585121  0.004866801486441077   0.01646912867749112   0.09555360811955101    0.7318455537030524   -0.6592361383138985
   0.1660873424056676    0.0839290069623306 -0.002076250512270557  -0.04217290708973923   -0.8609468728059209    0.3893200166231552    0.2660610051033448
   -0.580915895133063   -0.4061111346612706   -0.2203060548681232   -0.1310484192719113    0.1724730224279794    0.3322859951904906    0.5401306295846291
   0.3154410820813089    0.3349717903287996    0.3557324440082238    0.3657010983653388    0.3996276238117008    0.4173989423435804    0.4405494791401836

 0.399690656369511
0.3985997575247818
0.3974012628005388
0.3968923731604364
0.3949104525916727
0.3938766340641254
0.3925921833270825

0.0151296846709029
0.4018444585736853

  0.2062013267471777    3.527937278913713    4.852413190850156   -7.221658345240384  -0.5832576991749755    0.528101908880803   -1.310169954902943
   1.304568941516883   0.8564159742745959   -1.788236756694531   0.7404129089621523    0.045786991245162 -0.04355430263249298  -0.1142208206436998

 1.230162401996864e-07  5.386419886840129e-07  1.737543328606803e-06  1.354400567379111e-06  3.910133245148794e-06   -0.03185260465450002    -0.1469309243234815
-3.514434790106108e-08 -1.272501265849725e-08  1.074038993240034e-06 -2.662472246519333e-07  6.925074847530438e-07   -0.01210361147913465     0.1611587311174769

cov:
0.06135673933979946 0.06346533848753196 0.06570698949551299 0.06678310330274746 0.07044762650053019  0.0723612860105755 0.07485624512158345
0.06346533848753196 0.06621354650722672 0.06913469314252663 0.07053712930577415 0.07531132971361262  0.0778080255145057  0.0810619942300987
0.06570698949551299 0.06913469314252663 0.07277821650936515 0.07452754123049897 0.08048133915852282 0.08359775679620014 0.08765851432855803
0.06678310330274746 0.07053712930577415 0.07452754123049897 0.07644351265755621 0.08296393398137258 0.08637799073151728 0.09082629292972313
0.07044762650053019 0.07531132971361262 0.08048133915852282 0.08296393398137258 0.09141503384122603 0.09583805570319802  0.1016047369169519
 0.0723612860105755  0.0778080255145057 0.08359775679620014 0.08637799073151728 0.09583805570319802  0.1008003823155592  0.1072579265657052
0.07485624512158345  0.0810619942300987 0.08765851432855803 0.09082629292972313  0.1016047369169519  0.1072579265657052  0.1146201877823352

cov.inverse():
 2301103.567816837 -3985328.732903854  1127805.526887953  497714.2496292859 -1415.835749956503  1651.843978838247    58507.207559604
-3985328.733457223  10460390.12569641  -11548309.3492113  4946056.325711719  46857.83705293722  70253.86704492236  10173.40945146514
 1127805.528952816 -11548309.35298468  34537599.76375737 -24921474.33289269  361883.2391486762 -32769.09676359978  475150.4806308034
 497714.2480564417  4946056.329124919 -24921474.33490703  20833945.25147803  -624202.135535221 -195929.2032839329 -536100.6286111919
-1415.835729524207  46857.83698092872  361883.2392726595 -624202.1356069868  270256.4750824165   7774.15059275108 -61191.34965272601
 1651.843986373065  70253.86697126135 -32769.09651985767 -195929.2034711498   7774.15059699353  409903.8945774473 -260912.9227668996
 58507.20759298031  10173.40940396928  475150.4805688924 -536100.6285262021 -61191.34965632692 -260912.9227722579  314430.2202017903

cov*(cov_.inverse()):
     0.999999999992724  -7.37827576813288e-11 -4.583853296935558e-10  1.455191522836685e-11 -7.275957614183426e-12 -3.637978807091713e-12                      0
 4.092726157978177e-11     0.9999999999897682  2.473825588822365e-10 -2.473825588822365e-10 -6.366462912410498e-12                      0  7.275957614183426e-12
 5.820766091346741e-11 -1.761009116307832e-10     0.9999999996362021 -9.458744898438454e-11 -8.185452315956354e-12 -3.637978807091713e-12  3.637978807091713e-12
  2.91038304567337e-11  1.039097696775571e-10 -4.292814992368221e-10      1.000000000283762 -1.182343112304807e-11                      0 -1.091393642127514e-11
 4.365574568510056e-11 -7.685230229981244e-11  1.891748979687691e-10   1.01863406598568e-10      0.999999999992724                      0 -1.091393642127514e-11
 4.365574568510056e-11 -1.075477484846488e-10 -6.548361852765083e-11 -3.274180926382542e-10 -5.456968210637569e-12                      1                      0
 1.818989403545856e-11 -7.412381819449365e-11 -1.600710675120354e-10  7.275957614183426e-12  1.818989403545856e-12                      0      1.000000000007276
