5
2

0.0001754853921532873
0.0009695487063210424
 0.002453369196287963
  0.08260313049658374
   0.5849190113631134

 -0.4286832032104055   0.8122290585384262  -0.3955203076380709 0.004263530794977198  0.00775733859612636
 -0.4610655599675417   0.1503976601897327   0.8007607486796117  -0.2035061348550468  -0.2866471169778244
  0.1095262346788573  0.07963518595927753  0.04732505969693547  -0.8079970253460999   0.5714572484716933
 -0.6582479261578421  -0.3669484516006324 -0.02543060920351142   0.2899428662429671   0.5893597543157736
  0.3979484040966308   0.4203231748314217   0.4466089256387222   0.4707876556667421   0.4938268392748802

0.3999887813723621
0.4000313207428572
0.4000849798987075
0.4001597303387581
0.4001948331536887

-0.0002683780044076275
    0.4000534314217886

     2.55944349481747     4.716874814175759    -6.957523029806832  -0.08484330337487597   -0.2338814526522865
    2.326999597635117   -0.4963660282865606   -0.7959673683190522 -0.001855659002576088  -0.03297601256949234

 1.688699210043072e-07 -5.600355119195299e-06  1.574516178612218e-06   -0.02320667703503319   -0.08949913592258285
-3.344815387653483e-08 -1.668638746614702e-06  9.649999616944281e-07  -0.009206871334518666     0.1179485273408238

cov:
0.05713748732982117 0.05887517064085732 0.06091979730965724 0.06279513107918665 0.06458806219456256
0.05887517064085732  0.0613635308086689 0.06428851732822673 0.06697537497061401 0.06953950328911362
0.06091979730965724 0.06428851732822673 0.06824617345667677 0.07188491719223244 0.07535364358770182
0.06279513107918665 0.06697537497061401 0.07188491719223244 0.07640767646056458 0.08070427554347691
0.06458806219456256 0.06953950328911362 0.07535364358770182 0.08070427554347691 0.08580564880633623

cov.inverse():
  6195681.80523838 -11378908.98904226  5113941.612960008  25735.44443049821  42951.75570588384
-11378908.98893373  21447880.80485901 -10303202.49991294  69186.77911704627  166269.7504477733
 5113941.612776067 -10303202.49966468   5762406.91593395 -234469.3602547479  -339321.155782102
 25735.44446156785    69186.779059508 -234469.3602283005  153126.3515537835 -13556.76950791179
 42951.75575023708  166269.7503655721 -339321.1557442405 -13556.76950792986  143669.8905126958

cov*(cov_.inverse()):
     1.000000000086402 -1.637090463191271e-11  8.003553375601768e-11 -3.637978807091713e-12 -1.818989403545856e-12
-3.910827217623591e-11      1.000000000100044  1.091393642127514e-10                      0                      0
-8.185452315956354e-11  1.073203748092055e-10     0.9999999999745341  -1.70530256582424e-12 -3.637978807091713e-12
-1.045918907038867e-10  9.276845958083868e-11 -4.001776687800884e-11      0.999999999998181  1.818989403545856e-12
 4.547473508864641e-12  2.728484105318785e-11                      0 -4.547473508864641e-13      0.999999999998181
