6
2

0.0001551842184609938
0.0003077197367821772
 0.001243275517802699
 0.001878579223103491
   0.1199719897228299
   0.6242248526740087

   -0.1625300053738629     0.6042989148187119    -0.7242842637177239     0.2894340596876943 -5.539959669892866e-05  -0.006859027377029366
     0.536094392775558    -0.5694713352464246    -0.4068747976489816     0.4712353198671056  -0.005076878635245884   -0.02587659209460113
   -0.4670825145898213   -0.06943752980535253     0.3369104907001326     0.7175997440129344    -0.1743829662087641    -0.3437220734313992
    0.0389160708437182     0.0459000306885004    0.05779764402078947    0.08423101788353685    -0.8063465203355434      0.579438162125685
   -0.5848580954087381    -0.4081506094808244    -0.2013753125405336    0.03345036582649795     0.3490527374983052     0.5725777948763904
    0.3527708485932156     0.3701485060071688     0.3904663128491611     0.4135238982784367      0.444446036002281     0.4664167418177966

 0.396426616263309
0.3963308777789573
0.3961837518957517
0.3959942700008241
0.3957896202261014
0.3955312073922926

0.002097363876320176
  0.3968975316014116

   0.3926890549158903     1.994336264052147     4.699646107514855    -6.724788049022661  -0.05497997002719253   -0.3073385328545201
    1.489563009934979  -0.06297867898507015    0.1232884311000937    -0.532189007224687 -0.000578797422888494  -0.01685813023998678

-1.013087499457469e-07 -5.679679604872833e-07 -5.331266711965764e-06 -1.135425706854401e-06   -0.03469013802740523   -0.09229435431961638
-1.260388166306827e-08  5.055584185628125e-08 -1.585678621221124e-06  2.849589765117296e-08   -0.01292461675415761     0.1255122664101053

cov:
0.05341542972896875 0.05431628070012798 0.05536823855396121 0.05656072389192361 0.05815501576299179 0.05929377023685241
0.05431628070012798 0.05578461366179203 0.05750027068410019  0.0594463033857142 0.06205215633653875 0.06390812725034792
0.05536823855396121 0.05750027068410019 0.05999248323675567 0.06282016560567678 0.06660952013343083 0.06930463371477869
0.05656072389192361  0.0594463033857142 0.06282016560567678 0.06664902403304933 0.07178225320678173 0.07543028612263884
0.05815501576299179 0.06205215633653875 0.06660952013343083 0.07178225320678173 0.07872575651163988  0.0836497682873166
0.05929377023685241 0.06390812725034792 0.06930463371477869 0.07543028612263884  0.0836497682873166 0.08948783140922577

cov.inverse():
 4273598.259179875 -7280953.649716541  2483506.673035003  498593.8792206622  15419.79491440047   10022.5642781075
-7280953.649583659  18592327.53438202 -15742082.07613519  4397702.240358456   26478.6081360092  6467.061878864395
 2483506.672711691  -15742082.0756044  23605928.72591575 -10571934.26288412  -27738.5008086948  252041.1068421978
  498593.879452682  4397702.239853592 -10571934.26258463  6158870.037728976 -126132.0288937936 -356951.4111893072
 15419.79489123022  26478.60820390665 -27738.50087627773  -126132.028870543  204194.6239852684 -92199.65686819292
 10022.56425969231  6467.061917916823  252041.1068177764 -356951.4111859183  -92199.6568677981  180619.3839855503

cov*(cov_.inverse()):
    0.9999999999683951 -1.518287717772182e-10  2.164597390219569e-10 -1.455191522836685e-11  9.094947017729282e-13                      0
-4.285993782104924e-11     0.9999999999847091 -7.639755494892597e-11  1.091393642127514e-10                      0 -1.818989403545856e-12
 5.650235834764317e-11 -3.423679117986467e-10      1.000000000174623 -5.820766091346741e-11  9.094947017729282e-13 -1.818989403545856e-12
 1.921307557495311e-11 -2.106048668792937e-10  3.310560714453459e-10     0.9999999999490683  9.094947017729282e-13  5.456968210637569e-12
 -3.83124643121846e-11 -5.695710569852963e-11  1.455191522836685e-11  1.091393642127514e-10     0.9999999999990905  3.637978807091713e-12
 -9.43600753089413e-12  -1.12208908831235e-10 -1.455191522836685e-11 -1.091393642127514e-11                      0      1.000000000003638
