6
2

0.0001180932139085028
0.0001533065710944139
0.0004011583084049356
 0.001428969071044965
  0.06211302444976628
   0.5937723632199233

 -0.01803879589937273    0.2581999665539307   -0.6711592832936664    0.6567732426777927   -0.2262769373912724 0.0005008693495118563
  0.08753578965239509   -0.6260877767435213    0.4059676692939624    0.5261559019432167   -0.3983452354441304  0.004782580850753869
   -0.538737627670777    0.5381978664620324    0.4201779686699511   0.03383439981321782   -0.4909259059194826   0.03744713604787161
   0.3729146555224459  -0.00200789035257773    -0.166311302028029   -0.3408892217246193   -0.5266944345826943     0.663067636054007
  -0.6439804980511062   -0.3064595017811341   -0.1327144027525969   0.07308459551563469    0.3087687268918188    0.6108020091583288
   0.3847046058088209    0.3972007952711203    0.4036252973996017    0.4112387242860233     0.419960024019124    0.4310879303320996

0.3835054260738359
0.3817085439234078
0.3808813076641804
0.3797558729010097
0.3784702436741165
0.3768921470081588

0.02629195433029909
 0.3871061865654752

    1.02089004733284   -2.932023256657339    6.237678080560953    11.88972178934874   -15.95179532058608  -0.2644615140133918
   1.591842290852029  -0.6179225275616563   0.2952878950560381    1.285429719144041   -1.532914564155232 -0.02170822933140526

 9.003964208770447e-08  4.011068738294438e-07  1.402722728625638e-06  7.192744601470562e-06   -0.01853670580290913   -0.06268076851024811
 1.122152188482982e-08  4.543008254132905e-08 -4.358737049275736e-08  1.838873751760317e-06  -0.004890306862705427     0.1274993242303977

cov:
0.05377917436540088 0.05463512823323041 0.05507472540245023 0.05559595599134583  0.0561932037865014 0.05695298283307892
0.05463512823323041 0.05598613176383278 0.05668036283089686 0.05750319022651532 0.05844582480999866 0.05964710249096997
0.05507472540245023 0.05668036283089686 0.05750570388809034 0.05848377758532066 0.05960420998476167 0.06103274762769823
0.05559595599134583 0.05750319022651532 0.05848377758532066 0.05964579860683943 0.06097684897603105 0.06267461272827256
 0.0561932037865014 0.05844582480999866 0.05960420998476167 0.06097684897603105 0.06254916354499539 0.06455526774195852
0.05695298283307892 0.05964710249096997 0.06103274762769823 0.06267461272827256 0.06455526774195852 0.06695991529041734

cov.inverse():
 2221097.479590696 -4467854.840286319  943162.6876244829  934596.8165714281  356289.8494496081  12795.39404428057
-4467854.839846092  23258513.60794312 -21835090.63231696 -1742977.969195267  4780736.653229831  6407.200222329005
 943162.6866593192 -21835090.63002264    40422846.735967  -22403135.8365262   2770146.67718684  102253.1042676259
 934596.8172162124 -1742977.971650613 -22403135.83450912  42773073.58371969 -19589259.94371048  27845.66186872738
 356289.8493406438  4780736.653782146  2770146.676553976 -19589259.94352336  12056346.22606861 -374401.6066402268
 12795.39403338061  6407.200271278559  102253.1042125904  27845.66188810151 -374401.6066426156  225115.0576865951

cov*(cov_.inverse()):
     0.999999999986926  -1.56319401867222e-11  4.729372449219227e-10  4.913545126328245e-10 -4.729372449219227e-11                      0
 4.320099833421409e-12     0.9999999999153033 -9.094947017729282e-11  7.275957614183426e-11 -5.456968210637569e-11                      0
-4.092726157978177e-12 -8.657252692501061e-11      1.000000000057298 -5.911715561524034e-11 -3.274180926382542e-11  1.818989403545856e-12
-1.796252036001533e-11 -1.378452907374594e-10  7.275957614183426e-11     0.9999999999920419 -2.110027708113194e-10 -3.637978807091713e-12
 2.137312549166381e-11 -2.906404006353114e-10 -1.446096575818956e-10  4.167759470874444e-10      1.000000000101863 -3.637978807091713e-12
 1.102762325899675e-11  1.494981916039251e-10  4.456524038687348e-11 -7.594280759803951e-11  -8.36735125631094e-11                      1
