5
2

0.0001443546536419407
0.0003548687836418972
 0.001495007721406825
  0.07494225714436054
   0.5467821276770927

-0.05306492313959048   0.3782726815461386  -0.7928135150790144   0.4748556742567997 -0.00726025221741534
  -0.496125907313638   0.7470286412254109   0.1382340048439832  -0.4192745773344864  0.03012444168641194
  0.4498493968135562  0.01147552184295193  -0.3902811056241728  -0.6023554839344656   0.5313683864813191
  -0.613092744966067  -0.3371700055403465 -0.02692250196074416   0.1657466065535838   0.6944328007359976
  0.4156873876855805   0.4301658835230492   0.4464234847023598   0.4565269442400475   0.4842009188973312

0.3832614124011955
0.3814764106319859
0.3795408721833115
0.3782659886756005
0.3746999304543764

0.02610573014684529
 0.3868424977961806

  0.9299901280449454   0.2887797678893733    14.85569288638306   -15.69588183814261  -0.3785023512681863
   1.588587949886541  -0.4514412922596398    1.378155473911587   -1.489485026391262 -0.02577913776696242

-3.994369892245116e-07  1.054978807318317e-06  8.665615503704676e-06    -0.0220827492574797   -0.06162551454855117
-4.281825533188964e-08 -3.918302124446979e-08  2.358150109404181e-06  -0.006310643329658304     0.1162786640905426

cov:
0.05377251070643736 0.05462125995163786 0.05557307598161874 0.05616511248341494 0.05778505514315303
0.05462125995163786 0.05596090045830508 0.05746416093742309 0.05839863841995035 0.06095661967362172
0.05557307598161874 0.05746416093742309 0.05958747088979226 0.06090697639837515 0.06451964003767846
0.05616511248341494 0.05839863841995035 0.06090697639837515  0.0624656603472021 0.06673342438497921
0.05778505514315303 0.06095661967362172 0.06451964003767846 0.06673342438497921 0.07280287646944954

cov.inverse():
 2180295.927793635 -3903951.724526025  1395769.750402753  321309.8147956596  6682.620281992573
-3903951.724436105  11298163.74330675 -13573774.28540349    6129713.9217815  49591.80025502551
 1395769.750142765 -13573774.28492926  30383304.26702252 -18421428.92953771  216501.6751571677
 321309.8149749334  6129713.921356798 -18421428.92925526  12379123.79173529  -408924.826122012
 6682.620272775779  49591.80029542804  216501.6750889613 -408924.8260849924  136151.7594713062

cov*(cov_.inverse()):
    0.9999999999798774 -4.365574568510056e-11  1.473381416872144e-10  5.820766091346741e-11  3.637978807091713e-12
-5.059064278611913e-12      1.000000000061846 -1.800799509510398e-10  3.637978807091713e-11 -3.637978807091713e-12
-1.995204002014361e-11 -3.137756721116602e-11      1.000000000336513  9.458744898438454e-11                      0
-1.131184035330079e-11 -1.318767317570746e-10  2.146407496184111e-10     0.9999999996944098  3.637978807091713e-12
 5.059064278611913e-12 -3.319655661471188e-11  2.401066012680531e-10  3.637978807091713e-11      0.999999999998181
