5
2

0.0001530239424451262
0.0009296710987024778
 0.001987205833793503
  0.06245879090255173
    0.558521964504904

   -0.563847872918591     0.792020164935671   -0.2340140359700708  0.002839737003348127   0.00300023385817187
   0.3664505060106245  0.004211411951523725   -0.8625690429180344    0.2642072017611667    0.2277399644132138
   0.1477038808513817   0.09758927295702724  -0.02783844977197019    -0.795845806478562     0.578372172921503
  -0.5923088336270123   -0.4254998195705069 -0.001501801866027431    0.2887318966691637    0.6202836331790949
   0.4185013883353165    0.4267464817591739    0.4476995001939506    0.4620063144455942    0.4783924656660744

 0.381727987917305
0.3809066463886745
0.3785245188240732
0.3769596616978251
0.3749762529856052

0.02600536796359772
 0.3870622141156855

 -0.6019056876129721    10.96766205003185   -9.748903733521621  -0.1778932411660338  -0.4390555521932959
   2.571528819161443  -0.0788270827080397     -1.4293679194951 -0.03057630559902344 -0.03279108160335073

 2.647344697291182e-07  6.990132638318265e-06  4.503641219362539e-06   -0.01802029792573792   -0.07121594451456791
-2.758623031060543e-08  1.866334121849731e-06  1.647880974857269e-06  -0.005916486448502116     0.1162963957643504

cov:
0.05600425608129542  0.0566950542041362 0.05845042632754121 0.05964745870303268 0.06102136129470619
 0.0566950542041362 0.05751577442043649 0.05960121389613909 0.06102371688349589 0.06265525817451631
0.05845042632754121 0.05960121389613909  0.0625256608722748 0.06452127066544254 0.06680766830651774
0.05964745870303268 0.06102371688349589 0.06452127066544254 0.06691277069862708 0.06964348894522947
0.06102136129470619 0.06265525817451631 0.06680766830651774 0.06964348894522947 0.07289426001449648

cov.inverse():
 13738027.46835139  -19065760.1876656  5268123.347266531  13832.48830772147   45855.5899946375
-19065760.18766659  26791306.60650462 -7920044.274323742   77638.8202157562   116813.875873112
 5268123.347254938 -7920044.274306525  3199699.019791832 -286450.0125403895 -261346.9409948342
 13832.48833256826  77638.82017986458 -286450.0125284786  241520.9239214522 -46531.23527107598
 45855.58998236649  116813.8758908033 -261346.9410011202 -46531.23527021016  145202.1495021645

cov*(cov_.inverse()):
     1.000000000034106 -1.364242052659392e-11 -7.457856554538012e-11 -3.183231456205249e-12 -1.818989403545856e-12
 5.502442945726216e-11      1.000000000030013  -2.91038304567337e-11 -3.637978807091713e-12 -1.818989403545856e-12
 1.564330887049437e-10 -1.682565198279917e-10     0.9999999999708962 -5.002220859751105e-12 -3.637978807091713e-12
 1.186890585813671e-10 -2.819433575496078e-11 -3.637978807091713e-11     0.9999999999968168 -3.637978807091713e-12
 5.502442945726216e-11 -2.546585164964199e-11 -1.818989403545856e-11 -1.818989403545856e-12                      1
