5
2

0.0002055562070107434
 0.001112994897576944
 0.002411099476707371
  0.08373353948785635
   0.5663804134178259

 -0.1663467210072626   0.7570647543284077  -0.6310492890732465  0.01164956850710478  0.02868463835485043
  -0.529961660358245   0.4244299253466884   0.6311271482952689  -0.2273043131592494  -0.2983473628581641
  0.2289508452618071  0.08900099435955247  0.05237603585877154  -0.8440612627004201   0.4737907440349676
   -0.69151048265197  -0.2269067871573176 -0.05679058907245248   0.1581950939553085   0.6648877375660183
  0.4010787575985643   0.4327867017005345    0.444394978938058   0.4590554801217864   0.4935713422588108

0.4009627665313421
0.4011104480886263
0.4010997946739839
0.4011070142307844
0.4010519115189085

0.0001909461124361128
   0.4011771303312257

   1.471978340170132     11.3124525007166   -11.78592483232194  -0.2385944571800599  -0.7599849621043924
   1.465153035876514   0.5953301693058476  -0.9741233218680631  -0.0201088753551856 -0.06626445723416333

 6.647433057588953e-07 -3.884982780269037e-06  3.301108669449131e-06   -0.02424846203009537   -0.07570005135581791
 3.462936532880933e-08 -1.380290670433415e-06  1.877669829853878e-06  -0.007994091930212135     0.1188386357630479

cov:
0.05495646512651873 0.05678263347144456 0.05745119865773368 0.05829446105605104 0.06028045445025954
0.05678263347144456 0.06044603360467934 0.06178704212201341 0.06347947440456905  0.0674659303989821
0.05745119865773368 0.06178704212201341 0.06337432329508649 0.06537770276026959 0.07009673940338065
0.05829446105605104 0.06347947440456905 0.06537770276026959 0.06777968540908834 0.07341800793498057
0.06028045445025954  0.0674659303989821 0.07009673940338065 0.07341800793498057 0.08124866531482164

cov.inverse():
 890700.5850757469 -3158529.399743642  2216432.272577706  18124.68057959557  33304.36542614501
-3158529.399774863  13711324.58176495  -11089635.9341764  117921.4523963853  418961.7096898311
 2216432.272620017 -11089635.93425218  9746675.201152137 -297398.1956385995 -576141.2438884571
 18124.68057427537  117921.4524207558 -297398.1956587148  167476.2579571158 -6121.625468102336
 33304.36542037251  418961.7097100222 -576141.2439018105 -6121.625469167564  130006.0291429272

cov*(cov_.inverse()):
    0.9999999999911324  3.637978807091713e-12 -3.637978807091713e-11 -4.092726157978177e-12  3.637978807091713e-12
 3.092281986027956e-11      1.000000000040018 -7.275957614183426e-12 -3.467448550509289e-12 -5.456968210637569e-12
-5.911715561524034e-12 -1.091393642127514e-11     0.9999999999636202 -1.932676241267473e-12                      0
 1.364242052659392e-11  7.275957614183426e-12                      0     0.9999999999980105 -1.818989403545856e-12
 5.002220859751105e-12  1.455191522836685e-11  3.637978807091713e-11 -1.080024958355352e-12      0.999999999998181
