5
2

0.0003472401541628522
 0.001129202141316571
 0.002037495265657143
  0.07963732350510132
   0.5525959306763765

 -0.4944863811658554    0.798088659670223  -0.3431255099587727   0.0164395311675127  0.02307241595080825
  0.3625396586124901  -0.1400915028740541  -0.8154054548912463   0.3606376408340483   0.2323656663598981
  0.1562878176310357  0.05450525580982635 -0.09192645140944328  -0.7512075239902657   0.6323290904117209
 -0.6577365391655327  -0.4008020937062432  0.06755019260707885   0.2973238068615623     0.56015698878023
  0.4086624253357672   0.4240468380946529   0.4520678351300231    0.465785405098106   0.4815162822367111

0.3834606454195968
 0.381693501230529
0.3785086192778755
0.3769538353013281
0.3749691604369446

0.02586834378607553
 0.3870098607302404

  0.1571512306570343     6.98000556724224   -6.482206849531577  -0.1791875324619999  -0.4758328811908504
    1.51187059032533   0.1754423198572645  -0.6350672087708606 -0.01610128468449651  -0.0361254574309858

 9.288237816706718e-07  5.342112573993918e-06  3.464822838088801e-06   -0.02320358128997303   -0.06684695700657231
-4.711753633820714e-08  1.309743519721968e-06  1.218353972411709e-06  -0.007183397971831993     0.1161146921955219

cov:
0.05374102034018181 0.05458868218164752 0.05613138536279306 0.05688481126795818 0.05775231566354108
0.05458868218164752 0.05592785971863212 0.05836569959243069 0.05955756624619783  0.0609267580322668
0.05613138536279306 0.05836569959243069 0.06243529509039911 0.06442638093357439 0.06671014687245529
0.05688481126795818 0.05955756624619783 0.06442638093357439 0.06681334801366508 0.06954204231279339
0.05775231566354108  0.0609267580322668 0.06671014687245529 0.06954204231279339 0.07279238979242676

cov.inverse():
 2136941.471828375 -3310734.050161066  1171867.127499342  6807.343313417408 -4806.145263465432
-3310734.050158414  5298668.205798362 -2182766.077792543  59309.64209526445  135453.9162756605
 1171867.127491057 -2182766.077781138  1499917.647095261 -260766.4368997953 -228247.4252271123
 6807.343319258694  59309.64208615769 -260766.4368964713  240189.2510666502 -45529.04250022444
-4806.145263674221  135453.9162760131 -228247.4252273144 -45529.04250016611  143124.8503698158

cov*(cov_.inverse()):
      1.00000000003331 -5.820766091346741e-11  5.456968210637569e-12                      0 -1.818989403545856e-12
  1.69961822393816e-11     0.9999999999599822 -9.094947017729282e-12 -1.364242052659392e-12 -1.818989403545856e-12
 1.398348103975877e-11                      0      1.000000000005457 -1.818989403545856e-12 -1.818989403545856e-12
 1.210764821735211e-11  7.275957614183426e-12 -7.275957614183426e-12      0.999999999996362                      0
-3.922195901395753e-12  4.001776687800884e-11 -1.091393642127514e-11 -9.094947017729282e-13                      1
