5
2

0.002055049521783115
0.002252531868350037
0.003114570597109286
 0.08228699701163558
  0.6025501382141512

  0.5144402932921628  -0.6029833252052266  -0.3313637428845267 -0.08476222484773943   0.5047531369910844
-0.05958346095537635   0.3964917126302185  0.04437746375497833  -0.8089329429930373    0.427670746541583
  0.0143961037635779   0.4989922894274351   -0.829373194509015   0.2387527740437416  0.07704975278821238
 -0.7638588703854329  -0.2103473028870797 -0.01689114368140709   0.2470492672847575   0.5576333805474892
   0.384855004057336   0.4312379141496049   0.4473069461871551   0.4694748463975124   0.4954092770070819

0.4005093197802586
0.4005183366558706
0.4004556172873332
0.4003962059445222
0.4003308361661717

0.0007187660916128491
   0.4007750046556692

  3.445442464831921 -0.5042909362504799  -1.016708509406676 -0.7231915986691894  -1.201446620176811
   1.72450639240723 -0.1336589050910031 -0.2179782241160079 -0.1506024648114623 -0.2222137974746688

 7.890338848755015e-06 -1.923858281144462e-06   3.64701176933856e-06   -0.02273219155475499    -0.1020153594131673
 3.972292888063955e-06 -7.033798845299511e-07  8.326799977198727e-07  -0.009795164864872251     0.1189958660064286

cov:
0.05772700015342215 0.06134262049337651 0.06258783115231908 0.06432109759897525  0.0663393446495982
0.06134262049337651 0.06782245125176019  0.0700549809902907 0.07315266441548975 0.07677101026868019
0.06258783115231908  0.0700549809902907 0.07265272958249973 0.07621352807108348 0.08039056992355427
0.06432109759897525 0.07315266441548975 0.07621352807108348 0.08043947091959097 0.08537389831910343
 0.0663393446495982 0.07677101026868019 0.08039056992355427 0.08537389831910343 0.09121516471017165

cov.inverse():
 63472.68744778525 -77341.99607991627 -42113.69210590722 -498.7107568700627  56514.80534648874
-77341.99607996158  142750.8483067945  8117.636214311895 -38836.36724414388 -34701.23472298057
-42113.69210587058    8117.6362141718  97297.62273217915 -20837.29270098972 -42451.87569115398
-498.7107568250207  -38836.3672440786 -20837.29270118056  136555.4461492518 -76396.92004531623
 56514.80534645243 -34701.23472295119 -42451.87569106662 -76396.92004539669  97033.50414011162

cov*(cov_.inverse()):
    0.9999999999995453 -4.547473508864641e-13 -9.094947017729282e-13                      0  1.818989403545856e-12
-9.094947017729282e-13     0.9999999999995453 -4.547473508864641e-13                      0  9.094947017729282e-13
-1.818989403545856e-12 -4.547473508864641e-13      0.999999999998181  2.728484105318785e-12                      0
-9.094947017729282e-13                      0                      0      1.000000000001819  1.818989403545856e-12
-9.094947017729282e-13  4.547473508864641e-13 -4.547473508864641e-13                      0                      1
