5
2

0.0003031959128473741
 0.001039918060261083
 0.002606649592481335
  0.07499721201421142
   0.5570637844842039

 -0.4655256922695722    0.803286070643115  -0.3707623189610599  0.01445232822408495  0.01854053923705013
  0.3957156854762646  -0.1562813890878746   -0.810029677646841   0.2822992002588556   0.2883475447396414
  0.1211978926050803  0.06554514276621881 -0.01034954224081441  -0.7829034290025486   0.6066053189012611
 -0.6658973973137595  -0.3794353448080617  0.05400812094838683    0.301787932315583    0.564461373471612
  0.4105930505790795   0.4266617741322186   0.4509581288955792   0.4648489609613538   0.4795052520949711

0.3997072480614365
0.3996633310765929
 0.399667119759733
0.3995865321944047
 0.399523790887358

0.001108153406397299
  0.4000307856973045

  0.5755039492546487    7.232367009856647   -6.911783173547001  -0.3656540320194352   -0.530484547518988
   1.486986123727382   0.2843694467248468  -0.6869002406262442 -0.03499406251927095 -0.04945669429464189

  7.43627246313776e-07  4.801561699712667e-06  3.939571040120224e-06   -0.02199505475725343   -0.06802103039969432
-1.935504110434552e-08   1.16389090129976e-06  1.381781537132843e-06  -0.006601320697720099     0.1185828514868856

cov:
0.05481015777330316 0.05578430865112802 0.05725632626829193 0.05809801190492658 0.05898277808447398
0.05578430865112802  0.0573006399592654 0.05959246886944251 0.06090233548991601 0.06228288306200715
0.05725632626829193 0.05959246886944251 0.06312482013525673 0.06514307514570117 0.06727378634034546
0.05809801190492658 0.06090233548991601 0.06514307514570117 0.06757188758471451 0.07012456660348741
0.05898277808447398 0.06228288306200715 0.06727378634034546 0.07012456660348741 0.07314510432065981

cov.inverse():
 2504481.003237925 -4123843.014117454  1580958.831612708  16111.49675801711  22375.88722451375
-4123843.014127158  7042542.996368266 -3122849.484895495  77919.59702707903  126155.6270879073
 1580958.831632825  -3122849.48492241  2102113.969853826 -268545.1896511348 -291678.1084479896
 16111.49675378522  77919.59703394356 -268545.1896536279  166190.3696124979  8321.350915387664
 22375.88721832966  126155.6270982579  -291678.108452296  8321.350915527397  134836.5219087719

cov*(cov_.inverse()):
     1.000000000012506  -2.91038304567337e-11                      0  5.684341886080801e-14  9.094947017729282e-13
 3.979039320256561e-11     0.9999999999363354  3.274180926382542e-11 -3.979039320256561e-12 -1.818989403545856e-12
 -1.84172677109018e-11  2.364686224609613e-11     0.9999999999890861 -1.932676241267473e-12  1.818989403545856e-12
-1.364242052659392e-12 -7.275957614183426e-12   2.91038304567337e-11     0.9999999999979536                      0
 3.183231456205249e-12 -2.364686224609613e-11 -1.455191522836685e-11 -1.591615728102624e-12                      1
