6
2

0.0001711750008884967
0.0003275357739804137
 0.001198596453240056
 0.002573003877439417
  0.07509085204319059
   0.6094678675636462

 -0.02281035522459653    0.3785902028102717   -0.8021043481564712    0.4611565256073068 -0.006398746810060568 -0.008454326001869064
   0.4633027320727269   -0.7559044922237822   -0.1121512403253422    0.4477108323987032  -0.01881159283529853  -0.02412904704294451
  -0.4677051643928734   0.04959671047598481     0.410663087281641    0.6402270013280214   -0.3141944453396618   -0.3186520226559704
   0.1168005423826676   0.06076116682232287   0.01695654031852535  -0.01441402028012642   -0.7850004944825876    0.6049335908406711
  -0.6409348589511215   -0.3555214974869809   -0.1124094894398057   0.07980927485942337    0.3224509875151756    0.5829467543324216
   0.3763539361148378    0.3908075852807237    0.4030919561720255    0.4128217192432651    0.4250724818716728    0.4382187059035932

 0.399990429433601
0.3999541557913101
0.3999998774213529
0.3999416097484139
0.3998944807367567
 0.399776040070741

0.001162170725753985
  0.4003265290580446

  0.9969236892707563    1.667579646928331    11.10307133279079   -12.98423590751012  -0.2685161455238617  -0.5147752770704974
   1.571244191670954   -0.223555991491667   0.8563501850537452   -1.138776419970639 -0.02061543821902864 -0.04466970634124845

-4.183851554878788e-07 -8.410284649609774e-07 -5.586200215911361e-06  3.260988457219725e-06   -0.02200673080404459   -0.07333926364424813
-3.902887786523462e-08   3.13826413155611e-08 -1.584117268778005e-06  1.258095743215312e-06  -0.006469886887773755     0.1302733302277357

cov:
0.05492994522845315 0.05591858790903837 0.05675705694297316 0.05742241954454468 0.05825815613989876 0.05915560605482739
0.05591858790903837 0.05744472683730525 0.05874058537388101 0.05976765497576269 0.06105928937902744 0.06244602754186503
0.05675705694297316 0.05874058537388101 0.06042604615808107 0.06176113357722594 0.06344099923121575 0.06524441132810813
0.05742241954454468 0.05976765497576269 0.06176113357722594 0.06333988487151533 0.06532681395325719 0.06745978646167267
0.05825815613989876 0.06105928937902744 0.06344099923121575 0.06532681395325719 0.06770673515476068 0.07024884797108377
0.05915560605482739 0.06244602754186503 0.06524441132810813 0.06745978646167267 0.07024884797108377 0.07325057296601009

cov.inverse():
 2172995.307508543 -3574243.486314947  6704.929131895557  1365806.286916487  12143.05891816076  16722.83575051427
-3574243.486179862   10220159.5092051 -9559242.479235539  2825847.117887557  31800.30224214775  55294.42038616578
  6704.92881213889 -9559242.478648394  22192086.16555449 -12909115.38188578  103000.5706652271  167111.0833023073
 1365806.287108671  2825847.117387447 -12909115.38153681  9411764.639260162 -317518.8863133963 -377071.2972598763
 12143.05891381294  31800.30227555222  103000.5706041167  -317518.886280673  166510.3950231143  4071.622537712835
 16722.83574734248  55294.42040082544  167111.0832818444 -377071.2972515732  4071.622538384102  133881.4341738444

cov*(cov_.inverse()):
    0.9999999999636202 -5.638867150992155e-11 -2.000888343900442e-11   2.91038304567337e-11 -3.979039320256561e-13 -9.094947017729282e-13
 3.637978807091713e-12     0.9999999998381099 -9.276845958083868e-11  7.275957614183426e-11 -1.023181539494544e-12  1.818989403545856e-12
-3.205968823749572e-11 -1.764419721439481e-10      1.000000000276486 -2.182787284255028e-11  5.115907697472721e-13  3.637978807091713e-12
 -1.20508047984913e-11 -1.909938873723149e-10 -1.036823960021138e-10      1.000000000160071 -4.888534022029489e-12 -3.637978807091713e-12
-1.591615728102624e-12 -8.594724931754172e-11 -1.491571310907602e-10  1.564330887049437e-10     0.9999999999995453 -1.818989403545856e-12
-3.183231456205249e-12 -7.003109203651547e-11  7.275957614183426e-12  7.275957614183426e-12 -1.364242052659392e-12                      1
