5
2

0.0001608137321894958
 0.001069810667058309
 0.001272311562670048
    0.104952404767157
   0.6439959343102059

   0.1071900574651428   -0.7413950089066927    0.6619913519034999 -0.003288718978146402  -0.02450238113580301
   0.6202737483925564     -0.43657379109765   -0.5786171177000685    0.1205956008039772    0.2744498754834225
 -0.03883655938342846  -0.07594478172284665  -0.09654583159679436    0.7988341774588708   -0.5875942231754998
  -0.6832486230522152   -0.2841530776821991   -0.1853414213065406    0.3274687641473228    0.5575312669231051
   0.3680133277317226    0.4162044981348402    0.4281321537315278    0.4899735205351864    0.5176570432822372

0.3989408726860206
 0.396804009532859
0.3963322944857424
0.3935104774427741
0.3923188127783324

0.01416061364142773
 0.4009665990771168

   1.670530302287778    9.195680218868965   -9.949727092151484     0.58147999284997   -1.498152101628476
   1.601359716038306  -0.8567686291097705   0.4375420527284893 -0.09633118886965755 -0.08477295954846428

 -3.41117795461685e-07  2.789857074803263e-06   2.49643651059781e-06   -0.02814468638467899    -0.1278848814320226
 2.841863286087377e-08  1.235220979624494e-06 -1.076609560801984e-07   -0.01113151382451603     0.1364354435462143

cov:
0.06131113154224515 0.06566203994342663 0.06673876460891012 0.07231842743918347 0.07481241375681737
0.06566203994342663 0.07273185375034785 0.07448149112108901 0.08355058716134446 0.08760912804921181
0.06673876460891012 0.07448149112108901 0.07639775422631233 0.08633074564996751  0.0907766534772666
0.07231842743918347 0.08355058716134446 0.08633074564996751  0.1007483470406706  0.1072019153393005
0.07481241375681737 0.08760912804921181  0.0907766534772666  0.1072019153393005  0.1145594732475408

cov.inverse():
 781425.9218510421  -3307733.80168984  2432590.334427905  32542.16309864244  61246.11563112841
-3307733.801745456  21424709.85331151 -18752978.93331812  10795.25205158273  625306.6410546846
  2432590.33449198 -18752978.93341836  17243945.85945088 -192802.0632593079 -730928.3724030869
 32542.16309523028  10795.25207528357  -192802.063280462   407344.524764256 -257914.1359803374
 61246.11562608414  625306.6410756132 -730928.3724181057 -257914.1359812031  302345.8526549898

cov*(cov_.inverse()):
    0.9999999999881766  5.820766091346741e-11 -2.764863893389702e-10                      0  7.275957614183426e-12
-2.455635694786906e-11      1.000000000254659   2.91038304567337e-11  3.637978807091713e-12 -7.275957614183426e-12
  -1.2732925824821e-11  9.458744898438454e-11     0.9999999999563443 -3.637978807091713e-12 -3.637978807091713e-12
-3.274180926382542e-11  1.600710675120354e-10  1.455191522836685e-11      1.000000000003638  3.637978807091713e-12
 2.364686224609613e-11 -1.164153218269348e-10  7.275957614183426e-11                      0                      1
