5
2

0.0002272920978637399
  0.00122859668445758
 0.001893263802395202
  0.07128363999360121
    0.670112487564772

 -0.6458536774344866   0.7601013597067016 -0.04246418426987177  -0.0167052308632708 -0.05510606711127376
  0.1574331886203614   0.1516443250286362  -0.1862907708423571  -0.7358823958447824   0.6131815701667317
  0.1926889727721965   0.1340472879696274  -0.8721291469803834   0.4059588343540661   0.1396082381420936
 -0.6029768030833424   -0.462725512034926  0.01433695776302681   0.2659449725478177    0.592766225989681
  0.3967086502467064   0.4088598130883443   0.4501974504399421   0.4718778773517321   0.5001094125730892

 0.398015424060416
0.3975731215657052
0.3958027411471272
0.3948913399905402
0.3937595161382822

0.01344426701846577
 0.4019635353476617

  15.35154325496689  -13.73580322249317 -0.6422639697203129  0.4427097673163681  -1.415962494552012
   5.93284144353292   -4.58641681882385   0.034750388063576 -0.1359875920385321 -0.2442841482626768

-1.046539301327466e-06 -1.117733674678688e-06  5.946616757908897e-06   -0.01845307269198119    -0.1411387878687762
-3.773180044970128e-07  2.752160585088144e-07  1.465251001896141e-06   -0.00831098720650259     0.1381792891956482

cov:
0.07251827462361334 0.07425310049212222 0.08015464337382547 0.08324668410120764 0.08727469214954786
0.07425310049212222 0.07615429599740894 0.08262154003127063 0.08601093049607285 0.09042593970548964
0.08015464337382547 0.08262154003127063 0.09101641561694414 0.09541385226423341   0.101145444492407
0.08324668410120764 0.08601093049607285 0.09541385226423341  0.1003503557466575  0.1067723041356824
0.08727469214954786 0.09042593970548964   0.101145444492407  0.1067723041356824  0.1140979068956964

cov.inverse():
 8101052.100009438 -9479402.671643479  464555.9472129051  153882.6639538306  760302.6585254809
-9479402.671667757  11203702.67331277 -676109.0675492899 -304556.3292349926  -744008.909710031
 464555.9472420241 -676109.0675823722  270093.0017549986  5778.754283700392 -64347.07987820397
 153882.6639806404 -304556.3292651936  5778.754283390243  410148.4579543333 -265274.4581086774
 760302.6584938203 -744008.9096710127  -64347.0798818591 -265274.4581123805  313379.1358316166

cov*(cov_.inverse()):
    0.9999999998981366   2.91038304567337e-11  9.094947017729282e-13 -7.275957614183426e-12 -7.275957614183426e-12
-1.309672370553017e-10      1.000000000029104                      0 -7.275957614183426e-12 -1.818989403545856e-11
-5.820766091346741e-11 -8.731149137020111e-11      1.000000000002728 -3.637978807091713e-12 -7.275957614183426e-12
-5.820766091346741e-11 -5.820766091346741e-11  2.728484105318785e-12      1.000000000003638 -7.275957614183426e-12
-4.365574568510056e-11 -1.600710675120354e-10  4.547473508864641e-12  3.637978807091713e-12      0.999999999992724
