6
2

0.0004273972271716164
 0.002236485008814911
 0.002293177693904544
 0.003115975272670396
    0.113352746086023
   0.6416955996701923

 -0.6106548730055159   0.7866718797077368 -0.04688788303905578  -0.0611200905514694 -0.03452276048995864 -0.03349656273354949
 -0.1282102558040913 -0.08450977678917697  0.01278962144019793    0.136627020016607   0.7228515667396552  -0.6596023979493382
  0.2723053785303157   0.1693210346140627  -0.7741796688727753  -0.3008229942255866   0.3747105072445438   0.2586959030800725
-0.02551870186619845 0.002108731060409749  -0.4811595511356196   0.8377090562867366  -0.2394338884982815 -0.09351355791074221
 -0.6443403641612615  -0.4602822092421617 -0.04754937639257225  0.09662586565530278   0.2932990744791226   0.5247322505510964
  0.3474000981178979   0.3653377610511035   0.4055962715154304   0.4195353348397047   0.4387857030248344    0.461292061878981

0.4004190198496513
0.4004261397571434
0.4004360529331861
0.4003735480966478
0.4003108258730297
 0.400245949349451

0.000728980890339497
  0.4006994231043948

   2.194675674924262    0.653023253444674   -0.376320206794822  -0.8210165895558457  -0.6071278942426481   -1.043383736285271
   1.693469739964172  -0.4288101218574106 -0.03762032105498053 -0.06835035346261717 -0.05624579582823155  -0.1023664640257108

-1.283682745482226e-07 -1.021369654593886e-06  3.939246149754671e-06 -3.091380328068813e-06   -0.03214392869930712    -0.1003815125915683
-2.484557183879424e-07 -8.194925493560199e-07  2.054364983359278e-06 -5.848487914485735e-07   -0.01244827784092899     0.1300446958694918

cov:
0.05503066605077428 0.05607248879623974  0.0584132432991736 0.05921386935719467 0.06034022779245787 0.06164440595308241
0.05607248879623974 0.05768251851685854 0.06129690846401516 0.06254157782033462 0.06427472372899157 0.06629226387671916
 0.0584132432991736 0.06129690846401516 0.06777458211095522 0.07000643156418562 0.07310366741935813 0.07672084451337294
0.05921386935719467 0.06254157782033462 0.07000643156418562 0.07260351358065929 0.07616382712354854 0.08033963472878367
0.06034022779245787 0.06427472372899157 0.07310366741935813 0.07616382712354854 0.08038911598739801 0.08532217193000477
0.06164440595308241 0.06629226387671916 0.07672084451337294 0.08033963472878367 0.08532217193000477 0.09116184393410477

cov.inverse():
 2058887.279248119 -2618868.310446617  117595.5286942515  183037.0062350858  116898.3613790862  142500.9488308279
-2618868.310445828  3394744.494288178 -227171.2961256194 -275032.7682247561 -148884.3008278875 -124819.5331847073
 117595.5286896612 -227171.2961197665  149887.8213678487  18811.03807909957  -32590.2376914305 -26541.03075384208
 183037.0062369907 -275032.7682273263   18811.0380797402  113669.0412889308 -10794.84434413255 -29671.96552629636
 116898.3613835564 -148884.3008336214 -32590.23769089309 -10794.84434386547  143600.3897603414 -68240.67123063012
 142500.9488282543 -124819.5331814671 -26541.03075375763 -29671.96552658817 -68240.67123108932  106773.9541180745

cov*(cov_.inverse()):
      1.00000000001819 -2.455635694786906e-11 -2.273736754432321e-13 -2.273736754432321e-13 -1.818989403545856e-12                      0
 1.091393642127514e-11     0.9999999999763531 -2.273736754432321e-12 -6.821210263296962e-13                      0                      0
-1.818989403545856e-12 -1.818989403545856e-12     0.9999999999961346 -1.818989403545856e-12 -9.094947017729282e-13 -1.818989403545856e-12
-5.456968210637569e-12 -1.091393642127514e-11 -4.547473508864641e-13     0.9999999999990905 -9.094947017729282e-13 -1.818989403545856e-12
 1.091393642127514e-11 -2.728484105318785e-11 -4.547473508864641e-13  1.364242052659392e-12      0.999999999998181  1.818989403545856e-12
 5.456968210637569e-12  1.818989403545856e-11 -1.818989403545856e-12 -9.094947017729282e-13 -9.094947017729282e-13                      1
