6
2

0.0001270888406095575
0.0001616616604045658
0.0002125017736362165
0.0005090683181878111
  0.04661983059507944
   0.6554393793749985

 0.01075066329854414 0.009922564681613091   0.1181651441157615  -0.6022581673227281   0.7395131560859786  -0.2760948325009104
 0.06571347511883931   0.1702048876632026  -0.7576882370769558   0.4293949926722092   0.3655443326698634  -0.2731626839807278
 -0.3539640772233894   0.8128863310108313  -0.1880622754364501  -0.3259350123758949  -0.1606230331052395   0.2156952349784458
  0.6261892368150892  -0.1388187115061621  -0.4317155277745099  -0.4174199699480454  -0.1042329620400427   0.4659765728274481
 -0.5672298595661326  -0.3616037016295546  -0.1626291511348922  0.06668151831089232   0.3314880980357804   0.6377413461285927
   0.395490733867892   0.4001496970947473   0.4046622998853515   0.4098604051051461   0.4158713798156255   0.4228252194091653

0.4032568933540006
0.4034026937482149
0.4033620228961541
 0.403317638654539
0.4032664369010372
0.4032089989227324

0.001227995907866545
  0.4036099727558309

 -4.786849637519859  0.4872474208151076   5.687912619180835   8.284399026075317   8.162293189536712  -17.83490587428549
 0.9073816738912902 0.03338248683217215  0.3407716648110788  0.6476614791998136    0.87292500249937  -1.802155316682671

 1.065420372923686e-07  1.795830894670057e-07  -3.08754890560071e-07 -4.701036344982859e-06    -0.0141312948706409   -0.06342440481343888
 1.297616448223798e-08  2.343185533496587e-08  -4.95893611770789e-08 -2.033436335428511e-07  -0.003040473177645062     0.1617855427172971

cov:
 0.0678945136716301  0.0684324429767736 0.06895381494457425 0.06955429641985601 0.07024916868276659 0.07105317720271724
 0.0684324429767736 0.06907180691945665 0.06969113727527562 0.07040449703425895 0.07122969127538256 0.07218439045332248
0.06895381494457425 0.06969113727527562 0.07040535314948762 0.07122793123455373 0.07217926750722745 0.07327984107964493
0.06955429641985601 0.07040449703425895 0.07122793123455373 0.07217644856002894 0.07327316637247334 0.07454189267058521
0.07024916868276659 0.07122969127538256 0.07217926750722745 0.07327316637247334  0.0745378671783227  0.0760008374759189
0.07105317720271724 0.07218439045332248 0.07327984107964493 0.07454189267058521  0.0760008374759189 0.07768854575489335

cov.inverse():
 4460161.031402963 -6272587.037011817  -1395493.36208108   2225029.23894324  2418466.481120976 -1435572.980430637
-6272587.036686362   15822041.3267628 -8016055.369147801 -3217168.141657972 -673.0871663840053  1684457.459072362
-1395493.362764105 -8016055.368076913  24333721.09889653 -14802331.22403088 -4344979.225775409  4224984.969560432
 2225029.238981657 -3217168.142112709 -14802331.22168767  32536875.73692539 -20241672.54873122   3499488.47692142
 2418466.481772495 -673.0878367886994 -4344979.229337695 -20241672.54393993  39585416.18196657  -17416517.9680467
-1435572.980762961  1684457.459452033  4224984.971167346  3499488.474057079 -17416517.96683665   9443048.64010288

cov*(cov_.inverse()):
                     1  2.182787284255028e-10                      0  2.619344741106033e-10                      0  1.164153218269348e-10
                     0     0.9999999999708962                      0  8.731149137020111e-11 -6.984919309616089e-10  2.328306436538696e-10
 -2.91038304567337e-11  2.037268131971359e-10     0.9999999997671694  3.201421350240707e-10 -4.656612873077393e-10  3.492459654808044e-10
-7.275957614183426e-11  2.037268131971359e-10 -5.820766091346741e-11     0.9999999997671694 -2.328306436538696e-10  3.492459654808044e-10
 7.275957614183426e-11  1.164153218269348e-10  5.820766091346741e-11  1.746229827404022e-10     0.9999999997671694  3.492459654808044e-10
 1.455191522836685e-11   1.01863406598568e-10  1.164153218269348e-10  5.820766091346741e-11                      0                      1
