5
2

0.0004359151393370593
 0.001114888455120037
 0.001868447263316355
  0.08495383310475044
   0.6487342659614229

 -0.5881161728298199   0.7985979690680644 -0.03766404658593893 -0.08484834552123593 -0.08799334584757236
   0.308199363370725   0.2221269988681775  -0.8460466339440663 -0.05384027727820766   0.3701068312341945
  0.1296702987388004  0.05990163475919554    0.287406361594391  -0.8642708354980938   0.3873382423679175
 -0.6260120744493343  -0.3727761347912842 -0.04587012072567474   0.1624837874186825   0.6638085468148215
  0.3878492180506719   0.4127355420331844   0.4450618250607134   0.4653352818543015   0.5143980984949895

0.3990805912348372
0.3978859624354898
0.3964240201104575
0.3953961383565373
0.3930942208531613

0.01509628542348455
 0.4023057851797095

  5.603814700080893   -4.31550106492219   1.139706262656415 -0.8299379159381133  -1.598586500924831
   3.03621543789192  -2.140129133882363  0.2665853286828187 0.09205058625215851  -0.253813994932362

-1.249183128451912e-06 -9.231653364264276e-07  3.120337510937706e-06    -0.0227168947593234    -0.1300424549728662
-6.632275961563318e-07  1.689717609906652e-07  5.734457042511312e-07  -0.009156214828327087     0.1368650821909257

cov:
0.06613671540228151 0.06905453247119661 0.07285392809721043 0.07522157781102846 0.08096577031280064
0.06905453247119661 0.07269621443817388 0.07743148730900004 0.08039245216529262 0.08756639864634663
0.07285392809721043 0.07743148730900004 0.08337956134045936 0.08710595759058214  0.0961306124345067
0.07522157781102846 0.08039245216529262 0.08710595759058214 0.09132404855907361   0.101516556019426
0.08096577031280064 0.08756639864634663  0.0961306124345067   0.101516556019426  0.1145416859451596

cov.inverse():
 1901503.434354438  -2414317.89667553 -82530.16809942655  217139.5045007238  378437.3667779932
-2414317.896670463  3396978.898145893 -304548.3487664829 -381047.7952569868 -297053.6070556184
-82530.16809833384  -304548.348768645  606998.7402262975 -17687.39853565117 -202592.4092148218
 217139.5044887024  -381047.795240893 -17687.39853731018  254185.3337340495 -72616.38637341815
 378437.3667838576 -297053.6070644865 -202592.4092142319 -72616.38637100448  193986.4888725847

cov*(cov_.inverse()):
     1.000000000029104 -1.818989403545856e-11 -3.637978807091713e-12 -4.547473508864641e-12 -1.818989403545856e-12
                     0      0.999999999996362  3.637978807091713e-12 -1.000444171950221e-11 -7.275957614183426e-12
-7.275957614183426e-12  1.818989403545856e-11      1.000000000007276 -7.275957614183426e-12 -7.275957614183426e-12
 1.455191522836685e-11 -1.091393642127514e-11                      0     0.9999999999936335 -7.275957614183426e-12
                     0  1.455191522836685e-11 -3.637978807091713e-12 -5.456968210637569e-12                      1
