5
2

0.002059704804919836
0.002181136356756173
0.003144290169775772
   0.081836113866313
  0.5999430382305249

  -0.434881160132178   0.3909004368656039    0.238172439918734   0.4425514921645566  -0.6367866916530628
  0.2810268464232755  -0.6320391756636761  -0.1649778334497726    0.682976336521857  -0.1669611638590626
 0.04090346938438106   0.4653143499069803  -0.8459499174974962   0.2350125195256488   0.1046294161082432
 -0.7622143815766123  -0.2124474103514137 -0.01532869481664764   0.2497208833070808   0.5579425112933329
  0.3863397867960066   0.4313606176858104   0.4474259397202784   0.4691482672254539   0.4943475684909476

0.3999544324131655
0.3995709561515214
0.3994313019132694
 0.399177342026608
0.3989150625595088

0.002990532642729079
  0.4006814207724417

  3.460784033140384 -0.4571984801139648  -1.094584124983508 -0.7056256483167476  -1.203384352211067
   1.73814092197961 -0.1282521314496914 -0.2465355156509983 -0.1596650077487103 -0.2037067162027187

-6.322955745217163e-06  5.523839674294365e-06  5.566530572346195e-06   -0.02257996825682478   -0.09928979547647086
-3.417998678574724e-06  2.545952323166064e-06   1.59310205121477e-06  -0.009693041894437199        0.1188765003696

cov:
0.05761487582747748 0.06106634063564233 0.06229446990649485 0.06396329284830772 0.06589483929112801
0.06106634063564233 0.06728015330493195 0.06948631175693751 0.07248457932719761 0.07595866197458541
0.06229446990649485 0.06948631175693751 0.07206372548379023 0.07552523968829823 0.07955242999352813
0.06396329284830772 0.07248457932719761 0.07552523968829823 0.07964222450253435 0.08440779598790896
0.06589483929112801 0.07595866197458541 0.07955242999352813 0.08440779598790896 0.09004670583564088

cov.inverse():
 61436.32224592971 -75456.77020366327   -37658.030391287 -4076.148382389786  55783.33156576815
-75456.77020365869  141895.3168726574  4049.866423228762 -38905.88830353497 -31585.64291918105
-37658.03039129394  4049.866423231841  91477.30088030975 -18948.19862021882 -38913.34427302057
-4076.148382388471 -38905.88830352096 -18948.19862024052    149811.46253386 -87888.20965156679
 55783.33156576926 -31585.64291919363  -38913.3442730027 -87888.20965157318  102596.4313238314

cov*(cov_.inverse()):
                     1 -4.547473508864641e-13  9.094947017729282e-13  9.094947017729282e-13 -9.094947017729282e-13
                     0     0.9999999999986358                      0  9.094947017729282e-13 -9.094947017729282e-13
                     0 -4.547473508864641e-13      1.000000000000909  1.818989403545856e-12 -9.094947017729282e-13
                     0 -4.547473508864641e-13 -4.547473508864641e-13      1.000000000001819                      0
-9.094947017729282e-13 -1.364242052659392e-12  4.547473508864641e-13                      0                      1
