5
2

0.0001730813242324885
0.0003365704909386143
 0.001595769183149393
  0.05715284564915103
   0.5483622605314055

 -0.02439231289764617     0.391999443453028   -0.8049138108289275    0.4447466344628986 -0.007459200680900202
  -0.4847181656080862    0.7495832105291469    0.1437339489468737   -0.4268279462477317   0.01821446250729718
   0.3450885998189734  -0.05192834278099676   -0.3605320607562936   -0.5769954739547378    0.6444456235351186
  -0.6839183966799475   -0.3027573718961883   0.02121278421893528    0.2778360709638734    0.6024539284478789
   0.4214532001999107    0.4360078758507303    0.4483536104566263    0.4581502768120668    0.4704802823550877

0.3999925855057161
0.3999487868975603
0.3999901394304106
0.3999296722497384
 0.399874483140974

0.001233904209011355
  0.4003362400527523

   1.097188848278551     1.88816461537032    11.61355039277224   -14.34545597309528  -0.2533301356611047
   1.584392848776758  -0.2074361294407175   0.8909692888110471   -1.248341010602705 -0.01961536859290058

-4.497380537836424e-07   9.82270648285305e-07  1.071437912614803e-05    -0.0170312342024848   -0.05981421819957302
-4.170527312453187e-08 -2.978605247371871e-08  2.403751171940082e-06  -0.004444146489407384     0.1189623511672316

cov:
0.05493957599536287 0.05593218694948377 0.05677279894086448 0.05744089281966579 0.05827935078584522
0.05593218694948377      0.057463638876 0.05876185230240993 0.05979248392278162 0.06108789025796307
0.05677279894086448 0.05876185230240993 0.06044906021561719 0.06178779208093521 0.06347151871304303
0.05744089281966579 0.05979248392278162 0.06178779208093521 0.06337070020860949 0.06536214024935891
0.05827935078584522 0.06108789025796307 0.06347151871304303 0.06536214024935891 0.06774733096144499

cov.inverse():
 2140854.856016773 -3533584.006039414 -8498.843709316023  1385995.253015322  15341.99551626541
-3533584.006172767  10090601.84127092 -9574118.556021392  3007038.597774088  9723.931965233749
-8498.843389585323 -9574118.556535235  21860523.26483838 -12409710.40081599  132294.9677469904
 1385995.252814688  3007038.598165764 -12409710.40098198  8341764.442972754 -325340.6238894393
 15341.99553053024  9723.931954046478  132294.9677188429 -325340.6238643694  167989.8053215172

cov*(cov_.inverse()):
    0.9999999999868123  6.104983185650781e-11 -1.091393642127514e-11 -3.637978807091713e-12                      0
  1.20508047984913e-11     0.9999999999843112  7.548806024715304e-11 -5.820766091346741e-11  3.637978807091713e-12
 -1.13686837721616e-12 -6.491518433904275e-11     0.9999999998781277  2.182787284255028e-11  5.456968210637569e-12
 -1.77351466845721e-11  8.606093615526333e-11  4.729372449219227e-11     0.9999999999599822  3.637978807091713e-12
 2.023625711444765e-11 -5.911715561524034e-12 -5.638867150992155e-11  8.003553375601768e-11                      1
