5
2

0.0001807442907160921
0.0007409234419463592
 0.002355223863853599
  0.07005508771304321
   0.5705814375605676

 -0.3166406018557726   0.7997680913604962   -0.509640614947222 0.009750222706718307  0.01676621756361237
 -0.5979837971363191   0.2299204822911525   0.7224414105625585  -0.1280841298090624  -0.2263289954488146
  0.2119152118335007   0.1502406720567335   0.1008509660422138  -0.8699126828310254   0.4069406472098658
 -0.5704356336540143  -0.3170945492854396  -0.1163607207913591   0.1370892081851845    0.736016960624742
  0.4145470280561061   0.4294023278208893   0.4411735681178849    0.456023970967659   0.4910930900439076

0.4000545802722438
 0.400090226425098
0.4000272647588736
0.3999796400979187
0.3997668453974995

0.001213380398053142
  0.4004247299164237

   3.072872491040564    9.881361179427026   -11.92887609329731  -0.2787733135507556  -0.7467694148246913
   2.209698957355879    1.014436586397814   -2.105312418727611 -0.04163501801589925 -0.07730910077432931

 4.244945470402563e-07 -4.380098252261547e-06  4.833446033664872e-06    -0.0200529291106437   -0.07801658954334748
 3.864305048948171e-08 -1.419772380084662e-06  2.291577735970981e-06  -0.006869801186868348     0.1191121209534319

cov:
0.05754518762677432 0.05884048417853541 0.05986697773960189 0.06116079719945298 0.06421858276737394
0.05884048417853541 0.06052304961945544 0.06185624344409357 0.06353696984303298 0.06750854271869575
0.05986697773960189 0.06185624344409357 0.06343250251940373 0.06541983843288683 0.07011545976656637
0.06116079719945298 0.06353696984303298 0.06541983843288683 0.06779986190151878 0.07340318605179254
0.06421858276737394 0.06750854271869575 0.07011545976656637 0.07340318605179254 0.08117641925150759

cov.inverse():
 3728589.711436255 -7996453.683996162  4156630.150605587  11767.47941754973   99491.7445092788
 -7996453.68395875  19679767.95676601 -12171361.89049813  161484.1903437171  326642.2448689684
 4156630.150554623 -12171361.89043058  8903151.346838173 -336484.2480536038 -552026.4115689025
 11767.47942429893  161484.1903291978 -336484.2480460102  169221.6691261137 -5985.914678072788
 99491.74451608144   326642.244853354 -552026.4115599145 -5985.914678249248  131880.7873893789

cov*(cov_.inverse()):
    0.9999999999790816  1.127773430198431e-10  3.637978807091713e-11 -3.694822225952521e-12  7.275957614183426e-12
-1.209627953357995e-10      1.000000000280124 -7.275957614183426e-12 -1.818989403545856e-12  3.637978807091713e-12
 5.184119800105691e-11  4.729372449219227e-11      1.000000000065484 -3.922195901395753e-12                      0
-4.638422979041934e-11  6.548361852765083e-11 -5.093170329928398e-11     0.9999999999973284                      0
 6.366462912410498e-12  1.091393642127514e-11 -2.182787284255028e-11  2.273736754432321e-13      0.999999999998181
