6
2

0.0001370658608446224
0.0002930013582476463
  0.00127518658624532
 0.001891472536371141
  0.07931002390877014
   0.6378831535975004

 -0.05964502650925578    0.3640347049214334   -0.7885481976428896    0.4920149961633227  -0.00255888249430492 -0.005257384369778548
   0.4842504104865251   -0.7547877082259101   -0.1195301842471678    0.4252970565965521  -0.01517276689701677  -0.02004473256360614
  -0.4295927083157721   0.02394943153695314    0.4386327456828094    0.6283102253279143   -0.3977997210709759   -0.2635516776079712
    0.169465106135401   0.06808350138034194  -0.03210074366223374  -0.07850370883568976    -0.753189174608287    0.6262259910372372
  -0.6430194374874574   -0.3803120688745752  -0.08765917655079679   0.07072924131860421    0.3010802800302497    0.5818527661251529
   0.3676978331920019    0.3846141455550403    0.4034736676482326     0.413647748779848    0.4284569446405515    0.4465416537547245

0.3981698183627457
0.3979135411371252
0.3975935771530089
0.3974870850588709
0.3972182762177964
0.3968589984297595

0.004092787541354893
  0.3989109172191235

0.0008904524228697669       4.9214459898656     6.876806561631073    -11.31861858323314  -0.08828297124131802   -0.3927593118906816
    1.498588196688285   0.04208718690152699    0.2995127063842531   -0.7729146009348682  0.003727709399091478  -0.07073175805524221

-1.727996934555344e-07  -8.01902735569209e-07 -6.242758215438021e-06  2.946427403983145e-06   -0.02220862877825033    -0.0925012177396201
-1.296617559168829e-08   2.83962952313083e-08 -1.593367537819174e-06  9.329993706587977e-07  -0.006922757729427181     0.1376763753287739

cov:
0.05761409069118863 0.05908202630505882  0.0607196826224139 0.06160110733249519 0.06288537810861303 0.06445622833919305
0.05908202630505882 0.06110101694121587 0.06335234618758608 0.06456563869386567 0.06633201807884875 0.06849091005070004
 0.0607196826224139 0.06335234618758608 0.06628749398983608 0.06787057031853759 0.07017416225930075 0.07298827818299648
0.06160110733249519 0.06456563869386567 0.06787057031853759 0.06965368617015469 0.07224784113679449 0.07541636275705621
0.06288537810861303 0.06633201807884875 0.07017416225930075 0.07224784113679449 0.07526835679806058  0.0789491182678688
0.06445622833919305 0.06849091005070004 0.07298827818299648 0.07541636275705621  0.0789491182678688 0.08326566135147777

cov.inverse():
 3042443.192763639 -5416307.112194479  1711856.476312047  667197.9769814447 -8074.683073350236  2855.652934497689
 -5416307.11141727  13691595.09963768 -14222856.57845435  5802285.673416775  63605.17866797945  82361.41961785813
 1711856.474064764 -14222856.57489059  33382738.40795996 -21073289.29371534  27978.90945283324  171858.3690296336
 667197.9784595959  5802285.670607167 -21073289.29236775  15236809.90741769  -279355.371291634 -352554.8541108784
-8074.683068620225  63605.17867487179  27978.90940850216 -279355.3712578736   258925.615609661 -63075.56231576247
 2855.652921807696  82361.41963382017  171858.3690428883 -352554.8541284555 -63075.56231471299  158534.0816022127

cov*(cov_.inverse()):
    0.9999999999954809   3.54702933691442e-11  1.309672370553017e-10 -6.548361852765083e-11  5.002220859751105e-12                      0
 -3.33102434524335e-11      1.000000000268301  -2.78305378742516e-10  1.891748979687691e-10  4.547473508864641e-12 -1.818989403545856e-12
-7.077005648170598e-11  4.738467396236956e-10     0.9999999994306563  3.456079866737127e-10 -9.094947017729282e-13                      0
-4.260414243617561e-11  1.464286469854414e-10 -4.529283614829183e-10      0.999999999992724  5.456968210637569e-12  5.456968210637569e-12
-4.123990038351621e-11  1.346052158623934e-10 -2.728484105318785e-10 -1.673470251262188e-10      1.000000000002728                      0
-3.294076122983824e-11   1.26419763546437e-10  9.822542779147625e-11 -6.548361852765083e-11                      0      1.000000000003638
