6
2

0.0002213445704263506
 0.001099336968663555
 0.001240551915693233
 0.001945125260650022
  0.07283135309652128
   0.7290533329404983

  0.6601114794695008  -0.7459109012155292 -0.04173002587062464  0.04201662432756822  0.02404199697305774  0.06152196943308375
  0.3205379306068371   0.3459965983616163  -0.8258921386420072  -0.1293896124549511 0.008866755624529174   0.2803991318233006
 0.06316263093061926  0.05443293259197109   0.2496778703127434  -0.1446348152294959  -0.7765571564460475   0.5538485821733334
  0.1125800888540293  0.05672645648561334   0.2512545261046231  -0.8871031322615368   0.3454951706891294   0.1210789643266158
 -0.5582423684295916   -0.419912854166304  -0.1864830154473971  0.05053784705721313    0.298629332397721   0.6209099659308005
  0.3649793603103264   0.3760261177896558   0.3948632540612615   0.4136032645410277   0.4333081520821553   0.4589703920513926

0.3976705975614888
0.3972196267909262
0.3963509678782325
0.3954221391437661
0.3944939143909592
0.3933427353829043

0.01366867064080777
 0.4016818585333475

  14.05347897959662  -13.02654087279748    1.10560174394988 -0.6981405409242329  0.2291361286311957    -1.6638843302088
  5.528935182726574  -4.359317796068091  0.3352222360726676  0.0209557161347224 -0.2076167931950942 -0.3175045708312637

 9.221137000703672e-07 -1.558730577842436e-06 -8.370078351845024e-07  6.121747633452622e-06   -0.01899714389344448    -0.1518382312866529
 3.362782296700093e-07 -1.287259432219441e-07  2.738982310576666e-07  1.250911872926329e-06   -0.00836265440885918     0.1509922173424305

cov:
0.07245681469585084 0.07419013861010153 0.07715286954088429 0.08008620384211775 0.08317470345573449 0.08719882878512991
0.07419013861010153 0.07608993386778093 0.07933442037954393  0.0825519647322356 0.08593795485068322 0.09034926817365796
0.07715286954088429 0.07933442037954393 0.08305843001502791 0.08675514575456929 0.09064613635632912 0.09571328883455293
0.08008620384211775  0.0825519647322356 0.08675514575456929 0.09094224894257884 0.09533661859011944  0.1010649609385029
0.08317470345573449 0.08593795485068322 0.09064613635632912 0.09533661859011944  0.1002702365999738  0.1066891720065184
0.08719882878512991 0.09034926817365796 0.09571328883455293  0.1010649609385029  0.1066891720065184  0.1140120841608318

cov.inverse():
 8985010.355758104 -9954275.915318219 -763553.8548687982  499454.9000334179  304658.5273274093  929552.8622903167
-9954275.915278276  11458147.39518514  411494.1327131133 -695154.2771466338 -385804.0203144809  -835022.328494497
-763553.8549047337  411494.1327571857  657139.9504300976 -29742.52854413196 -129590.0666238061 -146146.2045825626
 499454.9000280827 -695154.2771437903 -29742.52854112226  271475.0371123578  11647.64026796641 -57693.34055034212
 304658.5272978482 -385804.0202837533  -129590.066618271   11647.6402651693  435276.7109952714 -236130.6241241326
 929552.8623212255 -835022.3285322232 -146146.2045829691 -57693.34054702504 -236130.6241202241  345579.3792926667

cov*(cov_.inverse()):
    0.9999999998108251 -8.731149137020111e-11  7.275957614183426e-12 -4.547473508864641e-12  3.637978807091713e-12  3.637978807091713e-12
-1.746229827404022e-10                      1  7.275957614183426e-12   -1.2732925824821e-11 -3.637978807091713e-12 -1.091393642127514e-11
-5.820766091346741e-11  5.820766091346741e-11      1.000000000003638 -7.275957614183426e-12                      0 -1.455191522836685e-11
-1.164153218269348e-10 -4.365574568510056e-11                      0      0.999999999994543  3.637978807091713e-12                      0
-1.455191522836685e-10                      0  9.094947017729282e-12 -9.094947017729282e-12      0.999999999992724 -7.275957614183426e-12
 -2.91038304567337e-11 -4.365574568510056e-11  7.275957614183426e-12  4.547473508864641e-12                      0                      1
