5
2

0.0007340019226685459
 0.001249640806129763
 0.001986668058819451
   0.1031814865683058
   0.6556979604738685

  0.4934237372518579  -0.8424463557040706   0.1683246574480376   0.1231661836181773  0.05756782248162287
  0.1595402365296903  0.01195798421452983 -0.09829119227393313  -0.7301142619466546   0.6570204909780489
  0.1980473058644407  0.01826821777705621  -0.8619374835951638   0.3898979502449371   0.2559040828660614
 -0.7504564807044971  -0.3517501332693203  0.08252640369745549   0.2591738970863913   0.4889838423459962
  0.3587091630456602    0.407528232566435   0.4607155502940734    0.482256918228111    0.510311593584463

0.3989581108341972
0.3967289853072235
0.3943092338709681
0.3932984409655889
0.3920504547652549

0.01473809708468253
 0.4010606413682851

   2.723587890363638  -0.6352563110496848  -0.9619655009446817   0.4411872206836252    -1.56779319633967
   1.558956726948067  -0.4489377042456958   0.0596405263722217 -0.05166577274382358  -0.1169513838109414

 9.057692371182007e-07 -1.297240282420418e-06  4.451106157642577e-06   -0.02717127544453577    -0.1343127121426037
 6.165421522174215e-07  3.097722977715722e-07  7.856866655517632e-07   -0.01147333847261106     0.1372096031742909

cov:
0.06131755783116038 0.06566053208107585 0.07039308360721362 0.07230471872805712 0.07479552158907546
0.06566053208107585 0.07272173224757984 0.08041398364061217 0.08352687841066686  0.0875818468825056
0.07039308360721362 0.08041398364061217 0.09133398833272637 0.09575194019528738  0.1015111595792531
0.07230471872805712 0.08352687841066686 0.09575194019528738  0.1007084212778067   0.107157634860037
0.07479552158907546  0.0875818468825056  0.1015111595792531   0.107157634860037  0.1145105820617055

cov.inverse():
 478193.7473482954   -769393.30433478  100862.5031969134  57757.01427541262  132654.6493932103
-769393.3043347436  1317504.586942433 -267950.3698980304 -196386.7873819774 -83817.71283729027
 100862.5031976193 -267950.3698992407  247012.8103305658 -709.6923394784146 -79250.17023263918
 57757.01427403065 -196386.7873796398 -709.6923400993628  408039.8178073763 -268731.3960382427
 132654.6493938501 -83817.71283838133 -79250.17023252267  -268731.396037908  299197.9716772076

cov*(cov_.inverse()):
     0.999999999998181 -2.728484105318785e-12  1.818989403545856e-12                      0  3.637978807091713e-12
-1.818989403545856e-12     0.9999999999954525                      0                      0  3.637978807091713e-12
                     0 -1.818989403545856e-11      1.000000000003638 -3.637978807091713e-12  7.275957614183426e-12
 1.818989403545856e-12 -5.456968210637569e-12  3.637978807091713e-12                      1  7.275957614183426e-12
-1.818989403545856e-12 -7.275957614183426e-12  1.818989403545856e-12  3.637978807091713e-12      1.000000000007276
