6
2

0.0001671486216424629
0.0009882989351792677
 0.001799631525416606
 0.002649266077620273
   0.0915760013937271
   0.6603722410889725

 -0.1310257924214955   0.7456394040099502  -0.6528590638581865 0.004283734852546319  0.01276643224370493  0.02116202895985117
   0.540120303580908   -0.461980953003805  -0.6240258710901943   0.1391118653597485   0.1626233490622297   0.2442066833389372
 -0.1727745194043565 -0.07955799437603894 -0.06362884330362688   0.8803793519231178   -0.394948692074948  -0.1694655971311492
  0.1227631342704713  0.07724998798211155  0.06874640182643149  -0.1709016516902404   -0.734530095762441   0.6367839102282185
 -0.7240747845863036  -0.2604090623441216  -0.1281382996047136  0.06406831961502156    0.298274195673372   0.5462702237600698
   0.349136340152338   0.3879246877759441   0.3989644516225858   0.4150296508811516   0.4346311514266563    0.455293059511635

 0.398406301195304
0.3977933233730886
0.3976763845774519
0.3973895026342487
0.3970161791754398
 0.396642299893573

0.004317727638604958
  0.3991755667664122

    1.68126251213501    9.833935981504924   -10.39731540651179 0.004223644505765428  -0.4464564380779404  -0.6762566505738244
   1.492682502096421   0.1789416758405094  -0.5560595037223875 0.009581271622311566 -0.07058026660811448 -0.05429176055573598

 3.877961817215802e-07  2.555161278194319e-06 -3.777276725443144e-07   1.03787690449427e-06   -0.02472430874719974    -0.1075090922215804
 8.349905051787568e-09  1.022790228178824e-06 -6.193671715809783e-07  1.224581164051561e-06   -0.00927724146185906     0.1383714359867802

cov:
0.05755511130333897 0.06064474742262136 0.06152233851821461  0.0628008982188399 0.06436342542814204 0.06600452674223181
0.06064474742262136 0.06619445089433675 0.06777323300547919 0.07007054231862127  0.0728750870906531 0.07582954250647451
0.06152233851821461 0.06777323300547919 0.06955196658277241 0.07213973998347743 0.07529840851287968 0.07862734225783341
 0.0628008982188399 0.07007054231862127 0.07213973998347743 0.07515374792506975 0.07882432002781298 0.08269619166976923
0.06436342542814204  0.0728750870906531 0.07529840851287968 0.07882432002781298 0.08312994562412414 0.08765916826775386
0.06600452674223181 0.07582954250647451 0.07862734225783341 0.08269619166976923 0.08765916826775386 0.09290370046031814

cov.inverse():
 924586.2177668546 -3746725.139325153  2721287.308195895  6876.824237405664  38253.10668123102  55929.59372694029
-3746725.139401159  20121278.42635901 -17126313.48969476  25019.23088402661  265406.2639342205  460430.6032837284
 2721287.308292824 -17126313.48986527  15656349.43510022 -207948.6868215705 -401658.4910841613 -640967.9666405605
 6876.824234539764  25019.23089415134 -207948.6868281653  263948.6064948024 -64352.73600985837 -23541.39844591895
 38253.10667044803  265406.2639889021 -401658.4911294872 -64352.73600953816  157955.9342076503  4372.982431014571
 55929.59371966979  460430.6033134258 -640967.9666622285 -23541.39844557455  4372.982429909858  143764.0400830797

cov*(cov_.inverse()):
    0.9999999999968168  1.346052158623934e-10 -8.003553375601768e-11 -1.364242052659392e-12  2.899014361901209e-12                      0
 7.275957614183426e-12     0.9999999999054126 -5.093170329928398e-11 -6.821210263296962e-13 -2.557953848736361e-12 -1.091393642127514e-11
-2.273736754432321e-11  6.548361852765083e-11     0.9999999998763087 -3.410605131648481e-12 -1.648459146963432e-12 -7.275957614183426e-12
 4.547473508864641e-12  2.546585164964199e-10 -1.236912794411182e-10     0.9999999999972715  2.216893335571513e-12 -3.637978807091713e-12
-3.819877747446299e-11  3.346940502524376e-10 -3.637978807091713e-10 -4.547473508864641e-13      1.000000000000114  5.456968210637569e-12
-7.275957614183426e-12   2.91038304567337e-11 -9.458744898438454e-11  9.094947017729282e-13 -7.389644451905042e-13      0.999999999996362
