7
2

0.0001320132164801461
0.0003112569667958121
0.0009763117184732239
 0.001174395148967188
 0.001899219342760066
   0.1096414522954492
   0.7454572630593891

  -0.03037836478675164     0.2567400399919886    -0.7796113583893721     0.5699734266367749    0.01061012248084876    -0.0112351835495419   -0.01610358865457442
   -0.4276182330658945     0.8044710458339037   -0.01910125758922986    -0.4098221791299269   -0.00493146960225249    0.02799975414777807    0.02901036007087602
    0.5376087476363313   -0.04269327968958852    -0.4770226762890391    -0.6008301476551952     0.2293989707230489     0.2292256418775288     0.1242510991740578
   -0.2757071099750937    -0.1255407377688721  -0.009972084672367921 -7.513658949852783e-05     0.8564370754142874   -0.02880966236692109    -0.4169067087029605
    0.1287603422303818    0.06759875644609484  0.0007805029582370713    -0.0311622163473618     0.2393321662511423    -0.8501081595239004      0.444877197428157
   -0.5755225685854904    -0.3855058265627518     -0.183462247414872   -0.08643279984004112    0.07737586378167725     0.2435624844338761     0.6432109276906463
    0.3215225855115577     0.3407981237077494     0.3612923888635547     0.3711300174176051     0.3879276271382411     0.4046094736479803     0.4449870961514645

0.3987765560985897
0.3976340422277623
 0.396379914211089
0.3958445531479325
0.3948458025330919
0.3937785298342023
 0.391353121941047

0.01581231432357154
 0.4010158588707716

 0.1113483800882065   3.528849825017479   3.806646187779158  -6.581125912814131   1.170432390004891 -0.6626728204639447  -1.374444968852427
  1.324379399749531   0.846287562345382  -2.067915388927255  0.8235662216070639  0.2583764023752381 0.04764514588385396 -0.2313550538228173

-1.006291091724644e-07  5.184506512882863e-07  1.899986692922317e-06  1.494131289376085e-06  2.499469575545052e-06   -0.03016039110103491    -0.1413748414831849
 3.946553176988627e-08 -1.842506850074664e-08  1.152336214822268e-06 -1.854489658396521e-07  4.287574592897855e-07   -0.01078872369728585     0.1607759944002947

cov:
0.06142935841519223 0.06355829642392767 0.06582195058691326 0.06690829656869678 0.06877646119583537 0.07060711055670246 0.07505719683743833
0.06355829642392767 0.06632826280118462 0.06927313328294882 0.07068653152318728  0.0731085065190035 0.07549751496369263  0.0812926922731219
0.06582195058691326 0.06927313328294882 0.07294243422949316 0.07470360522962023 0.07771445130701689 0.08069720194483142 0.08792257382182718
0.06690829656869678 0.07068653152318728 0.07470360522962023  0.0766317984834366 0.07992539727033755 0.08319329907820856  0.0911054224264559
0.06877646119583537  0.0731085065190035 0.07771445130701689 0.07992539727033755 0.08370031760094465  0.0874490816002443 0.09652581513818054
0.07060711055670246 0.07549751496369263 0.08069720194483142 0.08319329907820856  0.0874490816002443 0.09168985464120488   0.101934688195327
0.07505719683743833  0.0812926922731219 0.08792257382182718  0.0911054224264559 0.09652581513818054   0.101934688195327  0.1150118066690326

cov.inverse():
 2303355.516201098 -3994901.395079695  1176256.655120933  475389.1360050716 -30008.39787788589  685.2194840167655  69293.56578354022
-3994901.395085299  10476983.17645484 -11621473.99929606   5020083.77779814  31609.61451213705  43402.31559286481  44357.51689988004
 1176256.655016402  -11621473.9989031  35118152.19084859 -25116036.77593054 -594611.5582947121  382385.2618077456  655586.9265545021
 475389.1361257423  5020083.777404726 -25116036.77573728  20753835.16958185  221155.5732654422 -623040.6370722096 -731538.7487535786
-30008.39786021363  31609.61439767927 -594611.5579934458  221155.5730551522  609617.1985618379  -27392.5202370167 -210739.4661422493
 685.2194692913138  43402.31564338791  382385.2617208405 -623040.6370192291 -27392.52023850489    271421.55632118 -47480.55218156969
 69293.56577003334  44357.51695875738  655586.9264351166 -731538.7486756241 -210739.4661465697 -47480.55218118571  220690.8035811939

cov*(cov_.inverse()):
    0.9999999999854481 -2.273736754432321e-11 -8.003553375601768e-11 -1.964508555829525e-10  1.818989403545856e-12  4.092726157978177e-12 -1.455191522836685e-11
-5.729816621169448e-11      1.000000000084128 -4.292814992368221e-10  7.275957614183426e-12  7.275957614183426e-12  6.821210263296962e-12 -1.455191522836685e-11
-2.728484105318785e-11  1.182343112304807e-10     0.9999999996798579   1.01863406598568e-10  3.637978807091713e-12  3.637978807091713e-12 -1.091393642127514e-11
-3.456079866737127e-11 -1.591615728102624e-11  1.382431946694851e-10      1.000000000174623 -3.637978807091713e-12  1.455191522836685e-11 -7.275957614183426e-12
  4.18367562815547e-11 -1.582520781084895e-10  5.456968210637569e-10 -2.328306436538696e-10      0.999999999996362  9.094947017729282e-12 -3.637978807091713e-12
-1.546140993013978e-11  7.821654435247183e-11  1.455191522836685e-11  2.764863893389702e-10                      0      1.000000000006366 -7.275957614183426e-12
-4.547473508864641e-12 -7.185008144006133e-11  -2.91038304567337e-11  1.455191522836685e-10                      0  4.547473508864641e-12                      1
