6
2

0.0001294742180891051
0.0001666678084809267
0.0004152635795341372
 0.001620855304618788
  0.05857951579272859
   0.5987736668125465

  0.01130300675159999    0.1339874355677727   -0.6057717069364111    0.7345037944414639   -0.2747070338390768 0.0006853715194774983
   0.1443389333100161   -0.7053744264864638    0.4731910184233227    0.3996275538223533   -0.3130489590403974     0.001272141109801
  -0.5581230482364836    0.4705664517990907    0.4498846604695071    0.1058945860595141   -0.5022898233537003   0.03407256581560263
   0.3636730491850455   0.02275374577442606   -0.1527598107742327    -0.340957869946739   -0.5470897730208927     0.654468587282259
  -0.6207097638697803   -0.3233807754037821   -0.1431883260355367   0.06764447697480758    0.3149008356880885    0.6212109584037133
   0.3872963719552371    0.3974526904709036    0.4036040571308014    0.4108044382385917    0.4192512040498637    0.4296565903154783

0.3999718381177043
0.4002404754624306
0.4002929964190929
0.4003569906896224
0.4004309309342015
 0.400541616770856

-0.001587678312696363
    0.399961941914421

  -3.301208609782942    4.685382931295207    6.978816169356321      7.6564788949059   -15.59969280984736  -0.4198899462559038
   1.053939960822947   0.2529801858126901   0.6168729349152281   0.6314020114580512   -1.512779589144568 -0.04245880273805444

 1.05135596091543e-07 2.073235148656937e-07 2.727883397458189e-06 9.166354297998319e-06  -0.01757175899991971  -0.06271853618267458
 9.24400340937903e-09 2.753991211715499e-08 1.092615628069641e-07 2.310254114844791e-06  -0.00440738998574599    0.1307245125528403

cov:
0.05510145571634616 0.05587799536788117 0.05634818622500117 0.05689879076726351 0.05754488797997705 0.05833840848728741
0.05587799536788117 0.05699539121331888 0.05767195624919171 0.05846400505308674 0.05939322752557487 0.06053617861746974
0.05634818622500117 0.05767195624919171 0.05847363697673599 0.05941200142607739 0.06051282798889741 0.06186758269821243
0.05689879076726351 0.05846400505308674 0.05941200142607739 0.06052163219533618 0.06182326765059961 0.06342587493342156
0.05754488797997705 0.05939322752557487 0.06051282798889741 0.06182326765059961 0.06336048086793653 0.06525377864620215
0.05833840848728741 0.06053617861746974 0.06186758269821243 0.06342587493342156 0.06525377864620215 0.06751171092646967

cov.inverse():
 2614473.105422734 -5094678.143967752  573120.7431638399  2181820.560770777 -261970.0555177216 -12720.62051637392
-5094678.144563758  20266911.03878316 -15631256.89227405 -3991065.611204854   4378201.44840243  71762.16627868891
 573120.7440512369 -15631256.89318127  31133505.49899844 -19438568.81856973  3315575.344757508  47714.62866417505
  2181820.56067162 -3991065.611848169 -19438568.81746013  38041106.58015058 -16777501.23362911 -15670.33398930438
-261970.0557150392  4378201.449412415  3315575.343552753 -16777501.23324632  9606615.269615533 -261044.3697577591
-12720.62051126352  71762.16622318866  47714.62873952827 -15670.33400497909 -261044.3697670474  169969.6350838451

cov*(cov_.inverse()):
    0.9999999999744205 -1.200533006340265e-10  1.814441930036992e-10 -1.595026333234273e-10 -2.000888343900442e-10  3.637978807091713e-12
 2.137312549166381e-11     0.9999999998071871  8.822098607197404e-11 -6.480149750132114e-12 -2.200977178290486e-10  1.818989403545856e-12
 2.467004378559068e-11 -9.549694368615746e-11     0.9999999998508429  8.412825991399586e-12 -1.418811734765768e-10                      0
-1.170974428532645e-11 -1.527951098978519e-10 -5.775291356258094e-11     0.9999999999803322 -2.728484105318785e-10  1.818989403545856e-12
-2.739852789090946e-11  7.185008144006133e-11 -3.265085979364812e-10  4.640696715796366e-10     0.9999999997562554                      0
-2.796696207951754e-11  2.546585164964199e-11  1.318767317570746e-11 -9.799805411603302e-11 -1.127773430198431e-10                      1
