5
2

 0.000176540559658985
0.0008421866529547411
  0.00217612311241589
  0.08862034820613972
   0.5794537312024678

 -0.4177213311157582   0.8111335400094081    -0.40919592131492 0.006292701708852435 0.009506297235141761
 -0.4698889163834091   0.1639844290139124    0.795216093542884  -0.2351941984629485  -0.2542214917759196
  0.2375832888838668   0.1297189161300214  0.01240501664077875  -0.8435211714920141   0.4637298054342209
 -0.6254372242740849  -0.3498446358593559 -0.03696977386308725   0.1441004244092833   0.6813995250646571
  0.3963530687737368   0.4194677828764384   0.4457234724941955   0.4608157894911802   0.5058956594256403

0.3966697721219289
0.3965014303746601
0.3962978649962683
0.3961385041820191
0.3958028425191197

0.002246230232794555
   0.397262186111433

   2.928920141796597    3.957925221775874   -6.496666444492286 -0.05523414931926297  -0.3352048967600381
    2.47038268508265  -0.7436503472952596   -0.687078101347923 -0.01449944016365298 -0.02501536955696446

  1.44669253881539e-07 -4.110463617105789e-06  4.829443837858998e-06   -0.02523116775761167   -0.09053597678465262
-4.220922033174161e-08    -1.290431578666e-06   2.28518336390849e-06     -0.010041890995276     0.1147055421149009

cov:
0.05582003407396553 0.05754215420862257 0.05949917692971646 0.06061766870217344 0.06397930478266707
0.05754215420862257 0.06004054660038415 0.06287882217599815 0.06450634307850626 0.06938009651316286
0.05949917692971646 0.06287882217599815 0.06671774737105735 0.06892323993908053 0.07551391535062138
0.06061766870217344 0.06450634307850626 0.06892323993908053 0.07146693079483669 0.07904482807061367
0.06397930478266707 0.06938009651316286 0.07551391535062138 0.07904482807061367 0.08958040983712351

cov.inverse():
 5921928.827791897 -10973615.02659223  4958201.975426706  29142.40805024882  64219.16780255038
-10973615.02657701  21151846.44610088 -10465438.22254719  86283.41665053841  201305.9633666915
 4958201.975398692 -10465438.22250675    6264064.4822792 -348519.4861168174 -408622.5291986378
 29142.40805851117  86283.41663344928 -348519.4861073163   229517.030236073  3628.851413632572
 64219.16780708579  201305.9633585523 -408622.5291957086  3628.851414307255  139489.4295539952

cov*(cov_.inverse()):
     0.999999999913598 -3.637978807091713e-12 -5.820766091346741e-11  4.547473508864641e-13                      0
 3.819877747446299e-11      1.000000000065484 -3.637978807091713e-11  1.875832822406664e-12 -1.818989403545856e-12
-2.000888343900442e-11    1.2732925824821e-11      0.999999999996362 -9.094947017729282e-13                      0
-7.639755494892597e-11  1.382431946694851e-10 -5.456968210637569e-11     0.9999999999965326 -5.456968210637569e-12
-2.455635694786906e-11  -2.91038304567337e-11  1.455191522836685e-11  1.818989403545856e-12                      1
