5
2

0.0009237615388390388
 0.001833715060296023
 0.002401252006745487
   0.1015162619458632
   0.5922250199028316

  -0.2826694012770942    0.8864679372742841   -0.2927186822154973    -0.146601297092791    -0.164609958808876
  -0.1972856603768754 -0.009303663384641401    0.2011815800798874    0.6811400575204157    -0.675696680423199
   0.2287907308869121  -0.08234947466178022   -0.8178531218084362    0.4883311718500184    0.1830909698235939
  -0.8348074100572325   -0.1307780744950363    0.0241240343914467    0.2283928840882284    0.4829579741628128
   0.3632186219965572    0.4361234885747404     0.452079691018584    0.4732078178023323      0.49956666170554

0.3965928974064956
0.3957762511436805
 0.395544432655781
0.3953683970008518
 0.394982749143234

0.003583189359260215
  0.3972541291434786

    3.420721769134305    -2.724226976144606   -0.1631378335692749  -0.06535495547117548   -0.4681990975384887
    1.482765991942162   -0.4438517911851461  -0.01567373541052106 0.0004906863986526566  -0.02347817044643807

-2.771179679436807e-06 -1.380276071832675e-06  5.897205204903581e-06    -0.0282821159347247   -0.09967899061132404
-6.862626865796195e-07 -9.258806277631674e-07  2.217341902735746e-06   -0.01227785847038528     0.1144824730509025

cov:
0.05345356324809749 0.05668336066511415 0.05738257897820766 0.05831814370995631 0.05948648524801847
0.05668336066511415 0.06688719777408135  0.0691185700452956 0.07207454027401584 0.07576352259145726
0.05738257897820766  0.0691185700452956 0.07169097140488766 0.07508591968330358 0.07932914240565832
0.05831814370995631 0.07207454027401584 0.07508591968330358 0.07907807054927074 0.08404801449466308
0.05948648524801847 0.07576352259145726 0.07932914240565832 0.08404801449466308 0.08993620451953578

cov.inverse():
 114356.3234193718 -296355.2909553738  52706.77180443733  27956.67933687081  101398.3043610168
-296355.2909550042  922090.9849784793 -292960.0159518007 -161154.6327708135 -171752.1088992136
 52706.77180413491 -292960.0159511738  228453.0320030672  21777.67956244058 -9929.390033274001
 27956.67933652628 -161154.6327700342  21777.67956238738   204526.700645455 -93077.86247741047
 101398.3043612943 -171752.1089002502 -9929.390032896335 -93077.86247702883  173371.9547100511

cov*(cov_.inverse()):
     1.000000000004547 -3.637978807091713e-12 -1.932676241267473e-12 -9.094947017729282e-13 -1.818989403545856e-12
-9.094947017729282e-13      1.000000000003638 -6.821210263296962e-12 -2.728484105318785e-12                      0
 3.637978807091713e-12 -1.818989403545856e-12     0.9999999999943157 -2.728484105318785e-12  1.818989403545856e-12
                     0  9.094947017729282e-12 -6.821210263296962e-13     0.9999999999990905 -1.818989403545856e-12
-1.818989403545856e-12 -3.637978807091713e-12  3.410605131648481e-13                      0                      1
