5
2

0.0007902323398061796
 0.001798055587855163
  0.00234597840838775
   0.0849520003245256
   0.5965584595063901

  -0.3627652890493812    0.8791515017590037   -0.2295546646377503    -0.114906171770682   -0.1720325830994361
  -0.2326701183340186   -0.0628217147765142    0.2820636285437202    0.6633528120957424   -0.6498624503111352
   0.2340327235424238  -0.03039491003231038   -0.8163972287711596     0.518589380104752   0.09415653696256493
  -0.7841998580848714    -0.187434330684426 -0.003674434007333644    0.2388800266110571    0.5411301005133383
   0.3801647379575545    0.4325396978688039    0.4485831347535222    0.4698521108844214    0.4963832661294944

0.3967545982544617
0.3962964358279311
0.3961143759187663
0.3960055060686233
0.3957019204407696

0.002718455744812936
  0.3974419493681247

    4.952086826552168    -4.434612120453676   -0.1114504176111988  -0.04467021862240567   -0.3617192817868704
    2.080941060002444    -1.045677867814449  -0.01205601706119713 -0.005762210810619312  -0.01727670579345264

-3.498387852478869e-06 -2.261851994142048e-06    7.3060709583166e-06   -0.02351410145728355    -0.1018077207620822
-1.041486731441807e-06  -1.34000571167279e-06  2.883999500405849e-06   -0.01043958737308545     0.1146338055956601

cov:
0.05587262253194601 0.05958051671113453 0.06071009400919519 0.06221633696192672 0.06409572328376122
0.05958051671113453 0.06683621253396194 0.06905671204205074 0.07200237391724938 0.07567785415917797
0.06071009400919519 0.06905671204205074 0.07161706114360497 0.07500039807224099 0.07922860497535179
0.06221633696192672 0.07200237391724938 0.07500039807224099 0.07897959789494648 0.08393296620729555
0.06409572328376122 0.07567785415917797 0.07922860497535179 0.08393296620729555 0.08980270494905658

cov.inverse():
 237519.6219860826 -507467.0204882589  78338.36070759468  41038.40031791873  150651.4698804477
-507467.0204875447  1239100.967210228 -324148.3646871916 -177529.3256181082 -230100.5403883239
  78338.3607067198 -324148.3646857464  230096.7531720065  23187.63359289956 -7424.641073691303
 41038.40031777498 -177529.3256175836  23187.63359254714  206124.9572427235 -92793.98070904128
 150651.4698807521 -230100.5403895794 -7424.641072768607 -92793.98070901271  179672.9644464871

cov*(cov_.inverse()):
     1.000000000001819  3.637978807091713e-12 -5.684341886080801e-14  9.094947017729282e-13                      0
 1.818989403545856e-12      1.000000000003638 -4.092726157978177e-12  3.637978807091713e-12                      0
 1.818989403545856e-12  1.091393642127514e-11      0.999999999994543  1.818989403545856e-12 -1.818989403545856e-12
 1.818989403545856e-12  7.275957614183426e-12 -3.524291969370097e-12                      1                      0
                     0 -7.275957614183426e-12 -2.387423592153937e-12                      0      0.999999999998181
