5
2

0.0007244475721524226
 0.001161011860522404
  0.00189606238805965
  0.09848041769818897
   0.6439680559104748

  0.4405835983502674  -0.8594093759453286   0.1969517100238595   0.1551349479409576  0.06666925264336579
 -0.3575734441405254 -0.02990078046521515   0.8343003825971681 -0.02990512733618824  -0.4174874014030583
  0.1520335219663783  0.01541808086991252   0.2517666029717655  -0.8520055673351372   0.4328373618794665
 -0.7204306134968985  -0.2942087514525406 -0.01073609170713868   0.1700362462445606   0.6044777522813681
  0.3686364933714429   0.4168032644016336   0.4490559090801605   0.4692686005683238   0.5181871723419883

0.3980566525038099
0.3957214169782752
0.3942283196580652
0.3931920944849697
0.3908273555758754

0.01541355644623322
 0.4002437332071848

  2.553668806934981  -1.134226570939768    1.31122901471393   -1.02027953230281  -1.711249044497048
  1.561976167836198 -0.6440469890893787  0.2532104085503125 0.06631260520699396 -0.2365979423804232

 1.094652058427001e-06  1.293606647180467e-06  2.981990636616451e-06   -0.02645736799908027    -0.1277638103251723
 6.749581013469724e-07 -3.116680466433717e-07   4.75933033973843e-07   -0.01037992126615489     0.1366761945331182

cov:
0.06138809160058083 0.06577287230323722 0.06872271561823298 0.07054940710300968 0.07499308783389151
0.06577287230323722 0.07288271877025641 0.07764811940885719 0.08062599112083492 0.08784189110140891
0.06872271561823298 0.07764811940885719 0.08362602384270262 0.08736925725155215 0.09643441384842366
0.07054940710300968 0.08062599112083492 0.08736925725155215 0.09160423324454664  0.1018364485251265
0.07499308783389151 0.08784189110140891 0.09643441384842366  0.1018364485251265  0.1148976500704442

cov.inverse():
  471202.195177984 -712857.6091990615 -45329.92105545264  102123.6704376131  184975.9791745092
-712857.6091999793  1408037.328476302 -339938.3181321045 -257031.6270471397 -98072.74437057196
-45329.92105366757  -339938.318135434  607925.0424199197 -19958.57778151414 -203068.8091743057
 102123.6704369835  -257031.627045223 -19958.57778295716  248444.0789785543 -73599.36517252859
 184975.9791742708 -98072.74437007532 -203068.8091744072 -73599.36517268536  189924.6417201632

cov*(cov_.inverse()):
     1.000000000001819 -2.728484105318785e-12  3.637978807091713e-12 -5.456968210637569e-12                      0
-1.818989403545856e-12      0.999999999992724 -3.637978807091713e-12 -5.456968210637569e-12  3.637978807091713e-12
                     0 -1.091393642127514e-11      1.000000000007276 -4.547473508864641e-12  3.637978807091713e-12
-3.637978807091713e-12 -1.818989403545856e-12                      0     0.9999999999936335  7.275957614183426e-12
-3.637978807091713e-12                      0  3.637978807091713e-12                      0      1.000000000003638
