6
2

0.0001330774691154159
 0.000315430531968872
 0.001062827259618787
 0.001175516227154954
    0.105640953693651
   0.6818008149259677

  -0.0323955552814461    0.2664048712153914   -0.7837283489201406    0.5597537190962256  0.008659774563482599  -0.01869839437172727
   0.4384178502814267   -0.8030633969452422 -0.003140265791995388     0.401940740397531  0.002011330662118449  -0.03617600765407968
  -0.5249508147984758   0.01914224771825002    0.4561152780399945    0.5974976477734977   -0.3409780614541594   -0.2067597447408672
   0.3105840738726534    0.1284371252988633  -0.01616161242656244  -0.03809242113603878   -0.8290914832101313    0.4449005732810678
  -0.5568233607256236   -0.3573099986868875   -0.1451507339834928  -0.04324217763973947    0.1288474409537117    0.7230055499408737
   0.3530612363343281    0.3736103171957549     0.395460407216691    0.4059495751897432    0.4238638624470653    0.4846839476624894

0.3989124251002835
 0.397790199458169
0.3965604138820651
0.3960349288727221
0.3950581711102175
0.3916287070626684

0.01553672446257845
 0.4011146257972505

0.04142230496442774   3.847661963374176   4.215106779961803  -7.700136958419094   1.119678703119038  -1.524645321272664
  1.385637980659143  0.6963873426746382  -2.003115972346162  0.8723939394305785  0.2748827958605313 -0.2252220368102742

-1.160294939669608e-07  -6.09175181219784e-07 -3.041883734382641e-06 -1.208265632604246e-06   -0.02940425711684904    -0.1260625839625846
 3.905764263600867e-08  4.118024878064451e-08 -1.303133459858616e-06  2.637054329405329e-07  -0.009985654908601772     0.1481664913970927

cov:
 0.0614055356045568 0.06353781633937759 0.06580520630804433 0.06689335076868995 0.06876427605370151  0.0750544253064577
0.06353781633937759 0.06631115373959093 0.06925985040690434 0.07067514658417226 0.07310003290374464 0.08129385497710082
0.06580520630804433 0.06925985040690434 0.07293313709239387  0.0746963427253491 0.07771031541775363 0.08792848826037267
0.06689335076868995 0.07067514658417226  0.0746963427253491 0.07662666484317708 0.07992354855693776 0.09111399195139994
0.06876427605370151 0.07310003290374464 0.07771031541775363 0.07992354855693776  0.0837019961415186  0.0965384794449595
 0.0750544253064577 0.08129385497710082 0.08792848826037267 0.09111399195139994  0.0965384794449595  0.1150365035559976

cov.inverse():
 2304882.029448012 -4005927.715683847  1204217.034233213  460932.0190631914 -34872.29229770685  70846.11264092887
-4005927.715557371  10501538.80588981 -11758010.55630608  5182759.227026462  31191.36475407884  48533.06001466327
 1204217.033807228 -11758010.55552162  34867893.00191391 -24542546.29734074 -511282.6517721397  739929.3264370443
 460932.0193665497  5182759.226329919 -24542546.29686132  19633159.68016641  124333.9306022851 -858779.8605777008
-34872.29229645136  31191.36477856884  -511282.651881634  124333.9306897159  604651.5795617038 -214390.5617466423
 70846.11263583496  48533.06002871092  739929.3264256436 -858779.8605789379 -214390.5617429597   214029.273117414

cov*(cov_.inverse()):
    0.9999999999881766  -7.73070496506989e-12  3.856257535517216e-10 -2.473825588822365e-10  1.455191522836685e-11 -1.091393642127514e-11
 2.819433575496078e-11       1.00000000007185 -4.001776687800884e-10 -1.600710675120354e-10  3.637978807091713e-12 -3.637978807091713e-12
 3.637978807091713e-12  1.382431946694851e-10     0.9999999998763087 -1.309672370553017e-10                      0 -7.275957614183426e-12
 1.546140993013978e-11 -1.737134880386293e-10 -3.055902197957039e-10     0.9999999995779945 -3.637978807091713e-12                      0
-4.547473508864641e-12 -7.003109203651547e-11  -2.91038304567337e-10 -7.275957614183426e-11      0.999999999996362                      0
-2.637534635141492e-11  8.185452315956354e-12 -4.365574568510056e-11   2.91038304567337e-11                      0      0.999999999996362
