5
2

0.000160489440257591
0.001062118185679556
0.001161183754704936
 0.09743460359438376
  0.6324211420684618

 -0.1064991935270627   0.7452513839856844  -0.6574192684071055 -0.01168058575043487  0.03036059764070295
 -0.5151667695505036   0.4609649353762029   0.6024765279999685  -0.3407098276982721  -0.2074930707841317
 -0.3730232906760828   -0.016808625460247 0.006685611234519176   0.8187205642918206  -0.4361456579302688
 -0.6641654348080268  -0.2253515476711357  -0.1167224911667654   0.0666364537022936    0.700025998275989
  0.3781521137696244   0.4254948332158646   0.4372105915853538   0.4572052032403012   0.5251337224876615

0.3980399338470062
0.3957972670212269
0.3952991372773491
0.3943678277037612
0.3910973342119116

0.01483680154659776
 0.4001506885583957

  1.569246249174496   8.252450935741129  -9.438097285061209   1.167974670077987  -1.552263049591734
  1.615902647004513  -1.145297445052097   0.498141870393664  0.2735707060914113 -0.2414957463507206

 3.123545738963143e-07 -3.120786614553791e-06  1.140810658114934e-06    -0.0266681800927275    -0.1211022905229947
-3.512314491839968e-08 -1.244719828289536e-06 -3.382772225406742e-07  -0.009722295485982486     0.1359020786101084

cov:
0.06138160844400913 0.06577434684022898 0.06686126543572637 0.06872935128325695 0.07501002964018132
0.06577434684022898 0.07289283185498097 0.07465426067706182 0.07766416209830544 0.08786923895608957
0.06686126543572637 0.07465426067706182 0.07658268704215035  0.0798752235236901 0.09105177514479811
0.06872935128325695 0.07766416209830544  0.0798752235236901 0.08364873611707781 0.09646954830040091
0.07501002964018132 0.08786923895608957 0.09105177514479811 0.09646954830040091  0.1149466416541671

cov.inverse():
 778857.2830871871 -3287299.909681505   2441316.46693603 -22616.43164804376  89833.26686362394
-3287299.909536158  21751748.47655393 -18775724.64887052 -487396.1669790596  799090.9930989424
 2441316.466753977 -18775724.64850135  17101796.01093896   120233.670297875 -887910.7399309359
-22616.43162564018 -487396.1671420243  120233.6704450927  605329.4785354449 -215924.1945025809
 89833.26687792203  799090.9930381335 -887910.7398910859 -215924.1944959227  215082.7963781043

cov*(cov_.inverse()):
      1.00000000003547 -2.983142621815205e-10   2.91038304567337e-10  1.818989403545856e-12 -1.818989403545856e-12
-1.637090463191271e-11      1.000000000116415  1.164153218269348e-10  3.637978807091713e-12  3.637978807091713e-12
 6.366462912410498e-12  1.309672370553017e-10      1.000000000130967 -1.091393642127514e-11  2.182787284255028e-11
 4.547473508864641e-11 -7.275957614183426e-11  2.182787284255028e-10      1.000000000003638                      0
                     0  1.455191522836685e-11 -7.275957614183426e-11  7.275957614183426e-12      1.000000000003638
