5
2

0.0002785315096641126
0.0009722144124512849
 0.002250036645008711
   0.1117203924849261
   0.5693413847897832

 -0.5463125762197244   0.7907631341912887  -0.2752254977982282    0.012698569343564  0.01805287695856977
  0.3450678649710069 -0.06677921083377404  -0.8454830200450761   0.3023503387200095   0.2649744158520249
  0.2011331239918895   0.1225533769114845 -0.04937407471827061  -0.8096650939023361   0.5352856926004008
  -0.626633159889286  -0.4367124484492326  0.03810172207303137    0.184125515329308   0.6174618803427712
  0.3864545083045993   0.4055824327821113   0.4533429691723018    0.467935090940357   0.5115395450972242

0.3962925918037501
0.3961276909363626
0.3956161810971212
 0.395409824059103
0.3949422837167982

0.003052248419894553
  0.3968891573414656

 -0.1024056233857991    5.135848881592586   -4.602878521608775 -0.06741625940591199  -0.3634904317559575
   1.521278922566498 -0.04867290771428773  -0.4374312730718757 -0.01617840138392851 -0.01877421031346457

 4.171153170391347e-07  3.210518229079389e-06  3.524094173708837e-06   -0.03233880922691073   -0.08451676357177047
-5.816426790022711e-08   8.39498381479727e-07   1.64365409297434e-06   -0.01202295083509768      0.114322264188389

cov:
0.05331221929317611 0.05422266118276692 0.05649153734570418 0.05717697284979378 0.05925137125637398
0.05422266118276692 0.05570223662030572 0.05939304376271425 0.06051498766571342 0.06388644463428382
0.05649153734570418 0.05939304376271425 0.06663799269590273 0.06885102917036086 0.07546451803089367
0.05717697284979378 0.06051498766571342 0.06885102917036086  0.0714034062449921 0.07900772193370309
0.05925137125637398 0.06388644463428382 0.07546451803089367 0.07900772193370309 0.08958128912252714

cov.inverse():
 3981100.098410122 -5587997.288086969  1627495.931230395 -11218.11826759387 -9156.361385955444
-5587997.288068179  8067869.738939051  -2746807.79018826  88468.29389779195  178227.3542144806
 1627495.931180035 -2746807.790124768  1733169.606614565 -307605.1040459647 -306282.8477199424
-11218.11824596662     88468.29386684 -307605.1040360865  228286.2402072428  2117.174972316104
 -9156.36137600636  178227.3542007216 -306282.8477166844  2117.174972868611  135111.1309278101

cov*(cov_.inverse()):
     1.000000000007844 -7.275957614183426e-12  2.182787284255028e-11  2.842170943040401e-13                      0
-1.432454155292362e-11      1.000000000078217 -1.455191522836685e-11  4.462208380573429e-12                      0
 9.890754881780595e-12 -2.546585164964199e-11      1.000000000014552  1.733724275254644e-12                      0
 5.798028723802418e-12 -1.091393642127514e-11  3.637978807091713e-11      1.000000000002984 -3.637978807091713e-12
-6.139089236967266e-12  3.637978807091713e-11 -1.091393642127514e-11  7.105427357601002e-13                      1
