5
2

0.0002416886533109947
  0.00100112834518159
 0.002713274821186803
  0.07913212675041428
   0.5619575623788324

-0.1692634547689586  0.7554876416393523 -0.6320486546298674 0.01776765647607325 0.02805556582586459
 -0.575446281143704  0.4101353103565253  0.6274588266827421  -0.223406131752798 -0.2388215355235082
 0.1190544826692919 0.04515844072153917 0.02648755342792686 -0.7899414812587596  0.5992308495797478
-0.6789104340720582 -0.2698006135165864 -0.1052930698735905  0.3265746835841132  0.5903817383123353
 0.4063472813517949  0.4315041074041348   0.441612610721761  0.4680976852188583  0.4843025411616412

0.4007027387910004
0.4008774967593424
0.4008748574499207
0.4008645471738493
 0.400860075858274

1.778342560755406e-05
   0.4008922935059735

   0.966273465577107    13.80971038323176   -13.32920246690087  -0.5507529056194351  -0.8962869293530583
   1.326341447956247    1.320930072857154   -1.525609699508621 -0.04326514349202798  -0.0784259443930875

  1.08995230452394e-06  -2.92521029981021e-06  2.087720507653029e-06   -0.02309024514970975   -0.07157041586748919
 1.013318229595033e-07 -1.152937383246758e-06   1.20977490172092e-06  -0.007242814148070762     0.1190486731106435

cov:
0.05503035543716392  0.0565186775111358 0.05711633754715195 0.05867876548373967 0.05963793340091502
 0.0565186775111358 0.05925597841827068 0.06035553043107215 0.06323436574282398 0.06499732311977308
0.05711633754715195 0.06035553043107215 0.06165697739882455 0.06506511270185188 0.06715135975888231
0.05867876548373967 0.06323436574282398 0.06506511270185188  0.0698683278122855 0.07279519050566616
0.05963793340091502 0.06499732311977308 0.06715135975888231 0.07279519050566616 0.07625497886388223

cov.inverse():
 822863.4774461645 -2423881.746206529  1471660.747487493  63974.01386050667  65450.50627171412
-2423881.746193962  9939193.055081828  -7917647.31354061  133517.9996002059  268778.1294322784
 1471660.747471155 -7917647.313514871  7231850.660600416 -334960.1378900324 -450935.0570519042
 63974.01386261234  133517.9995927899 -334960.1378847048  139982.1970014859 -2499.410752580757
 65450.50627337868  268778.1294265194 -450935.0570478268 -2499.410752563522  119213.9267623567

cov*(cov_.inverse()):
                     1  5.456968210637569e-12  2.182787284255028e-11  5.115907697472721e-13 -9.094947017729282e-13
-9.094947017729282e-12     0.9999999999672582  2.546585164964199e-11  9.947598300641403e-13 -2.728484105318785e-12
-1.091393642127514e-11  3.637978807091713e-11      1.000000000061846 -3.694822225952521e-13 -5.456968210637569e-12
-4.547473508864641e-12 -1.818989403545856e-11  7.275957614183426e-11     0.9999999999988347 -1.818989403545856e-12
 2.728484105318785e-12 -1.818989403545856e-11 -2.182787284255028e-11  5.400124791776761e-13      0.999999999998181
