5
2

0.0002252358002568589
 0.001104015260281774
 0.001845794083982821
  0.06863678088901543
   0.6583499078612175

 -0.6606519184805897    0.744792421141532  0.03453466632549501 -0.04229355970680468 -0.07643234686417456
  0.3221861658235587   0.3458905329262119  -0.8224482425733594  -0.1324909200226934   0.2873688538855051
  0.1216337461008174  0.07716827974550999   0.3365601988217306  -0.8687962730963996   0.3334224899935285
 -0.5294340718965049  -0.3809677272158596  -0.1303425320684432   0.1241276893862935   0.7363194248399779
  0.4057584410513226   0.4177949689300456   0.4383198626720488    0.458740409709341   0.5081735785528461

0.3970216769946798
0.3965535603186927
0.3956620495419564
0.3947009860376716
0.3925528240054569

0.01411139815477861
 0.4011582437166142

  13.97833216176185  -12.88848893812295   1.139622993774015  -0.713204524055198  -1.516595479636328
   5.72719329008922  -4.614302707421937  0.2796073450944933 0.03828786057542577  -0.430118682577033

-9.460664056889734e-07 -1.502830915403803e-06  4.099141960964821e-06   -0.01811041127763058    -0.1349119293507942
-3.642227363872849e-07 -1.334143756552169e-07  8.788967600160984e-07  -0.007644400182156026     0.1376431952074164

cov:
0.07267968498769901 0.07442614104822709 0.07741033681492877 0.08036669295853557 0.08753404652536338
0.07442614104822709 0.07633933966375163 0.07960578241681372 0.08284685124023758 0.09070010449789882
0.07741033681492877 0.07960578241681372 0.08335264554577528 0.08707378274520459 0.09609007203429104
0.08036669295853557 0.08284685124023758 0.08707378274520459 0.09128624963611653  0.1014693788869845
0.08753404652536338 0.09070010449789882 0.09609007203429104  0.1014693788869845  0.1144823655749987

cov.inverse():
 8692976.679242814 -9604907.660340926 -655103.4052978742   484719.226345867  1083131.688894962
-9604907.660333022  11034355.01377718  281245.1431999187 -678205.4416037925 -1033071.769290788
-655103.4053106974  281245.1432147049  611727.4311147977 -25217.46446386454 -213021.8419417014
 484719.2263496208 -678205.4416084121 -25217.46446339191  271213.8265592427 -52522.33744138826
 1083131.688896136 -1033071.769293061 -213021.8419402107 -52522.33744178138  215653.3956177618

cov*(cov_.inverse()):
    0.9999999999854481  1.455191522836685e-10 -1.091393642127514e-11 -2.728484105318785e-12  3.637978807091713e-12
-1.455191522836685e-11      1.000000000101863 -1.818989403545856e-11 -2.728484105318785e-12  2.546585164964199e-11
                     0  1.746229827404022e-10      0.999999999996362  1.818989403545856e-12  1.091393642127514e-11
 1.455191522836685e-11  2.328306436538696e-10 -7.275957614183426e-12     0.9999999999909051  1.091393642127514e-11
-7.275957614183426e-11  2.037268131971359e-10 -1.091393642127514e-11 -1.818989403545856e-12      1.000000000010914
