5
2

 0.000263364738711896
0.0007769549249211484
 0.001860222059692975
   0.1088468830714203
   0.6291121444824291

-0.3383308579995599   0.795214667329029 -0.5021354971485719 0.02353446932044206 0.02172405687769621
-0.6134717289562921  0.2073912102562619  0.7272826463118172 -0.1675234895936613 -0.1537438014615967
 0.1646248341185345  0.1001999822989014 0.03195451850064362 -0.8257241366371247  0.5291665016429247
 -0.580414945657416 -0.3891424133494801 -0.1858021958560207  0.2440124085056733  0.6462369236591046
 0.3810535699158366  0.4039191310807982  0.4282246462308185  0.4796035903309133  0.5274955553400594

0.3992490106079287
0.3981009693286484
0.3968388466969807
0.3942231747502862
  0.39178506825035

0.01588799967443908
 0.4014985895940651

 0.4047844613351165   4.998909050080486  -3.382798364346657 -0.8275358437991686  -1.193727880220089
  1.279281622445817  0.7344793768463815 -0.9746084170050886 0.08131943681072271 -0.1193093592826707

 3.808937460711551e-07  -8.14749206156562e-07  1.768513031409917e-06   -0.02991600196398218    -0.1194364998797399
 4.438796036916895e-08 -8.068349683625782e-07  4.248408902169795e-07   -0.01071626537818892     0.1356977261430753

cov:
0.06145986216753399 0.06359265063906672 0.06585978687916004 0.07065264910718608 0.07511028640871904
0.06359265063906672 0.06636632584668356 0.06931438760637315 0.07554602237754809 0.08134826861910593
0.06585978687916004 0.06931438760637315 0.07298642427524409  0.0807476502967088 0.08797928688296135
0.07065264910718608 0.07554602237754809  0.0807476502967088 0.09174544907557926   0.101995177649769
0.07511028640871904 0.08134826861910593 0.08797928688296135   0.101995177649769  0.1150758063706558

cov.inverse():
  2281623.85255619 -4084895.358745788  1711754.587004241  16155.46697466096  75419.99094414104
-4084895.358850427  9191197.867377643 -5506123.284350147  188348.6065254427  211545.5762425674
 1711754.587141982 -5506123.284517825  4511707.383570676 -379835.6496188327 -337622.4438368258
 16155.46695907277  188348.6065532138 -379835.6496304097  251514.6131920293 -76218.30455709409
 75419.99092661968  211545.5762778514 -337622.4438551947 -76218.30455648788  126916.3200885856

cov*(cov_.inverse()):
     0.999999999994543  5.456968210637569e-12 -4.729372449219227e-11  9.094947017729282e-13                      0
-4.092726157978177e-11      1.000000000050932 -7.275957614183426e-12 -3.637978807091713e-12  1.818989403545856e-12
 1.182343112304807e-11  -1.01863406598568e-10      1.000000000047294 -3.637978807091713e-12 -3.637978807091713e-12
-2.364686224609613e-11 -2.546585164964199e-11 -8.731149137020111e-11     0.9999999999954525 -1.818989403545856e-12
-1.818989403545856e-11 -1.455191522836685e-11 -2.182787284255028e-11  1.818989403545856e-12                      1
