5
2

0.0002661299499551463
0.0008293326186578776
 0.001269703999185035
   0.1146131965524164
   0.6344460540823169

 -0.3481564725275917   0.8006360501069603  -0.4869896202452182  0.01458360820922499  0.01993524645664129
 -0.6240580037063127   0.1803127123967252   0.7322550277414897  -0.1343969954270603  -0.1542042662370801
-0.07463748382984471 -0.05370679788668459 -0.03676805186846277   0.7812830684194741  -0.6162708034875235
 -0.5853388741327463  -0.4056403177052771  -0.2146172823180048   0.3535448626866257   0.5672563682139666
  0.3756944597459411   0.3987991393295391   0.4233570793230695   0.4963139762899335   0.5236927913505584

 0.399976518606856
0.3988840069085287
0.3976822615937701
 0.394149466228793
0.3928672430019776

0.01516437174837152
 0.4021338589425669

  0.3785547433444769    5.883240614386216   -4.980571642436799   0.4993464401293342   -1.781016232505487
   1.348044752638595   0.4899808095902112  -0.7128877465453294 -0.07209741371077252 -0.05187316291693189

 4.940622398204277e-07 -1.798533631439678e-06  2.138709317732909e-06   -0.03117081461251126    -0.1227614174604257
 1.898462361971895e-08 -8.647170892413921e-07 -2.016459676482415e-07   -0.01168773641619671     0.1356909990796009

cov:
0.06131549906763128 0.06342740925689781 0.06567218268719933 0.07233669912343842 0.07483398933914449
0.06342740925689781 0.06617892336768368 0.06910321025493055 0.07778700189438541 0.08104333859481659
0.06567218268719933 0.06910321025493055 0.07274991916084994 0.08358024223217742 0.08764344450408582
0.07233669912343842 0.07778700189438541 0.08358024223217742  0.1007951533641119  0.1072555832635364
0.07483398933914449 0.08104333859481659 0.08764344450408582  0.1072555832635364  0.1146208561702968

cov.inverse():
 2281150.395409998 -4096800.168393554  1731215.582693165  14067.85177563907  70425.45839556285
-4096800.168431543  9099785.808768461  -5311926.00401815  103587.3329669316   205442.976107147
 1731215.582739749 -5311926.004071362   4128946.60573181 -261185.0223028596 -287199.9269315177
 14067.85177813554  103587.3329567706 -261185.0222938966  407901.9003163795  -264405.789727625
  70425.4583844693  205442.9761325383 -287199.9269471142 -264405.7897263261  275789.1227820713

cov*(cov_.inverse()):
    0.9999999999936335 -1.455191522836685e-11 -7.275957614183426e-11                      0                      0
 4.638422979041934e-11     0.9999999998908606 -3.637978807091713e-11                      0  3.637978807091713e-12
 5.911715561524034e-11 -1.746229827404022e-10      1.000000000003638 -3.637978807091713e-12 -3.637978807091713e-12
 8.549250196665525e-11 -1.527951098978519e-10 -3.274180926382542e-11      1.000000000003638 -3.637978807091713e-12
 1.546140993013978e-11 -4.001776687800884e-11 -7.275957614183426e-12                      0      0.999999999996362
