5
2

0.0002999860299118679
0.0009851961996643912
 0.002357220474142037
  0.08978313206249332
   0.5622248431494735

 -0.4509236409866184    0.803369633670142  -0.3879842222895075  0.01061927574346904  0.02491136152770079
 -0.4681990773484101   0.1368452957461289   0.8043900657870978  -0.1970504412070485   -0.276026691979939
  0.1893459027217198   0.1254247727929329  0.04750218712563846  -0.8446484709808205   0.4824202091334694
 -0.6146036701173793  -0.3773253255341033 -0.01907369618299068   0.1860808199034412   0.6670067840485677
  0.4048060668643852      0.4216216571872   0.4469950801179298   0.4615205775874094   0.4955415030391049

0.3997330433790463
 0.399692274222006
0.3997020999680558
0.3996182977667953
0.3994656128337942

0.001053142679433994
  0.4000467726198241

   0.448613773576582     6.57280441166766   -5.949789218375391  -0.2431642112648973  -0.8285073670289881
    1.47188269338925   0.2453564457419362  -0.6242884929029783 -0.02490878657602638 -0.06803136010535485

 6.626356224428902e-07 -3.707666990515875e-06  2.402665914349346e-06   -0.02611919848707185   -0.07253577492815118
-2.036869987615604e-08 -1.100715184477826e-06  1.489322970470025e-06  -0.008345634157254287     0.1185402321803295

cov:
0.05484350868426837 0.05581924860046542 0.05729074565615776 0.05813249545825932 0.06010450847269536
0.05581924860046542 0.05733873200501065  0.0596306120810812 0.06094174351703546 0.06401394235612828
0.05729074565615776  0.0596306120810812 0.06316117681817772 0.06518096369332164 0.06991425040137098
0.05813249545825932 0.06094174351703546 0.06518096369332164 0.06761212899999944 0.07329045287113123
0.06010450847269536 0.06401394235612828 0.06991425040137098 0.07329045287113123 0.08120885564147887

cov.inverse():
 2491803.637652238 -4087175.237217778  1557686.730482196  13045.66245716069  24713.37067767165
-4087175.237227677  7193952.837502115 -3349113.810372805  47944.02310934971  194330.0234077038
 1557686.730496165 -3349113.810389373  2339772.369698824 -216308.6208166735  -332033.880212812
   13045.662458727  47944.02310661044 -216308.6208154298  169658.6518170392 -14339.48794823736
 24713.37067203488  194330.0234171135 -332033.8802166558 -14339.48794816664  127333.7915323529

cov*(cov_.inverse()):
    0.9999999999499778  5.820766091346741e-11 -4.001776687800884e-11  2.273736754432321e-13  1.818989403545856e-12
-1.000444171950221e-11     0.9999999999599822 -1.091393642127514e-11   1.13686837721616e-13  9.094947017729282e-13
-8.640199666842818e-12 -9.094947017729282e-12      1.000000000010914 -1.932676241267473e-12 -3.637978807091713e-12
 3.183231456205249e-12  2.182787284255028e-11  3.637978807091713e-12     0.9999999999979536                      0
-1.386979420203716e-11  1.091393642127514e-11  3.637978807091713e-12  6.821210263296962e-13                      1
