5
2

0.0005501293884441406
 0.001731335232271145
 0.002266610234089701
  0.06739883583648566
   0.6025472227207798

  -0.498366286461855   0.8416068558777523  -0.1340559939474235 -0.06307962286886831   -0.146215239709387
  -0.272507482454551  -0.1558816769718478   0.3746638542637226   0.6431735838046267  -0.5894025044016112
  0.2267004646716633  0.04418678492207049  -0.8006214867261643   0.5524015353689009 -0.02263197009473818
 -0.6826568901936054  -0.2867168734895928 -0.05728347610210414   0.2455929364093793   0.6230374929962298
  0.3999464790610747   0.4280651415598004   0.4442744930255007   0.4657095184581624   0.4924813374458356

0.3967886518666229
0.3965155931416706
0.3963195923039634
0.3961872688407358
0.3958572460552895

0.002954120874327893
  0.3977494445946836

   9.256265376623972   -8.697901973769916  -0.1012945601804558 -0.09447044891513409  -0.3624756267481309
   3.804582626371936   -2.700717023966585 -0.02353389443912665 -0.03286313367662069 -0.04712985680894805

-3.589546046253049e-06 -3.152272623089601e-06  8.996745504956597e-06   -0.01848045745469167      -0.10484129402822
-1.258053572878485e-06 -1.852349934217696e-06  3.827039691657725e-06  -0.008444562473932958     0.1149370279769958

cov:
0.06019206838541369 0.06304672664752906 0.06468766686561778 0.06686227168725427 0.06957957514193165
0.06304672664752906 0.06690133649318161 0.06912099604044836 0.07205803480503006 0.07572759348659361
0.06468766686561778 0.06912099604044836 0.07167996759055115 0.07505335083747344  0.0792744043901023
0.06686227168725427 0.07205803480503006 0.07505335083747344 0.07901988164971276 0.08396359574808041
0.06957957514193165 0.07572759348659361  0.0792744043901023 0.08396359574808041 0.08982094224776289

cov.inverse():
  855548.643997569 -1369723.587138129  151371.7779883939  69741.88691235239  293266.4925692946
-1369723.587137793  2348898.291054492 -399157.0180648288 -204126.9291097641 -376186.9225988045
 151371.7779880528 -399157.0180644975  230978.6117381314  22244.56575614604 -5384.147467280523
  69741.8869121703  -204126.929109221  22244.56575576812  210562.1398571215  -98390.7385577985
 293266.4925694824  -376186.922599344 -5384.147466912166 -98390.73855781522  186720.7942238644

cov*(cov_.inverse()):
     1.000000000003638 -3.274180926382542e-11  3.865352482534945e-12                      0  3.637978807091713e-12
-3.637978807091713e-12     0.9999999999854481  1.364242052659392e-12  9.094947017729282e-13 -1.818989403545856e-12
-7.275957614183426e-12 -7.275957614183426e-12     0.9999999999991473  1.818989403545856e-12                      0
-3.637978807091713e-12 -1.091393642127514e-11  3.183231456205249e-12      1.000000000001819                      0
-7.275957614183426e-12 -7.275957614183426e-12 -1.591615728102624e-12                      0      1.000000000003638
