5
2

0.0004319987441896245
 0.002323885011109611
 0.002589349431489028
  0.08490549409792034
   0.6014845662891588

 0.5793380194370285 -0.8044205393446806 0.07411716563449283 0.06187493985488469 0.08918067442814673
 0.1743457955085018   0.120995041385106 -0.2351257031580301 -0.7001011365068915  0.6399515965484617
 0.1904696290439445  0.1050830772579853 -0.8576056154186539  0.4531410622685443  0.1088790768439086
-0.6663279980236748 -0.3933232421200425 0.02299993957576725   0.278180506276915  0.5686742784450263
 0.3920450513460326  0.4153578817391111  0.4507839401028549  0.4725554719748443  0.4972561443001621

0.3999004715327312
0.3997619022020064
0.3996045959013005
0.3994570244006813
0.3992923769622487

0.001816760125557492
  0.4003936349912892

   7.351472371388806   -5.707370036154904  -0.4281789982273625  -0.4077161423675214  -0.8077123851385858
   2.953453716155293    -1.78668572176268 -0.04347024883562497 -0.03837888585824825 -0.08464179133680394

1.627560456625749e-06 2.486127921331984e-06 6.000713782168291e-06  -0.02332988829797375  -0.09978624272820151
5.850907802901594e-07 1.521118336486544e-06 2.584448054110412e-06 -0.009552091324844662    0.1215421053210711

cov:
0.05880709719930168 0.06080199139133884 0.06382537753160747 0.06568882338226695 0.06779768790015546
0.06080199139133884 0.06353122632110128 0.06767318538389711 0.07022185813289065  0.0731105707809699
0.06382537753160747 0.06767318538389711 0.07352571764751255 0.07711171938052504 0.08118850370937547
0.06568882338226695 0.07022185813289065 0.07711171938052504 0.08135131877143187 0.08615065672442523
0.06779768790015546  0.0731105707809699 0.08118850370937547 0.08615065672442523 0.09178955826766028

cov.inverse():
 1809554.432005265 -2490253.907135473  198128.2894224924  182325.8132597695  300546.7128350278
-2490253.907134531   3471758.90217834 -338184.9581513908 -275304.2064916898 -368391.0183763343
 198128.2894198598   -338184.95814786  149369.9633425205 -2905.276179046398 -6368.665387396808
 182325.8132616004 -275304.2064943252 -2905.276178544163  141911.2312575849 -46012.76802910769
 300546.7128348875 -368391.0183762879 -6368.665387000355 -46012.76802941025  120264.2020841245

cov*(cov_.inverse()):
     1.000000000029104 -7.275957614183426e-12  7.048583938740194e-12  9.094947017729282e-13                      0
 3.274180926382542e-11     0.9999999999781721  7.503331289626658e-12  2.273736754432321e-12                      0
 4.365574568510056e-11  1.455191522836685e-11       1.00000000000307  1.364242052659392e-12                      0
 4.001776687800884e-11 -3.637978807091713e-12  3.296918293926865e-12      1.000000000001819                      0
 4.001776687800884e-11  7.275957614183426e-12  1.250555214937776e-12  1.818989403545856e-12      1.000000000001819
