7
2

0.0001545635597357545
0.0003041869264407185
 0.001011037584611329
 0.001841189438412466
 0.002405767889872953
   0.1213462113405437
   0.6786050614414298

   0.1623669959660069   -0.6026257862789383    0.7238386163332426   -0.2940718819173974  0.003380548059847315 0.0002499956652478916  0.006856784959838964
   -0.526173979342657    0.5705593907785083    0.3927817695029646   -0.4920855096338977   0.02238965072366978  0.007658535167311568   0.02484568757754478
   0.4335270401028938   0.01788467168896115   -0.3774598161743632   -0.7184940835874816    0.3121194341641458    0.1539545683555606     0.178617560002114
  -0.1230673573033982   -0.0763455846947402  -0.02810604033429322  0.006483994549282329    0.1981541101737287     0.696554570038037   -0.6736026018029991
   0.1712779303753552   0.08977921769048909 -0.003260732128348121   -0.1018710256105573   -0.8298309037080241    0.4721071489149143    0.2017690154578096
  -0.5998951316082213    -0.426368537892612   -0.2232884840595041  0.007304949874425349    0.1409241618250408     0.317097106932238    0.5366697279993782
    0.323227991963504    0.3395661871985274    0.3586724093565542    0.3803507867571227     0.392841869889949    0.4094084401932522    0.4300765581407501

0.3964635576031252
0.3963430955756925
0.3961659363184338
0.3959434367897924
0.3957690963753868
0.3956907307819623
 0.395403524889405

0.002441082608339116
  0.3969803920671267

   0.3953414179980958     1.998564637195253     4.636954387930537    -6.584360322093175  -0.08360792703249992  -0.05783465566031443   -0.3055311622667032
    1.481194945680296  -0.04626226300428639    0.1044012346017315   -0.5067561828977978  -0.01441730500454226 -0.000589722856162378  -0.01733666675999421

 9.914529693420462e-08  5.536749629473156e-07  3.166891060333571e-06 -7.637630315856239e-07  5.111760238560842e-06   -0.03485172969929769    -0.1025604679010843
 1.177295496457577e-08 -4.775877073895241e-08  9.795891473807615e-07 -5.985499903981445e-07  1.788483193947978e-06   -0.01336098082407357     0.1355698793319011

cov:
0.05341140845922839 0.05431014674244344 0.05535991005986029 0.05654954661864436 0.05722813959713023 0.05813884893434509 0.05927599949839691
0.05431014674244344 0.05577554694684519  0.0574881417015652 0.05943021175560946 0.06054418676397911 0.06202922100651231 0.06388282004717287
0.05535991005986029  0.0574881417015652 0.05997638262083409 0.06279892032531567 0.06442237212255721 0.06657942790901106 0.06927138250794532
0.05654954661864436 0.05943021175560946 0.06279892032531567  0.0666211217946701 0.06882300083741191 0.07174300169773959  0.0753868208845983
0.05722813959713023 0.06054418676397911 0.06442237212255721 0.06882300083741191 0.07136393488492244 0.07472052671225402 0.07891552441043935
0.05813884893434509 0.06202922100651231 0.06657942790901106 0.07174300169773959 0.07472052671225402 0.07867119820918676 0.08358911645292763
0.05927599949839691 0.06388282004717287 0.06927138250794532  0.0753868208845983 0.07891552441043935 0.08358911645292763 0.08942045581920942

cov.inverse():
 4289058.919248151 -7327208.237396172   2526826.30721502  491640.9668839258 -3726.563030820297  12114.01482248398   11473.3662926715
-7327208.237187516   18722954.8032958 -15842958.38378665  4369392.788781417  40907.14314344045   35239.1321634091  1650.869295468329
 2526826.306778777 -15842958.38308797  23738497.93239847 -10733617.96621385   81038.0386698308 -22810.78766952645  252727.8931085748
 491640.9671453885  4369392.788207024 -10733617.96588473  6743675.839794044 -365084.7646326941 -158996.7616462741 -346924.1460624932
-3726.563050152325  40907.14318551103   81038.0386446607 -365084.7646316975  231762.9110613375  21926.59403005639  -6776.09404328865
 12114.01482164744  35239.13213428019 -22810.78761133244  -158996.761674837  21926.59402979732  205465.3191563383 -92907.86281486129
 11473.36627895923  1650.869366893987  252727.8930088761  -346924.146018739 -6776.094044464299  -92907.8628154535  180752.4407709803

cov*(cov_.inverse()):
     1.000000000020236 -3.672084858408198e-11  8.003553375601768e-11 -9.094947017729282e-11  2.046363078989089e-12  9.094947017729282e-13 -1.818989403545856e-12
-4.206412995699793e-12     0.9999999999518963 -8.185452315956354e-11 -5.456968210637569e-11  -1.70530256582424e-13 -9.094947017729282e-13 -1.818989403545856e-12
 -8.86757334228605e-12  5.000799774279585e-11      1.000000000120053 -3.637978807091713e-11  8.526512829121202e-13 -3.637978807091713e-12  3.637978807091713e-12
 1.625721779419109e-11 -1.978719410544727e-10  6.184563972055912e-11     0.9999999999708962  5.684341886080801e-12 -9.094947017729282e-13                      0
-2.614797267597169e-11  3.220179678464774e-11 -1.891748979687691e-10 -6.548361852765083e-11      1.000000000002501 -1.818989403545856e-12                      0
 1.500666257925332e-11 -2.663114173628855e-11 -5.820766091346741e-11 -1.382431946694851e-10  2.728484105318785e-12      0.999999999996362  1.818989403545856e-12
 2.637534635141492e-11 -6.897948878759053e-11  3.637978807091713e-12 -1.091393642127514e-11  1.023181539494544e-12                      0      0.999999999998181
