5
2

0.0004699616251678435
 0.002245899245139479
 0.002406998817722138
   0.1127470656088452
   0.5825477955300848

  0.6231155580797115  -0.7769824207533187  0.04461296052526143  0.04886685006441222  0.06039067674133412
 0.03744033948775893  0.03265362731487684   0.1959641600409948   -0.812624804263934   0.5465994301832494
 -0.2567490259067806  -0.1881730786193987   0.8713145904767081 -0.05748980697087179  -0.3690211873262516
 -0.6302172533119762  -0.4441502641031793 -0.02715050043009894   0.3174584715019013   0.5513979739925207
  0.3837074062119194   0.4031792329020279   0.4468573222868813    0.482874724360174   0.5073121984215818

0.4004049120131407
0.4004079096814374
0.4004092508590877
0.4002783766771397
0.4002067871008067

0.0007826984990669252
   0.4006902568433479

   3.400022277272396   -1.185549753679372   -0.252095343550257  -0.6908223257684588   -1.271573704092403
    1.78771222214122  -0.5743139095327197   -0.027470567750319 -0.06390452516999467  -0.1219365441080829

 6.444725234801868e-07  -4.76554378445228e-07 -2.088986920444579e-06   -0.03215852233471401   -0.08982620334772164
 3.420013724328965e-07  1.416162677487488e-07 -1.889813647638157e-06   -0.01218235057979628      0.118577735406288

cov:
0.05501403221311891 0.05605864303328236 0.05840409018566024 0.06033456087840481  0.0616432750544347
0.05605864303328236 0.05767248169386504 0.06129303144473232 0.06427625060983212 0.06629961632428724
0.05840409018566024 0.06129303144473232 0.06777825185039033 0.07311553793462207 0.07674042247287773
0.06033456087840481 0.06427625060983212 0.07311553793462207 0.08041279767081612 0.08535594497203355
 0.0616432750544347 0.06629961632428724 0.07674042247287773 0.08535594497203355 0.09120733002283317

cov.inverse():
 1769661.373625079 -2183469.042080847  88708.52044538234  134366.9803440205   190761.937859149
-2183469.042080584  2739703.870318898 -183974.5250418553 -175313.8057677048 -196944.4163324313
 88708.52044509714 -183974.5250415194  147663.7381310397 -30346.10285528571 -22064.02340621629
  134366.980343612 -175313.8057672136 -30346.10285529671  142309.1029322328  -71022.1193033368
 190761.9378595799 -196944.4163329957  -22064.0234061546 -71022.11930326511  99273.94231486619

cov*(cov_.inverse()):
     1.000000000005457 -2.364686224609613e-11  -1.13686837721616e-12  1.818989403545856e-12                      0
 5.456968210637569e-12      0.999999999994543 -1.818989403545856e-12                      0                      0
 9.094947017729282e-12 -1.637090463191271e-11      1.000000000001137                      0 -9.094947017729282e-13
 5.456968210637569e-12  -2.91038304567337e-11  9.094947017729282e-13      1.000000000001819 -1.818989403545856e-12
                     0 -7.275957614183426e-12  -1.13686837721616e-12  9.094947017729282e-13      0.999999999998181
