7
2

 0.000133772000421508
0.0006206073717494771
 0.001132582968083841
 0.001245469167680191
 0.001970826547859266
  0.09329785600448001
   0.7709763650352445

  -0.2055611534958242    0.7795506402792149   -0.5912161944807857  -0.01249623266998395   0.01149617775257749  0.003905769322436092   0.01432654283238357
  -0.6645601997824825    0.3192156183376746    0.6451320963664466   0.03468087815758564   -0.1329924977206632  -0.07772722364111971   -0.1238322214025027
   0.2001048815691667    0.1917304708970984    0.2080950527121311   -0.8849043372552857   -0.0732867173512826   0.06302379222307866    0.2957960184298979
  0.06727690255318125   0.03960133543127405   0.03142459397392776    0.1833244484329316   -0.1351442107435628   -0.7728319502763507    0.5863250063316392
   0.1305911557761765   0.04240844600907984 -0.004319229235155253    0.1951216893514615   -0.8889502287130214    0.3488910683282025     0.176348682034926
  -0.5904051148238444   -0.3608736628328211   -0.2506171768293712  -0.06450627953519988    0.1243288535405641    0.3220307237097857    0.5788441237555324
   0.3254288835006172    0.3464752115114684    0.3565800169508811    0.3738234979478673    0.3909677222710708    0.4089905100912184    0.4324680985719655

0.3995755553993339
 0.398443522596014
0.3979659075519559
0.3970535592093034
0.3960767898177777
0.3951049620769987
0.3938924315393482

0.01434749762554023
 0.4026494189670929

  3.710754531783248   4.287451682075583  -7.203251701265224    1.01473463594474 -0.5877842690188939  0.2912673136122204  -1.513630711818948
  3.115466527396355  -2.700717427640928  0.5551986562783426  0.2983599267727923 0.06103299429505563 -0.1280031298072051 -0.2004158027281662

 1.216533050872871e-07 -2.105359802624051e-06 -1.563179359954953e-06 -1.014544564963563e-06  4.865799813626481e-06    -0.0248401140181406    -0.1553759453730734
-5.512369251168884e-08 -9.772700488307817e-07 -1.471282050219711e-07  2.295120050132824e-07  8.307439573226349e-07    -0.0102086282255737     0.1619599494927636

cov:
0.06598428611402718 0.06887550468258544  0.0702634158273209 0.07264246694228457 0.07498799533666342 0.07745881634261198 0.08068055352297705
0.06887550468258544 0.07248902845129052 0.07422375396568009 0.07719007846031792 0.08012767877624882 0.08321858747991578 0.08724711245085605
 0.0702634158273209 0.07422375396568009 0.07612507193410994 0.07937343034149981 0.08259543101160488 0.08598412387602057 0.09040014682037607
0.07264246694228457 0.07719007846031792 0.07937343034149981 0.08310189956766147 0.08680352166490132 0.09069782254152356 0.09577039046519666
0.07498799533666342 0.08012767877624882 0.08259543101160488 0.08680352166490132 0.09099582248676112 0.09539399288830765  0.1011282397134116
0.07745881634261198 0.08321858747991578 0.08598412387602057 0.09069782254152356 0.09539399288830765  0.1003320695529535  0.1067576420419638
0.08068055352297705 0.08724711245085605 0.09040014682037607 0.09577039046519666  0.1011282397134116  0.1067576420419638  0.1140879884145539

cov.inverse():
 3546527.602948987 -9472490.968454132  5711921.631553175 -39821.34099022463  50223.14851131337  77269.49719180082  126557.9151447729
-9472490.968783729  34253973.58001226  -25188364.8230647 -641077.2254622389  366464.1576445865  99211.31049883198   582551.978698201
 5711921.631990364  -25188364.8237572   20647700.0338439  330887.0789646956 -616216.6694062847 -265061.6902574315 -621090.2033620953
-39821.34104005531  -641077.225264451  330887.0788090368  653771.0850660505 -30075.14801760945 -127014.4248906759 -147061.9382972473
 50223.14846485941  366464.1577958982 -616216.6695100541  -30075.1480211351   272720.824272627  13234.36464563082 -56370.80187694699
  77269.4971930012    99211.310471128 -265061.6902270099 -127014.4248903259  13234.36464380688  436024.5208663492 -233605.0225470478
 126557.9151323039  582551.9787395967 -621090.2033883241 -147061.9383017731 -56370.80187756169 -233605.0225446027  349159.3293938023

cov*(cov_.inverse()):
    0.9999999999727152 -6.257323548197746e-10 -1.455191522836685e-10                      0  9.094947017729282e-13  7.275957614183426e-12 -3.637978807091713e-12
 1.000444171950221e-10     0.9999999991850927  -2.91038304567337e-11  9.094947017729282e-12 -9.094947017729282e-12 -3.637978807091713e-12 -7.275957614183426e-12
  -1.2732925824821e-11 -2.255546860396862e-10      1.000000000021828  5.456968210637569e-12 -1.818989403545856e-12                      0 -1.091393642127514e-11
-1.036823960021138e-10 -3.637978807091713e-10  -3.41970007866621e-10      0.999999999992724  1.818989403545856e-12  3.637978807091713e-12                      0
-2.546585164964199e-11 -2.546585164964199e-10 -7.275957614183426e-12  3.637978807091713e-12      0.999999999996362  3.637978807091713e-12 -7.275957614183426e-12
-3.456079866737127e-11 -3.128661774098873e-10                      0  5.456968210637569e-12 -1.818989403545856e-12      1.000000000003638 -7.275957614183426e-12
-4.365574568510056e-11  -1.01863406598568e-10  4.365574568510056e-11  3.637978807091713e-12 -5.456968210637569e-12  3.637978807091713e-12      1.000000000007276
