6
2

0.0001358158067044642
 0.000285762617027855
 0.001066555854261277
 0.002060069828992395
  0.09434029686045174
   0.6431210729983754

  -0.05649934602381515     0.3474276834627686    -0.7862009691149602     0.5078339009437141  -0.003416982985803022  -0.009105937888936102
    0.4615868973307599    -0.7649023471147355   -0.08697334604513708     0.4393248682602096    -0.0178273905468898    -0.0311996304959358
   -0.5161645064113715      0.010357073647134      0.444780915096823     0.6171252776697201    -0.2699368482388499    -0.2862295591586481
    0.2005193412258868      0.116525469560935    0.03489142841543803 -0.0002844527127639357    -0.8403288104113817     0.4887164888156704
   -0.5877413093750701    -0.3686879249222965    -0.1246919691817613   0.007347996710279762     0.1993077015304394     0.6806641808903586
    0.3628659662753782     0.3802659123924023      0.399659995309448     0.4101227948706471     0.4253569522644313     0.4635393951202701

0.3985319637727796
0.3982599255188923
0.3979222319804495
0.3978067956730064
0.3975212558241365
   0.3967740330859

0.004309713640191447
  0.3992988795692534

-0.01549767722729611    4.539134914059649    5.974971305571734    -9.70519715286537   -0.159700863245078  -0.6342364049479606
   1.517363377294086 -0.01158707505737358   0.2940067498024373  -0.7265511998848435 -0.02047125359798685 -0.05251630137642996

-1.483410636342945e-07 -6.728733997336723e-07 -3.471903071390528e-06  2.382062948200811e-06   -0.02620446779293985   -0.09671497269540899
-1.271521110908627e-08  2.992838495179292e-08 -1.228972397884548e-06  1.294014417536504e-06  -0.008627483084450417     0.1375938478517998

cov:
0.05753497726078788 0.05900012975866881 0.06063422452802256 0.06151370635746865 0.06279575291460976 0.06600947899118319
0.05900012975866881 0.06101804101347905 0.06326761546445016 0.06447989209590943 0.06624562814946594 0.07067210986578223
0.06063422452802256 0.06326761546445016 0.06620292173125437 0.06778596116337615 0.07009059289367928 0.07586819251892807
0.06151370635746865 0.06447989209590943 0.06778596116337615 0.06956953963744189 0.07216560113194975  0.0786739061980895
0.06279575291460976 0.06624562814946594 0.07009059289367928 0.07216560113194975 0.07518951889899421 0.08275606512166543
0.06600947899118319 0.07067210986578223 0.07586819251892807  0.0786739061980895 0.08275606512166543 0.09299528913963916

cov.inverse():
 3025913.632532647  -5386961.00997534  1716326.876383148  647778.5808681366 -7536.096422224191   4459.22027645777
-5386961.009851785  13711834.04500651 -13988350.08787773  5455516.791107954  77089.80797062768  131518.7001849521
 1716326.876091336  -13988350.0874997  33776220.74319451 -21871465.99072083   52168.6057157147  313434.6799217818
 647778.5810112818  5455516.790921058 -21871465.99070994  16679468.90153233 -336368.4844166401 -573859.7759950872
-7536.096403549013  77089.80792509406  52168.60575570523 -336368.4844286923  234978.2417718091 -20334.74498232793
 4459.220282906625  131518.7001628863  313434.6799571312 -573859.7760159031 -20334.74498124618  144769.0126843163

cov*(cov_.inverse()):
      1.00000000000864 -1.855369191616774e-10 -9.822542779147625e-11 -7.275957614183426e-11   1.13686837721616e-12  1.818989403545856e-12
-5.172751116333529e-12      1.000000000021828  5.820766091346741e-11  6.548361852765083e-11  6.139089236967266e-12  5.456968210637569e-12
-6.536993168992922e-12  8.731149137020111e-11     0.9999999999163265  4.365574568510056e-11 -1.591615728102624e-12  1.818989403545856e-12
-1.426769813406281e-11  9.094947017729282e-11  9.822542779147625e-11      1.000000000130967  3.637978807091713e-12                      0
 1.119815351557918e-11  8.913048077374697e-11 -5.529727786779404e-10  5.093170329928398e-11     0.9999999999974989 -5.456968210637569e-12
 3.581135388230905e-12 -5.456968210637569e-12 -5.093170329928398e-11 -5.093170329928398e-11                      0                      1
