5
2

0.0002852285538262612
 0.001748814502622681
 0.002570166655388256
  0.05799811046560854
   0.6193136442181028

 -0.6232257751775757   0.7755270894535147  -0.0150583310108169 -0.05280060081266247 -0.08445537223327043
  0.2502121066616468   0.2164495747484052  -0.8835957988061448   0.3154264888909521   0.1015287038685727
 -0.1845848309112482   -0.154322035413271   0.1234504696863999   0.7798509533809211  -0.5645401860172991
 -0.5876200597539085  -0.3844507707185297 -0.08884158450937454   0.2711116928289798   0.6523081274535907
  0.4118429802807489   0.4243696848207093   0.4426046377924328   0.4648108940010133   0.4882086619686821

0.3975989790932751
0.3974701087501171
0.3971657571974908
0.3967872355904202
 0.396398475884393

0.004474922857068271
  0.3990160140926411

     15.66976765763075     -14.10598837141124 -5.339029620522739e-05    -0.6923694366545257    -0.8715788190348364
     5.927427201774838      -4.57466014623606   0.008416654994195305     -0.182774545689573    -0.1781809232192892

-1.675530173812965e-06  1.714804722194722e-06 -5.043144189830817e-06   -0.01527511154876919    -0.1074041249838458
-5.871679299152284e-07  1.253164300052297e-06 -2.834198926024155e-06  -0.006360480433166688     0.1271858906181981

cov:
0.06621754453828035  0.0677945662217222 0.07008954918365599 0.07288592298487445 0.07582987883973194
 0.0677945662217222 0.06957079187942866 0.07215549015903809  0.0753045576487702  0.0786211964872809
0.07008954918365599 0.07215549015903809 0.07516592852076773 0.07882540439680018 0.08268299038732875
0.07288592298487445  0.0753045576487702 0.07882540439680018 0.08311709128882325  0.0876289012142875
0.07582987883973194  0.0786211964872809 0.08268299038732875  0.0876289012142875 0.09285155996911673

cov.inverse():
 4799977.702472278 -5918868.416670687  39631.99311890978  408448.7762535466  670941.6622268945
-5918868.416673153  7411751.249604849  -208953.251707323 -499251.9377733498 -784778.3924268782
  39631.9931223333 -208953.2517115088  260378.8997309963 -66790.09930350374 -24267.74119345245
 408448.7762536432 -499251.9377732895 -66790.09930375188  158888.7942728365 -1310.498584539355
 670941.6622258427 -784778.3924252213 -24267.74119396662 -1310.498584630446   139417.778246315

cov*(cov_.inverse()):
    0.9999999999490683 -1.455191522836685e-11 -2.046363078989089e-12 -1.108446667785756e-12                      0
                     0     0.9999999999490683  2.046363078989089e-12  4.092726157978177e-12 -1.818989403545856e-12
-7.275957614183426e-11 -7.275957614183426e-12      1.000000000000455 -3.268496584496461e-13 -1.091393642127514e-11
-2.182787284255028e-11 -4.365574568510056e-11 -3.183231456205249e-12      1.000000000003695 -3.637978807091713e-12
                     0  -2.91038304567337e-11                      0  1.335820343228988e-12     0.9999999999909051
