5
2

0.0003211116843716835
0.0008457862706024303
 0.002563892207288055
   0.0955314285041283
   0.5632252433231376

-0.3624847694692376  0.8015798938987445 -0.4747894464778597 0.02041473883294935 0.01525403394980365
-0.5794921283318445  0.1900546304361325  0.7499416148946765 -0.1621509147266406 -0.1984005185318148
 0.1768746896998725  0.1233810175085172 0.05276009006600901 -0.8429925961174561   0.489971758828522
-0.5814018179371303 -0.3586855404130297 -0.1303874827658026  0.2157294562317702  0.6854024476538988
 0.4043277573296649  0.4212727367920205  0.4386092030459883  0.4648812793572061  0.5005554005253513

0.4000818850561699
0.3999841354345088
0.3999617979606354
0.3997679204738128
0.3994390571713992

0.001886638690603519
  0.4005024828759192

   3.033616387667295    1.404714889061235    -2.49426619487306  -0.4835112400749492   -1.460835607996564
   1.739412632870321  -0.2674830826764666  -0.2962131474760075 -0.04304220786862151  -0.1327181721612705

 1.215130074036057e-07 -2.141274617025159e-06  1.775616604121371e-06    -0.0278163455594656   -0.07349071956143129
-7.291965677139538e-08 -8.925077915794105e-07  1.513779262112005e-06  -0.008916201220604885     0.1187191114363101

cov:
0.05494524900428968 0.05593648295375513 0.05694847093024551 0.05848099272087254 0.06056609494283743
0.05593648295375513  0.0574720693295417  0.0590414571164869 0.06141857762409098 0.06464959179427684
0.05694847093024551  0.0590414571164869 0.06118227253974862  0.0644249989409237 0.06883013752652445
0.05848099272087254 0.06141857762409098  0.0644249989409237 0.06898587148172527 0.07516407628658189
0.06056609494283743 0.06464959179427684 0.06883013752652445 0.07516407628658189 0.08377085820352148

cov.inverse():
 1748517.119290244 -2968507.781626078   1063003.63524774  36892.68543126497  120235.9824488162
-2968507.781618781  6284163.451088923 -3490688.991363144  99790.18901031729  75041.46849988801
 1063003.635236579 -3490688.991348371  2972827.058132188 -270760.3158226282 -274307.8850760355
 36892.68543442544  99790.18900434389 -270760.3158198906  148908.2323290471 -14825.21319976514
  120235.982449519  75041.46849838471 -274307.8850751593 -14825.21319984079  93855.41516720288

cov*(cov_.inverse()):
    0.9999999999990905 -4.547473508864641e-12 -3.637978807091713e-12 -2.614797267597169e-12 -2.728484105318785e-12
 3.637978807091713e-12     0.9999999999427018 -1.455191522836685e-11 -1.477928890381008e-12                      0
-2.000888343900442e-11 -3.274180926382542e-11      1.000000000003638 -1.250555214937776e-12                      0
-1.091393642127514e-11 -3.728928277269006e-11 -7.275957614183426e-12     0.9999999999986358 -9.094947017729282e-13
-1.818989403545856e-12  1.728039933368564e-11                      0 -6.821210263296962e-13     0.9999999999990905
