6
2

0.0007156807817395496
 0.001147848893942868
 0.001251329551342596
 0.002005835058197691
   0.1035472215417061
    0.716124567070514

   0.4427916318893795   -0.8634258199256766    0.1655781482489709    0.1547385288663131   0.08211195391079444   0.01813603446446783
   0.3326446591582646   0.03493132399777726   -0.8805512997675871   0.04837579405630939    0.1992377876722813    0.2659338796162206
    0.135257078657095  0.006730439226985143   0.06932110459794699   -0.1016447289451529   -0.7478052341014122    0.6382088132002565
   0.1565119470712818 -0.009143530305343933    0.1576158751205503   -0.8810144457660442    0.3530032989153182    0.2231140055979181
  -0.7364508671086083   -0.3374130259819285  -0.07202266832813088    0.0972328655557481    0.2740356049802155    0.5040392470220345
   0.3288354526116469    0.3732280844584466    0.4029613392302729    0.4215962944793817    0.4411829790426746    0.4666951303015734

0.3986413002841332
0.3963770900912685
0.3949242028357039
 0.393920618134947
0.3928927518124121
0.3916249730903277

0.01496757984537539
 0.4007732759095543

  2.589045430559305  -1.236695349180355   1.299535884107741  -1.008914077084411  0.1944418929093613  -1.838324203573824
  1.535012095163366 -0.5871978758949936   0.280858183687654 0.05441961563001943 -0.1111402707261563 -0.1710977628661239

 1.155462155249296e-06 -1.087267628021812e-06 -1.227826669421859e-06  4.702127249828919e-06   -0.02738863363281891    -0.1456673927985104
 6.296913466260441e-07  2.342359515634407e-07  2.998904673051846e-07  6.619772162527999e-07   -0.01140787158627016     0.1501794851032851

cov:
0.06126976673586899 0.06560459790371115 0.06852312122012771  0.0703289163091418 0.07223659009509643 0.07472297269054466
0.06560459790371115 0.07265848296504915 0.07738893370700693 0.08034350186634703  0.0834528339994618 0.08750392158122174
0.06852312122012771 0.07738893370700693 0.08332970300482037 0.08704820200713903  0.0909598370859401 0.09605435504948837
 0.0703289163091418 0.08034350186634703 0.08704820200713903 0.09125747024471592 0.09567234461433939  0.1014283288693444
0.07223659009509643  0.0834528339994618  0.0909598370859401 0.09567234461433939  0.1006259371874983  0.1070721665828433
0.07472297269054466 0.08750392158122174 0.09605435504948837  0.1014283288693444  0.1070721665828433  0.1144224814689767

cov.inverse():
 484595.4398389216 -737355.9815058596 -67048.00701324227  102925.0078935214  70404.40225912844  146592.8512071889
 -737355.981505168  1456483.833288135 -302521.9796516665 -258001.2744836265 -137160.6681420999 -21301.18629796633
 -67048.0070145005 -302521.9796489665  651261.7374816937 -21322.41524155352 -125889.4358679041 -134874.6189517053
 102925.0078923778  -258001.274481886 -21322.41524097236  248042.3777929334  3369.477323890737 -75037.08550223592
 70404.40226177753 -137160.6681482187 -125889.4358658429  3369.477325547696  431407.0406679189  -242084.841460149
 146592.8512062509 -21301.18629559817 -134874.6189529062 -75037.08550271433 -242084.8414598992  326839.7296717584

cov*(cov_.inverse()):
     1.000000000010914  9.322320693172514e-12 -5.456968210637569e-12  4.547473508864641e-12                      0 -3.637978807091713e-12
   1.2732925824821e-11      1.000000000016371 -5.456968210637569e-12                      0  7.275957614183426e-12 -3.637978807091713e-12
 9.094947017729282e-12  2.160049916710705e-11      0.999999999996362                      0  3.637978807091713e-12                      0
 7.275957614183426e-12   1.77351466845721e-11 -1.818989403545856e-12                      1                      0                      0
   1.2732925824821e-11 -8.185452315956354e-12 -3.637978807091713e-12  4.547473508864641e-12      0.999999999996362 -7.275957614183426e-12
 3.637978807091713e-12  2.182787284255028e-11                      0 -1.818989403545856e-12  3.637978807091713e-12      0.999999999992724
