5
2

0.0001349262001377044
0.0006804800188287403
 0.001149030880614531
   0.0850077177479914
   0.6371645436871661

   -0.213534284514803    0.7848895117949981     -0.58130664928252 -0.008889554352249503   0.01884459960595599
  -0.6815528587430563    0.2856163202861885     0.627914241936951   0.01181194666301469   -0.2439122813925526
   0.1704873451065538    0.1973402428480614    0.2270395782251663   -0.8903903656034732    0.2960556036811982
   -0.550739837887404   -0.2930342995079709   -0.1692611324408258   0.03979382388580167     0.761960399824705
   0.3968734133173881     0.421378095924466    0.4331396809770049    0.4532139695116509    0.5214586356361439

0.3991040600144904
0.3979592258564584
0.3974738636764772
0.3965600832777937
0.3933588763572535

0.01452444086032097
 0.4022115446960586

  3.832621896620382   4.661592894821632  -8.035674000618197   1.020845288836163  -1.479768261231989
  3.109806848242887  -2.676299842431056   0.535586972063512  0.2901551812870066 -0.2583583167263483

 1.360769509929576e-07 -2.756753828802634e-06  -2.10996244009497e-06   -0.02314991252042771    -0.1234934268951339
-5.613423996197522e-08 -1.148902195609997e-06 -2.788405313970302e-07  -0.008703466732145667     0.1360956983076371

cov:
0.06613719020051972 0.06905951277944597 0.07046187376957531 0.07286422601931676 0.08098620847479862
0.06905951277944597 0.07270598433528278 0.07445598143722966 0.07744704998340668 0.08759274661508995
0.07046187376957531 0.07445598143722966 0.07637293458136557 0.07964668486768625 0.09076417461659135
0.07286422601931676 0.07744704998340668 0.07964668486768625  0.0834016840887183 0.09616464690416271
0.08098620847479862 0.08759274661508995 0.09076417461659135 0.09616464690416271  0.1145889761330102

cov.inverse():
 3529837.784813685  -9601150.94374015  5923490.572262819 -28095.78745546211  176143.4007512631
-9601150.943769205   34045221.6457846 -24641070.70670254 -509063.6596038287  706234.6922695858
 5923490.572283159 -24641070.70669322  19452229.00795699  146754.0898129974 -881586.0709062838
-28095.78743926336 -509063.6596685802   146754.089863521  605121.3666491442 -215078.6382480902
   176143.40074377  706234.6922960031 -881586.0709271802 -215078.6382461193    214454.92914664

cov*(cov_.inverse()):
    0.9999999999490683  2.401066012680531e-10 -8.731149137020111e-11  3.637978807091713e-12  1.091393642127514e-11
 1.455191522836685e-11      1.000000000472937 -2.764863893389702e-10  3.637978807091713e-12 -3.637978807091713e-12
-7.457856554538012e-11  5.529727786779404e-10     0.9999999998399289 -3.637978807091713e-12  1.455191522836685e-11
 6.912159733474255e-11 -7.275957614183426e-11 -1.891748979687691e-10                      1  7.275957614183426e-12
 7.275957614183426e-12  4.365574568510056e-11 -1.891748979687691e-10                      0      1.000000000003638
