6
2

0.0002658657702671814
 0.000807188754391592
 0.001166078770067848
 0.001275230155005201
    0.114711867110663
   0.6968090601104224

   0.3481093780689412   -0.7984080923722117     0.490705495256926 -0.009998129273325041  -0.01295260092966344  -0.01745747404026373
   0.5771778318461646   -0.2148580187040929   -0.7492212183611494    0.2082854719438668   0.08467637699100694   0.09389580149370072
  -0.2811710501205099    -0.121338383323277  0.004202483536634217    0.8796885958390466   -0.1509672490696929   -0.3309970400136583
 -0.04535604177892258  -0.03968560145837217  -0.03399531799065824   -0.1012962513741281    0.8032185403731726   -0.5829161575424797
  -0.5897574618557296   -0.4104440775481909   -0.2197967649718053   0.02641710124152711     0.347213616567782    0.5604962254386266
   0.3416978454125538    0.3627923080884068    0.3852164618456186    0.4143746857114047    0.4518337215036902    0.4768359352116291

0.3996583786797478
0.3985478893816203
 0.397328565196087
0.3958345589425248
0.3937411702560744
0.3924390751247133

0.0153961366772156
 0.401845178660192

 0.3330347613600317   5.760051617514231  -5.475321836373968    1.12551479275506  0.2957086110040976  -2.040004794848695
  1.352187465127398   0.430618976837944  -0.835492963232221  0.3027229095387776 -0.1340852881503257 -0.1149827985596892

-5.053369646646749e-07  2.035958229422645e-06  1.094768210540519e-06  2.041057024854053e-06   -0.03116189531827546    -0.1351926413435574
-1.995879757085905e-08  8.827264122018159e-07 -1.514129725845995e-07 -1.973498446587076e-07   -0.01175839381851029     0.1487934840381465

cov:
0.06126788504456616 0.06337569470910508 0.06561632492832652 0.06854320864303141 0.07226873488229796 0.07476181900475995
0.06337569470910508 0.06612319501606836 0.06904354009951953 0.07284976041964709  0.0777157362397367 0.08096809461627204
0.06561632492832652 0.06904354009951953 0.07268663728184928 0.07742777371720835 0.08350625424668043 0.08756584716827563
0.06854320864303141 0.07284976041964709 0.07742777371720835 0.08338108822442232 0.09102783753622723  0.0961323547968113
0.07226873488229796  0.0777157362397367 0.08350625424668043 0.09102783753622723  0.1007128541085748  0.1071706535965124
0.07476181900475995 0.08096809461627204 0.08756584716827563  0.0961323547968113  0.1071706535965124   0.114533727222443

cov.inverse():
 2285103.204131382 -4096136.171874702  1753031.871486031 -43810.00176706118  20021.09802266881  81880.09533517378
-4096136.171908225  9100968.327295762 -5295168.369714417 -31781.10657218104  112240.9733078088  209970.3327387053
 1753031.871502688 -5295168.369702258  4268824.117395485 -304079.9348462679 -204551.6414775144 -218010.0611648324
-43810.00173009592 -31781.10666395885 -304079.9347859179  643425.7696475752 -118798.9402923871 -145343.0926543543
 20021.09802171832   112240.973312488 -204551.6414835398 -118798.9402900445  426874.7300163592 -235747.4629913736
 81880.09531600159  209970.3327801792 -218010.0611903788 -145343.0926511584 -235747.4629913264  307387.3291158241

cov*(cov_.inverse()):
    0.9999999999545253  3.274180926382542e-11 -5.456968210637569e-11                      0  3.637978807091713e-12 -3.637978807091713e-12
-8.185452315956354e-12     0.9999999999818101 -1.455191522836685e-11 -1.818989403545856e-12                      0 -1.091393642127514e-11
-9.913492249324918e-11  1.418811734765768e-10     0.9999999999417923  1.818989403545856e-12                      0 -7.275957614183426e-12
-1.909938873723149e-11  4.729372449219227e-11 -2.546585164964199e-11      1.000000000003638                      0 -1.091393642127514e-11
-6.184563972055912e-11  4.365574568510056e-11  3.637978807091713e-12                      0                      1 -7.275957614183426e-12
-1.091393642127514e-11  5.820766091346741e-11 -2.182787284255028e-11                      0                      0      0.999999999992724
