5
2

0.0007536167510033015
 0.002295777458842815
 0.003078327282401746
  0.09701608112486751
   0.5814027128692673

  0.4100509626012268  -0.8719148749805041   0.1414351375984335   0.1719163622613504   0.1485379584378185
    0.39192490808389  0.09854669518955285  -0.7014193799119962  -0.2960204881693373   0.5070169024386754
-0.03911516669288621  0.01221160865555937  -0.5365998483054107   0.8069465808593846  -0.2433489239478772
 -0.7271599164801349  -0.2116221382869151 -0.03348438536453015   0.1379157082255487   0.6374265289528523
  0.3846576843018118   0.4302556761460168    0.446034027930328   0.4611215761974326   0.5053108517983204

0.4002075402534234
 0.399770730341972
0.3995395981947784
0.3993650914443548
0.3987552084312416

0.00353560702342629
 0.4008534322929405

    3.00744893222353  -0.7113142440541764  -0.2794003815995083  -0.7531875496715696   -1.263548300340883
   1.540535770610588  -0.3751970747218293  -0.0144420642150816 -0.05733710315507892 -0.09354474914966171

 8.500476654860919e-07  4.674447365063305e-06 -2.621998211797721e-06   -0.02763686935695344   -0.08776129045824944
 5.299109611225958e-07  2.880242876218286e-06 -7.637207779273054e-07   -0.01042738527055424     0.1186475589303013

cov:
0.05499299303999249 0.05739257040936135 0.05822374986124095 0.05901278014851247 0.06134184512274275
0.05739257040936135 0.06299792780045896 0.06493691674228945 0.06679018786366371 0.07222240450701328
0.05822374986124095 0.06493691674228945 0.06726554579166116 0.06947798665047128 0.07598545829207759
0.05901278014851247 0.06679018786366371 0.06947798665047128 0.07206185586145564   0.079588867641154
0.06134184512274275 0.07222240450701328 0.07598545829207759   0.079588867641154 0.09013822666620774

cov.inverse():
 325418.3629305513 -622227.4595133641  52176.10520823807  98770.18273412866   145902.229022114
-622227.4595146832  1340452.107922119 -230940.1814871081 -268428.3366437191 -218887.0555042067
 52176.10520928974 -230940.1814888331  158954.5787535748  36513.10372296532 -16705.41466953964
 98770.18273495696 -268428.3366450029  36513.10372290581  137384.3660194395 -4226.135780321439
 145902.2290215529 -218887.0555025167 -16705.41467015348  -4226.13578083653  93915.30976599244

cov*(cov_.inverse()):
    0.9999999999909051  2.182787284255028e-11 -9.094947017729282e-13 -4.547473508864641e-12 -1.818989403545856e-12
-5.456968210637569e-12     0.9999999999836291  2.728484105318785e-12 -2.216893335571513e-12                      0
-1.818989403545856e-12 -7.275957614183426e-12      1.000000000000909 -2.046363078989089e-12  9.094947017729282e-13
 1.818989403545856e-12 -3.637978807091713e-12  5.229594535194337e-12     0.9999999999993747                      0
-1.818989403545856e-12                      0  2.273736754432321e-13 -5.684341886080801e-14                      1
