6
2

 8.18940084322807e-05
0.0001179971663701501
0.0003758013190782538
0.0008320461883307068
  0.01436809865360821
   0.5690809274334573

  0.05236675140237688    0.3272845948469706   -0.8267959485022806    0.4544084266470632 0.0007020784149913398  -0.00796653887647235
   0.3747395271114079   -0.7958033408985797  -0.03074438536439386     0.473465086501238   0.01060041398615122  -0.03225763926948053
  -0.5024471495720045    0.1329630746770156    0.3668705256942403    0.6230701366197774    -0.224888610399947   -0.3955785861257229
  0.07792627512733291   0.04652139312558703   0.05945697400578904   0.07674745668732266   -0.8189511912095253    0.5582623918705566
  -0.6579077667741903   -0.2712342709311752   -0.1041931772487818   0.09164032412416194    0.3337073843292566    0.6024736966407576
   0.4067674250942718    0.4076400220991987    0.4080170458969707    0.4084596398612398    0.4089872605378154    0.4096121431852933

0.4008716871690286
0.4010736466246227
0.4010852631208373
0.4010959765798325
0.4010924911494332
0.4011413708553932

-0.0003088550719187231
    0.4010159160513587

0
0
0
0
0
0

0
0

0
0
0
0
0
0

0
0

0
0
0
0
0
0

0
0

0
0
0
0
0
0

0
0

0
0
0
0
0
0

0
0

0
0
0
0
0
0

0
0

0
0
0
0
0
0

0
0

0
0
0
0
0
0

0
0

0
0
0
0
0
0

0
0

0
0
0
0
0
0

0
0

0
0
0
0
0
0

0
0

0
0
0
0
0
0

0
0

0
0
0
0
0
0

0
0

0
0
0
0
0
0

0
0

0
0
0
0
0
0

0
0

0
0
0
0
0
0

0
0

0
0
0
0
0
0

0
0

0
0
0
0
0
0

0
0

0
0
0
0
0
0

0
0

0
0
0
0
0
0

0
0

0
0
0
0
0
0

0
0

0
0
0
0
0
0

0
0

0
0
0
0
0
0

0
0

0
0
0
0
0
0

0
0

0
0
0
0
0
0

0
0

0
0
0
0
0
0

0
0

0
0
0
0
0
0

0
0

0
0
0
0
0
0

0
0

0
0
0
0
0
0

0
0

0
0
0
0
0
0

0
0

0
0
0
0
0
0

0
0

0
0
0
0
0
0

0
0

0
0
0
0
0
0

0
0

0
0
0
0
0
0

0
0

0
0
0
0
0
0

0
0

0
0
0
0
0
0

0
0

0
0
0
0
0
0

0
0

0
0
0
0
0
0

0
0

0
0
0
0
0
0

0
0

0
0
0
0
0
0

0
0

0
0
0
0
0
0

0
0

0
0
0
0
0
0

0
0

0
0
0
0
0
0

0
0

0
0
0
0
0
0

0
0

0
0
0
0
0
0

0
0

0
0
0
0
0
0

0
0

0
0
0
0
0
0

0
0

0
0
0
0
0
0

0
0

0
0
0
0
0
0

0
0

0
0
0
0
0
0

0
0

0
0
0
0
0
0

0
0

0
0
0
0
0
0

0
0

0
0
0
0
0
0

0
0

0
0
0
0
0
0

0
0

0
0
0
0
0
0

0
0

0
0
0
0
0
0

0
0

0
0
0
0
0
0

0
0

0
0
0
0
0
0

0
0

0
0
0
0
0
0

0
0

0
0
0
0
0
0

0
0

0
0
0
0
0
0

0
0

0
0
0
0
0
0

0
0

0
0
0
0
0
0

0
0

0
0
0
0
0
0

0
0

0
0
0
0
0
0

0
0

0
0
0
0
0
0

0
0

0
0
0
0
0
0

0
0

0
0
0
0
0
0

0
0

0
0
0
0
0
0

0
0

0
0
0
0
0
0

0
0

0
0
0
0
0
0

0
0

0
0
0
0
0
0

0
0

0
0
0
0
0
0

0
0

0
0
0
0
0
0

0
0

0
0
0
0
0
0

0
0

0
0
0
0
0
0

0
0

0
0
0
0
0
0

0
0

    1.99753638748318    4.619901300650626    3.014940608239219   -9.134801894593837  0.01474468145781214  -0.5123350679967024
   1.128461679866742   0.4945590462920841    1.276727233315536   -1.979465930538202    0.105816747627106 -0.02698650877659103

-3.368707852491638e-08 -1.020440432883384e-07 -6.744357901515633e-07 -3.110655413000545e-07 -0.0008303666504649518  -0.002943697983920256
-1.162818201521344e-08 -1.315978309048333e-08 -1.806724266011237e-07  -4.62377713662319e-08 -0.0002419373348173286     0.1312387963205675

cov:
0.05367404828126546 0.05373642723459156 0.05376339384089886 0.05379508575845564 0.05383172249080912 0.05387762244192564
0.05373642723459156 0.05382999656645584 0.05387041000991161 0.05391787631698233 0.05397393542396758 0.05404142185760859
0.05376339384089886 0.05387041000991161 0.05391665471492438 0.05397093232459271 0.05403536592568476 0.05411220319216423
0.05379508575845564 0.05391787631698233 0.05397093232459271 0.05403321461659161 0.05410746165600232 0.05419526419244461
0.05383172249080912 0.05397393542396758 0.05403536592568476 0.05410746165600232 0.05419455696341145 0.05429506404175014
0.05387762244192564 0.05404142185760859 0.05411220319216423 0.05419526419244461 0.05429506404175014 0.05441192724224567

cov.inverse():
 12293261.51279325 -19330090.64174007 -8581468.087274268   14082820.3780686  997636.0971363895   537880.941006978
-19330090.64099991  61585225.97363405  -38241014.4186196 -4294561.696162042 -838816.5639839269  1119243.493901994
-8581468.088797003 -38241014.41375478  102953828.6880398 -55440004.60785859 -764664.3765373327  73377.11700193326
 14082820.37892562 -4294561.701204113 -55440004.60307685   49646191.5086766 -674774.8089214998 -3319775.595188335
 997636.0971051719 -838816.5637181469 -764664.3769582077 -674774.8087167756  1335566.606425272 -54892.78920829429
 537880.9409637436  1119243.494553627  73377.11598315998 -3319775.594796371 -54892.78918988288  1644155.499392258

cov*(cov_.inverse()):
     1.000000000134605 -2.037268131971359e-10 -1.034550223266706e-09   4.94765117764473e-10 -6.366462912410498e-12                      0
 5.093170329928398e-11      1.000000000080036  8.640199666842818e-12  5.820766091346741e-11 -1.000444171950221e-11                      0
-2.546585164964199e-11  1.091393642127514e-10       1.00000000015325 -2.619344741106033e-10  2.728484105318785e-12  4.365574568510056e-11
 1.600710675120354e-10  2.692104317247868e-10 -2.501110429875553e-11      1.000000000291038                      0  1.455191522836685e-11
 2.073647920042276e-10 -1.455191522836685e-11 -2.196429704781622e-10  3.783497959375381e-10      1.000000000005002  1.455191522836685e-11
 7.639755494892597e-11  1.964508555829525e-10  5.547917680814862e-11  2.037268131971359e-10  3.183231456205249e-12                      1
