6
2

8.220493906016398e-05
0.0001195561014793684
0.0003768129698513143
0.0008304502991250775
  0.01437030605385273
   0.5690811963521485

  0.04812224413309509    0.3358328594427656    -0.826275721578271    0.4495622549663472 0.0006522477577656932 -0.007894653306763894
   0.3742187026557644   -0.7920734241391977  -0.03899396920835983    0.4793587759123683   0.01134254502283148  -0.03385312908170307
  -0.5030317929229607    0.1343767168691449    0.3673892582507071    0.6221069017079423   -0.2262177233881413   -0.3946334890333158
  0.07928607414004565    0.0452702456977279   0.05866131644161087   0.07651307452507695   -0.8185883317991515    0.5588220340361201
  -0.6579192916140325   -0.2712180757305361    -0.104183129939363   0.09164314531100934    0.3336744179378748    0.6024879694122355
   0.4067671959247607    0.4076398404300852     0.408016863140552    0.4084595806893739    0.4089877610961695    0.4096122928125938

0.4008719021373169
0.4010729896058227
0.4010844993958418
0.4010951305269054
0.4010922493412529
0.4011398026262272

-0.0003088550719187231
    0.4010159160513587

  1.966301177073201   4.670970562365589   3.032284118224834  -9.175136349153565 0.02392490758450669   -0.51835954907357
  1.106450056391819  0.5172049365571616   1.321206393661739  -2.026804753321025   0.108152536648958 -0.0270970873398996

-3.353756218914537e-08 -1.066668546090929e-07 -6.753204900512776e-07 -3.214028723552735e-07 -0.0008304817775190028  -0.002943901980291438
-1.199910277281472e-08 -1.453024524190571e-08 -1.812255564917799e-07  -4.83499140454987e-08 -0.0002419954096726524     0.1312387945589297

cov:
0.05367406958626157 0.05373643327802401 0.05376339327937923 0.05379509397847865 0.05383179837935256 0.05387763477449012
0.05373643327802401 0.05383000248902049 0.05387041374441767 0.05391789393678681 0.05397402640671577 0.05404145885792495
0.05376339327937923 0.05387041374441767 0.05391665774765931 0.05397095091491909 0.05403545857634322 0.05411224637740219
0.05379509397847865 0.05391789393678681 0.05397095091491909 0.05403325089558793 0.05410757280705504 0.05419533122504759
0.05383179837935256 0.05397402640671577 0.05403545857634322 0.05410757280705504 0.05419474121607715 0.05429521232073997
0.05387763477449012 0.05404145885792495 0.05411224637740219 0.05419533122504759 0.05429521232073997  0.0544120444900944

cov.inverse():
 11933351.01592837 -18815553.99116827 -8199424.896993393  13555888.68426078  1007867.422389361   517905.671268681
-18815553.99934146  60712483.79132386 -38550651.60047661 -3627924.810493572  -864388.025796617  1146022.496234045
-8199424.881758425 -38550651.63368594  102092914.0290105 -54660724.79184932  -765822.814286528  83782.06449410618
 13555888.67714282 -3627924.784732447  -54660724.8109142    48717985.322554 -658040.6560425418 -3327299.291826509
 1007867.422433166 -864388.0257774085 -765822.8145611164 -658040.6558037587  1341653.754667964 -61217.59130095873
 517905.6712810801  1146022.495489785  83782.06585925721 -3327299.292487007 -61217.59127374949   1640795.05298601

cov*(cov_.inverse()):
     1.000000000123691 -2.328306436538696e-10 -8.321876521222293e-10 -5.820766091346741e-11 -4.547473508864641e-13 -1.455191522836685e-11
                     0     0.9999999998472049 -1.073203748092055e-10 -1.455191522836685e-10 -1.818989403545856e-12  -2.91038304567337e-11
 7.275957614183426e-11 -3.783497959375381e-10      0.999999999652573  2.037268131971359e-10 -9.549694368615746e-12  -2.91038304567337e-11
 4.365574568510056e-11 -2.328306436538696e-10 -2.946762833744287e-10     0.9999999999417923 -3.183231456205249e-12 -1.455191522836685e-11
 6.548361852765083e-11 -6.548361852765083e-11  2.883098204620183e-10   2.91038304567337e-11     0.9999999999854481                      0
 4.729372449219227e-11 -8.731149137020111e-11 -1.064108801074326e-10  -2.91038304567337e-11  8.185452315956354e-12                      1
