5
2

0.0001373289118333334
0.0007729346408579683
 0.002658462354551807
  0.05025086719539822
   0.5658812160787247

 -0.4344484286120558    0.814623870824316  -0.3842293222389896  0.00100811697109195 0.003053455691949707
 -0.5063454218136592   0.1102366156513063   0.8039191993890846  -0.1722594866440168  -0.2355903064492398
  0.1427304159211733   0.1006845845827082  0.05412355542642413  -0.8278333426697215   0.5303331408752938
  -0.595839865229882  -0.3554571695696086 -0.07392669323996927   0.2733843536028875   0.6621335928920491
  0.4236410745650949   0.4332997261502991   0.4446203251764206    0.458561451640583   0.4741452823436112

0.3994553790602479
 0.399477333996571
0.3995019998764027
0.3995171662077251
0.3995640025169744

-0.0005513148048135882
    0.3993414938237612

   5.877790148927043    7.954523845036226   -13.04146882175345  -0.2986482586140106  -0.4925435447944621
   3.418689180705472 -0.07191109670834833   -2.268413203463576 -0.03426941017607296 -0.04412349058571288

 1.685158579056793e-07 -7.417734863862394e-06  6.502067349702785e-06   -0.01457864079327587   -0.07436234387259398
-1.268100374062861e-08 -2.118651291292564e-06  2.564804319487479e-06  -0.004753134809500523     0.1190967697023114

cov:
0.05836751764567672 0.05931588535536512 0.06042779304824596 0.06179587589744454 0.06332644578027394
0.05931588535536512 0.06044030827828343 0.06175836031036185 0.06338029194898408 0.06519460600000698
0.06042779304824596 0.06175836031036185 0.06331792241962952 0.06523717470206092 0.06738387286917182
0.06179587589744454 0.06338029194898408 0.06523717470206092 0.06752932921319502 0.07007810665253002
0.06332644578027394 0.06519460600000698 0.06738387286917182 0.07007810665253002 0.07309930651712088

cov.inverse():
 10440292.79064349 -18857299.09074532  8171009.089596748  105991.3764421382  139886.9142126716
-18857299.09046736  35209479.17740723  -16447653.7781407 -70.93144521227445  95885.83306878657
 8171009.089177829 -16447653.77760088  8910310.420627899 -258684.1451729847 -375185.3088784367
 105991.3765077576 -70.93156786770582 -258684.1451155641  146719.7975568026  6044.669171188852
 139886.9142880307  95885.83292955984  -375185.308814956  6044.669171574546  133367.3389438214

cov*(cov_.inverse()):
     1.000000000120053 -2.737579052336514e-10  7.275957614183426e-11  9.663381206337363e-13  1.818989403545856e-12
 5.456968210637569e-12      1.000000000286491  -2.91038304567337e-11  4.831690603168681e-12  5.456968210637569e-12
 3.092281986027956e-11 -2.137312549166381e-10      1.000000000029104  2.671640686457977e-12  5.456968210637569e-12
 4.365574568510056e-11 -2.937667886726558e-10  6.184563972055912e-11      1.000000000000227  3.637978807091713e-12
-2.364686224609613e-11 -1.127773430198431e-10 -1.818989403545856e-11  2.273736754432321e-12      1.000000000001819
