5
2

5.498233026025953e-05
 0.000361241430385114
0.0007861610135681539
  0.01243962832901017
   0.5208685627502116

 -0.4376143440097117   0.8126798282351657  -0.3847048832881114 0.005479713002737246 0.004160314447228329
  -0.378456227988531   0.1439556509897406   0.7273888425625381  -0.5509830734187745  0.05805840650884141
  0.3288640450792837   0.2840998579845189   0.2172343846599901  0.04313654000373252  -0.8729743246998556
 -0.5989534362351422  -0.1966537637250152   0.2738805893937201    0.701910430525902  -0.1867973466278196
  0.4453849913163327   0.4465902319058758   0.4480025327657827   0.4492756525640568   0.4468047592908917

0.4015304336120797
0.4015048250128421
0.4014583082257873
0.4014617488147914
0.4011310890703259

0.0006848461657690983
   0.4017868825048691

   3.398794781221288    3.689682582132831   -6.939168108591962 -0.03920158416966694  -0.1100595587834654
   1.873545076947799   0.1891094423686534  -0.9759417800330075  -0.1579195522532051  0.07118373333853042

 1.263646267405077e-08 -7.552299968733616e-07  4.653551129308509e-07  -0.000722465854491779  -0.003799330054979367
-8.806901898895573e-10 -1.697192491037457e-07  2.403628898054003e-07 -0.0002399758664982039     0.1200614658633632

cov:
0.05387358677536028 0.05398189816628212 0.05410890105849037 0.05422309361026369 0.05400667712356241
0.05398189816628212 0.05411568983696358 0.05427248408947647 0.05441365847590553 0.05414117563968044
0.05410890105849037 0.05427248408947647 0.05446413179937601 0.05463686838866994 0.05429881396609779
0.05422309361026369 0.05441365847590553 0.05463686838866994 0.05483862781271534 0.05444085317079639
0.05400667712356241 0.05414117563968044 0.05429881396609779 0.05444085317079639 0.05416751935758662

cov.inverse():
 64623457.24116906 -117908196.7401622  53694448.30934247  824933.5620888829 -1234406.674860163
-117908196.7382652  218760083.7021041 -102517206.9501991  884217.6135853131  781408.9428630705
 53694448.30436322 -102517206.9426515  53087707.18814778 -3752138.489084996 -512974.2324307172
 824933.5646909211  884217.6087933178 -3752138.486859672   2342512.04217931 -299371.0289196633
-1234406.674380061  781408.9420046953 -512974.2320878113 -299371.0288842982  1264830.130013029

cov*(cov_.inverse()):
    0.9999999995779945 -5.093170329928398e-11 -4.656612873077393e-10 -2.546585164964199e-11  1.455191522836685e-11
 -3.92901711165905e-10      1.000000001651642   2.65572452917695e-10 -1.637090463191271e-11  1.455191522836685e-11
-6.693881005048752e-10 -6.548361852765083e-11     0.9999999999490683 -7.275957614183426e-12  1.455191522836685e-11
-8.731149137020111e-11  3.128661774098873e-10  5.384208634495735e-10     0.9999999999836291                      0
 2.037268131971359e-10 -1.477019395679235e-09  1.564330887049437e-10 -3.819877747446299e-11                      1
