5
1

0.001222254943463622
0.002205416656817619
0.002656013390861159
  0.0921307535257207
  0.5650536553662888

 0.08309318104513939  -0.1748922452653462   0.4062212036038344  -0.7687668768858954   0.4544117610225381
 -0.5801611132012587   0.2652793187587909   0.6738056354940036  0.01271803814968166  -0.3726448481464528
  0.3285184870255865   -0.752077345473957   0.4241361766000018   0.2707098309563772   -0.270702717441046
 -0.6224788109218342  -0.3973617104244439 -0.06372340816995956   0.3337046029134748   0.5824125396035567
  0.4013780507559357   0.4189545597058516   0.4438672439699857   0.4734904074283444   0.4920990155211361

0.3943040661896135
0.3939830928371305
0.3931237763834408
0.3922351992712647
0.3915863739400774

0.008708288716066629

 5.338172339737636 -5.210953850052631  1.132063670006575  4.221721207220437 -5.475660821042031

-5.854524553174823e-06 -7.891123957721443e-06  6.192369511319027e-05   -0.02635284657425425   -0.07460571511000615

cov:
0.05472966838522308 0.05578781127021677 0.05721929562863517 0.05891712439658059 0.05998779604163472
0.05578781127021677 0.05738656178074472 0.05958786374435066 0.06221024930130284 0.06386265604805592
0.05721929562863517 0.05958786374435066 0.06294324962851937 0.06692315404292053 0.06942371006801472
0.05891712439658059 0.06221024930130284 0.06692315404292053 0.07252827926668634 0.07604350931425544
0.05998779604163472 0.06386265604805592 0.06942371006801472 0.07604350931425544  0.0801993623037576

cov.inverse():
 89168.34073590585  -76364.2571295112 -38019.95573394526 -31694.00509235682  57075.53867788262
-76364.25712958847  115142.1278122478 -56020.52682681506  61817.82227589125 -44689.25752452937
-38019.95573371147 -56020.52682707432  229305.1343962555 -191005.9814699064  55660.10528985962
-31694.00509265913  61817.82227619037 -191005.9814697959   406044.047153959 -245179.8449080224
 57075.53867802834 -44689.25752464625  55660.10528972318 -245179.8449079146   177200.208441351

cov*(cov_.inverse()):
                     1  4.547473508864641e-13 -1.818989403545856e-12                      0                      0
                     0      1.000000000000909 -1.364242052659392e-12  1.818989403545856e-12                      0
 9.094947017729282e-13  1.364242052659392e-12     0.9999999999995453  7.275957614183426e-12 -1.818989403545856e-12
-9.094947017729282e-13  1.818989403545856e-12  1.818989403545856e-12      1.000000000003638 -1.818989403545856e-12
                     0  9.094947017729282e-13                      0                      0      0.999999999998181
