5
1

0.001112239251105572
0.001987033379300805
 0.00238346334385457
 0.08411888546344609
  0.5541096653343814

 0.08288868853563147  -0.1757309635844314   0.4077143869104807  -0.7683336975914559   0.4535200123502628
 -0.5737090001887526   0.2510500281853911   0.6813845981328573  0.01890496316688368  -0.3784038824398067
  0.3393628821691101  -0.7568800307357445    0.410423082466022   0.2716509301773749   -0.264053249917869
 -0.6172045807449973   -0.391525696362893 -0.05777582218881486   0.3399436320444674   0.5889536620123574
  0.4097301406151754   0.4241848181474813    0.444633394925562   0.4689883054824319   0.4842928508272072

0.3964258286660406
0.3961812551218146
0.3954882090166974
  0.39475125224794
0.3942240409826686

0.007057731832655323

0
0
0
0
0

0

0
0
0
0
0

0

0
0
0
0
0

0

0
0
0
0
0

0

0
0
0
0
0

0

0
0
0
0
0

0

0
0
0
0
0

0

0
0
0
0
0

0

0
0
0
0
0

0

0
0
0
0
0

0

0
0
0
0
0

0

0
0
0
0
0

0

0
0
0
0
0

0

0
0
0
0
0

0

0
0
0
0
0

0

0
0
0
0
0

0

0
0
0
0
0

0

0
0
0
0
0

0

0
0
0
0
0

0

0
0
0
0
0

0

0
0
0
0
0

0

0
0
0
0
0

0

0
0
0
0
0

0

0
0
0
0
0

0

0
0
0
0
0

0

0
0
0
0
0

0

0
0
0
0
0

0

0
0
0
0
0

0

0
0
0
0
0

0

0
0
0
0
0

0

0
0
0
0
0

0

0
0
0
0
0

0

0
0
0
0
0

0

0
0
0
0
0

0

0
0
0
0
0

0

0
0
0
0
0

0

0
0
0
0
0

0

0
0
0
0
0

0

0
0
0
0
0

0

0
0
0
0
0

0

0
0
0
0
0

0

0
0
0
0
0

0

0
0
0
0
0

0

0
0
0
0
0

0

0
0
0
0
0

0

0
0
0
0
0

0

0
0
0
0
0

0

0
0
0
0
0

0

0
0
0
0
0

0

0
0
0
0
0

0

0
0
0
0
0

0

0
0
0
0
0

0

0
0
0
0
0

0

0
0
0
0
0

0

0
0
0
0
0

0

0
0
0
0
0

0

0
0
0
0
0

0

0
0
0
0
0

0

0
0
0
0
0

0

0
0
0
0
0

0

0
0
0
0
0

0

0
0
0
0
0

0

0
0
0
0
0

0

0
0
0
0
0

0

0
0
0
0
0

0

0
0
0
0
0

0

0
0
0
0
0

0

0
0
0
0
0

0

0
0
0
0
0

0

0
0
0
0
0

0

0
0
0
0
0

0

0
0
0
0
0

0

0
0
0
0
0

0

0
0
0
0
0

0

0
0
0
0
0

0

0
0
0
0
0

0

0
0
0
0
0

0

 5.320847406396479 -5.227979499368889  1.251190581369571  4.054542839754497 -5.393957332651522

-4.566821432847157e-06  -5.50715066444646e-06  5.000258493861448e-05   -0.02199164751192162   -0.05892622941396229

cov:
0.05424258629760444 0.05507139857425402 0.05618762032469552 0.05751566940635074 0.05835350301449233
0.05507139857425402 0.05633434485656709 0.05806823059542741  0.0601385716041207  0.0614436245407956
0.05618762032469552 0.05806823059542741 0.06072758233317386 0.06388719861472168 0.06587305974731807
0.05751566940635074  0.0601385716041207 0.06388719861472168 0.06835177601443335 0.07115254487272626
0.05835350301449233  0.0614436245407956 0.06587305974731807 0.07115254487272626  0.0744680848821274

cov.inverse():
 109243.8739183785 -93432.95527867059 -47167.09005556352  -38029.4624813403  69546.97818659972
-93432.95527864579  141789.2848746438 -69269.74807011738  74135.64185786182 -53336.09267892912
 -47167.0900558329 -69269.74806996156  281617.7912684932 -230340.4952446331  65086.08574583997
-38029.46248073887  74135.64185757768 -230340.4952453231  490300.6340474776  -296085.428871257
 69546.97818624268   -53336.092678776  65086.08574641696 -296085.4288716306  214852.6476270955

cov*(cov_.inverse()):
    0.9999999999995453 -9.094947017729282e-13  5.911715561524034e-12 -3.637978807091713e-12  5.456968210637569e-12
-1.818989403545856e-12      1.000000000001364  2.273736754432321e-12  3.637978807091713e-12  3.637978807091713e-12
-9.094947017729282e-13                      0      1.000000000003638  3.637978807091713e-12  3.637978807091713e-12
-9.094947017729282e-13  4.547473508864641e-13  2.728484105318785e-12      1.000000000007276  3.637978807091713e-12
                     0 -9.094947017729282e-13  1.818989403545856e-12                      0      1.000000000001819
