5
1

0.001645323232134451
0.001703643982472122
0.001778129928833952
  0.1003612511579728
  0.5582945206834576

-0.6538378675249896  0.2388003803216718  0.3249067802395578  0.4953880559529314 -0.4055819023602236
 -0.262996599109999  0.2439582830988772  0.5783884127251009 -0.7156782565317572  0.1568075958524524
 0.1932976935138282 -0.7603516790003073  0.5921902381976697  0.1173529482931689 -0.1415638839320836
-0.5480900779482087 -0.3569745486029363 -0.1309199126009711  0.1344729519084406  0.7327642457121117
 0.4068932292185615  0.4217739090517769  0.4382614818206636  0.4588470528169174  0.5039155934607096

0.3993249743354889
0.3996149363091818
0.3994391101601619
0.3993774146906579
0.3993209052588766

0.0002183573189462464

0
0
0
0
0

0

0
0
0
0
0

0

0
0
0
0
0

0

0
0
0
0
0

0

0
0
0
0
0

0

0
0
0
0
0

0

0
0
0
0
0

0

0
0
0
0
0

0

0
0
0
0
0

0

0
0
0
0
0

0

0
0
0
0
0

0

0
0
0
0
0

0

0
0
0
0
0

0

0
0
0
0
0

0

0
0
0
0
0

0

0
0
0
0
0

0

0
0
0
0
0

0

0
0
0
0
0

0

0
0
0
0
0

0

0
0
0
0
0

0

0
0
0
0
0

0

0
0
0
0
0

0

0
0
0
0
0

0

0
0
0
0
0

0

0
0
0
0
0

0

0
0
0
0
0

0

0
0
0
0
0

0

0
0
0
0
0

0

0
0
0
0
0

0

0
0
0
0
0

0

0
0
0
0
0

0

0
0
0
0
0

0

0
0
0
0
0

0

0
0
0
0
0

0

0
0
0
0
0

0

0
0
0
0
0

0

0
0
0
0
0

0

0
0
0
0
0

0

0
0
0
0
0

0

0
0
0
0
0

0

0
0
0
0
0

0

0
0
0
0
0

0

0
0
0
0
0

0

0
0
0
0
0

0

0
0
0
0
0

0

0
0
0
0
0

0

0
0
0
0
0

0

0
0
0
0
0

0

0
0
0
0
0

0

0
0
0
0
0

0

0
0
0
0
0

0

0
0
0
0
0

0

0
0
0
0
0

0

0
0
0
0
0

0

0
0
0
0
0

0

0
0
0
0
0

0

0
0
0
0
0

0

0
0
0
0
0

0

0
0
0
0
0

0

0
0
0
0
0

0

0
0
0
0
0

0

0
0
0
0
0

0

0
0
0
0
0

0

0
0
0
0
0

0

0
0
0
0
0

0

0
0
0
0
0

0

0
0
0
0
0

0

0
0
0
0
0

0

0
0
0
0
0

0

0
0
0
0
0

0

0
0
0
0
0

0

0
0
0
0
0

0

0
0
0
0
0

0

0
0
0
0
0

0

0
0
0
0
0

0

0
0
0
0
0

0

0
0
0
0
0

0

  1.570800817187341   0.733577233849085  0.2243162030062341 -0.6720221149232831  -1.854552191744839

-9.738144682989714e-07  2.488305610646042e-07  1.971892285833514e-07    -0.0262032434581347   -0.06110176653694339

cov:
0.05463175673662581 0.05546139225587027 0.05630490790866544 0.05745096235286291 0.05986467095463088
0.05546139225587027  0.0567337209060453 0.05808548373872039 0.05983783597898565 0.06361217258767099
0.05630490790866544 0.05808548373872039 0.06004281153086317 0.06250198249154108 0.06786971299479976
0.05745096235286291 0.05983783597898565 0.06250198249154108 0.06580832186007063  0.0730612400782312
0.05986467095463088 0.06361217258767099 0.06786971299479976  0.0730612400782312 0.08455731276296156

cov.inverse():
 193599.0906831278  -126248.055593202 -94671.78921777262 -47632.26209768596  75056.62529372759
-126248.0555929826  224437.1407777623 -65130.68073851019 -44681.62586948106  11421.36315068566
-94671.78921847136 -65130.68073801614  265174.9651745151 -61183.99645099539 -43953.27134458511
-47632.26209707792 -44681.62586972412 -61183.99645159052  271485.4159468866 -118129.7696581489
 75056.62529359793  11421.36315065462 -43953.27134419396  -118129.769658379  75629.47855905612

cov*(cov_.inverse()):
                     1  -1.13686837721616e-12                      0 -4.547473508864641e-12                      0
 9.094947017729282e-13                      1 -2.728484105318785e-12                      0  9.094947017729282e-13
-9.094947017729282e-13 -2.273736754432321e-13                      1                      0  9.094947017729282e-13
                     0 -1.477928890381008e-12                      0      0.999999999998181  9.094947017729282e-13
                     0   1.13686837721616e-13  4.547473508864641e-13                      0      1.000000000001819
