5
1

 0.00183696242848979
0.001901446547600174
0.001978349000656915
  0.1101379471188882
  0.5696478301439279

-0.6491722152400489   0.251471026338518  0.2864417824178001  0.5175354568437818 -0.4067504321662012
-0.2826294066892477  0.2357149220596824  0.6030909971168112  -0.694023601696435  0.1384614873451838
-0.1811632830021951  0.7587736774518392  -0.587458250106956 -0.1477811247606735  0.1565117083282332
-0.5543798059725572 -0.3637069656648844 -0.1377103681905319  0.1271563486274751  0.7247395334554536
 0.3981694978982037  0.4161496701472976  0.4360745502274412   0.460955847523388   0.515401975411152

0.3990123201590726
0.3993806493019749
0.3991683779895828
0.3991055629845615
0.3990783514620248

4.769321775168014e-05

  1.586210765540361   0.724677017138549  0.2217740523578781 -0.6842114925886861  -1.845692291556013

-1.307021377247155e-06  2.731832626737965e-07 -2.173729609146981e-07   -0.03151617303017573   -0.07684124006527071

cov:
0.05517562467969833  0.0562133495493997 0.05726846661257864 0.05870258982567467 0.06171963961747227
 0.0562133495493997 0.05780416016109373 0.05949408671154956 0.06168588841046974 0.06640264595207068
0.05726846661257864 0.05949408671154956 0.06193997683873789 0.06501475008698686 0.07172115524306577
0.05870258982567467 0.06168588841046974 0.06501475008698686 0.06914843191769568 0.07821032429038455
0.06171963961747227 0.06640264595207068 0.07172115524306577 0.07821032429038455 0.09257172798072819

cov.inverse():
 155392.6250068469 -101908.8081619418 -75051.35783405334 -38475.21489702612  60149.75560309484
-101908.8081618682  181221.3235811343 -53219.46295256873 -35332.57986732956  9036.597208821735
 -75051.3578339604 -53219.46295261609  213092.4635843288 -49655.95614687503  -34930.4629467439
-38475.21489729414 -35332.57986710389  -49655.9561467623  218179.5328658427 -94863.26421487131
 60149.75560319649  9036.597208716792 -34930.46294681112 -94863.26421480076  60634.76108388865

cov*(cov_.inverse()):
    0.9999999999977263                      0  4.547473508864641e-13                      0 -1.364242052659392e-12
                     0     0.9999999999992042  1.364242052659392e-12 -1.818989403545856e-12 -4.547473508864641e-13
-1.818989403545856e-12  1.023181539494544e-12     0.9999999999990905                      0 -9.094947017729282e-13
                     0 -3.410605131648481e-13                      0     0.9999999999990905 -9.094947017729282e-13
-1.818989403545856e-12  1.250555214937776e-12  1.364242052659392e-12  1.818989403545856e-12     0.9999999999990905
