5
2

0.03806527412650065
 0.4087413794822581
  1.353877259216656
  6.857995530488265
  24.92048699931975

   -0.4333674704390809     0.8160211599777406    -0.3824945552303382 -6.619978994371127e-05 -0.0001134484422849159
   -0.5040408616413951     0.1088333362563641     0.8033690813452337     -0.161251656136488    -0.2503879734469373
    0.1354450374884362     0.1041158900591498    0.06865042343042398    -0.8295989789418722     0.5271310811917413
   -0.6797763165193793    -0.4388010298785026    -0.1661461391049786     0.1630593394015549     0.5395970051541698
    0.2787368771442596     0.3447873388085026     0.4194980502707896     0.5090924130090332     0.6068556213407468

21.67300150054128
35.66419431923139
51.49298302361483
70.08078658942138
91.14259260561408

 1.045356869482865
-1.438492955318184

  -0.03597446255983647   0.001762218844027022    0.03413008890814585   4.09810002176287e-05  4.202658108309063e-05
     1.613155556796156     0.3059181685260308    -0.9170862854257978 -0.0009584318050487456  -0.001028478841632999

 5.757591829054627e-06    0.00763947315482652  -0.004321967674942894     0.8484639043648218      3.070409384711772
-0.0001429733753731653    -0.2533022653715829     0.3439400706971101     -50.75530737423946      105.1371866213615

cov:
70.06019335344567  73.7293342848038 77.87839546613996 82.72040461378758 87.94955902574786
 73.7293342848038 82.90574907575811 93.28053277255835 105.4822253670418 118.9020436185105
77.87839546613996 93.28053277255835 110.7030942098987 131.2291297903799 153.9149329229954
82.72040461378758 105.4822253670418 131.2291297903799 163.4720498570471 195.2080394385617
87.94955902574786 118.9020436185105 153.9149329229954 195.2080394385617 242.9231905967311

cov.inverse():
   131.1554562806827    -244.375952497499    111.9833084791617   0.4428581864404033   0.8207644876822441
  -244.3759524975002    459.6439497063585   -214.8824177668834  -0.1906865029961345  -0.2017561307301476
   111.9833084791638   -214.8824177668864    104.8365699960281  -0.7892210692518815   -1.155819373733022
  0.4428581864392425   -0.190686502993959  -0.7892210692528917   0.5320943081026788 0.005465323994985622
   0.820764487682379  -0.2017561307303971   -1.155819373732911 0.005465323994989972   0.5336432778589316

cov*(cov_.inverse()):
      1.00000000000361  1.541877736599417e-12  -1.35003119794419e-12 -1.121325254871408e-14  7.105427357601002e-15
 3.566924533515703e-12      1.000000000006715 -1.875832822406664e-12  -1.69864122767649e-14  7.105427357601002e-15
 4.732214620162267e-12  1.037392394209746e-12     0.9999999999984652 -2.575717417130363e-14                      0
 7.105427357601002e-13  3.495870259939693e-12 -2.728484105318785e-12     0.9999999999999831    1.4210854715202e-14
-4.547473508864641e-13   2.47979414780275e-12 -2.103206497849897e-12   -1.4210854715202e-14                      1
