6
2

2.493621143443356e-05
3.749252720139903e-05
5.546876704188576e-05
9.377226661866268e-05
  0.02387992832777915
    0.567754608929723

-0.002076369011425539  0.005623020253627262   0.01007242122705212   -0.4162013142432395    0.8118662224823812   -0.4092826889571188
  0.01961737111614568   0.07158206843884958   -0.6454394645856328    0.6673600415682315    0.1945684483649548   -0.3076893849368577
  -0.1360842655098277    0.7416604082468286    -0.458350053590846   -0.3751335752870117  -0.05133713867885041    0.2792408257718049
   0.7139954424038657   -0.3781645662544873   -0.4258198474750425   -0.2581937837685411   0.03516509426142025    0.3130158346174587
  -0.5534293693783847   -0.3690636020790085   -0.1603446315210575   0.08424456582610576    0.3624776207488296    0.6271446543320975
   0.4062245209964828    0.4069002905017565    0.4076625183874692    0.4085592549247755    0.4095781298936313    0.4105486012165899

0.3988329834996303
0.3989028652459219
0.3989411924033383
0.3989682373778926
0.3989872600789653
0.3990016809407598

-5.242998463539265e-05
    0.3990066296839631

0
0
0
0
0
0

0
0

0
0
0
0
0
0

0
0

0
0
0
0
0
0

0
0

0
0
0
0
0
0

0
0

0
0
0
0
0
0

0
0

0
0
0
0
0
0

0
0

0
0
0
0
0
0

0
0

0
0
0
0
0
0

0
0

0
0
0
0
0
0

0
0

0
0
0
0
0
0

0
0

0
0
0
0
0
0

0
0

0
0
0
0
0
0

0
0

0
0
0
0
0
0

0
0

0
0
0
0
0
0

0
0

0
0
0
0
0
0

0
0

0
0
0
0
0
0

0
0

0
0
0
0
0
0

0
0

0
0
0
0
0
0

0
0

0
0
0
0
0
0

0
0

0
0
0
0
0
0

0
0

0
0
0
0
0
0

0
0

0
0
0
0
0
0

0
0

0
0
0
0
0
0

0
0

0
0
0
0
0
0

0
0

0
0
0
0
0
0

0
0

0
0
0
0
0
0

0
0

0
0
0
0
0
0

0
0

0
0
0
0
0
0

0
0

0
0
0
0
0
0

0
0

0
0
0
0
0
0

0
0

0
0
0
0
0
0

0
0

0
0
0
0
0
0

0
0

0
0
0
0
0
0

0
0

0
0
0
0
0
0

0
0

0
0
0
0
0
0

0
0

0
0
0
0
0
0

0
0

0
0
0
0
0
0

0
0

0
0
0
0
0
0

0
0

0
0
0
0
0
0

0
0

0
0
0
0
0
0

0
0

0
0
0
0
0
0

0
0

0
0
0
0
0
0

0
0

0
0
0
0
0
0

0
0

0
0
0
0
0
0

0
0

0
0
0
0
0
0

0
0

0
0
0
0
0
0

0
0

0
0
0
0
0
0

0
0

0
0
0
0
0
0

0
0

0
0
0
0
0
0

0
0

0
0
0
0
0
0

0
0

0
0
0
0
0
0

0
0

0
0
0
0
0
0

0
0

0
0
0
0
0
0

0
0

0
0
0
0
0
0

0
0

0
0
0
0
0
0

0
0

0
0
0
0
0
0

0
0

0
0
0
0
0
0

0
0

0
0
0
0
0
0

0
0

0
0
0
0
0
0

0
0

0
0
0
0
0
0

0
0

0
0
0
0
0
0

0
0

0
0
0
0
0
0

0
0

0
0
0
0
0
0

0
0

0
0
0
0
0
0

0
0

0
0
0
0
0
0

0
0

0
0
0
0
0
0

0
0

0
0
0
0
0
0

0
0

0
0
0
0
0
0

0
0

0
0
0
0
0
0

0
0

0
0
0
0
0
0

0
0

0
0
0
0
0
0

0
0

0
0
0
0
0
0

0
0

0
0
0
0
0
0

0
0

0
0
0
0
0
0

0
0

0
0
0
0
0
0

0
0

0
0
0
0
0
0

0
0

0
0
0
0
0
0

0
0

  0.1338930903302658   0.3644607227438992   0.4811856198835689    1.455397777103739    2.730451312710108   -5.165369289416683
  0.6964509015667504   0.5003404228319832   0.1237145500508915 -0.02387322270051345   0.3074236812359792  -0.6040152402477392

 2.320448714529581e-09   3.94999140518917e-09 -6.451986215551744e-09 -1.885029221536372e-08  -0.001375936898397547  -0.002847788728214078
   3.1672090884963e-10  2.802378234773068e-10   1.35716279664453e-10  7.322991505275921e-10 -0.0004900239065101141      0.130588739270271

cov:
 0.0533675558920219 0.05339785234852058 0.05343179175038133 0.05347202478436516 0.05351763403180684 0.05356118633714745
0.05339785234852058 0.05344769212213565 0.05350373834412595 0.05356988025030557 0.05364496143406647 0.05371654902489335
0.05343179175038133 0.05350373834412595 0.05358481920966967 0.05368029128627366 0.05378873787912254 0.05389206433295434
0.05347202478436516 0.05356988025030557 0.05368029128627366 0.05381013999989208 0.05395768760027351 0.05409820949277475
0.05351763403180684 0.05364496143406647 0.05378873787912254 0.05395768760027351 0.05414971736039796 0.05433255121030748
0.05356118633714745 0.05371654902489335 0.05389206433295434 0.05409820949277475 0.05433255121030748  0.0545556362512916

cov.inverse():
 64275341.02576417 -62528920.26996485 -23344313.73329381   6330220.21275975  5129947.609555011  10137739.53911508
-62528920.34924307  198737351.5305407 -124949173.8535537 -49101876.81956494  3362274.652418446  34479481.34372572
-23344313.63684251 -124949173.8216647  385425891.4419182 -244781220.8735733 -70242792.39590521  77892712.65759692
 6330220.090309247 -49101876.90356772 -244781220.7661246  648729905.9446477  -445809853.676784  84632042.50399128
 5129947.872158592  3362274.376222035 -70242792.06605408 -445809854.2194757  1087933841.390586 -580371804.6422428
 10137739.38178962  34479481.59275734  77892712.34863843   84632042.9476763 -580371804.8686768  373228763.1971689

cov*(cov_.inverse()):
     1.000000000116415  1.862645149230957e-09  2.328306436538696e-09  -6.51925802230835e-09 -3.725290298461914e-09                      0
 1.164153218269348e-10      1.000000000931323 -1.862645149230957e-09  3.725290298461914e-09  3.725290298461914e-09 -3.725290298461914e-09
 5.820766091346741e-10  1.396983861923218e-09      1.000000000931323 -1.862645149230957e-09  3.725290298461914e-09                      0
                     0  2.328306436538696e-09  9.313225746154785e-10     0.9999999972060323                      0 -3.725290298461914e-09
 4.656612873077393e-10  3.026798367500305e-09  1.862645149230957e-09 -5.587935447692871e-09                      1                      0
-1.164153218269348e-10  6.984919309616089e-10                      0  1.862645149230957e-09                      0                      1
