6
2

2.499931550660166e-05
3.756622153496146e-05
5.552702373146623e-05
9.379859531752451e-05
  0.02387983501369329
   0.5677544077337365

-0.002010344151887166  0.005181548471964182   0.01145036744564509   -0.4173607508590729    0.8115128414330414   -0.4087724440184366
  0.01976019881470054   0.07191459122776572   -0.6458310561590999    0.6662519674885262     0.196107700785558   -0.3082047347495477
  -0.1361025437911474     0.741622746735541   -0.4579552349489273   -0.3756865321012204  -0.05115324046158615    0.2792700797953866
   0.7139897305890984    -0.378180725499652   -0.4256163115137463   -0.2583809028984165   0.03504033777373065    0.3131457210204213
  -0.5534274509086518   -0.3690643627350875   -0.1603448417798022   0.08424162112021641    0.3624773885961294    0.6271463756427799
   0.4062244599071215    0.4069004542488357    0.4076621467056986     0.408559184630838    0.4095782481497111    0.4105488204159881

0.3988327269775673
0.3989029419786207
  0.39894114517374
0.3989682345984115
 0.398987275239729
0.3990016775323716

-5.242998463539265e-05
    0.3990066296839631

  0.1347631007265616   0.3675061525735197   0.4857871889770032    1.453309246110966    2.705689293042558   -5.147033254737092
  0.6970304745389932   0.5004979988537679   0.1232595254629419 -0.02718006069397075   0.3123888629667122  -0.6059550774642586

 2.312566174630153e-09  3.952226325786647e-09 -6.444194716061203e-09 -1.884563906650598e-08  -0.001375931535767315  -0.002847781208887021
 3.219527772487209e-10  2.823472995381044e-10  1.383518949433113e-10  7.403614488856679e-10 -0.0004900208905047415     0.1305886953022423

cov:
0.05336749962000887 0.05339782693884596 0.05343169671486565 0.05347197084566791 0.05351760480341371 0.05356117054544918
0.05339782693884596 0.05344769696885567 0.05350367306309149 0.05356985533602054 0.05364496097752889 0.05371656167818889
0.05343169671486565 0.05350367306309149 0.05358468348486178 0.05368019536817779  0.0537886664371697 0.05389200592933363
0.05347197084566791 0.05356985533602054 0.05368019536817779 0.05381008304055728 0.05395765490844564 0.05409818952903494
0.05351760480341371 0.05364496097752889  0.0537886664371697 0.05395765490844564 0.05414970958205684 0.05433255664174567
0.05356117054544918 0.05371656167818889 0.05389200592933363 0.05409818952903494 0.05433255664174567 0.05455565524264023

cov.inverse():
 64233308.17782574 -62436595.19323426 -23404039.41852679  6287079.197977112  5236803.848064314  10083466.64697971
-62436595.22672917  198348193.1775333 -124674502.1430281   -48767421.411833  2911230.242958202  34618002.42841464
-23404039.65036083 -124674501.7907426  384377410.1163747 -244250195.1503054 -68975900.59237699  76928670.66010848
 6287079.283778156 -48767421.67078061 -244250193.9554434  646628187.7143319 -444151085.0920725  84252631.61499244
 5236804.487932049  2911229.576540029 -68975902.75147405 -444151082.1288478  1081982838.534462 -577002423.6876886
 10083466.18664051  34618002.96799967  76928671.74479263  84252629.67348447 -577002422.9101084  371118635.2582434

cov*(cov_.inverse()):
    0.9999999989522621  2.328306436538696e-09  9.313225746154785e-10 -7.450580596923828e-09                      0                      0
-1.164153218269348e-09      1.000000000232831  4.656612873077393e-10  -6.51925802230835e-09                      0 -3.725290298461914e-09
-1.396983861923218e-09  1.862645149230957e-09                      1 -8.381903171539307e-09  7.450580596923828e-09 -3.725290298461914e-09
-2.328306436538696e-10  1.164153218269348e-09 -1.862645149230957e-09     0.9999999962747097 -7.450580596923828e-09                      0
-4.656612873077393e-10  2.328306436538696e-10  9.313225746154785e-10 -3.725290298461914e-09                      1                      0
-2.328306436538696e-10 -2.328306436538696e-10  9.313225746154785e-10 -9.313225746154785e-10 -3.725290298461914e-09                      1
