5 
6 
7 
8 
9 
10 
inputFileName = /Users/demattia/RemoteProjects/extracted_prompt_extrapolated.root
eventsFractionStartBuild = 0
eventsFractionEndBuild = 0.2
eventsFractionStartTest = 0.8
eventsFractionEndTest = 1
var name = R
var name = z
par name = cotTheta
firstOrderChargeOverPtCoefficientsFileName = 
firstOrderCotThetaCoefficientsFileName = 
2 < pT < 10, pT regions = 1
0 < phi < 0.8, phi regions = 1
-3 < eta < 3, eta regions = 1
-15 < z0 < 15, eta regions = 1
charge regions = 1
endcap regions = 0
Training
Requested running from track number 0 to track number 1000000 for a total of 1000000 tracks.
Analyzed 10% of 1000000 tracks
Analyzed 20% of 1000000 tracks
Analyzed 30% of 1000000 tracks
Analyzed 40% of 1000000 tracks
Analyzed 50% of 1000000 tracks
Analyzed 60% of 1000000 tracks
Analyzed 70% of 1000000 tracks
Analyzed 80% of 1000000 tracks
Analyzed 90% of 1000000 tracks
Analyzed 100% of 1000000 tracks
Evaluating eigenvalues:
geomIndex = 0
Sqrt(eigenvalues) of cov:
 0.321162 0.390628 0.929558 0.944474 1.01038 1.05429 1.09271 1.23569 1.51272 1.5403 8.63293 56.568
Analyzed 10% of 1000000 tracks
Analyzed 20% of 1000000 tracks
Analyzed 30% of 1000000 tracks
Analyzed 40% of 1000000 tracks
Analyzed 50% of 1000000 tracks
Analyzed 60% of 1000000 tracks
Analyzed 70% of 1000000 tracks
Analyzed 80% of 1000000 tracks
Analyzed 90% of 1000000 tracks
Analyzed 100% of 1000000 tracks
opening GeometricIndex.txt for writing
Matrices built:
geomIndex = 0

V_0:
    0.230949    -0.492988    -0.339048      0.73922    0.0773951    -0.186077   0.00484966   -0.0122454   0.00774446   -0.0198591    0.0131983   -0.0284628
    0.205749    -0.401101    0.0350399   -0.0905449    -0.379073     0.778538    0.0247174   -0.0595934     0.048562   -0.0970095    0.0638471    -0.132412
    0.472905   0.00316745     0.271429    -0.055171    0.0862785     -0.10092      -0.7087     0.267149     0.299068   -0.0783422     0.105832   -0.0400075
  -0.0966062    0.0389428   -0.0835434    0.0354372    -0.108599   0.00822174    0.0804195   -0.0383124     0.680271    -0.243119    -0.631852     0.200017
   -0.705134    -0.102412    -0.356877    0.0117789   -0.0866858    0.0804001    -0.450289     0.129357     0.181111   -0.0629159     0.303334   -0.0505468
    0.211835     0.195845    -0.476681    -0.120391     -0.57918    -0.161048      -0.2822     0.011503    -0.365697    0.0543606    -0.311039    0.0214981
   -0.255102    -0.207065     0.242028    0.0818604     0.331394     0.195628    -0.337536    0.0210789    -0.453641   -0.0331931    -0.594728   -0.0608981
    0.250165    0.0852103    -0.623148    -0.306586     0.612518     0.262108   0.00873967     0.015407    0.0270883   -0.0455483   -0.0265598   -0.0118876
  -0.0375574    -0.182179   -0.0361437    -0.152966   -0.0518559    -0.125287     0.286268     0.785977    0.0367866     0.102226    -0.150287    -0.433833
  -0.0128905   -0.0117942   -0.0191485   -0.0140339    0.0203809   0.00455043    -0.110854    -0.336952     0.266381     0.778255    -0.139847    -0.420325
 -0.00575588    -0.658714  -0.00381018    -0.496416  -0.00279293    -0.307693  -0.00120507   -0.0835538  0.000546187      0.17941   0.00232505        0.431
  0.00011453     0.168351  1.95073e-05     0.236015 -1.87823e-05      0.31502 -8.99663e-05     0.409436 -7.60262e-05     0.516276 -8.41959e-05     0.618496
corrPV_0:
 0.000809993    0.0035826   0.00214492  -0.00068126  -0.00319667  0.000209875   0.00537103   0.00073478   0.00527695 -6.99831e-05     0.931542      16.7907
D_0:
  0.00895529   -0.0216132  0.000583781  -0.00164252  -0.00620288    0.0148029 -0.000711769   0.00182289  -0.00115651   0.00275793  -0.00166249   0.00394278
opening matrixVD_0.txt for writing
