12
1

0.3221571649875886
0.3899942906607349
  0.95030026809451
0.9543900122397402
0.9942867940270179
 1.033126230711369
 1.079897192780872
  1.24732539073237
 1.517397753464762
 1.546226268657409
 8.619011447639565
 56.52049481222787

    0.2379208273795193     -0.506878081058031    -0.3379716853585064      0.735808588820724    0.06265016276294832    -0.1570873545297986   0.007520552351209632   -0.01640859258818901    0.01002765031919348   -0.02381744570011568    0.01416350239993692   -0.03214718648554728
    0.1971793499648159    -0.3823331517711549    0.04679829611146921    -0.1178012613562079     -0.381692105516981     0.7851368549197714    0.02710741748986132   -0.06013746200252525    0.04572645227431771    -0.0956984744565151    0.06255568899005252    -0.1312709253637162
    -0.315458240938063    0.05649215085947141    -0.2786384454036047    0.03877513861682187    -0.1436917524126785    0.06443291854128058     0.5178094851668116    -0.2093236610088321      0.346309157879965    -0.1370662302547571    -0.5536313361071137      0.190223608330515
   -0.2168686297287378  -0.008017473255939623    -0.1150224716899803    0.02060063839470272    0.00529563466108145    0.05773778993428214     0.5539261942152368    -0.2104865670495906    -0.6676176595571662      0.229381607907521     0.2807621891450258   -0.08713193636569688
   -0.7785316457247599    -0.1257041981293688     -0.338791158633737     0.0338597415236466   -0.05510209050170675     0.1119380287525422    -0.3931894623033212    0.08106334234994371     0.0803675427908541   -0.03783027414021013      0.272412511066421   -0.05767816531455546
    0.1751739334635911     0.1647640178085497    -0.4279756941044604    -0.1052671936422139    -0.5442321210420854    -0.1437760206914939    -0.3408541422206037    0.02458524701829286    -0.4284863534731134    0.05374920075881109    -0.3573995108569168    0.00724336065461948
   -0.2321814276850186    -0.2151114975530831     0.3315444824821024     0.1059742448118087     0.3852301332655869     0.2037888675706628    -0.2373295057164613   -0.01531554623738502     -0.408900841009804   -0.04122819751046419    -0.6013059409411584   -0.04130410160645105
    0.2492773639337793    0.07204555787089041    -0.6201350083250164    -0.3140427936988662     0.6138728656269975     0.2571396531420676   -0.02003132383270306    0.05329127330516301  -0.004302786303751136   -0.02562219563031296    -0.0245684566303766   -0.04471463452438085
   0.07135141761313032      0.191765380019486    0.01529197334474484     0.1360718590481567    0.07037357265681889     0.1285952134195637    -0.2834609518897541    -0.7656593338726776   -0.04301075038362941    -0.1367445059902487     0.1639152430291251      0.451547264477484
 0.0004003296814356945   0.002739966997647725   0.006071798014167395   0.005242859837913381   -0.01681834517914961  -0.005309786863810482     0.1280271428592428     0.3700026500537005    -0.2702538126239259    -0.7711374416082076      0.139861984557318     0.3988390217467411
 -0.005659035284997186    -0.6588349085454878  -0.003602689858696938     -0.496374711826402  -0.002905299376865593    -0.3076914914359604 -0.0007850495828203031   -0.08294816467750848  0.0004500479281062787     0.1796511209234523   0.002469604343104087     0.4308820824262359
 0.0001409932246329498     0.1684730783300278  1.565528581431532e-05     0.2361540002364897  1.805082031432207e-05     0.3151302617832621 -0.0001141562341035115     0.4095442022044725 -7.989034166140724e-05     0.5163027709825821 -8.375956483581002e-05     0.6182604438222972

22.67865546206016
9.365143939474097
35.56040103226275
14.71964869372756
50.55921756559714
20.96322466379743
68.34149532072266
28.38010038135458
88.52213148921824
36.82336402662234
107.7213409332515
 44.8919965697273

0.4152800414493708

0
0
0
0
0
0
0
0
0
0
0
0

0

0
0
0
0
0
0
0
0
0
0
0
0

0

0
0
0
0
0
0
0
0
0
0
0
0

0

0
0
0
0
0
0
0
0
0
0
0
0

0

0
0
0
0
0
0
0
0
0
0
0
0

0

0
0
0
0
0
0
0
0
0
0
0
0

0

0
0
0
0
0
0
0
0
0
0
0
0

0

0
0
0
0
0
0
0
0
0
0
0
0

0

0
0
0
0
0
0
0
0
0
0
0
0

0

0
0
0
0
0
0
0
0
0
0
0
0

0

0
0
0
0
0
0
0
0
0
0
0
0

0

0
0
0
0
0
0
0
0
0
0
0
0

0

0
0
0
0
0
0
0
0
0
0
0
0

0

0
0
0
0
0
0
0
0
0
0
0
0

0

0
0
0
0
0
0
0
0
0
0
0
0

0

0
0
0
0
0
0
0
0
0
0
0
0

0

0
0
0
0
0
0
0
0
0
0
0
0

0

0
0
0
0
0
0
0
0
0
0
0
0

0

0
0
0
0
0
0
0
0
0
0
0
0

0

0
0
0
0
0
0
0
0
0
0
0
0

0

0
0
0
0
0
0
0
0
0
0
0
0

0

0
0
0
0
0
0
0
0
0
0
0
0

0

0
0
0
0
0
0
0
0
0
0
0
0

0

0
0
0
0
0
0
0
0
0
0
0
0

0

0
0
0
0
0
0
0
0
0
0
0
0

0

0
0
0
0
0
0
0
0
0
0
0
0

0

0
0
0
0
0
0
0
0
0
0
0
0

0

0
0
0
0
0
0
0
0
0
0
0
0

0

0
0
0
0
0
0
0
0
0
0
0
0

0

0
0
0
0
0
0
0
0
0
0
0
0

0

0
0
0
0
0
0
0
0
0
0
0
0

0

0
0
0
0
0
0
0
0
0
0
0
0

0

0
0
0
0
0
0
0
0
0
0
0
0

0

0
0
0
0
0
0
0
0
0
0
0
0

0

0
0
0
0
0
0
0
0
0
0
0
0

0

0
0
0
0
0
0
0
0
0
0
0
0

0

0
0
0
0
0
0
0
0
0
0
0
0

0

0
0
0
0
0
0
0
0
0
0
0
0

0

0
0
0
0
0
0
0
0
0
0
0
0

0

0
0
0
0
0
0
0
0
0
0
0
0

0

0
0
0
0
0
0
0
0
0
0
0
0

0

0
0
0
0
0
0
0
0
0
0
0
0

0

0
0
0
0
0
0
0
0
0
0
0
0

0

0
0
0
0
0
0
0
0
0
0
0
0

0

0
0
0
0
0
0
0
0
0
0
0
0

0

0
0
0
0
0
0
0
0
0
0
0
0

0

0
0
0
0
0
0
0
0
0
0
0
0

0

0
0
0
0
0
0
0
0
0
0
0
0

0

0
0
0
0
0
0
0
0
0
0
0
0

0

0
0
0
0
0
0
0
0
0
0
0
0

0

0
0
0
0
0
0
0
0
0
0
0
0

0

0
0
0
0
0
0
0
0
0
0
0
0

0

0
0
0
0
0
0
0
0
0
0
0
0

0

0
0
0
0
0
0
0
0
0
0
0
0

0

0
0
0
0
0
0
0
0
0
0
0
0

0

0
0
0
0
0
0
0
0
0
0
0
0

0

0
0
0
0
0
0
0
0
0
0
0
0

0

0
0
0
0
0
0
0
0
0
0
0
0

0

0
0
0
0
0
0
0
0
0
0
0
0

0

0
0
0
0
0
0
0
0
0
0
0
0

0

0
0
0
0
0
0
0
0
0
0
0
0

0

0
0
0
0
0
0
0
0
0
0
0
0

0

0
0
0
0
0
0
0
0
0
0
0
0

0

0
0
0
0
0
0
0
0
0
0
0
0

0

0
0
0
0
0
0
0
0
0
0
0
0

0

0
0
0
0
0
0
0
0
0
0
0
0

0

0
0
0
0
0
0
0
0
0
0
0
0

0

0
0
0
0
0
0
0
0
0
0
0
0

0

0
0
0
0
0
0
0
0
0
0
0
0

0

0
0
0
0
0
0
0
0
0
0
0
0

0

0
0
0
0
0
0
0
0
0
0
0
0

0

0
0
0
0
0
0
0
0
0
0
0
0

0

0
0
0
0
0
0
0
0
0
0
0
0

0

0
0
0
0
0
0
0
0
0
0
0
0

0

0
0
0
0
0
0
0
0
0
0
0
0

0

0
0
0
0
0
0
0
0
0
0
0
0

0

0
0
0
0
0
0
0
0
0
0
0
0

0

 0.009066703185159081  -0.02187137070859325 0.0004990091752945273 -0.001466746976903301 -0.006289762627034197   0.01498009486759677 -0.000699118534146029  0.001769080636811389 -0.001132498425481212  0.002754985594356814  -0.00162869928271456   0.00390365528374255

0.0009328552812541936  0.003567117885492187 -0.002059461152791652 -0.001107563580761594 -0.002916855519098005 0.0007687962173985552  0.005301296953065145  0.001142669150687816 -0.005167053987980836 9.819043861987778e-05    0.9300646717567789     16.77608712439292

cov:
   0.9501632248480112    0.5596099762422397  -0.05034533189812296     0.140688142005908    0.1171897235831177    0.2138295266132144 -0.006719729447239762     0.159924328544096 -0.005632137847146143     0.164491597589544  0.007266019086412672    0.1697752472450022
   0.5596099762422397     123.1605350732199  0.007383711204352022     151.3374097422197   0.07771187268999791     184.6227102695792  -0.08072643920167444      224.139423916956  -0.04967607054114248     269.0349987590348   -0.0759527150261094     311.8935346117125
 -0.05034533189812296  0.007383711204352022     1.131421321670863    0.4916748156814141    -0.142570116266007  -0.04971907555600349   0.01863947476536881 0.0002473808308549209 -0.007915261792657016  -0.03075821863955559   -0.0197840238694506  -0.05807270953317249
    0.140688142005908     151.3374097422197    0.4916748156814141     196.7425928489735  -0.04374513827121235     249.0201779518207   -0.1101700556009668     311.7480650700497  -0.09178059577744509     382.8262653322067   -0.1283360208503172     450.6985146297489
   0.1171897235831177   0.07771187268999791    -0.142570116266007  -0.04374513827121235     1.132442048159115    0.4655055367584372  -0.02329627565880976  -0.04257101057457979   0.00976458417498826  -0.04801219103520406  -0.01077620089230177  -0.08023493155009946
   0.2138295266132144     184.6227102695792  -0.04971907555600349     249.0201779518207    0.4655055367584372     324.6031480251266   -0.1757766923645295     413.9473097774601   -0.1339295584881931     515.5878102466128   -0.1719613647045109     612.6414321762816
-0.006719729447239762  -0.08072643920167444   0.01863947476536881   -0.1101700556009668  -0.02329627565880976   -0.1757766923645295     1.089171457515564    0.2262383202837543  0.008596860895306089   -0.2869643037394818   0.01007825174087841   -0.3461922279675311
    0.159924328544096      224.139423916956 0.0002473808308549209     311.7480650700497  -0.04257101057457979     413.9473097774601    0.2262383202837543     538.0938538258122   -0.2062970298943934     673.9189832063713   -0.2186640395368689     805.7563811895858
-0.005632137847146143  -0.04967607054114248 -0.007915261792657016  -0.09178059577744509   0.00976458417498826   -0.1339295584881931  0.008596860895306089   -0.2062970298943934     1.090894508628033    0.1952314372474982   0.02207180822498703   -0.3221722518153926
    0.164491597589544     269.0349987590348  -0.03075821863955559     382.8262653322067  -0.04801219103520406     515.5878102466128   -0.2869643037394818     673.9189832063713    0.1952314372474982     855.5071147151654   -0.2892143742737114     1024.575738426848
 0.007266019086412672   -0.0759527150261094   -0.0197840238694506   -0.1283360208503172  -0.01077620089230177   -0.1719613647045109   0.01007825174087841   -0.2186640395368689   0.02207180822498703   -0.2892143742737114     1.090614943302786    0.1110960801618082
   0.1697752472450022     311.8935346117125  -0.05807270953317249     450.6985146297489  -0.08023493155009946     612.6414321762816   -0.3461922279675311     805.7563811895858   -0.3221722518153926     1024.575738426848    0.1110960801618082     1235.802818072709

cov.inverse():
     1.69309882126781    -1.489074739638284   -0.5577221542700181     1.404521884361634    -0.324367723490212    0.5143836868307659   0.02859417306113665   -0.0642168909437448   0.06598083515080333   -0.1470638049797911   0.08781436603554627    -0.227883592200452
   -1.489074739638285     3.546510001802427     1.405018660558132    -3.334147577252072    0.5307026960399146    -1.251590954030874   -0.0605816484767334    0.1562614493208337   -0.1414131091459985    0.3519800122908438   -0.2297683044908446     0.547931612244727
  -0.5577221542699732     1.405018660558023     1.844748599340082    -2.260087772818205    -0.175427195640366    0.7015433380910345  -0.03549581677550517   0.05872098093383735  -0.01236988039992539   0.04846872772190047 -0.001271693050218468   0.04353799116836211
    1.404521884361525    -3.334147577251809    -2.260087772818204     5.405998073858564    0.7007767584741914    -1.723442510730758   0.05324506015145106    -0.139152468587391   0.04103223406172758   -0.1115418470867512   0.03941559779705631  -0.09273654481401278
   -0.324367723490274    0.5307026960400625   -0.1754271956402927    0.7007767584740164     1.670898221693422    -1.835258680294082  -0.04281097745376338    0.1460082694998321  -0.08986796291889564    0.2011376275163234  -0.09596330967886713    0.2584649618493248
   0.5143836868309157    -1.251590954031231     0.701543338090858    -1.723442510730337    -1.835258680294083     4.417651424361176    0.1411043005149975   -0.3450807667735797    0.1961062668775093   -0.4827784382722388    0.2584623345427697   -0.6204360430610092
  0.02859417306114658  -0.06058164847675719  -0.03549581677551187   0.05324506015146678  -0.04281097745376983     0.141104300515013     0.994683682871132   -0.1835211286351417  -0.01959036678911251   0.02426130940220463  -0.01874029010269196   0.02572963633366381
 -0.06421689094376881    0.1562614493208912   0.05872098093385389   -0.1391524685874299    0.1460082694998473   -0.3450807667736161   -0.1835211286351417    0.4447865533376784   0.02876063604061932  -0.05583547698606892   0.02476852935351842  -0.06135547599872562
  0.06598083515079617   -0.1414131091459812  -0.01236988039992825    0.0410322340617349  -0.08986796291888106    0.1961062668774743  -0.01959036678911239   0.02876063604061904     0.990138351282052   -0.1721628249546451  -0.04025916972140853   0.04773187504389691
   -0.147063804979775    0.3519800122908048   0.04846872772190832   -0.1115418470867711    0.2011376275162889   -0.4827784382721557   0.02426130940220444  -0.05583547698606852   -0.1721628249546452    0.4076447983996958   0.05052342488087357   -0.1103901101014868
  0.08781436603556012   -0.2297683044908775 -0.001271693050236274   0.03941559779709879  -0.09596330967886434    0.2584623345427629  -0.01874029010269514   0.02476852935352603  -0.04025916972140411   0.05052342488086323    0.9786326586993499   -0.1426759782816527
  -0.2278835922004845    0.5479316122448041   0.04353799116840516  -0.09273654481411558    0.2584649618493168   -0.6204360430609897   0.02572963633367141  -0.06135547599874373   0.04773187504388652   -0.1103901101014625   -0.1426759782816525    0.3355287767996201

cov*(cov_.inverse()):
                     1 -2.775557561562891e-17 -3.816391647148976e-17  1.457167719820518e-16  2.081668171172169e-17 -8.326672684688674e-17  1.734723475976807e-18                      0 -1.561251128379126e-17  2.775557561562891e-17 -3.469446951953614e-18  1.387778780781446e-17
  -1.4210854715202e-14      1.000000000000085 -1.598721155460225e-14  -1.06581410364015e-14  4.263256414560601e-14                      0 -3.552713678800501e-15  7.105427357601002e-15  -1.77635683940025e-15  7.105427357601002e-15  7.105427357601002e-15  2.842170943040401e-14
   9.8879238130678e-17 -2.498001805406602e-16                      1  1.387778780781446e-17  -2.42861286636753e-17  6.245004513516506e-17 -6.071532165918825e-18 -1.170938346284345e-17 -4.336808689942018e-19 -7.806255641895632e-18  1.734723475976807e-17 -1.387778780781446e-17
-7.105427357601002e-14  2.842170943040401e-14  7.815970093361102e-14     0.9999999999998082    1.4210854715202e-14   1.70530256582424e-13   1.77635683940025e-15   1.06581410364015e-14    1.4210854715202e-14 -5.684341886080801e-14    1.4210854715202e-14  5.684341886080801e-14
 2.081668171172169e-17  1.110223024625157e-16 -5.637851296924623e-18 -9.540979117872439e-17     0.9999999999999999  2.012279232133096e-16  9.107298248878237e-18  8.673617379884035e-18 -7.806255641895632e-18  1.734723475976807e-18  1.040834085586084e-17  2.081668171172169e-17
  1.13686837721616e-13 -5.684341886080801e-14  -1.06581410364015e-14   1.27897692436818e-13 -2.842170943040401e-14      1.000000000000057 -3.552713678800501e-15                      0    1.4210854715202e-14 -5.684341886080801e-14    1.4210854715202e-14  2.842170943040401e-14
 1.387778780781446e-17 -2.775557561562891e-17  3.469446951953614e-17  7.632783294297951e-17                      0                      0                      1  1.040834085586084e-17  2.081668171172169e-17  1.387778780781446e-17 -1.387778780781446e-17  1.387778780781446e-17
  -1.4210854715202e-13  2.273736754432321e-13   1.35003119794419e-13 -2.557953848736361e-13 -8.526512829121202e-14  5.684341886080801e-14  7.105427357601002e-15     0.9999999999999787                      0 -7.105427357601002e-14   -1.4210854715202e-14   1.13686837721616e-13
-2.775557561562891e-17  5.551115123125783e-17  3.295974604355933e-17 -7.632783294297951e-17  4.163336342344337e-17  1.387778780781446e-16 -1.214306433183765e-17   2.42861286636753e-17     0.9999999999999998 -2.081668171172169e-17 -2.081668171172169e-17  2.775557561562891e-17
-8.526512829121202e-14  3.410605131648481e-13  4.263256414560601e-14 -4.547473508864641e-13   1.13686837721616e-13  -1.13686837721616e-13   1.77635683940025e-14                      0 -2.842170943040401e-14      1.000000000000014  2.842170943040401e-14  5.684341886080801e-14
-7.632783294297951e-17  2.289834988289385e-16 -8.673617379884035e-19 -9.540979117872439e-17   2.42861286636753e-17 -2.220446049250313e-16   4.77048955893622e-18 -1.474514954580286e-17  1.040834085586084e-17  1.214306433183765e-17     0.9999999999999998  8.326672684688674e-17
                     0  -1.13686837721616e-13 -5.684341886080801e-14 -9.947598300641403e-14  5.684341886080801e-14  -1.13686837721616e-13  3.552713678800501e-15    1.4210854715202e-14 -2.842170943040401e-14  2.842170943040401e-14  2.842170943040401e-14                      1
