12
1

0.3211621824458414
0.3906276221790501
0.9295576778878392
0.9444735829337875
 1.010382531452968
 1.054292060288499
 1.092706733011416
 1.235690764268741
 1.512715113887301
 1.540303636362091
 8.632931393409464
 56.56801149205692

    0.2309491701038816    -0.4929875088254518    -0.3390478421283233     0.7392196467102355    0.07739507285049914     -0.186076653499502   0.004849661971008745   -0.01224540186587808   0.007744459379749285   -0.01985911626844388    0.01319825001882944   -0.02846277068944048
    0.2057489619683318    -0.4011009806574851    0.03503994175672129   -0.09054493866341684    -0.3790734900800981     0.7785382199755991    0.02471739740228287   -0.05959339665258908    0.04856204166216448   -0.09700952704352921    0.06384709730352259    -0.1324115514740762
    0.4729050953595764   0.003167454870535414     0.2714293465676825   -0.05517103088368821    0.08627851711448883    -0.1009198985074484    -0.7086995693806518     0.2671492356488943     0.2990682582304766   -0.07834220988980367     0.1058323117570408   -0.04000749759804621
  -0.09660622689120449    0.03894280848413307   -0.08354342995890926     0.0354372290630865    -0.1085991152900099   0.008221741458995369    0.08041945321305022   -0.03831236148957563     0.6802708047697623    -0.2431188138129178    -0.6318521275740984     0.2000166636959128
   -0.7051339665481227    -0.1024117446374118    -0.3568768788373937    0.01177894986674953   -0.08668584801070685    0.08040008899607246    -0.4502890322496174     0.1293568393677574     0.1811114825679676   -0.06291586124148657     0.3033336493329583     -0.050546819177365
    0.2118353026628167     0.1958453715174912    -0.4766814367690312    -0.1203905861586298    -0.5791795969778326    -0.1610477822952599    -0.2821998991247842    0.01150296389370935    -0.3656971913845445    0.05436056769818217    -0.3110388042842498    0.02149813353592763
   -0.2551022594696624    -0.2070651682040015     0.2420278526559907    0.08186036651372249     0.3313939731867482     0.1956280453328904      -0.33753563558533    0.02107891331799169    -0.4536405523147358   -0.03319314507002762    -0.5947278459645154    -0.0608981317571611
    0.2501653841574885    0.08521030283759701    -0.6231484870531218    -0.3065862848764143     0.6125176847880243     0.2621077454870803   0.008739666547315131    0.01540699987825118     0.0270883163085726   -0.04554825839309025   -0.02655975142430746   -0.01188759483401081
  -0.03755739074289255    -0.1821788130136903   -0.03614370232130164    -0.1529656121600622   -0.05185591774246519    -0.1252874644367044     0.2862681461355322     0.7859766949444522    0.03678659392505776     0.1022263811977199    -0.1502870276359897    -0.4338329150144042
  -0.01289045494673253   -0.01179415242012775   -0.01914852824408129   -0.01403393367778887    0.02038094723798718   0.004550433596307114    -0.1108538158150084    -0.3369516550878233     0.2663806871258392     0.7782551359976464    -0.1398466647310223     -0.420325140922389
 -0.005755883029849202    -0.6587140329249241  -0.003810176326777214    -0.4964159261838554  -0.002792928281498404    -0.3076925409473861  -0.001205068786220373   -0.08355384978389907  0.0005461866165161447     0.1794098812724851   0.002325054850783371     0.4309995307655129
 0.0001145301207290325     0.1683507964417067  1.950732969605571e-05     0.2360152113847299 -1.878225985263555e-05     0.3150199617624915 -8.996626640195003e-05     0.4094360647041781 -7.602619003698874e-05     0.5162764829307983 -8.419590584386607e-05     0.6184964998304076

22.67790183577035
9.365747498236926
35.56053881793257
14.72546674662283
 50.5726269168899
20.98132952491708
68.34635909429196
28.40766190777189
88.51756293298551
36.87082160066324
107.7148733993542
44.96758609221824

0.41550588397683

  0.008955290289004105   -0.02161322345000393  0.0005837809253398294  -0.001642520118048034  -0.006202875100519514    0.01480289969989223 -0.0007117689311101432   0.001822894886436445   -0.00115651406911174    0.00275793038700031  -0.001662490434500892   0.003942780479393041

 0.0008099928868828936   0.003582601867071415   0.002144922517523509 -0.0006812601413960881  -0.003196674253154258   0.000209874640513487   0.005371033101451378  0.0007347796130177738   0.005276948361957941 -6.998312136389475e-05     0.9315421185849252      16.79072699778288

cov:
   0.9503943413312202    0.5493435319414639  -0.05062581666377781    0.1233170782220986   0.09863997403685155    0.1808714208013217   0.04748338928192886    0.1480108789416701   -0.0142344478297376    0.1158822443388716 -0.004408030298557532    0.1089623160207769
   0.5493435319414639     123.2733397093052   0.01872599991317609     151.4601612335913   0.04451360639579841     184.7667057435681  -0.03621524034856374     224.3413641460978  -0.05233712777639757     269.2715007275617  -0.07501279498429918     312.2654740156471
 -0.05062581666377781   0.01872599991317609     1.132331075184091    0.5019412597626177   -0.1208381662909848  -0.03324390698452553   0.01716662848359328  0.003415193570475591    -0.024958511178087  -0.03474407806308638 -0.002397343754621512  -0.05206723114456259
   0.1233170782220986     151.4601612335913    0.5019412597626177     196.8957031210199  -0.06767933570201622     249.2402994217619  -0.08825262797138979     312.0283612168762  -0.09811017669869017     383.2164751398013   -0.1176659563165984     451.3342267364472
  0.09863997403685155   0.04451360639579841   -0.1208381662909848  -0.06767933570201622     1.131751262681714    0.4244747558404862 -0.004951709632401318  -0.08590046054862203   0.02728987434462397   -0.1048700942518193  -0.01066648183103998   -0.1552392211684297
   0.1808714208013217     184.7667057435681  -0.03324390698452553     249.2402994217619    0.4244747558404862     324.9370645158448   -0.1428778657076764     414.4062305259529   -0.1270954929563582     516.2478765172649   -0.1721158927169252     613.6714171703031
  0.04748338928192886  -0.03621524034856374   0.01716662848359328  -0.08825262797138979 -0.004951709632401318   -0.1428778657076764     1.088328202465567    0.2551865826478577   0.03450060066041486   -0.2476633266285954   0.02571808801478873   -0.3111973062325497
   0.1480108789416701     224.3413641460978  0.003415193570475591     312.0283612168762  -0.08590046054862203     414.4062305259529    0.2551865826478577     538.7161248869423   -0.1960011601887739     674.8364925560104   -0.2173772486491102     807.1849042791913
  -0.0142344478297376  -0.05233712777639757    -0.024958511178087  -0.09811017669869017   0.02728987434462397   -0.1270954929563582   0.03450060066041486   -0.1960011601887739     1.090914601750622    0.1960205049157129   0.04704435626144955   -0.3106457882868098
   0.1158822443388716     269.2715007275617  -0.03474407806308638     383.2164751398013   -0.1048700942518193     516.2478765172649   -0.2476633266285954     674.8364925560104    0.1960205049157129     856.8476004867565    -0.285347904487172     1026.643877715213
-0.004408030298557532  -0.07501279498429918 -0.002397343754621512   -0.1176659563165984  -0.01066648183103998   -0.1721158927169252   0.02571808801478873   -0.2173772486491102   0.04704435626144955    -0.285347904487172      1.08982562769582   0.09962225980305121
   0.1089623160207769     312.2654740156471  -0.05206723114456259     451.3342267364472   -0.1552392211684297     613.6714171703031   -0.3111973062325497     807.1849042791913   -0.3106457882868098     1026.643877715213   0.09962225980305121     1238.840080275336

cov.inverse():
   1.687414865695166   -1.477786161347854  -0.5517559680571892    1.402868773932211   -0.299075357523081   0.4939775362170292 -0.02569820677191128 -0.05761305083956383  0.07734304307141736  -0.1442918244018439  0.09913680113384793  -0.2263836645729045
  -1.477786161347853     3.51815114892467    1.403809317871548   -3.330836264441632   0.5095126468902619    -1.20018153028093 -0.05499456786876911   0.1405980285311713  -0.1405497654336965   0.3445562332963928  -0.2290457621584424   0.5442917821085996
 -0.5517559680571968    1.403809317871566    1.848893568276495   -2.279547282715086  -0.2076373388554539   0.7335631682835589 -0.03759702366097004  0.05221454825265741 0.003705772994641574  0.04379873285503936 -0.01516250978944302  0.04303412468347911
   1.402868773932231    -3.33083626444168   -2.279547282715086    5.450469053113073   0.7346193056935199   -1.799200485324147  0.05053590750221449  -0.1223393983845391  0.03573610023113641  -0.1017559740103264  0.03744968363877307 -0.09095355249126753
 -0.2990753575230777   0.5095126468902547   -0.207637338855453   0.7346193056935176    1.669813419053856   -1.845376372713111  -0.0506559278356303   0.1445468150591801  -0.1061993204015164   0.2017667355833185 -0.09841928846710021   0.2568662019589559
  0.4939775362170224   -1.200181530280915   0.7335631682835562   -1.799200485324141   -1.845376372713112     4.43465641627852   0.1366180217018796   -0.342193593717906    0.201208509067763  -0.4831050417543203   0.2586692502709897  -0.6156068111943743
-0.02569820677190379 -0.05499456786878679 -0.03759702366098568  0.05053590750225196 -0.05065592783562114   0.1366180217018574   0.9994643214586592  -0.1845707125361223 -0.04222038300374759  0.02518405319360177 -0.03192417821959576  0.02740261530128233
-0.05761305083958166   0.1405980285312135  0.05221454825269493   -0.122339398384629    0.144546815059158  -0.3421935937178524  -0.1845707125361223   0.4439702310401019  0.02959334689562858  -0.0575422897007914   0.0260448191444589 -0.06296499343084416
 0.07734304307142637  -0.1405497654337181 0.003705772994634556  0.03573610023115292  -0.1061993204015225   0.2012085090677773 -0.04222038300374584  0.02959334689562429   0.9941072897651294  -0.1731033532636015 -0.06040265629295022  0.04713212943175473
 -0.1442918244018656   0.3445562332964447  0.04379873285505693  -0.1017559740103678   0.2017667355833321  -0.4831050417543524  0.02518405319359772 -0.05754228970078151  -0.1731033532636013   0.4080495869225865  0.05031885405124058  -0.1111324015063274
 0.09913680113383684  -0.2290457621584161 -0.01516250978942906  0.03744968363873974 -0.09841928846710041   0.2586692502709904 -0.03192417821959644  0.02604481914446056 -0.06040265629295222  0.05031885405124546   0.9808995895423462  -0.1428376310872018
 -0.2263836645728789   0.5442917821085388  0.04303412468344656 -0.09095355249118983   0.2568662019589563  -0.6156068111943759  0.02740261530128391 -0.06296499343084801  0.04713212943175952   -0.111132401506339  -0.1428376310872018   0.3349013364185306

cov*(cov_.inverse()):
    0.9999999999999998  2.706168622523819e-16 -4.683753385137379e-17  5.204170427930421e-17  3.469446951953614e-18 -2.775557561562891e-17 -6.938893903907228e-18  6.071532165918825e-18 -4.336808689942018e-18  5.204170427930421e-18 -6.938893903907228e-18                      0
 4.263256414560601e-14      1.000000000000028  3.375077994860476e-14   1.35003119794419e-13 -2.842170943040401e-14 -5.684341886080801e-14  5.329070518200751e-15    1.4210854715202e-14 -5.329070518200751e-15   -1.4210854715202e-14  7.105427357601002e-15 -5.684341886080801e-14
-1.752070710736575e-16  1.387778780781446e-17      1.000000000000001 -6.938893903907228e-16 -4.683753385137379e-17  1.804112415015879e-16 -1.084202172485504e-17  -7.37257477290143e-18  2.168404344971009e-18 -1.040834085586084e-17 -5.204170427930421e-18 -6.938893903907228e-18
-5.684341886080801e-14   1.13686837721616e-13  3.197442310920451e-14     0.9999999999999716 -8.526512829121202e-14  5.684341886080801e-14 -8.881784197001252e-15  3.197442310920451e-14                      0 -2.842170943040401e-14    1.4210854715202e-14 -5.684341886080801e-14
 4.163336342344337e-17 -1.249000902703301e-16 -1.734723475976807e-17 -8.847089727481716e-17     0.9999999999999997 -5.551115123125783e-17 -3.469446951953614e-18 -1.214306433183765e-17   2.42861286636753e-17 -3.122502256758253e-17  2.775557561562891e-17 -1.387778780781446e-17
 2.842170943040401e-14 -5.684341886080801e-14  7.460698725481052e-14  2.629008122312371e-13 -2.557953848736361e-13      1.000000000000284  7.105427357601002e-15                      0 -3.552713678800501e-15                      0    1.4210854715202e-14 -5.684341886080801e-14
-1.387778780781446e-17                      0  5.204170427930421e-18 -6.938893903907228e-17  2.775557561562891e-17  5.551115123125783e-17                      1 -3.469446951953614e-17  5.204170427930421e-18  6.938893903907228e-18 -6.938893903907228e-18                      0
 2.842170943040401e-14   1.13686837721616e-13  9.237055564881302e-14  8.526512829121202e-14 -5.684341886080801e-14  2.842170943040401e-13   -1.4210854715202e-14      1.000000000000028                      0 -4.263256414560601e-14    1.4210854715202e-14 -5.684341886080801e-14
 5.551115123125783e-17 -1.387778780781446e-16  6.938893903907228e-18 -6.938893903907228e-18 -1.387778780781446e-17  2.775557561562891e-17 -1.908195823574488e-17  6.938893903907228e-18                      1 -6.938893903907228e-17 -2.775557561562891e-17  2.775557561562891e-17
                     0  2.273736754432321e-13  1.918465386552271e-13 -9.947598300641403e-14  -1.70530256582424e-13                      0 -7.105427357601002e-15  2.842170943040401e-14                      0     0.9999999999999432 -2.842170943040401e-14 -5.684341886080801e-14
  2.42861286636753e-17 -2.775557561562891e-17 -3.729655473350135e-17  1.734723475976807e-18   4.85722573273506e-17 -7.632783294297951e-17  6.505213034913027e-18 -1.561251128379126e-17  1.301042606982605e-17  6.938893903907228e-18     0.9999999999999998                      0
                     0  4.547473508864641e-13  -1.49213974509621e-13  1.989519660128281e-13 -2.842170943040401e-13  2.273736754432321e-13 -7.105427357601002e-15  4.263256414560601e-14    1.4210854715202e-14 -2.842170943040401e-14 -2.842170943040401e-14     0.9999999999999432
