5
2

9.705872593029345e-05
0.0001352157794919053
0.0003302987329160169
   0.1172795361224049
   0.5757005731479704

-0.06917089576540025   0.3029168256465583  -0.5108979144094338   0.6881403343190424  -0.4109780836669906
  -0.280987555530678   0.7214292783833099  -0.3523243524745122  -0.4132244678527933   0.3251136412847393
  0.6540999865827822  -0.2527927301453888  -0.6281252764904934 -0.09631313216571802   0.3231585690403629
  -0.579569019242323  -0.3954349023856311  -0.1870271317382176   0.3354173954724303   0.6002058086340264
  0.3905308442399941   0.4092777377190903   0.4305001286097636   0.4836603879148801   0.5106071499046462

0.3990122542620359
0.3990472071349841
0.3990514930148759
0.3990135737039174
0.3989834000798669

0.0003498946441874782
   0.3992395927708112

0
0
0
0
0

0
0

0
0
0
0
0

0
0

0
0
0
0
0

0
0

0
0
0
0
0

0
0

0
0
0
0
0

0
0

0
0
0
0
0

0
0

0
0
0
0
0

0
0

0
0
0
0
0

0
0

0
0
0
0
0

0
0

0
0
0
0
0

0
0

0
0
0
0
0

0
0

0
0
0
0
0

0
0

0
0
0
0
0

0
0

0
0
0
0
0

0
0

0
0
0
0
0

0
0

0
0
0
0
0

0
0

0
0
0
0
0

0
0

0
0
0
0
0

0
0

0
0
0
0
0

0
0

0
0
0
0
0

0
0

0
0
0
0
0

0
0

0
0
0
0
0

0
0

0
0
0
0
0

0
0

0
0
0
0
0

0
0

0
0
0
0
0

0
0

0
0
0
0
0

0
0

0
0
0
0
0

0
0

0
0
0
0
0

0
0

0
0
0
0
0

0
0

0
0
0
0
0

0
0

0
0
0
0
0

0
0

0
0
0
0
0

0
0

0
0
0
0
0

0
0

0
0
0
0
0

0
0

0
0
0
0
0

0
0

0
0
0
0
0

0
0

0
0
0
0
0

0
0

0
0
0
0
0

0
0

0
0
0
0
0

0
0

0
0
0
0
0

0
0

0
0
0
0
0

0
0

0
0
0
0
0

0
0

0
0
0
0
0

0
0

0
0
0
0
0

0
0

0
0
0
0
0

0
0

0
0
0
0
0

0
0

0
0
0
0
0

0
0

0
0
0
0
0

0
0

0
0
0
0
0

0
0

0
0
0
0
0

0
0

0
0
0
0
0

0
0

0
0
0
0
0

0
0

0
0
0
0
0

0
0

0
0
0
0
0

0
0

0
0
0
0
0

0
0

0
0
0
0
0

0
0

0
0
0
0
0

0
0

0
0
0
0
0

0
0

0
0
0
0
0

0
0

0
0
0
0
0

0
0

0
0
0
0
0

0
0

0
0
0
0
0

0
0

0
0
0
0
0

0
0

0
0
0
0
0

0
0

0
0
0
0
0

0
0

0
0
0
0
0

0
0

0
0
0
0
0

0
0

0
0
0
0
0

0
0

0
0
0
0
0

0
0

0
0
0
0
0

0
0

0
0
0
0
0

0
0

0
0
0
0
0

0
0

0
0
0
0
0

0
0

0
0
0
0
0

0
0

0
0
0
0
0

0
0

0
0
0
0
0

0
0

0
0
0
0
0

0
0

  0.4328115201297528  0.01567596353159721 -0.02845435746319694    7.183982003190867   -7.604068133088902
   1.479204855295954  -0.3332637296718624   -0.116340953593801   0.6121741496511537  -0.6417819135037709

 7.590993899516183e-08 -1.013089708496149e-07 -3.111693061837497e-07   -0.03309460264854242   -0.08116469398336691
 5.098217286930644e-09 -1.968549057623539e-08  9.366146264479135e-08    -0.0121538198825697     0.1191756327679797

cov:
0.05516818781814582 0.05612674721895344 0.05721226803339697 0.05992829661014733 0.06130534554711486
0.05612674721895344 0.05766824728018772 0.05941347214804985 0.06378293206628886 0.06599799949733234
0.05721226803339697 0.05941347214804985 0.06190542267240977 0.06814637884582414 0.07130998736984685
0.05992829661014733 0.06378293206628886 0.06814637884582414 0.07907827261234789 0.08461942468275993
0.06130534554711486 0.06599799949733234 0.07130998736984685 0.08461942468275993  0.0913656459338533

cov.inverse():
 8747990.800218325 -14827145.87181308  5400104.764291937  720397.2975602819 -41346.39904345929
-14827145.86858568  38792599.53438729 -28874823.94407692   6045445.52099569 -1135541.195359662
 5400104.756268399 -28874823.93012327  38113420.44673785 -28802562.80695549  14163026.78497031
 720397.3092796521  6045445.493889741 -28802562.79023695  59691618.68934267 -37654323.16012995
 -41346.4059665508 -1135541.178980253  14163026.77418193 -37654323.15879772  24667927.21661073

cov*(cov_.inverse()):
     0.999999999951342  2.037268131971359e-10  3.492459654808044e-10 -4.656612873077393e-10  6.984919309616089e-10
-8.549250196665525e-11      1.000000000058208  1.164153218269348e-10                      0  2.328306436538696e-10
-4.729372449219227e-11  4.365574568510056e-11      1.000000000232831                      0  6.984919309616089e-10
   9.5042196335271e-11 -1.309672370553017e-10  4.656612873077393e-10                      1  6.984919309616089e-10
-5.911715561524034e-11                      0                      0                      0                      1
