5
2

9.706855053611442e-05
0.0001352200514484002
0.0003302896164080595
   0.1172796463597517
   0.5757019415129792

 -0.0690430313772922   0.3026216995497572  -0.5107706364344496   0.6883038336615944  -0.4111013941875538
 -0.2810030882699028   0.7215451957295814  -0.3525421816762697  -0.4129499373095264   0.3249556189963975
  0.6541085180148039  -0.2528130975953961   -0.628106486877556 -0.09632194293450753   0.3231592622784527
 -0.5795678581016743  -0.3954374650725445  -0.1870299393657502   0.3354165322138592   0.6002048490064955
  0.3905297283395026   0.4092766623964745   0.4304990244105807   0.4836610539104439   0.5106091654215126

0.3990120304921132
0.3990472648879327
0.3990514461205718
0.3990130535446997
0.3989824518925483

0.0003498946441874782
   0.3992395927708112

  0.4332374779923123  0.01382796422195388 -0.02653130976967141    7.183365592759077   -7.603928126027188
   1.479116850231512   -0.332997686608152  -0.1165809998541839   0.6122997572787848  -0.6418423625722069

 7.592631195759459e-08 -1.012907961652284e-07  -3.11198293348166e-07   -0.03309462159769215   -0.08116500640550973
 5.106527388095859e-09 -1.967826845187925e-08  9.365691427068958e-08   -0.01215384916685882     0.1191758721672981

cov:
0.05516812941001873 0.05612672853098589 0.05721225297985153 0.05992850873867604 0.06130573999334135
0.05612672853098589 0.05766825138878385 0.05941347031075715 0.06378315135647634 0.06599839810022803
0.05721225297985153 0.05941347031075715   0.061905414916591 0.06814661256424913 0.07131041079986337
0.05992850873867604 0.06378315135647634 0.06814661256424913 0.07907884963649869 0.08462024322806477
0.06130573999334135 0.06599839810022803 0.07131041079986337 0.08462024322806477 0.09136673235818625

cov.inverse():
 8746535.724998554   -14822341.688199  5394640.186068997  725198.7671297005 -44026.32368793841
-14822341.68605264  38779137.18093977 -28861205.49547595  6033958.653687855 -1129042.643119674
 5394640.179408954 -28861205.48284812  38101962.71605352 -28795384.98114899  14159166.63440619
 725198.7788601844  6033958.625706943 -28795384.96334041  59692354.10548461 -37655513.71781778
-44026.33090457189 -1129042.625620561  14159166.62256548 -37655513.71625936  24669130.15719687

cov*(cov_.inverse()):
    0.9999999999577085  2.182787284255028e-10 -1.164153218269348e-10 -4.656612873077393e-10  6.984919309616089e-10
 1.682565198279917e-11      1.000000000276486 -5.820766091346741e-10  4.656612873077393e-10                      0
-1.955413608811796e-11  5.675246939063072e-10     0.9999999995343387  4.656612873077393e-10 -2.328306436538696e-10
-1.637090463191271e-11  3.783497959375381e-10 -4.656612873077393e-10     0.9999999995343387                      0
 2.228262019343674e-11  1.891748979687691e-10                      0                      0                      1
