10
1

2.985586312525187e-09
  0.02385695464524152
   0.0291219198404816
  0.03851992247834989
   0.1899318889334119
   0.4478070854500119
   0.5120154893712039
    1.795031128665849
    2.674622450043963
    3.655606525702441

                     0 -2.677723486918687e-16 -3.195881996515537e-14  1.234760177461124e-14  1.403225105887502e-14                     -1  1.010303669478623e-15 -1.267912472693821e-15  1.027590022330304e-13 -2.114568466114204e-15
  -0.01708579742748244   0.008422293219627059   -0.06053767924962181    0.02226678768798888     0.8444989014153084 -4.066380408301969e-14   -0.00127768274507176   0.006306062009756171    -0.5301150197802978    0.03513961412311303
 -0.008648427786085194 -7.230816270986033e-05   -0.07896847695728534    0.03135015871023448     0.5252848797834003   9.72231995970548e-14    0.01146782204980938   -0.01195549145059048     0.8463626923031118   -0.01333754453501693
  0.004918430935340912   0.002983282658872276    -0.9285861575111135      0.354343428260008    -0.1001591913016773  2.880960911573016e-14   -0.00681187721239412   0.006817163195347039   -0.03696372639400453    0.02538377302680735
  -0.03121941150808731    0.02824281050452655    0.01862267160300033   -0.02498112877134744   -0.02099809408062513 -1.549140978485373e-16    0.01195395459951212   0.001051849398975398    0.03095624343896549     0.9978545078953011
    0.8613346101762216    -0.3937760990515671  -0.001065097774292205  -0.001376223388335309    0.01719164343615646 -1.111172297575432e-18     0.1987776970486075    -0.2486726167818018   -0.00758035855440494    0.03655662844569942
   -0.2898753776987118     0.1287546552064144   -0.01787555940776617   -0.02149615574608684   -0.01084477410725044 -1.645733542140287e-18     0.6352039990876059    -0.7031188301146253   -0.01593837457699132   -0.01952007178433432
    0.1482226715069725     0.3029428283431957    -0.3321524529417164    -0.8735064228671416  0.0009617194595095752 -4.615095696317429e-22    0.06632671574346204     0.0899389314715105   0.002356186880438612   -0.02054844239661578
    -0.388218198101494    -0.8560321676415773     -0.125122405963773      -0.31689759828646  -0.001806203814306829 -1.037762367566509e-23   -0.01896229926128823  -0.001069105255204931  -0.002506967791852522   0.006752430136711726
  0.005105157792765137    0.05403421808936733   -0.03433037565273044   -0.09185041358972783   0.002695925822424075 -2.389854717560866e-23    -0.7429145728595503    -0.6598980267630457 -0.0005680491919327468   0.006641421650844746

22.38786997435234
26.30974542089255
68.45962354197094
107.8576445981681
85.15334016964022
134.4140014648438
94.78001495806443
156.1889718297017
107.5216346628166
182.6756935579231

0.5636287386944695

 -0.009760581765752631   0.004924285255966518    0.01080187665317401  -0.003893713617153081    0.03177209273350734   -0.03705062775028904 -0.0004814989636107326  0.0006144917985435357   0.003431437371330648  0.0004101160132601217

 3.302591301682174e-19  1.394368949638109e-05  1.584588334556509e-05 -2.186315952503768e-05  2.111858865013406e-05   -0.00201847919268504  0.0005790634846479529 -0.0002838843671614209  -0.004281476705493686   0.003229917604860796

cov:
     1.320120125717586      2.447876848289978     0.1876567566671965     0.4580539392738425   0.009463754547308995                      0    0.01970370684312179    0.01138305116471385   0.007914513169129431   -0.02143951868377472
     2.447876848289978      5.612293978032667     0.4166982714847699      1.020976642781217    0.01220471496884047                      0    -0.3498273347329991    -0.3862593428070254    0.01733108103591823   -0.05914074081521898
    0.1876567566671965     0.4166982714847699     0.4846102923106972      1.260241200404129 -0.0005426301481611665                      0     0.2838134954829525     0.2107837496373894  9.246456367307282e-05    0.01361966703968202
    0.4580539392738425      1.020976642781217      1.260241200404129      3.290000281777015  -0.001874005770957292                      0     0.7645403784220578     0.5633034932391457 -0.0001908154567288211    0.03358944581186377
  0.009463754547308995    0.01220471496884047 -0.0005426301481611665  -0.001874005770957292  0.0008842506095032829                      0   -0.02743855841918174   -0.02234394252869765  0.0001426972887260886 -0.0004788153225497174
                     0                      0                      0                      0                      0                      0                      0                      0                      0                      0
   0.01970370684312179    -0.3498273347329991     0.2838134954829525     0.7645403784220578   -0.02743855841918174                      0      7.506041217978812      6.443774464995912   0.003549197551908253    -0.0726063700887466
   0.01138305116471385    -0.3862593428070254     0.2107837496373894     0.5633034932391457   -0.02234394252869765                      0      6.443774464995912      5.987402484838103   0.009017575494389193   -0.06276044894619986
  0.007914513169129431    0.01733108103591823  9.246456367307282e-05 -0.0001908154567288211  0.0001426972887260886                      0   0.003549197551908253   0.009017575494389193  0.0009493306468182057  0.0007912327655591135
  -0.02143951868377472   -0.05914074081521898    0.01361966703968202    0.03358944581186377 -0.0004788153225497174                      0    -0.0726063700887466   -0.06276044894619986  0.0007912327655591135    0.03856530650262657

cov.inverse():
                 nan                  nan                  nan                  nan                  nan                  nan                  nan                  nan                  nan                  nan
                 nan                  nan                  nan                  nan                  nan                  nan                  nan                  nan                  nan                  nan
                 nan                  nan                  nan                  nan                  nan                  nan                  nan                  nan                  nan                  nan
                 nan                  nan                  nan                  nan                  nan                  nan                  nan                  nan                  nan                  nan
                 nan                  nan                  nan                  nan                  nan                  nan                  nan                  nan                  nan                  nan
                 nan                  nan                  nan                  nan                  nan                  inf                  nan                  nan                  nan                  nan
 0.04372791839913664 -0.09708551933010913    3.288322581483959   -1.326579058017372    5.650604324982357                   -0    1.972002464350051   -2.118356867080036    12.76846950201315 -0.05697686011259715
 -0.3324204580158269   0.2577683352309623   -3.781606384170504    1.471608638791847    1.498719075820611                   -0   -2.118356867080037    2.499007137977514   -17.92139700795257   0.7291940045486316
   7.118992111648368   -7.959261198149493    0.726956723873202    1.699045643100704   -259.8787722528716                    0    12.76846950201314   -17.92139700795259    1339.344851787212    -45.8160475995211
  -1.520997740209572    1.269312150182376   -17.86318936336031    6.259200528274626    41.58807288773886                   -0 -0.05697686011259271   0.7291940045486297   -45.81604759952126    30.42366694141947

cov*(cov_.inverse()):
nan nan nan nan nan nan nan nan nan nan
nan nan nan nan nan nan nan nan nan nan
nan nan nan nan nan nan nan nan nan nan
nan nan nan nan nan nan nan nan nan nan
nan nan nan nan nan nan nan nan nan nan
nan nan nan nan nan nan nan nan nan nan
nan nan nan nan nan nan nan nan nan nan
nan nan nan nan nan nan nan nan nan nan
nan nan nan nan nan nan nan nan nan nan
nan nan nan nan nan nan nan nan nan nan
