12
1

0.03705594495747336
0.04147751692338843
0.05323266625140339
 0.5396160819884872
 0.9067424430054624
 0.9470684105284155
  1.041811043165452
  1.353934160479914
  1.686337377213875
  2.912890201267813
   4.54586259716641
  5.913805553222763

    -0.269633053553925    0.08219325395393876     0.7869267586645807    -0.2393947811134053    -0.4597566123933162     0.1411857048983595   -0.09991459138544072    0.02734074688367205    0.04271904957278707   -0.01066165027172265 -0.0003518215767503145 -3.207380322597101e-05
    0.1014946786705217   -0.03136731631818581    -0.1232155166168291    0.03690584807703164    -0.4621575978404303     0.1408418729784315     0.7692618319760497    -0.2332843622717276    -0.2920036696796373    0.08537966215564897   0.001822981907432789  0.0004745424314505241
    -0.471996020017756     0.1438973222760433     0.2177048799576087   -0.06691546997502285     0.5503313267049967    -0.1721793589952824      0.224717023360444   -0.06952875760861035     -0.538468566483734     0.1637917243760756 -0.0002476917680174178  -0.004663249298079629
    0.5391914544966432    -0.1162135185997664     0.1389084987507681   -0.01372712631255911   -0.08162605467764648   -0.01567547666351706    -0.3653487642609466   -0.03758877097898723    -0.6284382934211895     0.1401010323678121     0.3287015371113775    -0.1089684882928914
   -0.1798326861789225  -0.004109076898096677   -0.09624843041055575    0.02175518153803069    -0.1079216200018828    -0.1320236812757585    0.03498145611820314     0.1796256148226116      -0.14621390220976    -0.6256769674730039     0.1218840699495132    -0.6838376858593034
    0.5286772523901215    0.01708470498366318     0.4222200165155045  -0.002041107992952523     0.3090149668232454    -0.1933941761530034     0.4264669935156274      0.412016845439508     0.2010020975193082   -0.04731238788849796   -0.07760364108288853   -0.09353289396577966
   -0.1996523303949909    0.01802556470168839    -0.1818911253204766    0.01158916115868847    -0.3502059791352112    -0.5655897391529142  0.0001557117633554729     0.5338546210199852   -0.01602383007065679      0.412515050337287     0.1647911053481146    0.03843222715250809
   0.04980567809636103    0.01951530269043781   0.005298654345015022    0.05719030664209519    -0.1280447029069906    -0.2758949178625548   -0.04916978601542521     0.1165357256894376    -0.3001762532702653     -0.569671589778765    -0.2851582368926654     0.6240042646638816
   -0.1284247165559408   -0.08579836395722838    -0.1205590732669385    -0.1158037362247495     0.1054001848647371     0.6053848475863106     0.0968801863338369     0.5641591548992945   -0.09730883064778603    -0.1050070448403101     0.3968728606332035     0.2548251297193637
    0.1483516625679384     0.2898910638887136    -0.2508473720132816    -0.8282066651509835   -0.01504133865113098    0.04589142057139477   -0.03861970502544514    0.08837364074408371    -0.0932331211546597    0.04729604215433325    -0.3354216155300376    -0.1001680290848169
   -0.0528666749373545    -0.3029403129096068   0.009347187157243801     0.2839982141525803   -0.05128554740374246      0.280609895569885    -0.1127313780342911     0.3160454640739015    -0.2312006806546983     0.2064147218827885    -0.7005018907744981    -0.2096688221993409
   0.08951021938295459     0.8796947073630832   -0.02609603740387899     0.3908806953443105   -0.07324057894521535     0.1793283110102034   -0.07193567620414654     0.1095854190647169   -0.06532825779468579    0.04319334612854863   -0.04340258484207287   -0.04396202223029352

 22.7349738205772
69.31109825061057
35.05979866930818
109.7127080464395
41.42090755842465
130.5684828031969
48.97807432829008
155.3253043140672
57.67019039949126
 183.788334490893
81.81709918028247
262.9664932157631

0.3063473033640751

 -0.007327744404458661   0.002240876083184201  -0.002959227251907267   0.000902140116916601 -0.0009149276092950649  0.0002575339468767718   0.002240855936034049 -0.0007457558864855428   0.008809662146684934  -0.002667068487662758 -6.440677367516971e-05 -8.447603571740155e-05

 3.197305490891642e-07 -1.478729779867649e-06 -5.939721071254927e-06   -0.00328366798612545   0.001687712960731435  -0.002566421790026783  0.0006228441704530339  -0.002925236751720889   0.000661591177255325   -0.01261379838987618   -0.06109617289826138    0.03257020817742809

cov:
   0.9821017038673964     3.469142543924454  -0.08808209501985936  -0.09029158692680217  -0.01744885705719212    0.1144208505739594  -0.05098687275517735   -0.0391042410841586  -0.03876031430601995  -0.04193798866402668 -0.002693144712114749  -0.03941363342071406
    3.469142543924454     29.70015976142864    -1.450062785028137     8.241492649617609    -1.998321267268464     3.702660192445194    -1.608991824599034     1.494256785335992   -0.7544933769636269    0.1630240238270202     2.108416130347396   -0.3208671936854101
 -0.08808209501985936    -1.450062785028137    0.8109667312739738     1.495501149892975    0.2429152057534973   -0.3691196647601668    0.2361813226592834   -0.3844058330743182    0.3090601835958488   -0.1138543990221749    0.4211173907749288    0.1382156125949589
 -0.09029158692680217     8.241492649617609     1.495501149892975     12.87503893110546     -1.25119675920683     3.538470489099174     -1.40930043125803     2.567588148436811    -1.594777658496911     1.437867070057518    -2.504832033633844    -1.157206418968839
 -0.01744885705719212    -1.998321267268464    0.2429152057534973     -1.25119675920683    0.5373166644817479   -0.3433817134699046    0.4727666434301463   -0.5888896102036327    0.5546325991702817   -0.3507226757959925    0.9794918834666358    0.3002371967971007
   0.1144208505739594     3.702660192445194   -0.3691196647601668     3.538470489099174   -0.3433817134699046     4.346780562018494    -1.004389050639124     3.048127232566855    -1.808496366413507     1.415788868736103    -3.739833657925107    -1.340076245861348
 -0.05098687275517735    -1.608991824599034    0.2361813226592834     -1.40930043125803    0.4727666434301463    -1.004389050639124    0.6915492905578172   -0.7294842890981519    0.8725517539018202   -0.6333151798540407     1.924904273556403    0.6019750382374984
  -0.0391042410841586     1.494256785335992   -0.3844058330743182     2.567588148436811   -0.5888896102036327     3.048127232566855   -0.7294842890981519     3.968989348967282    -1.999997512129953     1.386481445860642    -4.335858767747649    -1.182923136184576
 -0.03876031430601995   -0.7544933769636269    0.3090601835958488    -1.594777658496911    0.5546325991702817    -1.808496366413507    0.8725517539018202    -1.999997512129953     1.689794180291637    -0.746186052314588     3.666747300574808    0.8521638902543623
 -0.04193798866402668    0.1630240238270202   -0.1138543990221749     1.437867070057518   -0.3507226757959925     1.415788868736103   -0.6333151798540407     1.386481445860642    -0.746186052314588     2.105322485948281    -2.981122511732437    -1.360180377978611
-0.002693144712114749     2.108416130347396    0.4211173907749288    -2.504832033633844    0.9794918834666358    -3.739833657925107     1.924904273556403    -4.335858767747649     3.666747300574808    -2.981122511732437     11.83633559763242     3.282765507441126
 -0.03941363342071406   -0.3208671936854101    0.1382156125949589    -1.157206418968839    0.3002371967971007    -1.340076245861348    0.6019750382374984    -1.182923136184576    0.8521638902543623    -1.360180377978611     3.282765507441126     2.357011843410204

cov.inverse():
    138.947282148217   -42.15334987046516   -197.4917694023315    60.29009312059726   -28.54152875105294     9.22005406599847    27.13335068036826   -7.535902641031135    63.05913082004629   -19.86912310033295   0.6939807131955276   0.7007380520470834
  -42.15334987046489    12.88527720331542    60.34975985667015   -18.41352431408821    8.879495592595642   -2.885612215244917   -8.446346060767343    2.375448879678212   -19.20915978397647    6.072466635191877  -0.2147041669722218  -0.2041093246886913
  -197.4917694023275    60.34975985666974    476.8450620384901   -144.9601178604925   -187.9255729799952    57.58002913716857   -95.07123880743657    27.07432853616453    3.847055160354822   0.4087142743598549  -0.2808441647508843  -0.4391294957496231
   60.29009312059635   -18.41352431408816   -144.9601178604931    44.20507911418067    57.23272902527303   -17.56745152423507    28.62810423399218   -8.140298535213935  -0.9714294277679164  -0.2108914095485251   0.0935282517440218   0.1290505715831012
  -28.54152875105732    8.879495592596424   -187.9255729799872     57.2327290252702    385.2368533616838   -118.3676332185121   -129.3040026141547    39.97957918376217   -40.14750379981489    12.37204705197524  -0.5710228692409557  -0.9800500138157279
    9.22005406600028   -2.885612215245302     57.5800291371647   -17.56745152423378   -118.3676332185112    37.04249340427981    38.99753822895875   -12.34834282421371    13.24769610807919   -4.103802144836323   0.1375660611463504   0.3914283444183412
   27.13335068036993   -8.446346060767834   -95.07123880744663    28.62810423399525    -129.304002614144    38.99753822895543    369.7304932938669   -111.5506022854756   -175.4932378064614    51.72719938057664   0.4035934417536181 -0.09848356854127752
  -7.535902641031662     2.37544887967837    27.07432853616769   -8.140298535214898    39.97957918375886   -12.34834282421269   -111.5506022854756    34.50512033540656    53.74884595653957   -15.83548605978941  -0.1722571432707739 -0.02412886594693281
   63.05913082004702   -19.20915978397668    3.847055160355298  -0.9714294277680583   -40.14750379981837    13.24769610808028   -175.4932378064589    53.74884595653883    154.6959501315247   -46.06117629360423  -0.9794826744810506    1.032465213150092
  -19.86912310033274    6.072466635191812   0.4087142743584428  -0.2108914095480925    12.37204705197715   -4.103802144836912    51.72719938057591   -15.83548605978919   -46.06117629360425    14.67346807544426   0.2760513315084653  0.03573422665752271
  0.6939807131954924  -0.2147041669722111  -0.2808441647508444   0.0935282517440099   -0.571022869240829   0.1375660611463116    0.403593441753418  -0.1722571432707138  -0.9794826744809823   0.2760513315084456   0.5597032634447148  -0.2599200765492593
  0.7007380520470924  -0.2041093246886942  -0.4391294957496534   0.1290505715831102  -0.9800500138157863   0.3914283444183591 -0.09848356854113162 -0.02412886594697678    1.032465213150024   0.0357342266575425  -0.2599200765492591   0.8670829503610974

cov*(cov_.inverse()):
     1.000000000000014 -1.135549987374418e-14 -1.063801824408017e-13 -9.907873133041534e-15  6.610684222252416e-14 -1.152550277438991e-14 -6.484656561722701e-14  5.695856113152598e-15 -2.270406085358445e-14 -7.703256435509509e-15   3.86843335142828e-16  5.273559366969494e-16
 1.289524043102119e-13     0.9999999999999764  -8.81239525796218e-14  4.200806369425436e-14 -2.581268532253489e-14 -1.029731855339833e-14  3.329975184485079e-14 -2.635478640877764e-14 -1.054711873393899e-14 -5.837344496661956e-15   1.52655665885959e-16  7.216449660063518e-16
-1.808275751358224e-14  1.481453848484193e-14      1.000000000000119 -3.366751322175787e-14 -9.603429163007604e-15  8.049116928532385e-15 -5.051514762044462e-15 -1.326022625036671e-14 -4.873879078104437e-14  1.683549133435491e-15 -6.938893903907228e-17                      0
-5.639932965095795e-14  4.762856775641922e-14 -2.684519273543629e-13      1.000000000000057 -6.061817714453355e-14  2.525757381022231e-14  1.493527523876992e-13 -4.572037193284473e-14 -1.576516694967722e-14  4.565792188770956e-15 -6.661338147750939e-16 -8.881784197001252e-16
  1.27675647831893e-15 -9.159339953157541e-15 -2.084443728733731e-14 -7.202571872255703e-15      1.000000000000065 -1.729172360853681e-14  -7.78543896018391e-15 -7.318798345146149e-15 -2.625677453238495e-14 -4.513750484491652e-15  1.665334536937735e-16                      0
  8.22675261247241e-14  -3.05311331771918e-15 -2.000621890374532e-13  5.639932965095795e-14  9.792167077193881e-14      1.000000000000012 -5.484501741648273e-14  2.018524236646613e-14  7.105427357601002e-14 -1.431493812376061e-14  5.551115123125783e-17 -4.440892098500626e-16
-4.107825191113079e-15  3.483324739761429e-15  5.889733145636455e-14 -2.038647028967944e-14  4.685141163918161e-14 -6.883382752675971e-15      1.000000000000017 -2.043157310005483e-14 -8.471001677889944e-14   6.05765437811101e-15  2.775557561562891e-16 -2.220446049250313e-16
 5.451195050909519e-14 -8.187894806610529e-15  9.658940314238862e-15  8.493206138382448e-15  -1.34781075189494e-13  3.247402347028583e-14  3.062827769184651e-14      1.000000000000018  1.312283615106935e-13  9.485467966641181e-15 -2.220446049250313e-16                      0
-1.243449787580175e-14  1.446065489574266e-14  9.475753515175711e-14 -1.568190022283034e-14  1.876276911616515e-14  6.439293542825908e-15  1.715294573045867e-14  7.802786194943678e-15     0.9999999999999448 -2.161465451067102e-15                      0  4.440892098500626e-16
 3.663735981263017e-15 -9.992007221626409e-16 -5.440092820663267e-14  3.885780586188048e-15  6.661338147750939e-15 -1.076916333886402e-14 -3.136380044566067e-15 -4.267419750902945e-15  4.796163466380676e-14     0.9999999999999943 -1.665334536937735e-16 -2.220446049250313e-16
-7.904787935331115e-14   3.05311331771918e-14  1.114663916723657e-13   1.23789867245705e-14  1.718625242119742e-13 -6.328271240363392e-14  1.243449787580175e-14   6.06736882957648e-14 -1.221245327087672e-13 -6.550315845288424e-15     0.9999999999999987 -4.440892098500626e-16
 1.998401444325282e-15  2.331468351712829e-15  5.306866057708248e-14 -7.716050021144838e-15  7.549516567451064e-15  6.439293542825908e-15  2.078892613610606e-14  2.650657471292561e-15  4.440892098500626e-16  -8.68749516769185e-15 -2.220446049250313e-16                      1
