10
1

6.110113764883941e-09
  0.02373403662089221
  0.02893877228422737
  0.08762944164108288
   0.1912137370490554
   0.4917746424046805
   0.5259671984306826
    2.331599841611874
    3.010383670144441
    3.655644717276068

                     0 -4.374228458011443e-16 -8.382973785357064e-15  4.586868852035907e-15  2.243195771415617e-13    -0.9999999999999998 -5.529691193827845e-16  1.961451843483631e-15 -1.647013149658235e-13   9.12684197812909e-15
  0.003164106461228535  -0.004127773992112308   -0.03786707748032825    0.02080876208826564     0.8795519348094416  2.759125387893919e-13 -0.0007272665001575191   0.005793765658571976    -0.4727993345289445     0.0303498991845333
  -0.01817920854745101    0.01554061209717867    0.04546220459865796    -0.0253031617921437    -0.4710083507073489  3.878480202796438e-14   -0.01117048875106314    0.01170292893046616    -0.8799442430847919    0.01756325624622957
    0.4451758687008135    -0.2554217705928008    -0.7434497570906359     0.4191535860727486   -0.06044976008984092 -4.044199473596488e-16   -0.01661776879399722    0.01886097809400289   -0.03241504767085763    -0.0532362606985905
 -0.005003955866038704    0.01232916907617271    -0.0654514312116292    0.02265482633717533   -0.02254962351595078 -7.306654173112759e-17    0.01069537362565629  0.0007094048680091476    0.02812759947101473     0.9968005213514852
    0.4556087604816211    -0.1998119466782685     0.2402521583201789    -0.1279979579788287   0.006574574155644748  1.127191247419502e-16     0.5383653651089148     -0.622842889073246   -0.01511239207487298    0.01868492106680995
   -0.6441770978680892       0.27252110780377    -0.3994068824697101     0.1673299223403061   -0.01793824185876018  6.151291236004183e-17     0.3902142466324407    -0.4109974411267602  -0.008955453475788883    -0.0406806606812087
    0.3571476015729712     0.7109825408522655    -0.3187077910452315    -0.5136517554307155   0.002063427590951155  7.511737585200405e-21    0.01779655377309368    0.03064309860546958   0.002230517232527782    -0.0164828882497772
   -0.2262286140174559    -0.5556809294103997    -0.3473243352925605    -0.7158252161292742 -0.0005694909948453019  2.718717038811196e-21   -0.07434968370965332   -0.03831556431790563  -0.001760345460526651  6.231801432385851e-05
   0.01325292436107015    0.07667544987505973   0.006483357874322554     0.0457944263958138   0.002698318282332652  4.404154127778065e-21    -0.7426541136963529     -0.663486240204736 -0.0006021619117431841   0.007021745682943763

22.39890725134491
26.32713569082864
50.45005711794214
76.24817517908608
85.15355854708112
134.4140014648438
94.75247205900922
156.1740203485257
107.5220173530011
182.6759580286538

0.5636462045908049

  -0.02400991910643165    0.01338108891729865    0.02592447740924481    -0.0144813960623087   0.007207501355880969   -0.02939549926697493 -0.0001394015062791989  0.0001137740093099624  -0.002800999802744265   0.001785689250719286

 1.097436584390526e-18  3.551302760319619e-06  1.083347163319313e-06 -0.0003062770011145211 -7.403634064524738e-06  -0.001343110116159862   0.001675804987895597  0.0005158768616986181  -0.005754594710896034   0.003667315360054151

cov:
     1.326107968517896      2.461797883196854     0.1895458603534577     0.4358878922278091   0.009379111926922241                      0    0.04517588025313549     0.0252188309144983   0.007660451444139516    -0.0219432562757014
     2.461797883196854      5.655635603979508     0.4835550211845855      1.684326956282984    0.01203834861676894                      0    -0.3143383104423796    -0.3693889682289615    0.01699006357692464   -0.06024370440566514
    0.1895458603534577     0.4835550211845855      1.708488729728769      3.118679574701269   0.001177615346055701                      0     0.1270771115969923    0.01913762977034859   0.001829826506212499    0.03246971410536507
    0.4358878922278091      1.684326956282984      3.118679574701269      6.119051409740664  -0.001643069486023159                      0   -0.02052053508512647    -0.2427379409442257   0.004807868899000221     0.0481124526587968
  0.009379111926922241    0.01203834861676894   0.001177615346055701  -0.001643069486023159  0.0008910759908675559                      0   -0.02727395091708724   -0.02234542913841982  0.0001375011146026897 -0.0004894481524330429
                     0                      0                      0                      0                      0                      0                      0                      0                      0                      0
   0.04517588025313549    -0.3143383104423796     0.1270771115969923   -0.02052053508512647   -0.02727395091708724                      0      7.534613569068744      6.488177088071955   0.004467333410118848   -0.07288721750345845
    0.0252188309144983    -0.3693889682289615    0.01913762977034859    -0.2427379409442257   -0.02234542913841982                      0      6.488177088071955      6.041865204795176   0.009602454089800438   -0.06319761925525468
  0.007660451444139516    0.01699006357692464   0.001829826506212499   0.004807868899000221  0.0001375011146026897                      0   0.004467333410118848   0.009602454089800438  0.0009487523523061924  0.0007924814863502999
   -0.0219432562757014   -0.06024370440566514    0.03246971410536507     0.0481124526587968 -0.0004894481524330429                      0   -0.07288721750345845   -0.06319761925525468  0.0007924814863502999      0.039029809702819

cov.inverse():
                nan                 nan                 nan                 nan                 nan                 nan                 nan                 nan                 nan                 nan
                nan                 nan                 nan                 nan                 nan                 nan                 nan                 nan                 nan                 nan
                nan                 nan                 nan                 nan                 nan                 nan                 nan                 nan                 nan                 nan
                nan                 nan                 nan                 nan                 nan                 nan                 nan                 nan                 nan                 nan
                nan                 nan                 nan                 nan                 nan                 nan                 nan                 nan                 nan                 nan
                nan                 nan                 nan                 nan                 nan                 inf                 nan                 nan                 nan                 nan
-0.6185759833667915  0.2966233113185299    1.00511234453742 -0.6370731939734505   5.260468437467541                  -0   1.979837174692576  -2.133144405722458   12.37984669280463  0.1171069308485142
 0.6578104735208353 -0.3401406401245669  -1.607510448231336  0.9693007535517504    2.32507764299253                  -0  -2.133144405722458   2.517429485912427  -17.18641477082456  0.4580511711736945
  14.55537362899489  -11.77280148360915  -12.90005412734826   7.372132294183279  -243.0908907141504                   0   12.37984669280466  -17.18641477082458    1321.58713149374  -42.93633067410219
  -3.30465963755933   2.152802810444663   2.361279071720646  -1.730708142808185   37.31813969741616                  -0  0.1171069308485145  0.4580511711736917  -42.93633067410216   29.55564662874906

cov*(cov_.inverse()):
nan nan nan nan nan nan nan nan nan nan
nan nan nan nan nan nan nan nan nan nan
nan nan nan nan nan nan nan nan nan nan
nan nan nan nan nan nan nan nan nan nan
nan nan nan nan nan nan nan nan nan nan
nan nan nan nan nan nan nan nan nan nan
nan nan nan nan nan nan nan nan nan nan
nan nan nan nan nan nan nan nan nan nan
nan nan nan nan nan nan nan nan nan nan
nan nan nan nan nan nan nan nan nan nan
