10
1

0.04623628028093332
0.06108085900983367
 0.6717461340699625
  1.032681380879823
  1.132450568804537
  1.391784662740081
  1.822523376516693
  3.133126508435514
  3.781012206042035
  8.254387864206608

  0.02723600842331696 -0.007969495114910428   -0.4714517880798354     0.136706516782371    0.7691270303543221   -0.2270349254505635   -0.3252542870152368   0.09665622164314892  0.001581135119831966 -0.001644442138864492
   0.3896492134753202   -0.1155302562267505    -0.680512260195332    0.2020118334244387   -0.2160002483509808   0.06259445222393761    0.5052743110186517   -0.1582193634619903 -0.002371415841618808 -0.002289217093034644
  -0.6875802551560232    0.1029639665715004  -0.05284538872877562   0.06270776221277088    0.1906081928356967  -0.07767133120642435    0.4959285625989465   -0.1649113649501828   -0.4024368128355504    0.1801285959305723
   0.4266845826208688   0.03390647140247963    0.1856949367030565   -0.3282945155227829    0.3211508137311253      0.33766836895937    0.1114366200859209   -0.1283631556821797   -0.6169365826189191   -0.2187852375023987
  -0.4078570477654111  -0.02610663611232926   -0.2876010010530453  -0.05273372011197585  -0.08792074266021539    0.4456409222586831   -0.1619052434677404  -0.02739699969647713   0.08507832387048163   -0.7120026529912648
   0.1071795512788777  0.008865003440833859    0.2402783635963825    0.6065330772875144  -0.09405197558203575   -0.4564255236936385  0.006057634339939539  -0.02267076191750514   -0.2870145060664603   -0.5125620662739775
-0.001963213865254367  -0.01866123200391936   0.05123105978067551    0.2990761120114949  0.004572514616196186    0.2182730974319776    -0.339708774287331   -0.8376703807758704   0.01548714866914558    0.2063471324392375
 0.003877276404535631   0.02498176412773873  -0.06295747680020734   -0.5830836528628993  -0.01961255500008711    -0.580355936676492   0.07106393195956817    -0.456889906267309    0.1723580384623027    -0.273326288932114
  -0.1130593005036343   -0.4499862312514036   -0.2689719675117865   -0.1654447082573439   -0.3774693729482614   -0.1753408799701716   -0.4249086655440348   0.09049738049143642   -0.5432047755127356    0.1672602334194691
  0.04437600050518147    0.8778484702150502   -0.2407879110657115   -0.0363972180081851   -0.2507063157084298  -0.04861729457599825   -0.2308565556818658   0.04535373881712318   -0.2068611125330095   0.06891102563285136

22.68766859462504
76.33960006734662
39.06196742007084
131.2897857099759
 46.3958294560495
 155.906854357869
55.05373144693866
185.0520714880318
65.83833979547795
221.6017809517787

0.2985869529411618

 -0.007618868171736927   0.002254024853521879  -0.004900321631966587   0.001578923322209811   0.002775484705679184 -0.0007703384634522152   0.009850527009560977  -0.002849190401810675 -8.540089860897888e-05    1.4219611416771e-05

 2.41733368487175e-06 1.941939832192327e-05  0.005328930795296365 -0.002621817748520148  0.002889525359822062 -0.001519293162600839 -0.003053889592690525   0.01757592079582448   -0.0629499580522335  -0.01907415048653146

cov:
    0.9607094974227052      3.381418906222495   0.004166005798112362     0.1181854400847649   -0.03551072716295409   -0.03713451534325331   -0.02281112293409139   -0.01891261480014861 -0.0009681028997869468    0.03682053595056789
     3.381418906222495      55.41513354451114     -12.67203410632787     -1.271080279404931     -12.55022520904364     -1.949963729823946     -11.00370674131105      2.058701273134479     -8.885827452463731       2.98140222602261
  0.004166005798112362     -12.67203410632787      5.290416959442093      1.879153606109345      5.624941225333775      1.559648948129981      5.391417806676821    -0.9738679659669542      5.101105181087883     -1.593247646936628
    0.1181854400847649     -1.271080279404931      1.879153606109345      4.949231453738247      1.419790611695397       3.38715240623887     0.8266461553028959      1.471892502887516     0.6882651861682972     0.7305989904917295
  -0.03551072716295409     -12.55022520904364      5.624941225333775      1.419790611695397      6.478191174099078      2.033166672865726       6.31459129485111     -1.238479032591078      6.228727094282415      -1.90973857053151
  -0.03713451534325331     -1.949963729823946      1.559648948129981       3.38715240623887      2.033166672865726      4.847807364825158      1.103819453675752      1.582377982804393      1.170496834156457      1.020375872818574
  -0.02281112293409139     -11.00370674131105      5.391417806676821     0.8266461553028959       6.31459129485111      1.103819453675752      6.804331721564997    -0.6837368444528614      6.471853567210124     -2.367333895436372
  -0.01891261480014861      2.058701273134479    -0.9738679659669542      1.471892502887516     -1.238479032591078      1.582377982804393    -0.6837368444528614      4.669055277084801     -2.034120144491313       1.14515494714552
-0.0009681028997869468     -8.885827452463731      5.101105181087883     0.6882651861682972      6.228727094282415      1.170496834156457      6.471853567210124     -2.034120144491313      8.074200617940042     -2.403479592311478
   0.03682053595056789       2.98140222602261     -1.593247646936628     0.7305989904917295      -1.90973857053151      1.020375872818574     -2.367333895436372       1.14515494714552     -2.403479592311478      2.823019086412569

cov.inverse():
   42.39662980910335   -12.29780109625189   -76.81706863878966    22.66393362645823   -12.89640389580317    3.732303598891568    47.97080716579135   -15.08586816908704   0.1001296186563416    -0.42547164598857
  -12.29780109625201    3.658009076622147    22.83600419783575   -6.755838215073431    3.885073840117526   -1.107894624773869   -14.30130293719331    4.499122189477681 -0.03216454501440291   0.1170803316347026
  -76.81706863878688    22.83600419783466    228.2357902270404    -66.9610377598195   -130.1687255582592    38.57310105803327   -20.43175218566644     7.53192409422583 -0.02103674587699927   0.8186539228743972
   22.66393362645736    -6.75583821507311   -66.96103775981952    20.04553500479997    37.39605101708544   -11.34887388091812    6.572799440362937   -2.424757170608686  0.01088711929904457  -0.2351000502691117
  -12.89640389580945    3.885073840119556   -130.1687255582454    37.39605101708138    289.4176912129356   -85.23891197407495   -146.0064619235557    43.82663588801564   0.3732525280151315  -0.3790343983792787
   3.732303598893155   -1.107894624774409    38.57310105802981    -11.3488738809171   -85.23891197407541    25.59494555121516    42.89048629879156   -12.96507577346821  -0.2389459859619212 -0.06307062122440119
   47.97080716579433   -14.30130293719416   -20.43175218567542    6.572799440365569   -146.0064619235496    42.89048629878974    118.5412020360465   -36.24524429732958   -1.063608599054123   0.1752660555312089
  -15.08586816908791    4.499122189477933    7.531924094228533   -2.424757170609475    43.82663588801375   -12.96507577346765   -36.24524429732955    11.38960562302448   0.3794263777132807 -0.03376712596593657
  0.1001296186563348 -0.03216454501440032 -0.02103674587701993  0.01088711929905035   0.3732525280152034  -0.2389459859619423   -1.063608599054165   0.3794263777132934    0.791025434770938 -0.01552875371910322
 -0.4254716459885544   0.1170803316346981   0.8186539228744136  -0.2351000502691162  -0.3790343983793653 -0.06307062122437578   0.1752660555312637 -0.03376712596595319 -0.01552875371910317   0.6728409277130335

cov*(cov_.inverse()):
     1.000000000000036  3.625919009486722e-14 -2.550043509685906e-15  4.042773060763949e-14  8.011646901451286e-14  3.870298179164955e-14 -1.564911394913437e-13  2.492472374326926e-14 -1.333785512591668e-15 -3.608224830031759e-16
 1.592059817312474e-13      1.000000000000062  5.506706202140776e-14 -6.006306563222097e-14  1.714184350021242e-13 -3.952393967665557e-14 -1.920685832601521e-13  2.101097074103109e-14 -3.747002708109903e-16                      0
-5.218048215738236e-14  3.405609128037668e-14      1.000000000000109  6.661338147750939e-15  1.019184736605894e-13 -1.193489751472043e-15 -2.397526621678026e-13  3.341771304121721e-14 -9.992007221626409e-16  2.220446049250313e-16
 1.049160758270773e-14 -6.911138328291599e-15 -1.476596622751458e-14      1.000000000000021 -6.550315845288424e-15  1.431493812376061e-14  9.992007221626409e-15 -1.345104583272416e-14 -2.046973701652632e-16                      0
 4.873879078104437e-14  2.689515277154442e-14  2.438049762076844e-13  3.425038030968608e-14      1.000000000000127  6.401823515744809e-14  -3.47499806707674e-14  9.436895709313831e-15 -4.024558464266192e-16  4.440892098500626e-16
-4.884981308350689e-15 -7.258083023486961e-15 -1.909583602355269e-14  4.773959005888173e-15  1.981748098955904e-14      1.000000000000005  1.951216965778713e-14 -2.579186864082317e-14 -2.081668171172169e-17  2.220446049250313e-16
 -5.10702591327572e-15  9.436895709313831e-16  1.685318551380988e-13  1.232347557333924e-14  3.419486915845482e-13 -6.875056079991282e-14     0.9999999999999644  2.038647028967944e-14  1.942890293094024e-16 -8.881784197001252e-16
-2.486899575160351e-14  2.692290834716005e-15 -6.361577931102147e-14  1.887379141862766e-15  4.224398608698721e-14  6.369904603786836e-15  1.704192342799615e-14      1.000000000000001 -9.367506770274758e-17 -2.220446049250313e-16
  3.26405569239796e-14 -4.829470157119431e-15  1.472155730652958e-13  6.905587213168474e-14  2.027267242965536e-13 -9.087175456556906e-14  2.897682094271659e-14  2.269018306577664e-14      1.000000000000001  4.440892098500626e-16
 1.687538997430238e-14 -1.537658889105842e-14 -1.998401444325282e-14 -2.886579864025407e-15 -1.056932319443149e-13  2.328692794151266e-14  -3.05311331771918e-14  2.775557561562891e-16   9.71445146547012e-17                      1
