12
1

0.02171392620005843
 0.1425824656862802
 0.1582040787583997
 0.2372924038007118
 0.5217551135538075
 0.6131125756967196
 0.8366562586046615
 0.8828997298753692
  1.262682614787836
  1.643280815923953
  2.757372558803042
  3.952061099008924

    0.3883627788386322    -0.1555514476610407    -0.7550985456238564     0.3031176788286237     0.3747695679280715    -0.1493612079380689  -0.004373125397253747  -0.001911217000766868 -0.0008405329062286722 -0.0004455041782834041   -0.01177135124598319  0.0008439099493349504
   0.04253452730930186   -0.01432661471322855   -0.01507422202667166   0.007140678890466111   -0.04906453940237369    0.01147302528628535     0.1241256711899039   0.007361995215432075   -0.02058167482879446    0.00817373543589053     0.9895526751622672   -0.00144494439003468
  -0.07382724904211527    0.02403805473976799    0.05907083201468299   -0.02322993706196063     0.2064301183394931   -0.02677667617157948    -0.9603243270817198    -0.0651771432852845    0.03070346268711528   -0.02117145842911708     0.1368872540509261  -0.003522090508541546
    0.4576950090313401    -0.1644400594498056    -0.1439248267003617    0.04833013356473724    -0.8040758447898415     0.1789015850174438    -0.2265728351015019   -0.04124287826436478    0.07543755389199602   -0.01731409117486827   -0.03615580101969389   -0.03932909682822248
   -0.7034280261568621     0.1790655431230706    -0.4802186844240122      0.156594835404248    -0.3740250352874776    -0.2059070500502558   -0.03741695871838509    -0.1708705784580728   -0.01754356367909155    0.03424453756788694    0.01362773482018184    0.05862774204445643
  -0.06191041224488459    0.02235672275299336   -0.02490204818531475   0.006007777396706818    0.03270610243639467    0.02977558021696803    0.04262372519829251     0.1059405306719854     0.8118460777481348    -0.5395189368151041    0.01929648374267763     0.1716610866961425
  -0.04129246024894741    0.05310407625541686   -0.05325032868535838      0.017525307425882   -0.09826826759245989    -0.1116314022038709   -0.08613985902181409     0.9097060568445148   -0.08732664071403287      0.142148143819807 -0.0004468639286900575     0.3277140700419682
    0.1101419305579589   -0.02805141643457104      0.064758894157412   -0.02249365884036262    0.01064458155320335   -0.02111366791111411    0.01317022984220079    -0.3434176623745916    -0.0754204917673249    0.09558569941755825  -0.003328979953879241     0.9213457524812986
  -0.04884005700879526   -0.03189067758950653   -0.02186842935732017    0.01609495638115679    0.06021134054215254     0.1944895235194135    0.01104796216905357   -0.03092168047907687     0.5391399167655296     0.8129727906327699   0.005201110929353056   -0.04131476608050676
    0.2295853719914525     0.1512549602466154     0.2397285666850951     0.0874112470207927    -0.1160879586239858    -0.8875585116125541      0.007169620911537   -0.07948011601142894     0.1689459438999504     0.1258565767786908   0.001918559117213202   -0.08550247628787895
   -0.2266277606360986    -0.7270166736687312     0.2740251560317943       0.58307497941694  -0.009710276030731227   -0.05860338209629678 -0.0003560742212238063    0.02739706843023092   -0.01130072164281061   -0.02249607095523432 -0.0008128751857604618     0.0103239658624787
    0.1161673217658934     0.5994669258933939     0.1846565095369084     0.7293462205280878   0.007655009972552682     0.2441813540984803  -0.005630452749338445  -0.006951505316780741   -0.02972960728359086   -0.01783764204758336 -0.0009119615934190527    0.01160177625718949

22.49749336585503
44.37680412572816
 35.7478206486082
77.34480510215791
49.86364469565083
112.5105519680957
67.65205769135034
158.1609128471986
91.53260129370163
218.3752530390732
107.5123862594193
259.2611763787242

0.4026563973470323

  -0.01791367000995391   0.007224055028908603    0.00598833079556749  -0.002424134014188993    0.01219848172601919  -0.004841965186937399  0.0001483443902723564  1.926651127915084e-05 -5.653267953924723e-06  2.237847798010745e-05 -0.0003128890156417319  2.555979883072225e-05

-3.790560588989876e-06 -3.899029625397654e-05   0.000109292604021233  -0.001186155233031518   0.001922737273705274  0.0005081161137023392  8.448437920203877e-05  -0.001152736598587187   0.000447751524024531   0.002926321256126113  -0.006074222246217916   0.007774934548371264

cov:
    0.9062401406586172      2.393551678184417     0.1088677297027368     0.3403633111908024   0.007500227373297578    0.02341151171659681 -0.0001821449445754354    -0.1331478453887097    0.01067320317280983    0.03081559199720049  -0.003132380832318671   0.006871309388402558
     2.393551678184417      9.707879096353469     0.2876740189907998      3.649059894854181    0.06058368638349938      2.222644524844829   -0.05185421181207762    -0.2131901521689618     -0.170602125499106   -0.03212022968141529  -0.002513800904921391    0.01543625532136258
    0.1088677297027368     0.2876740189907998      1.329230290224053      3.351490327218543   -0.01590931151688947    0.02909642190563473   -0.00397654289950491    -0.0430052075295605   -0.02513510423140164   -0.04497939483481892  -0.005180365283008953    0.02639685784452376
    0.3403633111908024      3.649059894854181      3.351490327218543      10.92175953210916  -0.001226540034320754      2.308055384681645   -0.06656933330234287    0.03277681298597451    -0.3335284966100044    -0.2520816865358931   -0.01276450542684712     0.1473344238998959
  0.007500227373297578    0.06058368638349938   -0.01590931151688947  -0.001226540034320754     0.1267238088671407       0.35098373751673    0.01370658841073383    -0.0261089887951662   0.009987557871659079    0.01968068610361718  5.671952695356584e-05   0.006469575189338686
   0.02341151171659681      2.222644524844829    0.02909642190563473      2.308055384681645       0.35098373751673      3.167707658348144   -0.02759350259062718    0.08714584919101487    -0.3272165421146724     -0.128355707730059    -0.0067838609020351     0.1892318742948502
-0.0001821449445754354   -0.05185421181207762   -0.00397654289950491   -0.06656933330234287    0.01370658841073383   -0.02759350259062718    0.03350849273090849   -0.05437559051733561    0.03133812499494831   0.002553597292166389   4.25143547630383e-05    -0.0109967458318855
   -0.1331478453887097    -0.2131901521689618    -0.0430052075295605    0.03277681298597451    -0.0261089887951662    0.08714584919101487   -0.05437559051733561     0.7086375625070793   -0.06446634004000021   -0.02791379064338614  1.143551430422302e-05   -0.01247333530336665
   0.01067320317280983     -0.170602125499106   -0.02513510423140164    -0.3335284966100044   0.009987557871659079    -0.3272165421146724    0.03133812499494831   -0.06446634004000021     0.8132560175858256     0.5872391468087259    0.01142378026140386    -0.1030569222764147
   0.03081559199720049   -0.03212022968141529   -0.04497939483481892    -0.2520816865358931    0.01968068610361718     -0.128355707730059   0.002553597292166389   -0.02791379064338614     0.5872391468087259      1.236381993796398   0.003834896826033619   -0.02057795967454828
 -0.003132380832318671  -0.002513800904921391  -0.005180365283008953   -0.01276450542684712  5.671952695356584e-05    -0.0067838609020351   4.25143547630383e-05  1.143551430422302e-05    0.01142378026140386   0.003834896826033619    0.02072024534996189  -0.002006413008215958
  0.006871309388402558    0.01543625532136258    0.02639685784452376     0.1473344238998959   0.006469575189338686     0.1892318742948502    -0.0109967458318855   -0.01247333530336665    -0.1030569222764147   -0.02057795967454828  -0.002006413008215958     0.7743632721028962

cov.inverse():
   325.7899758135961   -129.9963505193215   -622.0671080888674    249.7347871046786     302.401423354852   -121.0164272356364   -2.254527723488319   -1.386613692468244  -0.3086878660172673  -0.4363154335395839    -8.36199294761226   0.3076580503447596
  -129.9963505193214    52.05739854057183    249.2743235726447     -100.08815375632   -121.3181133393998    48.53969592974856    1.065543020115685   0.6517493013465568   0.1324392416716523   0.1614838524742737    3.433456643095185  -0.1299491259356474
  -622.0671080888643    249.2743235726435    1210.700565829933   -485.8692509617251   -596.9600003335705    238.9602820245181    5.295386144306983     3.19788884748604    1.225405922312259   0.6731622825533644    18.50806615372183   -1.327931632618843
    249.734787104678   -100.0881537563197   -485.8692509617251    195.1089533494163    239.8145131954039    -95.9799341061624   -2.094310920280813   -1.266037076930748  -0.4998142823789059  -0.2571495469316736   -7.369915507301899   0.5277782338874465
   302.4014233548494   -121.3181133393989   -596.9600003335679    239.8145131954028      311.72844824942   -121.1771056203343    -8.39315784547772   -1.371729101750587   -1.323377999814295  -0.3885395653798532   -10.11632030436647    1.109912335132613
  -121.0164272356355    48.53969592974821    238.9602820245171   -95.97993410616203   -121.1771056203344    48.41473143424398    1.806871826556352   0.5721788785894403   0.5648895613102085  0.07718402649967541    4.017462880046534  -0.4741400659650845
  -2.254527723488085    1.065543020115593    5.295386144306566   -2.094310920280645   -8.393157845477534    1.806871826556272    38.57787441288264    2.646749723657801   -1.491349508280898   0.8602535974129514    1.044594331057803    0.262871018439034
  -1.386613692468353   0.6517493013466013    3.197888847486269    -1.26603707693084   -1.371729101750709   0.5721788785894879    2.646749723657805    1.684039889435667 0.004836768044016867  0.02211472851514332    0.073684226340707  0.06895541354343063
 -0.3086878660172313    0.132439241671638    1.225405922312193  -0.4998142823788793   -1.323377999814265   0.5648895613101962   -1.491349508280902 0.004836768044016256    2.126687171234499  -0.9681856033373857  -0.8182883806757528   0.1605207267631167
 -0.4363154335395377   0.1614838524742553   0.6731622825532776  -0.2571495469316387  -0.3885395653798123  0.07718402649965882   0.8602535974129532  0.02211472851514304  -0.9681856033373856    1.266667041584073   0.2805703663787811  -0.0708750801645562
  -8.361992947611869    3.433456643095032    18.50806615372115   -7.369915507301625   -10.11632030436618    4.017462880046415    1.044594331057807  0.07368422634070228  -0.8182883806757556    0.280570366378782    49.23403200075431 -0.07800580712970068
  0.3076580503446423  -0.1299491259356008   -1.327931632618622   0.5277782338873578    1.109912335132507  -0.4741400659650418   0.2628710184390342  0.06895541354343138    0.160520726763117 -0.07087508016455624 -0.07800580712969819    1.366807608706925

cov*(cov_.inverse()):
      1.00000000000015 -1.297087437457378e-13 -4.999542446704197e-13  5.827369836675089e-15  1.456092191265412e-13 -2.548742467078924e-14 -5.161452862334492e-15 -1.525201406143983e-15  -4.81385764583564e-17 -2.243756395958751e-16 -3.882744820105088e-15  5.689893001203927e-16
 9.848892534858322e-15      1.000000000000007  4.545669396449625e-14  2.638167462265528e-14 -1.398568760802021e-13  6.002143226879753e-16  9.540979117872439e-17  3.966011546951975e-16 -1.517883041479706e-16 -1.118896642005041e-16 -3.419573652019281e-16 -6.938893903907228e-17
-7.528699885739343e-14   1.18698453843713e-15     0.9999999999997762 -9.386588728510503e-15 -4.095682126781242e-14  4.749325932529302e-14 -1.261143967035139e-15 -7.392090412006169e-16  2.862293735361732e-17 -1.821459649775647e-17  1.919037845299343e-15  1.457167719820518e-16
 2.174857516301643e-13 -5.210762377139133e-14  3.271272142058024e-13      1.000000000000043  2.685351940812097e-13 -1.229016888260048e-13  2.359223927328458e-15  -1.52135248843166e-15 -6.696032617270475e-16 -1.491862189340054e-16  -6.62837840170738e-15  4.718447854656915e-16
-1.742442995444904e-14   8.42349193869163e-15  2.425663836458369e-14 -6.847820921418446e-15     0.9999999999999957  6.148293679730799e-15  3.274290560906223e-16  1.293453191775207e-16  6.158268339717665e-17  3.111660235033398e-17  7.183923594888952e-16 -6.071532165918825e-17
 1.831174101241118e-13  4.826694599557868e-14  1.474376176702208e-13  2.274153088066555e-13  2.028099910234005e-13     0.9999999999999298  4.399258735077183e-15  5.325601071248798e-16 -8.743006318923108e-16  1.283695372222837e-16  3.001071613439876e-16 -2.775557561562891e-16
-2.693158196453993e-15 -2.310651670001107e-15 -1.263572579901506e-14 -3.053980679457169e-15  4.007211229506424e-16  7.641456911677835e-16     0.9999999999999997  -8.51098705401121e-17  1.229485263598562e-16 -5.854691731421724e-17   -9.8879238130678e-17  1.908195823574488e-17
-4.314560861362615e-14  3.252736621717212e-14  1.299516050323746e-13  8.326672684688674e-16 -3.747349652805099e-14  1.003537530852583e-14  1.605920257885529e-15                      1 -2.168404344971009e-17  7.795413620170777e-17  1.370214705587181e-15 -1.595945597898663e-16
-2.915723218421817e-14 -6.158268339717665e-15  8.520961713998076e-15  -2.16007767228632e-14 -1.697253448895708e-14  5.995204332975845e-15 -3.989863994746656e-16  1.994931997373328e-17                      1  1.994931997373328e-17 -1.370431546021678e-16 -2.775557561562891e-17
-1.833342505586089e-14  -4.69416172599324e-15 -2.324529457808922e-16 -1.807581861967833e-14 -1.533495552763497e-14  7.049916206369744e-15 -8.847089727481716e-17  2.059984127722458e-17  2.688821387764051e-16                      1  1.192622389734055e-16  1.387778780781446e-17
-4.494018004952416e-16  2.785315381115261e-16  2.858390607540784e-15  1.342675970406049e-15  2.307182223049153e-16 -1.117812439832555e-16   3.65376132127615e-17  1.810617628050792e-17  -6.76000054544712e-17 -2.114194236346734e-18     0.9999999999999999  4.336808689942018e-19
 1.662558979376172e-14  2.220446049250313e-16 -1.110223024625157e-14 -4.274358644806853e-15 -8.881784197001252e-16 -4.996003610813204e-16  -3.33066907387547e-16 -1.110223024625157e-16  5.551115123125783e-17  6.938893903907228e-18 -6.938893903907228e-17     0.9999999999999998
