10
1

0.08842426276985366
 0.2789867969761541
 0.6962528274439505
 0.9879104046411423
  1.560422640697605
  1.869178647570198
  2.156122502866664
  2.569611178612854
  6.592665765259789
  12.30125673581934

    0.3740635352477025    -0.2361140675847276    -0.6901824154709181     0.4355464756524175     0.3145862629285137    -0.1982615952493032  0.0008535241175119893 -0.0009424930248471628  0.0004897772959051815 -0.0002931818973814442
   -0.4338301359805068     0.2499803379726339    0.08432658103106373   -0.04627902118740691     0.6954742658341226    -0.4099230624627868    -0.2282100476436845     0.1324037046571658     -0.123189181396932    0.05950639318313972
   -0.3198525659091617    0.09271600184530594    -0.1486486783906004     0.0487915435024598    0.04832680310009603  -0.008505274163474224     0.8241824748636069    -0.2928666108944843    -0.2759608385349417     0.1449524995921769
    0.6554573075167152   0.004144528980818636      0.552065455447067 -5.285000026379418e-05     0.4097830177667747   -0.03878837171831389     0.3054105088339093   -0.01157326541420818    -0.0498717337748569    0.01609044351518109
   -0.2682889714744509    -0.3244165227953262    0.04854921193391521    0.06079711535609794     0.2734234457499997     0.2802853207093907      0.274078408489361     0.2906880531417262     0.4457344772072269     -0.552361881564963
    0.2104423356761638     0.4117080646398248    -0.2315342138756757    -0.3536568651638599    -0.2267700440567396     -0.424396338518628     0.2525663245237789     0.4386368591091614    0.03806900191279312    -0.3440218394293936
    -0.146856297547333    -0.1987961172800982     0.3652314541147685     0.6026680393345207    -0.3468151136985263    -0.5384229701351966    0.05699559167731293     0.1261712057657425   -0.04864527823741308    -0.1029392992310974
   0.04038476439501351     0.1457347691263766    0.01106260799592471    0.06323723704357154    0.02415839556395015    0.04297260903593237    -0.1814684742190548    -0.4820138941745898    -0.4062364386334837    -0.7350391825188134
  -0.02081769827935789    -0.5778375227518993    -0.0125717689003737    -0.3029027266597692   -0.00162694683736733    0.02121505817369684   -0.01255265993930879      0.372013136609444    -0.6591339159393853   -0.01734132851400507
   0.00647395331531065     0.4513781241563863    0.00500005029116229       0.46695787724261   0.006433933632148532     0.4901126538849186   -0.01102355257876957      0.482712542711063    -0.3228036742084894    0.02354312330719336

22.68924074489088
34.36359251836242
 35.5537508421648
54.57747022479208
 50.5679926327933
 78.2016870444227
 68.2031327171524
105.9946643749124
99.73172828419534
155.7799292089595

0.6422413561688574

  -0.02116657630411752    0.01354300398920315   0.001319355392251813 -0.0008538306005227297    0.01815219915077941    -0.0115261277007558   0.000642806415151794 -0.0002419665351235315   0.001171234241375952  -0.001614008277475166

-3.440585295445925e-05   0.002307697800009011   0.004269260535832574  -0.004966657661523635    0.01107736878146493   0.008906595476269239   0.001902290979600073    0.01144444385142509    -0.3589685844680333   -0.07390461668262317

cov:
   0.9508351785350463     1.633383230515162  -0.06073512473449008   0.03242759361770073    0.1377263770809493      0.33461967682225  -0.00480081044201858   0.08776160909867212  -0.04310448498431675  0.006732051310899029
    1.633383230515162     46.52459451935179  -0.04256969465528498     38.44953967760716    0.2986834142630163     32.64225856567818   -0.4843453292565699     23.43796020215786     -6.15279276952807     1.380623689978068
 -0.06073512473449008  -0.04256969465528498     1.137069047645193     1.833787192762918   -0.1453990906691475   -0.1972842391978279    0.0137862185113221   0.03624762783594451   0.01775103450368522   0.01042862163131699
  0.03242759361770073     38.44953967760716     1.833787192762918     39.14693089592976   -0.1651828430980543     33.42822074451574   -0.7809568722279394     28.85697475475076    -14.42492793865179     1.643069238626307
   0.1377263770809493    0.2986834142630163   -0.1453990906691475   -0.1651828430980543     1.134545151238842      1.83508204541915  -0.01921989643405572   0.00501824017200461  -0.02052511861717734 -0.009258083688979906
     0.33461967682225     32.64225856567818   -0.1972842391978279     33.42822074451574      1.83508204541915     38.56377564506882    -1.218408617136572     35.23589048886556    -24.28707444361528     1.909197223215907
 -0.00480081044201858   -0.4843453292565699    0.0137862185113221   -0.7809568722279394  -0.01921989643405572    -1.218408617136572     1.087935645431475   0.06106034609809895     1.580071392400511     0.213107757310694
  0.08776160909867212     23.43796020215786   0.03624762783594451     28.85697475475076   0.00501824017200461     35.23589048886556   0.06106034609809895     43.80369209733441    -32.55980526516471     2.779996822428635
 -0.04310448498431675     -6.15279276952807   0.01775103450368522    -14.42492793865179  -0.02052511861717734    -24.28707444361528     1.580071392400511    -32.55980526516471     36.28092840487775    0.6756943900314951
 0.006732051310899029     1.380623689978068   0.01042862163131699     1.643069238626307 -0.009258083688979906     1.909197223215907     0.213107757310694     2.779996822428635    0.6756943900314951     4.880753528765162

cov.inverse():
   21.01213084307454    -12.6797148261708   -33.05112082406225     21.0163213189022    11.38439687039332    -7.25984859987009    0.956255649418483  -0.6103214336777318   0.8111859324205013  -0.3916322843853227
  -12.67971482617092    8.063289323178394    21.03797028017739   -13.36069083663586   -7.302984211158153    4.606560795460106  -0.6128574406829055   0.3910620759960641  -0.5174191690607003   0.2492978125401584
  -33.05112082406221    21.03797028017733    61.41775743598279   -38.43930925129847   -26.80528845352302    17.02891057858783  -0.4096529385677336   0.2956429860825388  -0.1182470998830315  0.05747552650953089
   21.01632131890209   -13.36069083663582   -38.43930925129848    24.41400312205383    17.10032833510596   -10.81928160160492   0.2531553941124643  -0.1872081787605187  0.07343388344557523 -0.03628468760138726
    11.3843968703931   -7.302984211158065   -26.80528845352288    17.10032833510586    19.11976630732324   -11.55751812243403   -1.784940850299863    1.104105887244978    -1.07975321683946   0.5064181958815176
  -7.259848599870016    4.606560795460055    17.02891057858772   -10.81928160160485   -11.55751812243403    7.335961221000322    1.146709070329264  -0.7036528405063683   0.6915072692989389  -0.3237363545177319
  0.9562556494184756  -0.6128574406829022  -0.4096529385677203   0.2531553941124557   -1.784940850299872    1.146709070329271    2.220822867134078  -0.8107744100333997 -0.05982984496223694 0.008869880969641402
 -0.6103214336777281    0.391062075996062   0.2956429860825293   -0.187208178760513    1.104105887244984  -0.7036528405063724  -0.8107744100333996   0.5355239900925434  0.03734840014102229 -0.04484201550064087
  0.8111859324205348  -0.5174191690607222   -0.118247099883098  0.07343388344561697   -1.079753216839427   0.6915072692989181  -0.0598298449622383  0.03734840014102318   0.4728456292140442  -0.2358900422749449
 -0.3916322843853396   0.2492978125401696  0.05747552650956548 -0.03628468760140871   0.5064181958815007  -0.3237363545177211 0.008869880969641962 -0.04484201550064124  -0.2358900422749449   0.3324064381167719

cov*(cov_.inverse()):
     1.000000000000013  1.100803476150602e-13  7.067409808422798e-14  3.222622906376427e-14  6.718930967153369e-14  9.049618693302008e-15  1.969683639281572e-15 -5.226396572466374e-16    6.7914424084492e-16 -6.279698983036042e-16
-4.107825191113079e-14      1.000000000000068 -7.299716386910404e-15  5.609401831918603e-14 -6.883382752675971e-15 -3.991251773527438e-14 -3.642919299551295e-16 -1.214306433183765e-15  1.165734175856414e-15  2.220446049250313e-16
-4.623038063478191e-16 -7.650564209926713e-15      1.000000000000024   4.64027687802071e-15  1.437391872194382e-14  8.883518920477229e-15 -1.723881454251952e-16  9.790887718630348e-16   6.38378239159465e-16 -7.654467337747661e-16
-5.362377208939506e-14 -7.799316747991725e-14  1.572908470137691e-13     0.9999999999998711 -2.042810365310288e-13 -4.851674617611934e-14  6.555520015716354e-15  -2.92821322744885e-15 -3.552713678800501e-15 -4.440892098500626e-16
 7.435458498905589e-15  1.493943857511226e-14  2.265874120277456e-15  1.048423500793483e-14      1.000000000000006  6.808789643208968e-17  5.997264317103568e-16 -5.503410227536421e-16  3.165870343657673e-16 -1.309716224362489e-16
-4.574118861455645e-14 -8.237854842718662e-14 -5.240252676230739e-14  8.379408278358369e-14 -9.814371537686384e-14     0.9999999999998838  2.220446049250313e-16 -1.207367539279858e-15 -6.883382752675971e-15 -4.440892098500626e-16
-2.317590563905014e-15  1.533495552763497e-15  4.380176776841438e-15 -2.821527733676277e-15  8.326672684688674e-17  2.817190924986335e-15     0.9999999999999998    9.8879238130678e-17 -6.938893903907228e-18  1.110223024625157e-16
-8.859579736508749e-14 -2.720046410331634e-14 -1.418309913958637e-14 -3.375077994860476e-14 -1.252331571777177e-13 -2.264854970235319e-14  2.702699175571865e-15     0.9999999999999925 -4.662936703425657e-15 -7.771561172376096e-16
-1.965094753586527e-14  2.453592884421596e-14 -1.264474636109014e-13  3.495814748788462e-14  3.630429290524262e-14  7.049916206369744e-15 -1.068329452680317e-14  3.733124920302089e-15     0.9999999999999998  2.942091015256665e-15
-5.773159728050814e-15 -1.332267629550188e-15  2.164934898019055e-15  7.494005416219807e-16 -4.440892098500626e-15 -1.110223024625157e-15  7.563394355258879e-16                      0                      0                      1
