10
1

                  nan
                  nan
    3162.277660168379
2.761346948612973e-16
9.365020942438547e-11
1.858327261606662e-09
3.579499499324787e-08
   0.0370376502326831
    1.775571156135175
    3.972551267038817

    0.1281379045019373    -0.1062410078871788     0.7122645155230929    -0.3606919180031287   -0.09698370909236891 -1.857766617150061e-17     0.4226296260074088    -0.3818848548472528    0.03188170190978215                     -0
    0.5203738008561708    -0.4396705615201584    -0.5723051434355694    -0.2424062493508554    -0.1067602627659873  3.569108262216907e-17     0.3491896294537755      -0.12734474859943    0.00768776743373546                      0
                     0                      0                      0                      0                      0                      0                      0                      0                      0                      1
                     0 -2.601719497227742e-16  5.659856200699826e-17 -8.095926887017039e-16  3.184198690984013e-15                     -1  1.609390615267239e-16  1.259471784808105e-16  1.307220831669955e-15                      0
   0.01763753491081078   0.004790350768090939   -0.01565305160149205    0.03678179984332285     0.1620845746614512   1.90783147714423e-15    0.00140039551634474   -0.01667583428247114     0.9856554150299347                      0
   0.01650481027469519    0.08318996104442111   0.003186410627673329      0.271014950129863    -0.9451712420880387 -3.089001633668727e-15   -0.04077524112994978   -0.06073033406962754     0.1436951445838875                      0
   -0.5303673076889833     0.2758466771348711    -0.3464829500257235     0.1420685547481261    0.06073273754009317 -2.152735465179105e-18      0.509243905738306    -0.4887733272903454   -0.02163410110094951                      0
    0.4885291951752452    0.03691051516532768      0.143892221602459     0.7580342883926727     0.2363355614798307                      0    0.03859043679294779    -0.3178621264906423   -0.07922016552601953                      0
   -0.3848137393431081    -0.7178317198608575     0.1482544712859353     0.3697821129898007   0.004804430082210553                      0     0.2843223457598374      0.311522858889911   0.003006355462850452                      0
    0.2101818827143801     0.4424058939956557    0.04643400837993706    0.06928404473513416  -0.003205413215135816                      0     0.5967649846163171     0.6300784293868851   0.002580005972479019                      0

35.92797391503741
 60.6879358291626
51.64543417725555
93.55715942382812
85.15384990938162
159.2149963378906
92.78547978052248
184.1340065002441
107.5008184051094
217.4080047607422

0.4810765129702973

 -9.966216391670706  -3.021450259387062   8.765642744916166  -21.71565791246503  -87.52233767086959 -0.4265244243008517  -0.620704165713717   9.602372759136475  -554.6974094982095                   0

  6.03066528187205e-18 -6.063406445231534e-18                      0  3.252264504155831e-32 -4.930817747374724e-18  -1.31738016512721e-17  7.015820481087361e-18  2.989769340484549e-06  0.0008818163633346867   0.004826659906461606

cov:
     1.164332696394921      2.338309410216571   -0.02574590250122774    -0.2182965359061692   -0.01630235837743015                      0      1.634509026887002      1.711768769182796    0.00485730677555998                      0
     2.338309410216571      4.713244651461537   -0.01131621712597188    -0.3530869914975543   -0.03323998427829746                      0       3.52298139220869      3.693990365933144    0.01120515862770648                      0
  -0.02574590250122774   -0.01131621712597188     0.1033478227881616     0.2237540473992087 -5.665503338498582e-05                      0     0.5701974754298288     0.6072520117367011   0.003280101652256209                      0
   -0.2182965359061692    -0.3530869914975543     0.2237540473992087     0.5076322503155115   0.002341991498104183                      0     0.9839941970552301       1.05175809754291   0.006243349376748095                      0
  -0.01630235837743015   -0.03323998427829746 -5.665503338498582e-05   0.002341991498104183  0.0003115380766160878                      0   -0.02586838987129294   -0.02725712014968227 -0.0001106569738961845                      0
                     0                      0                      0                      0                      0                      0                      0                      0                      0                      0
     1.634509026887002       3.52298139220869     0.5701974754298288     0.9839941970552301   -0.02586838987129294                      0      5.874981243631334      6.213078313325884    0.02698819462629273                      0
     1.711768769182796      3.693990365933144     0.6072520117367011       1.05175809754291   -0.02725712014968227                      0      6.213078313325884      6.571195935059237    0.02864111125291899                      0
   0.00485730677555998    0.01120515862770648   0.003280101652256209   0.006243349376748095 -0.0001106569738961845                      0    0.02698819462629273    0.02864111125291899   0.000142149558364451                      0
                     0                      0                      0                      0                      0                      0                      0                      0                      0                      0

cov.inverse():
nan nan nan nan nan nan nan nan nan nan
nan nan nan nan nan nan nan nan nan nan
nan nan nan nan nan nan nan nan nan nan
nan nan nan nan nan nan nan nan nan nan
nan nan nan nan nan nan nan nan nan nan
nan nan nan nan nan nan nan nan nan nan
nan nan nan nan nan nan nan nan nan nan
nan nan nan nan nan nan nan nan nan nan
nan nan nan nan nan nan nan nan nan nan
nan nan nan nan nan nan nan nan nan inf

cov*(cov_.inverse()):
nan nan nan nan nan nan nan nan nan nan
nan nan nan nan nan nan nan nan nan nan
nan nan nan nan nan nan nan nan nan nan
nan nan nan nan nan nan nan nan nan nan
nan nan nan nan nan nan nan nan nan nan
nan nan nan nan nan nan nan nan nan nan
nan nan nan nan nan nan nan nan nan nan
nan nan nan nan nan nan nan nan nan nan
nan nan nan nan nan nan nan nan nan nan
nan nan nan nan nan nan nan nan nan nan
