10
1

0.04282637417171294
 0.3926217739160698
 0.7083754114909808
 0.8180708788983143
  0.916459646598711
 0.9609343522911451
  1.442437549586218
   1.70643738607824
  3.389983272515844
  4.778440337983803

   0.3083955113184382  -0.09298958088287446   -0.7714723403378869    0.2346107494340501    0.4756414538842787   -0.1406081092707446 -0.005141475924830933  0.001215624567389382 0.0001585612665456011 9.173292427990827e-06
   0.5832440257290707   -0.1432270870175378    -0.227003716304474  -0.04569873601265337   -0.6984227016938113    0.1742282408563784     0.177812072948721 -0.009899267647061245    0.1841792654922894  -0.04366309116269897
  -0.2801800462912293   0.04988310106887124   -0.1576397076173285  -0.08195004432407604    0.0395427939595887    0.1849952276890407    0.8675256096792017    0.2778459314971087   -0.1138838158826731   0.09428305926828572
   0.2037850256788153  -0.02963370771519933    0.2522339260331173   0.09665575200348013    0.2320081325930505   0.03256928808358427   0.03858335298532942    0.5645718569513335    0.3628430841536883   -0.6146995414150576
  -0.5778126248689349   0.04604177128023451   -0.4637067544104011   -0.2112393453092672   -0.3342217713034189   -0.2299450344957073   -0.1656716669560614   0.03748696244606873    0.2647514783012166   -0.3752893291800258
  -0.1437693014665862  -0.01658436179237908   -0.1676944998543326   -0.1365699418088854    0.1112609834560124     0.778264390814102   -0.3237979938882868    0.2161580956922491    0.2804329361065875    0.2898206157799824
  -0.2603968549578639   -0.0951115697330062   0.06060211008769664    0.8670109991977855   -0.1434513028465774    0.1157877759754636   0.09510224904395223     -0.19882494104073    0.2907037956387508   0.02640078878335639
-0.000505157771845885   0.03456550300505593   0.01493972009929058    0.1071062667000863    -0.159098472556754   -0.4557317777479173   -0.1164192570781752    0.5990075838528255    0.1855643673711638    0.5893289256651958
  -0.1494658665877528   -0.8875762211522353   0.01218782244038995   0.02330121782540247  -0.06253580812504213   0.02460258077441019   -0.1002304518026429    0.1989057758345045   -0.3628571347792836  -0.05818892450090411
 0.002357113923158434   -0.4087114387656255    0.1328072161104054   -0.3159352714653318    0.2381071283124547   -0.1852462056495273    0.2221053953051098   -0.3434038998116964    0.6496993438275723     0.187400927876487

35.06379151916202
109.6982754553301
48.98536635260941
155.3129344038756
57.67836528601799
183.7732360661906
68.39737024840356
220.4221321603637
81.84001504415194
262.9838076873579

0.3064065874422178

  -0.01498048921593125   0.004570043946457156   0.003013050007301171 -0.0009474882395904005    0.01187449130464684  -0.003635893666568482  6.863685139421355e-05  1.021692788247546e-05 -3.624039288945935e-05 -4.934160515741967e-05

-2.627837390085419e-06  -0.002921457653681642   0.001950308448006627   9.52621052380716e-05   0.003808586419536349  0.0001376518537467702   0.001447237021347936 -0.0004683242033080905   -0.03014813506686669    0.05197451646978637

cov:
 0.8172366645843655   1.509908971405706  0.2363760384243006 -0.3855483271097302  0.3091705126301678  -0.111999283364194  0.1554266188115342 -0.2631393622297024  0.4168012278945097  0.1375037373898438
  1.509908971405706   12.89686126910701  -1.393371281724421   2.540862718170827  -1.574749655947162   1.388395991629209  -1.065365058969409   1.269662938700145  -2.409067306526197   -1.10469887503995
 0.2363760384243006  -1.393371281724421  0.6833786141113277 -0.7133299926927211  0.8610232364335165 -0.6095211947974984  0.7127498460713603 -0.9869106507914047   1.881364108364906  0.5806909040874351
-0.3855483271097302   2.540862718170827 -0.7133299926927211   3.947540740309566  -1.979051151823686   1.345535815807487  -1.458045554871549    2.34995655179294  -4.257231971316354   -1.14934282185984
 0.3091705126301678  -1.574749655947162  0.8610232364335165  -1.979051151823686   1.673678860483596 -0.7139040029131742    1.32242427955232  -2.122212159822656   3.609074399624244  0.8260283088374044
 -0.111999283364194   1.388395991629209 -0.6095211947974984   1.345535815807487 -0.7139040029131742   2.049494904181793 -0.9049469284621354  0.8518890064282799  -2.874238552266068  -1.309898112145114
 0.1554266188115342  -1.065365058969409  0.7127498460713603  -1.458045554871549    1.32242427955232 -0.9049469284621354   1.803517687459537  -2.147657373617458   3.551637828124901  0.8123965662358494
-0.2631393622297024   1.269662938700145 -0.9869106507914047    2.34995655179294  -2.122212159822656  0.8518890064282799  -2.147657373617458    4.57080310458392  -5.535130276833166 -0.7584259597902098
 0.4168012278945097  -2.409067306526197   1.881364108364906  -4.257231971316354   3.609074399624244  -2.874238552266068   3.551637828124901  -5.535130276833166   11.65876005198831   3.192835847246789
 0.1375037373898438   -1.10469887503995  0.5806909040874351   -1.14934282185984  0.8260283088374044  -1.309898112145114  0.8123965662358494 -0.7584259597902098   3.192835847246789   2.307076147301562

cov.inverse():
    54.73500331571299    -16.22026498922303    -130.0763299182215     39.40876673187023     77.61446816862023    -23.05453439095581   -0.5105573970166315    0.1464368886450984    0.6401623223066527   -0.1930524838302108
   -16.22026498922301     4.937406758869071     39.26973940036092    -11.90846693273703    -23.48772787367837     6.948089582475277    0.1747660464589756  -0.04465713541117192   -0.1917672202499067   0.05784535327949448
   -130.0763299182213     39.26973940036087     325.2705111592659    -98.38886519579587    -198.8037556870361     58.82683690264088     1.796437825136155   -0.4357048176402469   -0.3496704053511674  -0.04147308737114398
     39.4087667318701      -11.908466932737    -98.38886519579577     30.49436271266571     61.07486366433326    -18.08637593868353   -0.7248684822769731   0.09753338533504284   0.04686073347285227 -0.008568818590125435
    77.61446816861995     -23.4877278736783    -198.8037556870357     61.07486366433322     126.7650580443835    -37.02765131777717    -2.027657744068103    0.5651643999032528     -0.76953031322253    0.1470463830847967
   -23.05453439095569     6.948089582475249     58.82683690264079    -18.08637593868352    -37.02765131777718      11.8444150638105    0.7107847228359475   0.09584630662542125    0.3166459881317485    0.2093973583348757
  -0.5105573970166192    0.1747660464589721     1.796437825136127   -0.7248684822769648    -2.027657744068085    0.7107847228359427     1.879814341187876    0.3767703382919982  -0.09917080564209264   0.02954474220428584
   0.1464368886451063   -0.0446571354111744   -0.4357048176402709   0.09753338533504985    0.5651643999032691   0.09584630662541668    0.3767703382919974    0.8346608650496641    0.3031188515378854   -0.2975711402848959
   0.6401623223066585   -0.1917672202499083     -0.34967040535118   0.04686073347285583   -0.7695303132225223    0.3166459881317462  -0.09917080564209284    0.3031188515378854    0.6936461083016903   -0.3887047250805168
  -0.1930524838302045   0.05784535327949281   -0.0414730873711554 -0.008568818590121893    0.1470463830848032    0.2093973583348739    0.0295447422042859   -0.2975711402848958   -0.3887047250805167     0.974778858727586

cov*(cov_.inverse()):
     1.000000000000128 -2.440755930699368e-14 -2.792471115453665e-14  3.545080895506203e-14  4.514097429186847e-14 -3.400404957609737e-14 -7.858297346174936e-16   3.05311331771918e-16 -6.938893903907228e-16 -7.771561172376096e-16
-1.201816424156732e-14     0.9999999999999999  1.866562460151044e-15 -3.927413949611491e-15 -2.786659791809143e-14 -7.688294445529209e-15 -5.134781488891349e-16 -5.551115123125783e-17 -2.220446049250313e-16 -2.220446049250313e-16
 4.717060075876134e-14 -3.372302437298913e-15      1.000000000000105  5.436623373711313e-15 -2.042810365310288e-14 -7.757683384568281e-15 -2.255140518769849e-16  2.775557561562891e-16  -3.33066907387547e-16 -4.440892098500626e-16
 -6.38378239159465e-14  2.914335439641036e-16 -1.455016662710307e-13      1.000000000000022  2.167710455580618e-14  1.898481372109018e-14  2.983724378680108e-16  2.220446049250313e-16  1.831867990631508e-15  2.220446049250313e-16
 4.382605389707805e-14 -3.934352843515398e-15  1.525307657956887e-13 -9.861902960928148e-15      0.999999999999961   -1.1518563880486e-14   3.95516952522712e-16 -2.775557561562891e-16 -2.775557561562891e-16  -3.33066907387547e-16
-7.938094626069869e-15  1.582067810090848e-15 -7.963074644123935e-14  1.941502514313243e-14  1.534883331544279e-14                      1 -2.914335439641036e-16 -1.665334536937735e-16  4.440892098500626e-16                      0
 4.582445534140334e-14 -6.349087922075114e-15  6.859096624012295e-14  4.022823740790216e-15 -1.079691891447965e-14 -1.548761119352093e-14     0.9999999999999999  1.665334536937735e-16 -5.551115123125783e-16 -1.110223024625157e-16
-7.877032359715486e-14  6.931955010003321e-15 -5.259681579161679e-14 -5.212844045310305e-15   2.89906987305244e-14  4.468647674116255e-15 -9.645062526431047e-16     0.9999999999999999  1.054711873393899e-15 -1.110223024625157e-16
 2.986499936241671e-14  5.939693181744587e-15  2.289834988289385e-13 -4.693120891907654e-14 -4.729550084903167e-14  1.554312234475219e-14  1.013078509970455e-15                      0                      1 -4.440892098500626e-16
 2.498001805406602e-14 -3.524958103184872e-15  7.409350910592138e-14   3.04270497686332e-15 -2.109423746787797e-15  1.110223024625157e-16  1.249000902703301e-16  2.220446049250313e-16 -4.440892098500626e-16                      1
