10
1

                  nan
                  nan
    3162.277660168379
1.861446242588086e-16
7.510903729948333e-09
1.207201940356508e-08
 1.72680404393777e-08
  0.04327195815397778
      0.9448708647582
    3.601987865349321

                     0   -0.04053113211910035     0.7890180973908908   -0.03094685796110326     0.3496287891989718  5.715781712089907e-17     0.3527926756589988    -0.3424578385194832    -0.1042575076544949                      0
                     0  -0.003584511437404386  -0.009624989733095493   0.005424470875296649      0.299014016704388 -1.237839655891442e-14    0.00320912180552297  -0.004145138752154828     0.9541636249314825                      0
                     0                      0                      0                      0                      0                      0                      0                      0                      0                      1
                     0  7.228942215480373e-17  9.259122173943024e-17 -5.236089415056525e-17 -4.023034577281479e-15                     -1  6.896951111120248e-18  5.989152391691941e-18 -1.208507220885014e-14                      0
                     0      0.159464339844981     0.2598723032466749     0.1112230763544865    -0.8633720857630567  1.198967254000365e-16     0.1938393941003332    -0.1946451707379027      0.271652583160356                      0
   -0.9624284258254864     0.2510343032341592   -0.02476514526662535   -0.08647519714000847    0.03383427245837975                     -0    0.03708141427776772  -0.003302094760786196  -0.009557118545873022                     -0
                     0    -0.2141119401985854    -0.5294560386920156     -0.187563442912011    0.02539850683761898  7.085509128152412e-18     0.5821639500568148     -0.546617453482606   -0.01737082878868739                      0
    0.1486615140516782     0.7060115954441556    -0.1696382832297102     0.6008777807595939     0.2024621769294093                      0     0.1518985385031433    -0.1451017833362042   -0.06706340415479875                      0
   -0.2165545426397226    -0.5921803845383313  -0.003218544142910691     0.7476749610734511   -0.01226582725533815                      0     0.1529268224542488     0.1409065919700203  -0.002566044179665692                      0
   0.06881431148416624     0.1221612780518996    0.00998359036234331    -0.1546361365274345  -0.002782688465572604                      0     0.6717169372417825     0.7107094798158605   0.003139116169297646                      0

51.64543417725555
93.55715942382812
69.60637505416963
129.3940048217773
85.15384990938162
159.2149963378906
92.78547978052248
184.1340065002441
107.5008184051094
217.4080047607422

0.4810765129702973

0.04080227886960987  -0.242054505405966 -0.6899198082754876  0.3102246784854983   17.75795158110292 -0.9679289617319888  0.1333712704880903 -0.1901148170197172   56.36205334318661                   0

 1.455035726601207e-17 -2.843655490451796e-18                      0  3.353856540065247e-32 -7.974114894590354e-18 -6.125493466152547e-18  3.714212512892005e-18  3.639396148451916e-06 -0.0001465042511603693   0.004694043776657542

cov:
    0.1033478227881616     0.2237540473992087    0.00948857447022277    -0.2824470811145089 -5.665503338498582e-05                      0     0.5701974754298288     0.6072520117367011   0.003280101652256209                      0
    0.2237540473992087     0.5076322503155115    0.01730092753756721    -0.6395839090691873   0.002341991498104183                      0     0.9839941970552301       1.05175809754291   0.006243349376748095                      0
   0.00948857447022277    0.01730092753756721   0.001356309541563163   -0.02236933315809686 -0.0003895074137320376                      0    0.08651999328542569    0.09169958669929476  0.0004352860589590258                      0
   -0.2824470811145089    -0.6395839090691873   -0.02236933315809686     0.8100027465843553   -0.00237686460979036                      0     -1.245413393797995     -1.332001846312783  -0.008086317591033527                      0
-5.665503338498582e-05   0.002341991498104183 -0.0003895074137320376   -0.00237686460979036  0.0003115380766160878                      0   -0.02586838987129294   -0.02725712014968227 -0.0001106569738961845                      0
                     0                      0                      0                      0                      0                      0                      0                      0                      0                      0
    0.5701974754298288     0.9839941970552301    0.08651999328542569     -1.245413393797995   -0.02586838987129294                      0      5.874981243631334      6.213078313325884    0.02698819462629273                      0
    0.6072520117367011       1.05175809754291    0.09169958669929476     -1.332001846312783   -0.02725712014968227                      0      6.213078313325884      6.571195935059237    0.02864111125291899                      0
  0.003280101652256209   0.006243349376748095  0.0004352860589590258  -0.008086317591033527 -0.0001106569738961845                      0    0.02698819462629273    0.02864111125291899   0.000142149558364451                      0
                     0                      0                      0                      0                      0                      0                      0                      0                      0                      0

cov.inverse():
nan nan nan nan nan nan nan nan nan nan
nan nan nan nan nan nan nan nan nan nan
nan nan nan nan nan nan nan nan nan nan
nan nan nan nan nan nan nan nan nan nan
nan nan nan nan nan nan nan nan nan nan
nan nan nan nan nan nan nan nan nan nan
nan nan nan nan nan nan nan nan nan nan
nan nan nan nan nan nan nan nan nan nan
nan nan nan nan nan nan nan nan nan nan
nan nan nan nan nan nan nan nan nan inf

cov*(cov_.inverse()):
nan nan nan nan nan nan nan nan nan nan
nan nan nan nan nan nan nan nan nan nan
nan nan nan nan nan nan nan nan nan nan
nan nan nan nan nan nan nan nan nan nan
nan nan nan nan nan nan nan nan nan nan
nan nan nan nan nan nan nan nan nan nan
nan nan nan nan nan nan nan nan nan nan
nan nan nan nan nan nan nan nan nan nan
nan nan nan nan nan nan nan nan nan nan
nan nan nan nan nan nan nan nan nan nan
