12
1

0.04356280556645822
 0.0467970223480968
0.05854504644732057
 0.6729610603626984
  1.027609896860097
  1.181202631746337
  1.273165338806309
  1.564899744615967
  1.847253653815243
  3.260857400051298
  3.797964729079563
  9.073879058406476

  0.008544143354868979  -0.002194647336679784     0.1272774096294989    -0.0334901805639107    -0.5852388589436587     0.1447180773449871     0.7149419345094505    -0.1779458698879431    -0.2681581569301781     0.0665911015980919  0.0008138495513108808   -0.00163382724709043
   0.09000634026837823    -0.0219429484973482    -0.6390263339769036     0.1569442492259274     0.5007095382292046    -0.1290976514593757     0.3948493938435453   -0.09670494841932885    -0.3429377920728115     0.0904924563437489   0.001160869840702222  0.0007177621944605296
    -0.571331208213004     0.1423513254021901     0.5154795070926541    -0.1271197326179991      0.401037819582839   -0.09654426521538693    0.08238720322131152    -0.0189378846826664    -0.4262597383268217     0.1115390517559389 -0.0008164064603586443  0.0008878668582346228
      0.59144224228057   -0.07310991752185589      0.229517092732966    -0.0358056370445352  -0.008377310121207895   -0.05341056494216375    -0.2390031115383938    0.09274085023927833    -0.5358512848407465      0.154118966682575     0.4282232997566288    -0.1672728438618647
   -0.2439931901527053   -0.02745921475946027    -0.1918018833962442   -0.03793375613132798   -0.06326405772395639     0.3320986599918572     -0.229658625910382    -0.5006693331423906   -0.01448574014350572     0.1732407975259574     0.5327996212728218       0.41192718866269
    0.4498558312713909    0.04371251290281833     0.3335015832012627   -0.02332021778575297     0.2460667779036795    -0.1105549845668194     0.1432981423569122    -0.2461429442674041     0.1197087937421815   0.002815064247772313    -0.2599684164603606     0.6694312069754824
   -0.1832164690173099   -0.01411135506425054   -0.02644304229781308     0.3317607512603449     -0.218029586279309    -0.5911428533756508    0.07457542138702575     0.3905468990576872    0.02785193020097556   -0.03068826333457837     0.3733827416213403     0.3990749877959602
  0.005326978744788518   -0.02050937592570995     0.2045571895416951     0.7369358858991929    0.09886322623283536     0.2571481902511463   0.002626210656219233     -0.169945788511877   -0.08474998287830975    -0.5383728221447737    0.06486645840440408   -0.09278865859303151
  -0.02646102602178257   -0.01694460144077063    -0.1668117887262658    -0.4229807257782613   -0.02177118120434492     0.2447240214560161   -0.02822156266643575     0.3397579200189013    -0.3099993718612198    -0.6437119929850087  -0.001077942119172097     0.3243642907227757
 0.0001747300932289499    0.01575754448429061   -0.02976525488512551    -0.2677025876426404    -0.0863416781536728    -0.5813276704436932   -0.06297112749333225    -0.5701279020688517    -0.0042611854920416    -0.4437162492430834    0.07723221202077209    -0.2234412851050911
   -0.1325593737373444    -0.4512080456341366    -0.1118397912077174     0.1817602990798252    -0.2697347245769251     -0.117072009038177    -0.3679072118539773    -0.1236013652314684    -0.4203637750506322     0.1285069785139417    -0.5253317268679032     0.1643335195592302
    0.0427876139550949     0.8754976032961276    -0.1589784843552445     0.1344201094663653     -0.208173472628219   -0.02434007097341093    -0.2237822140717877   -0.04000954365180661     -0.215241995076778    0.05111240209846368    -0.1990009701417085    0.06464816709311053

22.68373127967718
90.71541783610066
32.91016358797006
131.4494955787419
39.13387440705883
156.1948873459344
46.44826599053471
185.3537857111471
55.08173395107107
219.8615307318454
65.74575184271778
262.7934817628257

0.2514079635994351

 -0.005023906312455384   0.001257851017243159    -0.0049165569357886   0.001222559281653406 -0.0006781589321375823  0.0002260430143934151   0.003660418167192768 -0.0008656694698963754   0.007065892334469098  -0.001680569947043807  -2.69079243850457e-05  1.257098595678035e-05

 9.137516821688779e-07  3.151183795692049e-06 -9.650432750085228e-06  -0.004191801672617388   0.001474120388248544  -0.003447586190636447   0.002643426303409391  0.0007187782223467469  -0.003471059904271113   0.007856792125013418   -0.04879463571131599   -0.03434929711126299

cov:
   0.9658522982078998      3.96720357301928 -0.001606262180948631   0.06061383986067598   0.01803332219825735    0.1247469551866512  -0.01954808868324758  -0.05519140513643708 0.0002073580431855846 -0.008051674505115628   0.00787579879893126   0.03332787156158814
     3.96720357301928     66.05726686701767    -10.71838091896014     8.442398969550107    -13.24638113143058    -1.118171246220245    -13.72410804554106    -2.198744571781592    -12.73355126290972     2.828731786832406    -10.97002906433974     3.564322613257621
-0.001606262180948631    -10.71838091896014     2.689080117406624    -1.379622953315682     3.384938194338114    0.5820954883077738     3.644957706769043    0.6048501584469733     3.632322720562747   -0.6555509656525512     3.260603073493658    -1.078148245376334
  0.06061383986067598     8.442398969550107    -1.379622953315682     4.848095504861161     -2.67809168825347    0.8625439067021992    -3.168001818249672    0.2955012309107184    -3.157248760726346     2.097115308738174    -3.500023835993077      1.32579020621637
  0.01803332219825735    -13.24638113143058     3.384938194338114     -2.67809168825347     4.889946864442608     1.599023669989717     5.366472906960339     1.434343553155458     5.364818639325247    -1.051381546350749     5.141288015188762    -1.526972185448939
   0.1247469551866512    -1.118171246220245    0.5820954883077738    0.8625439067021992     1.599023669989717      4.90753700274569     1.268829080565158     3.475686068042847    0.8182146088772255     1.632700183244279    0.7072973718852389    0.8493872636401163
 -0.01954808868324758    -13.72410804554106     3.644957706769043    -3.168001818249672     5.366472906960339     1.268829080565158     6.241133369776134     1.850107229334281      6.31689006680895    -1.329735851715713     6.220910800338006    -1.845184816825741
 -0.05519140513643708    -2.198744571781592    0.6048501584469733    0.2955012309107184     1.434343553155458     3.475686068042847     1.850107229334281     4.873526320825998       1.1220764071885     1.664640861332716     1.157657171751051     1.061211694392687
0.0002073580431855846    -12.73355126290972     3.632322720562747    -3.157248760726346     5.364818639325247    0.8182146088772255      6.31689006680895       1.1220764071885     6.861653567263161   -0.9134779722655791     6.557619212878302    -2.291761477920926
-0.008051674505115628     2.828731786832406   -0.6555509656525512     2.097115308738174    -1.051381546350749     1.632700183244279    -1.329735851715713     1.664640861332716   -0.9134779722655791     4.714631612515521    -2.151030379707749     1.087209794198376
  0.00787579879893126    -10.97002906433974     3.260603073493658    -3.500023835993077     5.141288015188762    0.7072973718852389     6.220910800338006     1.157657171751051     6.557619212878302    -2.151030379707749     8.018206234832064     -2.30589944529506
  0.03332787156158814     3.564322613257621    -1.078148245376334      1.32579020621637    -1.526972185448939    0.8493872636401163    -1.845184816825741     1.061211694392687    -2.291761477920926     1.087209794198376     -2.30589944529506     2.719899273592164

cov.inverse():
   99.96845638206402   -24.70892071014367    -111.158267860594    27.40930748241401   -48.79430676921233    11.32301068146939    5.496151257966168   -1.507558049098866     55.0959743147906   -14.40507131289348   0.5024517366637772  -0.2729519493855319
  -24.70892071014389    6.172226265358851    27.64402381494678   -6.818911117528355    12.33362625787455   -2.882649600316455   -1.303872128730681    0.377494470003795   -13.85357975449724    3.623238592571203  -0.1269664657161926  0.05974564200842077
  -111.1582678606017    27.64402381494849    272.7858658057578   -67.10115936639009   -124.9617914046303    32.76471430663818   -54.91682471479711    13.48013139841648    17.74754449941832   -5.130056287797891  -0.3452087118328294  -0.2159615053377378
   27.40930748241583   -6.818911117528762   -67.10115936639006    16.90901491599259    31.32298485514869    -8.29180414111994    12.66530514122358   -3.073528500775519   -3.981331075914426    1.079163087075591   0.1376445366890528  0.05593251438904478
  -48.79430676922619    12.33362625787773    -124.961791404621    31.32298485514642    341.9743627333505   -85.38570634003207   -120.5223661491113    30.48092025348524   -45.55072183630654    13.17945926979276  -0.2046753578038203   0.8074120650783343
   11.32301068147261   -2.882649600317177    32.76471430663642   -8.291804141119508   -85.38570634003234     21.7781031503043    28.84601305488775   -7.588425076451612    11.78480843972837   -3.430318365320192  0.02494963934025118  -0.2168392604414313
   5.496151258009258   -1.303872128741068   -54.91682471483937    12.66530514123388   -120.5223661491378    28.84601305489407    342.7219823729177   -84.87372498142152   -172.7895362886705    43.96802424038324   0.1584599532232277  -0.3847921614818979
  -1.507558049109596   0.3774944700063816    13.48013139842691   -3.073528500778066    30.48092025349201    -7.58842507645323   -84.87372498142157    21.53181361007947     42.5051577124603   -10.91894362872669  -0.1563140234069742 -0.08563013573627271
   55.09597431476837   -13.85357975449174     17.7475444994445   -3.981331075920787   -45.55072183628353    11.78480843972288   -172.7895362886976    42.50515771246706    145.2948843140948   -37.56342364637793  -0.7114842510767418   0.2334898020692412
  -14.40507131288734    3.623238592569687   -5.130056287805166    1.079163087077359    13.17945926978643   -3.430318365318683    43.96802424039085   -10.91894362872859   -37.56342364637803    10.04663151997398   0.2534206993433779 -0.02429092553130334
  0.5024517366638408  -0.1269664657162081  -0.3452087118328993   0.1376445366890706  -0.2046753578037206  0.02494963934022642   0.1584599532229914  -0.1563140234069156  -0.7114842510765971    0.253420699343341   0.8312362721068859 0.006010564866494553
 -0.2729519493855923  0.05974564200843581  -0.2159615053376963  0.05593251438903451   0.8074120650783665  -0.2168392604414391  -0.3847921614818357 -0.08563013573628796   0.2334898020691662   -0.024290925531284 0.006010564866494446   0.6847526407308093

cov*(cov_.inverse()):
    0.9999999999999509  2.776555027561578e-14  1.487282519363475e-13 -1.271031890848207e-14   1.19671633713736e-13 -7.559317755090333e-14 -4.567648342890251e-13  1.136373981025507e-13  2.008801111563763e-13 -7.308465898442362e-14 -1.445648071737859e-15  2.151057110211241e-16
 8.693046282814976e-14     0.9999999999999735 -6.994405055138486e-14   3.05311331771918e-14  7.256417688950023e-13  3.019806626980426e-14 -2.344791028008331e-13  2.416400413096653e-13  6.972200594645983e-14 -1.189603970885855e-13  1.259409243559162e-15 -4.440892098500626e-16
 1.372790769949006e-13  1.532107773982716e-14       1.00000000000008  2.257222186941021e-14 -1.381117442633695e-13 -3.327893516313907e-14 -3.386180225106727e-14  1.719457909388211e-14 -6.811218256075335e-14 -4.104355744161126e-15  1.942890293094024e-16  -3.33066907387547e-16
-3.802513859341161e-14 -6.217248937900877e-15 -4.513056595101261e-14      1.000000000000013  5.995204332975845e-15  2.270406085358445e-14   1.80633286106513e-13  -1.05609965217468e-14  1.115774139748282e-14  2.917110997202599e-14  1.301042606982605e-16   3.33066907387547e-16
 1.567634910770721e-13  2.997602166487923e-15  2.255973186038318e-13  2.704780843743038e-14      1.000000000000003  1.326716514427062e-14 -6.505906924303417e-14 -2.634004125923184e-14   2.55351295663786e-14 -7.049916206369744e-14 -1.266348137463069e-16                      0
 2.581268532253489e-15  1.464106613724425e-15  5.570544026056723e-14  2.151057110211241e-16  2.220446049250313e-15     0.9999999999999829 -3.169686735304822e-14   1.50712775592865e-14  1.523781101298027e-14 -1.683375661087894e-14 -3.989863994746656e-17                      0
  5.10702591327572e-15  1.280919814661274e-14  1.406652572200073e-13 -2.194078252415466e-14 -1.465494392505207e-14 -2.231548279496565e-14     0.9999999999995123  6.838973831690964e-14 -1.437738816889578e-14  1.554312234475219e-15 -4.614364446098307e-16 -2.220446049250313e-16
-5.606626274357041e-15  4.801714581503802e-15  2.220446049250313e-16  6.016021014687567e-15  5.639932965095795e-14 -3.039235529911366e-14  1.570965579844597e-14     0.9999999999999994  7.271960811294775e-15 -4.909267437014364e-15 -3.972516759986888e-16  2.220446049250313e-16
 5.273559366969494e-14  1.512678871051776e-14 -2.547961841514734e-14  1.887379141862766e-14  8.615330671091215e-14  4.440892098500626e-15 -5.770939282001564e-13  1.232070001577767e-13      1.000000000000035 -7.299022497520014e-14 -1.760744328116459e-15  6.661338147750939e-16
-3.419486915845482e-14  1.409983241273949e-14  2.201017146319373e-14  6.668277041654846e-15  9.325873406851315e-15  -1.88182802673964e-14  6.106226635438361e-14 -1.804112415015879e-14 -2.170486013142181e-14      1.000000000000021  2.333203075188806e-16 -1.110223024625157e-16
-4.951594689828198e-14 -1.137978600240785e-15  1.408873018249324e-13  -2.07334149848748e-14  3.184119634624949e-13  -2.34257058195908e-14 -2.761124662242764e-13  1.387778780781446e-14 -1.619815392928103e-13  8.534839501805891e-15     0.9999999999999999                      0
 7.882583474838611e-15 -7.771561172376096e-16  3.663735981263017e-14 -6.078471059822732e-15   2.97539770599542e-14 -5.218048215738236e-15 -2.176037128265307e-14  1.693090112553364e-14  3.608224830031759e-14  2.262079412673756e-15   2.42861286636753e-16                      1
