12
1

                  nan
                  nan
                  nan
                  nan
                  nan
                  nan
    3162.277660168379
3.082976684119366e-19
1.732801990254595e-10
1.719940440378302e-09
4.108845853194777e-09
    1.822719305259232

                     0    -0.5362366008770578  9.193862709570067e-06   -0.01089463679461819    -0.1225890159717336   2.10108023933481e-19     0.4715931570182883    -0.3274073467341703   0.002011630969459373    -0.3274073467341703     0.5104000921344304                      0
                     0     0.1732427956994365 -0.0002806679011462307    -0.6616698163562786    -0.1190307949695188 -5.568003044931535e-17     0.4878747312718397    -0.1379035589150983   -0.06041408288997466    -0.1379035589150983    -0.4881651165208746                      0
                    -0  -0.003139030959575723    -0.1258469187131935 -0.0007496753912353666   0.003319092852254632 -4.055789470949028e-15    0.06253968679068987   0.001932986724667276     0.9881365547514448   0.001932986724667277   -0.06171373436430343                     -0
   -0.9999999161609184 -0.0002435765599631297 -7.027364920348993e-08 -0.0001623843733087532 -3.258091028720578e-06                      0 -1.092941523450631e-05  0.0002021909594879388 -4.106844929919626e-07  0.0002021909594879388  9.344598384223106e-06                      0
                     0  -8.05269409450062e-05    -0.9915301780274804  0.0004641525943806215    0.03097006020612274 -2.672947611522414e-13 -0.0001264319538192068 -9.800115248864079e-05     -0.125883221598933 -9.800115248519614e-05   0.007868852253449328                      0
                     0     7.359323766356e-17  2.654378279451176e-13 -7.548886359985185e-17 -1.195454335759774e-14    -0.9999997234311033 -1.043802368777479e-15  0.0005258981447882373  2.969005464302474e-14 -0.0005258981447882156 -1.945600130769854e-15                      0
                     0                      0                      0                      0                      0                      0                      0                      0                      0                      0                      0                      1
                    -0 -4.366478388703914e-17  2.823815259955058e-15 -1.831248227475621e-17 -9.731875550267949e-17  -0.000743732288786594 -4.000979298750714e-18     -0.707106585622805  2.403803914770634e-16     0.7071065856228049 -8.940157194742302e-18                     -0
                     0    0.01440465962227043   -0.03209795187407087   0.001826437147531799    -0.9696760133004803  3.756488121354775e-15    -0.2413084973492322  -0.004890237073144017    0.01443958618223162  -0.004890237073144071  -0.001095100163357099                      0
                    -0     0.2074156654580257 -0.0002686760167314179    -0.6361846289332095     0.1264419530151076 -4.044157951877197e-17    -0.4927547634139191    -0.1541374648656815    0.06223470567336952    -0.1541374648656815     0.4919990735304747                     -0
                     0    -0.5341991728505976  9.965107972285996e-06  -0.009035725327377569      0.116236814368185  2.946738071320028e-19    -0.4836501580801548    -0.3258735433007147  -0.001729019340197902    -0.3258735433007147    -0.5047088318171326                      0
-0.0004094852327609335     0.5948359551322329  0.0001716145972786252     0.3965573034214887   0.007956552507639178                     -0    0.02669061896201518    -0.4937685815265479   0.001002928617941928    -0.4937685815265479   -0.02282035309985437                     -0

21.36983834610914
39.12246131896973
34.76656227536987
 71.9398078918457
 62.6074370539047
134.1940002441406
69.64575562870587
154.1949996948242
80.15213073313308
187.6740036010742
 97.0122021933486
221.5279998779297

0.4099509401518198

-1.501485890497317e-06       340.939448694973     -22021.62522538828      142.7729965831632      757.2815082578082       5794272253775527      32.40299119599364  5.520233346993236e+18     -1847.549605460026 -5.520233346993235e+18      68.07211072787624                      0

 3.710077985930609e-19 -1.855038992965304e-19 -2.608648583857459e-20                      0   3.62312303313536e-22 -1.449249213254144e-21                      0 -7.420155971861217e-19  5.217297167714918e-20  5.565116978895913e-19 -1.484031194372243e-18    0.01218211227650625

cov:
 5.570780872030257e-07 -0.0008092357173673961 -2.334705233287597e-07 -0.0005394904782449307 -1.082437337678992e-05                      0 -3.631085511282634e-05  0.0006717401139551011  -1.36441930351723e-06  0.0006717401139551011  3.104560955336447e-05                      0
-0.0008092357173673961      1.175530794167571  0.0003391493773856415      0.783687196111714    0.01572395280991687                      0      0.052746718207824     -0.975798735380522    0.00198201447738742     -0.975798735380522   -0.04509819484044593                      0
-2.334705233287597e-07  0.0003391493773856415   9.78471178736913e-08   0.000226099584923761  4.536477336011269e-06                      0   1.52178205182512e-05 -0.0002815251928745517  5.718259183939757e-07 -0.0002815251928745517 -1.301116463919132e-05                      0
-0.0005394904782449307      0.783687196111714   0.000226099584923761     0.5224581307411427    0.01048263520661125                      0      0.035164478805216    -0.6505324902536813   0.001321342984924946    -0.6505324902536813   -0.03006546322696396                      0
-1.082437337678992e-05    0.01572395280991687  4.536477336011269e-06    0.01048263520661125  0.0002103243004736194                      0  0.0007055424767201625   -0.01305232780223765  2.651151485408835e-05   -0.01305232780223765 -0.0006032354839209116                      0
                     0                      0                      0                      0                      0                      0                      0                      0                      0                      0                      0                      0
-3.631085511282634e-05      0.052746718207824   1.52178205182512e-05      0.035164478805216  0.0007055424767201625                      0   0.002366774477963177   -0.04378463003950059  8.893408802328578e-05   -0.04378463003950059  -0.002023580995693976                      0
 0.0006717401139551011     -0.975798735380522 -0.0002815251928745517    -0.6505324902536813   -0.01305232780223765                      0   -0.04378463003950059     0.8100027465843596  -0.001645254407741898     0.8100027465843596    0.03743565180222611                      0
 -1.36441930351723e-06    0.00198201447738742  5.718259183939757e-07   0.001321342984924946  2.651151485408835e-05                      0  8.893408802328578e-05  -0.001645254407741898  3.341793688488724e-06  -0.001645254407741898 -7.603822504802939e-05                      0
 0.0006717401139551011     -0.975798735380522 -0.0002815251928745517    -0.6505324902536813   -0.01305232780223765                      0   -0.04378463003950059     0.8100027465843596  -0.001645254407741898     0.8100027465843596    0.03743565180222611                      0
 3.104560955336447e-05   -0.04509819484044593 -1.301116463919132e-05   -0.03006546322696396 -0.0006032354839209116                      0  -0.002023580995693976    0.03743565180222611 -7.603822504802939e-05    0.03743565180222611   0.001730152189936507                      0
                     0                      0                      0                      0                      0                      0                      0                      0                      0                      0                      0                      0

cov.inverse():
nan nan nan nan nan nan nan nan nan nan nan nan
nan nan nan nan nan nan nan nan nan nan nan nan
nan nan nan nan nan nan nan nan nan nan nan nan
nan nan nan nan nan nan nan nan nan nan nan nan
nan nan nan nan nan nan nan nan nan nan nan nan
nan nan nan nan nan nan nan nan nan nan nan nan
nan nan nan nan nan nan nan nan nan nan nan nan
nan nan nan nan nan nan nan nan nan nan nan nan
nan nan nan nan nan nan nan nan nan nan nan nan
nan nan nan nan nan nan nan nan nan nan nan nan
nan nan nan nan nan nan nan nan nan nan nan nan
nan nan nan nan nan nan nan nan nan nan nan inf

cov*(cov_.inverse()):
nan nan nan nan nan nan nan nan nan nan nan nan
nan nan nan nan nan nan nan nan nan nan nan nan
nan nan nan nan nan nan nan nan nan nan nan nan
nan nan nan nan nan nan nan nan nan nan nan nan
nan nan nan nan nan nan nan nan nan nan nan nan
nan nan nan nan nan nan nan nan nan nan nan nan
nan nan nan nan nan nan nan nan nan nan nan nan
nan nan nan nan nan nan nan nan nan nan nan nan
nan nan nan nan nan nan nan nan nan nan nan nan
nan nan nan nan nan nan nan nan nan nan nan nan
nan nan nan nan nan nan nan nan nan nan nan nan
nan nan nan nan nan nan nan nan nan nan nan nan
