10
1

1.366319098948683e-09
  0.02371249470691588
  0.03042132855559556
  0.04034533258546905
   0.1900567914069981
   0.3883979029736311
   0.5104830486204529
    1.624288873992217
    1.928904242257425
    3.654397606889647

                     0 -7.323157805537613e-17 -4.403212601642303e-14  1.683805830581635e-14  1.049234622043473e-13                     -1  2.476853871613963e-15 -2.629728070302853e-15  1.993693763641729e-13 -1.644268270689216e-15
   0.01760771726939468   -0.01113701185656983    0.07108825143650165   -0.02589712145115414    -0.8180878870230273  2.398603060003124e-14   0.002016609214678048  -0.007163250900210185     0.5683637893930634    -0.0384859455448941
  0.002149984815467475 -0.0009581552583097239      0.232014321579545   -0.08861452963961279    -0.5371422308477649 -2.287285625919725e-13   -0.01034511250572243    0.01048207918940255    -0.8059569953971503   0.002435014563247211
  0.008527299607172977  -0.003018130623182819     0.9014431617644239    -0.3456181896126518     0.2029283121918875  8.101420812375058e-15   0.009244929572999242  -0.009023055496600424     0.1619983279860085    -0.0166200707991186
  -0.05542591035255354    0.04367588574473454    0.01247206390069363   -0.02058978212670366   -0.02800748152229674  2.354987186834879e-17    0.01089169477006417   0.002404782852164688     0.0272222865425322     0.9963889853158152
    0.8844670588305779    -0.4116294268271782  -0.003201491582694532    0.02314704226444715     0.0131989174626848  2.870807194352908e-18      0.125400909798273    -0.1646436077487574    -0.0129614282215594    0.06751359792722143
   -0.1838182254269417    0.09065697367557211    -0.0182642424524266   -0.02741370079755143  -0.007805835539298178  4.866092353125635e-18     0.6538791951793294    -0.7270882604876662   -0.01554849627796933   -0.01972440997289559
    0.4200574308912277     0.8820843673745112   -0.07461622439028638    -0.1919480415057451  -0.002001671729417963  3.457064094342672e-21    0.03129842387574835    0.04155401575100971   0.001112143076258764   -0.01886056447569371
  -0.06341317827468061    -0.2027651957467516     -0.348014821681593    -0.9077442326383478 -0.0001399738443531857   6.12688289389108e-21    0.05370562948110862      0.082280521793447  0.0001376839377363152  -0.009834569768101504
 6.999640173583309e-05   -0.03338156854563985    0.03653436282258996    0.09731388921967263  -0.002635386645640046   3.10351475421998e-21     0.7433286878326951     0.6599166149887454  0.0006349371243824395  -0.006788812769699684

35.39088690570536
49.43728159709148
68.45962354197094
107.8576445981681
85.15334016964022
134.4140014648438
94.78001495806443
156.1889718297017
107.5216346628166
182.6756935579231

0.5636287386944695

 -0.01015950113080052  0.005217350224652462  0.006117403092771839 -0.002199523805335118   0.01968351609913434    -1.054347739245285   -0.0007262850778683 0.0008058684357093749 0.0007868985150663575 0.0003601664708439363

 1.968285754998269e-18 -8.671437487136987e-06 -8.887002291210217e-06  1.672371160166035e-05  2.657050185620634e-05  -0.001682567769366532  0.0002749861100057424  0.0007011152775887254  -0.001952905795905096  -0.003035571860665724

cov:
    0.6074136871116197     0.9660217926633136 -0.0001118770381397616   0.005976145947333783 -3.085134475641833e-06                      0   0.008097759187370924    0.04011192428453757  0.0001678333898683964   -0.01063073140004062
    0.9660217926633136      2.248423882859989    0.07239717843728606     0.1926204645445358  -0.004421458396663724                      0    -0.2913752533866562    -0.2665084294580771   0.002678097850963844   -0.03653274692084923
-0.0001118770381397616    0.07239717843728606     0.4846102923106972      1.260241200404129 -0.0005426301481611665                      0     0.2838134954829525     0.2107837496373894  9.246456367307282e-05    0.01361966703968202
  0.005976145947333783     0.1926204645445358      1.260241200404129      3.290000281777015  -0.001874005770957292                      0     0.7645403784220578     0.5633034932391457 -0.0001908154567288211    0.03358944581186377
-3.085134475641833e-06  -0.004421458396663724 -0.0005426301481611665  -0.001874005770957292  0.0008842506095032829                      0   -0.02743855841918174   -0.02234394252869765  0.0001426972887260886 -0.0004788153225497174
                     0                      0                      0                      0                      0                      0                      0                      0                      0                      0
  0.008097759187370924    -0.2913752533866562     0.2838134954829525     0.7645403784220578   -0.02743855841918174                      0      7.506041217978812      6.443774464995912   0.003549197551908253    -0.0726063700887466
   0.04011192428453757    -0.2665084294580771     0.2107837496373894     0.5633034932391457   -0.02234394252869765                      0      6.443774464995912      5.987402484838103   0.009017575494389193   -0.06276044894619986
 0.0001678333898683964   0.002678097850963844  9.246456367307282e-05 -0.0001908154567288211  0.0001426972887260886                      0   0.003549197551908253   0.009017575494389193  0.0009493306468182057  0.0007912327655591135
  -0.01063073140004062   -0.03653274692084923    0.01361966703968202    0.03358944581186377 -0.0004788153225497174                      0    -0.0726063700887466   -0.06276044894619986  0.0007912327655591135    0.03856530650262657

cov.inverse():
                nan                 nan                 nan                 nan                 nan                 nan                 nan                 nan                 nan                 nan
                nan                 nan                 nan                 nan                 nan                 nan                 nan                 nan                 nan                 nan
                nan                 nan                 nan                 nan                 nan                 nan                 nan                 nan                 nan                 nan
                nan                 nan                 nan                 nan                 nan                 nan                 nan                 nan                 nan                 nan
                nan                 nan                 nan                 nan                 nan                 nan                 nan                 nan                 nan                 nan
                nan                 nan                 nan                 nan                 nan                 inf                 nan                 nan                 nan                 nan
 0.3489098456159785 -0.1422275209220867   2.732635234886225  -1.130998497140055   4.205649662960129                  -0   1.966141736603162  -2.116246451564615    11.9262675284651  0.0466831132705824
-0.6981522485680934   0.354741110244004  -3.226489752687059   1.273661702394562   3.218688419175217                  -0  -2.116246451564614   2.503608092851996  -17.20790914282953  0.6568374422050155
  16.66782833257976  -10.66016881307824  -40.47307327977083   16.58193453427997  -338.9782550259388                   0   11.92626752846506  -17.20790914282946   1292.543382875122  -41.93058908615552
 -2.408555592793956   1.798510166859134  -13.11399009092065   4.516524785687246   51.74344160563582                   0 0.04668311327059275  0.6568374422050024  -41.93058908615544   30.32688813111982

cov*(cov_.inverse()):
nan nan nan nan nan nan nan nan nan nan
nan nan nan nan nan nan nan nan nan nan
nan nan nan nan nan nan nan nan nan nan
nan nan nan nan nan nan nan nan nan nan
nan nan nan nan nan nan nan nan nan nan
nan nan nan nan nan nan nan nan nan nan
nan nan nan nan nan nan nan nan nan nan
nan nan nan nan nan nan nan nan nan nan
nan nan nan nan nan nan nan nan nan nan
nan nan nan nan nan nan nan nan nan nan
