10
1

0.2531989042469221
0.8809693971429114
0.9481274965134173
 1.245740164780342
 1.472873922818382
 1.734463346059479
 1.988669503836198
 2.439330049083381
 4.906668565022367
  9.48615270625022

 -0.4927677763909246   0.1942364410427794   0.7670844149810051  -0.3078879941374509 -0.07030568371963394  0.03028003540038223 -0.09774402378130621  0.02792860754306048  -0.1335789395257367  0.04692124023123306
 -0.2598142827609454  0.03380803600776205  -0.1340640472784833  0.01876351286885083    0.343694307838232   0.4059500813238722   0.4027428112843146  -0.5820364542160861  -0.2077894322184472    0.293193480487365
  0.6475814195348366  -0.0587929716457751   0.3230798793370956  -0.2197032108828944  -0.3874339360440042   0.4386853336054056  0.07987421439397012   -0.259449481456533  0.08718090853439001  0.02621585719643049
 -0.4948830021256581 -0.08173712316853438  -0.2270360722567644    0.157869039951914  -0.6022001884825329   0.3970077497344552  0.09140446646453425   0.0712960938125981   0.3512710693715507  -0.1218702219759278
0.003106261028810474 0.003747496088552854 -0.06782293254355963  -0.1695149427186151   0.4969700979562157   0.6084977761612442  -0.4568505851093271   0.2797081485750081   0.2303495155974749  -0.0968618332781733
 -0.1082151555956401 -0.05740882091157529  -0.1411690118627879  -0.4535651450805745  0.05691571693935195  -0.2339989027124303  -0.1431558137867351  -0.5429520778369885   0.2605837408194601  -0.5640517347774265
-0.01190481600335647 -0.03180781452247782   0.2143541512046491   0.4966149913212685  0.02944037729679812   -0.133432655101614  -0.4790125355982995  -0.4199501448545022   0.4165143851268839   0.3290987858431595
 0.05841931883081203  0.07958710110973266   0.3129496771294065   0.5843154749978748   0.1774017680864775   0.1456418877059014   0.1964380201853925 -0.03559895844459492 -0.09637395553412155  -0.6701230738380569
-0.09963981192186701  -0.8436309733244652  0.05567596001448025  0.04441728567412075 -0.06126664517407406  0.06360649010939057  -0.2593119509240803 -0.05936743189848263  -0.4376426733635194 -0.05646507001356496
 0.01423987253377778   0.4781451364679991  -0.2572327541655369  0.08473607952174333  -0.2790534173694396   0.1270473420019077  -0.4990190678688829  -0.1840458726530786  -0.5592139810448753 -0.09055680385915608

35.56139884249558
 84.4299879449316
  55.094048031555
 130.705606962596
  66.181487585227
157.2610783434764
78.12450980880418
185.4560471186687
92.43175995022958
220.2323331178522

0.4235799265342088

  -0.02000034957645841   0.008387565055826197    0.01922951434923727  -0.007713138617638577  0.0001026303913728977  0.0003746230681355669  0.0005107168766399117 -0.0001951950984383367  0.0005198250441081002  -0.000451022256612843

 0.001825093682254702  0.002346661041426381 -0.004753808273907583   0.00618583104118085 0.0002756540278520809   0.00844606137337256 0.0004794293507475229   0.00858205925897355   -0.1122031526039475    -0.209147863099959

cov:
   1.138395416267217    2.699929107697809  0.04625594744779341  0.08508370206522432 0.004353450321381005  0.01506709080135397  0.01515011248417298  0.00330828825356334  0.02397267635606899 0.002202115547358001
   2.699929107697809    37.77629419360408   -12.03592014541927    3.023225352803915    -10.5829049032996    4.243158024040541   -16.03659044146454   -6.591366075119965   -15.36983477850701   -2.989299897138605
 0.04625594744779341   -12.03592014541927    7.088860346449632  -0.3117804212083399    6.695748927042273   -2.740864467170029     11.2355414443611    3.909245462503444    12.30352913926071    1.327753399922682
 0.08508370206522432    3.023225352803915  -0.3117804212083399    4.470213469137458   -1.843755764369654    1.392545599912211   -3.962446155218886   -1.717751359129627   -4.620951396336148    -1.66089648064747
0.004353450321381005    -10.5829049032996    6.695748927042273   -1.843755764369654    8.623670787411779   -2.945625963201479    12.54263372351746    4.699649960869452    14.51432732722111    1.669964975606809
 0.01506709080135397    4.243158024040541   -2.740864467170029    1.392545599912211   -2.945625963201479    3.260040854879962   -5.966960064917459   -1.494552164492134   -7.061072522535221   -1.579253014682588
 0.01515011248417298   -16.03659044146454     11.2355414443611   -3.962446155218886    12.54263372351746   -5.966960064917459    25.82415923452209    9.155207732140772    26.59364085060641    3.427118345021308
 0.00330828825356334   -6.591366075119965    3.909245462503444   -1.717751359129627    4.699649960869452   -1.494552164492134    9.155207732140772    5.225927460745561    9.042035046314078    1.886448966416291
 0.02397267635606899   -15.36983477850701    12.30352913926071   -4.620951396336148    14.51432732722111   -7.061072522535221    26.59364085060641    9.042035046314078    34.04569963243797    5.475687685295138
0.002202115547358001   -2.989299897138605    1.327753399922682    -1.66089648064747    1.669964975606809   -1.579253014682588    3.427118345021308    1.886448966416291    5.475687685295138    4.983117424618641

cov.inverse():
   4.503790203424101   -1.514054821334323   -5.538901268195815    2.171776201786376   0.3388011963384396  -0.1683476223444047   0.6537189660713072  -0.2083976465003963    1.037555533645725  -0.3882532957994123
  -1.514054821334323   0.6326360305818631     2.31078419432398  -0.9148752379779653  -0.1384076342467249  0.06680716252692007  -0.2737767233983158  0.08732421560620079  -0.4348155261530006   0.1601198877235701
  -5.538901268195807    2.310784194323981    9.388482890873201   -3.705143589812621  -0.9583585795868302    0.383932114100292    -1.21756474378992   0.3235235337707669   -1.583797879344365   0.5502450740372413
   2.171776201786382  -0.9148752379779664   -3.705143589812621    1.750378247883086   0.3527092164587841   -0.216919649756049   0.4844043094281709 -0.07404623876421765   0.6351365289309283  -0.1691157519118214
  0.3388011963384467  -0.1384076342467273  -0.9583585795868382   0.3527092164587872   0.7514205624278332 -0.05879546767280486   0.1127802370749965  -0.1538867310002664 -0.05863825854770877  0.06441017134374047
 -0.1683476223444047  0.06680716252691954   0.3839321141002888  -0.2169196497560477 -0.05879546767280438   0.7395777125747621   0.1294245015447726  -0.2660500221324938 -0.01338348942325056   0.1460564277602334
  0.6537189660713082  -0.2737767233983162   -1.217564743789919   0.4844043094281709   0.1127802370749951   0.1294245015447719   0.5435846313033004   -0.345186657445963  0.01754232823994418  0.06212530180948372
 -0.2083976465003999  0.08732421560620202   0.3235235337707712 -0.07404623876421937  -0.1538867310002662  -0.2660500221324935  -0.3451866574459639     0.70620385515621  0.02985557167715013  -0.1539040726231388
   1.037555533645724  -0.4348155261530007   -1.583797879344365   0.6351365289309284 -0.05863825854770992 -0.01338348942325104  0.01754232823994421  0.02985557167715075   0.5258127542959224   -0.213346152258324
 -0.3882532957994105   0.1601198877235697   0.5502450740372393  -0.1691157519118206  0.06441017134374111   0.1460564277602335  0.06212530180948406  -0.1539040726231392  -0.2133461522583238   0.3685972656192383

cov*(cov_.inverse()):
     1.000000000000008  6.842942011642261e-16  -1.19672067394605e-14 -3.702658839255246e-15 -1.622373025852997e-15  1.532790821351382e-15    -2.655211120417e-16  7.652841034488933e-16  1.264342363443971e-15 -8.539176310495833e-16
  1.06581410364015e-14      0.999999999999998 -4.440892098500626e-15 -5.218048215738236e-15   3.33066907387547e-16  2.775557561562891e-16  2.442490654175344e-15 -8.881784197001252e-16  1.443289932012704e-15 -2.220446049250313e-16
 7.327471962526033e-15  1.193489751472043e-15     0.9999999999999986  5.551115123125783e-15 -1.942890293094024e-16   1.02695629777827e-15  3.469446951953614e-16  7.216449660063518e-16  9.992007221626409e-16 -8.326672684688674e-16
-4.440892098500626e-16 -2.775557561562891e-16  4.662936703425657e-15      1.000000000000001  4.302114220422482e-16 -2.775557561562891e-16  1.387778780781446e-16 -2.220446049250313e-16 -1.110223024625157e-15   3.33066907387547e-16
-8.881784197001252e-16  1.887379141862766e-15 -5.773159728050814e-15  1.088018564132653e-14     0.9999999999999988   6.38378239159465e-16  7.355227538141662e-16  4.996003610813204e-16  1.165734175856414e-15 -6.661338147750939e-16
-2.331468351712829e-15 -8.326672684688674e-16  2.331468351712829e-15 -1.720845688168993e-15   3.05311331771918e-16                      1   3.05311331771918e-16 -4.996003610813204e-16 -1.387778780781446e-15   3.33066907387547e-16
 6.217248937900877e-15  2.442490654175344e-15  9.325873406851315e-15   7.66053886991358e-15  7.771561172376096e-16  1.221245327087672e-15      0.999999999999998  -3.33066907387547e-16 -3.219646771412954e-15  1.110223024625157e-15
 2.775557561562891e-15  1.609823385706477e-15  1.998401444325282e-15   3.05311331771918e-15 -2.775557561562891e-16  6.106226635438361e-16   -1.1518563880486e-15      1.000000000000001  4.440892098500626e-16  1.110223024625157e-16
 8.881784197001252e-15  1.887379141862766e-15  1.598721155460225e-14  7.438494264988549e-15  2.220446049250313e-16 -2.220446049250313e-16 -1.110223024625157e-15  1.554312234475219e-15     0.9999999999999998  4.440892098500626e-16
  3.33066907387547e-15 -2.220446049250313e-16 -6.217248937900877e-15  1.332267629550188e-15  2.775557561562891e-16                      0  1.665334536937735e-16  1.110223024625157e-16  8.881784197001252e-16     0.9999999999999996
