12
1

0.07183272179507154
 0.2346679120508453
 0.6597619370958678
 0.9642372989598401
  1.026317808756362
  1.468533026758995
  1.647398254022175
  1.820114693936733
  1.947982684407897
   2.10048956168993
  5.493461928640375
   11.2409952446294

    0.3684257391100711    -0.2418621237026493    -0.6813697335929121     0.4482383643153903     0.3135576716792262    -0.2055746135094249   0.001125759727097886 -0.0007651552373899169   0.001089301001765788 -0.0001341232828748197 -0.0006453560457186042  0.0001836913962301299
    0.4504695643938348     -0.275546104522779   -0.07622854251706836    0.04501797284544826    -0.6902598651462766     0.4306007780788799     0.1445597622023174   -0.09027477451792931    0.05998030628867308   -0.06232145902934279    0.09644349686938478   -0.07488916144002089
   -0.2649027761453573    0.08822234387792978    -0.1494025129258544    0.05254135153605056   -0.01738823983348945      0.010994332248687     0.8463796796743007    -0.3273260696601338   -0.04033721255182122    0.09422227981983249    -0.1864058684147837     0.1666895676405096
    0.5124562528224951    -0.0162239591046591     0.4363812724310955   -0.01162534506420589     0.3275967523977948   -0.03555939161642818     0.2736995072776067   -0.03612353388438733    -0.3066368676991939     0.3769032645380158     0.1573283793319747    -0.3176896561498769
    -0.420464685667235   -0.02416160800566215    -0.3429833327793011   -0.01656260423114113    -0.2356462656836072    0.01212152192272919    -0.1266601751273993   -0.01818158980419689    -0.3709624060986368      0.465433255432695     0.2242683412126012    -0.4776262173657733
   0.01125336386237615    0.01293443398423822   -0.01849333678478039   -0.01952667125843711   -0.02266130119397278   -0.01514550964140699   -0.03320592897941436    -0.1021939598085844    -0.7172190973771994    -0.3435972781829618     0.4027378060021932     0.4382163210650728
   -0.3267588190226297    -0.4518668393506865     0.1142398874327866     0.1492782400928808     0.3433720631692969     0.4164714837945193     0.1858029119237621     0.1873411889454531    0.05915549982652315    -0.3802664405852204     0.2378151688488636    -0.2967827177862421
   0.08598053893057547     0.1536420790203379   -0.03015191263270069   -0.03994782632943505   -0.08363463984299543    -0.1413840467580648    0.01026474972359132   -0.06171977412487686    -0.3427884968095999    -0.5211733763423119    -0.5311471037339914    -0.5141543610564374
   -0.1347694790935326    -0.2487293785930998     0.2757323622124403     0.4425269297969165    0.04873937883615186     0.1771568728124217    -0.3384356295902219    -0.5961152813410489    -0.1153428743469196     0.1533973762314383    -0.3112476003870943      0.103684489969946
    0.1365799167576328     0.1754539508557602    -0.3301874466614775    -0.5137074991994822     0.3663910619226489     0.5720052878980617    -0.1436803679725724     -0.289630410845793   -0.01355278096972562    0.04286691409124754   -0.09706518501999929     0.0154113527860484
  -0.02411925861404287    -0.4740473338693576    -0.0120080873475557    -0.2195148753263652   0.001226087260672284    0.07596494133929682     0.0286003234244351     0.4780432647925124    -0.3082761643526922       0.24566426487254    -0.5092092203968109      0.276715991889421
  0.008657983688999711     0.5582282502371119   0.006247415496181186     0.5115782611153501   0.006297427086179973     0.4612777471287425   0.007550000112327101     0.4073792094260073    -0.1385871559836066    0.09247373490328092    -0.1201698384967372    0.07432826256693544

22.68362296819075
33.32965090349555
35.55147955083882
52.83211383700014
50.56342280341628
75.61285827780165
68.39487220127984
102.8005445689611
87.20490032766722
131.1887574201835
103.1600269140246
156.0695317444758

0.6642147758614516

  -0.02244872650788802    0.01481157391714424  0.0005632535018285271 -0.0003558421437311828    0.02072845136278752   -0.01359233760296741  0.0005483195599132646 -0.0001590367693526397  0.0006384606516385184 -0.0003430815208067007  0.0001845575899885466 -0.0004970645280207742

-1.600230923198539e-05  -0.001883650537664674   0.003038960768122785  -0.003907540326812876   0.003855293809433284  -0.001755174267618273   0.006899231568165441   0.002199098666903805  -0.009048441360575201  -0.003230954894844308    -0.2410837138685959     0.1915703088117413

cov:
   0.9655875281728422     1.618984020514397  -0.06088855670688073   0.03706394977611161    0.1189132669665364    0.2801938435689469  0.003781649413266746   0.06819970480682959  -0.01957970904622451   0.01120363117605853  -0.01303785193591883  0.002626208873191462
    1.618984020514397     47.16980818784214  -0.06092707124667447     38.20799534054925    0.2104734678224356     31.13757574406107    0.1374560999555868     21.96100609692798    -5.522511177103002     3.075358997694846    -1.540657111897981     1.337318166874829
 -0.06088855670688073  -0.06092707124667447     1.131364567885087     1.741925748275893   -0.1415473364385541   -0.1880833121478354  0.009861776074439882   0.02848243685598298 -0.005469095495393098  0.008799033705331912   0.01066324046601051   0.01943258657390579
  0.03706394977611161     38.20799534054925     1.741925748275893     36.50092416857453   -0.1993016646382534     28.50527434187051      0.15021577595384     22.90420061258509    -6.970923537750878     4.429988296116578    -4.557477904821197      3.05561243230181
   0.1189132669665364    0.2104734678224356   -0.1415473364385541   -0.1993016646382534     1.135767114568959     1.724695317646124  -0.01296212862928177   -0.0404987200493503   0.01693322793290553  -0.01190333836122602   0.01015452341322398  -0.01867925224108459
   0.2801938435689469     31.13757574406107   -0.1880833121478354     28.50527434187051     1.724695317646124     29.17259186293985     0.118607407447093     23.95040058836723    -8.638821979923145     5.982486394586961    -8.122419624649813     4.969823801289349
 0.003781649413266746    0.1374560999555868  0.009861776074439882      0.15021577595384  -0.01296212862928177     0.118607407447093     1.053541189798336     1.722016704808271   -0.2149580378929579  -0.04075317565240585  -0.07767123902018672   0.01199447253068892
  0.06819970480682959     21.96100609692798   0.02848243685598298     22.90420061258509   -0.0404987200493503     23.95040058836723     1.722016704808271     29.76447817089909    -11.02198749635342     7.856773210265338    -12.54664855353514     7.418045192847639
 -0.01957970904622451    -5.522511177103002 -0.005469095495393098    -6.970923537750878   0.01693322793290553    -8.638821979923145   -0.2149580378929579    -11.02198749635342      7.08756998651412    -3.203482572484754     6.873224583754133    -3.789829111106474
  0.01120363117605853     3.075358997694846  0.008799033705331912     4.429988296116578  -0.01190333836122602     5.982486394586961  -0.04075317565240585     7.856773210265338    -3.203482572484754     4.910443561320323    -4.848529627922121     3.514166858277975
 -0.01303785193591883    -1.540657111897981   0.01066324046601051    -4.557477904821197   0.01015452341322398    -8.122419624649813  -0.07767123902018672    -12.54664855353514     6.873224583754133    -4.848529627922121     11.58843441318511    -4.589455075350454
 0.002626208873191462     1.337318166874829   0.01943258657390579      3.05561243230181  -0.01867925224108459     4.969823801289349   0.01199447253068892     7.418045192847639    -3.789829111106474     3.514166858277975    -4.589455075350454     4.926204589927693

cov.inverse():
    30.6530811205319   -19.50307439624513   -48.84043366468553    32.29070207928417    16.99318565846959   -11.22954977900818    0.934497244129021  -0.6193795401099624   0.5561913341167377  -0.5286096794554755   0.8216023564815531  -0.6641178171844621
  -19.50307439624507    12.84990185757858    32.23775290589818   -21.29487338002428   -11.29722361172243    7.419893623129229    -0.62102840672889   0.4094535322897569  -0.3642917989659137   0.3452468716124034  -0.5357942076006178   0.4343877903556301
   -48.8404336646846    32.23775290589735     90.4981179434071   -59.19273191568977    -40.2217995773536    26.51465650314537  -0.4753966001672258   0.3148268266153849  -0.2316431681886991  0.09651337593445861  0.01275051015216293  0.02331444936670735
   32.29070207928316   -21.29487338002373   -59.19273191568978    39.10548485716294    26.65478988429599   -17.52432856358937   0.3041810551135004  -0.2046884542835037   0.1521469481012877 -0.06329125587367498 -0.01115342273236327 -0.01916762072445952
   16.99318565846772   -11.29722361172126   -40.22179957735139    26.65478988429453      27.951891102436   -17.79909509751004    -1.64528275851943    1.084128897478473  -0.6880184826799212   0.7721274454479778   -1.208193313333579    0.911565653071616
  -11.22954977900695     7.41989362312846    26.51465650314393   -17.52432856358842   -17.79909509751005    11.71332163324532    1.088935875834017   -0.713084319721677   0.4523654442537749  -0.5086692772056799   0.7991854108308863  -0.6009059146546862
  0.9344972441291642  -0.6210284067289861  -0.4753966001674985   0.3041810551136804   -1.645282758519303    1.088935875833932    2.169400784696715  -0.8047682537027852  0.05805651627792364  0.03736853927380143  -0.0512104873069724  0.05333686149862176
 -0.6193795401100609   0.4094535322898193   0.3148268266155614  -0.2046884542836204     1.08412889747839  -0.7130843197216221  -0.8047682537027852   0.5364306105711086 0.008298152047275419 -0.01432741284428486  0.02622613857244514 -0.02637136888440628
  0.5561913341168507  -0.3642917989659902   -0.231643168188921   0.1521469481014344  -0.6880184826798127   0.4523654442537033  0.05805651627792344 0.008298152047275544   0.5832076540049612  -0.2123564254284369 -0.06739153587688819  0.07089735390545493
 -0.5286096794556071    0.345246871612489  0.09651337593469969 -0.06329125587383395   0.7721274454478668  -0.5086692772056065  0.03736853927380096 -0.01432741284428453  -0.2123564254284376   0.6480788701652023 -0.01828862731188866  -0.1597036166947982
  0.8216023564817558  -0.5357942076007508   0.0127505101517921 -0.01115342273211844   -1.208193313333412   0.7991854108307755 -0.05121048730697184  0.02622613857244483 -0.06739153587688676 -0.01828862731188904   0.5407625796355375   -0.233331036581795
 -0.6641178171846127   0.4343877903557273  0.02331444936697755 -0.01916762072463777   0.9115656530714944   -0.600905914654606  0.05333686149862136 -0.02637136888440609  0.07089735390545375  -0.1597036166947977   -0.233331036581795   0.6975765965451793

cov*(cov_.inverse()):
    0.9999999999999906 -4.860998756295309e-14  3.308811015977076e-13  1.524150882001481e-13  8.128307055210726e-14 -6.218680084768557e-14  1.910933434060014e-15  3.775029334268654e-15  2.745985947308349e-15  1.902178501517193e-15 -1.062734969470291e-15  3.283831540024096e-15
-3.930189507173054e-14     0.9999999999999342  1.646426051049588e-13  1.072510136257421e-13  5.906386491005833e-14 -2.065014825802791e-14  4.884981308350689e-15  7.494005416219807e-16  7.632783294297951e-16 -2.775557561562891e-16  2.220446049250313e-16 -5.551115123125783e-16
 2.177424907046088e-14 -7.056855100273651e-15     0.9999999999999435  2.604974612754885e-14  4.017619570362285e-15 -3.625572064791527e-15  3.575698764857194e-16 -1.849648906260271e-16  -4.75097391983148e-16 -5.494736610156536e-16  2.506675422786486e-16 -5.793976409762536e-16
-1.687538997430238e-14  9.237055564881302e-14  1.055266984906211e-13     0.9999999999998495  -7.72715225139109e-14 -8.548717289613705e-14 -4.385380947269368e-15 -1.387778780781446e-15 -7.882583474838611e-15 -4.440892098500626e-16 -7.327471962526033e-15 -1.332267629550188e-15
-1.585363784695204e-14  1.304512053934559e-15  6.288811702295782e-14  3.099191910049814e-15     0.9999999999999936  3.495467804093266e-15   9.17668718791731e-16  2.667137344314341e-17  9.606031248221569e-16 -3.252606517456513e-16  7.467984564080155e-16 -1.595945597898663e-16
 6.261657858885883e-14  9.636735853746359e-14 -2.554900735418641e-13  4.247990847972005e-14 -8.881784197001252e-15      1.000000000000022 -5.329070518200751e-15 -8.049116928532385e-16  4.996003610813204e-16 -1.110223024625157e-15  -3.33066907387547e-15 -3.108624468950438e-15
 4.302114220422482e-16  2.081668171172169e-17  4.879993978357255e-16   4.48100757888259e-16  1.838806884535416e-16 -6.409803243734302e-16                      1 -4.618701254788249e-17 -3.556183125752455e-17 -2.753873518113181e-17 -8.196568423990414e-17   7.28583859910259e-17
 1.865174681370263e-14 -2.575717417130363e-14 -2.368105711525459e-13   9.18709552877317e-15  3.375077994860476e-14 -8.881784197001252e-16  9.992007221626409e-16      0.999999999999994  -3.33066907387547e-16 -2.886579864025407e-15  1.332267629550188e-15 -3.552713678800501e-15
 2.486899575160351e-14 -1.354472090042691e-14  2.463307335887066e-14  4.024558464266192e-15  1.643130076445232e-14 -3.108624468950438e-15  -9.71445146547012e-16  2.914335439641036e-16     0.9999999999999996  2.220446049250313e-16 -1.221245327087672e-15  4.440892098500626e-16
 1.909583602355269e-14   5.10702591327572e-15  1.067201882420932e-14 -2.486899575160351e-14 -3.064215547965432e-14  4.884981308350689e-15  6.938893903907228e-16 -3.191891195797325e-16  2.775557561562891e-16     0.9999999999999997 -6.661338147750939e-16  4.440892098500626e-16
-1.243449787580175e-14  7.105427357601002e-15  4.202194148206218e-14  -1.71807013060743e-14 -1.865174681370263e-14  1.021405182655144e-14 -1.110223024625157e-16   9.71445146547012e-16 -4.440892098500626e-16  6.661338147750939e-16      0.999999999999998                      0
 1.154631945610163e-14 -8.881784197001252e-16  -2.86992651865603e-14  2.622901895676932e-15  1.509903313490213e-14  -1.06581410364015e-14 -6.106226635438361e-16 -4.440892098500626e-16 -4.996003610813204e-16  5.551115123125783e-16 -6.661338147750939e-16                      1
