10
1

0.03727430279057167
0.05243387144287134
 0.5203639959338477
 0.9032220658931354
 0.9460266259260937
  1.337573742920861
  1.475197047986438
  2.898428051667519
  4.291465016730657
  5.871949690630418

   -0.2574180432003136    0.07850581159034901     0.7664317949211967    -0.2332118030549719    -0.5113227261408846     0.1558688120675257   0.004570153308032801  0.0005461957493578044 -0.0003310031373218279 -0.0001902460604461318
    0.4899776440956636    -0.1495432702032571    -0.2673877650484651    0.08182795726773172    -0.6428695282879002     0.2005828686015923     0.4337459502607612    -0.1330181715679869  0.0009914579660601894   0.004647927904473825
   -0.4925157614768869     0.1054723884229602   -0.07015645630394426  -0.002304904908688204     0.1840672344199356    0.05714422267726337     0.7419177540413135    -0.1755663331359533    -0.3291499969098011     0.1209344388452141
    0.4731746245767871  -0.001666002559830461      0.337038765527258   -0.02904842160818363     0.3055723443751199    0.07580833281724869     0.2348302292876568       0.46992825903096    -0.1263628124979092     0.5201897079422466
   -0.4122940852021404    0.01432570808161448    -0.3721360103327976   0.007054885903887109    -0.3957157434870073    -0.1437970210160107    -0.1140981140792482     0.5567433899334426    0.05947354493313919     0.4329967234047738
   0.02223403634271885   0.001069443634481366   -0.02479728134038601    0.03347766818286337   -0.06291947218273376    0.01411101820653692    -0.3382095963151798    -0.6048174786442144    -0.2542041681932559      0.669926257908108
    -0.152253828053526   -0.08669245784201744    -0.1443132475276773    -0.1153658014213594     0.1688336256881436     0.8862182165878536   -0.08170948077978386    0.01556035994667769     0.3235494003703406    0.09837331416924876
    0.1504462496913712     0.2909812908234629    -0.2483345394605767    -0.8052123141999465   -0.01933718006825527    0.05667741159829828    -0.1042996704656999    0.06262849108753307    -0.3870126414286937    -0.1203873357830403
  -0.04753728432627565    -0.2426003710731124    0.01846186216200521     0.3609255426668145   -0.06004629872405201     0.3003959557673709    -0.2420508578691201     0.2228503537574295    -0.7436614227590741    -0.2305443145110219
    0.0929300705144247     0.8994995520158775   -0.02513396910830941      0.380727467924807   -0.07055882359530195     0.1635529578190514   -0.05204598930060584    0.03249067805893704  -0.006281251508158261   -0.03387382174800404

22.73511674999605
69.31090813083875
35.06012351325682
109.7126520977354
41.42096541549428
130.5673731810185
57.67068698564655
183.7880710300037
 81.8182920371504
262.9669956983505

0.3063513615027068

 -0.007440360801294853   0.002278387285733566  -0.002501284906408286  0.0007651576935004957 -6.893523144664674e-05  -2.19188739232631e-05    0.00994290357023199  -0.003000557932578541  -7.08817344454583e-05 -8.832276967882377e-05

1.032517526066406e-07 4.113953959552816e-06  0.003244156525833198 -0.002875330108157386  0.001091354911233174 -0.002970753869656876 0.0006228190473087057  -0.01376209041575652  -0.05476733199184943   0.03799316655198118

cov:
   0.9820858152164983     3.470884543987926  -0.08759312717015016  -0.08750396917294316   -0.0176581368478988    0.1145435241139895  -0.03866996639551415  -0.04184924156311579 -0.002346403309459203  -0.03989220471278952
    3.470884543987926     29.71242323789432    -1.448919009652762     8.249010416458757    -1.999336174710319     3.701386576495313   -0.7536896780322495    0.1625553173663376     2.111741682841312   -0.3238025525627351
 -0.08759312717015016    -1.448919009652762     0.811521155918797     1.496775688153994    0.2430855529518706   -0.3691219350968218    0.3092250724772397   -0.1138760589074035    0.4213561501252445    0.1380298010372361
 -0.08750396917294316     8.249010416458757     1.496775688153994     12.87570541890051     -1.25056819801958     3.535983766323527    -1.593012989474347      1.43649112492314    -2.500543658356703    -1.156994924083079
  -0.0176581368478988    -1.999336174710319    0.2430855529518706     -1.25056819801958    0.5373112417622846   -0.3430712631873494    0.5544441064726066   -0.3503974163174016    0.9790542714762566    0.2999960704149385
   0.1145435241139895     3.701386576495313   -0.3691219350968218     3.535983766323527   -0.3430712631873494     4.344918548646397    -1.807455085452701     1.415281408596524    -3.736831241007415    -1.338827526953023
 -0.03866996639551415   -0.7536896780322495    0.3092250724772397    -1.593012989474347    0.5544441064726066    -1.807455085452701     1.689175569254595   -0.7456469322204674     3.665328181826849    0.8508687155836403
 -0.04184924156311579    0.1625553173663376   -0.1138760589074035      1.43649112492314   -0.3503974163174016     1.415281408596524   -0.7456469322204674     2.104910893267221     -2.97990164446157     -1.35963917479285
-0.002346403309459203     2.111741682841312    0.4213561501252445    -2.500543658356703    0.9790542714762566    -3.736831241007415     3.665328181826849     -2.97990164446157     11.83360348866525     3.279455030279823
 -0.03989220471278952   -0.3238025525627351    0.1380298010372361    -1.156994924083079    0.2999960704149385    -1.338827526953023    0.8508687155836403     -1.35963917479285     3.279455030279823     2.356698658488971

cov.inverse():
  136.3906819507991  -41.38169102035729  -189.1553191535634   57.77012505692137  -19.82339078400036   6.813875305483776   75.29417741160832  -23.48003184817921  0.7051963579081073  0.7456585960783325
 -41.38169102035739   12.65154633419619   57.81310150896149  -17.64719783135909   6.131843061601893  -2.116241410677826   -23.0465567989243    7.20478635699391 -0.2164440696700936 -0.2161250568228002
 -189.1553191535535   57.81310150895821   449.1277644727842  -136.5901228352461  -219.3087916172899   66.49111810454339   -39.6982289284452   13.25198678251981 -0.2779072308678466 -0.5659132669378804
  57.77012505691841  -17.64719783135809   -136.590122835246   41.67727313605491   66.66794683781696  -20.24200126975158   12.12960232360445  -4.074979898784084 0.09338133666527303  0.1680991210262116
  -19.8233907840147   6.131843061606486  -219.3087916172666   66.66794683780995   338.9309871926955  -104.0679742355498  -102.4550196894375   30.73458253115684 -0.3700189620176086 -0.9460379045852378
  6.813875305488127  -2.116241410679224    66.4911181045363  -20.24200126974944  -104.0679742355498   32.52965811129165   32.31361727557407  -9.720457597359015 0.05942318886726176  0.3626581655661278
  75.29417741161224  -23.04655679892553  -39.69822892845662   12.12960232360793  -102.4550196894301   32.31361727557183   70.63161835874037   -21.2906171797351 -0.7399839483816522   1.032783674896298
 -23.48003184818036   7.204786356994274   13.25198678252327  -4.074979898785138   30.73458253115456  -9.720457597358321  -21.29061717973508    7.37458125258945  0.2058818071845741 0.03615106289557426
 0.7051963579080783 -0.2164440696700848 -0.2779072308678492 0.09338133666527364 -0.3700189620175464 0.05942318886724253  -0.739983948381685  0.2058818071845839  0.5561470456366279 -0.2627809537319044
 0.7456585960783717 -0.2161250568228123  -0.565913266937987  0.1680991210262441  -0.946037904585174  0.3626581655661081     1.0327836748963 0.03615106289557353  -0.262780953731904  0.8630202381250746

cov*(cov_.inverse()):
     1.000000000000166 -1.559863349598345e-14 -1.920338887906325e-13  1.231653667943533e-14  1.164762730709867e-13 -2.378826302606996e-14  1.799255189283144e-14 -1.631767637677584e-14  3.122502256758253e-16   4.85722573273506e-17
 8.276712648580542e-14     0.9999999999999879 -1.273980920757367e-14 -3.299444051307887e-14   6.63358257213531e-14  3.240463453124676e-14 -1.892930256985892e-14 -2.623422312719725e-14 -5.273559366969494e-16  -3.33066907387547e-16
 4.042599588416351e-14 -1.416922135177856e-14     0.9999999999999348  7.251144129583054e-16 -2.331468351712829e-15  -1.57443502679655e-14  1.204591981718295e-14 -4.721917301608869e-15   3.05311331771918e-16  1.249000902703301e-16
-7.960299086562372e-14  2.703393064962256e-14 -7.760458942129844e-14     0.9999999999999466 -1.358912982141192e-13 -5.279110482092619e-14 -2.153832667772804e-14 -6.626643678231403e-15  1.665334536937735e-16  2.220446049250313e-16
 1.998401444325282e-14  3.289035710452026e-15 -5.023759186428833e-15 -1.942890293094024e-14     0.9999999999999776 -1.054711873393899e-15  1.215694211964546e-14 -2.232589113582151e-15  5.551115123125783e-17  2.775557561562891e-16
 4.218847493575595e-14 -6.883382752675971e-15 -1.265654248072678e-14  1.437738816889578e-14 -2.375877272697835e-14      1.000000000000033 -4.662936703425657e-15  -6.95971058561895e-15 -4.440892098500626e-16  2.220446049250313e-16
  5.10702591327572e-15 -3.691491556878645e-15 -2.753353101070388e-14  1.335043187111751e-14 -1.576516694967722e-14 -1.720845688168993e-14     0.9999999999999666  1.001976279724204e-14  7.216449660063518e-16  2.220446049250313e-16
 1.532107773982716e-14   3.33066907387547e-15 -1.265654248072678e-14   8.43769498715119e-15  2.642330798607873e-14   3.33066907387547e-15 -3.552713678800501e-15     0.9999999999999979  -3.33066907387547e-16 -4.440892098500626e-16
 -1.77191594730175e-13  2.720046410331634e-14  1.281197370417431e-13  7.771561172376096e-16 -1.865174681370263e-14 -4.440892098500626e-14 -6.705747068735946e-14   1.94844140821715e-14                      1 -4.440892098500626e-16
-1.398881011027697e-14 -7.105427357601002e-15 -3.375077994860476e-14  4.052314039881821e-15 -4.263256414560601e-14 -1.221245327087672e-15  3.552713678800501e-15  2.262079412673756e-15  1.110223024625157e-16                      1
