10
1

0.7569402587933555
0.7781287213027468
0.9118691599575375
 1.057302191078207
 1.183730256865869
 1.436799335220142
 1.744794633435971
 2.090631405198967
 5.139216832790628
 6.617020515318651

     0.36963865264272   -0.0796439634847784   -0.2388864192749136    0.8683039525665991   0.02590136189045639    -0.156479319229577   0.06915111720154213   0.04493735565714492    0.0672129157754445  -0.09762250412222009
   0.6572391904407349   -0.1085150771182039   -0.2391422537336659   -0.2841378504204722   -0.3679098306495071    0.4276483644959624   0.01256973123419336   -0.2377452606184048    0.1479142323533331   -0.1467569237117778
  -0.4960870483316142   0.02341791637401678   -0.0495035756358885    0.3299831277743486   -0.3569420763199439    0.5146479195856601    0.2362859447677787   -0.3991197355041365   -0.1296259247029042    0.1334509451207757
   0.2584230430384306   0.02577811997260236   -0.1066906882256851   -0.1385249677910773    0.1807160495917642    -0.250674672206933    0.5916331744129047    -0.266992437899231   -0.4622728262643201    0.4140941040054458
  -0.1786543844075467  -0.04107151584507236   -0.3834078497782764    -0.115924181040884  -0.01720090000215244   0.08179919101640368    0.3989165615906336    0.4260084346967968   -0.3063387525429937   -0.6037447532120013
   0.2751345498717327    0.1480577662555539    0.7167117189779462    0.1468542805425459  -0.09074076331059709    0.2242122561364389  -0.02150390415771991    0.1520553787035207   -0.4962257703413582   -0.1970018180595082
   -0.084144741196078  -0.08221142080838664   0.02300872501604701   -0.0333273344795678  -0.07704486609939511   -0.4317027447762172   -0.2118113974595034     -0.65196176145465   -0.2099832356006369   -0.5274528369452862
   0.0365432464487872   0.07325362685473479   -0.2825508600928652   0.03294086288282866    0.6735628235516257    0.4332130269571559    -0.388112933098703     -0.15603740977527   -0.3096443077650897  -0.01261288585267418
 -0.01947111389107173   -0.2573664294966471   -0.2816418279914567 -0.005861034108505752   -0.4409256829797381   -0.1453100618212928    -0.470827212132753    0.2383163871133697   -0.5119428786755441    0.3129504411900851
  0.04591082787725417    0.9373890039300053   -0.2270395947362698  0.001066650329238919   -0.2033163443373174    -0.113193562032193   -0.1114829245379859  0.008704212490649144  -0.03103616456801634  0.005307374478814252

22.67470472965828
44.81535405352432
 64.5683088379802
133.3321997583402
74.51421644331718
154.7543841150855
88.33839879098039
184.4107620646433
104.6811678026482
219.4800921950538

0.4756675524964057

 -0.007800892178853687   0.003711348111750992    0.00146152514509544 -0.0009990593529134088   0.002117732284478196 -0.0002988540411471523   0.001949234257694123 -0.0009289108115713878   0.001566969535575006  -0.001082178642474899

-0.002286157521640881 -0.003552031482392672  0.002601683377321088 -0.001398946459166572  0.001808984274491599 -0.003515119080833479  0.002491990219691835 -0.001071875808701497   -0.1156663675651819   0.09244898907615369

cov:
   0.9498131834128742     2.081568827417354  -0.01568037152712651   0.02607571648544212  -0.04334961034133456     -0.01383033328775 -0.008687050298484794   0.01915939323737921 -0.006922656766052158  0.007574372840262663
    2.081568827417354     40.32680797670999    -7.236584359583529    0.1355439424684545    -5.118211518053599     -3.36571643275725    -1.458344542432335    -1.129415658472142     1.996812111700166    -1.778298415238399
 -0.01568037152712651    -7.236584359583529     6.051047810442286    0.1947745324178261     4.381651936052406     1.896914959256979     4.737299055716909    -1.639579186684827     3.944580605613317    -2.389435909850632
  0.02607571648544212    0.1355439424684545    0.1947745324178261    0.6652918173368069    0.0890956089840982    0.2066727853557819  -0.03257355886751648   -0.0208118771334656 -0.002146459576468657 -0.008979856372117611
 -0.04334961034133456    -5.118211518053599     4.381651936052406    0.0890956089840982     9.187996189643311     3.731557416561896     5.424595828080712    -3.079862966838324     5.389275530862361     -3.47839451028496
    -0.01383033328775     -3.36571643275725     1.896914959256979    0.2066727853557819     3.731557416561896     3.034716366716106     1.871141188393459   -0.4387427678413028       1.6498035085653    -0.806614775468917
-0.008687050298484794    -1.458344542432335     4.737299055716909  -0.03257355886751648     5.424595828080712     1.871141188393459      7.85848703113372    -2.344581006467691     6.701688497057488    -3.589645480187866
  0.01915939323737921    -1.129415658472142    -1.639579186684827   -0.0208118771334656    -3.079862966838324   -0.4387427678413028    -2.344581006467691      3.45331962804182    -2.783405480470231     2.455801558970013
-0.006922656766052158     1.996812111700166     3.944580605613317 -0.002146459576468657     5.389275530862361       1.6498035085653     6.701688497057488    -2.783405480470231     8.426084022659509     -3.66874585046734
 0.007574372840262663    -1.778298415238399    -2.389435909850632 -0.008979856372117611     -3.47839451028496    -0.806614775468917    -3.589645480187866     2.455801558970013     -3.66874585046734      4.25143991490879

cov.inverse():
    1.369739664874661   -0.1481578103178695   -0.2674517328335446   0.05841208954212587   -0.1299424857198616   0.03325247189641497  0.003165455568389974  -0.07017822816799515    0.1508745821888904    -0.141203945886929
  -0.1481578103178694   0.06961972246639979     0.127378524597663  -0.04821375355776788   0.06376067371527651  -0.01458400204225418 -0.003386246266107653   0.03023860183675085  -0.07196760129855292   0.06784326175525586
  -0.2674517328335448     0.127378524597663    0.5835382366959817   -0.1758479029208365   0.07334769749049376  -0.08405018353812005   -0.1918597881915773   0.06320422767314912   -0.0990138014739896    0.1414685191219416
  0.05841208954212559  -0.04821375355776787   -0.1758479029208365     1.618001882224575   0.04883775923795258   -0.1853206454396645   0.08431798067420118   0.03584427824729062   0.02841016777543941  -0.03588412800399858
  -0.1299424857198616   0.06376067371527651   0.07334769749049358    0.0488377592379526    0.5254187191087766   -0.4585943034454117  -0.06032456420135174    0.2511828604962527   -0.1140653437609041    0.1166420687932787
  0.03325247189641466  -0.01458400204225421  -0.08405018353811995   -0.1853206454396645   -0.4585943034454119    0.8539006497458759   0.01896882589399866   -0.2503124663826536   0.03974895192304016   -0.0720810781705146
 0.003165455568389945 -0.003386246266107704   -0.1918597881915774   0.08431798067420111  -0.06032456420135213   0.01896882589399908    0.5605389759510708  -0.07958807106865164       -0.301039469707    0.1046455035139143
 -0.07017822816799502   0.03023860183675085   0.06320422767314904   0.03584427824729065    0.2511828604962528   -0.2503124663826537  -0.07958807106865143    0.6402828390085777   0.04153311288009886   -0.1948209651722445
     0.15087458218889  -0.07196760129855286  -0.09901380147398926   0.02841016777543941   -0.1140653437609038   0.03974895192303977   -0.3010394697070002   0.04153311288009909    0.4880051719050813   -0.0287930553063265
  -0.1412039458869289   0.06784326175525589    0.1414685191219417  -0.03588412800399868    0.1166420687932786  -0.07208107817051448    0.1046455035139143   -0.1948209651722445  -0.02879305530632655    0.6010800642439389

cov*(cov_.inverse()):
     1.000000000000001 -1.119980844177526e-16  4.640385298237959e-17  2.483907177164291e-16  1.463672932855431e-17  3.590877595271991e-16  1.289116383085265e-16 -1.275021754842953e-16  1.359318473753701e-16 -1.066854937725736e-16
 2.775557561562891e-16     0.9999999999999997  -3.33066907387547e-16  2.081668171172169e-16  1.665334536937735e-16  2.775557561562891e-17 -5.551115123125783e-17                      0 -2.706168622523819e-16                      0
                     0 -1.110223024625157e-16                      1  2.775557561562891e-17  2.220446049250313e-16 -4.996003610813204e-16  -3.33066907387547e-16 -5.551115123125783e-17  -9.71445146547012e-17 -2.220446049250313e-16
 1.387778780781446e-17 -1.214306433183765e-17  1.864827736675068e-17                      1  1.799775606325937e-17 -2.569559148790646e-17  1.355252715606881e-17  1.149254302834635e-17  4.499439015814843e-18  4.336808689942018e-18
-1.665334536937735e-16  5.551115123125783e-17  5.551115123125783e-17  1.942890293094024e-16                      1 -2.775557561562891e-16  2.775557561562891e-16  1.110223024625157e-16  -6.38378239159465e-16  4.440892098500626e-16
  1.52655665885959e-16 -6.245004513516506e-17   9.71445146547012e-17  1.214306433183765e-16 -1.942890293094024e-16                      1  2.636779683484747e-16                      0  -4.85722573273506e-17 -5.551115123125783e-17
                     0 -1.942890293094024e-16 -6.661338147750939e-16  1.110223024625157e-16 -7.771561172376096e-16  9.436895709313831e-16     0.9999999999999999 -5.551115123125783e-16 -2.220446049250313e-16                      0
 2.775557561562891e-16 -2.775557561562891e-17  1.110223024625157e-16  2.775557561562891e-17 -1.665334536937735e-16  -3.05311331771918e-16  1.110223024625157e-16                      1  8.326672684688674e-17                      0
 -3.33066907387547e-16 -1.942890293094024e-16  4.440892098500626e-16  5.551115123125783e-17  1.110223024625157e-16 -3.885780586188048e-16 -6.106226635438361e-16                      0      1.000000000000001  4.440892098500626e-16
  3.33066907387547e-16  5.551115123125783e-17  1.110223024625157e-16 -2.775557561562891e-17 -4.440892098500626e-16 -5.551115123125783e-17  3.885780586188048e-16  1.110223024625157e-16  2.498001805406602e-16                      1
