12
1

0.07380284513308594
 0.2092016353468331
 0.6813704580654915
 0.7675410500890845
  1.000636022484649
  1.359697965913038
   1.57451980402692
  1.609346873453238
  1.850159845256071
  1.917074696138809
  4.917151061254362
  10.77863885533945

    0.3480551798567162    -0.2744302559307356    -0.6403306633211537     0.5054430475098749      0.291711243992696    -0.2301124603133952  0.0009215349361169317  1.292123923978819e-05  0.0005236171109780095 -0.0008993902440676214  0.0002099515362408363  -0.000650326945703437
    0.4286365906889284    -0.3228799056412905   -0.06376169272104165    0.04572638448469594    -0.6472123036873753     0.4920178571268522    0.07566899147729529   -0.06035698159956964     0.1250230593294548   -0.08669855389043173    0.07724397195291624   -0.08009150310786196
    0.1440553354973602   -0.05740973310000607     0.1168841081212984   -0.04283166600685546    0.07359183523733595   -0.04091844912140728    -0.7751873857821326     0.3431078550774739     0.4477275493703297    -0.1798178692038996    0.02026318594172372   -0.03901479562284177
    0.2324047076798386   -0.06682839390494684     0.1303099353754598   -0.04311386180423236    0.01779889701981446  -0.006356123256465597    -0.3399795806815126     0.1039038626443805    -0.7356444762301005      0.245984220841472     0.3135243200858659    -0.3097816532530304
   -0.6472133661693382  -0.009168030816230967    -0.5483876920341598  -0.006055616930411329     -0.399648630641021      0.036621775546073    -0.3111306529351772    0.01870162329857531    -0.1417475299017541  -0.009310602605300349    0.03656528880864315   -0.02316869363393403
    0.2740925435499439     0.2299273419602543   -0.01691339761584416   -0.03449721980388754    -0.2081559946903697    -0.1546743676390998    -0.2100027968293669    -0.1220278438516932     -0.371937623138573    -0.3323096448086605    -0.3260341859975739     0.6238749396610125
    0.3080057667417099     0.4528455462923311    -0.2290546735255894    -0.2651792658697018    -0.3487351061910026    -0.4611873689272883    0.06493450109773703    0.05176211713857212     0.1897358651824141     0.3215162991333504    -0.1054547672261957    -0.2925378018627398
   0.04218541048828311    0.06143877280030626   -0.06658869922936651   -0.08657439169912258   -0.04304756405578775   -0.07028370505021603    0.04901497456442764    0.07236612478127334     0.1524290163545419     0.2568892669669207     0.7455049645109953     0.5684011961997497
   -0.1478483568695191    -0.1483810340724376     0.4238500326779646     0.5766412808041568    -0.3294738269680368    -0.3787639769559144    -0.1407902772294996    -0.2949849071074178    0.08933815091671013     0.2734792992332942   -0.03171798375262211    0.03644861970460585
     0.085605325584587     0.1296964376507821    -0.1327868244290182    -0.1372394808280161     0.2348487939750797     0.3377997343372384    -0.3319160948533897    -0.6991279216500856     0.1246962282191326     0.3798882966932593   -0.09731888502327277    0.04286668135347612
   -0.0207698260570398    -0.3878264683333633  -0.006185267905808429    -0.1749530472268471   0.004888458688775224    0.06660474736941367     0.0159805669230989     0.3898617331144281   -0.03512262854927937     0.6020052911497121    -0.4528958043505412     0.3050347528383561
  0.009303655541535191     0.6013591071520683   0.005817521689923404      0.527013054124902   0.006336896587581337     0.4453605932984965  -0.001940722906515386      0.341896455586187   -0.01754684324733537     0.1955561806020231   -0.07211069565338891    0.03835143394451774

22.68904429501008
27.29833465552413
35.54706084723597
43.50101934968937
 50.5597388996252
62.43813007541391
 68.4510824238773
85.11898221455843
 88.2920373679443
110.1378247205633
104.1565589126104
130.6156180437186

0.7994932766666087

  -0.02693832555614116    0.02141397622115718  0.0006849721789249516 -0.0006208556791944316     0.0246053804177938   -0.01952837237860047   0.000484713818456554 -0.0001384442410590548  0.0005000875327472887 -0.0004322070901496858  0.0007487036058434595 -0.0002780617716141091

-2.359721981203695e-05  -0.001918717360079539  -0.001155605569125843  -0.004327706044806663   0.006139339900588987  -0.009421694387253574   0.004501834118726795   0.002278568905771904 -0.0003673672968907423   -0.00221738108279117    -0.2313702449339749     0.4131537654907985

cov:
   0.9705070049073916     1.416045954986942  -0.05901634734505846   0.09003317127415539     0.123314051855652    0.2891490909797252  0.009880234558895725    0.1126236857469524  -0.01082429315848042   0.02140632486333282 -0.007321550505217832  0.006666133471281255
    1.416045954986942     46.41311778200713  -0.09042252960970727     37.77752235239904    0.1990524967038397     30.24381766946634   -0.3448775856809504     20.05275566216891   -0.7867892229078135     8.316746564016837   -0.9741682137956335   -0.1371500773165654
 -0.05901634734505846  -0.09042252960970727     1.146564981695372     1.448362321165093   -0.1515311025042073   -0.1678873925796338   0.01770663901003572   0.06440996363513457  -0.01493933669843437   0.05153167304643148  -0.03315430364712515   0.04789583598539485
  0.09003317127415539     37.77752235239904     1.448362321165093     34.41481779939044   -0.1492782312979085     26.39863861049403   -0.3111142761891096     19.00263569076082   -0.9366332758062355     9.524604259494437     -2.59839646711605     1.141879196824106
    0.123314051855652    0.1990524967038397   -0.1515311025042073   -0.1492782312979085     1.147355030207925     1.490149026987522  -0.01571300882710735   0.02823313484399836   0.01266675164212916   0.05846614181448948  -0.03416163419709414   0.01659047140086096
   0.2891490909797252     30.24381766946634   -0.1678873925796338     26.39863861049403     1.490149026987522     24.65871461121056   -0.3210985541793093      17.7876231347395    -1.072063666689127     10.88584457631361    -4.460617127700471     2.533475901487354
 0.009880234558895725   -0.3448775856809504   0.01770663901003572   -0.3111142761891096  -0.01571300882710735   -0.3210985541793093     1.021815555512325    0.9831218856054705   0.02029729994997458     -0.17524483866332   0.09829161302405547  -0.09475773642626269
   0.1126236857469524     20.05275566216891   0.06440996363513457     19.00263569076082   0.02823313484399836      17.7876231347395    0.9831218856054705     19.45893943793221    -1.278529815743808     12.34096791500437    -6.628690207574335     4.154591693918448
 -0.01082429315848042   -0.7867892229078135  -0.01493933669843437   -0.9366332758062355   0.01266675164212916    -1.072063666689127   0.02029729994997458    -1.278529815743808    0.9879280464155419   -0.3141334948381151    0.8097818867130375   -0.5196334186951667
  0.02140632486333282     8.316746564016837   0.05153167304643148     9.524604259494437   0.05846614181448948     10.88584457631361     -0.17524483866332     12.34096791500437   -0.3141334948381151     14.67426439003347      -7.7406415291424     5.125836626767279
-0.007321550505217832   -0.9741682137956335  -0.03315430364712515     -2.59839646711605  -0.03416163419709414    -4.460617127700471   0.09829161302405547    -6.628690207574335    0.8097818867130375      -7.7406415291424     7.324968182243267    -2.941578835588611
 0.006666133471281255   -0.1371500773165654   0.04789583598539485     1.141879196824106   0.01659047140086096     2.533475901487354  -0.09475773642626269     4.154591693918448   -0.5196334186951667     5.125836626767279    -2.941578835588611     4.258462284292508

cov.inverse():
   27.08155783510782   -20.63550278878497   -41.15300427157125    32.65196616107563    12.53460422440748   -9.981453511907942   0.6025156412372672  -0.4692796271670604    1.168260340919417  -0.8679342177475345      0.8264681668941   -0.880735955111605
  -20.63550278878492    16.35660902255029    32.63964717740112   -25.87203272765159   -9.998066595796724    7.893803022370591  -0.4863775485678676   0.3698750524541136  -0.9263419942820378   0.6957548474246148  -0.6561480295828269   0.6966955986195594
  -41.15300427157005    32.63964717740019     75.8088180387592   -59.39983102509958   -33.12323438670742    26.29007677366945   -0.329320876050451   0.1686620284663403  -0.2275505947912808   0.2330035336150848 -0.08953340558275735   0.1370781717760008
   32.65196616107475   -25.87203272765085   -59.39983102509957    47.09548488650616    26.36589418398321   -20.85558804492561   0.2467401129215923  -0.1317674963306306   0.1847203470303098  -0.1837617309947308  0.06883737105503004  -0.1144605005651068
   12.53460422440575   -9.998066595795425   -33.12323438670541    26.36589418398162    25.48562664461194   -19.47970741151632   -1.072581645427023   0.9323970229231219   -1.703492305225227    1.202599751244177   -1.097078358942164    1.104043712744997
  -9.981453511906581     7.89380302236957    26.29007677366786   -20.85558804492436   -19.47970741151633    15.43337896802442   0.8616300149953308  -0.7403861646734701    1.339799549562998  -0.9557467706763624   0.8753948056541794  -0.8793005601430791
  0.6025156412373602   -0.486377548567934  -0.3293208760505928    0.246740112921705   -1.072581645426969   0.8616300149952879    1.780461739504222  -0.6509052933695915 -0.02759499023317331  0.01699534161711862 -0.03436569781114061  0.03958999518446805
 -0.4692796271671387   0.3698750524541715   0.1686620284664625  -0.1317674963307277   0.9323970229230769  -0.7403861646734344  -0.6509052933695917   0.5323466380378645  0.02680510735156704 -0.01984247547021719  0.01830700126118163 -0.01111880266630353
   1.168260340919631  -0.9263419942822008  -0.2275505947916578    0.184720347030609   -1.703492305225054    1.339799549562861 -0.02759499023317555  0.02680510735156914    1.832593255500187  -0.6013126072768875   -0.058523253636615  0.01113632574894358
 -0.8679342177476872   0.6957548474247349   0.2330035336153652  -0.1837617309949535    1.202599751244046  -0.9557467706762582  0.01699534161712092 -0.01984247547021911  -0.6013126072768871   0.5476828702828229  0.06454691459742154 -0.03395246003958229
  0.8264681668942422  -0.6561480295829368 -0.08953340558302025  0.06883737105523867   -1.097078358942036    0.875394805654078 -0.03436569781114264  0.01830700126118359 -0.05852325363661612  0.06454691459742211   0.5933827089576815  -0.2499743807410295
 -0.8807359551117546   0.6966955986196751    0.137078171776279  -0.1144605005653277     1.10404371274486  -0.8793005601429706  0.03958999518447017 -0.01111880266630554  0.01113632574894558 -0.03395246003958352  -0.2499743807410297    0.687895135265937

cov*(cov_.inverse()):
     1.000000000000113 -3.882397875409893e-14 -2.256257247007509e-14 -6.262536062645596e-14  7.840169485850979e-14 -6.369644395265439e-14 -8.571756585779022e-15  4.835717872138379e-15 -8.043641707561333e-15  8.416661465004971e-16 -3.307683987818777e-15  3.353220479063168e-15
-7.827072323607354e-15      1.000000000000054  6.768891003261501e-15 -1.171979180369931e-14 -2.883804306463844e-14 -2.220446049250313e-16 -2.410398269869773e-15  2.732189474663471e-16   3.22441726097189e-16 -3.983792462580737e-15 -4.149458554536523e-15 -1.512678871051776e-15
-2.151057110211241e-14  1.387778780781446e-15      1.000000000000006  9.603429163007604e-15   2.42861286636753e-16  6.605826996519681e-15  3.723150260315222e-16 -2.738694687698384e-16  4.140568096722141e-16  2.964208739575369e-16  1.162264728904461e-16  4.163336342344337e-17
-3.612665722130259e-13  1.167954621905665e-13  1.335320742867907e-13     0.9999999999999659 -1.898481372109018e-13  8.482103908136196e-14  5.197231534026514e-15 -2.860559011885755e-15 -3.731390196826112e-15 -2.185751579730777e-15 -2.220446049250313e-15 -2.997602166487923e-15
 -5.84601811404184e-16  3.781697177629439e-15  3.191847827710426e-14 -3.406519857862556e-14     0.9999999999999893  8.602493717368986e-15 -3.855422925358454e-16  3.060160631840336e-17  1.300500505896363e-16 -4.856141530562574e-16  5.473052566706826e-16  -1.97758476261356e-16
-1.012523398458143e-13  6.616929226765933e-14 -2.214894934127187e-14  1.820765760385257e-14 -1.554312234475219e-13     0.9999999999999662  -3.05311331771918e-15 -9.957312752106873e-16 -6.699502064222429e-15 -6.078471059822732e-15 -1.110223024625157e-15 -8.881784197001252e-16
 1.817990202823694e-15 -1.207367539279858e-15  3.734859643778066e-15 -1.595945597898663e-15  1.082467449009528e-15  1.318389841742373e-15     0.9999999999999997 -4.597017211338539e-17  7.134050294954619e-17 -2.818925648462312e-16 -3.469446951953614e-17  8.326672684688674e-17
 -1.77635683940025e-14  7.105427357601002e-14 -9.681144774731365e-14   3.83026943495679e-15 -1.154631945610163e-14  -9.14823772291129e-14 -8.604228440844963e-16      1.000000000000002 -2.005340338229189e-15 -1.110223024625157e-15 -2.664535259100376e-15  1.332267629550188e-15
 3.219646771412954e-15  1.942890293094024e-15  7.188694084447889e-15  -3.62904151174348e-15 -1.554312234475219e-15  2.664535259100376e-15  1.769417945496343e-16 -2.029626466892864e-16                      1 -9.367506770274758e-17 -2.775557561562891e-17 -5.551115123125783e-17
-6.750155989720952e-14  4.352074256530614e-14 -1.388889003806071e-13  7.438494264988549e-14 -5.240252676230739e-14 -5.506706202140776e-14  3.080868893334809e-15  4.371503159461554e-16  4.093947403305265e-16     0.9999999999999996                      0 -1.332267629550188e-15
 4.884981308350689e-15 -2.220446049250313e-15  1.887379141862766e-14 -4.940492459581947e-15    1.4210854715202e-14  -1.77635683940025e-15  6.938893903907228e-17 -2.706168622523819e-16  1.006139616066548e-15  8.326672684688674e-16     0.9999999999999993   1.77635683940025e-15
-3.996802888650564e-15  3.996802888650564e-15  1.898481372109018e-14 -1.332267629550188e-14 -5.329070518200751e-15  6.661338147750939e-15 -2.775557561562891e-16  2.151057110211241e-16  6.245004513516506e-16 -9.436895709313831e-16  8.881784197001252e-16     0.9999999999999996
