12
1

                  nan
                  nan
                  nan
                  nan
                  nan
    3162.277660168379
3.083388830115844e-10
4.495269726560616e-09
6.012217825568003e-09
1.986498600574692e-08
    2.607730437390975
    4.022705728315373

                     0   0.004384865685708338    -0.7901289093258718   -0.08329412741453333  -0.004317042446898015     -0.291643053267865 -0.0009537328306406957 -1.217209815262269e-26    -0.3711974244744821     0.3819373575149443 -0.0005272148408946696                      0
                    -0     0.2149722018802576     0.3621205769598555     -0.479036401267035   -0.00611076526768505     0.3768904349927408  -0.008145065742282668  4.479263691550347e-24    -0.4077631294839157     0.5336050695132873   0.004954079957623946                     -0
                     0   0.008889351963909308  0.0003053188311846163   -0.09527212647898729     0.9552851951496703   -0.04685769622817249     0.1980168272673337 -1.512965853866134e-16    0.02164001035381952    -0.0239653925111147    -0.1892759001641323                      0
                     0  -0.007935845264519115   0.003407699672767254    0.01634752888137233     0.0797231453225135   0.002653231932632066     0.4673875665902001  5.540761271303546e-17   -0.01180960223375004   0.004537500013532341      0.880161437287585                      0
                     0  2.124192270321412e-18 -6.544497057109246e-19 -1.079493386667733e-17  1.469016640254707e-16 -5.276728775177256e-18 -1.170923533371186e-16                      1  3.025632556345123e-18 -3.595177547136797e-18 -1.073805281447195e-16                      0
                     0                      0                      0                      0                      0                      0                      0                      0                      0                      0                      0                      1
                     0  -0.004832789792242241   0.003585428855265669   0.004705058068220351    -0.2633267843673815   0.007786271568391257     0.8614948092605287  1.094539154342338e-16  -0.002982156426202068    0.01012203139519204    -0.4338840567729705                      0
    0.9194020000480194    -0.3613240349897193   -0.03198673520671167   -0.09016342943912257  0.0003445221182054103     0.1086616568125818  -0.002651286532539544                     -0    0.03977877938480915    0.03994304762027726 -8.239829209438589e-05                     -0
                     0    -0.1036425245879725    0.03893129891224369     0.8181584749778407     0.1070356480812812      0.379704122320661   0.002939202735587492  2.082682054753881e-21    -0.3275575795030304       0.23291607017415   -0.03427736670916673                      0
                     0     0.3105704613327144    -0.4796800941547759   -0.09366458486948502    0.01174424407390884     0.7183196007856043   0.006529124713921034  2.961585174288748e-24     0.3698288904996752    -0.1082389432887899   0.005220982359287664                      0
    0.3627637843438721     0.7982508729027855    0.09967852495020393      0.253645973766665   0.002759114765722099    -0.3056848206060739   0.005342608703329433                      0     0.1708745578073147     0.1850588831239253   0.001273528261080494                      0
   -0.1519947337121089    -0.2804408539949236    0.04441660865356749    0.05998323591219123    0.00866912429273374   -0.07228959496931858  -0.003286253260425628                      0     0.6484421410995096       0.68328932261097   0.002541093151542142                      0

22.33130732891428
32.47709846496582
 51.7432941540546
 93.7699483235677
69.61799932554635
 129.094004313151
85.15043953756305
159.2149963378906
93.24114510149764
184.6273396809896
107.5051199416546
217.4080047607422

0.4818344313304982

 -0.1013461262754632 -0.07076003868983236  0.03216811945988744    1.778639460559248   -40.63750302042796    1.332205628570063    17.21748907389303   -12.28776341637539  -0.1234054787408344    0.851703021642475   -55.01419811274798                    0

 7.179935527220817e-18  7.470230159767799e-18  1.013082705381196e-17  4.239022338234007e-18  3.419775542462794e-34                      0  4.699612641338145e-18 -2.227937811829865e-18 -7.405647787468711e-18 -1.458057855791726e-17   0.001334161289598858   0.005344944540173112

cov:
     1.268744136670704      2.658968224236336     0.1366484535328399     0.4781810757102836   -0.01451618151705934     -0.576286286650005    0.02126249316190416                      0     -1.173382152948938     -1.224101263379925  -0.003108430381767166                      0
     2.658968224236336      5.605834342328308     0.3395173734209934      1.104657189154151   -0.02436435685213109     -1.331292311418398    0.04391482106121648                      0     -2.015160273338794     -2.096304690154906  -0.004618725700427538                      0
    0.1366484535328399     0.3395173734209934    0.09949079681443763     0.2150446626991654   0.008101228918037696     -0.259163936897183   0.001259415583652295                      0     0.5818977096180562     0.6165590544944607    0.00268967580362289                      0
    0.4781810757102836      1.104657189154151     0.2150446626991654     0.4957265370111522    0.01317383971731846    -0.5974314328179582   0.006025412398711141                      0     0.9241501735411515     0.9824408311138066   0.004663188921097914                      0
  -0.01451618151705934   -0.02436435685213109   0.008101228918037696    0.01317383971731846   0.001267917981925891   -0.01587662824242708   -0.00036077086825111                      0    0.09417288165533615      0.099327560510562  0.0003803724993925255                      0
    -0.576286286650005     -1.331292311418398     -0.259163936897183    -0.5974314328179582   -0.01587662824242708     0.7200024414083139  -0.007261605933757033                      0     -1.113751879506997      -1.18400164116692  -0.005619904182312758                      0
   0.02126249316190416    0.04391482106121648   0.001259415583652295   0.006025412398711141   -0.00036077086825111  -0.007261605933757033   0.000368861558391198                      0   -0.02827523381764388     -0.029613028559124 -8.886327582045782e-05                      0
                     0                      0                      0                      0                      0                      0                      0                      0                      0                      0                      0                      0
    -1.173382152948938     -2.015160273338794     0.5818977096180562     0.9241501735411515    0.09417288165533615     -1.113751879506997   -0.02827523381764388                      0      7.002784785884188      7.384925129159566    0.02814401537951381                      0
    -1.224101263379925     -2.096304690154906     0.6165590544944607     0.9824408311138066      0.099327560510562      -1.18400164116692     -0.029613028559124                      0      7.384925129159566      7.788084071181319    0.02969978551349099                      0
 -0.003108430381767166  -0.004618725700427538    0.00268967580362289   0.004663188921097914  0.0003803724993925255  -0.005619904182312758 -8.886327582045782e-05                      0    0.02814401537951381    0.02969978551349099  0.0001155198778873582                      0
                     0                      0                      0                      0                      0                      0                      0                      0                      0                      0                      0                      0

cov.inverse():
nan nan nan nan nan nan nan nan nan nan nan nan
nan nan nan nan nan nan nan nan nan nan nan nan
nan nan nan nan nan nan nan nan nan nan nan nan
nan nan nan nan nan nan nan nan nan nan nan nan
nan nan nan nan nan nan nan nan nan nan nan nan
nan nan nan nan nan nan nan nan nan nan nan nan
nan nan nan nan nan nan nan nan nan nan nan nan
nan nan nan nan nan nan nan nan nan nan nan nan
nan nan nan nan nan nan nan nan nan nan nan nan
nan nan nan nan nan nan nan nan nan nan nan nan
nan nan nan nan nan nan nan nan nan nan nan nan
nan nan nan nan nan nan nan nan nan nan nan inf

cov*(cov_.inverse()):
nan nan nan nan nan nan nan nan nan nan nan nan
nan nan nan nan nan nan nan nan nan nan nan nan
nan nan nan nan nan nan nan nan nan nan nan nan
nan nan nan nan nan nan nan nan nan nan nan nan
nan nan nan nan nan nan nan nan nan nan nan nan
nan nan nan nan nan nan nan nan nan nan nan nan
nan nan nan nan nan nan nan nan nan nan nan nan
nan nan nan nan nan nan nan nan nan nan nan nan
nan nan nan nan nan nan nan nan nan nan nan nan
nan nan nan nan nan nan nan nan nan nan nan nan
nan nan nan nan nan nan nan nan nan nan nan nan
nan nan nan nan nan nan nan nan nan nan nan nan
