10
1

                  nan
                  nan
                  nan
                  nan
    3162.277660168379
3.095769288936206e-10
7.861439685895864e-09
4.477952528886347e-08
    2.481803581290653
    4.012704827821166

                     0  -0.005913062525016111     0.2620890089350731   -0.06116487010189398   0.000178261869353441 -6.395656870264032e-19     0.6915102696810161    -0.6703315249083386   -0.00155164908440542                      0
   -0.9133600927555592      0.390866036106634    0.03628555325363772     0.1006951470482934   0.002838188058870681                      0   -0.02801561439113676   -0.02734914178408643  0.0001524740877222295                      0
                    -0   0.007249767968649671  -0.001631598640201083   -0.03468327087455217     0.2372889215053854 -1.769418275126203e-14   0.001705768485672695   0.002038453297307771     0.9707876968032509                     -0
                     0  3.121207819016158e-16 -2.561968696156587e-17 -3.711860966858723e-16 -3.173062331953272e-14                      1 -1.780576276834548e-17 -6.986370702794079e-17  2.595047294702399e-14                      0
                     0                      0                      0                      0                      0                      0                      0                      0                      0                      1
                     0   0.003526214665045676  0.0001165632119860891    0.01185089870894811    -0.9712264619837075 -3.698315469121478e-14  -0.001656321095501241   -0.00358426125218105      0.237803863798004                      0
                     0     0.2588753615979343   0.005009478749504732    -0.9535155859131846   -0.01906662457976928 -2.284503431507137e-16    0.05195808773912138     0.1403472789284725    -0.0317165878340377                      0
                    -0   -0.09335978016728012     0.9574952665422567   -0.01452975378770418  7.787061659764099e-06 -1.259066977009751e-18    -0.2402310748180128     0.1286892753228894   0.001937343328691396                     -0
    0.3753147300728521     0.8279130520024149     0.1063884926388555     0.2687132373834821   0.005487803827961405                     -0     0.2040342738930228     0.2202529439009478   0.001433942944591344                     -0
    0.1578359729336079     0.2931744550828095   -0.04300282113150072    -0.0562679542720952   0.003374605208331028                      0    -0.6472885153604232    -0.6819978162387147  -0.002527409657443401                      0

22.33130732891428
32.47709846496582
 51.7432941540546
 93.7699483235677
85.15043953756305
159.2149963378906
93.24114510149764
184.6273396809896
107.5051199416546
217.4080047607422

0.4818344313304982

0.003222978536594626  -0.4506151594836701  0.04147924764264893  -0.1263283502578192    71.67161061316931    20.84982593535565  0.09669651972493547   0.2501229395064086   -46.39455195292696                    0

-1.024155366703314e-17  8.535019826769128e-19  2.117814156407511e-18 -2.462771463602797e-31                      0 -7.728970625687304e-18   9.21348368684225e-18  6.528151953414815e-18   0.001346375836785004  -0.005282273058625851

cov:
     1.268744136670704      2.658968224236336     0.1366484535328399     0.4781810757102836    0.02126249316190416                      0     -1.173382152948938     -1.224101263379925  -0.003108430381767166                      0
     2.658968224236336      5.605834342328308     0.3395173734209934      1.104657189154151    0.04391482106121648                      0     -2.015160273338794     -2.096304690154906  -0.004618725700427538                      0
    0.1366484535328399     0.3395173734209934    0.09949079681443763     0.2150446626991654   0.001259415583652295                      0     0.5818977096180562     0.6165590544944607    0.00268967580362289                      0
    0.4781810757102836      1.104657189154151     0.2150446626991654     0.4957265370111522   0.006025412398711141                      0     0.9241501735411515     0.9824408311138066   0.004663188921097914                      0
   0.02126249316190416    0.04391482106121648   0.001259415583652295   0.006025412398711141   0.000368861558391198                      0   -0.02827523381764388     -0.029613028559124 -8.886327582045782e-05                      0
                     0                      0                      0                      0                      0                      0                      0                      0                      0                      0
    -1.173382152948938     -2.015160273338794     0.5818977096180562     0.9241501735411515   -0.02827523381764388                      0      7.002784785884188      7.384925129159566    0.02814401537951381                      0
    -1.224101263379925     -2.096304690154906     0.6165590544944607     0.9824408311138066     -0.029613028559124                      0      7.384925129159566      7.788084071181319    0.02969978551349099                      0
 -0.003108430381767166  -0.004618725700427538    0.00268967580362289   0.004663188921097914 -8.886327582045782e-05                      0    0.02814401537951381    0.02969978551349099  0.0001155198778873582                      0
                     0                      0                      0                      0                      0                      0                      0                      0                      0                      0

cov.inverse():
nan nan nan nan nan nan nan nan nan nan
nan nan nan nan nan nan nan nan nan nan
nan nan nan nan nan nan nan nan nan nan
nan nan nan nan nan nan nan nan nan nan
nan nan nan nan nan nan nan nan nan nan
nan nan nan nan nan nan nan nan nan nan
nan nan nan nan nan nan nan nan nan nan
nan nan nan nan nan nan nan nan nan nan
nan nan nan nan nan nan nan nan nan nan
nan nan nan nan nan nan nan nan nan inf

cov*(cov_.inverse()):
nan nan nan nan nan nan nan nan nan nan
nan nan nan nan nan nan nan nan nan nan
nan nan nan nan nan nan nan nan nan nan
nan nan nan nan nan nan nan nan nan nan
nan nan nan nan nan nan nan nan nan nan
nan nan nan nan nan nan nan nan nan nan
nan nan nan nan nan nan nan nan nan nan
nan nan nan nan nan nan nan nan nan nan
nan nan nan nan nan nan nan nan nan nan
nan nan nan nan nan nan nan nan nan nan
