10
1

0.03689470432672146
 0.0415119321195612
0.05346955431174861
 0.8102519854619208
 0.9679731100470835
  1.126068810701764
  1.215152342056514
  2.462868269540588
  3.508336078969304
  5.911912637477008

  -0.2706751718692698   0.08253114044284311    0.7875205807607923   -0.2395855511791291   -0.4586400633954183    0.1408247375505478  -0.09858521904961114   0.02690853934403907   0.04014095411645799 -0.009845566287411045
  0.09817266684770656  -0.03036494927746518   -0.1234639482526501   0.03696921856865888   -0.4587673156388988    0.1398400431440808    0.7718629910740552   -0.2338884434501614   -0.2917786484302484   0.08483088756760616
  -0.4704408894745046    0.1434797639596778    0.2158219644601622  -0.06633339854279835    0.5534705905239947    -0.172728004102129     0.220800799515599   -0.0688169900288078   -0.5384055167156511    0.1660896057841877
   0.7591901501196999  -0.07229427957179058    0.3544973228640391    -0.013023999854645    0.1454634934623797  0.006584287406819764   -0.1796167412929321   -0.1835240721396766   -0.4520001373722825  -0.03339929414703984
   0.2920046053553297   0.03397680999597276    0.2756347526832662 -0.002254775385611617    0.1714211150328727   -0.3226446970149994    0.4476160511211194     0.602784377372656    0.3140021944064788    0.2044699827017836
  0.07139035594306453 -0.002286224788861874    0.1523401420762138  -0.04425614721589168    0.4076529518005137    0.6237113678775723    0.1734672462054508   -0.3381357769394771    0.4278644174721391    0.2950264672493289
 -0.02717824364936065  -0.01571223720822957   0.08117801273151738   0.01476079287298499    0.2181329252449958    0.3112814220955956    0.2386493840303298    0.2083082199501386   -0.0207115482956714   -0.8642648956594969
  0.05351062440450974   0.04557719591196342   -0.2711440022384142    -0.560510043256253  -0.03571907954002858    0.4506362226996206   -0.1071881135592913    0.5064381901317716   -0.2977912787621805    0.2153400057498001
   -0.131525513011388   -0.4175347603580315    0.1111557995107636    0.6869802663593545  -0.04572353005849557    0.3291416208769814  -0.09953706371929015    0.3440322118381691   -0.2116835662535946    0.2014142381643102
   0.0902689724871327    0.8880510083627182  -0.02596013980106854    0.3851847993719322   -0.0719578010638575    0.1712192539101357  -0.06849707152903257     0.101194547301079   -0.0590374077692557   0.03555421009197568

22.73594410676406
69.29724912760167
35.06337134851601
109.6984395760376
41.42608999988528
130.5552046199386
48.98413677428739
155.3104686625238
57.67979432561264
183.7811373550107

0.3064074885085297

 -0.007206655467035818   0.002206123532181942  -0.002962717778110649  0.0009038767051578764  -0.001090230008874792  0.0003210818066885496   0.002323290126006825 -0.0007892892981926107   0.008688056953173994  -0.002580108216061183

 3.431467958252667e-07  -1.04465260986922e-06 -6.262148603165135e-06  -0.007196979567087855 -0.0003503191854615794   0.003006458886656165   0.003301899305668318   -0.02181440920393162   -0.02938888438026317    0.03577018308790669

cov:
  0.9816732025592093    3.465956849685166 -0.08782646525454908 -0.09034210825306239 -0.01769968286028608   0.1128000669591249 -0.05081931984417277 -0.03877437380143488 -0.03937843366036235 -0.04351405984152812
   3.465956849685166    29.72668590291112   -1.462154186835286    8.270164733129112   -2.015809799116325    3.727688780210292   -1.627331510779067    1.536873271794223  -0.7963597540822329   0.1553111379836915
-0.08782646525454908   -1.462154186835286   0.8154288552646666    1.501568776064041   0.2444458628238494  -0.3701735620766402   0.2380392898125796  -0.3814066986651555   0.3095655317822327  -0.1123583836189361
-0.09034210825306239    8.270164733129112    1.501568776064041    12.90309451187448    -1.25362421023206    3.528427672685329    -1.40326551757327    2.573306590682934   -1.593441640619981    1.414038091226062
-0.01769968286028608   -2.015809799116325   0.2444458628238494    -1.25362421023206   0.5383748938571461   -0.342480417254331   0.4725879862081986  -0.5861866034899058   0.5532516586824616  -0.3454436485374051
  0.1128000669591249    3.727688780210292  -0.3701735620766402    3.528427672685329   -0.342480417254331    4.323896723999703  -0.9952920626814402    3.028916768599805   -1.792666059342807    1.391417751778433
-0.05081931984417277   -1.627331510779067   0.2380392898125796    -1.40326551757327   0.4725879862081986  -0.9952920626814402   0.6879664940808796  -0.7199020236123547   0.8653710317197677  -0.6216368724594409
-0.03877437380143488    1.536873271794223  -0.3814066986651555    2.573306590682934  -0.5861866034899058    3.028916768599805  -0.7199020236123547    3.942165722852329   -1.977760557845812    1.367247644583973
-0.03937843366036235  -0.7963597540822329   0.3095655317822327   -1.593441640619981   0.5532516586824616   -1.792666059342807   0.8653710317197677   -1.977760557845812    1.671520466354416  -0.7308519407129196
-0.04351405984152812   0.1553111379836915  -0.1123583836189361    1.414038091226062  -0.3454436485374051    1.391417751778433  -0.6216368724594409    1.367247644583973  -0.7308519407129196    2.078096271027814

cov.inverse():
  137.8015374200945  -41.81597071527575  -198.6440316052507   60.63233399177554  -25.76818253665809    8.32335068723733     27.181143829262  -7.397786524140652   63.58802465160631  -20.48164784781276
 -41.81597071527571   12.78597102686132   60.71762150520976  -18.52299746428262   8.039125635887075  -2.614569380250335  -8.463158954935137   2.334342230905859  -19.38090801688564   6.258990465735306
 -198.6440316052471    60.7176215052088   481.0589304111029  -146.2473365301642  -190.5008714397182   58.39815350158018  -95.59616264007829   27.15948021445519   3.394482854228519   0.786230757438277
  60.63233399177449  -18.52299746428233  -146.2473365301641    44.5974839497791   58.02544052236107  -17.81807437537438   28.79027780845033   -8.16754021460504 -0.8247232984492419 -0.3277836460086384
 -25.76818253666638   8.039125635889597   -190.500871439705   58.02544052235717   384.0391982854753  -117.9308624384753  -129.3925751606729   39.86522449826805  -39.98157069921549   12.88157915179453
  8.323350687239792  -2.614569380251089   58.39815350157635  -17.81807437537326  -117.9308624384755   36.87912240479007   39.06605491828561  -12.32297286977207   13.06858440905294  -4.255271739710523
   27.1811438292693  -8.463158954937395  -95.59616264009001   28.79027780845388  -129.3925751606723   39.06605491828544   370.2485643502391  -111.7117592376199  -174.8440772557773   51.53910672297872
 -7.397786524142901   2.334342230906558   27.15948021445879  -8.167540214606129   39.86522449826798  -12.32297286977206  -111.7117592376201   34.54394762898101   53.53544539539429  -15.74222183423679
  63.58802465160389   -19.3809080168849   3.394482854231272 -0.8247232984500747  -39.98157069921231   13.06858440905193  -174.8440772557809   53.53544539539537   152.5595629803168  -45.74277566352036
 -20.48164784781241   6.258990465735196  0.7862307574384666 -0.3277836460086974   12.88157915179297  -4.255271739710036   51.53910672297975  -15.74222183423711  -45.74277566352036   14.52779489778682

cov*(cov_.inverse()):
     1.000000000000053  1.287858708565182e-14 -2.153277556260491e-13  1.079865363795562e-14  3.808064974464287e-14 -1.193489751472043e-15 -8.260059303211165e-14  8.659739592076221e-15  2.620126338115369e-14 -1.998401444325282e-15
-6.972200594645983e-14      1.000000000000094  1.609823385706477e-14  6.869504964868156e-15  1.127986593019159e-13  1.243449787580175e-14 -3.907985046680551e-14 -1.332267629550188e-15 -3.286260152890463e-14  4.884981308350689e-14
  2.97539770599542e-14  3.219646771412954e-15     0.9999999999999722  1.092181900474998e-14 -6.439293542825908e-15  1.004751837285767e-14  5.062616992290714e-14 -1.665334536937735e-14 -6.217248937900877e-15 -2.664535259100376e-15
 2.842170943040401e-14  1.953992523340276e-14  4.058975378029572e-13     0.9999999999999194    1.4210854715202e-14  2.930988785010413e-14 -4.263256414560601e-14 -2.131628207280301e-14 -9.947598300641403e-14  7.105427357601002e-15
 2.042810365310288e-14 -3.552713678800501e-15  -4.39648317751562e-14  1.777744618181032e-14      1.000000000000012  2.664535259100376e-15  3.552713678800501e-15 -7.993605777301127e-15  1.243449787580175e-14 -4.440892098500626e-15
-7.460698725481052e-14   1.77635683940025e-15  3.863576125695545e-14  8.215650382226158e-15 -9.947598300641403e-14     0.9999999999999973                      0 -2.131628207280301e-14    1.4210854715202e-14   1.06581410364015e-14
  1.77635683940025e-15  7.549516567451064e-15 -5.384581669432009e-15  4.940492459581947e-15   1.06581410364015e-14 -2.664535259100376e-15      1.000000000000043  7.105427357601002e-15 -3.197442310920451e-14 -3.552713678800501e-15
 -1.27897692436818e-13  3.552713678800501e-15  3.952393967665557e-14 -2.348121697082206e-14  -1.20792265079217e-13  2.131628207280301e-14                      0     0.9999999999999893 -2.842170943040401e-14    1.4210854715202e-14
 1.598721155460225e-14 -1.154631945610163e-14  7.327471962526033e-15  1.229571999772361e-14  7.105427357601002e-14  -1.06581410364015e-14  3.552713678800501e-14  2.842170943040401e-14      1.000000000000021 -1.243449787580175e-14
  -1.4210854715202e-14 -5.329070518200751e-15 -4.773959005888173e-14  4.884981308350689e-15  -1.06581410364015e-14  5.329070518200751e-15   -1.4210854715202e-14 -7.105427357601002e-15    1.4210854715202e-14                      1
