10
1

                  nan
                  nan
                  nan
    3162.277660168379
1.915608615032605e-16
8.564240877299721e-11
4.459744728770122e-10
4.063610746447985e-08
    2.607568659884735
    4.752520935426142

    0.9406342375329373    -0.2678656954667448    0.09330266228648103     0.1786611080471374  -0.001835687475021202                      0    -0.0357778241544838   -0.03932539179848546 -0.0003363996594262706                      0
                    -0    -0.2892482206744154    -0.5863209707456584   -0.08699635580544572  -0.004226824069473755  3.346391779016513e-17    -0.4551630315894399     0.5981434243274892   0.005292706633364818                     -0
                     0   -0.06905292259177033    -0.7505509018575489     0.2903617030949993  -0.005944921642619076 -1.669377771260332e-16     0.4405016121218822    -0.3917681210706458    0.00598714586332275                      0
                     0                      0                      0                      0                      0                      0                      0                      0                      0                      1
                     0 -6.234003365303332e-16 -1.651082478505912e-15  2.188155184570746e-16  3.910844619012894e-14                      1  7.248078829552666e-16  3.430511584243108e-16 -1.759293048887939e-13                      0
                     0  -0.001116160754610565  -0.006418101843672998  -0.000813714630358915    -0.1748679404292051  -1.66119032736912e-13   0.002834960860823029   0.002684184301110348    -0.9845622690231421                      0
                     0   0.006420231739854267   0.006543697759268022  -0.004022561468130013    -0.9845494354839212  6.936870083387151e-14  -0.001465271325449512 -0.0006852682195685469     0.1748129632463808                      0
                     0    -0.5350961762458022    0.02032435711459961    -0.7405479925482656 -0.0005063560835984739  2.083427839310068e-18     0.4041260843810868    -0.0390453235200582    0.00223330366833632                      0
   -0.2906206106763287     -0.660848138989128     0.1543498907851205     0.2754326945884982  -0.003866090537855328                      0    -0.4214225395882339     -0.448904711397284  -0.002235255542883775                      0
    0.1753479165286747      0.341649651077885    -0.2446930646867673    -0.5019069458334896   0.003439703803239702                      0    -0.5065371247181976    -0.5330553865829488  -0.001900121200956931                      0

22.33130732891428
32.47709846496582
35.83038041430839
60.54763793945312
85.15043953756305
159.2149963378906
93.24114510149764
184.6273396809896
107.5051199416546
217.4080047607422

0.4818344313304982

 0.02520964222146549 -0.05107021286465753   0.8989407663440165   0.3166397535487433    69.71932411680473    8.500028417609011   -0.441242710825864  -0.4761399146401152    171.2813551580254                    0

 -9.47286567248889e-17  1.064783702623107e-17 -5.920538017254655e-18                      0  3.119133339080832e-31 -1.326373516537713e-18 -7.696107186362018e-18 -2.303953943095559e-18  -0.002177035745946796  -0.005481157123093714

cov:
     1.268744136670704      2.658968224236336      -1.27410700671444      -2.53206512986136    0.02126249316190416                      0     -1.173382152948938     -1.224101263379925  -0.003108430381767166                      0
     2.658968224236336      5.605834342328308     -2.581764609646776     -5.110666361448239    0.04391482106121648                      0     -2.015160273338794     -2.096304690154906  -0.004618725700427538                      0
     -1.27410700671444     -2.581764609646776      1.514345629655044      3.062977231482193   -0.02306779833482094                      0       2.35722526452179      2.474942807449322   0.008155617073917432                      0
     -2.53206512986136     -5.110666361448239      3.062977231482193       6.20559221052099   -0.04623385091481005                      0      4.953024054731339      5.202174904639849    0.01735419750280451                      0
   0.02126249316190416    0.04391482106121648   -0.02306779833482094   -0.04623385091481005   0.000368861558391198                      0   -0.02827523381764388     -0.029613028559124 -8.886327582045782e-05                      0
                     0                      0                      0                      0                      0                      0                      0                      0                      0                      0
    -1.173382152948938     -2.015160273338794       2.35722526452179      4.953024054731339   -0.02827523381764388                      0      7.002784785884188      7.384925129159566    0.02814401537951381                      0
    -1.224101263379925     -2.096304690154906      2.474942807449322      5.202174904639849     -0.029613028559124                      0      7.384925129159566      7.788084071181319    0.02969978551349099                      0
 -0.003108430381767166  -0.004618725700427538   0.008155617073917432    0.01735419750280451 -8.886327582045782e-05                      0    0.02814401537951381    0.02969978551349099  0.0001155198778873582                      0
                     0                      0                      0                      0                      0                      0                      0                      0                      0                      0

cov.inverse():
nan nan nan nan nan nan nan nan nan nan
nan nan nan nan nan nan nan nan nan nan
nan nan nan nan nan nan nan nan nan nan
nan nan nan nan nan nan nan nan nan nan
nan nan nan nan nan nan nan nan nan nan
nan nan nan nan nan nan nan nan nan nan
nan nan nan nan nan nan nan nan nan nan
nan nan nan nan nan nan nan nan nan nan
nan nan nan nan nan nan nan nan nan nan
nan nan nan nan nan nan nan nan nan inf

cov*(cov_.inverse()):
nan nan nan nan nan nan nan nan nan nan
nan nan nan nan nan nan nan nan nan nan
nan nan nan nan nan nan nan nan nan nan
nan nan nan nan nan nan nan nan nan nan
nan nan nan nan nan nan nan nan nan nan
nan nan nan nan nan nan nan nan nan nan
nan nan nan nan nan nan nan nan nan nan
nan nan nan nan nan nan nan nan nan nan
nan nan nan nan nan nan nan nan nan nan
nan nan nan nan nan nan nan nan nan nan
