10
1

0.06131010316089804
 0.3566650050960034
 0.7704454181876498
 0.9487873433315833
  1.372912210376827
  1.446161268377521
  2.324124887349596
  2.778211781357369
   3.95458331288596
  8.725717120352675

    0.4357783637243662    -0.1738068806058508    -0.7547437601814124     0.3010696387859293     0.3208486758377467    -0.1288189398827263  -0.006526532820436486   0.001622074431922625  0.0005677329497489445  -0.004855295680504267
    0.5198986156130097     -0.180273753998111   -0.01988783230863891   0.008167298385265072    -0.7345309628855082       0.30869927922399    0.09661482152997265   -0.04532690662145521     0.1755686460435333    -0.1403577228321774
  -0.06914300312730759    0.02500455417310693   -0.04081693004797459    0.01509956161619819   0.009662428491154014   0.008476614771162237     0.1638542586885787     -0.979999745371822   -0.06131823472297517    0.03907861817557787
    0.6358448948735054  -0.007660639099170565     0.5318159499690164    -0.0372322563836416     0.3185689264006749    -0.2291090986477541    -0.3690049787558532    -0.1325643698647675    0.03700838756874692   -0.04840858920765374
    0.2873837741539285     0.1123646396347671     0.2093904189596028    0.05932344125465172     0.1193221184570116    -0.0184404171294909     0.7833078232226984     0.1406655568367989    -0.4001476164280516     0.2221874416034857
    0.0431267820792168    0.02158494855253954   0.006901539700300665  -0.004475415351736282  0.0009771529227862732      0.038297898770916  0.0009929205106949193 -0.0004734245863104347     0.5150002121094035     0.8549341481645583
  -0.09915446573466073     -0.176783798212631     0.0446845133442586     0.1064018074343164    -0.3046373238423438    -0.8747315568320236     0.1947445396834221   0.008101831353793923     0.2090958385944311   -0.07698369655573147
     0.176668374923813     0.4572668195981481     -0.310629777009279    -0.6562448992145677    -0.2081566182036305     -0.250793029936858    -0.1572182060197826  -0.004863081204216336    -0.2772166912508055      0.157259293997518
  -0.06815257758953004    -0.3956792751441844    0.05066360340575362     0.2417096987708447    -0.2539836210551115   -0.06144945026489344    -0.3563579661671984  -0.009667560597722747    -0.6457585412516598     0.4067314693000794
   0.02420149562157131     0.7256785528826837    0.02292946931968763     0.6354010853679688    -0.2026361000864889   -0.04373042760132624    -0.1562176567762207 -0.0005033439665945448   -0.03358855333223972    0.00620368684635298

22.68037839884977
54.32834279235696
35.55850266271104
86.52129834712503
53.46098845587402
131.3351156641793
64.24290480924982
158.1502587775611
104.5481109500999
260.7631568496771

0.4016508841877667

  -0.01595166270705194   0.006391485650189514   0.005232460513059215  -0.002093502193550873    0.01047799289100944  -0.004153635372572454 -0.0001577141886521638  4.274252034261868e-05  0.0001575867057878607 -0.0001014963979979749

-3.286481233329471e-05  -0.002355994141947317  0.0005949236020900191    -0.0026809853185491  -0.003337991694099744    -0.0013784969791688   0.004939992671546659   -0.01019969820494613   -0.06530750778879792    0.08519766716930831

cov:
   0.9726918694570186     2.522310127229538  -0.04168289958707666   -0.0278076993427359  -0.02475430854287915  -0.00638955703822811  -0.01389167375516288   0.03590809038793587  0.001373708398103964  -0.00753620321370756
    2.522310127229538     44.35562122850725   -0.1442774060677589     31.20608974318318     -10.0282507446346    -2.093267249202584     -6.99833181764166   0.02428912334308869    0.8953068654943577    -1.455726924186014
 -0.04168289958707666   -0.1442774060677589     1.176241138726517     2.904165513599521   0.07087871665613597    0.1481050486687302 -0.002809680204791316   0.02097743781897788   0.01309729117045608    0.0137453186228221
  -0.0278076993427359     31.20608974318318     2.904165513599521     35.04683970302297    -9.881635884675491    -1.574795559197234    -7.894806273237709  -0.02025813845225466    -2.592781987077876     1.015450594269408
 -0.02475430854287915     -10.0282507446346   0.07087871665613597    -9.881635884675491     5.158148803909009     2.662361196403262      3.82002250533865   0.03288303232180106     3.089388243420485    -1.786054869222568
 -0.00638955703822811    -2.093267249202584    0.1481050486687302    -1.574795559197234     2.662361196403262     4.886342092096713    0.3003538109788429 -0.002198828833335117    0.3351727554751053   -0.2867674851302422
 -0.01389167375516288     -6.99833181764166 -0.002809680204791316    -7.894806273237709      3.82002250533865    0.3003538109788429     5.535901936929442    0.2301334999824427      3.94883297572553     -2.26432887740074
  0.03590809038793587   0.02428912334308869   0.02097743781897788  -0.02025813845225466   0.03288303232180106 -0.002198828833335117    0.2301334999824427    0.6254750260407521     0.042110863915675  -0.02908510096454529
 0.001373708398103964    0.8953068654943577   0.01309729117045608    -2.592781987077876     3.089388243420485    0.3351727554751053      3.94883297572553     0.042110863915675     8.300508976949938    -3.799750221479191
 -0.00753620321370756    -1.455726924186014    0.0137453186228221     1.015450594269408    -1.786054869222568   -0.2867674851302422     -2.26432887740074  -0.02908510096454529    -3.799750221479191     4.440137632842195

cov.inverse():
   53.15329514359893   -20.86154472065621   -87.17555889073169    34.89991302100719    34.43847346902847    -13.8268105619626  -0.5277223799300997  0.04453893603024354   0.7588691807556931   -1.120511349658842
  -20.86154472065627    8.349869048831373    34.91171367390863    -13.9705316709743   -13.78764927635003    5.535425235138569   0.2134481705928995 -0.04285448159673838  -0.3037407678558521   0.4491386979588712
  -87.17555889073152    34.91171367390857    151.8991081751558   -60.44031869098325   -64.10161400866714    25.68168498300408    1.159828003743272  -0.3136768733688018  -0.1473296860390001   0.9873950301828823
   34.89991302100708   -13.97053167097427    -60.4403186909832    24.18528705665558    25.64796889223336   -10.28606626954052  -0.4620635726075821    0.112410585463854  0.05738545563257183  -0.3982832818284059
   34.43847346902818   -13.78764927634992   -64.10161400866677    25.64796889223323    31.77570223659347   -12.80288223392123   -1.193822917596061   0.3460511632748296  -0.9720338680521712   0.3874662774054967
  -13.82681056196248    5.535425235138526    25.68168498300392   -10.28606626954047   -12.80288223392122     5.37314193099849   0.5217909388524948  -0.1483394826658806   0.3873486977590285  -0.1420975259364866
 -0.5277223799300815   0.2134481705928918    1.159828003743239  -0.4620635726075691   -1.193822917596049   0.5217909388524902   0.6253875676020393   -0.194352889379461 -0.03781644233970587 0.009941698658794009
 0.04453893603023597 -0.04285448159673524  -0.3136768733687889   0.1124105854638488   0.3460511632748249  -0.1483394826658787   -0.194352889379461    1.664852641320783 0.004381350168178363 0.006448996698081088
  0.7588691807557308  -0.3037407678558669  -0.1473296860390639  0.05738545563259747   -0.972033868052144   0.3873486977590176 -0.03781644233970629  0.00438135016817858   0.5067491783837313 -0.06254300759835316
  -1.120511349658864   0.4491386979588798   0.9873950301829211  -0.3982832818284215   0.3874662774054786  -0.1420975259364794  0.00994169865879432 0.006448996698080954  -0.0625430075983528    0.556870564346156

cov*(cov_.inverse()):
    0.9999999999999258  4.824916507994992e-14 -8.045647481580431e-15  2.548525626644427e-14 -3.557917849228431e-15 -2.972882356955253e-16  1.738518183580506e-15 -2.289902750925166e-16 -7.802460934291933e-16  4.206704429243757e-16
-7.505107646466058e-14      1.000000000000002   2.19824158875781e-13   8.22675261247241e-14  5.750955267558311e-14  -2.97539770599542e-14  1.087671619437458e-15  1.700029006457271e-16 -6.938893903907228e-17  1.110223024625157e-15
-1.417442552220649e-14 -6.553785292240377e-15      1.000000000000003 -3.935220205253387e-15  5.804384750618397e-15 -1.566888979676051e-15  3.282693127742986e-16  -3.33663218582414e-17  4.683753385137379e-17 -1.327063459122257e-16
-2.304822999121825e-13 -7.877032359715486e-14  2.493560913308102e-13      0.999999999999872  -3.51385587293862e-14  1.390554338343009e-14 -1.840541608011392e-15  6.418476861114186e-16 -6.661338147750939e-16                      0
-1.287858708565182e-14  2.364775042451583e-14 -3.153033389935445e-14 -9.769962616701378e-15     0.9999999999999832  2.997602166487923e-15  8.777700788442644e-16 -1.249000902703301e-16 -1.165734175856414e-15  1.443289932012704e-15
 1.454392162258955e-14   6.13398221105399e-15 -3.008704396734174e-14  1.332267629550188e-15  8.854028621385623e-15     0.9999999999999927 -9.974659986866641e-18   2.38524477946811e-17 -8.673617379884035e-17  1.665334536937735e-16
 -1.06581410364015e-14  2.220446049250313e-14 -1.554312234475219e-14 -2.786659791809143e-14  3.441691376337985e-15  3.996802888650564e-15                      1  2.949029909160572e-17  1.110223024625157e-16  4.440892098500626e-16
-4.489464355827977e-15   2.80331313717852e-15   2.14064876935538e-15 -5.655198531684391e-16 -1.174407793236298e-15   3.05311331771918e-16  7.318364664277155e-17                      1 -1.114559833315099e-16  4.510281037539698e-17
-2.930988785010413e-14  6.661338147750939e-15  5.417888360170764e-14 -1.554312234475219e-14  -1.13242748511766e-14  5.662137425588298e-15  5.342948306008566e-16 -2.463307335887066e-16                      1  4.440892098500626e-16
 9.769962616701378e-15  4.884981308350689e-15 -2.220446049250313e-14  1.332267629550188e-15  7.327471962526033e-15  3.441691376337985e-15 -1.595945597898663e-16 -1.040834085586084e-17 -6.661338147750939e-16                      1
