10
1

0.6390256040066133
0.7688890294819118
0.9184372738510335
 1.071537521099588
 1.194074219357274
 1.523955903916628
 1.787975718799593
 2.099050390781126
 3.508169265863279
 6.454817546416794

   0.7863108985805903   -0.2383099838294769    -0.343055942143908    0.3345829434733679   -0.2380922957746423    0.1056675655775857  -0.02447818929690964  -0.04702993847265153    0.1012237314067305   -0.1199148885284895
   0.1613354443368358   -0.0403811811185848 -0.008855114892816998   -0.8168054545749356   -0.2940570060406275     0.417894222982038  -0.05333894651742447   -0.1930972599198355   0.05331242264492333  -0.03180812967189667
   0.3385798024032145  -0.04185987860450389   0.05950675837688673   -0.3991408144460952     0.356841738846657   -0.5265725180560579   -0.2879133933714925    0.4376638371562997    0.1462218509647294    -0.142540501005785
  -0.2252643867871706  0.004296813587286718    0.1900969030588577    0.2136441568784423   -0.2011754113117196    0.3054563633490311   -0.6061959356728327    0.2139068019974337    0.4463866176995294    -0.348125055493591
  -0.1669630927536912  -0.02586298496429658   -0.2969551183388755  -0.05837948735325416  -0.05196428137015471    0.1579082558904846    0.3407218110158519    0.4695546906788711   -0.3233989351036972   -0.6411464651171563
   0.3263105321393607    0.1673586078767414    0.7531739686024992    0.0976286029677518  -0.07087279461721399   0.05768937161996888  -0.01675771137490569   -0.0595767014237549   -0.4636010512997642   -0.2481995291344158
   -0.164267303123751   -0.1402994164378442    -0.181009775276369  -0.04101501614473714   -0.0504842365221899   -0.4156120133912782   -0.2644530424639969   -0.6386769080119385   -0.1587620741987829    -0.490463609317001
  0.08982348706601606     0.134602562799171    -0.232542539161671   0.03588120914198629    0.7022259688741147     0.466594688563035   -0.3372169680415396   -0.1354983765219557   -0.2747812166604892 -0.006218698327702369
  -0.1400642173440336   -0.6491179124158067 -0.007026184112498403 -0.003404299187388588    -0.182533593369712   0.00292115491741409   -0.3587591159699557    0.2280464643141351   -0.4989633880825645    0.3097776502679699
  0.03578393791388772    0.6722896412776358   -0.3165643897191551 -0.002257688081142689   -0.3902861020195187   -0.1578005519892498   -0.3427202483609969    0.1445395971993311   -0.3115803552190794     0.184045105431012

50.53396752593243
103.6859543441629
64.57165770627722
133.3336409851274
74.52256263165073
 154.757698740046
88.34222392510407
184.4085991031537
104.6852578596109
219.4789041607783

0.475582572853926

  -0.01162129327705547   0.005551681843517375   0.001340771898580576  -0.001212361634589948   0.003027621058386392 -0.0003897201772061741   0.003129339320969011  -0.001995273019801763   0.003399786006735264  -0.002578861104454312

-0.004662574725990904 -0.001000429085621373 -0.002722369434925549  0.002297585323525075  0.002757221466316124 -0.007149067556790952  0.006771295749721786 -0.001809635083823255  -0.08132606352566481  -0.04667186750713041

cov:
     1.12647370960375     2.287784276788987   0.04146677798365863  -0.01360247610514651   0.04530274743432087   0.01313133155916029   0.08068076488174808  -0.01661938646564628   0.05974189588970817   -0.0321689394912561
    2.287784276788987     24.25144255054131    -8.531665893981272     0.045819154419745    -9.043889839309079    -3.963876030842815    -6.823392637553473     2.387243594632474    -5.015550115214459     2.839677659133062
  0.04146677798365863    -8.531665893981272     6.054721707391388    0.1965344530369127     4.380131447683969     1.900799613694676     4.733253823436343    -1.644489638424854     3.942466197922623    -2.392937667482983
 -0.01360247610514651     0.045819154419745    0.1965344530369127    0.6653324802161672    0.0902261756021151    0.2077783874782803  -0.03288203720788337  -0.02148688881402621 -0.002250096706849121 -0.008302590923813587
  0.04530274743432087    -9.043889839309079     4.380131447683969    0.0902261756021151     9.181068027709395     3.737007220190318     5.420822358887469    -3.083352916675674     5.385074924982819    -3.485727039128603
  0.01313133155916029    -3.963876030842815     1.900799613694676    0.2077783874782803     3.737007220190318     3.041143844622387     1.874007442940632   -0.4434647377419626     1.650872076577583   -0.8094559444151929
  0.08068076488174808    -6.823392637553473     4.733253823436343  -0.03288203720788337     5.420822358887469     1.874007442940632     7.862418855749272    -2.347747592400588     6.706765881778426    -3.594614733849266
 -0.01661938646564628     2.387243594632474    -1.644489638424854  -0.02148688881402621    -3.083352916675674   -0.4434647377419626    -2.347747592400588     3.455073933904338    -2.785381989733705     2.455811243245611
  0.05974189588970817    -5.015550115214459     3.942466197922623 -0.002250096706849121     5.385074924982819     1.650872076577583     6.706765881778426    -2.785381989733705     8.423187749924153    -3.674196651960223
  -0.0321689394912561     2.839677659133062    -2.392937667482983 -0.008302590923813587    -3.485727039128603   -0.8094559444151929    -3.594614733849266     2.455811243245611    -3.674196651960223     4.253446595643815

cov.inverse():
   1.815511267151438  -0.4430849037247709  -0.5314372388000342   0.2426597405595737  -0.3412304306003984  0.06654001206464098 -0.09007560363396371 -0.04532106611009603   0.1612757742801539  -0.1665856665675528
 -0.4430849037247712   0.2118089588931261   0.2543299893905593   -0.107726200880015   0.1634056405920022 -0.03184953878091722  0.03725557224653059  0.02110098386475924 -0.07597957498197551  0.07963443623981728
 -0.5314372388000338   0.2543299893905592   0.6550377696701083   -0.217365519000967   0.1529952080716839 -0.09568070484411501  -0.1401276180200084  0.03366206287338769 -0.05846474299110287   0.1130884486530543
  0.2426597405595737  -0.1077262008800149  -0.2173655190009669    1.638593270290763  0.01050067578992734  -0.1796966870425611  0.06318805282488153  0.04625191613927099    0.016856145135573  -0.0296687199615247
  -0.341230430600399   0.1634056405920023   0.1529952080716841  0.01050067578992722   0.5944259449780765   -0.470899656684236 -0.02772703415860634   0.2395948439762244   -0.106925376512948   0.1178104121267098
 0.06654001206464157 -0.03184953878091743 -0.09568070484411521  -0.1796966870425609  -0.4708996566842362    0.855678254485389  0.01162562200214238  -0.2462574110041239  0.03662258746174388 -0.07183605951086702
-0.09007560363396393   0.0372555722465306  -0.1401276180200084  0.06318805282488153 -0.02772703415860633  0.01162562200214248   0.5671002283696417 -0.07407151650159641  -0.3191238328103903    0.121587715340741
-0.04532106611009588  0.02110098386475932  0.03366206287338788  0.04625191613927093   0.2395948439762244   -0.246257411004124 -0.07407151650159652   0.6280736757548523  0.06518876201505208  -0.2148346289644135
  0.1612757742801537 -0.07597957498197545 -0.05846474299110282  0.01685614513557299  -0.1069253765129479   0.0366225874617437  -0.3191238328103903  0.06518876201505207   0.4422652085390356  0.01313418481928625
 -0.1665856665675529  0.07963443623981729   0.1130884486530542 -0.02966871996152471   0.1178104121267097 -0.07183605951086686   0.1215877153407412  -0.2148346289644137  0.01313418481928609   0.5652571145114613

cov*(cov_.inverse()):
     1.000000000000002  3.816391647148976e-17 -5.811323644522304e-16 -7.697835424647081e-18  3.707971429900425e-16  -1.52655665885959e-16  2.393918396847994e-16 -3.243932900076629e-16  1.576972059880166e-16  5.898059818321144e-17
  1.27675647831893e-15                      1 -4.996003610813204e-16 -6.938893903907228e-17  1.665334536937735e-16 -4.163336342344337e-16  4.996003610813204e-16  -3.33066907387547e-16  4.302114220422482e-16                      0
 1.054711873393899e-15 -1.387778780781446e-16     0.9999999999999993   3.33066907387547e-16  1.110223024625157e-16  2.775557561562891e-17 -2.220446049250313e-16 -2.220446049250313e-16   3.33066907387547e-16 -2.220446049250313e-16
-1.951563910473908e-18 -8.782037597132586e-18 -5.421010862427522e-18                      1 -2.710505431213761e-17 -2.580401170515501e-17 -1.040834085586084e-17  1.496198998029996e-17  2.245653749760601e-17 -1.994931997373328e-17
 1.332267629550188e-15 -1.110223024625157e-16 -1.665334536937735e-16  1.110223024625157e-16      1.000000000000001  -3.33066907387547e-16  4.440892098500626e-16                      0  6.938893903907228e-18  2.220446049250313e-16
 4.996003610813204e-16 -8.326672684688674e-17  -3.33066907387547e-16  2.116362640691705e-16  5.412337245047638e-16     0.9999999999999997  8.326672684688674e-17  1.387778780781446e-16 -9.194034422677078e-17 -5.551115123125783e-17
 5.551115123125783e-16  1.110223024625157e-16                      0  1.804112415015879e-16  6.106226635438361e-16 -2.775557561562891e-16     0.9999999999999998 -1.110223024625157e-16  2.081668171172169e-16  4.440892098500626e-16
-3.885780586188048e-16 -2.775557561562891e-17  1.665334536937735e-16 -4.163336342344337e-17 -2.220446049250313e-16  1.110223024625157e-16                      0                      1                      0 -2.220446049250313e-16
                     0   3.33066907387547e-16  2.775557561562891e-16 -1.249000902703301e-16  6.106226635438361e-16 -1.110223024625157e-16 -2.220446049250313e-16  1.110223024625157e-16                      1                      0
-4.440892098500626e-16  1.110223024625157e-16  2.775557561562891e-16                      0 -2.220446049250313e-16 -2.220446049250313e-16  2.220446049250313e-16                      0  -9.71445146547012e-17                      1
