10
1

0.1102823492531457
0.3832250716719696
0.9652972005687934
 1.124967093030914
 1.918959363237646
 2.019166938385936
 2.498524091588493
 2.676678959208689
 6.904386912757556
 16.56261562766565

  -0.3850702233921807    0.1932408104318596    0.7286320612414511   -0.3651874799613145   -0.3461407029560903    0.1740386352474179   0.00151428505424542  0.001384574095143884    0.0019674995765792 -0.001192514116845311
  -0.5174929927981958    0.2147680273287397   0.07657630675670522  -0.02941317746454139    0.7244664626133412   -0.3214691164902049   -0.1148519760859581   0.01790447836963438   -0.1609636960263185    0.1083130858832798
   0.6777472387080691  -0.01399812593886439    0.5576600675176487  -0.01736845805522656    0.4119323711193845  -0.03762248207234872   -0.1792504554416291    0.1106929358924164   0.08965688435046371  -0.07517034240652588
   0.1949839192065012   0.03349081118684441    0.1306982073242243   0.01612744770459056   0.05841067934293595  0.003747805722074919    0.5789321117877506   -0.4729347572587804   -0.4456193230140194    0.4274171400572704
  -0.1384646116421636   -0.2369815372644835   0.08616760705022283     0.130560676198062    0.2261062339200184     0.310787536308448    0.5388572279614859     0.307824142550902   -0.1936516982001322   -0.5743340829369185
   0.2055158852083725    0.3925403055045431   -0.1007344874768736   -0.1731352838298408   -0.2509608225775363   -0.4216314023966166   0.07298798640507467     0.521858010784374   -0.4886014002357023  -0.08002083578692998
  -0.1519364458025677   -0.3238881263094226     0.341679367272669    0.6973116880478155   -0.2438295716230136   -0.4281631553674572  -0.02521220675749944    0.1101552091402662  -0.05019469844886738    0.1046782543317282
  0.03481080553543247     0.153108070838379   0.02298784083007061   0.03071140036346087  -0.09305015631905293   -0.3068438410059046    -0.130251637310546   -0.6195338665184585   -0.1364885602530082   -0.6720462731867692
 -0.02922099850047174   -0.6837748819273253  -0.01731444165189333   -0.3642787368195411 -0.004141231893824248  0.003767251130813969   -0.3661159194093699   -0.0234841930451595   -0.5133485188754553   0.02118580942742451
 0.001518844040668066    0.3302624294898861  0.004393411589693254    0.4453128298072146  -0.00108055147302018    0.5595406228407729   -0.4149424605562025  -0.01256688445599002   -0.4544933820860743   0.02480563657685133

22.67059296630882
43.47771026946283
35.57182000768947
68.99219996920478
50.49794318638958
98.52160792397736
79.72606658097419
155.6893031590483
94.70193030707628
185.4269718830825

0.512460347937793

    -0.012985397933368   0.006557605675857879  -0.001935715060513015  0.0009772454822321651    0.01149014559193826  -0.005859589931937611   0.001486904254608873 -0.0009261826320706995   0.001759370940300731  -0.000732415512888399

-5.97787348913183e-06  0.002586122033241071 -0.004837614840636426 -0.002149649305877088  0.005809952419837429 -0.006758113710099534  -0.00454583048259176   0.01360227765400349   -0.2830643225300296   -0.5874682281509995

cov:
   0.9541906975694359     1.867414778946754   -0.0455396493891495   -0.1754381858932511    0.1089330196365632   0.04649460895516849      0.15331625161485  0.000625354755438642    0.1875133742096714  -0.01050763106930825
    1.867414778946754       53.875967699942   0.06276730512319134     50.45019791230523   -0.1517911245666341     50.14431848073084    -26.08100753960065   -0.7297344284976649    -25.12929550207991     1.003547771771353
  -0.0455396493891495   0.06276730512319134     1.139590129155229     2.432379468526507   -0.1296857524790742   -0.0417738456303179   -0.1307882167687364 1.429740957722538e-05    -0.143278743465534  0.008470016624266987
  -0.1754381858932511     50.45019791230523     2.432379468526507     63.95403809159591   -0.8631738165764866     66.80413070754267    -44.24658940912089    -1.016046649004207    -46.61226305308332     2.759947504382846
   0.1089330196365632   -0.1517911245666341   -0.1296857524790742   -0.8631738165764866     1.120320473293258     1.330754205899138    0.6562310040986913   -0.0145131329344535     0.726484561217819   -0.1048902665409128
  0.04649460895516849     50.14431848073084   -0.0417738456303179     66.80413070754267     1.330754205899138      88.8027617748521    -62.89722644516355    -1.417341410055688    -68.79903307650976     4.488759842542096
     0.15331625161485    -26.08100753960065   -0.1307882167687364    -44.24658940912089    0.6562310040986913    -62.89722644516355     55.29403538333943     2.801943179608832     59.95998022501158    -3.422203765662597
 0.000625354755438642   -0.7297344284976649 1.429740957722538e-05    -1.016046649004207   -0.0145131329344535    -1.417341410055688     2.801943179608832     4.649076860008574     1.729274121013647     1.861206496132791
   0.1875133742096714    -25.12929550207991    -0.143278743465534    -46.61226305308332     0.726484561217819    -68.79903307650976     59.95998022501158     1.729274121013647     70.75042732067944    -2.667670541088097
 -0.01050763106930825     1.003547771771353  0.008470016624266987     2.759947504382846   -0.1048902665409128     4.488759842542096    -3.422203765662597     1.861206496132791    -2.667670541088097     4.973432988106693

cov.inverse():
    14.55773559094042    -6.842293445921285    -22.92998373065147     11.62554952726139     8.699407120173461    -4.428320644669958     0.299195597103378  -0.09022496062215593     0.484969637772913   -0.3209910739379385
   -6.842293445921303     3.468831509676202     11.65181390379733    -5.899492682205419    -4.472893387880512     2.251471676363333   -0.1502588908004865   0.04580577057047536   -0.2453463390719136     0.161078324473982
    -22.9299837306514     11.65181390379738     44.06249850179373    -21.85655637708346    -20.10897983798804     10.23011026110087 -0.007520305184594493    0.1080491746828663   0.04611415612766009  -0.02370965972112938
    11.62554952726143    -5.899492682205444    -21.85655637708346       11.065211028458     10.23241333700057    -5.179966778518988  0.003007896161784868  -0.05468910047678165  -0.02331328318001055    0.0126874456849295
    8.699407120173619    -4.472893387880583    -20.10897983798822     10.23241333700066     13.64995056801078     -6.48972679117323   -0.6308805346883541    0.0665484795182235    -0.808995229171369    0.5290408291178035
    -4.42832064466999     2.251471676363363     10.23011026110096    -5.179966778519026    -6.489726791173225      3.30914421967198    0.3263863266318505  -0.03428685950472587    0.4180588356100366   -0.2683956022068487
   0.2991955971033901   -0.1502588908004922 -0.007520305184625954  0.003007896161800566   -0.6308805346883315    0.3263863266318388    0.4753938304605067   -0.1860651434043673   -0.1247429881441057   0.05124866995142924
  -0.0902249606221671   0.04580577057048056    0.1080491746828882  -0.05468910047679293   0.06654847951821045  -0.03428685950471914    -0.186065143404367     0.340282683835402   0.09024009008894086   -0.1538906915322353
   0.4849696377728722   -0.2453463390718921   0.04611415612774755  -0.02331328318005472   -0.8089952291714174    0.4180588356100612   -0.1247429881441022   0.09024009008893999    0.4202980825979022   -0.2251544334160772
  -0.3209910739379153    0.1610783244739697  -0.02370965972117722   0.01268744568495388    0.5290408291178288   -0.2683956022068615   0.05124866995142745   -0.1538906915322348   -0.2251544334160768    0.3863697417638835

cov*(cov_.inverse()):
     0.999999999999951  1.701243312890455e-14 -1.600018945460691e-13  9.506528593841712e-15 -1.508515534709431e-14 -2.745069796472599e-14 -9.560494756977178e-16  8.688796210298833e-16 -1.338339161716107e-15  9.679756995950584e-16
-3.846922780326167e-14     0.9999999999999679 -2.223256301281396e-13 -8.255549022173625e-14 -4.463096558993129e-14  4.440892098500626e-15  8.326672684688674e-17  1.942890293094024e-16 -1.415534356397075e-15 -1.665334536937735e-16
 3.141584214993998e-15 -3.348016308635238e-16      1.000000000000011 -5.124671303632922e-15  1.301042606982605e-16 -8.336213663806546e-15   4.98732999343332e-16  4.156831129309424e-16 -3.358858330360093e-16 -2.992397996059992e-16
 9.825473767932635e-14 -4.118927421359331e-14  -4.73232564246473e-14     0.9999999999999926  8.326672684688674e-14 -2.331468351712829e-14  6.661338147750939e-16  1.110223024625157e-16  4.996003610813204e-15  -1.77635683940025e-15
 2.269018306577664e-15 -2.345346139520643e-15 -3.761617753395008e-14  8.479978871878124e-15      1.000000000000005   -6.0958182945825e-15 -3.469446951953614e-17 -1.006139616066548e-16   7.28583859910259e-17  1.040834085586084e-16
-3.042011087472929e-14 -3.186340080674199e-14 -1.224714774039626e-13 -4.392319841173276e-14   3.33066907387547e-14       1.00000000000001  4.385380947269368e-15 -5.551115123125783e-16 -2.442490654175344e-15  3.774758283725532e-15
 -1.41886502547095e-13 -1.854072451124011e-14  7.480127628411992e-14  1.242062008799394e-14  -4.04121180963557e-14   1.06581410364015e-14                      1 -2.220446049250313e-16 -4.996003610813204e-15 -2.220446049250313e-16
-3.774758283725532e-15  7.216449660063518e-16  2.484124017598788e-15 -1.037364638634131e-15 -1.998401444325282e-15  1.110223024625157e-15 -2.775557561562891e-17     0.9999999999999996 -4.440892098500626e-16   3.33066907387547e-16
-6.161737786669619e-14  6.289413434501512e-14 -4.884981308350689e-14  3.250871793980536e-14 -2.597921877622866e-14  3.463895836830488e-14 -1.859623566247137e-15  1.554312234475219e-15      1.000000000000007 -6.661338147750939e-15
 3.996802888650564e-15                      0  2.192690473634684e-15 -1.595945597898663e-15  2.220446049250313e-15 -3.108624468950438e-15  2.775557561562891e-16 -4.440892098500626e-16 -4.440892098500626e-16      1.000000000000001
