12
1

                  nan
                  nan
                  nan
                  nan
    3162.277660168379
8.385060465483394e-18
2.458483265889308e-10
3.192385495827805e-10
 1.44236259342751e-08
3.831620645780865e-08
    2.716415410295239
     4.75417439838012

    0.9438587274282793    -0.2522183955088929    0.08981104416765082     0.1724949375113994   -0.02825371703714081   -0.07405969586722261  -0.001745572285111544                      0   -0.02508339577621382   -0.02793998933751587 -0.0002804532655449557                      0
                    -0    -0.1530520759455987     0.3426745279639533    -0.3903175985266072    0.00337353842485081   -0.02701214203115784  0.0008407064253491809  -9.84629843368937e-22    -0.5499826095497932     0.6352781439553201  0.0006839981147229706                     -0
                     0    -0.5411646678141838   -0.09060085927944227    -0.6838087819716924    0.08757570833044311   -0.01033525560222757   0.002843855107026669  2.881603222272008e-20     0.4613339889504674    -0.1031475804804268  -0.009217042695503127                      0
                     0    0.04632417773897029     0.0271694077204631     0.0574914079116116     0.9380748931080235    -0.3243889793242101   0.007756192412188541 -2.525532246041082e-17   -0.04472776520086978   -0.02576171039810128    0.07663889121980255                      0
                     0                      0                      0                      0                      0                      0                      0                      0                      0                      0                      0                      1
                     0 -9.400522967569227e-16 -8.070778960438923e-16 -1.784293476818086e-15 -9.757226990643408e-15  2.143288228225817e-15 -5.154632231758254e-14                      1  9.993691041125966e-16   4.46071129562773e-17  1.335087908136635e-13                      0
                    -0   -0.00494660127985668  0.0001919294571237152  -0.002729195604558287   -0.04805314458948119    0.00544539398080191     0.8442955922189037 -2.840324403388372e-14   0.004906586019682288  7.054442804055501e-05     0.5336386063306474                     -0
                    -0  -0.005589352563313641  -0.005734977750632677   -0.01202376797381789   -0.05820158506330095    0.01357076364748273     -0.535760621248938 -1.406290690954268e-13   0.006035846383827222  0.0002733129426041303     0.8421067382579219                     -0
                     0     0.1487986650440011    -0.2068296439755004   -0.06227088248872965    -0.2956266244079747    -0.8944782206280406  -0.004162045303224466  1.206667651714508e-19     0.1162811828814879     0.1733773923732405   -0.01086500399616127                      0
                     0      0.272276791209936     0.8605424150174001     -0.140530363111559   -0.07758060239969382    -0.1462110012068324  -0.003231089465789544  7.996089835309951e-22     0.2254699463810848    -0.2955316016797432 -0.0009203118770683449                      0
   -0.2805090152314658    -0.6373548427653052     0.1503081729649893     0.2687924272886902    -0.1091491364575143     -0.258006089681606  -0.003741281635871968                      0    -0.4000908378242188    -0.4262390130932746  -0.002129005767918648                      0
    0.1744860883604838     0.3397104896951112    -0.2441807291215715    -0.5009691829775725   -0.02263675809562321   -0.01416241184936837   0.003427840086836957                      0    -0.5075126947733307     -0.534096923778964  -0.001905579133470361                      0

22.33130732891428
32.47709846496582
35.83038041430839
60.54763793945312
 51.7432941540546
 93.7699483235677
85.15043953756305
159.2149963378906
93.24114510149764
184.6273396809896
107.5051199416546
217.4080047607422

0.4818344313304982

0.003657222863870566  -0.2863679224606148   0.2450866501215344   0.2188641295406617   -2.924899169642853  0.09378537630885192    111.6598725956279   -6495.866309315977   0.2760885424952413  0.01290315530588624     18.2275362095836                    0

-2.402724291353805e-17  1.057102686578771e-17 -9.584573141173514e-19  5.861193773408898e-18                      0 -4.567194169174864e-31  6.294617494522495e-18 -4.515031364194288e-18  9.449886389777904e-18 -5.490267083874808e-18  -0.002252185688637693  -0.005502882335261359

cov:
     1.268744136670704      2.658968224236336      -1.27410700671444      -2.53206512986136     0.1366484535328399     0.4781810757102836    0.02126249316190416                      0     -1.173382152948938     -1.224101263379925  -0.003108430381767166                      0
     2.658968224236336      5.605834342328308     -2.581764609646776     -5.110666361448239     0.3395173734209934      1.104657189154151    0.04391482106121648                      0     -2.015160273338794     -2.096304690154906  -0.004618725700427538                      0
     -1.27410700671444     -2.581764609646776      1.514345629655044      3.062977231482193   0.003874120866685343    -0.2079947933074395   -0.02306779833482094                      0       2.35722526452179      2.474942807449322   0.008155617073917432                      0
     -2.53206512986136     -5.110666361448239      3.062977231482193       6.20559221052099     0.0398299034264043     -0.351367320981816   -0.04623385091481005                      0      4.953024054731339      5.202174904639849    0.01735419750280451                      0
    0.1366484535328399     0.3395173734209934   0.003874120866685343     0.0398299034264043    0.09949079681443763     0.2150446626991654   0.001259415583652295                      0     0.5818977096180562     0.6165590544944607    0.00268967580362289                      0
    0.4781810757102836      1.104657189154151    -0.2079947933074395     -0.351367320981816     0.2150446626991654     0.4957265370111522   0.006025412398711141                      0     0.9241501735411515     0.9824408311138066   0.004663188921097914                      0
   0.02126249316190416    0.04391482106121648   -0.02306779833482094   -0.04623385091481005   0.001259415583652295   0.006025412398711141   0.000368861558391198                      0   -0.02827523381764388     -0.029613028559124 -8.886327582045782e-05                      0
                     0                      0                      0                      0                      0                      0                      0                      0                      0                      0                      0                      0
    -1.173382152948938     -2.015160273338794       2.35722526452179      4.953024054731339     0.5818977096180562     0.9241501735411515   -0.02827523381764388                      0      7.002784785884188      7.384925129159566    0.02814401537951381                      0
    -1.224101263379925     -2.096304690154906      2.474942807449322      5.202174904639849     0.6165590544944607     0.9824408311138066     -0.029613028559124                      0      7.384925129159566      7.788084071181319    0.02969978551349099                      0
 -0.003108430381767166  -0.004618725700427538   0.008155617073917432    0.01735419750280451    0.00268967580362289   0.004663188921097914 -8.886327582045782e-05                      0    0.02814401537951381    0.02969978551349099  0.0001155198778873582                      0
                     0                      0                      0                      0                      0                      0                      0                      0                      0                      0                      0                      0

cov.inverse():
nan nan nan nan nan nan nan nan nan nan nan nan
nan nan nan nan nan nan nan nan nan nan nan nan
nan nan nan nan nan nan nan nan nan nan nan nan
nan nan nan nan nan nan nan nan nan nan nan nan
nan nan nan nan nan nan nan nan nan nan nan nan
nan nan nan nan nan nan nan nan nan nan nan nan
nan nan nan nan nan nan nan nan nan nan nan nan
nan nan nan nan nan nan nan nan nan nan nan nan
nan nan nan nan nan nan nan nan nan nan nan nan
nan nan nan nan nan nan nan nan nan nan nan nan
nan nan nan nan nan nan nan nan nan nan nan nan
nan nan nan nan nan nan nan nan nan nan nan inf

cov*(cov_.inverse()):
nan nan nan nan nan nan nan nan nan nan nan nan
nan nan nan nan nan nan nan nan nan nan nan nan
nan nan nan nan nan nan nan nan nan nan nan nan
nan nan nan nan nan nan nan nan nan nan nan nan
nan nan nan nan nan nan nan nan nan nan nan nan
nan nan nan nan nan nan nan nan nan nan nan nan
nan nan nan nan nan nan nan nan nan nan nan nan
nan nan nan nan nan nan nan nan nan nan nan nan
nan nan nan nan nan nan nan nan nan nan nan nan
nan nan nan nan nan nan nan nan nan nan nan nan
nan nan nan nan nan nan nan nan nan nan nan nan
nan nan nan nan nan nan nan nan nan nan nan nan
