12
1

0.05409573378035703
0.06712035266715806
 0.5189140456535851
 0.7146516458735338
 0.8044150867638843
 0.9595093863293702
    1.0818062008684
    1.4559697282983
  2.081291624861003
  2.601360224455458
  3.483768195344126
  6.626614100269066

  -0.1019820924632179   0.04443032926014284   -0.0969169643157462   0.04291277220042958    0.7291412790406128   -0.3189604782518649    -0.536507617167216     0.234771192467598 0.0004715354919785222 0.0006074019633765111 -0.001491525548077002  -0.00690298185475199
   0.4557807031221817   -0.2004491265581688   -0.7621744059208659      0.33326756486781    0.1071999041351113   -0.0473453697326174    0.1973773159775268  -0.08566928715315915 -0.004763643626293059  -0.00552554972189883   0.00135577369313569  0.004637484406460652
  -0.4369586537854085    0.1326646778977692  -0.03158003406413663   0.01439764647049001    0.4089719291510938   -0.1371031144912419    0.6090181195611712   -0.2924191471538228   -0.2791331771976254   0.06277435257586421   -0.2208011583663941    0.1310961305397002
   -0.156914389347373   0.02268093293929791   -0.0684907477152203   0.01991552481792837   0.03052967028038551 -0.009206796327153183    0.1238023522486973   0.07642577618682656    0.8669465033350763    0.2468014632838538    -0.208216421078864    0.3028692978174183
 -0.06550174516088805   -0.0124964503100961  -0.04517817626620308  0.002714380437862427 -0.004671473818115407   0.06786357411509258    0.3724740000728976    0.9111872605769575   -0.1240532739709743    0.0114137775681448   0.02162876397888607  -0.06237980585674034
   0.6318807705000221  -0.03323145072966515    0.5042384863477991   -0.0118935604269253    0.3502041813504473   -0.0406235607278716    0.2690367887952166  -0.03840233553142693   0.05342963007817556    0.3539158384942625    0.1305927846156812  -0.04370420733325506
  -0.3027434729459776  -0.02758521958270499   -0.1989243285446298 -0.007817343276147092  -0.08453091110985071 -0.005253906609287267  -0.04431929176020149  -0.05724631627559228  -0.05128531149975206    0.7094624219319109    0.5528550720451016   -0.2095785893030771
  0.08126599674566698   0.03186269440176587 -0.000866870815444484 -0.003246850738974984  -0.08232335572576631 -0.002198696392234355   -0.1058263217315218   0.06899998354872793   -0.2658359713133359   0.09625362360804038      0.23034646417048    0.9146770569175288
  -0.1847063013663275   -0.3525371424229334   0.09433009192783606    0.1847736911753856    0.3405867515320282     0.644186991449724   0.05286034517433502   -0.0658236136804726    0.1346042921752791   -0.2997041276031236    0.3878513242442957   0.04570507061203399
   0.1643341009707577    0.3659134056735804   -0.2994192152161459    -0.648587124959862    0.1890275748864789    0.5119775107403806  -0.05260554224006087  -0.01584007482716437  -0.03795574783970022     0.105984841864038   -0.1232096862626317 -0.007736846767829912
 -0.03846847262868248   -0.1658246959639636   0.09241135712890562    0.3863836560127703   -0.0172785921064991    0.4095431288542977   -0.2388937566044692   0.04230742004485809   -0.2369660110081696    0.4367932189762157   -0.5824444759017311   0.01109573631198781
  0.04341791678669903    0.8068594665555848   0.03240286446811195    0.5311948051816883 -0.007373322567049293    0.1613350493516958 -0.007668697615357723  0.006687898764782058   0.05666377576709582   -0.0727012210709997    0.1637295349171892  -0.04882936075966571

22.60279478042899
48.75749231397832
 35.6353975745254
78.32741778658294
50.18450208380807
111.3694875089249
58.07013450936478
129.2492180528851
69.12225585379298
155.3679884909152
 83.5687519265648
187.3075128939087

0.443409844081284

  -0.01156742476579288   0.005111593423301596  -0.002803065024463466   0.001213011845643928    0.00245355049401138  -0.001088667225616601     0.0117298280206683  -0.005084710617782179  0.0003855387376838076  4.129282657927769e-05 -0.0002042502877400234 -0.0003642959062886229

-1.058499559378667e-05 -3.130187525844555e-06   0.004177523843945803   0.001824473173320653  0.0002881337535324705  -0.004260796309246743   0.004039384282658801  -0.006463871906327949   0.005748256262524436  -0.003994896803753612    -0.0443830757470241     0.1695497043312965

cov:
  0.9878608869022322    2.283345722854436 -0.01656092138382594 -0.04418433957996772   0.1008453808265243   0.1621630914452008  0.05330060010345848   0.0272927686342328  0.04083138113301634 -0.04143545577439559  0.09828207295226726  0.02591122583064745
   2.283345722854436     30.3752015274938  0.06666955346950366    16.15569852950098  -0.2770664622480731    5.171712610261643 0.004076670899931425   0.2039717453976437    2.168154870060672   -2.757033205745002    6.059133589325094   -1.762774923388245
-0.01656092138382594  0.06666955346950366    1.082000741925415    2.573091027919999 -0.09628511422444314    -0.10312562890167 -0.03617411152189535  0.03094072280203005 -0.04031759969907061  0.03871257986889703 -0.07213204487292839 -0.00576021855267884
-0.04418433957996772    16.15569852950098    2.573091027919999    17.19802808284408  -0.8104136810064946    3.952194267935992   -1.023258592188664   0.3728491047798325   0.4940524652660643  -0.3608356702638838    1.928013075301598   -1.016827924199432
  0.1008453808265243  -0.2770664622480731 -0.09628511422444314  -0.8104136810064946    0.933067651609071    1.438836821574164   0.2396938171925774  -0.1804775284077909   0.2332264534710204  -0.3368014839183393   0.4033229221750634 -0.06262859828186707
  0.1621630914452008    5.171712610261643    -0.10312562890167    3.952194267935992    1.438836821574164    6.759944167857421    -1.29204359290832  0.07082573541366025  -0.5319510254762119     1.16586992571819   -1.078935885428196  -0.2003868658481373
 0.05330060010345848 0.004076670899931425 -0.03617411152189535   -1.023258592188664   0.2396938171925774    -1.29204359290832    1.017225160800723  0.01967719604796875   0.7669703907141753   -1.290381741156633    1.674094302037792   -0.182028457852491
  0.0272927686342328   0.2039717453976437  0.03094072280203005   0.3728491047798325  -0.1804775284077909  0.07082573541366025  0.01967719604796875   0.6228913697080326  -0.1940055572292528   0.2424822855011227  -0.3343196913011786  0.09324252053466316
 0.04083138113301634    2.168154870060672 -0.04031759969907061   0.4940524652660643   0.2332264534710204  -0.5319510254762119   0.7669703907141753  -0.1940055572292528    1.481045261694214   -1.614845347537486    2.106383235889223  -0.5005370919711518
-0.04143545577439559   -2.757033205745002  0.03871257986889703  -0.3608356702638838  -0.3368014839183393     1.16586992571819   -1.290381741156633   0.2424822855011227   -1.614845347537486    3.768999225992456   -3.683487796184346    0.188134740024002
 0.09828207295226726    6.059133589325094 -0.07213204487292839    1.928013075301598   0.4033229221750634   -1.078935885428196    1.674094302037792  -0.3343196913011786    2.106383235889223   -3.683487796184346    6.570223944537021 -0.08135641685614035
 0.02591122583064745   -1.762774923388245 -0.00576021855267884   -1.016827924199432 -0.06262859828186707  -0.2003868658481373   -0.182028457852491  0.09324252053466316  -0.5005370919711518    0.188134740024002 -0.08135641685614035    1.996341748614664

cov.inverse():
   50.95597258579303   -22.03781103363583   -73.26809634462103    32.16050322465911   -14.98835831353117    6.501425398173259    37.79080172542378   -16.49656445384703  -0.2653132548646723   -0.682068038501864   0.5471493416186126    0.467326695246588
  -22.03781103363584    9.727751282621016    32.38447588233171   -14.21380953039171    6.474414193763178   -2.831258249077952   -16.64363344198199    7.225762498179514   0.1090393325100432   0.2915076145302121  -0.2429607684906928  -0.2168224328977408
  -73.26809634462005    32.38447588233124    132.4955611325736   -57.77669589093111   -42.13079760516778    18.55923325619949   -15.58105257407958    6.666792920829314   0.7563643127165934    0.938695560431402  -0.1406208770114175  -0.5948827158545509
   32.16050322465868   -14.21380953039152   -57.77669589093112    25.37327134993697    18.63740877820418   -8.193138262116431    6.769014429361746   -2.902552844516319  -0.3245343559691011  -0.4061910848754257  0.06464454609004486   0.2634057442169305
  -14.98835831353402    6.474414193764441   -42.13079760516322    18.63740877820218    185.0243388023528   -80.76003868733726   -127.9395297094673    55.99310652968151  -0.3228890691309599   0.1883034382636852  -0.6586788009257125   -1.425600126422226
   6.501425398174464   -2.831258249078503    18.55923325619748   -8.193138262115546   -80.76003868733724    35.49085506518113    56.11391903449856   -24.45340521583245   0.1196581163990353 -0.08432987934270789   0.2875884443041776   0.6332377066318801
   37.79080172542568   -16.64363344198281   -15.58105257408321    6.769014429363343   -127.9395297094654    56.11391903449776    108.7222285644768   -46.92788656448132  -0.7503118690331618 -0.08638479228551171  -0.1817103015706886    1.752670705871167
  -16.49656445384782    7.225762498179865    6.666792920830861   -2.902552844516999    55.99310652968074   -24.45340521583211   -46.92788656448133    22.08389907559911   0.3754420773382965  0.09812067286129457  0.06103561085570472  -0.7856709565357041
 -0.2653132548646501   0.1090393325100333   0.7563643127165707   -0.324534355969091  -0.3228890691309942   0.1196581163990506  -0.7503118690331252   0.3754420773382808    1.837651783141443   0.3164674291107679  -0.1515834405128222   0.2772873156062823
 -0.6820680385018837     0.29150761453022   0.9386955604314552   -0.406191084875449   0.1883034382636176  -0.0843298793426782 -0.08638479228547886  0.09812067286128022   0.3164674291107681    0.749750075700251   0.1921327813537511   0.0635753584772496
  0.5471493416186168   -0.242960768490695  -0.1406208770114131  0.06464454609004293  -0.6586788009257467   0.2875884443041927  -0.1817103015706633  0.06103561085569383  -0.1515834405128222   0.1921327813537509   0.6380904381868984  -0.2304405369391377
  0.4673266952465944  -0.2168224328977436  -0.5948827158545757   0.2634057442169416   -1.425600126422185   0.6332377066318621    1.752670705871146  -0.7856709565356947   0.2772873156062817  0.06357535847724959  -0.2304405369391381   0.7053304435377943

cov*(cov_.inverse()):
    0.9999999999999326  1.881307609696847e-15  3.144880189598354e-14 -4.059252933785729e-15  1.944278071874805e-14  2.902886264699589e-14 -5.211109321834329e-14  1.135203042679223e-14 -3.035766082959412e-17   1.56992474575901e-15  5.212844045310305e-16 -2.602085213965211e-16
 9.769962616701378e-15     0.9999999999999951  2.575717417130363e-14  2.131628207280301e-14  8.837375276016246e-14  1.332267629550188e-15 -2.620126338115369e-14 -7.327471962526033e-15  -3.33066907387547e-16  3.608224830031759e-16  7.216449660063518e-16  2.220446049250313e-16
 3.483845156804222e-14 -2.042506788701992e-14     0.9999999999999168  8.643910240357933e-15  2.116362640691705e-15  2.694459239060976e-15  9.310260895567524e-15 -4.306451029112424e-15 -6.331740687315346e-16 -5.510999642743819e-16  8.456776945386935e-17 -1.786765180256111e-16
 7.088774012231625e-14 -3.472222509515177e-14 -1.014743844507393e-13     0.9999999999999687  7.993605777301127e-15 -5.628830734849544e-14   8.43769498715119e-15 -1.221245327087672e-15  2.775557561562891e-16 -6.245004513516506e-16  -1.52655665885959e-15  -3.33066907387547e-16
-8.004014118156988e-15 -1.143182770668716e-15  3.781697177629439e-15  4.166805789296291e-15     0.9999999999999989 -1.186550857568136e-15 -1.186550857568136e-14  3.476385845857521e-15 -1.630640067418199e-16  2.896988204881268e-16  2.324529457808922e-16 -1.804112415015879e-16
 3.480549182199866e-14 -5.218048215738236e-15 -4.846123502488808e-14  2.197547699367419e-14 -1.360023205165817e-14     0.9999999999999503 -1.515454428613339e-14   1.82354131794682e-14 -1.318389841742373e-16 -1.422473250300982e-16  -3.33066907387547e-16  4.163336342344337e-16
 5.412337245047638e-15 -8.340550472496489e-15 -1.594557819117881e-14  1.227490331601189e-14 -1.354472090042691e-14 -1.318389841742373e-15      1.000000000000006  9.409140133698202e-15 -4.093947403305265e-16 -2.376571162088226e-16  5.551115123125783e-17                      0
 4.843347944927245e-15  2.151057110211241e-16 -2.317590563905014e-15  1.387778780781446e-16 -1.462718834943644e-14  1.811051308919787e-15  4.996003610813204e-15     0.9999999999999986                      0  1.387778780781446e-17 -6.938893903907228e-17  2.636779683484747e-16
 1.898481372109018e-14 -4.898859096158503e-15 -1.365574320288943e-14  1.010302952408892e-14 -4.096722960866828e-14 -5.551115123125783e-15  4.551914400963142e-15 -3.552713678800501e-15                      1 -2.359223927328458e-16  1.942890293094024e-16  1.665334536937735e-16
-1.804112415015879e-14  2.851885394505871e-15 -7.438494264988549e-15  -1.03667074924374e-14  3.697042672001771e-14 -6.564193633096238e-15 -3.180788965551073e-14  6.300515664747763e-15  -2.42861286636753e-16                      1 -1.179611963664229e-16 -5.551115123125783e-17
 2.711025848256554e-14 -3.372302437298913e-15 -1.722927356340165e-14  6.713379852030243e-15 -2.023381462379348e-14 -1.001282390333813e-14 -1.443289932012704e-15  2.942091015256665e-15 -1.734723475976807e-17 -3.087807787238717e-16                      1 -7.771561172376096e-16
 1.332267629550188e-15 -1.887379141862766e-15 -1.465494392505207e-14   1.77635683940025e-15  1.154631945610163e-14  3.108624468950438e-15 -6.217248937900877e-15 -4.218847493575595e-15  1.110223024625157e-16  1.387778780781446e-16                      0                      1
