10
1

0.2175328157794387
0.7622211098873199
0.9437689224809244
 1.014116750259783
 1.157934875854466
 1.462035485424024
 1.764637470966871
 2.403303446961231
 4.285730848513591
 6.590856689320254

  -0.5561343109351463    0.2129482725319553    0.7359624849989734   -0.2922870201764235   -0.0398933985460833   0.01605144046242609  -0.07103746877913458   0.05315467247168806   -0.0746906947626448   0.05473213761720861
   -0.141027961870915   0.03502484389428216  -0.07065982681819122   0.05256695156633197    0.2286186947932609   -0.9551491614787389  -0.06979376804847623  -0.02416136526444402 -0.006404742694369318    0.0324944320834001
   0.6493097768918442  -0.05923915358488382    0.3927932402519604   -0.2545704336240308   -0.4038608105839779   -0.2367918420845257   -0.1849586530204834     0.171324574516647    0.1743360847792472   -0.2065577077528202
  -0.1433104474064085  0.002304336650901532  -0.07017513937928439    0.1085172727017846    0.3054185269174177    0.1400690257863714   -0.7087960073898517    0.2301994073813343    0.4869672185818713   -0.2394490117795722
  -0.2010423189053463  -0.01330143046971629  -0.09520877228984848    0.1367857643273922   -0.1146050137894557  -0.03848050283930802    0.2613684460571585    0.6122628881795298   -0.2455620239544321   -0.6430668142454049
   0.3682807896604212    0.1288148778776182    0.1768656525806027   -0.1427380476444157    0.6824483374888064   0.09827570761172481   -0.1031318058744825  -0.06143681117639889   -0.5136433267763189   -0.2061223218291668
  -0.1826184365794807   -0.1101821179183497   -0.1142204338586426  -0.08922098917981174   -0.2860897591482905  -0.02329769008851167   -0.2639600095313548    -0.661621206296377   -0.2051515590540688   -0.5491893234605388
   0.1027279435012893    0.1088551735598074    0.3756608910841841    0.8850091432781726   -0.1078823674442376 -0.004197174052676312   -0.1029961578407646   -0.1154476243371715   -0.1318218031007336   0.01629908874582972
 -0.07336756728905246   -0.4285250717672421   -0.1053043022530808  -0.03044440852849802   -0.2165720612702549 -0.006067509856100812   -0.4878953472279243    0.2775391382805805   -0.5556833681121847    0.3580132451934168
  0.05788431358900529     0.851773573423705   -0.2975781438813889  -0.06332442747030372   -0.2655155786179997 -0.002577791365189971   -0.2370789437432754   0.08664789875003893   -0.1856658467661321   0.09938406788929975

35.55935467222248
 86.5046263543541
53.46041285387894
131.3330779413478
64.23992831877234
158.1497165509937
88.14373896538292
 219.311138813238
104.5280280875683
260.7803761125361

0.4014775554100371

  -0.02086903917593991   0.008351280134413894    0.02013036375583361  -0.008071586733655541 -0.0002887390783921539   6.10937890056728e-05  0.0002075947732017445 -0.0004883905990214828  0.0003515735188709492 -0.0002727373363257968

 0.001442774319515128  0.000726659667184056 -0.003550003073612429 0.0006363436238148399  0.001258810670063855 -0.004711627048501632  0.005414961204181044 -0.004625811520050974  -0.08062186171210195   0.01384734732418194

cov:
    1.176162180394168     2.908383126891897   0.07033499074946088    0.1485751277566101 -0.005239296966347986   0.02043708536969999  0.003787395195156515  0.003937851819128531   0.01381293289515691   0.01223140587052038
    2.908383126891897     35.03690125511439    -9.870841376906533    -1.546293432300852     -7.87302611598868  -0.02097009200666869    -4.933163022301973     1.139657719416634    -2.654461145717296     1.024298744472547
  0.07033499074946088    -9.870841376906533      5.15611568327683     2.648794883221668     3.817305228341523   0.03312036592582045      3.79318983487721    -1.727262187417772     3.122435606128393    -1.796708561622437
   0.1485751277566101    -1.546293432300852     2.648794883221668     4.884020317014431    0.2834529079840171 -0.001609425009375268    0.5129150494185301   -0.6834534017271439    0.3319548461223087   -0.2723857348180673
-0.005239296966347986     -7.87302611598868     3.817305228341523    0.2834529079840171     5.530796094769189    0.2287907641497157     4.618707268679999    -1.618383834689997      3.99477134520621     -2.28988022518494
  0.02043708536969999  -0.02097009200666869   0.03312036592582045 -0.001609425009375268    0.2287907641497157    0.6255528583294772   0.04300020638347302  -0.02385636501040798   0.04244323785603835  -0.03061920062379529
 0.003787395195156515    -4.933163022301973      3.79318983487721    0.5129150494185301     4.618707268679999   0.04300020638347302     7.756586267726147     -2.73410672794295     6.782837011701869    -3.762951254300162
 0.003937851819128531     1.139657719416634    -1.727262187417772   -0.6834534017271439    -1.618383834689997  -0.02385636501040798     -2.73410672794295     3.772843965867354     -3.01331813449413     2.730346830974143
  0.01381293289515691    -2.654461145717296     3.122435606128393    0.3319548461223087      3.99477134520621   0.04244323785603835     6.782837011701869     -3.01331813449413      8.31648394867214    -3.831456626651767
  0.01223140587052038     1.024298744472547    -1.796708561622437   -0.2723857348180673     -2.28988022518494  -0.03061920062379529    -3.762951254300162     2.730346830974143    -3.831456626651767     4.467026141866745

cov.inverse():
    7.170012093442229    -2.519248970911087    -8.277971860813505      3.19754929259131     0.226516631304486   -0.1249131581804375    0.7740689512404232    -0.592652975259802    0.8985700299066495    -0.676229903872164
   -2.519248970911087     1.004894867994433     3.300728094638733    -1.285638644123128  -0.08799896712183418   0.03785456827810788   -0.3078468891402154    0.2335495559582536    -0.361426430599193     0.268755169354932
   -8.277971860813512     3.300728094638733     11.68547344337711    -4.631999301360865   -0.7760528955605475    0.2633267968239283    -1.149225862658085      0.85549915830625    -1.138864947106005    0.8196083556012608
    3.197549292591311    -1.285638644123127    -4.631999301360863     2.056139904747504     0.349900567264097   -0.1135601878045332    0.4370250264623852   -0.2879406431031651    0.4584417768554178   -0.3357014945824888
   0.2265166313044828  -0.08799896712183282   -0.7760528955605427    0.3499005672640951    0.6575691828000196   -0.2034532258401348   -0.1160970640293942   -0.0764456048834453   0.01201402288813885     0.023672433495057
  -0.1249131581804363   0.03785456827810743    0.2633267968239268   -0.1135601878045326   -0.2034532258401348     1.663566925518768    0.0332643276730172   0.02809921541204867 -0.009572333468590847 0.0003966491365895495
   0.7740689512404219   -0.3078468891402152    -1.149225862658085    0.4370250264623853   -0.1160970640293939    0.0332643276730171     0.736326422295391  -0.09851159456147983   -0.2464960838567272   0.04265410973670446
  -0.5926529752598012    0.2335495559582534    0.8554991583062498   -0.2879406431031652  -0.07644560488344557   0.02809921541204876     -0.09851159456148    0.5737894130000885 -0.001012102806338049   -0.1989536072243733
   0.8985700299066509   -0.3614264305991938    -1.138864947106009    0.4584417768554193   0.01201402288813958 -0.009572333468591059   -0.2464960838567267 -0.001012102806338418    0.5851947885441076   -0.0486992596499303
  -0.6762299038721644     0.268755169354932    0.8196083556012612    -0.335701494582489   0.02367243349505633   0.00039664913658976   0.04265410973670464   -0.1989536072243732  -0.04869925964993017    0.6011808290451427

cov*(cov_.inverse()):
     0.999999999999996  -8.38305119765792e-16  9.799452915792983e-15 -3.669807513428935e-15 -4.409992336584789e-16  -7.02579948429552e-17   7.56556275960385e-16 -3.920475055707584e-16  9.223307881334186e-16  4.978656376053436e-16
-3.108624468950438e-15      1.000000000000002  9.436895709313831e-15 -8.493206138382448e-15  3.400058012914542e-16  -2.40096571096915e-16  9.853229343548264e-16 -2.775557561562891e-17 -1.040834085586084e-16   3.33066907387547e-16
                     0 -6.106226635438361e-16      1.000000000000013 -1.887379141862766e-15 -7.771561172376096e-16  2.463307335887066e-16 -3.885780586188048e-16 -2.220446049250313e-16  4.996003610813204e-16                      0
-3.275157922644212e-15 -4.996003610813204e-16  4.829470157119431e-15     0.9999999999999963 -2.419939248987646e-16 -8.131516293641283e-20 -8.205242041370298e-16  9.020562075079397e-17 -7.962380754733545e-16   3.05311331771918e-16
 2.664535259100376e-15 -6.661338147750939e-16  3.552713678800501e-15 -5.551115123125783e-16     0.9999999999999991  1.051676107310939e-16  1.221245327087672e-15 -3.885780586188048e-16   1.52655665885959e-16  2.220446049250313e-16
-2.775557561562891e-17 -3.469446951953614e-17  1.700029006457271e-16 -8.326672684688674e-17 -5.280064580004407e-17                      1   2.42861286636753e-17 -1.561251128379126e-17  8.673617379884035e-19  3.469446951953614e-18
 2.220446049250313e-15 -2.220446049250313e-16 -8.881784197001252e-16 -2.220446049250313e-16  1.804112415015879e-16   -7.3075226425523e-17      0.999999999999999   3.33066907387547e-16  8.326672684688674e-17                      0
-1.998401444325282e-15  1.665334536937735e-15  6.217248937900877e-15 -6.661338147750939e-16 -4.440892098500626e-16  1.530893467549532e-16 -4.302114220422482e-16      1.000000000000001  2.775557561562891e-16  4.440892098500626e-16
-3.108624468950438e-15 -2.220446049250313e-16 -6.661338147750939e-15  4.440892098500626e-16  8.743006318923108e-16 -2.138046684141415e-16 -7.216449660063518e-16  1.110223024625157e-16     0.9999999999999998 -4.440892098500626e-16
-8.881784197001252e-16  1.554312234475219e-15  4.440892098500626e-16 -1.998401444325282e-15 -1.804112415015879e-16  1.175275154974287e-16  3.608224830031759e-16   3.33066907387547e-16 -1.665334536937735e-16                      1
