12
1

0.07199015646830734
 0.2691419851865633
 0.9383518435573855
  0.978776309932902
  1.191326955679015
  1.506766142842889
  1.747456353525119
  2.132011060849478
  2.389066850082543
  2.670848310087721
   6.28334946172204
  10.07189389812378

    0.3891876606536867    -0.1798075413982674    -0.7406087724097279     0.3414530461189543     0.3525769245155878    -0.1636291734665403  0.0002352783368728903  -0.002951435823403972 -0.0003659545124200849   0.001413570678575026  -0.001388963423240623   0.003585333091326671
    0.5145042761010645    -0.2166944586626041    -0.0825677469838858    0.03344097431347188    -0.7358043911075636     0.3181714257049645     0.1001764967469742   -0.04332135304532302     0.0804400415851366   -0.05087361864050798     0.1213328875040718   -0.04538178777065263
   -0.6628670454115827    0.03248668734240122    -0.5277081250989119    0.03068921396798681    -0.3771509820249004    0.03360430285498893     0.2735347803672794    -0.1578218340966493    0.06856599746832602    0.09725921131066279    -0.1457068209062271    0.04052103713299604
  -0.09398305725229933   0.003125932678086592   -0.09181884586950355  0.0002328440533324593   -0.08175044768328979   0.009985619657593857    -0.3222105551108969     0.3490324733287181     0.3696923233047575    -0.6508175164369399    -0.1553532479907923      0.407345082195844
   -0.2238254152439501   -0.04278020184865757    -0.1973459197405585   -0.03885149495641229    -0.1459802761949789  -0.004776890994951773    -0.4632359858253829     0.3911166922353229    -0.3770664527822647    0.01248241408626498     0.5598947668972948    -0.2508131005621818
   0.01142076033470208    0.00952365625478736    0.02321867626143318    0.01053792110940505    0.02786741617042394   0.002311894894138548      0.383452637399476    -0.1386597286823356    -0.6549446332198011     -0.421318223784098     0.1974508397505839     0.4320138607419545
  -0.05322646669037297   -0.05171368761422786   -0.02263580525127229   -0.02867597667538379 -0.0002148838299665368   -0.02914105036655407    -0.3342314675604395      -0.66490937248125   -0.06837907602622378    -0.4786144887980538    -0.0822593579104068    -0.4449487869826597
    0.2471492061023901     0.4941521520682058    -0.1237941497606512    -0.2372358816324601    -0.3253302537833921    -0.5837353039084822    -0.2190606733981401   -0.04954753614513088    -0.1911690489418753     0.1321024167542353     -0.228458981257784     0.1410875244443567
  -0.07851921807417135    -0.1850876379440818    0.08496021491248638     0.1585196303871347   -0.03437903918069628   -0.09231127462395203    -0.3524422536094185    -0.4599395344247109      0.186860991365066      0.293359237992516     0.3850822844947553     0.5590190888353233
    0.1188763662246695     0.2617754200063479    -0.3080226643880995    -0.6820521310502795     0.2370420455769986     0.4812042761714271   -0.06006380654049431    -0.1376875652817928    0.08204012834537833    0.05813112361630478     0.1378290422153704     0.1336050128197418
   -0.0324397751073256    -0.5544176624505315   -0.01179432422507856    -0.2071323662791802  -0.006958547293822508     0.1476964810040788    -0.3023969217288134    0.05670768557680448     -0.390995495804223     0.2002463581099717    -0.5589694058484516      0.163035527427311
  0.009977251803615689     0.5105911809621645    0.01474623670577519     0.5379577818008953   -0.00307996373857862     0.5169584402683487    -0.2659602202627264   -0.03011525897220452    -0.2127852900624679     0.1032563563174087    -0.2207944571043517    0.07742185784124642

22.65227438111335
46.02552357612559
35.58450105615971
73.94965970304069
50.42679206830634
106.0188369022646
72.88646502060368
154.9387210452096
86.90608335483213
185.2722574394797
102.7658493454615
 220.049826778694

0.4660605573505726

  -0.01580906915714916   0.007334891127648199   0.000269950955854619 -0.0001290543795381031     0.0144863800430202  -0.006692176744679482   0.000149148108774151  0.0001288128873384878  0.0003751122757781714  -0.000186736963390716  0.0001144436412654965 -0.0004866429469106526

-7.854768013493261e-06   -0.00162645632425631   0.004291906926164717  0.0002623995359884486   0.001585760901592294 -7.463487030934666e-05   0.002403138557481758  -0.006009497328950324  -0.001818116470932327   0.001449497557778963    -0.1967938758436691   -0.01905428460852075

cov:
   0.9606489037027532     2.081473998870781  -0.02965103123490551   -0.1048932911227468    0.1046398239215631    0.1250500584153357   0.06354296539280922  -0.03010522040301477    0.1000685861504736  -0.02288797882777896    0.1242486247080767 -0.007994395452716341
    2.081473998870781     40.39178740481159   0.08162992576007674     30.43105923076089   -0.2493096161394053     23.22949074776577    -7.293984033470484    -2.608154418850972    -2.915299927644427     1.127838367155268    0.1129906176503321    0.5152627524558412
 -0.02965103123490551   0.08162992576007674     1.129889213535077     2.607819280958978   -0.1279644284864735   -0.0833723370948477   -0.0990002586971756  0.007929610913194947    -0.107365666721853   0.02114230233936999   -0.1176383857100081  0.007400608889465376
  -0.1048932911227468     30.43105923076089     2.607819280958978     34.77544087360587   -0.9473916975211504     25.21265396564045    -11.75997161013021    -1.770957859441827    -8.425399658458959      3.87100751833417    -7.576581305330908     2.659634035242122
   0.1046398239215631   -0.2493096161394053   -0.1279644284864735   -0.9473916975211504     1.095049854039856     1.464869695404074    0.5072241575608769   -0.1374595619385585    0.5393722483078599   -0.2494356329927143    0.6685149673869265   -0.1247377529752103
   0.1250500584153357     23.22949074776577   -0.0833723370948477     25.21265396564045     1.464869695404074     31.23197971223576    -15.10778112095075    -1.294000564525006    -12.73577417324006     6.312851011622325    -13.96032183305567     4.848161213060977
  0.06354296539280922    -7.293984033470484   -0.0990002586971756    -11.75997161013021    0.5072241575608769    -15.10778112095075     12.88421014505519     1.323729897293366     9.838724093312507    -5.585670343709899     11.92568399858782    -4.478726142352261
 -0.03010522040301477    -2.608154418850972  0.007929610913194947    -1.770957859441827   -0.1374595619385585    -1.294000564525006     1.323729897293366      3.32231911023375   -0.5038475113580809    0.1562636660260619    -1.288175559165557   -0.7431289054321804
   0.1000685861504736    -2.915299927644427    -0.107365666721853    -8.425399658458959    0.5393722483078599    -12.73577417324006     9.838724093312507   -0.5038475113580809     12.36767231153123    -4.593070423414209     13.44533632227828    -3.904923391019628
 -0.02288797882777896     1.127838367155268   0.02114230233936999      3.87100751833417   -0.2494356329927143     6.312851011622325    -5.585670343709899    0.1562636660260619    -4.593070423414209     4.776325379127011     -6.14189847403998     3.158307667897055
   0.1242486247080767    0.1129906176503321   -0.1176383857100081    -7.576581305330908    0.6685149673869265    -13.96032183305567     11.92568399858782    -1.288175559165557     13.44533632227828     -6.14189847403998     19.09702079474349    -4.078606705247897
-0.007994395452716341    0.5152627524558412  0.007400608889465376     2.659634035242122   -0.1247377529752103     4.848161213060977    -4.478726142352261   -0.7431289054321804    -3.904923391019628     3.158307667897055    -4.078606705247897      4.93706079384271

cov.inverse():
     33.4416152200595     -15.0246132268788    -55.77781182177111     25.83637625328488     21.55249960937262    -10.07541970182518    0.6278504975297897    -0.494267894957987    0.5020425066656508    -0.256345770814576    0.7815677574824673   -0.0719958539043575
   -15.02461322687875     6.969681754133896     25.90149414116578    -11.99411864839497    -10.06650425966663     4.684885171426395   -0.2892472750114665    0.2297267457887731   -0.2338367869256588    0.1152595828988532   -0.3608404213379586   0.03131188469233576
   -55.77781182177083     25.90149414116559     106.3004970078153    -48.80720580833655    -49.29317054324849     22.99408383040449   -0.2066860359439385     0.481837695910429  -0.06514890947949221   -0.1442112303296367   0.09331586056707743   -0.4826909187599431
    25.83637625328468    -11.99411864839489    -48.80720580833657     22.60036786123205     22.87409098027227    -10.64833050243424   0.09636665966271336   -0.2224565106461495   0.03167439849933414   0.07026753559195109  -0.04304979472516815    0.2247718600171625
    21.55249960937204    -10.06650425966636    -49.29317054324778     22.87409098027194     31.67560552953073    -14.32023735653728    -1.022990983400047    0.2369242641514339   -0.8567985452495542     0.611057746727324    -1.287741460117138    0.6748514135440733
   -10.07541970182489     4.684885171426265     22.99408383040416    -10.64833050243408    -14.32023735653728     6.677560418282682    0.4720971259443763  -0.09002285818809207    0.3971163101325956   -0.2835739623812277     0.597905464576078   -0.3183526500553285
   0.6278504975298347   -0.2892472750114874   -0.2066860359440259   0.09636665966275362    -1.022990983400004    0.4720971259443565    0.6202782355256623   -0.2731717986167519   0.02866168678506394    0.1291947567953848   0.02525709346729777  -0.02737828234756159
  -0.4942678949580003    0.2297267457887792    0.4818376959104576   -0.2224565106461626     0.236924264151417   -0.0900228581880843   -0.2731717986167515    0.4844258051317604   0.01042491044799635   -0.1174841808454665   0.02595234679910549    0.1186744471256451
   0.5020425066657064   -0.2338367869256857  -0.06514890947960703   0.03167439849938685   -0.8567985452494971    0.3971163101325689   0.02866168678506339   0.01042491044799625    0.5474222394919244   -0.1687102785172016   -0.1105322320125873   0.07380099491549025
  -0.2563457708146275    0.1152595828988761    -0.144211230329543   0.07026753559190778    0.6110577467272795   -0.2835739623812069    0.1291947567953847   -0.1174841808454661   -0.1687102785172016    0.6628136946812512 -0.003756319418424813   -0.2172125399172375
   0.7815677574825332   -0.3608404213379881   0.09331586056696334  -0.04304979472511473    -1.287741460117087    0.5979054645760543   0.02525709346729856   0.02595234679910472   -0.1105322320125864 -0.003756319418425013    0.5416957458112782   -0.1683951319814818
 -0.07199585390435304   0.03131188469233354   -0.4826909187599566    0.2247718600171686    0.6748514135440827    -0.318352650055333  -0.02737828234756201    0.1186744471256452   0.07380099491548925   -0.2172125399172369   -0.1683951319814821    0.4597108989690975

cov*(cov_.inverse()):
    0.9999999999999143 -2.952596934308049e-14  1.548171313370261e-13 -8.593386419120108e-16 -1.074574457193833e-14 -1.041614711150274e-14 -1.720086746648253e-16  3.985527186056714e-16  1.929337765937955e-15  2.047841063390621e-15  -2.30523065913868e-15  3.144186300207963e-16
 4.093947403305265e-16     0.9999999999999857  7.541189894766376e-14  3.511080315377058e-15  5.428990590417015e-14 -8.298917109073045e-15  8.257283745649602e-16 -6.730727086790012e-16  4.579669976578771e-16  5.828670879282072e-16  1.415534356397075e-15 -8.881784197001252e-16
 2.934610020266515e-15  1.678643118604994e-15     0.9999999999999936 -3.102986617653514e-16  -1.58120044835286e-15 -5.754511450684063e-15  1.898438004022118e-16  4.054916125095787e-17  8.260536352167058e-16  -2.32236105346395e-16  -1.47798440153224e-15  3.812054838459034e-16
 5.384581669432009e-14  1.100508573159686e-14 -1.574296248918472e-13     0.9999999999999224 -6.061817714453355e-14  4.762856775641922e-14 -2.775557561562891e-17 -7.216449660063518e-16 -3.025357742103552e-15 -1.887379141862766e-15 -6.106226635438361e-16  -1.77635683940025e-15
-1.624221590557084e-14  6.201636426617085e-17  2.874783744388765e-14 -2.744332538995309e-15     0.9999999999999913  3.365363543395006e-15  1.275021754842953e-16  5.551115123125783e-17  4.579669976578771e-16  1.561251128379126e-16 -8.673617379884035e-17 -6.938893903907228e-18
  5.35682609381638e-14 -2.689515277154442e-14 -3.019806626980426e-14  2.819966482547898e-14  2.708944180085382e-14      1.000000000000004  1.859623566247137e-15 -1.443289932012704e-15 -9.992007221626409e-16 -1.110223024625157e-15  1.554312234475219e-15 -1.332267629550188e-15
 2.664535259100376e-15  1.337818744673314e-14 -4.085620730620576e-14  6.417089082333405e-14  2.930988785010413e-14 -1.687538997430238e-14      1.000000000000001 -1.110223024625157e-16  1.332267629550188e-15  1.221245327087672e-15  2.220446049250313e-16                      0
-2.137179322403426e-14  1.502270530195915e-15  1.870725796493389e-14 -1.129651927556097e-14  -1.77635683940025e-15  2.498001805406602e-16  2.081668171172169e-17                      1   9.71445146547012e-17  8.326672684688674e-17 -4.163336342344337e-16                      0
 1.332267629550188e-15  1.791622405988846e-14 -2.176037128265307e-14  2.087219286295294e-14  -8.43769498715119e-15  1.176836406102666e-14 -1.443289932012704e-15  1.165734175856414e-15     0.9999999999999996   3.33066907387547e-16  1.887379141862766e-15  2.442490654175344e-15
-1.415534356397075e-14 -9.506284648352903e-15  1.554312234475219e-15 -1.221245327087672e-14  1.332267629550188e-14  -1.77635683940025e-15   1.52655665885959e-16 -5.551115123125783e-17 -6.106226635438361e-16     0.9999999999999996 -1.443289932012704e-15 -2.220446049250313e-16
 -6.38378239159465e-15  1.629252288637417e-14   1.48769885299771e-14   1.84297022087776e-14 -4.485301019485632e-14  3.486100297322992e-14  -9.71445146547012e-17  1.665334536937735e-16   1.77635683940025e-15 -2.220446049250313e-16      1.000000000000001  1.110223024625157e-15
-1.887379141862766e-15 -5.606626274357041e-15  4.440892098500626e-15  -1.13242748511766e-14   8.43769498715119e-15 -4.440892098500626e-15 -6.106226635438361e-16                      0 -2.775557561562891e-16  4.440892098500626e-16 -1.443289932012704e-15     0.9999999999999996
