12
1

0.06136054531185491
 0.2477285179629056
 0.8571841578276188
  1.029245749146931
  1.274105534313231
  1.351275496101212
  1.558417693904616
   1.95758715692861
  1.997488900965134
  2.847921689586656
  4.856237988293791
  9.832186742727034

   0.3217832778953724   -0.1128352135202754   -0.7631054872992629    0.2714819814073475    0.4480940741002404   -0.1631937385689229 -0.006037224912601722 -0.004898050111222968 -0.001342785050238592 0.0003141463249113426 -0.006177487652094051   0.01304944584844554
   0.5956887404396363    -0.197270832041985   -0.1665758532236134   0.04185440605910249   -0.6968694054546233     0.235275197520828   0.06105756597518942  -0.01726258763798444    0.1030800240695198  -0.01912950723727771    0.1394169657055175  -0.03610965656721021
  0.07907074919285836  -0.01020853202101174   0.06449132221475813     0.057680683859873   0.01793879952221366    0.0123558942478985   -0.3167878411774357   -0.4992529760047241   -0.3805119858522395     0.638488476248235    0.1596856477870022   -0.2410777048130868
    0.454322542421831  -0.01781758748847789    0.3130019055964555   -0.1464201278373572    0.2328583745014287   -0.1611534262639543   -0.6188263289615034    0.4061501129154899    0.0200945685144789   -0.1227625068684029    0.1582650917045622  -0.07242141425425577
  -0.4495791945864631  -0.06944065837069446   -0.1890785656418472    0.3786825079774823   -0.2710324965230799  -0.05941259766077319   -0.5759639471323993   -0.1260983553964824    0.3275189880522101   -0.2139825402352168    0.1733514051404111  -0.07857313561235629
   0.3155976964288204   0.07339624524092447    0.3072955356485816    0.1935071611397683   0.08601156560722037    -0.279192218735062    0.0386578813974787   -0.6423616787773471    0.1160747576210057   -0.4213709974088388   -0.2684963148522068   0.02343367388866735
 -0.07548369826184684 -0.008856536144317698 -0.005571230445343484   0.06059255099164178   -0.1651855703547707   -0.5388113657283519    0.2784933466538442    0.1363751444330303   -0.3246343532685608   -0.2229324987501973    0.3279370503775128   -0.5604743716240825
   0.0530119140743345   0.05568420789617059    0.1414296309349229    0.4008697605569497   -0.2248428094108297   -0.5257730706176378   0.05480067526990213    0.2825129257230187     0.158597076452047    0.4715467046486401   -0.3157515457182628    0.2374309512955413
 0.004482581294503863   0.01718729149291943   -0.1334339942696972   -0.4131391192425217  0.005834885819663585  -0.08511104670813319  -0.01991371389180411  -0.04515854689728621    0.5302611179855647    0.1942041611508829   -0.3717181099418771   -0.5868693990687542
  0.07850862743557564     0.116617550690663    0.2445409502208863    0.6182203374989076    0.2046901701265856    0.4760254053683031    0.1469060241924027    0.1951415419529728   0.09048994481980514   0.02402201988152775  -0.06288890922858482   -0.4442518701794576
  -0.1109579759992738   -0.7867244427521624   0.06774409177014269   0.03890827015911011  -0.01508447616657135   0.04593111158693171   -0.1005793719920288   0.07760759036622619   -0.3149717656993685   -0.1033887290142697     -0.47478013485564  -0.09413228865704791
  0.01491677450913154    0.5492833192732068   -0.2353388586003355  -0.01312139018766188   -0.2412117143645804   0.08776892945100492   -0.2589406485518344    0.1112791770779303    -0.452022690894844   -0.1803247467460055   -0.5030398890296469  -0.08543024981609003

35.53535364111854
100.1659126959664
46.50687725614727
 131.008829383707
55.21397552359728
155.6131235820426
66.11561261352834
186.7153873618008
78.06194529316433
220.3050172054094
 92.3264869939979
261.4458769990248

0.3557084256684829

  -0.01360009109757839   0.004791556198488612  -0.008563673820372148   0.003253672488509284    0.02189487235533314  -0.007555630337496755 -6.837724782024528e-05  0.0002423508194109083  0.0002724037940626407 -9.364448015476462e-05  0.0002420479080733648 -0.0001466389188569528

5.098260565778054e-05 -0.001501030917483569  -0.00101269364601483 -0.003070399513713597  0.005388113300079515 -0.003844394398610413  0.004350629765027064 -0.005207304458612646  0.002806693192733969  0.003268077930331621  -0.08355470660128661   -0.1656500732800109

cov:
    1.141935204725414     3.014686261199639    0.1288981451400604     0.105742027870802    0.1422365735541545     0.113965990830473   0.07166946018952508 0.0009223072402295864    0.1503898610627923   0.05659958332125688    0.1553099087945182  0.001413937418320832
    3.014686261199639     43.90753568934223    -13.44254191061074   -0.7930261659174818    -12.33316191129756     4.121631801610678    -11.65701517095716     4.632317281633216    -18.01609549382543    -7.550215387706793    -18.12358329390094    -3.172011619356854
   0.1288981451400604    -13.44254191061074     6.436324876810014     1.968569240162896     5.962222753822405    -1.404837763809242     6.035958761956412    -2.055857109219657     9.720308921600362     3.959158222855035     10.43834568637905     1.362957381348327
    0.105742027870802   -0.7930261659174818     1.968569240162896     4.784663321107115    0.7662401752217194     1.461792397955287    0.8730807131207795     1.048341848950482    0.2832436627741488    0.3913984872545015   0.05732282711245959   -0.9949871666737263
   0.1422365735541545    -12.33316191129756     5.962222753822405    0.7662401752217194     6.450986374830249   -0.6731192684490102     6.258377366079586    -2.548741500659788     10.67830830122487     3.976123873868539     11.84315191782388     1.313433641274897
    0.113965990830473     4.121631801610678    -1.404837763809242     1.461792397955287   -0.6731192684490102     4.604846575382565    -2.067407515166425     1.314835546401181    -3.998085087120042    -2.011648003485674    -4.595383611920278    -2.082404510422373
  0.07166946018952508    -11.65701517095716     6.035958761956412    0.8730807131207795     6.258377366079586    -2.067407515166425     8.117827124853683    -2.659536561559274     11.71943440052811     4.822725157670606     13.50706810850316     1.728443384409337
0.0009223072402295864     4.632317281633216    -2.055857109219657     1.048341848950482    -2.548741500659788     1.314835546401181    -2.659536561559274     3.144309465394593     -5.38234450938335    -1.438360079953532    -6.257418777341242    -1.571363731567245
   0.1503898610627923    -18.01609549382543     9.720308921600362    0.2832436627741488     10.67830830122487    -3.998085087120042     11.71943440052811     -5.38234450938335     23.93888769646088     9.154326818695775     24.22024448505229     3.479652251952808
  0.05659958332125688    -7.550215387706793     3.959158222855035    0.3913984872545015     3.976123873868539    -2.011648003485674     4.822725157670606    -1.438360079953532     9.154326818695775     5.237593709643194     9.078898389741695     1.815591557725978
   0.1553099087945182    -18.12358329390094     10.43834568637905   0.05732282711245959     11.84315191782388    -4.595383611920278     13.50706810850316    -6.257418777341242     24.22024448505229     9.078898389741695     31.23225351455055     5.497424880388391
 0.001413937418320832    -3.172011619356854     1.362957381348327   -0.9949871666737263     1.313433641274897    -2.082404510422373     1.728443384409337    -1.571363731567245     3.479652251952808     1.815591557725978     5.497424880388391     4.927749441480048

cov.inverse():
    33.66989861170909    -11.52906243235303     -66.5845620966451     23.48927863021281     31.72760686070994    -11.74932826883462  -0.06266489629382854   -0.5406545622699691    0.7979913580108252   -0.1419805095774822    0.8025234712866585    0.7497428916748646
   -11.52906243235302     4.053955342266844     23.42034567832171    -8.265889222494936    -11.17835028574871       4.1280247359386   0.02935104072998096    0.1862189859958495   -0.2804903231345117   0.04875792677214401   -0.2814202102770936   -0.2668959408638572
   -66.58456209664509     23.42034567832174     155.3063874884757    -55.13945851127708    -88.81217227655888     32.34948672802276    0.9276458388555012     1.039807000391565  -0.06192396747724522  -0.02568290496842102    0.8670090824189487    -2.560064405036774
    23.48927863021282    -8.265889222494954     -55.1394585112771     19.87064948293571       31.736823586989     -11.6500338900391   -0.4374561452473944   -0.5051464231493084  -0.01044093988006288  0.007465208923841103   -0.3395642331873964    0.9291512680775934
    31.72760686071007    -11.17835028574878    -88.81217227655918      31.7368235869891     61.37288981195133    -22.05285700877856    -1.475375515518213   -0.3403415426272157    -1.367238592857172    0.2479920255687802    -2.325572821351409     1.967888256012043
   -11.74932826883479     4.128024735938632     32.34948672802285    -11.65003389003913    -22.05285700877854     8.266577197888386    0.5390475769747941    0.1224235908476002    0.4574319736752005 -0.003617189930213197    0.7889870404907088   -0.6198374882433462
 -0.06266489629386628   0.02935104072999377    0.9276458388555682    -0.437456145247418    -1.475375515518239     0.539047576974804    0.8102728331595934   0.02262084363623978    0.1098680583732374   -0.1745327566332871  -0.04269740207519512   0.05240659562564725
  -0.5406545622700183    0.1862189859958672     1.039807000391672   -0.5051464231493463   -0.3403415426272686    0.1224235908476199   0.02262084363623948    0.7760240217671681     0.160809552864589   -0.2909943797336576  -0.00232435366386031    0.1086578388926458
   0.7979913580107336   -0.2804903231344789  -0.06192396747705211  -0.01044093988013126    -1.367238592857266    0.4574319736752349    0.1098680583732387    0.1608095528645913    0.5722707685765065   -0.3575681285840806   0.07627746275105775    0.0472536582317454
  -0.1419805095773962   0.04875792677211397  -0.02568290496859462  0.007465208923902497    0.2479920255688618 -0.003617189930243483   -0.1745327566332875    -0.290994379733659   -0.3575681285840788    0.7892889820670567   0.03134381630686251   -0.1324481988745294
    0.802523471286667   -0.2814202102770978    0.8670090824189319   -0.3395642331873908    -2.325572821351411    0.7889870404907088  -0.04269740207519242 -0.002324353663859854   0.07627746275106162   0.03134381630685951    0.5607910290822749   -0.2132760952704641
   0.7497428916748495    -0.266895940863852    -2.560064405036741    0.9291512680775821     1.967888256012025   -0.6198374882433398   0.05240659562564744    0.1086578388926475   0.04725365823174697   -0.1324481988745311   -0.2132760952704646    0.4097866895955129

cov*(cov_.inverse()):
     1.000000000000036 -1.148099627520938e-14 -1.331213785038532e-13  4.416714390054199e-14  7.894726539170449e-14  8.708539531859794e-14  1.350522883629413e-15 -1.489666679940771e-15  -1.96376118491437e-15 -5.678779928935951e-16  4.384947266400374e-15  4.053831922923301e-16
 1.687538997430238e-14      1.000000000000003  2.131628207280301e-13  4.440892098500626e-16  7.105427357601002e-15  1.398881011027697e-14  7.494005416219807e-16  1.665334536937735e-16  1.221245327087672e-15 -4.996003610813204e-16 -1.665334536937735e-15   1.77635683940025e-15
 2.065014825802791e-14 -2.386979502944087e-14     0.9999999999996323  6.838973831690964e-14  1.110223024625157e-13  7.238654120556021e-14 -1.582067810090848e-15 -2.359223927328458e-15 -4.579669976578771e-15  1.471045507628332e-15  2.997602166487923e-15 -2.442490654175344e-15
-6.994405055138486e-15 -7.105427357601002e-15 -1.003641614261142e-13      1.000000000000006  8.881784197001252e-15  1.332267629550188e-15  2.012279232133096e-16 -1.942890293094024e-16  1.734723475976807e-16  -3.33066907387547e-16  5.828670879282072e-16 -7.216449660063518e-16
-3.641531520770513e-14  8.382183835919932e-15 -2.136069099378801e-13  2.220446049250313e-15      1.000000000000012  1.105782132526656e-13 -1.665334536937735e-15 -1.387778780781446e-16 -3.136380044566067e-15   1.02695629777827e-15   7.16093850883226e-15 -3.885780586188048e-15
 4.884981308350689e-15 -2.109423746787797e-15   9.50350909079134e-14                      0 -2.842170943040401e-14     0.9999999999999862   4.85722573273506e-16  1.110223024625157e-16   7.91033905045424e-16 -1.110223024625157e-16  8.881784197001252e-16 -5.551115123125783e-16
 1.212363542890671e-13 -3.941291737419306e-15 -4.432010314303625e-13  2.531308496145357e-14  8.704148513061227e-14  3.996802888650564e-14     0.9999999999999993 -2.747801985947262e-15 -1.637578961322106e-15  1.360023205165817e-15  1.443289932012704e-15 -2.220446049250313e-16
 8.881784197001252e-15  2.775557561562891e-15  2.486899575160351e-14 -8.215650382226158e-15 -3.108624468950438e-14 -2.964295475749168e-14  4.163336342344337e-17                      1  9.853229343548264e-16 -5.828670879282072e-16 -7.771561172376096e-16                      0
-4.218847493575595e-14  -2.19824158875781e-14 -1.811883976188255e-13  1.199040866595169e-14  7.105427357601002e-15  8.215650382226158e-14 -5.273559366969494e-16 -1.387778780781446e-15     0.9999999999999956  3.885780586188048e-16  5.662137425588298e-15 -1.554312234475219e-15
-2.131628207280301e-14 -6.328271240363392e-15 -7.815970093361102e-14 -8.881784197001252e-15  2.486899575160351e-14  5.018208071305708e-14  1.165734175856414e-15 -8.881784197001252e-16 -9.436895709313831e-16                      1  4.773959005888173e-15  -1.77635683940025e-15
 5.329070518200751e-14  6.217248937900877e-15 -4.654054919228656e-13  9.592326932761353e-14   1.84741111297626e-13  4.618527782440651e-14 -1.887379141862766e-15 -1.554312234475219e-15  1.387778780781446e-15 -1.221245327087672e-15      1.000000000000002 -1.332267629550188e-15
-9.769962616701378e-15 -2.664535259100376e-15 -7.105427357601002e-15 -1.243449787580175e-14 -5.329070518200751e-15  2.620126338115369e-14  4.996003610813204e-16  1.110223024625157e-16  8.326672684688674e-17  2.220446049250313e-16   1.77635683940025e-15     0.9999999999999991
