10
1

0.2084544215792825
0.6784534117818154
0.7634294971186095
 1.034563399844127
 1.361063804485563
 1.603666081212832
 1.638270242040659
 1.913964015367912
 4.811613337843743
 9.213658518414693

   -0.3943479110923674     0.2967549300126857     0.6712940446507637    -0.5111033809478677   -0.07582383107362478     0.0606732527096502    -0.1244511673241022    0.08633222458363181   -0.07668385759793685    0.07944569913651509
    0.2009390650351335   -0.08502071005409853    0.09921713231546125   -0.06136613550900837    -0.7793322324704174     0.3473939028514751     0.4222333287820427    -0.1701014527913201    0.03220451813566812   -0.04991249946007451
    0.2827309677200435   -0.08709527885980756    0.04372655735457582   -0.02602871111568519    -0.2968583899599887    0.09144960740797914    -0.7473736766360281     0.2529299592342692     0.3116786515342016    -0.3061300600372354
    -0.801577284870581   -0.03505016716814992    -0.4417905102338037    0.09398796045824484    -0.3496064833779903  -0.005495037037885728    -0.1631017908272921   -0.01646963372478239    0.04098114649745804   -0.03774870184430996
    0.2308999762511254     0.2024730687225117    -0.2182668279527208    -0.1470937056132752    -0.2233855593277063    -0.1306803547837176    -0.3825017299210712    -0.3428182476244847    -0.3286207652328498     0.6305639508503657
  -0.08667561727093913    -0.1642378213420942     0.1936889934450212      0.220204076817424    0.02555138750248589    0.05519272318454026     0.0326975002271766    0.03791029129330901     0.6942018132325336     0.6256088470318573
   -0.1315089629026925    -0.3119888715052045     0.4790277284895069     0.5612025224195447   -0.01666575483625604 -0.0003418152509958754    -0.2303563022722961    -0.4456864929295575    -0.2840666365095035   -0.09099619071766607
   0.04953831602625543    0.08369189899995137     0.1663479894806084     0.2543115701099377    -0.3542319249297445    -0.7483173497901201     0.1380294664942596     0.4244171758141399    -0.1044979546301011    0.05132820945725906
  -0.02960648928895052    -0.4999357100434443  -0.002627036586244577   -0.01186606050352297    0.01516835843917729     0.3378500334764939    -0.0329923650944326     0.5816298917319693     -0.449834497886558     0.3048514557697177
   0.01405757742087604     0.6882204435802671    0.01128917920918634     0.5249823406088359 -0.0005970959257392785     0.4159300383076034   -0.02190800384064226     0.2516866474232178    -0.1019161517082253    0.05665613509889372

22.68900244857527
27.29378362104872
50.56025720277866
62.43526601748268
68.45162058446336
85.11583452876027
88.29273022997992
110.1363410523871
104.1577528539068
130.6151421907273

0.7994713968430924

  -0.02650843652991361    0.02107580213619062    0.02497051908384038   -0.01980403868270038  0.0004897839576781805 -0.0001447490198457802  0.0005070537585882417 -0.0004370500123820761  0.0007453434878618838 -0.0002752879721292638

  0.001884418913767016  -0.001625530966763231  -0.004694398108514642   0.007932973947379256  -0.009158434773074988 -0.0008705140482433034  -0.006330396634917235  -0.002581164442670983     -0.238784323654901       0.31784348174725

cov:
   0.9702039610425132     1.415269854687329    0.1237570545510325    0.2888523633801061  0.009486444455984559    0.1117799079051802  -0.01011105313679816   0.01952134589843656 -0.006803912990653139  0.006316161297099548
    1.415269854687329     46.44016386730716    0.1952990349477663     30.26241231918036   -0.3419693880283492     20.07122613348664   -0.7942344275110322      8.32685596541077   -0.9780813264136722   -0.1342323656416429
   0.1237570545510325    0.1952990349477663     1.147086948286655     1.486683254057543   -0.0157856929313158   0.02451056149186607   0.01363649465074059   0.05793308526162254  -0.03274167118281974    0.0167945005091634
   0.2888523633801061     30.26241231918036     1.486683254057543     24.66984365247368   -0.3175137014485044     17.79985996019381    -1.077167631801181     10.89338117446985    -4.460826424475195     2.534933631324333
 0.009486444455984559   -0.3419693880283492   -0.0157856929313158   -0.3175137014485044     1.021887099696653    0.9877446232786211   0.02043414171704416   -0.1718184440185698   0.09655083271823017   -0.0934485776496056
   0.1117799079051802     20.07122613348664   0.02451056149186607     17.79985996019381    0.9877446232786211     19.48006435382964     -1.28422001679929     12.34810442340394    -6.630927276688361      4.15660959320112
 -0.01011105313679816   -0.7942344275110322   0.01363649465074059    -1.077167631801181   0.02043414171704416     -1.28422001679929     0.988696836379841    -0.316922666073335    0.8109148915612373   -0.5204034664426458
  0.01952134589843656      8.32685596541077   0.05793308526162254     10.89338117446985   -0.1718184440185698     12.34810442340394    -0.316922666073335     14.67520719848795    -7.738749559255591     5.124486714791297
-0.006803912990653139   -0.9780813264136722  -0.03274167118281974    -4.460826424475195   0.09655083271823017    -6.630927276688361    0.8109148915612373    -7.738749559255591     7.321661691983453    -2.940526474077155
 0.006316161297099548   -0.1342323656416429    0.0167945005091634     2.534933631324333   -0.0934485776496056      4.15660959320112   -0.5204034664426458     5.124486714791297    -2.940526474077155     4.256636118578478

cov.inverse():
    4.44283397220552   -2.698288846202152   -5.751706876765948    4.478860403146335   0.4330278890340527  -0.3791083993377077    1.037752714027196  -0.7398406773177317   0.7791944281565727  -0.8007283103229871
  -2.698288846202154    2.143665372640395    4.486109847516699   -3.563381365765043   -0.350599663881241   0.2979152668233422  -0.8243060118414157   0.5948443586836107  -0.6182930112601707   0.6333532240175694
  -5.751706876765952    4.486109847516699    10.71096671701619   -7.804134652392889   -1.208144768552543    1.006858588872733   -1.807654991658328    1.305766583051379   -1.135657843877944    1.168069080508001
   4.478860403146348   -3.563381365765045   -7.804134652392892    6.198057111251406   0.9701450449839668   -0.799048147084696    1.421044716133867   -1.037519219468155   0.9058347628045398  -0.9292117201609628
  0.4330278890340529  -0.3505996638812441    -1.20814476855255   0.9701450449839716    1.778752034600758  -0.6499405318230845 -0.02926526247320693  0.01772639154726232 -0.03475443994143099  0.04011292710044342
 -0.3791083993377159   0.2979152668233448    1.006858588872739     -0.7990481470847  -0.6499405318230846   0.5315123815141374  0.02739315329598007 -0.01998585323631342  0.01832593951983482 -0.01138366642867842
   1.037752714027188  -0.8243060118414124   -1.807654991658321    1.421044716133861 -0.02926526247320877  0.02739315329598147     1.83140009690969  -0.6005048656736433 -0.05896387297338444  0.01204363115850333
 -0.7398406773177305   0.5948443586836082    1.305766583051374    -1.03751921946815  0.01772639154726329  -0.0199858532363143  -0.6005048656736431   0.5469417275943728   0.0648824501606399 -0.03456931368566307
  0.7791944281565721   -0.618293011260172   -1.135657843877946   0.9058347628045414 -0.03475443994143192  0.01832593951983552 -0.05896387297338301  0.06488245016063873   0.5934199775363472  -0.2496580052011849
  -0.800728310322989   0.6333532240175704    1.168069080508002  -0.9292117201609642  0.04011292710044416 -0.01138366642867898  0.01204363115850182 -0.03456931368566186  -0.2496580052011847   0.6874687823699432

cov*(cov_.inverse()):
    0.9999999999999917  2.406061461179831e-15 -5.178149575790769e-16 -1.162958618294851e-14  3.228699859553208e-15  4.924405609847693e-15  2.914145704260851e-15  2.147912923911033e-15  2.055647319032516e-15  5.178149575790769e-16
 4.468647674116255e-15      1.000000000000003  2.275957200481571e-15 -7.091549569793187e-15 -2.375703800350237e-15  2.456585282417656e-15 -2.383076375123139e-16  9.011888457699513e-16  1.956768080901838e-15 -3.191891195797325e-15
-4.739264536368637e-15  5.117434254131581e-16      1.000000000000006 -6.453171330633722e-16  8.534839501805891e-16  9.603320742790356e-17  1.141420942138427e-15 -2.222614453595284e-16 -7.806255641895632e-17   4.40619762898109e-16
-8.881784197001252e-16  2.220446049250313e-16 -7.993605777301127e-15     0.9999999999999765 -2.636779683484747e-15    2.3037127760972e-15  4.832939604071385e-15  4.760081218080359e-15 -1.332267629550188e-15  -1.77635683940025e-15
-1.387778780781446e-17 -2.636779683484747e-16 -3.747002708109903e-16 -1.665334536937735e-16     0.9999999999999996  4.343313902976931e-16   2.94469310047063e-16  6.895525817007808e-17  1.318389841742373e-16 -4.163336342344337e-17
 6.661338147750939e-15  6.661338147750939e-15 -6.217248937900877e-15 -2.131628207280301e-14  -3.33066907387547e-15      1.000000000000002  1.255939796607208e-15  9.159339953157541e-16 -1.332267629550188e-15                      0
-6.661338147750939e-16 -8.326672684688674e-16   3.33066907387547e-16  8.326672684688674e-16  7.632783294297951e-17   2.42861286636753e-17                      1 -1.422473250300982e-16  8.326672684688674e-17  1.110223024625157e-16
 7.105427357601002e-15  6.217248937900877e-15 -3.552713678800501e-15  7.105427357601002e-15 -2.220446049250313e-15  5.134781488891349e-16  1.817990202823694e-15     0.9999999999999982  2.220446049250313e-16 -1.332267629550188e-15
 -1.77635683940025e-15 -1.110223024625157e-15 -8.881784197001252e-16  3.552713678800501e-15  7.494005416219807e-16 -2.498001805406602e-16  1.110223024625157e-16 -1.207367539279858e-15     0.9999999999999997                      0
 2.220446049250313e-15  8.881784197001252e-16 -8.881784197001252e-16  4.440892098500626e-16   3.33066907387547e-16  2.636779683484747e-16 -2.151057110211241e-16  4.996003610813204e-16                      0     0.9999999999999996
