10
1

0.06662197382593328
 0.2857356769751349
 0.9565598867816238
  1.032962986508843
  1.397488356522162
  1.731389160748027
    1.8893336011681
  2.336288713584841
  4.821005801120143
  10.72304541667693

    0.3833396373635753    -0.2128587118295728    -0.7130718635447569     0.3956936528383759     0.3304978343732786     -0.182942396637928 -8.053872961364779e-05 -0.0003878089122333906 -0.0001996890576628532  7.731385995740807e-05
    0.5078895547695726     -0.255396140344017   -0.05607102938666364    0.02663395515606816    -0.7053526319439363     0.3632491030942208    0.07736493716307404   -0.08759320889593469     0.1382269589789288    -0.1035897751958161
    0.5943104176749798   -0.01654950316325959     0.4988394075605116    -0.0176452678348715     0.3764194993831946    -0.0386839516040896    -0.2773061418992208       0.28433912321608     0.1426301511717865    -0.2758446127778179
    0.3566594893946269    0.02360765252333955     0.2876188213082099     0.0143153905825271     0.2010472995355772  -0.005635170287703119      0.366349367557196    -0.5080520532227535    -0.2246038898475413     0.5532447411101784
   0.05293495976992836    0.02877749272725296    0.03501476728479543     0.0173856070743367    0.01165627718605497  -0.001090064934976255     0.6869739253517623      0.372563820001505    -0.4954413440358365    -0.3721629967882064
   0.08666065408384357     0.1164055778068708   -0.03585982683449042   -0.04772310797956532    -0.1250619809476157    -0.1448332937523667      0.223170988725071     0.6421089938705626     0.3580943658898035     0.5902696359424784
   -0.2811757084326011    -0.4919045287481869     0.1394334802492011     0.2106493111642077     0.3427757817341312     0.5139507021277081     0.2878237896126371    0.02343377471067957     0.3873973480851808  -0.006810737660305139
    0.1558863243096525     0.2827436720184917    -0.3669319172115907    -0.6807217425220894     0.2779842480266162     0.4576517110142225    0.06011973526554011   -0.02271846883697995    0.07743854921838889   -0.02977878726425243
  -0.03028175801514212    -0.4166640673454833   -0.01116318300286875    -0.1023916407366384    0.02267417977545554     0.2846866342248104    -0.3971740626078756     0.3057094920334701    -0.6065649644470612     0.3379026806788059
  0.009928228933819862     0.6154115499927224    0.01009510435504947     0.5669055072532765   0.008730688326503313     0.5073846682931537    -0.1302362768245513    0.08792229215611928    -0.1114217663321848    0.07116344082785866

22.68953608072458
39.83012024520703
35.56038050893006
62.95021183897435
50.55867276844341
89.92878225162937
87.26130990197369
156.0140351442222
103.2347839174991
185.5049845873473

0.5597359973053103

  -0.02017909068634834    0.01123009215787853   0.001894479797861369  -0.001046150801930827    0.01770291127441747   -0.00982334415669177   0.000494248336751828 -0.0001823876892849061  5.364042741798488e-05  -0.000231948898057035

-1.883179846142743e-05  -0.002385697653171209  -0.003924056289670849  -0.002832064347823745  -0.000289955574149677  -0.004122528924377559    0.00490202346561084   0.002821719258350872    -0.1566586473909523      0.138474700393992

cov:
   0.9561085906833348     1.752335969749569  -0.06128523939681654  -0.08436251133318591    0.1077352496542567    0.2062477524922217   0.01395415516220797  0.005329449429506456   0.01640318184592176 -0.003971126228329085
    1.752335969749569     48.93166658976219  0.002336758276997913     39.67071049486272    0.1961290771739371     32.89304396280389    -5.653833580392573     3.414565801458776    -2.484702217564461     1.934722841915253
 -0.06128523939681654  0.002336758276997913     1.143627939694535     2.154094998833637   -0.1319531739276781   -0.1506647494437804   -0.0167891433297644   0.01062460740197224  -0.01107079247521882  0.006636958721255928
 -0.08436251133318591     39.67071049486272     2.154094998833637     39.89366739257278    -0.245643633426422     31.10403864865255    -7.549559226225169     5.013958547344576    -5.889430163285842     3.855763989448878
   0.1077352496542567    0.1961290771739371   -0.1319531739276781    -0.245643633426422     1.122943276913555     2.001188920553976   0.01393419220146662  0.005318771480774555  0.007447618836752335 -0.004127894412367123
   0.2062477524922217     32.89304396280389   -0.1506647494437804     31.10403864865255     2.001188920553976     33.64630271255525    -9.636330745465768      6.84932173103917    -9.763783176940514     6.048549074156329
  0.01395415516220797    -5.653833580392573   -0.0167891433297644    -7.549559226225169   0.01393419220146662    -9.636330745465768     7.217144641656416    -3.463950903579317     7.143016729044292    -4.020495897956176
 0.005329449429506456     3.414565801458776   0.01062460740197224     5.013958547344576  0.005318771480774555      6.84932173103917    -3.463950903579317     4.922870741634791    -4.926803904038446     3.617925140977883
  0.01640318184592176    -2.484702217564461  -0.01107079247521882    -5.889430163285842  0.007447618836752335    -9.763783176940514     7.143016729044292    -4.926803904038446     11.48498402539664    -4.873452895663472
-0.003971126228329085     1.934722841915253  0.006636958721255928     3.855763989448878 -0.004127894412367123     6.048549074156329    -4.020495897956176     3.617925140977883    -4.873452895663472     4.953095286967948

cov.inverse():
   36.80321066759269   -19.92404778445404   -61.53619937402315    34.29719103014972    24.44567023887177   -13.59951592659502   0.4212741386469749  -0.5377498154287152   0.8295886514425127  -0.6257341763835612
  -19.92404778445408     11.1060452297462    34.33103068863913   -19.12017069737891   -13.68364911425666    7.582595043135547  -0.2363616562693356    0.297226073534802  -0.4628561523280963   0.3487210157516714
  -61.53619937402383    34.33103068863937    114.9788005271152   -63.53983929013388   -52.35640841317374    29.10974034930097 -0.07559411872155407   0.1418288426824318 -0.04859142052404172  0.04531361620087094
   34.29719103015012   -19.12017069737905    -63.5398392901339    35.38702026876499    29.21700568328859   -16.21345221746962   0.0414780600571228   -0.079050038309478  0.02674078964070757  -0.0246940752840279
   24.44567023887234   -13.68364911425696   -52.35640841317439    29.21700568328894    30.94832285967202   -16.69839520243781   -0.694332709583325   0.7259436001312805   -1.170046482064697   0.8627798269642025
  -13.59951592659536    7.582595043135712    29.10974034930132   -16.21345221746981   -16.69839520243781    9.283293732345369   0.3871920171120189  -0.4086970642368343   0.6557018926872618  -0.4826669711395685
  0.4212741386469548  -0.2363616562693244 -0.07559411872151515  0.04147806005710124  -0.6943327095833441   0.3871920171120294   0.5722030220385328  -0.1684316804293151 -0.09439243344261827  0.08169019504815489
 -0.5377498154286815   0.2972260735347833   0.1418288426823668 -0.07905003830944199   0.7259436001313124  -0.4086970642368521  -0.1684316804293151   0.6372230325549106 -0.02066678020384794  -0.1779958466441914
  0.8295886514424147  -0.4628561523280442  -0.0485914205238711  0.02674078964061256   -1.170046482064774   0.6557018926873046 -0.09439243344261868 -0.02066678020384714   0.5310852474964096  -0.1799643144245927
 -0.6257341763835093   0.3487210157516428  0.04531361620077469  -0.0246940752839745   0.8627798269642473  -0.4826669711395933  0.08169019504815478  -0.1779958466441915  -0.1799643144245929   0.6937298108298517

cov*(cov_.inverse()):
    0.9999999999998789  4.230253300430142e-14  2.384799985526848e-13 -1.650359265480822e-13 -4.685444740526457e-14  3.936629668077618e-14  1.056555017087124e-16 -3.028176667752014e-16  4.678223954057703e-15 -6.912873051767576e-16
 5.950795411990839e-14      1.000000000000047  7.702172233337023e-14 -5.340866637837394e-14 -2.331468351712829e-14 -2.264854970235319e-14  2.775557561562891e-16 -1.332267629550188e-15  2.220446049250313e-16  1.554312234475219e-15
 1.267909388591448e-14 -2.385548356076406e-14     0.9999999999999448  3.074268812609804e-14  3.478467514028694e-14 -4.438723694155655e-15 -2.526191061891225e-16  3.703634621210483e-16 -3.410900034639397e-16  4.154662724964453e-16
 1.412203687323199e-13 -3.508304757815495e-14 -3.682332216925488e-13       1.00000000000028 -5.284661597215745e-14   3.33066907387547e-15  2.164934898019055e-15 -1.443289932012704e-15 -2.664535259100376e-15 -8.881784197001252e-16
-3.136293308392268e-14   1.57148599688739e-14  4.901748494948177e-14 -3.903190162572734e-14     0.9999999999999764  1.079952099969361e-14  1.181238266922957e-16  1.110223024625157e-16  4.667490352550097e-16  3.729655473350135e-17
-2.930988785010413e-14  2.531308496145357e-14 -2.646771690706373e-13  7.577272143066693e-14 -4.263256414560601e-14     0.9999999999999116  9.436895709313831e-16                      0 -2.442490654175344e-15 -3.552713678800501e-15
-2.620126338115369e-14   3.33066907387547e-15  3.336220188998595e-14 -3.218258992632173e-14  6.661338147750939e-15 -5.995204332975845e-15     0.9999999999999999 -4.440892098500626e-16  4.440892098500626e-16  4.440892098500626e-16
  1.77635683940025e-15  3.108624468950438e-15   3.51385587293862e-14 -5.856426454897701e-15 -2.797762022055394e-14  7.771561172376096e-15  5.551115123125783e-17      1.000000000000001  -3.33066907387547e-16                      0
-5.284661597215745e-14  7.327471962526033e-15  1.023625628704394e-13 -3.459732500488144e-14  -1.77635683940025e-14  3.730349362740526e-14  4.996003610813204e-16  -3.33066907387547e-16                      1                      0
-3.730349362740526e-14  1.265654248072678e-14  2.486899575160351e-14 -1.673661209622423e-14 -2.398081733190338e-14  1.687538997430238e-14   3.33066907387547e-16  6.661338147750939e-16  5.551115123125783e-16     0.9999999999999996
