10
1

0.08215056947777352
 0.4763911521610608
 0.9365302961003495
  0.955001372506929
  1.343409828458542
  1.579212252305272
  2.114718628929414
  3.060609245332437
  5.456363093871967
  9.664145061019575

    0.461861704160769   -0.1627912761865257   -0.7651551939525645    0.2682830275512775    0.3040228482565573   -0.1000747375058735  0.001816811735854901    0.0169446747433406  0.002816688377956983 -0.001145003601453896
   0.4474179038942045    -0.119031515959556  -0.03541353952862245   0.01538182952509895   -0.7610829128598401    0.2604590699802414    0.2495761656874808  -0.06228076451800364    0.2527974908111106  -0.08365490524174504
  -0.7357344000943737  0.005725453591075102    -0.544135658177438   0.03359131340405031   -0.2553766114030834   0.08536898462559922     0.258155765709102    0.0423075853810785   0.08791992892079215   -0.1130521942456308
  0.04265340699686106 -0.006516656284053385   0.09965835741926002 -0.007228927529506684    0.0834560243637887   -0.2045316843935709  -0.03330680012313546    0.5834789992580571    0.3455836023528138   -0.6916436545053013
 -0.09585471042797845  -0.03187600122584321   -0.1443786723299074  -0.04233821241415894    -0.140884876794669    0.1699058608719557   -0.8382754104162655   0.01905768178603649    0.4288033123158167    0.1774834643444956
  0.02856218842557917  0.002354829407752332  -0.01006546907027437  -0.01129505411971524  -0.08751375446273223   0.03471516959940446    0.1230344532324893    0.7840677328342393  -0.08091601957095756    0.5946754370729479
 -0.02268215990824132  -0.04243789781123341  -0.02683367495983864   0.01661617240503251    -0.363474990919772   -0.9094716481462561  -0.09886501225841683  -0.09065665352276452  -0.02097866887496522     0.137850024749552
   0.1703526894313332    0.4808660019168298   -0.2920313223044145   -0.7105806068838282   -0.1079358697530678  0.004875312294721271   -0.1221062367503549   0.06111455481760862   -0.3143786972010091   -0.1427863773290984
 -0.05943078753007459   -0.6168576913549052  0.001237986682030862 -0.009945421692263591    -0.194895626887305    0.1039778017093235   -0.2893968854878028    0.1387651799967625   -0.6377309996964408   -0.2394812664378914
  0.01749580218319429    0.5871006114359612   0.01782192640198343    0.6476010135596856   -0.2165295677812465   0.07055544672230347   -0.2089898872901491   0.08521450749735753   -0.3354593479663221   -0.1413070802614112

22.68523437618495
63.81723793877031
35.53596547317894
100.1585422414317
55.22420219486813
155.6085112783724
66.12576377772788
186.7049079472877
78.08917436962722
220.3100771098884

0.3558704719741461

-0.009807433204029411  0.003468346251896073 -0.001885055323188879 0.0006591774144220138   0.01180451061809258 -0.003937094806228733 -2.46901760134297e-06 0.0001686212896356447 0.0001153375315442869 -0.000131680666543254

3.449165659003526e-06 -0.003337182032337691  0.004354057832031141   0.00126431936561228 -0.002214172354433892 -0.003456294269396809 -0.002722495362118792  -0.01143743149436878   -0.1278234415712012  -0.05426661770462103

cov:
    0.9498042458511055      2.811575873688023   -0.06306706998126393   -0.07283595714688719   -0.03449650526721877   -0.03248265343917452  -0.003026031210736113    0.04211501306553344   -0.01687043972147807  0.0002013317130611803
     2.811575873688023      45.70029279427923    -0.3491346516629206       32.4902987486621     -8.684801469308573      2.138899981902836     -6.632251869301318      2.418521388075168     -8.127890684790881     -4.020412328476787
  -0.06306706998126393    -0.3491346516629206      1.142655964356295      3.012514783960203     0.1442059003826221     0.1110193549340679    0.07445386667516571 -0.0007430878989069812     0.1583460145310135    0.06062113194479227
  -0.07283595714688719       32.4902987486621      3.012514783960203      43.90805532925222     -12.34419519762499      4.127227400271798     -11.67996889072044      4.673094863648809     -18.03907372711137     -7.544501963841483
  -0.03449650526721877     -8.684801469308573     0.1442059003826221     -12.34419519762499      6.460235056790176    -0.6874280313416415      6.272574049625918     -2.573133807114822      10.70789234353731      3.979717473279843
  -0.03248265343917452      2.138899981902836     0.1110193549340679      4.127227400271798    -0.6874280313416415      4.601135227956555      -2.08259084269529      1.326959239650031     -4.032196910738401     -2.018161570384383
 -0.003026031210736113     -6.632251869301318    0.07445386667516571     -11.67996889072044      6.272574049625918      -2.08259084269529       8.13557368177786     -2.688612008857939      11.76141045705189        4.8284882876835
   0.04211501306553344      2.418521388075168 -0.0007430878989069812      4.673094863648809     -2.573133807114822      1.326959239650031     -2.688612008857939       3.16998370634398     -5.435822839515123     -1.453755530721588
  -0.01687043972147807     -8.127890684790881     0.1583460145310135     -18.03907372711137      10.70789234353731     -4.032196910738401      11.76141045705189     -5.435822839515123      24.02450711627635      9.167511857927147
 0.0002013317130611803     -4.020412328476787    0.06062113194479227     -7.544501963841483      3.979717473279843     -2.018161570384383        4.8284882876835     -1.453755530721588      9.167511857927147      5.236193849825596

cov.inverse():
   33.11838873232275   -11.36869305096865   -51.97124108510849    18.35154104646452    19.53079792512401   -6.420625370981755   0.4430074143769048    1.037935320417155    0.605453026425809  -0.1862565505585983
  -11.36869305096864    4.031459818302841    18.45913173215449   -6.510890808133464   -6.933676976629223    2.283597409067463  -0.1585266611708627  -0.3779019338628741  -0.2149126575272745  0.06856183769539645
  -51.97124108510842    18.45913173215449    87.12653275506345   -30.41578482528745   -34.16603593214391     11.2218992121734  -0.3378140690119612   -1.879951121235487  -0.3997205099280327   0.1244200007274283
   18.35154104646449   -6.510890808133463   -30.41578482528745    10.72699653647883    12.03295620185191   -3.963184485095071   0.1259415459989676    0.657952845186641   0.1416981923575582 -0.04644822452854605
   19.53079792512401   -6.933676976629229   -34.16603593214395    12.03295620185192     16.3768768851222   -5.366762936000333  -0.7603909773107567   0.9898322420387506  -0.7352101718085623   0.1562004967936013
  -6.420625370981745    2.283597409067464    11.22189921217341   -3.963184485095073    -5.36676293600033     2.03893000186471   0.2337512997468358  -0.4177520335905981   0.2202785659326524  0.06101145142904899
  0.4430074143768964  -0.1585266611708596  -0.3378140690119459   0.1259415459989623  -0.7603909773107631    0.233751299746838   0.7546413308446919 -0.04328744890664601   0.1003656103683707  -0.1519628215794523
   1.037935320417151  -0.3779019338628738   -1.879951121235487   0.6579528451866409   0.9898322420387505   -0.417752033590598 -0.04328744890664579   0.6846311372886472   0.1372136437006292  -0.2439923988505575
  0.6054530264258015  -0.2149126575272726  -0.3997205099280245   0.1416981923575555  -0.7352101718085653   0.2202785659326535   0.1003656103683707   0.1372136437006294    0.552549718425784  -0.3344116580408769
 -0.1862565505586031  0.06856183769539836   0.1244200007274372 -0.04644822452854921    0.156200496793598  0.06101145142905006  -0.1519628215794523  -0.2439923988505579  -0.3344116580408771   0.7379364918199048

cov*(cov_.inverse()):
     1.000000000000008 -8.232308132166861e-15 -4.394911084365516e-14  2.338937827054896e-14  1.628407966195594e-14 -9.974568507308337e-15 -4.302046457786701e-16  2.646571384355006e-15  2.274127609315502e-15 -5.347556165241629e-16
-8.804068585277491e-14      1.000000000000016  3.441691376337985e-14 -1.060262988517024e-14 -4.762856775641922e-14  9.298117831235686e-15  2.220446049250313e-16 -4.440892098500626e-16  1.998401444325282e-15 -4.440892098500626e-16
 3.273423199168235e-15 -7.433290094560618e-16     0.9999999999999956 -6.910270966553611e-15  5.714179129867603e-15 -6.565928356572215e-16 -1.474514954580286e-16  3.087807787238717e-16 -4.198030811863873e-16  1.665334536937735e-16
 -8.37108160567368e-14  3.430589146091734e-14  2.753353101070388e-14      1.000000000000004 -5.906386491005833e-14  2.925437669887287e-14  3.108624468950438e-15  -5.10702591327572e-15 -4.440892098500626e-16                      0
 6.661338147750939e-15  6.938893903907228e-15  4.196643033083092e-14  1.554312234475219e-15     0.9999999999999925 -2.914335439641036e-15                      0   3.33066907387547e-16  1.332267629550188e-15                      0
 -1.77635683940025e-15  1.054711873393899e-15  -1.06581410364015e-14  6.841749389252527e-15  8.326672684688674e-15     0.9999999999999978 -3.885780586188048e-16 -4.996003610813204e-16 -5.551115123125783e-16 -2.220446049250313e-16
-1.176836406102666e-14 -4.163336342344337e-15  3.497202527569243e-14 -1.024180740216707e-14 -1.010302952408892e-14 -1.831867990631508e-15     0.9999999999999986  8.881784197001252e-16 -2.220446049250313e-16  4.440892098500626e-16
-3.108624468950438e-15 -7.771561172376096e-16  -1.06581410364015e-14  2.456368441983159e-15 -2.498001805406602e-16  1.665334536937735e-15  8.049116928532385e-16                      1                      0 -2.220446049250313e-16
-8.659739592076221e-15 -1.443289932012704e-15 -2.042810365310288e-14  1.471045507628332e-14 -6.883382752675971e-15 -3.996802888650564e-15 -6.661338147750939e-16                      0     0.9999999999999973                      0
-5.440092820663267e-15  6.328271240363392e-15  5.084821452783217e-14 -1.013078509970455e-14 -7.327471962526033e-15 -1.387778780781446e-15  -3.33066907387547e-16 -1.110223024625157e-15 -4.440892098500626e-16                      1
