10
1

0.6670952486779091
0.7549290923063544
0.8927558117954298
  1.02467974092774
 1.148043131033597
 1.492112962088496
 1.978873641069352
 2.278562990952066
  2.53989217771906
 5.529847982218354

  -0.6453329824721401    0.3578992535576384    0.3755757349939641   -0.5076841778558382    0.2003410867556311    0.0194183278916924    0.0478053177620583   0.02074100066931418  -0.08231953391457694   0.08153185387034104
  -0.2678739304749893   0.07577077112892147    0.1419258532399644     0.668026472135728    0.3831566599267076   -0.5015657976620661   0.07193142013061196    0.2077358300888425  -0.07884842081149106   0.05636824569436934
  -0.2936457808889157    0.2488694069998708   0.01053486924295865    0.5081917376663789   -0.2825976625557524    0.5853354919796957    0.2184339215987292   -0.3193425655380909   -0.1050493812868351     0.101285961969304
 -0.07769709614152696    0.1415630841196633      0.26060014121115    0.1851038735020775  -0.08555966945698876    0.1826085756359981   -0.7030375168814627    0.1725445247690339    0.4946458279443388   -0.2497458101234067
 -0.05165592781044221    0.1621289211945836   -0.2371125895708135 -0.004035358014926625  0.006807122280188946    0.2304697815722196    0.2278871534122562    0.6030899638389197   -0.2173017530148866   -0.6314859029451406
   0.0809437284929715   -0.2132947068426637    0.5687888576927774   0.03964625305041551   -0.2631273531239028   -0.1676461746162624  -0.07442205574610786   -0.2785436581164245   -0.4703976744417046    -0.470234476649881
  -0.1431753827237727   0.09971942203642611   -0.4818733779312096  -0.01740238413571744    0.4341190406174719  -0.02014192635579182   -0.3237848644139666   -0.5372222230446504   -0.1619232826991346    -0.358501754329813
   0.2389079684761871   -0.1735090059410821    0.2044090983050149   0.03856343531984457    0.4922347970395411    0.4793187785196845   -0.2747027856269982    0.2056467709078461   -0.4430597010604768    0.2888800599978588
  -0.4881165919941889   -0.8180145056058035  -0.04815996340673235  0.005525060621319499   0.07337009115697571    0.1693882192614411   0.08712860489411432   0.02832208202152193    0.1953021071889293  -0.09814563960795922
   0.3073596893917026   0.05668630618773873    0.3387166127076442  0.008155032525779947    0.4695237789468323    0.1789553898201622    0.4529950821216422   -0.2272879736992479    0.4495982295564875   -0.2757547638227816

53.50499510394277
131.3496952065343
64.27388732285503
158.1491506091379
74.49615952856493
 184.016769856734
88.18717995501851
219.2833643807696
104.5646799635872
260.7529568797636

0.4015462731992477

 -0.00990453081970347  0.004032805819364791  0.001034618219553739 -0.000767200417284435  0.002569232207932481 -9.01621767247052e-05  0.002808544305026505 -0.001524723668722863  0.002853998529359331 -0.002075247245009938

 0.003927090627947966  0.001804346221660073  0.002665715393876147 0.0009703605713446411  0.001753922847269248 -0.004265161150442109   0.01035296892979238  -0.02394330142674902   0.01688516582019371   0.06705832772844673

cov:
     5.12183209947048      2.60385568968049     3.824294259039034   0.03403543117612825     4.458302665537914     1.627619843842864     3.776657516598551    -1.737404888889195     3.101871134954272    -1.800502616842197
     2.60385568968049     4.876825149712175    0.2549717253693802 5.813360681951915e-05    0.2588972905333054   -0.7697782726520812    0.4800621488175857   -0.7027543363394095    0.2977339790900957   -0.2735521437274131
    3.824294259039034    0.2549717253693802     5.589539633808668     0.232078541853758     4.246952565079108     2.080860292512663     4.642172804904345    -1.607409668208921     4.018015526735897    -2.290057091787478
  0.03403543117612825 5.813360681951915e-05     0.232078541853758    0.6255007469981039    0.1349316493671249    0.2092091123610884   0.04377590106241127  -0.02708815418887242    0.0432073264419096  -0.03261788981371546
    4.458302665537914    0.2588972905333054     4.246952565079108    0.1349316493671249     9.099025547603487     3.684509423499163     5.372302339662603    -3.365409814645969     5.368357180372173    -3.587821355893079
    1.627619843842864   -0.7697782726520812     2.080860292512663    0.2092091123610884     3.684509423499163     2.942999159803236     1.960027367679744   -0.5466467302092528      1.76117878425989   -0.9014419244636521
    3.776657516598551    0.4800621488175857     4.642172804904345   0.04377590106241127     5.372302339662603     1.960027367679744      7.76801839531933    -2.691378763300638     6.799189391132679    -3.738160584147272
   -1.737404888889195   -0.7027543363394095    -1.607409668208921  -0.02708815418887242    -3.365409814645969   -0.5466467302092528    -2.691378763300638     3.724072580331177    -2.996315568953277     2.687333003235525
    3.101871134954272    0.2977339790900957     4.018015526735897    0.0432073264419096     5.368357180372173      1.76117878425989     6.799189391132679    -2.996315568953277     8.376279447137181    -3.822396307159463
   -1.800502616842197   -0.2735521437274131    -2.290057091787478  -0.03261788981371546    -3.587821355893079   -0.9014419244636521    -3.738160584147272     2.687333003235525    -3.822396307159463     4.420288050281832

cov.inverse():
     1.236882550485457    -0.6200575599112865    -0.5704640255270889     0.2249651784599529    -0.3640508636203045   -0.02493495579136063    -0.1460663275164236    -0.0319154445659515     0.1252236834445014    -0.1248537178242297
   -0.6200575599112864     0.5472545237582274     0.2633206844840735    -0.1425560177025421     0.1245023757401664     0.1630590871232902    0.04731827454679676     0.0441534410891526   -0.03771161972795171     0.0315402627627388
   -0.5704640255270887     0.2633206844840734      0.676558305155272     -0.194884366204159     0.1416914064037741     -0.117679867141281    -0.1399620519367246 -0.0003425491781060959   -0.04280610421470357    0.06883947439241848
     0.224965178459953    -0.1425560177025421    -0.1948843662041591      1.719956541502524    0.02249643523144157    -0.2044943463177049     0.0426837834575353    0.04370598217381017    0.01171659396353186  -0.009247337611673892
   -0.3640508636203043     0.1245023757401662     0.1416914064037739    0.02249643523144163     0.5889321552503467    -0.4819961498792354   0.005699664891760637     0.2409755771698656   -0.08949000472753507    0.09364746260352401
  -0.02493495579136107     0.1630590871232905    -0.1176798671412807     -0.204494346317705    -0.4819961498792354      1.006668945778568   0.003627133879686636    -0.2388420734661504    0.03978904712903488    -0.0657921070494288
   -0.1460663275164234    0.04731827454679665    -0.1399620519367247    0.04268378345753533   0.005699664891760543   0.003627133879686674     0.6359028878595703   -0.03046454730556418    -0.3545092598203377      0.126336113847572
  -0.03191544456595144    0.04415344108915262 -0.0003425491781061619    0.04370598217381017     0.2409755771698656    -0.2388420734661503   -0.03046454730556421     0.6274632782198197    0.05239902973101797    -0.2251580997336041
    0.1252236834445013   -0.03771161972795165    -0.0428061042147035    0.01171659396353183   -0.08949000472753499    0.03978904712903484    -0.3545092598203378    0.05239902973101795     0.4652539583705758    0.03272533723662892
   -0.1248537178242297    0.03154026276273875    0.06883947439241846  -0.009247337611673873    0.09364746260352409   -0.06579210704942888     0.1263361138475721    -0.2251580997336041    0.03272533723662886     0.5475399828129299

cov*(cov_.inverse()):
     1.000000000000001 -1.110223024625157e-16  8.881784197001252e-16                      0 -5.551115123125783e-17 -2.775557561562891e-17  -3.33066907387547e-16 -2.220446049250313e-16  2.220446049250313e-16  1.110223024625157e-16
 4.926614671774132e-16                      1  2.810252031082427e-16 -1.713039432527097e-16  1.561251128379126e-16   3.05311331771918e-16 -1.249000902703301e-16 -1.040834085586084e-16  8.847089727481716e-17  2.775557561562891e-17
 1.332267629550188e-15 -4.996003610813204e-16     0.9999999999999999  2.775557561562891e-17  1.942890293094024e-16  1.942890293094024e-16 -2.220446049250313e-16 -1.110223024625157e-16   4.85722573273506e-16                      0
 1.387778780781446e-17 -1.301042606982605e-17 -3.382710778154774e-17                      1   2.47198095326695e-17 -1.474514954580286e-17  1.301042606982605e-17  9.540979117872439e-18  1.539567084929416e-17 -3.469446951953614e-18
 1.332267629550188e-15 -5.689893001203927e-16 -3.608224830031759e-16   4.85722573273506e-17     0.9999999999999988  8.326672684688674e-17 -4.996003610813204e-16 -4.440892098500626e-16 -1.110223024625157e-16 -2.220446049250313e-16
-2.775557561562891e-16 -8.673617379884035e-17  1.110223024625157e-16 -2.307182223049153e-16  -9.71445146547012e-17                      1  -1.52655665885959e-16 -1.387778780781446e-16  1.942890293094024e-16                      0
 1.221245327087672e-15  -4.85722573273506e-16  2.220446049250313e-16  4.163336342344337e-17  2.220446049250313e-16  2.498001805406602e-16     0.9999999999999991 -5.551115123125783e-16  3.191891195797325e-16  4.440892098500626e-16
-4.996003610813204e-16   1.52655665885959e-16 -1.665334536937735e-16                      0  1.110223024625157e-16 -5.551115123125783e-17 -1.110223024625157e-16     0.9999999999999999  5.551115123125783e-17  2.220446049250313e-16
 8.881784197001252e-16 -4.718447854656915e-16  1.110223024625157e-16  2.775557561562891e-17  1.665334536937735e-16  2.775557561562891e-16 -6.661338147750939e-16  -3.33066907387547e-16                      1 -4.440892098500626e-16
-1.110223024625157e-16  1.387778780781446e-16 -1.665334536937735e-16 -3.469446951953614e-17 -1.665334536937735e-16 -5.551115123125783e-17  1.110223024625157e-16  1.110223024625157e-16 -8.326672684688674e-17                      1
