10
1

0.07156166842617707
 0.2712250051996415
 0.9536330178490684
  1.030697532882781
  1.479861893447703
  1.679190739461252
  1.822579289980653
  2.069644655463353
  4.740528392895359
  10.38418105122106

    0.3674972072499977    -0.2412204544447372    -0.6810494298857501     0.4480444288801328     0.3153123333681543     -0.206791188708832   0.001143617629346924 -0.0001952014674862811 -0.0007122168222704514  0.0002056777076361201
    0.4857578957429127    -0.2901773716928454   -0.05439798470348329    0.03069873877453822    -0.6770636525984632      0.415002269063883    0.08287190880560928   -0.08805428058161838      0.137263738633233    -0.1087662164422179
     0.547548794347577   -0.02209445380931479     0.4621983767558846   -0.01805101973181478      0.342890099359978   -0.04267582445025789    -0.3178611657444735     0.3517495703357128     0.1780233206318163    -0.3315091918636235
    0.4297015954500346    0.02848884648826642     0.3502025000613749    0.01871373012347404     0.2404098296669194   -0.01216693084603181     0.3525913798174022    -0.4676687523406713    -0.2296547352597297     0.4876801911886171
   0.02716985614647994    0.02379588744954639    0.03228721011401054     0.0311870321622166    0.01069347252978956   0.002702700537434954      0.682926728208606     0.3908609088987629    -0.4702537400280217    -0.3952961656571866
    0.3235048511559319     0.4744339158922531    -0.1705506638879999    -0.2237724967812106    -0.3766296591826151    -0.4760043578133149   -0.06002166431996785     0.3332889906507246   -0.07435943444860255     0.3200810610765234
   -0.1058057250988196    -0.1882041152435634    0.05772602534011794    0.08105107471816321     0.1092986266911781     0.1838112058440562     0.3378470539920607     0.5265767473399803     0.4998356906606745     0.5064490292697169
    0.1650816207555184      0.239352609212767    -0.4041742579156806    -0.6422638094591738     0.3354646045092177     0.4653482470762816    0.06239621695954777   -0.02956547021824699    0.06303653009137157   -0.04209815040508425
  -0.02377584247635443    -0.3696011995423297  -0.007842483467969289   -0.08685746576137873    0.01668324653727563     0.2519682827373849     -0.404114093277211      0.317983004108888    -0.6381210385683894     0.3461758820807032
   0.01123621814590046     0.6335145728461766   0.007923420201828461     0.5656630409310696   0.008195388672918748     0.4925751125885208    -0.1282220753340401    0.08173373389099688   -0.09512555670260178     0.0602328448308631

 22.6822403113595
33.30800021470399
35.55195345641344
52.81406438319988
50.56183514122176
75.59243535328362
87.20733942651246
131.1818846458493
103.1669817064796
156.0679652809767

0.6641992718478751

  -0.02258946305215727    0.01490133378174718  0.0005646248183226611 -0.0003513183529906168    0.02110419164614308   -0.01384183399102826  0.0006015013646362643 -0.0003510378863015227  0.0002130056125854055 -0.0005053308481942893

-1.495728382390456e-05  -0.002589921934004106  -0.004285949314512682  -0.004002976731983767  0.0006778928993929051  -0.005487556192455121  -0.002587656832792843   0.002381787648655438     -0.196535407004005     0.2361972544085584

cov:
   0.9638027702188785     1.625817837599858  -0.05915878060736714   0.04836204666060494    0.1137808081446662    0.2802299883917463  -0.02253246754713698  0.008948512735045247  -0.01249933107989341  0.002358124235111405
    1.625817837599858     47.35369958235596  -0.06721748850664248     38.35621049173572      0.20805301172224     31.27372019065279    -5.579316168169951     3.029681998576349    -1.583401129335823     1.310912281936143
 -0.05915878060736714  -0.06721748850664248     1.130405064593257     1.733574363685665   -0.1386993353480188   -0.1882463477426188 -0.007183920336530587  0.007524383495099801  0.009252988573754646   0.02109510918078131
  0.04836204666060494     38.35621049173572     1.733574363685665     36.60663383227389   -0.1894276605510948     28.62407895473965    -7.016019838852838     4.389006697281533     -4.58795911319447     3.036367820110932
   0.1137808081446662      0.20805301172224   -0.1386993353480188   -0.1894276605510948     1.137998777562927     1.733327186507522   0.01404076145595323  -0.01001513322936616  0.006725115662238353  -0.01618204028462457
   0.2802299883917463     31.27372019065279   -0.1882463477426188     28.62407895473965     1.733327186507522      29.2832615380486    -8.673194681828319     5.949098501970532    -8.137766226198044     4.956057995810538
 -0.02253246754713698    -5.579316168169951 -0.007183920336530587    -7.016019838852838   0.01404076145595323    -8.673194681828319      7.09463718673045    -3.184012297004353     6.860751823089555    -3.787021292081076
 0.008948512735045247     3.029681998576349  0.007524383495099801     4.389006697281533  -0.01001513322936616     5.949098501970532    -3.184012297004353     4.910678053697126    -4.834272378360437     3.510606690978726
 -0.01249933107989341    -1.583401129335823  0.009252988573754646     -4.58795911319447  0.006725115662238353    -8.137766226198044     6.860751823089555    -4.834272378360437     11.55960558505586    -4.586332474938301
 0.002358124235111405     1.310912281936143   0.02109510918078131     3.036367820110932  -0.01618204028462457     4.956057995810538    -3.787021292081076     3.510606690978726    -4.586332474938301      4.92843760202996

cov.inverse():
    30.13054301892551    -19.15790744353999    -48.84915324400769     32.29940397712443     18.42656717732051    -12.17265120696301    0.5741775274137014   -0.5479896832746758    0.8423842575150282   -0.6920875245114545
   -19.15790744353998     12.62219045602898     32.23853020367832    -21.29765861059974    -12.23437533575041     8.038554481106191    -0.376028241063495    0.3595365259680907   -0.5508698738988831    0.4536594151197541
   -48.84915324400836     32.23853020367888     91.01301200596474    -59.53488312515589    -41.18589343217769     27.15656067951059   -0.2448728249713195     0.113116183768017  0.008504541573505123   0.03282565394602827
    32.29940397712494    -21.29765861060012    -59.53488312515589     39.33284958925961     27.28405649425583    -17.94428110256566    0.1614249507925495  -0.07344731930277583 -0.008693444347033947    -0.025607461417915
    18.42656717732173    -12.23437533575119    -41.18589343217914     27.28405649425678     25.90979814371677    -16.46460897407167   -0.7053374649733132    0.7978545259380937    -1.263519139362294    0.9680472741972108
   -12.17265120696374     8.038554481106695     27.15656067951152    -17.94428110256627    -16.46460897407165     10.83983994544818    0.4635481920345135   -0.5259390608812955    0.8362927693618362   -0.6388486577308466
   0.5741775274136072   -0.3760282410634344   -0.2448728249711429    0.1614249507924328   -0.7053374649734007    0.4635481920345712    0.5786703570543249   -0.2153033137251145   -0.0656896580310201   0.06976414447849962
  -0.5479896832745693    0.3595365259680196    0.1131161837678171  -0.07344731930264338    0.7978545259381872    -0.525939060881357   -0.2153033137251137    0.6447332298576504  -0.01733939703655078   -0.1599276822908654
    0.842384257514876   -0.5508698738987835  0.008504541573783202 -0.008693444347217527     -1.26351913936242    0.8362927693619198  -0.06568965803102141  -0.01733939703655033    0.5380000290856666   -0.2311560933441087
  -0.6920875245113238    0.4536594151196683   0.03282565394579006   -0.0256074614177575    0.9680472741973188   -0.6388486577309179   0.06976414447850075   -0.1599276822908658   -0.2311560933441087    0.6962255769568881

cov*(cov_.inverse()):
     1.000000000000169 -9.044197682439581e-15 -1.693298279370481e-13  5.429812551189031e-14 -3.644393814505875e-14 -3.323383235276367e-14  2.353342130542724e-15  1.243037790754631e-15  1.040942505803333e-15 -3.514983443198005e-16
  1.63424829224823e-13     0.9999999999999827  9.409140133698202e-15 -6.535744168090218e-14 -2.036149027162537e-13 -6.261657858885883e-14  5.551115123125783e-16  -6.38378239159465e-16  1.221245327087672e-15                      0
 -5.39499001028787e-16 -1.838806884535416e-15      1.000000000000016 -8.602060036499992e-15 -7.563394355258879e-15  5.290906601729262e-15  -1.01047642475649e-16  -7.35089072945172e-16 -2.116362640691705e-16 -1.925543058334256e-16
  4.75175454539567e-14  1.405542349175448e-13  4.536093722862233e-13     0.9999999999998055  -1.13242748511766e-13   9.85878045867139e-14 -3.025357742103552e-15 -5.551115123125783e-17  8.881784197001252e-16                      0
 3.355996036624731e-14 -1.245618191925146e-14  -4.25324922850856e-14  2.533655793848788e-14      1.000000000000012 -1.433922425242429e-14   2.04263689296269e-16  2.220446049250313e-16 -2.272487753529617e-16  5.551115123125783e-17
 -5.10702591327572e-14  8.304468224196171e-14  2.494948692088883e-13 -2.272904087163852e-13  -1.06581410364015e-13      1.000000000000171 -5.606626274357041e-15  5.551115123125783e-16 -4.218847493575595e-15  5.329070518200751e-15
-7.993605777301127e-15  6.217248937900877e-15  8.586187316694804e-14 -4.005129561335252e-14 -6.217248937900877e-15  1.199040866595169e-14                      1 -1.110223024625157e-16                      0 -4.440892098500626e-16
 4.618527782440651e-14 -1.731947918415244e-14 -3.118338920415908e-14  -2.05391259555654e-15  7.549516567451064e-15  3.108624468950438e-15  2.220446049250313e-16     0.9999999999999996  1.443289932012704e-15                      0
 1.021405182655144e-14 -1.509903313490213e-14  3.802513859341161e-15 -2.917110997202599e-14  2.486899575160351e-14  4.440892098500626e-15  1.110223024625157e-16  2.220446049250313e-16      1.000000000000001 -4.440892098500626e-16
-4.440892098500626e-16 -7.993605777301127e-15  8.798517470154366e-15 -2.220446049250313e-15 -5.329070518200751e-15  2.220446049250313e-15   3.33066907387547e-16 -8.881784197001252e-16                      0      1.000000000000001
