10
1

                  nan
                  nan
                  nan
                  nan
                  nan
                  nan
    3162.277660168379
4.208466838371762e-10
1.617282678174261e-08
    1.673274465584303

                     0    0.06613803632277442      0.090862009603558  -1.94486242493129e-16    -0.9694112030358455   0.009350208015888022   -0.02837872575312965   0.009350208015888007     0.2159434415200275                      0
                    -0   -0.01146641780388303     0.7907079678223365  1.365625126942941e-16    -0.0615944374181707    0.01184828434814852   -0.01412979931038408    0.01184828434814852    -0.6085845391164773                     -0
                     0  0.0002305840926002494   -0.03835923986502057  3.162813356848793e-14     0.0192828744755289 -2.150815956343065e-06     -0.998668247486916 -2.150815952386106e-06   -0.02860800153934372                      0
   -0.9999999005163446 -0.0002890285331722293  -3.86605866802311e-06                      0 -1.296887046166405e-05      0.000239920279892 -4.873192093032896e-07      0.000239920279892  1.108832296705569e-05                      0
                    -0 -7.083426971201623e-18 -1.136935539403506e-15     -0.999765198004479   8.03316646457064e-16    0.01532235065296351 -3.164028808252977e-14   -0.01532235065296351 -9.858395551840043e-16                     -0
                     0 -9.306130114788621e-17  1.562205570336927e-16   -0.02166907610085725 -4.626929786537396e-17    -0.7069407511032786  2.105314928347332e-15     0.7069407511032785  2.986780745385402e-17                      0
                     0                      0                      0                      0                      0                      0                      0                      0                      0                      1
                    -0  -0.004600595384578397    -0.6040936307619021 -1.473272334329194e-17    -0.2279057830921405    0.00386369476015948    0.04064493222896137   0.003863694760159441     -0.762513479905681                     -0
                     0     0.7586947187122213  -0.007024164959011431 -9.207713995447783e-20    0.05735718495993416     0.4587534716086346   0.001877252933258387     0.4587534716086346   -0.01140695988248586                      0
-0.0004460575083904666     0.6479624240863728    0.00866717454743351                     -0    0.02907443306642159     -0.537868439631407   0.001092502988194086     -0.537868439631407    -0.0248585028956454                     -0

21.36983834610914
39.12246131896973
 62.6074370539047
134.1940002441406
69.64575562870587
154.1949996948242
80.15213073313308
187.6740036010742
 97.0122021933486
221.5279998779297

0.4099509401518198

 -6.442365562759908   1.148903021370311  -1.475773818251594   282392151901709.6  0.4727819407095638    8712200565534527  -25.47970380370425   -8712200565534526 -0.3274450027027666                   0

-1.391279244723978e-19 -4.637597482413261e-20                      0 -3.138034978601319e-21  8.188053337962638e-21  7.449888927964713e-20                      0 -4.637597482413261e-20 -1.619535995811506e-18    0.01118330033063424

cov:
 5.570780872030257e-07 -0.0008092357173673961 -1.082437337678992e-05                      0 -3.631085511282634e-05  0.0006717401139551011  -1.36441930351723e-06  0.0006717401139551011  3.104560955336447e-05                      0
-0.0008092357173673961      1.175530794167571    0.01572395280991687                      0      0.052746718207824     -0.975798735380522    0.00198201447738742     -0.975798735380522   -0.04509819484044593                      0
-1.082437337678992e-05    0.01572395280991687  0.0002103243004736194                      0  0.0007055424767201625   -0.01305232780223765  2.651151485408835e-05   -0.01305232780223765 -0.0006032354839209116                      0
                     0                      0                      0                      0                      0                      0                      0                      0                      0                      0
-3.631085511282634e-05      0.052746718207824  0.0007055424767201625                      0   0.002366774477963177   -0.04378463003950059  8.893408802328578e-05   -0.04378463003950059  -0.002023580995693976                      0
 0.0006717401139551011     -0.975798735380522   -0.01305232780223765                      0   -0.04378463003950059     0.8100027465843596  -0.001645254407741898     0.8100027465843596    0.03743565180222611                      0
 -1.36441930351723e-06    0.00198201447738742  2.651151485408835e-05                      0  8.893408802328578e-05  -0.001645254407741898  3.341793688488724e-06  -0.001645254407741898 -7.603822504802939e-05                      0
 0.0006717401139551011     -0.975798735380522   -0.01305232780223765                      0   -0.04378463003950059     0.8100027465843596  -0.001645254407741898     0.8100027465843596    0.03743565180222611                      0
 3.104560955336447e-05   -0.04509819484044593 -0.0006032354839209116                      0  -0.002023580995693976    0.03743565180222611 -7.603822504802939e-05    0.03743565180222611   0.001730152189936507                      0
                     0                      0                      0                      0                      0                      0                      0                      0                      0                      0

cov.inverse():
nan nan nan nan nan nan nan nan nan nan
nan nan nan nan nan nan nan nan nan nan
nan nan nan nan nan nan nan nan nan nan
nan nan nan nan nan nan nan nan nan nan
nan nan nan nan nan nan nan nan nan nan
nan nan nan nan nan nan nan nan nan nan
nan nan nan nan nan nan nan nan nan nan
nan nan nan nan nan nan nan nan nan nan
nan nan nan nan nan nan nan nan nan nan
nan nan nan nan nan nan nan nan nan inf

cov*(cov_.inverse()):
nan nan nan nan nan nan nan nan nan nan
nan nan nan nan nan nan nan nan nan nan
nan nan nan nan nan nan nan nan nan nan
nan nan nan nan nan nan nan nan nan nan
nan nan nan nan nan nan nan nan nan nan
nan nan nan nan nan nan nan nan nan nan
nan nan nan nan nan nan nan nan nan nan
nan nan nan nan nan nan nan nan nan nan
nan nan nan nan nan nan nan nan nan nan
nan nan nan nan nan nan nan nan nan nan
