12
1

0.06171395916359389
 0.2738700766538307
 0.7830053507761735
 0.9129805825624656
  1.038875837824256
  1.181225756040428
  1.386771200618242
  1.725830975127965
  2.135828094696155
  2.644493490729975
  4.935954635372128
  9.174940187886865

   -0.3961087561195649     0.1872653100629998     0.7384603839460777     -0.348267494106885     -0.339913785918284     0.1608517176673283 -0.0003573584012773428  0.0007130356409177068 -9.854011682247364e-05  1.955168525912597e-05  0.0004846821318489025  0.0001810946352088429
   -0.5142781881262736     0.2225236213572628    0.06412950934308401   -0.02686102533112104     0.7355284045988091    -0.3238376456400638   -0.04352526303883063    0.03206445497926754   -0.08496676020641367    0.08807150120458808    -0.1035536792539452     0.0816843794899913
   -0.1107178017112248    0.03148673727664362   -0.07506086863627734    0.02299496293962372   -0.04015486851067233   0.004901387642849892     0.2299045938134137    -0.9560816908708013    -0.0877403845243767   -0.01165412907686108   -0.01692036864519634    0.06230569654491356
    0.6255433438233159   -0.03864128473394784      0.516589846325563   -0.04002340588919837      0.390194940605499   -0.04832300528010929    -0.2390622753732274    -0.1938281417730766    -0.1295794008155014     0.1124110526595607     0.1579765961664503    -0.1872015982610272
   -0.1628483460518541   -0.01188820427764756    -0.1356017727291075  -0.002585218173163265    -0.1052268103153579   0.006069785461000588     0.1701212922234326    0.09154323149646901    -0.6120420157503157     0.4243372338973765      0.437218534057812    -0.4008691280488269
    0.1383870092338646    0.02901490136861472     0.1078275161076486    0.01009242577256787    0.08671082533569215    0.01549656686828706     0.3812820048232337     0.1401042391524443    -0.4092034827812756    -0.4365703324200705     0.3136089164586932     0.5823424826408032
   -0.2115396273783996   -0.09373022830149447    -0.1518957536637115   -0.06288090500799426   -0.08334313162292709   -0.02939825315315294     -0.758178381919275     -0.138554976554105   -0.05418356500214491    -0.2605213526953689     0.4776667281489345     0.1364708387663095
   0.07924232347545526    0.08537405191640483   0.002507405885224341   0.001825211237523844   -0.07729905037035212   -0.07652170733857055   -0.00174428534721055  -0.007369972202047591     0.2951287573467239     0.6952206549103295     0.2792821245657313     0.5710542754559648
    -0.250377302563967    -0.5143337113093953     0.1491405419165943     0.2735754283463778     0.3028996529056033     0.5297186850985564     0.1738394476435045   0.002209797709069518     0.2937669657349548  -0.000328548820084005     0.2864743525961957   -0.06887531416092971
    0.1205402332280854     0.2720790889816513    -0.3199309493380662    -0.6874363233215824     0.2559233338868865     0.5012585389984913    0.04909531702811892  -0.005193150365528769    0.09290833403615674  -0.003858940338291776    0.08547697477553082   -0.03702907862486328
  -0.02875295861849114    -0.3769404090735866   -0.01143884721235724   -0.06897056065574847    0.02645459036470901     0.3274277393034531    -0.2739853292709564  -0.003669317752113533    -0.4809107042497399     0.2394725535802402    -0.5264342073936935     0.3216458167857053
   0.01756445025163967     0.6443778631295801    0.01554613041512938     0.5653517176514765    0.01160221986940457     0.4699244834652868    -0.1767635229099504   0.001827335933407795    -0.1000279366567511    0.01582296054503973   -0.04303541413590809    0.01685520267825448

22.67213270169974
44.83158118909811
35.56080751535145
72.05468613674601
50.53402742062617
 103.726168839447
64.55248668879284
133.3337270725931
88.32199177579083
184.4148128282987
104.6722833322503
219.4863611562761

0.475629046714855

  -0.01813250107357288   0.008604042173742475   0.002696293749910266  -0.001273942036150599    0.01494744263565182  -0.007076110689578061 -4.083708027558899e-05 -4.860806881934053e-06  0.0003639966272399782  0.0001300969481543816  -8.87829368407461e-07  8.238191177068628e-05

1.907888647008233e-05  0.001854241870098952 0.0008453885286842627 -0.003412749179062346 0.0007166621485564552 -0.001352919986443027  0.003174963308457422 -0.003178157385619493   0.00475016950969259  0.003322251219844216   -0.1143151148010063    0.1153200138582767

cov:
    0.9479169406301836      2.068444200582322   -0.03113613068317006 -0.0001888795427491596    0.09761768878168794      0.265513606524763   -0.01341357276405044    0.02655896572582108  -0.006290484886426132    0.01996220330789224  -0.007176986539682437   0.004225350735954277
     2.068444200582322      40.18504125276234   0.007287695735942799      29.36339482989111     0.1615857456589779      22.17698884961059     -7.225646146704539     0.1336734271672617     -1.444658481792825     -1.149259715966905      1.975550008877599     -1.790527193111267
  -0.03113613068317006   0.007287695735942799      1.149547648385436      2.484143087285048    -0.1340531158100511    -0.2500754559803768  -0.006341043843682316    0.02533039288569703   -0.01101487864173363   -0.03474776346361618   0.008103350188737726  -0.003993956044732646
-0.0001888795427491596      29.36339482989111      2.484143087285048      30.67776624679659    -0.3480650763845451      20.07074560484336     -7.863162515997811     0.1322088364273482     -4.025002135084413     0.3926296713018764     -1.275256102055597     0.3566113645915397
   0.09761768878168794     0.1615857456589779    -0.1340531158100511    -0.3480650763845451      1.127467173236805      2.288677038479002    0.04176013109016181   -0.01409761033622399    0.08060577533911473   -0.01517093557023866    0.06099824366503034   -0.03295134275702359
     0.265513606524763      22.17698884961059    -0.2500754559803768      20.07074560484336      2.288677038479002      24.26787410561123     -8.521912755533883    0.04744783781473474     -6.827771707086657      2.364869226658234     -4.994961882865415      2.814235508350628
  -0.01341357276405044     -7.225646146704539  -0.006341043843682316     -7.863162515997811    0.04176013109016181     -8.521912755533883      6.033616715483161     0.1944336762314763      4.724608497351171     -1.638002097097208      3.926646959423269     -2.385141273003271
   0.02655896572582108     0.1336734271672617    0.02533039288569703     0.1322088364273482   -0.01409761033622399    0.04744783781473474     0.1944336762314763       0.66615398272337   -0.03314930354879717   -0.01921790169935997  -0.004534523421938191  -0.006256704942194397
 -0.006290484886426132     -1.444658481792825   -0.01101487864173363     -4.025002135084413    0.08060577533911473     -6.827771707086657      4.724608497351171   -0.03314930354879717      7.853271103910597     -2.346855983270701       6.68227287447949      -3.59051732751022
   0.01996220330789224     -1.149259715966905   -0.03474776346361618     0.3926296713018764   -0.01517093557023866      2.364869226658234     -1.638002097097208   -0.01921790169935997     -2.346855983270701      3.459957188401822     -2.769066553263118      2.458521611506251
 -0.007176986539682437      1.975550008877599   0.008103350188737726     -1.275256102055597    0.06099824366503034     -4.994961882865415      3.926646959423269  -0.004534523421938191       6.68227287447949     -2.769066553263118      8.369775737374333     -3.658469193555464
  0.004225350735954277     -1.790527193111267  -0.003993956044732646     0.3566113645915397   -0.03295134275702359      2.814235508350628     -2.385141273003271  -0.006256704942194397      -3.59051732751022      2.458521611506251     -3.658469193555464      4.261523556889495

cov.inverse():
    45.29184530005524     -20.9859223931068    -76.80662906278909     36.35268843479238     30.62839885403483    -14.56475693123167    0.2017636841466312   -0.2518959572118666    0.5630319598714401   -0.5799408537892703    0.6876135680989466   -0.6094615484740116
   -20.98592239310681     9.958309291589082     36.45398688196349    -17.24942545220436    -14.57088658651097     6.908438442539041  -0.09565875750276254   0.09813828298733568   -0.2689226563199096    0.2716167008740051   -0.3263122593123384     0.290842983004793
   -76.80662906278836     36.45398688196325      143.622795361806    -67.53034158805548    -65.00639091800217     30.87747759370952   -0.2113050955368757     0.173167335703484   -0.1059541385712052   0.08435261163577482   0.04292026086562826   0.06567110176308449
    36.35268843479215    -17.24942545220426    -67.53034158805549      31.9488191303362      30.7953417171751     -14.6044024123036    0.1006942519127891  -0.09725095008135456   0.05200368397723321  -0.03460499698596874  -0.01970221442776271  -0.03471500931490699
    30.62839885403422    -14.57088658651067    -65.00639091800136     30.79534171717473     37.78582788170516    -17.49686889925004   -0.4688723773127249    0.2286136426051121   -0.8280348452470867    0.8401497388918572    -1.013202617773485    0.7421174073627115
   -14.56475693123134     6.908438442538899     30.87747759370916    -14.60440241230343    -17.49686889925005     8.301473237362675    0.2243903486842149    -0.100508926400022    0.3885076484212212   -0.3993871324609141    0.4818174784704249   -0.3524573383159965
   0.2017636841466547  -0.09565875750277379   -0.2113050955369205    0.1006942519128102   -0.4688723773127041     0.224390348684205    0.6204009046605757   -0.2141741579723788   -0.1160628572648562  -0.04059611021506344 -0.007943523678057139   0.06490667121875049
  -0.2518959572118783   0.09813828298734141    0.1731673357035073   -0.0972509500813655     0.228613642605101   -0.1005089264000167   -0.2141741579723788      1.58169368277365   0.04093000973223987   0.03885988079587133   -0.0209043182943446 -0.005502782965478221
   0.5630319598715073   -0.2689226563199412    -0.105954138571329   0.05200368397729192   -0.8280348452470292     0.388507648421194   -0.1160628572648564   0.04093000973223986    0.6565818711145297   -0.1567715630060596    -0.200517811322215   0.02563376759324907
  -0.5799408537893249    0.2716167008740305   0.08435261163587347  -0.03460499698601543    0.8401497388918129    -0.399387132460893  -0.04059611021506335    0.0388598807958714   -0.1567715630060597    0.6221564314517517  -0.03095679836589704   -0.1523390316764642
   0.6876135680989941   -0.3263122593123608   0.04292026086554002   -0.0197022144277211    -1.013202617773444    0.4818174784704057 -0.007943523678057054  -0.02090431829434465   -0.2005178113222149   -0.0309567983658967     0.596308309560825   -0.1057531468202003
  -0.6094615484740681    0.2908429830048196   0.06567110176319001  -0.03471500931495704    0.7421174073626616   -0.3524573383159729   0.06490667121875034 -0.005502782965478132    0.0256337675932491   -0.1523390316764647      -0.1057531468202    0.6539400773893889

cov*(cov_.inverse()):
     1.000000000000002  5.952703607814414e-15  -2.07256954654067e-13  1.939472345745263e-14 -1.727307533117006e-14  -2.16608415232189e-14  3.400600114000785e-16 -3.966418122766657e-16 -5.639748650726473e-16  8.197652626162899e-16 -3.595214403961933e-16  6.084542591988651e-16
 -6.94999613415348e-14     0.9999999999999737  6.636358129696873e-14 -3.165523398962478e-14 -5.662137425588298e-14 -1.176836406102666e-14 -5.551115123125783e-16 -3.989863994746656e-17  1.290634266126744e-15  2.275957200481571e-15  1.942890293094024e-16  2.220446049250313e-15
 4.752274962438463e-15 -8.615070462569818e-16     0.9999999999999896 -9.379432994172099e-15 -2.053955963643439e-14  2.243431135307006e-15 -4.580754178751256e-17 -1.794896696549753e-16 -3.192568822155128e-16 -5.225854471380131e-17  3.443426099813962e-16  2.740863092043355e-16
 4.235500838944972e-14 -1.530719995201935e-13   1.20268378589472e-13      1.000000000000133  3.941291737419306e-15 -7.210898544940392e-14  6.591949208711867e-17 -2.354887118638516e-16  8.101158632811689e-16   1.52655665885959e-15 -6.245004513516506e-16  2.359223927328458e-15
-1.318389841742373e-15  3.179748131465487e-15 -5.398893138108818e-15  8.242104915234805e-16     0.9999999999999948 -2.862293735361732e-16  1.778091562876227e-17 -1.089623183347932e-16   7.39425881635114e-17 -9.454242944073599e-17  9.280770596475918e-17 -1.040834085586084e-17
 1.729727472365994e-13 -1.096900348329655e-13 -3.438915818776422e-14   7.53563877964325e-14  6.217248937900877e-14     0.9999999999999772 -1.471045507628332e-15 -2.116362640691705e-16   4.85722573273506e-16  3.164135620181696e-15 -2.220446049250313e-16   1.77635683940025e-15
 2.842170943040401e-14  1.287858708565182e-14  6.161737786669619e-15 -1.638966740102887e-14 -7.105427357601002e-15 -7.771561172376096e-15                      1  -4.85722573273506e-17 -1.179611963664229e-16 -9.992007221626409e-16  1.110223024625157e-16 -8.881784197001252e-16
 1.791101988946053e-15 -1.016981637791403e-15 -9.827425331843109e-15  2.014583161749628e-15  1.008741701280513e-15 -1.379538844270556e-15  2.829767670187167e-17     0.9999999999999997 -5.114723748700367e-17  3.068292148133978e-17 -2.916503843986007e-17  2.949029909160572e-17
-1.199040866595169e-14  1.088018564132653e-14 -7.605027718682322e-15  3.719247132494274e-15 -8.881784197001252e-16  9.325873406851315e-15  -6.38378239159465e-16  3.885780586188048e-16      1.000000000000002  -3.33066907387547e-16  5.551115123125783e-17                      0
 5.995204332975845e-15  1.998401444325282e-15 -4.082845173059013e-14  2.622901895676932e-15  1.332267629550188e-15 -7.327471962526033e-15  1.110223024625157e-16 -6.938893903907228e-18 -6.245004513516506e-16                      1 -8.326672684688674e-16  4.440892098500626e-16
-1.243449787580175e-14  5.329070518200751e-15  6.836198274129401e-14  1.332267629550188e-15    1.4210854715202e-14  1.176836406102666e-14 -5.551115123125783e-17  1.422473250300982e-16  1.817990202823694e-15 -4.440892098500626e-16                      1 -8.881784197001252e-16
 6.217248937900877e-15 -2.220446049250313e-15 -3.375077994860476e-14 -3.941291737419306e-15 -4.440892098500626e-15 -9.992007221626409e-15 -1.110223024625157e-16 -1.040834085586084e-17 -1.110223024625157e-15  2.220446049250313e-16  1.665334536937735e-16                      1
