14
1

0.02166946776304057
 0.1425051993935183
 0.1573382949346052
 0.2129163750332614
  0.514629473489464
 0.5523709944430292
 0.6656948391386186
 0.8378908133011799
 0.8841625978052435
  1.261455652484375
   1.52586374090097
  2.173599838632577
   2.78167990367268
  3.953807450671404

   -0.3884020575254049     0.1555579747051204     0.7551526487969268    -0.3031253216185811    -0.3746303713840112     0.1493100353806894   0.004280933078294365   0.001764481108286171   0.001547260023030196  -0.001785321706086513  0.0005856869294382849  0.0008649811160640667    0.01160851457678752 -0.0008959880692909134
   0.02532673589063553  -0.007721256843531974   -0.01047293563522111   0.005310316888079912   -0.02157855343795523   0.003402796712083635     0.1026877495985479   0.007393367610495105  -0.009010112271896074   0.002371742042181541   -0.02142045766639405   0.007660858704819493     0.9937202967323977 -0.0002186671207366777
   -0.1125984050983623    0.03897055407241955    0.06663002305509551    -0.0261263215108415     0.2625398259979521   -0.04528997254627148     -0.944940248948845   -0.06132818062494475   -0.01407385146956707  -0.001569152761947676    0.02589217248452998   -0.01932463515495368      0.108556942794679 -0.0004441640338605494
    0.4722736703394586    -0.1746714177523206    -0.1227631372134056    0.04264051353273643    -0.7671868931504304     0.2007395957338663    -0.2913197060172971   -0.05077964766996894    0.07404605908255184 -0.0007014387599898813    0.07537832083235774    -0.0202724710789194  0.0006646029604786139    -0.0407921549902038
   -0.6741484118945535     0.1771706993455119     -0.482104164020955      0.155710973917931    -0.4112608962544885    -0.2114087286330299   -0.04207864568872156    -0.1436468220638328    -0.1155923012227174    0.05578334851810757    0.02710267388437635  0.0007558934579369882   0.009266868285945855    0.06273411510540029
  -0.05982933756575762   0.001288693794364835   -0.03503677529178824    0.01670619658261228   -0.02910333391921845   -0.02751657038719664   -0.02159491873461005    -0.1792097290421441     0.4928534827207943    -0.4806816012281926    -0.5437495193248424     0.4256375927579731  -0.005304770777724844   -0.09953434533327506
  -0.09498626272408717    0.01397161134788109   -0.03086773689329308    0.01327768166018248    0.05397397529031779    0.04434649741339367    0.04558320745764173   -0.06722883490131061     0.5122167375868208    -0.4595905358656973     0.6093316327680888     -0.336656360413041    0.02044513486130935      0.139806827135867
   0.02817953302218857   -0.05191296133530294     0.0466542085318509   -0.01579117699649731    0.09814306701649091     0.1143895984541898    0.08299623860353264    -0.8861516033553223    -0.0794804984942029      0.118467316871367    0.04690148687080581    -0.1464585578666107   0.000266234734906586    -0.3677136331417999
   -0.1104293186132092    0.02944513036215496   -0.06542424111987628    0.02349678326184305    -0.0129064175633449    0.01746656923053413   -0.01500466772288485     0.3727070045980294    0.05037855738186987   -0.06078302767529453    0.09192984440562091   -0.08679415664612082   0.003718992590986503    -0.9056864156154706
    0.0340745774118846    0.02610662214302071    0.01276830399794548   -0.01482713956572184   -0.05520957798574135    -0.1659452436857683   -0.01184922998470071    0.04634730342613311    0.08445224410887932   -0.04601902913283493    -0.5374205301261804    -0.8154181538336686  -0.004615893015231189    0.04360349483821652
   -0.2596147797324451    -0.1550746992718232    -0.2172942286148598   -0.04152805789497174     0.1224414408124449     0.8095064018131537  -0.007115144641721112    0.09586271897168964     0.2441227855420484     0.2935213964777268    -0.1492449301239088   -0.07456414487464366   0.002140860788658539    0.08055213508785589
  0.004892337379561049   -0.05540932861068409      0.142237995724502     0.1770555212516003   -0.02876284829240947      -0.36132384465739   0.002420799169714474  -0.005907763601595717     0.6150349107344393     0.6543031539855052     0.0514012528246435    0.06393302858142545   0.005028104594802288   -0.02769874900327638
   -0.2256042872356617    -0.7256957010105594     0.2589162393595768     0.5583329611806518  -0.007964481259600111   -0.02685264282691763 -0.0005231127176719288    0.02719276818159549    -0.1452010932996301     -0.141141474487389   -0.01464919205926979   -0.02791348528464687  -0.001450319353681599    0.01306846062736285
    0.1150334563358319     0.5950889291351739     0.1855090421658101     0.7314741989461492   0.007646385977705782     0.2458159036376241  -0.005673943137711242  -0.006707943771609051    -0.0258620638819141   -0.02372789144367285   -0.03004967512872576   -0.01828126874087603 -0.0009833325625550427    0.01171461349259444

22.49719372480333
44.37899773172806
 35.7483597212808
77.34885045117663
49.86394824242244
112.5136879284544
67.65212756845473
158.1601823561262
79.67159504279657
  187.24929088026
91.53073939068294
218.3730682977358
107.5123770797394
259.2607276961829

0.4026596355270994

  -0.01811225523342707   0.007304688907478124    0.00594150235828647  -0.002406337469719184    0.01257546615398286  -0.004989972962824346  0.0001191712285496203  3.877159465171569e-05 -0.0001704186263196425  1.072570521681648e-05 -3.102511988569146e-05  2.647145105362329e-05  -0.000205968265078673  4.440327513362629e-05

 3.723172455517671e-06 -2.169274929116686e-05  0.0001528416099477239 -0.0009685667655931608   0.001630986914993773  0.0001654162295497349  0.0008638616266140885  4.045283512541901e-05   0.001155247971627422   -0.00031455346267105 -0.0003518873310133926   0.005986360159568415  -0.007438372945259147    0.00749399430753052

cov:
    0.9056315951053058      2.391130953069677     0.1085668122914112     0.3391530430905315   0.007628783249894313    0.02379831955194676 -0.0002013566621832913    -0.1339704847521975    0.06397950788628536     0.0646685109866896   0.007755197911858071    0.02867249179993508  -0.003178100688415624   0.006057112261117778
     2.391130953069677      9.694927414591819     0.2886821011086909      3.645721911240364     0.0603388353607892      2.217929395294089   -0.05209464729987861    -0.2122455201707619     0.3305110173440349     0.2865038666414168    -0.1745143322092593   -0.03541601471034142  -0.002705101557451982     0.0122214749702236
    0.1085668122914112     0.2886821011086909      1.330761527441133      3.357187123665711   -0.01564515611599744    0.03173230395491325   -0.00400844601707093   -0.04323137875965669   -0.07750988526636925    -0.0500205555359346   -0.02688414622524488   -0.04513870655644683  -0.005174746873313785    0.02731812954900408
    0.3391530430905315      3.645721911240364      3.357187123665711      10.93622753596647  -0.001287245837487533      2.309103292222983   -0.06686246278694638    0.03485016333572565    -0.4314313300710558    -0.3663391296037819    -0.3335670892254201    -0.2494841680837957   -0.01282466402952487     0.1486906473081291
  0.007628783249894313     0.0603388353607892   -0.01564515611599744  -0.001287245837487533     0.1267690155223408     0.3502214012904223    0.01371765560484218   -0.02624364072128938  -0.003729241155608733  0.0006557338396753882     0.0113047933957058    0.02067396580974798  5.691599849600334e-05   0.006104145519700839
   0.02379831955194676      2.217929395294089    0.03173230395491325      2.309103292222983     0.3502214012904223      3.160780471299802   -0.02779927844501562    0.08885300636840116    -0.6739279977641417    -0.6128830112429126    -0.3188509222877952    -0.1221424448760452  -0.006853446112145017     0.1876936668861012
-0.0002013566621832913   -0.05209464729987861   -0.00400844601707093   -0.06686246278694638    0.01371765560484218   -0.02779927844501562    0.03358424335523411   -0.05450678532536655   0.006777521232477794   0.007093026785445361    0.03151616868184547   0.002682411120980291  4.284015621342376e-05    -0.0110384347777279
   -0.1339704847521975    -0.2122455201707619   -0.04323137875965669    0.03485016333572565   -0.02624364072128938    0.08885300636840116   -0.05450678532536655     0.7087781221411258    0.04187243840665868   -0.03690835622546708   -0.06637465383366384   -0.02988813834893021  2.421763902795293e-05   -0.01264123441091712
   0.06397950788628536     0.3305110173440349   -0.07750988526636925    -0.4314313300710558  -0.003729241155608733    -0.6739279977641417   0.006777521232477794    0.04187243840665868      2.311431902415223      2.042742437648537    0.07788289337837496    0.06482130248015801    0.02070758742243323   -0.04870121685111283
    0.0646685109866896     0.2865038666414168    -0.0500205555359346    -0.3663391296037819  0.0006557338396753882    -0.6128830112429126   0.007093026785445361   -0.03690835622546708      2.042742437648537      2.567205798228648    0.07897736277135904     0.2417527515892379    0.01593296034525743   -0.05288224446650244
  0.007755197911858071    -0.1745143322092593   -0.02688414622524488    -0.3335670892254201     0.0113047933957058    -0.3188509222877952    0.03151616868184547   -0.06637465383366384    0.07788289337837496    0.07897736277135904     0.8030857308387452     0.5778568552625499    0.01143382605537535    -0.1016103844201571
   0.02867249179993508   -0.03541601471034142   -0.04513870655644683    -0.2494841680837957    0.02067396580974798    -0.1221424448760452   0.002682411120980291   -0.02988813834893021    0.06482130248015801     0.2417527515892379     0.5778568552625499      1.228035460987702    0.00381581319385248   -0.01957182866708462
 -0.003178100688415624  -0.002705101557451982  -0.005174746873313785   -0.01282466402952487  5.691599849600334e-05  -0.006853446112145017  4.284015621342376e-05  2.421763902795293e-05    0.02070758742243323    0.01593296034525743    0.01143382605537535    0.00381581319385248    0.02076813648293924  -0.002030411255681142
  0.006057112261117778     0.0122214749702236    0.02731812954900408     0.1486906473081291   0.006104145519700839     0.1876936668861012    -0.0110384347777279   -0.01264123441091712   -0.04870121685111283   -0.05288224446650244    -0.1016103844201571   -0.01957182866708462  -0.002030411255681142     0.7741936298008556

cov.inverse():
    328.5330525710352    -131.0937192874938    -624.9504059645462     250.8873940518879     301.6947721422713    -120.7559594769932    -2.042267871553472    -1.383900274816034   -0.3988819124538387     1.514535942459201   0.05765748095984319   -0.8444591264204205    -8.877268419167249    0.2525712573997476
   -131.0937192874939     52.49664967991102     250.4154320911553    -100.5442985516682    -121.0191769132938     48.42897546287063     0.980640387274414    0.6530702364062417    0.1477690167318035   -0.5980088262679889  -0.01171435456438909    0.3233383557972763     3.642944487010761   -0.1063394027207124
    -624.950405964546     250.4154320911554     1215.876518097021    -487.9255102232839     -598.939852389143     239.7574504739096     5.160390899129143      2.99500360897148      2.35443200595945     -2.88913312215682    0.7949104902103289     1.361909302362904     18.42852547602177    -1.400109345819979
    250.8873940518878    -100.5442985516682    -487.9255102232839     195.9256982027633     240.5886527887569      -96.292056743674     -2.04026964369161    -1.186017655255907   -0.9327851906353911     1.150755054885268   -0.3268532679530465   -0.5322507896320303    -7.341979579168743    0.5557234842341142
    301.6947721422729    -121.0191769132943    -598.9398523891446     240.5886527887576      315.349673390583    -122.6013684449689    -8.531101156078789    -1.101278913311258    -2.437991794418446      1.35107750152106    -1.346043983108985   -0.6379288533155745    -9.188578518162974      1.29623522426371
   -120.7559594769937      48.4289754628708       239.75745047391    -96.29205674367418    -122.6013684449688     48.97418078959333     1.868995555591731    0.4664342439793513    0.9604974132928524    -0.539821272044424    0.5669325934692696    0.1774615386631863     3.658144897990951   -0.5462979434870677
   -2.042267871554288    0.9806403872747403     5.160390899130725     -2.04026964369224     -8.53110115607956     1.868995555592041     38.52293578724529      2.63679637570464   0.05469595771064742   0.05297492789943255    -1.470570703996865    0.8403603125959866    0.9836431900195666    0.2545983440247932
   -1.383900274816047    0.6530702364062473     2.995003608971509    -1.186017655255919    -1.101278913311266    0.4664342439793553     2.636796375704632     1.713114660774335   -0.2144496035711866    0.1515557880087854   0.02078563120992539 -0.006223451044783294    0.1320888872093457    0.0835701477349676
   -0.398881912454014    0.1477690167318732     2.354432005959784   -0.9327851906355249    -2.437991794418605    0.9604974132929167   0.05469595771064539   -0.2144496035711858     1.701807840893793    -1.240336413582318   -0.1025606864756367    0.2441761540125755   -0.4513820855322916   -0.1056416743309041
    1.514535942459324   -0.5980088262680376     -2.88913312215705      1.15075505488536     1.351077501521168   -0.5398212720444678   0.05297492789943724    0.1515557880087852    -1.240336413582318      1.40911711532583    0.2277920035379906   -0.3164997006025686   0.05501787452341077    0.0422415702820696
  0.05765748095973807  -0.01171435456434702    0.7949104902105341   -0.3268532679531287    -1.346043983109084    0.5669325934693097    -1.470570703996866   0.02078563120992613   -0.1025606864756368    0.2277920035379914     2.191033436436328    -1.021321494787948   -0.8785926081834251    0.1555492928419934
  -0.8444591264202704     0.323338355797216      1.36190930236261   -0.5322507896319122   -0.6379288533154284    0.1774615386631278    0.8403603125959834   -0.0062234510447842    0.2441761540125746   -0.3164997006025683    -1.021321494787948     1.339572019397179    0.2902110140350392  -0.07612162974576749
   -8.877268419167136     3.642944487010715     18.42852547602154    -7.341979579168651    -9.188578518162839     3.658144897990901    0.9836431900195404     0.132088887209344   -0.4513820855322988   0.05501787452341596   -0.8785926081834226    0.2902110140350366     49.39025068148589  -0.02955371135019814
    0.252571257399854   -0.1063394027207548    -1.400109345820183    0.5557234842341962     1.296235224263809   -0.5462979434871074    0.2545983440247935   0.08357014773496715   -0.1056416743309042   0.04224157028207011    0.1555492928419933  -0.07612162974576793  -0.02955371135019833     1.375912686862708

cov*(cov_.inverse()):
     1.000000000000322 -4.729962081728711e-14 -5.146785775345109e-13  1.310678995891656e-13 -6.401996988092407e-14  2.976438540081006e-14 -2.188570505379239e-15 -1.318931942828616e-15  5.953354129117905e-16 -1.097700489532949e-15 -2.675810961694225e-16  2.108773225484306e-16 -2.399718878470791e-15 -2.168404344971009e-16
 5.536803654448974e-14     0.9999999999999989 -1.078442890545261e-13  4.334640285597047e-14  7.862807627212476e-14   -1.3238542206917e-14 -1.110223024625157e-16  2.190088388420719e-16  4.195862407518902e-16 -5.147791914961175e-16  1.797607201980966e-16   1.26851654180804e-16 -5.732176885930862e-16 -2.775557561562891e-17
 8.958545710813226e-14 -2.190869013984909e-14     0.9999999999996054  4.073651138636336e-14 -1.289940376736354e-14  3.030561912531482e-15 -1.027823659516258e-15 -8.643259719054441e-16 -1.708702623837155e-16 -1.908195823574488e-16 -2.116362640691705e-16   1.89084858881472e-16 -3.516067645370491e-15  5.551115123125783e-17
-3.364530876126537e-13  1.331018628647485e-13  1.429412144204889e-14      1.000000000000113 -1.588729148238599e-13 -1.233319002480471e-13 -1.505739977147869e-15 -1.179611963664229e-16  3.816391647148976e-17 -2.316723202167026e-15  2.498001805406602e-16  2.949029909160572e-16 -4.380176776841438e-16  1.665334536937735e-16
-9.954060145589416e-15  1.495440056509256e-15  1.122366088956994e-15  -6.63661833821827e-15      1.000000000000011 -2.151057110211241e-16  1.836638480190445e-16 -3.046608104684267e-17 -5.345116710353537e-17  6.526897078362737e-17  2.265982540494704e-17  1.517883041479706e-17  4.391018798566293e-18 -1.734723475976807e-18
-6.978514988098539e-13  1.349163836206202e-13  9.161560399206792e-13 -4.225092498089111e-13 -6.539213615042172e-14      1.000000000000004  5.287437154777308e-15  3.365363543395006e-15  5.447031714567174e-16  1.058181320345852e-16  9.922618282587337e-16  4.683753385137379e-16  1.346145417358002e-14 -1.665334536937735e-16
-5.790073281941588e-15  4.892570723558087e-15  2.132148624323094e-14 -6.611031166947612e-15 -2.004299504143603e-14  8.114169058881515e-15                      1  9.400032835449323e-17   4.98732999343332e-17 -1.104802013762729e-16  5.182486384480711e-17  5.139118297581291e-17  3.458062829142516e-16 -2.255140518769849e-17
-8.735113327107413e-14  1.111892695970784e-14   1.18474674515312e-13 -4.087875871139346e-14  1.637232016626911e-14 -6.285770515201961e-15  3.105155021998485e-16      1.000000000000001 -1.279358563532895e-17  4.412702842016003e-17 -2.862293735361732e-17 -2.168404344971009e-18  9.703609443745265e-16  2.775557561562891e-17
 6.761952109357594e-15 -2.065188298150389e-15 -3.608224830031759e-14 -1.550842787523266e-14  2.749189764728044e-14 -3.805983306293115e-15  1.040834085586084e-16  2.949029909160572e-17     0.9999999999999998 -9.324138683375338e-17 -2.775557561562891e-17   -1.0321604682062e-16 -2.372234353398284e-16  8.326672684688674e-17
 3.214616073332621e-14 -1.486224338043129e-14 -4.400646513857964e-14  1.452310494087783e-14  2.575717417130363e-14 -1.228184220991579e-14 -3.556183125752455e-16  3.469446951953614e-18  -4.49293380277993e-16                      1  2.081668171172169e-17 -1.240327285323417e-16 -1.263529211814607e-15  1.110223024625157e-16
 2.682229438555339e-14  3.545774784896594e-15  1.104671909502031e-14 -6.515621375768887e-15 -3.269606807521086e-14  1.380145997487148e-14 -6.591949208711867e-17 -5.377642775528102e-17 -1.543903893619358e-16  2.289834988289385e-16                      1 -1.500535806719938e-16  3.087807787238717e-16                      0
 3.144706717250756e-14 -6.163038829276601e-15 -3.325117958752344e-14  1.051068954094347e-14 -6.179085021429387e-15  4.491199079303954e-15  1.387778780781446e-17 -2.107689023311821e-16 -1.006139616066548e-16 -1.604619215278547e-16  1.448494102440634e-16     0.9999999999999997 -7.556889142223966e-17 -3.122502256758253e-17
-2.131866731758247e-15 -1.096941548012209e-16  3.424777822447211e-15 -1.047772979489991e-15  1.703932134278219e-15 -3.779528773284468e-16 -3.686287386450715e-18 -3.523657060577889e-18 -5.177065373618284e-17  4.675621868843738e-17   1.20942752340758e-16 -1.455270366018668e-16                      1 -5.811323644522304e-17
 5.578870698741412e-15  7.355227538141662e-16 -5.551115123125783e-15  5.162537064506978e-15 -7.327471962526033e-15  2.164934898019055e-15 -1.110223024625157e-16 -1.387778780781446e-17  4.163336342344337e-17  6.938893903907228e-17 -2.775557561562891e-17  7.632783294297951e-17  1.179611963664229e-16                      1
