10
1

0.07010303763922177
 0.2620211200256407
  1.120872808966669
  1.268678674002832
  1.547649602469926
  1.915551629775559
  2.322589759465281
  2.987861393974951
  4.522077199533195
  11.42343328344753

  -0.3406397564143889    0.1172950723444022    0.7680998263858044   -0.2683523419858111     -0.42915788514554     0.153756809981525   0.00222472876763566  -0.01251314349521263  0.005568781738154881  -0.01434967260737022
   0.6107420526418649    -0.195493619087436    -0.125540556086754   0.02950128695214493   -0.6946828352175384    0.2297004086717356    0.1075236673294449 -0.006638323496714213    0.1508393937331173  -0.04940834453874487
  -0.4033298832267456  -0.02324716705361033   -0.2505345801843144    0.2260537184218116   -0.2410558123668786   0.09097104260272024     0.571392850057141   -0.4304144868736871   -0.2239888871599308    0.3075965516605078
  -0.5680529956100098  -0.07886554452252433   -0.3883958674707297    0.1036782361278878   -0.3016211344655806   0.05484209244700711    -0.182543292293273    0.2701622720019851    0.3957134223635668   -0.3906580477568977
 -0.06760461819234594  -0.03252048732516914   -0.2052833171147725   -0.4181606128412297    0.1944862543644116    0.7627760500879494 -0.008155173300405605    0.2359813692117455 -0.002567757382062783    0.3193117325071973
  0.03299905475898418   0.03665632942733793   -0.1385949212854695    -0.501844741125143  0.003587444644189551   -0.1532380606341525    0.4934070113011745    0.2207244529655691   -0.3674591237351357   -0.5251856204777019
 -0.01172824429724996   0.04628050553205985    0.1113200041811625    0.4239268602022818   -0.1019264628325436  -0.06606559966440619    0.1848979552770441    0.7843932379164548   -0.2598570803718684    0.2717996723745023
  0.07360918317915129    0.1276513314351176    0.1964903005151201    0.5078129030095903    0.2269336407896723    0.5469460940018539    0.1119869607238135   -0.1113503153789887   -0.1179701570831473   -0.5406464703849201
  -0.1199132945539658   -0.7852395207410795   0.05337590301346713   0.02920394969296103  -0.03334903222830649   0.03647256725189067   -0.3155671995342499  -0.04612547650204134   -0.5051097742542278  -0.07764877327600965
  0.00226211631843419   -0.5512030341760401     0.255820129593755   0.01095418146665958    0.2886489955732082  -0.04646539319337761    0.4886654198691097   0.08572849828619537    0.5466671624813499   0.01185897163382383

35.43340207482578
102.2517733376757
45.39977614511186
130.9173169107813
53.86184075548265
 155.567493896055
75.94245303102127
220.3144800717339
90.03960271315157
261.7632509864143

0.34498933171281

  -0.01142178524985123   0.003959809502894435   -0.01401452294582249   0.005075508192034088    0.02522833684276425   -0.00865417640858843  0.0003327606374048046 -0.0004587015870746652  0.0002130656553867231 -0.0001434714061984004

-9.789187566201692e-05  -0.001735343704666259   0.003266713178176164   0.006465497457731045  -0.001087408184996865   0.002348813077227535  -0.008002964350494152   0.005543694180227089   -0.07518960371080388     0.2850291174130428

cov:
   1.108697963318486     1.92895040970224   0.5586843838378701  0.03779282931937537   0.6610129877779914  0.03150869796807811   0.9228855529432931 -0.02503817806141142    1.052820658440155 -0.09459757871058723
    1.92895040970224    52.43442001535237   -18.95020245624618  -0.6275779163984072   -19.95387273620454    3.270715233586576   -29.83624223765004   -5.367115446678522   -31.50474548533811  -0.2086673493929067
  0.5586843838378701   -18.95020245624618     9.50693531760251    1.866492444033965     10.1078367813598    -0.95305586089031    15.96268201100984    2.825573579448462    17.34517775529113   -0.216162116533161
 0.03779282931937537  -0.6275779163984072    1.866492444033965    4.729529540346786   0.8673545093415801    1.837250600408046   0.6722089206729949   0.6640269691276626  0.03267672093456368    -1.18946208327518
  0.6610129877779914   -19.95387273620454     10.1078367813598   0.8673545093415801    11.75524813246205  -0.3428486812034727    18.66021055200605    2.716109139109336    20.70225671312922  -0.5043788847585345
 0.03150869796807811    3.270715233586576    -0.95305586089031    1.837250600408046  -0.3428486812034727    4.501840520025464   -2.958913809603336   -1.095887026761063   -3.961214368148565    -1.98796039999351
  0.9228855529432931   -29.83624223765004    15.96268201100984   0.6722089206729949    18.66021055200605   -2.958913809603336    34.85220642340153    6.442057673114317    36.80126114990674   0.3660479414180817
-0.02503817806141142   -5.367115446678522    2.825573579448462   0.6640269691276626    2.716109139109336   -1.095887026761063    6.442057673114317    5.094672360894335    5.603855397339899    1.312367770110542
   1.052820658440155   -31.50474548533811    17.34517775529113  0.03267672093456368    20.70225671312922   -3.961214368148565    36.80126114990674    5.603855397339899    45.51565337301912    2.206679629599332
-0.09459757871058723  -0.2086673493929067   -0.216162116533161    -1.18946208327518  -0.5043788847585345    -1.98796039999351   0.3660479414180817    1.312367770110542    2.206679629599332     4.77057370720839

cov.inverse():
   29.37768759733277   -9.827185296117801   -54.13381881629694    18.76426421291994    23.74760798486297   -8.681175171984817   0.6903416474901384   0.8440860598617264   0.8874234435707746   0.5759047810808658
  -9.827185296117806    3.396003654088742    18.71576469110981   -6.487759669577269   -8.245747258273941    3.005509292203622  -0.2364199176914026  -0.2794802652523575  -0.3023090049278911  -0.2004002134994403
  -54.13381881629709    18.71576469110979    120.4531948116017   -41.99124886290467   -65.69736770798515    23.53105535534362    0.069681286873244   -1.937738128867758   0.5496216717709934   -2.133500084128257
   18.76426421292007   -6.487759669577267   -41.99124886290468    14.91726701458183    23.04325095896835   -8.363513579767693 -0.02979388582206871   0.6042493547219161  -0.2311814070642706   0.7990913008480399
   23.74760798486287   -8.245747258273893   -65.69736770798491    23.04325095896827    44.63269848480165   -15.70213107065228   -1.356905397769935    1.193838358130961   -2.040362010513785    1.773911985903506
  -8.681175171984819    3.005509292203611    23.53105535534356    -8.36351357976767   -15.70213107065229    5.871233329967421    0.445159436449699  -0.3862753254659497   0.6855467992050409  -0.5182744813093109
   0.690341647490101  -0.2364199176913897  0.06968128687333641 -0.02979388582210104   -1.356905397769992   0.4451594364497195   0.5307948260741615  -0.1870558251251957  0.04206007903711094  0.03239374556964884
  0.8440860598617587  -0.2794802652523679   -1.937738128867832   0.6042493547219421     1.19383835813101  -0.3862753254659668  -0.1870558251251948   0.3774382747966721  0.05722027244679271 -0.08332126067228479
  0.8874234435708539  -0.3023090049279175   0.5496216717708144  -0.2311814070642082   -2.040362010513682   0.6855467992050044  0.04206007903710803    0.057220272446797    0.540579746120462  -0.2274275794352743
  0.5759047810808302  -0.2004002134994258   -2.133500084128158   0.7990913008480055    1.773911985903453  -0.5182744813092917  0.03239374556965165 -0.08332126067228812  -0.2274275794352767   0.4120540066330838

cov*(cov_.inverse()):
    0.9999999999997974   1.22367393995404e-14  2.371991492111647e-13 -1.550426453889031e-13 -4.005129561335252e-14  4.334727021770846e-14  4.584006785268713e-16 -3.103420298522508e-15 -3.320260733019609e-15 -7.487066522315899e-15
-8.051892486093948e-14      0.999999999999981  1.426081475131014e-13 -5.437317263101704e-14  5.223599330861362e-14 -3.293199046794371e-14  1.849215225391276e-15  3.511080315377058e-15 -2.248201624865942e-15  5.134781488891349e-16
-6.684930387024224e-14 -1.332961518940579e-14      1.000000000000001 -6.281086761816823e-14  8.609779555968089e-14  1.440514374451141e-14   1.19522447494802e-15 -1.828398543679555e-15  7.632783294297951e-16 -4.912736883966318e-15
-8.881784197001252e-15 -6.411537967210279e-15   1.06581410364015e-14     0.9999999999999803  -1.77635683940025e-15  1.287858708565182e-14                      0 -7.632783294297951e-16 -6.106226635438361e-16   3.33066907387547e-16
-1.809663530139005e-13 -8.743006318923108e-16  6.283862319378386e-14  -1.47271084216527e-13     0.9999999999999845  2.819966482547898e-14  1.214306433183765e-15 -5.287437154777308e-15  2.997602166487923e-15 -8.604228440844963e-15
-1.376676550535194e-14  2.498001805406602e-15  2.486899575160351e-14 -8.881784197001252e-16 -3.774758283725532e-14      1.000000000000012  -9.71445146547012e-17 -1.665334536937735e-16  2.775557561562891e-16 -1.110223024625157e-16
 4.118927421359331e-14 -7.784051181403129e-14 -1.944000516118649e-13 -1.086353229595716e-13  3.503863865716994e-13   4.73232564246473e-14      1.000000000000004 -5.048045315092509e-15 -2.664535259100376e-15 -1.035282970462958e-14
-6.439293542825908e-15 -5.051514762044462e-15 -4.529709940470639e-14   1.77635683940025e-14  4.218847493575595e-14  1.121325254871408e-14 -5.134781488891349e-16                      1 -2.775557561562891e-16  1.110223024625157e-16
-1.731947918415244e-13  6.938893903907228e-15 -2.229327833447314e-13 -1.656452752740734e-13  2.220446049250313e-13  1.025846074753645e-13 -9.436895709313831e-16 -6.578071420904053e-15     0.9999999999999877 -9.658940314238862e-15
 1.287858708565182e-14  8.881784197001252e-16  -1.06581410364015e-14   8.43769498715119e-15                      0 -3.552713678800501e-15  8.326672684688674e-17  2.220446049250313e-16  4.440892098500626e-16                      1
