10
1

0.04611694272733267
 0.3218756114164959
 0.8761109868513827
   1.10681326842154
  1.186246938333621
  1.433755028444216
  1.670406285063797
  1.892556608878498
  3.264477375049804
  7.001922986918262

   0.4250181293861734   -0.1230650170452293   -0.7824180405087404    0.2308877145116136    0.3569719434878063   -0.1062515473261159 -0.002052393043321937 0.0008339771295618912 0.0001851506264526512  0.002040241244169926
   0.5594500367657219   -0.1798719971355192  -0.03772663104799201  0.004493149938894755   -0.7451748206327123     0.226905441441886    0.1363722005509743  -0.01621556549678125    0.1603292923063138  -0.04336862509735923
 -0.04799986985650787   0.05442007459209493  -0.03288444486011054   -0.1109087596944722   0.03633301774323886   -0.1441665658513959    0.1931884158404209      0.57336375114128    0.2984229426832407   -0.7100170656676176
   0.1430409917562752   -0.3372328472640199    0.2882224762202086    0.3768411228616505   0.04312820595724297   -0.1847892743138302   -0.7271220734462422  0.001639956945064215     0.213080751491413   -0.1749632243279498
  -0.3266934502371505   -0.1944766283709581  -0.03302994214387685    0.5369845059480743   -0.1271113908636197   -0.1169867839743971    0.3955276332342385   -0.5007072776101902  -0.01044946010656864   -0.3590328715467768
  0.05096679388900675    0.6279356414592174   -0.1759932980873153   -0.2318535363328438   -0.1263530502853315   -0.1584598619898488   -0.2998108919507667   -0.5005188938319572    0.2626078240810089   -0.2606267222720808
   -0.501538875979796   0.06388504155420077   -0.3523926092928999    0.2331234125044945   -0.2396670157834048     0.227834275856192   -0.1424349995368486    0.2260485004378136    0.5280957330880686    0.3259308026959591
  0.03605228503651396     0.236449584518033   0.01526416152342177     0.217516141927996   -0.3064448810741369   -0.7934061632078808   0.08990712188180792    0.2451972993280543   -0.1373750753674168    0.2911474500159753
  -0.2056101172005592   -0.5848284546699607   -0.1797439438606733   -0.5878107858237269  -0.08632970953849467   -0.3887473609281187  -0.01065845001899839   -0.1994474008510868    0.1894050627932838   0.05938246858674441
   0.2813676901302144   0.04092888578509579    0.3368368738253364   0.05541615927330017    0.3509721165368623   -0.1047459380491435    0.3749091024406499   -0.1369738389160584      0.66115918766746    0.2683723938497369

39.06946324221096
131.2988705859892
46.40491267909017
155.9244531217022
55.06300073905899
185.0718801054311
65.84296246738822
 221.603555690775
 77.7074980489659
261.3152083280255

0.298554404340045

   -0.0187237690507994   0.005663679113378359  0.0002392060890640241 -4.752485575783657e-05    0.01844489364385566  -0.005557596718038176 -5.081312203322969e-05  -3.41820654218691e-05  0.0001121459237972426 -4.398244965181429e-05

-3.569265437788216e-06   -0.00274500580495934   0.002080898338274968  -0.003241747675392617   0.004642720814645153   0.002455271628214746    0.01120205801028584  -0.002244406260066178    0.01189942352977993     0.1051744057818671

cov:
  5.253565752703338   1.870731919009389   5.581058940326174   1.553711104965528   5.335049939109691 -0.9912485817755325   5.066138085663021  -1.581186295047583   8.016592352698323   3.284189677463758
  1.870731919009389   4.947404363421455   1.408578415237608     3.3937545158737  0.8092366847362524   1.474907520046729  0.6801563873553719  0.7306586286045674  0.3873238880438566  0.2783624093072085
  5.581058940326174   1.408578415237608   6.423431262437613   2.018142156536379   6.248496446567549  -1.252089006771945   6.184602697515327  -1.898296160806992   10.00141385086182   4.080905010159376
  1.553711104965528     3.3937545158737   2.018142156536379   4.853614957295775   1.080506518710399   1.594811668182773   1.152459133115477   1.027444509665011  0.7862879954030148  0.6285679091250312
  5.335049939109691  0.8092366847362524   6.248496446567549   1.080506518710399   6.731909245188444   -0.69552897864569    6.42103165466039  -2.356833135287757    10.9408614768443   4.131965215906894
-0.9912485817755325   1.474907520046729  -1.252089006771945   1.594811668182773   -0.69552897864569   4.681971278220019  -2.048210553561747   1.157850726220468   -3.61516630416573  -1.983228140870651
  5.066138085663021  0.6801563873553719   6.184602697515327   1.152459133115477    6.42103165466039  -2.048210553561747   8.061016885073032  -2.392769195262926   11.56594842713576    4.90108035964931
 -1.581186295047583  0.7306586286045674  -1.898296160806992   1.027444509665011  -2.356833135287757   1.157850726220468  -2.392769195262926   2.821811944105319  -4.761427787552618  -1.258800940636656
  8.016592352698323  0.3873238880438566   10.00141385086182  0.7862879954030148    10.9408614768443   -3.61516630416573   11.56594842713576  -4.761427787552618   22.92783189652218    8.81161052285705
  3.284189677463758  0.2783624093072085   4.080905010159376  0.6285679091250312   4.131965215906894  -1.983228140870651    4.90108035964931  -1.258800940636656    8.81161052285705   4.914380171331391

cov.inverse():
   88.15028669529885   -25.54447612803163   -156.4556759352542    46.05775748265196    67.38688478579711   -20.03961006676674    0.158862814978289    0.112171468798334   0.8217513032339303   0.2191427731592743
  -25.54447612803159    7.797988325787086    45.21208782974079   -13.57268296594453   -19.41334630836714    5.736768512070416 -0.04681322444976771 -0.03140556943991577  -0.2517268876561273 -0.05128440544059074
  -156.4556759352554    45.21208782974118    287.9923948445645   -84.86045000121251    -130.999792807907    38.95893680969655   0.5635555651847961  -0.2955616357146665  -0.1773205710078124  -0.7538771200292043
    46.0577574826523   -13.57268296594464   -84.86045000121251    25.49412594001211    38.66173368082826   -11.59569844570633  -0.2891669002596475 -0.08250299419010966  0.04195346901456863    0.202711767384565
   67.38688478579856   -19.41334630836758   -130.9997928079087    38.66173368082877    65.34879804739501   -19.40831912991371   -1.351791341130122   0.3200440422442977   -1.146075553235957   0.6115961877497942
  -20.03961006676716    5.736768512070544    38.95893680969703   -11.59569844570647   -19.40831912991369     6.09082851487487   0.4328751475424004   -0.133195791892758   0.2995537317693411 -0.02784243374090686
  0.1588628149781268 -0.04681322444972062   0.5635555651850885  -0.2891669002597338   -1.351791341130251   0.4328751475424386   0.8289989199581786  0.04721548461182343  0.09271796600654082  -0.2041489046831692
  0.1121714687983564 -0.03140556943992232  -0.2955616357147057 -0.08250299419009804   0.3200440422443143   -0.133195791892763   0.0472154846118235   0.7704067314114487   0.1659453711046588  -0.2873333245269399
  0.8217513032337068  -0.2517268876560629  -0.1773205710074016  0.04195346901444778   -1.146075553236144   0.2995537317693966  0.09271796600654199   0.1659453711046586   0.5523421107407902  -0.3488496696081707
  0.2191427731593288 -0.05128440544060649  -0.7538771200292971   0.2027117673845923   0.6115961877498303 -0.02784243374091761  -0.2041489046831686    -0.28733332452694  -0.3488496696081692   0.8900658769967051

cov*(cov_.inverse()):
    0.9999999999998813 -2.922662112325725e-14 -1.341149413747189e-13 -2.897682094271659e-14 -6.972200594645983e-14 -4.635181127810029e-15 -7.771561172376096e-16  -3.33066907387547e-16  4.440892098500626e-16 -4.440892098500626e-16
-3.391037450839463e-14      0.999999999999991 -9.525713551283843e-14 -7.958911307781591e-15  1.118549697309845e-14  7.814929259275516e-16 -7.424616477180734e-16                      0   3.33066907387547e-16 -4.440892098500626e-16
-2.309263891220326e-14 -6.075695502261169e-14     0.9999999999998002 -2.098321516541546e-14   8.79296635503124e-14 -3.677613769070831e-14 -2.442490654175344e-15                      0  -1.77635683940025e-15  8.881784197001252e-16
 -1.02695629777827e-14   -2.8796409701215e-15  4.996003610813204e-14      0.999999999999995  1.365574320288943e-14 -2.338407245616736e-15 -5.828670879282072e-16                      0 -2.220446049250313e-16 -1.110223024625157e-16
-3.774758283725532e-14 -3.144706717250756e-14  1.687538997430238e-14  1.032507412901396e-14     0.9999999999999778  1.584843367652411e-14  2.220446049250313e-16 -4.440892098500626e-16  1.554312234475219e-15  4.440892098500626e-16
 3.719247132494274e-14  8.479328350574633e-15 -8.681944052568724e-14  1.071365218763276e-14   1.48769885299771e-14     0.9999999999999912  5.551115123125783e-17  1.110223024625157e-16  4.440892098500626e-16                      0
-5.506706202140776e-14 -9.159339953157541e-15 -1.794120407794253e-13 -3.919087276926803e-14  3.019806626980426e-14 -8.992806499463768e-15     0.9999999999999991                      0  4.440892098500626e-16 -8.881784197001252e-16
-3.230749001659206e-14  1.069977439982495e-14  1.001421168211891e-13  2.442490654175344e-15 -4.329869796038111e-15  1.026262408387879e-14  5.551115123125783e-16                      1  5.551115123125783e-17 -2.220446049250313e-16
-2.042810365310288e-13  8.992806499463768e-15  8.881784197001252e-15  1.554312234475219e-14 -3.996802888650564e-14  1.884603584301203e-14 -2.220446049250313e-16                      0                      1  8.881784197001252e-16
-7.260858581048524e-14   5.88418203051333e-15 -7.505107646466058e-14 -2.031708135064036e-14  1.332267629550188e-15 -4.579669976578771e-15 -4.440892098500626e-16  2.220446049250313e-16 -4.440892098500626e-16                      1
