10
1

0.1950573183047386
0.9951399609802077
 1.122473683339414
  1.34784675811109
 1.672781807187868
 1.907697373228141
 2.319649867042959
 2.887496299156395
 4.790529378681719
 13.90467535251483

   -0.5800700575969694     0.2056394938487113     0.7314988228540297    -0.2605964142476327   -0.05540954026240499 -0.0007681596125235697    -0.0761792245309965    0.06834754586332344    -0.0677056555497547    0.01002913770744356
   -0.6695175780374405    0.03731598328666692    -0.4177133319076492     0.2390357823936748     0.4170815060036789    -0.1740683124324718     0.1886913001129349   -0.09315464145496746    -0.2043317550424629     0.1686439356966372
   -0.0353836307225092  -0.005351149431740929    0.03688354011829686    0.02496781990493515    -0.3601803324574662     0.4918743610603984     0.4904581067851517    -0.4775032181881771   -0.09864286175033568     0.3831141152330543
    0.4337927287044792    0.09822645210613258       0.27208042563582     -0.149812687288313     0.4031539303537626    -0.3397542078877233     0.2133690209177869    -0.1061641371385069    -0.5311678900315107     0.2979955192677283
   0.06443675550616078    0.03835499031517984  -0.005418092211888366    -0.1332027053103459     0.5504983445989572     0.6455010423980072    -0.3491343359944543     0.1164126203423018     0.1195712401852561     0.3273232278112171
   0.01996840351883042   0.009024433477636526      0.137321300363996     0.3157870543335662   -0.07200630347963433    -0.3457129386968604    -0.4726163531442402    -0.4553283636806246     0.3285790488525085     0.4664595889715543
  -0.07529756580754794   -0.06377540574581272    -0.2713714711092233    -0.7930720383460405    0.06370528167169499    -0.1381949550139718   -0.09546122153985431    -0.4712084889368662     0.1349244765371335    -0.1230696271629993
    0.0638906507220318     0.1378660346690693     0.1991302983585559     0.3228573501169621     0.3078932909258127     0.1942137235649042   -0.04845162147511035    -0.5468321541508359    -0.0646636603416299    -0.6284501528063845
    -0.107110815326392    -0.7517677072971689    0.05035641401730907    0.02965454583520019    -0.1227434252113492     0.0978367557826619     -0.356527498736768   -0.07124185485043456    -0.5119420756382361   -0.03236510037674955
  0.007842840874442713     0.5973786637949734    -0.2834065564132984   -0.01844525161449673     -0.329475206440713    0.09873421482983001    -0.4343772114030175   -0.01888424386767277    -0.5050371981769066   0.003551553473462609

35.54268578781488
 95.7458636828179
48.77903765476762
 131.151990420877
68.83433193547091
185.8490282755357
81.35440376533997
219.9823664910159
96.30314530051871
261.2131576341328

0.3707316236079831

  -0.01782705702832997   0.006563372514689402    0.01425579759565536  -0.005101234693100389  0.0008715945015139071 -0.0006781756215529669  0.0009021529842507194  0.0008514989518988687   0.001706692729356061 -0.0008173641859655542

 0.0008852114107141959   0.005042763827252485 -0.0001247706351977253  -0.005289870280860772  -0.001488615570841079  -0.001502672036816823   0.005884097962499456   0.008240042329390202   -0.08860620814106837    -0.3464687098218587

cov:
   1.152938182503425    2.908968821313795   0.1450903248901632   0.1194627017286933  0.09280727708036612 -0.01431489568539506   0.1561485165301974  0.03188332516304168   0.1717004008766593 -0.00132758906613346
   2.908968821313795    82.17071236814931   -33.23689329248143   -2.022751867060843   -35.45771412126565    9.973809346246204   -44.05315832749173   -1.439944382400652   -49.69733028694989   0.3957692318603471
  0.1450903248901632   -33.23689329248143     16.7120472206485    2.719835453396027    18.29365552184009   -5.028373616278666     23.2653032583312   0.4690251993433309     26.7548275375343   -0.771932092177914
  0.1194627017286933   -2.022751867060843    2.719835453396027    4.852652336708907    1.338685602116636    0.255837804521982    1.173143581148607 -0.01786084466472553    1.129644928325261  -0.8163703713990472
 0.09280727708036612   -35.45771412126565    18.29365552184009    1.338685602116636    23.64376601093203   -5.572861343858806    28.11517173177287   0.2372839679610673    33.16312500068216   -1.294549192712412
-0.01431489568539506    9.973809346246204   -5.028373616278666    0.255837804521982   -5.572861343858806    4.667117745673702    -8.99618153329541  -0.4867299855227921   -10.89076561144799  -0.9022241853768087
  0.1561485165301974   -44.05315832749173     23.2653032583312    1.173143581148607    28.11517173177287    -8.99618153329541    41.04104940236775    2.947394700763772    45.57300787215009   -0.454711221166463
 0.03188332516304168   -1.439944382400652   0.4690251993433309 -0.01786084466472553   0.2372839679610673  -0.4867299855227921    2.947394700763772     4.98228585989933    2.308583009043641    2.247436795291947
  0.1717004008766593   -49.69733028694989     26.7548275375343    1.129644928325261    33.16312500068216   -10.89076561144799    45.57300787215009    2.308583009043641    56.46050360642545   0.5809216748177986
-0.00132758906613346   0.3957692318603471   -0.771932092177914  -0.8163703713990472   -1.294549192712412  -0.9022241853768087   -0.454711221166463    2.247436795291947   0.5809216748177986    4.867003231636299

cov.inverse():
   9.404604063844156   -3.130388704585426   -10.80038954779305    3.787072137507004   0.6834864070792923  0.05039079338953035    1.063012297131477  -0.9880697304739331    1.050862341791901  -0.1993684898177101
  -3.130388704585427    1.148242127794923    3.956691246643719   -1.395011079957471  -0.2457290987469063 -0.02122996669417253  -0.3904622990447324   0.3614693743787418  -0.3869427184425719  0.07282717971465964
   -10.8003895477931    3.956691246643726    14.30598401600654   -5.072787229876409    -1.19082403043707  0.01955252741372161    -1.51154522578308    1.316634870282192   -1.294526252771934    0.185619036109662
   3.787072137507014   -1.395011079957472   -5.072787229876407    2.018615279659827   0.4097570936151334 -0.03170932119307615    0.546826021146341   -0.488188186775911   0.4560763082916151  -0.0263123325626637
  0.6834864070792959  -0.2457290987469074   -1.190824030437072   0.4097570936151343   0.5718540402813159  -0.1495259177561117  0.03794801245880653 -0.01927407857278524 -0.05730089597848887  0.04369936506383094
 0.05039079338953486 -0.02122996669417339  0.01955252741371859 -0.03170932119307512  -0.1495259177561113   0.4764648962054721   0.0838759548175159 -0.08240596022139204  0.08706967595156651  0.08357218586619658
   1.063012297131504  -0.3904622990447413    -1.51154522578311   0.5468260211463517  0.03794801245880931  0.08387595481751524   0.5178885259865983  -0.2956497684909531 -0.05467501845544041   0.1010997439616086
 -0.9880697304739472   0.3614693743787454    1.316634870282203  -0.4881881867759151 -0.01927407857278619 -0.08240596022139164  -0.2956497684909518   0.4578758889648068 -0.07605092098551529  -0.1531049982189105
   1.050862341791888  -0.3869427184425669   -1.294526252771914   0.4560763082916083 -0.05730089597849113  0.08706967595156659 -0.05467501845544467 -0.07605092098551278    0.377069848864123  -0.1111641450618994
 -0.1993684898177018  0.07282717971465669   0.1856190361096512 -0.02631233256265987  0.04369936506383214  0.08357218586619641     0.10109974396161  -0.1531049982189116  -0.1111641450618988   0.3450443007419244

cov*(cov_.inverse()):
    0.9999999999999872  9.703609443745265e-16  2.203315654925042e-14 -5.105833290885986e-15 -2.972136967961669e-16 -2.442612626919749e-15 -2.766775523965759e-15  4.498896914728601e-15 -6.246630816775234e-16 -1.867538242106281e-16
-1.014466288751237e-14     0.9999999999999961 -3.473610288295959e-14  1.199561283637962e-14  5.752343046339092e-15  -2.17881268582687e-15  2.380040609040179e-15 -1.165734175856414e-15  8.326672684688674e-16  -3.33066907387547e-16
-1.568190022283034e-14 -1.366962099069724e-14     0.9999999999999952 -7.053385653321698e-15 -2.775557561562891e-16  -2.67841304690819e-15  9.159339953157541e-16   1.27675647831893e-15  6.522560269672795e-16 -3.885780586188048e-16
-9.520162436160717e-15  1.790234627208065e-15  5.329070518200751e-15     0.9999999999999976 -8.604228440844963e-16 -1.110223024625157e-16   3.05311331771918e-16  1.221245327087672e-15 -9.436895709313831e-16  5.551115123125783e-17
-3.941291737419306e-14  8.465450562766819e-16  8.215650382226158e-15 -1.981054209565514e-14     0.9999999999999987 -1.984523656517467e-15 -8.049116928532385e-16   6.63358257213531e-15 -6.106226635438361e-15  5.551115123125783e-16
 9.214851104388799e-15  3.275157922644212e-15 -6.689093723366568e-15  3.313321839115702e-15 -3.885780586188048e-16      1.000000000000001  9.159339953157541e-16  -1.52655665885959e-15  -9.71445146547012e-17  2.220446049250313e-16
-2.753353101070388e-14 -4.690692279041286e-15  1.242062008799394e-14 -7.237266341775239e-15  2.737393645091402e-15 -2.671474153004283e-15      1.000000000000003  5.703770789011742e-15  -7.28583859910259e-16  4.163336342344337e-16
 9.436895709313831e-16 -8.881784197001252e-16  3.885780586188048e-16  5.620504062164855e-16  2.775557561562891e-17 -1.387778780781446e-16  4.718447854656915e-16     0.9999999999999996  2.220446049250313e-16 -1.110223024625157e-16
-6.514233596988106e-14  -1.12340692304258e-14  5.570544026056723e-14  -5.48172618408671e-16 -2.355754480376504e-15 -9.020562075079397e-17  -2.55351295663786e-15  3.136380044566067e-15      1.000000000000003  3.608224830031759e-16
 5.551115123125783e-16 -4.996003610813204e-16  1.554312234475219e-15  2.220446049250313e-16  2.220446049250313e-16  5.551115123125783e-17 -5.551115123125783e-17 -4.440892098500626e-16                      0                      1
