12
1

 0.141859822754487
0.1561184873204264
0.2109154684496393
0.4478577673699052
0.5520584513930586
0.6653332956371825
0.8364662000185854
0.8828414353658033
 1.258180753151797
 1.531646223373647
 2.224522909268459
 3.303587083709865

  -0.01980426722888389    0.00543269516828459    0.03379131046067919  -0.007101001587831685     -0.107922730208164  -0.007400764672816882   0.008823990157046411  -0.002466921394847355    0.02120066036720128  -0.007541194951273324    -0.9930224346433923  0.0002666333807036142
    0.0784180177422297    -0.0258841419797104    -0.3069910332246427    0.05991984997270635     0.9366270663048021     0.0595753251756477    0.01499329190669217   0.001344011363317583   -0.02479804418381482    0.01940585409067978    -0.1153651035045869 -0.0001401358081823034
   -0.3920082655594494     0.1456645194705128     0.8152859154264182    -0.2154947778317993     0.3134798257693014    0.05239399286845152   -0.07347275846975325   0.001776672733909124   -0.07469569717978836    0.01797449570367306   0.001061667602587021    0.04077319055145099
   -0.8313711638659329      0.242568270912288    -0.4572352546880422    -0.1316914817707653   -0.05586606794475491     -0.115675796035021   -0.06532035048949709    0.01261000698945472   0.004570336212142452    0.02060017313053813   0.009565412579492324    0.04595081407333999
  -0.01936452255014749  -0.007500844190108593  -0.001396534759662369   -0.01041998266511908   -0.01892634647991296    -0.1692102527669702     0.4965630863564673    -0.4814351888879047    -0.5487319886478527     0.4253132585293974  -0.005673460431345207    -0.1004132401192465
    0.0808008223854569   -0.01123472670656842   -0.06390257519128772   -0.05622847419072843   -0.04593441869415656    0.05690672979865431    -0.5171266094079725     0.4625074010255322    -0.6082737172674629     0.3328681536031149   -0.02017194743555446      -0.13495712077758
  -0.02546746466683912     0.0523918431785052    -0.0907663528640998    -0.0985170023676751    -0.0826769295279004     0.9029073035583879    0.08093906385242068    -0.1162342825517196   -0.04815675321335577     0.1439237634977129 -0.0003560615813336606     0.3368835245183912
    0.1020793260161499   -0.02959276211951437   0.001129170519756995   -0.04034704866537862    0.01204082786444378    -0.3488946509591719   -0.04903269805951486    0.05545473349398668   -0.08607279378752322    0.09069984343613727   -0.00343234133019628     0.9187362297863046
  -0.03487473487072609    -0.0238791278138541    0.05914689488890991     0.1817320529845959    0.01184823079902397   -0.04408640611389004   -0.08357083299285746    0.04939152507859472     0.5322227656449432     0.8154551840735009   0.004611847189742096   -0.04394938650465116
    0.2737739002433369       0.18302022853376    -0.1186374054448012    -0.8105769739655849    0.00792326021220113   -0.09408593697742682    -0.2635723608085433    -0.3205387128775956     0.1573238796973822    0.08630415212522942  -0.001724391006791357   -0.08431489816730439
  -0.06243113900003126   -0.07394734141046425    0.02757882814759584     0.3955843251503895  -0.003842088306085084     0.0149490532956615    -0.6246667290323918    -0.6572865637252406   -0.06249479505727883   -0.07560354689016409  -0.005412090794915967    0.03554464834053802
    0.2248807066565719     0.9358979827324219    0.01415537577356501     0.2672570151782266  -0.005024974232471661   -0.02027753128966032    0.02047392671177094    0.01847024697543794   -0.02421713973821542  -0.007385560602144628 -0.0004197419298745458   0.007680753894718298

22.49827388479434
44.37833792892153
49.86337648442396
112.5123315938313
67.65195068829334
158.1584530579806
79.67176169533376
187.2511959060968
91.52932286216421
218.3706656661691
107.5124642598692
 259.264348000918

0.4026366114044939

  -0.01504286172880604   0.006068645263401705     0.0155419944672308  -0.006172985012818127  8.972845544705238e-05  2.454027902546714e-05 -0.0001781205367750577  2.052937250653934e-05  -3.50188486615901e-05  2.162530748049626e-05 -0.0002901107481365837  4.275666303146354e-05

 2.365812779837445e-05 -0.0001550179803318642  0.0009265985957868886   0.001542105231249321  6.399501593006654e-05 -0.0007978075989833409 -5.894978719717406e-05  -0.001091872371152595  0.0002988641151562417  0.0004320777478114023  -0.007034224007068412   0.009428717582527581

cov:
    0.9061735684132433      2.391976781973626   0.007617655182339284    0.02551007893400383 -0.0001287418690840704    -0.1346994564252903    0.06399442079069149    0.06353585270284633   0.007507748078128621    0.02598021049197795  -0.003113334933508776    0.01062875731217817
     2.391976781973626      9.681335324681305     0.0615211623786841      2.219919715137934   -0.05129180670052664    -0.2153944477697647     0.3295711307496623     0.2835694891018026    -0.1728027285945416   -0.03987953677945834  -0.002605664951102999     0.0254649566945682
  0.007617655182339284     0.0615211623786841     0.1259031772205622     0.3495119412119054    0.01358352245159123    -0.0261622470056937  -0.004102796386543336  0.0004350468619679064    0.01127087600827963    0.02082775761495737  5.007638846431012e-05   0.005928973392684754
   0.02551007893400383      2.219919715137934     0.3495119412119054      3.162672076651285    -0.0274582204882219    0.08684283650552997    -0.6762330635714522    -0.6131263787096304    -0.3155560735705344    -0.1221539955891738  -0.006849751608102078     0.1896304569050072
-0.0001287418690840704   -0.05129180670052664    0.01358352245159123    -0.0274582204882219    0.03327056874722167   -0.05403084889833032   0.006826178011891368   0.006988413408450224    0.03122947557742139   0.002524401955772601  4.237192260109171e-05   -0.01098086038477359
   -0.1346994564252903    -0.2153944477697647    -0.0261622470056937    0.08684283650552997   -0.05403084889833032     0.7077702948303608    0.04046349891280413   -0.03772587861956627   -0.06549277163572551   -0.02761407290200841   5.05336940601245e-06   -0.01359574265528356
   0.06399442079069149     0.3295711307496623  -0.004102796386543336    -0.6762330635714522   0.006826178011891368    0.04046349891280413      2.310638998722092      2.039964233939304     0.0770244056374725    0.06333700064879796    0.02061477749076399   -0.05128042616036488
   0.06353585270284633     0.2835694891018026  0.0004350468619679064    -0.6131263787096304   0.006988413408450224   -0.03772587861956627      2.039964233939304       2.56371228040775    0.07787620034792769     0.2412949129887434    0.01582883495427811   -0.05456419031238243
  0.007507748078128621    -0.1728027285945416    0.01127087600827963    -0.3155560735705344    0.03122947557742139   -0.06549277163572551     0.0770244056374725    0.07787620034792769     0.7954260376186728     0.5724745877884261    0.01130773426373196    -0.1011155151449658
   0.02598021049197795   -0.03987953677945834    0.02082775761495737    -0.1221539955891738   0.002524401955772601   -0.02761407290200841    0.06333700064879796     0.2412949129887434     0.5724745877884261      1.224202360139057   0.003813112037125305   -0.02152906463998549
 -0.003113334933508776  -0.002605664951102999  5.007638846431012e-05  -0.006849751608102078  4.237192260109171e-05   5.05336940601245e-06    0.02061477749076399    0.01582883495427811    0.01130773426373196   0.003813112037125305    0.02057385715603719  -0.002044765198891105
   0.01062875731217817     0.0254649566945682   0.005928973392684754     0.1896304569050072   -0.01098086038477359   -0.01359574265528356   -0.05128042616036488   -0.05456419031238243    -0.1011155151449658   -0.02152906463998549  -0.002044765198891105     0.7755509479338809

cov.inverse():
    7.240570968733901    -2.342911024046474    -6.333466275848968     2.535198500370927    0.5868894216364345    0.1486908986155292    0.8018245568588089   0.03551156727978896    0.4598721836460836   -0.1406365268556797     0.553052941458227   -0.4698222078112001
   -2.342911024046473    0.9007939197296736     2.437262229668759   -0.9835717343853756  -0.06987573754899382   0.04134046624863768   -0.3325045045972195 -0.006070345890605153   -0.1752930152573285   0.04447083046535433   -0.1299162624369965    0.1797531617788173
   -6.333466275848969      2.43726222966876     19.93696825041283      -4.3446106004424     -6.08855266747813    0.3392048188901243    -1.303111214532014  -0.05224060455325248   -0.9234324479344846  -0.01749799783586493   -0.2134745594890844    0.6251167643879626
    2.535198500370927   -0.9835717343853758    -4.344610600442399     1.642737025181533    0.8745561525724648   -0.1111512257873506    0.5044410170845208   0.02282860153044574     0.398805709466404  -0.07444033363686754   0.05901997998221328   -0.2754222975502754
   0.5868894216364365  -0.06987573754899402     -6.08855266747813    0.8745561525724653      38.8129378755937      2.62240457415549    0.0407610517157518   0.07017101932646437    -1.488166189743291    0.8370115035668354    0.8993412683916103    0.2616878312346556
   0.1486908986155296   0.04134046624863758    0.3392048188901226   -0.1111512257873503     2.622404574155495     1.704460031488643   -0.2202639958569665    0.1604067740734107   0.02255253251708521  -0.01510762744061633   0.08049202517828812   0.08765385005813338
    0.801824556858807   -0.3325045045972189    -1.303111214532008    0.5044410170845198    0.0407610517157484   -0.2202639958569665       1.6942438459135    -1.232529368160692   -0.1056322379161145    0.2440728974371887   -0.4961249687911737  -0.09972883489536105
   0.0355115672797906 -0.006070345890605792  -0.05224060455326007   0.02282860153044701   0.07017101932646658    0.1604067740734107    -1.232529368160692     1.400915569470799    0.2298669780004431   -0.3138388311539864    0.1048103826167403   0.03693532484108516
    0.459872183646084   -0.1752930152573288   -0.9234324479344853    0.3988057094664043    -1.488166189743291   0.02255253251708528   -0.1056322379161143     0.229866978000443     2.200060397626303    -1.019569422901579   -0.8904860568039442    0.1537038916785442
  -0.1406365268556802   0.04447083046535456  -0.01749799783586368  -0.07444033363686779    0.8370115035668348  -0.01510762744061637    0.2440728974371887   -0.3138388311539865    -1.019569422901579     1.336052950896601    0.2605116618567977  -0.07070828954742442
   0.5530529414582267   -0.1299162624369963   -0.2134745594890848   0.05901997998221317    0.8993412683916109   0.08049202517828802   -0.4961249687911737    0.1048103826167401   -0.8904860568039444    0.2605116618567979     49.54796484817001  -0.00563264148379122
  -0.4698222078111999    0.1797531617788173    0.6251167643879623   -0.2754222975502754    0.2616878312346557   0.08765385005813345   -0.0997288348953612   0.03693532484108528    0.1537038916785441  -0.07070828954742446 -0.005632641483791208     1.371815624920766

cov*(cov_.inverse()):
     1.000000000000002 -1.079214842492071e-15 -1.243796732275371e-15  7.615436059538183e-16  1.257674520083185e-17  6.613633252161577e-18  3.376205565119861e-16  6.494371013188172e-17  9.302454639925628e-17  3.642919299551295e-17  1.676650897113052e-16 -1.509209424099822e-16
 1.245531455751347e-15     0.9999999999999994 -9.540979117872439e-16   5.88938620094126e-16   5.43835809718729e-16 -3.729655473350135e-17 -4.206704429243757e-17  2.059984127722458e-17  1.595945597898663e-16  1.301042606982605e-18 -2.848741208205663e-17  2.775557561562891e-17
 -1.93421667571414e-16  1.708702623837155e-16      1.000000000000001 -1.179611963664229e-16 -6.678685382510707e-17  7.567731163948821e-17 -3.766518347214642e-16  5.068645156369733e-16  2.602085213965211e-18 -7.600257229123386e-17   8.13083866728348e-17  6.071532165918825e-17
 4.440892098500626e-16 -1.110223024625157e-16 -5.412337245047638e-16      1.000000000000001  6.522560269672795e-16 -5.898059818321144e-17 -1.318389841742373e-16 -6.678685382510707e-17  2.810252031082427e-16 -1.006139616066548e-16  3.404394821604484e-17 -5.551115123125783e-17
 1.387778780781446e-17  2.038300084272748e-17  9.367506770274758e-17 -5.637851296924623e-18     0.9999999999999999 -1.394283993816359e-16   4.83554168928535e-17  2.542454094478508e-17 -1.843143693225358e-17  8.565197162635485e-18  2.710505431213761e-19                      0
-2.142383492831357e-16   7.24247051220317e-17  2.081668171172169e-16 -5.334274688628682e-17  1.149254302834635e-16     0.9999999999999998 -1.218643241873707e-16 -8.771195575407731e-17  5.377642775528102e-17 -3.165870343657673e-17  1.042189338301691e-17  3.469446951953614e-18
 3.261280134836397e-16  2.602085213965211e-17 -3.677613769070831e-16  2.636779683484747e-16   1.07552855510562e-16  1.457167719820518e-16                      1  8.892626218726107e-16  4.163336342344337e-17 -1.674008154317619e-16 -5.486062992776652e-17 -6.938893903907228e-17
-9.020562075079397e-17  2.151057110211241e-16  1.013078509970455e-15 -1.283695372222837e-16 -1.838806884535416e-16  1.587271980518778e-16 -2.749536709423239e-16                      1  -1.35308431126191e-16  8.977193988179977e-17  1.440904687233235e-16  2.775557561562891e-17
-7.632783294297951e-17 -3.816391647148976e-17  1.387778780781446e-17  7.632783294297951e-17 -5.585809592645319e-16 -6.938893903907228e-18 -2.775557561562891e-17  2.476317761956892e-16     0.9999999999999999 -9.454242944073599e-17  6.516055056637882e-17  5.551115123125783e-17
-1.734723475976807e-16  3.946495907847236e-17  1.908195823574488e-17 -4.683753385137379e-17   5.35162192338845e-16  2.320192649118979e-17  8.716985466783456e-17 -3.361026734705064e-18 -8.452440136696993e-16      1.000000000000001  2.101319335548468e-16  -2.42861286636753e-17
-1.647987302177967e-17  5.583641188300348e-18  2.125036258071589e-17 -4.336808689942018e-18 -7.480994990149981e-18  2.032879073410321e-18 -8.158621347953421e-18   1.03405782200805e-17    6.1257422745431e-18 -3.848917712323541e-18     0.9999999999999996  1.734723475976807e-18
 1.110223024625157e-16                      0  1.110223024625157e-16  2.775557561562891e-17  2.775557561562891e-17  5.551115123125783e-17 -2.775557561562891e-17 -6.245004513516506e-17  1.387778780781446e-17                      0 -3.469446951953614e-18     0.9999999999999997
