10
1

0.2495061638294596
 0.765746213086586
0.8395329593351616
  1.00887707589436
 1.397681930749347
 1.485408824172975
  1.92442791239322
  2.20813376057927
 4.674008441181242
 7.812218819913635

    0.4425986198834312    -0.1935935146228733    -0.7750169400914703     0.3473382250704128    0.08691661738522438   -0.05494434170850526     0.1156105236289559   -0.03444347914194176     0.1152489182395371   -0.08321703011654379
    0.2717747310829228   -0.06275260702420529    0.09967099164750154   -0.02463915390658113    -0.2145362658378198     0.9130826930026863 -6.206497894550039e-06    -0.1272139469477875    0.09765587742186076   -0.07869777012711276
   -0.6058205151599805    0.07728518360538932    -0.3012478827440438    0.07524774140139545     0.3028289455928766     0.2784940520125031     0.3429268553912319    -0.3809216052299936    -0.1506907720381392     0.2755428837956001
    0.4836643616607538    0.01194018262617748     0.3246906706867048   -0.03762963969155595    0.02564983098367581    -0.2312978824215474       0.38983243841664    -0.6199224888610948   -0.06278581680799447     0.2543900363847278
    0.3149989788741108     0.1466240191770306     0.1018660820621428    0.01277250560325506     0.6778621869611114     0.1727648901935191    -0.1445926670473536     0.3706610962076256    -0.1747059610558117     0.4365472397177021
   0.06848789271812945    0.03561841432306779    0.07189452762456522    0.02755976587272038     0.3111137341144813    0.03625450589252903    0.04264751251998185     -0.113336530131728    -0.6093862056406788    -0.7099230250886839
  -0.09351668846711682     -0.161637885821636     0.1481729522204031     0.1713699280687497      0.431168744053776   -0.02210005135861862     -0.517378005448657    -0.4340431784458195     0.4862454542932892    -0.1868205706340336
     0.118042993066502     0.3153486249496495    -0.3932180683312081    -0.6548928188007412   -0.06931345899812659   -0.02200274158622678    -0.4324367924784802      -0.28766845385092    -0.1483952727686476    0.07779261600967217
  -0.04333843184397929    -0.4917517867060705    0.02367665870916319     0.2847144362619982    -0.2471347360987019  -0.008260616584149855    -0.4439710412443199    -0.1444317847682993    -0.5346648362529353     0.3312067897852491
   0.02868028666742314     0.7498729480944839    0.02362918809416171     0.5757027123064259    -0.2144320145038114  0.0007748931165958059    -0.2062724737686911    -0.1048003772322006   -0.06584255842508048    0.03205724691339319

22.67286936915405
44.81814599839321
 50.5333314385617
103.6910625004159
 64.5737009751213
133.3338143713067
74.52811643532189
154.7520513584355
104.7014886819035
219.4639956991367

0.4757776179434746

  -0.01684934317518023   0.007999050212444708    0.01648360905594713  -0.007801664362733954  4.342157840866252e-05 -7.460498081695507e-05  -5.66480814140622e-05  0.0001076638815270341  0.0001277437856866438   0.000110794611294373

 -0.001524449151706971  -0.001954596205134028    0.00367659253900335  -0.002502404442291874  -0.004814451272608566 -0.0001308597139028596    0.00530539086954201  -0.004178787425858548    -0.1106826273866092    0.08539766522784088

cov:
   0.9480363387536185      2.06878089944905   0.09785513076993253     0.268866499547364  -0.01490729964043867   0.02717238636789345  -0.04428156209402795   -0.0147333307427718  -0.01026904595403882  0.006103290010676841
     2.06878089944905     40.23648665811678    0.1617685228326584     22.18517794355169    -7.280998298386623    0.1353630729475463    -5.041794286945112    -3.353012700328295     2.099458680817373    -1.768344335620613
  0.09785513076993253    0.1617685228326584     1.127698558281284     2.287443691497279   0.04412316588913621  -0.01252220542406438   0.04651366650573339   0.01353384424736194   0.05979274885554774  -0.03488271911828651
    0.268866499547364     22.18517794355169     2.287443691497279     24.21379518378568    -8.520501610989347   0.04784232983295973    -8.951763649776209    -3.930488357693942    -4.902489814195778     2.791406533145836
 -0.01490729964043867    -7.280998298386623   0.04412316588913621    -8.520501610989347      6.05641828069592    0.1985118676356587     4.338273654860124     1.886807562869504     3.879791847969618    -2.366665612156741
  0.02717238636789345    0.1353630729475463  -0.01252220542406438   0.04784232983295973    0.1985118676356587    0.6650763004526401      0.08885344315875    0.2067074162821819 -0.001119302638418551 -0.008419195576677705
 -0.04428156209402795    -5.041794286945112   0.04651366650573339    -8.951763649776209     4.338273654860124      0.08885344315875     9.089275496790396     3.704744331633989     5.327394929262817    -3.445229933766143
  -0.0147333307427718    -3.353012700328295   0.01353384424736194    -3.930488357693942     1.886807562869504    0.2067074162821819     3.704744331633989     3.026952761190123     1.633123222858624   -0.7937217308295089
 -0.01026904595403882     2.099458680817373   0.05979274885554774    -4.902489814195778     3.879791847969618 -0.001119302638418551     5.327394929262817     1.633123222858624     8.398139450256149    -3.635252792400484
 0.006103290010676841    -1.768344335620613  -0.03488271911828651     2.791406533145836    -2.366665612156741 -0.008419195576677705    -3.445229933766143   -0.7937217308295089    -3.635252792400484     4.225739551926426

cov.inverse():
   4.081480317338581   -1.428428863602252   -5.045307613218243    2.357907703482638   0.3771882771434818  -0.2876939369209249   0.6938175196635132  -0.2105216933453474   0.9024032752691109  -0.6897613741502825
  -1.428428863602261    0.676674489609541    2.346898764922888   -1.117462144357163  -0.1782971427039777   0.1142605471209714  -0.3254372108876606  0.09997743099824274  -0.4286529379748416   0.3278355551492525
   -5.04530761321824    2.346898764922888    9.943106304835684   -4.310742248768794   -1.171803771877539   0.6574857153225322   -1.454034844904902    0.393503069157816   -1.371951671789459   0.9722603466595499
   2.357907703482646   -1.117462144357163   -4.310742248768793     2.05386998610263   0.5576784827151205  -0.3032274599231105   0.6932374860758963  -0.1878888434917631   0.6512418507670787  -0.4614718771021661
  0.3771882771434845  -0.1782971427039782   -1.171803771877541   0.5576784827151213   0.6644194625545868  -0.2340654118168801   0.2260791865336381  -0.1126373876975256 -0.02269677462687304  0.06207095346877731
 -0.2876939369209244   0.1142605471209713   0.6574857153225321  -0.3032274599231103    -0.23406541181688    1.649044593386037 -0.06201613661825075   -0.142475504707835 -0.02241853167821581  0.02954752770298985
  0.6938175196635165  -0.3254372108876608   -1.454034844904903   0.6932374860758964   0.2260791865336379  -0.0620161366182508   0.6627352852490737  -0.4269183244390725  0.07413410584982985   0.0432826160308579
 -0.2105216933453478  0.09997743099824292   0.3935030691578167  -0.1878888434917634  -0.1126373876975255  -0.1424755047078349  -0.4269183244390725   0.7752263157238761 -0.01170164745144886  -0.1063839403303919
  0.9024032752691147  -0.4286529379748415   -1.371951671789458   0.6512418507670783 -0.02269677462687329 -0.02241853167821578  0.07413410584982981 -0.01170164745144891   0.5311567022833603  -0.1197769354486066
 -0.6897613741502829   0.3278355551492522   0.9722603466595487  -0.4614718771021654  0.06207095346877783  0.02954752770298972  0.04328261603085849  -0.1063839403303923  -0.1197769354486068   0.6347803650585299

cov*(cov_.inverse()):
     1.000000000000001  7.686559722053232e-15  -4.81906181626357e-15 -7.344385516416807e-15 -1.252090878894885e-15 -3.343137398859053e-16 -2.431648632450489e-15  1.257674520083185e-17 -3.463700680439441e-15  7.975391180803371e-16
-3.996802888650564e-15      1.000000000000003 -9.325873406851315e-15 -7.771561172376096e-16  5.551115123125783e-16 -6.522560269672795e-16 -1.762479051592436e-15  2.775557561562891e-17  1.304512053934559e-15 -8.881784197001252e-16
-1.745131816832668e-15  1.726049858596923e-15      1.000000000000001 -4.066191827689636e-15 -5.737597896793289e-16  2.187919984075748e-16 -4.466912950640278e-16 -2.211772431870429e-17 -9.575673587391975e-16  1.283695372222837e-16
-5.329070518200751e-15 -6.328271240363392e-15  3.108624468950438e-15      1.000000000000002  4.163336342344337e-16  9.436895709313831e-16  2.220446049250313e-16  6.106226635438361e-16  1.165734175856414e-15 -1.998401444325282e-15
 2.886579864025407e-15  1.221245327087672e-15 -8.881784197001252e-16 -1.998401444325282e-15      1.000000000000001 -2.775557561562891e-16  7.494005416219807e-16 -4.996003610813204e-16  -3.33066907387547e-16                      0
 2.853620117981848e-16    1.0321604682062e-16 -4.284766985662714e-16   2.34187669256869e-17  2.526191061891225e-17                      1 -1.187201378871627e-17 -3.155028321932818e-17  -2.34187669256869e-17 -6.938893903907228e-18
-6.217248937900877e-15  4.440892098500626e-15  7.105427357601002e-15 -9.769962616701378e-15 -7.771561172376096e-16  8.187894806610529e-16     0.9999999999999977  6.106226635438361e-16 -1.110223024625157e-15  4.440892098500626e-16
 1.665334536937735e-15  9.436895709313831e-16  2.220446049250313e-15 -2.386979502944087e-15 -1.734723475976807e-16 -2.081668171172169e-17 -2.567390744445674e-16      1.000000000000001 -7.494005416219807e-16 -1.110223024625157e-16
-5.773159728050814e-15  6.661338147750939e-16  8.881784197001252e-15 -6.217248937900877e-15  1.387778780781446e-16  3.747002708109903e-16 -1.665334536937735e-16  5.551115123125783e-17                      1                      0
 1.332267629550188e-15 -2.220446049250313e-16  2.664535259100376e-15  1.110223024625157e-15  -3.33066907387547e-16 -1.249000902703301e-16 -2.775557561562891e-16 -1.665334536937735e-16 -9.992007221626409e-16                      1
