12
1

0.04021364959380709
0.04275803336913771
  0.399881021072874
 0.7158319999887407
 0.8257700660151173
 0.9440187690822924
  1.021801055989855
  1.043808646683444
  1.700240059157376
  1.795382604097024
  3.403563370493967
  5.018682847594888

      0.42827423618359    -0.1303805568856081     -0.775279423806441     0.2383111060388786     0.3596850465878704    -0.1106647522616467  -0.009689845978687148   0.002359870422657234  -0.002819021458194899 -0.0002280643768566278   0.001603244395616783   0.001291992629584188
   -0.3842108234869287     0.1161791588132562     0.1278754121722915   -0.04194511515512317     0.7220163921901429    -0.2182356005648299    -0.4811748592665307     0.1423780067501074   0.005967465651573722  -0.001331118384499694 -0.0003823346874139716 -0.0004623911763709037
   -0.4795058398971808      0.114314491045812    -0.1444935069973172    0.05877010983023565     0.2912514336353275    0.02957787648188075      0.733706275301114    -0.1843704397116354    -0.1926026903027927    0.01088002824079245    -0.1884564529236929    0.04386838799311832
     0.177822957273335   -0.03348830529077083     0.1282938293909712    0.00126854890426468    0.05674684226114454    0.04643026419719579    -0.1156211975726865    -0.1807354911838774    -0.8849037146667837    -0.3112768078351638     0.1213497179334553   -0.06865472589627727
  -0.06817515078922561    0.01238388862312235   -0.07944678177581536    0.03467804199550621     -0.136828135299292   -0.07889682985005855    -0.1363772719782437  -0.007077830928936787    0.06092023377938077    -0.5453253415134519    -0.4315958884599704     0.6758127788799621
    0.1794282990782108    -0.0431863520331832      0.222758402596274     0.2027094411725003    0.05729824174598799    -0.1896066544060146     0.2669254630084684     0.7125783429424164    -0.2108850116317637     0.2352890737904615     0.1270754272608182     0.3754937161865231
   -0.5100655030189265    0.01324292803399881    -0.5253924476427294    -0.2380233530520909    -0.3766015253299043   -0.01370677228629508    -0.1725168458644796     0.3303381385795541    -0.2177723027429062    0.01875388990947881     0.2797822367743181   0.002991690371673787
    0.1761447021071766    0.01725855454000559   -0.04159897396155374     -0.537514461981925     0.2823222715405019     0.7118866274375597    0.07445145744916624     0.2488354304304005    0.04695829085290528   -0.09580991547250681  -0.006320860745860884     0.1124625012666372
  -0.08547254895159515    -0.0304246620118108   -0.01855722230601775     0.1682778881852629    0.02263266161244214     0.2897852276755785    -0.1834808045210523    -0.4197496477613243   -0.07556922396924041     0.5052188998263479     0.2822423363454781     0.5728408997378468
    0.2266928077575454     0.2211752244086001   -0.06037974438825286    -0.6478557923671477   -0.02884868324521792    -0.4539987106165905    0.02538209846287216     -0.159888815156231    -0.1450055671923999     0.3702407139892708    -0.2575256118316689     0.1369271642898098
   -0.1436943891086671    -0.8580470795207862    0.03726296961876143   -0.08464163922971844   0.005601982324282774    0.03266074648904366   -0.07329658310027812    0.03345110288934903    -0.1134739399243196      0.220077836828984    -0.4012854305099642   -0.06800248434815609
  0.006079867409626098    -0.4083300856137923    0.07856592828047465    -0.3080965903821902     0.1278902961944208    -0.3111158050859521     0.2277033411442921    -0.1770074386608578     0.2058610813686777      -0.31615826427288     0.6016679253357368     0.1773835395141048

35.06390732553122
 109.695549185151
41.42669393457018
130.5540506163254
48.98559696769866
155.3137978743764
57.67783918944047
 183.773893947477
68.39657492514182
220.4233096646751
 81.8376456210033
262.9833137155241

0.3063827021795023

  -0.01353446300261094    0.00412923836433343  -0.002370985593157167  0.0007317944624206668   0.003767662171250664  -0.001181976071613767    0.01206088586009103  -0.003692413826752125  5.668612775593806e-05  1.035348407221423e-05 -3.165488139934879e-05 -4.537267340322745e-05

-4.790190523838583e-06  3.648161569049587e-06   0.002867565603299701  -0.001778391698624123 -0.0005949980758502221   -0.00177251438847264   0.003451051232298573  -0.002625022880537251   0.000705535108243878  -0.003751505903838633   -0.03199504817603102    0.05165002431687352

cov:
 0.8177270031323211   1.511692720146489  0.2437362195288406 -0.3710611885318111  0.2364312716570696 -0.3860467672205946   0.309483210331493   -0.11223277083374  0.1556888687590332 -0.2636410276779338  0.4178767041140941  0.1378713375104467
  1.511692720146489    12.8937346465289  -1.241770659148012   3.513404944183649  -1.392383044083402   2.545474484363901  -1.576182269274793   1.392417623874199  -1.067869106671003   1.273912058473762  -2.417992408819335  -1.105771518288938
 0.2437362195288406  -1.241770659148012  0.5356918214813517 -0.3374421475834092  0.4691902111179498 -0.5843946503467345  0.5508382776817482 -0.3404306351216026  0.4091106966077143 -0.5802017843975454  0.9601229523545095  0.2899444717759765
-0.3710611885318111   3.513404944183649 -0.3374421475834092   4.320653977305618 -0.9884537487778327   3.021974137531647    -1.7862713721683   1.369373860133325  -1.232607013132107   1.791181476044843  -3.655209019721015   -1.29953891656419
 0.2364312716570696  -1.392383044083402  0.4691902111179498 -0.9884537487778327  0.6834781434906343 -0.7144471170168158  0.8616126458865286 -0.6105531924167985   0.713220292442139 -0.9879967788254378   1.884017461738597  0.5813029187911561
-0.3860467672205946   2.545474484363901 -0.5843946503467345   3.021974137531647 -0.7144471170168158     3.9474372396601  -1.979531385548076   1.345084374185302  -1.457259787502308   2.349782145513272  -4.258430641639545  -1.150279120968149
  0.309483210331493  -1.576182269274793  0.5508382776817482    -1.7862713721683  0.8616126458865286  -1.979531385548076   1.674202084303172 -0.7142196423085344   1.322252993069502  -2.122526076806267   3.610798068246123  0.8267058496520308
  -0.11223277083374   1.392417623874199 -0.3404306351216026   1.369373860133325 -0.6105531924167985   1.345084374185302 -0.7142196423085344    2.05000399884069 -0.9042932930514703   0.852003342611178  -2.875800498679628   -1.31107509706012
 0.1556888687590332  -1.067869106671003  0.4091106966077143  -1.232607013132107   0.713220292442139  -1.457259787502308   1.322252993069502 -0.9042932930514703   1.802112458947194  -2.147245621264381    3.55092092021474  0.8123510755575272
-0.2636410276779338   1.273912058473762 -0.5802017843975454   1.791181476044843 -0.9879967788254378   2.349782145513272  -2.122526076806267   0.852003342611178  -2.147245621264381   4.570567645557414  -5.535748556402833 -0.7590763335382105
 0.4178767041140941  -2.417992408819335  0.9601229523545095  -3.655209019721015   1.884017461738597  -4.258430641639545   3.610798068246123  -2.875800498679628    3.55092092021474  -5.535748556402833   11.66374343211357   3.196102057486939
 0.1378713375104467  -1.105771518288938  0.2899444717759765   -1.29953891656419  0.5813029187911561  -1.150279120968149  0.8267058496520308   -1.31107509706012  0.8123510755575272 -0.7590763335382105   3.196102057486939   2.308730841680874

cov.inverse():
   196.0051474447523    -59.2856491633873   -231.4178331333121    71.76929838661722   -57.07788420017724    16.53278171734041    96.48537929687615   -28.78220509029724   -1.671257878730965   0.1642269234538482    1.021876671737404   0.3022980386441035
  -59.28564916338737    18.06697883793327    70.49317853680698   -21.89288929084464    17.07661991761877   -4.940487164811434   -29.27475661849842    8.704702168697414   0.5318569748234394 -0.05175368658543503  -0.3074322651863974 -0.09627749286545656
  -231.4178331333123    70.49317853680695    381.1196490064679   -117.0396849682053   -121.9765912911836    37.72218116041098   -29.53411279940642    8.956963113411245    1.772816038923569  0.03457983656867027  -0.6495869790316455  -0.7051573183627997
   71.76929838661721   -21.89288929084463   -117.0396849682053    36.61460243212576     36.5056318390919   -11.57384332113726    9.919254870994161   -3.013713215856993  -0.6206510227272954  0.02619331336506632   0.1861242045340174   0.2847252995110039
  -57.07788420017742    17.07661991761883   -121.9765912911833    36.50563183909186    365.9197776434987   -110.5434068781311   -190.7328108093986    56.38712252884356    1.347503312202927  -0.4989655302653893  -0.1246212613468086  0.09778108584391278
   16.53278171734047   -4.940487164811467    37.72218116041073   -11.57384332113721   -110.5434068781311    34.24493670235394    58.21042625197968   -17.21725550925234  -0.5538776436841208   0.1015203937170771 -0.01684114835454962 -0.08021187849274973
   96.48537929687642   -29.27475661849848   -29.53411279940679    9.919254870994244   -190.7328108093986    58.21042625197965    130.2457262476626   -38.09078713645174   -2.267669340467855   0.6083505939010107  -0.7353190412379742   0.2819836338498444
  -28.78220509029721      8.7047021686974    8.956963113411121   -3.013713215856946    56.38712252884368   -17.21725550925238   -38.09078713645177    12.16911407167798    0.783759355144218  0.08223357704135814   0.3066248217345437   0.1679595522038397
  -1.671257878731089   0.5318569748234775    1.772816038923778  -0.6206510227273588    1.347503312202859  -0.5538776436840998   -2.267669340467869   0.7837593551442222     1.89862756446434   0.3734594285538662  -0.1008154631824277  0.01868665161057398
  0.1642269234538808 -0.05175368658544493  0.03457983656858403  0.02619331336509272  -0.4989655302653089    0.101520393717052   0.6083505939009813  0.08223357704136677   0.3734594285538663   0.8367945061283765   0.3023719436168568  -0.2939898724895287
   1.021876671737492  -0.3074322651864239  -0.6495869790318346    0.186124204534075  -0.1246212613466751 -0.01684114835459115  -0.7353190412380085    0.306624821734553  -0.1008154631824271   0.3023719436168556   0.6952200123268114  -0.3890532852684717
  0.3022980386440966 -0.09627749286545458  -0.7051573183627878   0.2847252995110005  0.09778108584390519 -0.08021187849274716   0.2819836338498482   0.1679595522038385  0.01868665161057434  -0.2939898724895283  -0.3890532852684723   0.9829754098987298

cov*(cov_.inverse()):
     1.000000000000034  1.655099668429472e-14  9.561795799584161e-14  3.731043252130917e-14  6.888239978408706e-14  3.530856163003193e-14 -4.739958425759028e-14  1.153591111524577e-14 -5.997806418189811e-16                      0 -7.702172233337023e-16   3.05311331771918e-16
-2.498001805406602e-15     0.9999999999999913 -7.549516567451064e-15  5.051514762044462e-15  2.459143999544722e-14  1.804112415015879e-16 -1.554312234475219e-15  7.882583474838611e-15  9.020562075079397e-17                      0  5.551115123125783e-17  2.220446049250313e-16
 4.198030811863873e-14  3.545774784896594e-15      1.000000000000095  1.076916333886402e-14 -4.603956105242446e-15  4.258399188827866e-14  9.769962616701378e-15  2.574329638349582e-15 -7.632783294297951e-16  4.024558464266192e-16   3.33066907387547e-16 -1.665334536937735e-16
 7.699396675775461e-14  -3.20576898360514e-14 -2.243760732767441e-13      1.000000000000002 -3.433364703653297e-14  -1.51684220739412e-14  9.936496070395151e-14 -2.747801985947262e-14 -1.342675970406049e-15  -3.33066907387547e-16  1.443289932012704e-15                      0
 3.261280134836397e-14  8.215650382226158e-15  6.622480341889059e-14  3.080868893334809e-14      1.000000000000016   2.63955524104631e-14  1.951216965778713e-14  6.744604874597826e-15 -7.303185833862358e-16  2.498001805406602e-16  5.551115123125783e-17 -1.110223024625157e-16
-4.457545443870004e-14 -5.037636974236648e-15 -1.068034549689401e-13 -2.020605904817785e-14  1.211530875622202e-14       0.99999999999996 -1.398881011027697e-14 -2.375877272697835e-14  7.424616477180734e-16  1.110223024625157e-16  4.440892098500626e-16 -2.220446049250313e-16
-3.469446951953614e-15  8.604228440844963e-15  4.818367926873179e-14  1.906808044793706e-14                      0  1.831867990631508e-14     0.9999999999999787  2.331468351712829e-15  1.665334536937735e-16  4.996003610813204e-16 -5.551115123125783e-17                      0
 9.214851104388799e-15 -1.160183060733289e-14  -8.72635297355373e-14 -5.384581669432009e-15 -1.285083151003619e-14 -7.271960811294775e-15 -3.386180225106727e-15     0.9999999999999982   9.71445146547012e-17  -3.33066907387547e-16  2.220446049250313e-16                      0
-4.385380947269368e-15  1.053324094613117e-14   6.59472476627343e-14  3.941291737419306e-15  2.993438830145578e-14  1.867950238931826e-14   6.63358257213531e-15  9.520162436160717e-15     0.9999999999999996  3.608224830031759e-16 -4.996003610813204e-16 -1.110223024625157e-16
-6.103451077876798e-14 -2.012279232133096e-15  3.774758283725532e-15 -3.960720640350246e-14 -3.529121439527216e-14 -2.289834988289385e-14  1.998401444325282e-14 -8.160139230994901e-15  6.071532165918825e-16     0.9999999999999998  5.551115123125783e-16 -4.440892098500626e-16
-2.742250870824137e-14  2.159383782895929e-14  1.261213355974178e-13  5.617728504603292e-14  2.309263891220326e-13  3.652633751016765e-14 -6.716849298982197e-14   1.77635683940025e-14  1.110223024625157e-15  6.661338147750939e-16     0.9999999999999998                      0
 1.498801083243961e-14 -5.745404152435185e-15  5.440092820663267e-14  2.220446049250313e-14 -2.292610545850948e-14  1.240674230018612e-14  1.687538997430238e-14                      0 -4.440892098500626e-16  2.220446049250313e-16 -5.551115123125783e-16                      1
