12
1

0.08863762522056047
 0.3326991711817524
 0.8801705696617322
 0.9477744132262713
  1.168695955450952
   1.47204625720104
  1.711708285297802
  1.988049138606218
  2.433458778750671
  2.743272372318854
  6.956067125459326
   10.0957699901754

  -0.4526981662454981    0.1897151918947716    0.7486685688504614   -0.3121459785579834   -0.2942631198202286    0.1194180013435645  0.001640916679563175  -0.01076817135190013 -0.002098643233038097 -0.005889894870324693 -0.001013519525153615   0.01107100211838911
   -0.445166300387276    0.1648729579308071   0.03756228755640861  -0.01667728005398773    0.7785387617659616    -0.314263645422206   -0.1052612384568608   0.03588724794075546   -0.1370161019490545   0.03268710604640769   -0.1758639061812233   0.07023373649107673
  -0.2631106500186541  0.009422107771665897    -0.194738439769963   0.01949182191848449   -0.0987849484675199 0.0002923929176276148    0.3060236946521642    0.4260696936385964    0.3904720739132789   -0.5766656296069642   -0.1991659453785789    0.2876765874176857
  -0.6154472203836596  0.009382122208622551   -0.4878889667192003    0.0310210502155127   -0.2427799888901449    0.1727867104804636    0.2618124886227502   -0.3674611677866865   -0.1078711379424018    0.2714817903222875  -0.04185429401857862  -0.05174513641453909
  -0.3085923828365117  -0.06520101290682627   -0.2322803018145548  -0.03475487897386922    -0.126387890194602   0.05770002016889569   -0.6674583873106011    0.4399419329592498   0.05953450546157465   0.03186493678425795    0.3944624255357703   -0.1638426012023527
 0.005189843591550841 -0.007676765062825153   0.02575654803781581   0.01212386912708375   -0.0607622779414559    -0.184181995718308    0.5093223130374979    0.5962637694699875    -0.460297258863694    0.2681822671764354    0.2280068013346467   -0.1037621565129171
 -0.08831595120901675  -0.06469487942159377   0.00490195763577787   0.01510558290351218   -0.1011360993615292    -0.473879363415366   0.08282583427866579    -0.269438522098391   -0.1294317374505651   -0.5444691493444326    0.2363259961616032   -0.5517844272236389
 0.005890136538142586    0.0103668363158467   -0.0250880843033969  -0.04479002233423956    0.2078323590052689    0.4899102557247039   0.02752292158974492   -0.1342263061797125   -0.4829336684783606   -0.4270083579456082    0.4197854832787992    0.3216532270120012
 -0.03672292514345302  -0.07325955331757857    0.1113927180353324    0.1680367669640735    0.3223352599546808    0.5831067979651134    0.1819312227372487    0.1377984838780245     0.204115696735098   -0.0248009290100812  -0.08227855972732531   -0.6384283493082271
   0.2078385917741316    0.5385246455885524    -0.306563077557932   -0.6925207756468679  0.007430834903962637   0.08295271491567144 -0.008765846265255716   0.06566390414158862  -0.06836633600104881  -0.06161511465621382   -0.1625199526181986   -0.2168416675832864
  -0.0339621738905382   -0.6718125556501955  -0.01691973623504472   -0.3268824860413624  -0.05362407562462234   0.05708117612566702   -0.1472726830401869   0.08665099595749959   -0.3655256691801348   -0.1058088945463535    -0.507103837538588  -0.05554947519735064
 0.009968107218919118    0.4258372739241886   0.01338766711001679    0.5316782539622908   -0.2422116674235695   0.07171755912195925   -0.2435744193473134    0.1073838305622075   -0.4144586174122438   -0.1591361864056758   -0.4445870781641327  -0.07921256982073914

22.68556886533257
53.81471033964751
35.56092701025736
84.43561627980446
55.09468797912746
130.7034058828623
66.18499875722347
157.2603645732736
 78.1313988712766
  185.45788584616
92.44267874987287
220.2318654092082

0.4236707279124504

  -0.01078941514831445   0.004542175292040637  -0.003152207708709715   0.001315069117275559    0.01370745755810714  -0.005462157964118875  2.318694690273923e-05  0.0001702453554733632  0.0002725554552343333 -0.0002808638052040555  0.0002233068260998323 -9.041425521558668e-05

-1.345214854854807e-05    0.00196046323762278   0.001892550194175904   0.003434256178508554   0.002515681258564271 -2.196703470102257e-05   0.005982586605319389  0.0008195351693561158   0.007676385519314292 -0.0007452346566570438    -0.2068645797032481    -0.1402399793453141

cov:
   0.9695421919009227      2.42336145828242  -0.06106535203442795  -0.05171330717426369  -0.01580258837704993  0.009116355536528502    0.0055990962454027   0.04188520303436793  0.007053103259137759  0.007616353269448329  0.002659478179625168 -0.004892407985449477
     2.42336145828242     42.55760012568755   -0.1450847489500731      30.8208779923387    -8.828395252160465     1.444186444593515      -5.8600835124095     2.047517498686489    -6.465833574226047    -3.629383576657803    -3.506645173618616    -2.097121050231251
 -0.06106535203442795   -0.1450847489500731     1.138305684478687     2.699554310405994   0.04633259748026741   0.08404807379993696  0.005745039254647951   0.01498794535242925   0.01531244453291232  0.002767459658667506   0.02617825708172097   0.00252985948942206
 -0.05171330717426369      30.8208779923387     2.699554310405994     37.77132604275695    -12.04136720793342     3.021352470504932    -10.58749185273647     4.246379045658302    -16.05110639879868    -6.597928766260799    -15.38720229708808    -2.992751518689846
 -0.01580258837704993    -8.828395252160465   0.04633259748026741    -12.04136720793342     7.093161305723688   -0.3088883300974216     6.698738570521889     -2.74337529298509     11.23992039625513     3.909932060439683      12.3112006775427     1.333897304896964
 0.009116355536528502     1.444186444593515   0.08404807379993696     3.021352470504932   -0.3088883300974216     4.469627045690612    -1.837718827489145     1.393790498205968    -3.955926381946286     -1.71410277456564    -4.611641839501865    -1.665274901942756
   0.0055990962454027      -5.8600835124095  0.005745039254647951    -10.58749185273647     6.698738570521889    -1.837718827489145     8.622138040047876    -2.948103122198446     12.54118185043158      4.69720189315144     14.51318298596876     1.680041409390426
  0.04188520303436793     2.047517498686489   0.01498794535242925     4.246379045658302     -2.74337529298509     1.393790498205968    -2.948103122198446        3.264271490318    -5.972689656412578    -1.493884638951718    -7.069908057627772    -1.583249901655446
 0.007053103259137759    -6.465833574226047   0.01531244453291232    -16.05110639879868     11.23992039625513    -3.955926381946286     12.54118185043158    -5.972689656412578     25.82047397009362     9.150972370636662     26.59430790423227     3.445035826202379
 0.007616353269448329    -3.629383576657803  0.002767459658667506    -6.597928766260799     3.909932060439683     -1.71410277456564      4.69720189315144    -1.493884638951718     9.150972370636662     5.225507063714371     9.037180781324563     1.892609038123718
 0.002659478179625168    -3.506645173618616   0.02617825708172097    -15.38720229708808      12.3112006775427    -4.611641839501865     14.51318298596876    -7.069908057627772     26.59430790423227     9.037180781324563     34.04894806685908      5.49701207107143
-0.004892407985449477    -2.097121050231251   0.00252985948942206    -2.992751518689846     1.333897304896964    -1.665274901942756     1.680041409390426    -1.583249901655446     3.445035826202379     1.892609038123718      5.49701207107143     4.984382446029315

cov.inverse():
    28.46421330932942    -11.57156374675135    -42.84565194925376     18.01249193149827     14.05417391861625    -5.735257151575308    0.1937504837294081    0.4940480562146986    0.5989548438207257    0.2254923865992466    0.7632642794675792   -0.9307431652842318
   -11.57156374675136     4.882020193226297     18.11449617283284    -7.605426310277322    -5.944401366589429     2.425187069859964  -0.08425841689496276   -0.2204986534799522   -0.2548360366285816  -0.09258133595739393   -0.3184695487186743    0.3889436730524873
   -42.84565194925361     18.11449617283279     71.72287914546982    -29.73429252816531    -27.59479976737124     11.17060815404883   0.02484460359532954   -0.9888829028303855   -0.2920928560599522   -0.5510301578848852   -0.1449124082003563     1.055093372550364
    18.01249193149821    -7.605426310277293    -29.73429252816528     12.48073383831497      11.5705436397493    -4.692777917450465 -0.006951237646347517    0.4105614392068335    0.1232288844129836    0.2315209693970265    0.0617349482434797   -0.4460860176042531
    14.05417391861596    -5.944401366589316    -27.59479976737089     11.57054363974917     16.62150601792893    -6.656300713927687   -0.8549005935120306    0.6527407772144211   -0.9068435433944048    0.4356228777178722    -1.194283579884366   0.07595846847177609
   -5.735257151575206     2.425187069859921      11.1706081540487    -4.692777917450412    -6.656300713927693     2.954507397809868    0.3102724448133533   -0.3267688177107767    0.3578444031641952   -0.1200012954212287    0.4760670060288137    0.0246604959652841
   0.1937504837294519  -0.08425841689498099   0.02484460359526149 -0.006951237646319044   -0.8549005935120084     0.310272444813344    0.7526841187720893   -0.0549256150764772    0.1168125855328605   -0.1518735521287018  -0.05314628102745286    0.0573949016550625
   0.4940480562146803   -0.2204986534799441   -0.9888829028303577    0.4105614392068219    0.6527407772144153   -0.3267688177107743  -0.05492561507647805    0.7502040392227768    0.1412157873741572   -0.2623824438093709  0.001053500674948054    0.1285427765553407
   0.5989548438207598    -0.254836036628596   -0.2920928560600054    0.1232288844130059    -0.906843543394388    0.3578444031641883    0.1168125855328601    0.1412157873741577    0.5571312390241447   -0.3403455752595138   0.03391092878749879   0.04199342906367999
   0.2254923865992322  -0.09258133595738818   -0.5510301578848678    0.2315209693970191    0.4356228777178719   -0.1200012954212285   -0.1518735521287027   -0.2623824438093707   -0.3403455752595151    0.7077052406298164   0.03606020738229517   -0.1615198662140231
   0.7632642794676164   -0.3184695487186902   -0.1449124082004221   0.06173494824350732    -1.194283579884335    0.4760670060288008  -0.05314628102745442  0.001053500674949455   0.03391092878749694   0.03606020738229649    0.5461673561999882   -0.2386618271773095
  -0.9307431652842482    0.3889436730524941     1.055093372550396   -0.4460860176042664   0.07595846847175626   0.02466049596529213   0.05739490165506422    0.1285427765553396   0.04199342906368163    -0.161519866214024   -0.2386618271773086    0.3998894220503874

cov*(cov_.inverse()):
    0.9999999999999958  1.065727367466351e-14 -3.103420298522508e-15 -8.066897844161147e-15  1.853476139929144e-14  2.326968912697014e-15 -6.088879400678593e-16 -7.696751222474596e-16  1.265806036376826e-17  7.041893110293351e-16  3.651592916931179e-16  4.015884846886308e-16
-2.220446049250313e-16      1.000000000000001  1.039168751049147e-13                      0 -1.951216965778713e-14  7.834011217511261e-15  6.938893903907228e-17  -1.27675647831893e-15 -6.938893903907228e-16 -1.110223024625157e-16  1.665334536937735e-15  2.220446049250313e-16
-4.158132171916407e-15   3.84002725450916e-15     0.9999999999999836 -3.454701802407811e-15 -9.432558900623889e-15  3.159920784236159e-15  2.500712310837816e-16  -8.51098705401121e-18  3.493841500834538e-16  6.185373394029803e-17  1.727134060769409e-16 -7.444132116285473e-16
 1.301181384860683e-13 -2.775557561562891e-14 -9.636735853746359e-14      1.000000000000108 -4.743427872710981e-14 -2.464695114667848e-14 -1.221245327087672e-15  1.887379141862766e-15 -3.164135620181696e-15 -5.551115123125783e-16 -1.998401444325282e-15 -4.440892098500626e-16
-5.329070518200751e-15   5.88418203051333e-15 -2.864375403532904e-14 -2.819966482547898e-14       1.00000000000003  1.559169460207954e-14  4.024558464266192e-16  5.551115123125783e-17  3.150257832373882e-15  -3.33066907387547e-16  2.775557561562891e-16 -4.440892098500626e-16
                     0 -1.998401444325282e-15  8.881784197001252e-16  4.329869796038111e-15 -7.743805596760467e-15     0.9999999999999983  1.249000902703301e-16  2.775557561562891e-17  4.163336342344337e-17 -3.885780586188048e-16  2.220446049250313e-16 -2.220446049250313e-16
-2.664535259100376e-15  1.210143096841421e-14  -1.77635683940025e-14 -2.009503674571533e-14  1.060262988517024e-14  7.216449660063518e-16      1.000000000000001 -2.775557561562891e-17  9.853229343548264e-16 -5.551115123125783e-17 -1.998401444325282e-15 -1.110223024625157e-16
-1.221245327087672e-14  1.887379141862766e-15  3.308464613382966e-14 -8.881784197001252e-16 -1.322553178084718e-14  -5.43315392675936e-15  1.387778780781446e-16     0.9999999999999991 -7.771561172376096e-16 -1.665334536937735e-16 -5.551115123125783e-16  8.881784197001252e-16
  4.75175454539567e-14  7.327471962526033e-15 -7.416289804496046e-14  1.731947918415244e-14  2.836619827917275e-14  2.337019466835955e-14 -2.525757381022231e-15 -5.551115123125783e-16      1.000000000000001  2.331468351712829e-15  1.110223024625157e-15 -3.552713678800501e-15
-1.554312234475219e-15  1.110223024625157e-15 -1.554312234475219e-15 -8.104628079763643e-15 -4.357625371653739e-15   5.80785419757035e-15 -9.992007221626409e-16 -4.440892098500626e-16  4.579669976578771e-16                      1  1.332267629550188e-15 -1.110223024625157e-16
 4.174438572590589e-14 -1.731947918415244e-14  -9.85878045867139e-14 -3.952393967665557e-14  3.386180225106727e-14  3.164135620181696e-15 -3.164135620181696e-15 -5.551115123125783e-16 -1.360023205165817e-15  1.443289932012704e-15      1.000000000000007 -1.332267629550188e-15
-2.664535259100376e-15  1.332267629550188e-15 -8.881784197001252e-15 -4.884981308350689e-15  2.664535259100376e-15  3.858025010572419e-15 -4.996003610813204e-16                      0 -3.608224830031759e-16  2.220446049250313e-16 -4.440892098500626e-16     0.9999999999999998
