12
1

0.06027296132334254
 0.3162244216246912
 0.7664767028979114
 0.9433470425244231
  1.011456140423424
  1.149557992603242
  1.379682564689534
  1.722354330966354
  2.358656513235847
  2.836619109949508
  4.782884256496726
   8.75862182052002

   0.4380124035532882   -0.1747073743308892   -0.7548471762439553    0.3011030826106054    0.3173002709965377   -0.1279845149541106 -0.004726183454041169  0.001015023615699153 -0.003793644334829145 -0.007395741465442808  0.002611016246789426 -0.002524002039414325
   0.5129833388827806   -0.1834754771695078  -0.02364570910557062   0.01013252574064792   -0.7539404464659016    0.3031238050486092   0.07019183813291628  -0.03245544574963861    0.1028087500074626  -0.08713960304698548    0.1086229004029325  -0.07918764787667641
  0.05961275080626628  -0.02292704486888923   0.03627954028048965  -0.01410405174674782 -0.005121593996341406  -0.01219396488761813   -0.1927112694211235    0.9738349733523202   0.08735536576450316   0.01124723839699152  0.007034809645709046  -0.03052016053910403
   0.6263593860918565  -0.01079482865642391    0.5164376255546055   -0.0391514289380569    0.3080045028390139   -0.2033686457783778   -0.3485279669860253   -0.1268019173275082  -0.09851208550935521    0.1313412395295526    0.1149558015049347   -0.1592818172176374
  0.08261014458372715  0.007839776813686018   0.06984379007521652  0.002221405776798812   0.02874370123772368  -0.07782014451148855   -0.2340719502134844   -0.1035926810063314    0.7172253741347175   -0.2574557610910446   -0.5082723153946135    0.2771123648449475
   0.1595688802192537   0.02215297527019913    0.1427698434611897   0.01123300822203079    0.0693518834931673   -0.1012770873225766    0.2188883305403948   0.07804169440226782   -0.2739843568562311   -0.5923089717561997    0.2125995103878462    0.6429404112062871
  -0.2492457858498928  -0.09921233519634734   -0.1920292872202219   -0.0572234634254787   -0.1223763837238395   0.01546773807145594   -0.7503910538369596   -0.1319277295328372   0.05158655107538436   -0.1055485991983741    0.5046651681261582    0.1539096429313122
  0.09585472143321518   0.08447935396106396   0.02650096251547698  0.005788845633840233   0.06789546387439231    0.1800977658899701    0.1615664136836952    0.0142736838610125    0.2656384868463685    0.6697984608865848    0.2676704170608475    0.5733634274531436
 -0.08494732020423615   -0.1565320652945165   0.02823937541758083   0.08484281842322669   -0.3277014678723343   -0.8715672913502149    0.1661442229689046  0.006034262089520553    0.1455377544771342    0.1388787756860454    0.1585883782454653 -0.002993758810152614
   0.1905722614950966    0.5195278156040154   -0.3118611025118652   -0.6959247498433525   -0.1363425974661599   -0.1936876827191032  -0.08006955759356173 -0.001515936574825103   -0.1428721847849571   0.06278534282694946   -0.1420550963685774    0.0717822537725283
 -0.03765442399353126   -0.3303122473666917   0.01438294805573314   0.09950581614764228   -0.2057637427375968  -0.04679971645530399   -0.2907139329355444 -0.006527376376112152   -0.5085285185574667    0.2731124239825337   -0.5455288798193747    0.3456705789961934
  0.02373868452603259    0.7170231658691403   0.02284698380000459    0.6345489638740898   -0.2060665075802612  -0.04366084198133523   -0.1613057512969949 -0.000633788037485623  -0.09581639664012018   0.01647389850863105  -0.04609292697304209   0.01317313060018627

22.68008723386949
 54.3113676044131
35.55899138443878
86.51420175924397
53.45859606799407
131.3305062937928
64.24158750525514
158.1505172006654
88.14913590302201
219.3068357901945
104.5353640743327
260.7756419336681

0.4015506804046388

  -0.01573527709588129   0.006303838601654376   0.005160532611640608  -0.002062596108873175    0.01020200564141143  -0.004054325496480603 -0.0001835241568671311  4.768872431974127e-05  0.0002009625825941023 -0.0001142994912528579   9.91179368408155e-05 -6.468975429929016e-05

 -3.17968168116795e-05  -0.001825965939356613 -0.0004513669122388337  -0.002817923775692355 -0.0001458829272516929 -0.0007714857036004972   0.002486596559572312  -0.002821582069182388   0.002838033613769949  -0.004371856977710678   -0.08434405668228549     0.0792669028535591

cov:
   0.9724087704326321     2.520826067745758  -0.04097341462861497  -0.02735822383882149  -0.02447344471018907  -0.00681244790577086  -0.01372153766167975   0.03540760768288664  -0.01699619823243684   -0.0116085008166813  0.001643402581541197 -0.007185093563872324
    2.520826067745758     44.28862403282235   -0.1371401514760331     31.18139729300223    -10.01141679020735    -2.063381679706494     -6.96398525578353   0.02151050439947651     -2.09940550530172   -0.8474446713378562    0.8255637498342406    -1.445625246489761
 -0.04097341462861497   -0.1371401514760331     1.176230722389887     2.909058069460752   0.06934648773547572    0.1469317140441433 -0.004213552460175826   0.02071590329787033  0.004067346935816285  0.004920824243923247   0.01418629541498241   0.01248410664410321
 -0.02735822383882149     31.18139729300223     2.909058069460752     35.06069762529204    -9.886089528763495    -1.551580591739709    -7.886042704311905  -0.02251752360798154    -4.953704430226659     1.146436248148659    -2.667520831868182     1.033697870193902
 -0.02447344471018907    -10.01141679020735   0.06934648773547572    -9.886089528763495     5.164088422614856     2.654309634237514     3.823556355098093   0.03388101475832358     3.802199879974935    -1.727876304924063     3.127385570109799    -1.799518737700181
 -0.00681244790577086    -2.063381679706494    0.1469317140441433    -1.551580591739709     2.654309634237514     4.886782254358074      0.29085465634578 -0.001253269661158932    0.5256662530176092   -0.6907880000374214    0.3431680554881555   -0.2821560901521965
 -0.01372153766167975     -6.96398525578353 -0.004213552460175826    -7.886042704311905     3.823556355098093      0.29085465634578     5.533619709043917    0.2293200409424609     4.618148239470187    -1.612744523936452     3.991396946967388    -2.283977651503792
  0.03540760768288664   0.02151050439947651   0.02071590329787033  -0.02251752360798154   0.03388101475832358 -0.001253269661158932    0.2293200409424609    0.6255482538905042   0.04200595565098172  -0.02472184187210604    0.0418472834351272  -0.02989700919293667
 -0.01699619823243684     -2.09940550530172  0.004067346935816285    -4.953704430226659     3.802199879974935    0.5256662530176092     4.618148239470187   0.04200595565098172     7.756167026435036    -2.726802525573552     6.778662870919433    -3.753927516575615
  -0.0116085008166813   -0.8474446713378562  0.004920824243923247     1.146436248148659    -1.727876304924063   -0.6907880000374214    -1.612744523936452  -0.02472184187210604    -2.726802525573552     3.765848074584413    -3.005339275904361     2.724214385745171
 0.001643402581541197    0.8255637498342406   0.01418629541498241    -2.667520831868182     3.127385570109799    0.3431680554881555     3.991396946967388    0.0418472834351272     6.778662870919433    -3.005339275904361      8.30754286255508     -3.82268349676931
-0.007185093563872324    -1.445625246489761   0.01248410664410321     1.033697870193902    -1.799518737700181   -0.2821560901521965    -2.283977651503792  -0.02989700919293667    -3.753927516575615     2.724214385745171     -3.82268349676931     4.457125190363834

cov.inverse():
    55.95744861560201    -21.98122351910583    -90.72544074200647     36.31863492020599     34.63663903789178    -14.02647280282747   -0.3676238725159497  -0.01586964762738454   0.03138922101624506    -1.303069442059139    0.8759614739321563   -0.7261895487012053
   -21.98122351910588     8.796991377113804     36.33002566292719     -14.5374667968938    -13.86842482872986      5.61602356273748    0.1486818155776543  -0.01811343465770053 -0.009498995225242198    0.5225515954851395   -0.3517363011962852    0.2908574079622383
   -90.72544074200678     36.33002566292728     157.2054257890866    -62.55581596112231    -65.54766046329426     26.38963222647926    0.8397972684721634   -0.2018002978303897    0.7346383102378105     1.567755689772182   -0.5553654204612316    0.5242534567034076
    36.31863492020616    -14.53746679689383    -62.55581596112227     25.02868062062781     26.21791741874462    -10.56614832439417   -0.3335661969161802   0.06766164712179819   -0.2920099741207067   -0.6309676757979944    0.2201965000899296    -0.211565166887639
    34.63663903789215    -13.86842482872998    -65.54766046329459     26.21791741874476     33.54270055374288    -13.48339884924612    -1.009492209779214     0.290701431861751    -1.134121511126225   0.02844503925915249    -0.582536139913838    0.3622958392522501
   -14.02647280282759     5.616023562737525     26.38963222647939    -10.56614832439422    -13.48339884924612     5.640547839446348    0.4442506748803653   -0.1245783346021664    0.4307141297178245   0.04710374129844287    0.2333032808291051   -0.1503543947058621
   -0.367623872515943     0.148681815577651    0.8397972684721473   -0.3335661969161738    -1.009492209779206    0.4442506748803622    0.6593492805294993   -0.2041913008742702   -0.1158921295553769  -0.06777121711833767  0.005839497437428788   0.02851540782169806
 -0.01586964762738159  -0.01811343465770178   -0.2018002978303947   0.06766164712180019    0.2907014318617527   -0.1245783346021671   -0.2041913008742703     1.667462307524706   0.03363936980494148    0.0278339054390071  -0.00855568006506586 -0.001013475698180752
  0.03138922101621535  -0.00949899522523054    0.7346383102378555   -0.2920099741207248     -1.13412151112624    0.4307141297178305   -0.1158921295553769   0.03363936980494153    0.7361386426248469  -0.09887975113155797   -0.2466418113096062   0.04175020383409291
   -1.303069442059109    0.5225515954851279     1.567755689772128   -0.6309676757979727     0.028445039259179   0.04710374129843226  -0.06777121711833765   0.02783390543900718  -0.09887975113155911    0.6051687981187454  -0.02146928887003526   -0.1823229133982637
   0.8759614739320978    -0.351736301196262   -0.5553654204611276     0.220196500089888   -0.5825361399138863    0.2333032808291245  0.005839497437429555 -0.008555680065066089   -0.2466418113096047  -0.02146928887003487    0.5995425479546335  -0.06007702515273738
  -0.7261895487011966    0.2908574079622347    0.5242534567033912   -0.2115651668876324    0.3622958392522578   -0.1503543947058653   0.02851540782169793 -0.001013475698180673   0.04175020383409248   -0.1823229133982639  -0.06007702515273732     0.611558811919783

cov*(cov_.inverse()):
    0.9999999999999768  3.758581987312049e-14  5.664566038454666e-14 -8.113735378012521e-14 -6.860701243227574e-14  9.033138820280229e-15   1.50056291177425e-15  7.272878995009599e-17  9.502489940749204e-16 -4.488596994089988e-16  7.003403933170116e-16  2.445960101127298e-16
 3.752553823233029e-14     0.9999999999999938  9.026113190202523e-14 -7.394085344003543e-14 -3.530509218307998e-14  1.279532035880493e-14  1.443289932012704e-15 -2.155393918901183e-16  2.983724378680108e-16 -6.106226635438361e-16 -6.938893903907228e-17  8.881784197001252e-16
 2.737393645091402e-14 -9.705344167221241e-15     0.9999999999999997  8.114602739750509e-15  1.402697402674846e-14  -1.02170875926344e-14 -2.512096433648914e-16  7.168439832613144e-17  3.512815038853034e-17  -5.41667405373758e-16  5.204170427930421e-18 -6.591949208711867e-17
 9.237055564881302e-14 -1.328936960476312e-13  1.514344205588714e-13      1.000000000000064  2.075006833024418e-13 -3.178013407989511e-14 -1.637578961322106e-15  6.114900252818245e-17 -3.261280134836397e-16 -2.192690473634684e-15  -2.55351295663786e-15 -2.220446049250313e-16
-4.729550084903167e-14  1.554312234475219e-14  7.993605777301127e-14  3.941291737419306e-15      0.999999999999987 -1.643130076445232e-14 -2.081668171172169e-17 -6.548581121812447e-17  9.159339953157541e-16 -2.775557561562891e-16  8.743006318923108e-16 -8.881784197001252e-16
-7.077671781985373e-15  7.299716386910404e-15  8.881784197001252e-15 -6.696032617270475e-15 -4.135580766728708e-15     0.9999999999999977  5.134781488891349e-16  1.631724269590684e-17  6.956241138666996e-16 -2.081668171172169e-17  2.116362640691705e-16                      0
 2.220446049250313e-15                      0 -4.662936703425657e-15  7.049916206369744e-15 -9.436895709313831e-15  2.331468351712829e-15      1.000000000000001  8.109832250191573e-17 -3.885780586188048e-16 -7.216449660063518e-16  9.159339953157541e-16 -2.220446049250313e-16
  2.10248485288389e-15  2.393918396847994e-16 -1.981054209565514e-15 -1.343543332144037e-15 -9.211381657436846e-16 -5.403663627667754e-16  1.192622389734055e-17                      1  4.358492733391728e-17 -6.938893903907228e-17  5.290906601729262e-17 -2.081668171172169e-17
-7.549516567451064e-15 -1.398881011027697e-14 -3.286260152890463e-14                      0 -1.976196983832779e-14  -1.77635683940025e-15  1.387778780781446e-17 -2.372234353398284e-16      1.000000000000001 -2.220446049250313e-16 -6.938893903907228e-16                      0
 -1.77635683940025e-15  4.996003610813204e-15  8.881784197001252e-16  7.993605777301127e-15   1.77635683940025e-15 -2.164934898019055e-15 -5.551115123125783e-17  4.380176776841438e-17 -6.800116025829084e-16     0.9999999999999998  1.387778780781446e-16  2.220446049250313e-16
 -8.43769498715119e-15  2.220446049250313e-16  4.440892098500626e-16 -2.242650509742816e-14 -1.998401444325282e-14   5.88418203051333e-15  1.110223024625157e-15 -1.817122841085705e-16  4.996003610813204e-16  1.110223024625157e-16     0.9999999999999987                      0
-7.993605777301127e-15  8.659739592076221e-15  2.220446049250313e-14  1.332267629550188e-15 -6.883382752675971e-15  1.554312234475219e-15 -2.220446049250313e-16  7.632783294297951e-17  1.665334536937735e-16 -4.440892098500626e-16 -2.775557561562891e-16                      1
