10
1

4.776843095972353e-10
   0.0260507772798473
  0.02935323256286653
  0.03788381291863912
  0.04457524011703753
   0.1921349212124824
     0.56716697752926
    1.627101404214335
    1.828620870247802
    2.692283653322193

                     0 -9.136557996922384e-21  6.630608673463001e-19 -5.796938564500877e-19 -4.647387491357637e-17  1.785042733970256e-17  -4.24707521145468e-17                     -1  1.223582078914647e-16 -2.183812362755717e-18
  -0.07463950877328469    0.04463023044609431      0.109662266919599   -0.06204018190870245    0.05249475085281742   -0.02041024447117888    -0.9095079242885283  7.660938813306201e-17     0.3817162292147525   -0.02186477457399632
   -0.1148860870812231    0.06974508789721516     0.1515753468224196    -0.0835970717653671     0.0665238118474939   -0.02697632893753616    -0.3415255587311113 -7.676542071762411e-17    -0.9109096977151337    0.02058953650654182
    0.1877469958449626    -0.1112753313619305    -0.2350351964734842     0.1318976892372199     0.8759241369914582    -0.3343197107363599    -0.0032713146131238 -2.359812226848103e-17  -0.008883871251860864   -0.02505862636389728
   -0.4970641732445178     0.2780900013137256      0.608212333939162    -0.3378835285921942     0.3129966082927559    -0.1181296408602988     0.2363074212920479 -2.674326235480369e-18      0.153714513288441   -0.01071442908834087
  0.002997894144848641   -0.01267240384455948  0.0006989065504938158   -0.01411815801817784   -0.02017016981115692     0.0225220443235561    0.01052054630575605 -8.977214273539258e-21   -0.02859913120217769    -0.9988933584344681
   -0.7216378027203295     0.2826166908189975    -0.5950029035122965     0.2122894697696085 -0.0006293502123307768   0.001935769271992698   -0.01345401358884409 -7.323489007867277e-27   -0.00110477181504516  -0.009221675856059677
    0.1176956541824702    0.06452395258817265    -0.4301899279624016    -0.8912272657700773    0.01955936815454305    0.04573393887156917   0.002169168885016305 -6.880881473676563e-30 -0.0001533883590822709    0.01249352983354468
   -0.1389978322702539    -0.3047876791719061    0.02602778536109851 -0.0002433165645652997      0.334528362433914     0.8802919016289752  -0.002056170067036862 -1.638266353075152e-30  -0.001945279688761464    0.01659816678832908
    0.3807435276923118      0.852253403315519  -0.008096377161207969     0.1343429428184262     0.1221060483184966     0.3092167583421068   0.001761825065873156 -8.196720215893269e-34   0.002495942974925901  -0.007120436420646363

22.38786997435234
26.30974542089255
35.39088690570536
49.43728159709148
68.45962354197094
107.8576445981681
85.15334016964022
134.4140014648438
107.5216346628166
182.6756935579231

0.5636287386944695

 -0.04444290290073485   0.02473424328314874   0.04331467348020347  -0.02459635591917124  0.006507077584696853 -0.002221208267399785  0.007007644376046288  0.002098723973978239  0.001638371092489243 -0.000155989003524295

-4.788916626822735e-22  3.623449594521653e-06  1.038800178555365e-05 -2.599443902820966e-05  0.0001347811110440384 -2.500665762078049e-06   0.002562180354597957 -0.0008172395942442059 -8.878096743738194e-05   0.004557219861800508

cov:
     1.320120125717586      2.447876848289978   -0.03104974201067966    0.04426758520096982     0.1876567566671965     0.4580539392738425   0.009463754547308995                      0   0.007914513169129431   -0.02143951868377472
     2.447876848289978      5.612293978032667    -0.2037357119709159     0.6969950228930545     0.4166982714847699      1.020976642781217    0.01220471496884047                      0    0.01733108103591823   -0.05914074081521898
  -0.03104974201067966    -0.2037357119709159     0.6074136871116197     0.9660217926633136 -0.0001118770381397616   0.005976145947333783 -3.085134475641833e-06                      0  0.0001678333898683964   -0.01063073140004062
   0.04426758520096982     0.6969950228930545     0.9660217926633136      2.248423882859989    0.07239717843728606     0.1926204645445358  -0.004421458396663724                      0   0.002678097850963844   -0.03653274692084923
    0.1876567566671965     0.4166982714847699 -0.0001118770381397616    0.07239717843728606     0.4846102923106972      1.260241200404129 -0.0005426301481611665                      0  9.246456367307282e-05    0.01361966703968202
    0.4580539392738425      1.020976642781217   0.005976145947333783     0.1926204645445358      1.260241200404129      3.290000281777015  -0.001874005770957292                      0 -0.0001908154567288211    0.03358944581186377
  0.009463754547308995    0.01220471496884047 -3.085134475641833e-06  -0.004421458396663724 -0.0005426301481611665  -0.001874005770957292  0.0008842506095032829                      0  0.0001426972887260886 -0.0004788153225497174
                     0                      0                      0                      0                      0                      0                      0                      0                      0                      0
  0.007914513169129431    0.01733108103591823  0.0001678333898683964   0.002678097850963844  9.246456367307282e-05 -0.0001908154567288211  0.0001426972887260886                      0  0.0009493306468182057  0.0007912327655591135
  -0.02143951868377472   -0.05914074081521898   -0.01063073140004062   -0.03653274692084923    0.01361966703968202    0.03358944581186377 -0.0004788153225497174                      0  0.0007912327655591135    0.03856530650262657

cov.inverse():
                nan                 nan                 nan                 nan                 nan                 nan                 nan                 nan                 nan                 nan
                nan                 nan                 nan                 nan                 nan                 nan                 nan                 nan                 nan                 nan
                nan                 nan                 nan                 nan                 nan                 nan                 nan                 nan                 nan                 nan
                nan                 nan                 nan                 nan                 nan                 nan                 nan                 nan                 nan                 nan
                nan                 nan                 nan                 nan                 nan                 nan                 nan                 nan                 nan                 nan
                nan                 nan                 nan                 nan                 nan                 nan                 nan                 nan                 nan                 nan
                nan                 nan                 nan                 nan                 nan                 nan                 nan                 nan                 nan                 nan
                nan                 nan                 nan                 nan                 nan                 nan                 nan                 inf                 nan                 nan
  39.86119412152548   -26.4207134466362  -50.05716948000735   26.53889227399244  -21.99579535658145   9.952496465218621  -132.2113796692014                   0   1189.700386049841  -33.96575186020863
-0.9992935269166582   1.004824093009249  0.9092834926119682 -0.1082138931555599  -16.53581458829523   5.882053730130293   19.64016132994564                  -0  -33.96575186020852   28.72091413535817

cov*(cov_.inverse()):
nan nan nan nan nan nan nan nan nan nan
nan nan nan nan nan nan nan nan nan nan
nan nan nan nan nan nan nan nan nan nan
nan nan nan nan nan nan nan nan nan nan
nan nan nan nan nan nan nan nan nan nan
nan nan nan nan nan nan nan nan nan nan
nan nan nan nan nan nan nan nan nan nan
nan nan nan nan nan nan nan nan nan nan
nan nan nan nan nan nan nan nan nan nan
nan nan nan nan nan nan nan nan nan nan
