10
1

 0.105148998399847
 0.566602796255063
0.7020165309622084
0.9464730340325714
 1.049094119874851
 1.615881738583545
 1.851102809527229
 2.196700789668161
 3.457127728020453
 6.653671439364095

    0.5341508973954957    -0.3001531854008235     -0.685220986214616     0.3822680475998873    0.06138017745381806   -0.03640443905885895    0.03509998749595439   -0.01157961480830261    0.04190850365744733   -0.02681408758435373
      -0.1678288091689    0.05892100139827842   -0.08752615982883609    0.03036682825001588     0.7961168057136936    -0.2870477343835954    -0.3623840671065127     0.3005000498929717    -0.1219862941139376     0.0841267811716718
     0.192920244669773   -0.06334983353504449     0.1009831661963119   -0.02959174695048809    -0.3661144608904008    0.09738440929088364    -0.5662650752720965     0.6511746441801453     0.1742249054700102    -0.1706836676924162
    0.7486495680351671    0.00236640018202228     0.5784879780994996   -0.06262402903893431     0.2819000364096729    -0.0213951860793648    0.02758564964872399    -0.1355678617585662   -0.01370511631012746   -0.04117385913013441
  -0.09368915334995832 -0.0006822308827426997   -0.03432181172728774   -0.01306021680338669     0.1149939230267774  -0.005693659656522449    0.02928605679451941    -0.1046462904167075    -0.1045136433360394    -0.9766707122285894
    0.1254576865772789      0.158406770589116   -0.01512364693681934    0.02475367160784674    -0.2635023124706662    -0.3167450729557154     0.1239363536857161     0.2238322795063619    -0.8498416709174728    0.02955182387990265
  -0.01234328486561641   -0.01102550848182853    0.05428531051537173    0.04996122550616401    -0.2507461857792074    -0.8330269377098279    -0.2560223911692026    -0.3199811660969981      0.262265936741746   -0.02750819595619576
    0.2485665741067335     0.5244806174211367    -0.4153757338019048    -0.6788360737680578   0.000893971263248137    0.01961788454861251     -0.113205598221024    -0.1084353485638588    0.06942528231936805  0.0002494302127466197
  -0.04236798523213713     -0.312461466858642   -0.01578396675780088   -0.09122063711160799   -0.04363565114748861     0.2793848802009935    -0.6308599517902065    -0.5123603075440709    -0.3817723588848914    0.07612469014936446
   0.02391401070566438     0.7102751305392723    0.02873483083753099     0.6129702258401913   -0.03856794713407485     0.1833093756752349    -0.2312218227954947    -0.1716029676365703    0.01770538874396205  -0.008047755826774508

22.70336229307819
33.76962506997828
35.54282203962524
56.45983762257827
67.66915743606559
113.1716453526761
76.89804029934045
130.9625753283903
106.5690926050145
183.5351690993317

0.5677351150895503

  -0.03913130749283886    0.02216453496980609    0.03744502584004662   -0.02110897240746437  0.0008411028833351715 -0.0004832707770854279  0.0003650642176531753 -0.0001395071816887024  0.0001017723583092065 -0.0001441902054645412

-0.0006765401576851146    0.00146536937902073  -0.002541805523484137  -0.005355865467277714   0.003187902865608641  -0.006873476035665299    0.00476372099460646    0.00311732622149286   -0.05155359290780092     0.1224279756641067

cov:
   0.9288167842383129      1.58232934997087  -0.06528960921083046   -0.1559364762716007  0.006481129958562109   0.01835146012149365  -0.02832996848706338 8.454925431699173e-05   0.03082290301989991   0.01625200541214492
     1.58232934997087      24.8987833718876  -0.09834744198514871     17.90581283107538    -1.120262169972962     4.662504633789109    -5.129644655303606    -3.667224329465837     1.788912534386923   -0.5157959055093643
 -0.06528960921083046  -0.09834744198514871     1.196557867317776     2.128774842566908   0.02182518198073229  0.001036546784448699 -0.005819740963040301  -0.01490852109210766   0.04635862543759152  -0.02648108537529769
  -0.1559364762716007     17.90581283107538     2.128774842566908     18.97350922138475      -1.0660391075195     4.439434971121691    -5.248963131655155    -3.780809402680704    0.6579676559570001   -0.2854583828734361
 0.006481129958562109    -1.120262169972962   0.02182518198073229      -1.0660391075195    0.8406683852766206    0.3779694346935032    0.8782720936535193    0.5924940253710053    0.4492694787986736   -0.1043828652018604
  0.01835146012149365     4.662504633789109  0.001036546784448699     4.439434971121691    0.3779694346935032     5.093750751096667    -3.359898983046829    -2.378658090039016     -1.14979112402419    0.2339592563802181
 -0.02832996848706338    -5.129644655303606 -0.005819740963040301    -5.248963131655155    0.8782720936535193    -3.359898983046829     7.651882265359609     5.808714781981626      2.11613108036167   -0.4526925197001436
8.454925431699173e-05    -3.667224329465837  -0.01490852109210766    -3.780809402680704    0.5924940253710053    -2.378658090039016     5.808714781981626     5.246047349669894     1.440578694339186   -0.2868840933020163
  0.03082290301989991     1.788912534386923   0.04635862543759152    0.6579676559570001    0.4492694787986736     -1.14979112402419      2.11613108036167     1.440578694339186     3.932539451462183   -0.3489787322375991
  0.01625200541214492   -0.5157959055093643  -0.02648108537529769   -0.2854583828734361   -0.1043828652018604    0.2339592563802181   -0.4526925197001436   -0.2868840933020163   -0.3489787322375991     1.145001993859603

cov.inverse():
    26.62175239353051    -14.51836231227268     -32.5548783175566     18.35609021261496     2.620111354310426    -1.600079653832305      1.68723850878748   -0.5579618169733782     2.117253376039706    -1.356244735496054
   -14.51836231227272     8.253641015637713     18.52929742418041      -10.428692006875    -1.487040904074119    0.9042756658032016   -0.9377260932100848     0.298978386938178    -1.217064596316448      0.76560629879638
   -32.55487831755666     18.52929742418042     42.92288364939283    -23.68604744803092    -3.920171857837683     2.327458713682222    -2.170019077711612     0.688407124964986    -2.530319367364827     1.607041980204361
    18.35609021261503    -10.42869200687501    -23.68604744803093     13.33160679933245     2.191932892547295    -1.307609227617167     1.225998254902169   -0.3860722175130858     1.418329679161557   -0.8952618196073024
    2.620111354310471    -1.487040904074144    -3.920171857837736     2.191932892547325     2.732821008866346   -0.9018541826543787   -0.2626621915712973    0.1463822581723943    -0.146543226287979   0.07031378440609727
   -1.600079653832335    0.9042756658032165     2.327458713682254    -1.307609227617185   -0.9018541826543788    0.6446146905338913    0.1267793089137851  -0.06059387194785533   0.03714186089773178 -0.009772510921090827
    1.687238508787458   -0.9377260932100726    -2.170019077711582     1.225998254902152   -0.2626621915713032    0.1267793089137885     1.234933976044079    -1.066112434780681   0.02584808056666174  -0.01174914152741065
  -0.5579618169733581    0.2989783869381654    0.6884071249649566   -0.3860722175130693    0.1463822581723984   -0.0605938719478578     -1.06611243478068     1.258403536362695  0.001535845036286698  -0.01773870238147408
    2.117253376039703    -1.217064596316443    -2.530319367364812     1.418329679161549   -0.1465432262879834   0.03714186089773441   0.02584808056666238  0.001535845036285747    0.5868079633140925   -0.1147238160337128
   -1.356244735496054     0.765606298796378     1.607041980204355   -0.8952618196072992   0.07031378440609971  -0.00977251092109228  -0.01174914152741147  -0.01773870238147312   -0.1147238160337129     1.015820560606578

cov*(cov_.inverse()):
    0.9999999999999221  3.851086116668512e-14  4.074518500374325e-14 -5.302182304323111e-14 -1.662298770854775e-15  3.555830760046397e-15  1.355252715606881e-17  1.743180252922194e-15 -5.967665597794714e-15  3.285566263500073e-15
-1.543210004228968e-14      1.000000000000026  3.452793606584237e-14 -1.482147737874584e-14  2.477185123694881e-15  2.597748405275269e-15  7.919012667834124e-16  1.734723475976807e-16  1.429412144204889e-15  3.996802888650564e-15
 3.462508058049707e-15    9.8879238130678e-16      1.000000000000002 -1.228184220991579e-15 -4.462576141950336e-16 -8.009001448150421e-16 -7.113450453677395e-16  1.705450017319698e-16 -1.873501354054952e-16 -4.649058915617843e-16
 1.521560655248777e-13 -3.477773624638303e-14 -8.854028621385623e-14      1.000000000000045  5.474787290182803e-15  -2.84668122407794e-15  3.124670661103224e-15 -1.599415044850616e-15  6.827871601444713e-15 -2.109423746787797e-15
-7.133182933216631e-15  1.262878690511116e-15  3.524958103184872e-15 -3.885780586188048e-16     0.9999999999999992  4.479923376710104e-16  2.769052348527978e-16  1.257674520083185e-16 -6.175615574477433e-16                      0
 1.554312234475219e-14 -3.275157922644212e-15  9.880984919163893e-15  1.332267629550188e-15 -1.821459649775647e-15      1.000000000000001  1.687018580387445e-16 -3.174543961037557e-16  1.942890293094024e-16 -2.775557561562891e-17
-2.231548279496565e-14  6.106226635438361e-15  -2.55351295663786e-15 -2.331468351712829e-15  -1.85268467234323e-15  1.573394192710964e-15                      1  -9.71445146547012e-17 -1.568190022283034e-15  2.775557561562891e-16
-1.493249968120836e-14 -2.109423746787797e-15 -9.658940314238862e-15  6.661338147750939e-15   1.97758476261356e-16 -3.196228004487267e-16  1.817122841085705e-16     0.9999999999999999  2.081668171172169e-16 -1.110223024625157e-16
 5.218048215738236e-15  1.054711873393899e-15  6.106226635438361e-15  1.332267629550188e-15  2.012279232133096e-16 -3.048776509029238e-16  -2.92300905702092e-16   1.25507243486922e-15                      1  5.551115123125783e-17
-2.886579864025407e-15 -7.771561172376096e-16 -4.440892098500626e-16 -1.110223024625157e-15  8.326672684688674e-17  5.898059818321144e-17  7.459310946700271e-17 -3.469446951953614e-17 -5.551115123125783e-17                      1
