10
1

0.04309198092077545
0.04510161648331804
0.05552546573982864
 0.7819272620215115
  1.126012058023729
  1.331604293500843
  1.610361816059442
  3.084200289162843
  3.715652697829481
   7.22248685960941

-0.02621577605473307 0.005734378461517998   0.1493365862374376 -0.03402125391923279  -0.5533974351096498   0.1137131123658808   0.7322900712026335   -0.152312239253457  -0.3051881821418519  0.06367104557753811
  0.1265858258241131 -0.02674569905117782  -0.6759010306741539   0.1445262444397953   0.4895445609838934  -0.1050507588809411   0.3836348319166406 -0.07832367235798109  -0.3106924066510727  0.07071820905591801
  -0.559617092661935   0.1185874359226582   0.4737137144131641 -0.09710749209179717   0.4748379994721518 -0.09283527927411284  0.05715960063256537 -0.01429919489826683  -0.4388360133092307  0.09377064082881778
  0.7904470803342838 -0.05150291769970983    0.428410123236952  0.05333541566677059   0.1727329510198561  -0.0577556787134315 -0.06200800256362186  0.06743887964895497  -0.3801032994892262  0.01081935574169927
-0.07815634707343663   0.0112325753238244  0.08218775684852123   0.4105181753460477 -0.09737025691901409   -0.622949132620607   0.2013449549975153   0.5925088615408949   0.1050173207628836  -0.1352909703771711
 0.06980253354618014  0.03060490170640878  -0.1650206005296999  -0.7424539278438881  -0.1337046519196741  -0.3795391655635228  -0.0594419132127549   0.2563426941629993 -0.08508767589948696    0.421081429302391
-0.04946713359640165 -0.01612843640970277  -0.1571805946064421    -0.32031673662324 -0.05117509557496567   0.2598127510386904 -0.05033911907522561   0.4119427593827208  -0.3247890520499224   -0.722595306442639
 0.07154488634186672   0.1991391430815989  0.04541409353057335  -0.2168869795911684  0.01346659445575761  -0.5516662028771354  0.04612387164248481    -0.57800461641018   0.1080827512423492  -0.5036933107732062
 -0.1617030544471865  -0.4513039124871544  -0.1655068329605767   0.2304570309204284  -0.3484091306851624  -0.2431033272881475  -0.4449593721765783  -0.2121951117059307  -0.5148165085178924  0.03367714437657046
 0.02483003050926736    0.859000394088535  -0.1573821682589701   0.2077593880601271  -0.2173534925388497  0.03203850598720997  -0.2504794238061245  0.01796239885035144  -0.2698155665083733  0.09714240212167084

22.40534203268087
103.8619124321238
33.37623082762803
156.0225573309551
39.63644616174071
185.7131880749815
46.91415668765032
220.3758313877152
55.41263134621896
260.9389342584338

0.2105374588862371

 -0.005211616482787657   0.001109968747093545  -0.002871715092727856  0.0006056509166956772  3.956588857995867e-06  7.204586074618795e-05   0.003032459223852136 -0.0006291097343556437   0.005197247667910184  -0.001031440363936209

 6.762654178414476e-07  1.746193795592181e-06 -1.760388025455772e-06  -0.004643803964979083    0.00166132882230702  -0.002751122031790886  -0.002174993080734233    0.01076284502976794   -0.04125833756975744   -0.04538661762587008

cov:
  0.8475934603468295    2.235308733617327   0.3941910261400967  -0.4584984114800982   0.5879357017927623   0.1624229394038209   0.6494683609243274  0.05639674268785461   0.7111190085259056  -0.1288499134127721
   2.235308733617327    41.68443396538992   -5.949397697869585    7.439995539585048   -7.554875028919659    1.866783164442451   -8.360271795009178    1.035108945817211   -8.655502744187553     3.23974348391772
  0.3941910261400967   -5.949397697869585    1.924664703865938   -1.921724210035621    2.681294302517549 -0.02070063891624893    3.135436942965498 -0.07576269172094074     3.50652831224773   -0.931938497870463
 -0.4584984114800982    7.439995539585048   -1.921724210035621    4.891324482210616   -3.318394817632252   0.6695834980141979    -4.00259364763424   0.3429318428578942    -4.36100588564164     2.17491559741421
  0.5879357017927623   -7.554875028919659    2.681294302517549   -3.318394817632252    4.212509484416142   0.8613949320793387    4.975275469020835    0.561580121533882     5.55892061371991    -1.31387163594966
  0.1624229394038209    1.866783164442451 -0.02070063891624893   0.6695834980141979   0.8613949320793387    4.689021731627895   0.6820631746361128    3.410010675681352   0.4788052874780131    2.028712854777535
  0.6494683609243274   -8.360271795009178    3.135436942965498    -4.00259364763424    4.975275469020835   0.6820631746361128    6.094364777858342   0.8828874740636563    6.827298074674172   -1.681989417940815
 0.05639674268785461    1.035108945817211 -0.07576269172094074   0.3429318428578942    0.561580121533882    3.410010675681352   0.8828874740636563    4.820970949909507   0.3388615575395236    2.079985059186113
  0.7111190085259056   -8.655502744187553     3.50652831224773    -4.36100588564164     5.55892061371991   0.4788052874780131    6.827298074674172   0.3388615575395236    7.957491742925908   -1.600123271984933
 -0.1288499134127721     3.23974348391772   -0.931938497870463     2.17491559741421    -1.31387163594966    2.028712854777535   -1.681989417940815    2.079985059186113   -1.600123271984933    4.613030256213238

cov.inverse():
   110.8579307033224   -23.32902055087431   -129.6072039103449    27.11672196772987   -47.68269091692535    8.650598485702529     3.07156346094027 -0.07724091499954223     64.1400807933567   -13.47008935210764
  -23.32902055087431    4.968847522962605    27.53557630121759   -5.760808677294372    10.10921473733818   -1.850311339377989  -0.5664854125916327 0.006024285904311481   -13.68861051088322    2.873197363525397
  -129.6072039103648    27.53557630122189    309.7145643919478   -65.53110316322915   -134.0751974973719     29.7256441141918   -59.81355622374965     11.6153614561567    11.04043991156421   -3.969281158837263
   27.11672196773428   -5.760808677295329   -65.53110316322943    14.44808678040716    30.00391708827708   -6.694439470436982    12.12167496666211   -2.274715570557708   -2.596709434011758   0.7869971750249045
  -47.68269091687868     10.1092147373282   -134.0751974974315    30.00391708828978    355.9468884907597   -73.40816864200011   -117.1218316321988    24.29068934836678    -51.4953842682686    12.48001837731455
   8.650598485692857   -1.850311339375925    29.72564411420393   -6.694439470439559   -73.40816864199957    15.63916263711172    23.22988937681927    -5.12556783570456    10.54275743003458   -2.645020771233214
   3.071563460907375  -0.5664854125846464   -59.81355622371971    12.12167496665578   -117.1218316321718    23.22988937681409    362.2531079510512   -75.02755985841804   -187.0019401082293    40.15819664149825
-0.07724091499277153 0.006024285902853314    11.61536145615041   -2.274715570556381    24.29068934836105    -5.12556783570346   -75.02755985841787    16.00061262170199    38.97560541366175   -8.466240438742931
   64.14008079336342   -13.68861051088471    11.04043991157208   -2.596709434013561   -51.49538426830795     10.5427574300426   -187.0019401082055    38.97560541365684    160.3869179511678    -34.5679519605799
  -13.47008935210895    2.873197363525671   -3.969281158839123   0.7869971750253256    12.48001837732267   -2.645020771234874    40.15819664149324   -8.466240438741897   -34.56795196057977    7.836636262198416

cov*(cov_.inverse()):
    0.9999999999999256  9.658940314238862e-15 -1.341149413747189e-13  4.696243394164412e-14  9.059419880941277e-14 -8.604228440844963e-15 -4.618527782440651e-14  8.415490526658687e-14  2.815525590449397e-13  1.620925615952729e-14
-2.273736754432321e-13      1.000000000000028  1.101341240428155e-13 -1.199040866595169e-14  2.557953848736361e-13  3.552713678800501e-14 -5.684341886080801e-14                      0    1.4210854715202e-14  3.197442310920451e-14
-7.105427357601002e-14  1.287858708565182e-14     0.9999999999998961  4.296563105299356e-14  7.105427357601002e-14  -4.75175454539567e-14   1.13686837721616e-13   1.77635683940025e-14  9.947598300641403e-14  1.865174681370263e-14
 1.172395514004165e-13 -1.598721155460225e-14  4.796163466380676e-14     0.9999999999999498 -2.415845301584341e-13  6.483702463810914e-14  2.415845301584341e-13   -1.4210854715202e-13 -2.984279490192421e-13 -3.552713678800501e-15
-7.815970093361102e-14  1.598721155460225e-14 -3.215205879314453e-13  7.194245199571014e-14      1.000000000000249 -9.237055564881302e-14  -1.63424829224823e-13  1.225686219186173e-13  2.202682480856311e-13  7.105427357601002e-14
-3.552713678800501e-15  8.881784197001252e-16  4.618527782440651e-14  4.440892098500626e-16 -3.552713678800501e-15     0.9999999999999991  2.842170943040401e-14    1.4210854715202e-14  5.684341886080801e-14 -8.881784197001252e-15
 -1.20792265079217e-13  1.687538997430238e-14 -1.403321903126198e-13  6.017408793468348e-14 -1.243449787580175e-13 -8.881784197001252e-15      1.000000000000114  3.907985046680551e-14  4.547473508864641e-13  8.526512829121202e-14
 -1.06581410364015e-14  8.881784197001252e-16  -1.06581410364015e-14  1.110223024625157e-15  6.394884621840902e-14  3.552713678800501e-15  5.684341886080801e-14     0.9999999999999929 -5.684341886080801e-14  7.105427357601002e-15
-2.273736754432321e-13  3.552713678800501e-14 -3.108624468950438e-13  4.840572387365683e-14 -5.329070518200751e-14   -1.4210854715202e-14  7.673861546209082e-13  5.329070518200751e-15      1.000000000000171  1.243449787580175e-13
 9.237055564881302e-14   -1.4210854715202e-14  4.973799150320701e-14  -1.77635683940025e-15  -1.35003119794419e-13  4.263256414560601e-14  5.684341886080801e-14 -4.263256414560601e-14 -2.842170943040401e-14     0.9999999999999787
