10
1

0.03682589735885335
0.05242097696809726
 0.5597458924595946
 0.7400531423762213
 0.9100839937380129
  1.208605124347582
  1.572663831641851
  2.589554843100344
  3.531976599372436
  5.873282837514534

  -0.2599146686638548   0.07929160499651343    0.7674707424001097   -0.2336297482070457   -0.5082953784620652    0.1553546808637354  0.005141589602941043 9.100115019255813e-05 -0.006012194852235672 -0.001071148453674116
   0.4858949146044527   -0.1483847388959653   -0.2647225632355714    0.0809578868785464   -0.6427670896034595    0.2006600255700453    0.4396625706628493   -0.1361345921648843 -0.000542801706621963  0.002410620652038598
  -0.4169325416913758   0.08158739819616224  -0.04645986969892978  -0.01570051607489101    0.2034690800922851   0.09019122520819255    0.6943893916928054  -0.07724380533444593   -0.5178658792170859    0.1060344338571187
   0.2414662765997364  -0.03482107406453457   0.07554429672825476 -0.001565250124139848  -0.01408474752131009  -0.01991531720379551   -0.3274549820942789   -0.2742882707910665   -0.7143791001945706   -0.4913031851424796
  -0.6480420359707819   0.01463639680710963   -0.4940454792857215    0.0327894766220639   -0.4640922848748066   -0.1122486715382071   -0.2500852039546314   -0.1335761335600077   0.01704971199417812   -0.1612882872628279
  0.06723490059903679   0.03343934589299149  -0.02902974231218015 -0.002863236762445696   -0.2042630094168911   -0.4470454694891162   0.08010717284334397    0.8215089956301893   -0.2419366270090934   -0.1100445586415565
 -0.09362209653314878  -0.06063702909455989    -0.119007272092702   -0.1260494645171799    0.1327959931805836    0.7074296171870162   0.02945569307222214    0.3895405487146622    0.1307590012064457   -0.5193342112795311
   0.0996053066897179    0.1287403643395114   -0.2500384889379335   -0.5609339746345181  -0.06122588722424017    0.2942685952943523   -0.2991564851980206    0.1355098940415541   -0.3010798858158105    0.5545171634082936
  -0.1117287400440742   -0.3630547855933347    0.1039103512038084    0.6797432860461319  -0.05820027981655128    0.3179704488845438    -0.234929614616564    0.1912260115033035   -0.2338255878216579    0.3632264025918203
   0.0925373019011821    0.9002408999158358  -0.02534096334447189    0.3807155511150807  -0.07079934005457335    0.1626779285629129  -0.05246963625138504   0.02957925403207552  -0.01398382995258843   0.01079245570842086

22.73470547802477
69.28474385134281
35.06458004082319
109.6830291061486
41.42969230084397
130.5424489923186
57.68708972479172
183.7673614187306
68.40332385330419
220.4120533161031

0.3064820884639513

 -0.007413562069930512   0.002273195217639617  -0.002339596822995165  0.0007161995090527235 -0.0002176142527578503  3.058787401638303e-05   0.009834991742707846  -0.002918660496025373 -4.832185081751498e-05 -9.218756990835947e-06

 4.206872593820592e-07  4.411111269868998e-06   0.003261978090662162  -0.002423807778066378   0.003350632740559512  -0.002808888392752618 -0.0002761275502425442   -0.02392947272453351   -0.03232954389044426     0.0383222771215342

cov:
   0.9808983408428491     3.459669059044428  -0.08741418168181603  -0.09346347299869964   -0.0166082788562923    0.1109849440563697  -0.03801070781458696    -0.045785152169297 -0.009845683784085738   0.01576114912508511
    3.459669059044428     29.72543704020567    -1.465416725957036     8.278700800577468    -2.017724133471529     3.739101850288395   -0.8033773168513435    0.1528732265831967    0.3339926600525854   -0.7485696670848673
 -0.08741418168181603    -1.465416725957036     0.819301739860939     1.512515694002718    0.2449767482357195   -0.3688878718520739    0.3092285558119167   -0.1101452672315825    0.1567172927324043   -0.2667078872835902
 -0.09346347299869964     8.278700800577468     1.512515694002718     12.91426734821386    -1.247143907081315     3.503688416866952     -1.57528363769869     1.372361180207894    -1.070033948570208     1.293852857322656
  -0.0166082788562923    -2.017724133471529    0.2449767482357195    -1.247143907081315    0.5378212016768961   -0.3346545162259436    0.5494517849131205   -0.3351118910459926    0.4086146038634825   -0.5829352299176749
   0.1109849440563697     3.739101850288395   -0.3688878718520739     3.503688416866952   -0.3346545162259436     4.297882024345682    -1.770733782868805     1.350178428835543    -1.221752779334813     1.782132215123998
 -0.03801070781458696   -0.8033773168513435    0.3092285558119167     -1.57528363769869    0.5494517849131205    -1.770733782868805     1.657263129791812   -0.7014134891890866     1.307709030147101    -2.102574020076154
   -0.045785152169297    0.1528732265831967   -0.1101452672315825     1.372361180207894   -0.3351118910459926     1.350178428835543   -0.7014134891890866     2.028504257899367   -0.8920382067630888    0.8380664534275472
-0.009845683784085738    0.3339926600525854    0.1567172927324043    -1.070033948570208    0.4086146038634825    -1.221752779334813     1.307709030147101   -0.8920382067630888      1.78823245315637    -2.140598745255467
  0.01576114912508511   -0.7485696670848673   -0.2667078872835902     1.293852857322656   -0.5829352299176749     1.782132215123998    -2.102574020076154    0.8380664534275472    -2.140598745255467     4.553845710208837

cov.inverse():
     136.9081720417965     -41.55816576561253     -193.4191314833919       59.0775044362325     -16.16489309627494      5.619624535298391      75.88320895095953     -23.97898333150328      1.398625487754363     0.4196284732257182
    -41.55816576561254      12.71105146451085      59.13538515477259     -18.05251425855836      5.025489929899432     -1.756116453260878     -23.24229744024434      7.358367537540182    -0.4194283172176875    -0.1262295384548977
    -193.4191314833801      59.13538515476888      460.1575160286591     -139.9998244524883      -225.489872234187      68.60514495842892     -39.43757094413805      13.18066915906527     -3.374243113292369    -0.8161768874574946
     59.07750443622888     -18.05251425855723     -139.9998244524884      42.73028064188093      68.59607404918449     -20.90159187408273      12.03340138094208     -4.049037516989037      1.054524756201432     0.2454662376679506
    -16.16489309629098      5.025489929904383     -225.4898722341629      68.59607404917716      341.2904488664675      -104.946095662262     -104.1735037892971       31.7443259691802      2.097621055230601  -0.009792897222119748
     5.619624535303416     -1.756116453262415      68.60514495842136     -20.90159187408043     -104.9460956622618      32.85214173907691      32.90404518187083     -10.05352042231574    -0.7615698019705697     0.0423438264906351
     75.88320895096398     -23.24229744024569     -39.43757094415095        12.033401380946     -104.1735037892886      32.90404518186824      72.19660890421403     -21.70751707715146    -0.8292449286792254      0.915262386049419
     -23.9789833315046      7.358367537540584       13.1806691590692      -4.04903751699023      31.74432596917757     -10.05352042231494     -21.70751707715145      7.451166313534823     0.3840350875889381 -0.0004712750382081744
      1.39862548775426    -0.4194283172176563     -3.374243113292291      1.054524756201407      2.097621055230702    -0.7615698019706011    -0.8292449286793079     0.3840350875889637      1.879780768211047     0.4255970928085744
     0.419628473225704    -0.1262295384548934    -0.8161768874575814     0.2454662376679768  -0.009792897221973108    0.04234382649058952       0.91526238604937 -0.0004712750381932196     0.4255970928085753     0.6847575250997823

cov*(cov_.inverse()):
    0.9999999999999943 -2.920406971806955e-15  6.123400397850531e-14 -3.096047723749606e-15 -3.195092302711589e-14 -2.991292109844057e-14 -2.065188298150389e-14  6.231222440431731e-15  1.522219850169648e-15  2.758210326803123e-16
 8.987255384340642e-14      1.000000000000002  5.029310301551959e-14 -1.078304112667183e-13  3.810753795852051e-14  7.063793994177558e-15 -2.586819647376615e-14  5.829294295531251e-14  6.106226635438361e-16  1.110223024625157e-16
-2.718658631550852e-14  8.673617379884035e-16      1.000000000000082  2.001177001886845e-14 -3.136249940305369e-14 -1.432014229418854e-14  1.831867990631508e-15 -1.961403045189214e-15  7.216449660063518e-16  2.220446049250313e-16
 1.342259636771814e-13 -3.647082635893639e-14 -3.110844914999689e-13      1.000000000000125  1.748289013558946e-13 -9.291178937331779e-15  3.552713678800501e-15 -6.153823110810475e-15  9.992007221626409e-16  2.220446049250313e-16
-5.945244296867713e-14  8.354428260304303e-15  1.003641614261142e-13 -3.441691376337985e-15     0.9999999999999606 -2.119138198253268e-14 -1.210143096841421e-14  1.773592123860412e-15  2.498001805406602e-16  5.551115123125783e-17
 6.616929226765933e-14 -1.090794121694216e-14 -9.525713551283843e-14 -3.941291737419306e-15  2.326611125980094e-14      1.000000000000013  6.439293542825908e-15  4.311329938888608e-15 -9.992007221626409e-16                      0
-4.740652315149418e-14 -4.052314039881821e-15  5.551115123125783e-15  4.996003610813204e-15 -2.233976892362932e-14 -2.542410726391608e-14      1.000000000000021  3.840894616247148e-15  1.110223024625157e-16  2.220446049250313e-16
 2.847722058163527e-14  -6.25888230132432e-15 -4.418687638008123e-14 -1.010302952408892e-14 -1.894318035766673e-15  2.652045250073343e-14 -5.551115123125783e-15     0.9999999999999926 -2.220446049250313e-16 -2.220446049250313e-16
 6.328271240363392e-15 -7.382983113757291e-15  2.664535259100376e-14  8.992806499463768e-15 -4.060987657261705e-14  4.954370247389761e-15  2.486899575160351e-14  6.486347917111779e-15     0.9999999999999996  2.220446049250313e-16
-1.265654248072678e-14  4.662936703425657e-15   3.68594044175552e-14 -1.332267629550188e-15   1.13242748511766e-14  5.606626274357041e-15 -3.375077994860476e-14 -8.534839501805891e-15                      0     0.9999999999999996
