10
1

0.1790751881730596
0.7712792895198073
0.8723457442718398
 1.041193970888613
  1.18647975457043
 1.420101811440296
 1.738477042394589
 2.543403638884427
 4.316550167473273
 7.338311793683675

   0.5485081925581022   -0.2526422579770923   -0.7152581684917144    0.3306461793640951   0.02011459204006328  -0.01487880171638836   0.05342024423096894  -0.05529017750543155   0.06950500387096629  -0.05497145913880445
   -0.286024214376735   0.06523944741996164   -0.2107418180051152   0.03518885082429829    0.2796651804128191   -0.8819705387386237   -0.0562408513235059  -0.03627849107100316  -0.03258825689590521   0.08159530081043913
  -0.6552325143721855   0.07649498446352319   -0.5141703503765422   0.05451859991072231    0.2038729603567239    0.4228404740003511    0.1445282649768367   -0.1065688707498091   -0.1408385155441449    0.1582288249676037
   0.1604942226416075  0.002774691692274731     0.127581129929316  0.002433302122977499   -0.1928501682754665   -0.1138067365482391     0.624066970031712   -0.4239088975148476   -0.4335241527148176    0.3882091598093274
  -0.1473048826667231  -0.01606745422311846   -0.1229687512513279  -0.03108328208775536    -0.332331088463252   -0.1172907755732989    0.3932466931396082    0.4718408577577199   -0.3357337677155195   -0.5897123250829006
   0.2545010446415156    0.1133538767489102    0.1769824126260627   0.09677247099895309    0.7809786740835774    0.1278444985649685   0.05661684938162134    0.1754124494346025    -0.449147616215307   -0.1403992521029714
 -0.06774284201448247  -0.06107884707421637   0.01460842268953851  0.007137485218996406  -0.06253111102506329  0.003078743529075017   -0.3302516686702568    -0.693349872996156   -0.2920578227775463   -0.5589260511826014
   0.2554545506634144    0.4584950261514199   -0.3405324611331934   -0.6920612889561087  -0.09826098434337922  0.004766305472719053   -0.2240244263652254   0.04769421138825367   -0.2359222925135858    0.1086975186362207
 -0.07136490516936818   -0.4884819148367938   0.01587880375034354   0.08297034799444808   -0.1992814124546344 -0.005014122841137177   -0.4710947279164494     0.252653498610319   -0.5546872627611611    0.3405525493293651
  0.02884940424385371    0.6785177685773363   0.02176136389795416    0.6246932996058092   -0.2626353645468413  0.001367740701952731   -0.2111953158793203   0.06576695782785136   -0.1524551676571137   0.08315970362249314

35.56151836735011
72.04830323742499
50.53450075771405
103.7246644740791
64.55174216349701
133.3336322285854
88.31894619751787
184.4183162567635
104.6668364034829
219.4905570848425

0.4755536320752473

  -0.02878424466956351    0.01362001973113767    0.02751525266382048   -0.01303222795568327  4.068837586557886e-05   -9.2675822220548e-05  0.0006052371517558945 -0.0001066870513051093  0.0002765767819360402 -0.0001700618082700847

 -0.001383729343851633   0.001727750541732497   0.003840169573689261 -0.0009360918261932752   0.001738884651133183  -0.004513450375038384   0.003966788152076977   -0.01091913928334198    -0.1075917223596519    0.03590129063893303

cov:
    1.149846814446183     2.482142238901471   -0.1348439188735818   -0.2557438659341958  -0.00529747800367396   0.02514072415639442  -0.00973410119844071  -0.03624372848694494   0.01131748284003273  -0.00556166450702095
    2.482142238901471     30.64466319633662   -0.3507846993982274     20.04108420742027    -7.854435421998962      0.13122299755893    -4.020812318198067    0.3939063716811856    -1.274161369094782    0.3597499656966033
  -0.1348439188735818   -0.3507846993982274      1.12710248789369     2.288372405635602   0.04127119441695925   -0.0145896377176501   0.07976574844574175  -0.01404256566472614   0.05948954556471833  -0.03112902178212747
  -0.2557438659341958     20.04108420742027     2.288372405635602     24.26828888603859    -8.523670193410103   0.04569285949987276    -6.836273863364061     2.381231428860189    -5.016152247101149     2.832426599252922
 -0.00529747800367396    -7.854435421998962   0.04127119441695925    -8.523670193410103     6.032718456882344    0.1945450390861953     4.728838759345425    -1.646017872355306     3.934049549662932    -2.392431330080175
  0.02514072415639442      0.13122299755893   -0.0145896377176501   0.04569285949987276    0.1945450390861953    0.6659145811816021  -0.03286400657323298  -0.01935463917301782 -0.004531667162596857 -0.006133988183794897
 -0.00973410119844071    -4.020812318198067   0.07976574844574175    -6.836273863364061     4.728838759345425  -0.03286400657323298     7.855593753222604    -2.358924551032332     6.691456526514774     -3.59997173996842
 -0.03624372848694494    0.3939063716811856  -0.01404256566472614     2.381231428860189    -1.646017872355306  -0.01935463917301782    -2.358924551032332     3.469743031890037    -2.782616883965065     2.468207408375064
  0.01131748284003273    -1.274161369094782   0.05948954556471833    -5.016152247101149     3.934049549662932 -0.004531667162596857     6.691456526514774    -2.782616883965065     8.387461613129371     -3.67019000670997
 -0.00556166450702095    0.3597499656966033  -0.03112902178212747     2.832426599252922    -2.392431330080175 -0.006133988183794897     -3.59997173996842     2.468207408375064     -3.67019000670997     4.269732016719805

cov.inverse():
    10.16688618012706    -4.380464775350407    -11.64987692599661     5.580053714796828    0.1369689629191371   -0.1828102526067666    0.8749620838162435   -0.9100153999146002     1.239329661321489   -0.9987129433329868
   -4.380464775350401      2.06689624199843     5.547360699421752    -2.633305305119258  -0.06389421024948587   0.07165670266265439   -0.4117264508250716       0.4358909054306   -0.5860370987239081    0.4688903530291693
   -11.64987692599661     5.547360699421748     16.43482827744539    -7.375908597122042   -0.6060036702499417    0.3664490753272989    -1.215467466732561     1.236744649941808    -1.494204261381931     1.167072201424304
    5.580053714796814    -2.633305305119256    -7.375908597122044     3.502223649949041    0.2893582712328497   -0.1673311484456143    0.5719069320781072   -0.5876716782472401    0.7098337379118582   -0.5539499649715888
     0.13696896291913  -0.06389421024948272   -0.6060036702499337    0.2893582712328459    0.6201141051150779   -0.2133348789459238    -0.119835322948046   -0.0377387625323163  -0.01070976351769269   0.06792126964060041
  -0.1828102526067646   0.07165670266265343    0.3664490753272965   -0.1673311484456132   -0.2133348789459239     1.579315871402412   0.04383486010879612   0.03579704605534534  -0.01750398318079694 -0.008649159381121117
   0.8749620838162427   -0.4117264508250721    -1.215467466732564    0.5719069320781085   -0.1198353229480454   0.04383486010879592    0.6490344301413747   -0.1487454425938151   -0.2091359140731688   0.03393816551297983
  -0.9100153999145989    0.4358909054305998     1.236744649941809   -0.5876716782472404  -0.03773876253231689   0.03579704605534552   -0.1487454425938147    0.6145541614493873  -0.02264969672943307    -0.160281822232236
    1.239329661321488   -0.5860370987239077    -1.494204261381932    0.7098337379118584  -0.01070976351769165  -0.01750398318079726   -0.2091359140731691  -0.02264969672943276    0.5857371481584001   -0.0965605944882562
  -0.9987129433329847     0.468890353029169     1.167072201424304   -0.5539499649715889   0.06792126964059986 -0.008649159381120963   0.03393816551297981   -0.1602818222322361  -0.09656059448825614    0.6456958034800045

cov*(cov_.inverse()):
     1.000000000000008 -6.103190869355402e-15  3.706236706424448e-15  1.223023418650548e-14    4.9439619065339e-16 -7.022241945917052e-17  2.402022808087323e-15 -1.245531455751347e-15  6.882515390937982e-16 -1.983222613910485e-15
 5.828670879282072e-15      1.000000000000005  2.253752739989068e-14 -3.497202527569243e-15 -6.245004513516506e-16  -2.38524477946811e-17  -2.42861286636753e-17 -6.938893903907228e-18  8.257283745649602e-16 -7.216449660063518e-16
 8.326672684688674e-17  9.454242944073599e-16     0.9999999999999968 -1.391248227733399e-15  3.252606517456513e-17  3.523657060577889e-18  -3.99853761212654e-16   7.37257477290143e-17  9.540979117872439e-17  6.557254739192331e-16
 1.465494392505207e-14  5.329070518200751e-15 -6.750155989720952e-14      1.000000000000002  1.332267629550188e-15 -1.106753577673203e-15 -4.024558464266192e-16   3.33066907387547e-16  2.942091015256665e-15  4.440892098500626e-16
-4.440892098500626e-15  1.110223024625157e-15  7.549516567451064e-15  2.664535259100376e-15     0.9999999999999998  1.422473250300982e-16  3.469446951953614e-16  5.551115123125783e-17  -3.33066907387547e-16  1.110223024625157e-15
-9.020562075079397e-17 -1.344410693882025e-17  2.949029909160572e-16  7.589415207398531e-17 -8.239936510889834e-18                      1  3.390842294448415e-17 -8.023096076392733e-18 -4.336808689942018e-19 -2.862293735361732e-17
-1.021405182655144e-14  1.998401444325282e-15  1.243449787580175e-14   1.77635683940025e-15  5.551115123125783e-17  1.804112415015879e-16     0.9999999999999991   3.33066907387547e-16  9.436895709313831e-16                      0
 4.440892098500626e-16                      0  4.440892098500626e-16  -1.77635683940025e-15 -1.387778780781446e-16 -3.469446951953614e-17  1.110223024625157e-16     0.9999999999999996 -7.494005416219807e-16  2.220446049250313e-16
-2.664535259100376e-15  1.554312234475219e-15   1.06581410364015e-14 -4.440892098500626e-16  3.885780586188048e-16  4.163336342344337e-17  3.608224830031759e-16  8.881784197001252e-16     0.9999999999999993 -4.440892098500626e-16
 8.881784197001252e-16 -4.440892098500626e-16 -2.664535259100376e-15  4.440892098500626e-16  2.220446049250313e-16 -1.457167719820518e-16  -3.33066907387547e-16 -2.220446049250313e-16 -8.326672684688674e-16     0.9999999999999996
