10
1

0.05456358519329076
 0.2807154540064413
 0.8068624264974616
  0.910212587853297
  1.052694533535137
  1.539959238380365
  1.863469029085169
  2.388101596251409
   4.00984250782237
  5.005044904752845

    0.2531767837104643    -0.1112939305685761    -0.7331305398633952     0.3209897020642274     0.4871217904905055      -0.21367794726613 -0.0001416922568575137   0.003746979985413874  -0.002888267124582028    0.00566515275297754
   -0.5839224364631286     0.2394796359096253     0.2267484047821502   -0.09769833651638002      0.631633357671299    -0.2955336330467114    -0.1163612552676242    0.06531935057393809    -0.1695907993652878    0.08863330552967537
  -0.03127636509531857  0.0007449475932720459    0.01258378401147967    0.05916001583402013       0.39738297592987     0.9137572379425809    -0.0400321941542192    0.01384670564960291  -0.001843874529167511   -0.02645274645887364
    0.6388841465085017   -0.04789495415316875     0.4845998445331984   -0.04295745358960797      0.347989686362407    -0.1539012774531512    -0.2329412553113764     0.3021653109799509     0.1361808028313415    -0.2096607471714922
    -0.334152816073942   -0.02164046799927177    -0.2332010983697111   -0.00698238962766047    -0.1619263493850358    0.03184635818136965     -0.177152635259633     0.6892633147335224     0.3019612021111033    -0.4566839231427318
   0.07883089006878151    0.05373202319273189    0.07932639427690866    0.06020379386602507    0.04797371680982265  0.0009027225261837091     0.7967661589806533     0.3724582561689075    -0.4278795897873844    -0.1484475879744985
    -0.105444696506993     -0.107114235703376    0.06260466062369364  -0.008738236353839201      0.117105334819207   -0.06212629673749562     0.1661957011784826    -0.5345640148852685     0.1100982052625824    -0.7939380379411896
      0.19825937682388      0.302988638138509    -0.3328374105280939     -0.846627553770489    0.04221555379761974    0.04269905800872476   -0.04249613254372374   -0.01598791474788348    -0.1592772799659755    -0.1014692015349438
   -0.1167018609210544    -0.6631025910601078    0.02659560594678754    -0.3944595852664322     0.1912398495324028   -0.03954737704224918     0.3297963139076169    0.03594102432166418     0.4258705524309144     0.2465971823002899
   0.06219194585998926     0.6177642128266689   0.005154683536621492    0.07713111804549654    0.06443212497094081   -0.01009092298721539     0.3552237659368511   -0.05575490903293653     0.6779114268622243     0.1241531199546474

35.63768931207672
78.33817548669134
50.18463103068566
111.3690557380669
58.07200794839702
129.2485236545623
83.56310767288956
187.2976969077291
98.32402054479944
221.4110895835314

0.4435165873752356

  -0.02002510894313067   0.008766303488980158 -0.0002986416230767282  0.0001176710659765318    0.02027609508783169  -0.008765050008855933  4.232302125816356e-05 -0.0001904701369472089   5.82021868458368e-05 -0.0002457986858342481

 1.774024296539726e-05   0.002290092006719873  0.0004468366747399439  -0.004114672507863282   0.003323652901685538 -0.0004387240833149536    0.01521729555384196  -0.004651819261937892    0.01069512163925087     0.1404609454287284

cov:
    1.082986143774545     2.570096385994161  -0.09468651745729234  -0.09908757271911972  -0.03727923205873954   0.03126082123791738  -0.07690409526381146 -0.005594560501723152  -0.07526245224121381  -0.06647495553491048
    2.570096385994161     17.20723867959453   -0.8012040693963939     3.947261722400153     -1.00435071208412     0.362776227144578     1.958482899807523    -1.054636655201646     5.563733603687692   -0.5859045699459415
 -0.09468651745729234   -0.8012040693963939    0.9329366346119372     1.440353092336732    0.2394861638415291   -0.1799485295627529    0.4034339787601531   -0.0631631615341369     0.489030458335137    0.1487630149751182
 -0.09908757271911972     3.947261722400153     1.440353092336732     6.752459222461174    -1.289194854989463   0.06967337280921455    -1.082450492393989   -0.2051431893373974   -0.6925584054749854   -0.8220210653759156
 -0.03727923205873954     -1.00435071208412    0.2394861638415291    -1.289194854989463     1.019619842326464   0.01851776847342957     1.683927233828893   -0.1880593970119175     2.337602202271489    0.6135600897590001
  0.03126082123791738     0.362776227144578   -0.1799485295627529   0.06967337280921455   0.01851776847342957    0.6228425766186811   -0.3416557854377598   0.09597860679085289   -0.5094718925892218  -0.04912393563798042
 -0.07690409526381146     1.958482899807523    0.4034339787601531    -1.082450492393989     1.683927233828893   -0.3416557854377598     6.603346363042868   -0.1010047274853821     7.500393189652706     1.828316089979916
-0.005594560501723152    -1.054636655201646   -0.0631631615341369   -0.2051431893373974   -0.1880593970119175   0.09597860679085289   -0.1010047274853821     2.023961765172122    -1.004664409272277    0.9199160585788518
 -0.07526245224121381     5.563733603687692     0.489030458335137   -0.6925584054749854     2.337602202271489   -0.5094718925892218     7.500393189652706    -1.004664409272277     15.16806595083284     3.558583854624407
 -0.06647495553491048   -0.5859045699459415    0.1487630149751182   -0.8220210653759156    0.6135600897590001  -0.04912393563798042     1.828316089979916    0.9199160585788518     3.558583854624407      3.93233283220947

cov.inverse():
   26.46545629648603   -11.24741094557073   -63.59250503110207     27.9626170586979    37.04025910717233   -16.14954897273907    0.744355507482488   -0.113213622677163    1.000604837127198  -0.1835569053611464
  -11.24741094557072    4.954599521622995    28.05294861343548   -12.31872130983657   -16.31324279837631    7.104537574659201  -0.3256216504906685  0.04874658789579056  -0.4435924480904675  0.08721966427697579
  -63.59250503110173    28.05294861343535    181.5415796572966   -79.29659037520717   -117.8891461278973    51.68500685560622  -0.3669342791903541  -0.6989721617104725   0.2371281689522485   -1.179967633478552
   27.96261705869771   -12.31872130983651   -79.29659037520717    34.87391540671123    51.74592179992067   -22.58601361976319    0.157665970258041   0.3163714542530788  -0.1061289580333384   0.5198785913859709
   37.04025910717187   -16.31324279837614   -117.8891461278968    51.74592179992044    85.18495584664427   -36.84427455709915   -1.026028494561949    1.160971433272321   -1.819295210225113    1.572610124164517
  -16.14954897273891    7.104537574659135    51.68500685560603   -22.58601361976311   -36.84427455709919    17.75796684106415   0.4246178154738771  -0.5212675038097951   0.8194714740419298  -0.7375798634882791
  0.7443555074825176   -0.325621650490681  -0.3669342791904392   0.1576659702580788   -1.026028494561889   0.4246178154738507   0.5558765784221145  -0.1930082628528198  0.04516061260524153 -0.07786642528607406
 -0.1132136226771852  0.04874658789580018  -0.6989721617104093    0.316371454253051    1.160971433272279  -0.5212675038097767  -0.1930082628528201   0.7391101354338113 0.008972155319925146  -0.1810171294233852
   1.000604837127235  -0.4435924480904833   0.2371281689521512  -0.1061289580332958   -1.819295210225054   0.8194714740419036  0.04516061260524298 0.008972155319924589   0.5872204074862276  -0.3407381438240245
 -0.1835569053611634  0.08721966427698293   -1.179967633478517   0.5198785913859548    1.572610124164499  -0.7375798634882709 -0.07786642528607547  -0.1810171294233843  -0.3407381438240252   0.5498247163579031

cov*(cov_.inverse()):
     1.000000000000064 -1.907588670357896e-14 -2.095545958979983e-14  4.083539062449404e-14  8.268385975895853e-14  -3.70536934468646e-15 -1.389513504257422e-15  3.712308238590367e-16 -5.377642775528102e-16  7.355227538141662e-16
 1.200428645375951e-14     0.9999999999999954 -5.662137425588298e-15  4.773959005888173e-15 -9.992007221626409e-16  2.153832667772804e-14 -2.220446049250313e-16 -1.110223024625157e-16                      0 -1.110223024625157e-15
 9.044848203743072e-15 -4.336808689942018e-17       1.00000000000004  6.619704784327496e-15  4.940492459581947e-15   2.92821322744885e-15 -7.702172233337023e-16 -1.040834085586084e-17  5.412337245047638e-16  5.828670879282072e-16
-1.482147737874584e-14  -1.61259894326804e-14 -3.885780586188048e-14      1.000000000000063  5.995204332975845e-15 -4.762856775641922e-14 -3.469446951953614e-16  1.110223024625157e-16 -1.665334536937735e-16  1.942890293094024e-15
 3.018418848199644e-14 -5.127842594987442e-15 -5.995204332975845e-15  2.220446049250313e-14      1.000000000000037 -5.384581669432009e-15 -1.006139616066548e-15  5.967448757360216e-16  2.775557561562891e-17  3.885780586188048e-16
-5.615299891736925e-15  8.942499518660441e-16   3.70536934468646e-15 -6.813993813636898e-15  -8.93729534823251e-15      1.000000000000001  2.324529457808922e-16 -7.806255641895632e-17 -2.775557561562891e-17 -2.532696274926138e-16
-5.384581669432009e-15  5.467848396278896e-15  7.549516567451064e-15  -2.34257058195908e-14 -2.842170943040401e-14  5.995204332975845e-15     0.9999999999999997  2.775557561562891e-16 -4.440892098500626e-16  4.440892098500626e-16
 1.360023205165817e-15  2.359223927328458e-16 -1.110223024625157e-15  9.992007221626409e-16  3.996802888650564e-15  1.221245327087672e-15                      0                      1   3.33066907387547e-16 -2.220446049250313e-16
 4.329869796038111e-15 -9.103828801926284e-15  7.105427357601002e-15 -1.953992523340276e-14 -5.595524044110789e-14  1.820765760385257e-14  4.440892098500626e-16 -1.110223024625157e-16     0.9999999999999998  2.220446049250313e-16
 3.996802888650564e-15  6.106226635438361e-16 -7.993605777301127e-15 -1.332267629550188e-15 -7.105427357601002e-15  6.661338147750939e-15  -3.33066907387547e-16                      0                      0                      1
