10
1

 0.0537575627730066
0.06724301240992474
 0.4621180547701246
 0.8040300142755671
 0.9970668277673576
  1.576831354207617
  2.187433451726156
  2.610505816651031
  3.737370076219082
  6.938763508725698

    0.1145825253900039   -0.04998704090119335     0.0699433725763372   -0.03102658856974547    -0.7232557817311204     0.3163041664210875     0.5459509335672003    -0.2392167822059826  -0.003236147933380867   0.008520630457973077
    0.4476924088304084    -0.1970330334164954    -0.7656396311234119     0.3349394681393231     0.1355996286717396   -0.05979338985549072     0.1843408694870984   -0.07971871227963706  -0.003125373295892937   0.007217532731298067
   -0.5362178847373608     0.1760800511995204   -0.09881916629830771    0.04080984134609669     0.3583535714484725    -0.1310973732664124     0.5612508100291413    -0.2939496247201107    -0.3148670591397706     0.1545367363081041
    0.1168910517910647   0.005327518547999335    0.07659976106513335  -0.008163839882190735    0.01541625881670969   -0.06905380546021725    -0.3743331548088195    -0.9135944762047794    0.01847060248322812    0.01570025155525474
    -0.618221747376325    0.01612765554049223    -0.5377371505440636  -0.004035205370717595    -0.4268887536340531    0.03099057341094967    -0.3743067393400987    0.02152544568529564    0.05977750018867811    0.03205605659386704
    0.1930778203818952      0.134260084409344    0.02389790554065417    0.01294420644073365    -0.1499327562571727    -0.0717579024042016    -0.1581704008924607     0.1029312952319338     -0.351223057291164     0.8702626795717947
   -0.1765804898827996    -0.3740460772274614    0.05746497054770314     0.1478342683525814     0.3066429038617162     0.7088759250013668   -0.02479699929089654   -0.04760630143341219     0.3087864737592646     0.3301308588153109
    0.1819632262210904     0.4180369090108568    -0.3031692805526139    -0.6675707235387512     0.1752581403010036     0.4459008676339921   -0.03158055895611306   -0.01556797398284584    -0.1334173156301408   -0.07739102198990407
-0.0002946066495643641   -0.02715609018489292   -0.08709305949846824    -0.4196511638062632    0.01942766613135444    -0.3852946264849926     0.2146349949262157   -0.04222326850694846     0.7192321777145023     0.3187394945032455
   0.03847945556097668     0.7706867474160691    0.02719815020557529     0.4912476316277204  -0.004723544313531312     0.1361148533741575   0.004942131894648196   0.003047407903320088     0.3783148871674953    0.02814006942816512

22.60363973571297
48.76437596244448
35.63701130068756
78.33485000674811
50.18348323299532
111.3698728810659
 58.0691375346243
129.2489082198792
98.32116805138489
221.4242012171808

0.4434429866134676

  -0.01193181326976943   0.005271171570737648   -0.00257327174829999   0.001103728266136678   0.003260580857721092  -0.001434933184513702    0.01126773708509731   -0.00486855810975766  3.391028924559303e-06 -0.0004682261857838946

  7.67339042854729e-06 -4.751020404013345e-06   0.003558606019546978 -0.0007762079957978994   0.003049271755261962   -0.01173875278007388 -0.0003251611503941319  -0.001614719277229903    0.03791924852129108     0.1874700988099422

cov:
  0.9899555238579678    2.296705519165442 -0.01620204318806017 -0.03680840288393043  0.09996046096139541   0.1640330555621228  0.05217744617851449  0.02730574772899486   0.1036790224910543  0.05751395145905943
   2.296705519165442    30.51952803661445  0.07230030456384316    16.22642400794395  -0.2755635027259894    5.169754419940262  0.01715096373641259   0.1905580182330893    12.70407404316718   0.4088161376756702
-0.01620204318806017  0.07230030456384316    1.081150590311548    2.574154105920623 -0.09570534224271665  -0.1005826126398829 -0.03641355582861411  0.03022892783128769 -0.06426110096301207 -0.06816874646734267
-0.03680840288393043    16.22642400794395    2.574154105920623    17.22166351594949  -0.8057964142777377    3.947389084963279   -1.011589355655211   0.3621107725494764    5.542936421768006  -0.5880239031766167
 0.09996046096139541  -0.2755635027259894 -0.09570534224271665  -0.8057964142777377   0.9318167462465763     1.43932081417289   0.2390276751615448  -0.1792506817483774   0.4845141900591116   0.1459845079507149
  0.1640330555621228    5.169754419940262  -0.1005826126398829    3.947389084963279     1.43932081417289    6.745781765061418   -1.284665058834162  0.06954021391923609  -0.6770312367448595  -0.8056784687510419
 0.05217744617851449  0.01715096373641259 -0.03641355582861411   -1.011589355655211   0.2390276751615448   -1.284665058834162    1.014752032931586  0.02005593595019677    2.312024253183989   0.6003265476012593
 0.02730574772899486   0.1905580182330893  0.03022892783128769   0.3621107725494764  -0.1792506817483774  0.06954021391923609  0.02005593595019677   0.6228697179114597  -0.5046084815769744 -0.04641609184483411
  0.1036790224910543    12.70407404316718 -0.06426110096301207    5.542936421768006   0.4845141900591116  -0.6770312367448595    2.312024253183989  -0.5046084815769744    15.02556115733263    3.504525971603144
 0.05751395145905943   0.4088161376756702 -0.06816874646734267  -0.5880239031766167   0.1459845079507149  -0.8056784687510419   0.6003265476012593 -0.04641609184483411    3.504525971603144    3.908868992243625

cov.inverse():
   50.64822232659222   -21.90567711782959   -72.44581617918872     31.8093366114986   -15.90074757913245    6.898825748040594    38.64222151359105   -16.80907691860865   0.2770726299288401   0.7006762240473573
  -21.90567711782959    9.670511037523729    32.04271263847214   -14.06817043574697    6.868761731698018    -3.00283500616088   -17.03153446775233    7.370512293774963  -0.1129577830381526  -0.3175558003995961
  -72.44581617918742    32.04271263847151     131.698083575544   -57.44891060645766   -40.40454071548503     17.8063886760483   -18.10391900849607    7.726412023348622   0.5684434309650972   -1.089098410875301
   31.80933661149792   -14.06817043574669   -57.44891060645765      25.239340177935    17.87055849672192   -7.858631366306843    7.902171563903303   -3.379697654409868  -0.2543818047703609   0.4853850828380705
  -15.90074757913703    6.868761731700018   -40.40454071547796    17.87055849671884    185.8956400240415   -81.12959036514091   -130.0071200279525    56.94462599031963   0.2010989460733335   -1.702970551783436
   6.898825748042618   -3.002835006161778    17.80638867604508   -7.858631366305451   -81.12959036514088     35.6470898768897    56.99469599414593   -24.85984746394562 -0.09130857489600118   0.7516312621002427
   38.64222151359424   -17.03153446775375   -18.10391900850195    7.902171563905839     -130.00712002795    56.99469599414487    112.5019502191042   -48.70101895502132   -1.567056142372753    2.237127685000865
  -16.80907691861006     7.37051229377558    7.726412023351153   -3.379697654410965    56.94462599031858   -24.85984746394517   -48.70101895502133    22.90834606848834   0.7121216187548972   -1.034817592825121
   0.277072629928763  -0.1129577830381187   0.5684434309651843   -0.254381804770399   0.2010989460734322 -0.09130857489604458   -1.567056142372863   0.7121216187549451   0.5863121162055627  -0.3234844916072223
  0.7006762240474367  -0.3175558003996318   -1.089098410875433   0.4853850828381272   -1.702970551783424   0.7516312621002376    2.237127685000901   -1.034817592825136  -0.3234844916072205   0.4854344710084345

cov*(cov_.inverse()):
      1.00000000000007  1.961625306634573e-14  2.171596236166806e-13  1.384656278524687e-14  3.867739462037889e-14   1.49741330446318e-14  1.923461390163084e-14  1.755540157688529e-14  1.457167719820518e-16  1.242062008799394e-15
 4.651834473179406e-14      1.000000000000029  3.397282455352979e-14   2.63955524104631e-14 -2.475797344914099e-14   3.05311331771918e-15  1.409983241273949e-14  1.149080830487037e-14 -1.249000902703301e-15  1.443289932012704e-15
   6.2304328363183e-14 -5.512951206654293e-15      0.999999999999998   7.98666688339722e-15 -3.276545701424993e-14  3.914923940584458e-14  8.992806499463768e-14 -3.017031069418863e-14 -2.463307335887066e-16  1.797173521111972e-15
 1.249000902703301e-14 -1.637578961322106e-14 -1.691979889528739e-13     0.9999999999999838  4.174438572590589e-14  3.491651412446117e-14   9.85878045867139e-14 -2.708944180085382e-14 -7.494005416219807e-16  6.661338147750939e-16
 1.146305272925474e-14   3.37924133120282e-15  2.853273173286652e-14 -1.471045507628332e-15      1.000000000000001  5.939693181744587e-15  2.431388423929093e-14 -4.496403249731884e-15  2.289834988289385e-16   1.52655665885959e-16
-3.885780586188048e-14  1.332267629550188e-15  1.265654248072678e-14 -6.217248937900877e-15 -7.926992395823618e-14       1.00000000000004 -6.439293542825908e-15  6.661338147750939e-15  4.440892098500626e-16 -1.110223024625157e-15
 1.837419105754634e-14 -3.941291737419306e-15  7.438494264988549e-15  2.498001805406602e-15 -7.327471962526033e-15  2.142730437526552e-14      1.000000000000036  -1.06581410364015e-14  5.551115123125783e-17  9.992007221626409e-16
 3.240463453124676e-15  4.926614671774132e-16  4.739264536368637e-15  1.210836986231811e-15   4.08006961549745e-15 -5.169475958410885e-15 -5.134781488891349e-15      1.000000000000003 -7.806255641895632e-17 -9.020562075079397e-17
 -1.13242748511766e-13  3.175237850427948e-14 -1.318944953254686e-13 -2.398081733190338e-14   9.85878045867139e-14 -3.153033389935445e-14 -1.172395514004165e-13  2.797762022055394e-14     0.9999999999999998  -1.77635683940025e-15
 9.325873406851315e-15  1.332267629550188e-15  7.105427357601002e-15  8.881784197001252e-16  1.332267629550188e-14  4.884981308350689e-15  3.552713678800501e-15  8.881784197001252e-16                      0                      1
