10
1

0.1308677129932826
0.1674909833382781
 0.172715036418283
0.4082974603405226
0.6168267084693521
0.8494184020853179
0.8761806756224924
 1.596196329734056
 2.177298580208875
 3.545311569384243

   -0.5190907403259907      0.207204063757301     0.7358737914479107    -0.2426711601835204    -0.2789038591124498  -0.002634811179281016    -0.0466725580487509  0.0007868612818441079   -0.08142721086109364    0.02465984577527565
   -0.2330824244894043    0.09320612893094016     0.1234257294470472   -0.07920089825213041     0.9431547543088817     0.0746985593479778   -0.02178334496791815   0.007155981989070192    -0.1390139728153714     0.0225196752225262
   0.07195460752633824   -0.02883982542346925   -0.08038528695048654    0.03006915018300426    -0.1101791455112156  -0.009884071418169256    0.02325600685240971  -0.004672293203919531     -0.986777801413339  -0.009726780577745661
    0.7037169203192986    -0.2404048888198702     0.6424378795674617     0.1035465003133294     0.1141407720917034     0.1012130095440982    0.01338336550333898  -0.006528810667697405  -0.004198603420489876  -0.005302960614169164
  -0.03178429203872355    0.01308663367205695     0.0376521846729282    0.01933543354203945    0.02541045109811905    -0.1738335532290602     0.7196016521311599    -0.6692870447443467    0.01399199771747511   -0.01398912191438099
    0.0328601547807478   -0.01759604297593518    0.07884024809930963    0.06075712885588434     0.0812954598167768    -0.9180820842987343    -0.1202254282257478     0.1234436615672932  -0.001697598494985621    -0.3309446143408559
   -0.0526836902505563    0.02012229361136176  0.0004223588540905481    0.04111848140024267   -0.01371390280720334     0.3301455343089481     0.0252852301707744   -0.03521828903599031   0.005043813299845184    -0.9402336722471579
    0.2841529514365632     0.1019545235767974    -0.1255593479579009    -0.8688682205261024    0.00507209922537065   -0.04414665581745469    -0.2318873533008124    -0.2800522284953912  -0.002148407376494586   -0.06312666981195122
   -0.1140784889383229    -0.1420852142673491    0.02519287441018607     0.3269860648442426  -0.001862980834632428   0.005212137789268021    -0.6366100592242623    -0.6731368571308429  -0.008186276682761015     0.0275694502560446
    0.2778489041806944     0.9264362509059049   0.005843629918609114     0.2358050163994044  -0.005681197698156727    0.00253567934168845   -0.06828656930287563   -0.06258933007285961 -0.0009687038158880213    0.01604935615627032

35.75279445945711
77.36239054184554
49.86587742526377
112.5234732309979
67.65236503584086
158.1593198199609
79.66863089335531
187.2456239094105
107.5105452870333
259.2623206205146

0.4026304879066964

  -0.02891461375020238    0.01159402271132688    0.02944606880621792   -0.01172761624929387 -1.752550378574897e-05  -6.74764354886909e-05 -0.0001795852937779576   9.11839214115735e-05 -0.0006250645044398251  5.442444358279891e-05

 0.0007191690093995635  0.0003493882639811741 -0.0001348431417888276 -0.0009071416671777265  0.0006712444198472633  0.0003833189686220131  0.0009233258327929189  -0.001336805654627861  -0.006553895222219425   0.001531359377962726

cov:
     1.329902998780772      3.353985012093234   -0.01487607580065804    0.03206813987749839  -0.003519993915612715   -0.04755421063596547   -0.07247841428949477   -0.04568496112466573  -0.001902475861896282    0.02477899048735471
     3.353985012093234      10.92140102120211  -0.005089123052633708      2.294620008666935   -0.06770355325264048    0.02657682633224955    -0.4218808602494946    -0.3533243900066221  -0.005790290928400588     0.1418948936902014
  -0.01487607580065804  -0.005089123052633708     0.1273279422416836     0.3457590004484809    0.01496085084505881   -0.02858715233115994  -0.002671964362213271   0.001369491687225575  0.0001529751166767956    0.00517938263193365
   0.03206813987749839      2.294620008666935     0.3457590004484809      3.136317782309811   -0.02670173707011766    0.08380406931212279    -0.6745613715016252    -0.6097478552366995   -0.01092740135226009     0.1855073964583339
 -0.003519993915612715   -0.06770355325264048    0.01496085084505881   -0.02670173707011766    0.03446688021780434   -0.05585732852126704   0.006965763748356784   0.008012702270727793 -2.950327169451933e-05   -0.01144438242118533
  -0.04755421063596547    0.02657682633224955   -0.02858715233115994    0.08380406931212279   -0.05585732852126704     0.7103591024643618    0.04680424956062895   -0.03365093730668715   0.001418409133858367  -0.009904654321945894
  -0.07247841428949477    -0.4218808602494946  -0.002671964362213271    -0.6745613715016252   0.006965763748356784    0.04680424956062895       2.32489538662672      2.056001851099279     0.0303385274314697   -0.05310783622120251
  -0.04568496112466573    -0.3533243900066221   0.001369491687225575    -0.6097478552366995   0.008012702270727793   -0.03365093730668715      2.056001851099279      2.579494224778949    0.02468070438038678   -0.05604070039608423
 -0.001902475861896282  -0.005790290928400588  0.0001529751166767956   -0.01092740135226009 -2.950327169451933e-05   0.001418409133858367     0.0303385274314697    0.02468070438038678    0.03014281438266925  -0.004061767750211119
   0.02477899048735471     0.1418948936902014    0.00517938263193365     0.1855073964583339   -0.01144438242118533  -0.009904654321945894   -0.05310783622120251   -0.05604070039608423  -0.004061767750211119     0.7747940755867165

cov.inverse():
   20.86244286639028   -8.107043329757413   -20.82548197426192    8.421680991716496   0.8362138507043498   -0.192312016171065    1.628823134551751 -0.07460389076541811    1.223420409698238  -0.9371088204435417
   -8.10704332975741    3.269138393391787    8.458385310260082   -3.404432173098116  -0.3004326116510988    0.103233556393251  -0.6457145508317063  0.02462885852245342  -0.4862164337260236   0.3709959759998291
  -20.82548197426192    8.458385310260086    34.87260858545677   -10.40414107323367   -7.086261014415541   0.5169833961260015    -2.04622647886198   0.0101549993675668   -1.466139186927193     1.12962305612353
   8.421680991716496   -3.404432173098118   -10.40414107323367    4.088327793033355    1.254440103396311  -0.1736536741299386   0.8162660801267471 -0.01772158054157059   0.5499559380984066  -0.4813022445258539
  0.8362138507043494  -0.3004326116510996   -7.086261014415543    1.254440103396311    36.74721722508882    2.539050623490819  -0.0151465263580509   0.2101326002524922   0.2948219699710306   0.3662528790588378
 -0.1923120161710651    0.103233556393251   0.5169833961260017  -0.1736536741299386    2.539050623490818    1.654411800021585  -0.2120207272857711   0.1541844446110452 -0.03525576308008845  0.08045370507594655
   1.628823134551749  -0.6457145508317057   -2.046226478861978   0.8162660801267462 -0.01514652635805089   -0.212020727285771    1.652141654054668   -1.183212569069004  -0.4115729579773039  -0.0930229647719721
  -0.074603890765417  0.02462885852245299  0.01015499936756574 -0.01772158054157013   0.2101326002524922   0.1541844446110452   -1.183212569069004     1.32959059437389  0.09178844168366147  0.02267301937584946
   1.223420409698238  -0.4862164337260239   -1.466139186927194   0.5499559380984066   0.2948219699710308 -0.03525576308008845  -0.4115729579773041  0.09178844168366181    33.71881034378302  0.08714352003186793
 -0.9371088204435422   0.3709959759998293     1.12962305612353  -0.4813022445258539    0.366252879058838  0.08045370507594653 -0.09302296477197197  0.02267301937584933  0.08714352003186793    1.362536588607507

cov*(cov_.inverse()):
     1.000000000000002 -4.822531263215524e-16 -2.782496455466799e-15 -2.099015405931937e-16    2.0643209364124e-16  8.283304597789254e-17  5.507747036226363e-17 -3.805549625424121e-17 -1.218643241873707e-16  2.775557561562891e-17
 9.992007221626409e-16     0.9999999999999989  2.498001805406602e-16 -1.665334536937735e-16  2.151057110211241e-16  1.179611963664229e-16 -1.162264728904461e-16  1.084202172485504e-17 -2.896988204881268e-16 -1.387778780781446e-16
 4.050579316405845e-16  2.075162958137255e-16     0.9999999999999998  1.123233450694983e-16  2.242130092700023e-16 -1.165517335421917e-17 -5.166223351893429e-17 -8.687169907040104e-18  2.027458062547893e-17 -1.647987302177967e-17
-3.524958103184872e-15  1.443289932012704e-15  4.579669976578771e-15     0.9999999999999983 -2.081668171172169e-16  5.204170427930421e-17  -3.05311331771918e-16  8.673617379884035e-18   2.42861286636753e-16 -4.440892098500626e-16
 1.474514954580286e-16 -1.821459649775647e-17 -2.081668171172169e-16  8.586881206085195e-17     0.9999999999999998   2.49366499671666e-17  4.119968255444917e-18  2.059984127722458e-18 -3.035766082959412e-18  1.734723475976807e-18
-3.816391647148976e-16  2.038300084272748e-17  4.041905699025961e-16 -1.379105163401562e-16  9.627715291671279e-17     0.9999999999999999 -6.071532165918825e-18  1.322726650432315e-17  2.114194236346734e-17 -1.040834085586084e-17
  8.81239525796218e-16  -1.07552855510562e-16 -2.213507155346406e-15  4.649058915617843e-16  5.898059818321144e-17 -8.239936510889834e-17      1.000000000000001 -6.416308456769215e-16 -3.599551212651875e-16 -5.551115123125783e-17
 7.702172233337023e-16  5.100087019371813e-16 -1.582067810090848e-15  1.838806884535416e-16  1.179611963664229e-16  4.250072516143177e-17  9.280770596475918e-17     0.9999999999999999 -1.405126015541214e-16  1.387778780781446e-17
 1.301042606982605e-17  8.890457814381136e-18 -3.122502256758253e-17 -8.673617379884035e-19 -1.734723475976807e-18  5.421010862427522e-20 -1.382357769919018e-17  6.600080725005508e-18                      1  1.734723475976807e-18
-1.110223024625157e-16 -1.110223024625157e-16  1.110223024625157e-16 -1.110223024625157e-16  1.110223024625157e-16 -2.081668171172169e-17  1.665334536937735e-16  -1.35308431126191e-16                      0                      1
