12
1

0.06666514164765935
 0.2630451498596709
  0.925262882658435
  1.009908825136653
  1.082044132110388
  1.383700077234642
  1.755979110797294
  1.830349046241667
  1.968070042698386
  2.341894104690119
  5.220223742491373
  10.97599043831125

    0.3829701552085478    -0.2125994465412907    -0.7129641150233643     0.3955464112975126     0.3312964048210357    -0.1833101986163925 -0.0004984354518866349  0.0003359444366506587 -0.0001322721949379744 -0.0004320733808313415 -0.0001992586444058586  2.829223375086886e-05
     0.494003014101605    -0.2525625891029555   -0.06825459156258643    0.03430775672368189    -0.7147019306248947     0.3725013453842616    0.07953782377846694   -0.02475353270542975    0.06426844296876924    -0.0637299523150566      0.118383742132794   -0.08738246090279983
   -0.6025633070914156    0.03690836722932766    -0.4901155059551491    0.03781297953755493     -0.353689251473829    0.04570235700488616     0.3127926695397155    -0.2462499813167994     0.1841435642435772    0.01608644563644293    -0.1851194802265102     0.1995300863810786
   0.05945983735262485   0.003437964602575741      0.034555269194565  -0.002073120217802709   0.009310728171845712  0.0008385847660165902    -0.2616976175469328     0.2038815863058325     0.3833300297542527    -0.6786537667828278    -0.1485527051052368     0.5055025751299602
     0.361611193135776    0.04894958783620068     0.2945602132199594     0.0370731155141029      0.205967950523831   0.002900717481645975     0.4478318784246376    -0.5268847111194356     0.2745062935673099     0.1494903711043182    -0.2776673195244937     0.2886326908043247
   0.01695676098438879    0.01160069114033306    0.01206479105129233   0.009445495049835493   0.004652394535492571   0.003595599596407896     0.3419881461773064   -0.02164583075232447    -0.6805292591936118    -0.2299526520135385     0.3503231688931703     0.4931120470907174
  -0.02343338736744803   -0.02925885478669496   -0.03193801960018352   -0.03962781372078483   -0.02931974831573362   -0.03045326271777308    -0.3551069479019439    -0.1282296717458673     0.2933241460254258     0.4682341233049561     0.5851879257397467     0.4516042468143445
    0.2307820633064941      0.357424058430882   -0.07137876862216454    -0.1094293188182032    -0.2616134570365434    -0.3636569329288021     0.1705468627497277     0.5592920765935259  -0.004297442907743417     0.3571901345530124     -0.265121487186564     0.2478779719425167
   -0.1852630420155875    -0.3705713778021075     0.1511467517361026     0.2386160422299697     0.2443077516993721     0.4105879145481718     0.3851594865430833     0.5327824165326204      0.215288265228239     0.1717727419897954    0.07304592088120722    0.08310979424929427
    0.1502651871077385     0.2672750541313457    -0.3598449890240384    -0.6658493506609541     0.2874209498666391     0.4860202713051702    0.07988698502626218    0.05238959568824093    0.05037492775277406  -0.007131320147113753    0.04800430911262048    -0.0171649544119829
  -0.02886961400135108    -0.4507861956738504   -0.01298229288126334    -0.1572082546036321    0.01237396532001478     0.1973194520679123    -0.3806339796447343   -0.05103395429549874    -0.3513061482285245     0.2730895623594614    -0.5427403619410378     0.3032154093499486
  0.009040134372275939     0.5886710419357636   0.009362953431334538     0.5485578489828675   0.008073493933926911     0.4986205929133559    -0.2346063549674642   -0.02544879518482378    -0.1348510475328589    0.09444775397666913    -0.1219882232663751    0.07758564275976838

22.69072540326379
39.82249474251229
35.56060703429053
62.94345421098684
50.55934782473648
89.92576407174455
72.64878630811944
129.9431454646071
87.26382698556071
156.0119493139175
103.2362100165766
185.5041765574621

0.5596766292015015

  -0.02003482146256882    0.01115394883195046   0.001874972023808463    -0.0010301850661104    0.01737548508475326  -0.009639641624624202  0.0003088961869434177 -0.0004887352553268713  0.0005938184124309945 -6.492406241445513e-05   2.94593589092115e-06 -0.0002044945330373384

-1.895571258737763e-05  -0.001992027271536443   0.004472210578836486 -0.0009637204999993511  -0.002510943097137041  -0.001003329880084692 -0.0002641884146263638  -0.006687303204104721 -0.0005364722891539105   0.001776980220018186    -0.1739060977072781     0.1215108335839081

cov:
   0.9550932860298574     1.753673128729731   -0.0610022691174044  -0.08238974799531631    0.1069752668781145    0.2049933298730215   0.01711470475271186   0.02975700937371166   0.01660389675056088  0.005404352236975551     0.018356105436776 -0.005863020150794448
    1.753673128729731     48.64846420735343 0.0001169699766279165     39.39069024825382    0.1935335026635231     32.62330497808598    -12.12078291419763    -1.221830251263543    -5.508032504791223     3.474566056076891    -2.405381100608716      1.92621033096093
  -0.0610022691174044 0.0001169699766279165      1.14534435863412     2.153884393967564   -0.1318382816603476   -0.1554715070285784  -0.04645482919643226  0.005164929311601015  -0.01417160897779428  0.008909678580081688 -0.007584374495012261   0.00446659041533116
 -0.08238974799531631     39.39069024825382     2.153884393967564     39.62636433311086   -0.2473476308195218     30.85043318080169    -13.79195847341463    -1.383177259584577    -7.421104357681742     5.072524727692905     -5.82981569166282     3.848411841342963
   0.1069752668781145    0.1935335026635231   -0.1318382816603476   -0.2473476308195218     1.120953244340708     1.995870245528502   0.02639943919479384    0.0166564282063016   0.01559741411876588  0.005697555551586709  0.007542225502091608 -0.006086508938005854
   0.2049933298730215     32.62330497808598   -0.1554715070285784     30.85043318080169     1.995870245528502     33.41911680786747     -15.4705314525806    -1.497566585924129    -9.529725514734384     6.914266429820299    -9.736875060417564     6.043369248587897
  0.01711470475271186    -12.12078291419763  -0.04645482919643226    -13.79195847341463   0.02639943919479384     -15.4705314525806     12.28761932708744     2.115439108216094     7.120615187565002    -5.444638044516793     8.489721398584821    -5.182115998492874
  0.02975700937371166    -1.221830251263543  0.005164929311601015    -1.383177259584577    0.0166564282063016    -1.497566585924129     2.115439108216094     2.782452243677744     1.136365162036849   -0.0598786930527469    0.7298894715220121   -0.3423722099055472
  0.01660389675056088    -5.508032504791223  -0.01417160897779428    -7.421104357681742   0.01559741411876588    -9.529725514734384     7.120615187565002     1.136365162036849     7.166856149802551    -3.504555467128974     7.152475552807905    -4.014821516383809
 0.005404352236975551     3.474566056076891  0.008909678580081688     5.072524727692905  0.005697555551586709     6.914266429820299    -5.444638044516793   -0.0598786930527469    -3.504555467128974     4.922638813915206    -4.955775472360354     3.630554326235591
    0.018356105436776    -2.405381100608716 -0.007584374495012261     -5.82981569166282  0.007542225502091608    -9.736875060417564     8.489721398584821    0.7298894715220121     7.152475552807905    -4.955775472360354     11.52269770870924    -4.883099857247857
-0.005863020150794448      1.92621033096093   0.00446659041533116     3.848411841342963 -0.006086508938005854     6.043369248587897    -5.182115998492874   -0.3423722099055472    -4.014821516383809     3.630554326235591    -4.883099857247857      4.95201913888899

cov.inverse():
     37.09682896428658     -20.08348611873554     -61.50870038737383      34.27816923526735      23.73743621478791     -13.19927164232175     0.4294407667635887    -0.1099885832075547     0.4078628239359262    -0.4866334003014328     0.8426869857515817     -0.630002588847777
    -20.08348611873553      11.19296224380188      34.30757429459187     -19.10507226809875     -13.28323415406378      7.356525691221061     -0.239323145494689    0.05538139684034896    -0.2279084084827159     0.2693815711702623    -0.4706571002500597       0.35170068636343
    -61.50870038737344      34.30757429459177      114.8313801812374     -63.44555786336014     -52.19177622597224      29.00671179979994   -0.06161682659168902  -0.007497367268142614   -0.06753088786479272     0.1307269120065595   -0.05197866424565278    0.05455143879512675
     34.27816923526726     -19.10507226809871     -63.44555786336014      35.32735976428039      29.11162499663121     -16.14846325151982    0.03943998496222712 -0.0004350713384262634    0.03771290516018391   -0.07174776486653001    0.02841208363724181   -0.02954377730527256
      23.7374362147876     -13.28323415406366       -52.191776225972      29.11162499663107      32.31242128526646     -17.45067351948535    -0.8923649128343921     0.2854507947816988    -0.6860409461472246     0.6172110122722527     -1.188521493757509     0.8596855177950106
    -13.19927164232171      7.356525691220997       29.0067117997998     -16.14846325151974     -17.45067351948534      9.698626367871878     0.4961632757996047     -0.160240813976574     0.3827477725910927    -0.3484831550577027      0.666068293771775    -0.4804461752000868
    0.4294407667635985    -0.2393231454946933   -0.06161682659170452    0.03943998496223557    -0.8923649128343849     0.4961632757996004     0.6001109744419489    -0.2784288397441641    0.01956785402022044     0.1001449862703096  -0.002153742332645845   0.005462468902668004
   -0.1099885832075564    0.05538139684035043  -0.007497367268137001 -0.0004350713384292669     0.2854507947816962    -0.1602408139765725    -0.2784288397441642      0.530407774392454   -0.09731315633084811    -0.1190096986435299    0.04513073082949294   -0.02725777664265245
    0.4078628239359409    -0.2279084084827243   -0.06753088786482152    0.03771290516020014      -0.68604094614721     0.3827477725910844    0.01956785402022015   -0.09731315633084799     0.5946420474408051    -0.1440673620727633    -0.1076626267121668    0.08725334832450968
   -0.4866334003014694     0.2693815711702834     0.1307269120066322   -0.07174776486657058     0.6172110122722173    -0.3484831550576827     0.1001449862703098      -0.11900969864353    -0.1440673620727634     0.6769488253366974   -0.03293830177449166    -0.1726904766376245
    0.8426869857515983    -0.4706571002500684   -0.05197866424568013     0.0284120836372569     -1.188521493757499     0.6660682937717689  -0.002153742332645501     0.0451307308294928    -0.1076626267121666   -0.03293830177449213     0.5389408561210716    -0.1831139764555507
    -0.630002588847795     0.3517006863634399    0.05455143879515854   -0.02954377730529025     0.8596855177949974    -0.4804461752000792   0.005462468902667792   -0.02725777664265233     0.0872533483245093    -0.1726904766376241    -0.1831139764555506     0.6952993446146118

cov*(cov_.inverse()):
     1.000000000000006 -1.200949062418744e-14 -2.057735492416723e-13  2.626211422808444e-14  9.667266986923551e-14  6.359756471452371e-14  -1.99251287127597e-15 -7.810592450585574e-16  2.396086801192965e-16  -1.17354043149831e-15  -8.76902717106276e-16  1.491862189340054e-16
-1.110223024625157e-14     0.9999999999999821  3.275157922644212e-15  1.221245327087672e-14 -2.309263891220326e-14  4.063416270128073e-14 -1.092875789865388e-16 -2.289834988289385e-16   1.52655665885959e-15  1.554312234475219e-15 -5.551115123125783e-17  2.220446049250313e-16
-3.707971429900425e-15  3.935437045687884e-15      1.000000000000021 -3.863895965336428e-14 -9.612536461256482e-15    -7.703906956813e-15   3.46077333457373e-16 -1.609904700869413e-16 -5.139118297581291e-16  4.553649124439119e-16   9.71445146547012e-17  1.292368989602721e-16
 1.789679515695752e-13 -9.880984919163893e-14  4.117262086822393e-13      1.000000000000006 -7.416289804496046e-14 -1.096900348329655e-13  2.896988204881268e-15  -1.52655665885959e-16 -1.498801083243961e-15   2.55351295663786e-15 -6.772360450213455e-15  4.440892098500626e-16
 2.560885531410761e-15 -3.040536572518349e-15  -2.24911235469083e-14  5.632294760790635e-15      1.000000000000009  6.369037242048847e-15 -8.352422486285205e-17 -1.634163724478777e-16  1.555830117516699e-16 -3.742665899419961e-16  4.364997946426641e-16 -3.096481404618601e-16
 3.419486915845482e-14 -2.842170943040401e-14  3.788636071533347e-13 -5.995204332975845e-15 -2.371436380599334e-13      1.000000000000007  1.373900992973631e-15 -3.885780586188048e-16  1.665334536937735e-15  1.554312234475219e-15  -1.77635683940025e-15  -1.77635683940025e-15
 -1.06581410364015e-14  8.659739592076221e-15  -1.50712775592865e-13 -3.044786645034492e-14  2.042810365310288e-14  1.376676550535194e-14     0.9999999999999997   3.05311331771918e-16  2.220446049250313e-16 -5.551115123125783e-16  8.881784197001252e-16  8.881784197001252e-16
-1.426636586643326e-14  7.327471962526033e-15  5.499073418846478e-15 -9.886189089591824e-15 -9.992007221626409e-15  5.939693181744587e-15 -1.804112415015879e-16     0.9999999999999998  1.040834085586084e-17 -1.249000902703301e-16  2.498001805406602e-16  2.775557561562891e-17
 7.105427357601002e-15  8.659739592076221e-15 -1.255107129338739e-13 -1.908195823574488e-14 -2.176037128265307e-14  6.661338147750939e-15  1.283695372222837e-16 -1.249000902703301e-16                      1 -9.992007221626409e-16  1.332267629550188e-15 -4.440892098500626e-16
-2.842170943040401e-14  7.327471962526033e-15  8.310019339319297e-14 -3.434752482434078e-14 -4.085620730620576e-14  1.887379141862766e-14  6.730727086790012e-16 -2.636779683484747e-16 -9.436895709313831e-16                      1  2.220446049250313e-16                      0
 2.264854970235319e-14 -9.103828801926284e-15 -1.681987882307112e-14  2.436939539052219e-14  -1.77635683940025e-15 -2.664535259100376e-15  3.122502256758253e-16  1.942890293094024e-16   1.27675647831893e-15 -4.440892098500626e-16      1.000000000000002  4.440892098500626e-16
-3.996802888650564e-15  2.220446049250313e-15  3.741451592986778e-14 -3.860800568133982e-14  -1.77635683940025e-15 -4.440892098500626e-16  1.700029006457271e-16 -2.220446049250313e-16 -6.106226635438361e-16  1.110223024625157e-16 -1.110223024625157e-16     0.9999999999999996
