12
1

3.66211840511847e-10
 0.01871260722785573
 0.02664691111099611
 0.02962173521388189
 0.03464326096500467
 0.08862624084634191
  0.1914082581449535
  0.6098920147009184
   1.633139051496979
    1.83092310654281
   2.360547468907391
   3.078298480176104

                     0   3.68631805079894e-18 -2.888472542142542e-17  1.687611497485429e-17  5.372256227782989e-17 -3.152078215084756e-17  1.639009692709807e-16 -6.404031312799912e-17  -5.34649396418407e-16                      1 -4.485906652353186e-16   8.37118382712177e-18
    0.3643016314614161    -0.2046211350888153     -0.699156829598392     0.3926990460454577     0.3450348718716587    -0.1933821505004459   -0.03490441809019981    0.01133330025268726     0.1457284669928853  5.087829464367259e-18   -0.05243447555930318    0.02455723711351705
   0.05013083108996756   -0.02609921463554678    -0.1027428550636378    0.05696888276069063    0.07945286772584223   -0.04483243531734128    0.06519532921134637   -0.02555286739882232    -0.8680705067981999 -2.145770289984205e-16     0.4646269044401417    -0.0188024564319267
  -0.01696041154538933    0.01446641954756449  -0.009794228262898051   0.006733198495052479    0.05474888247284287   -0.03231605826366774     0.1738257318111128   -0.06839070229004067    -0.4455803038880327 -6.767767906150502e-16     -0.872594213181317    0.02156142928592763
    0.0314522393841812   -0.02324191851246947    -0.0246508719086846    0.01495260882059717   -0.04314904176694648    0.01676790598308144      0.914101798873281    -0.3474293880379986     0.1496523204918299 -8.190700700725561e-17      0.128556685139578   -0.01686430224535675
     0.495922972975823    -0.2839663633082891   -0.09705059004380803    0.04661776726334051     -0.702007713098098     0.3958620630196185   -0.04450858842234062    0.01870963855282895   -0.06301167499529668  2.355376713468341e-21    -0.0511988573734894   -0.05819806478101662
  -0.01597833480051619  -0.003624711177951181   -0.00606844270508594   -0.01031955769640021    0.06230460964133648   -0.02220767061055928  -0.006520192811496942    0.01581303275905395    0.01164883263118979  1.229768839552685e-22   -0.02815124242840731    -0.9969916937117315
    0.6579091511885844    -0.2443483689473603      0.551543897275055    -0.1753725430276093     0.3831592641381014    -0.1586640008246916    0.00510065742555464  -0.007538584351059953    0.01264905180982694  2.891514928716249e-29   0.001083229023399215    0.01624555927664266
   -0.1090125736254548    -0.0527119510729816     0.4311179686068712     0.8906363491326285   -0.07057067318029094   -0.02826493203539002   -0.00852773348557815   -0.01388235733600777  -0.002185612035862065  1.191013503692841e-32  5.983564754024485e-05   -0.01387627088438011
    0.1261499312714645     0.2823879198749046    -0.0138588623075466    0.02178373419113514  -0.007773658537863262     0.0270496041294396    -0.3372531016910874    -0.8881859618512464   0.002025372869346746  2.914562817239389e-33   0.002059404417517805   -0.01619403738543148
   -0.3226551624360131    -0.6393237100928074     0.0100427841948046   -0.04082992207227565      0.343284567369578     0.5643808585756566   -0.07635221918241077    -0.2073382383615658   -0.00188788080415133  1.139012707263043e-35  -0.001768478625821232    0.01397691037020877
    0.2292401981023427     0.5701641037515288   -0.01039706138980689     0.1177417971996209     0.3215373071111411     0.6758974379265454    0.08391772534578336     0.2027832311739752  0.0007594506218240318  5.835308242500259e-38   0.001619319719365779   0.000766667954617262

22.39890725134491
26.32713569082864
35.39734411679752
49.44607218300423
50.45005711794214
76.24817517908608
68.46989948902601
107.8835488296137
85.15355854708112
134.4140014648438
107.5220173530011
182.6759580286538

0.5636462045908049

 -0.02810765327898842   0.01562442541625793  0.007939141735172121 -0.004693574710880947   0.02133526851107043  -0.01194391479161585   0.00390587450346701  -0.00135333828817457  0.007930811643480164 -0.008577128486296763 -0.001214343840953277  0.001237080123282108

-1.150288240188378e-21 -3.523095543768227e-06 -5.575412889058328e-06  4.136593984862245e-07  2.900172490752485e-06 -0.0003124543050258317  3.054117675640635e-05  -0.002562518089893902    0.00070889634559121  0.0001456385392443572 -0.0004381019383774341   0.006400748959978565

cov:
     1.326107968517896      2.461797883196854   -0.03734380967721659    0.03675443087437052     0.1895458603534577     0.4358878922278091     0.1805315203571018     0.4399092521707306   0.009379111926922241                      0   0.007660451444139516    -0.0219432562757014
     2.461797883196854      5.655635603979508    -0.2155405832701642     0.6928066972573421     0.4835550211845855      1.684326956282984     0.4069477337920755     0.9960376065312276    0.01203834861676894                      0    0.01699006357692464   -0.06024370440566514
  -0.03734380967721659    -0.2155405832701642     0.6113604383684208     0.9730912447168004   -0.01421333240525067    -0.1015623509030903  -0.005620620014688123  -0.007834308745866285 -0.0001201618244403215                      0 -3.522209976518175e-05   -0.01090211716275448
   0.03675443087437052     0.6928066972573421     0.9730912447168004      2.269429911052283    0.08721159323497385     0.5710119900607364    0.06578254843720704     0.1760692847217847  -0.004634710870405714                      0   0.002431539692380769   -0.03717123099715195
    0.1895458603534577     0.4835550211845855   -0.01421333240525067    0.08721159323497385      1.708488729728769      3.118679574701269      0.120947519542118     0.2458784590609703   0.001177615346055701                      0   0.001829826506212499    0.03246971410536507
    0.4358878922278091      1.684326956282984    -0.1015623509030903     0.5710119900607364      3.118679574701269      6.119051409740664     0.2669982071623899     0.5677247208990814  -0.001643069486023159                      0   0.004807868899000221     0.0481124526587968
    0.1805315203571018     0.4069477337920755  -0.005620620014688123    0.06578254843720704      0.120947519542118     0.2669982071623899     0.4817557816303575      1.253516183131567 -0.0007355024956745425                      0 -0.0002328056579425056    0.01356019250040602
    0.4399092521707306     0.9960376065312276  -0.007834308745866285     0.1760692847217847     0.2458784590609703     0.5677247208990814      1.253516183131567      3.274426812269501  -0.002366382180820266                      0  -0.001015945968903345    0.03343044758532222
  0.009379111926922241    0.01203834861676894 -0.0001201618244403215  -0.004634710870405714   0.001177615346055701  -0.001643069486023159 -0.0007355024956745425  -0.002366382180820266  0.0008910759908675559                      0  0.0001375011146026897 -0.0004894481524330429
                     0                      0                      0                      0                      0                      0                      0                      0                      0                      0                      0                      0
  0.007660451444139516    0.01699006357692464 -3.522209976518175e-05   0.002431539692380769   0.001829826506212499   0.004807868899000221 -0.0002328056579425056  -0.001015945968903345  0.0001375011146026897                      0  0.0009487523523061924  0.0007924814863502999
   -0.0219432562757014   -0.06024370440566514   -0.01090211716275448   -0.03717123099715195    0.03246971410536507     0.0481124526587968    0.01356019250040602    0.03343044758532222 -0.0004894481524330429                      0  0.0007924814863502999      0.039029809702819

cov.inverse():
               nan                nan                nan                nan                nan                nan                nan                nan                nan                nan                nan                nan
               nan                nan                nan                nan                nan                nan                nan                nan                nan                nan                nan                nan
               nan                nan                nan                nan                nan                nan                nan                nan                nan                nan                nan                nan
               nan                nan                nan                nan                nan                nan                nan                nan                nan                nan                nan                nan
               nan                nan                nan                nan                nan                nan                nan                nan                nan                nan                nan                nan
               nan                nan                nan                nan                nan                nan                nan                nan                nan                nan                nan                nan
               nan                nan                nan                nan                nan                nan                nan                nan                nan                nan                nan                nan
               nan                nan                nan                nan                nan                nan                nan                nan                nan                nan                nan                nan
               nan                nan                nan                nan                nan                nan                nan                nan                nan                nan                nan                nan
               nan                nan                nan                nan                nan                nan                nan                nan                nan                inf                nan                nan
-4.731205016828774 -1.459807987683524  45.20281963558632 -26.91721385736086 -54.21569419362338  30.99125138566694  -26.7664757535651  12.24476108748409  -130.296531511122                  0  1193.774696873124 -38.08386159416798
 20.15090379858434 -10.78778670468868 -45.30013833091335  25.91015023167272  27.56944370516205 -15.73887843202294 -12.23868370739414  4.107487541958585  20.30511305644437                 -0 -38.08386159416935  30.54977437552467

cov*(cov_.inverse()):
nan nan nan nan nan nan nan nan nan nan nan nan
nan nan nan nan nan nan nan nan nan nan nan nan
nan nan nan nan nan nan nan nan nan nan nan nan
nan nan nan nan nan nan nan nan nan nan nan nan
nan nan nan nan nan nan nan nan nan nan nan nan
nan nan nan nan nan nan nan nan nan nan nan nan
nan nan nan nan nan nan nan nan nan nan nan nan
nan nan nan nan nan nan nan nan nan nan nan nan
nan nan nan nan nan nan nan nan nan nan nan nan
nan nan nan nan nan nan nan nan nan nan nan nan
nan nan nan nan nan nan nan nan nan nan nan nan
nan nan nan nan nan nan nan nan nan nan nan nan
