10
1

 0.179063465552566
0.7712875352346056
0.8723415753975329
 1.041125936734975
 1.186486129631238
 1.420093013546144
 1.738487692819344
 2.543418249933999
 4.316300461755702
 7.338348269893642

   0.5484957680421414   -0.2526415028708697   -0.7152690131072955    0.3306468631369122   0.02012584841829713  -0.01486881885867269   0.05340357554984038  -0.05527673013978041   0.06950314807824785  -0.05498432808716428
  -0.2860224258915502   0.06523921764101455   -0.2107406967349815   0.03518883343510911    0.2796642440619002   -0.8819716661767603  -0.05623993910545119  -0.03627927259113607  -0.03258827177736811   0.08159595539452885
  -0.6552682350901432   0.07649872000839208   -0.5141846797910201   0.05451345026869212    0.2039210073278694    0.4228614445089883    0.1444080182644279   -0.1064709353674763   -0.1407929338163406    0.1581326032651006
   0.1603768075955598  0.002779436783485298    0.1274670888611192  0.002452561474682828   -0.1928355331948158   -0.1137204339847904    0.6240640367600134   -0.4240097443341162   -0.4334106838571386    0.3883488050694781
  -0.1472514208113184  -0.01606397660612989   -0.1229222547154351  -0.03108351592677374   -0.3323298047176285   -0.1173140146570456    0.3933296596346949     0.471782939550329   -0.3358319437220302   -0.5896666577788913
   0.2545419331013639    0.1133495312170714    0.1770223041848282   0.09676420953227456    0.7809574292506077    0.1278240869011068   0.05663177103828346    0.1753208151198024   -0.4492060390171299   -0.1403423134770709
 -0.06773918763469877   -0.0610842832103435   0.01461149141450203  0.007126465129585708  -0.06257492087148031  0.003065874162643981   -0.3302504787643936   -0.6933716803915858    -0.292060703099656   -0.5588932725681972
   0.2554562350074226    0.4584810223871983   -0.3405260164670205   -0.6920584709581356  -0.09828259800434741  0.004759833943673937   -0.2240294223018317   0.04769864325749659    -0.235936602205756    0.1087281978847333
  -0.0713643630774962   -0.4884740262357397   0.01590363289495531   0.08301078731746256   -0.1993122644425227 -0.005026261807167456   -0.4710743090170473    0.2526424001081812   -0.5546793087058655    0.3405841636153683
  0.02885220084007091    0.6785330917899018   0.02176437361618376    0.6246924561984208   -0.2626318083771478  0.001365939551876171    -0.211174301503464   0.06575571292217451   -0.1524336441872265   0.08315222921072439

35.56153537881315
72.04832101979427
 50.5345285916443
 103.724591193968
 64.5517840640219
133.3336138245993
88.31912093159823
184.4182273631209
104.6669992527226
219.4905135022468

0.4755551783366514

  -0.02878493972450286    0.01362037403457172    0.02751636142636197   -0.01303270066190883  4.056758291799724e-05 -9.275545754291447e-05  0.0006053114968023926 -0.0001067240764894812  0.0002764997018797815 -0.0001698670695286496

 -0.001383592469838079   0.001727787897530688   0.003840576029195258 -0.0009356466447265705   0.001738568251311516  -0.004513641634737166   0.003966852744347307    -0.0109202006019543    -0.1075755048676128    0.03591425279553865

cov:
    1.149857881649063     2.482181191920804   -0.1348689392297726   -0.2556910578682716 -0.005330914218710459    0.0251558983693941 -0.009873272970820173  -0.03617380790959343    0.0111882132247424 -0.005527122850972796
    2.482181191920804     30.64530392823289   -0.3508153420386337     20.04157382252928    -7.854638267893786    0.1312411042373393    -4.021043587664219    0.3939886972424883    -1.274324005237789     0.359793892383502
  -0.1348689392297726   -0.3508153420386337     1.127090379034544     2.288516710561938   0.04121755475958301  -0.01456600186646026   0.07954008438307779  -0.01392719441806134   0.05927891276245163  -0.03107297640392241
  -0.2556910578682716     20.04157382252928     2.288516710561938     24.26855695860815    -8.523708977091591   0.04563078769547325    -6.835821485037274      2.38097782952393     -5.01570165048287     2.832337879985592
-0.005330914218710459    -7.854638267893786   0.04121755475958301    -8.523708977091591     6.032765424922086    0.1945852512096237     4.728597635361854    -1.645878952774294     3.933814705091806    -2.392397134426479
   0.0251558983693941    0.1312411042373393  -0.01456600186646026   0.04563078769547325    0.1945852512096237    0.6659129911074817  -0.03271437073192933  -0.01943153606722212 -0.004391650824375292 -0.006171617268860451
-0.009873272970820173    -4.021043587664219   0.07954008438307779    -6.835821485037274     4.728597635361854  -0.03271437073192933     7.854334419962687    -2.358248854385187     6.690269376493242    -3.599692728050644
 -0.03617380790959343    0.3939886972424883  -0.01392719441806134      2.38097782952393    -1.645878952774294  -0.01943153606722212    -2.358248854385187     3.469447830359152    -2.781999641205396     2.468079085800328
   0.0111882132247424    -1.274324005237789   0.05927891276245163     -5.01570165048287     3.933814705091806 -0.004391650824375292     6.690269376493242    -2.781999641205396     8.386401223758687    -3.669936712019989
-0.005527122850972796     0.359793892383502  -0.03107297640392241     2.832337879985592    -2.392397134426479 -0.006171617268860451    -3.599692728050644     2.468079085800328    -3.669936712019989     4.269734550893526

cov.inverse():
    10.16771937423499    -4.380925251067043     -11.6513786415338      5.58068256696937    0.1371711341528316   -0.1826985620093618    0.8748235728587208   -0.9099271965605874     1.239429376191398   -0.9989982331806857
   -4.380925251067049     2.067144330638047     5.548165558628701    -2.633643622564651  -0.06400102424709049   0.07159832113416836   -0.4116544577698224    0.4358453257600965   -0.5860911404379776     0.469042067504239
   -11.65137864153381     5.548165558628704     16.43739457843666    -7.376997699235816   -0.6063325032732124    0.3662616238614453    -1.215241831799354     1.236603645747721    -1.494382649861063     1.167558266199605
    5.580682566969376    -2.633643622564652    -7.376997699235815     3.502681559784425    0.2894981403011758   -0.1672508156755516    0.5718093890613249   -0.5876101575125929    0.7099084425857486   -0.5541564922638439
   0.1371711341528377  -0.06400102424709317   -0.6063325032732193    0.2894981403011792    0.6201408784625346   -0.2133092758334783   -0.1198561448704802  -0.03772453696854004  -0.01068489410138695   0.06785995504118572
   -0.182698562009364   0.07159832113416921    0.3662616238614473   -0.1672508156755526   -0.2133092758334782     1.579293145619969   0.04382163356234003   0.03580333164389207  -0.01749066031659997 -0.008680431603495424
   0.8748235728587282   -0.4116544577698251    -1.215241831799361    0.5718093890613283   -0.1198561448704803   0.04382163356233998    0.6490342058792475   -0.1487500982288233   -0.2091458324741011   0.03397240353936695
  -0.9099271965605908    0.4358453257600975     1.236603645747722   -0.5876101575125938  -0.03772453696853946   0.03580333164389194    -0.148750098228823    0.6145455129349779  -0.02264095425747003   -0.1602984558704484
    1.239429376191394   -0.5860911404379757    -1.494382649861056    0.7099084425857457  -0.01068489410138814  -0.01749066031659955    -0.209145832474102  -0.02264095425746939    0.5857397833307092  -0.09659536951312815
  -0.9989982331806849    0.4690420675042378       1.1675582661996   -0.5541564922638418   0.06785995504118629 -0.008680431603495639    0.0339724035393679    -0.160298455870449  -0.09659536951312823    0.6457714928729896

cov*(cov_.inverse()):
    0.9999999999999926  5.450501161519128e-15  5.285702431301331e-15  -5.26488574958961e-16  -2.10552061896685e-16  4.397930587415888e-16 -1.148847727019953e-15  9.527968691802613e-16 -3.269953752216281e-16  1.872200311447969e-15
 3.275157922644212e-15      1.000000000000003  2.536859611268483e-14  5.939693181744587e-15  4.163336342344337e-17  2.992397996059992e-17  1.228184220991579e-15 -4.371503159461554e-16 -5.828670879282072e-16  5.551115123125783e-17
-5.377642775528102e-16  1.767683222020366e-15      1.000000000000004  -3.50414142147315e-16 -5.984795992119984e-17  9.893344823930228e-17   4.70760583293206e-16  4.206704429243757e-16  -2.90132501357121e-16 -3.885780586188048e-16
-1.953992523340276e-14  9.103828801926284e-15  3.863576125695545e-14                      1 -1.387778780781446e-16  6.002143226879753e-16 -2.498001805406602e-16  2.775557561562891e-16 -1.554312234475219e-15 -6.661338147750939e-16
 4.440892098500626e-15  -1.77635683940025e-15 -2.042810365310288e-14  2.664535259100376e-15                      1  1.249000902703301e-16  9.020562075079397e-16  2.775557561562891e-16  1.554312234475219e-15                      0
-3.122502256758253e-17  7.155734338404329e-17  5.290906601729262e-17  1.296705798292663e-16  6.288372600415926e-18                      1 -7.047314121155779e-18 -4.119968255444917e-18  5.421010862427522e-19  2.255140518769849e-17
 4.440892098500626e-15  1.554312234475219e-15 -5.329070518200751e-15  8.881784197001252e-16  5.273559366969494e-16 -2.463307335887066e-16     0.9999999999999996  1.554312234475219e-15  1.554312234475219e-15 -8.881784197001252e-16
 -1.77635683940025e-15  1.110223024625157e-15  1.332267629550188e-15 -1.554312234475219e-15  1.665334536937735e-16  6.938893903907228e-17 -7.077671781985373e-16                      1  8.326672684688674e-17  6.661338147750939e-16
 1.332267629550188e-15   1.77635683940025e-15  3.552713678800501e-15  4.440892098500626e-16 -2.220446049250313e-16 -6.938893903907228e-18  1.471045507628332e-15  5.551115123125783e-16     0.9999999999999996 -1.332267629550188e-15
 -1.77635683940025e-15 -4.440892098500626e-16 -7.993605777301127e-15                      0                      0  6.245004513516506e-17 -6.938893903907228e-16 -4.440892098500626e-16 -2.775557561562891e-16                      1
