10
1

0.05477219608588284
 0.4148395651342138
 0.7102449500710558
 0.8072386094629499
 0.9045026301693002
  1.097507042950662
  1.460010467329995
  2.332542264626905
  3.364534164730974
  4.382405081357314

   -0.2587107124624874      0.113735717697244     0.7348127808212387    -0.3215154493838457    -0.4819766627353132     0.2108867120699834 -0.0004978337055326362 -0.0006477640924423222 -0.0008797575357145323  -0.005898861509606464
    -0.531924037894588     0.1977006707789243     0.2509052260418423    -0.1032723988566291     0.6455044969250791    -0.3132769031743303    -0.1851888704072691    0.04587790419827022    -0.1952913307084689     0.1224571949031209
    0.1611711804326606   -0.04011713833736873    0.05334392820978376  -0.002668388473179154   -0.04029209373922462   -0.07266822771018454    -0.8920045824772128    -0.2237976021081691     0.1879146029382749    -0.2856364942231225
   -0.0176209989949553   0.006016164769717884   -0.04886922078369853   -0.05410310928551473    -0.4209387806166034     -0.897994712807913    0.08546174138202292   -0.04514583248450992  0.0009921908696163462    0.03756538100524148
   -0.6974659401275854    0.05056709954642585    -0.4925712610369458    0.05037838745426643     -0.312841379091983     0.1930340931910732   -0.08070561766245238    -0.3443797619731106   -0.07105640956646225   -0.02298002518930009
    0.2891086829396405    0.01750650646836121     0.1427049109698626    0.02954075794825669    0.05129135089816548    0.01174961920590102    0.05863627635966071    -0.7375811343259836    -0.5477271254348903     0.2112684096133716
  -0.04242761540109341   -0.01742840493329727    0.05235377787517765   -0.02293401103712592    0.09979592158560791   -0.05837536337239562     0.2587881938111806   -0.06788240868783874    -0.2394450046939731    -0.9232275403607776
    0.1869183760293467     0.2590999940744785     -0.354758329908525     -0.808403717524961    -0.0163957121745693     0.0551557408663613    -0.1044893711505041     0.1743629669900731     -0.271726515315984   0.009587670754167107
 -0.001149217541828576    0.01761839590843197   0.001428152927460123    -0.3773923330261565     0.2408306102836269    -0.0396471704100815     0.2717446000014318    -0.4974186514427626     0.6896468751446397   -0.02840286915075406
       0.1306004036106     0.9358005016235972   -0.01659518415917496     0.2883577812553275   -0.05900484591622793    0.01694843514374591    0.03229326309716762   -0.02668622805357754      0.121291387425268   -0.05966501505777452

35.63603172007386
78.31895078828974
50.18543992460097
111.3671719842326
58.07105153271478
 129.249905077103
69.12112898457474
155.3694286918916
83.56500958388685
187.3080890541025

0.4433358589459277

  -0.01982527043450221    0.00868156003755912  -0.000931616860472871  0.0003935331575429084    0.02047256540909779  -0.008882139651768976  0.0003258660414875877 -0.0001085916849625242 -7.443363718043932e-05  -0.000249480119235559

-1.930092714802834e-05   0.004802027064499832  -0.002009124610838242  -0.000125419776211309   0.005438947155907551  -0.005622739246410832   0.007532036323819324   -0.01253910611066122    0.06120529179837041    0.08305825923969666

cov:
    1.082382818995614     2.567786133715526  -0.09503574001557716   -0.1002248424661932  -0.03761546149108144   0.03125848424670011  -0.04228371824560367   0.04077629812459327  -0.07647698461869126 -0.004212767060748194
    2.567786133715526     17.19814353453332   -0.8098719832375529     3.967411882076711    -1.030151212081097    0.3722172256055334    0.4876582710334645   -0.3543906311408651     1.918362844798889    -1.016582943214184
 -0.09503574001557716   -0.8098719832375529    0.9343663889537551     1.441036199700289    0.2394997038903325   -0.1812074868627388    0.2325419058343711   -0.3342679058839048     0.401319310360136  -0.06101190753614606
  -0.1002248424661932     3.967411882076711     1.441036199700289     6.773130488225964    -1.295574377868871   0.06899482721294597   -0.5349161985473225     1.174292981045226    -1.086920517885843   -0.2026636495114577
 -0.03761546149108144    -1.030151212081097    0.2394997038903325    -1.295574377868871     1.018039097488059   0.01937816667727445    0.7670097028318414    -1.291225754040462     1.674547914388395   -0.1790234715741866
  0.03125848424670011    0.3722172256055334   -0.1812074868627388   0.06899482721294597   0.01937816667727445    0.6229386955723849   -0.1942509685907051    0.2426535711557587   -0.3377006627562203   0.09232899238185792
 -0.04228371824560367    0.4876582710334645    0.2325419058343711   -0.5349161985473225    0.7670097028318414   -0.1942509685907051     1.479629005323395    -1.615899228350129     2.106817916730035   -0.4959613488567244
  0.04077629812459327   -0.3543906311408651   -0.3342679058839048     1.174292981045226    -1.291225754040462    0.2426535711557587    -1.615899228350129     3.769063298395434    -3.684721677142067     0.184083124792218
 -0.07647698461869126     1.918362844798889     0.401319310360136    -1.086920517885843     1.674547914388395   -0.3377006627562203     2.106817916730035    -3.684721677142067     6.580327831777192  -0.07289182443247362
-0.004212767060748194    -1.016582943214184  -0.06101190753614606   -0.2026636495114577   -0.1790234715741866   0.09232899238185792   -0.4959613488567244     0.184083124792218  -0.07289182443247362     1.993747901750606

cov.inverse():
    24.67871860267037    -10.45559404953956    -63.68444844014598     27.98520036153269     39.84360390052888    -17.37544295628611    0.4023592931585723  -0.03246032415620512    0.6648087135120418    0.1265189469859074
   -10.45559404953957     4.603799714256149     28.09526260285606    -12.32952169109354    -17.55450211092995      7.64869765456627   -0.1691246850019454   0.02030648659119345   -0.2889925187484595  -0.05319130599613957
     -63.684448440146     28.09526260285607     180.6966881384596    -78.87316573550002    -116.8879941601428     51.13722931356104   -0.4239618545750929 -0.005172271792778027   -0.4907100336502874    -1.283725818826751
    27.98520036153273    -12.32952169109355    -78.87316573550002     34.66504936008126     51.27666324341979     -22.3320377370526    0.1627434202838421 -0.001466899059838876    0.2143745759004905    0.5694241670262584
    39.84360390052895    -17.55450211092997    -116.8879941601429     51.27666324341983     80.26221637049215     -34.5472008040586   -0.5471369827580358    0.4092676120860562   -0.5990774565851443     1.379694773872513
   -17.37544295628613     7.648697654566273     51.13722931356106    -22.33203773705261    -34.54720080405859     16.69066088481468    0.2853091981973535   -0.1177033047470193    0.2446146804330155   -0.6261409815387485
   0.4023592931585787   -0.1691246850019482    -0.423961854575114    0.1627434202838514   -0.5471369827580197    0.2853091981973465     1.838704516298493    0.3150447999639129   -0.1486010988573103    0.2787156250839013
 -0.03246032415619032   0.02030648659118692 -0.005172271792819807 -0.001466899059820561    0.4092676120860836   -0.1177033047470312    0.3150447999639125    0.7410451318208874    0.1984426004572308   0.06938216341950487
   0.6648087135120451   -0.2889925187484608   -0.4907100336502941    0.2143745759004935   -0.5990774565851411     0.244614680433014   -0.1486010988573097    0.1984426004572303    0.6303644482099791    -0.236536061360224
   0.1265189469859094  -0.05319130599614055    -1.283725818826758    0.5694241670262615     1.379694773872518   -0.6261409815387506    0.2787156250839007   0.06938216341950468    -0.236536061360224    0.7004726620546977

cov*(cov_.inverse()):
     1.000000000000007  5.908630789502878e-15 -1.126963106168333e-14 -2.485728636814066e-14 -2.914075231119639e-14  8.766425085848795e-15  3.816391647148976e-17 -1.165517335421917e-17 -3.241764495731658e-16  2.354887118638516e-16
 1.529332216421153e-14      1.000000000000009 -3.108624468950438e-15  -3.97459842815806e-14 -1.887379141862766e-14  1.054711873393899e-14  5.551115123125783e-17 -2.775557561562891e-17 -2.775557561562891e-17  1.110223024625157e-16
-1.000675237117221e-14  6.132247487578013e-15     0.9999999999999963 -9.679756995950584e-15 -3.885780586188048e-14  2.470246229790973e-15 -1.040834085586084e-17  1.023486850826316e-16 -1.595945597898663e-16 -3.469446951953614e-17
 1.889113865338743e-14 -7.544312397023134e-15 -9.769962616701378e-15      1.000000000000013 -4.057865155004947e-14  2.997602166487923e-15  2.914335439641036e-16  1.387778780781446e-17  6.245004513516506e-17   3.33066907387547e-16
  1.56472057533108e-15  1.176142516712275e-15 -1.754152378907747e-14   7.28583859910259e-15      1.000000000000002  5.412337245047638e-15  6.245004513516506e-17 -1.162264728904461e-16   4.85722573273506e-17 -8.326672684688674e-17
 2.857089564933801e-15 -2.177945324088881e-15  5.162537064506978e-15 -4.302114220422482e-16  2.275957200481571e-15     0.9999999999999993  4.163336342344337e-17 -3.122502256758253e-17  3.122502256758253e-17  4.163336342344337e-17
-7.965850201685498e-15  2.012279232133096e-15 -1.931788062847772e-14  2.498001805406602e-15 -4.107825191113079e-15 -5.551115123125783e-17     0.9999999999999998  2.081668171172169e-17 -5.828670879282072e-16  1.665334536937735e-16
 1.502964419586306e-14 -5.299580219109146e-15 -1.448841047135829e-14 -1.262878690511116e-15  1.559863349598345e-14 -5.703770789011742e-15 -5.134781488891349e-16                      1  4.163336342344337e-16  1.942890293094024e-16
 -3.94996535479919e-15 -1.235990476633475e-16 -5.555278459468127e-14  1.930400284066991e-14  4.718447854656915e-15  3.094746681142624e-15 -1.700029006457271e-16 -4.709774237277031e-16                      1 -3.885780586188048e-16
 1.443289932012704e-15  6.106226635438361e-16  7.105427357601002e-15 -1.110223024625157e-15   1.77635683940025e-15 -1.110223024625157e-15 -1.110223024625157e-16 -2.775557561562891e-17  5.551115123125783e-17                      1
