10
1

0.04573917480859911
0.05633142931524656
 0.6766772362141589
  1.053340903705904
  1.138725675607516
  1.520973583172786
  1.795939254998998
  2.726065566559354
  3.653055955676858
  8.878083508296811

   0.02266099343127932   -0.00546762245472527    -0.3355042634053526    0.08012575288126915     0.7804814097614714    -0.1953165632576493    -0.4676741080057047      0.120219838974471   0.001121891303978527 -0.0006379305066126641
    0.5346394882223509    -0.1332044103532735    -0.7294228560969952     0.1793845806524194    -0.1323658461521663    0.02939654440896145     0.3265892760368009   -0.08446642642623356  0.0007806829020784793 -0.0002366246318969088
   -0.5860273169604892    0.07387569093516254    -0.2206164060069984    0.04604945007086016     0.2524003545046755   -0.05441197121804145     0.5399605647647203    -0.1540758796317569     -0.435988237894231     0.1681460147618676
    0.4457167052079185    0.02562481654773011      0.315732548125382    -0.0715880326656667     0.2505370641757331     0.2190847502453551     0.0596315180132467    -0.1885233213931934    -0.6437898152902649     -0.362682869559318
   -0.3889187164193522    -0.0223468084545443    -0.3074128376060695    0.02533001605445596     -0.126710379348242     0.3697054615277321    -0.1703696687632852   -0.04667430503871365    0.07363827619482714    -0.7508222364234897
   0.02922381402633729    0.02187862776532612    -0.1896529064625455    -0.7706627698120886   -0.06096116197791172    -0.1041815567348503    0.09095991464901761     0.5612825930142125    -0.1583899254892718   -0.07621470207987265
  -0.02544901855707855  -0.004795532290607973    -0.1786584158795894    -0.4538204640044792    0.01045556477675314     0.5262176643378861    -0.2769028640187269    -0.4795062805032593   0.005390167175668584     0.4216783549918586
   0.02134562543153281    0.04030074242715054    0.07332864743127512     0.2803276355524516     0.1771284550380512     0.6940782848980981     0.1492078895367382     0.5744223525653829     0.0510763458612053     0.2144937270916946
   -0.1273513025428614    -0.4038238654802268    -0.1164044283015631     0.2376588520080606    -0.3816719483696411   -0.04946970087280546    -0.4441981715739724     0.1982734542742187    -0.5686153526026908     0.2064162918752921
   0.04606796790905688     0.9002297072027545    -0.1603239127931855     0.1362886512053711    -0.2234372936950496   -0.03735800733777443    -0.2143765563169575    0.05211409521480888    -0.1974229763702253    0.06493843082802027

22.68376144832818
90.71649530938295
32.91007686418537
131.4495922127593
46.44825468839449
 185.353717032759
55.08175908546842
219.8612998660332
65.74580524676281
262.7933925332071

0.251410503604459

 -0.005016173787209732    0.00125848793256675   -0.00535560877052958   0.001342573675214444   0.003577398539571714 -0.0008082225969457663   0.006922777733927633  -0.001636761962680835 -2.409275539307155e-05  1.597414292759767e-05

2.718421386055685e-06 1.015341302566627e-05  0.004224632671061038 -0.002818524700948756  0.002248793555023391 -0.001291538011846179 -0.003368062920927605 0.0007053254668182317  -0.04850741279006069  -0.03068189057409702

cov:
   0.9658775992852586     3.967267172227536 -0.001730770121628119    0.0603730756934746  -0.01967537345450388  -0.05517341427404473 8.074143724514892e-05 -0.007792054149075454  0.007921073554519324   0.03342398675035537
    3.967267172227536      66.0704630932397    -10.72285526778757     8.440505238283734    -13.72831940574401    -2.196077006119188     -12.7392937811383     2.828018536652298    -10.97217691676228     3.566423733800632
-0.001730770121628119    -10.72285526778757     2.690276474114659     -1.37933835446158     3.646199886574348    0.6045800630999411     3.633841338063443   -0.6552311717283111     3.261454055228397    -1.078669796601316
   0.0603730756934746     8.440505238283734     -1.37933835446158     4.847622332326142    -3.167018507253403    0.2967866881291359      -3.1565349852794     2.096686980448095    -3.498895889528795     1.325419306288702
 -0.01967537345450388    -13.72831940574401     3.646199886574348    -3.167018507253403     6.242102016756451     1.849495800419035     6.318238513637869    -1.329191710969022     6.221356255039105    -1.845717504254454
 -0.05517341427404473    -2.196077006119188    0.6045800630999411    0.2967866881291359     1.849495800419035      4.87288114494976     1.121795271163265     1.664979894598529     1.157150549285605     1.060649103952004
8.074143724514892e-05     -12.7392937811383     3.633841338063443      -3.1565349852794     6.318238513637869     1.121795271163265     6.863239729152911    -0.913059769517399     6.558342626484164    -2.292226558022172
-0.007792054149075454     2.828018536652298   -0.6552311717283111     2.096686980448095    -1.329191710969022     1.664979894598529    -0.913059769517399     4.714348490855299    -2.150456367722304     1.086846694008289
 0.007921073554519324    -10.97217691676228     3.261454055228397    -3.498895889528795     6.221356255039105     1.157150549285605     6.558342626484164    -2.150456367722304     8.018229095928442    -2.306328193245682
  0.03342398675035537     3.566423733800632    -1.078669796601316     1.325419306288702    -1.845717504254454     1.060649103952004    -2.292226558022172     1.086846694008289    -2.306328193245682      2.71971714828476

cov.inverse():
   91.37142514038085   -22.57482152762959   -126.0288106808021    30.98856948333687   -14.02873269405033    2.880957362911849    49.35126913787416    -12.7829461797583   0.4243850648907364  -0.1880844072130913
  -22.57482152762967    5.641714398576896    31.47377860765744   -7.744922162871017    3.574666477226752  -0.7305594347053552   -12.38264816760619    3.206823001434001  -0.1084596277344848  0.03760257579195864
  -126.0288106807985    31.47377860765656    221.7718398813105     -54.044254744187   -94.74900425349428    24.55313981120159  -0.2608418684004116     0.15255042764141  -0.3314135609588504   0.1335509840561724
   30.98856948333605    -7.74492216287081   -54.04425474418705    13.55488657095621    22.43456914975921   -5.845246183516075   0.6036375947492125  -0.2690219529942972   0.1296962656340836 -0.03422669835217784
  -14.02873269405971    3.574666477228991   -94.74900425348127    22.43456914975605    296.9181491659105   -74.08637017160792   -187.7551922635998    48.24192059544961  0.01531272281576517  -0.1415610044897146
   2.880957362914091  -0.7305594347059068    24.55313981119837   -5.845246183515292   -74.08637017160798    18.81785132028544    46.55315729960223   -12.08909672717546  -0.1368406121566667  -0.1568341503311524
   49.35126913787979   -12.38264816760757  -0.2608418684101491   0.6036375947515628   -187.7551922635955    46.55315729960115    138.8672772399887   -35.68561056376564  -0.7150537261874601   0.3537536080014878
  -12.78294617975966    3.206823001434338   0.1525504276438454  -0.2690219529948855    48.24192059544849   -12.08909672717517   -35.68561056376561    9.497141928248679   0.2532698499600369 -0.05978029805142302
  0.4243850648907707  -0.1084596277344934  -0.3314135609588448   0.1296962656340825  0.01531272281562121  -0.1368406121566308  -0.7150537261873563   0.2532698499600102   0.8295865703883722 0.005740194509228403
 -0.1880844072130662   0.0376025757919524   0.1335509840561417 -0.03422669835217033  -0.1415610044897298  -0.1568341503311487   0.3537536080015085 -0.05978029805142837 0.005740194509228349   0.6823358586559805

cov*(cov_.inverse()):
     1.000000000000091  5.718602674731343e-14 -9.506718329221897e-14  1.263746052249104e-15  4.141209944408253e-13 -3.621668936970579e-14 -1.043453518034809e-13  5.761016663718976e-15 -8.131516293641283e-19 -2.081668171172169e-16
-5.084821452783217e-14      1.000000000000096  -2.81830114801096e-13  4.260480856999038e-15  1.778577285449501e-13 -2.398081733190338e-14  4.174438572590589e-14  -1.48991929904696e-13 -5.828670879282072e-16 -8.881784197001252e-16
 1.307842723008434e-13  3.124583924929425e-14      1.000000000000106  3.150257832373882e-15   2.34257058195908e-13  2.492450690283476e-14  4.996003610813204e-16  -3.25434124093249e-14   9.84455572616838e-16  7.771561172376096e-16
-5.578870698741412e-14 -2.451511216250424e-14 -5.917488721252084e-14     0.9999999999999956 -1.668110094499298e-13  8.326672684688674e-16 -5.773159728050814e-14 -1.532107773982716e-14 -8.586881206085195e-17  -3.33066907387547e-16
 2.110533969812423e-13  3.973210649377279e-14 -2.256528297550631e-14  1.751376821346184e-14      1.000000000000286 -1.765254609153999e-14  3.563815909046752e-14  2.095545958979983e-15   8.27463098040937e-16  2.220446049250313e-16
 1.273980920757367e-14  7.278899705198683e-15  3.647082635893639e-14 -6.800116025829084e-15  2.495226247845039e-14      1.000000000000034  2.625677453238495e-14 -1.645905634006795e-14   -4.9439619065339e-17  -3.33066907387547e-16
 1.458277942845143e-13  5.576095141179849e-14  1.360023205165817e-13 -4.432565425815937e-14 -6.217248937900877e-15  1.011413175433518e-13      1.000000000000142  1.271205363195804e-14 -1.734723475976807e-17  1.110223024625157e-15
-4.696243394164412e-14   1.27675647831893e-15 -2.281508315604697e-14 -3.677613769070831e-16 -1.915134717478395e-14 -3.524958103184872e-15 -4.934941344458821e-14     0.9999999999999942  7.719519468096792e-17                      0
 1.963429419049589e-13  3.694267114440208e-14  2.530198273120732e-13 -2.087219286295294e-14  1.534328220031966e-13  5.845324224651449e-14  1.189048859373543e-13  5.448419493347956e-14                      1  6.661338147750939e-16
-5.606626274357041e-14 -1.329492071988625e-14  -3.33066907387547e-15  2.456368441983159e-15 -1.236233337920112e-13  1.465494392505207e-14 -6.084022174945858e-14 -1.879052469178077e-14 -2.151057110211241e-16     0.9999999999999998
