10
1

0.5129894357011484
0.6529746099968025
0.7575545096641312
 0.884216958424789
  1.04677599921395
 1.210122241978281
 1.836647985069999
  2.17306892476601
 2.818723281572588
  4.77218296685553

   0.4728625092193163   -0.2082572796495205   -0.7682730922707335    0.3080641351560111     0.134474725467332   -0.1172357536897772  0.002173604125825863   0.01982648822192747    0.1034912461110566  -0.07033470854907417
  -0.3248158657419661    0.1236887861230061  -0.02952469246566508  0.001768210648933468    0.6546587106021869   -0.6565412383437886  -0.03743520613209336   0.09584580807095497  -0.05485039487506623   0.07141497813087228
  -0.1859677931914952    0.0511151608108481    -0.213493740560427   0.04300121650265731   0.01627864728111836   0.07048892639155813    0.5432471796873884   -0.6086514589350883   -0.4277259135759098    0.2482283251443674
  -0.7276191380737338    0.1018141665920696   -0.5004739681513836   0.04034692570794525   -0.1209970205247482    0.3099773527956842  -0.07083081411792019    0.2766388697920673    0.1121430630711626  -0.05704230757267204
 -0.08977564940465001   0.02268538937643689  0.009901348385978403  -0.01951376040916868   0.03768414863122934  -0.05193198197700229  -0.01386045825707165    -0.305766034559979   -0.1001582539810198   -0.9397410284186639
   0.1268258430857294   0.01158925826840923   0.03991393009035965   0.03413837433380409 -0.009953800404852921   0.02906249541927979    0.4264821684271171    0.6641495369112759   -0.5711810944367536   -0.1756392536158941
  -0.1469010394411321   -0.1587452674722027    0.3236919193194172    0.8900038165327577     0.139443183265221    0.1554842609638815    0.0657847304007627  -0.00822163342730995   0.08985542202772169  -0.01574144041109566
   0.1429000896547463    0.2681301729183039  -0.04255945255235258   0.03045845162696904     0.410934805983012    0.4577105160944736   -0.5479750205577779  -0.07571327779501874    -0.465100604236127   0.06521290905993878
  -0.1943150533629451   -0.6499998520374131  -0.01487807855900458   0.02691994911485919   -0.2996071872436527   -0.2621245688277682   -0.4122282002127577  -0.04781379858584793   -0.4501029042972149   0.07423733853056347
  0.05457946376921342    0.6388337111140826  -0.06580802991221021    0.3260536354661536   -0.5087610357859097     -0.38500598890743    -0.204557774408121  -0.02758801189800464   -0.1658033791972545    0.0332829779947068

50.57359662473637
83.04176480854133
67.67187653707707
113.1564481109077
 76.9229742270158
 130.979470150485
90.63806347126737
154.2327129354009
106.5819413939138
183.5327141948173

0.5677693168070216

  -0.01537527999521745   0.008820524194503097    0.00420008374584605   -0.00278665789630455   0.003560228117552596 -0.0009941644723434613   0.003296859167106603  -0.001368206801695836   0.003425200583587115  -0.002794511698199013

-0.00317532727801133  0.00353791599508534 0.001576227435197857 0.007086196174208249 0.004950433754947162 -0.00411174012049312 0.002224986182566821 -0.01211740275683229 -0.05348757681364164    0.020144659185805

cov:
   1.107052700215833     1.95067347251014 -0.02552775281278038 -0.03795252075430335  0.02598630738068466  0.06093186280848011  0.04813319207906096  0.04271245803056008  0.03653009207342747  0.02570178410260167
    1.95067347251014     13.1038058724527    -1.11243257108372     4.15436122141149   -5.390076502673445    -3.75357247647846   -1.561092046316556  -0.2340967676238751  -0.7490914971860054   0.1758536420738132
-0.02552775281278038    -1.11243257108372   0.8425058736391816   0.3922606159710649   0.8773126786662629   0.5889519207565829   0.5232238963545683  0.04985121429287426   0.4471021132251037  -0.1041846515676929
-0.03795252075430335     4.15436122141149   0.3922606159710649    5.132664548676365   -3.357442126789822   -2.378195642157333   -1.455482732822599  -0.2155274557822571    -1.14964785818776   0.2351310183292744
 0.02598630738068466   -5.390076502673445   0.8773126786662629   -3.357442126789822    7.671714325982491    5.827493734882522     2.31356704586614   0.2559645474897824    2.110167407525506  -0.4542872578031639
 0.06093186280848011    -3.75357247647846   0.5889519207565829   -2.378195642157333    5.827493734882522    5.262074175196606    1.536351305055141   0.2341561893198149    1.436447769367144  -0.2893435309823501
 0.04813319207906096   -1.561092046316556   0.5232238963545683   -1.455482732822599     2.31356704586614    1.536351305055141    4.176110059365289   0.6920547337721616    2.976230542671426   -0.586491150490799
 0.04271245803056008  -0.2340967676238751  0.04985121429287426  -0.2155274557822571   0.2559645474897824   0.2341561893198149   0.6920547337721616     1.08763089519756  0.08895529774137351 -0.02445617929117204
 0.03653009207342747  -0.7490914971860054   0.4471021132251037    -1.14964785818776    2.110167407525506    1.436447769367144    2.976230542671426  0.08895529774137351     3.89212236050208  -0.3586328455638424
 0.02570178410260167   0.1758536420738132  -0.1041846515676929   0.2351310183292744  -0.4542872578031639  -0.2893435309823501   -0.586491150490799 -0.02445617929117204  -0.3586328455638424    1.144153069023481

cov.inverse():
    1.868487546797062   -0.5481564060680834   -0.8355831594960492    0.4675644031004337    -0.141236627285518 -0.002483356958343649  -0.04947959333934664  -0.01587013425823278    0.2133457357146888   -0.1454326555836966
   -0.548156406068083    0.3128559447916388    0.4974821801806761   -0.2675414785108286   0.09689700654380011  -0.02256443814526473   0.02344685186538539 -0.007921018001727811   -0.1263643655339955   0.06951735112731768
  -0.8355831594960487    0.4974821801806757      2.67759485706607   -0.8564297902634536   -0.3547478361830669    0.1757992497026382   -0.1363943514787201 0.0002257082658151684   -0.2133411357969093    0.1289501202424418
   0.4675644031004337   -0.2675414785108285   -0.8564297902634536    0.6068619163205605    0.1853513447235688  -0.07950855561664008   0.05912517145572677  0.009990836841057352   0.09993846672782812  -0.05674816178780188
  -0.1412366272855167   0.09689700654379992   -0.3547478361830672    0.1853513447235689     1.158620727888418    -1.051175800848698   -0.0582233339119021   0.07767684847658399  -0.07646532924054533    0.0599344258611466
-0.002483356958343459  -0.02256443814526491    0.1757992497026369   -0.0795085556166398    -1.051175800848698     1.264463182670708   0.07141586052613423  -0.09949831567468016 0.0004049670323079695  -0.02712267983435548
 -0.04947959333934646    0.0234468518653853   -0.1363943514787203   0.05912517145572689  -0.05822333391190197   0.07141586052613402    0.7364409475835735   -0.4008222594813506   -0.4938921435166065    0.1820012695010164
 -0.01587013425823269   -0.0079210180017278 0.0002257082658152291  0.009990836841057364   0.07767684847658386  -0.09949831567468001   -0.4008222594813506     1.154533988442218    0.2678299675278874  -0.09161099027024815
   0.2133457357146891   -0.1263643655339955   -0.2133411357969095   0.09993846672782816  -0.07646532924054543 0.0004049670323081248   -0.4938921435166067    0.2678299675278875    0.6894797736056357  -0.08692059735479156
  -0.1454326555836965   0.06951735112731766    0.1289501202424417  -0.05674816178780186   0.05993442586114663  -0.02712267983435557    0.1820012695010164  -0.09161099027024809  -0.08692059735479149    0.9710236137253656

cov*(cov_.inverse()):
    0.9999999999999998 -1.771586349841314e-16 -3.629908873481469e-16 -2.072994553792284e-16 -9.096456227153382e-16  9.931291899967221e-17  1.387778780781446e-17 -9.584347204771859e-17 -3.391384395534658e-16 -3.469446951953614e-17
 3.677613769070831e-16     0.9999999999999999  1.283695372222837e-16 -3.243932900076629e-16  2.324529457808922e-16  1.144917494144693e-16  2.775557561562891e-17 -6.938893903907228e-18 -2.602085213965211e-16 -8.326672684688674e-17
 1.734723475976807e-17 -1.856154119295184e-16     0.9999999999999999  3.469446951953614e-17 -9.974659986866641e-17  7.684824998577255e-16  9.020562075079397e-17 -3.989863994746656e-17  8.673617379884035e-18  1.387778780781446e-17
 -6.38378239159465e-16  5.793976409762536e-16  1.297573160030652e-15     0.9999999999999997  3.556183125752455e-16  5.334274688628682e-16 -1.387778780781446e-17 -3.469446951953614e-18  2.255140518769849e-16  1.387778780781446e-16
-1.387778780781446e-17 -5.065392549852277e-16 -5.273559366969494e-16  1.387778780781446e-17     0.9999999999999989  2.550043509685906e-16  1.387778780781446e-17 -6.245004513516506e-17 -2.220446049250313e-16 -5.551115123125783e-17
  3.33066907387547e-16 -3.122502256758253e-16 -4.232725281383409e-16 -5.551115123125783e-17 -8.708311849403572e-16      1.000000000000001   2.42861286636753e-16 -1.908195823574488e-16 -2.914335439641036e-16 -5.551115123125783e-17
 1.249000902703301e-16 -2.706168622523819e-16 -5.551115123125783e-17                      0  -3.33066907387547e-16  8.014422459012849e-16                      1  6.938893903907228e-18 -9.020562075079397e-17 -2.220446049250313e-16
 9.280770596475918e-17 -8.955509944730267e-17 -9.324138683375338e-17  4.597017211338539e-17 -9.952975943416931e-17  9.248244531301353e-17 -6.245004513516506e-17                      1  6.765421556309548e-17 -3.122502256758253e-17
-2.012279232133096e-16 -1.838806884535416e-16                      0   1.07552855510562e-16 -2.463307335887066e-16  8.413408858487514e-16 -2.081668171172169e-16  2.081668171172169e-17                      1 -5.551115123125783e-17
                     0  2.775557561562891e-17  5.551115123125783e-17  1.387778780781446e-17 -2.775557561562891e-17 -2.359223927328458e-16  2.775557561562891e-17  1.387778780781446e-17 -6.938893903907228e-17                      1
