12
1

0.1000279313936346
0.5637968557491031
0.6967655296776222
 0.765163055904805
 0.944338503213062
 1.044665670753034
 1.201839363563995
 1.801704873963451
 2.056992915715821
 2.218894884848832
 3.698848568475268
 6.661107223012777

  -0.5347970832366118    0.3009562911225041    0.6855102065826579   -0.3827818157214207   -0.0533199606346537   0.03264004830443865  -0.03264723056265123  0.008993155927171134  -0.02729029813524131   0.01176130389893223    -0.024963874417369    0.0202443987175722
   0.1643972199300633  -0.05875571328764032   0.08858863520814457  -0.02984997104011738   -0.8029354493730783    0.2903035938557325     0.357172473098269    -0.295677936559299   0.03154833798882851   0.02504737673336519    0.0997547119260095  -0.07231563967129342
   0.1772306737050923  -0.05737046798159089   0.09165242992520269  -0.02843551740173951   -0.3826388016663976    0.1032740777776779   -0.5566631107083999    0.6499928443738966    0.1545704088471379   -0.1754394806004959   0.04708651102831769  -0.09878514429206259
  0.09210797163914704  -0.02962362249780205   0.06744724508904275  -0.01316314002779588   0.02575449320619931 -0.005057806161530792   -0.1194680264772074     0.087386884571918   -0.5216461178934152    0.6180788740181875    0.4692890106062567    -0.298244645986237
    0.743849253113969  0.003746990932995892    0.5714535679008582  -0.06399199422489762    0.2712215325824502  -0.02177135493165849   0.03542841131842319   -0.1368030590617951   0.01463251630761569   -0.1409915345158864   -0.0291585452916332  -0.03273817462735509
   0.1149119749108282   -0.0032959849131135   0.06213479450659406   0.01900293174652449  -0.08213077079305831    0.0100440034984957  -0.04171041220249606   0.09920965908674219   0.02185090589614516    0.3582101761676676   0.07572434781740676    0.9108280302514468
  0.06573301892636101   0.01980692059063359   0.04626591050109731   0.02871279852059952  -0.01728074468970617    0.0087011336929713  0.001796958726839659   0.05675277351126631    0.3976767246796134    0.6511968023203081   -0.5922498706190198   -0.2361344842824914
  0.07167289184646744    0.1273395593190728   0.01164730666243971   0.02749544771638218   -0.3473969139405417   -0.8697323322902279  -0.08397842564865073  -0.08974097421795874    -0.219217317538824  -0.03762912335675286   -0.1896250733000494   0.01006767486492653
  -0.1575672911762991   -0.3248720827634156    0.1734936462053933    0.2104155694269099  0.003451305422373635   -0.2116460820796721   -0.3378619189406777   -0.3971019180318581    0.5352323931195974   0.08618661125220506    0.4269361174157705  -0.04932586907553794
   0.2106118599605607    0.4355510951761932   -0.3814183718049831   -0.6476985993336626   0.01090552805552909  0.002330824534444029   -0.2388930945225343   -0.2441203735142777    0.2252931975373761   0.05860352119656894    0.1727076431680529  -0.01166532396562998
 -0.03668388700249523     -0.29691287161242  -0.01308009849679234  -0.08182619167118144  -0.04960600568298212    0.2603191840411272   -0.5579116133999699   -0.4417548480522683   -0.3967925674279437  -0.04129570276584028   -0.4016909378113969    0.0805331658913397
   0.0237954363317922    0.7083556214626361   0.02883220107780002    0.6124418254931017  -0.03865848452772543    0.1852480668029462   -0.2338355480383976   -0.1735007971723939  -0.02614565056347268  -0.01412747938253962   0.01471476317541962 -0.007562110900230403

22.70262345161005
33.75845170615879
35.54305589275868
56.44772774108844
67.67113342606528
 113.159623179927
 76.9179409654749
 130.976846781721
90.63873253308074
154.2346444114552
106.5800084667387
183.5357216727816

0.5677999940321208

  -0.03850582294099478    0.02181396814170657    0.03665005790367847   -0.02066484636384907  0.0008178855806845029 -0.0004815530157908528  0.0003816789437082651  -0.000126626898791288  0.0003475371431072677 -0.0001471064805731046 -8.243961762663654e-05 -9.978597650117677e-05

  0.000601414478112046  -0.001387422177724882  -0.002282331984938951  -0.001032337103904263   -0.00535060274195409  -0.003115575248202264  -0.001309737582099311 -0.0002122257594696478   0.004908157529686204   0.003943881770103572   -0.05859020338394474     0.1216145870597824

cov:
   0.9294041920683563      1.58750883341547  -0.06772201853666845   -0.1578326890344586   0.00702849407589845   0.01735768282442476  -0.02593944610896788   0.00148017849370038   0.03448261397437163   0.03306900839648636   0.03609939088520835   0.01634531022161392
     1.58750883341547     24.90765421334871  -0.09257043000222907     17.91557839286757    -1.112730988839749     4.693315141446583    -5.154545122785933    -3.686625241422221    0.4622917361122479   -0.2740254990850935     1.770641688062875   -0.5186754523278514
 -0.06772201853666845  -0.09257043000222907     1.195756300460748     2.135306310909975   0.02084894632469112 0.0007354714444415668 -0.006186068461675887  -0.01445721160438956   0.02159372764957862  -0.04554526136138901   0.04658093666136473  -0.02678003390855747
  -0.1578326890344586     17.91557839286757     2.135306310909975     18.99699913770768    -1.062683519849148     4.466604249056491    -5.273677196224428     -3.79793681118119    -0.509962867468114    -0.411323834016498    0.6355396370652444   -0.2862339269825678
  0.00702849407589845    -1.112730988839749   0.02084894632469112    -1.062683519849148    0.8421932144846174    0.3836474912043494    0.8794098945865971    0.5923452612752541    0.5283056308747036   0.05214751762417081    0.4505544819633986   -0.1057487154973651
  0.01735768282442476     4.693315141446583 0.0007354714444415668     4.466604249056491    0.3836474912043494     5.127477420791468    -3.367862486353067    -2.383745794897075    -1.468767871958691   -0.2269331522856661    -1.150558887167406    0.2371962954242748
 -0.02593944610896788    -5.154545122785933 -0.006186068461675887    -5.273677196224428    0.8794098945865971    -3.367862486353067     7.673952046776978     5.827317805959116     2.328437056422908    0.2678603569090171     2.111559081960458   -0.4585309020175534
  0.00148017849370038    -3.686625241422221  -0.01445721160438956     -3.79793681118119    0.5923452612752541    -2.383745794897075     5.827317805959116     5.261798626775834     1.545499497978835    0.2373283942192244     1.437492191114049   -0.2909300780641545
  0.03448261397437163    0.4622917361122479   0.02159372764957862    -0.509962867468114    0.5283056308747036    -1.468767871958691     2.328437056422908     1.545499497978835     4.202816765874956    0.7066113139051891     2.979425931602298   -0.5916319616714631
  0.03306900839648636   -0.2740254990850935  -0.04554526136138901    -0.411323834016498   0.05214751762417081   -0.2269331522856661    0.2678603569090171    0.2373283942192244    0.7066113139051891     1.094206240424018   0.08921384008976747  -0.02535575580323137
  0.03609939088520835     1.770641688062875   0.04658093666136473    0.6355396370652444    0.4505544819633986    -1.150558887167406     2.111559081960458     1.437492191114049     2.979425931602298   0.08921384008976747     3.898861451263357   -0.3611234799749406
  0.01634531022161392   -0.5186754523278514  -0.02678003390855747   -0.2862339269825678   -0.1057487154973651    0.2371962954242748   -0.4585309020175534   -0.2909300780641545   -0.5916319616714631  -0.02535575580323137   -0.3611234799749406     1.147913992377179

cov.inverse():
     29.4011592862626    -16.10366240273057    -36.08768696592899     20.34728246698726     2.508616910620677    -1.586085094924851     1.734824452736738   -0.4801954656005192     1.467859067142778   -0.6341760261645309     1.422012795509866    -1.143251147661711
   -16.10366240273058     9.158069250153124     20.54570868747162    -11.56483725259459    -1.422787844146632    0.8958092539798315   -0.9659972051605725    0.2560191853470564   -0.8346851861587901    0.3436119374032997   -0.8230927810980566    0.6442142287451522
   -36.08768696592898     20.54570868747162     47.42389073027653    -26.22026117744764    -3.779499846076411     2.310871607322743    -2.230942581502179    0.5889372435501516     -1.86442669876714    0.8006568948974587     -1.64909460971851     1.335988872898153
    20.34728246698727    -11.56483725259459    -26.22026117744765     14.75911438006265     2.111407198007534    -1.297189101218894      1.26151880822688   -0.3317925010790752     1.048121642647452   -0.4303131876653652    0.9235099337917508   -0.7431075871752197
    2.508616910620686    -1.422787844146638    -3.779499846076429     2.111407198007543     2.741376236067033   -0.9045456736784873   -0.2704567526162561    0.1512454379498328  -0.05512881295372771  -0.03372307446188043   -0.1204304878200198   0.06241899489698951
   -1.586085094924853    0.8958092539798326     2.310871607322746    -1.297189101218895   -0.9045456736784863    0.6436371617789588    0.1287729490647747  -0.06393001701974554  0.003823351788502758   0.03419869252465074   0.03542207111307129 -0.009416887544240833
    1.734824452736736   -0.9659972051605697    -2.230942581502172     1.261518808226876   -0.2704567526162586    0.1287729490647758     1.238250511998263    -1.069061735175179   0.02226611856249729   0.03933429884359474   0.01774254944149906 -0.008592610471283115
   -0.480195465600512    0.2560191853470525    0.5889372435501415   -0.3317925010790695    0.1512454379498359  -0.06393001701974707    -1.069061735175179     1.265444310348466   0.04815208704999095  -0.08414973388436826  -0.02453151635470096  -0.01040759963830626
    1.467859067142788   -0.8346851861587952    -1.864426698767152     1.048121642647458  -0.05512881295372737  0.003823351788502215   0.02226611856249834   0.04815208704999034    0.8060619911388917    -0.434669256623913   -0.4008105114560082     0.114787106651659
  -0.6341760261645328    0.3436119374033008    0.8006568948974613   -0.4303131876653665  -0.03372307446188042   0.03419869252465087   0.03933429884359425  -0.08414973388436786   -0.4346692566239129     1.168166279398381    0.2335387511412501  -0.06487556204909892
     1.42201279550986   -0.8230927810980531    -1.649094609718503    0.9235099337917461   -0.1204304878200208   0.03542207111307176   0.01774254944149851  -0.02453151635470044   -0.4008105114560087    0.2335387511412502    0.7953756765904807   -0.1690936118211692
   -1.143251147661712    0.6442142287451527     1.335988872898153   -0.7431075871752201   0.06241899489698976 -0.009416887544240823 -0.008592610471283412  -0.01040759963830608    0.1147871066516592  -0.06487556204909901   -0.1690936118211696     1.030538638160138

cov*(cov_.inverse()):
     1.000000000000005  1.861184817375516e-14  1.196265309033606e-14 -1.184469189396964e-14  3.594130201789447e-15 -5.086805542758865e-16 -2.738450742209575e-15 -5.572799166575493e-17 -1.714990996437571e-15  1.270684946153011e-16  1.522219850169648e-16  6.071532165918825e-16
-2.420286193682841e-14      1.000000000000007 -1.199040866595169e-14 -5.551115123125783e-15 -1.755540157688529e-15 -1.027823659516258e-15 -1.196959198423997e-15 -3.738329090730019e-16 -7.008282842946301e-16 -3.885780586188048e-16 -1.054711873393899e-15  7.771561172376096e-16
 1.366962099069724e-15 -3.313321839115702e-15     0.9999999999999946  2.890049310977361e-15  7.216449660063518e-16  3.014624140595945e-16   1.05384451165591e-16  8.586881206085195e-17  8.023096076392733e-16  4.423544863740858e-17  4.033232081646076e-16 -3.469446951953614e-17
-4.329869796038111e-14 -6.064593272014918e-14 -2.264854970235319e-14      1.000000000000043  1.155325835000554e-15 -1.284562733960826e-15  3.178013407989511e-15 -7.251144129583054e-16  5.523359547510154e-15 -2.810252031082427e-16  1.387778780781446e-15 -3.108624468950438e-15
 6.883382752675971e-15  3.747002708109903e-16 -1.498801083243961e-15  4.302114220422482e-16                      1 -2.931682674400804e-16   5.32993787993874e-16 -3.148523108897905e-16 -1.561251128379126e-17 -4.250072516143177e-17 -1.179611963664229e-16 -2.775557561562891e-17
-1.298960938811433e-14 -1.024180740216707e-14 -1.243449787580175e-14  3.025357742103552e-15  2.081668171172169e-16     0.9999999999999992 -1.258975562690168e-15  4.874572967494828e-16   7.91033905045424e-16 -5.100087019371813e-16 -1.040834085586084e-16 -2.498001805406602e-16
 2.775557561562891e-15  8.659739592076221e-15  4.107825191113079e-15 -5.939693181744587e-15  8.673617379884035e-17  8.760353553682876e-17      1.000000000000001  3.469446951953614e-16 -1.339206523454095e-15   3.33066907387547e-16  4.163336342344337e-16  5.551115123125783e-16
 2.386979502944087e-14  4.440892098500626e-16 -1.582067810090848e-14 -5.551115123125783e-17  2.914335439641036e-15 -1.235990476633475e-15   1.22514845490862e-15     0.9999999999999998  2.012279232133096e-16  -3.33066907387547e-16 -1.387778780781446e-17  5.551115123125783e-17
 2.220446049250313e-16 -7.771561172376096e-16   1.77635683940025e-15  2.609024107869118e-15  1.040834085586084e-16  -2.34187669256869e-16  6.418476861114186e-17  1.647987302177967e-16                      1  2.151057110211241e-16  5.967448757360216e-16  2.220446049250313e-16
 2.310651670001107e-15  9.089951014118469e-16 -2.983724378680108e-16  6.938893903907228e-18   1.58944038486375e-16  1.176359357146772e-17 -4.041363597939718e-17  3.095397202446115e-17  3.426078865054194e-17                      1 -3.729655473350135e-17   2.42861286636753e-17
-5.329070518200751e-15  1.054711873393899e-15  1.459943277382081e-14 -1.387778780781446e-15 -1.051242426441945e-15 -5.247538514829841e-17 -1.140580685454751e-16  1.647987302177967e-16 -2.081668171172169e-17  2.498001805406602e-16     0.9999999999999997  2.775557561562891e-16
 4.440892098500626e-16 -7.771561172376096e-16 -2.220446049250313e-15                      0  2.498001805406602e-16 -1.908195823574488e-17 -1.578598363138894e-16  6.418476861114186e-17 -2.775557561562891e-17 -1.665334536937735e-16 -1.110223024625157e-16                      1
