10
1

0.2363015143070475
0.6147926556657008
0.7665898648818126
  1.00406856924601
 1.044838538668702
 1.210844715014224
 1.786054030762078
 1.916941161276166
 3.032237939978926
 5.999313408540354

   0.4144677354445266   -0.2186381384939629   -0.7457532763049433     0.400120605157933    0.1962839121056118   -0.1120208782173234   0.06217570821456143  -0.02725716179518859   0.07184012914989141  -0.05765054947202183
   0.3527874044490018   -0.1208589952182483 -0.008625297885160954  -0.01877362556479276   -0.8511033465900752    0.2735887743965531   0.06209256212314127 -0.008321315897622514    0.1833354723160833   -0.1540874937340404
 0.005423526033128094  0.008907674397583524  -0.01435000477381834  0.006045854339323619  -0.08889588779808695   0.01497695619003381    0.5532979613187435   -0.6521206795712259   -0.4402913495673152    0.2574208390916375
  -0.7109960861785891 -0.001276804144145297   -0.4596478446479599   0.08488462777725998   -0.3450690968455357  -0.02096648199448055   0.08419251522020657    0.2274890289293977   0.02719160614991471    0.3113038672665834
  -0.3828038671989711  -0.02368895212482445   -0.1028980844365261   0.06544747386494372  -0.01975163414940376  -0.01993779517199785   0.01925331013216168   -0.2653536308467773  -0.08958811500778359   -0.8708798612642148
   0.1416767979970151    0.0452475452766334   0.01249642083175253  -0.03091770962866449  -0.01082173742437049    0.0116154517035843    0.3996549770067296    0.6589274027580473   -0.5856614631387673   -0.1990162766628615
  -0.1601209855410417   -0.3560315807494394    0.2366246489676147    0.3370075167331211     0.257232734802719     0.581885450277537    0.4040357067531243    0.1010801906558441    0.3159125650259456  0.003915296946663617
  0.04267045375480433    0.2497775918466769   -0.4017228321521543   -0.5656016274025201    0.1973362960237647    0.6384054408742671  -0.06472954890302347  -0.04827299004599314  -0.03066037774529399  -0.02325030528848875
 -0.04808521954241633   -0.3027643102165819   0.05073994672957451    0.3070830104393521  -0.05296891599794305    0.3536059733019928   -0.5923417671213869  -0.06982159136530611   -0.5607548703056615    0.1054245129957212
  0.04277724320040461    0.8087567153055421   0.04005514337118835    0.5470745660000497  -0.04119856926607038    0.2005362806368501   -0.0255608081240173  -0.01243990289776852   0.02047028707129466 -0.006958945872952738

 22.7004483365454
33.73644536825324
50.57454861330577
83.03068272014232
67.67281707767457
113.1421752963221
90.64894532391895
154.2361482747388
106.5894495517827
 183.528627356225

0.5678168781185138

  -0.02098387176325437    0.01187240084864998     0.0208388331205487   -0.01175922841471628  0.0001385881659430643 -8.179940217534535e-05  2.799947731768253e-05 -4.397793183907381e-05 -0.0004540316208058166  0.0002557169735057649

 -0.001761516847896112  -0.003423493790967405 -4.808469898472587e-05   0.004376490694192635   0.005094528325043436  -0.002370716140860602 -0.0001482460401521752   0.001223975852286344    -0.0451213328790195     0.1105819415861292

cov:
  0.9312902859492399    1.599128930211106   0.2119974998902618   0.3578588411573067   0.0036600469530217  0.01500939703929401  0.03210938569586085  0.03339917612461274  0.03426705328883765  0.01543265172343708
   1.599128930211106    25.03004956507662   0.4007416468382315    14.15998181006119   -1.126548359845782    4.768325323923193   0.4118136869780628  -0.2792677782014403    1.721803388863243  -0.5038195562417054
  0.2119974998902618   0.4007416468382315      1.1090404811468    1.957372693544647 -0.02397089059430058  -0.0333014947618864  0.04602627484666034  0.04017552442797164  0.03848162758711494  0.02708555873354242
  0.3578588411573067    14.15998181006119    1.957372693544647    13.19931310706077   -1.114709449691602    4.237549687368463   -1.613481946035841   -0.265313226899612  -0.7556478288854974   0.1873308739281626
  0.0036600469530217   -1.126548359845782 -0.02397089059430058   -1.114709449691602   0.8422904530830286   0.3883612750573887   0.5267427082846514  0.05296184689459439   0.4463163665667329  -0.1055443803861033
 0.01500939703929401    4.768325323923193  -0.0333014947618864    4.237549687368463   0.3883612750573887    5.205002462144273   -1.496688653974944   -0.236652045408909   -1.154881263954666   0.2409333489110239
 0.03210938569586085   0.4118136869780628  0.04602627484666034   -1.613481946035841   0.5267427082846514   -1.496688653974944    4.209020583635556   0.7209767162805273    2.968297644908644  -0.5858026414783289
 0.03339917612461274  -0.2792677782014403  0.04017552442797164   -0.265313226899612  0.05296184689459439   -0.236652045408909   0.7209767162805273    1.107146170650732  0.09256251912197057 -0.02584617047703361
 0.03426705328883765    1.721803388863243  0.03848162758711494  -0.7556478288854974   0.4463163665667329   -1.154881263954666    2.968297644908644  0.09256251912197057    3.867371240180121  -0.3550322199640515
 0.01543265172343708  -0.5038195562417054  0.02708555873354242   0.1873308739281626  -0.1055443803861033   0.2409333489110239  -0.5858026414783289 -0.02584617047703361  -0.3550322199640515    1.137810989785532

cov.inverse():
    4.063956646322848    -1.698698647498155    -5.198938643385564     2.842238393140848    0.9005708600643447   -0.5764956422220749    0.4790963474491756   -0.2251039401687923     0.642687308740988   -0.5037904567957953
   -1.698698647498154    0.9816389907069629     2.871289806280741    -1.636957417187036   -0.5117058193542291     0.323498827518151   -0.2736734394945442    0.1127652050933532    -0.381173177772984    0.2856224443296357
    -5.19893864338556     2.871289806280741     10.24166789526769    -5.299553813945231    -2.443622614563305     1.476575489703915   -0.8483643174836969    0.3194329426730773   -0.9381289932471714    0.7090485603245855
    2.842238393140849    -1.636957417187036    -5.299553813945229     3.021088897601478     1.412264916712263   -0.8412785244303059    0.4804309031962508   -0.1966735732335058    0.5300935332357981   -0.4171983670047086
   0.9005708600643457   -0.5117058193542294    -2.443622614563305     1.412264916712264     2.770159413645418   -0.9257131180474686 -0.004524946554138769   -0.0503822860008072  -0.07002197657341012   0.01451683594441452
  -0.5764956422220749    0.3234988275181509     1.476575489703914   -0.8412785244303058   -0.9257131180474687    0.6558090503867667  -0.02509324429501848   0.04467161532869368   0.00463888319272599   0.01922747065377442
   0.4790963474491755   -0.2736734394945449   -0.8483643174836993    0.4804309031962523 -0.004524946554137592  -0.02509324429501925    0.8071834055832547   -0.4336127577323352   -0.3867245583147483    0.1033691921361284
   -0.225103940168793    0.1127652050933535    0.3194329426730784   -0.1966735732335065  -0.05038228600080785   0.04467161532869406    -0.433612757732335     1.153484535618467    0.2288454476264375   -0.0620076659135269
    0.642687308740987   -0.3811731777729835   -0.9381289932471693     0.530093533235797  -0.07002197657341101  0.004638883192726384   -0.3867245583147487    0.2288454476264377    0.8190178492745817   -0.1882684043394479
  -0.5037904567957945    0.2856224443296356    0.7090485603245852   -0.4171983670047085   0.01451683594441468    0.0192274706537744    0.1033691921361283  -0.06200766591352686   -0.1882684043394477     1.054336556745065

cov*(cov_.inverse()):
    0.9999999999999984 -8.985867605559861e-16 -3.890984756615978e-15 -1.294103713078698e-15 -2.113110034174248e-16  8.483881999699072e-17  1.338989683019598e-15   8.55435514091063e-17  6.635317295611287e-17 -6.175615574477433e-16
-4.440892098500626e-15      1.000000000000002  7.716050021144838e-15   1.27675647831893e-15 -1.002670169114595e-15 -1.578598363138894e-16  7.355227538141662e-16 -1.387778780781446e-16   -1.1518563880486e-15                      0
 2.931682674400804e-16  6.852157730108388e-17                      1 -2.324529457808922e-16  1.210511725580066e-16  4.037568890336019e-16  2.424276057677588e-16  3.859759734048396e-17  3.989863994746656e-17  7.979727989493313e-17
 6.938893903907228e-16  4.690692279041286e-15  7.605027718682322e-15     0.9999999999999958  4.536301889679351e-16 -3.729655473350135e-16  1.491862189340054e-16 -2.654126918244515e-16   3.05311331771918e-16  7.771561172376096e-16
-6.453171330633722e-16  -3.05311331771918e-16  3.885780586188048e-16 -3.400058012914542e-16     0.9999999999999997  4.289103794352656e-16 -6.591949208711867e-17   9.71445146547012e-17   1.07552855510562e-16 -4.163336342344337e-17
  2.80331313717852e-15 -4.579669976578771e-16  -2.05391259555654e-15   2.55351295663786e-15  7.884318198314588e-16     0.9999999999999994  7.840950111415168e-16 -5.100087019371813e-16  6.938893903907228e-18 -1.110223024625157e-16
 1.609823385706477e-15 -5.551115123125783e-16  4.440892098500626e-16  7.494005416219807e-16  3.070460552478949e-16  3.989863994746656e-17                      1 -8.326672684688674e-17 -1.942890293094024e-16   3.33066907387547e-16
-3.348016308635238e-16   2.51534904016637e-17  2.255140518769849e-16 -3.365363543395006e-16 -1.643650493488025e-16  1.117812439832555e-16 -7.199102425303749e-17                      1 -5.204170427930421e-18  2.775557561562891e-17
  3.05311331771918e-16                      0 -6.106226635438361e-16  -6.38378239159465e-16  4.423544863740858e-17  5.377642775528102e-17 -4.440892098500626e-16  -1.52655665885959e-16                      1 -1.665334536937735e-16
-4.440892098500626e-16  5.551115123125783e-17  2.220446049250313e-16 -1.110223024625157e-16  1.734723475976807e-17 -4.163336342344337e-17  4.163336342344337e-17  2.775557561562891e-17  1.387778780781446e-16                      1
