12
1

0.0701540810152588
0.1409863847536889
0.1607569782408756
0.3875632908955393
0.5525755259632646
0.6660577014163767
0.8124317458024113
0.8479206420086183
0.8868181768393213
 1.258581098207899
 1.703222038945482
  2.27426804628795

    0.6712992530123785     -0.257202692284532    -0.6443889988279815     0.2569542072304253   -0.01152300438067631  -0.001713264647589302    0.02191315481082795 -0.0006810488613037729    0.01088889789699963  -0.003352431404010888    0.03224066342839113   -0.01248235569150039
   0.02821542698237391  -0.006267488020953131    -0.0144000745905054   0.003318393313821179   -0.07876546373894988  -0.005003321381421262    0.01103333080810131  -0.002284097294174617    0.02148602593341251  -0.007399588674930483    -0.9960287545376966 -0.0007538639131802207
  -0.09151643215915017   -0.01383839734523063   -0.09916103369823406    0.03248074795524307     0.9838706461193589    0.06600601286228178   0.008033739398152643 -0.0001599464549704299   -0.03449438464862346     0.0227260412887755    -0.0799267075693936   0.005282908595214675
     0.715113289990596    0.07050077951513491     0.6013476648791504    -0.2683034586501261     0.1255625239526961     0.1018474448638084    -0.0838953888107152    0.01432244866310922    -0.1209515805393364    0.02127136233946123  -0.003974044608272239    0.03945751664767523
  0.008947966575888722    0.01619293483349604   0.001040671996445624     0.0164019454567098    0.02307682496448512     0.1594836946501579    -0.4973627682552554      0.484683545445343     0.5480978447295204    -0.4259135224000296   0.005858844522586798    0.09635487917835672
   0.08445992682766176    0.07294877479060616     0.0394642967518161    -0.1168608656657399    0.04363570066245855   -0.02660526783250111     0.5148663840564212    -0.4626372035367953     0.5986072205097611    -0.3305292413028327    0.01967551415451642     0.1504370450993975
  -0.03292695918219276    -0.1266342300552584    -0.3357303563029771     -0.863343159068391  0.0007649649334080378    -0.2167837147677475   -0.06356190926317645    0.08536852901292283   -0.06496954918842618    0.02326318541699906  0.0002078241131665318     0.2484298234121534
   0.08228708730941109    0.08071304333523721     0.0923995335279718    0.08003687748858987    0.08400260214092664    -0.8995454704604054   -0.06979176900637597    0.07645085675017682    0.06402048094044208      -0.15097458425429  0.0004438210939657866    -0.3434012306100084
 -0.002023148196448387   -0.02705508314141203      0.111439466062371     0.3072148815420326    0.01238826438959319    -0.3135332080729768   -0.04236233884105824    0.03181005923419518   -0.06940551137031203     0.0901840086311477  -0.003256456864633932     0.8821792998580733
   0.05022343132976791      0.141603214180076   -0.01210646609901126   -0.02709264030970757    0.01140538295936736   -0.05445569949941417   -0.09068937558553004     0.0381857458843495     0.5399317835847003     0.8183040723047948    0.00450248116595307   -0.05098216340550926
   -0.1002052410118827    -0.8002842579324538      0.209901114750273   0.008197576433418875   0.009188819727660948   -0.03880896009431854    -0.3463035542656072    -0.4038485543292578     0.1219165398725556     0.0412994417078078   -0.00187972491094615   -0.06476991337370906
   0.03409481595595738     0.4891551213773182     -0.183490252151551  -0.006840034693223106  -0.005848380268968377     0.0121483757759423     -0.583936379859864    -0.6100341256822319   -0.07302068482109041   -0.07428526521450904   -0.00520440623301853    0.04082680927485344

49.86512682998542
112.5177008934463
56.66010791091981
129.4694561637966
 67.6523061403896
158.1558359330223
 79.6682570342056
187.2462971867744
91.52926856693531
218.3719835436023
107.5125131594868
259.2644352150694

0.4026150038424928

   -0.0530937715210081    0.02144166994845906    0.05388510649395233   -0.02149342830785016 -0.0006627478256050287 -0.0001956562601059901  0.0001149241503198023  0.0001044532056541749  7.164785570975387e-05  5.721736888827188e-06  -0.001595764557019549 -9.138939935756435e-05

-0.0004008225217913073 -1.658786210169165e-05 -5.216466965348568e-05  0.0002398687685047961 -0.0001400554997190165   0.000754668524898589 -0.0003206048858273632  0.0005572548372122778 -0.0008644277814449742  0.0005340019610795797  -0.002226186796248259  -0.006169037531925305

cov:
    0.1271763315011178     0.3472633442242085   -0.01758011665600344    -0.0151143341823599    0.01491436007681827     -0.028702864354445  -0.003222830763738225  0.0009967124667899137    0.01101173559237615    0.01908138120815016  7.704901188039305e-05   0.004936977018128838
    0.3472633442242085      3.146651526935946    -0.9147057476108489    0.02097636929193216    -0.0264955739564679     0.0821955396921156    -0.6783087095395669    -0.6130795707263187    -0.3152591712373762     -0.125482910331213  -0.006980384714159452     0.1885420485377965
  -0.01758011665600344    -0.9147057476108489     0.4498007453946032     0.2083845094568948     0.0270743269296424   -0.06469341245265746     0.3519843779568734     0.3146208969807348     0.1455284836773692    0.06862979399967645   0.003781459779210148   -0.07150348092219591
   -0.0151143341823599    0.02097636929193216     0.2083845094568948      0.589709019895862  0.0009261976846456192   -0.00487169552271065    0.01251771985606184 -0.0003887824006122104   -0.01717924565278884   -0.01750278634772897  -0.001856038625336079    0.04209935928750501
   0.01491436007681827    -0.0264955739564679     0.0270743269296424  0.0009261976846456192    0.03433764015422572   -0.05566245946699742   0.007200062609606759   0.008077307035817738      0.030628424483039   0.001495274759165004  5.643899671715354e-05   -0.01143064151449939
    -0.028702864354445     0.0821955396921156   -0.06469341245265746   -0.00487169552271065   -0.05566245946699742     0.7096876204600758    0.04322931499340825   -0.03637967334057339    -0.0621691875044053   -0.02430188429327175 -6.285280714209745e-05   -0.01319460709078061
 -0.003222830763738225    -0.6783087095395669     0.3519843779568734    0.01251771985606184   0.007200062609606759    0.04322931499340825      2.326364454075442      2.054770809585765    0.07734172668634177    0.05783441284516606    0.02046081031039315   -0.05426696329611326
 0.0009967124667899137    -0.6130795707263187     0.3146208969807348 -0.0003887824006122104   0.008077307035817738   -0.03637967334057339      2.054770809585765      2.576786307077476     0.0763446720312017     0.2356235197605208    0.01571625451001191   -0.05536110261407502
   0.01101173559237615    -0.3152591712373762     0.1455284836773692   -0.01717924565278884      0.030628424483039    -0.0621691875044053    0.07734172668634177     0.0763446720312017     0.7949369888113234     0.5701962649904538    0.01126626591084433    -0.1011894972396961
   0.01908138120815016     -0.125482910331213    0.06862979399967645   -0.01750278634772897   0.001495274759165004   -0.02430188429327175    0.05783441284516606     0.2356235197605208     0.5701962649904538      1.221268189325345   0.003773998063045549    -0.0203330294541391
 7.704901188039305e-05  -0.006980384714159452   0.003781459779210148  -0.001856038625336079  5.643899671715354e-05 -6.285280714209745e-05    0.02046081031039315    0.01571625451001191    0.01126626591084433   0.003773998063045549    0.02026536997870108  -0.001980234708826566
  0.004936977018128838     0.1885420485377965   -0.07150348092219591    0.04209935928750501   -0.01143064151449939   -0.01319460709078061   -0.05426696329611326   -0.05536110261407502    -0.1011894972396961    -0.0203330294541391  -0.001980234708826566     0.7755833227581374

cov.inverse():
    95.36576570981647    -34.64101581251624    -84.67442057279843     33.68902767499995    -4.551359435860401  -0.08167922780994373       2.6606960091389  -0.08570795833406694     1.215245611887795   -0.5170302103136637     3.251994444163031    -1.556113228875021
   -34.64101581251626     13.81073006529371     34.01683190382013    -13.43242644412579    0.1743039870687819   0.06603374712444962    -1.096034587911464   0.04099017012092378   -0.4568609891628194    0.1286269754142307    -1.325808029029965    0.5987131288877606
   -84.67442057279848     34.01683190382014     87.39260558750023    -34.36078290200351    -1.689817648635754    0.3280063510700352    -3.185988549046751   0.07231483060455646    -1.699288335924456    0.3923142775750783    -3.207673807102061     1.735044432740096
    33.68902767499997    -13.43242644412579    -34.36078290200351     15.22643096648492    0.4003142895105644   -0.1119294752068238     1.203697205673972 -0.005533582948540582    0.6727455477455968   -0.1472951280145618     1.417192037692389    -0.768045780495715
   -4.551359435860377    0.1743039870687735    -1.689817648635776    0.4003142895105736     37.91751192590812     2.520531144245041    0.1437653558626529   0.01687295823646525    -1.414020619872622     0.845378082252727    0.8275604610458308    0.2618468522778858
 -0.08167922780994714   0.06603374712445073    0.3280063510700378   -0.1119294752068249     2.520531144245045     1.648489774626116   -0.2059650207206813    0.1573025634595617   0.01961105752603291  -0.01070046514894316   0.03506394182259107   0.08516038005257057
    2.660696009138913    -1.096034587911468    -3.185988549046761     1.203697205673975    0.1437653558626528   -0.2059650207206812     1.688366046667303    -1.241226041480048   -0.1142631480630227    0.2504755748796421   -0.4179907370398794  -0.09081655490968771
 -0.08570795833406965   0.04099017012092491   0.07231483060455964 -0.005533582948541795    0.0168729582364648    0.1573025634595618    -1.241226041480049     1.403092870117152    0.2307353255860965   -0.3148456042649657    0.0998167076829844   0.03588265877148792
    1.215245611887794   -0.4568609891628186    -1.699288335924455    0.6727455477455961    -1.414020619872623    0.0196110575260329   -0.1142631480630227    0.2307353255860964     2.190748819217216    -1.015385009458438   -0.8565304172956951    0.1551324124377862
  -0.5170302103136628    0.1286269754142303    0.3923142775750772   -0.1472951280145613    0.8453780822527273  -0.01070046514894317    0.2504755748796421   -0.3148456042649657    -1.015385009458438     1.335649991339445    0.2570592484871683  -0.07328836823752642
    3.251994444163028    -1.325808029029964     -3.20767380710206     1.417192037692388    0.8275604610458304   0.03506394182259113   -0.4179907370398793   0.09981670768298419   -0.8565304172956948     0.257059248487168     50.36973558214836  -0.05678731332673016
   -1.556113228875035     0.598713128887766      1.73504443274011   -0.7680457804957204    0.2618468522778859   0.08516038005257055  -0.09081655490968793   0.03588265877148775    0.1551324124377862  -0.07328836823752639  -0.05678731332673131     1.375050056034152

cov*(cov_.inverse()):
    0.9999999999999991  4.011548038196366e-16  -2.72178113380761e-15   2.94469310047063e-16 -1.162264728904461e-16  1.425725856818438e-17 -1.681055468438775e-16 -1.626303258728257e-19  -2.53703308361608e-17  8.294146619514109e-18  2.463307335887066e-16  2.775557561562891e-17
-3.219646771412954e-15     0.9999999999999993 -5.606626274357041e-15 -5.551115123125783e-16  1.179611963664229e-16  4.510281037539698e-17 -2.810252031082427e-16 -2.255140518769849e-17 -1.769417945496343e-16 -1.561251128379126e-17  6.938893903907228e-18  2.220446049250313e-16
-2.470246229790973e-15  3.191891195797325e-16      1.000000000000002 -4.510281037539698e-16  2.740863092043355e-16 -2.168404344971009e-17  6.678685382510707e-17  2.211772431870429e-17  1.058181320345852e-16  1.040834085586084e-17 -1.127570259384925e-17 -1.942890293094024e-16
 9.880984919163893e-15 -1.408595462493167e-15  -6.38378239159465e-15      1.000000000000002  6.245004513516506e-17 -1.517883041479706e-17  1.600282406588605e-16 -7.806255641895632e-18  9.107298248878237e-17 -2.645453300864631e-17  2.007942423443154e-16 -1.318389841742373e-16
 5.204170427930421e-17  6.938893903907228e-17 -1.179611963664229e-16  6.938893903907228e-18                      1   -1.0321604682062e-16 -4.185020385794047e-17  1.046255096448512e-17  6.071532165918825e-18 -7.589415207398531e-18  2.938187887435717e-17 -3.469446951953614e-18
-5.620504062164855e-16  3.295974604355933e-16  1.228184220991579e-15 -5.568462357885551e-16  7.155734338404329e-17                      1  4.033232081646076e-17 -2.374402757743255e-17 -7.025630077706069e-17   2.47198095326695e-17 -8.857931749206571e-17  2.081668171172169e-17
 1.179611963664229e-15  1.325328735646281e-15   2.05391259555654e-15 -4.718447854656915e-16  2.602085213965211e-17 -8.673617379884035e-19     0.9999999999999994  6.349087922075114e-16  8.326672684688674e-17 -1.587271980518778e-16  1.019150042136374e-16 -5.551115123125783e-17
 1.679212324745549e-15  6.175615574477433e-16  3.885780586188048e-16 -1.158795281952507e-15 -1.422473250300982e-16   4.77048955893622e-17 -6.045511313779173e-16      1.000000000000001 -5.204170427930421e-17  3.209238430557093e-17  7.112366251504909e-17  4.163336342344337e-17
 -1.52655665885959e-15    1.1518563880486e-15   2.80331313717852e-15 -1.054711873393899e-15  1.457167719820518e-16 -1.179611963664229e-16  1.682681771697503e-16 -1.721713049906981e-16     0.9999999999999994   1.97758476261356e-16  1.674008154317619e-16 -1.110223024625157e-16
-2.248201624865942e-15  1.087671619437458e-15  1.297573160030652e-15  -8.72565908416334e-16 -1.084202172485504e-16  7.589415207398531e-18 -2.688821387764051e-17 -5.778797579347739e-17 -2.484991379336776e-16                      1  4.748805515486509e-17  3.469446951953614e-18
 6.678685382510707e-17  2.168404344971009e-18 -8.239936510889834e-18  1.062518129035794e-17   9.75781955236954e-19 -1.572093150103981e-18  1.336279177588384e-17 -3.835365185167472e-18  5.312590645178972e-18 -2.764715539838036e-18                      1  8.673617379884035e-18
 8.881784197001252e-16 -4.440892098500626e-16 -8.881784197001252e-16  6.661338147750939e-16 -5.551115123125783e-17  1.387778780781446e-17  8.326672684688674e-17  -1.07552855510562e-16 -1.387778780781446e-17  4.163336342344337e-17 -1.387778780781446e-17                      1
