14
1

0.01964552630877055
0.03005254340995897
 0.1427824041832025
 0.3072066689236855
 0.5323812863161981
 0.5677639451353244
 0.6665645403101402
 0.8098280646796672
 0.8848145043827773
  1.261944242318976
  1.556053297104141
  2.196668930496517
  2.783026535512138
  3.965216485208633

     0.259098989573649    -0.1038506347694423    -0.6128676963330165     0.2461863804473085     0.6006687727797217    -0.2400367052648679    -0.2414211925864282    0.09566005723020904 -0.0008649917667667563   0.001131810981885162 -2.708140691389779e-05 -0.0008899186028196339  -0.003100590314393077  0.0003785917155042879
   -0.3780659625630287     0.1508334152597567     0.4817279953901581    -0.1929428096422897     0.4369296796399848    -0.1743067281481715    -0.5438125710869587     0.2179695120095068   0.001713603617454757  -0.002193959626100853  0.0009529669794924186   0.000195813944498657    0.02197589937366453  -0.001334860498764235
  -0.02114600832223003   0.006625787646999038   0.007231323522496193  -0.003984701052936294   0.009896585203821728  -0.003741881471045152  -0.006761499575074438  0.0001250262151838985   0.009629534052801416  -0.002193011330364074     0.0179085288314426  -0.005542326181180676    -0.9994165352445925  0.0008466844440558156
    0.5108347684248878    -0.1716626626370857    0.05269818912714167   -0.02607595579636594    -0.4625260371065241    0.04080702168213333    -0.6291767260220017     0.2544171068350829     0.1174175054728713  -0.004972826087554154     0.1064511297815618   -0.02823962692619751  -0.008752298296919602   -0.06259575306348428
   -0.5589245305700048     0.1497021172278331    -0.4251166691152125     0.1326098008879756    -0.4142239569956552    -0.2246502971208307      -0.19520386268479     0.1502077266876445    -0.2483687669870154     0.2065356453433171     0.2318053951234553    -0.1419340861715984   0.009451840584613862     0.0765151706259542
    0.2537878373313548   -0.06047459361367059     0.1925673436111935   -0.06573489683034289     0.2003966888323944     0.1294527827777308    0.09379518581673954   -0.05992736722757483    -0.4264026370418977     0.4337698246423202     0.5140396477484547    -0.4258332496722215   0.003318478397432113    0.07528890120668331
   -0.1096590114595462    0.02307151540497827   -0.04188703329664237    0.01724633451759821    0.04540601514213179     0.0383657376031998    0.02795134043079359     -0.101289743759354     0.5250463952368342    -0.4783405021380025      0.585010168814776    -0.3162585073369236    0.02068095326602442     0.1537814197808508
   0.03238923365406889    0.02643756876477455    0.01167953904775826   -0.00623002418033184   -0.06136624842510888    -0.1595201602452102    -0.3480244016432409    -0.8632407313337049    -0.0459346995845045    0.05423140845299659   -0.07767721203864841    0.04946966451720181 -0.0001395964462549851     0.2983733677306261
  -0.08948102395095978    0.01622051386924215   -0.04273225648588133    0.01609339400465392   0.008672178743375268    0.01636594118439529   -0.09516910266595602    -0.3059768956414864    0.01516210377130243  -0.006060845784289026    0.08335733568589655    -0.1311586449081146     0.0038514100268646    -0.9285421027479138
   0.02923485820684594    0.02026352444616013   0.009586203194437436   -0.01511912171544076   -0.04980684648621127    -0.1432074473853111    0.01837721350047255    0.03606721254387234    0.08616506434398891   -0.04024327318886625    -0.5408889857841063    -0.8184019714966581  -0.004625270678110891    0.04877042544300172
    -0.256324367619205    -0.1654324608123468    -0.2108400356177696    -0.0455188077934032     0.1145779370892085     0.7690087704986605    -0.2098006985259509   -0.04051549998567373     0.2711655661586437     0.3300744161845957    -0.1360209063304698   -0.05605334530887066   0.002480461305421539    0.07819401333924696
   0.01303286386934218   -0.04529902857918653     0.1525064357641998     0.1917190565468669   -0.02983212554240983    -0.3757352584484579      0.145411453451161   0.009448105156798187     0.6009348393798182     0.6368206273188666    0.05415778643816167    0.06323576449713604   0.004879675108688662   -0.02905518375532386
   -0.2260354563219074    -0.7277523441880467     0.2576977024307975     0.5551380393338826  -0.007694569835211435   -0.02539675228466095   -0.01763128211570185   -0.01542380269649606    -0.1473234019231561    -0.1434205736384459   -0.01469770270263944   -0.02737963550667359  -0.001458947012109183    0.01427414101656682
    0.1132690323078686     0.5915539911182669     0.1837575964493812     0.7292001325934717    0.00775670857081628     0.2494058019598142   -0.08002319856836493      0.011007809610881   -0.02854490948172017   -0.02617450288494685    -0.0307452357379255   -0.01871583081446344  -0.001021128928484378    0.01222695864668901

 22.4950579447011
44.37318773129682
35.74755853664124
77.34700342682997
49.86385899269479
 112.514072392489
56.65989024257086
129.4673245349417
79.67087207094401
187.2486170004969
91.53093488203787
218.3738855394473
107.5123483365359
259.2611413976119

0.4026524789581521

  -0.01821886614480271    0.00734264503348708   0.005586063931722593  -0.002263445229518552     0.0142547461217507  -0.005660144684347776  -0.001224983285550588  0.0005206900145840892 -0.0001649491346516654  7.590741705942936e-06 -2.460090602547593e-05  2.119406702759389e-05 -0.0001843739025464964  3.683605927751685e-05

 3.101130063969527e-07  1.726226816751372e-05  1.704452036066284e-05  -0.001524942236128541   0.001226238432102426 -0.0005839122644314035  0.0009454366318141878 -0.0001899749222493204   0.001111845503198172 -0.0003425739239001301 -0.0003405948493827336   0.006176039116736419  -0.007521443312868277   0.007296681033748495

cov:
    0.9051047262755111      2.389652665540293     0.1076931693466812     0.3367232130703177   0.007477313766630555     0.0228402138130576    0.03490349915306214    0.06556155164163739    0.06308802246582688    0.06520202594299916   0.008083432031156192    0.02720157939668997  -0.003217463375132539   0.003612976928670569
     2.389652665540293      9.692144291461085     0.2846857559255748      3.636574384495243    0.06009376931639315      2.217444125867211    -0.5990052567325164     0.1882035838089329     0.3283688595161504     0.2885926937774677    -0.1741215428682456   -0.03883990804314082  -0.002878670607907972   0.007618993825334404
    0.1076931693466812     0.2846857559255748       1.33136424827157       3.35768297584563   -0.01565994616220374    0.03142608786323824   -0.02597046201364276    0.01423421812808591    -0.0779966681973108   -0.05083114126246572   -0.02688797892659011   -0.04488515368361001   -0.00523641613164392    0.02889083120507242
    0.3367232130703177      3.636574384495243       3.35768297584563      10.93691938461665  -0.001168150805310263      2.311249680983206    -0.8433524396016345    0.07738285628243737    -0.4329316390888741    -0.3684158082336315    -0.3341712619002321    -0.2484402559133974   -0.01303708374271748      0.154581538341336
  0.007477313766630555    0.06009376931639315   -0.01565994616220374  -0.001168150805310263      0.126961480846112     0.3508570466272645   -0.01920971509974776   -0.01508230203214422  -0.003776674370476728  0.0005635178278807882    0.01133948880567478    0.02073412213123367  5.703736688900972e-05    0.00605044958567709
    0.0228402138130576      2.217444125867211    0.03142608786323824      2.311249680983206     0.3508570466272645      3.166263965974891    -0.9191189490773491     0.0189386892278132    -0.6748031460634449    -0.6142166019779737    -0.3195149566985128    -0.1214723072155881  -0.006898432670788828     0.1898307298605509
   0.03490349915306214    -0.5990052567325164   -0.02597046201364276    -0.8433524396016345   -0.01920971509974776    -0.9191189490773491     0.4503952999805693     0.2097445359449844     0.3522083305018718     0.3146162769039677     0.1471360254943048    0.06738943875805102   0.003738585416924053   -0.07126227405534537
   0.06556155164163739     0.1882035838089329    0.01423421812808591    0.07738285628243737   -0.01508230203214422     0.0189386892278132     0.2097445359449844     0.5904951055200804     0.0176304171878153 -0.0004854001017908202    -0.0186453236453675   -0.01944244911662463  -0.001933461638627875    0.04110784576547329
   0.06308802246582688     0.3283688595161504    -0.0779966681973108    -0.4329316390888741  -0.003776674370476728    -0.6748031460634449     0.3522083305018718     0.0176304171878153      2.314769152531416      2.045686040334274    0.07809552011049241    0.06528993239734902    0.02072644808517297   -0.04855943928321815
   0.06520202594299916     0.2885926937774677   -0.05083114126246572    -0.3684158082336315  0.0005635178278807882    -0.6142166019779737     0.3146162769039677 -0.0004854001017908202      2.045686040334274      2.569707243609262    0.07926037802337073     0.2418413787003659    0.01596186611425045   -0.05343277796464605
  0.008083432031156192    -0.1741215428682456   -0.02688797892659011    -0.3341712619002321    0.01133948880567478    -0.3195149566985128     0.1471360254943048    -0.0186453236453675    0.07809552011049241    0.07926037802337073     0.8043306786206909     0.5786394534442539    0.01145406274258426    -0.1018416681997089
   0.02720157939668997   -0.03883990804314082   -0.04488515368361001    -0.2484402559133974    0.02073412213123367    -0.1214723072155881    0.06738943875805102   -0.01944244911662463    0.06528993239734902     0.2418413787003659     0.5786394534442539      1.228598458490212   0.003784810021229415   -0.01949500245610669
 -0.003217463375132539  -0.002878670607907972   -0.00523641613164392   -0.01303708374271748  5.703736688900972e-05  -0.006898432670788828   0.003738585416924053  -0.001933461638627875    0.02072644808517297    0.01596186611425045    0.01145406274258426   0.003784810021229415    0.02079797329232128  -0.002025452086885468
  0.003612976928670569   0.007618993825334404    0.02889083120507242      0.154581538341336    0.00605044958567709     0.1898307298605509   -0.07126227405534537    0.04110784576547329   -0.04855943928321815   -0.05343277796464605    -0.1018416681997089   -0.01949500245610669  -0.002025452086885468     0.7743500605720439

cov.inverse():
   336.3653938919871   -134.0999900875429   -611.7925590017758    245.5775821711811    218.7806237857421    -87.5109638077796    62.63875428893259   -25.96704085769387  -0.6733707801772516    1.679264002426411 -0.06482614154450615  -0.7946329179283076     -10.313383440201   0.4567527068889642
   -134.099990087543    53.64444780588393    245.0016554253182   -98.36084513722049   -88.07668336698131    35.21711555632219   -24.84009311155783    10.24869607258523   0.2727258748479173  -0.6742396243239689  0.03573374775378126   0.3041921402069944    4.200888359735901  -0.1889362457344176
  -611.7925590017734    245.0016554253167    1230.979797109807   -494.0662850856883    -720.317609243962    288.5470056086886    93.31941503487455   -35.74744084689141    2.413885070499626   -2.989248778022081   0.5248500749575498    1.497047458843747     16.2712963826002   -1.382940165792133
   245.5775821711792    -98.3608451372197   -494.0662850856884    198.4219963541887    289.7011013685241   -116.0333111551637   -37.74950333722026    14.46442819342302  -0.9542109468142983    1.189414785214443  -0.2176145426746807  -0.5871123107653661   -6.470120455281203    0.546790074845108
   218.7806237857262   -88.07668336697485   -720.3176092439351    289.7011013685134    1149.249421326539   -457.6384908270052   -635.3758347676238    252.8906216031914  -0.9254158467148131   0.6502639527686866 -0.03522786194017542   -1.227709797171336    5.354308752036117    0.165464160275904
  -87.51096380777319    35.21711555631961    288.5470056086778   -116.0333111551594   -457.6384908270052    183.5110684067214    255.0304337864185    -101.417568433366   0.3703195422574193  -0.2674519387728889  -0.0297035283322594   0.4545633431844107    -2.13669807388789 -0.09131956785118235
   62.63875428894336   -24.84009311156213    93.31941503485322   -37.74950333721184   -635.3758347676132    255.0304337864142    483.0391455394619   -192.4070965151652   -1.178068612105153      0.5633552656842   -1.207306311991871   0.5699905238949934   -10.90766410293248   0.9101961894199773
  -25.96704085769816    10.24869607258697   -35.74744084688261    14.46442819341955     252.890621603187   -101.4175684333642   -192.4070965151651    78.37246169934201   0.3971095748193886  -0.1984555850714549   0.4640843615401977  -0.2047225492632791    4.503703497185316  -0.4356872712688163
 -0.6733707801773793   0.2727258748479685    2.413885070499992  -0.9542109468144446  -0.9254158467153074   0.3703195422576169   -1.178068612104899   0.3971095748192876    1.674190306190379   -1.220993614296032 -0.07936574450677364   0.2304082533014042  -0.4217936724688282 -0.09717101277201338
    1.67926400242655  -0.6742396243240238   -2.989248778022422    1.189414785214579   0.6502639527690642  -0.2674519387730397   0.5633552656840305  -0.1984555850713877   -1.220993614296032     1.39560742129231   0.2163995873170025  -0.3099276742527982  0.03566594837807224  0.03623629410928872
-0.06482614154424506  0.03573374775367654   0.5248500749569546  -0.2176145426744416 -0.03522786193964551  -0.0297035283324713   -1.207306311992063   0.4640843615402736 -0.07936574450677392   0.2163995873170035    2.126492230991896  -0.9859017018458867  -0.8222210216956241   0.1582818331896589
 -0.7946329179284063   0.3041921402070336    1.497047458843953  -0.5871123107654486   -1.227709797171484   0.4545633431844699   0.5699905238950302  -0.2047225492632936    0.230408253301404  -0.3099276742527982  -0.9859017018458853    1.319302085640896   0.2641290913398971 -0.07915171688449495
  -10.31338344020138    4.200888359736048    16.27129638260109   -6.470120455281561     5.35430875203511   -2.136698073887488   -10.90766410293202    4.503703497185136   -0.421793672468828  0.03566594837807364  -0.8222210216956193   0.2641290913398981    49.55588689817797 -0.06546466839302326
    0.45675270688898   -0.188936245734424   -1.382940165792194   0.5467900748451328    0.165464160276013 -0.09131956785122601   0.9101961894199138  -0.4356872712687913 -0.09717101277201341  0.03623629410928857   0.1582818331896584 -0.07915171688449482  -0.0654646683930224    1.376623529703133

cov*(cov_.inverse()):
    0.9999999999997338  1.072434242105347e-13  9.892850427739575e-13 -1.074374963994096e-13 -2.552789793788812e-13  5.584470602962299e-14  2.217019970385259e-14 -5.672632502617958e-14 -2.062694633153672e-16 -1.295242125359808e-15  2.421023451160131e-16   6.48623949689453e-16  1.082237056047874e-14  2.619432448724979e-16
-3.812401783154229e-14       1.00000000000006  3.834692979820531e-13  3.583158075803894e-14   6.12353050211123e-14  1.932514478303338e-14  1.791535669815048e-14  1.830870524632822e-14 -3.842412499288628e-16 -3.825607365615102e-16  9.302454639925628e-17 -1.153591111524577e-16 -5.312590645178972e-17  2.602085213965211e-16
 2.657075948153675e-14 -3.602413506387236e-14      1.000000000000032  1.949690409119853e-13  1.597801752017958e-13 -7.388664333141115e-14 -3.726879915788572e-14 -2.598615767013257e-15 -1.387778780781446e-15  3.749171112454874e-16 -3.122502256758253e-17 -2.068657745102342e-16 -2.372017512963787e-15  7.077671781985373e-16
-5.602601715892774e-13  6.615194503289956e-14  3.315125951530717e-13     0.9999999999998073 -2.957530054192858e-13  2.627655038001109e-13  1.361410983946598e-13 -2.650657471292561e-15  2.461572612411089e-15 -4.527628272299467e-16  9.367506770274758e-17  3.781697177629439e-16 -1.752070710736575e-16 -2.081668171172169e-15
 4.879343457053764e-15 -5.767955557622884e-17 -2.290528877679776e-14 -3.113828639378369e-16     0.9999999999999863 -1.397536600333815e-15  -3.28426522089309e-14  4.032798400777082e-15  1.754239115081546e-16 -8.578749689791554e-17 -1.875669758399923e-16    5.5348520905385e-17  9.448821933211171e-17 -1.214306433183765e-17
 5.079547893416247e-13 -1.549177452986328e-13 -1.445177311154566e-12  1.201538868400576e-13  1.384864445341805e-13      1.000000000000015  7.188694084447889e-15  1.679212324745549e-14 -1.734723475976807e-17  2.484991379336776e-15 -5.273559366969494e-16 -8.517492267046123e-16 -1.715294573045867e-14 -2.775557561562891e-16
-1.093292123499623e-13  3.012173843686128e-14  4.224259830820642e-13  4.961309141293668e-15 -7.145846414591261e-14 -8.000544671205034e-15     0.9999999999999539  -2.56773768914087e-14 -2.862293735361732e-16 -5.698566618583811e-16  1.665334536937735e-16  4.250072516143177e-16  5.212844045310305e-15  2.220446049250313e-16
-7.480127628411992e-15  8.465450562766819e-16  5.132005931329786e-14  6.685624276414615e-15 -4.943007808622113e-14  1.490170833950977e-14  1.665334536937735e-14      1.000000000000002 -1.040834085586084e-17 -4.141652298894627e-17 -4.423544863740858e-17  3.903127820947816e-17  3.599551212651875e-16  8.326672684688674e-17
 2.511185703824026e-14   1.27675647831893e-15 -5.802303082447224e-14 -1.570271690454206e-14 -7.984064798183255e-14  -2.71657696337968e-15 -1.844357999658541e-14  1.387778780781446e-14     0.9999999999999997  -1.48318857196017e-16  5.898059818321144e-17 -3.773023560249555e-17 -1.931614590500175e-15 -4.163336342344337e-17
 1.374247937668827e-14  2.775557561562891e-17 -2.509104035652854e-14 -7.979727989493313e-15   -5.5797380604794e-14  9.782105681033215e-15  -1.38222766565832e-14 -7.632783294297951e-17  3.434752482434078e-16     0.9999999999999999  6.418476861114186e-17  9.540979117872439e-17 -1.112391428970128e-15 -2.775557561562891e-17
 5.603850716795478e-14 -1.970992813404848e-14 -1.365574320288943e-14  5.545564008002657e-14  4.016925680971895e-14 -3.656970559706707e-14 -3.647082635893639e-14 -3.788636071533347e-15 -7.806255641895632e-17  1.665334536937735e-16                      1 -4.440892098500626e-16 -7.849623728795052e-16  2.498001805406602e-16
 1.151509443353405e-14 -2.017049721692032e-15  2.417510636121278e-14  2.092423456723225e-14  1.242495689668388e-14 -2.087761387381537e-14 -1.799949078673535e-14  3.153727279325835e-15  4.336808689942018e-19  -6.23416249179165e-17  9.107298248878237e-18     0.9999999999999999    5.0935818063369e-16  7.979727989493313e-17
 4.143820703239598e-16 -3.876022766635678e-17 -5.519022738820212e-15 -4.996003610813204e-16  -8.42641928455734e-16  6.730184985703769e-17 -3.577867169202165e-16  5.627009275199768e-16 -9.378348791999613e-18  2.419126097358282e-17  9.920449878242366e-18  5.027987574901527e-17     0.9999999999999999  -4.77048955893622e-18
 -3.33066907387547e-15  1.110223024625157e-16  6.439293542825908e-15 -9.992007221626409e-16  2.278732758043134e-14 -2.664535259100376e-15 -1.443289932012704e-15  2.220446049250313e-15  -9.71445146547012e-17 -5.551115123125783e-17  1.387778780781446e-17 -1.387778780781446e-17  6.453171330633722e-16                      1
