12
1

0.02350668347567259
 0.1414845909947412
 0.2088433417080268
  0.457026862374941
 0.5633275754927783
 0.6655890215873249
 0.8153076634232246
 0.8827792967851479
  1.260549013115349
  1.639820409584648
  2.200800822360596
  3.561669681961452

   -0.2345876361866729    0.09449060654065256     0.7430807050797733    -0.2968797727828201    -0.5050671792056969     0.2013652207424972 -0.0001094247783870473 -0.0002669006743800148   0.000408030448604284 -0.0006138924757982126   0.009599299207613397 -0.0002274448823074101
   0.03333943984025216   -0.01200290641218523   -0.01238765591391332   0.004701900862650064   -0.01599078036592868   0.009436282098224681  -0.007782609652414089   0.002090874861909067   -0.01677943463594241   0.005327680375028629      0.998922314196843  -0.001854034934899851
   -0.6717269444743278     0.2626320642297404     0.2061906751472278   -0.05683159604830656      0.601075559329273    -0.2445410788191307   -0.08109147740436161   0.003284941047877598   -0.05281281740087158    0.01149064506820959    0.03882647774449656    0.04421963704355493
    0.5609958381157026    -0.1833574798229859     0.6120756001110019     0.1778120999843281     0.4195702930757766    -0.2037569601145908    0.01449411663745243   -0.03961239705348505    -0.1520469335335384    0.05364494918618085  -0.008182606550210561  -0.003415317466075052
  -0.07784212354564013    0.02922773411237681   -0.08466770568988735    -0.0502145018789243   -0.04837348714005753    0.01490123395318101     0.4968366122232455    -0.4849532022853625    -0.5443032689437296     0.4392017272055493  -0.005560979870215774   -0.09804502960794857
   0.01571236183680371  -0.009126721310352321   -0.07170801154609734   -0.06382472175615356   -0.03403589618299288     0.1110428727399628    -0.5249864850914834     0.4729576198435184    -0.5914954415196215     0.3242609177604197   -0.01983885295040996    -0.1491976169136042
  -0.02571348057436173   0.004170298464808024    0.04993668650735763     0.1366589449374881     0.3543210148457419     0.8733267986483075    0.04060994459902604   -0.06293618399282185    0.07626343776176291   -0.05253872173605185 -0.0001949060824922183    -0.2751770498658831
   0.03780917313599166   -0.01391913333614603   -0.01909710793636499   -0.03610332723293695    0.08617758423066788     0.2857721842895632   -0.01893791609652345   0.007022166921771676   -0.08599057219909594     0.1318789999970972  -0.003382578268686245     0.9393670265504303
   -0.0118474068892868     0.0126184885275582    0.04438668298270727     0.1225436620118581  -0.009806729186559006   -0.02633207819283804   -0.09093216550380773    0.03115939458869337     0.5448803915938636     0.8203952301035999   0.004519066094333563   -0.05216102395057635
    0.2777865374840558       0.11265391055579    -0.1124241284345651    -0.8093974939064651     0.2093720590727592    0.01676497668433106    -0.2738094267356354    -0.3232826925533192     0.1164891940026507    0.03279011986783877   -0.00210270897503862   -0.06426412319473923
   -0.1318427827643251    -0.1675958426706531    0.02665704854004907     0.3482467248775412    -0.1395199066503917   -0.01084969138625213    -0.6165308336651355    -0.6522546740037011   -0.05144980806207546   -0.06230268146751011  -0.004968736218592372    0.02931536365089803
    0.2735662120768002     0.9199155947708333   0.006122494205470783     0.2429034314831186    -0.0863327927043912   0.005966819200137043   -0.07305984598643203   -0.06795634314963196   -0.03682346840666027    -0.0275787221565976  -0.001448150444165247    0.01771591283203043

 35.7537968254768
77.36281091135019
49.86573315429995
112.5203455444622
56.65921807287496
129.4677325116088
79.66843103767944
187.2440076470609
91.53053825676898
218.3750110502873
107.5124360667143
259.2617207829189

0.4026350161329535

  -0.02810646004173249    0.01126764087968102    0.02677766668559929   -0.01065016533859292   0.001916970558111897 -0.0007674178946794132 -0.0001973855015790361  0.0001000287733768618 -2.603365495254902e-05 -2.013120248567486e-05 -0.0007889382922539955  5.892109794146893e-05

 1.634903660698896e-05 -4.560284311034102e-05   0.001277719158315934 -0.0004959504366431545  0.0001707210121558687 -0.0007835412038178335  0.0004182255683169993  -0.001043055278026688   0.000546237673080298  -0.001409334023667282  -0.006646699658118641   0.001199187862869071

cov:
    1.330331389389533     3.352871668410668   -0.0148369878872052   0.03360366175538341   -0.0248782221896211   0.01782065074464033  -0.07576089689661802  -0.04956283571327464  -0.02896708246786983  -0.04472796054786835   -0.0050363094698192   0.02780616110585594
    3.352871668410668     10.91596423291849 -0.004546159038154481     2.302243821392399   -0.8404534984740455   0.08700920212118762   -0.4313070659158126   -0.3659645197674407   -0.3380273497245573   -0.2456130176702621   -0.0128288678158952     0.151806497040872
  -0.0148369878872052 -0.004546159038154481    0.1279436082552397    0.3477095758633082  -0.01700353705334359  -0.01522271751586298 -0.002831553115164519  0.001212224730603506   0.01102825313824075   0.01891531371811189 8.319033980035336e-05   0.00513074205765454
  0.03360366175538341     2.302243821392399    0.3477095758633082     3.144199427571578    -0.913289142866009   0.01939193194694598   -0.6749295858349155   -0.6129359499411727   -0.3184583514547739   -0.1243736401413709 -0.006967455820156861    0.1878666819843197
  -0.0248782221896211   -0.8404534984740455  -0.01700353705334359    -0.913289142866009     0.450031856436053    0.2092999439493799    0.3516350659210855    0.3152774597534214    0.1469463594448925   0.06783475142710958  0.003779211583983269  -0.07169058817697897
  0.01782065074464033   0.08700920212118762  -0.01522271751586298   0.01939193194694598    0.2092999439493799     0.590345358245897   0.01445800201289441  0.000907093268859514  -0.01714815187029214  -0.01716831474871916 -0.001877170719131284   0.04040824306448462
 -0.07576089689661802   -0.4313070659158126 -0.002831553115164519   -0.6749295858349155    0.3516350659210855   0.01445800201289441     2.325662839591705     2.055864297170265   0.07807404677467172   0.05951444917631993   0.02053907430500248  -0.05132425764923412
 -0.04956283571327464   -0.3659645197674407  0.001212224730603506   -0.6129359499411727    0.3152774597534214  0.000907093268859514     2.055864297170265     2.578495896387216   0.07741854982111908     0.235543964007186   0.01580113012075243  -0.05408747438765143
 -0.02896708246786983   -0.3380273497245573   0.01102825313824075   -0.3184583514547739    0.1469463594448925  -0.01714815187029214   0.07807404677467172   0.07741854982111908    0.8018674475074251    0.5749188866444721   0.01137941357027596   -0.1017337341789527
 -0.04472796054786835   -0.2456130176702621   0.01891531371811189   -0.1243736401413709   0.06783475142710958  -0.01716831474871916   0.05951444917631993     0.235543964007186    0.5749188866444721     1.224593286648016  0.003780200386209402  -0.01766909125217483
  -0.0050363094698192   -0.0128288678158952 8.319033980035336e-05 -0.006967455820156861  0.003779211583983269 -0.001877170719131284   0.02053907430500248   0.01580113012075243   0.01137941357027596  0.003780200386209402   0.02043818896636261 -0.001954776452685948
  0.02780616110585594     0.151806497040872   0.00513074205765454    0.1878666819843197  -0.07169058817697897   0.04040824306448462  -0.05132425764923412  -0.05408747438765143   -0.1017337341789527  -0.01766909125217483 -0.001954776452685948    0.7745685651476778

cov.inverse():
   111.5610427314245   -44.64505312815842   -317.0196735769269      127.31335384192    206.2908970138718   -82.27095645115929      1.1659362867469  0.08097785377294284    0.317825229572098   0.1471774097652242   -3.031224718253787  -0.5284186380935217
  -44.64505312815842    17.98834292697465    127.7708736044209   -51.29788934692642   -83.10358365690965    33.13568896311785  -0.4540526878494018 -0.04292550471101911  -0.1323195631124728 -0.04694212890097125    1.283502486528402   0.2041883011504384
  -317.0196735769278    127.7708736044212    1002.105262318535   -398.9161895091787   -675.0933728550216    269.0693655639988  -0.5218080960347018  -0.4020710329633302   0.1227263303757099  -0.7729876422589247    12.45536523209264 -0.09766233795318673
   127.3133538419203    -51.2978893469265   -398.9161895091788    160.0627478099987    270.9369126295852   -107.9012057428737   0.2108862716837454   0.1527360993133518 -0.09022438482842582   0.2770430674274681   -4.975952514764588  0.01592475684602906
   206.2908970138721   -83.10358365690972   -675.0933728550216    270.9369126295851    471.0213951205161   -187.3552418279124   -1.000539789637423    0.206692101280095   -1.225803053848111   0.7171698389365204   -9.051636774924351   0.7898770865620683
  -82.27095645115946     33.1356889631179     269.069365563999   -107.9012057428738   -187.3552418279125    76.23701226330044   0.3362693325058919 -0.06149033658412657   0.4718514636827366  -0.2699871813910504    3.752541600873115  -0.3870122602260065
   1.165936286746884  -0.4540526878493958  -0.5218080960346565   0.2108862716837271   -1.000539789637453    0.336269332505904    1.669746334916931   -1.218818832606561 -0.08668199396810818   0.2351630630246813  -0.4475498924332952 -0.09232650840076788
 0.08097785377296876 -0.04292550471102951  -0.4020710329634116   0.1527360993133849   0.2066921012801521 -0.06149033658414924    -1.21881883260656     1.38783909829181   0.2190356448224975  -0.3066116108763138  0.09250161607569134  0.03162083655971865
  0.3178252295721038  -0.1323195631124753   0.1227263303756932  -0.0902243848284196   -1.225803053848102   0.4718514636827329 -0.08668199396810768   0.2190356448224971    2.123129407929588   -0.981249578037701   -0.833394557950746   0.1614445948705203
  0.1471774097652053 -0.04694212890096353  -0.7729876422588662   0.2770430674274452   0.7171698389364833  -0.2699871813910356   0.2351630630246808  -0.3066116108763137   -0.981249578037702    1.315414479032378     0.24292186211133 -0.08178342528513152
  -3.031224718253855    1.283502486528429    12.45536523209284   -4.975952514764671   -9.051636774924493    3.752541600873171  -0.4475498924332953  0.09250161607568988  -0.8333945579507435    0.242921862111327    50.05036789177721 -0.05269964329103565
 -0.5284186380935237   0.2041883011504392 -0.09766233795317936   0.0159247568460262    0.789877086562063  -0.3870122602260044 -0.09232650840076766  0.03162083655971855   0.1614445948705204 -0.08178342528513154 -0.05269964329103604    1.375370531127038

cov*(cov_.inverse()):
    0.9999999999999871   -6.2155142144249e-15  8.508254864536546e-14 -5.549759870410176e-15  6.186023915333294e-15 -1.899869150889799e-14  1.283695372222837e-16 -1.182864570181685e-16  5.204170427930421e-17 -1.114559833315099e-16 -8.617238866914789e-16 -1.387778780781446e-17
 -2.34257058195908e-14      1.000000000000003 -5.461603391765379e-14  1.857411793815267e-14  3.755329380794592e-14  4.100886297209172e-15  3.573530360512223e-16  1.127570259384925e-17  6.938893903907228e-17 -5.377642775528102e-17  5.134781488891349e-16  1.665334536937735e-16
-6.205105873569039e-15  4.007428069940921e-15      0.999999999999999 -7.403379667127175e-15 -3.930883396563445e-15 -3.903127820947816e-16  3.263448539181368e-17 -1.160367375102611e-16  1.478851763270228e-16  -1.46746764045913e-16  4.991666802123262e-16  -2.42861286636753e-17
  8.43769498715119e-15 -1.713212904874695e-14 -3.405851989324304e-13      1.000000000000024   3.22519788653608e-14 -5.691280779984709e-14  -9.71445146547012e-17  1.387778780781446e-16 -8.673617379884035e-17  1.942890293094024e-16  6.071532165918825e-16 -5.551115123125783e-17
-4.087008509401358e-15  1.989727826945398e-15  6.148814096773592e-14  7.772428534114084e-15      1.000000000000022 -2.144812105697724e-14  6.505213034913027e-17 -2.116362640691705e-16  1.908195823574488e-16 -8.847089727481716e-17 -8.547849927875717e-16                      0
 3.996802888650564e-15 -1.901256929670581e-15 -3.885867322361847e-14   1.10659094734733e-14   2.62984078958084e-15      1.000000000000007 -9.584347204771859e-17  2.276824562219559e-17 -5.898059818321144e-17  3.469446951953614e-18 -6.990935608186533e-16  3.469446951953614e-17
 2.393918396847994e-16  1.225061718734821e-14  4.374278717023117e-14 -1.852619620212881e-14 -1.033895191682177e-15  5.405398351143731e-15     0.9999999999999999  2.467644144577008e-16  3.816391647148976e-17  1.257674520083185e-16  7.368237964211488e-16  5.551115123125783e-17
 2.327998904760875e-15   2.05391259555654e-15  7.585598815751382e-14 -7.127545081919706e-15 -5.555278459468127e-14   1.20493892641349e-14  2.662800535624399e-16     0.9999999999999992 -1.196959198423997e-16  1.691355389077387e-16  8.630249292984615e-16  -9.71445146547012e-17
  4.40619762898109e-15   1.52655665885959e-16  1.680253158831135e-14  7.161155349266757e-15  1.096345236817342e-15 -8.784639682346551e-15  1.301042606982605e-16 -3.196228004487267e-16     0.9999999999999999  5.412337245047638e-16  1.153591111524577e-16 -2.775557561562891e-17
 3.838943052336674e-15 -1.173106750629316e-15 -4.961309141293668e-16  1.311071477078096e-15  1.022099072045535e-14 -4.513750484491652e-15 -1.029992063861229e-16  3.122502256758253e-17 -2.701831813833877e-16                      1 -1.921206249644314e-16 -1.040834085586084e-17
 -4.98732999343332e-18  1.608413922882246e-16  4.195320306432659e-16 -5.855369357779527e-17 -5.683387788169014e-16  2.040468488617719e-16  1.114017732228856e-17 -5.842494456981262e-17  4.716279450311944e-17 -3.680866375588288e-17                      1  7.806255641895632e-18
-5.606626274357041e-15 -3.885780586188048e-16  2.275957200481571e-15 -7.487066522315899e-15   5.88418203051333e-15  2.498001805406602e-15  1.804112415015879e-16  2.775557561562891e-17 -2.775557561562891e-17 -1.387778780781446e-17 -1.040834085586084e-16                      1
