10
1

0.1233803779364855
0.3255068422844893
 0.774628993976345
0.9899847613560409
 1.540487987031575
 1.820215999574161
 2.049434931429348
 2.588042941331536
 7.110383072368285
 18.74957240280668

    0.3695186218904541    -0.2504169593487648    -0.6759486358271454     0.4588203410602295     0.3020757239570568    -0.2050664257685276   0.003813007513102824  -0.002432541331580769   0.001373102697639437 -0.0005892564743559343
   -0.4019356273107561     0.2411297979833955    0.08888292397923916   -0.05094024705100395     0.6854396701643397    -0.4240235263729127    -0.2809662306995754     0.1676515712348048   -0.09944099002750585    0.05699135106912098
   -0.3637880422286267    0.08199763562875811    -0.1432882731284689    0.03723265780739006     0.1114330362949106   -0.01991917073800964     0.8102548697208494    -0.2650472463306572    -0.2538005569601601     0.1871497627872419
    0.6566384799375675   0.005181545289754998     0.5520305288914553 -0.0001352790400170483     0.4074221414059898    -0.0374347305813302      0.303739000307236   -0.02041453079625271   -0.05291443014747715    0.03454134436370305
   -0.2727747687454579    -0.3401888459247155    0.08740788748630864     0.1062552247399983          0.29700489029     0.3169586134184852     0.2319802736695502     0.2425207338827803     0.4374575350354531    -0.5461320782506968
    0.2053340423605224     0.3840806798836786    -0.2638417206819125    -0.3889053845389085    -0.1729597954529318    -0.3524237427354952     0.3071749645798313     0.4741424847074052     0.1250997086436446    -0.3170568302900246
   -0.1423190290661455    -0.1705243854804935     0.3637995920367133     0.5537077928335398    -0.3771527465485719    -0.5642218957097896      0.104924158058189     0.1883599988575937   -0.00819896286796575   -0.06766041662639366
    0.0335335068738804     0.1502295975538789    0.01214048865233261    0.05452208657826505   -0.01069174686108201   -0.05475315086474997    -0.1142300724049058    -0.4322696455569489    -0.4621585613641201    -0.7460416944190855
  -0.02089578378872807    -0.6856720925968052   -0.01307547355831508    -0.4157491493087019  -0.004630198245821605    -0.1009802481707466   0.002124090609042939     0.2753394242049221    -0.5199654330710106  0.0001156137237118206
   0.00198173087125894     0.2955624641128005   0.001714204544729676      0.374903711536289   0.002377090640508895     0.4691984174906799  -0.006300601796910778     0.5651942154883229    -0.4815123071897596    0.02433238200580694

22.68745149808045
32.17255960305067
35.55397981287769
50.86665912134688
50.56417897834304
  72.705644937188
 68.2623520280672
98.51476225384452
91.44162073196379
131.2698181856686

0.7008367672850595

   -0.0170616912684973    0.01184000106558664 -0.0009011919515717901  0.0006023413727750759    0.01251058590450808  -0.008612985719105491  0.0003701427488637956 -0.0004103368653776663   0.004837683314262444  -0.003705156606776139

-4.304086159573615e-05    0.00222125963704854   0.004429778011424988   -0.00635401487043569    0.01358192225174806     0.0119882959723413   0.003060547282757362    0.01493531025120673    -0.4963091617060218     -1.045973268839036

cov:
   0.9535133332931696     1.521220482215922  -0.05685664311983041    0.0448345565900614    0.1300516963875862    0.3107604925514713 -0.005614947312268003   0.09632981529120768  -0.05752378381234188  0.006481338849438737
    1.521220482215922     55.52741147652751  -0.02267433435286893     52.44267493281883    0.2309129804857678     51.88558187765202   -0.6805556430299412     49.00986418141493    -32.67439287426571     1.870263159546772
 -0.05685664311983041  -0.02267433435286893     1.134105317482605     1.704804332760311   -0.1456810008731148   -0.1636977033988743   0.01741738070085732   0.06042850926161576  -0.02292205376476618   0.01754823349291134
   0.0448345565900614     52.44267493281883     1.704804332760311     59.98944564371003   -0.1718259579609771     63.16329039087393   -0.9904371585299732      68.4265253559209    -52.77599016945204     3.049369393149945
   0.1300516963875862    0.2309129804857678   -0.1456810008731148   -0.1718259579609771     1.131042998964105     1.690776884527567  -0.02124056652431864   0.02594574925822092  -0.04324829904992852  0.008119118746396141
   0.3107604925514713     51.88558187765202   -0.1636977033988743     63.16329039087393     1.690776884527567     79.93589938843692    -1.449256840441949     91.15761760601558    -76.38715185443186     4.400219082437864
-0.005614947312268003   -0.6805556430299412   0.01741738070085732   -0.9904371585299732  -0.02124056652431864    -1.449256840441949     1.080874814986823   -0.3324406787097622     1.592633700037831  -0.03665100665679626
  0.09632981529120768     49.00986418141493   0.06042850926161576      68.4265253559209   0.02594574925822092     91.15761760601558   -0.3324406787097622      118.462984781672    -101.0912673392548     6.100936881717109
 -0.05752378381234188    -32.67439287426571  -0.02292205376476618    -52.77599016945204  -0.04324829904992852    -76.38715185443186     1.592633700037831    -101.0912673392548     97.15577165975515    -2.539422644835998
 0.006481338849438737     1.870263159546772   0.01754823349291134     3.049369393149945  0.008119118746396141     4.400219082437864  -0.03665100665679626     6.100936881717109    -2.539422644835998      5.01869996477537

cov.inverse():
   11.20405369643723   -6.969897326325687   -16.32719021655766    11.25342251466123    4.905722100907388   -3.421685657787745   0.8589129348923883  -0.5551664636899601   0.4846205584155655  -0.2791351422341956
  -6.969897326325722    4.792535442336069    11.24768087222637   -7.734153662593754    -3.43940699936174     2.34263320827094  -0.5943160352040744   0.3848246094391784  -0.3354498684827879   0.1927172388584459
   -16.3271902165576    11.24768087222626    30.49026142116893   -20.34207906497154   -12.64345168604488     8.72452328755511  -0.4344461870230606   0.2870842240891193  -0.1088533925936284  0.04665977140053403
   11.25342251466108   -7.734153662593677   -20.34207906497156      13.983541213449    8.765864691118027   -5.996112608574036   0.2874493491575729  -0.1955089782370767  0.07727597187527931 -0.03575666807593814
   4.905722100907073   -3.439406999361565   -12.64345168604457    8.765864691117802    10.69869017118652    -6.72279945466387   -1.461461551166275   0.9679451380708615  -0.6354455431189052   0.3615750685634014
  -3.421685657787584    2.342633208270818    8.724523287554883   -5.996112608573876   -6.722799454663866    4.618360546000928     1.01967987281228  -0.6681906633200295   0.4403016323233566   -0.251667344410937
  0.8589129348924426  -0.5943160352041178  -0.4344461870231736   0.2874493491576512   -1.461461551166225    1.019679872812246     1.98996543094875  -0.7296585582175903 -0.03304620833176077  0.04039147549794653
 -0.5551664636900108   0.3848246094392078   0.2870842240891915  -0.1955089782371289   0.9679451380708282  -0.6681906633200071  -0.7296585582175907   0.5145526759628004  0.04410560186567815 -0.04914633377690622
  0.4846205584155922  -0.3354498684828106   -0.108853392593693  0.07727597187532291  -0.6354455431188734   0.4403016323233347 -0.03304620833176217  0.04410560186567913    0.326933796049482  -0.1956347732238279
 -0.2791351422342129   0.1927172388584587  0.04665977140056975 -0.03575666807596246   0.3615750685633838  -0.2516673444109249  0.04039147549794737 -0.04914633377690676  -0.1956347732238279   0.3304778523176808

cov*(cov_.inverse()):
     1.000000000000052  3.447481015939058e-14  9.739903111469217e-14  3.564883848186651e-14  5.330328192720835e-14  1.815713378261474e-14  8.127938426472081e-15  7.216829130823887e-15  6.111864486735286e-15 -1.264613413987092e-15
 2.275957200481571e-14       1.00000000000004 -3.615163723935666e-14 -2.615963001773025e-14 -1.332267629550188e-15  2.642330798607873e-14 -2.664535259100376e-15  3.372302437298913e-15 -8.326672684688674e-16  2.220446049250313e-16
-1.085416478918688e-14 -8.556523545255601e-16     0.9999999999999638  7.319340446232392e-15  6.493069970581189e-15 -5.474787290182803e-15 -1.882717072521078e-15   4.05090457705759e-15  8.495808223596413e-16 -2.489328188026718e-16
-5.451195050909519e-14  6.716849298982197e-14  1.385003223219883e-13     0.9999999999997969 -1.265654248072678e-13  2.786659791809143e-14 -1.368349877850505e-14 -1.285083151003619e-14  -1.77635683940025e-15 -1.998401444325282e-15
 1.103891283937841e-14  2.444875898954812e-15  1.028766915406321e-14  7.728355715802548e-15      1.000000000000011  1.098079960293319e-15  9.952975943416931e-16  7.616520261710669e-16  9.712283061125149e-16 -2.233456475320139e-16
 3.153033389935445e-14 -1.232347557333924e-14 -2.735311976920229e-13 -9.631184738623233e-14 -1.998401444325282e-15     0.9999999999999718  6.439293542825908e-15 -1.576516694967722e-14  7.771561172376096e-16 -1.332267629550188e-15
-6.904199434387692e-16  6.574601973952099e-16  3.051812275112198e-15  5.423179266772493e-16 -9.523631883112671e-16 -3.122502256758253e-17                      1  5.128276275856436e-16 -3.035766082959412e-17 -1.231653667943533e-16
-3.197442310920451e-14 -1.909583602355269e-14 -3.658184866139891e-14  2.961519918187605e-14 -5.906386491005833e-14   7.66053886991358e-14 -1.609823385706477e-14     0.9999999999999916 -8.659739592076221e-15  6.661338147750939e-15
 1.983968545005155e-13 -3.363975764614224e-14  1.844357999658541e-14  1.791067294476534e-13   5.10702591327572e-15 -1.024735851729019e-13 -3.066991105526995e-15 -2.498001805406602e-16      1.000000000000002  6.661338147750939e-16
 -5.10702591327572e-15  3.441691376337985e-15  -6.38378239159465e-15  2.470246229790973e-15  2.886579864025407e-15 -1.110223024625157e-15 -1.304512053934559e-15 -5.551115123125783e-17 -4.440892098500626e-16                      1
