10
1

4.07255719173817e-10
 0.01904121482524062
 0.02671412155647485
 0.03008793297579511
 0.08859240835441837
  0.1928078484349434
    0.60994585669067
   1.633189971825584
   2.335639040723882
   3.031399934290219

                     0  4.195112550966441e-18   -3.3058193250385e-17  1.892000088511339e-17  6.277566987100493e-17 -3.532944109669908e-17 -5.392315137034828e-16                      1 -4.559027354810193e-16  9.419349098462359e-18
    0.3655486052589286    -0.2059811906214142    -0.6989428194027066     0.3925201499867599      0.341037322538861    -0.1914934973091126     0.1626161492916743  9.982102448844675e-18   -0.03832758863598894    0.02153142879494117
    0.0520851634028175   -0.02729892565878126    -0.1055522490951813    0.05837479212337011    0.08045669227721473   -0.04487865681052784    -0.8454144135608008 -2.104141777931041e-16     0.5083252426034827    -0.0196355461632699
   0.01159653778736045   -0.01206820147359052    0.02498009905181411   -0.01487138201157304   -0.07155001177172322    0.04039822861948084     0.5046743431494042  6.319497520867236e-16     0.8584749744540724   -0.02116175833049733
   -0.4959578628534623     0.2838740407667088    0.09631681639997042   -0.04635632273784918     0.7037802085403043    -0.3965547965389592    0.06158524326120524  3.643180410828945e-20    0.04959286831592196    0.05657743460934556
   0.01446408200256649   0.002222911612589024   0.004388618910853654    0.01087061032731256     -0.060043578892677     0.0202753252631987   -0.01314823376531942  1.055577726311984e-20    0.02625335002678888     0.9973815640121919
    -0.657597574738312     0.2451306776455006    -0.5515022079365578     0.1754980465538815    -0.3831712940946191     0.1589211588378044   -0.01257743509995818  2.252822945797294e-26  -0.001020698886146285   -0.01693286236334161
    0.1106866574248771    0.05659286003555628    -0.4312891419933496    -0.8902354285416911      0.070616424157511    0.02899574393279211   0.002222498885874078  1.553638243307941e-29 -2.263382372897095e-05    0.01356087343565256
   -0.3494710155733584     -0.702919462622988    0.01181868322291544   -0.05067163964825531     0.3264185855417714     0.5236860772279696  -0.002198359257875143  1.074705291918753e-31  -0.002129668042920909    0.01616704250198178
    0.2247829279640101      0.564538654176897   -0.01061945558650264     0.1189360375565245     0.3388702330590518     0.7082891633563568  0.0008260162254996738  3.024983112996166e-33   0.001700916703450587  0.0002004182733610291

22.39890725134491
26.32713569082864
35.39734411679752
49.44607218300423
50.45005711794214
76.24817517908608
85.15355854708112
134.4140014648438
107.5220173530011
182.6759580286538

0.5636462045908049

 -0.02729127973847091   0.01521192639694895  0.006208639661588507   -0.0037202699563637   0.02245080777690677   -0.0125334413402815   0.00779872842392145 -0.007397913356648561 -0.001860563014987205   0.00151091506710939

-1.226997349051324e-21 -2.712278394496495e-06 -5.644241480988453e-06 -8.666607841445299e-08  0.0003129099908089322  -2.30742880378337e-05   0.002560524937821249 -0.0007091134272350389 -0.0006401173964037542   0.006238581587340608

cov:
     1.326107968517896      2.461797883196854   -0.03734380967721659    0.03675443087437052     0.1895458603534577     0.4358878922278091   0.009379111926922241                      0   0.007660451444139516    -0.0219432562757014
     2.461797883196854      5.655635603979508    -0.2155405832701642     0.6928066972573421     0.4835550211845855      1.684326956282984    0.01203834861676894                      0    0.01699006357692464   -0.06024370440566514
  -0.03734380967721659    -0.2155405832701642     0.6113604383684208     0.9730912447168004   -0.01421333240525067    -0.1015623509030903 -0.0001201618244403215                      0 -3.522209976518175e-05   -0.01090211716275448
   0.03675443087437052     0.6928066972573421     0.9730912447168004      2.269429911052283    0.08721159323497385     0.5710119900607364  -0.004634710870405714                      0   0.002431539692380769   -0.03717123099715195
    0.1895458603534577     0.4835550211845855   -0.01421333240525067    0.08721159323497385      1.708488729728769      3.118679574701269   0.001177615346055701                      0   0.001829826506212499    0.03246971410536507
    0.4358878922278091      1.684326956282984    -0.1015623509030903     0.5710119900607364      3.118679574701269      6.119051409740664  -0.001643069486023159                      0   0.004807868899000221     0.0481124526587968
  0.009379111926922241    0.01203834861676894 -0.0001201618244403215  -0.004634710870405714   0.001177615346055701  -0.001643069486023159  0.0008910759908675559                      0  0.0001375011146026897 -0.0004894481524330429
                     0                      0                      0                      0                      0                      0                      0                      0                      0                      0
  0.007660451444139516    0.01699006357692464 -3.522209976518175e-05   0.002431539692380769   0.001829826506212499   0.004807868899000221  0.0001375011146026897                      0  0.0009487523523061924  0.0007924814863502999
   -0.0219432562757014   -0.06024370440566514   -0.01090211716275448   -0.03717123099715195    0.03246971410536507     0.0481124526587968 -0.0004894481524330429                      0  0.0007924814863502999      0.039029809702819

cov.inverse():
               nan                nan                nan                nan                nan                nan                nan                nan                nan                nan
               nan                nan                nan                nan                nan                nan                nan                nan                nan                nan
               nan                nan                nan                nan                nan                nan                nan                nan                nan                nan
               nan                nan                nan                nan                nan                nan                nan                nan                nan                nan
               nan                nan                nan                nan                nan                nan                nan                nan                nan                nan
               nan                nan                nan                nan                nan                nan                nan                nan                nan                nan
               nan                nan                nan                nan                nan                nan                nan                nan                nan                nan
               nan                nan                nan                nan                nan                nan                nan                inf                nan                nan
 6.332636239506728 -7.319526057108474  23.00362827474931  -14.3019243986919 -42.18755880582949  24.09371981294175 -140.4153718084546                  0  1180.547626300397 -35.26808770545262
 16.84663789457545 -9.106133719274487 -38.35208787985724  21.99648013864288   23.1927339504202 -13.40169119244595  21.21282061059791                 -0 -35.26808770545377  29.48153826607318

cov*(cov_.inverse()):
nan nan nan nan nan nan nan nan nan nan
nan nan nan nan nan nan nan nan nan nan
nan nan nan nan nan nan nan nan nan nan
nan nan nan nan nan nan nan nan nan nan
nan nan nan nan nan nan nan nan nan nan
nan nan nan nan nan nan nan nan nan nan
nan nan nan nan nan nan nan nan nan nan
nan nan nan nan nan nan nan nan nan nan
nan nan nan nan nan nan nan nan nan nan
nan nan nan nan nan nan nan nan nan nan
