12
1

0.03880224008054133
0.04806643591663232
 0.5025094959066236
 0.7285478498182647
 0.8204374280176806
 0.8802852877564638
 0.9630407370395008
  1.416040652569869
  1.706645830890248
  2.960963466918343
  4.734381024447059
  5.822867802415243

    0.3251478833539762   -0.09943626079958133    -0.7068536552815321     0.2147983220764236     0.5346406846042715    -0.1604654123048213    -0.1581791703009296    0.04428183782229558   0.006097765732887417  0.0004703745618592671  0.0008294114132774197   0.001200689872975789
   -0.3923601896458203     0.1193780515757707     0.3684145752939788    -0.1129883614986797     0.5629556817149556    -0.1741520900832343    -0.5551646612614519     0.1668538866564056  0.0009560611243889352  -0.002510819366753549 -0.0007207633038740651  -0.001698479308722954
   -0.4618769194034118     0.1064338375518786   -0.08489587474002075   0.003499445242348256     0.4124197023132209    0.05944657594983352     0.6426514035393204    -0.1625369777285612    -0.3214818986423507   -0.01334521415455976    -0.2235929995496825    0.03945195419612805
    0.2864105410071455   -0.03920719582567431     0.1424856113471256    -0.0180045564549818  0.0006078086348470273    0.05254358271652795    -0.1790479027282665    -0.1682502539524984    -0.8362013392744453     -0.316039596962203     0.1653117573893966   -0.07897027019899006
   -0.1660696035339706    0.01329580514755608    -0.1686397609139935    0.02156181053354316    -0.2094992730465278   -0.09267830718998582     -0.188829475375415   -0.03491842128533144    0.02181940681767898    -0.5449470725505962    -0.4027081030674544     0.6279868884739291
    0.5817621118381372  -0.006788816396201849     0.4456994921115234   -0.02788944220384902     0.3519544786052386     0.1653276396849039     0.2681864425382561     0.2487737100188225     0.1198119634448976   -0.03444226192064182    -0.2002502253829884     0.3484566830727551
   -0.1392017535885179   0.006379257373806953    -0.1428589484520992   -0.02041805222243738    -0.1656707722927137    -0.1449721462824587     0.1152193699513753     0.7699335437118149    -0.3170942863165873     0.2151395376060186     0.2670067579682375     0.2951157265764481
    0.1615557530902079    0.04056273458093062     0.1690831728471426    0.07025160373944399    -0.1125474007566123     -0.876549539423875     0.1150177304904541    -0.1254922265767168   -0.09911368668192783     0.2008749384231426    -0.2752177263482237   -0.05317467093127716
 -0.006117524017640043  -0.004944157410667611   0.006819400713265196    0.03921023737515103    0.01751517811786841     0.1028394794650513    -0.1569562271623377    -0.4568640726453151    -0.1156173006468104      0.599731226694153     0.1833850024148901     0.5894373949406412
    0.1534059970585714      0.314206295532012    -0.2456576471460929    -0.8419522411553816   -0.02798626012832373    0.04941070510369747   -0.07457211600404171   0.007213588081050903   -0.07380338028077703     0.1574941888514315    -0.2580040403757944   -0.05342864157342116
  -0.02935508858417828    -0.1747879331105545  0.0002058892409531185     0.2840416895023334     -0.118363372594517     0.3035166101613573     -0.234672476266278     0.1851200505578659     -0.230778257234665      0.361452783749814    -0.6878452600773038    -0.1881411382249526
   0.09505180717664295     0.9120231277934896    -0.0252927024443678     0.3782370724922125   -0.06460909908364594    0.08490555463559023   -0.04858005669582072    0.02779598552846721   -0.01011961849215181   0.003864124089050819   0.006193987996074339   -0.02836077017065783

22.73388165026024
69.30555499049032
 35.0605515636155
109.6997728911388
48.98389448500091
155.3148253778446
57.67764618218821
183.7737829797285
68.39798956910852
220.4191752273084
81.84364189161955
262.9822384671958

0.3064438381633734

 -0.007457051793156685    0.00228074337507792  -0.003289949607078623   0.001002211578134882   0.001911671331290066 -0.0006551744350376727   0.008692238291979508   -0.00263777274359372 -9.135896345689784e-06 -1.761122980903463e-05 -7.365569085071234e-05 -7.431078786048203e-05

-7.157802556632407e-07 -5.088450154439819e-06   0.002714743193822542  -0.002043989106042564 -3.465483644940951e-05  -0.002805294299665911  0.0001933814851097486  0.0002274400834524004  -0.000607875825275944   -0.01047842589617489   -0.06250527790927506     0.0393482519148429

cov:
   0.9811408880451403     3.466201541383483  -0.08829317166722625  -0.09352281486223846  -0.04954003014026193  -0.04066390472595716  -0.03700798904616163  -0.04513164349010296 -0.007189837810041572   0.01196467733110544  0.004600220239050846  -0.03501298560417462
    3.466201541383483     29.75998897545728    -1.455737320963225     8.269778463654717    -1.614240078524381     1.497679411899408   -0.7582061283435083    0.1526256400493816    0.3879503266246344   -0.8522434596785824     2.140167522370982    -0.291663445465215
 -0.08829317166722625    -1.455737320963225      0.81390485206376     1.503766558756739    0.2357280684274632   -0.3834235476218063    0.3082372337296299   -0.1114137768594081    0.1552290882080111   -0.2629918310268664    0.4159932976264425    0.1353447421045784
 -0.09352281486223846     8.269778463654717     1.503766558756739     12.89000610206482    -1.396542580554227     2.542144967649147    -1.576683755208955     1.392925136552051    -1.069988521099329     1.276777612201706    -2.421490334814452    -1.110529058285303
 -0.04954003014026193    -1.614240078524381    0.2357280684274632    -1.396542580554227    0.6838169666687511   -0.7140115233198499    0.8614367004203931   -0.6110351221764034    0.7135879533142359   -0.9878914477961516     1.883999052802975    0.5816683554213079
 -0.04066390472595716     1.497679411899408   -0.3834235476218063     2.542144967649147   -0.7140115233198499     3.951069561593348    -1.982275413066149     1.349581094762913    -1.463070423345773     2.356580357922211     -4.26995450616335    -1.150544113441937
 -0.03700798904616163   -0.7582061283435083    0.3082372337296299    -1.576683755208955    0.8614367004203931    -1.982275413066149     1.675541156421982   -0.7165199775400084     1.324356234467627    -2.125461762877067     3.615368402120092    0.8275863749586003
 -0.04513164349010296    0.1526256400493816   -0.1114137768594081     1.392925136552051   -0.6110351221764034     1.349581094762913   -0.7165199775400084     2.054628712035611   -0.9089669091653571    0.8533628487888127    -2.883423948912542    -1.313162711685287
-0.007189837810041572    0.3879503266246344    0.1552290882080111    -1.069988521099329    0.7135879533142359    -1.463070423345773     1.324356234467627   -0.9089669091653571     1.805552670469947    -2.147936717327866     3.557558773230661     0.816215271007145
  0.01196467733110544   -0.8522434596785824   -0.2629918310268664     1.276777612201706   -0.9878914477961516     2.356580357922211    -2.125461762877067    0.8533628487888127    -2.147936717327866     4.571689986223821    -5.539335138746614    -0.761203009816387
 0.004600220239050846     2.140167522370982    0.4159932976264425    -2.421490334814452     1.883999052802975     -4.26995450616335     3.615368402120092    -2.883423948912542     3.557558773230661    -5.539335138746614     11.67315740118566     3.199394979800652
 -0.03501298560417462    -0.291663445465215    0.1353447421045784    -1.110529058285303    0.5816683554213079    -1.150544113441937    0.8275863749586003    -1.313162711685287     0.816215271007145    -0.761203009816387     3.199394979800652     2.307352612447502

cov.inverse():
    138.3644691296112    -41.96091887802346    -214.5768737782249     65.52765624948699     19.43271375148412    -5.060060573905092     59.08783141502633    -18.49581098661043     1.414699324500216    0.4753719456378327    0.6824823699591696    0.4890534018326043
   -41.96091887802333     12.82153852929295     65.65868161339712    -20.04173293425434    -6.060263771525692     1.599921141759836    -17.95951338302269     5.640994628514716   -0.4327799876251202   -0.1460874541029454   -0.2124318191535012   -0.1365020940064017
   -214.5768737782261      65.6586816133977     391.0088748399057    -118.8553955509572    -161.0999337949257      47.6243693835072    -14.33390371873889      5.84805900749499    -2.720974747310655   -0.6040500808644083    -0.455748165455612   -0.8729584119511549
    65.52765624948724    -20.04173293425449    -118.8553955509572     36.26431102793719     48.73007763117642    -14.41191180089811     4.585796460804383    -1.874610917951094    0.8494800640469302    0.1840893027912757    0.1422554550601139    0.2671655600900248
    19.43271375148485    -6.060263771526023    -161.0999337949259     48.73007763117653     327.9571282041039    -99.14058904100933    -190.2388912540779     56.10450279984003     1.982857645618592   -0.3614769205360872   -0.2384091744006326 -0.005306461359271581
    -5.06006057390541     1.599921141759968     47.62436938350751    -14.41191180089822    -99.14058904100952     30.71063866376287     58.84488813993366    -17.37263348581065   -0.7726118833784519   0.07791106247831858   0.01667810306485113  -0.01558256596184418
     59.0878314150258    -17.95951338302254    -14.33390371873797     4.585796460804086    -190.2388912540785     58.84488813993377     151.8937157196099     -44.8957355139391    -1.406902195633282    0.7683118908945862   -0.4781957742743844     0.357772543373477
   -18.49581098661016     5.640994628514629     5.848059007494462     -1.87461091795093     56.10450279984028     -17.3726334858107    -44.89573551393908     14.31230384687084    0.5168357818045725   0.03356332977652108    0.2246930756262147    0.1458248936530371
    1.414699324500147   -0.4327799876250985    -2.720974747310462    0.8494800640468716     1.982857645618385   -0.7726118833783895    -1.406902195633196    0.5168357818045478     1.891874274882531    0.3804191495225305  -0.09244277008091061   0.03330314234274247
   0.4753719456377939   -0.1460874541029334   -0.6040500808643333    0.1840893027912528   -0.3614769205361241   0.07791106247832932    0.7683118908945855    0.0335633297765216    0.3804191495225299    0.8366468610682841    0.3057569448383276   -0.2962383109575226
     0.68248236995906   -0.2124318191534676   -0.4557481654554068    0.1422554550600514   -0.2384091744007291   0.01667810306487973   -0.4781957742743843    0.2246930756262159  -0.09244277008091216    0.3057569448383268    0.6977218004609954   -0.3873796265309108
   0.4890534018326341   -0.1365020940064108    -0.872958411951181    0.2671655600900328  -0.00530646135931905   -0.0155825659618301    0.3577725433735211    0.1458248936530234   0.03330314234274325    -0.296238310957522   -0.3873796265309108    0.9792255818425326

cov*(cov_.inverse()):
     1.000000000000058 -2.052958497644752e-14   1.07552855510562e-14  4.556945099043475e-14   -6.0243341348451e-14  6.959819005836199e-15  5.599340435757938e-14   8.76902717106276e-16  -7.58724680305356e-16  1.249000902703301e-16  3.243932900076629e-16  1.110223024625157e-16
 1.049160758270773e-14     0.9999999999999973 -8.454348332520567e-14  8.645861804268407e-15 -1.216474837528736e-16 -1.786938652603709e-14 -1.790234627208065e-15  5.599687380453133e-15 -2.199629367538591e-15 -3.747002708109903e-16  -1.52655665885959e-16 -5.551115123125783e-17
  2.17881268582687e-15 -4.423544863740858e-15     0.9999999999999981  3.599204267956679e-14 -8.245357521752261e-15 -1.092875789865388e-14  9.506284648352903e-15 -2.532696274926138e-16 -2.480654570646834e-16 -7.632783294297951e-17 -7.632783294297951e-17  1.110223024625157e-16
-1.019184736605894e-13  -9.71445146547012e-16 -2.122746423083299e-13     0.9999999999999711   3.50717718755611e-14 -6.543376951384516e-15   1.38222766565832e-14 -1.637578961322106e-15 -1.471045507628332e-15  1.110223024625157e-16 -1.110223024625157e-16 -2.220446049250313e-16
 1.398881011027697e-14   9.71445146547012e-16  5.551115123125783e-16  1.751376821346184e-14      1.000000000000004 -6.224187831804784e-15  5.179190409876355e-14 -4.565792188770956e-15   4.85722573273506e-17  1.942890293094024e-16  4.996003610813204e-16                      0
 2.531308496145357e-14 -7.494005416219807e-15  -4.75175454539567e-14  4.440892098500626e-16   3.78317169258402e-14      1.000000000000005  3.608224830031759e-15  1.795785742331191e-14   4.85722573273506e-16 -4.440892098500626e-16 -6.106226635438361e-16  6.661338147750939e-16
-2.275957200481571e-15 -8.784639682346551e-15 -1.854072451124011e-14   2.44804176929847e-14  9.179289273131275e-14 -3.093011957666647e-15      1.000000000000064 -7.854827899222983e-15  7.632783294297951e-17 -8.326672684688674e-17   3.33066907387547e-16                      0
 1.343369859796439e-14  1.360023205165817e-15 -1.576516694967722e-14 -1.137978600240785e-14 -5.923907198113199e-14  -5.59621793350118e-15 -4.912736883966318e-14                      1  6.591949208711867e-16 -1.665334536937735e-16  -3.33066907387547e-16  4.440892098500626e-16
-9.325873406851315e-15 -2.081668171172169e-16  2.664535259100376e-14  1.082467449009528e-15  2.556548722720819e-14 -8.300651832549022e-15  8.765210779415611e-14 -1.705580121580397e-14     0.9999999999999992  2.775557561562891e-16 -1.110223024625157e-16 -4.440892098500626e-16
 7.993605777301127e-15  3.413935800722356e-15   2.55351295663786e-15  2.442490654175344e-15 -1.931614590500175e-15 -1.953125161602287e-14 -1.295630269737558e-13  2.456368441983159e-14  1.700029006457271e-15      1.000000000000001 -1.110223024625157e-16 -2.220446049250313e-16
-9.103828801926284e-14  4.052314039881821e-15 -2.353672812205332e-14  1.054711873393899e-14  1.488184575570983e-13 -4.263256414560601e-14  6.039613253960852e-14  6.439293542825908e-15  1.387778780781446e-16 -9.992007221626409e-16     0.9999999999999996  8.881784197001252e-16
 7.771561172376096e-15  7.771561172376096e-16  1.687538997430238e-14  2.109423746787797e-15 -2.751444905246814e-14  1.470351618237942e-14  5.140332604014475e-14 -8.104628079763643e-15 -2.081668171172169e-16   3.33066907387547e-16  1.110223024625157e-16     0.9999999999999996
