10
1

 0.332085344158163
0.8756366744070415
0.9334437098923476
 1.190715184461914
 1.473421339558248
   1.7116627011037
 1.991564898423686
 2.455259596357166
 6.355862256788325
 8.853810515416354

  -0.416773882890242    0.154363925340045   0.7946071251309785   -0.320984840576266  -0.1062448153404473  0.03678981448932707  -0.1370575255841561  0.03293289158485048   -0.175313918550124  0.06923724405143508
 -0.4133292400374262  0.02785907590312037  -0.1626810950412414  0.03267300948782505   0.3502678329035236    0.364041269803108   0.3739305418268362  -0.5332213454505711  -0.2079320655312968   0.2797351405690193
 -0.6870573195071371  0.03145966939466062  -0.2777949035237489   0.1852955810607393   0.2523853553919315  -0.4428602199855036  -0.1559080409806375   0.3509590149999369 -0.02914685276834076 -0.08547186430910489
  0.4155903808465908  0.08536287266796219   0.1655107391146418 -0.06936682919210613   0.6361012024978037  -0.4313258661195069 -0.06657421744952688   -0.048936902477436  -0.4005957590346585   0.1726893220516703
 0.02505160878725558 0.001851106167341554  -0.0541754808182862  -0.1824618361454949    0.515659978213255   0.5934681815746276  -0.4644634472887034    0.269107946728141   0.2188213976825866 -0.09488838346160704
 0.07484674710876156   0.0541058648937098  0.09883994768465425   0.4767429251843647 -0.08933858443063285   0.2673720154632239   0.1412451169246632   0.5464856013921895  -0.2361734346584156    0.548245933606768
-0.01989994304087271 -0.02032462243110896   0.2104126912618731   0.5054012364727393  0.02758966439136317  -0.1322834620974895  -0.4694172535001977  -0.4193863559141773   0.4276659244348511   0.3195172472006501
 0.02675105778102601  0.05131652027694196   0.3183993449731192   0.5760386151206842   0.1783159391111262   0.1497402283654769     0.18544531738717  -0.0364395529540115  -0.1256108695628094  -0.6765631967674022
-0.05707489803312185  -0.9295354540333183  0.05926294811277189  0.02615143899191012 -0.03568351822946784  0.03654086334897048  -0.1760619393051162 -0.03051621334397238  -0.3062442898958888 -0.01367998242409683
0.009826263970072156   0.3116177346842118  -0.2751408844549073  0.09079683450333888  -0.2999728387977356   0.1378576221198425  -0.5396618699515987  -0.1995338954398386  -0.6071081378244272  -0.1011624050604179

22.68539087580664
53.80873710730596
55.08929122037195
130.7056790332344
66.17738699184446
157.2633098458545
78.11654043877593
185.4523764943149
92.42363105622329
220.2311111286138

0.4235632481958063

  -0.01268670810094532   0.005342601841567042    0.01248903591891483  -0.004967094187051718  2.286035841932328e-05  0.0001263653363925725  0.0002594898800716088 -0.0003035991608818596  0.0002157661672152948 -4.328290031724216e-05

  0.001935014025311438   0.002648748784894732   0.003742317307707653  -0.003602755129770628 -0.0003090340803531433  -0.005760869865423185    0.00130584184185076   0.006838546907683242    -0.1506771067833207    -0.1993115391849347

cov:
    0.9691498709003294      2.420605891607519   -0.01625143561744337   0.009864467307833871   0.003838453143291187    0.04134096860767733   0.004817199353023214   0.006898446332331147 -8.837658431264027e-05  -0.004559448100860314
     2.420605891607519      42.55707500648318      -8.82695483831862      1.440173082772604     -5.857289655396745       2.04123517056523     -6.462441661714991     -3.625143837980719     -3.497252446249868     -2.080292008182847
  -0.01625143561744337      -8.82695483831862      7.093931350329698    -0.3020969743138548      6.698416932123293      -2.73743970856644      11.24125647999579      3.910163450617385      12.30643149365164      1.319515192075762
  0.009864467307833871      1.440173082772604    -0.3020969743138548      4.474403680060722      -1.83658128954341      1.391724015416047      -3.94723493440337     -1.716007555189441      -4.60441815328422     -1.666242555734024
  0.003838453143291187     -5.857289655396745      6.698416932123293      -1.83658128954341       8.62510533468518     -2.942544754888701      12.54261711927191      4.698613780842502      14.51459163856684      1.667774791647914
   0.04134096860767733       2.04123517056523      -2.73743970856644      1.391724015416047     -2.942544754888701      3.258782852560894     -5.961221570070351     -1.493584544289186      -7.05624111588127     -1.578836160508399
  0.004817199353023214     -6.462441661714991      11.24125647999579      -3.94723493440337      12.54261711927191     -5.961221570070351      25.82694580614992      9.156604137392693      26.59101829313175      3.422657935989813
  0.006898446332331147     -3.625143837980719      3.910163450617385     -1.716007555189441      4.698613780842502     -1.493584544289186      9.156604137392693      5.225273248171168      9.042746099635528      1.886436873129466
-8.837658431264027e-05     -3.497252446249868      12.30643149365164      -4.60441815328422      14.51459163856684      -7.05624111588127      26.59101829313175      9.042746099635528      34.03437268657004      5.471693995850258
 -0.004559448100860314     -2.080292008182847      1.319515192075762     -1.666242555734024      1.667774791647914     -1.578836160508399      3.422657935989813      1.886436873129466      5.471693995850258      4.983435982022125

cov.inverse():
     2.463975246234403    -0.5950912124374755     -2.645587690004938       1.03908119028115     0.2044781295349334   -0.09753312111985862     0.4214243280468941     -0.109073083808664     0.6743432939199612    -0.2861316887994855
    -0.595091212437474      0.247525659086384      1.107218896079624    -0.4348716938161095   -0.08878209760631738     0.0298677050699466    -0.1797930131227216    0.04851788919385523    -0.2809222549368325     0.1169490104740803
    -2.645587690004941      1.107218896079624      5.901518760909785     -2.309310838765854    -0.8500534225784929     0.2733557129956918     -1.022061716898589     0.2210241712909805     -1.252240052639797     0.4893483102546333
     1.039081190281153    -0.4348716938161095     -2.309310838765853      1.190932998644495     0.3090223835763393    -0.1733799889865771     0.4041448098926883   -0.03241166860282516     0.4995803676911378    -0.1431029929225807
    0.2044781295349362   -0.08878209760631846    -0.8500534225784983     0.3090223835763415     0.7527154200956593   -0.05517373093404694     0.1176466439573607     -0.151563756538591   -0.05323186872441706    0.05716014475230997
  -0.09753312111985912    0.02986770506994674     0.2733557129956921    -0.1733799889865773   -0.05517373093404628        0.7364665788981     0.1363879336053153    -0.2695344641655038 -0.0009883048599611337     0.1432614675970218
    0.4214243280468943    -0.1797930131227221     -1.022061716898592     0.4041448098926895     0.1176466439573607     0.1363879336053154     0.5556421650604485    -0.3426833435806029    0.03333522194957519    0.04642020652409213
   -0.1090730838086658    0.04851788919385596     0.2210241712909844   -0.03241166860282671    -0.1515637565385917    -0.2695344641655036     -0.342683343580603     0.7040985829818891    0.03472527110256846     -0.153177177211973
    0.6743432939199594    -0.2809222549368319     -1.252240052639793     0.4995803676911367   -0.05323186872441893 -0.0009883048599607256    0.03333522194957418    0.03472527110256959     0.5460965131893524    -0.2361845440504247
   -0.2861316887994846       0.11694901047408     0.4893483102546313      -0.14310299292258    0.05716014475231092     0.1432614675970216    0.04642020652409253    -0.1531771772119735    -0.2361845440504246     0.3834906167969305

cov*(cov_.inverse()):
     1.000000000000002 -1.480044385659962e-15  1.245097774882353e-15 -2.122108912205878e-15 -1.674550255403862e-16  2.162983334108581e-16  9.679756995950584e-16 -1.105886215935215e-16    2.7300210703185e-16 -8.998878031629687e-17
 3.774758283725532e-15     0.9999999999999998 -1.332267629550188e-15 -1.221245327087672e-15 -2.636779683484747e-16  4.440892098500626e-16  1.845745778439323e-15 -5.551115123125783e-17 -5.551115123125783e-17 -6.661338147750939e-16
 2.609024107869118e-15 -3.885780586188048e-16      1.000000000000006 -7.771561172376096e-16  5.967448757360216e-16  1.665334536937735e-16 -3.885780586188048e-16  4.996003610813204e-16 -1.221245327087672e-15  4.440892098500626e-16
 7.771561172376096e-16 -2.220446049250313e-16 -1.221245327087672e-15     0.9999999999999991  1.387778780781446e-16  2.775557561562891e-17  8.326672684688674e-17                      0 -9.436895709313831e-16  1.110223024625157e-16
 8.881784197001252e-16 -1.193489751472043e-15  2.220446049250313e-16  1.304512053934559e-15      1.000000000000001  -3.05311331771918e-16 -9.992007221626409e-16  2.220446049250313e-16 -9.436895709313831e-16  2.220446049250313e-16
 3.885780586188048e-16  9.159339953157541e-16   2.55351295663786e-15   3.05311331771918e-16 -3.469446951953614e-16                      1 -1.110223024625157e-16  1.110223024625157e-16 -3.885780586188048e-16  2.220446049250313e-16
 4.107825191113079e-15 -8.326672684688674e-16   5.10702591327572e-15 -2.109423746787797e-15  2.997602166487923e-15 -4.996003610813204e-16                      1 -2.109423746787797e-15 -2.664535259100376e-15   1.77635683940025e-15
-1.110223024625157e-15 -2.775557561562891e-16  4.440892098500626e-15 -9.436895709313831e-16  9.575673587391975e-16  1.110223024625157e-16  -3.05311331771918e-16     0.9999999999999997 -3.885780586188048e-16  6.661338147750939e-16
-9.547918011776346e-15   3.33066907387547e-15 -7.105427357601002e-15 -1.143529715363911e-14 -1.665334536937735e-15  4.440892098500626e-16 -1.720845688168993e-15  5.551115123125783e-16     0.9999999999999942  8.881784197001252e-16
 8.881784197001252e-16  -3.33066907387547e-16 -1.332267629550188e-15  4.440892098500626e-16  1.110223024625157e-16 -1.110223024625157e-16 -1.665334536937735e-16  2.220446049250313e-16  2.220446049250313e-16     0.9999999999999997
