10
1

0.5482708337029897
0.6777877048748674
0.7607846623629808
0.9766190398615068
 1.044891004290982
 1.205213883399739
 1.820567187042478
  2.11743036683526
 3.383922353497317
 5.033070294602939

   0.3055406726399252   -0.1239071350165966   -0.8083131600069768    0.3008966465944973    0.2770634884825835   -0.2247463191509337   0.02557564781432996   0.02875284074325368     0.112603043013703  -0.07712064024977401
  -0.2971744086739091    0.1036225544718039    0.2221726078384449  -0.06418885958013848    0.6085642911979042   -0.6648412612417598  -0.08724633816990357     0.108380122325863   -0.0782922581331489   0.09806430733126553
   0.1578095553278934   -0.0415160774398905    0.1302168607612194    -0.027643666645138  -0.05712165136259699 -0.002653103719179123   -0.5344802487817153    0.6280828073662397    0.4490350285965157   -0.2656923564235391
  -0.8515436296212813     0.104760693765954   -0.4011761878915781  0.008407464034487942   -0.0617537415819184    0.2268405042163917  -0.06060022570617069    0.1866647728079284   0.03314052914791731  -0.08944867982585547
 -0.05339537113192956   -0.0159517513390845   0.08250614484126707   -0.0101931999754111   0.03984604167157792  -0.09590626850689246  -0.02871826033497165   -0.3632692462361233  -0.07154007480445344   -0.9172187990289601
   0.1220653536392803   0.03497115682498418   0.01304061342261663   0.01821237137439437  0.001579071397459497    0.0405118108422898    0.4119806664416064    0.6424210202346596   -0.5876079386410128   -0.2324127641988937
   -0.133079620280911   -0.1391834290635093     0.327719658645467    0.8840548431151612    0.1176337364487994    0.1377063175090228    0.1439656141406085   0.02634249959304483     0.140410763986471 -0.005358509697671442
   0.1225596401702891    0.2069843822499446  -0.02423914234244055    0.1094889156630285    0.4000460104890923    0.4470075468235294   -0.5796280369433258   -0.1046135576130938   -0.4690645000764429   0.05267372330434832
  -0.1143533102732246   -0.5406267609744851  -0.03567742956835637    0.1586867400581379   -0.4390452995210814   -0.3517323181711699   -0.4003261127681103   -0.0320798812157051   -0.4275398250264356    0.0873776246690962
  0.06887026041808857    0.7779728171143933  -0.05596866916645977    0.2921442778172704   -0.4214064987406178   -0.3204339502366953    -0.121999488496462  -0.02754846487442217  -0.07437784432045834  0.009909671547907988

35.54399011145896
 56.4440254980796
67.67169816027936
113.1602408673244
76.91689374006054
130.9748860996359
90.63596209836871
154.2349443477239
106.5747202548971
183.5376808456957

0.5677409078946426

  -0.01227443845934289   0.006881192780970226   0.004196862794161878  -0.002610991433736273   0.002692420742568084 -0.0007481499857697316   0.002334210231795632 -0.0009699696465949294   0.001883196315456609   -0.00163862054848771

-0.002253495871391205  0.003206459308600279 -0.001349546407691234   0.00860118998293968    0.0030036676344924 -0.002416656483129939  0.001790656677752808 -0.008725564626074253  -0.06471141167371564   0.05575856809021598

cov:
    1.195355236787292     2.133037308468531   0.02185792047079531  0.002971767515159414 -0.007081938402001711   -0.0151490919345819    0.0187411164674051  -0.04647051180006331   0.04551293533848275   -0.0256473991415518
    2.133037308468531      18.9580670110749    -1.059115201568455     4.457160355282713    -5.256636866143051    -3.782989986200691   -0.5072169470060685    -0.406941933934429    0.6368881173983071   -0.2851224976335402
  0.02185792047079531    -1.059115201568455     0.842613174092897    0.3838099361156365    0.8788677885619445    0.5908857141264905    0.5288903825139171   0.05158051237365848    0.4518479848316469   -0.1053682510775455
 0.002971767515159414     4.457160355282713    0.3838099361156365     5.124767837143326    -3.368230172720717    -2.384307101683385    -1.468821798895925    -0.224442648059592    -1.155331228271096    0.2399935197463966
-0.007081938402001711    -5.256636866143051    0.8788677885619445    -3.368230172720717     7.669665034699131     5.822460008358255     2.330151162617161    0.2645997361054721     2.123087025757323   -0.4580775201326587
  -0.0151490919345819    -3.782989986200691    0.5908857141264905    -2.384307101683385     5.822460008358255     5.256155580851465     1.546587556029163    0.2354015586697228     1.445427155335235   -0.2905652145858706
   0.0187411164674051   -0.5072169470060685    0.5288903825139171    -1.468821798895925     2.330151162617161     1.546587556029163     4.207164972825438    0.7032465923109044     2.989525370754031    -0.598099168580111
 -0.04647051180006331    -0.406941933934429   0.05158051237365848    -0.224442648059592    0.2645997361054721    0.2354015586697228    0.7032465923109044     1.093130707591576   0.08749189217587303  -0.02557361646882756
  0.04551293533848275    0.6368881173983071    0.4518479848316469    -1.155331228271096     2.123087025757323     1.445427155335235     2.989525370754031   0.08749189217587303     3.916574281970259   -0.3677243195604741
  -0.0256473991415518   -0.2851224976335402   -0.1053682510775455    0.2399935197463966   -0.4580775201326587   -0.2905652145858706    -0.598099168580111  -0.02557361646882756   -0.3677243195604741     1.154122335872297

cov.inverse():
    1.328979366141803   -0.2753456379124808   -0.5881952046643405    0.3010561192155122   -0.0648570653990998   0.01581193406769797  0.008877415534731113   0.03179008477348557    0.1976679449124131   -0.1082695294885163
  -0.2753456379124811    0.1548243191153946     0.314087981788636   -0.1656030428717073   0.04114960918349513 -0.008221953803991483 -0.005852751069502551   0.00355291209648264   -0.1153950706428362   0.06978290917065001
  -0.5881952046643409    0.3140879817886361     2.518151956890204    -0.764834071627051   -0.4227921771369387    0.1929208821188611   -0.1853109834567068   0.01953713922693038   -0.2463338732472989    0.1601417762679795
   0.3010561192155128   -0.1656030428717073   -0.7648340716270509    0.5559220387159374    0.2243374351085103  -0.08946705153205521   0.08550795544850706  0.000441092876972254    0.1150132100309346  -0.07216580487558735
 -0.06485706539909986   0.04114960918349508   -0.4227921771369382      0.22433743510851     1.136342110217499    -1.042159542495225  -0.06516067695749046   0.07673075545284716  -0.06887879350598285    0.0581044597961578
  0.01581193406769787 -0.008221953803991398    0.1929208821188605  -0.08946705153205481    -1.042159542495224     1.258857926631684   0.07122403503649778  -0.09500376644820933 -0.002022952162998696  -0.02800696005178434
 0.008877415534731028  -0.00585275106950251   -0.1853109834567067   0.08550795544850702  -0.06516067695749035    0.0712240350364977    0.7295306331782008   -0.4023063248795231   -0.4750482862461123    0.1739111109355055
  0.03179008477348553  0.003552912096482638   0.01953713922693037 0.0004410928769722967   0.07673075545284716  -0.09500376644820935    -0.402306324879523     1.154186377728967     0.263319096283043  -0.08920076550401308
   0.1976679449124133   -0.1153950706428362   -0.2463338732472991    0.1150132100309348  -0.06887879350598287  -0.00202295216299865   -0.4750482862461122    0.2633190962830431    0.7186421535331843   -0.1097454278731607
  -0.1082695294885164   0.06978290917065003    0.1601417762679795  -0.07216580487558735   0.05810445979615775  -0.02800696005178429    0.1739111109355054  -0.08920076550401311   -0.1097454278731607     0.980113056616596

cov*(cov_.inverse()):
    0.9999999999999992    2.7300210703185e-16  2.584737979205443e-16 -5.926249074805767e-16  2.012279232133096e-16 -9.898765834792655e-17  3.122502256758253e-17  3.165870343657673e-17 -1.283695372222837e-16  1.838806884535416e-16
-2.116362640691705e-16     0.9999999999999997 -6.245004513516506e-17  -4.85722573273506e-17  2.463307335887066e-16 -6.262351748276274e-16 -2.081668171172169e-17 -6.938893903907228e-18 -2.498001805406602e-16  1.665334536937735e-16
-2.949029909160572e-17  7.806255641895632e-18     0.9999999999999994 -8.847089727481716e-17 -1.066854937725736e-16  4.380176776841438e-17 -3.469446951953614e-17 -2.255140518769849e-17  2.949029909160572e-17                      0
 1.214306433183765e-16 -1.769417945496343e-16 -1.249000902703301e-16                      1  2.896988204881268e-16  -6.87817858224804e-16  9.020562075079397e-17  2.775557561562891e-17 -3.920475055707584e-16 -1.387778780781446e-16
 1.387778780781446e-17  6.938893903907228e-18 -1.804112415015879e-16 -3.122502256758253e-16     0.9999999999999989  2.688821387764051e-16 -2.914335439641036e-16   4.85722573273506e-17  2.775557561562891e-17 -5.551115123125783e-17
-6.938893903907228e-18  1.040834085586084e-16 -7.632783294297951e-16 -8.326672684688674e-17  7.494005416219807e-16     0.9999999999999992  1.249000902703301e-16  1.249000902703301e-16 -5.551115123125783e-17  5.551115123125783e-17
-5.551115123125783e-17 -6.938893903907228e-17 -1.387778780781446e-17 -2.081668171172169e-17 -3.122502256758253e-16   4.40619762898109e-16     0.9999999999999993  2.081668171172169e-17  1.387778780781446e-16 -1.110223024625157e-16
-1.517883041479706e-17  1.951563910473908e-18  -2.42861286636753e-17  2.211772431870429e-17  9.974659986866641e-18  9.280770596475918e-17  5.290906601729262e-17                      1  3.989863994746656e-17  1.734723475976807e-17
 -9.71445146547012e-17 -2.081668171172169e-17 -4.579669976578771e-16 -1.144917494144693e-16 -3.157196726277789e-16 -1.127570259384925e-16  2.359223927328458e-16 -1.387778780781446e-16                      1  1.665334536937735e-16
 1.387778780781446e-17                      0  1.387778780781446e-16 -1.387778780781446e-17 -5.551115123125783e-17  2.775557561562891e-17 -8.326672684688674e-17  1.387778780781446e-17 -2.775557561562891e-17     0.9999999999999998
