10
1

0.06504159265307827
 0.3751304675084791
   0.94504862022666
  1.076284022799066
  1.293509584460571
  1.459002440661362
   1.86016463108233
    2.6641716051065
  4.098125787556783
  8.631686942822981

   -0.3332706751710912     0.1167163052807225     0.7654802550310941    -0.2717106650149486    -0.4348822827222049     0.1618593059046249   0.008555495516628658   0.009501935604195674   0.003221984668310251  -0.005133772951922406
   -0.5893981420074211     0.1796076173217916      0.147250342233149   -0.02833314489324206     0.6855584598963815    -0.2325838356465597    -0.1764134475084515    0.04341675414240816    -0.1928921245790544    0.05971407157950554
  0.005099652789863715 -0.0008322600255568727   -0.01270823998175326     0.1050011126545166    -0.0628594240025124     0.1466792737735804   -0.05571107507763959    -0.6381839357969918    -0.3278259220097028     0.6674340090111706
    0.6385513896854218    -0.0029290376342612     0.3954907185559406     -0.151103651486151     0.2516285704938062    -0.1035651683664562     -0.559799221970757     0.1086235260898497   -0.03998559862211642     0.1103746007424578
   -0.2183889870266227   -0.03779941456756396   -0.02050898479601769     0.4104498302344382    -0.1929056796371159    -0.1172761993855294    -0.5969253863015775    -0.3833540702792909     0.3838167208009982    -0.2835946573033462
    0.2461918669922759    0.08647860910233082     0.2770165821382756     0.1362490052146312     0.1097412731484058    -0.3441231640473162     0.3813891382526482    -0.4791782009236668    -0.2864588716615453    -0.4990160612201991
  -0.01722079815845931   0.006660576070079665    0.09736753826137719     0.4077272985927934     -0.319320208402711     -0.684994327588192     0.0646218900667577     0.3467153745202288    -0.1113266459251287     0.3405485388201692
   0.07335078072629332    0.08060975953202429     0.2712463204961909     0.7332705236039069     0.1853798910545809     0.5206682161289289      0.111534202938867     0.2313926407914559   -0.07250789991180749   -0.01267197634162942
   -0.1381643087462582    -0.6722593478553778   -0.04124300045740568    0.01022137528140254    -0.1274092307659083    0.08017118605118118    -0.2364133662408056     0.1240449035405314    -0.6148547591889078    -0.2349195767155406
    0.0263846428834192     0.6976581275991395    -0.2717868904655943   -0.02117683612432657    -0.2679529692120097    0.09247309268380188    -0.2793590302864292       0.11503720126252    -0.4781654640306531    -0.1949182196435438

35.53500517434416
100.1607014741409
46.50932230737932
131.0081194381802
55.21743736316019
155.6131189405542
66.11682269633422
186.7112455535174
78.07089569628187
220.3039471388219

0.3557470062077482

  -0.01377398057865186     0.0048524737749941  -0.009298692020908874   0.003530927515370359    0.02306973772931306  -0.007948076434547351 -4.250286208256151e-05  0.0002621149780633287  0.0002531853547245394 -0.0001284869131140937

-6.022417198509138e-05   0.003538791478971258  -0.002264047006746744  -0.007372650347358689   0.001681499851698663  0.0001072564984598345  -0.003814094678806751  -0.002659908159913243   -0.07723653716533781    -0.1114719222780467

cov:
   1.142210304918807    3.014861555260353   0.1286944704931768   0.1049855012376981   0.1420308630923759   0.1132812572810731  0.07190609762561305 0.000899436839812847   0.1501737905008222  0.05689482897645826
   3.014861555260353    43.92331717079927    -13.4492636854522   -0.788522360194942   -12.34221415364347     4.12219291603505   -11.68106633773115    4.656717932202433   -18.03853927741689   -7.552163660981705
  0.1286944704931768    -13.4492636854522    6.438125690287572    1.965221885756703    5.963677106995566   -1.408758816910996    6.043135779380235   -2.064564508596225    9.730843358768823    3.959787202808386
  0.1049855012376981   -0.788522360194942    1.965221885756703    4.784903595729395    0.762409390334526     1.46360831846978   0.8659822129569207    1.051961282336572   0.2719896148596307   0.3852656240151208
  0.1420308630923759   -12.34221415364347    5.963677106995566    0.762409390334526    6.450526675759739  -0.6794354293404185    6.263064060059961    -2.55721684572167    10.68674393018118    3.976530123264252
  0.1132812572810731     4.12219291603505   -1.408758816910996     1.46360831846978  -0.6794354293404185    4.607298601506769   -2.080637524050471    1.321131611533196   -4.023731986599978   -2.019834040372163
 0.07190609762561305   -11.68106633773115    6.043135779380235   0.8659822129569207    6.263064060059961   -2.080637524050471    8.131956882588197   -2.672094346534448    11.74260050203914    4.827719006628722
0.000899436839812847    4.656717932202433   -2.064564508596225    1.051961282336572    -2.55721684572167    1.321131611533196   -2.672094346534448    3.152735538163683    -5.40525393428567   -1.447553087418513
  0.1501737905008222   -18.03853927741689    9.730843358768823   0.2719896148596307    10.68674393018118   -4.023731986599978    11.74260050203914    -5.40525393428567    23.98880405098424    9.165395030770528
 0.05689482897645826   -7.552163660981705    3.959787202808386   0.3852656240151208    3.976530123264252   -2.019834040372163    4.827719006628722   -1.447553087418513    9.165395030770528    5.237111370686173

cov.inverse():
   29.13459594571162   -9.927252996357803     -60.665889023392    21.40892208287756    31.56924304328618   -11.84967639672361  -0.1193201301757827  -0.8798675883042838   0.4516269847255046   0.1983279765261094
  -9.927252996357824     3.48816707573016    21.32052019914509   -7.527564400481213   -11.11101979549748     4.15986675286311  0.04956982956639829   0.3064916659720047  -0.1581038712603179 -0.07210266347027579
  -60.66588902339197    21.32052019914506    138.8512294251163    -49.1957437513766   -77.87049607211672    28.96389931663701    1.237793941426051    1.771160946117671   0.3275499889694903  -0.8893476998428872
   21.40892208287754   -7.527564400481205    -49.1957437513766    17.72240959116546    27.69459788069621   -10.39601380663808  -0.5504608078995218  -0.7681401262725475  -0.1464572180381292   0.3190013360567865
   31.56924304328605   -11.11101979549746   -77.87049607211669     27.6945978806962    48.16856590257552   -17.73323865536153   -1.768378258210033   -0.704577598785362   -1.300796531597801   0.7733523139023004
   -11.8496763967236      4.1598667528631    28.96389931663698   -10.39601380663806   -17.73323865536153     6.84878980882798   0.6339109297283958   0.2306782815320208   0.4244165984131413  -0.1645306529793692
 -0.1193201301758398  0.04956982956641658    1.237793941426169  -0.5504608078995634   -1.768378258210098   0.6339109297284203    0.801089020200717  0.01095198084639474   0.1070765154753779  -0.1582460540152123
 -0.8798675883042628   0.3064916659719967    1.771160946117621  -0.7681401262725296  -0.7045775987853345   0.2306782815320107  0.01095198084639272   0.7400202912451995   0.1359710037157399  -0.2506961818851485
  0.4516269847255576  -0.1581038712603374   0.3275499889693619  -0.1464572180380836   -1.300796531597729   0.4244165984131144   0.1070765154753765   0.1359710037157384   0.5450630288033974  -0.3334367219234156
  0.1983279765260673 -0.07210266347026023  -0.8893476998427863   0.3190013360567509   0.7733523139022438  -0.1645306529793482  -0.1582460540152105  -0.2506961818851476   -0.333436721923416   0.7432493800957874

cov*(cov_.inverse()):
     1.000000000000017  2.198848741974402e-14  3.175237850427948e-14  9.822004320980682e-15  9.328648964412878e-14  1.929012505286209e-14  5.396724733763847e-15   1.64104840827406e-15   3.04270497686332e-15 -2.393918396847994e-15
  3.33066907387547e-15     0.9999999999999792  6.039613253960852e-14  5.551115123125783e-14  8.970602038971265e-14 -3.597122599785507e-14  8.881784197001252e-16  2.220446049250313e-16                      0  8.881784197001252e-16
 4.574118861455645e-14  6.661338147750939e-15     0.9999999999999036  4.951594689828198e-14  5.284661597215745e-14  3.730349362740526e-14  1.665334536937735e-15  2.664535259100376e-15  1.332267629550188e-15 -2.664535259100376e-15
-2.338407245616736e-14  2.156955170029562e-14  7.494005416219807e-15     0.9999999999999776 -6.106226635438361e-15  2.733924198139448e-14  1.297573160030652e-15  1.457167719820518e-15  5.551115123125783e-17 -1.332267629550188e-15
  1.69864122767649e-14  2.398081733190338e-14 -4.840572387365683e-14  1.687538997430238e-14      1.000000000000008  3.375077994860476e-14  2.220446049250313e-15  2.775557561562891e-15  2.220446049250313e-15  -1.77635683940025e-15
-7.382983113757291e-15  3.608224830031759e-16  3.241851231905457e-14  2.331468351712829e-15 -1.820765760385257e-14      1.000000000000006                      0  2.220446049250313e-16                      0                      0
 1.043609643147647e-14  3.386180225106727e-15 -7.638334409421077e-14  1.687538997430238e-14   8.43769498715119e-15  2.275957200481571e-14      1.000000000000002  2.442490654175344e-15  2.886579864025407e-15 -3.552713678800501e-15
 -2.86992651865603e-14 -2.706168622523819e-15   3.33066907387547e-14 -1.321165399303936e-14  -3.97459842815806e-14 -6.911138328291599e-15 -4.163336342344337e-16                      1 -7.771561172376096e-16  2.220446049250313e-16
 3.996802888650564e-14 -7.771561172376096e-15 -2.344791028008331e-13  8.304468224196171e-14  8.260059303211165e-14  4.640732242933154e-14                      0  8.881784197001252e-16      1.000000000000001 -4.440892098500626e-15
 3.108624468950438e-14 -1.448841047135829e-14   -1.4210854715202e-13  6.061817714453355e-14  1.127986593019159e-13   1.77635683940025e-15 -1.110223024625157e-16                      0 -8.881784197001252e-16     0.9999999999999996
