12
1

                  nan
                  nan
                  nan
                  nan
    3162.277660168379
1.639996231435983e-10
3.357541954192818e-10
1.184934543991045e-08
1.523549588094785e-08
5.698997378280986e-08
    2.741070834472668
     4.75327998307173

                     0   -0.09525140965716408    -0.7329496328542047     0.4583328173859875   -0.01301326991555483    -0.4705306397488893  -0.006998484008838612  1.195605671899784e-21   -0.02536843969081057    -0.1462143599455364   0.001851880878258494                      0
                    -0     0.3686146715296338    -0.1354053462129048     0.3944961429299012   0.005670792579731444     0.4054858314324361  -0.006081063362948998 -2.132755636890543e-20     -0.554976667538467     0.4665120239587315   0.006398643665727719                     -0
                     0  -0.006453605775196534   0.003459880099723632   -0.01305371995113362    -0.1360784848320993   -0.01047657970195763    -0.6694947351868386  1.312407442880191e-15   -0.01072181554701692    0.01642966783886074    -0.7297539147441179                      0
                     0 -2.994221587632768e-17  1.168650781597154e-16 -1.044926844483555e-16 -2.306528673108567e-15 -1.048051600791037e-16  -5.78793944687878e-15     0.9999999999999999 -5.849403608958787e-17  4.206243564810892e-17  7.730328189504321e-15                      0
                     0                      0                      0                      0                      0                      0                      0                      0                      0                      0                      0                      1
                     0   -0.00470166218105732     0.0124644915344383   -0.01311903719752824    -0.2327950599569881   -0.01327776618924539    -0.6939916203654649 -9.793846981613986e-15  -0.007091533285517014   0.005976107795598878     0.6808599046977072                      0
                     0  -0.008147170312135786   -0.01547727678808653  -0.005278952135773062     0.9626702277027358  0.0007062761512221108    -0.2628258284503917  1.024690399987891e-16   0.001414216960102978  -0.008493487081336249    0.06148323852232518                      0
                     0     0.2602012030093477     0.5928401410917123     0.3195282331712431    0.01534161924223468    -0.6065681122119297   0.006942645647332307 -1.323859409750759e-20    -0.3029266880528371     -0.136914507183477  -0.004359850393428255                      0
                     0    -0.4597967906573411    -0.0539086486015902    -0.4252601366601203    0.00631804662643255    -0.3782401522724886    0.03020604523277852  -4.88932308357358e-21    -0.4286204418550913     0.5263685816609882    0.00610593696553236                      0
    0.9446384926529353    -0.2484771321035304    0.08887785963661129      0.170806204606288 -0.0004475711039159643    0.08748550480149989  -0.001723166409502841                      0   -0.02295838020258006   -0.02567405019745511 -0.0002688988581410678                      0
   -0.2777840018809606     -0.631228876588753     0.1486737062153031     0.2657951679242605   -0.00574562013488658     0.3081623031397427  -0.003703663755329688                      0    -0.3970790375340263    -0.4230227585502621  -0.002112059435571469                      0
    0.1746257898976805     0.3400172455749336    -0.2442839072933129    -0.5011657801502791  -0.006718643689949126     0.0169527216574143   0.003429910212213979                      0     -0.507455596867143    -0.5340348566648577  -0.001905125871659299                      0

22.33130732891428
32.47709846496582
35.83038041430839
60.54763793945312
69.61799932554635
 129.094004313151
85.15043953756305
159.2149963378906
93.24114510149764
184.6273396809896
107.5051199416546
217.4080047607422

0.4818344313304982

-0.005279193376418228   -0.7379825623690199    -3.086938544131705  -0.01517343736103504     73.31679705233356    0.8992106807787115     6.322942692817427      443.133686788177    -0.704244888155982     2.010621020590632     -347.451272631354                     0

 5.024230971138459e-18  2.518635122453078e-18 -5.793174249298985e-18 -6.101460158297464e-32                      0 -6.940514139078831e-18   5.36509563972601e-18  6.910465277915363e-18  1.507522416336897e-17 -1.829394841213735e-17  -0.002274742943911385  -0.005499217627146964

cov:
     1.268744136670704      2.658968224236336      -1.27410700671444      -2.53206512986136   -0.01451618151705934     -0.576286286650005    0.02126249316190416                      0     -1.173382152948938     -1.224101263379925  -0.003108430381767166                      0
     2.658968224236336      5.605834342328308     -2.581764609646776     -5.110666361448239   -0.02436435685213109     -1.331292311418398    0.04391482106121648                      0     -2.015160273338794     -2.096304690154906  -0.004618725700427538                      0
     -1.27410700671444     -2.581764609646776      1.514345629655044      3.062977231482193    0.03066383385912371      0.250667692985614   -0.02306779833482094                      0       2.35722526452179      2.474942807449322   0.008155617073917432                      0
     -2.53206512986136     -5.110666361448239      3.062977231482193       6.20559221052099    0.06460211995576329     0.4234550026012427   -0.04623385091481005                      0      4.953024054731339      5.202174904639849    0.01735419750280451                      0
  -0.01451618151705934   -0.02436435685213109    0.03066383385912371    0.06460211995576329   0.001267917981925891   -0.01587662824242708   -0.00036077086825111                      0    0.09417288165533615      0.099327560510562  0.0003803724993925255                      0
    -0.576286286650005     -1.331292311418398      0.250667692985614     0.4234550026012427   -0.01587662824242708     0.7200024414083139  -0.007261605933757033                      0     -1.113751879506997      -1.18400164116692  -0.005619904182312758                      0
   0.02126249316190416    0.04391482106121648   -0.02306779833482094   -0.04623385091481005   -0.00036077086825111  -0.007261605933757033   0.000368861558391198                      0   -0.02827523381764388     -0.029613028559124 -8.886327582045782e-05                      0
                     0                      0                      0                      0                      0                      0                      0                      0                      0                      0                      0                      0
    -1.173382152948938     -2.015160273338794       2.35722526452179      4.953024054731339    0.09417288165533615     -1.113751879506997   -0.02827523381764388                      0      7.002784785884188      7.384925129159566    0.02814401537951381                      0
    -1.224101263379925     -2.096304690154906      2.474942807449322      5.202174904639849      0.099327560510562      -1.18400164116692     -0.029613028559124                      0      7.384925129159566      7.788084071181319    0.02969978551349099                      0
 -0.003108430381767166  -0.004618725700427538   0.008155617073917432    0.01735419750280451  0.0003803724993925255  -0.005619904182312758 -8.886327582045782e-05                      0    0.02814401537951381    0.02969978551349099  0.0001155198778873582                      0
                     0                      0                      0                      0                      0                      0                      0                      0                      0                      0                      0                      0

cov.inverse():
nan nan nan nan nan nan nan nan nan nan nan nan
nan nan nan nan nan nan nan nan nan nan nan nan
nan nan nan nan nan nan nan nan nan nan nan nan
nan nan nan nan nan nan nan nan nan nan nan nan
nan nan nan nan nan nan nan nan nan nan nan nan
nan nan nan nan nan nan nan nan nan nan nan nan
nan nan nan nan nan nan nan nan nan nan nan nan
nan nan nan nan nan nan nan nan nan nan nan nan
nan nan nan nan nan nan nan nan nan nan nan nan
nan nan nan nan nan nan nan nan nan nan nan nan
nan nan nan nan nan nan nan nan nan nan nan nan
nan nan nan nan nan nan nan nan nan nan nan inf

cov*(cov_.inverse()):
nan nan nan nan nan nan nan nan nan nan nan nan
nan nan nan nan nan nan nan nan nan nan nan nan
nan nan nan nan nan nan nan nan nan nan nan nan
nan nan nan nan nan nan nan nan nan nan nan nan
nan nan nan nan nan nan nan nan nan nan nan nan
nan nan nan nan nan nan nan nan nan nan nan nan
nan nan nan nan nan nan nan nan nan nan nan nan
nan nan nan nan nan nan nan nan nan nan nan nan
nan nan nan nan nan nan nan nan nan nan nan nan
nan nan nan nan nan nan nan nan nan nan nan nan
nan nan nan nan nan nan nan nan nan nan nan nan
nan nan nan nan nan nan nan nan nan nan nan nan
