10
1

                  nan
                  nan
                  nan
                  nan
                  nan
 9.02839277294325e-12
1.017284552838661e-10
7.724486271362567e-09
1.761191491554194e-08
    1.822244636039509

                     0    -0.5888926913284291  5.300263074035319e-05     -0.227918621332208   0.002424129158121659  1.293891898272825e-21    0.01879730300742861    -0.7647580224888378 -0.0005628535657230459     -0.126665435589211
                     0   -0.01466379307067679   -0.02253983976833717    0.08470404105443489    -0.2986468460946415  8.646909270563841e-16    -0.9482422330109392   -0.04467754541872489    0.01524108127611297    0.03899371044272529
                    -0  0.0001748838795268408     0.4591659020958703  0.0004130869238497846    -0.2539308086015618 -2.089655986917759e-14    0.05521544480468547   0.001563321316237739    -0.8494826563208185  -0.003693895217019821
   -0.9999999161172349 -0.0002437034730696875 -7.031026457867593e-08 -0.0001624689820464583 -3.259788624145874e-06                      0 -1.093510989593219e-05  0.0002022963090453444 -4.108984759993119e-07  0.0002022963090453444
                     0 -4.116179030170433e-18   5.22300982429655e-14 -1.686802383354687e-17 -2.823424387657909e-17                      1 -2.794781699680536e-16  3.832981939489957e-18  3.611131856458151e-15 -1.241296721565437e-17
                     0   -0.00040780552209002     0.8810207592409864  0.0003291027479864207   0.008159016602839658  -4.76308330410267e-14   -0.01581316475225254 -0.0005826032900100096     0.4727413396872931  0.0008987575516682777
                     0  0.0002760584969995685    -0.1116275502950847  -0.008569857648413334    -0.9197328574062266  4.763674970473313e-15     0.2943292911679343   0.008764617911597494     0.2337959586795486   -0.01378919477867147
                    -0   -0.05852229880996469  0.0005453728048022823     0.6417170143569098    0.01150943613363296  3.920511528394412e-19    0.09619552857040856    -0.2617055039735434 -0.0001705969950795859     0.7119678854027897
                    -0    -0.5436460304020614  0.0001098615637781357     0.6096426992382289    0.01234601029004785 -2.567485939600071e-21    0.02425810400602611     0.3172463157097227  0.0008057356183697913    -0.4810384674874935
-0.0004095918979320519     0.5949909015719711  0.0001716593004789378     0.3966606010479807   0.007958625078190789                     -0    0.02669757149463679     -0.493897201330213   0.001003189866807806     -0.493897201330213

21.36983834610914
39.12246131896973
34.76656227536987
 71.9398078918457
 62.6074370539047
134.1940002441406
69.64575562870587
154.1949996948242
80.15213073313308
187.6740036010742

0.4099509401518198

   25.77269469612758  0.03835040102035482    -80.0316947148094  -0.1809215894556238   0.3238254071673183   0.2422550855596685    2.351697042807264  0.08851613703317729    17.59037388065969 -0.07616585084124701

 2.597054590151426e-18  4.637597482413261e-20  3.188348269159117e-20  1.086936909940608e-21 -3.089260502351317e-35 -5.072372246389504e-21  1.391279244723978e-19 -7.420155971861217e-19                      0    0.01217893983316175

cov:
 5.570780872030257e-07 -0.0008092357173673961 -2.334705233287597e-07 -0.0005394904782449307 -1.082437337678992e-05                      0 -3.631085511282634e-05  0.0006717401139551011  -1.36441930351723e-06  0.0006717401139551011
-0.0008092357173673961      1.175530794167571  0.0003391493773856415      0.783687196111714    0.01572395280991687                      0      0.052746718207824     -0.975798735380522    0.00198201447738742     -0.975798735380522
-2.334705233287597e-07  0.0003391493773856415   9.78471178736913e-08   0.000226099584923761  4.536477336011269e-06                      0   1.52178205182512e-05 -0.0002815251928745517  5.718259183939757e-07 -0.0002815251928745517
-0.0005394904782449307      0.783687196111714   0.000226099584923761     0.5224581307411427    0.01048263520661125                      0      0.035164478805216    -0.6505324902536813   0.001321342984924946    -0.6505324902536813
-1.082437337678992e-05    0.01572395280991687  4.536477336011269e-06    0.01048263520661125  0.0002103243004736194                      0  0.0007055424767201625   -0.01305232780223765  2.651151485408835e-05   -0.01305232780223765
                     0                      0                      0                      0                      0                      0                      0                      0                      0                      0
-3.631085511282634e-05      0.052746718207824   1.52178205182512e-05      0.035164478805216  0.0007055424767201625                      0   0.002366774477963177   -0.04378463003950059  8.893408802328578e-05   -0.04378463003950059
 0.0006717401139551011     -0.975798735380522 -0.0002815251928745517    -0.6505324902536813   -0.01305232780223765                      0   -0.04378463003950059     0.8100027465843596  -0.001645254407741898     0.8100027465843596
 -1.36441930351723e-06    0.00198201447738742  5.718259183939757e-07   0.001321342984924946  2.651151485408835e-05                      0  8.893408802328578e-05  -0.001645254407741898  3.341793688488724e-06  -0.001645254407741898
 0.0006717401139551011     -0.975798735380522 -0.0002815251928745517    -0.6505324902536813   -0.01305232780223765                      0   -0.04378463003950059     0.8100027465843596  -0.001645254407741898     0.8100027465843596

cov.inverse():
 nan  nan  nan  nan  nan  nan  nan  nan  nan  nan
 nan  nan  nan  nan  nan  nan  nan  nan  nan  nan
 nan  nan  nan  nan  nan  nan  nan  nan  nan  nan
 nan  nan  nan  nan  nan  nan  nan  nan  nan  nan
 nan  nan  nan  nan  nan  nan  nan  nan  nan  nan
 nan  nan  nan  nan  nan  nan  nan  nan  nan  nan
 nan  nan  nan  nan  nan  nan  nan  nan  nan  nan
 nan  nan  nan  nan  nan  nan  nan  nan  nan  nan
 nan  nan  nan  nan  nan  nan  nan  nan  nan  nan
 nan  nan  nan  nan  nan  nan  nan -inf  nan  inf

cov*(cov_.inverse()):
nan nan nan nan nan nan nan nan nan nan
nan nan nan nan nan nan nan nan nan nan
nan nan nan nan nan nan nan nan nan nan
nan nan nan nan nan nan nan nan nan nan
nan nan nan nan nan nan nan nan nan nan
nan nan nan nan nan nan nan nan nan nan
nan nan nan nan nan nan nan nan nan nan
nan nan nan nan nan nan nan nan nan nan
nan nan nan nan nan nan nan nan nan nan
nan nan nan nan nan nan nan nan nan nan
