12
1

0.02170711215557223
 0.1426299308366879
    0.2100012142637
 0.5201924050407244
 0.5655909688535385
 0.6662828772832832
  0.877426298148877
  1.260333439806648
  1.520821648015031
   2.17272207596985
  2.781383134211873
  3.953336608191609

    0.3885248059738853    -0.1555062647537142     -0.755074628812438     0.3031135176219337     0.3746944759402806    -0.1493800616264069  -0.001748353602676503   0.001931344567617437 -0.0006414980689009077  -0.000826607222348472   -0.01146915289118624   0.001000456283525896
   0.01598546247303604  -0.004595290059364389  -0.004113816274932141   0.002765273573050616    0.00144608961433207 -0.0001675061323620266  -0.009944260338196811   0.002142146940441019   -0.01819093339462784   0.005498117395640608     0.9996158014098145 -0.0005403286043937383
   -0.4909782651894463      0.178890319377798     0.1334880022469517   -0.04725075044694642     0.8084609401730452    -0.2051915070739578   -0.07050441971826898  -0.003513099965889733    -0.0669937985099132    0.01501793999267984   0.006174928108725617    0.03793702483438372
    0.6440700229449762    -0.1762422892953141       0.46774092495765    -0.1499938471544371      0.407629448607763     0.2081275754146308      0.221591030013308    -0.1569769594554898    -0.1286211780197964     0.0754293593759064  -0.009585705527310322   -0.08535014410750504
    0.1936577383315456   -0.04518315005690762     0.1417065887299623   -0.05068925958569531     0.1371726925741225    0.08693350707424946    -0.4419685282942574       0.45068929695108     0.5549373229106614    -0.4455438708308809   0.004465214799959161    0.08055736491393982
    0.1150213307776442   -0.02173673047767024    0.04801034169087625   -0.01875919812823385   -0.03447686824964533   -0.03152300968880283    -0.5327746723590115     0.4837023520857604    -0.5878204181311434     0.3128040681487623   -0.02047562678665282    -0.1408653817348484
  -0.09797138064258137   0.007895717887810823   -0.04767545824029373    0.01747126667622925    0.02146282970355519    0.06024668400594552     0.0230747780221977   -0.01651507689257362     0.0997234314982004    -0.1342053549777651   0.003627183848100813    -0.9771880914343146
   0.03232899151664301    0.02259419948640926    0.01217568295657252   -0.01494387655490414   -0.05224700093119777    -0.1563852796317701     0.0850143327665582   -0.04129943472622635    -0.5387814253083737    -0.8182834018420352  -0.004617496184755349    0.04537747922002935
   -0.2596853635005582    -0.1588103514343092    -0.2161858804982566   -0.04154431018580747     0.1252512743185383     0.8149325058444147     0.2419577911031444     0.2958355981687508    -0.1455335600869559   -0.07022049451534711   0.002159094051543041    0.08306490448399539
  0.004832450388343098   -0.05504651070622578     0.1418970704128554     0.1766707589008821   -0.02876793884691231    -0.3609326022449396     0.6153554891981118     0.6544684580710811    0.05127011466655484     0.0639529183834788   0.005031450725301412   -0.02764053456202105
   -0.2256321297096555    -0.7266804213890533      0.259019666633879     0.5577898069361913  -0.007869063504469951   -0.02725410259256148    -0.1449425735824177    -0.1409053853875471   -0.01432043361668138   -0.02736286132809132  -0.001445376185529414    0.01348240110866224
    0.1147196973939703     0.5944169163326053     0.1856758299320975     0.7320286418276767   0.007635246232541896     0.2459627104712353   -0.02579502081840862    -0.0238407882701718   -0.03008192117825514   -0.01816072487688935 -0.0009793626122293418    0.01187699699914003

22.49657243030104
44.37831579917119
35.74923312314688
77.35205165680377
49.86397647515102
112.5149692373877
 79.6719703514965
 187.248914711835
91.53061314415611
218.3737291004713
107.5123855017215
259.2615898080998

0.4026571371360091

  -0.01807493835828169   0.007287401850408506   0.005864511394873104  -0.002375803379186429    0.01261466297124869  -0.005003162050278983  -0.000165999039291125  7.647277385792175e-06 -2.859226026956989e-05  2.502630514157518e-05  -0.000211483047180343  4.252472859525208e-05

-3.688210207845874e-06 -1.104924185949691e-05  0.0009839922803583478   -0.00155856362450369 -0.0004895740461381345 -0.0009204358653023629   0.001096380471981452 -0.0003272764668613548 -0.0003753859267812702   0.005983928363544292  -0.007448487206696286    0.00748447167846443

cov:
   0.9054920064290769     2.390347813456623    0.1078096377006827    0.3365920855636021   0.00758296177337381   0.02275517154331065   0.06364586167761412   0.06491238955421359  0.007843500529311135   0.02813147559289892 -0.003176029886364083  0.005376091284962119
    2.390347813456623     9.691514219802563    0.2877901254159327     3.641477117074083    0.0601539976347295     2.214947645320016    0.3299990560281313    0.2866009708815396   -0.1742968392248962  -0.03595689603334897 -0.002670815770985613   0.01146957574820233
   0.1078096377006827    0.2877901254159327     1.330673497112937     3.358093578041977  -0.01560435824200832   0.03311708231002062  -0.07703294653665896  -0.05039575623452175  -0.02700278297725461  -0.04437433416579829 -0.005160415903877872    0.0282471333756079
   0.3365920855636021     3.641477117074083     3.358093578041977     10.94104089468122 -0.001215009695785489     2.312407322315354   -0.4295453928679772   -0.3675694826563721   -0.3338244636199458   -0.2466160644004585  -0.01276549509232365    0.1520572101205878
  0.00758296177337381    0.0601539976347295  -0.01560435824200832 -0.001215009695785489     0.126673153090272    0.3499936725244483 -0.003715145766692998 0.0006418067779816964   0.01129224650010574   0.02068115688538234 5.596146638441038e-05  0.006130043341580516
  0.02275517154331065     2.214947645320016   0.03311708231002062     2.312407322315354    0.3499936725244483     3.160355711875982   -0.6727899375302213   -0.6130064533684911   -0.3188018062957513   -0.1209768257402964 -0.006835719959921933    0.1889397138209133
  0.06364586167761412    0.3299990560281313  -0.07703294653665896   -0.4295453928679772 -0.003715145766692998   -0.6727899375302213     2.309781786421499     2.040947465573197   0.07776085309690663    0.0650831058420982   0.02069596916372404  -0.04825418005573492
  0.06491238955421359    0.2866009708815396  -0.05039575623452175   -0.3675694826563721 0.0006418067779816964   -0.6130064533684911     2.040947465573197     2.565352624395126   0.07897481202580767    0.2412475922450546   0.01591635046111897   -0.0532498185353426
 0.007843500529311135   -0.1742968392248962  -0.02700278297725461   -0.3338244636199458   0.01129224650010574   -0.3188018062957513   0.07776085309690663   0.07897481202580767    0.8024704827600587    0.5772941862530822       0.0114231199085   -0.1016673734234984
  0.02813147559289892  -0.03595689603334897  -0.04437433416579829   -0.2466160644004585   0.02068115688538234   -0.1209768257402964    0.0650831058420982    0.2412475922450546    0.5772941862530822     1.227614813051027  0.003819819311643821  -0.01883711003289883
-0.003176029886364083 -0.002670815770985613 -0.005160415903877872  -0.01276549509232365 5.596146638441038e-05 -0.006835719959921933   0.02069596916372404   0.01591635046111897       0.0114231199085  0.003819819311643821   0.02075221161550083 -0.002019637659292131
 0.005376091284962119   0.01146957574820233    0.0282471333756079    0.1520572101205878  0.006130043341580516    0.1889397138209133  -0.04825418005573492   -0.0532498185353426   -0.1016673734234984  -0.01883711003289883 -0.002019637659292131       0.7745192291194

cov.inverse():
   327.5648374054998   -130.6269065978546   -622.8467387805506    250.0579925095649    300.9797982929432   -120.4466463850016   -0.566357479314751    1.630462488476309  0.07305699402046494  -0.8445582666756083   -8.766277442484595   0.3268777508058211
  -130.6269065978548    52.27233652352382    249.4027655223317   -100.1446551875677   -120.6694776869308      48.278775026483   0.2277276015386061  -0.6535963020805995 -0.01881078518064646   0.3239031565995354    3.590806510425772  -0.1406271801378418
  -622.8467387805531    249.4027655223324    1211.292687029729   -486.1176643692968   -597.2369429884382    239.0586451089705    2.709827612533096   -3.137615128720192   0.7927977415966788    1.345182742166383    18.17817131302036   -1.562465371940762
   250.0579925095657   -100.1446551875679   -486.1176643692968    195.2127505630334    239.9193023573175   -96.01719553175239   -1.074028299781539    1.249528641548765  -0.3257334814712508   -0.526029955025118   -7.243037850295739   0.6197512544090598
   300.9797982929452   -120.6694776869315   -597.2369429884403    239.9193023573183    313.4606979700864   -122.1412363836428   -2.490496864537093    1.403830190442768   -1.637387410421612  -0.4643296176961297   -8.946540976251168    1.383825920384866
  -120.4466463850021    48.27877502648322    239.0586451089712   -96.01719553175268   -122.1412363836428    48.83614109232256    1.002291730063168  -0.5714625668310429   0.6140775844400267   0.1470933255078422    3.595403812571231  -0.5768437009071069
 -0.5663574793149239   0.2277276015386749    2.709827612533425    -1.07402829978167   -2.490496864537254    1.002291730063233    1.669072909423146   -1.218091117399332 -0.08227097195693565   0.2320191808638136  -0.4446245574536913  -0.0982792811589431
   1.630462488476318  -0.6535963020806036   -3.137615128720211    1.249528641548772    1.403830190442769  -0.5714625668310445   -1.218091117399331    1.394088295232576   0.2174320345885463  -0.3100865699006304  0.04834339382322181  0.03685562551778668
 0.07305699402046775  -0.0188107851806473   0.7927977415966752  -0.3257334814712493   -1.637387410421609   0.6140775844400256  -0.0822709719569362   0.2174320345885466    2.126538619065572  -0.9841916307289349  -0.8462465644232692   0.1607860929614184
 -0.8445582666757671   0.3239031565995988    1.345182742166688  -0.5260299550252402  -0.4643296176962772   0.1470933255079015   0.2320191808638141  -0.3100865699006314  -0.9841916307289346    1.318081808968943   0.2708222967881896  -0.0802193767503192
  -8.766277442484562    3.590806510425761    18.17817131302028   -7.243037850295705   -8.946540976251097    3.595403812571203  -0.4446245574536962  0.04834339382322306  -0.8462465644232718   0.2708222967881865    49.39988842441323 -0.03963581621612543
  0.3268777508059169    -0.14062718013788   -1.562465371940943   0.6197512544091325    1.383825920384952  -0.5768437009071415 -0.09827928115894297  0.03685562551778712   0.1607860929614187 -0.08021937675031932 -0.03963581621612895    1.371476109636927

cov*(cov_.inverse()):
     1.000000000000074  2.319195183120293e-14  3.447866991912463e-13 -1.107425783020144e-13 -7.534597945557664e-14 -2.669869533789004e-14  9.175602985744824e-16  1.231599457834909e-15 -3.424994662881709e-16  2.107146922225578e-16 -2.867985796767281e-15  -3.05311331771918e-16
 1.336500354831571e-13      1.000000000000006  1.152897222134186e-14 -7.119825562451609e-14 -2.229466611325392e-14  2.250890446253706e-14  5.160802341031001e-17  2.358681826242215e-16  1.743397093356691e-16 -7.838781707070197e-17 -7.558515445482694e-16  4.510281037539698e-17
 6.301556498833349e-14 -3.742145482377168e-14      1.000000000000205 -3.607877885336563e-14 -4.879430193227563e-14 -3.190850361711739e-14    5.9761223747401e-16  4.486428589745017e-16 -7.892991815694472e-17 -9.280770596475918e-17  8.521829075736065e-17  4.510281037539698e-16
 2.441241653272641e-13  3.421221639321459e-14 -4.794775687599895e-13      1.000000000000017 -1.619537837171947e-13   1.52058921010223e-13  5.377642775528102e-17  1.674875516055607e-15   1.07552855510562e-16 -8.985867605559861e-16 -8.521829075736065e-15  1.082467449009528e-15
-1.436697982803992e-14  2.427637084412293e-15  6.286637876939949e-15 -2.357489203852481e-15     0.9999999999999971  5.109194317620691e-15   1.98734258216593e-16  1.778904714505591e-16   5.00901403688303e-17 -3.241764495731658e-17  1.589982485949992e-16 -1.387778780781446e-17
-2.004299504143603e-13   1.66568148163293e-14 -4.318767565791859e-14  -4.75175454539567e-14  1.665334536937735e-15      1.000000000000107 -8.638922910364499e-16 -2.628973427842851e-15  8.708311849403572e-16 -2.081668171172169e-17  1.115600667400685e-14 -2.220446049250313e-16
 3.434752482434078e-15 -6.043776590303196e-15 -6.858402734621905e-14  1.235123114895487e-15  1.168509733417977e-14 -5.436623373711313e-15     0.9999999999999994  5.904565031356057e-16  2.298508605669269e-16 -1.730386667286865e-16   1.20346441145891e-16  1.110223024625157e-16
-1.322206233389522e-14  5.151261361913129e-15  4.414524301665779e-14 -2.804700915959302e-14 -2.564615186884112e-14  1.539393612581819e-14  7.511352650979575e-16     0.9999999999999987  4.510281037539698e-17  1.405126015541214e-16  9.974659986866641e-18 -1.387778780781446e-17
-1.088018564132653e-14  4.425279587216835e-15  5.018208071305708e-14 -6.328271240363392e-15 -7.271960811294775e-15 -1.734723475976807e-15  1.422473250300982e-16    3.3957212042246e-16                      1  -1.97758476261356e-16 -1.517883041479706e-16 -5.551115123125783e-17
  1.19002030452009e-15 -1.243796732275371e-15  1.637925906017301e-14 -5.818262538426211e-15 -3.590877595271991e-15 -8.489736691430494e-15  1.407294419886185e-16  1.283695372222837e-16 -7.762887554996212e-17                      1 -5.810239442349818e-16 -1.387778780781446e-17
  4.26633554873046e-16 -4.980282679312165e-16 -4.881945542267729e-15   1.43309843159134e-15  1.473647592842298e-15  9.562663161322149e-17 -7.779150587583494e-18  6.586528197849439e-18 -3.930232875259954e-17  2.233456475320139e-17     0.9999999999999998  1.821459649775647e-17
-6.661338147750939e-15  1.512678871051776e-15  4.440892098500626e-15                      0 -8.881784197001252e-16 -1.498801083243961e-15 -4.163336342344337e-17  -2.42861286636753e-17  2.498001805406602e-16 -2.012279232133096e-16  1.595945597898663e-16                      1
