12
1

0.1112945300118704
0.7602899099653155
0.8115614798298992
0.9240648906956257
 1.056309244000422
 1.183763000470743
 1.420268078837673
 1.742636423798891
  2.09074169523948
 2.431560422805735
 5.135795220892017
 8.353280872202992

    0.5620613520066946    -0.2632201047927111     -0.706454630327121     0.3311699447393012    0.02836923684543404   -0.01984162254047812    0.04102665047347994  -0.006234945474680472    0.03185634586190726   -0.02190415002806282    0.03212526695661569   -0.02456258309957721
  -0.05498417628868327    0.02151918322299296   -0.02492866411272493    0.01492656459567425     0.1373411749923188     -0.923038062441054    -0.1479798572764407     0.2882494406658802   -0.06043793179405108    -0.1220671966411335  -0.006769106636861233    0.03496881924247947
   -0.4972759218903863    0.06959691508070048    -0.3671089471099467    0.06932774309565191     0.3290260295791624    -0.1358170964986727     0.4105249579603978    -0.4446539947528687   -0.06298801478354624     0.2547948366838782    -0.1417934386450172     0.1623330091462099
    0.4986754544825818   -0.01349981888673274     0.4021263146520463   -0.03811096552306636   -0.01379448739982991    -0.2661076496481152     0.2817564496274475    -0.4321628104860971     -0.231664019982055     0.3764369435495069     0.1563748720606211     -0.176072358321767
   -0.2376563007023579   -0.02658359334066745    -0.1905392851998895 -0.0008974337694037172     0.1032341561439568      0.120706521701283    -0.1730410049658292     0.2366108789311557    -0.5893337035970054      0.262624959174263       0.46185838324067    -0.4071268455398719
    0.1610669457806976    0.03942302689316137     0.1180003872238466    0.00618433677616976     0.3924322277287878     0.1249422751201817    0.01284251395076827   -0.06929080168050433     -0.401447508109629    -0.4189364101016945     0.3046014318624605     0.5954085201923514
   -0.2064061890577932    -0.1082187936313862      -0.14827974761542   -0.06006629905194708    -0.7171745056726014    -0.1606498286269615    0.08813003399117381    -0.2519369126830729    0.01213035611646569    -0.1705247302097186     0.4861565678032348     0.2076765430420777
   0.06124472670137523    0.05889404026858214    0.02031236999050138    0.02899365849328749   -0.03169098488107457    0.03365470779759929    0.08112626324946033     0.4335020712322539     0.2155114589563508     0.6494951437944914     0.2204035654686013     0.5272741357283862
  -0.03943728245565763   -0.07799082216176657   0.003844615289780972   0.005848237900752019     0.2823100164361911   -0.03268750212159027    -0.6726268888742373    -0.4332442603446643     0.3884602608260154     0.1550210409197153     0.3103854958099602    0.01208954698697838
    0.2319340203084738      0.545235078319857    -0.3614601993538653    -0.6920707426559023   -0.05840508360733942    -0.0109909817956252    -0.1295032769584558   -0.06752354748060192   -0.06936617010619218    0.04598523576675263   -0.07667207457173533    0.04052817382572096
  -0.02215261484655167    -0.2894815544292811   0.001910596450297163    0.01903552782657262    -0.2739594549515366  -0.005823825513520141    -0.4334659832522326    -0.1413621382812236    -0.4671146943043315     0.2374003616160315    -0.5101592015605938     0.3123499586323387
   0.02205194906807645     0.7215414183554355    0.02291661693336907      0.632454562593296    -0.1836201389721525   0.001626557658372107    -0.1641769037216174   -0.08925282016482949   -0.09338572478232439   0.009344484918046927   -0.02936586532763279   0.007619598170044705

22.67389322320045
44.81855775949166
35.55971089239363
72.03162692194101
64.56920433173762
133.3328254931205
74.51835580384449
154.7559493358944
88.34217297831879
 184.407839074745
104.6867158643104
219.4763665107229

0.4757147582637405

  -0.02851938166457563    0.01354105265292862    0.02626287861183957   -0.01242334336506036  0.0003166410836151291 -0.0002358631970700457  0.0005399596738882022  -5.60110088420878e-05  0.0007593583604487162 -0.0001349224383129148  0.0004032560783534306 -0.0002022021184977662

-0.0005224670774934257  0.0006620278464188738   0.003182757589943438  -0.002786741904935327    0.00123632739722052  -0.001650407827436288   0.002686709685485933  -0.002174571858411482   0.001101218680762005  -0.001813643059751264    -0.1171518933712647     0.1157219389092584

cov:
   0.9493032082512673     2.081427835877615    -0.032173263311178  0.006933641278967863  -0.01512520323992987   0.02617556329160134  -0.04329274774645848  -0.01310074409012615 -0.008018832332840203   0.02016972156335408 -0.007423431493876135  0.007227964479010924
    2.081427835877615     40.36378423963642  0.001353305551029752     29.48534961681225    -7.251112259441777    0.1319072598147676    -5.129591830134612    -3.374352855838613    -1.460986430094651    -1.118457521164783     1.991768344786505    -1.770865421648272
   -0.032173263311178  0.001353305551029752     1.148301497242655     2.479440099187758 -0.008883896696124107   0.02531061914047293  -0.00209479051037279   -0.0174643938240726  -0.01324405318932582  -0.03320127765247839  0.004561864287806851 -0.003067653830429449
 0.006933641278967863     29.48534961681225     2.479440099187758     30.76817588711112    -7.890508377454705    0.1307981704313263    -6.944993640456149    -3.680490057934657    -4.043080011367502     0.419570198409033    -1.279234572505453    0.3677341808728123
 -0.01512520323992987    -7.251112259441777 -0.008883896696124107    -7.890508377454705     6.051461111340067    0.1968946382057183     4.376187319298499     1.897233749004087      4.73259035095412    -1.634634530038461     3.935291289625336     -2.38439621823662
  0.02617556329160134    0.1319072598147676   0.02531061914047293    0.1307981704313263    0.1968946382057183    0.6652069730053427   0.08934895831654736    0.2077394350898519  -0.03089184787249119  -0.02007703865184451  -0.00306041289462356  -0.00864004728940017
 -0.04329274774645848    -5.129591830134612  -0.00209479051037279    -6.944993640456149     4.376187319298499   0.08934895831654736     9.174283815864612     3.730435319932141     5.415656552729793    -3.070971236224611     5.372223411569139    -3.470377974026481
 -0.01310074409012615    -3.374352855838613   -0.0174643938240726    -3.680490057934657     1.897233749004087    0.2077394350898519     3.730435319932141     3.036013374701472     1.870111978429822   -0.4374789771434763     1.646014832620822    -0.804609534373669
-0.008018832332840203    -1.460986430094651  -0.01324405318932582    -4.043080011367502      4.73259035095412  -0.03089184787249119     5.415656552729793     1.870111978429822     7.857083703233168    -2.338388289771696     6.691696940904627    -3.584348823853365
  0.02016972156335408    -1.118457521164783  -0.03320127765247839     0.419570198409033    -1.634634530038461  -0.02007703865184451    -3.070971236224611   -0.4374789771434763    -2.338388289771696     3.445166881286059    -2.773211032878331     2.447934542242656
-0.007423431493876135     1.991768344786505  0.004561864287806851    -1.279234572505453     3.935291289625336  -0.00306041289462356     5.372223411569139     1.646014832620822     6.691696940904627    -2.773211032878331     8.407292923937661    -3.658523278804703
 0.007227964479010924    -1.770865421648272 -0.003067653830429449    0.3677341808728123     -2.38439621823662  -0.00864004728940017    -3.470377974026481    -0.804609534373669    -3.584348823853365     2.447934542242656    -3.658523278804703     4.245289550133464

cov.inverse():
    26.27755048707725    -11.96160656580543     -31.4869080535545     14.93210477980477     1.108970886491981   -0.8597785818340619     1.762589315234286   -0.2494940223792149      1.44018392835959    -1.028202381600517     1.542720570831224    -1.197536400078925
    -11.9616065658054     5.672957254534469     14.94953764705883    -7.082693826126746   -0.5256377874284965    0.3867003528653103   -0.8339777666502765    0.1195418624624807   -0.6851013182965651    0.4845721776634476    -0.731943716036943    0.5689159961855746
   -31.48690805355448     14.94953764705883     40.76288111122171    -18.89749455819726    -1.742170904713441     1.124431084859376     -2.39774257596234    0.3663844439189716    -1.816388700962213     1.223911197640577    -1.761846534700866     1.331484606166294
    14.93210477980475    -7.082693826126747    -18.89749455819726     8.952539102964423    0.8253416201809292   -0.5499358149235285     1.134525155458602   -0.1692148997915552    0.8617278043611232   -0.5744725124866029    0.8341914700706996   -0.6334949993263934
    1.108970886491962   -0.5256377874284882    -1.742170904713419    0.8253416201809186      0.65910083333993   -0.2273283518369029     0.177514378140731  -0.09901748361611944   -0.1117637433952194  0.009925589022617204  -0.02232283833787414   0.08284448797339967
  -0.8597785818340555     0.386700352865308      1.12443108485937   -0.5499358149235256   -0.2273283518369033     1.654295479784204  -0.02021267164218987    -0.176247037705411   0.02986322431063407   0.07069491567797166  -0.02136413792545548  0.003016862899403451
    1.762589315234286   -0.8339777666502778    -2.397742575962342     1.134525155458604    0.1775143781407326  -0.02021267164219035    0.6694415779058043   -0.4802730793699278   0.04893052093236306    0.1782706331584571 -0.007978543934109832   0.03663143824293663
  -0.2494940223792172     0.119541862462482    0.3663844439189751   -0.1692148997915569  -0.09901748361611992   -0.1762470377054108    -0.480273079369928    0.8573263154294569  0.002638498169411493   -0.2391323083516345   0.02354425785069733  -0.06047059995493692
    1.440183928359585   -0.6851013182965635    -1.816388700962209    0.8617278043611213   -0.1117637433952189   0.02986322431063398   0.04893052093236281  0.002638498169411718    0.6425045830446585   -0.1346736990936291   -0.2206190358359313    0.0436016785722864
   -1.028202381600516    0.4845721776634476     1.223911197640577   -0.5744725124866031  0.009925589022616466   0.07069491567797186    0.1782706331584569   -0.2391323083516344   -0.1346736990936292    0.6774137131642106  -0.01179680582146998   -0.1538301445175126
    1.542720570831227   -0.7319437160369453    -1.761846534700873    0.8341914700707029  -0.02232283833787267    -0.021364137925456 -0.007978543934109883   0.02354425785069757   -0.2206190358359306  -0.01179680582147034    0.5660288174362671  -0.08779468867168633
   -1.197536400078926    0.5689159961855762     1.331484606166299   -0.6334949993263956   0.08284448797339884  0.003016862899403743   0.03663143824293657  -0.06047059995493701   0.04360167857228622   -0.1538301445175125  -0.08779468867168651     0.645622020466507

cov*(cov_.inverse()):
     1.000000000000027 -2.574069429828185e-14 -1.781387537480583e-14  1.954599676556867e-14  2.009243466050137e-15  -1.21742690256145e-15  2.639652819241833e-15 -3.285132582631078e-16   2.10590008972722e-15  -1.88412653534531e-15  2.172524313226454e-15 -1.908195823574488e-15
-1.465494392505207e-14      1.000000000000005  1.509903313490213e-14  3.108624468950438e-15  7.771561172376096e-16 -1.838806884535416e-16 -1.318389841742373e-15  6.938893903907228e-17  7.494005416219807e-16  2.775557561562891e-16  1.221245327087672e-15 -1.110223024625157e-15
 6.326102836018421e-15 -8.077306185017008e-16     0.9999999999999885  1.582935171828836e-17  8.769569272149003e-16 -4.908047709570318e-16 -6.922630871319946e-16  6.448292420857538e-17  4.344398105149416e-16 -8.538092108323347e-17  2.873135757086587e-18 -2.072994553792284e-16
-1.343369859796439e-14  2.361999484890021e-14  4.551914400963142e-15      1.000000000000055  6.661338147750939e-16  8.155368741435964e-16 -9.974659986866641e-16 -4.614364446098307e-16  2.348815586472597e-15 -3.538835890992686e-16 -3.864963904476326e-15 -2.442490654175344e-15
 6.217248937900877e-15  2.220446049250313e-16   3.33066907387547e-14 -1.199040866595169e-14     0.9999999999999991  7.181755190543981e-16 -1.207367539279858e-15  3.885780586188048e-16 -5.967448757360216e-16 -5.551115123125783e-17 -1.387778780781446e-16  8.881784197001252e-16
-8.534839501805891e-16   1.43982048506075e-16  1.465841337200402e-15 -4.848552115355176e-16  2.027458062547893e-17                      1 -6.619054263024005e-17 -1.691355389077387e-17 -5.252959525692269e-17  2.255140518769849e-17 -3.534499082302744e-17  1.127570259384925e-17
  1.77635683940025e-14 -1.554312234475219e-14 -9.769962616701378e-15   8.43769498715119e-15  9.992007221626409e-16 -1.908195823574488e-16      1.000000000000001 -5.551115123125783e-17   6.38378239159465e-16 -5.551115123125783e-16  1.110223024625157e-16  -1.77635683940025e-15
 4.329869796038111e-15 -4.274358644806853e-15  9.547918011776346e-15 -5.440092820663267e-15 -4.163336342344337e-17 -1.344410693882025e-17 -9.853229343548264e-16     0.9999999999999998 -4.093947403305265e-16 -2.914335439641036e-16  1.249000902703301e-16                      0
-5.329070518200751e-15                      0  1.509903313490213e-14   1.77635683940025e-15 -1.110223024625157e-15  2.151057110211241e-16 -1.831867990631508e-15  6.661338147750939e-16     0.9999999999999998 -4.440892098500626e-16  -3.33066907387547e-16 -4.440892098500626e-16
-8.881784197001252e-16 -2.442490654175344e-15 -4.440892098500626e-16 -1.998401444325282e-15 -2.220446049250313e-16 -1.127570259384925e-16 -1.804112415015879e-16                      0 -3.885780586188048e-16     0.9999999999999998 -1.110223024625157e-16 -4.440892098500626e-16
-8.881784197001252e-16  1.332267629550188e-15  -1.06581410364015e-14  4.440892098500626e-15  4.440892098500626e-16 -1.509209424099822e-16 -5.551115123125783e-16  3.885780586188048e-16  7.216449660063518e-16 -9.992007221626409e-16     0.9999999999999996  8.881784197001252e-16
 -1.77635683940025e-15 -3.996802888650564e-15 -6.217248937900877e-15 -8.881784197001252e-16  3.885780586188048e-16 -3.070460552478949e-16  1.054711873393899e-15 -1.110223024625157e-16  7.216449660063518e-16  2.220446049250313e-16 -5.551115123125783e-17     0.9999999999999998
