10
1

0.2142868863937389
0.8877073541891193
  1.10125463420371
 1.186680243639379
 1.706409241464399
  1.97922764918505
 2.362327202118671
 2.840437634422641
 5.148749903448416
  14.6670435271409

  -0.5154659086343824    0.2572833054201312    0.7209477671956894   -0.3603439704137549  -0.05535075436410411   0.02486769365652035   -0.0619779580222562  -0.00286816502956852  -0.09022385691339428   0.05305460909081083
  -0.7260564377745002   0.09344926877292417   -0.5217459675744449   0.04867777937811965    0.3131371073296613   -0.1770925477316659   0.09996065143173592  -0.02829426381485517   -0.1915206099759155    0.1123896914877992
 -0.01297012876196818 -0.006713227016534188  -0.05173143934075826 0.0002856214037246328   -0.3013368047312384    0.4542409813498946    0.5103648687263362   -0.5159881627096634   -0.1569849508081116     0.385501475816828
    0.355299672543696   0.06990888771004658    0.2544565862383152   0.06297453253815065    0.5118446505707474   -0.4229455795324631    0.2214030040894745   -0.1329434041566573   -0.4577032851374786    0.2882837115808753
  0.05705911840874107   0.04977777672986063  0.002967738210392813  0.007349957602586301    0.5280932348411902    0.5837799551487699   -0.3858761504643393    0.0961938398902723    0.1649972321891137    0.4349072946327659
 0.004716046361907647   0.01309736848097892   0.05743299632521286   0.07118258688653994    0.1630927360403417     0.432669587166572    0.4565735810523341    0.5595162433778988   -0.3449451674913038   -0.3703153599306218
  -0.2579346253982724   -0.4166921712643001    0.3640678783093925      0.67932528381102    0.1884830888209133   0.02216510691373683   0.08579016017934023   -0.2148796713277425    0.2290236577649448    -0.154294766277244
  0.08435208526820369    0.2334450904595196  -0.06729667225809545   -0.1800591311860897    0.3247092003182908    0.1922201456263692    -0.111216871196706   -0.5845126637650849  -0.05871582176991121     -0.63370461510717
 -0.06155550365366729   -0.7086823499278865  -0.01383473174285837   -0.2356473290589619  -0.07620374195725035   0.09479589434522474    -0.353260057507193  -0.07035879919679705   -0.5408872718049316  -0.03411512637572466
 0.004272618261163197    0.4325866362370078  0.004260017129369329     0.556113338501807   -0.3063363751430013   0.09150873914618288   -0.4180829591963108  -0.01353167346056161   -0.4757869902002945   0.00219152915937423

35.56085558454391
67.38730017214969
50.54911392920845
96.33982523748719
69.00054031391522
131.6039000040958
81.51755710607658
 155.752981904927
96.57415081450605
185.1303476852747

0.5238150712469308

   -0.0248536884284676     0.0128871147992642    0.02062958524396507   -0.01064959076658655   0.001143214072597713 -0.0006644797926420251   0.001499884566143041  -0.001080700025349748   0.001696989019137763 -0.0007337915341032898

 0.001583077640434236  0.006474688441192814 -0.000857286198914771 -0.004220718798200149 -0.003784607682097716  0.000563250703046496   0.01328300307588179   0.02029083230552069   -0.1822699186883657   -0.4729188587206452

cov:
    1.148213913290436     2.296753393421897    -0.132223195402382   -0.1899863800951066   -0.0338006929256256   0.01529299744554273  -0.01565306622878812 -0.001941870752696222  -0.01808906614255998  -0.01346146978829556
    2.296753393421897     55.00341516828551   -0.3180605321092158     54.26983451623796    -26.74227736890638     7.094015169897432    -32.68691116504247   -0.5069989058899711    -34.81054288142844   0.08828293933112757
   -0.132223195402382   -0.3180605321092158     1.130952476717871     2.080701702367147   0.06684732923953966  -0.01426783931340328    0.0846576717393025   0.01718061440734476    0.1049560457137213 0.0002159263168307036
  -0.1899863800951066     54.26983451623796     2.080701702367147     70.87153657322384    -35.81386324657933     10.24859083953148    -47.17891176194824   -0.9997036103183717    -52.72623195951295    0.7461374821519621
  -0.0338006929256256    -26.74227736890638   0.06684732923953966    -35.81386324657933     22.86307400857127    -5.035513327971464     27.76029273099031   -0.1322901357724467     32.24775197010456    -1.371284450330909
  0.01529299744554273     7.094015169897432  -0.01426783931340328     10.24859083953148    -5.035513327971464     4.593038932281913    -9.026629249774567   -0.4655360664007921    -10.87954368534698   -0.9077797055706912
 -0.01565306622878812    -32.68691116504247    0.0846576717393025    -47.17891176194824     27.76029273099031    -9.026629249774567     42.69415251116189     2.827131354305361      46.9623496842179   -0.1966688730342454
-0.001941870752696222   -0.5069989058899711   0.01718061440734476   -0.9997036103183717   -0.1322901357724467   -0.4655360664007921     2.827131354305361       4.7865098822898     1.874481885352415     2.243197247008071
 -0.01808906614255998    -34.81054288142844    0.1049560457137213    -52.72623195951295     32.24775197010456    -10.87954368534698      46.9623496842179     1.874481885352415     57.67362475392272     0.800815462269664
 -0.01346146978829556   0.08828293933112757 0.0002159263168307036    0.7461374821519621    -1.371284450330909   -0.9077797055706912   -0.1966688730342454     2.243197247008071     0.800815462269664     4.800038513489563

cov.inverse():
   6.559218231849202   -2.932199077716247   -7.564955996510066    3.983612702123732   0.4705941515350885  -0.2148300792517261   0.6427136781329823  0.03678434606761782    1.068337819848067  -0.6218457531987324
  -2.932199077716255    1.514725287676529    3.962004523428038   -2.058261414936322  -0.2396024798312076   0.1078046162130623  -0.3333329779048749 -0.01866823644996607  -0.5537185338741477   0.3230683965265492
  -7.564955996510068    3.962004523428033    11.73801298048928   -5.631426422572942  -0.9584663488738344   0.4186195493806264   -1.008028751718473 -0.02911557644176887   -1.354946059904949   0.7844689438126484
   3.983612702123732   -2.058261414936319   -5.631426422572939    2.925145348071647   0.4964007884082731  -0.2177553104578629   0.5248692923725248  0.01258100432792548   0.7026032213288766  -0.4063777554077243
  0.4705941515350667  -0.2396024798311966  -0.9584663488738062   0.4964007884082583   0.5747212003490724  -0.2349711177428239  0.01715052765735481  0.08228130396767948 -0.07153705263505872   0.0225421973303646
 -0.2148300792517184   0.1078046162130583    0.418619549380616  -0.2177553104578575   -0.234971117742824    0.520303390262203  0.03794796184485471 -0.08248272430349611  0.06520261369178039  0.09174037457649875
   0.642713678132994  -0.3333329779048781   -1.008028751718482   0.5248692923725297   0.0171505276573578  0.03794796184485342   0.4586418781512605  -0.1795792408081175 -0.09014886057819051  0.05622121064561819
 0.03678434606761252 -0.01866823644996321 -0.02911557644176158  0.01258100432792165   0.0822813039676792  -0.0824827243034959  -0.1795792408081183   0.3671826373643753  0.07559654373305247  -0.1851656588245357
   1.068337819848063  -0.5537185338741488   -1.354946059904957   0.7026032213288801 -0.07153705263505407  0.06520261369177892 -0.09014886057819108  0.07559654373305345   0.4545478552221174  -0.2189368174600717
 -0.6218457531987376   0.3230683965265501   0.7844689438126522  -0.4063777554077262  0.02254219733036193  0.09174037457649964  0.05622121064561864  -0.1851656588245363  -0.2189368174600717   0.4129324709637148

cov*(cov_.inverse()):
     1.000000000000012  9.179289273131275e-15  2.339274607354724e-14 -4.904063266586434e-15  4.359576935564213e-16 -5.355958732078392e-17 -6.138969541047423e-15 -1.674008154317619e-16  6.539907504432563e-15   4.09654948851923e-15
-9.242606680004428e-15      1.000000000000018 -2.815803146205553e-14 -3.018418848199644e-15 -3.027092465579528e-16 -1.004404892590571e-15 -2.017483402561027e-15 -6.626643678231403e-16  4.413136522884997e-15  1.464106613724425e-15
 5.567513680984626e-15 -8.865792214957091e-16     0.9999999999999986 -5.440621369222354e-15  1.704077823945147e-16  1.813666946660908e-16  1.719121129088383e-16  1.571415523746178e-16   5.92292870565253e-16 -3.573530360512223e-16
-9.997558336749535e-14  3.663735981263017e-14  3.141931159689193e-14     0.9999999999999507 -5.606626274357041e-15 -1.110223024625157e-16  5.134781488891349e-16  1.720845688168993e-15 -1.518229986174902e-14  4.884981308350689e-15
-2.442490654175344e-15  4.052314039881821e-15  3.885780586188048e-14  -1.63202784619898e-14     0.9999999999999989  1.249000902703301e-15 -4.413136522884997e-15 -1.609823385706477e-15  6.661338147750939e-16  3.441691376337985e-15
-1.298960938811433e-14  2.442490654175344e-15 -5.551115123125783e-16 -2.386979502944087e-15 -6.002143226879753e-16     0.9999999999999994  1.575128916186941e-15  5.551115123125783e-17 -1.554312234475219e-15  -3.33066907387547e-16
   4.0314973581701e-14 -2.664535259100376e-15  6.936118346345665e-14  -3.25434124093249e-14 -1.935951399190117e-15  1.613292832658431e-15     0.9999999999999978  -1.85268467234323e-15  1.072059108153667e-14  8.326672684688674e-16
 6.661338147750939e-16 -4.440892098500626e-16                      0 -2.220446049250313e-16  2.498001805406602e-16  2.775557561562891e-17 -1.110223024625157e-16                      1  5.551115123125783e-17  1.110223024625157e-16
 3.558264793923627e-14   1.77635683940025e-15   1.13242748511766e-14 -2.964295475749168e-14  3.427813588530171e-15  5.967448757360216e-16 -8.305856002976952e-15 -2.775557561562891e-17      1.000000000000005  3.219646771412954e-15
                     0                      0  4.440892098500626e-16 -8.881784197001252e-16  8.326672684688674e-17  1.110223024625157e-16  1.110223024625157e-16                      0                      0                      1
