5
2

7.704764401661816e-05
0.0002003401249327484
0.0006595901473881369
  0.02019097407637702
   0.5226813994534432

-0.3645298073725396   0.799011641832962 -0.4772073682474935 0.01593031834314326 0.02679120005003649
-0.5851819593701756  0.1884776817903175  0.7458429642127221 -0.1255520810000745 -0.2235915597368591
0.06091736429546895 0.06815861635888402 0.07429689481294677 -0.7964690871719652  0.5930939574333451
-0.5682306658009234 -0.3501276332700856 -0.1040170140477406  0.3851139346167574  0.6288022495321725
 0.4450652526712841  0.4458941613422109  0.4468241629930368  0.4486726540112443  0.4495957458135597

0.4023981862751284
0.4024898955948242
0.4025532965380454
0.4026968985263102
0.4027239468109575

-0.0003405106804331369
    0.4025384952797104

0
0
0
0
0

0
0

0
0
0
0
0

0
0

0
0
0
0
0

0
0

0
0
0
0
0

0
0

0
0
0
0
0

0
0

0
0
0
0
0

0
0

0
0
0
0
0

0
0

0
0
0
0
0

0
0

0
0
0
0
0

0
0

0
0
0
0
0

0
0

0
0
0
0
0

0
0

0
0
0
0
0

0
0

0
0
0
0
0

0
0

0
0
0
0
0

0
0

0
0
0
0
0

0
0

0
0
0
0
0

0
0

0
0
0
0
0

0
0

0
0
0
0
0

0
0

0
0
0
0
0

0
0

0
0
0
0
0

0
0

0
0
0
0
0

0
0

0
0
0
0
0

0
0

0
0
0
0
0

0
0

0
0
0
0
0

0
0

0
0
0
0
0

0
0

0
0
0
0
0

0
0

0
0
0
0
0

0
0

0
0
0
0
0

0
0

0
0
0
0
0

0
0

0
0
0
0
0

0
0

0
0
0
0
0

0
0

0
0
0
0
0

0
0

0
0
0
0
0

0
0

0
0
0
0
0

0
0

0
0
0
0
0

0
0

0
0
0
0
0

0
0

0
0
0
0
0

0
0

0
0
0
0
0

0
0

0
0
0
0
0

0
0

0
0
0
0
0

0
0

0
0
0
0
0

0
0

0
0
0
0
0

0
0

0
0
0
0
0

0
0

0
0
0
0
0

0
0

0
0
0
0
0

0
0

0
0
0
0
0

0
0

0
0
0
0
0

0
0

0
0
0
0
0

0
0

0
0
0
0
0

0
0

0
0
0
0
0

0
0

0
0
0
0
0

0
0

0
0
0
0
0

0
0

0
0
0
0
0

0
0

0
0
0
0
0

0
0

0
0
0
0
0

0
0

0
0
0
0
0

0
0

0
0
0
0
0

0
0

0
0
0
0
0

0
0

0
0
0
0
0

0
0

0
0
0
0
0

0
0

0
0
0
0
0

0
0

0
0
0
0
0

0
0

0
0
0
0
0

0
0

0
0
0
0
0

0
0

0
0
0
0
0

0
0

0
0
0
0
0

0
0

0
0
0
0
0

0
0

0
0
0
0
0

0
0

0
0
0
0
0

0
0

0
0
0
0
0

0
0

0
0
0
0
0

0
0

0
0
0
0
0

0
0

0
0
0
0
0

0
0

0
0
0
0
0

0
0

0
0
0
0
0

0
0

0
0
0
0
0

0
0

0
0
0
0
0

0
0

  2.228100919729841   4.778090556921316  -6.004293239606143 -0.3460118516802388 -0.6558036086024494
  1.144978374837864  0.7587435449043465 -0.7566987541457459 0.00287837765828558 -0.1497442273479372

 3.471424036076461e-08 -1.882974661237371e-07 -4.266524295160862e-08  -0.001165989624121728  -0.002945840467055694
 3.241255740815158e-09 -4.247501029166993e-08 -1.125120770429723e-08  -0.000379386984425203     0.1212348091182942

cov:
0.05424712312505718 0.05429736524434876 0.05435342152665595   0.054464866844527 0.05452069336691368
0.05429736524434876 0.05436721984206226 0.05444537822562532 0.05460070694689509 0.05467841152292278
0.05435342152665595 0.05444537822562532 0.05454848812993048 0.05475333704659698 0.05485572763180501
  0.054464866844527 0.05460070694689509 0.05475333704659698 0.05505701722250538 0.05520794409092846
0.05452069336691368 0.05467841152292278 0.05485572763180501 0.05520794409092846 0.05538415358087503

cov.inverse():
 30925724.97887122 -51802461.86575534   18439852.8315637  740255.5213965459  1696962.453338125
-51802461.87202675  108440384.4045536 -60716356.23519242  1429472.043037907  2648408.498063882
 18439852.84021503 -60716356.24595301  52234075.09848914 -3749823.231675047 -6207512.304372929
 740255.5205709945   1429472.04459549 -3749823.232407227  1893967.567656398 -313867.3703950163
 1696962.451783735  2648408.500995571 -6207512.305750104 -313867.3703951562  2176005.759281916

cov*(cov_.inverse()):
    0.9999999998399289 -3.783497959375381e-10 -1.164153218269348e-10 -1.455191522836685e-11 -1.455191522836685e-11
 -2.91038304567337e-11      1.000000000029104  1.746229827404022e-10  7.275957614183426e-12 -1.455191522836685e-11
 1.891748979687691e-10 -9.313225746154785e-10      1.000000000349246 -1.455191522836685e-11   2.91038304567337e-11
 2.037268131971359e-10 -3.783497959375381e-10  4.656612873077393e-10     0.9999999999781721 -4.365574568510056e-11
 1.455191522836685e-11 -2.037268131971359e-10                      0  3.637978807091713e-12                      1
