5
2

0.0001485606913145778
0.0003069017122335792
 0.003298594252078683
   0.0601167586962815
   0.5488618240437968

  0.1526114099310072  -0.6090726739702274   0.7281669712331524  -0.2747792823323407 0.003073009549121562
 -0.5658911648043817   0.5593847278016607   0.4229397955222067  -0.4332385982217825   0.0167976865389381
  0.1022858959855662   0.1865749521816722   0.2627145415983105   0.3295860399109499  -0.8815222598604324
 -0.6852851290094265  -0.3028596407250159   0.1296585423531995   0.6357909077228983   0.1327362574061238
  0.4199986126122008   0.4354136301993087   0.4528405054722963   0.4732268240119739   0.4527780755288643

0.3991236033960041
0.3992145695538372
0.3992761699061106
0.3993349583996517
0.3993608652433215

-0.000312090921572291
   0.3992735948914742

0
0
0
0
0

0
0

0
0
0
0
0

0
0

0
0
0
0
0

0
0

0
0
0
0
0

0
0

0
0
0
0
0

0
0

0
0
0
0
0

0
0

0
0
0
0
0

0
0

0
0
0
0
0

0
0

0
0
0
0
0

0
0

0
0
0
0
0

0
0

0
0
0
0
0

0
0

0
0
0
0
0

0
0

0
0
0
0
0

0
0

0
0
0
0
0

0
0

0
0
0
0
0

0
0

0
0
0
0
0

0
0

0
0
0
0
0

0
0

0
0
0
0
0

0
0

0
0
0
0
0

0
0

0
0
0
0
0

0
0

0
0
0
0
0

0
0

0
0
0
0
0

0
0

0
0
0
0
0

0
0

0
0
0
0
0

0
0

0
0
0
0
0

0
0

0
0
0
0
0

0
0

0
0
0
0
0

0
0

0
0
0
0
0

0
0

0
0
0
0
0

0
0

0
0
0
0
0

0
0

0
0
0
0
0

0
0

0
0
0
0
0

0
0

0
0
0
0
0

0
0

0
0
0
0
0

0
0

0
0
0
0
0

0
0

0
0
0
0
0

0
0

0
0
0
0
0

0
0

0
0
0
0
0

0
0

0
0
0
0
0

0
0

0
0
0
0
0

0
0

0
0
0
0
0

0
0

0
0
0
0
0

0
0

0
0
0
0
0

0
0

0
0
0
0
0

0
0

0
0
0
0
0

0
0

0
0
0
0
0

0
0

0
0
0
0
0

0
0

0
0
0
0
0

0
0

0
0
0
0
0

0
0

0
0
0
0
0

0
0

0
0
0
0
0

0
0

0
0
0
0
0

0
0

0
0
0
0
0

0
0

0
0
0
0
0

0
0

0
0
0
0
0

0
0

0
0
0
0
0

0
0

0
0
0
0
0

0
0

0
0
0
0
0

0
0

0
0
0
0
0

0
0

0
0
0
0
0

0
0

0
0
0
0
0

0
0

0
0
0
0
0

0
0

0
0
0
0
0

0
0

0
0
0
0
0

0
0

0
0
0
0
0

0
0

0
0
0
0
0

0
0

0
0
0
0
0

0
0

0
0
0
0
0

0
0

0
0
0
0
0

0
0

0
0
0
0
0

0
0

0
0
0
0
0

0
0

0
0
0
0
0

0
0

0
0
0
0
0

0
0

0
0
0
0
0

0
0

0
0
0
0
0

0
0

0
0
0
0
0

0
0

0
0
0
0
0

0
0

 0.2519627945199421   1.998199018581687   5.597631391845715  -7.770523226114133 -0.0775277521534799
  1.492879914327631 -0.2876257338535993  0.5081390267890034 -0.7015642592222469 -0.0117841685173814

 1.110654750678604e-07  6.318013254965007e-07 -6.784656403007216e-06   -0.01808016395514388   -0.06073835179398322
 2.131469528426021e-08 -4.587383484621206e-08  1.272450027656635e-07  -0.004762077353497593     0.1188556895241071

cov:
0.05483737304880643 0.05584064919815197 0.05697447802077987 0.05830045282868584 0.05695770246564914
0.05584064919815197 0.05744426682741407 0.05925683610564599 0.06137699068417064 0.05924294406938025
0.05697447802077987 0.05925683610564599 0.06183708063154858 0.06485544818750927 0.06182670759372559
0.05830045282868584 0.06137699068417064 0.06485544818750927  0.0689249600494737 0.06484953766756227
0.05695770246564914 0.05924294406938025 0.06182670759372559 0.06484953766756227 0.06183064299456784

cov.inverse():
  4456276.68279397 -7570616.700957156  2496521.729770081  705860.2503810861 -87983.71223708735
 -7570616.70075325  20133956.92634521 -17578870.64921317  5015676.522486681  -170.767693359652
 2496521.729397218 -17578870.64869624  25929982.39883176 -11003231.33289931  155536.6954072403
 705860.2505553503  5015676.522158277 -11003231.33274057  5423914.778119693 -142201.6801670549
-87983.71224239151 -170.7676779742509  155536.6953925528 -142201.6801624486  74847.32630198784

cov*(cov_.inverse()):
    0.9999999999818101 -6.274092356761685e-11 -9.822542779147625e-11  9.094947017729282e-13                      0
 5.638867150992155e-11      1.000000000006171 -2.692104317247868e-10  7.457856554538012e-11 -1.818989403545856e-12
 2.364686224609613e-11  1.365485502446973e-10     0.9999999998817657  2.000888343900442e-11 -9.094947017729282e-13
 2.728484105318785e-12  1.020694639919384e-11  3.637978807091713e-12     0.9999999999672582                      0
-1.000444171950221e-11  4.124167674035562e-11 -1.164153218269348e-10  3.274180926382542e-11      0.999999999998181
