5
2

0.0007895247984738577
 0.002451112390970736
 0.002891117559696972
  0.08169310407497297
   0.5700638365818486

 -0.3729110168927121    0.879807030334479  -0.1404128091517302  -0.1836932542780911  -0.1828058921723062
 -0.2691034021897756 -0.07650526326197413    0.715909898536329   0.2275890520505419  -0.5978348803704445
0.009078112879176896  0.02273230258560422   -0.512472568293333   0.7976654964806116  -0.3170212181493288
 -0.7957895821926758   -0.170018512400801  0.04111729225086273   0.2484973720664833   0.5238044202454141
  0.3939000649277567   0.4366502970655305   0.4510415670740513   0.4652298609503175   0.4840474544649783

0.3993137783243371
0.3997528210213511
0.3998499644267808
0.3999098313242191
0.4000654131799836

-0.001551442950981802
   0.3992965282774115

   4.076614936352271     -2.1827933069891  -0.3395536770731312  -0.6872561723735676  -0.8672141487227997
   1.593776033529766  -0.4615814886053945 -0.01316414594291465 -0.04587316188302773 -0.07308497265831337

-1.937493165723975e-06 -4.872970071386657e-06 -9.351160940823958e-07   -0.02343829599439869    -0.0779922236795892
-6.088901393077084e-07 -2.221434019918294e-06 -2.256827313603534e-08  -0.008275839041977043     0.1181545944440746

cov:
0.05464877645906375 0.05679708062440911 0.05751685289387285 0.05823257273424154  0.0591804710499576
0.05679708062440911 0.06215387710360008 0.06395539706104411 0.06573385138801129 0.06809184502505808
0.05751685289387285 0.06395539706104411 0.06612854249786386 0.06825740712482538 0.07109238970497948
0.05823257273424154 0.06573385138801129 0.06825740712482538 0.07075448740860393 0.07404747563156783
 0.0591804710499576 0.06809184502505808 0.07109238970497948 0.07404747563156783 0.07797584742479374

cov.inverse():
 235248.0635188801 -522861.3401060437  51372.80205899494  100535.4788793291  135732.9069238428
-522861.3401062962  1242817.083277552 -208691.8500746076 -260002.5592010268 -251277.7093738457
 51372.80205898196 -208691.8500745523  148357.9809459251  19593.92076269384 -10619.40724646094
 100535.4788799865 -260002.5592023309  19593.92076277137  138885.3735704167   990.396472386774
 135732.9069234506 -251277.7093728491 -10619.40724649611  990.3964718175029  125165.0155564163

cov*(cov_.inverse()):
    0.9999999999918145  7.275957614183426e-12  2.046363078989089e-12 -1.236344360222574e-12                      0
                     0      1.000000000003638   1.70530256582424e-12 -8.384404281969182e-13  3.637978807091713e-12
-3.637978807091713e-12  7.275957614183426e-12     0.9999999999967031  -1.56319401867222e-13                      0
-1.818989403545856e-12                      0 -5.684341886080801e-13     0.9999999999994316  1.818989403545856e-12
 1.818989403545856e-12  3.637978807091713e-12  6.821210263296962e-13  6.110667527536862e-13                      1
