5
1

0.001442278729580343
0.002017505887695163
 0.00287634185349832
  0.0970412797283494
   0.568963577015009

 0.1872674595106729 -0.2790366841402594  0.5119004337787014 -0.7280597454792465  0.3081499317252879
-0.4327847446081612  0.1910823611096056  0.6962597387995174 0.07896839035412266 -0.5340142934032138
 0.4386013602933519 -0.7219257243665756  0.1924257755256743  0.3959867057510191 -0.3043336081151977
-0.6553683806333696 -0.4404378409589619 0.08994281047940535  0.2893113815069188  0.5335878646399559
 0.3946509798007396  0.4128726400792269  0.4561391605424971  0.4724261357467298  0.4924808622670775

0.3993057452081696
0.3997761751900782
0.3999283452192162
0.4000764627226277
0.4002020263483504

-0.001618359400628296

 4.739364622800272 -3.602746147626537 -1.701967445203353  6.421869463009307 -5.851116468532394

-1.135134442616003e-05 -1.192007685857201e-06  7.177762297544798e-05   -0.02765294181156125   -0.07805471846466329

cov:
0.05446622996082928 0.05546220130188877 0.05771920247176277 0.05857088302062704 0.05962436233310692
0.05546220130188877 0.05701385620889553 0.06059130251317502 0.06194025851777702 0.06361061353691318
0.05771920247176277 0.06059130251317502 0.06743304521575265 0.07000411690089955 0.07317057277338884
0.05857088302062704 0.06194025851777702 0.07000411690089955 0.07304045799627248 0.07676895697696466
0.05962436233310692 0.06361061353691318 0.07317057277338884 0.07676895697696466 0.08119739639967853

cov.inverse():
  86173.3737977812 -83678.35360243671  -17751.5585678555 -52966.94272183676  68350.80742429988
-83678.35360248001  109416.6018486284 -52775.57087413676   66803.7195911884 -39873.46847971208
-17751.55856763633  -52775.5708743219   249548.952731901 -156443.7718482266 -22588.19733508889
-52966.94272206175  66803.71959131325 -156443.7718478975  275315.9899110978 -132762.2174455876
 68350.80742434922 -39873.46847969524 -22588.19733538413 -132762.2174453585  126935.2373277171

cov*(cov_.inverse()):
                     1  9.094947017729282e-13   1.13686837721616e-12 -1.818989403545856e-12 -1.818989403545856e-12
 9.094947017729282e-13     0.9999999999995453  9.094947017729282e-13 -3.637978807091713e-12 -9.094947017729282e-13
                     0 -4.547473508864641e-13     0.9999999999979536                      0                      0
 9.094947017729282e-13 -9.094947017729282e-13  2.955857780762017e-12      0.999999999994543 -1.818989403545856e-12
                     0                      0  6.821210263296962e-13                      0                      1
