5
2

0.0001303554477182409
0.0001949018085151796
 0.001432478962317865
  0.04346946521311647
   0.5521943754314366

   -0.1680217586723962     0.6208321851837559    -0.7180138454548887     0.2660666381098232 -0.0008650275238641381
   -0.5632335722027046     0.5466168876513748     0.4444236385670561    -0.4317981159023452   0.003992225458001576
    0.3484632678770132    0.05196678802535021    -0.2899980789442577    -0.6819397828467441      0.571604802868535
   -0.5903034002251778    -0.3495150998848564   -0.06660914118952921     0.2652093641289313     0.6742464728297763
    0.4297113896320204     0.4369393823736814     0.4454302231961083      0.455391103269909     0.4675927256464802

0.4014488426040224
0.4014371443631305
0.4014252350806973
0.4014107814239617
0.4013822768399544

0.0002490940984032591
   0.4015091970968362

0
0
0
0
0

0
0

0
0
0
0
0

0
0

0
0
0
0
0

0
0

0
0
0
0
0

0
0

0
0
0
0
0

0
0

0
0
0
0
0

0
0

0
0
0
0
0

0
0

0
0
0
0
0

0
0

0
0
0
0
0

0
0

0
0
0
0
0

0
0

0
0
0
0
0

0
0

0
0
0
0
0

0
0

0
0
0
0
0

0
0

0
0
0
0
0

0
0

0
0
0
0
0

0
0

0
0
0
0
0

0
0

0
0
0
0
0

0
0

0
0
0
0
0

0
0

0
0
0
0
0

0
0

0
0
0
0
0

0
0

0
0
0
0
0

0
0

0
0
0
0
0

0
0

0
0
0
0
0

0
0

0
0
0
0
0

0
0

0
0
0
0
0

0
0

0
0
0
0
0

0
0

0
0
0
0
0

0
0

0
0
0
0
0

0
0

0
0
0
0
0

0
0

0
0
0
0
0

0
0

0
0
0
0
0

0
0

0
0
0
0
0

0
0

0
0
0
0
0

0
0

0
0
0
0
0

0
0

0
0
0
0
0

0
0

0
0
0
0
0

0
0

0
0
0
0
0

0
0

0
0
0
0
0

0
0

0
0
0
0
0

0
0

0
0
0
0
0

0
0

0
0
0
0
0

0
0

0
0
0
0
0

0
0

0
0
0
0
0

0
0

0
0
0
0
0

0
0

0
0
0
0
0

0
0

0
0
0
0
0

0
0

0
0
0
0
0

0
0

0
0
0
0
0

0
0

0
0
0
0
0

0
0

0
0
0
0
0

0
0

0
0
0
0
0

0
0

0
0
0
0
0

0
0

0
0
0
0
0

0
0

0
0
0
0
0

0
0

0
0
0
0
0

0
0

0
0
0
0
0

0
0

0
0
0
0
0

0
0

0
0
0
0
0

0
0

0
0
0
0
0

0
0

0
0
0
0
0

0
0

0
0
0
0
0

0
0

0
0
0
0
0

0
0

0
0
0
0
0

0
0

0
0
0
0
0

0
0

0
0
0
0
0

0
0

0
0
0
0
0

0
0

0
0
0
0
0

0
0

0
0
0
0
0

0
0

0
0
0
0
0

0
0

0
0
0
0
0

0
0

0
0
0
0
0

0
0

0
0
0
0
0

0
0

0
0
0
0
0

0
0

0
0
0
0
0

0
0

0
0
0
0
0

0
0

0
0
0
0
0

0
0

0
0
0
0
0

0
0

 -1.729502503842914   7.812713642098628   10.11937369020714  -15.78304710770226 -0.4196412167553187
  2.382739539310241  0.2038573637549477 -0.1132215083656817  -1.439419136528347 -0.0340435604776575

-1.074583180415817e-07  6.288844504777839e-07  1.516825862505964e-05    -0.0129484956819303   -0.06272486745859261
-9.778328589242796e-09 -2.505310377109397e-08  3.767182977005839e-06  -0.003542895174624516     0.1192579924130016

cov:
0.05696250364268981 0.05764074443763115 0.05843747246426986 0.05937223080993376 0.06051560675606544
0.05764074443763115 0.05844470992554032 0.05938905714892734 0.06049695832389686 0.06185258686157851
0.05843747246426986 0.05938905714892734 0.06050689327239158  0.0618182220761575 0.06342322760128313
0.05937223080993376 0.06049695832389686  0.0618182220761575  0.0633682164826658 0.06526572157883846
0.06051560675606544 0.06185258686157851 0.06342322760128313 0.06526572157883846 0.06752800631597633

cov.inverse():
  10071885.7167546 -14234589.67995772  460952.0168969652  3655576.348499255  46218.25238687632
-14234589.67916094  30549482.51767809  -19845257.8301875  3490137.830903079  40194.44274762818
 460952.0154166008 -19845257.82808303  35579918.18960273 -16197984.81050015   2453.20599180355
 3655576.349186375  3490137.829554602 -16197984.80980958  9300982.436345963 -248790.5066006716
 46218.25238333982  40194.44278842949  2453.205925332097 -248790.5065714651  159931.3593674732

cov*(cov_.inverse()):
      1.00000000003638 -3.633431333582848e-10 -1.598721155460225e-10 -1.473381416872144e-10  1.818989403545856e-12
 7.003109203651547e-11      1.000000000269665 -1.409716787748039e-11 -3.637978807091713e-12  1.818989403545856e-12
 6.548361852765083e-11 -2.273736754432321e-12      1.000000000174822 -1.236912794411182e-10  3.637978807091713e-12
-3.956301952712238e-11  1.991793396882713e-10 -3.666400516522117e-11     0.9999999999581632                      0
  1.39152689371258e-10 -1.105036062654108e-10 -5.857714313606266e-11  5.093170329928398e-11      1.000000000001819
