5 
11 
12 
13 
15 
inputFileName = /Users/demattia/RemoteProjects/extracted_endcaps.root
eventsFractionStartBuild = 0
eventsFractionEndBuild = 0.2
eventsFractionStartTest = 0.8
eventsFractionEndTest = 1
var name = R
var name = z
par name = cotTheta
firstOrderChargeOverPtCoefficientsFileName = 
firstOrderCotThetaCoefficientsFileName = 
2 < pT < 10, pT regions = 1
0 < phi < 0.8, phi regions = 1
-3 < eta < 3, eta regions = 1
-15 < z0 < 15, eta regions = 1
charge regions = 1
endcap regions = 0
Training
Requested running from track number 0 to track number 1000000 for a total of 1000000 tracks.
Analyzed 10% of 1000000 tracks
Analyzed 20% of 1000000 tracks
Analyzed 30% of 1000000 tracks
Analyzed 40% of 1000000 tracks
Analyzed 50% of 1000000 tracks
Analyzed 60% of 1000000 tracks
Analyzed 70% of 1000000 tracks
Analyzed 80% of 1000000 tracks
Analyzed 90% of 1000000 tracks
Analyzed 100% of 1000000 tracks
Evaluating eigenvalues:
geomIndex = 0
Sqrt(eigenvalues) of cov:
 0.0437701 0.0462937 0.0605429 0.845579 1.09133 1.35796 1.64857 2.63347 3.28366 7.25158
Analyzed 10% of 1000000 tracks
Analyzed 20% of 1000000 tracks
Analyzed 30% of 1000000 tracks
Analyzed 40% of 1000000 tracks
Analyzed 50% of 1000000 tracks
Analyzed 60% of 1000000 tracks
Analyzed 70% of 1000000 tracks
Analyzed 80% of 1000000 tracks
Analyzed 90% of 1000000 tracks
Analyzed 100% of 1000000 tracks
opening GeometricIndex.txt for writing
Matrices built:
geomIndex = 0

V_0:
 -0.0847973   0.0181079   -0.391857    0.083074    0.834914   -0.177157   -0.310916   0.0627241  -0.0538943   0.0073974
 -0.0294267  0.00621608    0.496317   -0.104999  -0.0374257  0.00409778   -0.773764     0.16487    0.330375  -0.0726825
  -0.708452    0.149136    0.516848   -0.117977    0.240141  -0.0475889    0.231888  -0.0408759   -0.275648   0.0587068
   0.609161  -0.0578006    0.379223   -0.429884    0.348821     0.20316   0.0944483   -0.111597   -0.335558  0.00695058
   -0.26263  -0.0780775   -0.255848    -0.54664   0.0833353     0.48369   0.0448412   -0.333841     0.44963  -0.0642409
  0.0218403  -0.0226623   -0.066598   -0.360387   -0.141502   -0.616424   -0.118255   -0.394279   0.0187675    0.543048
 -0.0957931   -0.111363    -0.20075   -0.540483   -0.164124    -0.35563 -0.00557316    0.392774    -0.21846   -0.539038
  0.0249129    0.119814   0.0554075    0.198314  -0.0276917   -0.170399    -0.13419   -0.718513   -0.110159   -0.605327
  -0.197433    -0.43261   -0.181325   0.0310288   -0.209847    0.339963   -0.406974   -0.123804   -0.610899    0.162061
  0.0270824    0.868063   -0.207443   -0.149159    -0.15319    0.200103   -0.205591   0.0446438   -0.252567   0.0943044
corrPV_0:
-0.000263536  1.92345e-05  0.000162582     0.097112    -0.121803    0.0358429    0.0178216     0.033288     0.877465     0.970026
D_0:
  0.0739208  -0.0154739    0.138026  -0.0299085  -0.0895413   0.0166475   0.0144609 -0.00776521   -0.149377   0.0274911
opening matrixVD_0.txt for writing
