5
2

0.3871796061529895
 2.310489057139091
 2.831979846017795
 5.991139803690272
 25.21473261327001

 -0.5720623867002387   0.8073363921974339 -0.05663121237107139 -0.08620485259443364  -0.1015588732263797
 -0.2873323028226573  -0.1875872283585234   0.6933995496801026    0.330952429347029   -0.540295043031237
 0.04564698323966893  0.03613518339316949   -0.569383201543456   0.7631158361385676  -0.3001126319849239
 -0.7300424872168721  -0.4504326154103337  -0.1295794933446346   0.1542625226875626   0.4728220117881854
  0.2348171485577153   0.3298843571407207   0.4183322782113345   0.5262095662633622   0.6197893311735178

68.01934260999739
97.52291524299407
132.1837911029926
156.3355390194254
185.8888154348776

 1.948474727915477
-1.137535956690344

 -0.06615423355353146   0.06603398120044268 2.105327658694133e-05 5.153844483563909e-05  6.74976648364781e-05
    3.351017511965197    -2.345248035496085 -0.001294240706012983 -0.002029652502920434 -0.003033307721096262

  0.01366314333433118   0.03532020630694022 -0.005024644132274967    0.6672175148804622     4.022718561957698
   -0.571125502080687    -2.791146748948571    0.5479039517521959    -49.94934041743903     6.183800581592625

cov:
54.69299656643438 61.28417576952516 64.58226294816586 74.29607402116748 80.86779372102612
61.28417576952516  76.7667235303003 88.96759173174001 107.7496806467383  122.788715756856
64.58226294816586 88.96759173174001 117.0331481106218 136.9786592701337 162.0166294311547
74.29607402116748 107.7496806467383 136.9786592701337 182.1564806324421 207.1816182473151
80.86779372102612  122.788715756856 162.0166294311547 207.1816182473151 254.5355256450966

cov.inverse():
    2.213700984446759     -3.06128162537652    0.1783374670752134    0.3125522717139732    0.4055426202718291
   -3.061281625376519     4.360523896084223   -0.3300778340349145   -0.4741140738056405   -0.5349281547796338
   0.1783374670752136   -0.3300778340349149    0.1526254999776035   0.02116563092973991  -0.01180551473302644
   0.3125522717139685    -0.474114073805634   0.02116563092973932    0.1437988810671818 -0.001104849529815572
   0.4055426202718321   -0.5349281547796384  -0.01180551473302609 -0.001104849529814311    0.1415495865038401

cov*(cov_.inverse()):
     1.000000000000032    1.4210854715202e-14  3.774758283725532e-15   2.17881268582687e-15   1.77635683940025e-15
   1.4210854715202e-14      1.000000000000043  2.442490654175344e-15 -7.771561172376096e-16 -3.552713678800501e-15
 5.684341886080801e-14    1.4210854715202e-14      1.000000000000003  8.049116928532385e-16 -3.552713678800501e-15
                     0  5.684341886080801e-14 -4.440892098500626e-16     0.9999999999999986 -3.552713678800501e-15
   1.4210854715202e-14  2.842170943040401e-14 -2.664535259100376e-15  3.386180225106727e-15     0.9999999999999929
