5
2

0.3872314057134527
 2.311774421873805
 2.834079621273466
 5.992162295272517
 25.23102954166478

 -0.5720670899236859   0.8073516567049698 -0.05659662546446324 -0.08613984322841867  -0.1014854493836672
 -0.2875555759917396  -0.1877449689985654   0.6934048057657909   0.3308586389127317  -0.5401721519381646
 0.04567731485111987  0.03614024019276605  -0.5692891017967519   0.7631367751292739  -0.3002326547321932
 -0.7300035073494168  -0.4504995552683186  -0.1299381153561461   0.1540952658918396    0.472774539466766
  0.2346476028171734   0.3296652283352377   0.4183450753625308    0.526297824373627   0.6198865522806042

68.01919304598546
 97.5229854748072
132.1838718119791
156.3358077183073
185.8887830462276

 1.948474727915477
-1.137535956690344

0
0
0
0
0

0
0

0
0
0
0
0

0
0

0
0
0
0
0

0
0

0
0
0
0
0

0
0

0
0
0
0
0

0
0

0
0
0
0
0

0
0

0
0
0
0
0

0
0

0
0
0
0
0

0
0

0
0
0
0
0

0
0

0
0
0
0
0

0
0

0
0
0
0
0

0
0

0
0
0
0
0

0
0

0
0
0
0
0

0
0

0
0
0
0
0

0
0

0
0
0
0
0

0
0

0
0
0
0
0

0
0

0
0
0
0
0

0
0

0
0
0
0
0

0
0

0
0
0
0
0

0
0

0
0
0
0
0

0
0

0
0
0
0
0

0
0

0
0
0
0
0

0
0

0
0
0
0
0

0
0

0
0
0
0
0

0
0

0
0
0
0
0

0
0

0
0
0
0
0

0
0

0
0
0
0
0

0
0

0
0
0
0
0

0
0

0
0
0
0
0

0
0

0
0
0
0
0

0
0

0
0
0
0
0

0
0

0
0
0
0
0

0
0

0
0
0
0
0

0
0

0
0
0
0
0

0
0

0
0
0
0
0

0
0

0
0
0
0
0

0
0

0
0
0
0
0

0
0

0
0
0
0
0

0
0

0
0
0
0
0

0
0

0
0
0
0
0

0
0

0
0
0
0
0

0
0

0
0
0
0
0

0
0

0
0
0
0
0

0
0

0
0
0
0
0

0
0

0
0
0
0
0

0
0

0
0
0
0
0

0
0

0
0
0
0
0

0
0

0
0
0
0
0

0
0

0
0
0
0
0

0
0

0
0
0
0
0

0
0

0
0
0
0
0

0
0

0
0
0
0
0

0
0

0
0
0
0
0

0
0

0
0
0
0
0

0
0

0
0
0
0
0

0
0

0
0
0
0
0

0
0

0
0
0
0
0

0
0

0
0
0
0
0

0
0

0
0
0
0
0

0
0

0
0
0
0
0

0
0

0
0
0
0
0

0
0

0
0
0
0
0

0
0

0
0
0
0
0

0
0

0
0
0
0
0

0
0

0
0
0
0
0

0
0

0
0
0
0
0

0
0

0
0
0
0
0

0
0

0
0
0
0
0

0
0

0
0
0
0
0

0
0

0
0
0
0
0

0
0

0
0
0
0
0

0
0

0
0
0
0
0

0
0

0
0
0
0
0

0
0

0
0
0
0
0

0
0

0
0
0
0
0

0
0

0
0
0
0
0

0
0

0
0
0
0
0

0
0

 -0.06614197007622551   0.06601533440406085 2.264552465400466e-05 5.387812751606654e-05 6.917268312691023e-05
    3.350552397630332    -2.344540054476772 -0.001350097565319253 -0.002124237960759834 -0.003098787385124356

  0.01366362004473166    0.0353878703503938 -0.005043465400829208     0.667207407702475     4.025643586527383
  -0.5711578229925346    -2.796456432257431     0.549307894647966    -49.95666523279372     6.163653184834884

cov:
54.69338023816616 61.28546962879529 64.62772323600444 74.35705344776757  80.9338387975524
61.28546962879529 76.76940771753937 89.03059963248415 107.8388061035948 122.8885329370826
64.62772323600444 89.03059963248415 117.1932743238087 137.1823076586458 162.2546767183252
74.35705344776757 107.8388061035948 137.1823076586458 182.4491984719444 207.5108420197539
 80.9338387975524 122.8885329370826 162.2546767183252 207.5108420197539 254.9318563927062

cov.inverse():
    2.213152759100403    -3.060538609590667    0.1781708464136238    0.3122308239891572    0.4051506872307708
   -3.060538609590663      4.35952796316946   -0.3298017149309759   -0.4736447063158308   -0.5344038861775342
   0.1781708464136156   -0.3298017149309648    0.1524237736834727   0.02113944706872987  -0.01180447308903726
   0.3122308239891564   -0.4736447063158303   0.02113944706873084    0.1435708210506606 -0.001125838895498905
   0.4051506872307746   -0.5344038861775403  -0.01180447308903527 -0.001125838895498301      0.14133448997348

cov*(cov_.inverse()):
     1.000000000000032 -7.105427357601002e-15  1.221245327087672e-15  2.275957200481571e-15 -8.881784197001252e-15
 7.105427357601002e-15      1.000000000000028  8.881784197001252e-16  5.551115123125783e-15  -1.06581410364015e-14
  -1.4210854715202e-14  2.842170943040401e-14     0.9999999999999993  7.216449660063518e-16 -2.131628207280301e-14
   1.4210854715202e-14 -2.842170943040401e-14 -2.220446049250313e-15      1.000000000000004 -7.105427357601002e-15
 2.842170943040401e-14                      0  8.881784197001252e-16 -3.552713678800501e-15                      1
