6
2

0.04145122319114046
 0.2882828259092385
  1.359281616556219
  1.389701399010045
  8.610775104119897
  56.34277544596596

   -0.4353288584301431     0.8163017704794046    -0.3796571445874747  -0.000281972715408044 -0.0003932022464484084 -0.0006503669459283224
    0.5506652126639291    -0.0807794304535116    -0.8055300843942803    0.07254428835807333     0.1108866644875256     0.1542895465629197
    0.1984142774423478     0.1613468524109031     0.1193231486939762    -0.8089498532799089    -0.1557906433703007     0.4916201422099816
 -0.003817419416304476  -0.001494712148989196  0.0009986697510678511     0.4066546253639394    -0.8150721713730189     0.4126397544186767
   -0.6635322185329843    -0.4951203015896484    -0.3045874830840508    -0.0811075000500734     0.1797083735005346      0.427707634956889
    0.1661288817888858     0.2365310743523089     0.3161790468902642     0.4103546888999371     0.5165225304051668     0.6174937738071219

9.125723603851725
14.68394778698798
20.97212103587969
28.34075768282869
36.71423741833048
44.68125049534668

  0.4152800414493708
-0.05548528174582658

0
0
0
0
0
0

0
0

0
0
0
0
0
0

0
0

0
0
0
0
0
0

0
0

0
0
0
0
0
0

0
0

0
0
0
0
0
0

0
0

0
0
0
0
0
0

0
0

0
0
0
0
0
0

0
0

0
0
0
0
0
0

0
0

0
0
0
0
0
0

0
0

0
0
0
0
0
0

0
0

0
0
0
0
0
0

0
0

0
0
0
0
0
0

0
0

0
0
0
0
0
0

0
0

0
0
0
0
0
0

0
0

0
0
0
0
0
0

0
0

0
0
0
0
0
0

0
0

0
0
0
0
0
0

0
0

0
0
0
0
0
0

0
0

0
0
0
0
0
0

0
0

0
0
0
0
0
0

0
0

0
0
0
0
0
0

0
0

0
0
0
0
0
0

0
0

0
0
0
0
0
0

0
0

0
0
0
0
0
0

0
0

0
0
0
0
0
0

0
0

0
0
0
0
0
0

0
0

0
0
0
0
0
0

0
0

0
0
0
0
0
0

0
0

0
0
0
0
0
0

0
0

0
0
0
0
0
0

0
0

0
0
0
0
0
0

0
0

0
0
0
0
0
0

0
0

0
0
0
0
0
0

0
0

0
0
0
0
0
0

0
0

0
0
0
0
0
0

0
0

0
0
0
0
0
0

0
0

0
0
0
0
0
0

0
0

0
0
0
0
0
0

0
0

0
0
0
0
0
0

0
0

0
0
0
0
0
0

0
0

0
0
0
0
0
0

0
0

0
0
0
0
0
0

0
0

0
0
0
0
0
0

0
0

0
0
0
0
0
0

0
0

0
0
0
0
0
0

0
0

0
0
0
0
0
0

0
0

0
0
0
0
0
0

0
0

0
0
0
0
0
0

0
0

0
0
0
0
0
0

0
0

0
0
0
0
0
0

0
0

0
0
0
0
0
0

0
0

0
0
0
0
0
0

0
0

0
0
0
0
0
0

0
0

0
0
0
0
0
0

0
0

0
0
0
0
0
0

0
0

0
0
0
0
0
0

0
0

0
0
0
0
0
0

0
0

0
0
0
0
0
0

0
0

0
0
0
0
0
0

0
0

0
0
0
0
0
0

0
0

0
0
0
0
0
0

0
0

0
0
0
0
0
0

0
0

0
0
0
0
0
0

0
0

0
0
0
0
0
0

0
0

0
0
0
0
0
0

0
0

0
0
0
0
0
0

0
0

0
0
0
0
0
0

0
0

0
0
0
0
0
0

0
0

0
0
0
0
0
0

0
0

0
0
0
0
0
0

0
0

0
0
0
0
0
0

0
0

0
0
0
0
0
0

0
0

0
0
0
0
0
0

0
0

0
0
0
0
0
0

0
0

0
0
0
0
0
0

0
0

0
0
0
0
0
0

0
0

0
0
0
0
0
0

0
0

  -0.03494157769642563  0.0001072240371898885    0.03469353679383807  3.412446808741774e-05  4.491779363933806e-05  6.347997691011917e-05
     1.592300684800118     0.3386329397449809    -0.9279347275507484 -0.0006493436154096921 -0.0009175087038597318   -0.00145149197757511

 3.654424890012273e-06  -0.003920922010439027  -0.005135090604168445  0.0003308917568078702     0.9340110926462133      16.71800428229842
-0.0001107369258897737     0.1326866687995617     0.4800242887119633   -0.01472883962433052     -69.86744667062253      157.4370912235298

cov:
120.3553184246153 149.1549009586089 181.7379407223912 220.1059184711776 263.5150697515851 304.7942682431502
149.1549009586089  195.830167923349 248.6314493723527 310.8576834002147 381.1991106749443 448.1002599589643
181.7379407223912 248.6314493723527 324.3122449706391 413.5276400601838  514.338555030621 610.2261425141791
220.1059184711776 310.8576834002147 413.5276400601838 536.5752093106647 671.3733442645483 801.4113931963078
263.5150697515851 381.1991106749443  514.338555030621 671.3733442645483 850.6680438691878 1017.417059460137
304.7942682431502 448.1002599589643 610.2261425141791 801.4113931963078 1017.417059460137 1224.776550032954

cov.inverse():
    113.9720727138006    -207.3339276984697     90.86910466795698    0.4651907022432654    0.8176555191034018     1.235281145013633
   -207.3339276985351      387.912871816921    -179.5759276623003   -0.2748596029903932   -0.3087228430727553   -0.4191497603376546
    90.86910466804316    -179.5759276624049     91.70640442347735   -0.6925025605248022   -0.9990766164461327    -1.321506992723463
   0.4651907022411194   -0.2748596029861955    -0.692502560526902    0.5033189035544977  -0.00668697928965128  0.006040537879710944
   0.8176555190971007   -0.3087228430608318   -0.9990766164517555 -0.006686979289671537    0.5056903320579839 -0.008453957503217358
    1.235281145001298   -0.4191497603145022    -1.321506992734233  0.006040537879683334 -0.008453957503237736     0.508250148212213

cov*(cov_.inverse()):
     1.000000000000284 -7.716494110354688e-12 -2.330580173293129e-12  1.243449787580175e-14  6.483702463810914e-14                      0
 5.115907697472721e-12     0.9999999999885745  3.410605131648481e-13  2.176037128265307e-14  4.574118861455645e-14 -5.684341886080801e-14
 3.410605131648481e-12 -1.000444171950221e-11     0.9999999999976126  1.287858708565182e-14  4.174438572590589e-14 -5.684341886080801e-14
-9.094947017729282e-13  5.627498467219993e-12 -2.955857780762017e-12      1.000000000000042  1.216804434989172e-13                      0
 5.911715561524034e-12 -4.166622602497227e-11 -4.774847184307873e-12 -3.463895836830488e-14     0.9999999999999805                      0
-5.229594535194337e-12 -3.751665644813329e-12  -1.13686837721616e-12    1.4210854715202e-14  -1.77635683940025e-15                      1
