6
2

0.04146629205560304
 0.2882513273362707
  1.359287008918211
  1.389701426891557
  8.610769051585862
  56.34302995249183

   -0.4353540997428713      0.816306547768049    -0.3796179058810056 -0.0002923546000889436 -0.0003939382333037827  -0.000657863253181361
     0.550645010461834   -0.08074010154265931     -0.805548481224671    0.07255669461753593     0.1108738496245218     0.1542895602061613
    0.1984232465527315     0.1613436219830458     0.1193197839040923    -0.8088930447857803    -0.1559051328169193     0.4916755756598803
 -0.003856167250858956  -0.001510342795486097  0.0009921608334904014     0.4067661757135279    -0.8150522782065015     0.4125686931184151
   -0.6635291563918271    -0.4951196863430994    -0.3045898457771309   -0.08111077210786377     0.1797078913867498     0.4277109971514873
    0.1661303226690391     0.2365314075961874     0.3161783050219781     0.4103532668757647     0.5165222951694978     0.6174947801407703

9.125969551013451
14.68397576416989
20.97210739516149
28.34080602651379
36.71441636829474
44.68155971386599

  0.4152800414493708
-0.05548528174582658

  -0.03495157157061086   0.000121694009744884    0.03469071255192426  3.309400109311345e-05  4.493822571792526e-05   6.28300302733067e-05
     1.592546668876374     0.3383808418200765    -0.9280051769414619 -0.0006008345082659204 -0.0009193730933994594  -0.001421488276962739

 3.690574940219363e-06   -0.00392043891877101  -0.005134955339898304  0.0003317348228971977     0.9340058898235085      16.71809077445046
-0.0001114384088889567      0.132675848297748     0.4800130023270415   -0.01478281268271831     -69.86743025018696       157.437012036576

cov:
 120.357283188869 149.1571130926096 181.7405379772482 220.1091111332132 263.5198601860105 304.8005245197365
149.1571130926096 195.8322009128022 248.6334232697182 310.8599531318258  381.203011077639 448.1057790084411
181.7405379772482 248.6334232697182 324.3137093119833  413.529064229674 514.3417593410215 610.2311670868826
220.1091111332132 310.8599531318258  413.529064229674 536.5763874999934 671.3767422167701 801.4170592741567
263.5198601860105  381.203011077639 514.3417593410215 671.3767422167701 850.6749109710677 1017.427423301205
304.8005245197365 448.1057790084411 610.2311670868826 801.4170592741567 1017.427423301205 1224.791615512029

cov.inverse():
    113.9052370446423    -207.1966669004075     90.79375154456562    0.4679356971155395    0.8178273462594716     1.237254749507517
   -207.1966669004073     387.6355334938462    -179.4274766552466   -0.2796813664650931   -0.3088992481342875   -0.4224453204559295
    90.79375154456358    -179.4274766552429     91.63018014346156   -0.6905479395562893   -0.9991257312642743    -1.320331412547845
   0.4679356971168043   -0.2796813664674511   -0.6905479395552048    0.5033522770522977 -0.006656104167697141  0.006099541277301266
   0.8178273462619441   -0.3088992481391173   -0.9991257312618688 -0.006656104167701601     0.505691140174848 -0.008431412336198511
    1.237254749505534   -0.4224453204520892    -1.320331412549743  0.006099541277297386  -0.00843141233615468    0.5083164657784267

cov*(cov_.inverse()):
      1.00000000000199  1.335820343228988e-12  2.614797267597169e-12 -4.440892098500626e-16 -1.998401444325282e-14  5.684341886080801e-14
-1.477928890381008e-12      1.000000000003354  6.139089236967266e-12 -4.440892098500626e-14 -2.398081733190338e-14  2.842170943040401e-14
 5.002220859751105e-12 -3.410605131648481e-12       1.00000000001296 -3.730349362740526e-14 -4.174438572590589e-14   1.13686837721616e-13
-1.477928890381008e-12  7.901235221652314e-12   8.86757334228605e-12     0.9999999999999547 -7.194245199571014e-14   1.70530256582424e-13
 4.092726157978177e-12 -6.821210263296962e-12 -4.774847184307873e-12 -4.263256414560601e-14     0.9999999999999556                      0
 1.818989403545856e-12   6.02540239924565e-12  6.821210263296962e-13 -7.105427357601002e-15  3.907985046680551e-14                      1
