5
2

5.774712911146124e-05
9.810627090020278e-05
0.0003373227804816582
  0.02278670180921127
   0.5211333136509405

-0.07076700253791912   0.6227255531584912  -0.7511617754930191   0.2071187686516817 -0.00791956473778508
 -0.6598177227636992   0.5357816602388584   0.4178756085693617  -0.3198180114089256  0.02598077404244344
  0.2517357518227228  0.02138794398997095  -0.2060101425980531  -0.7011894493401265   0.6340858336116252
 -0.5462486717623334  -0.3550697545009145  -0.1386881704171596   0.4019580843977351   0.6282779224277988
  0.4448304215438278   0.4456668299141029   0.4466109888191642   0.4489780727073926   0.4499603178918987

0.4021066228065716
0.4021372388942687
0.4021292346711922
0.4020626087552666
0.4020578337163556

0.0004786208404274223
   0.4023533262158842

0
0
0
0
0

0
0

0
0
0
0
0

0
0

0
0
0
0
0

0
0

0
0
0
0
0

0
0

0
0
0
0
0

0
0

0
0
0
0
0

0
0

0
0
0
0
0

0
0

0
0
0
0
0

0
0

0
0
0
0
0

0
0

0
0
0
0
0

0
0

0
0
0
0
0

0
0

0
0
0
0
0

0
0

0
0
0
0
0

0
0

0
0
0
0
0

0
0

0
0
0
0
0

0
0

0
0
0
0
0

0
0

0
0
0
0
0

0
0

0
0
0
0
0

0
0

0
0
0
0
0

0
0

0
0
0
0
0

0
0

0
0
0
0
0

0
0

0
0
0
0
0

0
0

0
0
0
0
0

0
0

0
0
0
0
0

0
0

0
0
0
0
0

0
0

0
0
0
0
0

0
0

0
0
0
0
0

0
0

0
0
0
0
0

0
0

0
0
0
0
0

0
0

0
0
0
0
0

0
0

0
0
0
0
0

0
0

0
0
0
0
0

0
0

0
0
0
0
0

0
0

0
0
0
0
0

0
0

0
0
0
0
0

0
0

0
0
0
0
0

0
0

0
0
0
0
0

0
0

0
0
0
0
0

0
0

0
0
0
0
0

0
0

0
0
0
0
0

0
0

0
0
0
0
0

0
0

0
0
0
0
0

0
0

0
0
0
0
0

0
0

0
0
0
0
0

0
0

0
0
0
0
0

0
0

0
0
0
0
0

0
0

0
0
0
0
0

0
0

0
0
0
0
0

0
0

0
0
0
0
0

0
0

0
0
0
0
0

0
0

0
0
0
0
0

0
0

0
0
0
0
0

0
0

0
0
0
0
0

0
0

0
0
0
0
0

0
0

0
0
0
0
0

0
0

0
0
0
0
0

0
0

0
0
0
0
0

0
0

0
0
0
0
0

0
0

0
0
0
0
0

0
0

0
0
0
0
0

0
0

0
0
0
0
0

0
0

0
0
0
0
0

0
0

0
0
0
0
0

0
0

0
0
0
0
0

0
0

0
0
0
0
0

0
0

0
0
0
0
0

0
0

0
0
0
0
0

0
0

0
0
0
0
0

0
0

0
0
0
0
0

0
0

0
0
0
0
0

0
0

0
0
0
0
0

0
0

0
0
0
0
0

0
0

0
0
0
0
0

0
0

0
0
0
0
0

0
0

0
0
0
0
0

0
0

0
0
0
0
0

0
0

0
0
0
0
0

0
0

 -0.1442945143608499    1.121254555552228    3.300807826830009   -4.247533708603835 -0.03029466750506741
 -0.2780450009896301    1.894764906701474  0.01886657880060724  -0.2885351388752137  -0.3469527637571023

-8.838702788166978e-09  3.304143690833969e-08  2.579286103412532e-07  -0.001299875740014409  -0.002983163060513425
 3.762942902087607e-09   1.24140019325914e-08 -5.807157351136313e-09 -0.0004452275769281945     0.1204500687733033

cov:
0.05389357975735272 0.05394038517925684 0.05399306828400299 0.05412567498811404 0.05418018193123351
0.05394038517925684 0.05400637966426421 0.05408075811620223 0.05426757730298971 0.05434474183843171
0.05399306828400299 0.05408075811620223 0.05417970201605628 0.05442788044456039 0.05453069051323163
0.05412567498811404 0.05426757730298971 0.05442788044456039 0.05482938794846283 0.05499628398954964
0.05418018193123351 0.05434474183843171 0.05453069051323163 0.05499628398954964 0.05519024173624487

cov.inverse():
 47292162.10042027 -49897070.27975644 -13161951.61065817  15977677.73471448 -210854.9567739177
-49897070.29517164  146116758.8056516 -117048411.1147572  20741989.69071969  86122.77718090737
-13161951.58865472 -117048411.1423181   187717920.691012  -59270292.7470676  1763729.053933529
 15977677.72712898  20741989.70411399 -59270292.75262432  27812364.88124154 -5262131.118678682
-210854.9557765627  86122.77593217324  1763729.053932786 -5262131.118426559  3623197.285242925

cov*(cov_.inverse()):
    0.9999999997071427  -4.81122697237879e-10  1.789885573089123e-09                      0  -2.91038304567337e-11
-1.509761204943061e-10      1.000000000195541 -3.492459654808044e-10  4.656612873077393e-10 -5.820766091346741e-11
 5.456968210637569e-11  5.184119800105691e-11     0.9999999999126885  4.656612873077393e-10 -5.820766091346741e-11
-3.456079866737127e-10   4.69299266114831e-10 -2.764863893389702e-10      1.000000000523869  -2.91038304567337e-11
-2.128217602148652e-10  2.764863893389702e-10 -2.328306436538696e-10  5.820766091346741e-11     0.9999999999708962
