5
2

5.776597748784698e-05
9.813291225695737e-05
0.0003372777739546565
  0.02278668950208871
   0.5211330912934697

 -0.07078677237941357    0.6227272386515647   -0.7511501883536402    0.2071480641270288 -0.007943120433291855
  -0.6598273460639242    0.5357731466974327    0.4178865184206834   -0.3197991178614881   0.02596903158424885
   0.2517185581373713   0.02142996143057071   -0.2060310987839775   -0.7011911082156177    0.6340825974078993
  -0.5462424146970372   -0.3550769350348701   -0.1386880858890766     0.401955347920312    0.6282810738060456
   0.4448304150095141    0.4456669703698661    0.4466106284279653    0.4489778744894376    0.4499607407296027

0.4021062383834757
 0.402137302161965
0.4021292351278605
0.4020627785336137
   0.4020577729751

0.0004786208404274223
   0.4023533262158842

-0.1428316577273021   1.127404346349066   3.289426953684992  -4.243257476319312 -0.0308022641969129
-0.2831452243769735    1.87490728109246 0.05522122213331129 -0.2990515685471002 -0.3478330336132575

-8.800813604290251e-09  3.302222200497343e-08  2.578042841634467e-07   -0.00129987513441457  -0.002983161622161658
 3.626999813639393e-09  1.252902416469028e-08 -6.067030400342552e-09 -0.0004452275384531658     0.1204500171226323

cov:
0.05389352860289928 0.05394035618497436 0.05399297739463198 0.05412560617206567 0.05418018716083137
0.05394035618497436 0.05400637021249489 0.05408068587710278 0.05426752314760987 0.05434476090960885
0.05399297739463198 0.05408068587710278  0.0541795683446379 0.05442776622984225 0.05453065103868102
0.05412560617206567 0.05426752314760987 0.05442776622984225 0.05482929164511273 0.05499626414244507
0.05418018716083137 0.05434476090960885 0.05453065103868102 0.05499626414244507 0.05519029997768124

cov.inverse():
 47268855.24030221  -49872081.7142719 -13153898.07671748  15965507.63375408 -208401.0442086791
-49872081.71179847  146024389.8549644 -116967585.4893654  20733030.10810531  81491.75610260079
-13153898.08033082 -116967585.4845836  187593576.6012939 -59237260.58939722  1766330.224084286
 15965507.63525179   20733030.1047378 -59237260.58737333  27801757.86318998 -5263464.583044913
 -208401.044566543  81491.75716179321  1766330.223228863 -5263464.582890823  3624102.588752941

cov*(cov_.inverse()):
    0.9999999997198756  1.791704562492669e-10   6.83940015733242e-10  3.492459654808044e-10  -2.91038304567337e-11
-1.291482476517558e-10     0.9999999999654392  1.891748979687691e-10  8.731149137020111e-10  -2.91038304567337e-11
-1.418811734765768e-10  9.831637726165354e-10      1.000000000538421  4.656612873077393e-10  -2.91038304567337e-11
 4.656612873077393e-10  1.157786755356938e-09 -2.764863893389702e-10      1.000000000698492 -5.820766091346741e-11
-1.109583536162972e-10 -5.293259164318442e-10  5.093170329928398e-10  5.820766091346741e-11                      1
