5
1

0.0004199217492556376
 0.000742804493533931
 0.001799147814878589
  0.04191559766102446
   0.5954594220729963

-0.04566371227896306 -0.07152577109300072   0.6200221814924869  -0.7423157469887189   0.2394550389537336
-0.07587366927138209  -0.3853122423084198   0.6259952792832231    0.386691334762054  -0.5517040730079993
  0.6591969458811138  -0.7043585517245232   -0.146673657734328 -0.02511407272138032   0.2172430404678672
 -0.6070882894119071  -0.3966707626379292  0.03683492644802545   0.3050938082867732   0.6161631855813939
  0.4348116915311021   0.4392606022369703   0.4481433153499219    0.453568291317791   0.4598176706570943

0.4034597649111301
0.4036316215428961
0.4036310661556054
0.4036371502890016
0.4036083464954066

0.0001383455555081278

0
0
0
0
0

0

0
0
0
0
0

0

0
0
0
0
0

0

0
0
0
0
0

0

0
0
0
0
0

0

0
0
0
0
0

0

0
0
0
0
0

0

0
0
0
0
0

0

0
0
0
0
0

0

0
0
0
0
0

0

0
0
0
0
0

0

0
0
0
0
0

0

0
0
0
0
0

0

0
0
0
0
0

0

0
0
0
0
0

0

0
0
0
0
0

0

0
0
0
0
0

0

0
0
0
0
0

0

0
0
0
0
0

0

0
0
0
0
0

0

0
0
0
0
0

0

0
0
0
0
0

0

0
0
0
0
0

0

0
0
0
0
0

0

0
0
0
0
0

0

0
0
0
0
0

0

0
0
0
0
0

0

0
0
0
0
0

0

0
0
0
0
0

0

0
0
0
0
0

0

0
0
0
0
0

0

0
0
0
0
0

0

0
0
0
0
0

0

0
0
0
0
0

0

0
0
0
0
0

0

0
0
0
0
0

0

0
0
0
0
0

0

0
0
0
0
0

0

0
0
0
0
0

0

0
0
0
0
0

0

0
0
0
0
0

0

0
0
0
0
0

0

0
0
0
0
0

0

0
0
0
0
0

0

0
0
0
0
0

0

0
0
0
0
0

0

0
0
0
0
0

0

0
0
0
0
0

0

0
0
0
0
0

0

0
0
0
0
0

0

0
0
0
0
0

0

0
0
0
0
0

0

0
0
0
0
0

0

0
0
0
0
0

0

0
0
0
0
0

0

0
0
0
0
0

0

0
0
0
0
0

0

0
0
0
0
0

0

0
0
0
0
0

0

0
0
0
0
0

0

0
0
0
0
0

0

0
0
0
0
0

0

0
0
0
0
0

0

0
0
0
0
0

0

0
0
0
0
0

0

0
0
0
0
0

0

0
0
0
0
0

0

0
0
0
0
0

0

0
0
0
0
0

0

0
0
0
0
0

0

0
0
0
0
0

0

0
0
0
0
0

0

0
0
0
0
0

0

0
0
0
0
0

0

0
0
0
0
0

0

0
0
0
0
0

0

0
0
0
0
0

0

-1.145877211819001  2.571687642606847  7.779038706894289  2.553769571698284 -11.76412101119278

-3.724498644065806e-09  6.314056698611283e-06 -2.048181559039696e-05   -0.01143296967866279   -0.04734151046629322

cov:
0.06768472870793367 0.06814329772646767 0.06905152672553404 0.06960206060665652  0.0702343007227678
0.06814329772646767 0.06869274450029712 0.06977260938943795 0.07043038309138686 0.07118656544107999
0.06905152672553404 0.06977260938943795 0.07121227880896445  0.0720913735735307 0.07310419322854814
0.06960206060665652 0.07043038309138686  0.0720913735735307  0.0731077429565167 0.07427917668441726
 0.0702343007227678 0.07118656544107999 0.07310419322854814 0.07427917668441726 0.07563531071472647

cov.inverse():
 156713.5616107773 -71796.42659828431 -276525.8233224223  133836.6899188551  57885.55172313449
-71796.42659678138  451448.6612654765 -656742.9840185705  36459.03667373524  240734.2649121338
 -276525.823326621 -656742.9840061228  2896974.309425971 -2170248.152348447  206201.9889596709
 133836.6899217839  36459.03665647136 -2170248.152324447   3396187.26336663  -1396266.80231989
  57885.5517229018  240734.2649184527  206201.9889439183 -1396266.802310223  891616.9058541659

cov*(cov_.inverse()):
    0.9999999999972715  1.091393642127514e-11 -1.637090463191271e-11   2.91038304567337e-11  7.275957614183426e-12
                     0      1.000000000010914 -1.455191522836685e-11   2.91038304567337e-11 -7.275957614183426e-12
                     0  7.275957614183426e-12     0.9999999999563443                      0 -1.455191522836685e-11
                     0 -3.637978807091713e-12                      0                      1 -1.455191522836685e-11
-9.094947017729282e-13                      0 -2.182787284255028e-11                      0                      1
