5
1

0.0004662509751647522
0.0008290064688732121
 0.002015507060413534
  0.04644599273044209
   0.5996908616935999

-0.04513712464647145 -0.07173584970406693   0.6193842454218662  -0.7426530980046601     0.24009610657641
-0.07714738452871081  -0.3842193125669554   0.6267670485539046    0.386141999827604  -0.5517981730008914
   0.659046772042462  -0.7049981816780861  -0.1460227905581113 -0.02384502874054603   0.2162028569029282
  -0.609066998535138  -0.3984697453459196  0.03476170093398183   0.3030582212856262   0.6141714679132568
  0.4320945088691102   0.4375259004817448   0.4483248734522892    0.454915224089912   0.4625174251290592

0.4028445041561249
0.4029770249867703
0.4029224047924211
0.4028974238789204
0.4028233120134244

0.0009209570553426404

-1.188574478758113   2.60111294331373  7.739183263236682  2.690618471451625 -11.84866873943532

-3.965875754134718e-08   7.91713795113329e-06 -2.588915174385863e-05   -0.01403324948041789   -0.05828376868202714

cov:
0.06794681635686006 0.06851048221727395 0.06962078965996824  0.0702927281313801 0.07106597458167639
0.06851048221727395 0.06918805618859615 0.07051296239836592 0.07131904429224784 0.07224734299518915
0.06962078965996824 0.07051296239836592 0.07228677274856042 0.07336909925769736 0.07461772331813686
 0.0702927281313801 0.07131904429224784 0.07336909925769736 0.07462283311371479 0.07606952358229353
0.07106597458167639 0.07224734299518915 0.07461772331813686 0.07606952358229353 0.07774684834220506

cov.inverse():
 125125.7689204811 -56237.98323006919 -222661.1493179743  106898.7011897703  46993.47935646817
-56237.98322824783  360901.0660919689 -529456.9992025504  33269.64801129513  191628.7784830637
-222661.1493219526 -529456.9991859553  2341595.965874806 -1762935.637339667  173082.3489380066
 106898.7011912542  33269.64798754183  -1762935.63730128  2754212.625802805 -1131440.111132214
  46993.4793571444  191628.7784920399  173082.3489122324 -1131440.111116089  719897.8876776632

cov*(cov_.inverse()):
    0.9999999999990905 -9.094947017729282e-12    1.2732925824821e-11 -5.820766091346741e-11  7.275957614183426e-12
 1.818989403545856e-12      0.999999999998181 -7.275957614183426e-12  -2.91038304567337e-11                      0
 9.094947017729282e-13                      0     0.9999999999799911 -5.820766091346741e-11  1.455191522836685e-11
 3.637978807091713e-12 -9.094947017729282e-12 -9.094947017729282e-12     0.9999999999854481                      0
-1.364242052659392e-12                      0                      0                      0                      1
