5
1

0.0008487940898634501
 0.001225239884559018
 0.002048105116170134
  0.06267262398779107
   0.5512224772779794

 0.01220270238697995  -0.4380008366285019   0.7937722087206635  -0.4187428000412167  0.05085773533641218
-0.05329648991519834   -0.341647569507541   0.2284155850070073   0.7214075514907272  -0.5548277999437027
  0.4995156367290627  -0.6796580352846918  -0.3410851894180553   0.1268950955465903   0.3951045583411844
 -0.7588919380420994  -0.1904925002579262  0.01699765930474143    0.277062479116766   0.5574433567314452
  0.4142194264578123   0.4395563306116276   0.4484684764021162    0.459738653430064   0.4719416226400019

0.3995181316937571
0.3996924265735102
0.3996631296152016
0.3996643006919212
0.3996837445774865

0.0001965416993507661

0
0
0
0
0

0

0
0
0
0
0

0

0
0
0
0
0

0

0
0
0
0
0

0

0
0
0
0
0

0

0
0
0
0
0

0

0
0
0
0
0

0

0
0
0
0
0

0

0
0
0
0
0

0

0
0
0
0
0

0

0
0
0
0
0

0

0
0
0
0
0

0

0
0
0
0
0

0

0
0
0
0
0

0

0
0
0
0
0

0

0
0
0
0
0

0

0
0
0
0
0

0

0
0
0
0
0

0

0
0
0
0
0

0

0
0
0
0
0

0

0
0
0
0
0

0

0
0
0
0
0

0

0
0
0
0
0

0

0
0
0
0
0

0

0
0
0
0
0

0

0
0
0
0
0

0

0
0
0
0
0

0

0
0
0
0
0

0

0
0
0
0
0

0

0
0
0
0
0

0

0
0
0
0
0

0

0
0
0
0
0

0

0
0
0
0
0

0

0
0
0
0
0

0

0
0
0
0
0

0

0
0
0
0
0

0

0
0
0
0
0

0

0
0
0
0
0

0

0
0
0
0
0

0

0
0
0
0
0

0

0
0
0
0
0

0

0
0
0
0
0

0

0
0
0
0
0

0

0
0
0
0
0

0

0
0
0
0
0

0

0
0
0
0
0

0

0
0
0
0
0

0

0
0
0
0
0

0

0
0
0
0
0

0

0
0
0
0
0

0

0
0
0
0
0

0

0
0
0
0
0

0

0
0
0
0
0

0

0
0
0
0
0

0

0
0
0
0
0

0

0
0
0
0
0

0

0
0
0
0
0

0

0
0
0
0
0

0

0
0
0
0
0

0

0
0
0
0
0

0

0
0
0
0
0

0

0
0
0
0
0

0

0
0
0
0
0

0

0
0
0
0
0

0

0
0
0
0
0

0

0
0
0
0
0

0

0
0
0
0
0

0

0
0
0
0
0

0

0
0
0
0
0

0

0
0
0
0
0

0

0
0
0
0
0

0

0
0
0
0
0

0

0
0
0
0
0

0

0
0
0
0
0

0

0
0
0
0
0

0

0
0
0
0
0

0

0
0
0
0
0

0

 1.875883001859019  8.253631076585023 -3.213613585263648 -9.555618365422603  2.638224503179593

-1.446351670333877e-06 -1.803122568806118e-05 -1.571634643502022e-05   -0.01660428749787431   -0.05598080493170719

cov:
0.05439641659237875 0.05588854633774847 0.05639240405956365   0.057036581501803 0.05773733849406203
0.05588854633774847  0.0588508403562959 0.05988422835568363 0.06119365328250561 0.06261340474578353
0.05639240405956365 0.05988422835568363 0.06111291435287521 0.06266481925090016 0.06434582899994581
  0.057036581501803 0.06119365328250561 0.06266481925090016 0.06452331607688161 0.06653169384642987
0.05773733849406203 0.06261340474578353 0.06434582899994581 0.06653169384642987 0.06889700627430503

cov.inverse():
 61729.13325191583 -76186.75445261925 -35284.33423650655 -17646.14341803615  67501.68158832124
-76186.75445229029  454169.0470560847 -479294.8661187012  69824.26291422576  31305.41069118723
-35284.33423679457 -479294.8661189772  937044.5618300053  -361909.756799068 -60509.63942616063
-17646.14341835886  69824.26291630202 -361909.7568011585  593914.0999871887 -284189.7244174217
 67501.68158860292   31305.4106897155 -60509.63942463379 -284189.7244177578  245941.9033973494

cov*(cov_.inverse()):
     1.000000000000909 -5.002220859751105e-12  4.547473508864641e-13  7.275957614183426e-12 -1.818989403545856e-12
 9.094947017729282e-13      0.999999999994543  6.821210263296962e-12 -3.637978807091713e-12  3.637978807091713e-12
 9.094947017729282e-13 -2.955857780762017e-12      1.000000000005457                      0                      0
                     0 -1.818989403545856e-12  5.002220859751105e-12      1.000000000007276                      0
                     0  1.364242052659392e-12 -9.094947017729282e-13                      0                      1
