5
1

0.0009312501174412364
 0.001323213105349423
 0.002279276191476692
  0.06886584030498813
   0.5606107398828599

0.01297763301297802 -0.4141061087116135  0.7807106615150449 -0.4606953191700148 0.08123052173096464
-0.0540045879844393 -0.3644255174256679  0.2753773385404672  0.6953483338031811  -0.552209709097163
 0.4995422751571785 -0.6827225372724992 -0.3365065852729789   0.126914709689647  0.3937047459242801
-0.7626584983832417   -0.19472851738694 0.01283594892529417  0.2728151854947192  0.5530279670493815
 0.4070928833726027  0.4378137898619054  0.4486164741716647   0.462293249572014  0.4770981871858952

0.3989292614983515
 0.399167768779508
 0.399147003227493
0.3991753388203487
0.3992231191869451

-9.532772308511018e-05

   1.8802686929786  8.228512795034375 -2.802681014588793  -10.3049719268079  2.997019380965236

-5.032145379460509e-07 -2.222328942376322e-05 -2.007027424480213e-05   -0.02004287152737393   -0.07020326084497414

cov:
0.05484443120941829 0.05671775860399961 0.05734999507868552 0.05816066920620415 0.05904216825135766
0.05671775860399961 0.06042495622244044 0.06171763323153871 0.06335797394406295 0.06513598285466148
0.05734999507868552 0.06171763323153871 0.06325388541155133 0.06519659515962538 0.06730034691995163
0.05816066920620415 0.06335797394406295 0.06519659515962538 0.06752139616984046 0.07003341601415557
0.05904216825135766 0.06513598285466148 0.06730034691995163 0.07003341601415557 0.07299004983932983

cov.inverse():
 50017.29882733263 -60572.83009026767 -29169.54086039873 -16181.03504440607  56016.87403394691
-60572.83009022623  363318.3259484083 -385887.6709984179   58567.8965743419  24385.77921603052
-29169.54086045866 -385887.6709988431  767933.9069213723 -313591.7173042842 -39223.33928851772
  -16181.035044401   58567.8965753528 -313591.7173056947  524001.3336395425 -252805.5012849723
 56016.87403396036  24385.77921548612 -39223.33928759222 -252805.5012853667  211670.3279296644

cov*(cov_.inverse()):
                     1 -2.046363078989089e-12 -9.094947017729282e-13 -7.275957614183426e-12 -1.818989403545856e-12
-1.364242052659392e-12     0.9999999999972715  5.911715561524034e-12 -7.275957614183426e-12 -1.818989403545856e-12
                     0  1.818989403545856e-12      1.000000000002274 -7.275957614183426e-12 -1.818989403545856e-12
-4.547473508864641e-13 -4.547473508864641e-13 -4.547473508864641e-12      0.999999999992724 -1.818989403545856e-12
                     0                      0                      0                      0      0.999999999998181
