11 
12 
13 
14 
15 
inputFileName = /Users/demattia/RemoteProjects/extracted_endcaps.root
eventsFractionStartBuild = 0
eventsFractionEndBuild = 0.2
eventsFractionStartTest = 0.8
eventsFractionEndTest = 1
var name = R
var name = z
par name = cotTheta
firstOrderChargeOverPtCoefficientsFileName = 
firstOrderCotThetaCoefficientsFileName = 
pT > 2, pT regions = 1
0 < phi < 0.8, phi regions = 1
-3 < eta < 3, eta regions = 1
-15 < z0 < 15, eta regions = 1
charge regions = 1
endcap regions = 0
Training
Requested running from track number 0 to track number 1000000 for a total of 1000000 tracks.
Analyzed 10% of 1000000 tracks
Analyzed 20% of 1000000 tracks
Analyzed 30% of 1000000 tracks
Analyzed 40% of 1000000 tracks
Analyzed 50% of 1000000 tracks
Analyzed 60% of 1000000 tracks
Analyzed 70% of 1000000 tracks
Analyzed 80% of 1000000 tracks
Analyzed 90% of 1000000 tracks
Analyzed 100% of 1000000 tracks
Evaluating eigenvalues:
geomIndex = 0
Sqrt(eigenvalues) of cov:
 0.0433885 0.0448364 0.0476457 0.714062 1.08742 1.38736 1.56394 1.7234 3.20281 5.60789
Analyzed 10% of 1000000 tracks
Analyzed 20% of 1000000 tracks
Analyzed 30% of 1000000 tracks
Analyzed 40% of 1000000 tracks
Analyzed 50% of 1000000 tracks
Analyzed 60% of 1000000 tracks
Analyzed 70% of 1000000 tracks
Analyzed 80% of 1000000 tracks
Analyzed 90% of 1000000 tracks
Analyzed 100% of 1000000 tracks
opening GeometricIndex.txt for writing
Matrices built:
geomIndex = 0

V_0:
   0.015189 -0.00191312   0.0849256  -0.0212433   -0.554533    0.112732    0.746035   -0.152847   -0.296888   0.0617467
   0.579367   -0.121474    -0.77691    0.161041 -0.00184318 0.000879242    0.110684   -0.018558    0.085134    -0.01439
  -0.304923   0.0650543   -0.231917   0.0512716    0.679008   -0.142572    0.346287  -0.0746139   -0.478076    0.104689
   0.534825   -0.510635    0.461607    0.155352    0.155645   -0.222727  -0.0427483    0.082007   -0.358225   0.0727215
  -0.256398   -0.116969  -0.0276357    0.416791   -0.116064   -0.598605    0.246088    0.451138    0.293087   -0.155935
    0.30359    0.725308    0.118896    0.259873  -0.0122485   0.0746279  -0.0588243    0.387328   -0.312866   -0.207373
 -0.0576879  -0.0284956     0.15698    0.746293    0.127581    0.326161   0.0432573   -0.465103    0.180385   -0.202178
   0.131953    0.344254   0.0860387    0.164526  -0.0331155   -0.328285   -0.027382   -0.257897    0.182332    0.787548
  -0.143103   -0.216417  -0.0439447    0.216512   0.0268612    0.565959   0.0290711    0.561788   0.0177381    0.496065
   0.293195    0.119778    0.271026   -0.273319    0.418923    0.137833    0.491887    0.109613    0.545752  -0.0722766
corrPV_0:
-0.000142109  0.000224203  0.000188335    0.0895005    -0.113675     0.140756    -0.128236   0.00870263   -0.0464319     -1.70473
D_0:
  0.167064 -0.0363639 -0.0423906 0.00521447   0.105953 -0.0244285 -0.0798488  0.0177732  -0.160278  0.0295898
opening matrixVD_0.txt for writing
