11 
12 
13 
14 
15 
inputFileName = /Users/demattia/RemoteProjects/extracted_endcaps.root
eventsFractionStartBuild = 0
eventsFractionEndBuild = 0.2
eventsFractionStartTest = 0.8
eventsFractionEndTest = 1
var name = R
var name = z
par name = cotTheta
firstOrderChargeOverPtCoefficientsFileName = 
firstOrderCotThetaCoefficientsFileName = 
2 < pT < 10, pT regions = 1
0 < phi < 0.8, phi regions = 1
-3 < eta < 3, eta regions = 1
-15 < z0 < 15, eta regions = 1
charge regions = 1
endcap regions = 0
Training
Requested running from track number 0 to track number 1000000 for a total of 1000000 tracks.
Analyzed 10% of 1000000 tracks
Analyzed 20% of 1000000 tracks
Analyzed 30% of 1000000 tracks
Analyzed 40% of 1000000 tracks
Analyzed 50% of 1000000 tracks
Analyzed 60% of 1000000 tracks
Analyzed 70% of 1000000 tracks
Analyzed 80% of 1000000 tracks
Analyzed 90% of 1000000 tracks
Analyzed 100% of 1000000 tracks
Evaluating eigenvalues:
geomIndex = 0
Sqrt(eigenvalues) of cov:
 0.0434704 0.0448866 0.0476936 0.714213 1.08815 1.38958 1.56831 1.7242 3.20745 5.61746
Analyzed 10% of 1000000 tracks
Analyzed 20% of 1000000 tracks
Analyzed 30% of 1000000 tracks
Analyzed 40% of 1000000 tracks
Analyzed 50% of 1000000 tracks
Analyzed 60% of 1000000 tracks
Analyzed 70% of 1000000 tracks
Analyzed 80% of 1000000 tracks
Analyzed 90% of 1000000 tracks
Analyzed 100% of 1000000 tracks
opening GeometricIndex.txt for writing
Matrices built:
geomIndex = 0

V_0:
-0.00512433  0.00246446    0.113469   -0.027171   -0.555802    0.112884    0.740739    -0.15174   -0.298557   0.0619633
   0.580297   -0.121602   -0.772752    0.159995  -0.0237018  0.00541661    0.136697  -0.0238611   0.0756448   -0.012498
   -0.30329   0.0648029   -0.233679   0.0515548    0.677611   -0.142155    0.348353  -0.0751043   -0.478772    0.104754
   0.535488   -0.509742    0.461681    0.155511    0.155737    -0.22069  -0.0430483   0.0829067    -0.35972   0.0707017
  -0.255596   -0.116634  -0.0274635    0.416911   -0.116044   -0.597931    0.245605    0.454412    0.291397   -0.154226
   0.302111    0.725525    0.117987    0.260913  -0.0120689    0.079076  -0.0592742    0.386768     -0.3125   -0.207818
 -0.0595509  -0.0308269    0.156161     0.74635    0.127048    0.325226   0.0436936   -0.465046    0.181329   -0.202751
   0.132655    0.343598   0.0865257    0.167131  -0.0337708   -0.327894  -0.0290154    -0.25733    0.179474    0.788034
  -0.142781   -0.217783  -0.0437903     0.21374   0.0282347     0.56827   0.0297309    0.560136   0.0188457    0.495846
    0.29388    0.121415    0.271585   -0.272536    0.418833    0.135367     0.49188    0.107571    0.546356  -0.0713495
corrPV_0:
-0.000147386   0.00022074   0.00018738    0.0895864     -0.11315     0.140407    -0.129825    0.0107847    -0.047538     -1.71259
D_0:
  0.167765  -0.036508 -0.0429406 0.00535394   0.104446 -0.0241202 -0.0786861  0.0174811   -0.16027  0.0296122
opening matrixVD_0.txt for writing
