5
2

8.094052226600099e-05
  0.00011448558709742
0.0005762691378993043
  0.01079523014127573
   0.5187909968150635

  0.07196642421234235    0.3009463991604335   -0.8326468125223488    0.4592942318840477 0.0004390590774167725
  -0.4006897160510404    0.8106361629079959   0.02320539044875738   -0.4262995510492951 -0.006853135488804334
   0.3524432901355819   -0.1116894040044631   -0.3250226516363942   -0.5718964629118866    0.6562041724217046
  -0.7149363374560136   -0.2003123383280464   0.02196674689060249     0.282517643438742    0.6069944346329681
   0.4460026298806026    0.4468788654264691    0.4472566750813058    0.4477004782082606    0.4482261507119461

 0.400938234393619
0.4011413841132961
0.4011523259585269
0.4011627878924194
0.4011543529332331

-0.0002896467232024427
    0.4010847203626746

   2.337799229291531    4.682496971757389    2.870177322939184   -9.848860298050287 -0.04160499244616496
   1.220878786075312   0.5623388321082442   0.8494630144701809   -1.724207668738939  0.09058511058409677

-3.495786023452155e-08   9.33807603588548e-08  1.651567453860325e-06 -0.0006239416144613166  -0.002451473722609261
-8.137358779542362e-09  9.447212792264199e-09   3.77548416919173e-07 -0.0001630315839444226     0.1196115425168144

cov:
0.05359730825179058 0.05365955340603278 0.05368636439972734  0.0537179039508654 0.05375411217852943
0.05365955340603278 0.05375295972736203   0.053793209184759 0.05384051220170545 0.05389612084232385
0.05368636439972734   0.053793209184759 0.05383928657789837 0.05389339649913211 0.05395737582804044
 0.0537179039508654 0.05384051220170545 0.05389339649913211 0.05395550457420521 0.05402929200862423
0.05375411217852943 0.05389612084232385 0.05395737582804044 0.05402929200862423 0.05411592798335119

cov.inverse():
 13418380.85583898 -21593208.95600725 -10201067.93156701  17468946.73688357  907035.7511630098
-21593208.95412951  63998382.76846468 -36704334.38211013 -5075502.757024769 -625424.1759418093
-10201067.93489599 -36704334.37500906  106184531.4559648 -58569009.97578195 -710067.0479567654
 17468946.73821691 -5075502.762185063 -58569009.97167537  47050393.67985802 -874921.4971791854
 907035.7512809162  -625424.176004854 -710067.0482912657 -874921.4968995469  1303438.408991997

cov*(cov_.inverse()):
    0.9999999999490683 -1.527951098978519e-10  5.238689482212067e-10 -4.001776687800884e-10                      0
-8.731149137020111e-11     0.9999999995779945  6.766640581190586e-10 -3.856257535517216e-10                      0
-8.003553375601768e-11 -3.346940502524376e-10      1.000000000196451 -1.964508555829525e-10                      0
-1.746229827404022e-10 -4.365574568510056e-11  3.637978807091713e-10     0.9999999992505764 -1.455191522836685e-11
-1.600710675120354e-10 -1.091393642127514e-10 -1.455191522836685e-10 -2.328306436538696e-10                      1
