5
2

8.086903780452515e-05
0.0001141550261201535
0.0005766984386034792
  0.01079482078284361
   0.5187907335496768

 0.07302686166381116   0.2987654295011383  -0.8326850235180374   0.4604799423881267 0.000412162016219065
 -0.4003474838288272   0.8113926340146043  0.02081334932470781  -0.4253090447282543 -0.00655031457233057
  0.3526507927448746  -0.1120246786526291   -0.325087660025839  -0.5716860524246319   0.6561866811443615
 -0.7149181134591877  -0.2003270869991269  0.02195266964547616   0.2825063425294272   0.6070168004169921
    0.44600277924227   0.4468788887260868   0.4472566932903451   0.4477004166006037   0.4482260222273368

 0.400938054773039
0.4011416189692278
0.4011526175984558
0.4011631096863451
 0.401154489378306

-0.0002896467232024427
    0.4010847203626746

0
0
0
0
0

0
0

0
0
0
0
0

0
0

0
0
0
0
0

0
0

0
0
0
0
0

0
0

0
0
0
0
0

0
0

0
0
0
0
0

0
0

0
0
0
0
0

0
0

0
0
0
0
0

0
0

0
0
0
0
0

0
0

0
0
0
0
0

0
0

0
0
0
0
0

0
0

0
0
0
0
0

0
0

0
0
0
0
0

0
0

0
0
0
0
0

0
0

0
0
0
0
0

0
0

0
0
0
0
0

0
0

0
0
0
0
0

0
0

0
0
0
0
0

0
0

0
0
0
0
0

0
0

0
0
0
0
0

0
0

0
0
0
0
0

0
0

0
0
0
0
0

0
0

0
0
0
0
0

0
0

0
0
0
0
0

0
0

0
0
0
0
0

0
0

0
0
0
0
0

0
0

0
0
0
0
0

0
0

0
0
0
0
0

0
0

0
0
0
0
0

0
0

0
0
0
0
0

0
0

0
0
0
0
0

0
0

0
0
0
0
0

0
0

0
0
0
0
0

0
0

0
0
0
0
0

0
0

0
0
0
0
0

0
0

0
0
0
0
0

0
0

0
0
0
0
0

0
0

0
0
0
0
0

0
0

0
0
0
0
0

0
0

0
0
0
0
0

0
0

0
0
0
0
0

0
0

0
0
0
0
0

0
0

0
0
0
0
0

0
0

0
0
0
0
0

0
0

0
0
0
0
0

0
0

0
0
0
0
0

0
0

0
0
0
0
0

0
0

0
0
0
0
0

0
0

0
0
0
0
0

0
0

0
0
0
0
0

0
0

0
0
0
0
0

0
0

0
0
0
0
0

0
0

0
0
0
0
0

0
0

0
0
0
0
0

0
0

0
0
0
0
0

0
0

0
0
0
0
0

0
0

0
0
0
0
0

0
0

0
0
0
0
0

0
0

0
0
0
0
0

0
0

0
0
0
0
0

0
0

0
0
0
0
0

0
0

0
0
0
0
0

0
0

0
0
0
0
0

0
0

0
0
0
0
0

0
0

0
0
0
0
0

0
0

0
0
0
0
0

0
0

0
0
0
0
0

0
0

0
0
0
0
0

0
0

0
0
0
0
0

0
0

0
0
0
0
0

0
0

0
0
0
0
0

0
0

0
0
0
0
0

0
0

0
0
0
0
0

0
0

0
0
0
0
0

0
0

0
0
0
0
0

0
0

0
0
0
0
0

0
0

0
0
0
0
0

0
0

   2.343671020636185    4.668676955433584     2.87029528672299   -9.837769953701537 -0.04486637017786773
   1.228798843263086   0.5509803617927922    0.839387151286678    -1.70990910776934  0.08980087763113742

-3.501524648988224e-08  9.244420229054815e-08  1.651287717613738e-06 -0.0006239210787070151  -0.002451427664689539
-8.056627984704917e-09  9.112015082050994e-09  3.775448587126631e-07 -0.0001630216755968878     0.1196114946697557

cov:
0.05359728231528887 0.05365951922025419 0.05368633135557781 0.05371786320513174 0.05375406358370683
0.05365951922025419 0.05375291110371853 0.05379315995792903 0.05384045334148175 0.05389605288909985
0.05368633135557781 0.05379315995792903 0.05383923630039608 0.05389333612709958 0.05395730662363125
0.05371786320513174 0.05384045334148175 0.05389333612709958 0.05395543358872375 0.05402921256216864
0.05375406358370683 0.05389605288909985 0.05395730662363125 0.05402921256216864 0.05411584221687857

cov.inverse():
 13493180.66070791 -21708846.57190875  -10282462.2961853  17600314.77635174  897901.1057923998
-21708846.56339711  64207943.65730837 -36635130.81407073 -5252959.341671304 -611092.1315993256
-10282462.31225802 -36635130.78153013  106373245.4757304 -58751381.22743873 -704227.7701811617
 17600314.78415721 -5252959.365663206 -58751381.21197499  47287602.59537756 -883665.5554162022
 897901.1055480181 -611092.1316363959 -704227.7691769573 -883665.5561389542  1301145.943288545

cov*(cov_.inverse()):
     1.000000000014552 -1.964508555829525e-10 -6.039044819772243e-10 -1.455191522836685e-11  1.455191522836685e-11
 5.093170329928398e-11     0.9999999999563443  -1.29512045532465e-09 -8.731149137020111e-11  1.455191522836685e-11
-1.600710675120354e-10 -1.164153218269348e-10     0.9999999993451638 -3.637978807091713e-10                      0
-8.731149137020111e-11 -2.182787284255028e-10 -2.182787284255028e-11     0.9999999997889972  1.455191522836685e-11
-8.003553375601768e-11  5.820766091346741e-11 -1.309672370553017e-10  -3.92901711165905e-10      1.000000000014552
