5
2

0.2869019473173124
 1.333454524695004
  1.38982801779567
 7.412166069729843
 54.75863065368474

   0.5047862965582551   -0.8391960801688714   0.07288786488254785    0.1104534997128838    0.1530624623813502
   0.2919178918411918    0.1752559351774803   -0.7935928929920877   -0.1472114351026725    0.4822949462471307
 0.003243315546662484 -0.001340822803334964   -0.4026690924467586    0.8158412513549083   -0.4150281167273325
  -0.7946224086522009   -0.3997601784554993   -0.1571720392813788    0.1325080221514996    0.4080509790732439
   0.1689362240670586     0.324384491197877    0.4219623578016763    0.5319525302405684    0.6365607027121343

9.123625964321374
20.97678293773458
 28.3497480989736
36.72824776422164
44.70012406000001

  0.4155256372689275
-0.06325013517640506

  -0.03488438396684355    0.03474284503865326  3.405453526684598e-05  4.587099267926338e-05  6.327835169336535e-05
     1.773379953263539    -0.7712636091813514 -0.0004006941858675263 -0.0006668689670070067   -0.00106638706843841

 -0.003847954066110943  -0.007286205015582802 -0.0003134570753882354     0.7613423592541879      16.35942416784421
     0.126938836663306     0.6799718741079459    0.01322316350181512     -60.50606073398475      144.5266258273436

cov:
120.4388760991451 181.8273996490935 220.1979986007996 263.6124657916465 304.8939305678943
181.8273996490935 324.4113407943804 413.6305229406159 514.4480551856791 610.3419095743765
220.1979986007996 413.6305229406159 536.6816299824244 671.4864594604535  801.532729636149
263.6124657916465 514.4480551856791 671.4864594604535 850.7880626837826 1017.546607897578
304.8939305678943 610.3419095743765  801.532729636149 1017.546607897578 1224.919962968038

cov.inverse():
    3.155056630044109    -5.111835223530885     0.318321541976282    0.6526757949492941     1.011279525569731
   -5.111835223530829     8.576004398361169   -0.8198581088589542    -1.142079957247688    -1.515580388162454
   0.3183215419761802   -0.8198581088587913     0.503184538755596 -0.006866680023616448  0.005720984179611645
   0.6526757949493236    -1.142079957247754 -0.006866680023583626    0.5053960455426342 -0.008733460015953012
    1.011279525569745    -1.515580388162492  0.005720984179640243 -0.008733460015957036    0.5077804298432669

cov*(cov_.inverse()):
                     1  -1.13686837721616e-13  1.088018564132653e-14                      0  2.842170943040401e-14
 -1.13686837721616e-13                      1  2.131628207280301e-14  2.042810365310288e-14                      0
                     0  2.273736754432321e-13      1.000000000000018 -4.352074256530614e-14                      0
 2.273736754432321e-13 -9.094947017729282e-13  5.329070518200751e-14      1.000000000000071  2.273736754432321e-13
                     0 -2.273736754432321e-13  2.664535259100376e-15  4.085620730620576e-14                      1
