6
2

0.0001296804309649093
0.0001686992042905199
0.0004144708578332818
 0.001657908104907857
   0.0591230445988837
    0.598274888434565

 0.01166768859138819   0.1352101674866525  -0.6074699945285252   0.7332460513467801  -0.2736994924353751 0.001047579902650366
  0.1454326495197339  -0.7078392869135589   0.4693405102746661   0.4009080382531759  -0.3111178856499968 0.003283270192394847
 -0.5544495338718555   0.4700807695585368   0.4531716820129426   0.1095653953822374  -0.5035918511638281  0.02521671426293921
  0.3565469602766451  0.02384283569297258  -0.1511090383639262   -0.340521458806428  -0.5473809584487204   0.6587040801820145
 -0.6280521012585737  -0.3178965656848954  -0.1397323745107845  0.06956067862433971   0.3150319152102767   0.6171575159813613
  0.3869415293142641   0.3975916464326889   0.4037029103468261   0.4108830067850731   0.4193071371171584   0.4296251566822581

 0.401202368539678
0.4013597331173888
0.4013503822668205
0.4013421292895658
0.4013322881970616
0.4013102957222527

0.0001421900541967686
    0.401408491784736

 -3.269173513464789   4.644175437135259   7.224837516067913   7.318225993925673  -15.48745142974704 -0.4309023367669172
  1.058812824178511  0.2754475305907705  0.4894865384207755  0.7339539041048389  -1.532642368751844 -0.0251058965087112

9.763017581354364e-08 2.100043064256386e-07 2.724550400948821e-06 9.771659869153614e-06  -0.01771751867927866  -0.06227903026102079
1.193797390615818e-08 2.731385229084553e-08 1.057952923158121e-07 2.425947284965213e-06 -0.004433112866392737      0.13062995636694

cov:
0.05497026077025263 0.05576395650331949 0.05621905812385584 0.05675386465528664 0.05738154941083136 0.05814843880987854
0.05576395650331949 0.05693501433859899 0.05760669751963576 0.05839589897804436 0.05932192313208164 0.06045468044377123
0.05621905812385584 0.05760669751963576 0.05840283843565976 0.05933816217184221 0.06043557777881366 0.06177848803121946
0.05675386465528664 0.05839589897804436 0.05933816217184221 0.06044520488690748 0.06174397758145014 0.06333378389991916
0.05738154941083136 0.05932192313208164 0.06043557777881366 0.06174397758145014 0.06327899237865478 0.06515839767886436
0.05814843880987854 0.06045468044377123 0.06177848803121946 0.06333378389991916 0.06515839767886436 0.06739903144577133

cov.inverse():
 2587162.733614644 -5037436.549296959  494734.6771690955  2159626.609259874 -225449.3439364117   21450.9853756938
-5037436.549009177  19978973.52728212 -15318713.33341188 -3779119.575476572   4154699.44438637  1423.506448288899
 494734.6774408407 -15318713.33457169  30887182.46161121 -19567213.07033578  3457450.788532106  46590.12049458992
 2159626.607999583 -3779119.572181717 -19567213.07226391  37730247.09456395 -16569783.48960367  26419.00141872377
-225449.3432235728  4154699.442506151  3457450.789557251 -16569783.48943098  9440955.599927329 -257986.4177000833
 21450.98536362059  1423.506481263841  46590.12050948826  26419.00135248353 -257986.4176696436   162110.640165718

cov*(cov_.inverse()):
      1.00000000000864 -9.556799795973347e-11  1.987245923373848e-10 -4.231424099998549e-10 -3.456079866737127e-11 -3.637978807091713e-12
 -1.13686837721616e-12     0.9999999998762661  5.456968210637569e-11 -1.525677362224087e-10  8.549250196665525e-11 -5.456968210637569e-12
-5.525180313270539e-11  1.977724650714663e-10     0.9999999999636202 -4.802132025361061e-10 -2.364686224609613e-11 -1.818989403545856e-12
-9.322320693172514e-12 -8.715517196833389e-11 -7.048583938740194e-11     0.9999999997576197    1.2732925824821e-11 -1.818989403545856e-12
 9.322320693172514e-12  3.431921413721284e-11  4.047251422889531e-11 -2.692104317247868e-10     0.9999999999490683 -5.456968210637569e-12
-4.774847184307873e-12  1.305551222685608e-10 -5.911715561524034e-12  6.775735528208315e-11  6.184563972055912e-11                      1
