6
2

0.0001296899370336738
0.0001686604564474993
0.0004147715946302678
 0.001658260413645612
  0.05912183724557089
   0.5982742875021695

  0.0117458043144996   0.1350190736877774  -0.6073994932433504   0.7333222521110594  -0.2737427598109238 0.001057089912650568
  0.1456119688794936  -0.7080709969636656   0.4693079846726657   0.4007488009097115  -0.3107619239143417 0.003171516180538295
 -0.5544252365353265   0.4697894828638599   0.4533444425023966   0.1098246926469835  -0.5036821640881416  0.02514219162936031
  0.3565171864868896  0.02379183369616688  -0.1509749585071983  -0.3404622741471045  -0.5474855833561275   0.6586964264305518
  -0.628047123526284  -0.3178959895670981  -0.1397326140873191  0.06955672434423832   0.3150201144026487   0.6171692933288904
  0.3869420551744446   0.3975918048154556   0.4037029180554275   0.4108828446093469   0.4193066529576953   0.4296251568817222

0.4012020065527528
0.4013599535321954
0.4013507110278381
0.4013425064804346
0.4013326900641777
0.4013103346319583

0.0001421900541967686
    0.401408491784736

0
0
0
0
0
0

0
0

0
0
0
0
0
0

0
0

0
0
0
0
0
0

0
0

0
0
0
0
0
0

0
0

0
0
0
0
0
0

0
0

0
0
0
0
0
0

0
0

0
0
0
0
0
0

0
0

0
0
0
0
0
0

0
0

0
0
0
0
0
0

0
0

0
0
0
0
0
0

0
0

0
0
0
0
0
0

0
0

0
0
0
0
0
0

0
0

0
0
0
0
0
0

0
0

0
0
0
0
0
0

0
0

0
0
0
0
0
0

0
0

0
0
0
0
0
0

0
0

0
0
0
0
0
0

0
0

0
0
0
0
0
0

0
0

0
0
0
0
0
0

0
0

0
0
0
0
0
0

0
0

0
0
0
0
0
0

0
0

0
0
0
0
0
0

0
0

0
0
0
0
0
0

0
0

0
0
0
0
0
0

0
0

0
0
0
0
0
0

0
0

0
0
0
0
0
0

0
0

0
0
0
0
0
0

0
0

0
0
0
0
0
0

0
0

0
0
0
0
0
0

0
0

0
0
0
0
0
0

0
0

0
0
0
0
0
0

0
0

0
0
0
0
0
0

0
0

0
0
0
0
0
0

0
0

0
0
0
0
0
0

0
0

0
0
0
0
0
0

0
0

0
0
0
0
0
0

0
0

0
0
0
0
0
0

0
0

0
0
0
0
0
0

0
0

0
0
0
0
0
0

0
0

0
0
0
0
0
0

0
0

0
0
0
0
0
0

0
0

0
0
0
0
0
0

0
0

0
0
0
0
0
0

0
0

0
0
0
0
0
0

0
0

0
0
0
0
0
0

0
0

0
0
0
0
0
0

0
0

0
0
0
0
0
0

0
0

0
0
0
0
0
0

0
0

0
0
0
0
0
0

0
0

0
0
0
0
0
0

0
0

0
0
0
0
0
0

0
0

0
0
0
0
0
0

0
0

0
0
0
0
0
0

0
0

0
0
0
0
0
0

0
0

0
0
0
0
0
0

0
0

0
0
0
0
0
0

0
0

0
0
0
0
0
0

0
0

0
0
0
0
0
0

0
0

0
0
0
0
0
0

0
0

0
0
0
0
0
0

0
0

0
0
0
0
0
0

0
0

0
0
0
0
0
0

0
0

0
0
0
0
0
0

0
0

0
0
0
0
0
0

0
0

0
0
0
0
0
0

0
0

0
0
0
0
0
0

0
0

0
0
0
0
0
0

0
0

0
0
0
0
0
0

0
0

0
0
0
0
0
0

0
0

0
0
0
0
0
0

0
0

0
0
0
0
0
0

0
0

0
0
0
0
0
0

0
0

0
0
0
0
0
0

0
0

0
0
0
0
0
0

0
0

0
0
0
0
0
0

0
0

0
0
0
0
0
0

0
0

0
0
0
0
0
0

0
0

  -3.265685574275173    4.644267309665838    7.220224632713438    7.315426249102859   -15.48464869772214  -0.4298577093870981
   1.059189031047061   0.2743130864024999   0.4893844647295478   0.7359292980679273   -1.533927480723047 -0.02493412428791489

9.765502150048376e-08 2.095596887394029e-07 2.728070342202113e-06 9.789383557637061e-06  -0.01771717576792269  -0.06227785192860573
1.197168798029023e-08 2.734261574123811e-08 1.060248142038054e-07 2.428327947384226e-06 -0.004432940894003558    0.1306301025097317

cov:
0.05497022076968772  0.0557639072737549  0.0562190084258402 0.05675382124637091 0.05738150403936818 0.05814844060443559
 0.0557639072737549  0.0569349300479565 0.05760659980669384 0.05839578948959294  0.0593217861781578 0.06045459809239655
 0.0562190084258402 0.05760659980669384 0.05840272091201767  0.0593380238006858  0.0604353989100312 0.06177837070186581
0.05675382124637091 0.05839578948959294  0.0593380238006858 0.06044503321369799 0.06174374799809063 0.06333362011639904
0.05738150403936818  0.0593217861781578  0.0604353989100312 0.06174374799809063 0.06327868120836372 0.06515815288352259
0.05814844060443559 0.06045459809239655 0.06177837070186581 0.06333362011639904 0.06515815288352259 0.06739889570270133

cov.inverse():
 2586668.409209108 -5041069.825438533  497573.4867982458   2165386.86347909 -229706.2767094013  21236.01940467327
-5041069.825860055   19991910.4219113 -15320995.96046475 -3791490.903727924  4157628.962144483  3843.218554109926
 497573.4875263717 -15320995.96279927  30880516.15842812 -19562709.41465016  3461435.696908428   44214.4692194888
 2165386.863227392 -3791490.901067526 -19562709.41782532  37730509.31374153 -16566796.95144711  25277.09690862374
-229706.2767727238  4157628.961433784  3461435.698439126 -16566796.95220533   9433876.05423945 -256551.6416525035
 21236.01941310385  3843.218517397315  44214.46925754398  25277.09690039502 -256551.6416540476  161988.7300274224

cov*(cov_.inverse()):
    0.9999999999695319  1.158753093477571e-10 -2.582964953035116e-10 -1.257376425201073e-10  3.274180926382542e-10 -1.818989403545856e-12
-3.774403012357652e-11     0.9999999999788827 -1.364242052659392e-11 -3.240074875066057e-10  1.091393642127514e-10 -1.818989403545856e-12
 3.069544618483633e-11  9.532641342957504e-11     0.9999999997476152 -1.377884473185986e-10   2.78305378742516e-10 -1.818989403545856e-12
-5.115907697472721e-11  1.553246420371579e-10   4.82032191939652e-11       1.00000000003547  1.564330887049437e-10 -1.818989403545856e-12
-2.751221472863108e-11  6.406253305613063e-11 -1.787157088983804e-10 -1.095941115636379e-10      1.000000000098225 -1.818989403545856e-12
-1.023181539494544e-11 -1.471107680117711e-10 -7.912603905424476e-11  2.364686224609613e-11 -2.182787284255028e-11      0.999999999998181
