5
2

0.0001598806321095139
0.0004116312397834836
 0.001540628830996732
  0.05894108518624933
   0.5455493247732893

  -0.1192124587494138    0.6836920151417704   -0.7056091249765809    0.1430581869874597 -0.001932872460671818
  -0.5613013244293837     0.497927257985135    0.4866407278551153   -0.4468068767147033   0.02353053043005828
     0.33236639185461  -0.03675901311398053   -0.2308362364968278   -0.6776357737276552    0.6129484045210795
  -0.6163980172294542   -0.3049631737618096    -0.126064135633796    0.3305779340403743    0.6339377021736626
   0.4246354657749209    0.4362108570299464    0.4428532831190392    0.4598107847217515    0.4710199797243965

0.4012274807688996
 0.401384058439567
0.4013740812594422
0.4013522204112393
 0.401326804016323

0.0001876815330272458
   0.4014397806572854

0
0
0
0
0

0
0

0
0
0
0
0

0
0

0
0
0
0
0

0
0

0
0
0
0
0

0
0

0
0
0
0
0

0
0

0
0
0
0
0

0
0

0
0
0
0
0

0
0

0
0
0
0
0

0
0

0
0
0
0
0

0
0

0
0
0
0
0

0
0

0
0
0
0
0

0
0

0
0
0
0
0

0
0

0
0
0
0
0

0
0

0
0
0
0
0

0
0

0
0
0
0
0

0
0

0
0
0
0
0

0
0

0
0
0
0
0

0
0

0
0
0
0
0

0
0

0
0
0
0
0

0
0

0
0
0
0
0

0
0

0
0
0
0
0

0
0

0
0
0
0
0

0
0

0
0
0
0
0

0
0

0
0
0
0
0

0
0

0
0
0
0
0

0
0

0
0
0
0
0

0
0

0
0
0
0
0

0
0

0
0
0
0
0

0
0

0
0
0
0
0

0
0

0
0
0
0
0

0
0

0
0
0
0
0

0
0

0
0
0
0
0

0
0

0
0
0
0
0

0
0

0
0
0
0
0

0
0

0
0
0
0
0

0
0

0
0
0
0
0

0
0

0
0
0
0
0

0
0

0
0
0
0
0

0
0

0
0
0
0
0

0
0

0
0
0
0
0

0
0

0
0
0
0
0

0
0

0
0
0
0
0

0
0

0
0
0
0
0

0
0

0
0
0
0
0

0
0

0
0
0
0
0

0
0

0
0
0
0
0

0
0

0
0
0
0
0

0
0

0
0
0
0
0

0
0

0
0
0
0
0

0
0

0
0
0
0
0

0
0

0
0
0
0
0

0
0

0
0
0
0
0

0
0

0
0
0
0
0

0
0

0
0
0
0
0

0
0

0
0
0
0
0

0
0

0
0
0
0
0

0
0

0
0
0
0
0

0
0

0
0
0
0
0

0
0

0
0
0
0
0

0
0

0
0
0
0
0

0
0

0
0
0
0
0

0
0

0
0
0
0
0

0
0

0
0
0
0
0

0
0

0
0
0
0
0

0
0

0
0
0
0
0

0
0

0
0
0
0
0

0
0

0
0
0
0
0

0
0

0
0
0
0
0

0
0

0
0
0
0
0

0
0

0
0
0
0
0

0
0

0
0
0
0
0

0
0

0
0
0
0
0

0
0

0
0
0
0
0

0
0

0
0
0
0
0

0
0

0
0
0
0
0

0
0

0
0
0
0
0

0
0

0
0
0
0
0

0
0

  -3.706335503536226    5.494587405626215    10.90545356551113   -12.27079872071835  -0.4232064324862198
   1.012775074860789   0.3657080118257112   0.8556434152615164   -1.208866943914915 -0.02530693584187005

 -1.34229210378516e-07   2.64259611090425e-06  9.742225310884781e-06   -0.01768499743843678   -0.05628403839866406
-1.654726194682458e-08  9.650462689588496e-08   2.20576482660702e-06   -0.00437499025967413     0.1192699830002163

cov:
0.05498643611021309 0.05578205364495131 0.05623829304665703  0.0574032925887089 0.05817128977467091
0.05578205364495131 0.05695503375152133 0.05762785472237032 0.05934557578679079 0.06047935793150409
0.05623829304665703 0.05762785472237032 0.05842513272439211 0.06046036040588769 0.06180425171857579
 0.0574032925887089 0.05934557578679079 0.06046036040588769 0.06330622790766778 0.06518649474445429
0.05817128977467091 0.06047935793150409 0.06180425171857579 0.06518649474445429 0.06742785532901927

cov.inverse():
 2462032.876475931  -4843095.53064972   1646358.44027067  718001.1944812571  16784.57137346208
-4843095.530630789  19750281.07636405 -17438996.22531654  2523774.972991481  7902.720123097788
 1646358.440244851 -17438996.22527842  20897765.64436604 -5166341.904350911  61301.84491194809
 718001.1944873545  2523774.972974024 -5166341.904339378  2172338.933717502 -247799.8203643468
 16784.57137425543  7902.720121366772  61301.84491271218 -247799.8203641732  161819.7016173455

cov*(cov_.inverse()):
    0.9999999999837428 -3.410605131648481e-13  8.640199666842818e-11 -3.819877747446299e-11 -1.818989403545856e-12
-3.115019353572279e-11      1.000000000171042  1.318767317570746e-11 -2.364686224609613e-11                      0
 1.432454155292362e-11  1.424496076651849e-10      1.000000000037289 -7.821654435247183e-11                      0
-2.569322532508522e-11  4.238245310261846e-10  5.456968210637569e-12      1.000000000005457 -3.637978807091713e-12
-9.094947017729282e-12 -2.808064891723916e-11 -1.818989403545856e-11 -1.818989403545856e-11                      1
