5 
6 
11 
12 
14 
inputFileName = /Users/demattia/RemoteProjects/extracted_endcaps.root
eventsFractionStartBuild = 0
eventsFractionEndBuild = 0.2
eventsFractionStartTest = 0.8
eventsFractionEndTest = 1
var name = R
var name = z
par name = cotTheta
firstOrderChargeOverPtCoefficientsFileName = 
firstOrderCotThetaCoefficientsFileName = 
2 < pT < 10, pT regions = 1
0 < phi < 0.8, phi regions = 1
-3 < eta < 3, eta regions = 1
-15 < z0 < 15, eta regions = 1
charge regions = 1
endcap regions = 0
Training
Requested running from track number 0 to track number 1000000 for a total of 1000000 tracks.
Analyzed 10% of 1000000 tracks
Analyzed 20% of 1000000 tracks
Analyzed 30% of 1000000 tracks
Analyzed 40% of 1000000 tracks
Analyzed 50% of 1000000 tracks
Analyzed 60% of 1000000 tracks
Analyzed 70% of 1000000 tracks
Analyzed 80% of 1000000 tracks
Analyzed 90% of 1000000 tracks
Analyzed 100% of 1000000 tracks
Evaluating eigenvalues:
geomIndex = 0
Sqrt(eigenvalues) of cov:
 0.0610548 0.11008 0.587372 1.06192 1.56896 2.1133 2.61954 3.02607 5.29742 10.9477
Analyzed 10% of 1000000 tracks
Analyzed 20% of 1000000 tracks
Analyzed 30% of 1000000 tracks
Analyzed 40% of 1000000 tracks
Analyzed 50% of 1000000 tracks
Analyzed 60% of 1000000 tracks
Analyzed 70% of 1000000 tracks
Analyzed 80% of 1000000 tracks
Analyzed 90% of 1000000 tracks
Analyzed 100% of 1000000 tracks
opening GeometricIndex.txt for writing
Matrices built:
geomIndex = 0

V_0:
   -0.207448    0.0710674   0.00322757 -0.000834202     0.745233    -0.260699    -0.539727     0.192931 -0.000311439  -0.00622734
    0.412553    -0.139085    -0.801822     0.273671     0.237331   -0.0769276     0.165834   -0.0481174  0.000529747   -0.0240887
   -0.635993     0.136415     -0.14212    0.0253625     0.236528   -0.0772648     0.560541    -0.178155    -0.364875     0.122752
    0.590585    0.0509475     0.483383    0.0136933     0.344344    -0.179093     0.323665   -0.0532557    -0.353649     0.177364
  -0.0397875   -0.0210932   -0.0912984   -0.0316585    -0.273851    -0.502177      0.11029     0.668676    0.0177332      0.44928
   0.0227025   0.00839386    -0.109924   -0.0548299    0.0194433     0.414589    -0.265388     -0.20777   -0.0997196     0.829771
  -0.0430018    -0.105805    0.0481447     0.113968    -0.176843    -0.660841    -0.156202     -0.64898     0.180506     0.159716
    0.153764     0.402429    -0.283677     -0.71304    -0.142105    -0.162988    -0.161255    -0.108429    -0.352522    -0.129299
  -0.0756568    -0.722188  -0.00206476   -0.0157059    -0.133714   -0.0228377     -0.22644     0.032037    -0.623021    -0.116666
   0.0131524     0.509102 -0.000453355      0.63135      -0.2628   -0.0145406    -0.279209    0.0403996     -0.43189   -0.0815158
corrPV_0:
0.000253229  0.00168716  -0.0417176   0.0248905   0.0296607    0.121867  -0.0274904    0.117099     1.07429     1.55366
D_0:
    0.132839   -0.0454099   -0.0915699    0.0314129    0.0502656   -0.0182681   -0.0938483    0.0321245 -0.000820785   0.00553461
opening matrixVD_0.txt for writing
