5 
6 
11 
12 
14 
inputFileName = /Users/demattia/RemoteProjects/extracted_endcaps.root
eventsFractionStartBuild = 0
eventsFractionEndBuild = 0.2
eventsFractionStartTest = 0.8
eventsFractionEndTest = 1
var name = R
var name = z
par name = cotTheta
firstOrderChargeOverPtCoefficientsFileName = 
firstOrderCotThetaCoefficientsFileName = 
pT > 2, pT regions = 1
0 < phi < 0.8, phi regions = 1
-3 < eta < 3, eta regions = 1
-15 < z0 < 15, eta regions = 1
charge regions = 1
endcap regions = 0
Training
Requested running from track number 0 to track number 1000000 for a total of 1000000 tracks.
Analyzed 10% of 1000000 tracks
Analyzed 20% of 1000000 tracks
Analyzed 30% of 1000000 tracks
Analyzed 40% of 1000000 tracks
Analyzed 50% of 1000000 tracks
Analyzed 60% of 1000000 tracks
Analyzed 70% of 1000000 tracks
Analyzed 80% of 1000000 tracks
Analyzed 90% of 1000000 tracks
Analyzed 100% of 1000000 tracks
Evaluating eigenvalues:
geomIndex = 0
Sqrt(eigenvalues) of cov:
 0.0610631 0.110888 0.586588 1.05846 1.56657 2.1155 2.61401 3.03358 5.29631 10.9366
Analyzed 10% of 1000000 tracks
Analyzed 20% of 1000000 tracks
Analyzed 30% of 1000000 tracks
Analyzed 40% of 1000000 tracks
Analyzed 50% of 1000000 tracks
Analyzed 60% of 1000000 tracks
Analyzed 70% of 1000000 tracks
Analyzed 80% of 1000000 tracks
Analyzed 90% of 1000000 tracks
Analyzed 100% of 1000000 tracks
opening GeometricIndex.txt for writing
Matrices built:
geomIndex = 0

V_0:
    -0.20834    0.0713666   0.00469615  -0.00146189     0.744661    -0.260531    -0.540088     0.193251 -0.000217552  -0.00621855
     0.41263    -0.138993    -0.801574     0.273714     0.238879    -0.077306     0.164585   -0.0477679  0.000391095   -0.0238254
   -0.636255     0.135865    -0.142295    0.0261788     0.236504   -0.0775409     0.560385    -0.178658    -0.364568     0.122395
    0.589798    0.0504753     0.483986    0.0146477     0.344168    -0.180369     0.323589   -0.0540758    -0.352643     0.179325
  -0.0402134   -0.0205065   -0.0923403   -0.0337198    -0.274759    -0.504077     0.110488     0.668548    0.0171989     0.446377
   0.0210755   0.00753561    -0.110002      -0.0536    0.0150806      0.40201    -0.268164     -0.21668   -0.0968526     0.833333
  -0.0461953    -0.112793    0.0524391     0.123207    -0.176349     -0.66502    -0.151556    -0.644145     0.185858     0.146383
    0.153599     0.400171    -0.282113    -0.711331     -0.14308    -0.170275    -0.162617    -0.117981    -0.352192    -0.129704
  -0.0754426    -0.724421    -0.001379    -0.017044    -0.131874   -0.0205664    -0.224951    0.0333941    -0.621402    -0.116439
   0.0130007     0.506418 -0.000197861     0.631432    -0.263341   -0.0151019    -0.279892     0.040803    -0.433973   -0.0821662
corrPV_0:
0.000250045  0.00173625  -0.0415825   0.0246157   0.0292349    0.121581  -0.0304188    0.116787     1.07349     1.56587
D_0:
    0.133675   -0.0457028   -0.0929965    0.0318898    0.0502592   -0.0182478   -0.0932217    0.0318769 -0.000834943   0.00549459
opening matrixVD_0.txt for writing
