10
1

0.06105475658391978
  0.110080496660771
 0.5873722931739644
  1.061921605506249
  1.568960650509777
  2.113302578258398
  2.619538480838219
  3.026065901202635
  5.297417655933163
  10.94769754806016

   -0.2074475779544008     0.0710674093401176   0.003227566732562733 -0.0008342023585510472      0.745233383214154    -0.2606994379589466    -0.5397272116057832     0.1929312845001161  -0.000311438917214052  -0.006227339737475015
    0.4125529219602059    -0.1390848288855168    -0.8018222906600422     0.2736710872034117     0.2373312920557644   -0.07692764131476491     0.1658336961292745   -0.04811736460378095  0.0005297467920559447   -0.02408872803786943
   -0.6359929294609999     0.1364152747852053    -0.1421201577372716    0.02536247956039108     0.2365280516765481   -0.07726477667283405     0.5605405051432542    -0.1781554095338907    -0.3648754137356175     0.1227519104975039
    0.5905851199035258    0.05094746209501804     0.4833825776543055    0.01369327984976499      0.344343554811734    -0.1790925717675003     0.3236645434524906   -0.05325573787168399    -0.3536494468490795     0.1773636811693545
  -0.03978753440839709    -0.0210932058938322   -0.09129840710548047   -0.03165852878568208    -0.2738505293996614    -0.5021769687519972     0.1102898725061204     0.6686762250151462    0.01773324765072734     0.4492797890383728
   0.02270249611899151   0.008393855876391887     -0.109923971069679   -0.05482993347064038    0.01944328718990621      0.414588743437842    -0.2653877638881803    -0.2077704956262667   -0.09971958601552203     0.8297707100891146
  -0.04300175728734126    -0.1058051831242262    0.04814473553961574     0.1139677021210799    -0.1768430763061197    -0.6608405857434227    -0.1562017392866969    -0.6489799614003444     0.1805062046945967     0.1597164437857286
    0.1537636640849292     0.4024291294584268    -0.2836770673166184    -0.7130398426758954     -0.142105102091613    -0.1629881717661209    -0.1612553439628257     -0.108428559720875    -0.3525220810116737     -0.129298783092661
  -0.07565676383303886    -0.7221883879012341   -0.00206475933208611   -0.01570593960201163    -0.1337141908052787   -0.02283768643009455    -0.2264399733106621    0.03203704125528534    -0.6230213722056087    -0.1166659256277175
   0.01315241979483707     0.5091018305128845  -0.000453354518784999     0.6313501119780985    -0.2628004699657663   -0.01454056807249109    -0.2792086597172617    0.04039959769920085    -0.4318902891966689   -0.08151582916861513

22.68854581311759
64.96468095469177
35.43475086474844
102.2290426397401
45.40028161309767
130.8983086703962
53.86229076169684
155.5613925871112
75.92016899439217
220.3240877841747

2.922589471429369

    0.1328394545204123   -0.04540994149456842   -0.09156991047746146    0.03141289788760784    0.05026563053867099   -0.01826810935725368   -0.09384828847679738    0.03212451868211915 -0.0008207847816025602   0.005534614784622117

0.0002532291999023374  0.001687161118446648  -0.04171755291007378   0.02489053758057108   0.02966067287841873    0.1218674138075245  -0.02749038625783333    0.1170985272007322     1.074289459061279     1.553657666375092

cov:
   0.9518493372542594     2.939834373383587  -0.06306406868457998 -0.006571456747190742   -0.0714440341951614  -0.02020946994906225  -0.08422899536320597  -0.04883009611664602  -0.07498709250471278   0.02121454858584852
    2.939834373383587     47.27086914160419    -1.043087671781503     36.13209875846931    -13.67496678138155   -0.5174599166727216    -12.89925460394408     1.833572440297654    -15.19841872626154    -3.178084688337567
 -0.06306406868457998    -1.043087671781503     1.105678247590025     1.894080143331449    0.5585513761769115    0.0234173991861852    0.6483984184015251 -0.004899449192794418    0.9050105276476005  -0.01760484030563762
-0.006571456747190742     36.13209875846931     1.894080143331449     52.54237292561938    -19.01250742232929   -0.6088793079257521    -20.02994898908769     3.239524446727594    -29.94865579719379    -5.382095377356297
  -0.0714440341951614    -13.67496678138155    0.5585513761769115    -19.01250742232929     9.520797267952593     1.855434520909102     10.11636744710154   -0.9676910503916945      15.9931049479032     2.827716592461126
 -0.02020946994906225   -0.5174599166727216    0.0234173991861852   -0.6088793079257521     1.855434520909102     4.706908799516072    0.8730390709248099      1.81786282846637    0.7341376237757428    0.6274717118132689
 -0.08422899536320597    -12.89925460394408    0.6483984184015251    -20.02994898908769     10.11636744710154    0.8730390709248099     11.76026426230173    -0.326359004706093      18.6620878045072     2.715854527193636
 -0.04883009611664602     1.833572440297654 -0.004899449192794418     3.239524446727594   -0.9676910503916945      1.81786282846637    -0.326359004706093     4.529944291610604    -2.939771325357615    -1.131079769134431
 -0.07498709250471278    -15.19841872626154    0.9050105276476005    -29.94865579719379      15.9931049479032    0.7341376237757428      18.6620878045072    -2.939771325357615     34.84228447288024     6.438344036288709
  0.02121454858584852    -3.178084688337567  -0.01760484030563762    -5.382095377356297     2.827716592461126    0.6274717118132689     2.715854527193636    -1.131079769134431     6.438344036288709     5.119017786076875

cov.inverse():
   27.07563391557619   -8.905125339065354   -26.96700446491761     9.31175022456352   -33.64469453060713    11.94935497363064    34.81390389402259   -12.08408093900275   0.5165629795546733  -0.6128619480802666
  -8.905125339065419    3.047774523985495    9.217758326777517   -3.176240674808288    11.59392640439908   -4.117219809766018   -11.95840084587324    4.156091498454206  -0.1766831565901857   0.2065330984241114
  -26.96700446492038    9.217758326778492    53.33988042280924   -18.08854760100464    -14.9958042613449    4.828429034833426   -11.52624386221872    3.380622546219215 -0.02257924651402249    1.582055701025673
    9.31175022456447   -3.176240674808617   -18.08854760100463    6.244739495257334    5.224878501582724   -1.683856362279883    3.921629619154205   -1.151809056313069  0.01043405568941832  -0.5350662732725867
  -33.64469453060173    11.59392640439705   -14.99580426135539    5.224878501586263     153.940124864916   -53.65562877553538   -104.1756778283919    37.43263115546268  -0.4076986815000562   -1.626179341880693
   11.94935497362844   -4.117219809765293     4.82842903483701   -1.683856362281129   -53.65562877553544    18.97389400491765    36.48767463325493   -13.23032866060304   0.1328730235398023   0.5051807261259291
   34.81390389401945   -11.95840084587215    -11.5262438622111    3.921629619151608   -104.1756778283964    36.48767463325646     81.4491949158474    -28.8389118591023  -0.6271314150030209   0.7929289572282059
   -12.0840809390016    4.156091498453805    3.380622546216565   -1.151809056312152    37.43263115546409   -13.23032866060352   -28.83891185910217    10.52501300172665   0.1825965093132266  -0.2287113727115463
   0.516562979554693  -0.1766831565901928 -0.02257924651406967  0.01043405568943458  -0.4076986815000326   0.1328730235397946  -0.6271314150030177    0.182596509313226   0.5329074160354963  -0.1892048939002241
 -0.6128619480803972   0.2065330984241562    1.582055701025774  -0.5350662732726218    -1.62617934188043   0.5051807261258368    0.792928957227969  -0.2287113727114638  -0.1892048939002227   0.3721102087713506

cov*(cov_.inverse()):
     1.000000000000013  6.002750380096344e-14 -4.565792188770956e-15    4.9439619065339e-16   4.63504234993195e-13  7.373615606987016e-14 -4.179989687713714e-14  2.708944180085382e-14  1.264613413987092e-15  3.486794186713382e-16
 3.819167204710538e-14      1.000000000000052  2.930988785010413e-14  -1.06581410364015e-14  6.217248937900877e-14 -8.881784197001252e-16 -2.327027459614328e-13  8.304468224196171e-14 -8.881784197001252e-16  6.661338147750939e-16
 -3.45851819405496e-14   2.48169540473242e-14     0.9999999999999771 -1.267735916243851e-14  2.008879174120182e-13  3.604234966037012e-14 -8.639096382712097e-14  -1.98504407356026e-14  8.023096076392733e-17  3.096481404618601e-16
-2.282618538629322e-13 -1.079136779935652e-13 -1.687538997430238e-13     0.9999999999999454 -5.773159728050814e-13 -1.643130076445232e-14  -1.56319401867222e-13 -1.147970607462412e-13 -3.108624468950438e-15  4.884981308350689e-15
 4.818367926873179e-14  3.841371665203042e-14 -3.108624468950438e-14  3.108624468950438e-15      1.000000000000458  9.281464485866309e-14 -1.554312234475219e-14 -6.017408793468348e-14  1.221245327087672e-15 -2.220446049250313e-16
 4.551914400963142e-15  5.551115123125783e-16 -5.218048215738236e-15  2.720046410331634e-15  2.220446049250313e-16      1.000000000000006 -3.352873534367973e-14  9.908740494779522e-15 -2.359223927328458e-16 -2.775557561562891e-16
 1.081357225984902e-13   4.75175454539567e-14  2.220446049250313e-14  8.659739592076221e-15  1.190159082398168e-13  8.526512829121202e-14       1.00000000000001 -6.405986852087153e-14 -5.551115123125783e-16                      0
 -8.43769498715119e-15 -2.164934898019055e-15  1.310063169057685e-14 -5.218048215738236e-15 -8.393286066166183e-14  9.436895709313831e-15  2.708944180085382e-14     0.9999999999999982 -1.387778780781446e-16  6.106226635438361e-16
 1.669775429036235e-13  5.573319583618286e-14  3.552713678800501e-15   4.39648317751562e-14  3.304023721284466e-13  2.113864638886298e-13  8.881784197001252e-14 -9.525713551283843e-14      1.000000000000003   1.77635683940025e-15
 1.154631945610163e-14  5.329070518200751e-15   1.77635683940025e-14 -1.332267629550188e-15  9.414691248821327e-14  4.884981308350689e-15 -3.552713678800501e-15 -6.217248937900877e-15  1.110223024625157e-16                      1
