10
1

0.06106308645585323
 0.1108880530108941
 0.5865877823148946
  1.058457246740416
  1.566566881552645
  2.115503931671718
  2.614010284557672
  3.033580978121936
  5.296305318987782
  10.93657859348007

  -0.2083404973775953   0.07136661643760581   0.00469614776837326 -0.001461890947164315     0.744661247725539    -0.260530795614749    -0.540088494829662    0.1932508293202626 -0.000217551674123243 -0.006218548449582233
   0.4126295626360661   -0.1389928596190899   -0.8015741730813714    0.2737139070062611    0.2388794490960221  -0.07730600907611831    0.1645848946379356  -0.04776787777075215 0.0003910949898089596  -0.02382541267790394
  -0.6362550010639386    0.1358650501669224   -0.1422946061728176    0.0261788151577756    0.2365044435454616  -0.07754094249108827    0.5603847999965554   -0.1786575195587423   -0.3645683736325245    0.1223948302055509
   0.5897984168330221   0.05047525624144271    0.4839859080206963   0.01464771489477967    0.3441680012160687   -0.1803691429542454    0.3235885908561682  -0.05407584161663696   -0.3526433759827886    0.1793248368182312
 -0.04021340590634188  -0.02050649017412046  -0.09234034252599332  -0.03371979472224473   -0.2747591979370912   -0.5040766634835174    0.1104878135707338    0.6685484126129139   0.01719891582059445    0.4463769295698665
  0.02107554950269064  0.007535607248494778   -0.1100024868044554  -0.05359998024237999     0.015080586015206    0.4020103244655659   -0.2681637862588909   -0.2166803385658011  -0.09685259545345781     0.833332583769632
 -0.04619525607773088   -0.1127927481180317   0.05243910981340995    0.1232071726818832   -0.1763493296210566   -0.6650200905197585    -0.151556098831601   -0.6441448961527503     0.185858109382568    0.1463830066672711
   0.1535987450845089    0.4001710618559229    -0.282112725958369    -0.711330581740251   -0.1430796434380844    -0.170274815810184   -0.1626173759157617    -0.117981329183778   -0.3521923304105543   -0.1297035860865198
 -0.07544263332134665   -0.7244206933862175 -0.001379000025640505  -0.01704401618260669   -0.1318737811126814  -0.02056639709544902   -0.2249514119032566   0.03339409493224472   -0.6214022443658942   -0.1164385868672605
    0.013000708215414     0.506417814049535 -0.000197860611419373    0.6314324898408449   -0.2633413460945623  -0.01510185337768681   -0.2798916880541376   0.04080300109905736   -0.4339731539630667  -0.08216617299282131

22.68929493295187
64.98158723050898
35.43071231591126
102.2301626965029
45.40171929696258
130.9025217812139
53.86770683056303
155.5617953270624
 75.9541345166418
220.3251649535926

2.923169033215664

0
0
0
0
0
0
0
0
0
0

0

0
0
0
0
0
0
0
0
0
0

0

0
0
0
0
0
0
0
0
0
0

0

0
0
0
0
0
0
0
0
0
0

0

0
0
0
0
0
0
0
0
0
0

0

0
0
0
0
0
0
0
0
0
0

0

0
0
0
0
0
0
0
0
0
0

0

0
0
0
0
0
0
0
0
0
0

0

0
0
0
0
0
0
0
0
0
0

0

0
0
0
0
0
0
0
0
0
0

0

0
0
0
0
0
0
0
0
0
0

0

0
0
0
0
0
0
0
0
0
0

0

0
0
0
0
0
0
0
0
0
0

0

0
0
0
0
0
0
0
0
0
0

0

0
0
0
0
0
0
0
0
0
0

0

0
0
0
0
0
0
0
0
0
0

0

0
0
0
0
0
0
0
0
0
0

0

0
0
0
0
0
0
0
0
0
0

0

0
0
0
0
0
0
0
0
0
0

0

0
0
0
0
0
0
0
0
0
0

0

0
0
0
0
0
0
0
0
0
0

0

0
0
0
0
0
0
0
0
0
0

0

0
0
0
0
0
0
0
0
0
0

0

0
0
0
0
0
0
0
0
0
0

0

0
0
0
0
0
0
0
0
0
0

0

0
0
0
0
0
0
0
0
0
0

0

0
0
0
0
0
0
0
0
0
0

0

0
0
0
0
0
0
0
0
0
0

0

0
0
0
0
0
0
0
0
0
0

0

0
0
0
0
0
0
0
0
0
0

0

0
0
0
0
0
0
0
0
0
0

0

0
0
0
0
0
0
0
0
0
0

0

0
0
0
0
0
0
0
0
0
0

0

0
0
0
0
0
0
0
0
0
0

0

0
0
0
0
0
0
0
0
0
0

0

0
0
0
0
0
0
0
0
0
0

0

0
0
0
0
0
0
0
0
0
0

0

0
0
0
0
0
0
0
0
0
0

0

0
0
0
0
0
0
0
0
0
0

0

0
0
0
0
0
0
0
0
0
0

0

0
0
0
0
0
0
0
0
0
0

0

0
0
0
0
0
0
0
0
0
0

0

0
0
0
0
0
0
0
0
0
0

0

0
0
0
0
0
0
0
0
0
0

0

0
0
0
0
0
0
0
0
0
0

0

0
0
0
0
0
0
0
0
0
0

0

0
0
0
0
0
0
0
0
0
0

0

0
0
0
0
0
0
0
0
0
0

0

0
0
0
0
0
0
0
0
0
0

0

0
0
0
0
0
0
0
0
0
0

0

0
0
0
0
0
0
0
0
0
0

0

0
0
0
0
0
0
0
0
0
0

0

0
0
0
0
0
0
0
0
0
0

0

0
0
0
0
0
0
0
0
0
0

0

0
0
0
0
0
0
0
0
0
0

0

0
0
0
0
0
0
0
0
0
0

0

0
0
0
0
0
0
0
0
0
0

0

0
0
0
0
0
0
0
0
0
0

0

0
0
0
0
0
0
0
0
0
0

0

0
0
0
0
0
0
0
0
0
0

0

0
0
0
0
0
0
0
0
0
0

0

0
0
0
0
0
0
0
0
0
0

0

0
0
0
0
0
0
0
0
0
0

0

0
0
0
0
0
0
0
0
0
0

0

0
0
0
0
0
0
0
0
0
0

0

0
0
0
0
0
0
0
0
0
0

0

0
0
0
0
0
0
0
0
0
0

0

0
0
0
0
0
0
0
0
0
0

0

0
0
0
0
0
0
0
0
0
0

0

0
0
0
0
0
0
0
0
0
0

0

0
0
0
0
0
0
0
0
0
0

0

0
0
0
0
0
0
0
0
0
0

0

0
0
0
0
0
0
0
0
0
0

0

0
0
0
0
0
0
0
0
0
0

0

0
0
0
0
0
0
0
0
0
0

0

0
0
0
0
0
0
0
0
0
0

0

0
0
0
0
0
0
0
0
0
0

0

   0.1336746069505149  -0.04570280660160912  -0.09299645880056903   0.03188978470132931   0.05025917866924526  -0.01824779953553733  -0.09322168086791086   0.03187693270951762 -0.000834942537145493  0.005494588300384671

0.0002500450071579593  0.001736247759048246  -0.04158253212350234   0.02461570209884919   0.02923491737474861    0.1215811768891415  -0.03041884982654848    0.1167873017631348      1.07348732883776     1.565866694726308

cov:
  0.9487908019219395    2.927351035790684 -0.06708903301429946 -0.02280846187341548  -0.0721886284659273 -0.02546063356892862 -0.08501198257749576 -0.05408873464724388 -0.08032484845740225  0.01522773849748915
   2.927351035790684    46.96677378723141   -1.040267049435392    35.88043048471602   -13.61770370887107  -0.5861780507784982   -12.83503248188802    1.802675372762187   -15.14069854121797   -3.179793730611391
-0.06708903301429946   -1.040267049435392    1.103638529604247    1.914593112281489   0.5471396068053446  0.02800167216895139   0.6365708391351009 0.008302067812892402   0.8856737186333383 -0.02429579338624343
-0.02280846187341548    35.88043048471602    1.914593112281489    52.47420637884393   -19.00992097004396  -0.6346012478692423    -20.0282130695561    3.289693646481831   -30.00396941731938   -5.410501949162621
 -0.0721886284659273   -13.61770370887107   0.5471396068053446   -19.00992097004396    9.524433673679779    1.867530306150861    10.12164424040252  -0.9776128940192855    16.02392961503437    2.847450199635009
-0.02546063356892862  -0.5861780507784982  0.02800167216895139  -0.6346012478692423    1.867530306150861    4.713581987249808   0.8797361165683825    1.817645986078916   0.7351559748981111   0.6612609804101718
-0.08501198257749576   -12.83503248188802   0.6365708391351009    -20.0282130695561    10.12164424040252   0.8797361165683825    11.76841508769919  -0.3462880001227887    18.70677733175376    2.737467539196446
-0.05408873464724388    1.802675372762187 0.008302067812892402    3.289693646481831  -0.9776128940192855    1.817645986078916  -0.3462880001227887     4.51513694874496   -2.969796779242364    -1.10765846205695
-0.08032484845740225   -15.14069854121797   0.8856737186333383   -30.00396941731938    16.02392961503437   0.7351559748981111    18.70677733175376   -2.969796779242364    34.96309838186031    6.472339514433993
 0.01522773849748915   -3.179793730611391 -0.02429579338624343   -5.410501949162621    2.847450199635009   0.6612609804101718    2.737467539196446    -1.10765846205695    6.472339514433993    5.127119614727977

cov.inverse():
   26.97869469076738   -8.866704952275189   -26.64744790854296     9.21387572256817   -33.84403339687945    12.02319721849008    34.83037032875243   -12.10861574698484   0.5075129386033651  -0.5902206910709432
  -8.866704952275148    3.033306761813913    9.103793564345541   -3.140640584100705    11.66263103868057   -4.142475833359024   -11.96308730743297    4.164621545148362  -0.1729048749513582   0.1989789053419575
  -26.64744790854514    9.103793564346265     52.5428763249961    -17.8241325253516   -14.57055380650178    4.674721497967664   -11.49502683963572    3.386695419015472 -0.01335875878014903    1.540002239164922
    9.21387572256894   -3.140640584100961    -17.8241325253516    6.157312696100949    5.058186023929522   -1.623738613965173    3.932483603223914   -1.162275492166597 0.006027981245416291  -0.5200733512262978
  -33.84403339687495    11.66263103867904   -14.57055380650954    5.058186023932201    153.6646154413095   -53.56359011826736   -104.1845903536025    37.46947809434641  -0.3924615851407581   -1.613754663769219
   12.02319721848843   -4.142475833358491    4.674721497970403   -1.623738613966111   -53.56359011826743    18.94381477106919    36.49497244812033   -13.24542679649149   0.1283788653438164    0.499258313804103
   34.83037032875021   -11.96308730743222   -11.49502683963017    3.932483603221983   -104.1845903536061    36.49497244812153    81.46865713493004   -28.87853828351726  -0.6441749599416954   0.8032932016195854
  -12.10861574698391    4.164621545148075    3.386695419013495   -1.162275492165904     37.4694780943476   -13.24542679649189   -28.87853828351719     10.5516359133168   0.1890008979115601  -0.2329932109108995
  0.5075129386032984  -0.1729048749513357 -0.01335875878010757 0.006027981245401987  -0.3924615851406109   0.1283788653437647  -0.6441749599418195   0.1890008979116038   0.5333873711380274  -0.1896045206467666
 -0.5902206910710284   0.1989789053419858    1.540002239164971   -0.520073351226315   -1.613754663769027   0.4992583138040353   0.8032932016194252  -0.2329932109108426  -0.1896045206467666   0.3706412768872136

cov*(cov_.inverse()):
     1.000000000000163 -4.430700598079262e-14  3.334138520827423e-14 -8.822803598818041e-15  -2.77937395321004e-14  8.471175150237542e-14   7.74727504371242e-15 -8.561771083770431e-14  1.101983088114267e-15  2.188353664944742e-15
 2.442490654175344e-14     0.9999999999999868  5.684341886080801e-14 -1.887379141862766e-14  2.158273559871304e-13  7.971401316808624e-14  6.883382752675971e-14  -1.69864122767649e-14 -2.331468351712829e-15 -3.552713678800501e-15
 7.563741299954074e-14 -2.363994416887394e-14      1.000000000000034  3.568326190084292e-15 -3.391037450839463e-14 -1.843837582615748e-14   4.73232564246473e-14 -3.680996479848986e-14  6.505213034913027e-17  1.013078509970455e-15
-3.006483950684924e-13  4.996003610813204e-14  2.842170943040401e-14     0.9999999999999674  7.105427357601002e-15 -2.118305530984799e-13  1.305622276959184e-13  9.348077867343818e-14 -2.886579864025407e-15 -3.108624468950438e-15
 9.636735853746359e-14 -2.420286193682841e-14 -2.664535259100376e-15  2.930988785010413e-14     0.9999999999998934  7.993605777301127e-15 -6.705747068735946e-14  -4.89608353859694e-14 -4.440892098500626e-16  1.110223024625157e-15
 1.965094753586527e-14 -3.497202527569243e-15   3.33066907387547e-15 -1.665334536937735e-15 -5.684341886080801e-14      1.000000000000015   5.88418203051333e-14 -2.051137037994977e-14  8.326672684688674e-17  5.551115123125783e-16
 1.512123759539463e-13 -5.340172748447003e-14  6.039613253960852e-14  -1.06581410364015e-14 -6.892264536872972e-13  1.865174681370263e-14       1.00000000000016 -1.085798118083403e-13  2.220446049250313e-15  3.996802888650564e-15
-2.564615186884112e-14  7.216449660063518e-15  1.221245327087672e-14 -2.997602166487923e-15  2.109423746787797e-14  -1.77635683940025e-14   2.34257058195908e-14      1.000000000000026  1.110223024625157e-16 -1.665334536937735e-16
 1.816324868286756e-13 -4.707345624410664e-14 -7.105427357601002e-15 -7.105427357601002e-15  -1.06581410364015e-13  7.993605777301127e-14  8.881784197001252e-14 -4.551914400963142e-14     0.9999999999999993  4.440892098500626e-15
 5.329070518200751e-15  3.996802888650564e-15  -1.06581410364015e-14                      0    1.4210854715202e-14  1.199040866595169e-14 -5.417888360170764e-14  1.998401444325282e-14  5.551115123125783e-16     0.9999999999999991
