5
2

0.06095038050743364
 0.1160229365895377
  1.617367699859345
  8.146331197052708
  25.23578738124836

    0.4592849333035144    -0.8445045995284982     0.1637686068201763     0.2214704511719313  0.0001187159510885176
   -0.1671866546999481   -0.08105007211799409     0.8076748709338211    -0.5595897367295753 -0.0003710914557922696
    0.5633013644082286    0.07226565427012605      -0.32701238958499    -0.6510045099711471     0.3830473510205752
   -0.6560179237946012    -0.4660482986249826    -0.3115782724188287    -0.1865251008053499     0.4696454342746591
    0.1159225131140451     0.2404569103738734     0.3417938318586623     0.4233340059236989     0.7954292810418424

63.26621950642883
102.3895233501906
134.1766649523541
159.7187200062481
269.2961487509498

 2.923108030474508
-1.358136143659532

0
0
0
0
0

0
0

0
0
0
0
0

0
0

0
0
0
0
0

0
0

0
0
0
0
0

0
0

0
0
0
0
0

0
0

0
0
0
0
0

0
0

0
0
0
0
0

0
0

0
0
0
0
0

0
0

0
0
0
0
0

0
0

0
0
0
0
0

0
0

0
0
0
0
0

0
0

0
0
0
0
0

0
0

0
0
0
0
0

0
0

0
0
0
0
0

0
0

0
0
0
0
0

0
0

0
0
0
0
0

0
0

0
0
0
0
0

0
0

0
0
0
0
0

0
0

0
0
0
0
0

0
0

0
0
0
0
0

0
0

0
0
0
0
0

0
0

0
0
0
0
0

0
0

0
0
0
0
0

0
0

0
0
0
0
0

0
0

0
0
0
0
0

0
0

0
0
0
0
0

0
0

0
0
0
0
0

0
0

0
0
0
0
0

0
0

0
0
0
0
0

0
0

0
0
0
0
0

0
0

0
0
0
0
0

0
0

0
0
0
0
0

0
0

0
0
0
0
0

0
0

0
0
0
0
0

0
0

0
0
0
0
0

0
0

0
0
0
0
0

0
0

0
0
0
0
0

0
0

0
0
0
0
0

0
0

0
0
0
0
0

0
0

0
0
0
0
0

0
0

0
0
0
0
0

0
0

0
0
0
0
0

0
0

0
0
0
0
0

0
0

0
0
0
0
0

0
0

0
0
0
0
0

0
0

0
0
0
0
0

0
0

0
0
0
0
0

0
0

0
0
0
0
0

0
0

0
0
0
0
0

0
0

0
0
0
0
0

0
0

0
0
0
0
0

0
0

0
0
0
0
0

0
0

0
0
0
0
0

0
0

0
0
0
0
0

0
0

0
0
0
0
0

0
0

0
0
0
0
0

0
0

0
0
0
0
0

0
0

0
0
0
0
0

0
0

0
0
0
0
0

0
0

0
0
0
0
0

0
0

0
0
0
0
0

0
0

0
0
0
0
0

0
0

0
0
0
0
0

0
0

0
0
0
0
0

0
0

0
0
0
0
0

0
0

0
0
0
0
0

0
0

0
0
0
0
0

0
0

0
0
0
0
0

0
0

0
0
0
0
0

0
0

0
0
0
0
0

0
0

0
0
0
0
0

0
0

0
0
0
0
0

0
0

0
0
0
0
0

0
0

0
0
0
0
0

0
0

0
0
0
0
0

0
0

0
0
0
0
0

0
0

0
0
0
0
0

0
0

  -0.06503948749747079    0.05649078015627722   0.003763814449538862   0.004769701902532342   1.83930032617045e-05
     2.412553432484267     -1.199165203997797   -0.09210386582208663    -0.1206372827652354 -0.0005430626711229458

-0.0002819855558370469  8.973327654974311e-05   -0.09648236678426313     0.9480499939335805       5.96361591902246
  0.007723187755459055  -0.004213887792330614      3.611959427361729     -64.56195931205569     -58.37363514955651

cov:
37.94896588704087 38.14635129092547 38.31401642491555 38.41525102556699 38.84066082583649
38.14635129092547 51.25252119603932 61.91353027552118 70.47247546147125 107.3541957052389
38.31401642491555 61.91353027552118 81.12932945989982 96.55472681729785 163.1022228322925
38.41525102556699 70.47247546147125 96.55472681729785 117.5519468968508 207.9805222412211
38.84066082583649 107.3541957052389 163.1022228322925 207.9805222412211  417.957967831064

cov.inverse():
   58.98634214553583   -103.3805862498052    10.14854816230427    34.19245327989228  0.09727324092047179
  -103.3805862498011    192.4712413493298   -42.09856241180312   -46.99324716150454 -0.01716878639549622
   10.14854816229269   -42.09856241178367    55.72227467718125   -23.72948248715183 -0.06669500776638206
   34.19245327990028   -46.99324716152067   -23.72948248714401    36.62825777446469 -0.07361522167184298
 0.09727324091996527 -0.01716878639465977  -0.0666950077663494 -0.07361522167220573  0.06042143590294242

cov*(cov_.inverse()):
     0.999999999998431  1.215472167359621e-12 -1.005862060310392e-12 -1.506794689021262e-12 -2.220446049250313e-15
 8.633094239485217e-13     0.9999999999964062  3.739231146937527e-13  3.108624468950438e-14 -5.329070518200751e-15
-6.288303211476887e-13 -3.534061931986798e-12     0.9999999999995133  3.943512183468556e-13 -5.329070518200751e-15
 3.517186542012496e-13 -3.089084543717036e-12 -6.572520305780927e-14      1.000000000000229  -1.77635683940025e-15
-1.016076112136943e-12  1.127986593019159e-13  9.237055564881302e-14 -3.446132268436486e-13                      1
