5
2

0.2012863060524744
 1.292532850097345
 1.440717862926205
 5.301000551327161
  9.18114697780255

  0.5823398564386743  -0.8024868989764069  0.05390120455322075   0.0914313797736668  0.07503353593301181
  0.2650639924470372   0.1826753623126856  -0.8821527913440418   0.3050024226259737   0.1585899329345027
 -0.1662239922944473 -0.08285042515298394  0.09144149948929446   0.7714205779044088  -0.6017093447790579
 -0.5106480686578587  -0.2533630990966828  0.06309316904937283   0.4089339387728396   0.7098154518825037
  0.5497540412518277   0.5015849240589815   0.4544874223365103   0.3691844399352857   0.3214453146829394

43.41123512890531
62.45143353338145
84.80308415746926
110.0484409358372
 130.091145819932

 1.257426897973028
-1.218604789629911

 -0.06473271006661444   0.06401494841167869 0.0001900320686525519 0.0002345781152588205 0.0002669283506224946
    3.291786653854711    -2.262231532053194 -0.008371198843074634 -0.009333576071552024  -0.01071507181995177

-0.003606582955384934  -0.00921879001641045     0.011404105282553    0.4814756347657345   -0.2713712692961631
   0.1511351105070735    0.7720346228789307   -0.7498668166440164    -31.46507031519951     55.99421162247595

cov:
32.99199454654735 26.96996561287447 19.73497617827352 11.11130887439245 4.990083341313064
26.96996561287447 23.10712313561392 18.47997836719416  12.6552183486152 8.686606699260853
19.73497617827352 18.47997836719416  18.8409744694959 14.56571143098826 13.22537828700442
11.11130887439245  12.6552183486152 14.56571143098826 17.57909883688712 17.27764384814712
4.990083341313064 8.686606699260853 13.22537828700442 17.27764384814712 23.66170099077909

cov.inverse():
    8.438214544490688     -11.4906673622938    0.6292554933914004     1.295736372908744     1.141004222749148
   -11.49066736229378     15.92307149612181    -1.165571390956744    -1.809874158405008    -1.449286679534725
   0.6292554933913816     -1.16557139095672    0.5441339638633461 -0.002521424692989837 -0.007099672799544058
    1.295736372908748    -1.809874158405015 -0.002521424692986437    0.5562788365585984  -0.01360884084474329
    1.141004222749151     -1.44928667953473 -0.007099672799541413  -0.01360884084474327    0.3475955419385163

cov*(cov_.inverse()):
     1.000000000000052 -2.753353101070388e-14  3.413935800722356e-15  1.804112415015879e-15  4.440892098500626e-16
 2.131628207280301e-14      0.999999999999984  -1.35308431126191e-15 -2.997602166487923e-15 -5.773159728050814e-15
   1.4210854715202e-14  4.263256414560601e-14      0.999999999999999 -5.856426454897701e-15 -3.552713678800501e-15
                     0  3.552713678800501e-15  1.942890293094024e-16      1.000000000000001 -8.881784197001252e-16
 7.105427357601002e-15 -7.105427357601002e-15  8.604228440844963e-16 -7.771561172376096e-16     0.9999999999999991
