6 
7 
11 
12 
13 
inputFileName = /Users/demattia/RemoteProjects/extracted_hybrid.root
eventsFractionStartBuild = 0
eventsFractionEndBuild = 0.2
eventsFractionStartTest = 0.8
eventsFractionEndTest = 1
var name = R
var name = z
par name = cotTheta
firstOrderChargeOverPtCoefficientsFileName = 
firstOrderCotThetaCoefficientsFileName = 
2 < pT < 10, pT regions = 1
0 < phi < 0.8, phi regions = 1
-3 < eta < 3, eta regions = 1
-15 < z0 < 15, eta regions = 1
charge regions = 1
endcap regions = 0
Training
Requested running from track number 0 to track number 1000000 for a total of 1000000 tracks.
Analyzed 10% of 1000000 tracks
Analyzed 20% of 1000000 tracks
Analyzed 30% of 1000000 tracks
Analyzed 40% of 1000000 tracks
Analyzed 50% of 1000000 tracks
Analyzed 60% of 1000000 tracks
Analyzed 70% of 1000000 tracks
Analyzed 80% of 1000000 tracks
Analyzed 90% of 1000000 tracks
Analyzed 100% of 1000000 tracks
Evaluating eigenvalues:
geomIndex = 0
Sqrt(eigenvalues) of cov:
 0.236601 0.902336 1.07987 1.18882 1.69816 2.00711 2.36763 2.78896 5.03759 15.6039
Analyzed 10% of 1000000 tracks
Analyzed 20% of 1000000 tracks
Analyzed 30% of 1000000 tracks
Analyzed 40% of 1000000 tracks
Analyzed 50% of 1000000 tracks
Analyzed 60% of 1000000 tracks
Analyzed 70% of 1000000 tracks
Analyzed 80% of 1000000 tracks
Analyzed 90% of 1000000 tracks
Analyzed 100% of 1000000 tracks
opening GeometricIndex.txt for writing
Matrices built:
geomIndex = 0

V_0:
  -0.515199    0.252519    0.725175   -0.353199  -0.0462297   0.0239781  -0.0654464 -0.00954735  -0.0930252   0.0665952
   0.725722  -0.0877821    0.515189  -0.0558846   -0.313767    0.195766   -0.116742  0.00972095    0.199691  -0.0818882
  0.0483645   0.0064061   0.0829104  0.00506406    0.333571    -0.47345   -0.505207    0.503038    0.135982   -0.358502
   0.364644   0.0673794    0.242864   0.0551251    0.467227    -0.40651    0.291196    -0.15309   -0.485882     0.26946
   0.067967   0.0685378 -0.00454225  0.00435903    0.577893     0.64062    -0.26268    0.194233   0.0639648    0.368063
  0.0123947   0.0111071  -0.0759211  -0.0838534  -0.0170236   -0.324731   -0.497243   -0.547446    0.348851    0.461024
  -0.232672    -0.39382    0.357359    0.662263    0.233478   0.0487376   0.0701959   -0.271851    0.233118     -0.1855
  0.0978862    0.256121  -0.0956204   -0.240186    0.294105    0.192619     -0.1173   -0.554324   -0.092865   -0.636183
 -0.0639434   -0.717392  -0.0140992   -0.227641   -0.077146   0.0928722   -0.353947  -0.0655082   -0.533642   -0.017898
 0.00362449      0.4287  0.00343807    0.560278    -0.29771   0.0880319   -0.426429   -0.020892   -0.472618   0.0159444
corrPV_0:
-0.00927967   0.0232894 -0.00544576   0.0205712   0.0150186   0.0208217  -0.0398859  -0.0591688    0.657839     2.13501
D_0:
    0.110947   -0.0569889    -0.104893    0.0534454   -0.0016557  0.000944215   -0.0023521 -0.000265085  -0.00336836   0.00234953
opening matrixVD_0.txt for writing
