6 
7 
11 
12 
13 
inputFileName = /Users/demattia/RemoteProjects/extracted_hybrid.root
eventsFractionStartBuild = 0
eventsFractionEndBuild = 0.2
eventsFractionStartTest = 0.8
eventsFractionEndTest = 1
var name = R
var name = z
par name = cotTheta
firstOrderChargeOverPtCoefficientsFileName = 
firstOrderCotThetaCoefficientsFileName = 
pT > 2, pT regions = 1
0 < phi < 0.8, phi regions = 1
-3 < eta < 3, eta regions = 1
-15 < z0 < 15, eta regions = 1
charge regions = 1
endcap regions = 0
Training
Requested running from track number 0 to track number 1000000 for a total of 1000000 tracks.
Analyzed 10% of 1000000 tracks
Analyzed 20% of 1000000 tracks
Analyzed 30% of 1000000 tracks
Analyzed 40% of 1000000 tracks
Analyzed 50% of 1000000 tracks
Analyzed 60% of 1000000 tracks
Analyzed 70% of 1000000 tracks
Analyzed 80% of 1000000 tracks
Analyzed 90% of 1000000 tracks
Analyzed 100% of 1000000 tracks
Evaluating eigenvalues:
geomIndex = 0
Sqrt(eigenvalues) of cov:
 0.236743 0.8947 1.08044 1.18525 1.69864 2.00615 2.38012 2.78305 5.03673 15.5783
Analyzed 10% of 1000000 tracks
Analyzed 20% of 1000000 tracks
Analyzed 30% of 1000000 tracks
Analyzed 40% of 1000000 tracks
Analyzed 50% of 1000000 tracks
Analyzed 60% of 1000000 tracks
Analyzed 70% of 1000000 tracks
Analyzed 80% of 1000000 tracks
Analyzed 90% of 1000000 tracks
Analyzed 100% of 1000000 tracks
opening GeometricIndex.txt for writing
Matrices built:
geomIndex = 0

V_0:
  -0.515343    0.252585    0.725005   -0.353455  -0.0464064   0.0236265  -0.0655175 -0.00895854  -0.0927426   0.0661387
   0.729304  -0.0877522    0.519513  -0.0537691   -0.306538    0.185888   -0.116269   0.0115854     0.19515  -0.0858797
  0.0449657   0.0093134   0.0787581  0.00550532    0.339222   -0.476716   -0.500688    0.504763    0.129829   -0.356369
   0.355827   0.0680936    0.237398   0.0562796    0.466708   -0.407326    0.296962    -0.15717   -0.488947    0.271176
  0.0663704   0.0589244  0.00628186   0.0175016    0.584325    0.645045   -0.255914    0.190927   0.0637641    0.358115
   0.012883  0.00803473  -0.0718218  -0.0788578  -0.0113905   -0.320692   -0.500374   -0.542002    0.351812    0.466376
  -0.234665    -0.38791    0.355126    0.659762    0.226832   0.0377706   0.0769217   -0.279992    0.230984   -0.206185
   0.100246    0.262467   -0.102164   -0.251146    0.289829    0.187167   -0.119804   -0.553793  -0.0932622    -0.63149
 -0.0648201   -0.718688  -0.0123868   -0.225033  -0.0764345   0.0914381   -0.353873  -0.0673127   -0.533017  -0.0205927
 0.00367454    0.429377  0.00335472     0.55987   -0.296871   0.0892695   -0.426557  -0.0215443   -0.472646   0.0156683
corrPV_0:
-0.00930078   0.0229774 -0.00564484   0.0198997   0.0148032   0.0212616  -0.0433271  -0.0587343    0.656517     2.11784
D_0:
    0.111074   -0.0570453    -0.104997    0.0534753  -0.00169107    0.0010027  -0.00235394 -0.000320882  -0.00335438   0.00239458
opening matrixVD_0.txt for writing
