10
1

0.2366006990304698
 0.902336033682487
 1.079865417540911
 1.188820645384458
 1.698161990510575
 2.007112936536415
 2.367627102870538
 2.788958301948864
 5.037585777704875
 15.60394776897628

   -0.515199281307946    0.2525193350445438    0.7251750964103623   -0.3531991532173687   -0.0462296620708348   0.02397807566794184  -0.06544637720318547 -0.009547349139753105  -0.09302520913790659   0.06659522665703126
   0.7257218879842435  -0.08778210492656313    0.5151891274029075  -0.05588462942268323   -0.3137669653424446    0.1957657100763624   -0.1167420581080011   0.00972095152044518    0.1996905496602114  -0.08188816837678915
  0.04836452935690757  0.006406101276056683   0.08291042652283125  0.005064059180811331    0.3335707585336938   -0.4734495316052464   -0.5052069149776681    0.5030382036604343     0.135981879057424   -0.3585018940031043
   0.3646439516585087   0.06737935925749555    0.2428641347234405   0.05512511780203518    0.4672269782300521   -0.4065096108409686    0.2911962759176472   -0.1530900726247393   -0.4858820156196192    0.2694601203853045
  0.06796704158629845   0.06853775205028947  -0.00454224871766828  0.004359028838369811    0.5778928623450783    0.6406201854068614   -0.2626803662147996    0.1942329804923717   0.06396478821219589    0.3680626613896617
  0.01239467199897615   0.01110713642421081  -0.07592108760905063  -0.08385335991180563  -0.01702359416140851   -0.3247306616163024   -0.4972430571753143   -0.5474460970451028    0.3488505271356606    0.4610241028411856
  -0.2326721808416794    -0.393819612624915    0.3573592009728112    0.6622626508507699    0.2334781458648904    0.0487375566115942   0.07019587487688142   -0.2718514883236873    0.2331184232532161   -0.1854995037943447
  0.09788623089288126    0.2561208438306928  -0.09562043324207313   -0.2401860942142688    0.2941052056402774    0.1926185074506317   -0.1173004672221277   -0.5543244806985117  -0.09286504284045641   -0.6361832007830377
 -0.06394342180780811   -0.7173921065899724  -0.01409915352035757   -0.2276409444458097  -0.07714600912924362     0.092872162758123   -0.3539466704435779    -0.065508230533473   -0.5336421653308886  -0.01789800958321096
 0.003624485456995531    0.4286995111146972  0.003438069286134484    0.5602775007064452   -0.2977099649936723   0.08803189175194059   -0.4264293925704212  -0.02089202703916383   -0.4726175301784264   0.01594438651115177

35.55288628574479
68.10997239406673
50.55938908003623
97.41507428534254
 68.5400682236003
131.7535980005516
80.63613533130484
155.6386066913987
95.67500915865041
185.2849008017633

1.946821082133286

    0.1109467591512739   -0.05698890687042401    -0.1048934379921153    0.05344537814574858  -0.001655698104472964   0.000944215302863674  -0.002352103693128224 -0.0002650852975531145   -0.00336836428705469    0.00234952612955645

-0.009279674668590799   0.02328942421529834 -0.005445758352356424   0.02057119047771884   0.01501859160080537   0.02082173502480398  -0.03988588853932219  -0.05916884252974276    0.6578393649100411     2.135009915122479

cov:
    1.133227259009964     2.241026106574124   -0.1043276599557068   -0.1802837447984461  -0.03019041093639691 -0.001790882866505834 -0.004671049018363624  -0.01339173132985182  -0.01799325942947098  -0.03582439260034201
    2.241026106574124     59.21857860882302    -0.370974296749829     60.68758201458986    -29.41812856366034     7.830410512984253    -38.49886112852774    -1.490053465886384    -40.34938028664978     1.255404477175571
  -0.1043276599557068    -0.370974296749829     1.155117968286486     2.062992595568057   0.08411719680758535   -0.0164522100288931    0.1525346464049853     0.038323921121994    0.1501912566264916  0.001679259519559403
  -0.1802837447984461     60.68758201458986     2.062992595568057     80.69663286261104    -39.78349083981876     11.36761134784243    -55.45727359934585    -2.267072997597255    -60.51321905590885     2.648564507281363
 -0.03019041093639691    -29.41812856366034   0.08411719680758535    -39.78349083981876     24.19240778835377    -5.471396160756812     31.04932545255869    0.4721224428752651     35.16015735642345     -2.17787315966055
-0.001790882866505834     7.830410512984253   -0.0164522100288931     11.36761134784243    -5.471396160756812     4.542143695695058    -9.872834794746232   -0.6202354436233166    -11.56578717052694   -0.5972544845179291
-0.004671049018363624    -38.49886112852774    0.1525346464049853    -55.45727359934585     31.04932545255869    -9.872834794746232     49.21318178178552     3.745620958181524     52.99489175102109    -1.859927468131757
 -0.01339173132985182    -1.490053465886384     0.038323921121994    -2.267072997597255    0.4721224428752651   -0.6202354436233166     3.745620958181524     4.663942267358072     2.789430734636232     1.894500983196603
 -0.01799325942947098    -40.34938028664978    0.1501912566264916    -60.51321905590885     35.16015735642345    -11.56578717052694     52.99489175102109     2.789430734636232     62.87491071118455   -0.9150368754442425
 -0.03582439260034201     1.255404477175571  0.001679259519559403     2.648564507281363     -2.17787315966055   -0.5972544845179291    -1.859927468131757     1.894500983196603   -0.9150368754442425     4.916110551206307

cov.inverse():
    5.497158000741234    -2.361568039754469    -6.165040958715674     3.185132440788448    0.2879505761778137   -0.1564392156097877     0.541220330189812   0.08526233324195204    0.9074776989305111    -0.621397385377954
   -2.361568039754469     1.210594631137765     3.199510897000766    -1.631704077905521    -0.141975486547597   0.07985337111813091   -0.2786809669442053  -0.04288224433315174   -0.4662733733437905    0.3227465984634926
   -6.165040958715665     3.199510897000767     9.793084933615974     -4.55406334839687   -0.6826794503232458    0.3367687504297766   -0.8916620484430353   -0.1085374739469666    -1.142923638026186    0.8184262656689747
    3.185132440788445    -1.631704077905522    -4.554063348396868     2.325221147015443     0.352626350650546   -0.1757284603865293     0.454165778338216   0.05301231181806714    0.5818087613581006   -0.4167147651019083
   0.2879505761778071   -0.1419754865475934   -0.6826794503232352    0.3526263506505407    0.5462967416498938   -0.2263916932262737 0.0003335471794058289    0.1066032493441416   -0.1021199433906887  0.003155651372877157
  -0.1564392156097845   0.07985337111812893    0.3367687504297702   -0.1757284603865263   -0.2263916932262735    0.5405432968130379   0.04324252160113293  -0.09101672252456189   0.07640555057660002    0.1040604462179267
   0.5412203301898146   -0.2786809669442077    -0.891662048443042    0.4541657783382195 0.0003335471794079598   0.04324252160113188    0.4657613867158004   -0.1839268873308952   -0.1151953231253191   0.06178329424860157
  0.08526233324194797  -0.04288224433314997   -0.1085374739469618   0.05301231181806458    0.1066032493441411  -0.09101672252456171   -0.1839268873308959    0.3756642248468757   0.08317382407807956   -0.1796556058346555
   0.9074776989305123   -0.4662733733437913    -1.142923638026188    0.5818087613581016   -0.1021199433906878   0.07640555057659944   -0.1151953231253193    0.0831738240780799    0.4410314256620618   -0.2168799473736004
  -0.6213973853779541    0.3227465984634924    0.8184262656689743   -0.4167147651019079  0.003155651372876564    0.1040604462179271   0.06178329424860216   -0.1796556058346558   -0.2168799473736002    0.4069727586692048

cov*(cov_.inverse()):
    0.9999999999999866  6.054184931159057e-16 -1.320471509913546e-14  4.590078317434632e-15 -3.679511122872681e-16  7.528699885739343e-16  2.057815723377487e-15   6.92154666914746e-16   -1.0321604682062e-16  1.063385490773783e-15
-9.992007221626409e-15     0.9999999999999903 -3.552713678800501e-14  4.329869796038111e-15  4.345482307321902e-16   3.33066907387547e-16  1.609823385706477e-15 -4.440892098500626e-16  3.441691376337985e-15 -9.992007221626409e-16
-7.021293269016127e-16 -4.190441396656475e-16     0.9999999999999979 -2.224023916419515e-15 -1.077120977046458e-16  4.894901758228931e-16 -3.554827873036848e-16  1.361757928641794e-16  3.983900882797986e-16 -8.245357521752261e-16
 3.108624468950438e-14 -1.521005543736464e-14 -4.884981308350689e-15      1.000000000000002 -1.106753577673203e-15 -4.440892098500626e-16 -5.301314942585122e-15  8.881784197001252e-16  4.329869796038111e-15  2.220446049250313e-16
-1.376676550535194e-14  7.771561172376096e-16 -4.440892098500626e-15 -2.886579864025407e-15                      1  2.775557561562891e-17  2.886579864025407e-15  6.106226635438361e-16  5.551115123125783e-17  1.887379141862766e-15
 7.327471962526033e-15  5.551115123125783e-17 -9.436895709313831e-16 -8.881784197001252e-16  8.389556410692833e-16                      1 -3.747002708109903e-16 -1.249000902703301e-16  5.551115123125783e-17  -3.33066907387547e-16
-1.332267629550188e-15  8.770761894538737e-15 -4.418687638008123e-14  2.098321516541546e-14  1.888246503600755e-15  4.718447854656915e-16      1.000000000000007  9.436895709313831e-16  1.387778780781446e-15 -3.108624468950438e-15
-1.332267629550188e-15  5.551115123125783e-16  1.110223024625157e-15  5.551115123125783e-16 -2.506675422786486e-16  8.326672684688674e-17 -1.387778780781446e-17     0.9999999999999996 -5.551115123125783e-17 -1.110223024625157e-16
-7.771561172376096e-15  2.831068712794149e-15 -7.338574192772285e-14  3.458344721707363e-14  4.046676188584897e-15 -1.942890293094024e-16  8.069933610244107e-15  9.436895709313831e-16      1.000000000000002 -2.386979502944087e-15
 1.332267629550188e-15 -6.661338147750939e-16                      0 -4.440892098500626e-16 -3.469446951953614e-18  -3.33066907387547e-16 -7.216449660063518e-16  1.110223024625157e-16  4.440892098500626e-16     0.9999999999999993
