6
2

5.417394800455853e-05
9.110118533953938e-05
0.0004112160367461028
0.0006940589605993982
  0.01653036078648912
   0.5700201156347481

 -0.01396996359391921   -0.4206858876890677    0.8178387805492431   -0.3923335360565207  0.005050677464681907  0.004103679898156969
   0.5802902573596663   -0.7111127669476031   -0.1884157234280598    0.3487420380780082  -0.01116916156795455  -0.01831954611126282
  -0.3171799586485037 -0.009493633611535685    0.3071596714669912    0.6536479340265345   -0.6142552614725324  -0.01986285661800551
    0.191480362928555    0.2028595281044429    0.1842157750468399    0.1524702288665997    0.1818508802730293   -0.9121024708590445
  -0.6006964606436902    -0.332258019573146   -0.0285698736429842    0.3262274674436768    0.6488833026563188  -0.02186851477838153
   0.4061575604925541    0.4070681856775447    0.4080937281593696    0.4092996878817267    0.4103911927881501    0.4084652637406959

0.4014706872307078
0.4014891424801936
0.4014662759799471
0.4014237528120738
0.4014326518768395
0.4014804538947403

0.0006432840497065818
   0.4017369544345826

0
0
0
0
0
0

0
0

0
0
0
0
0
0

0
0

0
0
0
0
0
0

0
0

0
0
0
0
0
0

0
0

0
0
0
0
0
0

0
0

0
0
0
0
0
0

0
0

0
0
0
0
0
0

0
0

0
0
0
0
0
0

0
0

0
0
0
0
0
0

0
0

0
0
0
0
0
0

0
0

0
0
0
0
0
0

0
0

0
0
0
0
0
0

0
0

0
0
0
0
0
0

0
0

0
0
0
0
0
0

0
0

0
0
0
0
0
0

0
0

0
0
0
0
0
0

0
0

0
0
0
0
0
0

0
0

0
0
0
0
0
0

0
0

0
0
0
0
0
0

0
0

0
0
0
0
0
0

0
0

0
0
0
0
0
0

0
0

0
0
0
0
0
0

0
0

0
0
0
0
0
0

0
0

0
0
0
0
0
0

0
0

0
0
0
0
0
0

0
0

0
0
0
0
0
0

0
0

0
0
0
0
0
0

0
0

0
0
0
0
0
0

0
0

0
0
0
0
0
0

0
0

0
0
0
0
0
0

0
0

0
0
0
0
0
0

0
0

0
0
0
0
0
0

0
0

0
0
0
0
0
0

0
0

0
0
0
0
0
0

0
0

0
0
0
0
0
0

0
0

0
0
0
0
0
0

0
0

0
0
0
0
0
0

0
0

0
0
0
0
0
0

0
0

0
0
0
0
0
0

0
0

0
0
0
0
0
0

0
0

0
0
0
0
0
0

0
0

0
0
0
0
0
0

0
0

0
0
0
0
0
0

0
0

0
0
0
0
0
0

0
0

0
0
0
0
0
0

0
0

0
0
0
0
0
0

0
0

0
0
0
0
0
0

0
0

0
0
0
0
0
0

0
0

0
0
0
0
0
0

0
0

0
0
0
0
0
0

0
0

0
0
0
0
0
0

0
0

0
0
0
0
0
0

0
0

0
0
0
0
0
0

0
0

0
0
0
0
0
0

0
0

0
0
0
0
0
0

0
0

0
0
0
0
0
0

0
0

0
0
0
0
0
0

0
0

0
0
0
0
0
0

0
0

0
0
0
0
0
0

0
0

0
0
0
0
0
0

0
0

0
0
0
0
0
0

0
0

0
0
0
0
0
0

0
0

0
0
0
0
0
0

0
0

0
0
0
0
0
0

0
0

0
0
0
0
0
0

0
0

0
0
0
0
0
0

0
0

0
0
0
0
0
0

0
0

0
0
0
0
0
0

0
0

0
0
0
0
0
0

0
0

0
0
0
0
0
0

0
0

0
0
0
0
0
0

0
0

0
0
0
0
0
0

0
0

0
0
0
0
0
0

0
0

0
0
0
0
0
0

0
0

0
0
0
0
0
0

0
0

0
0
0
0
0
0

0
0

0
0
0
0
0
0

0
0

 0.7877512070256243   2.348673029697795   3.623556303579782  -6.563957073825507  -0.036999184342326 -0.1588989256904143
  1.349397843845945  0.4035062268660075 -0.5190425850130518 -0.1270382864728445 -0.1189023945755405 0.01210963954743707

 1.332068653773455e-08 -3.470475987807983e-08 -5.789564736215875e-07  2.081991991686596e-07 -0.0009615673334511795  -0.003880435650595987
-1.654658521888291e-09  4.570513657542922e-09 -1.017135129157589e-07  9.277170054365959e-08 -0.0002865546891291162      0.131482599267121

cov:
0.05369921186850787  0.0537753033079373 0.05386077983404017 0.05396167420183635 0.05405282758903645 0.05390862864356694
 0.0537753033079373 0.05387138496282534 0.05397945022221656 0.05410673989339045 0.05422182112424873 0.05402787664190009
0.05386077983404017 0.05397945022221656 0.05411308225657114 0.05427023292634149  0.0544123847566555 0.05416217869889462
0.05396167420183635 0.05410673989339045 0.05427023292634149 0.05446228100448226 0.05463606406402388  0.0543201258984592
0.05405282758903645 0.05422182112424873  0.0544123847566555 0.05463606406402388 0.05483895549909329 0.05446305347222883
0.05390862864356694 0.05402787664190009 0.05416217869889462  0.0543201258984592 0.05446305347222883 0.05421193151521554

cov.inverse():
 41312371.96261496  -47618851.8686102 -17569732.52192376  25085182.42988876  418041.6134244531 -1625674.633734614
-47618851.92048464   121318489.478267 -101027361.1448531  26384470.60343368  343295.7295047209  598464.3783006592
-17569732.42364924 -101027361.2823716  232811155.5123776 -116002346.2538398  614735.5566487493  1174580.230013963
 25085182.38206964  26384470.69293592  -116002346.296662  69677577.05230832 -3460575.434742774 -1683875.671323854
 418041.6152192215  343295.7264438011  614735.5577056303 -3460575.434467456  2325212.715931903 -240506.0531459385
-1625674.634109149  598464.3775029141  1174580.232533008 -1683875.672736577 -240506.0530799595  1775519.447691922

cov*(cov_.inverse()):
    0.9999999996944098  7.275957614183426e-12 -2.139131538569927e-09  9.895302355289459e-10 -9.094947017729282e-12  1.455191522836685e-11
-7.275957614183426e-10      0.999999999308784 -1.891748979687691e-09  1.120497472584248e-09  9.094947017729282e-12                      0
  2.91038304567337e-11 -1.135049387812614e-09     0.9999999993597157  1.426087692379951e-09 -1.818989403545856e-12                      0
-3.055902197957039e-10  5.420588422566652e-10  3.128661774098873e-10      1.000000000480213 -2.546585164964199e-11  1.455191522836685e-11
-1.600710675120354e-10  1.818989403545856e-11 -6.184563972055912e-10 -7.275957614183426e-11      1.000000000003638                      0
-6.111804395914078e-10 -4.583853296935558e-10 -4.656612873077393e-10 -3.055902197957039e-10 -9.094947017729282e-12      1.000000000029104
