6
2

5.422926702026617e-05
9.113955751359875e-05
0.0004113184269896018
0.0006940971947551267
    0.016530449922411
    0.570038856325276

 -0.01455240184537773   -0.4199917054331891    0.8180198508671903   -0.3926779063382343  0.005053305975376303  0.004152653081022181
   0.5802781212924705   -0.7115241963218545   -0.1876042343660555    0.3483601004377826  -0.01116281949986529  -0.01832766023083428
  -0.3175439297875007 -0.009868492471034659    0.3068134516481498    0.6533702977423377   -0.6145820305997127  -0.01817011533342514
   0.1908927343433952    0.2028562922876577    0.1848452929723984    0.1537061304732504    0.1807641976992351   -0.9121075795131003
  -0.6006982602764194   -0.3322627705206831  -0.02858142445585131    0.3262148872650346    0.6488861043739602  -0.02183631104201772
   0.4061439969773121    0.4070548787048666    0.4080796497804273    0.4092857548296644    0.4103777669465092    0.4085335214721694

0.4014705527495451
0.4014892492737403
0.4014662043464479
0.4014237884300881
0.4014326636700606
0.4014688002433836

0.0006432840497065818
   0.4017369544345826

 0.7899011045007652   2.349474699104069   3.616512589073129  -6.561276492100811 -0.0362383358411231 -0.1582190810337424
  1.346516884727387  0.3955794895287806 -0.4966943058631512 -0.1363098989573885 -0.1200294089743397 0.01096632285049701

 1.333880146818411e-08 -3.467266619633472e-08 -5.796570243618271e-07   2.04820687325528e-07 -0.0009615723086080408  -0.003880577788333298
-1.585322164956466e-09  4.541333660550654e-09 -1.014025674646655e-07   9.28966678970885e-08 -0.0002865583178258978      0.131486917058518

cov:
0.05369915787523945 0.05377528695531277 0.05386066652392905 0.05396158461616789 0.05405280624117353  0.0539193761215381
0.05377528695531277 0.05387140623138015 0.05397937389711015  0.0541066873904224 0.05422183820696852 0.05403868851382208
0.05386066652392905 0.05397937389711015 0.05411290700792426 0.05427008083804947 0.05441230312575092 0.05417292236890209
0.05396158461616789  0.0541066873904224 0.05427008083804947 0.05446215239662611 0.05463600791787893 0.05433092907222741
0.05405280624117353 0.05422183820696852 0.05441230312575092 0.05463600791787893 0.05483897531292305 0.05447396109878029
 0.0539193761215381 0.05403868851382208 0.05417292236890209 0.05433092907222741 0.05447396109878029 0.05423361687216974

cov.inverse():
 41282626.10808933 -47528438.29535379 -17656318.31393573  25113084.42128461   418895.058344317 -1628154.217944048
-47528438.26456316  121016279.4823775 -100695281.6007328  26266059.80445743  345688.8161353982  593910.3967248851
-17656318.37106141 -100695281.5210796  232405748.2710785 -115851755.1865936  612492.6571849776  1186139.914494539
 25113084.44842692  26266059.75369816 -115851755.1625978  69615539.74570273 -3457924.909352749 -1684328.268333561
 418895.0579359127  345688.8167010173  612492.6571724962 -3457924.909527697   2325611.53694503 -244509.7303814795
-1628154.218343144  593910.3980553634  1186139.913040451  -1684328.26778069 -244509.7304116607  1775094.378640678

cov*(cov_.inverse()):
    0.9999999997235136  1.673470251262188e-10 -7.275957614183426e-11                      0 -2.182787284255028e-11                      0
-5.820766091346741e-11     0.9999999998581188  5.238689482212067e-10  -6.83940015733242e-10  1.818989403545856e-12 -1.455191522836685e-11
 -3.92901711165905e-10 -1.418811734765768e-10      1.000000000654836  1.455191522836685e-10 -7.275957614183426e-12                      0
 4.365574568510056e-11  3.637978807091713e-11 -6.693881005048752e-10     0.9999999996798579 -1.091393642127514e-11 -1.455191522836685e-11
-7.275957614183426e-11   2.91038304567337e-11  5.165929906070232e-10 -1.891748979687691e-10     0.9999999999818101                      0
-5.820766091346741e-11 -1.091393642127514e-09 -2.037268131971359e-10 -8.585629984736443e-10  1.818989403545856e-12      1.000000000014552
