5
2

0.0001061128389902995
0.0003392266566151112
 0.001711062993448367
   0.1023039635772734
   0.5860480010701276

 -0.03783753906826794    0.4898356829581368   -0.7982613003167159    0.3484299244569525 -0.002192828716856886
   -0.465213542131678    0.6981610253716424     0.236697249133439   -0.4896154728274572   0.01996606846436219
   0.3161889489064069  -0.09800831467480056   -0.3258111651070665   -0.5700559237734319    0.6777184129905747
  -0.7340146035110846   -0.2927004318450556  -0.01835110478071258    0.2931213940555008    0.5378588144954692
   0.3786710858733244    0.4211330120107861    0.4475082460851779    0.4774823228441528    0.5010011935867629

0.3993845391902342
0.3993407474929945
0.3992801101925728
 0.399191939500181
0.3991412079650783

0.0008342506593751235
   0.3996804961792356

   0.4859402858034227    -1.409927024249933     9.715322649300111    -8.762673677030074  -0.02842621296143544
    1.289228964387982   -0.3773678032601622    0.8500545991580345   -0.7561244854747986 -0.005656180564144825

-1.296863061517067e-07  6.189801658265387e-07  6.155337762938439e-06   -0.02832236118119146   -0.08941148589154846
-1.323761995097284e-08 -3.359346107125415e-08  1.741616206650874e-06   -0.01126293859667881     0.1187686441073396

cov:
0.05488745140359722 0.05701911491818839 0.05834154609928798 0.05984683400604242 0.06102657987165395
0.05701911491818839 0.06180904819496281 0.06478350851148175 0.06816477468575405 0.07081646707446274
0.05834154609928798 0.06478350851148175  0.0687848453447857 0.07333217262825431 0.07689879081696314
0.05984683400604242 0.06816477468575405 0.07333217262825431 0.07920369315414842 0.08380931100024197
0.06102657987165395 0.07081646707446274 0.07689879081696314 0.08380931100024197 0.08923637649564475

cov.inverse():
 2042070.335543885 -4479053.856912926  1690369.781599553  746934.5049346985 -193.3842776546062
-4479053.857596388  25548142.00640792 -33279433.47565664  12206151.51824341  3039.404256819982
 1690369.782889114 -33279433.47794934  57115021.94248066 -25645227.38766126  121106.7946459382
 746934.5043235304  12206151.51990164 -25645227.38873981  12976093.86875172 -284748.1777528488
-193.3842725308938  3039.404207745967  121106.7947213427 -284748.1777843005  160799.2703327351

cov*(cov_.inverse()):
     1.000000000063851 -2.560511802585097e-10  6.093614501878619e-10 -4.656612873077393e-10                      0
 4.292033395358885e-11      1.000000000067189  3.710738383233547e-10 -2.037268131971359e-10 -1.818989403545856e-12
 7.567280135845067e-13 -3.755644684133586e-10      1.000000000729415 -2.728484105318785e-10  1.818989403545856e-12
 -1.34861011247267e-11  1.901128143799724e-10 -3.328750608488917e-10     0.9999999999781721 -3.637978807091713e-12
 2.011901756304724e-11  7.509015631512739e-11 -2.000888343900442e-10 -9.094947017729282e-11                      1
