5
1

0.0004983329269944064
0.0007685685705839245
 0.002156793831341016
  0.04990474817075478
   0.5417342368177149

 -0.03698190273610179    0.5894888292779232   -0.7891722564658896    0.1052792911860142    0.1313722934962638
-0.002825427918117336   -0.2319138041808775   -0.1387445143382371    0.8414299180560274   -0.4679248413246591
   0.5415681482637091   -0.5975485697460725   -0.3967345346437912   0.01538166622640141    0.4381834786316289
  -0.7241212586956508   -0.2169532565595783  0.007195010334774815    0.2704714168078959    0.5961318073123021
    0.425413562687346    0.4411189169028173    0.4477801360186051    0.4555442688495013    0.4651986357865608

0.4002361001027063
0.4003910135600779
0.4003798436581609
0.4003371769029953
0.4003157236788271

0.000482205647924717

0
0
0
0
0

0

0
0
0
0
0

0

0
0
0
0
0

0

0
0
0
0
0

0

0
0
0
0
0

0

0
0
0
0
0

0

0
0
0
0
0

0

0
0
0
0
0

0

0
0
0
0
0

0

0
0
0
0
0

0

0
0
0
0
0

0

0
0
0
0
0

0

0
0
0
0
0

0

0
0
0
0
0

0

0
0
0
0
0

0

0
0
0
0
0

0

0
0
0
0
0

0

0
0
0
0
0

0

0
0
0
0
0

0

0
0
0
0
0

0

0
0
0
0
0

0

0
0
0
0
0

0

0
0
0
0
0

0

0
0
0
0
0

0

0
0
0
0
0

0

0
0
0
0
0

0

0
0
0
0
0

0

0
0
0
0
0

0

0
0
0
0
0

0

0
0
0
0
0

0

0
0
0
0
0

0

0
0
0
0
0

0

0
0
0
0
0

0

0
0
0
0
0

0

0
0
0
0
0

0

0
0
0
0
0

0

0
0
0
0
0

0

0
0
0
0
0

0

0
0
0
0
0

0

0
0
0
0
0

0

0
0
0
0
0

0

0
0
0
0
0

0

0
0
0
0
0

0

0
0
0
0
0

0

0
0
0
0
0

0

0
0
0
0
0

0

0
0
0
0
0

0

0
0
0
0
0

0

0
0
0
0
0

0

0
0
0
0
0

0

0
0
0
0
0

0

0
0
0
0
0

0

0
0
0
0
0

0

0
0
0
0
0

0

0
0
0
0
0

0

0
0
0
0
0

0

0
0
0
0
0

0

0
0
0
0
0

0

0
0
0
0
0

0

0
0
0
0
0

0

0
0
0
0
0

0

0
0
0
0
0

0

0
0
0
0
0

0

0
0
0
0
0

0

0
0
0
0
0

0

0
0
0
0
0

0

0
0
0
0
0

0

0
0
0
0
0

0

0
0
0
0
0

0

0
0
0
0
0

0

0
0
0
0
0

0

0
0
0
0
0

0

0
0
0
0
0

0

0
0
0
0
0

0

0
0
0
0
0

0

0
0
0
0
0

0

0
0
0
0
0

0

0.4059840176081712  3.148480470138041  6.246828870068533 -4.226139765910821 -5.577690158082842

-1.059529996383522e-06   -1.5027921454526e-06 -3.092904498363693e-05   -0.01344910431726137   -0.04729550912311331

cov:
0.05441956868703758  0.0554628530597092 0.05589078402217017 0.05638635808413843 0.05700546001805224
 0.0554628530597092 0.05722529093009258 0.05796575349892954 0.05882747910371025 0.05990035986848038
0.05589078402217017 0.05796575349892954 0.05884503086738519   0.059869038121442 0.06114290213590601
0.05638635808413843 0.05882747910371025   0.059869038121442 0.06108491942644308 0.06259437083135033
0.05700546001805224 0.05990035986848038 0.06114290213590601 0.06259437083135033 0.06439714811248508

cov.inverse():
 68782.54299653796  -156180.997110493  71996.22423621427 -17990.03058105925  33515.98701026406
 -156180.997111389  1567133.944421221 -1767868.186797075 -82445.00954383051  439219.2545415334
 71996.22423715204 -1767868.186792914  2574292.357103666  -533508.721146435 -344942.2974580834
-17990.03058051927 -82445.00955498983 -533508.7211322384  1243303.005105545 -609335.7124020652
 33515.98700968196   439219.254547637 -344942.2974671826  -609335.712398488  481586.1248861538

cov*(cov_.inverse()):
    0.999999999998181 1.091393642127514e-11 1.455191522836685e-11 7.275957614183426e-12                     0
4.547473508864641e-13    0.9999999999854481 1.091393642127514e-11 7.275957614183426e-12 3.637978807091713e-12
9.094947017729282e-13 1.091393642127514e-11     1.000000000010914                     0 1.091393642127514e-11
                    0 3.637978807091713e-12 1.091393642127514e-11     1.000000000007276                     0
                    0 3.637978807091713e-12 7.275957614183426e-12 7.275957614183426e-12     1.000000000003638
