5
1

0.0005534413465955262
0.0008405275374824436
 0.002401029836329696
  0.05505729010914941
   0.5493132735573226

 -0.03601835638650325    0.5918886903479903   -0.7876670570264011   0.09251612621815927    0.1392545507561941
-0.005809592145943575   -0.2201638597166398   -0.1489078593223141     0.842828249079696   -0.4679328108810803
    0.541724563896989    -0.599542619127712   -0.3960122295369768   0.01909048192214849    0.4357671537383626
  -0.7269921638253213   -0.2201180915105966   0.00406208959346981    0.2673779795073614    0.5928936962297767
   0.4203401209134192    0.4396502322892924    0.4478446942777167    0.4574121538802621    0.4692878725136435

0.4012145449726816
0.4013847740757787
0.4013873395823457
0.4013575737403358
0.4013591540784417

0.0002144195768489513

0.3761302960871065   2.93609340646166  6.404108987889922 -3.870874979702668 -5.848966657486885

-1.376079437186001e-06 -1.503253834399843e-06 -3.871358400621441e-05   -0.01635849662729807   -0.05987568114251077

cov:
0.05491786513533708 0.05624648749617032 0.05679245348977274 0.05742695170364945 0.05821717086269036
0.05624648749617032 0.05847409363952672 0.05941064195511821 0.06050275740870465 0.06185979086178256
0.05679245348977274 0.05941064195511821 0.06052062110623011 0.06181549705012975  0.0634235050191468
0.05742695170364945 0.06050275740870465 0.06181549705012975 0.06335009545640256 0.06525230284104613
0.05821717086269036 0.06185979086178256  0.0634235050191468 0.06525230284104613 0.06752048009106866

cov.inverse():
 55363.38722200728 -124076.2492851316  56635.34557176985 -16079.56782307932  28279.53475284563
-124076.2492846593  1274743.175436452 -1434497.858334135 -85878.34446099481  369556.9669267028
  56635.3455701077 -1434497.858316506  2084135.905365247 -416867.5887961429 -289409.1683324311
-16079.56782125267 -85878.34449097258 -416867.5887588458  1033513.634153982 -514679.6588873854
 28279.53475220902  369556.9669395211 -289409.1683537569 -514679.6588782412  406296.0686733843

cov*(cov_.inverse()):
    0.9999999999995453 -7.275957614183426e-12  2.546585164964199e-11                      0 -3.637978807091713e-12
                     0                      1  7.275957614183426e-12  7.275957614183426e-12 -3.637978807091713e-12
-4.547473508864641e-13  7.275957614183426e-12      1.000000000010914 -1.091393642127514e-11  7.275957614183426e-12
 9.094947017729282e-13 -7.275957614183426e-12  2.182787284255028e-11                      1  3.637978807091713e-12
-4.547473508864641e-13 -3.637978807091713e-12                      0                      0                      1
