5 
6 
11 
12 
14 
inputFileName = /Users/demattia/RemoteProjects/extracted_endcaps.root
eventsFractionStartBuild = 0
eventsFractionEndBuild = 0.2
eventsFractionStartTest = 0.8
eventsFractionEndTest = 1
var name = R
var name = z
par name = cotTheta
firstOrderChargeOverPtCoefficientsFileName = 
firstOrderCotThetaCoefficientsFileName = 
2 < pT < 10, pT regions = 1
0 < phi < 0.8, phi regions = 1
-3 < eta < 3, eta regions = 1
-15 < z0 < 15, eta regions = 1
charge regions = 1
endcap regions = 0
Training
Requested running from track number 0 to track number 1000000 for a total of 1000000 tracks.
Analyzed 10% of 1000000 tracks
Analyzed 20% of 1000000 tracks
Analyzed 30% of 1000000 tracks
Analyzed 40% of 1000000 tracks
Analyzed 50% of 1000000 tracks
Analyzed 60% of 1000000 tracks
Analyzed 70% of 1000000 tracks
Analyzed 80% of 1000000 tracks
Analyzed 90% of 1000000 tracks
Analyzed 100% of 1000000 tracks
Evaluating eigenvalues:
geomIndex = 0
Sqrt(eigenvalues) of cov:
 0.0785691 0.413308 0.952824 1.13854 1.2407 1.74906 2.64676 2.8221 5.12845 10.1467
Analyzed 10% of 1000000 tracks
Analyzed 20% of 1000000 tracks
Analyzed 30% of 1000000 tracks
Analyzed 40% of 1000000 tracks
Analyzed 50% of 1000000 tracks
Analyzed 60% of 1000000 tracks
Analyzed 70% of 1000000 tracks
Analyzed 80% of 1000000 tracks
Analyzed 90% of 1000000 tracks
Analyzed 100% of 1000000 tracks
opening GeometricIndex.txt for writing
Matrices built:
geomIndex = 0

V_0:
   -0.430909     0.175598     0.750333    -0.305321    -0.330376     0.133602   0.00666661  -0.00712654   0.00685855    0.0110704
   -0.499456     0.167339    0.0435127   -0.0183087     0.728336    -0.302737    -0.124514    0.0751754    -0.250876     0.118729
     0.64562   -0.0091877     0.517877   -0.0275907      0.27013    -0.179818    -0.386189     0.236501    0.0608748  -0.00690371
    0.297971    0.0679051      0.23415    0.0203883     0.166914   -0.0276552     0.466271    -0.668328    -0.393612    0.0611037
    0.113661    0.0202144    0.0647611    0.0154368 -0.000630301   0.00187649     0.648467      0.67127    -0.201977     0.265197
   0.0586916    0.0494302   -0.0550191   -0.0494729     0.159339     0.666579    -0.225447   -0.0628575   -0.0162036     0.681088
   -0.126292    -0.295629     0.246617     0.477069      0.32578     0.518406     0.145353    0.0642217     0.121414    -0.439736
    0.154897     0.414777    -0.209241    -0.514688     0.146356     0.377551   -0.0176418     0.132191    -0.249914    -0.501073
   -0.052052    -0.555196  -0.00222351     -0.04555    -0.200102    0.0373753    -0.285939    0.0997254    -0.742404   -0.0515823
   0.0153109     0.604927    0.0160207     0.638755    -0.258001    0.0195816    -0.208246     0.074866    -0.330088   -0.0262107
corrPV_0:
-0.000383191   -0.0196271    0.0207046    0.0107396    0.0136539    0.0419843   -0.0779954   -0.0233227     0.790275     0.254521
D_0:
   0.102567   -0.042026  -0.0401663     0.01646  -0.0641574   0.0256191 0.000932897 -0.00116763 0.000769277  0.00246798
opening matrixVD_0.txt for writing
