5 
6 
11 
12 
14 
inputFileName = /Users/demattia/RemoteProjects/extracted_endcaps.root
eventsFractionStartBuild = 0
eventsFractionEndBuild = 0.2
eventsFractionStartTest = 0.8
eventsFractionEndTest = 1
var name = R
var name = z
par name = cotTheta
firstOrderChargeOverPtCoefficientsFileName = 
firstOrderCotThetaCoefficientsFileName = 
pT > 2, pT regions = 1
0 < phi < 0.8, phi regions = 1
-3 < eta < 3, eta regions = 1
-15 < z0 < 15, eta regions = 1
charge regions = 1
endcap regions = 0
Training
Requested running from track number 0 to track number 1000000 for a total of 1000000 tracks.
Analyzed 10% of 1000000 tracks
Analyzed 20% of 1000000 tracks
Analyzed 30% of 1000000 tracks
Analyzed 40% of 1000000 tracks
Analyzed 50% of 1000000 tracks
Analyzed 60% of 1000000 tracks
Analyzed 70% of 1000000 tracks
Analyzed 80% of 1000000 tracks
Analyzed 90% of 1000000 tracks
Analyzed 100% of 1000000 tracks
Evaluating eigenvalues:
geomIndex = 0
Sqrt(eigenvalues) of cov:
 0.0784895 0.412019 0.953944 1.13631 1.24821 1.73631 2.64174 2.82554 5.14098 10.165
Analyzed 10% of 1000000 tracks
Analyzed 20% of 1000000 tracks
Analyzed 30% of 1000000 tracks
Analyzed 40% of 1000000 tracks
Analyzed 50% of 1000000 tracks
Analyzed 60% of 1000000 tracks
Analyzed 70% of 1000000 tracks
Analyzed 80% of 1000000 tracks
Analyzed 90% of 1000000 tracks
Analyzed 100% of 1000000 tracks
opening GeometricIndex.txt for writing
Matrices built:
geomIndex = 0

V_0:
    0.43077   -0.175649   -0.750269    0.305523    0.330463   -0.133674  -0.0065919  0.00706489  -0.0068319  -0.0110866
   0.500858   -0.167723  -0.0425146   0.0184458   -0.728112    0.302155    0.125299  -0.0734128    0.249853   -0.117909
  -0.648363  0.00817802   -0.521901   0.0264298   -0.274789    0.181781    0.391101    -0.20416  -0.0554526   0.0144731
  -0.278523  -0.0669328   -0.221347  -0.0235988   -0.160087   0.0268284   -0.462319    0.689218    0.387934  -0.0528472
   0.135993   0.0240792   0.0816544   0.0115139  0.00975785 -0.00935788    0.650023    0.661594   -0.211181    0.262887
  0.0660732   0.0597204   -0.057892  -0.0603902    0.157386    0.662763   -0.222843  -0.0608548  -0.0242016    0.683445
  -0.118083   -0.272591     0.23466    0.450495    0.334392    0.545655    0.144655   0.0733974    0.109935   -0.453635
   0.160947    0.429981   -0.220422   -0.537416    0.129491    0.343572  -0.0213666    0.124728   -0.252458   -0.487085
 -0.0520511   -0.555994 -0.00263683  -0.0489418   -0.197221     0.03991   -0.283766   0.0987826   -0.742998  -0.0542566
  0.0145477    0.603328   0.0154255    0.638061    -0.25916   0.0188183    -0.20848   0.0757988   -0.333032  -0.0280283
corrPV_0:
0.000381998   0.0195384  -0.0205424 -0.00954489   0.0144547   0.0423908  -0.0776396  -0.0208674    0.791112    0.259859
D_0:
   0.102614  -0.0420385  -0.0401283   0.0164355  -0.0642344   0.0256916 0.000927005 -0.00121026 0.000776858  0.00248007
opening matrixVD_0.txt for writing
