5 
6 
7 
8 
12 
inputFileName = /Users/demattia/RemoteProjects/extracted_hybrid.root
eventsFractionStartBuild = 0
eventsFractionEndBuild = 0.2
eventsFractionStartTest = 0.8
eventsFractionEndTest = 1
var name = R
var name = z
par name = cotTheta
firstOrderChargeOverPtCoefficientsFileName = 
firstOrderCotThetaCoefficientsFileName = 
2 < pT < 10, pT regions = 1
0 < phi < 0.8, phi regions = 1
-3 < eta < 3, eta regions = 1
-15 < z0 < 15, eta regions = 1
charge regions = 1
endcap regions = 0
Training
Requested running from track number 0 to track number 1000000 for a total of 1000000 tracks.
Analyzed 10% of 1000000 tracks
Analyzed 20% of 1000000 tracks
Analyzed 30% of 1000000 tracks
Analyzed 40% of 1000000 tracks
Analyzed 50% of 1000000 tracks
Analyzed 60% of 1000000 tracks
Analyzed 70% of 1000000 tracks
Analyzed 80% of 1000000 tracks
Analyzed 90% of 1000000 tracks
Analyzed 100% of 1000000 tracks
Evaluating eigenvalues:
geomIndex = 0
Sqrt(eigenvalues) of cov:
 0.0867585 0.277816 0.692544 0.999143 1.56706 1.90535 2.12577 2.57783 6.58764 12.3892
Analyzed 10% of 1000000 tracks
Analyzed 20% of 1000000 tracks
Analyzed 30% of 1000000 tracks
Analyzed 40% of 1000000 tracks
Analyzed 50% of 1000000 tracks
Analyzed 60% of 1000000 tracks
Analyzed 70% of 1000000 tracks
Analyzed 80% of 1000000 tracks
Analyzed 90% of 1000000 tracks
Analyzed 100% of 1000000 tracks
opening GeometricIndex.txt for writing
Matrices built:
geomIndex = 0

V_0:
    0.373208     -0.23558    -0.689734     0.435647     0.316253    -0.199197  0.000910695 -0.000949415  8.94537e-05  0.000271478
   -0.433546     0.252023    0.0850444   -0.0487199     0.694741    -0.410003    -0.227423     0.132777    -0.123534    0.0594743
   -0.336786    0.0885073    -0.157711    0.0522655    0.0389187  -0.00828786     0.819435    -0.289794    -0.272444     0.140973
    0.652799    0.0105409     0.547013   -0.0019981     0.410235   -0.0349433     0.313979   -0.0319934   -0.0673039    0.0294109
   -0.244638    -0.307639    0.0528951    0.0488049     0.265236     0.249401      0.29087     0.322509     0.453684    -0.559762
    0.234612     0.433433    -0.240768    -0.374634    -0.227321    -0.420905     0.240048     0.416088    0.0152645    -0.314568
   -0.131287    -0.190389     0.362009     0.584858    -0.354141    -0.558013       0.0693     0.164589   -0.0293152   -0.0621328
   0.0239823     0.131272    0.0304475     0.101764   0.00558523    0.0159267    -0.175757    -0.470847    -0.399315    -0.747385
  -0.0209198    -0.576599    -0.012934    -0.302013  -0.00145575    0.0225273   -0.0139463     0.371512    -0.660724    -0.020883
  0.00653516     0.452316   0.00523752       0.4677   0.00612764     0.489312   -0.0102637     0.483132    -0.321022    0.0235838
corrPV_0:
8.09187e-05 -0.00634621  -0.0117679   0.0118301  -0.0213084  -0.0161621 -0.00223821  -0.0204159    0.881547    0.206853
D_0:
   0.0563129    -0.035974  -0.00397135   0.00252064   -0.0509707    0.0324142  -0.00105961   0.00071558 -0.000572052  0.000194434
opening matrixVD_0.txt for writing
