5 
6 
7 
8 
12 
inputFileName = /Users/demattia/RemoteProjects/extracted_hybrid.root
eventsFractionStartBuild = 0
eventsFractionEndBuild = 0.2
eventsFractionStartTest = 0.8
eventsFractionEndTest = 1
var name = R
var name = z
par name = cotTheta
firstOrderChargeOverPtCoefficientsFileName = 
firstOrderCotThetaCoefficientsFileName = 
pT > 2, pT regions = 1
0 < phi < 0.8, phi regions = 1
-3 < eta < 3, eta regions = 1
-15 < z0 < 15, eta regions = 1
charge regions = 1
endcap regions = 0
Training
Requested running from track number 0 to track number 1000000 for a total of 1000000 tracks.
Analyzed 10% of 1000000 tracks
Analyzed 20% of 1000000 tracks
Analyzed 30% of 1000000 tracks
Analyzed 40% of 1000000 tracks
Analyzed 50% of 1000000 tracks
Analyzed 60% of 1000000 tracks
Analyzed 70% of 1000000 tracks
Analyzed 80% of 1000000 tracks
Analyzed 90% of 1000000 tracks
Analyzed 100% of 1000000 tracks
Evaluating eigenvalues:
geomIndex = 0
Sqrt(eigenvalues) of cov:
 0.0875189 0.277777 0.697386 0.990299 1.56441 1.88065 2.15325 2.57263 6.58411 12.3592
Analyzed 10% of 1000000 tracks
Analyzed 20% of 1000000 tracks
Analyzed 30% of 1000000 tracks
Analyzed 40% of 1000000 tracks
Analyzed 50% of 1000000 tracks
Analyzed 60% of 1000000 tracks
Analyzed 70% of 1000000 tracks
Analyzed 80% of 1000000 tracks
Analyzed 90% of 1000000 tracks
Analyzed 100% of 1000000 tracks
opening GeometricIndex.txt for writing
Matrices built:
geomIndex = 0

V_0:
    0.374651    -0.236278    -0.690055     0.435687     0.314098    -0.197857   0.00190478   -0.0012662  0.000555687 -0.000233057
   -0.432366     0.250552    0.0831795   -0.0469267      0.69569    -0.410408    -0.229039     0.133125    -0.122772    0.0590587
   -0.319846    0.0925475     -0.14644    0.0493327    0.0497593  -0.00894227     0.823805     -0.29396    -0.277055     0.144468
    0.657248   0.00570139      0.55104  -0.00332498     0.409019   -0.0392821     0.304392  -0.00977166   -0.0494348    0.0174222
   -0.266731    -0.322854    0.0492584    0.0603828     0.273177     0.278006     0.275749     0.292487     0.445938    -0.553343
    0.212775      0.41616    -0.242603    -0.368894    -0.221589    -0.411914     0.252432      0.43796    0.0419634    -0.332464
   -0.140704    -0.190986     0.360648     0.592338    -0.351482    -0.550094    0.0658391     0.145377   -0.0411583   -0.0974106
   0.0415516     0.148413    0.0164442    0.0718728    0.0165641    0.0297202    -0.178454    -0.475657    -0.404266    -0.740356
  -0.0208036    -0.576267   -0.0130348     -0.30211  -0.00153891    0.0221999   -0.0132973     0.371747    -0.660883   -0.0202093
  0.00666233     0.452537    0.0051195     0.467439    0.0064304      0.48975   -0.0105393     0.482525    -0.321263    0.0243416
corrPV_0:
9.04288e-05  -0.0063735  -0.0118855   0.0119686   -0.021619  -0.0179341 -0.00407956   -0.018714     0.88097    0.205968
D_0:
   0.0568445   -0.0362881  -0.00454052   0.00287725   -0.0510305    0.0324478   -0.0010298  0.000671348 -0.000521228  0.000176001
opening matrixVD_0.txt for writing
