10
1

0.08675847740028693
 0.2778162069460164
 0.6925441740072268
  0.999143472447967
  1.567062650111486
  1.905346185210335
  2.125767525873351
  2.577825218695096
  6.587635328754533
   12.3891503595158

    0.3732081309435976    -0.2355801416429177    -0.6897337515601447     0.4356468596642054     0.3162526590446632    -0.1991966281733873  0.0009106945554493918 -0.0009494152360312255  8.945368545694565e-05  0.0002714779576799894
   -0.4335455617442336     0.2520225901324793    0.08504442359688155   -0.04871992821507948     0.6947410532091874     -0.410003485063163    -0.2274226193382697     0.1327772155601278    -0.1235340281865452    0.05947430460174169
   -0.3367863667298999     0.0885073403910602    -0.1577105836919573    0.05226554600900506    0.03891870789562464  -0.008287860950114667     0.8194353460376086    -0.2897937235668587    -0.2724437685421655     0.1409731475789859
    0.6527990917232837    0.01054086635303946      0.547012754487714  -0.001998102931056508     0.4102354188152803   -0.03494334576034464     0.3139789239328368   -0.03199343247133907   -0.06730386959881593     0.0294108563706496
   -0.2446378628515755    -0.3076389901281835    0.05289509105185353    0.04880485559722169      0.265236002144363     0.2494011091998245     0.2908698494528372     0.3225089574402154     0.4536835690222565     -0.559762123915852
    0.2346116769912442     0.4334325999018711    -0.2407679377305215    -0.3746343340146888    -0.2273207507236951    -0.4209051197479897     0.2400475190908551     0.4160877152929744    0.01526454622071275     -0.314567655917837
   -0.1312874868001885    -0.1903891224679424     0.3620087787286209     0.5848580756727575     -0.354140702784986    -0.5580131176351255    0.06930001993318674     0.1645892322236552   -0.02931522402232844   -0.06213280929783219
   0.02398234968328537      0.131271944829138    0.03044747872227288      0.101763968001583   0.005585233926100437    0.01592666528299909    -0.1757573810607066    -0.4708468602855015    -0.3993146826831616    -0.7473854943140404
  -0.02091978392976319     -0.576598987774653   -0.01293403392636295    -0.3020128111538262   -0.00145575489174123    0.02252731393045426   -0.01394627907807471     0.3715120210369341    -0.6607235147195289   -0.02088301054230439
  0.006535162741208381     0.4523158749137283   0.005237520980114709     0.4676997887832448   0.006127641119517329     0.4893120767111274   -0.01026365609213039     0.4831322285588391    -0.3210217590076361    0.02358384678240365

22.67865912824909
 34.3006950417715
35.55626903779894
54.51479379616446
50.57918919058086
78.13707001556894
68.21283968269803
105.9224798314043
99.75532659027847
155.7817827000887

1.567432883490665

   0.05631286310327636   -0.03597404739829757  -0.003971345078985949   0.002520642499058767   -0.05097065332558511     0.0324142325689239  -0.001059612959641379  0.0007155795196310769 -0.0005720518131248758  0.0001944343415582105

8.091874831465106e-05 -0.006346210824634476  -0.01176791987179087   0.01183008444187128  -0.02130844059243538  -0.01616212504151169 -0.002238205186119916  -0.02041592839264062    0.8815473574779505    0.2068525413053726

cov:
   0.9494228625521395     1.648511161781568  -0.05259654157967632   0.05727119285094517    0.1042025162402278    0.2873688499511908   0.04281893252214915    0.1568188934970334  -0.02368837750487315   0.02312967407888912
    1.648511161781568     47.03262476654505  -0.01449941700338648     38.98759203180502    0.2322573396295342     33.04242619647732   -0.3848977503759686     24.09462507509296     -6.41086684598635     1.496737642395349
 -0.05259654157967632  -0.01449941700338648     1.141930476342065     1.849024648505754    -0.115316284932635   -0.1487142926907802    0.0133223051048358   0.03737677230265379   0.01267178776149477  -0.01414756036135439
  0.05727119285094517     38.98759203180502     1.849024648505754     39.66625648897312    -0.133676888354392     33.97043728091133   -0.7605626401579936     29.39540652704552    -14.70582318521898     1.661102697766751
   0.1042025162402278    0.2322573396295342    -0.115316284932635    -0.133676888354392     1.139893730223841     1.825257945435345 -0.003155814393053645  0.005352711210934954   0.01553244826105537  0.008064477675473627
   0.2873688499511908     33.04242619647732   -0.1487142926907802     33.97043728091133     1.825257945435345      38.9910151576148    -1.173505497131631     35.74378679887821    -24.46274725626517     1.962797266314328
  0.04281893252214915   -0.3848977503759686    0.0133223051048358   -0.7605626401579936 -0.003155814393053645    -1.173505497131631      1.09299700691464   0.08221116201904129     1.574172820179725    0.2185474343352765
   0.1568188934970334     24.09462507509296   0.03737677230265379     29.39540652704552  0.005352711210934954     35.74378679887821   0.08221116201904129      44.3393082160455    -32.80963106339634     2.766052163777287
 -0.02368837750487315     -6.41086684598635   0.01267178776149477    -14.70582318521898   0.01553244826105537    -24.46274725626517     1.574172820179725    -32.80963106339634     36.37425939325518    0.7661202008415149
  0.02312967407888912     1.496737642395349  -0.01414756036135439     1.661102697766751  0.008064477675473627     1.962797266314328    0.2185474343352765     2.766052163777287    0.7661202008415149     4.972991613676188

cov.inverse():
    21.64666530652115    -13.08657778798023    -34.23912734840641     21.79053247342039     11.98818685438782      -7.6263679025402    0.9364377481972039   -0.6222170133353386    0.8011538483689498   -0.3658230619070406
    -13.0865777879803     8.322430132174214     21.79173313903221    -13.85236439931607    -7.663277453671143     4.837215191111959   -0.6305923433867265    0.3989842381894653   -0.5109968882697115    0.2327993663360285
   -34.23912734840665     21.79173313903231      63.6947616338056    -39.91879689113482    -28.00961065752241     17.77369992867247     -0.43635228305656    0.3013481880054403  -0.08684042344884958   0.01082679910053446
     21.7905324734207    -13.85236439931615    -39.91879689113482     25.37107255032248     17.85183871588505      -11.293304114176    0.2722867812297408   -0.1938298979040932   0.05475419955538401 -0.004459067997639187
    11.98818685438818    -7.663277453671297    -28.00961065752271     17.85183871588524     19.78352838547651    -11.97792339330556    -1.802521548488012     1.114113777525189    -1.107963108096108    0.5337615856007868
   -7.626367902540314     4.837215191112049     17.77369992867265    -11.29330411417611    -11.97792339330555     7.595593679290555      1.15154872806189   -0.7092898336535605    0.7065340188502353   -0.3410209597332066
     0.93643774819716   -0.6305923433867009   -0.4363522830564734    0.2722867812296842    -1.802521548488065     1.151548728061924      2.22504386444257   -0.8159953868822497  -0.05753690214090665  0.006609749798451098
   -0.622217013335305    0.3989842381894497    0.3013481880053866   -0.1938298979040579     1.114113777525223   -0.7092898336535824   -0.8159953868822499    0.5387656262264902   0.03613518294208123   -0.0428202942177499
   0.8011538483689121   -0.5109968882696883  -0.08684042344878731   0.05475419955534491    -1.107963108096128    0.7065340188502478  -0.05753690214091149   0.03613518294208456    0.4758198251488619   -0.2364056699214549
  -0.3658230619070248    0.2327993663360188    0.0108267991005101 -0.004459067997623756    0.5337615856007928   -0.3410209597332104  0.006609749798453836  -0.04282029421775174   -0.2364056699214547    0.3279205647009311

cov*(cov_.inverse()):
    0.9999999999999527  6.747814113028383e-14  7.835621257737402e-14 -1.813787022051511e-13 -1.059499710187595e-13 -2.880855276554684e-14  3.064795596127712e-15 -8.211964094839708e-15  1.013078509970455e-15 -4.397524011601206e-16
-5.506706202140776e-14      1.000000000000015 -1.457167719820518e-15  3.568846607127085e-14  5.118128143521972e-14  -5.67323965583455e-14  7.719519468096792e-16  2.331468351712829e-15  1.887379141862766e-15 -9.436895709313831e-16
-1.818944300735481e-14  7.777632704542015e-15      1.000000000000049 -1.376177817535851e-14 -9.380517196344584e-15  2.022514100641359e-14  2.425644862920351e-15 -1.540651287101902e-15 -1.054278192524905e-15  1.647987302177967e-16
-1.866284904394888e-13  4.723998969780041e-14  2.129893483804324e-14      1.000000000000235  1.557642903549095e-13  9.869882688917642e-14 -3.781697177629439e-16  6.397660179402465e-15 -2.498001805406602e-15  2.775557561562891e-15
  7.24247051220317e-15 -2.619432448724979e-16 -1.635615200137192e-14 -4.815470396567212e-15     0.9999999999999986 -1.142358777017627e-14 -2.114871862704537e-16 -6.551291627243661e-16  1.771586349841314e-16  9.497611030973019e-17
 1.898481372109018e-14  3.108624468950438e-15  1.136278571234328e-13   8.59850385337424e-14  1.021405182655144e-14      1.000000000000086 -4.274358644806853e-15   7.91033905045424e-16  4.718447854656915e-15  5.551115123125783e-16
-3.219646771412954e-15  5.093148125467906e-15  1.173844008106606e-14 -1.400051949373982e-14 -9.131584377541913e-15 -2.248201624865942e-15      1.000000000000001 -8.083811398051921e-16 -6.938893903907228e-17 -1.804112415015879e-16
-1.953992523340276e-14  7.993605777301127e-15 -8.336040191458949e-14  1.279948369514727e-13  9.170442183403793e-14 -2.442490654175344e-15 -8.573003418277381e-15      1.000000000000007 -2.442490654175344e-15  4.107825191113079e-15
 1.554312234475219e-15 -6.272760089132134e-15  5.064698660461886e-14 -7.907129812023683e-14 -4.746203430272544e-14  -1.94844140821715e-14 -5.608360997833017e-15  1.068589661201713e-15      1.000000000000002 -1.054711873393899e-15
 2.442490654175344e-15 -4.440892098500626e-15 -1.414146577616293e-14  9.523631883112671e-15  3.996802888650564e-15  2.442490654175344e-15 -2.081668171172169e-16                      0                      0                      1
