5
2

6.448668996999031e-05
0.0001248114438395246
0.0003574421621135991
   0.1053984163797255
   0.5876632545569286

-0.01012760955719898   0.1939841858350796  -0.6073925658458447   0.7135894462000312  -0.2900550644234512
-0.09603834108600391   0.6322387402144911  -0.4960065913374015  -0.4349643375931826   0.3947585322515755
  0.5692325981429638  -0.5460170154673769  -0.4299718000681282 -0.03137527242202354   0.4381546661375715
 -0.7236415538912634  -0.2965575523133943 -0.03065026534530852   0.2718637816037192   0.5599528240254826
  0.3781417978210736     0.42019441691184   0.4463592103737628   0.4761321285385243   0.5044869514909672

0.3992133782032153
0.3993072975913808
0.3993288429820745
0.3993393117942725
0.3993448724862297

1.58708611132318e-05
  0.3993968428801329

 0.5285539940464521  -1.341887276537366   3.126702290804619   4.311587374658814  -6.624973627334909
  1.362000817742965 -0.4920019187929914  0.2813442098000525  0.4215705543939403 -0.5729071503702845

 1.178327352531427e-08 -1.081210565509382e-07 -4.278681275371094e-07   -0.02908156637566206   -0.08898939994895633
 7.771555524091188e-10 -1.543681837246484e-08  8.416101015443501e-08   -0.01171434595798381      0.119342862292336

cov:
0.05519900322221873 0.05725734935238897 0.05853665663862258 0.05999289487750092 0.06137990723217888
0.05725734935238897 0.06195284243939285  0.0648736766139214 0.06819749400236806 0.07136304942547558
0.05853665663862258  0.0648736766139214 0.06881642735769548  0.0733028737669392  0.0775756293672526
0.05999289487750092 0.06819749400236806  0.0733028737669392 0.07911209498684607 0.08464455976331771
0.06137990723217888 0.07136304942547558  0.0775756293672526 0.08464455976331771 0.09137670642697131

cov.inverse():
 3152901.573833025 -6802858.659806476  2621475.473586864  803906.6857194245  224772.7700584701
 -6802858.65990641  37042109.30833377 -46626407.84811915  15767770.96622047  618733.8145840119
 2621475.471825009 -46626407.82717334  105955403.2646092 -90271365.10294566  28321436.51794478
 803906.6896283693  15767770.92283493 -90271365.04852182  134602140.3338509 -60902401.77845777
 224772.7680112739  618733.8369237386  28321436.48270534 -60902401.76351117  31737338.47973447

cov*(cov_.inverse()):
    0.9999999999108695  5.748006515204906e-10  4.656612873077393e-10  9.313225746154785e-10 -6.984919309616089e-10
-5.456968210637569e-12      1.000000000429281  1.164153218269348e-09  9.313225746154785e-10 -4.656612873077393e-10
-4.001776687800884e-11  5.165929906070232e-10      1.000000000931323                      0                      0
 1.455191522836685e-11  1.091393642127514e-10  1.396983861923218e-09      1.000000001862645 -9.313225746154785e-10
 4.729372449219227e-11  2.401066012680531e-10                      0                      0                      1
