6
2

0.0001484251274917958
0.0003045723633160444
 0.001595019482484515
 0.003384556739334001
  0.08415934612066872
    0.612081959246199

  0.1515752499967368  -0.6064665097936629   0.7287403895492405   -0.279543473726986 0.002794802589392543 0.002897602781102401
  0.5586418983682875  -0.5628001100298079  -0.4127463645276083   0.4475991306165226 -0.01518274256858801 -0.01549860337528335
 -0.3218520640587774 -0.01244535807259072    0.307862581274636   0.6488246890509376  -0.6168244169861167 -0.00558161823840199
  0.1917953237072826   0.1992891339989794   0.1908120876085458   0.1613001863159959   0.1690630462725751  -0.9124083945119568
 -0.6209230084023957  -0.3531368502826266 -0.05027131350913406   0.3041565968734589   0.6263981671493857 -0.04833092609600249
  0.3728600183413938   0.3884298234610429   0.4060320880427027   0.4266239584443411   0.4453451858875845   0.4060730056728664

0.3988796879203307
0.3989754603116076
 0.399041947239603
0.3991068624947853
0.3991783237138862
0.3991128256892552

-0.0003726181387107073
     0.399022157858444

    0.2415033445599131       1.98906818167584      5.544575375912331     -7.612218344231718   -0.09585028518481453   -0.06732546511873601
     1.489746326084604    -0.2739605694281536     0.4897165066511811    -0.6938795534073526 -0.0005530571169191367   -0.01101963444560733

 1.101135600832335e-07 -6.194579721644853e-07 -8.331916827079459e-06  3.643474205016126e-06   -0.02481240903297949   -0.07629421060580567
 2.076921417685673e-08  4.396011797555497e-08 -1.971938597354046e-06  2.550057193410703e-06  -0.007534343434126971     0.1300563849747585

cov:
0.05481622837879387 0.05581318630750812 0.05693981256873654 0.05825725774126082 0.05945627752980847 0.05693484575185348
0.05581318630750812 0.05740924179926762  0.0592131953890147 0.06132318341780382 0.06324164196327568 0.05921177689556854
0.05693981256873654  0.0592131953890147 0.06178321923768039 0.06478956080868814 0.06752169945421095 0.06178606885752155
0.05825725774126082 0.06132318341780382 0.06478956080868814 0.06884489249770923 0.07252925077547495 0.06479774602017581
0.05945627752980847 0.06324164196327568 0.06752169945421095 0.07252925077547495 0.07708448849840181 0.06753548993125673
0.05693484575185348 0.05921177689556854 0.06178606885752155 0.06479774602017581 0.06753548993125673 0.06180316406808539

cov.inverse():
  4451113.89840609  -7557061.30372505   2492648.41497683  692736.9196714938  8606.914195662264 -87964.18696967799
-7557061.303193054  20113523.10623262  -17555620.6458952  4979617.941160252  21103.02410388999 -1581.775850452435
 2492648.414000428 -17555620.64453706  25983225.67205008 -11157489.23172851  88174.29422081191  148937.8226614214
 692736.9201203057  4979617.940317895 -11157489.23132787  5874661.409182606 -263624.6557570546 -125823.5893994479
 8606.914198713099  21103.02409638375  88174.29422659421  -263624.655758558  154942.2022819254 -9212.116623656108
-87964.18697713163 -1581.775826742085  148937.8226367445  -125823.589390851 -9212.116623832726  75656.87741645976

cov*(cov_.inverse()):
    0.9999999999790816  2.192734882555669e-11   4.18367562815547e-11 -4.547473508864641e-12 -1.591615728102624e-12  9.094947017729282e-13
 1.728039933368564e-11      1.000000000032145 -6.730260793119669e-11  1.464286469854414e-10   1.13686837721616e-13 -9.094947017729282e-13
  -1.2732925824821e-11  2.066400384137523e-10     0.9999999997544364  1.864464138634503e-10 -4.661160346586257e-12 -1.818989403545856e-12
 1.818989403545856e-11 -4.051372570756939e-10  3.274180926382542e-10      1.000000000016371  3.410605131648481e-12  1.818989403545856e-12
-2.819433575496078e-11  1.553246420371579e-11  9.094947017729282e-12  7.275957614183426e-12     0.9999999999993179                      0
 6.275513442233205e-11  -3.10947712023335e-10   2.65572452917695e-10  1.728039933368564e-11 -1.591615728102624e-12                      1
