6
2

0.0001483952590944707
0.0003046118573456655
 0.001595343217004424
 0.003383698579177302
  0.08415822171103557
   0.6120586887210669

   0.1516827335068243    -0.606567803264018    0.7286672651163368   -0.2794562115848174  0.002789955717897344  0.002882204190178597
   0.5586151265337435   -0.5626890025295472    -0.412888005407095    0.4476419711569595  -0.01517445372538222  -0.01549591700391601
  -0.3218580212655995  -0.01246905577952064    0.3078318007711736    0.6488071917016299    -0.616855551317372 -0.005475037362597182
   0.1917507661367863    0.1992753954004023    0.1908054159794597    0.1613360979321783    0.1689315124479818   -0.9124401686208967
  -0.6209226689443611   -0.3531305830463765  -0.05025647042421054     0.304170592637754     0.626393774139562   -0.0483653593228839
   0.3728747588501363    0.3884446128202501    0.4060476260073584    0.4266392311309805    0.4453584676767721    0.4059991676416718

0.3988798297802878
0.3989753078161645
 0.399041988710601
0.3991069285097636
0.3991785433898921
0.3991253951439386

-0.0003726181387107073
     0.399022157858444

0
0
0
0
0
0

0
0

0
0
0
0
0
0

0
0

0
0
0
0
0
0

0
0

0
0
0
0
0
0

0
0

0
0
0
0
0
0

0
0

0
0
0
0
0
0

0
0

0
0
0
0
0
0

0
0

0
0
0
0
0
0

0
0

0
0
0
0
0
0

0
0

0
0
0
0
0
0

0
0

0
0
0
0
0
0

0
0

0
0
0
0
0
0

0
0

0
0
0
0
0
0

0
0

0
0
0
0
0
0

0
0

0
0
0
0
0
0

0
0

0
0
0
0
0
0

0
0

0
0
0
0
0
0

0
0

0
0
0
0
0
0

0
0

0
0
0
0
0
0

0
0

0
0
0
0
0
0

0
0

0
0
0
0
0
0

0
0

0
0
0
0
0
0

0
0

0
0
0
0
0
0

0
0

0
0
0
0
0
0

0
0

0
0
0
0
0
0

0
0

0
0
0
0
0
0

0
0

0
0
0
0
0
0

0
0

0
0
0
0
0
0

0
0

0
0
0
0
0
0

0
0

0
0
0
0
0
0

0
0

0
0
0
0
0
0

0
0

0
0
0
0
0
0

0
0

0
0
0
0
0
0

0
0

0
0
0
0
0
0

0
0

0
0
0
0
0
0

0
0

0
0
0
0
0
0

0
0

0
0
0
0
0
0

0
0

0
0
0
0
0
0

0
0

0
0
0
0
0
0

0
0

0
0
0
0
0
0

0
0

0
0
0
0
0
0

0
0

0
0
0
0
0
0

0
0

0
0
0
0
0
0

0
0

0
0
0
0
0
0

0
0

0
0
0
0
0
0

0
0

0
0
0
0
0
0

0
0

0
0
0
0
0
0

0
0

0
0
0
0
0
0

0
0

0
0
0
0
0
0

0
0

0
0
0
0
0
0

0
0

0
0
0
0
0
0

0
0

0
0
0
0
0
0

0
0

0
0
0
0
0
0

0
0

0
0
0
0
0
0

0
0

0
0
0
0
0
0

0
0

0
0
0
0
0
0

0
0

0
0
0
0
0
0

0
0

0
0
0
0
0
0

0
0

0
0
0
0
0
0

0
0

0
0
0
0
0
0

0
0

0
0
0
0
0
0

0
0

0
0
0
0
0
0

0
0

0
0
0
0
0
0

0
0

0
0
0
0
0
0

0
0

0
0
0
0
0
0

0
0

0
0
0
0
0
0

0
0

0
0
0
0
0
0

0
0

0
0
0
0
0
0

0
0

0
0
0
0
0
0

0
0

0
0
0
0
0
0

0
0

0
0
0
0
0
0

0
0

0
0
0
0
0
0

0
0

0
0
0
0
0
0

0
0

0
0
0
0
0
0

0
0

0
0
0
0
0
0

0
0

0
0
0
0
0
0

0
0

0
0
0
0
0
0

0
0

    0.2413886697204193      1.990035453091612      5.542586443026538     -7.611549594760296   -0.09593215772003631   -0.06679974177931784
     1.489664465372795    -0.2738960185836022     0.4897253508412267    -0.6939506365489061 -0.0005574781274417517   -0.01094026266378348

 1.099925539108765e-07 -6.196550583473086e-07 -8.335798538517148e-06  3.631001044563374e-06   -0.02481211901321427   -0.07629056979141663
 2.076232351420432e-08  4.394478410909436e-08 -1.972795230110822e-06  2.546747269822426e-06  -0.007534169814782227     0.1300516645715476

cov:
0.05481630979702361 0.05581320115216175 0.05693984073961253 0.05825719010984832 0.05945595590914845 0.05692260792884963
0.05581320115216175 0.05740919272812343 0.05921317026400814 0.06132304755995845 0.06324119450554895 0.05919887063266115
0.05693984073961253 0.05921317026400814 0.06178323860961187 0.06478946265336727 0.06752123370174287 0.06177251188323266
0.05825719010984832 0.06132304755995845 0.06478946265336727 0.06884463275550383 0.07252852507293167 0.06478325750677753
0.05945595590914845 0.06324119450554895 0.06752123370174287 0.07252852507293167 0.07708315705851437 0.06751989632121792
0.05692260792884963 0.05919887063266115 0.06177251188323266 0.06478325750677753 0.06751989632121792 0.06177602311733007

cov.inverse():
 4451804.386917828 -7560685.869978223  2497650.862779246   690664.417668425  8645.189420952405 -88021.71817143841
-7560685.869516023  20123592.75256499 -17565320.50234888  4982575.837698515  21104.04121655281 -1270.288168007814
 2497650.861917918 -17565320.50110497  25988854.11542889 -11157793.79249761    88043.754011258  148456.6081570559
 690664.4180821297  4982575.836865621 -11157793.79205884  5873653.792119953 -263454.3485681485 -125588.3445175714
 8645.189411160783  21104.04126297386  88043.75395108356 -263454.3485442429  154889.5455155289 -9240.172735074324
-88021.71817621762 -1270.288163270181  148456.6081610722 -125588.3445219068 -9240.172734713809  75692.88403378548

cov*(cov_.inverse()):
    0.9999999999590727  1.159179419119027e-10  1.055013854056597e-10 -1.209627953357995e-10  2.273736754432321e-12 -9.094947017729282e-13
-9.913492249324918e-11      1.000000000202618 -9.822542779147625e-11  4.274625098332763e-11  2.046363078989089e-12 -9.094947017729282e-13
-4.547473508864641e-11  2.872297955036629e-10     0.9999999999236024  1.818989403545856e-11  3.410605131648481e-12 -1.818989403545856e-12
 2.728484105318785e-12  1.525393145129783e-10  2.273736754432321e-10     0.9999999998417479  3.524291969370097e-12  1.818989403545856e-12
-1.637090463191271e-11   8.79509798323852e-11    1.2732925824821e-11 -1.818989403545856e-12      1.000000000001705                      0
-2.000888343900442e-11  6.056666279619094e-11    1.2732925824821e-10 -1.837179297581315e-10  2.614797267597169e-12      1.000000000000909
