5 
11 
13 
14 
15 
inputFileName = /Users/demattia/RemoteProjects/extracted_endcaps.root
eventsFractionStartBuild = 0
eventsFractionEndBuild = 0.2
eventsFractionStartTest = 0.8
eventsFractionEndTest = 1
var name = R
var name = z
par name = cotTheta
firstOrderChargeOverPtCoefficientsFileName = 
firstOrderCotThetaCoefficientsFileName = 
2 < pT < 10, pT regions = 1
0 < phi < 0.8, phi regions = 1
-3 < eta < 3, eta regions = 1
-15 < z0 < 15, eta regions = 1
charge regions = 1
endcap regions = 0
Training
Requested running from track number 0 to track number 1000000 for a total of 1000000 tracks.
Analyzed 10% of 1000000 tracks
Analyzed 20% of 1000000 tracks
Analyzed 30% of 1000000 tracks
Analyzed 40% of 1000000 tracks
Analyzed 50% of 1000000 tracks
Analyzed 60% of 1000000 tracks
Analyzed 70% of 1000000 tracks
Analyzed 80% of 1000000 tracks
Analyzed 90% of 1000000 tracks
Analyzed 100% of 1000000 tracks
Evaluating eigenvalues:
geomIndex = 0
Sqrt(eigenvalues) of cov:
 0.0610118 0.483225 0.873237 1.02194 1.27391 1.40166 1.83928 2.67027 5.23161 8.9553
Analyzed 10% of 1000000 tracks
Analyzed 20% of 1000000 tracks
Analyzed 30% of 1000000 tracks
Analyzed 40% of 1000000 tracks
Analyzed 50% of 1000000 tracks
Analyzed 60% of 1000000 tracks
Analyzed 70% of 1000000 tracks
Analyzed 80% of 1000000 tracks
Analyzed 90% of 1000000 tracks
Analyzed 100% of 1000000 tracks
opening GeometricIndex.txt for writing
Matrices built:
geomIndex = 0

V_0:
  -0.383947    0.113166    0.782617   -0.230184   -0.397839     0.12644 0.000564046  0.00466137  0.00273505 -0.00342351
  -0.534933    0.117494    0.112686  -0.0115274    0.708417   -0.210314   -0.245326   0.0236648   -0.264988    0.100797
  -0.189607   0.0109251  -0.0501831  -0.0213053   0.0491124   -0.205146      0.1778    0.534814    0.268377   -0.725807
   0.663099   0.0218393    0.407291   -0.195854    0.242945   -0.128633   -0.459223    0.255085   0.0311952   -0.055512
  -0.255324  -0.0557306   -0.158527    0.250881   -0.249391  -0.0766726   -0.727461  -0.0473348    0.492194   0.0431641
   0.112727   0.0311454    0.191617    0.245093   0.0510982   -0.250966  -0.0165208   -0.728053  -0.0616374   -0.538338
 -0.0565918  -0.0147685   -0.170975   -0.539005    0.233701     0.65207   -0.155016   -0.248428    0.180246   -0.280667
  0.0530196   0.0763595    0.210431    0.701475    0.177167    0.616486 -0.00357727    0.178658   -0.047436  -0.0968718
 -0.0763517   -0.608447  -0.0840597  -0.0195046   -0.230668    0.075795   -0.294177     0.12457   -0.632979   -0.234187
  0.0322337    0.769714   -0.252944  -0.0456408   -0.272792   0.0359467   -0.239293   0.0828862   -0.418712   -0.158994
corrPV_0:
0.000113622  -0.0323006  -0.0276991    0.038978 -0.00222138  0.00464252  -0.0387478  0.00423653       1.018    0.761792
D_0:
   0.0926749   -0.0273353    0.0225485  -0.00630011    -0.116135    0.0311728 -0.000129787  -0.00632109  -0.00227829   0.00185047
opening matrixVD_0.txt for writing
