5 
11 
13 
14 
15 
inputFileName = /Users/demattia/RemoteProjects/extracted_endcaps.root
eventsFractionStartBuild = 0
eventsFractionEndBuild = 0.2
eventsFractionStartTest = 0.8
eventsFractionEndTest = 1
var name = R
var name = z
par name = cotTheta
firstOrderChargeOverPtCoefficientsFileName = 
firstOrderCotThetaCoefficientsFileName = 
pT > 2, pT regions = 1
0 < phi < 0.8, phi regions = 1
-3 < eta < 3, eta regions = 1
-15 < z0 < 15, eta regions = 1
charge regions = 1
endcap regions = 0
Training
Requested running from track number 0 to track number 1000000 for a total of 1000000 tracks.
Analyzed 10% of 1000000 tracks
Analyzed 20% of 1000000 tracks
Analyzed 30% of 1000000 tracks
Analyzed 40% of 1000000 tracks
Analyzed 50% of 1000000 tracks
Analyzed 60% of 1000000 tracks
Analyzed 70% of 1000000 tracks
Analyzed 80% of 1000000 tracks
Analyzed 90% of 1000000 tracks
Analyzed 100% of 1000000 tracks
Evaluating eigenvalues:
geomIndex = 0
Sqrt(eigenvalues) of cov:
 0.0606741 0.483723 0.874604 1.02306 1.27514 1.40242 1.83495 2.66733 5.2383 8.96166
Analyzed 10% of 1000000 tracks
Analyzed 20% of 1000000 tracks
Analyzed 30% of 1000000 tracks
Analyzed 40% of 1000000 tracks
Analyzed 50% of 1000000 tracks
Analyzed 60% of 1000000 tracks
Analyzed 70% of 1000000 tracks
Analyzed 80% of 1000000 tracks
Analyzed 90% of 1000000 tracks
Analyzed 100% of 1000000 tracks
opening GeometricIndex.txt for writing
Matrices built:
geomIndex = 0

V_0:
  -0.384234    0.113205    0.782632   -0.230264   -0.397459    0.126474 0.000577722  0.00495862  0.00278698 -0.00347491
  -0.535612    0.117568    0.112331  -0.0110745    0.708592   -0.212396   -0.245348   0.0272483   -0.262871   0.0964525
   -0.20589  0.00860541  -0.0632049  -0.0159211   0.0384535   -0.197607    0.195598    0.528178     0.26684   -0.724103
    0.65935   0.0218407    0.406183   -0.200803    0.246276   -0.133081   -0.447723    0.270273   0.0365702  -0.0791828
   -0.25016  -0.0561331   -0.155324    0.250536   -0.248035  -0.0767075   -0.730476  -0.0425513    0.492948   0.0395731
   0.112145   0.0314018    0.192195    0.248844   0.0494403   -0.253194  -0.0159623   -0.725586  -0.0629794    -0.53882
 -0.0579167  -0.0124951   -0.170834    -0.53652     0.23457    0.651615     -0.1532     -0.2533    0.181194   -0.281715
  0.0545951   0.0770596    0.210948    0.700781    0.177476    0.616569 -0.00304533    0.179869  -0.0493261  -0.0950643
 -0.0762356   -0.609372  -0.0842202  -0.0217323   -0.229478   0.0782769   -0.293766    0.123876   -0.632739   -0.233451
  0.0323681    0.768925   -0.253077  -0.0465688   -0.273215   0.0354191   -0.239711   0.0840705   -0.419241    -0.15905
corrPV_0:
0.000113644  -0.0325024  -0.0279579   0.0381522 -0.00168849  0.00476359  -0.0395572  0.00488586     1.02116    0.767654
D_0:
   0.0928196   -0.0273483    0.0228983  -0.00643459    -0.116534    0.0312647 -7.71323e-05  -0.00628485  -0.00220078   0.00176446
opening matrixVD_0.txt for writing
