10
1

0.06067408028246134
 0.4837233588055957
 0.8746038753662989
   1.02305775456632
  1.275142770384768
  1.402421089407564
  1.834945757062399
    2.6673282286413
   5.23830484615861
  8.961660255042633

  -0.3842337895129634    0.1132045942955976    0.7826322107791863   -0.2302644566736026   -0.3974591506250479    0.1264740176407636 0.0005777218028761829  0.004958618468401977  0.002786977670857575 -0.003474911891813775
  -0.5356115388059752    0.1175682309511395    0.1123310521385661  -0.01107454904403999    0.7085919555205648   -0.2123955900625944   -0.2453482888117293   0.02724829195603625   -0.2628712504949225   0.09645251151320054
   -0.205890059246967  0.008605414485710273  -0.06320491981146431    -0.015921110946589    0.0384535149936651   -0.1976070372983142    0.1955983414136037    0.5281781580178723    0.2668403813686909   -0.7241028972304857
   0.6593502971550196   0.02184065578922676    0.4061827884585005   -0.2008033126313231    0.2462760505830982   -0.1330812926486297   -0.4477233407692771    0.2702734459500687   0.03657022657028969  -0.07918278172733978
  -0.2501601559296754  -0.05613308155402118   -0.1553241469483773    0.2505355939591487   -0.2480351708967678  -0.07670747919656408   -0.7304758445670875  -0.04255132030849632    0.4929484846869598   0.03957313226343005
   0.1121450180498258   0.03140181056818896     0.192195281576144    0.2488435342467246   0.04944030445287545   -0.2531944752911818  -0.01596226318135814   -0.7255861966365806  -0.06297935591035292   -0.5388199908452239
 -0.05791668392275321  -0.01249507422210693   -0.1708344509129267   -0.5365203902979242    0.2345696272354777    0.6516150505517648   -0.1531999305353261   -0.2533003248932262    0.1811941897620132    -0.281714927154906
  0.05459514051726511   0.07705963727667829    0.2109484869765443     0.700780935458917    0.1774757710201036    0.6165694000132967 -0.003045332546118328    0.1798692973065469  -0.04932605728743979  -0.09506433006650263
 -0.07623561138950793   -0.6093716554958891  -0.08422020589408963  -0.02173228074420229   -0.2294784760734125   0.07827690510813752    -0.293765996743739    0.1238758624608003   -0.6327386044052778   -0.2334512913324954
  0.03236811490456294    0.7689253785947474   -0.2530768739047448  -0.04656879972123232   -0.2732148938876734   0.03541908873203314   -0.2397108162562998    0.0840704994690742   -0.4192405325782333   -0.1590499026129676

 22.6837043549555
 76.8333518642191
38.78904514516192
131.1357875900913
54.70378068829552
184.9293752724454
65.63380353490334
 221.663980440144
77.17863873509896
261.2021337175239

3.383374056389251

0
0
0
0
0
0
0
0
0
0

0

0
0
0
0
0
0
0
0
0
0

0

0
0
0
0
0
0
0
0
0
0

0

0
0
0
0
0
0
0
0
0
0

0

0
0
0
0
0
0
0
0
0
0

0

0
0
0
0
0
0
0
0
0
0

0

0
0
0
0
0
0
0
0
0
0

0

0
0
0
0
0
0
0
0
0
0

0

0
0
0
0
0
0
0
0
0
0

0

0
0
0
0
0
0
0
0
0
0

0

0
0
0
0
0
0
0
0
0
0

0

0
0
0
0
0
0
0
0
0
0

0

0
0
0
0
0
0
0
0
0
0

0

0
0
0
0
0
0
0
0
0
0

0

0
0
0
0
0
0
0
0
0
0

0

0
0
0
0
0
0
0
0
0
0

0

0
0
0
0
0
0
0
0
0
0

0

0
0
0
0
0
0
0
0
0
0

0

0
0
0
0
0
0
0
0
0
0

0

0
0
0
0
0
0
0
0
0
0

0

0
0
0
0
0
0
0
0
0
0

0

0
0
0
0
0
0
0
0
0
0

0

0
0
0
0
0
0
0
0
0
0

0

0
0
0
0
0
0
0
0
0
0

0

0
0
0
0
0
0
0
0
0
0

0

0
0
0
0
0
0
0
0
0
0

0

0
0
0
0
0
0
0
0
0
0

0

0
0
0
0
0
0
0
0
0
0

0

0
0
0
0
0
0
0
0
0
0

0

0
0
0
0
0
0
0
0
0
0

0

0
0
0
0
0
0
0
0
0
0

0

0
0
0
0
0
0
0
0
0
0

0

0
0
0
0
0
0
0
0
0
0

0

0
0
0
0
0
0
0
0
0
0

0

0
0
0
0
0
0
0
0
0
0

0

0
0
0
0
0
0
0
0
0
0

0

0
0
0
0
0
0
0
0
0
0

0

0
0
0
0
0
0
0
0
0
0

0

0
0
0
0
0
0
0
0
0
0

0

0
0
0
0
0
0
0
0
0
0

0

0
0
0
0
0
0
0
0
0
0

0

0
0
0
0
0
0
0
0
0
0

0

0
0
0
0
0
0
0
0
0
0

0

0
0
0
0
0
0
0
0
0
0

0

0
0
0
0
0
0
0
0
0
0

0

0
0
0
0
0
0
0
0
0
0

0

0
0
0
0
0
0
0
0
0
0

0

0
0
0
0
0
0
0
0
0
0

0

0
0
0
0
0
0
0
0
0
0

0

0
0
0
0
0
0
0
0
0
0

0

0
0
0
0
0
0
0
0
0
0

0

0
0
0
0
0
0
0
0
0
0

0

0
0
0
0
0
0
0
0
0
0

0

0
0
0
0
0
0
0
0
0
0

0

0
0
0
0
0
0
0
0
0
0

0

0
0
0
0
0
0
0
0
0
0

0

0
0
0
0
0
0
0
0
0
0

0

0
0
0
0
0
0
0
0
0
0

0

0
0
0
0
0
0
0
0
0
0

0

0
0
0
0
0
0
0
0
0
0

0

0
0
0
0
0
0
0
0
0
0

0

0
0
0
0
0
0
0
0
0
0

0

0
0
0
0
0
0
0
0
0
0

0

0
0
0
0
0
0
0
0
0
0

0

0
0
0
0
0
0
0
0
0
0

0

0
0
0
0
0
0
0
0
0
0

0

0
0
0
0
0
0
0
0
0
0

0

0
0
0
0
0
0
0
0
0
0

0

0
0
0
0
0
0
0
0
0
0

0

0
0
0
0
0
0
0
0
0
0

0

0
0
0
0
0
0
0
0
0
0

0

0
0
0
0
0
0
0
0
0
0

0

0
0
0
0
0
0
0
0
0
0

0

0
0
0
0
0
0
0
0
0
0

0

0
0
0
0
0
0
0
0
0
0

0

0
0
0
0
0
0
0
0
0
0

0

0
0
0
0
0
0
0
0
0
0

0

   0.09281956930105495   -0.02734825311461458    0.02289834904812271  -0.006434589470997721    -0.1165336660798935    0.03126468529354994 -7.713233743169299e-05  -0.006284848865054093  -0.002200782869879312    0.00176446374417651

 0.000113644373584404  -0.03250237231196281  -0.02795794185019346   0.03815219536907246 -0.001688490718777241  0.004763586670683839  -0.03955721687070776  0.004885860543923307     1.021157668920407      0.76765412756886

cov:
  0.9577269689714695    3.334532311083655   0.0142006024529601    0.119854855595682 -0.01953951029952759 -0.01817605975496821 0.004656002596390776  0.03585050588932316 -0.01894798536117168 0.005282549575815076
   3.334532311083655     57.7267996627121    -14.0589438852057   -2.118214214779163   -12.89650088679534    1.170229289584492   -9.836123215546822    3.199054888742865   -15.39767072709057   -5.999406957359408
  0.0142006024529601    -14.0589438852057    6.046089564865559     2.30232606350784     6.41648574593082  -0.4788161467343533    5.606757469219293   -1.752787035358742    9.652481262647987      3.5817516556757
   0.119854855595682   -2.118214214779163     2.30232606350784    4.916766094940384    1.489212172737268    1.593471892199255    1.120236124121445   0.5303172816401726    1.531759959318132   0.5466250003829014
-0.01953951029952759   -12.89650088679534     6.41648574593082    1.489212172737268    8.136822363009161 -0.04609919541593268    7.127471597214672   -2.561345468548976    13.03292548890787    4.523321494921628
-0.01817605975496821    1.170229289584492  -0.4788161467343533    1.593471892199255 -0.04609919541593268     4.59788922628794   -1.518283844072517   0.9863004812441362    -2.43293540881192    -1.60988525988639
0.004656002596390776   -9.836123215546822    5.606757469219293    1.120236124121445    7.127471597214672   -1.518283844072517    8.183177462884972   -2.466142317291917    12.53340820365508    4.984292645822014
 0.03585050588932316    3.199054888742865   -1.752787035358742   0.5303172816401726   -2.561345468548976   0.9863004812441362   -2.466142317291917    2.763342260125186   -5.026807540673656   -1.296935984391563
-0.01894798536117168   -15.39767072709057    9.652481262647987    1.531759959318132    13.03292548890787    -2.43293540881192    12.53340820365508   -5.026807540673656    25.70429936008334    9.211601612267229
0.005282549575815076   -5.999406957359408      3.5817516556757   0.5466250003829014    4.523321494921628    -1.60988525988639    4.984292645822014   -1.296935984391563    9.211601612267229    4.841967771623188

cov.inverse():
    41.84707385438723    -12.05997136577418    -81.63055057727259     23.92687490343446     40.04572241778586    -12.75428200192231    0.2814250152817821    -0.581221278625719    0.1807171245697939    0.2548102776817764
   -12.05997136577419     3.564981636536045      24.1416375961323    -7.085828082072762    -11.84773103884215     3.778935610688553  -0.08292569678768753    0.1685810840893452  -0.05180582971252277  -0.07448375303999756
   -81.63055057727233     24.14163759613231     166.6494094307961    -48.98620802790701    -84.04146802399464     26.71780657834024   -0.1073195068479078     1.079199611916177    0.3978054186345673   -0.7070812880656161
    23.92687490343441     -7.08582808207277    -48.98620802790702     14.66684587942953     24.72757449063854      -7.9581655301841  -0.03278673132257717   -0.4147202346150348   -0.1394519023650156    0.2167779238420004
    40.04572241778602     -11.8477310388422    -84.04146802399487      24.7275744906386     45.18040745492022    -14.27397740241952   -0.7973324212658605   -0.3889276108015925    -1.133606909003121    0.5731426867586444
   -12.75428200192236     3.778935610688568     26.71780657834031    -7.958165530184122    -14.27397740241952     4.821821544925429    0.2546132977662706   0.03718382541104467    0.2744313771631535 -0.005802273272802146
   0.2814250152816198  -0.08292569678763985   -0.1073195068475787  -0.03278673132267407   -0.7973324212660267    0.2546132977663234    0.8380168645657388   0.02652718128574841    0.1075162112958248   -0.2505391407837488
  -0.5812212786256956    0.1685810840893382     1.079199611916126   -0.4147202346150196   -0.3889276108015636   0.03718382541103559    0.0265271812857458    0.7373933296855706    0.1589969283925354   -0.2985664291550305
    0.180717124569827  -0.05180582971253191     0.397805418634504   -0.1394519023649969    -1.133606909003088    0.2744313771631428    0.1075162112958235    0.1589969283925357    0.5701270797026743   -0.3453898754988322
   0.2548102776818033  -0.07448375304000558   -0.7070812880656694    0.2167779238420159     0.573142686758669 -0.005802273272809981   -0.2505391407837468   -0.2985664291550314   -0.3453898754988323    0.9102026927034299

cov*(cov_.inverse()):
    0.9999999999999654  9.802488681875943e-15 -2.666382739602291e-13  6.556344009367443e-14   6.77496253542742e-15 -1.433796386739877e-15   9.86623976961809e-16  4.401860820291148e-16 -2.126120460244074e-15  2.419939248987646e-16
 1.150191053511662e-13     0.9999999999999513  6.572520305780927e-14  1.998401444325282e-14   1.48769885299771e-13  2.028238688112083e-14  8.881784197001252e-16 -1.332267629550188e-15                      0                      0
-1.149080830487037e-13  4.440892098500626e-15     0.9999999999996572 -1.887379141862766e-15  -1.77635683940025e-15 -1.950870021083517e-14 -5.551115123125783e-16  6.661338147750939e-16 -2.664535259100376e-15  8.881784197001252e-16
 -3.05311331771918e-16 -4.669875597329565e-15 -1.299516050323746e-13      1.000000000000026  2.253752739989068e-14 -4.220582217051572e-15  8.326672684688674e-16 -2.498001805406602e-16  -9.71445146547012e-16  7.771561172376096e-16
 4.884981308350689e-15  2.509104035652854e-14 -1.247890679678676e-13   8.22675261247241e-14     0.9999999999999987 -1.807581861967833e-15                      0  2.220446049250313e-16 -3.552713678800501e-15   1.77635683940025e-15
 2.037259250187162e-14 -4.510281037539698e-15  3.774758283725532e-15 -5.717648576819556e-15  2.664535259100376e-14     0.9999999999999984  2.220446049250313e-16  -3.33066907387547e-16  1.110223024625157e-16  2.220446049250313e-16
-1.711963903971991e-13  1.088018564132653e-14 -6.217248937900877e-14 -1.243449787580175e-14 -1.092459456231154e-13     1.166775009942e-14      1.000000000000001   1.77635683940025e-15 -6.661338147750939e-16 -8.881784197001252e-16
 1.287858708565182e-14  -6.63358257213531e-15  1.787459069646502e-14  3.219646771412954e-15  2.442490654175344e-14  -1.85268467234323e-15 -4.996003610813204e-16                      1  4.440892098500626e-16 -2.220446049250313e-16
-1.212363542890671e-13 -2.986499936241671e-14 -3.632649736573512e-13  1.043609643147647e-13 -7.993605777301127e-14 -6.371292382567617e-14  4.440892098500626e-16  4.440892098500626e-16     0.9999999999999973   1.77635683940025e-15
-2.420286193682841e-14 -9.381384558082573e-15 -2.309263891220326e-14  2.842170943040401e-14 -2.708944180085382e-14 -2.470593174486169e-14 -4.440892098500626e-16 -2.220446049250313e-16 -1.332267629550188e-15      1.000000000000001
