5
2

0.03655305617351239
 0.3503485342462023
   1.45291622930868
  5.922791822849092
   10.2370399772917

   -0.4329274019267103     0.8159236833910619     -0.383200099198872  0.0003006775187222864 -3.330999540279321e-05
   -0.5563370755416384    0.07851118072863256     0.7955729241392844    -0.1786652889491267     -0.139525946617709
    0.1049057870567191    0.05528034198724084  -0.001482730524580598    -0.7844073522336041     0.6088035536228766
   -0.3019092733867798    -0.1325328235423654    0.05925560039207997     0.5461008823383672     0.7678205789495265
    0.6331733487156914     0.5545121025332274     0.4655190454565846     0.2335755898823305     0.1426264377618962

26.56494269845256
43.39814455078979
62.44174244540793
110.0456338346309
130.0968208565081

 1.257656056571875
-1.239841495165519

0
0
0
0
0

0
0

0
0
0
0
0

0
0

0
0
0
0
0

0
0

0
0
0
0
0

0
0

0
0
0
0
0

0
0

0
0
0
0
0

0
0

0
0
0
0
0

0
0

0
0
0
0
0

0
0

0
0
0
0
0

0
0

0
0
0
0
0

0
0

0
0
0
0
0

0
0

0
0
0
0
0

0
0

0
0
0
0
0

0
0

0
0
0
0
0

0
0

0
0
0
0
0

0
0

0
0
0
0
0

0
0

0
0
0
0
0

0
0

0
0
0
0
0

0
0

0
0
0
0
0

0
0

0
0
0
0
0

0
0

0
0
0
0
0

0
0

0
0
0
0
0

0
0

0
0
0
0
0

0
0

0
0
0
0
0

0
0

0
0
0
0
0

0
0

0
0
0
0
0

0
0

0
0
0
0
0

0
0

0
0
0
0
0

0
0

0
0
0
0
0

0
0

0
0
0
0
0

0
0

0
0
0
0
0

0
0

0
0
0
0
0

0
0

0
0
0
0
0

0
0

0
0
0
0
0

0
0

0
0
0
0
0

0
0

0
0
0
0
0

0
0

0
0
0
0
0

0
0

0
0
0
0
0

0
0

0
0
0
0
0

0
0

0
0
0
0
0

0
0

0
0
0
0
0

0
0

0
0
0
0
0

0
0

0
0
0
0
0

0
0

0
0
0
0
0

0
0

0
0
0
0
0

0
0

0
0
0
0
0

0
0

0
0
0
0
0

0
0

0
0
0
0
0

0
0

0
0
0
0
0

0
0

0
0
0
0
0

0
0

0
0
0
0
0

0
0

0
0
0
0
0

0
0

0
0
0
0
0

0
0

0
0
0
0
0

0
0

0
0
0
0
0

0
0

0
0
0
0
0

0
0

0
0
0
0
0

0
0

0
0
0
0
0

0
0

0
0
0
0
0

0
0

0
0
0
0
0

0
0

0
0
0
0
0

0
0

0
0
0
0
0

0
0

0
0
0
0
0

0
0

0
0
0
0
0

0
0

0
0
0
0
0

0
0

0
0
0
0
0

0
0

0
0
0
0
0

0
0

0
0
0
0
0

0
0

0
0
0
0
0

0
0

0
0
0
0
0

0
0

0
0
0
0
0

0
0

0
0
0
0
0

0
0

0
0
0
0
0

0
0

0
0
0
0
0

0
0

0
0
0
0
0

0
0

0
0
0
0
0

0
0

0
0
0
0
0

0
0

 -0.03603514988325797  0.002173859023738907   0.03371246244961837 5.258215333979336e-05 8.027066826803045e-05
    1.610886663917577    0.2993279366928857    -0.905682532701776 -0.001255661428595733 -0.002559207335834535

 5.953377658999059e-06   0.005771242027573126   -0.00781582330989869     0.4447808978003763    -0.6176253863663166
-0.0001417774986856706    -0.1954884410410141     0.3932899056950132     -20.42781984948397      80.03143638389663

cov:
45.27293999369873 38.20450109878445 30.20735858925451 9.553666608933076 1.476431784993931
38.20450109878445 32.84762853436299  26.7834553782927 10.94117810398996  4.78815650670183
30.20735858925451  26.7834553782927 22.91140560718358 12.51514682181865 8.538533155941607
9.553666608933076 10.94117810398996 12.51514682181865 17.48186603866354 17.19526255102614
1.476431784993931  4.78815650670183 8.538533155941607 17.19526255102614 23.59765609032037

cov.inverse():
   142.8090353697409   -264.7216910808812    120.5596134753331   0.6701046683013279   0.6677021613829647
  -264.7216910808814    498.3101300034519   -233.4953404420329  0.04796389347993561 -0.09578994001943029
   120.5596134753334   -233.4953404420332    115.0602759146896     -1.2417524958307  -0.8932892427522664
  0.6701046683013555  0.04796389347988259   -1.241752495830675    0.560628998161761  -0.0108671988103662
  0.6677021613828914 -0.09578994001929164  -0.8932892427523321 -0.01086719881036594   0.3511825349395451

cov*(cov_.inverse()):
     1.000000000000159   1.62339586218252e-12 -1.836308882730009e-13 -5.526828994462107e-15 -1.110223024625157e-16
-5.595524044110789e-14     0.9999999999997066 -5.728750807065808e-13 -1.693090112553364e-15  6.883382752675971e-15
-4.174438572590589e-14  1.195155086008981e-12     0.9999999999996998  2.095545958979983e-15  5.329070518200751e-15
  1.63424829224823e-13 -2.544631172440859e-13  3.197442310920451e-14     0.9999999999999984  2.664535259100376e-15
 -1.13686837721616e-13 -9.681144774731365e-14 -6.750155989720952e-14  2.220446049250313e-16                      1
