6
2

6.357897777877812e-05
7.838392236786195e-05
9.193579302456112e-05
 0.000157293310346911
  0.01765990615232822
   0.5686863846151389

-0.01118239107771971   0.0911063639669383  0.09590980228313475  -0.7125612170536223   0.6749323805022009  -0.1381980032461083
 0.03104380751319745  0.06205769311558811   -0.729168975382925   0.4119585786339773   0.4785768181349004  -0.2544643171704397
 -0.2585904941352038   0.8239171845381542  -0.3074782051626445  -0.2171096808431502  -0.2567863063534847   0.2160387976015194
  0.6730688258467397   -0.198722019834892  -0.4288244063710782  -0.3270892363145161  -0.1566765447133393   0.4382495120709204
 -0.5598605466669051  -0.3216743440927273  -0.1193517819688421  0.04091628919565778   0.2404371768763509   0.7136895389687297
   0.406911189876741   0.4074851179833082   0.4079654999584379    0.408348523556487   0.4088199213287683    0.409952519510324

0.3987313681859503
0.3987882356841048
0.3988975361430145
0.3988910525114405
0.3988789238035736
0.3988633728797683

0.000118909443419245
  0.3989310958612246

 0.4178776256146722 -0.2222290218911061   1.125588510004799   1.713268129844339   1.841382476547426  -4.875907818811639
 0.9903504420767201  0.2847413939753528 0.08186835867832638 0.07917284689264183 0.04049888251324496 -0.4766554813130941

 3.148442224278315e-09  1.232629631130137e-08 -2.143006796493396e-08 -7.776191342718833e-08   -0.00101790617982572  -0.002522877119606819
 2.405588415232143e-10  9.953856467887729e-10 -1.497976954299847e-09   8.25728729734368e-09 -0.0003065799405443524     0.1312674291068656

cov:
0.05364597241518881  0.0536798941301162 0.05370778281713159 0.05373020563909402 0.05375740560477495 0.05382382843669106
 0.0536798941301162 0.05373164447526778  0.0537746460524209 0.05380904378469664  0.0538511489394356 0.05395292793678085
0.05370778281713159  0.0537746460524209 0.05383050454713945 0.05387506750151767 0.05392983453235689 0.05406164678277082
0.05373020563909402 0.05380904378469664 0.05387506750151767 0.05392769957560081 0.05399249401680537 0.05414810059340176
0.05375740560477495  0.0538511489394356 0.05392983453235689 0.05399249401680537 0.05406978405884393 0.05425500893638793
0.05382382843669106 0.05395292793678085 0.05406164678277082 0.05414810059340176 0.05425500893638793 0.05451051463960715

cov.inverse():
 26410665.92612566   -30551339.416361 -6208121.435534945  1796712.521013151  4144516.790165744   4408011.30212889
-30551339.42576289  84591893.95402329 -31731740.45296703 -30435602.95579569 -3727579.061034424  11853672.03754664
-6208121.427505516  -31731740.4682408  107430934.9284783 -52230178.94154538 -28726196.51953497  11465254.88008289
 1796712.504867215 -30435602.90732016 -52230178.92332973  163130986.3457708 -78218888.53285404 -4043864.464528275
 4144516.819553834 -3727579.128361435 -28726196.55723981 -78218888.43818383  158763605.7950249 -52233795.49834836
  4408011.29025952  11853672.06226944  11465254.89232715 -4043864.508651931 -52233795.47932238  28550211.17930645

cov*(cov_.inverse()):
    0.9999999997962732  6.984919309616089e-10 -1.164153218269348e-10 -1.164153218269348e-10                      0                      0
-2.037268131971359e-10      1.000000000232831  3.492459654808044e-10 -3.201421350240707e-10                      0                      0
-1.746229827404022e-10  3.492459654808044e-10      1.000000001047738  2.619344741106033e-10 -9.313225746154785e-10 -2.328306436538696e-10
  2.91038304567337e-11 -1.164153218269348e-10  1.047737896442413e-09      1.000000000844011  9.313225746154785e-10                      0
 1.164153218269348e-10                      0  1.164153218269348e-10  1.222360879182816e-09      1.000000000931323                      0
 1.164153218269348e-10  3.492459654808044e-10                      0 -1.164153218269348e-10  4.656612873077393e-10     0.9999999997671694
