5
2

4.989535822435212e-05
7.451062002258268e-05
8.732116029997901e-05
  0.01875465470241041
   0.5278928183413912

 -0.2648447744630156   0.7344652107797345  -0.6151226745848274  0.09973070329109239   0.0457818919070373
  0.3161868503540697  -0.3170448590428257  -0.4195963429339726   0.7274628558647395  -0.3069937057192568
 -0.5174568140911049   0.2116543598067292   0.4937572569121383   0.3675302303320919   -0.555487334296767
 -0.6039669208389593  -0.3416839168474043 -0.04417507719083946   0.3524390796536278   0.6263476009279588
  0.4442358891240077    0.445531081352822   0.4470070894402333   0.4489541235840525   0.4503125439845457

0.4078103931936023
0.4077060276506868
0.4075686152772713
0.4074091604783918
0.4072596075941357

0.001641125386018163
  0.4082657602862414

  1.511244496961809   1.578453576738597 -0.1604024011012082 -0.7911469864400018  -2.138222823376666
   3.26098019716078 -0.9060086448303446 -0.6128442926153953  -3.197880218458937   2.456232809645794

 1.695251032719098e-09  6.972558024357494e-10  2.820239727677341e-09  -0.001077402293059359  -0.004224398909586096
-3.382265465031967e-09 -8.355038355516496e-09 -3.600134617891797e-08 -0.0004296417610794658      0.123009376619476

cov:
0.05512274886628649 0.05522736453536894 0.05534688536260524 0.05550366588711014   0.055613645736854
0.05522736453536894 0.05535665327525446 0.05550415198849258 0.05569822180722523 0.05583395966223043
0.05534688536260524 0.05550415198849258 0.05568339579292958 0.05591976678431484 0.05608472529677989
0.05550366588711014 0.05569822180722523 0.05591976678431484 0.05621253212183785   0.056416433200589
  0.055613645736854 0.05583395966223043 0.05608472529677989   0.056416433200589 0.05664725033947991

cov.inverse():
 81299694.93329407 -110553666.4539603  8033729.001080631  5878267.499924943  15341894.72004772
-110553666.4423721   240662372.797556 -143805900.6173869 -1918663.542617452  15618018.63122494
 8033728.970947711  -143805900.584585  215671451.5996876 -55822420.04752991 -24080681.44438405
 5878267.532740009 -1918663.570868049 -55822420.06695718  117031064.2647277 -65166012.58130915
 15341894.70577822  15618018.63826109 -24080681.42228813 -65166012.59617221  58286304.44673066

cov*(cov_.inverse()):
    0.9999999994179234  3.492459654808044e-10  1.396983861923218e-09 -9.313225746154785e-10 -9.313225746154785e-10
-2.328306436538696e-10      1.000000000814907  6.984919309616089e-10 -4.656612873077393e-10 -4.656612873077393e-10
-1.164153218269348e-10 -9.313225746154785e-10      1.000000000698492 -4.656612873077393e-10                      0
 3.492459654808044e-10  9.313225746154785e-10 -6.984919309616089e-10     0.9999999990686774  4.656612873077393e-10
 6.984919309616089e-10                      0  2.328306436538696e-10                      0     0.9999999995343387
