5
2

2.918602688456458e-05
6.205986834151456e-05
8.754773274723067e-05
  0.01631964814697163
   0.2396716073222946

 0.3413081291648946 -0.6558417327387078  0.4799183318348812 -0.4065943723540171  0.2402910603895147
-0.1000964575796778  0.4595177844051751 -0.1532746631710383  -0.709564564136176  0.5018457053192764
 0.6227271793849087 -0.1888751029538681 -0.7261687085033797 0.09008358292944411  0.2027338413206091
-0.4915068125492025 -0.3083421559631965 -0.0950961255811793  0.3910082936721369  0.7081069193651085
 0.4940864027870013  0.4774582052429117  0.4580622294935618   0.412548915958435  0.3845707668038834

0.3853309233745057
0.3856482547574785
0.3859341387460377
0.3865944220266999
0.3868718211000149

-0.003020402817167721
   0.3850275054574013

 314.9778707729536 -572.0987278729357  426.2559874897565 -429.7672627512124  259.5448539703715
 771.6870096541153 -1242.741674880846  857.3805982102851 -1104.772249804557  716.8561946885629

  7.87414375355074e-07  2.905791673253705e-07  6.568779706617361e-08 -0.0008533147002987684    0.01368075416131678
 1.798495445378925e-06  1.401683364470091e-06  1.061391830202571e-06 -0.0005320302926632836    0.03250438934429678

cov:
 0.01408728000525513  0.01359136475204922  0.01301296029433792  0.01165759310447916  0.01082202087315814
 0.01359136475204922  0.01312027448467615   0.0125708000943476  0.01128261344565168  0.01048923515635153
 0.01301296029433792   0.0125708000943476  0.01205505164238335  0.01084517869891844   0.0101009789521957
 0.01165759310447916  0.01128261344565168  0.01084517869891844 0.009817235951144537 0.009187232888344605
 0.01082202087315814  0.01048923515635153   0.0101009789521957 0.009187232888344605 0.008628980556490877

cov.inverse():
 189952187.7197964 -290069667.1519101  137277821.5803987 -137154359.2456314  99707150.58368455
 -290069667.123328  564429989.1748254 -369894320.5957533   226168437.298304 -130127335.9813529
 137277821.5844692 -369894320.6461359  345285707.1927503 -209372059.3491658  96200387.16254817
-137154359.3480711  226168437.5352332 -209372059.4959974  325861815.9678084 -204769520.7496188
 99707150.65324318 -130127336.1387874  96200387.26274033  -204769520.761966  138539140.7909086

cov*(cov_.inverse()):
                     1                      0  1.164153218269348e-10                      0                      0
-4.656612873077393e-10      1.000000000232831  1.513399183750153e-09 -9.313225746154785e-10                      0
-1.164153218269348e-10  9.313225746154785e-10      1.000000000349246 -2.328306436538696e-10 -2.328306436538696e-10
-2.328306436538696e-10  4.656612873077393e-10  9.313225746154785e-10     0.9999999997671694 -2.328306436538696e-10
 1.164153218269348e-10 -2.328306436538696e-10  4.656612873077393e-10 -4.656612873077393e-10                      1
