5
2

5.782978099871835e-05
8.103349059987233e-05
0.0001006444912507406
  0.01459726518645969
   0.5780227196747231

 -0.5609263694339752   0.8071515572990137  -0.1219720355151476  -0.1371982932851655  0.01293918449229986
  0.2118415112169698   0.1132535261054164  -0.8168929872863936   0.5234333903688224 -0.03162508686648142
  0.4414413894904057   0.1322546292516323  -0.3283326676583552  -0.6926599502882164   0.4472785097692117
 -0.4970102745800094  -0.3451995063943147  -0.1014464353052479   0.1641816858108631   0.7723801412226924
  0.4456400664276203   0.4461233194993302   0.4468947862604913   0.4477283567942356   0.4496701941743622

 0.422017543465685
0.4220939698801505
0.4220781924577425
0.4220635747527161
 0.422037994117899

0.0001890762203351935
   0.4221567300005182

    4.39822516604705  -0.6146675936414359 -0.03001779065304176   -1.530525471794726   -2.223134476771305
   1.480990789025542  0.08416575531322132    1.615053780272526   -1.661466629934089  -0.5188505678859666

-9.291520406767127e-09  1.023137256573316e-09  1.960928998513194e-08 -0.0008393491626203464   -0.00419106332219703
  -2.4699098632051e-09 -1.214340518281415e-08  1.067009448628107e-08  -0.000341459947164625     0.1477097783868811

cov:
0.06640528917114798 0.06646116082679435 0.06655021096802924 0.06664619316175181 0.06687091298798145
0.06646116082679435  0.0665220285535135 0.06661908593986085 0.06672379542703609 0.06696850017742854
0.06655021096802924 0.06661908593986085 0.06672901316896891 0.06684772751713701 0.06712451957488193
0.06664619316175181 0.06672379542703609 0.06684772751713701 0.06698172173307117   0.067293469582912
0.06687091298798145 0.06696850017742854 0.06712451957488193   0.067293469582912 0.06768531202440942

cov.inverse():
 120156166.7171923 -125962794.5745191 -20204734.44655215  9711585.660840053  16300340.89956955
-125962794.5262292  198488815.0158793 -47814267.70855886 -33129386.35482977  8416152.833920838
-20204734.61101186 -47814267.47124498  116716358.7584921 -37661721.24504851  -11036113.4943171
 9711585.808406424 -33129386.59502327 -37661721.15221761  94718682.35818949 -33636856.22339812
 16300340.86817624  8416152.885084869 -11036113.51429085 -33636856.22319529   19955581.5950968

cov*(cov_.inverse()):
     1.000000000465661 -1.862645149230957e-09  9.313225746154785e-10 -1.396983861923218e-09                      0
-4.656612873077393e-10     0.9999999984866008 -8.149072527885437e-10 -4.656612873077393e-10                      0
-2.328306436538696e-10 -1.047737896442413e-09      1.000000000232831                      0                      0
 4.656612873077393e-10 -2.328306436538696e-09 -2.328306436538696e-10     0.9999999990686774                      0
-4.656612873077393e-10 -1.862645149230957e-09  2.328306436538696e-10                      0                      1
