5
2

5.369085890634548e-05
6.236819985189345e-05
0.0001087693297356612
  0.01821273357246349
   0.5779967287419114

 -0.1572761752398848   0.6886708928647958  -0.6728329569850016    0.209085494260357 -0.06764372925437875
 -0.3452010077934066   0.4772248986217104   0.3279435920078344   -0.698900384580766   0.2389224000544349
  0.6056677769012042  -0.1316031673970115  -0.4620117074713418  -0.4545387068864314   0.4424781310483647
 -0.5394425946187461  -0.2856318285564439  -0.1637615617432936    0.245815400740742   0.7349646830158327
  0.4452737360937407   0.4461881467530034   0.4466275243540542   0.4480969328431504   0.4498671258362538

0.4227945260584445
0.4228049015791058
0.4228781002570954
0.4228377164574216
0.4227936554094058

0.0002821011095363126
   0.4229709376686097

   1.74892524571081   1.840561644697803 -0.3795751715834606    -1.2336465537399  -1.976289927392376
  2.514317526583723 -0.9609085734538612 -0.5406666987923725  0.3481261237246702  -0.360935592084054

 3.239050469722494e-09  2.101141199654168e-09  8.029389389417834e-09  -0.001049099266548904  -0.003809369084216396
-1.718700926865943e-09 -7.131404098546787e-09  1.870623109745202e-08 -0.0003890962345047934     0.1479835404357542

cov:
0.06633418070483039 0.06642478340385946 0.06646833554585603 0.06661363390430727 0.06678944208888848
0.06642478340385946  0.0665370448863053 0.06659099058948939 0.06677121890149761  0.0669887438163235
0.06646833554585603 0.06659099058948939 0.06664993409253035 0.06684693227336817 0.06708448783405754
0.06661363390430727 0.06677121890149761 0.06684693227336817 0.06710030251186538 0.06740517762161184
0.06678944208888848  0.0669887438163235 0.06708448783405754 0.06740517762161184 0.06779047850826876

cov.inverse():
 70223347.59860422 -86661195.11217572 -16046826.12166812  27346590.10180228  5138446.382193633
-86661194.98961596  224534749.3416447 -115364183.9555774     -30739698.0981  8229976.838502414
-16046826.19645843 -115364183.8949409  202732222.4750668 -89974229.37584895  18651615.35286557
 27346589.98350043 -30739697.89020032 -89974229.44418605  158204023.7598754 -64834251.93699693
 5138446.452724242  8229976.692529301  18651615.40704773 -64834251.91573635  32813183.74471069

cov*(cov_.inverse()):
     1.000000001688022 -1.746229827404022e-09  1.396983861923218e-09  9.313225746154785e-10 -9.313225746154785e-10
 1.455191522836685e-09     0.9999999981373549  6.984919309616089e-10                      0  4.656612873077393e-10
 1.280568540096283e-09  1.047737896442413e-09     0.9999999988358468  9.313225746154785e-10                      0
 6.984919309616089e-10  2.211891114711761e-09 -2.328306436538696e-10                      1                      0
 6.402842700481415e-10  8.149072527885437e-10 -2.328306436538696e-10 -9.313225746154785e-10                      1
