5
2

0.0001067753212374298
0.0002010722051386318
0.0002304651480856421
  0.01394673281846034
   0.5319046754948246

  0.5306301678436572  -0.8235624926945392  0.02369187428648473  0.09361285578140616    0.175646730474018
  0.2950779937726309   0.2370450733030859  -0.8577396615912282 -0.02158700948943472   0.3472107209873013
-0.06835222289620133 -0.05546022222544957   -0.249859820008111   0.8425836241361171  -0.4689083535820331
 -0.6547877306436051  -0.2515183834658605 -0.03747479925334348   0.2827217974701797   0.6531887592675414
  0.4449062867493302   0.4463374512394358   0.4470873268083027   0.4482096114839909   0.4495134503135393

0.4056690856699258
0.4056675860983809
0.4057103941150525
0.4056844818564099
0.4056650622786764

0.0002321195954512732
   0.4058192440364838

    8.24116195847586   -7.535686127441651   0.3810293556180339  -0.1942322022122198  -0.8921397437204829
   3.676586657272247    -2.54783328952397  0.05451121799441028 -0.09123685744906493 -0.09190241051245182

 1.187212664166936e-07   5.29499381498912e-10   7.48913584086765e-10 -0.0008077621839835919  -0.004143778158307266
 4.589820320732823e-08  1.634311583647831e-08 -8.360199586658375e-09 -0.0003607065255241261     0.1246867467361277

cov:
0.05608555317833956 0.05621432884177886 0.05628145010483504 0.05638194163182864 0.05649888672094909
0.05621432884177886 0.05637533768496018 0.05645954161274521 0.05658560164011459 0.05673213123686371
0.05628145010483504 0.05645954161274521 0.05655287475142866 0.05669245630023195 0.05685468451278996
0.05638194163182864 0.05658560164011459 0.05669245630023195  0.0568524283513493 0.05703808036967128
0.05649888672094909 0.05673213123686371 0.05685468451278996 0.05703808036967128 0.05725100614867179

cov.inverse():
 26940669.74631193 -36528408.78143782 -4835850.659289445  3114163.210478727  11310395.19373215
 -36528408.7839615  60939063.63035978 -6479473.534704046 -7768967.120977819 -10163544.18604151
-4835850.657223904  -6479473.53788773  19421929.73776692 -3311226.638479637 -4795499.217086341
 3114163.212788606 -7768967.123949852 -3311226.638960651  14147021.27066342 -6180797.618460592
 11310395.19188042 -10163544.18240941 -4795499.217723538  -6180797.61960384  9829752.348668365

cov*(cov_.inverse()):
                     1 -1.164153218269348e-10  1.746229827404022e-10                      0 -1.164153218269348e-10
                     0      0.999999999650754                      0  5.820766091346741e-11 -1.164153218269348e-10
 1.164153218269348e-10 -3.492459654808044e-10      1.000000000058208  5.820766091346741e-11                      0
 2.328306436538696e-10 -4.656612873077393e-10  1.164153218269348e-10     0.9999999999417923 -1.164153218269348e-10
                     0 -3.492459654808044e-10  5.820766091346741e-11                      0     0.9999999997671694
