5
2

6.496083994670046e-05
8.237804637727025e-05
0.0001248520501362259
  0.02235811678207012
   0.5181961997625031

 -0.1417213717816871   0.6665647835028531  -0.7022339416794796    0.204324165222517 -0.02693638493812068
 -0.1485286976944356   0.3010037719343032  0.07178672111935661  -0.7667458792721122   0.5424789198970636
  0.6797667129136845  -0.3732298519165569  -0.5325585878852784 -0.09847332441109019   0.3245012303550425
 -0.5454152289833128  -0.3562279199555515  -0.1360839794576779   0.3992495112208698   0.6306384664465695
  0.4453018333098545   0.4459700274206811   0.4467400349519101   0.4486147838565761    0.449427556753882

0.4053114078129051
0.4053086535452424
 0.405260202627669
0.4051376625565432
0.4050521948163481

0.0009612505325925357
   0.4056210214040676

 0.2811824628406179   1.255144842188487    1.35935116757964 -0.1438487690645172  -2.751857672608724
 0.5111048817424545  0.9995737005732774   0.164018221076569 -0.8799265409685304  0.2053548453553525

-4.771175598814286e-10 -6.439413374630585e-09 -2.930658211939722e-08  -0.001288866289807751  -0.002429828571322101
  1.23789058710898e-09  6.940980351493082e-09   6.28185639055711e-10 -0.0004393823957825457     0.1192780627441241

cov:
0.05339599049228256 0.05342429718306237 0.05345634956651729 0.05353457282677946  0.0535686769498712
0.05342429718306237 0.05347063699588037 0.05352364423405157 0.05365282482981282 0.05370895395931675
0.05345634956651729 0.05352364423405157 0.05360104546659224 0.05378952039503878 0.05387127942869618
0.05353457282677946 0.05365282482981282 0.05378952039503878 0.05412220841574306 0.05426629207520053
 0.0535686769498712 0.05370895395931675 0.05387127942869618 0.05426629207520053 0.05443733205792976

cov.inverse():
 37654447.61280139 -45249488.60923897 -1211185.769991374   5625111.26918052  3181602.586297602
-45249488.60331012  127576477.1920642 -94987340.88221836  622434.2485267078  12037116.01381456
 -1211185.78699643 -94987340.86175609  135812584.3982953 -38748291.29496791 -865568.7601342724
 5625111.300240686  622434.2108627538 -38748291.29413191  97147901.57319298 -64646747.02007166
 3181602.566313736  12037116.03694483 -865568.7575127702 -64646747.02583983  50293324.40858968

cov*(cov_.inverse()):
     0.999999999825377  9.313225746154785e-10  7.275957614183426e-10                      0  4.656612873077393e-10
-5.820766091346741e-11      1.000000000116415  5.456968210637569e-10                      0  4.656612873077393e-10
-1.746229827404022e-10  9.313225746154785e-10      1.000000001142325 -4.656612873077393e-10  4.656612873077393e-10
 -2.91038304567337e-11  1.164153218269348e-10   2.91038304567337e-11                      1  4.656612873077393e-10
-3.492459654808044e-10  1.047737896442413e-09  4.511093720793724e-10                      0                      1
