5
2

 0.000215916867355241
0.0002333580006969444
0.0002576068576474366
  0.02001968008749104
   0.5191421196872784

 -0.2629281085635565   0.0852652270149368    0.292359759743307   0.5874577737328017  -0.7021522525442879
  -0.268216713220471   0.2903794790655029   0.6801692066866254  -0.6104699964219839 -0.09184653847959169
  0.2158684150730505  -0.8353447727101247    0.498094856432006  0.05239959563345999  0.06896183330762197
 -0.7840768692027656   -0.104608761253301  0.06005524153361848   0.2803340183436585   0.5404504384065902
  0.4444692284415613   0.4468396994165337   0.4474265337666503    0.448204047378189   0.4491147033768496

0.3982436564459264
0.3983698033404919
0.3983703274148828
0.3983669777901223
0.3983509352898884

0.0001299858117295432
    0.398443986778633

    1.885742771530869     0.625171092377652     0.325469625498352    -0.678309197503035    -2.158177424597127
    1.430434847361534  -0.01903872692358238   -0.3558268104995598  -0.04718379950092649 -0.008267798277768662

 3.587583688082684e-08  2.774161141114696e-08 -9.119458740186735e-09  -0.001154653251384657  -0.002738340848793832
 -2.34810282198468e-08 -3.276363128611186e-08  9.583335588221855e-09 -0.0004643701708052852     0.1194487448598454

cov:
0.05348859743824726 0.05355900284547802 0.05357756419769114  0.0536014878174354 0.05362884104111098
0.05355900284547802  0.0538160530098459 0.05387975316058217  0.0539641569685495 0.05406292118662909
0.05357756419769114 0.05387975316058217 0.05395454143936346 0.05405354159246373 0.05416961631853583
 0.0536014878174354  0.0539641569685495 0.05405354159246373 0.05417225993481977 0.05431143518186173
0.05362884104111098 0.05406292118662909 0.05416961631853583 0.05431143518186173 0.05447804363927293

cov.inverse():
  3507672.67255934 -4628220.450020636  -3378799.20615898 -136439.7459601099  4635650.904592482
-4628220.449993674  12219563.72864631 -2108325.370799954 -2840500.082573514 -2642172.696294634
-3378799.206353762 -2108325.370660272  14067524.58049984 -3547574.205715244 -5032766.052852412
-136439.7456671081 -2840500.082694035 -3547574.206361044  14287680.55806142 -7763326.968480314
 4635650.904467302 -2642172.696286828 -5032766.052261719 -7763326.968953629  10802524.92548586

cov*(cov_.inverse()):
     1.000000000029104  -2.91038304567337e-11                      0 -5.820766091346741e-11                      0
                     0     0.9999999998835847  5.820766091346741e-11                      0                      0
-5.820766091346741e-11  5.820766091346741e-11                      1                      0 -1.164153218269348e-10
                     0 -1.455191522836685e-10                      0      1.000000000058208 -1.164153218269348e-10
 -2.91038304567337e-11                      0  5.820766091346741e-11                      0                      1
