5
2

 5.28018490831623e-05
8.451279082600568e-05
0.0001750208737911698
  0.01847110328411439
   0.5190244565955116

 0.00389991858032132   0.4062498519309654  -0.8064305462374055   0.4284619093343492 -0.03218718356643189
  -0.514527694716878   0.7229451929124842   0.1281207784883601  -0.4324371931280781  0.09588868302939857
  0.4682971233077851 -0.03605711252932327  -0.3589960297652104  -0.6057553542593391   0.5325222909293655
 -0.5633882623751852  -0.3344740110745384 -0.06745335697301803   0.2486548109351047   0.7101701425471766
   0.445575484204332   0.4462491752401982   0.4470198378826862   0.4479393954923402   0.4492746642965879

0.4017415591349343
0.4018045518051471
0.4018320507728292
0.4018476250569481
0.4018887910263304

6.409507027895575e-05
   0.4019339110068962

  0.467412834379671   2.381315505470943   3.238000722740772  -5.377687314716261 -0.7091600639924732
 0.6247626375431017  0.5740942641341213  0.9453638979987082 -0.9774188055307311 -0.1667945605760852

-1.093829613392704e-08  2.966551111121927e-08  5.668553190835824e-08  -0.001064162372246287  -0.002453386984682897
-2.621104922414228e-09  4.438154005814143e-09  1.334794571634281e-08 -0.0003306950704081672     0.1197162433179998

cov:
0.05359160481209021 0.05362845611558837 0.05366963170385827 0.05371924495078952 0.05379082284305798
0.05362845611558837 0.05368332737408656 0.05374549586802391  0.0538199647148621 0.05392781647043623
0.05366963170385827 0.05374549586802391 0.05383216044021497 0.05393561910002564 0.05408578134121766
0.05371924495078952  0.0538199647148621 0.05393561910002564 0.05407340627380655 0.05427366154840233
0.05379082284305798 0.05392781647043623 0.05408578134121766 0.05427366154840233 0.05454710986335357

cov.inverse():
 44231301.80827587 -52062204.19775155 -15845758.35814618  22490396.30741111  1187174.498607563
-52062204.21014377  132413726.3820712 -104115658.4346269  19374073.59957563  4388142.516122566
-15845758.32587353 -104115658.4880283  239763042.2399988 -124589231.6355724  4789049.617536661
 22490396.28108293  19374073.65535607 -124589231.6673866  104006436.9134785 -21282202.26093746
 1187174.505055645  4388142.501351039  4789049.628221451 -21282202.26329858  10917948.10332499

cov*(cov_.inverse()):
     1.000000000320142  8.731149137020111e-11  3.201421350240707e-10 -1.396983861923218e-09 -1.164153218269348e-10
 4.729372449219227e-10       1.00000000098953  8.440110832452774e-10 -1.164153218269348e-09  1.164153218269348e-10
 1.818989403545856e-10  3.783497959375381e-10      1.000000000145519 -9.313225746154785e-10 -1.164153218269348e-10
  2.91038304567337e-10 -1.455191522836685e-10  9.313225746154785e-10     0.9999999981373549                      0
 2.037268131971359e-10  5.820766091346741e-11 -2.037268131971359e-10 -2.328306436538696e-10                      1
