5
2

7.405432487230731e-05
 0.000141635311672769
0.0001660364704223108
  0.01774312590432197
   0.5184262574567476

 -0.3088985607586332    0.769491162938857  -0.5549849562792361  0.04636565367619815  0.04803075871942279
  -0.482942543006479   0.2867221820768147   0.6303538769213947  -0.5276923988529294  0.09355005346098608
 -0.3588892133331207  0.07439027086394372    0.299732141835066    0.615160851480302   -0.630398596215852
 -0.5864018327900735  -0.3477381800818611 -0.07042821877899778   0.3743298623705256   0.6246023284867575
  0.4457349014484471   0.4463384211316113   0.4470416057868473   0.4481576054199162   0.4487883408158989

0.3999371484016782
0.3999877407389472
 0.400005151288253
0.4000533459422254
 0.400039457351158

0.000202044520864722
   0.400146095750837

    1.97798194255696     3.91374981381649   -4.134170314760962   -0.299334576925871   -1.458232714275692
   1.106058169751419   0.8111835313176303  -0.6882881069111745 -0.06592475817576759  -0.1630264933135564

 2.528738080469936e-08  -4.84972940498487e-08 -2.543836980656695e-08  -0.001023964743299775  -0.002209401184805043
 3.584597545376082e-09 -1.436148543887752e-08 -1.325179478794803e-08 -0.0003175585242075981     0.1195117088876241

cov:
0.05350654366544275 0.05353477098752452 0.05356781375709511 0.05361940882658689 0.05364877331186615
0.05353477098752452 0.05358105180973603 0.05363504469246668 0.05372022745338477 0.05376849337755638
0.05356781375709511 0.05363504469246668 0.05371339366086086 0.05383760535364624 0.05390783637902975
0.05361940882658689 0.05372022745338477 0.05383760535364624 0.05402445758321155 0.05412989520527533
0.05364877331186615 0.05376849337755638 0.05390783637902975 0.05412989520527533 0.05425520933092943

cov.inverse():
 33698946.06193469 -51213370.09326135  12183376.62095145  2083129.578419213  3247975.181448281
-51213370.07520869  112270017.3393514  -68054056.5988581  623107.6262821517  6374742.622982944
 12183376.59428566 -68054056.56646703  79230611.03177261 -14585434.20886103 -8775229.431486987
 2083129.582338173  623107.6236746422 -14585434.21204159  28000216.37361028 -16120857.19830164
 3247975.186142723  6374742.611251618  -8775229.42258101 -16120857.20017079  15273459.68477081

cov*(cov_.inverse()):
     1.000000000291038 -7.566995918750763e-10  1.047737896442413e-09 -1.164153218269348e-10 -1.164153218269348e-10
 6.111804395914078e-10     0.9999999990104698  2.328306436538696e-10  1.164153218269348e-10 -1.164153218269348e-10
 3.201421350240707e-10 -1.746229827404022e-10      0.999999999825377  1.164153218269348e-10 -1.164153218269348e-10
 4.074536263942719e-10 -1.047737896442413e-09  4.074536263942719e-10                      1 -1.164153218269348e-10
 4.074536263942719e-10 -3.492459654808044e-10  -2.91038304567337e-10                      0                      1
