6
2

6.568550971183957e-05
7.075451650520736e-05
8.459245153739683e-05
0.0001498616937344107
  0.02246369979522201
   0.5671603064639168

-0.006965047340722518    0.1017614238646436   -0.6018819273282179    0.7265605615647317    -0.303847875563976   0.08438284883939537
  0.02936117895750618   -0.1818493842517486    0.4287986086430705   0.01226651467242103   -0.7527341302270806    0.4641565874274807
  -0.2858452804752071    0.7744989134572766   -0.2271060470911686   -0.3978357398019632   -0.1546917509811829    0.2909706830125217
    0.660154533888114   -0.2252427938314892   -0.4721203072738561   -0.3810107612773922   0.03890784702106977    0.3793165826912907
   -0.562619842427961   -0.3747103935300825   -0.1142623149594257    0.0415956033700469    0.3844954889572296    0.6167886039955683
   0.4062472020938974    0.4069209406276788    0.4078471294441255    0.4083951673365659     0.409618918382246    0.4104448889598321

0.3977988880205219
0.3978396544765447
0.3979231044125634
 0.397895924420562
 0.397852219343228
 0.397821527955251

0.0003447537708509575
   0.3980283735799968

-0.1260558306703959  0.5916875641513125   1.409982438886518   1.942757842201763 -0.1004647195837419  -3.717895250446277
 0.9662603954859241  0.3094816320380817 0.06096685095132207 0.07525751802905098 -0.0963772689425352 -0.3155746365811891

 1.470310155589468e-09 -5.671686698511629e-09 -1.191510067410173e-08 -6.819646027797465e-08   -0.00129327049586826  -0.002931359433075322
 1.958929238534963e-10 -3.743259002159561e-10 -1.124962432608404e-09  8.697346220568458e-09 -0.0004517028543740753     0.1302995667073041

cov:
0.05324726084387286 0.05328193923446455 0.05332902682269246 0.05335639553624954 0.05341896634269118 0.05346095684741382
0.05328193923446455 0.05333460759994493 0.05340658857316419 0.05344885284541661 0.05354419729483698 0.05360838891690559
0.05332902682269246 0.05340658857316419  0.0535130878760956 0.05357599473414514 0.05371676670547403  0.0538117313935488
0.05335639553624954 0.05344885284541661 0.05357599473414514 0.05365126510210352 0.05381921768100372 0.05393259736452038
0.05341896634269118 0.05354419729483698 0.05371676670547403 0.05381921768100372 0.05404699700653028 0.05420089389346772
0.05346095684741382 0.05360838891690559  0.0538117313935488 0.05393259736452038 0.05420089389346772 0.05438225154338462

cov.inverse():
 31007139.52844385 -38789010.09068038 -1319186.594250547  3591177.569004303  3398228.422281152  2112162.511178878
-38789010.09723055  95090970.48888452 -49616823.80938159 -22546841.14606126   3043373.04266136  12817549.99408264
-1319186.570590257 -49616823.89554469  137822764.2419045 -79668397.11159804 -17996276.95865366  10776664.52957822
 3591177.545767794 -22546841.02365698 -79668397.23538972   150962009.216022 -45071129.06819848 -7264711.145029499
 3398228.433313999   3043372.97748099 -17996276.89977178 -45071129.05330203  137991092.4416721 -81365692.39619066
  2112162.50627217  12817550.01647325  10776664.53198339 -7264711.184549696 -81365692.37656012  62923867.49867067

cov*(cov_.inverse()):
     1.000000000058208 -8.149072527885437e-10  1.047737896442413e-09  6.402842700481415e-10                      0  4.656612873077393e-10
 1.309672370553017e-10      1.000000000232831 -1.164153218269348e-10  6.402842700481415e-10  9.313225746154785e-10  4.656612873077393e-10
 8.731149137020111e-11 -6.984919309616089e-10     0.9999999997671694   2.91038304567337e-10                      0  4.656612873077393e-10
  1.01863406598568e-10  3.492459654808044e-10  3.492459654808044e-10     0.9999999997671694                      0  9.313225746154785e-10
 1.309672370553017e-10 -3.492459654808044e-10 -3.492459654808044e-10  1.746229827404022e-09                      1  9.313225746154785e-10
  1.01863406598568e-10 -4.656612873077393e-10 -1.164153218269348e-10                      0                      0                      1
