6
2

5.348144080481402e-05
5.979824406181328e-05
8.645037420648144e-05
 0.000169065596669258
  0.02235043955016937
   0.6323829078206291

-0.003367965128075617    0.1380558040236214    -0.649943334470898    0.6927365165859369    -0.266039614332806   0.08855481893816777
  0.03221632025722765   -0.3844650151930672    0.5160305291708656    0.2716190416377677   -0.6739366631697942    0.2385240533377276
  -0.3299037461437457    0.7336269985412326   0.04449148949456463   -0.3046551179163324   -0.4238210504070163    0.2802435173443612
   0.6668520043764081   -0.1314634899323119   -0.3559915418540722   -0.4314416372906815    -0.184932440162542    0.4369827037650444
  -0.5295036150199118   -0.3346442723592378   -0.1276565043353142  -0.02827021674784943      0.30595109307175     0.704938063273732
    0.406261750279687    0.4070002897681299    0.4077750621755706    0.4081462757302996    0.4093921544153455    0.4108969877800289

0.4227166972079313
0.4227729911577358
0.4227868544428652
 0.422862529788648
0.4228318060409577
 0.422801055617125

0.0002106315764251682
   0.4229326017847478

 0.2099647182888362    1.49461058703627   1.719195223883278 -0.3200979256732203  -1.082080875435785  -2.021623867582484
  1.777198812633317  0.2777337585080125  -1.223492095197139 -0.2354226008525519  0.6637120642162369 -0.2595307092458687

-2.930737545991283e-09  1.714250728529418e-09  8.170879853024298e-09 -3.469110121406555e-08  -0.001287789987481469   -0.00386664760812892
 1.329781353000905e-09 -4.484208286803287e-09 -5.375739990790375e-09  4.143383942723288e-08 -0.0004251216973969944     0.1620137149247565

cov:
 0.0661443550752443 0.06621278364157102 0.06628390621205739 0.06631792708335459 0.06643194195488687 0.06657090271813823
0.06621278364157102 0.06630042537880233 0.06639192304549028 0.06643572771412919 0.06658263825651582 0.06676087123130832
0.06628390621205739 0.06639192304549028 0.06650507278376402 0.06655926739169364 0.06674112028977304 0.06696106893959074
0.06631792708335459 0.06643572771412919 0.06655926739169364 0.06661845784519728  0.0668170859183677 0.06705706410989788
0.06643194195488687 0.06658263825651582 0.06674112028977304  0.0668170859183677 0.06707214320196876 0.06737948477396051
0.06657090271813823 0.06676087123130832 0.06696106893959074 0.06705706410989788 0.06737948477396051 0.06776727245972101

cov.inverse():
 30415249.45909804 -39076977.55431756  -4854709.00957129  5013975.580711523  8634985.034292143 -131691.3885452011
-39076977.55910107  120619161.9586078 -80848334.41059752 -23688748.92883979  18866656.32278209  4127546.958780818
-4854708.990448006  -80848334.6404819  226855206.2736347 -114654508.1760477 -37023455.70914506  10524794.06546431
 5013975.578167542 -23688748.70996367 -114654508.4736236  207339348.2833947  -95557057.0798786  21545833.51470356
 8634985.011522485  18866656.38548165 -37023455.70210637 -95557057.13843419  176992766.5786414 -71910356.31600101
-131691.3775718909  4127546.902308333   10524794.1452384  21545833.49201488 -71910356.32758722  35842377.20704874

cov*(cov_.inverse()):
     1.000000000105501                      0 -2.328306436538696e-10 -3.026798367500305e-09  1.862645149230957e-09                      0
-1.637090463191271e-11     0.9999999990104698  5.820766091346741e-10 -2.793967723846436e-09  9.313225746154785e-10  4.656612873077393e-10
 9.640643838793039e-11  6.984919309616089e-10     0.9999999965075403  9.313225746154785e-10                      0  4.656612873077393e-10
-1.255102688446641e-10  1.862645149230957e-09 -2.561137080192566e-09                      1  1.862645149230957e-09 -4.656612873077393e-10
 3.310560714453459e-10  1.455191522836685e-09 -3.492459654808044e-09                      0      1.000000000931323 -9.313225746154785e-10
 7.275957614183426e-11 -9.313225746154785e-10  6.984919309616089e-10  6.984919309616089e-10 -9.313225746154785e-10                      1
