5
2

 6.34329727220946e-05
7.496035456466187e-05
0.0001377974276348939
  0.01349829628614513
   0.5161735492856173

 0.01632545094239322  0.08403567187883386  -0.5559785356941563   0.7662182473826744  -0.3105945117490082
 0.01141313049240227  -0.5942667552132106   0.6121603407149709    0.353820339540149  -0.3831287625383273
  0.4984256621183257  -0.6413976833450734  -0.3385268481813091 0.006594992215783707   0.4749073070395786
 -0.7432783044106611  -0.1693717778531578    0.038437194942805   0.2952382505252487   0.5746368597044511
  0.4457717371460561    0.446886162424693   0.4472915606273721   0.4477852679689012   0.4483290418617423

0.3989199531455598
0.3990870590925584
0.3990815619835089
0.3990705218368689
0.3990630090561564

9.035240303510357e-05
   0.3991152447394997

 0.5021564536267061   3.489639143850701   2.371162533886894 -0.9187215575214346  -5.444388680556057
  1.104888302719353  0.5036137622503425  0.2051193219606355 -0.2461905920486316 -0.5674423554271563

-1.199370889353726e-10  6.430029528459346e-09 -1.021998160551362e-07 -0.0007785459886937003  -0.002224186987740513
-2.658641764602211e-10 -1.731147574724473e-10 -2.142935154039411e-09 -0.0002363935545061781     0.1184817675846887

cov:
0.05304464143597893 0.05309926689593212 0.05311927542680506  0.0531431378892703 0.05316988734833704
0.05309926689593212  0.0532142622981394 0.05325611054778522 0.05330696656258409   0.053363085731371
0.05311927542680506 0.05325611054778522 0.05330588255512678 0.05336651214419581 0.05343326956242466
 0.0531431378892703 0.05330696656258409 0.05336651214419581 0.05343923211467624   0.053519132582621
0.05316988734833704   0.053363085731371 0.05343326956242466   0.053519132582621 0.05361334721174657

cov.inverse():
 13175789.75311799 -17701653.17448943 -9898630.836496104  3999334.363331296  10425293.54832421
-17701653.17640401  86270109.73620635  -64918156.2827495 -21640368.74581031  17990272.97711862
-9898630.832759898 -64918156.30949087  149548418.1794888 -67442856.63205123 -7289892.326387521
 3999334.361257133 -21640368.70351911 -67442856.68563792  168188680.8673838 -83103695.39825715
 10425293.54857665  17990272.95965462 -7289892.295806227  -83103695.4116271  61977725.39759416

cov*(cov_.inverse()):
     1.000000000116415  1.164153218269348e-10 -2.328306436538696e-10                      0 -4.656612873077393e-10
                     0      1.000000000931323  5.820766091346741e-11  9.313225746154785e-10                      0
 1.164153218269348e-10                      0     0.9999999992433004  9.313225746154785e-10 -4.656612873077393e-10
 1.164153218269348e-10  6.984919309616089e-10 -3.492459654808044e-10      1.000000000931323 -4.656612873077393e-10
                     0 -1.164153218269348e-10 -1.164153218269348e-10                      0                      1
