5
2

5.662182983542667e-05
7.155807603851237e-05
8.623760600680405e-05
  0.01184396074057867
   0.5531162037684988

  0.1414055578283501  -0.7077651073340705   0.6865573149836798 -0.04446446242345771  -0.0757296895506528
 -0.1917732009264243   0.3386242373699168   0.3680452637877442  -0.7962191081288225   0.2813085155590351
  0.5652061431916074  -0.3494027532578197   -0.438310079451492  -0.3020164492584269   0.5245284266299418
 -0.6520582884096573  -0.2507138624930661 -0.03370096147003995   0.2688203651003623   0.6622404428705476
  0.4456338315662564   0.4466121962908057   0.4471356130896216   0.4478612721776414    0.448818514188389

0.4166001310939285
0.4166474656855726
0.4167378309838563
 0.416743068643521
0.4167558595956358

-0.0001524897064212628
    0.4166853673263033

  2.079943237449294   1.663155200420574   1.043421053152812 -0.3038220256190666  -4.482715016214137
  1.603371061380616  0.5107063355457725 -0.2198651050458715 -0.2976158335670243 -0.5966882256536357

 5.974265857629069e-10 -2.410674532293421e-09 -1.578419203144923e-08 -0.0006815746115512399  -0.003599792137878054
-7.286162070145279e-10 -7.494061594425847e-10   4.47009006256254e-09 -0.0002302376648954353     0.1355912769547414

cov:
0.06081563233019935 0.06091230291152022 0.06096381350849388 0.06103507670334911 0.06112959949108882
0.06091230291152022 0.06103187214364706 0.06109575420154015 0.06118426455953985 0.06130122094816346
0.06096381350849388 0.06109575420154015  0.0611663327742346 0.06126416528832031 0.06139325110633893
0.06103507670334911 0.06118426455953985 0.06126416528832031 0.06137500594816429 0.06152099453644938
0.06112959949108882 0.06130122094816346 0.06139325110633893 0.06152099453644938 0.06168898684456916

cov.inverse():
 56377753.23947307 -70452222.69753954 -16813925.61935915   4904047.50456349  25985472.51345676
-70452222.74075575  195056047.4605771 -106632957.3252598 -28649336.50253743  10676490.73454961
-16813925.54978308 -106632957.4803262   199309489.936009 -48951031.58585113  -26912135.8625192
 4904047.481768124 -28649336.37258667 -48951031.71326707  136689965.0690187 -63991694.03947986
 25985472.50989208  10676490.71645134 -26912135.82059667 -63991694.05973972  54241346.80349598

cov*(cov_.inverse()):
     1.000000000232831 -6.984919309616089e-10                      0  1.396983861923218e-09  9.313225746154785e-10
 2.328306436538696e-10                      1  2.328306436538696e-10  4.656612873077393e-10  4.656612873077393e-10
 6.984919309616089e-10  2.328306436538696e-10      1.000000001396984  9.313225746154785e-10  4.656612873077393e-10
-2.328306436538696e-10  2.328306436538696e-10  1.629814505577087e-09      1.000000001396984  4.656612873077393e-10
 4.656612873077393e-10  3.492459654808044e-10  2.328306436538696e-10                      0                      1
