6
2

 5.70094310903623e-05
7.554124986107724e-05
9.339737455171366e-05
0.0001074512572741379
  0.01566363200487875
   0.6334535095854641

 -0.5841941060333545   0.7909459145520054 -0.03416637345770315  -0.1164322605417502   -0.119788364828136  0.06362972584468579
 -0.1846303859669928  -0.2040133909669881   0.8376582564667668   -0.223537845383384  -0.3840601479936028   0.1585794332861994
 -0.1635523391104425 -0.07244665588034947 -0.05309308502701441   0.8405960821818885  -0.5065169358572551 -0.04496731096928425
  0.3903131189380464   0.1069678416870179  -0.3197990662745366  -0.2354428733865436  -0.5527580839036643    0.610710456182181
 -0.5293779348852987  -0.3878532850249051   -0.160686353483543   0.0868984872143396   0.3294233070815596   0.6537871708954192
  0.4065638580426242   0.4070163249202761   0.4077387418853099   0.4085191467952257   0.4093017584805965   0.4103374661837085

0.4219297222150062
0.4220048741467762
0.4219870853364842
0.4219701365443215
0.4219603727417997
0.4219397161165439

0.0002214364855679998
    0.422078233569357

  4.023592674121736  -0.363445716711894  0.5150175612235683  -1.251945037119008  -1.296030634449319  -1.627297698764782
  2.291803584538333 -0.4646203763262655  0.4721906619255052  -2.219728281385887    2.64788655770494  -1.727637669592111

-7.989171256960552e-09  1.610562247936737e-09 -8.564526595490172e-09  1.598197137808232e-08 -0.0009007842665510988   -0.00471111951707048
-6.146372977962031e-09  -4.15166779936868e-09 -3.049276994031323e-08 -1.503597261731223e-08 -0.0003825053396105878     0.1618116573489162

cov:
0.06639525270738041 0.06645068220199708 0.06653903020969147 0.06663418825404972 0.06673036380632201 0.06685720276840049
0.06645068220199708 0.06651111515124376 0.06660747984199128 0.06671137664366886 0.06681611544118078 0.06695440264602284
0.06653903020969147 0.06660747984199128 0.06671672566601403  0.0668346415450338 0.06695312478111984 0.06710978780042778
0.06663418825404972 0.06671137664366886  0.0668346415450338 0.06696785479127294 0.06710130538058774 0.06727799753862551
0.06673036380632201 0.06681611544118078 0.06695312478111984 0.06710130538058774 0.06724944990540616 0.06744575784890382
0.06685720276840049 0.06695440264602284 0.06710978780042778 0.06727799753862551 0.06744575784890382 0.06766832917780653

cov.inverse():
 127243737.7464831 -130594796.3657409 -30775916.29533346  4440732.277753807  24767578.05171976  4919136.807083736
-130594796.4022026  201373484.0418599 -40783710.02741364 -29506225.74316693 -16336305.14004983  15846140.32910104
-30775916.19568048 -40783710.23368558  132500785.2596163 -30184256.97740344 -36723980.13874758   5966662.49813721
 4440732.205390024 -29506225.54401689 -30184257.13696652  98732701.73072661  -18202325.6770818 -25278191.01467372
 24767578.04504286 -16336305.10313959 -36723980.15879714 -18202325.70216193  86138778.32178749 -39644012.42163289
 4919136.822931661  15846140.26285554  5966662.571126335 -25278191.02236955 -39644012.43652849  38189468.02958152

cov*(cov_.inverse()):
    0.9999999994761311  2.328306436538696e-10  5.820766091346741e-10  4.656612873077393e-10 -4.656612873077393e-10                      0
                     0      1.000000001862645   1.57160684466362e-09  2.328306436538696e-10                      0  4.656612873077393e-10
-1.280568540096283e-09  4.656612873077393e-10      1.000000001105946  1.396983861923218e-09                      0                      0
-1.629814505577087e-09  2.328306436538696e-09 -2.328306436538696e-10      1.000000000232831                      0  9.313225746154785e-10
 4.074536263942719e-10  1.862645149230957e-09  4.656612873077393e-10  2.328306436538696e-10      1.000000000931323  4.656612873077393e-10
 5.820766091346741e-11                      0  1.047737896442413e-09                      0                      0      1.000000000465661
