5
2

5.428342550563995e-05
7.544131529308329e-05
0.0001300601134290397
  0.01511915124867815
   0.5517848176940958

-0.006223681242273076    0.1673107539093444   -0.7301343346297456    0.6566560194473983  -0.08760766482653061
  -0.2006460509417724    0.7350786101856571   -0.3105191884087517   -0.4979056656468574     0.273986096062781
   0.6388851326040972   -0.3682157780394198   -0.4128584165862473   -0.3001636790185813    0.4423715879124655
  -0.5941515363530985   -0.3112164378542116  0.003940376454440514    0.1742298157879238    0.7209415547618905
   0.4455470426565121    0.4463496589961387    0.4472293464342905    0.4477036490009812    0.4492295282516843

0.4164756942006005
0.4165599890944698
 0.416606835993099
0.4166989229037273
0.4167227161090176

-0.0001837394666694185
    0.4166369955128063

  0.3174091022180229    1.309755048385336    1.722177843534232    1.474707794896174   -4.824057310451077
  0.9826765334960026   0.3294974171262234   0.2572446659155216 -0.01695355636806017  -0.5525204892014005

 1.033521042491712e-09 -9.627975546094108e-09 -6.034110378970608e-08 -0.0008710020986480105  -0.003239234589867991
-2.992016045798498e-10 -1.011842584145244e-09  2.722657922853205e-09 -0.0002484025635110355     0.1352282897638548

cov:
0.06052100441614598 0.06059144347968697 0.06066797400486074 0.06070918842933822 0.06084193503507507
0.06059144347968697 0.06068039995421471 0.06077752319317073 0.06082986491586973 0.06099833448694377
0.06066797400486074 0.06077752319317073 0.06089759497853751 0.06096232897102074 0.06117058986344787
0.06070918842933822 0.06082986491586973 0.06096232897102074 0.06103376626773956 0.06126352649854028
0.06084193503507507 0.06099833448694377 0.06117058986344787 0.06126352649854028 0.06156233370926463

cov.inverse():
 31218325.45261578 -40174359.77519264 -3103976.833606905  4829089.352223416  7231869.388141637
-40174359.78377888  112455401.6322878 -72574926.09036557 -20489535.07880728  20782282.29520566
-3103976.827042268   -72574926.117281  207931887.0478469 -128215460.5980122 -4037912.862648849
 4829089.359825536 -20489535.06416266 -128215460.6330333  195217929.6766359 -51341573.46777278
 7231869.382561163  20782282.29889046 -4037912.847978798 -51341573.48054735  27365480.19541772

cov*(cov_.inverse()):
     1.000000000349246 -1.629814505577087e-09  1.164153218269348e-09  2.328306436538696e-09                      0
-1.746229827404022e-10     0.9999999979045242  3.521563485264778e-09  9.313225746154785e-10  2.328306436538696e-10
-5.238689482212067e-10 -9.313225746154785e-10      1.000000002532033 -4.656612873077393e-10  2.328306436538696e-10
-2.328306436538696e-10 -1.862645149230957e-09  2.270098775625229e-09      1.000000001396984 -2.328306436538696e-10
                     0 -2.328306436538696e-10 -5.820766091346741e-11 -9.313225746154785e-10     0.9999999997671694
