5
2

7.148131589655128e-05
9.320491687120926e-05
0.0001085867716020445
  0.01161838589989837
   0.5194600048941119

  0.4358919028686667  -0.8179321867880387   0.3710900556491905  0.04558730857278673 -0.03462881350898177
  0.4766827167377338  -0.1102912035380279  -0.8127541161408415   0.2377193444253093    0.208637719427211
 -0.2030911321529044 -0.04694728878406072 -0.01553569721175393   0.8114041660033535  -0.5458313527283167
 -0.5853630524401353  -0.3424523838818978 -0.03949222369794683   0.2871933027162555   0.6753049923952092
  0.4459550711180273   0.4464808003573072   0.4471262949927421   0.4478332243708835   0.4486674146091458

0.3994827597106953
0.3994789267559987
0.3994681526690125
0.3994641202851045
0.3994587089377681

6.460976516212462e-05
   0.3995029084767625

   2.706950357826264    1.720481457507724 -0.03810787623372971  -0.4756884981506107   -3.913777828022198
   1.650937244285512   0.8115120708425941  -0.2433554746787718  -0.4225992892956692  -0.7965481622031124

-6.519656039316221e-10  1.754221624592591e-09  1.321013834978511e-08 -0.0006684328100856751  -0.002890660368627351
-1.334627472608786e-10  5.460822637475819e-09 -3.274693442611927e-09 -0.0002556613776350093     0.1195705337431225

cov:
0.05371067720317485 0.05375474181408763  0.0538084788762061 0.05386773603470067 0.05393745488351937
0.05375474181408763 0.05380685730075888  0.0538706159461018 0.05394068358106681 0.05402324502081537
 0.0538084788762061  0.0538706159461018 0.05394688829817313 0.05403043100097896 0.05412900900680184
0.05386773603470067 0.05394068358106681 0.05403043100097896 0.05412853301056771 0.05424437182977646
0.05393745488351937 0.05402324502081537 0.05412900900680184 0.05424437182977646  0.0543807533506571

cov.inverse():
 66842603.98998938 -75018596.59061182 -12672543.21242815  2956192.732193764  17892791.39570009
 -75018596.5967263  132521160.4478009 -49022835.59986217 -13547001.48281926  5066041.318085012
-12672543.19054826 -49022835.62498082  103011154.1875789 -19998910.24543857 -21315739.68126116
 2956192.707923979 -13547001.45641557 -19998910.24022926  62749213.25842192 -32159668.40423353
 17892791.40420478  5066041.310685167 -21315739.68970937 -32159668.39689017  30516426.37747414

cov*(cov_.inverse()):
     1.000000000349246 -2.328306436538696e-10 -9.313225746154785e-10  2.328306436538696e-10                      0
 2.328306436538696e-10     0.9999999992433004                      0                      0                      0
 9.313225746154785e-10  1.164153218269348e-10     0.9999999993015081 -2.328306436538696e-10  2.328306436538696e-10
 5.820766091346741e-10 -1.164153218269348e-10 -2.328306436538696e-10      1.000000000465661 -2.328306436538696e-10
 5.820766091346741e-10 -3.492459654808044e-10                      0                      0      1.000000000232831
