5
2

0.0001951093935747444
0.0002237812969040714
0.0002282293794055085
  0.01679284980927961
   0.5198583406123793

  0.5104960589958957  -0.5431156236986927  -0.4328250304560142 -0.04002674047550507   0.5054498452880325
 0.05141219311076677  -0.3873239335648367 -0.03761980253363202   0.8097202844598004  -0.4362049613187288
-0.05100622681565854   0.5702368034517676  -0.7814787912920937    0.247597121483602  0.01466004804977901
 -0.7322170828762279  -0.1741245583534034  0.02185397604951092   0.2840111670894886   0.5936319081903818
  0.4449798518129305   0.4466723810015399   0.4472812828182681   0.4480895483971341   0.4490344376422087

0.3982231332905817
0.3982814174922829
0.3982726476134408
0.3982595646024191
0.3982322437078574

0.0002345747160144411
   0.3983880841698073

   2.640537185898113   0.3080574309036212 -0.04319664276421483  -0.9060482360427838   -1.999570293133583
   1.773918205780027 -0.02316090500924478  -0.4412700865175075  -0.1878261411064724  -0.1216077254415175

 8.563448222010174e-09  7.844213076099325e-09 -9.319160797600007e-09 -0.0009679269262568087  -0.002864982586432095
 4.016906837110177e-08  8.879617053287838e-10  1.004618950840872e-08  -0.000403270658134193     0.1196872663808362

cov:
0.05366314584604805 0.05375142330340144 0.05378418800425178 0.05382726313489218 0.05387696863428483
0.05375142330340144  0.0539283806512448 0.05399221151248964 0.05407691409998863 0.05417577848614914
0.05378418800425178 0.05399221151248964 0.05406707526499384 0.05416634324582297 0.05428247146377313
0.05382726313489218 0.05407691409998863 0.05416634324582297 0.05428526560079431 0.05442443274609882
0.05387696863428483 0.05417577848614914 0.05428247146377313 0.05442443274609882 0.05459096698028648

cov.inverse():
 6950496.662213488 -8238879.025194104 -5077719.341424883  51335.73747397386  6314473.809652805
-8238879.024895054  16987143.50463078 -2089068.493820986 -2981259.332112058 -3677398.642983249
-5077719.342017299  -2089068.49319589  16673851.42128784 -3867823.764764384 -5639114.472287945
 51335.73782651523 -2981259.331985914 -3867823.765751277    14311792.954256 -7514245.879342914
 6314473.809593633 -3677398.643435434 -5639114.471268389 -7514245.879851112  10516132.95347979

cov*(cov_.inverse()):
     1.000000000116415  5.820766091346741e-11  5.820766091346741e-11 -5.820766091346741e-11                      0
 1.164153218269348e-10      1.000000000116415  5.820766091346741e-11  5.820766091346741e-11                      0
 5.820766091346741e-11 -5.820766091346741e-11      1.000000000232831  1.164153218269348e-10 -1.164153218269348e-10
 5.820766091346741e-11                      0  1.164153218269348e-10     0.9999999998835847 -1.164153218269348e-10
 5.820766091346741e-11   2.91038304567337e-11  5.820766091346741e-11  5.820766091346741e-11                      1
