6
2

4.681023011637388e-05
5.552725550747793e-05
 7.27337698039976e-05
 0.000176722688741149
  0.02082452780472938
   0.6323429306700071

-0.0003854595979543615    -0.1874215647146872    0.06659728229558207     0.6731224566451488    -0.6972902754512076     0.1453624456756881
    0.0424260322444788    -0.5442937920435651      0.787872804893674    -0.2797723483422589   -0.04125107001266335    0.03502178415885099
   -0.1591270871462142      0.600374741516881      0.221457030112254     -0.454254886406708    -0.5147849495104244     0.3063241381803581
    0.6202998336050811    -0.3062123231842799    -0.3828609925984738    -0.3034517063653108    -0.1406242732682392     0.5128561841080472
   -0.6507435550101798    -0.2200385492930128    -0.1134891807995981    0.05788228082922765     0.2446960493533188     0.6723165573418969
    0.4057578038528303     0.4074121312950631     0.4078182135481745     0.4084761842613028     0.4091817859340723     0.4108256777949097

 0.421854969861868
0.4219412566762483
0.4220204897982985
0.4220112802491242
0.4220026302002716
0.4219882406391767

0.0001104356498309552
   0.4220582011394302

 0.6884818814658573    2.63312654525911  -0.295800741672856  0.7348399535295062  -1.675605129062441  -2.085083663139574
  1.815011082320916  -1.563040509982053 -0.1804817277885217   1.725076910765651 -0.6006266909731586 -0.1957395304384449

 1.854756712271872e-09 -5.693358688193959e-09  6.855358127379522e-09 -4.130867853798023e-08  -0.001198274752866004  -0.004229183357185079
 4.013779472886577e-09  9.892779179432139e-10 -9.530758864599714e-09  3.542121228979525e-08 -0.0004316719262543537     0.1617511952367312

cov:
0.06601596387329312 0.06616280627163679  0.0661986217779625  0.0662570150414538  0.0663187796255701 0.06646482999362222
0.06616280627163679  0.0663912210564707 0.06644720465098077  0.0665380385814088 0.06663515815867387 0.06686215079559914
 0.0661986217779625 0.06644720465098077 0.06650818399156368 0.06660704031812985 0.06671290638926973 0.06695992228730813
 0.0662570150414538  0.0665380385814088 0.06660704031812985 0.06671881251835377 0.06683874570299154 0.06711797317565765
 0.0663187796255701 0.06663515815867387 0.06671290638926973 0.06683874570299154 0.06697401760452125 0.06728835264955475
0.06646482999362222 0.06686215079559914 0.06695992228730813 0.06711797317565765 0.06728835264955475  0.0676830856780047

cov.inverse():
 17691533.57882163 -31597141.44635349 -3435993.714765415  3668546.858329108  12246157.99670768  1427427.666603639
-31597141.49620225  183253440.2394317 -115893630.7594611 -56763524.70769952  9880727.496484634  11119511.42454988
-3435993.643641992 -115893630.8985402  217314183.6182405 -66328135.70155346  -51559678.9644875  19903129.29350704
 3668546.796648447 -56763524.65550713 -66328135.61879929  274119320.4503524 -164890674.9798813  10190396.83820768
 12246158.05866333  9880727.522834281 -51559679.15357535 -164890674.9097386  273172563.9200857 -78843292.44208989
 1427427.645055606  11119511.43523879  19903129.33188002  10190396.84133299 -78843292.47272986  36201323.89231961

cov*(cov_.inverse()):
     1.000000000422006  3.492459654808044e-10  4.656612873077393e-10 -1.746229827404022e-09  9.313225746154785e-10                      0
 3.783497959375381e-10     0.9999999995343387  2.095475792884827e-09 -1.396983861923218e-09  9.313225746154785e-10                      0
 3.637978807091713e-10  1.164153218269348e-09      1.000000000232831 -2.211891114711761e-09  9.313225746154785e-10                      0
 5.675246939063072e-10  1.629814505577087e-09  1.164153218269348e-09     0.9999999983701855 -9.313225746154785e-10                      0
  6.83940015733242e-10  1.746229827404022e-09  1.164153218269348e-09 -2.211891114711761e-09      1.000000002793968 -4.656612873077393e-10
  1.01863406598568e-10  3.492459654808044e-10  4.656612873077393e-10  1.164153218269348e-10 -9.313225746154785e-10                      1
