5
2

5.323765138562164e-05
5.839147039704897e-05
0.0001001559454292997
  0.01943903650487926
   0.5781069368384903

-0.1297660434365148  0.6339212362793616 -0.6446882449149515  0.3493788570419307 -0.2088447300877682
  -0.27512933848537  0.5037943160050441 0.03429732986019414 -0.6948406037593907  0.4318742441930965
 0.6421416105438845 -0.2259092482751562 -0.5887739793570864 -0.2096031893115911  0.3821398537372015
 -0.544995593473411 -0.3072004729675721 -0.1929229074260281  0.3870881462895614   0.649269736931781
 0.4450826621854706  0.4460134911718585  0.4464602032155278   0.448731790329011  0.4497626672006638

0.4225780523658785
0.4225834636491246
0.4226544749249564
0.4225875814581055
 0.422558566573955

0.0003262615971244592
   0.4227621236934629

  1.820242068028931   1.671894376627566 -0.6025284005820473  -1.148780989274589  -1.740819940520562
  2.772711887637843  -1.176425717003716  -1.434362414973382    3.08766047110826  -2.249633681641602

 3.328222850797802e-09  1.252087821094203e-09  7.237132234840794e-09  -0.001120149702354965  -0.003880046481561216
 3.876510640678864e-09 -1.541708092551956e-08  1.388215836378022e-08 -0.0004301810592193956     0.1479633024783233

cov:
0.06631829702194146 0.06640777952615012 0.06645069210886981 0.06666914554390008 0.06676849756643231
0.06640777952615012 0.06651893046284355 0.06657224980945151 0.06684352493897971 0.06696675316655613
0.06645069210886981 0.06657224980945151 0.06663057737497166 0.06692723430600349 0.06706193622941177
0.06666914554390008 0.06684352493897971 0.06692723430600349 0.06735274421895161 0.06754568959443931
0.06676849756643231 0.06696675316655613 0.06706193622941177 0.06754568959443931 0.06776497375733663

cov.inverse():
 69249528.85125643 -84137960.82690839 -10940217.38611859  26654575.90742382 -825950.2022340145
-84137960.83318917  221313927.4800115 -125866565.9682748 -19805256.90135185   8495619.53197664
-10940217.35704094 -125866566.0073747   181545847.111099 -74158200.73692144  29419149.88465592
 26654575.83692651  -19805256.8043403 -74158200.74712974  189050857.8891899 -121740920.3577855
-825950.1545337818  8495619.467784168  29419149.88484239 -121740920.3414797  84651307.95084211

cov*(cov_.inverse()):
    0.9999999999563443  1.979060471057892e-09 -6.984919309616089e-10  9.313225746154785e-10                      0
-1.346052158623934e-09      1.000000003376044 -1.396983861923218e-09 -1.862645149230957e-09  1.862645149230957e-09
 3.783497959375381e-10  1.979060471057892e-09     0.9999999993015081  9.313225746154785e-10 -9.313225746154785e-10
-3.783497959375381e-10 -8.149072527885437e-10  2.328306436538696e-09     0.9999999990686774  9.313225746154785e-10
-5.384208634495735e-10 -3.492459654808044e-10 -2.328306436538696e-10                      0                      1
