5
2

5.311429968513074e-05
7.275234333369911e-05
0.0001460913399115528
  0.02371868099855099
   0.5772113650810448

-0.002951019951924212    0.2241618908467047   -0.4715927146453312    0.7151065529516291   -0.4647210642873417
  -0.2016200868159068    0.7071078006402254   -0.4915657591106172   -0.3368226992178894    0.3228954515437877
   0.6879094586681057   -0.3555794098114339   -0.5582075584461608  -0.06486839854778702    0.2907580997264344
  -0.5369048037716427   -0.3531559437912352   -0.1580962177062468    0.4114732833797125    0.6266653285953792
   0.4448083187570543    0.4456390553450711    0.4465124002802215    0.4490600351309151    0.4500257249979077

0.4224503956373685
0.4225017360145703
0.4225062793479841
0.4225158526079944
0.4224886889697143

0.0003027333255943777
   0.4226785751694012

0.2471223025928727  1.556266902943608  1.100864612332952 -1.141512164732322 -1.762715782292847
 1.879485174621616 0.1908832307138004 -1.789884696072666  2.309934490895164 -1.590206054874693

-4.744149524160045e-10  1.719085280400954e-09 -3.065588801179123e-08  -0.001367432370437386   -0.00362154736753186
 9.231270881182444e-09 -3.470184102765006e-09  3.440358009598919e-08 -0.0004723346353485023     0.1477740628077689

cov:
0.06608193179573518 0.06614952780963568 0.06622003645847287 0.06642555990477536 0.06650367915423661
0.06614952780963568 0.06623637611939011 0.06632728863739693 0.06659238565141153 0.06669301165625259
0.06622003645847287 0.06632728863739693 0.06643987017579672 0.06676820525750592  0.0668927231360987
0.06642555990477536 0.06659238565141153 0.06676820525750592 0.06728121696973563 0.06747550799731945
0.06650367915423661 0.06669301165625259  0.0668927231360987 0.06747550799731945 0.06769617020308828

cov.inverse():
  29856265.6882866 -38630576.16584497  1226498.612825665  9991190.732055735 -2442775.556475696
-38630576.19193853  118202235.7225147 -93842757.89045064  12903600.05062481  1366886.974274688
 1226498.650480988 -93842757.91530392  139086272.0466606 -86562370.68879025  40091927.12456834
 9991190.713542676  12903600.00017901 -86562370.59835596  202898669.5127995 -139229870.2488194
-2442775.549524611  1366887.023480553  40091927.04693583 -139229870.2273436  100213066.3359103

cov*(cov_.inverse()):
    0.9999999994179234  1.440639607608318e-09 -9.313225746154785e-10  1.862645149230957e-09  9.313225746154785e-10
 8.731149137020111e-11      1.000000000291038  4.656612873077393e-10                      0                      0
-2.619344741106033e-10  7.130438461899757e-10     0.9999999995343387                      0  1.862645149230957e-09
 -2.91038304567337e-10  -2.91038304567337e-10  2.328306436538696e-09     0.9999999981373549  9.313225746154785e-10
-2.619344741106033e-10  1.164153218269348e-10                      0                      0                      1
