5
2

6.637589722682639e-05
8.705674736869798e-05
 0.000136266774746292
  0.01053021295765086
   0.5175941150170967

0.001074785866153809   0.0849696391146889   0.3419674452635436  -0.8401990102982742   0.4121927883136576
-0.01469599560886963  -0.5703482784406748   0.7612742097086859   0.1111557453587402  -0.2873897125837687
  0.5406163486498636  -0.6529409252373424  -0.3209938339032034  0.01113252105878129    0.422186140575092
 -0.7129990650905296  -0.2034573433729192  0.02136417248318907   0.2850314109678434    0.607073397130408
  0.4462613240030182   0.4469410020196354    0.447243082386494   0.4475971236548555   0.4480234497948581

0.3992476705117426
0.3994198908677369
0.3994153050260837
0.3994098482514083
 0.399398730197298

0.0001014812265450846
   0.3994449514457631

-0.1651388332964279   3.472110820106838    4.17190024236609   1.345361593477464  -8.824367503590752
  1.024692395331659   0.498251713726782  0.4564042978524065 0.01752760624033353 -0.9968914532175266

-1.342087615553346e-08   2.94337189734823e-08 -1.375204660056214e-07 -0.0006068892240038938   -0.00197082080165582
-9.962530372922901e-10  2.551486488985444e-09 -6.286319423410667e-09 -0.0001577252956656678     0.1192996273660661

cov:
0.05340916888806033 0.05345013093741335 0.05346847470120065 0.05348995968013769 0.05351547227982846
0.05345013093741335 0.05352003505082295 0.05355112353002817 0.05358756530716638 0.05363134417432736
0.05346847470120065 0.05355112353002817 0.05358785690224598 0.05363089455030744 0.05368273616891167
0.05348995968013769 0.05358756530716638 0.05363089455030744 0.05368168598516715 0.05374298150726275
0.05351547227982846 0.05363134417432736 0.05368273616891167 0.05374298150726275 0.05381583701223933

cov.inverse():
 15773114.66088923 -17882059.22801797 -10738452.35604702 -98220.10545477945  12945656.46998886
-17882059.22548455  67520436.81034029 -39407205.10121252 -24961114.10174649  14730354.32682236
-10738452.35720272 -39407205.08894911  108559491.9852477 -54241941.56342756 -4171860.709680685
-98220.10972543554 -24961114.11367713 -54241941.53728227  161867561.1183215 -82567425.42900598
 12945656.47288185  14730354.32902303 -4171860.724718479  -82567425.4190619  59063949.75044662

cov*(cov_.inverse()):
    0.9999999998835847 -6.984919309616089e-10  3.783497959375381e-10 -9.313225746154785e-10  4.656612873077393e-10
-1.164153218269348e-10      0.999999999650754  -1.01863406598568e-09                      0  9.313225746154785e-10
-1.164153218269348e-10 -4.656612873077393e-10     0.9999999999708962                      0  9.313225746154785e-10
                     0                      0  5.820766091346741e-11     0.9999999990686774                      0
                     0 -2.328306436538696e-10  2.328306436538696e-10                      0      1.000000000465661
