5
2

9.486774785278579e-05
0.0001218350278558438
0.0001496052766795694
  0.01932307816210638
   0.5172372657888165

 -0.2072421839699952   0.7310016317662381  -0.6404011525475676   0.1120379055841549 0.004600333303833847
 -0.2682485643583062   0.2876040932136321   0.2868255673044769  -0.7515013956531202   0.4453126312584784
   0.613881965961111  -0.2602730335810167   -0.538123885055478  -0.2604467509276469   0.4449685990295134
 -0.5565351018147827  -0.3407134707367576  -0.1356468332818136   0.3921841078352298   0.6340146476924825
  0.4455457296605874   0.4461981384664315    0.446811010058645   0.4483885318966636   0.4491145396936443

0.3959533957220613
0.3959985052999819
0.3960970007357587
0.3960448397961933
 0.396023910145553

0.0002704573878633258
   0.3961723232568282

 0.9130523828242706 -0.6318082633898471   3.455459493149878 -0.6154756969877474  -3.121213489829372
  1.084009090288674 0.09921899663249178  0.2870635926687108  -0.125974056752919 -0.3443233777659415

-2.652511639421084e-08  -5.38690134239017e-09 -5.288938254218189e-08  -0.001113377300073316  -0.002387032374286067
-3.164873183251673e-09 -3.541320502192341e-09   8.16374525722492e-09 -0.0003523766748743305     0.1188880471361655

cov:
0.05322417616203189 0.05325707884016289 0.05328751833283678 0.05336588041791758 0.05340217246211747
0.05325707884016289 0.05330751672385175 0.05335458208087666 0.05347574647129952 0.05353164801737596
0.05328751833283678 0.05335458208087666 0.05341746813548733 0.05357929517132578 0.05365382917686645
0.05336588041791758 0.05347574647129952 0.05357929517132578 0.05384583690967085 0.05396832303280243
0.05340217246211747 0.05353164801737596 0.05365382917686645 0.05396832303280243 0.05411281876471024

cov.inverse():
 26458111.90707149  -29168548.0289361 -5196068.584865225  3856737.292554095  4050188.631253731
-29168548.02363833  67973860.71744911 -40200332.17938408 -2432213.019188166  3826732.074885112
-5196068.589349873  -40200332.1743953  64049214.50886501 -16231682.27731193 -2421192.641215771
 3856737.285474367 -2432213.008988305 -16231682.27927844  42472406.08209002 -27664986.52790284
 4050188.637520304  3826732.064994207 -2421192.638745059 -27664986.52674912   22209156.1143355

cov*(cov_.inverse()):
     1.000000000291038 -1.746229827404022e-10  2.182787284255028e-10  2.328306436538696e-10 -2.328306436538696e-10
 2.328306436538696e-10      1.000000000465661 -1.455191522836685e-10 -2.328306436538696e-10  2.328306436538696e-10
 8.731149137020111e-11  4.365574568510056e-10     0.9999999996362021                      0                      0
-2.037268131971359e-10  5.820766091346741e-10 -1.309672370553017e-10     0.9999999997671694                      0
                     0  1.164153218269348e-10 -5.820766091346741e-11                      0                      1
