5
2

4.792638772658676e-05
7.360341188409986e-05
0.0001299415582927126
  0.02148706691896023
   0.5302897614249458

 0.02232245142316892   0.1690192560608811  -0.7104229074941182   0.6666698552841951  -0.1475967337241584
 -0.2464117512374557   0.7717249991023872  -0.2962643366199134  -0.4534344426476257   0.2243800875312041
  0.6830978242157846  -0.2669410867788059  -0.4462798585258092  -0.3472219970141673   0.3773473087285622
 -0.5235799545350491  -0.3253302097382613 -0.09334548904192652   0.1695221039524705   0.7632648044995828
  0.4449992705334333   0.4458427162823859   0.4468194746253495   0.4479371064526903   0.4504493615501903

0.4057378413281083
0.4057789417609446
0.4057870169016291
0.4057783943422767
0.4057670478979207

0.0003060968064507281
   0.4059590594935919

 0.2206158521155909  0.4400549826622146   1.238472951669001   1.485540526724838  -3.384685924256641
 0.8303141920331993  0.6809945645934405   -0.41567438827265  0.3102666716350809 -0.4058426642998344

 1.583501625632731e-09 -8.205979792548938e-09 -3.904589277419544e-08   -0.00124927887811057  -0.003222031094866139
  1.59795021219044e-09  1.150356092504369e-09  5.234838494054189e-09 -0.0004038211603852693     0.1247274006191276

cov:
0.05581245451954477 0.05587006483795119 0.05593621423544665 0.05601252879835064 0.05618338465922173
0.05587006483795119 0.05594604205554008 0.05603365354334156 0.05613429165943868 0.05636008092667005
0.05593621423544665 0.05603365354334156 0.05614638876469522 0.05627548637700658 0.05656555460253774
0.05601252879835064 0.05613429165943868 0.05627548637700658 0.05643684266920358 0.05679975774882019
0.05618338465922173 0.05636008092667005 0.05656555460253774 0.05679975774882019  0.0573272217071316

cov.inverse():
 39061149.98585992 -44258201.19762664 -11483387.63226712  13055740.67319958  3624970.175731755
-44258201.16890293  126590951.7047059 -87423887.10760818 -10046443.79913331  15136186.01907164
 -11483387.6997822 -87423887.02946405  247724914.1995784 -172220845.9549175  23405950.35388802
 13055740.71794044 -10046443.84961879 -172220845.9579723  238588370.1736795 -69378755.11421266
 3624970.169781575  15136186.02013719  23405950.36757253 -69378755.12301244  27211979.08189296

cov*(cov_.inverse()):
     1.000000000145519 -1.164153218269348e-10  1.396983861923218e-09 -1.396983861923218e-09  6.984919309616089e-10
 1.746229827404022e-10      1.000000000232831 -4.656612873077393e-10                      0                      0
 1.455191522836685e-10 -9.313225746154785e-10     0.9999999983701855  9.313225746154785e-10  2.328306436538696e-10
 3.201421350240707e-10                      0  2.328306436538696e-10     0.9999999990686774 -4.656612873077393e-10
 4.656612873077393e-10 -1.164153218269348e-09 -4.656612873077393e-10 -4.656612873077393e-10      1.000000000232831
