5
2

0.0002180033350013682
0.0002416472772643806
0.0002713932753731491
  0.02015604197335479
    0.522697092120621

  0.2488700700382375 -0.07036566993873726  -0.2530156713943397  -0.6208992247017462   0.6953988664981253
 -0.3152642787037841   0.4303026075408051   0.6021964434550795  -0.5772558440499647  -0.1399401104658083
  0.1629598361005708  -0.7743421490276705   0.6081565464035772 -0.04298748393608982   0.0462170893566612
 -0.7840586964372627  -0.1031203740639387  0.05746755471788401   0.2800988724872039   0.5411656407978598
  0.4442613815893985   0.4468207281782912    0.447421064256194   0.4482817653342309   0.4492670829553178

0.3941836024833236
0.3944640260576395
 0.394491804132393
0.3945386806512133
0.3945749301033227

-0.0004738782578910925
    0.3943050861085242

  1.959218412250309  0.4165187277217942  0.2501253058016253 -0.4474385697025219  -2.178515578486309
  1.354942232246435  0.2684041035461404 -0.3459381615935622 -0.3841271175308575  0.1067822362579028

-4.002244053998017e-08  1.607747559377383e-08  4.965100074292298e-09   -0.00116557094930666   -0.00297481164877276
 3.415209476548629e-08 -1.828858867300363e-08 -1.296110958794885e-08 -0.0004711544672514255     0.1209984835015561

cov:
0.05417316518658936 0.05426688026383497 0.05428860581343424 0.05432216905413616 0.05435861391012854
0.05426688026383497 0.05455086317402097 0.05461734870069188 0.05471310216433917 0.05482245096965716
0.05428860581343424 0.05461734870069188 0.05469455376504676 0.05480489823414764 0.05493144306393537
0.05432216905413616 0.05471310216433917 0.05480489823414764 0.05493570044801626 0.05508603241547868
0.05435861391012854 0.05482245096965716 0.05493144306393537 0.05508603241547868 0.05526441313888209

cov.inverse():
 3367388.329487008 -4404694.243817184 -3230740.016884725 -230440.5675837011  4498244.455665424
-4404694.243996664  11415931.49620216 -1581468.155476751 -2882651.986233777 -2546848.400832561
-3230740.016544004  -1581468.15611622  12578801.65167536  -3002457.94186525 -4763639.141814157
-230440.5677718907 -2882651.985960195 -3002457.941714268  13843599.17704362 -7728284.881039627
  4498244.45569238 -2546848.400646179 -4763639.142263869 -7728284.880803264  10540259.61060597

cov*(cov_.inverse()):
    0.9999999999417923                      0  5.820766091346741e-11                      0                      0
-8.731149137020111e-11                      1  8.731149137020111e-11 -5.820766091346741e-11                      0
-5.820766091346741e-11 -1.455191522836685e-10      1.000000000087311 -1.164153218269348e-10                      0
-5.820766091346741e-11 -1.164153218269348e-10  5.820766091346741e-11     0.9999999999417923                      0
-5.820766091346741e-11 -8.731149137020111e-11  5.820766091346741e-11                      0                      1
