5
2

6.458179324092603e-05
7.965555370109514e-05
0.0001572812904754351
  0.01648030560995375
   0.5186218136313956

  0.0222172255518981   0.1333404393572958  -0.6925863394065039   0.6915116190813176  -0.1544751283016559
-0.04971250976319989    0.702370934220088  -0.4254628819812424  -0.4991995018454845   0.2720017105631513
  0.5959576210410236  -0.5005089113668444  -0.3724379744281583  -0.1910900918895236   0.4680810566034528
 -0.6658770722277237  -0.1970681330618552 -0.02550625071223674   0.1888495316093583    0.693871141638331
  0.4455079122376828   0.4467106206132735    0.447151970701427   0.4476962912794054   0.4489938389749035

0.3992562047653906
0.3994291680996002
0.3994255409720697
 0.399416350360908
0.3994076483057761

6.049182427698148e-05
   0.3994488526149642

 0.3857449103903747   1.099040287391883   1.551384114158677   1.734195119306476  -4.770425750619896
  1.097875290385445  0.1939384085359209  0.1542886160364445 0.07165925308957799 -0.5177871008221634

 4.240783568177165e-09 -1.313779466687524e-08 -8.564880052563713e-08 -0.0009493993690115113  -0.002417813900101312
 3.041846309942989e-10 -1.019114470825525e-09  6.028421289082605e-09 -0.0003039071044524815     0.1195122365556224

cov:
0.05350459296898115 0.05356390899361901 0.05358576969721495 0.05361223038362564 0.05367638741409338
0.05356390899361901 0.05368334031067059 0.05372717930492573 0.05378110509426148 0.05390997103834635
0.05358576969721495 0.05372717930492573  0.0537790761602841 0.05384305108367939 0.05399560267512545
0.05361223038362564 0.05378110509426148 0.05384305108367939 0.05391959414412955 0.05410173533549299
0.05367638741409338 0.05390997103834635 0.05399560267512545 0.05410173533549299 0.05435361771646963

cov.inverse():
 14866900.86415973 -16850178.87877717 -9328309.107654566  2990668.981225719  8321036.104401889
-16850178.86527908  92139861.54378642 -61703732.95999818 -29285959.55845244  15699984.26738754
-9328309.117839692  -61703732.8905041  149144502.4478105   -78478759.411635  365130.4888462092
 2990668.971920593 -29285959.62109984 -78478759.31645674  155402493.3942366 -50626983.97220256
 8321036.110394044  15699984.27403817  365130.4529776255 -50626983.94897644  26240468.47358192

cov*(cov_.inverse()):
    0.9999999998835847 -1.164153218269348e-10  9.094947017729282e-11 -1.396983861923218e-09  2.328306436538696e-10
-1.164153218269348e-10                      1 -1.658918336033821e-09                      0                      0
-1.746229827404022e-10  2.328306436538696e-10      1.000000000432919 -1.396983861923218e-09  2.328306436538696e-10
-1.164153218269348e-10                      0 -5.675246939063072e-10                      1                      0
-5.820766091346741e-11                      0  2.291926648467779e-10                      0                      1
