5
2

5.153525668125834e-05
 7.82302108395697e-05
9.174935474372657e-05
  0.01895316259980879
   0.5311214086166537

 -0.2675943304770574   0.7398582995693797  -0.6094115334872968  0.07893592670689137  0.05822089987648332
  0.2905676518056621  -0.2912195016568028  -0.4160879471616808   0.7426001990836072  -0.3258487473148736
  -0.530934616903272   0.2292021161810683     0.50370829988609   0.3414241943714846  -0.5433988320152557
 -0.6036907296836691  -0.3414814244703963 -0.04395259156061083   0.3526333321348217   0.6266305469718714
  0.4445555640057315   0.4457103600914602   0.4470285465162276   0.4487686668665565   0.4499830970793119

0.4058284997311189
0.4058375906760342
0.4058303829991242
0.4058457733014881
0.4058182962897037

0.0002897091962676014
   0.4060052200854503

  1.161134144358291   2.316862717305366 -0.9370481897097369 0.06669623466883332  -2.607664885125518
  1.768462674393681   0.169598749029936 -0.7445857432528722 0.04159696644528149 -0.2350173291264407

 4.854765779770919e-09  5.824982594885534e-09  7.427306428094087e-09  -0.001099748143732228  -0.003814665915940942
 2.539240856814266e-10  5.396284540381558e-09  -9.53929275776352e-09 -0.0004401887360354829     0.1246370294764384

cov:
0.05588025705756091 0.05596820621243385 0.05606899056956887 0.05620120874945472  0.0562940872019906
0.05596820621243385 0.05608123905484889 0.05621047608231179 0.05638061279802611 0.05649969314056048
0.05606899056956887 0.05621047608231179 0.05637200842656555 0.05658517518610125 0.05673399050909947
0.05620120874945472 0.05638061279802611 0.05658517518610125 0.05685570445244287 0.05704414383593404
 0.0562940872019906 0.05649969314056048 0.05673399050909947 0.05704414383593404 0.05725998126584771

cov.inverse():
  74245311.6351368 -102826979.7787935  9876471.250265576  5769612.030411768  12935151.83649834
-102826979.7431519  226203570.7368027 -136251330.3861686 -4051396.059291847   16928205.5904492
 9876471.173020188 -136251330.2878571  198263759.4737601 -48170862.44616603 -23720881.32724531
  5769612.09353363  -4051396.13985734 -48170862.44566227  106301808.3385291 -59847431.38122168
 12935151.81498184  16928205.60834307 -23720881.30668347 -59847431.39816122  53704449.16836911

cov*(cov_.inverse()):
     1.000000000349246  1.164153218269348e-09 -6.984919309616089e-10                      0                      0
 8.149072527885437e-10      1.000000001396984 -1.629814505577087e-09  4.656612873077393e-10                      0
 1.164153218269348e-10  8.149072527885437e-10     0.9999999993015081  4.656612873077393e-10 -4.656612873077393e-10
 8.149072527885437e-10  1.280568540096283e-09 -1.396983861923218e-09      1.000000000465661 -4.656612873077393e-10
-2.328306436538696e-10  5.820766091346741e-10                      0                      0     0.9999999995343387
