5
2

  6.9563804866952e-05
0.0001039424519365095
0.0001482479773217146
  0.01894991727433636
   0.5187620955416148

 -0.1970333293656894   0.6795629569058229  -0.6855594412169999   0.1677318775847294  0.03530332166556589
 -0.3463113364181278   0.4465235806253921   0.3823742730166431  -0.6984768331571003   0.2158823269551987
  0.5759329776335808  -0.1676834705202955  -0.4224442375503513  -0.4733298904642785   0.4875275786475706
 -0.5576125070197727  -0.3339477257954558 -0.07429000900867443   0.2436167238847023   0.7160161275113452
  0.4456633512827851   0.4462869589145592   0.4470123360884152   0.4478904301517155   0.4492062572911027

0.3993430404673701
0.3993958408260108
0.3994154528065518
0.3994731115280443
0.3994469617500687

0.0001749510387780078
   0.3995483542549058

   1.078366427537704    2.500569621641361   -1.297542119936416   0.1566574218437959   -2.438062929651578
  0.9760469208424378   0.6619166948262691  -0.3277974253247958 -0.02115734976252892  -0.2890189956206152

 1.121015414019102e-08 -4.200502498402821e-09 -1.127162024270871e-08  -0.001094356656731596  -0.002283457408866934
 2.266997569211387e-09 -2.327320344972407e-09  1.008174192223107e-08 -0.0003422382195902909     0.1196369179250913

cov:
0.05356198485553743 0.05359197732891302 0.05362697982822362 0.05366863890593145 0.05373186812391262
0.05359197732891302  0.0536400614009133 0.05369603861497217 0.05376337384380401 0.05386475757240164
0.05362697982822362 0.05369603861497217 0.05377637916221909 0.05387352375272197 0.05401920710453557
0.05366863890593145 0.05376337384380401 0.05387352375272197 0.05400718431170468 0.05420709547039057
0.05373186812391262 0.05386475757240164 0.05401920710453557 0.05420709547039057 0.05448763902567611

cov.inverse():
 34216728.13087246 -46376139.66527774  4586867.770322499  3155126.859999195   4417544.56590514
-46376139.70053063  115165943.6040806 -77247300.92532745 -1701646.469603168  10159556.53684682
 4586867.822973181 -77247300.99752399  118776362.6600535 -39384807.70877464 -6732219.348746595
 3155126.850270278  -1701646.44386618  -39384807.7272883  61164433.02190917 -23232466.74134418
 4417544.558235792  10159556.54805433   -6732219.3497791 -23232466.74384988  15387521.59167047

cov*(cov_.inverse()):
    0.9999999999708962  5.820766091346741e-10 -6.984919309616089e-10 -2.328306436538696e-10  3.492459654808044e-10
  4.94765117764473e-10                      1 -1.746229827404022e-10                      0                      0
 3.783497959375381e-10 -1.164153218269348e-10     0.9999999998835847                      0  1.164153218269348e-10
 2.619344741106033e-10  1.047737896442413e-09  -2.91038304567337e-10                      1  1.164153218269348e-10
  2.91038304567337e-11  2.328306436538696e-10 -1.164153218269348e-10 -2.328306436538696e-10      1.000000000116415
