5
2

5.224811690035947e-05
8.092200599193704e-05
0.0001412058863979238
  0.01969764587773649
   0.5204173697541303

 0.01092280665684414   0.3332334965660683  -0.7840940761164764   0.5176760094269585 -0.07774418385910452
  -0.397188588733992   0.7477979840992477 -0.03491619121857452  -0.4984286137779426   0.1827270546875511
  0.5881690478436495  -0.1459527080923606  -0.4216836462327246  -0.4870908991708132   0.4665622537283137
 -0.5455717499265534  -0.3306615683999488 -0.07984390407929784   0.2138770208815323    0.735456296312419
  0.4455676762457191   0.4462223055016921   0.4469733693086057   0.4478610745699912   0.4494333821287314

0.4023221630479572
 0.402368416763091
0.4023786314022697
0.4023743400036288
0.4023793699871108

0.000269901432675106
  0.4025405421557832

 0.5009747014586492   1.759479998561173   2.712180262803096  -3.448956343222784  -1.523664030997646
 0.8569346012541426  0.5897211121943262  0.3140684560759547  -0.615714608175617 -0.1450622544171268

-8.740485959589815e-09  1.612666714081423e-08 -2.726751958150946e-09  -0.001136793902350239  -0.002391213757181516
-9.495761236091386e-10  2.423188822335393e-09  1.032330860101518e-08  -0.000359273049799145     0.1203584333374269

cov:
0.05388436623561799 0.05391785977130477 0.05395539998326124 0.05400034933200952 0.05407968883507866
0.05391785977130477 0.05396940917544036 0.05402799405296806 0.05409759120591644  0.0542206917552528
0.05395539998326124 0.05402799405296806 0.05411114935646155 0.05420950975706251 0.05438368152063443
0.05400034933200952 0.05409759120591644 0.05420950975706251 0.05434156299079907 0.05457554803608035
0.05407968883507866  0.0542206917552528 0.05438368152063443 0.05457554803608035 0.05491577745395217

cov.inverse():
 41485743.11095652 -48328905.17647027 -13458335.96084457  17934668.84041689   2367444.72751251
-48328905.18728022  127141872.1382306 -96614545.35998942  9839197.840486288  7960680.279552315
-13458335.92130151 -96614545.43098794  234318033.3033036 -135732205.1342485  11488725.43810301
 17934668.80070216  9839197.924916783 -135732205.1822546   148006168.133917 -40048420.46815743
 2367444.738494331  7960680.255310182  11488725.45465283  -40048420.4714466  18231591.90939141

cov*(cov_.inverse()):
    0.9999999993597157 -9.313225746154785e-10  6.984919309616089e-10                      0 -1.164153218269348e-10
-3.346940502524376e-10      1.000000000349246  1.164153218269348e-10  9.313225746154785e-10 -1.164153218269348e-10
-6.111804395914078e-10 -1.746229827404022e-10      1.000000000814907  9.313225746154785e-10                      0
-5.529727786779404e-10 -5.238689482212067e-10  5.820766091346741e-10      1.000000000465661                      0
-3.346940502524376e-10 -2.328306436538696e-10 -2.328306436538696e-10                      0                      1
