5
2

6.669646603022611e-05
7.635655469248275e-05
0.0001329502654497439
  0.02255405508372129
    0.531004046954474

 -0.1077902579560255   0.5488330388961389  -0.6709825862297781   0.4393994238055881  -0.2094613831748431
 -0.1535460741553886    0.479446892948786  -0.1813522428398553  -0.6652404481580668   0.5206926061551399
  0.6853925798763759   -0.378771317512866  -0.5461317884459437 -0.05319147290081822    0.292711525805612
 -0.5450299561444558  -0.3560317361463798   -0.138353072223189   0.4000787810053634   0.6300628112795061
  0.4449541793902145    0.445742822874297   0.4466455306488498   0.4488774094267561   0.4498288067220304

0.4000523261811422
0.4001511375585312
0.4002191594705643
0.4003846082767215
0.4004208322389106

-0.0003977581213016168
    0.4001859964250157

0.02750228082809468  0.6629155907272497   2.264680933694498  0.6169344102202334   -3.57207117694001
    1.1226844034687 -0.2628518276099264  0.6629112172900051 -0.2562709555129478 -0.2664497204919417

-6.201290152702543e-10 -1.380303298264754e-08 -4.502832234461562e-08  -0.001306375814060516  -0.003004581692298437
-3.411369766930639e-09 -2.255660632923658e-09  7.824038301256398e-09 -0.0004478656890785002     0.1250725122058568

cov:
0.05597579744747164 0.05602232865064881 0.05607523185099171 0.05620597331504738  0.0562615778256705
0.05602232865064881 0.05608722990437485 0.05616125875128645 0.05634425388423035 0.05642217674299563
0.05607523185099171 0.05616125875128645 0.05625963057580961 0.05650280871144237 0.05660643778222951
0.05620597331504738 0.05634425388423035 0.05650280871144237 0.05689487494576373 0.05706209008903246
 0.0562615778256705 0.05642217674299563 0.05660643778222951 0.05706209008903246 0.05725647836384409

cov.inverse():
 33232878.89705157 -40612241.25622606 -141833.3079679606  4809501.077253405  2712100.895081935
-40612241.28696404  115256828.6614104 -85994023.89386974  646449.2403523517  10702635.79218072
-141833.2619362522 -85994023.94941092   123723409.057921 -43941675.58711016  6354078.797512521
 4809501.055246443  646449.2688739341 -43941675.59005838  119466738.3421536 -80981303.52951317
 2712100.901795141   10702635.7884627  6354078.790950743  -80981303.5259465  61212786.53010444

cov*(cov_.inverse()):
     1.000000000087311  9.313225746154785e-10  4.656612873077393e-10  9.313225746154785e-10 -4.656612873077393e-10
                     0      1.000000001164153  5.238689482212067e-10                      0                      0
  4.94765117764473e-10  6.984919309616089e-10      1.000000000291038                      0  4.656612873077393e-10
 1.455191522836685e-10  1.047737896442413e-09  2.328306436538696e-10                      1  4.656612873077393e-10
 3.201421350240707e-10  1.164153218269348e-10 -3.492459654808044e-10                      0                      1
