5
2

5.326789345178096e-05
8.755460053574953e-05
0.0001938145753258395
  0.01777426025309209
   0.5196516764309008

 0.01182725299882946   0.4019445541496271  -0.8106075122945157   0.4247765114388707 -0.02794759054871787
 -0.5376088774213046   0.7252629422310968   0.1395460032259166  -0.4002099622349353  0.07300177159276502
  0.4269927977844982 -0.01595870209636968  -0.3466959667467283  -0.6217202740652734   0.5573941854068079
  -0.574335473999548  -0.3360985611682509 -0.05813185493324589    0.268748400795032   0.6939535323049226
  0.4457047508723552   0.4463376715265938   0.4470625997317833    0.447923095345673   0.4490321710112107

0.4014680805642752
 0.401523482750453
0.4015435519388689
0.4015510785588596
0.4015846488482671

0.0001519160356613253
   0.4016705457045411

  0.7696912124827152    1.901803831249487     3.71311347697796   -5.834038757069473  -0.5505534789863142
  0.8756384985735641    0.578047157085448   0.4461051896593239  -0.8265974529420841 -0.07318685654104129

-1.333363504145627e-08   2.89638315812114e-08  8.757112177106856e-08  -0.001025822653340573  -0.002301001934005909
 -1.32790885466944e-09  2.577299202673221e-09  2.566085777508223e-08 -0.0003146792739649368     0.1200593920617194

cov:
0.05374797793988758 0.05378091491010864 0.05381772617841313 0.05386197954654177 0.05391832968670001
0.05378091491010864 0.05383191094461297 0.05388976572157704 0.05395876946650536  0.0540472966169219
0.05381772617841313 0.05388976572157704 0.05397218336775703   0.054070062613482 0.05419613166112252
0.05386197954654177 0.05395876946650536   0.054070062613482 0.05420190795060528 0.05437212967316233
0.05391832968670001  0.0540472966169219 0.05419613166112252 0.05437212967316233 0.05459985700949347

cov.inverse():
 42606905.50327332 -49368624.55857849 -17106076.78446485  22769984.34835838  1098504.071031895
-49368624.52477999  125562219.3977747 -101477636.7391799  22572097.09508756  2710220.078718483
-17106076.85368079 -101477636.6234036  237314294.1527393 -122897291.4858178   4168394.72952511
 22769984.38890527  22572096.99112611 -122897291.4118086  94774256.03295177 -17219838.12110122
 1098504.065901896  2710220.100702641   4168394.70207722 -17219838.11050782  9242878.208473066

cov*(cov_.inverse()):
    0.9999999998108251 -2.328306436538696e-10   2.12457962334156e-09 -5.820766091346741e-10  1.746229827404022e-10
-4.365574568510056e-11      1.000000001222361  -2.91038304567337e-11 -5.820766091346741e-10  5.820766091346741e-11
 2.473825588822365e-10 -8.149072527885437e-10      1.000000000174623 -1.164153218269348e-10  1.746229827404022e-10
 2.110027708113194e-10 -5.529727786779404e-10  8.149072527885437e-10     0.9999999982537702  1.164153218269348e-10
  1.01863406598568e-10 -2.037268131971359e-10  2.619344741106033e-10  2.328306436538696e-10      1.000000000058208
