5
2

5.707649061357379e-05
6.205871747376332e-05
9.981648451743233e-05
  0.01914334253860791
   0.5783411162564954

-0.03460268130014345   0.1015221029372938  -0.5631026462028913   0.7716905901537251  -0.2755085479064623
  -0.423029527116935   0.7586007009205858  -0.3283876443429065  -0.2659955170632169    0.258802889657761
  0.4732777568404449  -0.2526422049275285  -0.6010599117542278  -0.1829889351216016   0.5634022659472501
 -0.6309801441295229  -0.3896105207152465   0.1156925629073623   0.3148162423708934   0.5810108985980196
  0.4446581790863927   0.4456386401731083   0.4476820057274411   0.4484928105700257   0.4495779429321366

0.4226577537133791
0.4226618173930152
0.4226808027365033
0.4226540901582018
0.4226225736038038

0.0003619159400342733
   0.4228509559958876

   1.70345167662895   1.657523681192987 -0.9075257009971708 -0.9112479705340367  -1.542218099628046
  2.669883771771674  -1.647109266681849   -1.13675348083303   2.651305932711818   -1.53737475074759

 1.114318795729355e-09  2.611424519724998e-09   2.29935529050465e-09    -0.0011025352587077  -0.004083316307393962
 9.284692712718821e-09 -1.197269827926163e-08  1.007953090142639e-08 -0.0004518485639335867     0.1479023272084036

cov:
0.06627928509459673  0.0663692895087957 0.06655635343307331  0.0666309008865392  0.0667307406710827
 0.0663692895087957  0.0664809762883723 0.06671340374744682 0.06680582826427683 0.06692956645482516
0.06655635343307331 0.06671340374744682 0.06704080557275049 0.06717065280454194 0.06734442329932008
 0.0666309008865392 0.06680582826427683 0.06717065280454194 0.06731525801133095 0.06750874632680375
 0.0667307406710827 0.06692956645482516 0.06734442329932008 0.06750874632680375  0.0677286064216498

cov.inverse():
 69316301.18902174  -96404246.1092376   13499877.9744026  12327690.73189956  1260882.791950462
-96404246.06550203  158994679.2106012 -66990807.84056089 -23705723.47659075  28104561.56149277
 13499877.64256668 -66990807.32580529  161594059.8869046 -99667879.35869278 -8433605.245757967
 12327691.15248844 -23705724.17727295 -99667878.99259996  204530710.5411224 -93484252.45911956
  1260882.65946076  28104561.79115606 -8433605.428926574 -93484252.37312692  72551266.92718455

cov*(cov_.inverse()):
     1.000000000407454 -2.328306436538696e-10 -4.656612873077393e-10                      0  9.313225746154785e-10
-8.003553375601768e-10      1.000000002095476 -8.149072527885437e-10  3.725290298461914e-09                      0
-5.093170329928398e-10  9.313225746154785e-10      0.999999997089617  9.313225746154785e-10                      0
-3.492459654808044e-10 -2.328306436538696e-10 -6.984919309616089e-10      1.000000001862645 -9.313225746154785e-10
 1.164153218269348e-10  4.656612873077393e-10  5.820766091346741e-10                      0                      1
