5
2

5.613172555349125e-05
7.432781492753045e-05
9.493986898680867e-05
  0.01643280951211911
   0.5533935314284323

-0.1514477768524384  0.7359368144463856 -0.6578511250398339 0.03568031157405566 0.03767477509904189
-0.2397880389946362  0.2672700009448645  0.3357303171995383 -0.7699941922671628   0.406770870316418
 0.6165821736525847 -0.3172497990343069 -0.4853744283091671 -0.2718593960696767  0.4579116959182479
-0.5841630082045259 -0.2953767477706814 -0.1391648114618924  0.3616301883523791  0.6491247328864101
 0.4451351145673119  0.4461713724865655  0.4467234838143699   0.448499648697378  0.4495242265770352

0.4166128362044392
0.4166690466521489
0.4167630880615961
0.4167925283552246
0.4168079664665157

-0.0002425700898849722
    0.4166812305217334

  1.472489733216762  0.7385630618002526   1.464753686970511 -0.5895699089363675  -3.086236125707996
  1.651442041655905   0.143434980898956 -0.2029195932671082 -0.2337808404379681 -0.3582753325304604

-2.458762769093352e-09 -2.570900410241509e-09 -1.163018047030268e-08 -0.0009447870920059843  -0.003808869857014347
-1.036495648439743e-10 -2.162959492668622e-09  8.749787683317697e-09 -0.0003499539444988686     0.1355310351658067

cov:
0.06077303256999626 0.06086873429777214 0.06091935605871585   0.061082487130553 0.06117680917740577
0.06086873429777214 0.06098729707274084 0.06105027363706326 0.06125301893321147 0.06137008298640799
0.06091935605871585 0.06105027363706326 0.06111993944851795 0.06134410632766627 0.06147347034132676
  0.061082487130553 0.06125301893321147 0.06134410632766627 0.06163697217319605   0.061805766550821
0.06117680917740577 0.06137008298640799 0.06147347034132676   0.061805766550821 0.06199721427981516

cov.inverse():
  59866403.2366736 -68675781.51529579 -16153191.73597774  13107829.01792004  11856278.14363882
-68675781.54867961  195991907.0212349 -120330890.2318347 -19348558.37897442   12360805.0351175
-16153191.68788628 -120330890.3292744  183892482.5354058 -39602868.70709319 -7805285.574025351
 13107828.99573106 -19348558.25501253 -39602868.82090851  115922017.2506936  -70077275.7662755
 11856278.15112025  12360804.97521277 -7805285.509560416 -70077275.77831669  53665086.08629493

cov*(cov_.inverse()):
    0.9999999991850927 -1.047737896442413e-09 -1.746229827404022e-10  9.313225746154785e-10  4.656612873077393e-10
-3.492459654808044e-10     0.9999999987194315  1.979060471057892e-09                      0                      0
-3.492459654808044e-10 -1.280568540096283e-09      1.000000000349246  9.313225746154785e-10  4.656612873077393e-10
-4.656612873077393e-10 -8.149072527885437e-10   2.91038304567337e-10                      1  4.656612873077393e-10
 1.164153218269348e-10 -5.820766091346741e-10 -5.820766091346741e-11                      0                      1
