6
2

5.517081877627735e-05
6.563614011179758e-05
8.382018138499317e-05
0.0001526023713245678
  0.01930146520790386
   0.6053726807925837

-0.001503149696658257    0.1522940796579502   -0.7242231683800285     0.669109789588765  -0.05101597989431607  -0.04465999883141232
  0.04177441412086822   -0.2569482943362572    0.3779919864447662    0.4214692684778293   -0.7617299424865831    0.1774420496788646
  -0.2813259543605659    0.7704225271527944  -0.08350637626000719   -0.2786969455827798   -0.4059499257105099    0.2790415605622257
   0.6635815785845317    -0.191932101064836   -0.3882908110528043    -0.358474141844088   -0.1831405660509347    0.4582658899500845
  -0.5600859890720098   -0.3386542438840036  -0.09204462709036942   0.04116343425482083    0.2269668248677321     0.714098317221226
   0.4062899453314767     0.407073198177576    0.4079308499792647    0.4083939507847358    0.4090417042386326    0.4107451502321242

0.4164042490864929
0.4164881640738562
0.4165341056569025
0.4166261855683343
0.4166357629169803
0.4166649610450071

-0.0001813171418868532
    0.4165658392407988

  0.2626134672619688   0.9792589529637252   0.3995472648623992    1.092033334147969    1.147588047477448   -3.880960819227749
   0.931585274047914   0.3977198442263571  -0.1275877912523356    0.302351067427134 -0.09731228596663233  -0.4068278499515804

 2.145429233785352e-09 -5.135956810318961e-09 -8.472865292012259e-09 -5.935918826484273e-08  -0.001110734093137477  -0.003803917609944102
 1.147555078169028e-09  7.696351888282707e-11 -7.257300944386556e-10  7.321357817516782e-09 -0.0003520078950272661     0.1483930630212085

cov:
0.06061164118931273 0.06068204516804195 0.06075828737836989 0.06079944693234192  0.0608571279049348 0.06100912822016408
0.06068204516804195 0.06077096595628537 0.06086779444812802 0.06092007430924463 0.06099326556438375 0.06118593116742892
0.06075828737836989 0.06086779444812802 0.06098755950840357  0.0610522206618716 0.06114268457787461 0.06138063560498374
0.06079944693234192 0.06092007430924463  0.0610522206618716 0.06112357722693754 0.06122336881433676 0.06148578313851953
 0.0608571279049348 0.06099326556438375 0.06114268457787461 0.06122336881433676 0.06133618399633996 0.06163271934378522
0.06100912822016408 0.06118593116742892 0.06138063560498374 0.06148578313851953 0.06163271934378522 0.06201873899712058

cov.inverse():
 30580323.11224104 -38884430.64879373 -3697622.670763712  4701080.404164441  3674881.585501196  3626663.830334834
 -38884430.6559755  109008555.2718597 -64736920.69821762 -19265838.51269421 -126217.4863520976  14003233.62630486
-3697622.642907494 -64736920.78134416  212947909.7817867 -112933660.8677337 -46817094.91166235  15236990.09857391
 4701080.352049502 -19265838.36231584 -112933660.9645847  204893992.4212726 -66813790.91872957 -10581037.82616343
 3674881.626917084 -126217.5753073914 -46817094.88465982 -66813790.89033505   160435130.511007 -50352050.17251769
 3626663.820359505  14003233.64082685  15236990.11315069  -10581037.8531433 -50352050.16466161  28065735.89852559

cov*(cov_.inverse()):
     1.000000000174623 -8.149072527885437e-10  4.656612873077393e-10 -4.656612873077393e-10 -9.313225746154785e-10 -2.328306436538696e-10
-3.201421350240707e-10      1.000000001164153 -1.047737896442413e-09 -3.492459654808044e-10 -4.656612873077393e-10                      0
 1.746229827404022e-10 -5.820766091346741e-10     0.9999999975552782 -1.164153218269348e-09 -9.313225746154785e-10 -6.984919309616089e-10
-1.746229827404022e-10 -3.492459654808044e-10 -3.492459654808044e-10      0.999999999650754 -1.396983861923218e-09                      0
-8.731149137020111e-11 -3.492459654808044e-10  1.164153218269348e-10 -1.164153218269348e-09     0.9999999986030161 -4.656612873077393e-10
-1.746229827404022e-10 -2.328306436538696e-10  5.820766091346741e-10  1.164153218269348e-10                      0      1.000000000232831
