5
2

6.672444476180121e-05
9.756548938448166e-05
0.0001429235603487744
  0.01108299403976129
   0.5175420975352422

0.001307390938342774   0.0407977634283561   0.3833064148750261  -0.8295193809385348   0.4041133778918763
-0.05598716679356102  -0.4253332594960648   0.7826837195097887   0.1303427397510137  -0.4317105754199279
  0.6218869943441238  -0.7089396706527396  -0.1928412187553139 0.008982691168845612   0.2709108437267655
 -0.6410176452085281  -0.3394812582085431  0.05678240942506724   0.3073254712406618   0.6133316122319539
  0.4463369497143496   0.4467484522252176   0.4472923091881036   0.4476368314019967   0.4480513419995715

0.3992196521802392
0.3993966108778835
0.3993879189219128
0.3993827777210075
0.3993719049790326

9.333573926062129e-05
   0.3994158127227237

 -0.204665466723249   2.216661324703229   4.975616186864597   1.883764939913904   -8.87152282070012
 0.9663224411621585  0.4324357852009961  0.5106378905172859 0.06592399377989136 -0.9753349615716452

-1.402591451411753e-08  6.699906475440951e-08 -1.030494733409151e-07 -0.0006388592820995538  -0.001917811946386027
-1.042669771743214e-09  5.628524279607537e-09 -1.383657123809339e-09 -0.0001615474274789826     0.1193029089208865

cov:
0.05341063081506287 0.05343606739374513 0.05346989110566987 0.05349135482859027 0.05351681943155069
0.05343606739374513 0.05347275528185159 0.05352129775106076 0.05355207579186368 0.05358891517744266
0.05346989110566987 0.05352129775106076 0.05358922710003893 0.05363224307775383 0.05368403561679295
0.05349135482859027 0.05355207579186368 0.05363224307775383 0.05368301271621505 0.05374425872201408
0.05351681943155069 0.05358891517744266 0.05368403561679295 0.05374425872201408 0.05381706396321547

cov.inverse():
 19265844.01070409  -19067668.0522947 -10362061.17783141 -738349.0667170241  10902271.36457498
 -19067668.0540171  43984015.68890664 -24767204.09795141 -13738020.38328596  13589155.50543142
-10362061.18376753 -24767204.10592882  99175844.98873062  -60784652.0294292 -3261816.224272193
-738349.0505592041 -13738020.37583831 -60784652.07858612  156344513.2321982 -81084595.08896807
 10902271.35607561  13589155.50423872 -3261816.189028437 -81084595.11451969  59855679.37461081

cov*(cov_.inverse()):
    0.9999999998835847  2.328306436538696e-10 -5.238689482212067e-10 -9.313225746154785e-10  4.656612873077393e-10
-2.328306436538696e-10      1.000000000698492 -1.105945557355881e-09 -9.313225746154785e-10  9.313225746154785e-10
-1.164153218269348e-10                      0     0.9999999995925464                      0  4.656612873077393e-10
                     0  4.656612873077393e-10 -6.111804395914078e-10     0.9999999990686774  9.313225746154785e-10
-1.164153218269348e-10 -1.164153218269348e-10  2.619344741106033e-10                      0                      1
