6
2

6.882514494180154e-05
8.319055457567128e-05
8.698724217376905e-05
 0.000122453228340564
  0.01501615810307095
    0.569486324434013

 0.07227113756667812   0.1797162688313928  -0.7606329559644629    0.612497340041063  -0.0108616415456438 -0.09298109957653519
 0.07517752146359734   0.2792979136966897  -0.3487811802019908  -0.5363460348480652   0.6932448296118648  -0.1625953293528074
  0.1498445947212516  -0.6472399838439307   0.1675181956610272   0.3191046446688803   0.4683555749415728  -0.4575805241057609
  0.6842974588487514  -0.4358554132373805   -0.287527464423652  -0.2480981942911197  -0.1359676606486757   0.4231490104137448
 -0.5769368125352864   -0.338811197193326  -0.1505886836355686  0.08350359400342383   0.3378270525703883   0.6391979096485466
  0.4068817058175483   0.4074459140104426   0.4078944156557632   0.4084441220952085   0.4090505643436156   0.4097661348136092

0.3989086594193477
 0.399017607003567
0.3990106817030546
0.3989966827138252
0.3989876652182319
 0.398978505046967

0.0001211616832794568
   0.3990522012649756

 0.6149064910549568   1.926324060998388  0.7097702445788333  0.6160791315094313  0.9940802826537369  -4.861252556017856
  1.337060015318629  0.5442053150705063 -0.1036792165545781 -0.2391543441827211  0.1663423793250074 -0.7048189588733003

 3.170460698045993e-09  1.028284886830656e-08  1.400487799308867e-08 -4.450369668038871e-08 -0.0008645853045016726  -0.002962705587464391
 9.025781154624166e-10  4.476699223835341e-09  1.171755040632298e-09  6.688212936158966e-09 -0.0003054111352830564     0.1313538110435484

cov:
 0.0537662385011393 0.05380969996228242 0.05384439902872638 0.05388648477455531 0.05393342615838771 0.05398864989557237
0.05380969996228242  0.0538660744864863 0.05391095322246565 0.05396570770497137 0.05402641427391489 0.05409794562265138
0.05384439902872638 0.05391095322246565 0.05396389788561672 0.05402866324046633 0.05410025045336926 0.05418467609415595
0.05388648477455531 0.05396570770497137 0.05402866324046633 0.05410589236441701 0.05419100656464999   0.054291467270309
0.05393342615838771 0.05402641427391489 0.05410025045336926 0.05419100656464999 0.05429083716498626 0.05440871391288943
0.05398864989557237 0.05409794562265138 0.05418467609415595   0.054291467270309 0.05440871391288943 0.05454725253803495

cov.inverse():
 36116495.88804762 -26931065.15081657 -25197508.81080119 -1484418.435621096   10433815.7486679  7062758.256842345
-26931065.15225285  86122577.58126028 -48905111.92606622 -18491323.27002371 -8544823.340654431   16749861.0135962
-25197508.80850242 -48905111.94004514  148939110.3239594 -59500367.48290414 -20217635.99293249  4880281.428799868
-1484418.436054296  -18491323.2500145 -59500367.51798842  138326541.7999345 -33129157.43711985 -25719784.47930688
 10433815.74810415 -8544823.346721215 -20217635.96431509 -33129157.46588141   99690272.3632545 -48232550.65763857
 7062758.256976803  16749861.01219665  4880281.423586303 -25719784.46605379 -48232550.66441287  45259081.82016321

cov*(cov_.inverse()):
     1.000000000116415  1.164153218269348e-10 -2.328306436538696e-10                      0 -4.656612873077393e-10                      0
-1.164153218269348e-10      0.999999999650754  5.820766091346741e-10  2.328306436538696e-10                      0                      0
-5.820766091346741e-11  3.492459654808044e-10     0.9999999998835847                      0 -4.656612873077393e-10 -4.656612873077393e-10
-1.746229827404022e-10  3.492459654808044e-10  1.746229827404022e-10     0.9999999995343387                      0                      0
 5.820766091346741e-11 -6.984919309616089e-10  5.820766091346741e-11 -6.984919309616089e-10                      1                      0
-5.820766091346741e-11  1.164153218269348e-10  5.820766091346741e-11 -6.984919309616089e-10                      0      1.000000000465661
