5
2

 6.71446356142263e-05
8.319583881912205e-05
0.0001103294901707263
  0.01392636584659086
   0.5196699905163085

 0.09790460100680359   0.1848691856519002  -0.7857343889099285   0.5773454640111235 -0.07437579289139738
 -0.1586381196289611   0.7310923621862035  -0.2749865844109974  -0.5490322439441903   0.2515628717779427
  0.6826000959135649  -0.3828911779121215  -0.3149707130987117  -0.3719277627661686   0.3871881249595625
 -0.5481081344176395  -0.2920908793742329 -0.08930910657057962    0.163015803553291   0.7613869728640239
  0.4459632475286422   0.4465474288503472   0.4470136260249442   0.4475839556675553    0.448953891193591

0.3988904623361737
0.3990000260945111
0.3989937435111378
0.3989803317113701
0.3989639711855388

0.0001145066705307765
   0.3990328373850832

  0.5635263481668131    1.631325860544067    1.317487494359769   0.9348852293317323   -4.447354913960302
   1.423726228199315   0.4269179088513215 -0.08352049557165503  -0.1585500305993805  -0.6086252271466494

 8.659998822598578e-10 -6.167858747220082e-09 -3.316545492010362e-08 -0.0008023041081713605  -0.002567267302603288
  1.07149877356047e-09  2.987876753043771e-10  8.009516901161529e-09 -0.0002689690453847802     0.1199119480020007

cov:
0.05376805609960739 0.05381118727718104 0.05384577905667221 0.05388764472608514 0.05398903055840621
0.05381118727718104 0.05386714195456467 0.05391186853327859 0.05396635243445446  0.0540976600987747
0.05384577905667221 0.05391186853327859 0.05396464016575211 0.05402911526260604 0.05418412619107039
0.05388764472608514 0.05396635243445446 0.05402911526260604 0.05410603511652417 0.05429053337554719
0.05398903055840621  0.0540976600987747 0.05418412619107039 0.05429053337554719 0.05454499297501102

cov.inverse():
 44041569.00982033 -34212096.37622026 -28422781.66728619  4264199.769974212  14329283.25618631
-34212096.37002295  96847041.99123497 -51357432.24201262 -22618704.04233171  11341437.95069379
-28422781.69322295 -51357432.22800951  156014535.7498528 -69184819.20043348 -7050971.945273013
 4264199.795937522 -22618704.04867378 -69184819.23254408  128849439.1821502 -41308775.18233167
 14329283.24996289  11341437.94922984 -7050971.925096314  -41308775.1948212  22688752.11098503

cov*(cov_.inverse()):
                     1                      0                      0 -4.656612873077393e-10 -2.328306436538696e-10
 1.164153218269348e-10                      1 -1.222360879182816e-09  4.656612873077393e-10 -4.656612873077393e-10
-1.164153218269348e-10                      0      0.999999999650754                      0 -6.984919309616089e-10
-1.164153218269348e-10  2.328306436538696e-10 -6.402842700481415e-10      1.000000000465661 -2.328306436538696e-10
-2.328306436538696e-10 -1.164153218269348e-10  9.895302355289459e-10                      0                      1
