5
2

3.662376064736178e-05
7.615780852117569e-05
0.0001385363632408238
   0.0209367776868123
   0.5201507180795287

-0.001889642683457357    0.4115844871297279   -0.8038267725242932    0.4281365277796315  -0.03400400797945367
  -0.3473064847340468     0.686723312451724   0.02571361755160866    -0.595160171020037      0.23002712557614
   0.4465573676334462   -0.3069434241819777   -0.3905273757746314   -0.3856129626123131    0.6365243621415164
  -0.6947587644934363   -0.2565187176397381   0.02429054560793586    0.3353470245399513    0.5817737955479677
    0.444152464232778    0.4460865206900985    0.4473250136201155    0.4486964459517789    0.4497857669541792

0.3982466817758246
0.3983526349048614
0.3983795037792517
0.3983964962402339
0.3984401513799127

-3.468577101102762e-05
    0.3984242065206371

 0.1612358864409802   1.324697022242946   5.313121223679438   -6.18247109151307 -0.6165560262728121
 0.9457844040051242  0.2469941561995319   0.884275678488298  -1.111299976761987 0.03423551688212356

-8.519782827640182e-09  2.626278731400472e-08 -8.021185997204976e-09  -0.001207536779246147  -0.003283505486369325
-1.459179919441721e-09   3.09230005200437e-09   8.66578179509884e-09 -0.0004610222020390177     0.1197414365236023

cov:
0.05358470673737755 0.05368364626904847 0.05374695517144592 0.05381702818199705 0.05387288887526314
0.05368364626904847 0.05386780192790801 0.05398569947288601 0.05411624155641646  0.0542200012321351
0.05374695517144592 0.05398569947288601 0.05413858214116953 0.05430787280935431 0.05444232670154855
0.05381702818199705 0.05411624155641646 0.05430787280935431 0.05452008954120736 0.05468854457112335
0.05387288887526314  0.0542200012321351 0.05444232670154855 0.05468854457112335 0.05488396416452949

cov.inverse():
 31190855.67122231 -48842447.06670967 -9493929.221165214  26062428.65186019  1083218.840392328
-48842447.07179509  212514108.3923433 -237368016.0812122  67075574.19912081  6620696.243732841
 -9493929.21243348 -237368016.1191195  489785353.8434479 -251369737.8036277  8446007.665122151
 26062428.64940462    67075574.258536 -251369737.8873459  205478687.7865466 -47246460.11546078
 1083218.839201617   6620696.21713974  8446007.719664434 -47246460.14221928  31096342.44710742

cov*(cov_.inverse()):
    0.9999999998835847 -6.984919309616089e-10                      0 -9.313225746154785e-10 -2.328306436538696e-10
-1.455191522836685e-11     0.9999999994179234 -4.307366907596588e-09                      0 -2.328306436538696e-10
 1.382431946694851e-10  5.820766091346741e-10     0.9999999983701855 -1.396983861923218e-09 -4.656612873077393e-10
-6.548361852765083e-11 -1.629814505577087e-09  -1.80443748831749e-09      0.999999996740371                      0
-1.164153218269348e-10 -1.047737896442413e-09 -7.566995918750763e-10                      0                      1
