5
2

7.362265398923785e-05
8.856066691813405e-05
0.0001368116473143086
  0.01299472494403508
   0.5165232549299815

 0.05088681372681174  -0.1588643975853195  -0.4751508770603833   0.8283994772313082  -0.2452724719984499
 -0.1754877709176353    0.755190874471773   -0.595791373966945  -0.1399330817038388   0.1560197318430135
  0.6381537299756517  -0.3555158104777544  -0.4673082040164613  -0.2474654037261093    0.432148402561078
 -0.6002307741501415  -0.2801335427276322 -0.03050959943633577    0.180721811065585   0.7264000325918197
   0.446203327114867   0.4467466318100498   0.4471649466768076    0.447519317718924   0.4484306061922127

0.3951527151089149
0.3952018224919805
0.3953085655599765
0.3952981957227966
0.3952699500484471

0.0002121607936946552
    0.395363957779765

 0.9276385566177715 -0.1090960105413365   2.712229971950887   2.317594017903424  -5.848384073537612
  1.073691547989426  0.2240016065127418  0.2832302521624667 0.07089116167303228 -0.6518329334548992

 1.154608993380887e-08 -2.429658558696274e-08 -6.995788264035787e-08  -0.000749482915600111  -0.001983634516934158
 5.587057878474761e-10 -2.349922879293078e-09  3.256021097658421e-09 -0.0001986729490223583     0.1187858837728432

cov:
0.05317929198177211  0.0532115126929451 0.05323601052613403 0.05325678940355166 0.05330997336351971
 0.0532115126929451 0.05326113973816755 0.05329918359235678 0.05333142918713018 0.05341423127417839
0.05323601052613403 0.05329918359235678 0.05334781142597041 0.05338899291760525 0.05349489553846964
0.05325678940355166 0.05333142918713018 0.05338899291760525 0.05343775410156801 0.05356320302339412
0.05330997336351971 0.05341423127417839 0.05349489553846964 0.05356320302339412 0.05373917049306951

cov.inverse():
 26163701.24789514 -30508919.83025856  -7062257.37924577  2470446.652892654  8937502.455970094
 -30508919.8204927  84125550.23085843 -34565620.65524975 -33053652.47916819  14002297.85013223
-7062257.390767339 -34565620.65606093  98578633.85748349 -55810393.20307384 -1140424.922279869
 2470446.650859782 -33053652.45430081 -55810393.23258241  132375324.0823851 -45982086.97687567
 8937502.459758727  14002297.83584159 -1140424.905103728 -45982086.98354974  24183026.39850268

cov*(cov_.inverse()):
                     1 -1.164153218269348e-09  1.455191522836685e-10                      0                      0
-5.820766091346741e-11     0.9999999998835847 -2.764863893389702e-10  4.656612873077393e-10                      0
-1.164153218269348e-10 -3.492459654808044e-10     0.9999999996434781  4.656612873077393e-10                      0
-2.328306436538696e-10 -1.164153218269348e-10   2.91038304567337e-10                      1  2.328306436538696e-10
 1.164153218269348e-10                      0 -1.309672370553017e-10                      0      1.000000000232831
