5
2

5.417823582566379e-05
6.685177588959944e-05
0.0001677455260842799
  0.02078410044679286
   0.5774324975333784

-0.02642271132616853   0.5158943923864826  -0.7527225957830307   0.3884466589337193  -0.1251906673488199
 -0.1359299105975182   0.5804790763019304   -0.030213381738801  -0.7352911858660625   0.3209378832923799
  0.6106989270212241   -0.392471374599109  -0.4716368218016835   -0.203794706147429   0.4572083406090721
 -0.6405056549581992  -0.2088849667240784  -0.1021221684584089   0.2568435916264123   0.6853626841264752
  0.4445494643263206   0.4463522249040616   0.4467948258336495    0.448280216313009   0.4500718791049006

0.4220124840392581
0.4220949561307944
0.4221733434417052
0.4221523714944804
0.4221342954699561

0.0001340129785687574
   0.4222189148952326

  0.6798396642650882    2.762180631606238 -0.08808795765838867   -1.243943783268145   -2.110017604573351
   1.764890911099966    -1.18383555082993   0.2655929869338641   0.4226681627566166  -0.2691058014835881

 3.681678619196319e-09  7.826014204236215e-09 -3.766522160582708e-08  -0.001196170872277804  -0.003842558008051326
-1.935558489011392e-09 -5.954119284027906e-09  3.399138705709924e-08 -0.0004259896852751063     0.1477741077729461

cov:
0.06607073647083304  0.0662185106835903 0.06625457482547216 0.06637543191761337 0.06652244779457261
 0.0662185106835903 0.06644787610365079 0.06650411057961689 0.06669278205078685 0.06692075659983018
0.06625457482547216 0.06650411057961689 0.06656534076201705 0.06677078375735784 0.06701878325692216
0.06637543191761337 0.06669278205078685 0.06677078375735784 0.06703263373116627 0.06734796909698468
0.06652244779457261 0.06692075659983018 0.06701878325692216 0.06734796909698468 0.06774371651435293

cov.inverse():
 17627288.54259511 -30816888.03684746 -2541137.071454176  14443850.98767558  1287484.224215025
-30816888.09433976  171541761.8531841 -129641722.4533486 -24389320.78533826  13304732.96774949
-2541136.971757614 -129641722.7608955  201137435.6495739 -91226474.49307677  22270647.13259666
 14443850.92443915 -24389320.39803292 -91226474.82641958  173856274.0989635 -72680809.82370348
 1287484.245246259  13304732.83050644  22270647.25808083  -72680809.8329753  35816530.10745965

cov*(cov_.inverse()):
    0.9999999998690328  1.979060471057892e-09                      0                      0  4.656612873077393e-10
-1.746229827404022e-10      1.000000000116415  6.984919309616089e-10                      0  4.656612873077393e-10
 -2.91038304567337e-11                      0     0.9999999972060323                      0                      0
-1.600710675120354e-10  2.328306436538696e-09 -4.656612873077393e-10      1.000000000931323  4.656612873077393e-10
                     0  2.328306436538696e-10 -2.328306436538696e-10                      0                      1
