5
2

6.532827289529967e-05
9.200659155280033e-05
0.0001039685627935858
  0.01813678924221966
   0.5209096080512512

 -0.3803594428513239   0.8156806539129522  -0.4344136695461563  -0.0257196593018025  0.02479975610386863
  0.3782563044552395  -0.1616250029977085  -0.6775290816027467   0.5948245745254199  -0.1339313095174093
 -0.3974623932066291   0.0551894682244107   0.3833097497679274   0.5673648836114732  -0.6083983014119567
 -0.5967159270985335    -0.32630566519044 -0.07442566359378153   0.3500823076608948   0.6398108421033596
   0.445199517864847   0.4461178820669048    0.446960360239536   0.4483990314144477   0.4493784258219082

 0.397623995966784
0.3976207888247467
 0.397661146232739
0.3976054263013021
0.3975630189133783

0.0004423999777063319
   0.3978296005496939

  1.255375627138727  0.9279890199050298   1.196740880906598 -0.4370301823195088   -2.94311923902241
  1.700253923534704  -0.294442112713297  0.1730192267432595 -0.2055925728967578 -0.3732708537375036

-1.289639819126368e-09 -2.977551536552915e-09  1.679364762970838e-08  -0.001045057263265749  -0.002918971561796005
-4.122719334636271e-09  4.242735536150893e-09 -5.569746039471474e-09 -0.0004086015038106551     0.1202071002707473

cov:
0.05389877836428058 0.05395663669385461 0.05400896953337939 0.05409944382584047 0.05416089116844906
0.05395663669385461 0.05403878754629837 0.05411373253403336 0.05424232232092861 0.05432978279563048
0.05400896953337939 0.05411373253403336 0.05420974951639772 0.05437383337071217 0.05448552170596662
0.05409944382584047 0.05424232232092861 0.05437383337071217 0.05459777149441288 0.05475028946069179
0.05416089116844906 0.05432978279563048 0.05448552170596662 0.05475028946069179 0.05493069950519344

cov.inverse():
  65416513.0385498 -81946956.47954533 -5652124.920345451  8008574.728312638   14174785.6936058
-81946956.47480154  159265061.7360969 -68134289.18300004 -13376140.00294566  4190076.067932512
-5652124.936913017 -68134289.15857537  112038265.9494644 -24870905.62841929 -13379200.35798401
 8008574.753334069 -13376140.04291115 -24870905.61767586  71731607.10908943 -41493204.48874429
 14174785.68040797  4190076.088217309 -13379200.36087007 -41493204.49294543   36507339.9398241

cov*(cov_.inverse()):
     1.000000000232831  6.402842700481415e-10  3.492459654808044e-10 -4.656612873077393e-10 -2.328306436538696e-10
 2.328306436538696e-10      1.000000000349246 -6.984919309616089e-10                      0 -4.656612873077393e-10
 3.492459654808044e-10  1.688022166490555e-09      1.000000000116415                      0                      0
 5.820766091346741e-10  2.619344741106033e-10 -3.492459654808044e-10                      1 -4.656612873077393e-10
 3.492459654808044e-10 -3.783497959375381e-10 -2.328306436538696e-10                      0     0.9999999997671694
