5
2

4.710975382991298e-05
7.116694168634585e-05
0.0001235734756559103
  0.02128260303800706
   0.5271974860054108

 0.01438268347683987   0.1833695270250784  -0.7127792073924042   0.6609271456758339   -0.145910467727493
  -0.219950534875308   0.7578220347475492  -0.3016953838009606  -0.4775442209845044   0.2413688841931469
  0.6922599101395962  -0.2957183680598242  -0.4388346991481957  -0.3251613349854895   0.3674521419988189
 -0.5238575202239861  -0.3256095248359814 -0.09353890798519035   0.1693009722476911   0.7629805956443374
  0.4447071125385397    0.445657339598266   0.4467664674286767   0.4480336060381399   0.4508777341603737

0.4072349888888511
 0.407182177879822
0.4070815735878136
0.4069489803178956
0.4066533665864666

0.001593136053554609
   0.407627231929736

  0.3184710035533742    0.711149090927486   0.6969347905876065    1.560259884779832   -3.286895822075502
  0.1640236575509084     2.80276427959281   -1.803774621312274  -0.1406865882847114 -0.02187246241151378

 2.550083330056651e-09 -6.482012645788223e-09 -3.070553583123522e-08  -0.001226253532396456  -0.003617922674867253
 3.799938373903958e-09  1.364446648755641e-08   1.74060878469274e-09 -0.0003942086138217098     0.1231969982748899

cov:
0.05509039481692135 0.05516079151547986 0.05524281415835335 0.05533706788134177 0.05554774164643053
0.05516079151547986 0.05524926091357994 0.05535241213272855 0.05547060048144901 0.05573532841415499
0.05524281415835335 0.05535241213272855 0.05548030742198946 0.05562651308094625  0.0559545193452557
0.05533706788134177 0.05547060048144901 0.05562651308094625 0.05580446145454483 0.05620414688646447
0.05554774164643053 0.05573532841415499  0.0559545193452557 0.05620414688646447 0.05676573638992953

cov.inverse():
 41028318.34802029 -45127788.56718577 -11411061.80684521  10281081.37681479  5229259.378247248
-45127788.56813431  134268463.4135462 -95536110.81894334 -10548486.46457735  16943243.25341058
-11411061.75673116 -95536110.90821207  259504869.2155387 -174478567.7807144  21924212.27629486
 10281081.30625335 -10548486.33784425 -174478567.8357717  248778035.4661955 -74035159.47074412
 5229259.399643988  16943243.21499613  21924212.29219794 -74035159.46962938  29939089.13581511

cov*(cov_.inverse()):
    0.9999999997671694 -1.047737896442413e-09  6.984919309616089e-10  4.656612873077393e-10 -2.328306436538696e-10
                     0     0.9999999987194315  1.396983861923218e-09  1.862645149230957e-09                      0
-1.164153218269348e-10 -4.656612873077393e-10      1.000000000232831 -9.313225746154785e-10                      0
-4.656612873077393e-10  3.492459654808044e-10 -2.095475792884827e-09      1.000000001862645                      0
                     0 -1.164153218269348e-10  9.313225746154785e-10  9.313225746154785e-10                      1
