5
2

7.376969659363212e-05
8.180339488488514e-05
0.0001414611731369583
  0.01477433769601464
   0.5076734420676784

0.08072861086710265 -0.2957893262337496 -0.2750810641497305  0.8409737864657819 -0.3508348108402443
-0.1532170174250231  0.7315232096296574 -0.6610426802902809 0.06371080243290757 0.01902229829703509
 0.6833129756570985 -0.3170683103013069 -0.5183842962651924 -0.1998362290054811   0.351986174250959
-0.5513532932395159 -0.2780293042482441 -0.1373053944896744  0.2200189168393567  0.7425955540467836
  0.446206634073756  0.4467100411242406  0.4469652481016503  0.4476172270371929  0.4485651166957959

0.3825619745992059
0.3825847530764142
0.3826854085902215
0.3826335135354197
0.3825544997285364

0.0005537985923554688
    0.382815850325593

-0.01308419173661365   0.4089128136718684    1.201494007968088    4.679186094462103   -6.276604455906835
   1.001941846357809   0.1841048715147427  0.09616622233845715   0.4459497536276953  -0.7281696726314134

 3.093545353038847e-08 -2.103804290996321e-09 -7.815956100222424e-08 -0.0008519327175275681  -0.001837175746716118
 3.431024495558685e-09 -4.540194229738811e-10  4.622449985897911e-09 -0.0002312541100841126     0.1147632632807293

cov:
0.05138096341646996 0.05140594688218657 0.05141835872714896 0.05145033765565275 0.05149646172243737
0.05140594688218657 0.05144732860329151 0.05146816509519595 0.05152154272735616 0.05159895858708036
0.05141835872714896 0.05146816509519595  0.0514933548311845 0.05155774349670269 0.05165127193948658
0.05145033765565275 0.05152154272735616 0.05155774349670269 0.05165012431200763 0.05178456757337607
0.05149646172243737 0.05159895858708036 0.05165127193948658 0.05178456757337607 0.05197886581727366

cov.inverse():
 28039743.86186964  -31963054.3450035 -6645897.967402715  4192399.701923372  6377211.070313603
-31963054.34648333  101068797.2894601 -49097532.79351236 -35579100.35986356  15570517.95641308
-6645897.948273307 -49097532.82551549   92633935.1314542 -43626680.10826419  6736391.349821957
 4192399.672605716 -35579100.30964585 -43626680.12340058  132562164.9504413 -57549352.96234977
 6377211.081981836  15570517.93671839  6736391.352084462 -57549352.95658567  28865575.17561571

cov*(cov_.inverse()):
     1.000000000407454  3.492459654808044e-10 -6.402842700481415e-10 -4.656612873077393e-10  2.328306436538696e-10
 3.492459654808044e-10                      1 -5.820766091346741e-10 -1.396983861923218e-09  4.656612873077393e-10
 4.074536263942719e-10 -1.164153218269348e-10     0.9999999997089617 -4.656612873077393e-10                      0
 2.328306436538696e-10  3.492459654808044e-10  5.820766091346741e-11     0.9999999995343387                      0
 4.074536263942719e-10 -2.328306436538696e-10 -1.746229827404022e-10                      0                      1
