5
2

7.023107779158941e-05
8.299174335036084e-05
0.0001423609357820741
  0.01713058902106706
   0.5181914747919075

   0.03210186442925993    -0.5835772020773701     0.7917444435909774   -0.08348534630254813    -0.1567738897625212
  -0.02723677699144681     0.2456037872709167     0.1810345619316941    -0.8425093855380735     0.4431042318955647
    0.4647398650273837     -0.614742499661989    -0.3691311901610863 -0.0003401942947287316     0.5194714291294185
   -0.7644249377591363    -0.1470016596608973    0.06275024095889963     0.2870788425032642     0.5547009753330786
    0.4448584051870365     0.4467645913229943     0.4474056270755581     0.4481001614458865     0.4489285571755726

0.3996441668641059
0.3997825709514221
0.3997615022620329
0.3997469279014988
 0.399727011687948

0.0002460391323680099
    0.399859692219012

   1.319150904186333    1.536255172756185   0.4394241325877498    1.209450209654537   -4.504216897067225
   1.211662203805202    0.186188362614216 -0.01553168574518538   0.1254034809525911  -0.5077034685623032

 4.878520589730561e-10 -1.786567809160798e-08 -5.743094307954841e-08 -0.0009854100580935011  -0.002775487085150798
-6.377844981517395e-11 -2.208891306759831e-09  3.862880641959202e-09 -0.0003522049406948152     0.1190956621647503

cov:
0.05331180022360806 0.05340098828260225 0.05343051261217074 0.05346315864166772 0.05350208426143518
0.05340098828260225 0.05360304724375792 0.05367089438496921 0.05374453405910792 0.05383236467622163
0.05343051261217074 0.05367089438496921 0.05375177334679392 0.05383933706539638 0.05394378478826842
0.05346315864166772 0.05374453405910792 0.05383933706539638 0.05394181179880971 0.05406402693758565
0.05350208426143518 0.05383236467622163 0.05394378478826842 0.05406402693758565 0.05420746110092101

cov.inverse():
 10975707.96417527 -18865805.75070215 -4027746.437493108  2779759.227683693  9138125.673741985
-18865805.75306847  96450714.54079492 -76023028.12065065 -20155032.90471289  18591942.50996509
-4027746.436354259 -76023028.12927482  138571588.6619813  -35539253.3078635 -22980021.19645296
 2779759.231793168 -20155032.90052169 -35539253.32486173   104470879.013244 -51556083.95962064
 9138125.670860019  18591942.51203167 -22980021.18694019 -51556083.96831797  46805417.17482576

cov*(cov_.inverse()):
                     1 -1.164153218269348e-10 -4.656612873077393e-10  4.656612873077393e-10  4.656612873077393e-10
 1.746229827404022e-10      1.000000000116415 -4.656612873077393e-10  9.313225746154785e-10  4.656612873077393e-10
 1.746229827404022e-10  4.656612873077393e-10     0.9999999995343387  4.656612873077393e-10  9.313225746154785e-10
 1.164153218269348e-10 -3.492459654808044e-10 -6.984919309616089e-10                      1  4.656612873077393e-10
                     0                      0 -2.328306436538696e-10                      0                      1
