5
2

7.916695818338831e-05
0.0001003318922768567
0.0001338641142506248
  0.02205308375019375
   0.5305433478797343

-0.3086674645827235   0.652945484775822 -0.6555170238148003  0.1667945017755313  0.1444424310421889
  0.263589118832018 -0.4113896862633643 -0.3898238903973145   0.750890060089352  -0.213262173401666
 0.5401008660902669 -0.2231167899642188 -0.4588402213391455 -0.3969973405613536  0.5388587155769708
-0.5881762965960342  -0.395297680045635 0.08625223425874563  0.2231846963401569  0.6637300141458415
 0.4445051982964328  0.4453979817349845  0.4476169895472101  0.4482470465527084   0.450277006385312

0.4061076503747029
0.4061581350130365
0.4061804542038776
0.4062254109828194
0.4061955604829146

0.0001805473080592359
   0.4063124235671003

  0.4357639128765208    2.011417077755767   -1.073248947522224    1.309744024368854   -2.683694592073846
  0.8113605568503722   0.5342461361270323  0.03861197116902976 -0.02235354961667169  -0.3618084100029617

 1.073726725171597e-08  1.269956771113703e-08 -3.023165339919979e-08  -0.001280489620006417  -0.003417433440818967
 1.071303999577296e-10  3.966758699402258e-10  2.064539027123475e-09 -0.0004523974291059955      0.124681475709309

cov:
0.05578370343255924 0.05584022189922667 0.05598011056572637 0.05601977394306289 0.05614774508417415
0.05584022189922667 0.05591507838305056  0.0561006913232478   0.056153354245008  0.0563231541707999
0.05598011056572637  0.0561006913232478 0.05640047917295959 0.05648559794105649 0.05675983586426415
0.05601977394306289   0.056153354245008 0.05648559794105649 0.05657996494232031  0.0568838910698334
0.05614774508417415  0.0563231541707999 0.05675983586426415  0.0568838910698334 0.05728339080493707

cov.inverse():
 38383264.46799288 -49653795.29082866  8246850.315037563 -518510.9484803653  3542556.850511655
-49653795.29857442  87615301.23602456 -46648519.83909781 -8367143.272544858  17053748.10709404
 8246850.312223174 -46648519.81648391  95406198.45303534 -36358072.71943241 -20646504.60704048
-518510.9261726183 -8367143.324196542 -36358072.67306934  69245405.76171888 -24001595.21159368
 3542556.838764013  17053748.12838617   -20646504.633604 -24001595.19457472   24051821.2698332

cov*(cov_.inverse()):
     1.000000000058208  1.164153218269348e-09 -2.328306436538696e-10                      0                      0
-2.037268131971359e-10      1.000000001047738 -2.328306436538696e-10  6.984919309616089e-10                      0
 1.164153218269348e-10  9.313225746154785e-10      1.000000000465661 -2.328306436538696e-10                      0
 3.783497959375381e-10  2.328306436538696e-10  4.656612873077393e-10      1.000000000698492                      0
 -2.91038304567337e-11  2.328306436538696e-10                      0                      0                      1
