6
2

6.657405291164161e-05
7.860973478225806e-05
8.768613168877238e-05
0.0001402622615078158
  0.02249078221617122
   0.5821569453710037

  0.1128436217714149  -0.5600874616577217    0.748660929457154  -0.3184392856434795 -0.06740724186794016  0.08442659608380464
-0.05382557824509164   0.1681900816288582 -0.02229865639604321  -0.5910646515774994   0.7467209637610008  -0.2477257625411666
 -0.2268323751119243   0.5109405967716371   0.1019208835244883   -0.524540260347502  -0.3736733864027521   0.5121763653685997
  0.6652145463388157  -0.2928608191973259  -0.4848394073711396  -0.2854937823401312 0.004118904086020733   0.3938644841218527
  -0.570529865579784  -0.3817047632051071    -0.16551477826472   0.1594600139400787   0.3611420589131767   0.5878357947949486
  0.4060806294000395   0.4068019820892417   0.4076239975330848    0.408854886834401   0.4096238692153824   0.4104866790897466

0.4037374097302938
0.4037890069849109
0.4038048248338814
0.4038563581096927
 0.403839707882259
0.4038201176298319

0.0002180583175520974
   0.4039490726648898

  0.2414567897937469    1.035836352188849   0.8604108721104025    1.647170501209664  -0.3343429544995892   -3.450526653157675
  0.9136931050920659   0.4943406540882221 -0.09308137910556738  0.06965443796763508  -0.0313430931171709  -0.3533060330488521

-3.111598746789834e-09 -1.399197061378014e-09 -1.494849194524125e-08 -4.703089104992439e-08  -0.001295941523398891  -0.003301306245766516
-1.300168225862244e-09  3.645090477582066e-10 -1.306666634383757e-09  6.865830863796793e-09 -0.0004565027815732809     0.1371900740927332

cov:
0.05605087783088781 0.05609564482341135 0.05614638118121579 0.05622199795032602 0.05626962691030256 0.05632295126094543
0.05609564482341135 0.05615864823738584 0.05623023194456329 0.05633718449406639 0.05640426147119131 0.05647944513182398
0.05614638118121579 0.05623023194456329 0.05632569626619862 0.05646852553513606 0.05655787030059303 0.05665808256046729
0.05622199795032602 0.05633718449406639 0.05646852553513606 0.05666529968704533 0.05678811300269105 0.05692594998690206
0.05626962691030256 0.05640426147119131 0.05655787030059303 0.05678811300269105 0.05693171506665647 0.05709289892448489
0.05632295126094543 0.05647944513182398 0.05665808256046729 0.05692594998690206 0.05709289892448489 0.05728034521417356

cov.inverse():
 32527132.29140861   -40700578.058097 -144848.1327757828  2861953.492193175  2942337.491117616  2514349.331205728
-40700578.07109539  113669162.2755344 -81225276.29657468 -6452973.539732073  3949183.577278329  10760151.31107406
-144848.1035394275  -81225276.3502432  139842155.8050188 -51574568.68341101  -19135727.8878713   12237599.0503866
 2861953.458927189 -6452973.443431051 -51574568.74417515  119341910.0875784  -41147675.7527224 -23027595.92391053
 2942337.512414342  3949183.507235946 -19135727.85319407  -41147675.7127697  109419301.9377268 -56027417.10394457
 2514349.326936706  10760151.32548645  12237599.05204061 -23027595.96159199 -56027417.07806081  53542529.75211773

cov*(cov_.inverse()):
    0.9999999997962732 -9.313225746154785e-10 -1.047737896442413e-09  4.656612873077393e-10                      0  4.656612873077393e-10
 -2.91038304567337e-10     0.9999999997671694 -1.396983861923218e-09 -6.984919309616089e-10                      0  9.313225746154785e-10
-1.455191522836685e-10  3.492459654808044e-10     0.9999999991850927  2.328306436538696e-10                      0  9.313225746154785e-10
 -2.91038304567337e-11  4.656612873077393e-10 -1.047737896442413e-09     0.9999999997671694                      0  9.313225746154785e-10
-1.164153218269348e-10 -1.164153218269348e-10 -1.396983861923218e-09                      0                      1  9.313225746154785e-10
-2.619344741106033e-10  5.820766091346741e-10 -1.164153218269348e-10                      0                      0                      1
