7
2

6.465324940073573e-05
7.115997661995018e-05
8.050455954913148e-05
0.0001007088953446161
0.0001623892149481049
   0.0191989667543472
   0.6145011715359968

0.006913175522151726 -0.06344513434224426  -0.0981387101953714   0.6893157954805894  -0.7005443770797366  0.02542606449106584   0.1404654462175878
-0.04413561393504346   0.1533167762233777  0.04010906007040332  -0.2774560214348298  -0.3338416673977834   0.8131468923205633   -0.351137160949036
 0.04072333366613334  0.01973493677096371  -0.7048571611560204   0.3970319829354193   0.4223657653304975   0.1861733234020095  -0.3611658665896349
 -0.2743050231919675   0.8202179677537231  -0.3410068974045831  -0.1612981712331882   -0.142470903698223  -0.1561362458209385   0.2549900975435934
  0.6692491233369834   -0.173145257446882  -0.4518891863962722  -0.3476869446400382  -0.1732491054063184    0.074980996421077   0.4017447947801377
 -0.5757304068523639  -0.3566127275425741  -0.1700515634440808 -0.02255696065343092   0.1609759136104729   0.3604554972520208   0.5967362065558219
  0.3764873563240052   0.3770540824333596   0.3775306135128288   0.3779092044481986   0.3783755032245221   0.3788882392273494   0.3794976142708197

0.3987405047863832
0.3987970069915914
0.3989056459198073
0.3988985176544944
0.3988857802870328
 0.398877271280224
0.3988681712045112

0.0001265054422913219
   0.3989413331607705

  0.6455469304978071  -0.3540020472794411    1.217011773246123    1.145994787857808    1.462007539820814    1.274444345773051   -5.390989970693346
   1.004585481875974   0.2397423368928703   0.1278518064427855  0.04468660210944611 -0.02127266792956128    0.163396899573769  -0.5590097876502826

-4.395758103162056e-09  1.057963783291454e-08  1.567290406143973e-08 -2.889760606300778e-08 -7.327268507130614e-08   -0.00110598332368039   -0.00290930909742244
-2.068043122918453e-10  1.627509391142507e-09  1.274139894565722e-09 -2.989452605227706e-09   9.19936356567362e-09 -0.0003555973681615511     0.1417864811356638

cov:
0.05364590248181975 0.05367995378744814 0.05370810749374573 0.05373063150557844  0.0537579780336903 0.05378854335206998 0.05382503835050374
0.05367995378744814  0.0537318549023623 0.05377517184150656 0.05380968852800895  0.0538519548998274 0.05389873658160528 0.05395444181744886
0.05370810749374573 0.05377517184150656 0.05383142288663233 0.05387614239746389 0.05393111220220173 0.05399170234419907 0.05406376140913908
0.05373063150557844 0.05380968852800895 0.05387614239746389 0.05392894639120951 0.05399395711930115 0.05406546509629171 0.05415045703611949
 0.0537579780336903  0.0538519548998274 0.05393111220220173 0.05399395711930115 0.05407147490390094 0.05415656456778722 0.05425764941755685
0.05378854335206998 0.05389873658160528 0.05399170234419907 0.05406546509629171 0.05415656456778722 0.05425643174078939 0.05437500438599336
0.05382503835050374 0.05395444181744886 0.05406376140913908 0.05415045703611949 0.05425764941755685 0.05437500438599336 0.05451430907414081

cov.inverse():
 25056506.08347527  -27894282.2285704 -7186309.638894891  1591621.136568706  3861203.702288194  249667.1186771182   4321974.55941369
-27894282.23398041  73134273.71674086 -24052752.60814677 -28415621.26224737  -8573182.43771524  11681347.90705053  4119660.299849813
-7186309.641221943 -24052752.61738151  98489694.56522973  -50180381.9327902  -24373544.8916123  -10439342.7598668  17742388.74029982
 1591621.167510118 -28415621.27867037 -50180381.94717956  160347150.4556428 -66807556.69900962 -27461915.94824389  10925781.32371068
 3861203.668370349 -8573182.420208927 -24373544.89241393 -66807556.63873609  170080739.6070512 -44036512.08278543 -30149488.35970277
 249667.1295117681   11681347.9209342 -10439342.76948158 -27461916.01882851 -44036512.02507784  138696817.5440013 -68689413.91997996
 4321974.559292173  4119660.288707979  17742388.75354362  10925781.33415076 -30149488.37434918 -68689413.91775417  61728156.65566762

cov*(cov_.inverse()):
     1.000000000145519  5.820766091346741e-11 -2.328306436538696e-10  3.492459654808044e-10  6.984919309616089e-10                      0 -9.313225746154785e-10
 2.037268131971359e-10     0.9999999999417923 -2.328306436538696e-10  1.047737896442413e-09 -2.328306436538696e-10 -4.656612873077393e-10  4.656612873077393e-10
 3.492459654808044e-10  -4.94765117764473e-10     0.9999999995343387  1.396983861923218e-09 -4.656612873077393e-10  4.656612873077393e-10                      0
 2.037268131971359e-10  -4.94765117764473e-10  1.164153218269348e-10      1.000000001629815 -6.984919309616089e-10 -4.656612873077393e-10 -4.656612873077393e-10
 3.201421350240707e-10                      0 -1.164153218269348e-10  2.328306436538696e-10     0.9999999990686774                      0                      0
 1.455191522836685e-10 -3.783497959375381e-10 -2.328306436538696e-10 -2.328306436538696e-10  1.629814505577087e-09                      1                      0
 1.455191522836685e-10 -8.731149137020111e-11 -3.492459654808044e-10 -2.328306436538696e-10  4.656612873077393e-10                      0                      1
