5
2

0.0002005220103762937
0.0002271073056220615
0.0002423228081996991
  0.01690283725825908
   0.5228535483350837

  0.5096005576927009  -0.5475394107790049  -0.4001764401950861 -0.08461038634307003   0.5226928012501548
 0.07325656767805336  -0.4237557088611299 -0.03703759735729796   0.8014647966310761  -0.4139407815651154
 0.02703841116165791   -0.539947260599357   0.7987990865769744  -0.2629037617219629 -0.02296761740659894
 -0.7323802399739121  -0.1720609686148337  0.01896541019894513   0.2837635391209535   0.5942497574729144
   0.444779558105954   0.4466359498539687   0.4472665487095639   0.4481686381508383   0.4492048298633644

0.3941473056858181
0.3943151787129252
0.3943356349785711
 0.394372720141325
0.3943983016543913

-0.0003846790848133937
     0.394183532818513

   2.686271204363658   0.1275128749752288 -0.07683991217663669  -0.6489921822712499   -2.088129800872098
   1.689061224266256   0.2995945747569824  -0.4929438776081587    -0.51549494588292  0.01983019528885013

 1.179402850198884e-08  2.526361510085189e-08  9.453063857186807e-09 -0.0009759142912138291  -0.003136578574635146
 3.811629705833693e-08 -2.095717628622085e-08 -2.200772404306464e-08 -0.0004092528734542904      0.120961003192681

cov:
0.05423488604225356 0.05434333974690268 0.05438005073439502 0.05443433774626257 0.05449537078231984
0.05434333974690268 0.05454251167545009 0.05461006268754377 0.05470719855511822 0.05481845946475453
0.05438005073439502 0.05461006268754377 0.05468826195298467 0.05479994044873135 0.05492832372531103
0.05443433774626257 0.05470719855511822 0.05479994044873135 0.05493198100711815 0.05508404964717431
0.05449537078231984 0.05481845946475453 0.05492832372531103 0.05508404964717431 0.05526404874330875

cov.inverse():
 6576935.420141012 -7789436.984663797 -4756581.156788245 -55784.39212711315  6024463.800015246
-7789436.984916739  15902578.77063818 -1591532.625678966 -3015270.412757664 -3505951.754385603
-4756581.156469162 -1591532.626211419  14875731.84534141 -3309828.363995126 -5217193.646638486
-55784.39209430313 -3015270.412851654  -3309828.36394581  13809340.08336255 -7428673.616916355
 6024463.799916299 -3505951.754012114 -5217193.646901162 -7428673.616928219  10127010.70949872

cov*(cov_.inverse()):
    0.9999999998835847                      0 -5.820766091346741e-11                      0                      0
-1.746229827404022e-10                      1 -5.820766091346741e-11  5.820766091346741e-11                      0
-1.164153218269348e-10  -2.91038304567337e-11     0.9999999998835847                      0                      0
-5.820766091346741e-11  8.731149137020111e-11 -5.820766091346741e-11     0.9999999998835847                      0
-1.164153218269348e-10  -2.91038304567337e-11 -5.820766091346741e-11  5.820766091346741e-11                      1
