5
2

8.409550297633349e-05
0.0001443885463855351
0.0001569945965209675
  0.02217530724478345
   0.5188771645946011

  0.4645373217854215  -0.7660744846456827   0.4326548388206323 -0.03771088632837011 -0.09339507556986459
  0.3936028683470872  -0.2092281228240587  -0.7383164513698061   0.5036450735278712  0.05030737715552844
 -0.2615351619527367  0.03159473347384815   0.2490477282645706   0.6493810657936768  -0.6684912806566722
 -0.6024536900446411   -0.412023411183514  0.07359399591041736   0.3493107979661646    0.582968395522841
  0.4448941099984635   0.4456365762005959   0.4475016881465184   0.4485596134031061   0.4494594366242161

0.4029143972529213
0.4029538104081315
 0.402939193798426
0.4029496163887619
0.4029175489063769

0.0003694796830393002
   0.4031487467170395

 0.3615556056266296   3.571336997322288  -2.742695131615374  0.0447722581648307  -1.235105856563687
  0.184392400829158    1.35716817309665 -0.1273555634181415 0.07220866620695243 -0.4863470286856179

-2.574885214614472e-08  2.878024662940505e-08  4.681649220791721e-09  -0.001276336514987657  -0.002701840621874538
-6.834689991109602e-09  -2.19844730091889e-09  8.255524172034618e-09 -0.0004612301572428564     0.1194437436734124

cov:
0.05346808132689661  0.0535005877813211  0.0535801241567409 0.05362516696849005 0.05366373095269387
 0.0535005877813211 0.05355109551805735 0.05367647717982911 0.05374754179166363 0.05380816270550917
 0.0535801241567409 0.05367647717982911 0.05391877779969627  0.0540561991613989  0.0541730667206354
0.05362516696849005 0.05374754179166363  0.0540561991613989 0.05423134180056063 0.05438012089905844
0.05366373095269387 0.05380816270550917  0.0541730667206354 0.05438012089905844 0.05455601231133175

cov.inverse():
 40720737.34949339 -54605522.14047865  11837633.15768907  140448.0266737839  1907721.086820771
-54605522.14070199  85125029.18112391 -39138158.40256185 -137377.2638181451  8754659.049405204
 11837633.15439828 -39138158.39771147  55132371.86633542 -13581553.36316273 -14249984.16152313
  140448.034799402 -137377.2755252561   -13581553.359204  29477547.97593822 -15898947.45697775
  1907721.08220933  8754659.056038529 -14249984.16392216 -15898947.45660072  19486495.30805274

cov*(cov_.inverse()):
    0.9999999994615791  1.746229827404022e-10 -6.984919309616089e-10 -2.328306436538696e-10  1.164153218269348e-10
-3.637978807091713e-10     0.9999999994179234 -4.656612873077393e-10                      0                      0
 -2.91038304567337e-10 -1.164153218269348e-10     0.9999999998835847 -1.164153218269348e-10                      0
-1.455191522836685e-11  2.328306436538696e-10  1.164153218269348e-10     0.9999999998835847                      0
-3.783497959375381e-10 -4.074536263942719e-10                      0                      0                      1
