5
2

 0.000136926828922099
0.0001955517855968334
0.0002268656456278121
  0.01349318891870637
   0.5213632730705533

  -0.6081569782413572    0.7507314940344669    0.1392169501100882  -0.07977622545891996     -0.20199432748147
  -0.1885572641223165   -0.3872413723879701     0.858740481706128 -0.005390475177681921   -0.2775355932385515
 -0.08689783056081536  -0.07286529617397457   -0.2025300900360546    0.8446592552108175   -0.4823605714338581
  -0.6233708659677822   -0.2861039668167274  -0.04784826161082974    0.2818687226869462    0.6691889498982794
   0.4454759011096449    0.4464095789306842    0.4470744148036004     0.448003864253896     0.449095440425612

0.3977126986989609
0.3977487461730366
0.3977207226353272
  0.39769055536043
0.3976422744291696

0.0004583818624747228
   0.3979261971861369

  3.767298365539749  0.1495033084700567 -0.3669901481807979  -1.251490544318019   -2.29839055542088
  2.160389020273596 0.05415253919287144 -0.1886406105341315 -0.4814297059869603 -0.5445293820933671

-3.123317696450642e-08  -1.67785291462731e-08 -1.093011951957742e-08 -0.0007764122175297259  -0.003251202719483101
 -2.15812698597885e-08 -1.669576655233242e-08 -1.530958045521597e-08 -0.0003374202278485246     0.1201472905986837

cov:
0.05401303798032598 0.05408780405498121 0.05414126623957868 0.05421639534911148 0.05430462382086242
0.05408780405498121 0.05418355306581468 0.05425178890423547 0.05434740187639971 0.05445968873086143
0.05414126623957868 0.05425178890423547 0.05433054725959226 0.05444058510842045  0.0545698678102851
0.05421639534911148 0.05434740187639971 0.05444058510842045 0.05457073667993287 0.05472348408302232
0.05430462382086242 0.05445968873086143  0.0545698678102851 0.05472348408302232 0.05490396212584881

cov.inverse():
 20805288.23686257 -22317935.52313475 -8407945.274980186  1187194.185035373  8732658.119325947
-22317935.52511013  34085218.64226714 -2834786.465432952 -4336012.040412526 -4595801.215349644
-8407945.272964681 -2834786.468102369  21114853.83938392 -4037277.700929989 -5834351.012460328
 1187194.186177505 -4336012.042064189 -4037277.700788455  14202633.54080683 -7016545.485687937
 8732658.118143728 -4595801.213004056 -5834351.013255712 -7016545.486055892  8713629.212162685

cov*(cov_.inverse()):
     1.000000000232831   2.91038304567337e-11 -3.492459654808044e-10                      0                      0
-5.820766091346741e-11      1.000000000058208 -3.492459654808044e-10                      0 -1.164153218269348e-10
 1.164153218269348e-10   2.91038304567337e-11     0.9999999998835847                      0 -5.820766091346741e-11
                     0   2.91038304567337e-10 -1.164153218269348e-10     0.9999999998835847 -5.820766091346741e-11
                     0  1.746229827404022e-10 -5.820766091346741e-11  5.820766091346741e-11                      1
