5
2

8.691437875225757e-05
0.0001041271531436863
0.0001533787087592271
   0.0187007327319727
   0.5186448617349574

 -0.1061305202337496   0.5139231732950986  -0.7348695827517073   0.4195621011487333 -0.09248580567417584
 -0.3228090795277288   0.6244382689206048  0.07662807982681201  -0.6519822540150795   0.2737123020862813
  0.6175647644007723  -0.1995723950526669  -0.4949977001415632  -0.3681861396811411   0.4451975564901761
 -0.5518603975459128  -0.3270442053706933  -0.0965141416339742   0.2503753623298844   0.7186719611594397
  0.4456393993358981   0.4462877626869562   0.4469419772717789   0.4479262530974881    0.449263507725531

0.3985011936116542
 0.398552027336509
 0.398654005264584
0.3986260658337444
0.3985996356250612

0.0001999251797930615
   0.3987113331689853

  0.5159247425639868  0.05470033545150128    2.496243730580154   0.7137044836340898   -3.780593101977457
    1.01996516661257   0.2284188998219023   0.1816378192986696 -0.02652986996657741  -0.4035049410725891

-9.155298082152112e-09 -1.562641225204422e-08  -6.76067333014072e-08   -0.00107777410858888  -0.002364700010372939
-7.414526277910629e-10  -2.88246058983571e-09  7.634498736220777e-09 -0.0003328408090883119     0.1195659039684965

cov:
0.05352693923045928 0.05356125678681355 0.05359518731284139 0.05364623151410883 0.05371616310951557
0.05356125678681355 0.05361339129093975 0.05366555488447679 0.05374403942814246 0.05385101419892737
0.05359518731284139 0.05366555488447679   0.053736436113705 0.05384305278714754 0.05398801081332179
0.05364623151410883 0.05374403942814246 0.05384305278714754 0.05399202857139615 0.05419414190544308
0.05371616310951557 0.05385101419892737 0.05398801081332179 0.05419414190544308 0.05447345672388727

cov.inverse():
 27314761.95022992 -31050029.44159308 -4951189.552982321  3850871.966801261  4836145.111044046
-31050029.44270367  72619314.43440831 -41382327.30347937 -5881906.425134136  5694133.206324409
-4951189.558758509 -41382327.29577789  82445675.81996988 -37676092.87642394  1563783.390013068
 3850871.979335741 -5881906.441552239 -37676092.87489904  68270648.08137023 -28562889.41798249
  4836145.10539645  5694133.213930313  1563783.390413609 -28562889.42034148  16468621.12266183

cov*(cov_.inverse()):
     1.000000000145519  5.820766091346741e-11 -5.238689482212067e-10                      0 -1.164153218269348e-10
 5.820766091346741e-11      1.000000000523869 -2.619344741106033e-10  2.328306436538696e-10                      0
 1.455191522836685e-10                      0     0.9999999999126885  2.328306436538696e-10                      0
  2.91038304567337e-10 -1.746229827404022e-10                      0     0.9999999997671694  2.328306436538696e-10
-5.820766091346741e-11   2.91038304567337e-10                      0                      0     0.9999999998835847
