5
2

4.592548006065683e-05
 5.70648484398975e-05
0.0001181620512093414
  0.02154605623403761
   0.5278219023935293

  -0.04993691727954888     0.4879053660458826    -0.7636446948926653     0.4111028909269561   -0.08541575446038641
  -0.07050457181301932     0.4241147743550668     -0.167484580537925    -0.7134579678752311     0.5273351940508001
    0.5718066278867746    -0.5619906894111832    -0.4344970352616903    0.01455229206773648     0.4101270564889317
   -0.6846602977172775    -0.2597178396676192 -0.0001486761358223547     0.3465970417460416     0.5862229857625623
    0.4436359618882613     0.4458566145420652     0.4472225391106004     0.4490332533290973     0.4502889633387875

0.4067160449220018
0.4065661374392822
 0.406435905613465
0.4062870609284412
0.4061454423584779

0.001570534588637706
  0.4071043903884595

 0.5828093108021374   1.112978717521589   1.900302760247906 -0.5126950366519342  -3.083458554402622
  1.128233094691232 -0.2099244080494873   1.904179578367873  -3.163096226712091   1.341114248250579

-1.865808692395924e-09 -3.736914994043158e-09   -3.3369491508762e-08  -0.001241201000201874   -0.00390651670926634
-6.386063796835876e-09  8.064319138404844e-09  6.139814581427192e-09 -0.0004773917652735674     0.1231600779469328

cov:
0.05504888776363464  0.0551882761355724 0.05527459724826914 0.05538818618758887 0.05546722573590866
 0.0551882761355724 0.05541288700053292 0.05555125453009025 0.05573436030087416 0.05586144340312502
0.05527459724826914 0.05555125453009025 0.05572142472192638 0.05594700130970141 0.05610343692017972
0.05538818618758887 0.05573436030087416 0.05594700130970141 0.05622931390484365 0.05642495475455803
0.05546722573590866 0.05586144340312502 0.05610343692017972 0.05642495475455803 0.05664769912244408

cov.inverse():
 26127431.60540286 -43749571.81444194  3912266.145245776  6309202.392462504  7400301.391484424
 -43749571.7878214  190723735.6440691 -180976873.2354387   1592548.54556307  32413131.51783701
 3912266.075320369 -180976873.0990983  298622774.4398189 -112603014.7015416 -8959184.193766221
 6309202.469595124  1592548.353125618 -112603014.5910972  236459717.5891506 -131756962.1189077
 7400301.357657554  32413131.60055323  -8959184.23779661 -131756962.1237656  100902671.0771917

cov*(cov_.inverse()):
     1.000000000116415 -6.984919309616089e-10  4.074536263942719e-10 -1.862645149230957e-09                      0
-1.164153218269348e-10      1.000000000698492  1.746229827404022e-10  9.313225746154785e-10                      0
-1.746229827404022e-10 -1.164153218269348e-09      1.000000001280569                      0 -9.313225746154785e-10
                     0 -9.313225746154785e-10 -1.746229827404022e-10                      1                      0
-2.328306436538696e-10 -2.328306436538696e-10 -5.238689482212067e-10                      0                      1
