5
2

5.768324126763953e-05
 7.67794810379484e-05
0.0001067937406355042
  0.01559245078647361
   0.5781864684717826

 -0.5947997613696214   0.7872467660915752 -0.09014341219622835  -0.1320745298068653  0.02977006830551401
  0.2579483267547407   0.1879224112696985   -0.806980676426224   0.4819927891668567   -0.120884106204413
  0.3415546327481372   0.0869645156177675  -0.3469464428176215  -0.6540078122872749   0.5724330119368237
  -0.514390778401319  -0.3721677199670381  -0.1439682818818515    0.348474216367943   0.6743383198728646
  0.4454418756056076   0.4459327952268626   0.4467187624674853   0.4484180769788506   0.4495431604375979

  0.42186914741558
0.4219436855273258
0.4219267282284826
0.4218995004842819
0.4218782644366255

0.0002272539473069372
    0.422019300511769

  4.058029507259424 -0.6686337292556058 0.07070657560560882  -1.514385761943522  -1.945790648748643
  2.296917403872472   -1.06845029047647 -0.1698529822414685   2.301288397547042  -2.359965171435981

-9.331181469830717e-09  2.177315435321555e-09  1.345716164898593e-08 -0.0008967876900895532  -0.004265097130975601
-8.538750768732743e-09  1.133775891916946e-08 -2.401242065775219e-08 -0.0003765736892383439     0.1477078592135874

cov:
0.06639554493742383 0.06645085789447791 0.06653935677233842 0.06673081894891399 0.06685760693983449
0.06645085789447791 0.06651117631852754 0.06660769248098579 0.06681646133978369 0.06695469910560183
0.06653935677233842 0.06660769248098579 0.06671708640452982 0.06695361698055978 0.06711022658146998
0.06673081894891399 0.06681646133978369 0.06695361698055978 0.06725008138166533 0.06744633525140205
0.06685760693983449 0.06695469910560183 0.06711022658146998 0.06744633525140205 0.06766884843060154

cov.inverse():
 127843577.1632316 -129900568.6545197 -29586619.90703048   25113014.7427092  6530653.626120013
-129900568.6242458  192915469.4773087 -49697848.51261269 -20871204.38742966  7553905.246430508
-29586619.93637177  -49697848.4682774  123464465.0347334 -42506799.77357533 -1672930.175407505
 25113014.71917119 -20871204.38832172 -42506799.73824474  82155294.07232995 -43890260.75146026
 6530653.648725411  7553905.233261175 -1672930.195744036 -43890260.74055982  31478526.49189473

cov*(cov_.inverse()):
     1.000000002037268 -2.153683453798294e-09 -6.548361852765083e-10  4.656612873077393e-10                      0
 -2.91038304567337e-10     0.9999999988940544 -1.542503014206886e-09 -4.656612873077393e-10  4.656612873077393e-10
 1.164153218269348e-10 -2.328306436538696e-10      1.000000000101863 -4.656612873077393e-10                      0
 1.455191522836685e-09 -8.149072527885437e-10 -1.207808963954449e-09     0.9999999995343387                      0
                     0 -9.895302355289459e-10 -1.600710675120354e-10                      0                      1
