5
2

8.147137754702592e-05
0.0001065087621004563
0.0001580698163923716
   0.0115993716632779
    0.516692914243314

 0.01346081744190833 -0.05692094150268254  -0.5366487506264677    0.809824489493801  -0.2297198891680905
-0.02146109726674401   0.6956375848423201  -0.6138659411080737  -0.2918576573697083   0.2315501803951271
  0.6562621372805655  -0.5044309153029589  -0.3636938525471138   -0.177054252918552   0.3889061994896134
 -0.6078102205538262  -0.2422869351829565 -0.05452444076351473   0.1656710231320816   0.7358287669585597
   0.446368648832057   0.4468722968583539   0.4471359880141772   0.4474464299428402   0.4482424346203459

0.3990607012205275
0.3992375362091521
0.3992334874625152
0.3992290684520647
0.3992122871107553

9.106419236903073e-05
   0.3992566140231771

-0.7124551791416953   2.431121866660476   3.032933451972371   2.024720731589559  -6.776434018983498
 0.9117976468405065  0.4442660209913925  0.3676999150638292 0.06546174833927967 -0.7892620451664961

 9.430403709622324e-09 -2.626570772197922e-08 -1.446901218799349e-07 -0.0006689891820871059  -0.001872583232519358
 1.591793722528125e-10 -1.566597200468891e-09 -1.948728946107091e-09 -0.0001684246354202114     0.1189224342288656

cov:
0.05324245848159656 0.05327256607072191 0.05328863727604777 0.05330762787778803 0.05335586860714107
0.05327256607072191 0.05332075715496507 0.05334608336886969 0.05337594138976263 0.05345231754387846
0.05328863727604777 0.05334608336886969 0.05337619298729378 0.05341162715448535 0.05350246052882619
0.05330762787778803 0.05337594138976263 0.05341162715448535 0.05345362470643267 0.05356141097318419
0.05335586860714107 0.05345231754387846 0.05350246052882619 0.05356141097318419 0.05371312268971213

cov.inverse():
 17307451.55915674 -14679304.49012375 -9479196.330567136 -2456656.528915085   9307428.54011433
-14679304.49368131  53329763.38975415 -25698559.28197622 -21267662.58089969  8316212.905860349
-9479196.327984991 -25698559.26789548  81900174.90336305  -47103856.2632404  381776.9629504847
-2456656.526391879 -21267662.60880489  -47103856.2329987  107567004.4365445 -36739353.92476427
 9307428.538566513  8316212.916127327  381776.9493715202 -36739353.91990444  18733966.48547457

cov*(cov_.inverse()):
                     1  2.328306436538696e-10  8.731149137020111e-11  4.656612873077393e-10                      0
                     0      0.999999999825377  5.493347998708487e-10                      0 -1.164153218269348e-10
 5.820766091346741e-11                      0     0.9999999997489795  4.656612873077393e-10  2.328306436538696e-10
 5.820766091346741e-11 -1.746229827404022e-10   6.83940015733242e-10                      1                      0
 5.820766091346741e-11  5.820766091346741e-11  6.548361852765083e-11  2.328306436538696e-10                      1
