5
2

9.816712281232328e-05
0.0001291653101593349
0.0001549501651930773
  0.02103338019739115
   0.5175289960080338

  0.4313804848707868  -0.7929225824432367   0.2971753865661981   0.2499041577979439  -0.1855245457041315
 0.05703172024201789 -0.05636138424345807   0.5679009141340297  -0.7889741905952357   0.2204065687603797
  0.5205378624611425  -0.1487263948798139  -0.6205002772573669  -0.2570904691129808   0.5057713809867423
 -0.5844258275376844  -0.3836552144731402  0.06289814766537044    0.219704960422567   0.6775165547058203
  0.4451348627215782   0.4458545822253392   0.4474355487539634    0.447997611095058   0.4496311996101587

0.3978677112107371
 0.397912879104905
0.3979734926129387
0.3979578396125198
0.3979110246841576

0.0002939331613922539
   0.3980907520726366

 0.09183331985956469    1.634999661535909   0.9841410405193528   0.6167177190812902   -3.327697702936101
   1.010865072399969   0.3170617351389078   0.0297800591200757 -0.02862778113753081  -0.3290739787454846

-1.858556242854022e-09 -1.248005185122006e-08 -6.356844307725626e-08  -0.001211352552258467  -0.002613721799059368
 2.384227620160377e-09  1.126143625281703e-10   7.23847922130304e-09 -0.0004157649611348496     0.1188850879739726

cov:
0.05322154109515839  0.0532554252361841 0.05332845527529823 0.05335492655109843 0.05343132897378754
 0.0532554252361841 0.05330730628352219 0.05342029817572178 0.05346080290601778 0.05357817473014966
0.05332845527529823 0.05342029817572178 0.05362220236644055 0.05369390456997129 0.05390240911323897
0.05335492655109843 0.05346080290601778 0.05369390456997129 0.05377660326919927  0.0540170969608102
0.05343132897378754 0.05357817473014966 0.05390240911323897  0.0540170969608102 0.05435106210730613

cov.inverse():
 30791517.53756321 -38910958.01104039  1791257.871016258  2915529.984368336  3413085.530260736
-38910958.01594643  66354344.32934082 -22526725.34555195 -16304632.51660364  11386957.32842734
 1791257.876742174 -22526725.35202324  44531286.55368256 -12505442.44914902 -11289648.57229135
 2915529.988053499 -16304632.52143987 -12505442.44836544   46544323.5033945 -20649531.19459819
 3413085.525755839  11386957.33482872 -11289648.57382035 -20649531.19496574  17138761.66417611

cov*(cov_.inverse()):
     1.000000000145519                      0 -5.820766091346741e-10  4.656612873077393e-10                      0
 2.619344741106033e-10     0.9999999997671694 -3.492459654808044e-10  2.328306436538696e-10 -2.328306436538696e-10
 5.820766091346741e-11  2.328306436538696e-10      0.999999999650754  2.328306436538696e-10                      0
 8.731149137020111e-11 -1.164153218269348e-10  1.164153218269348e-10     0.9999999997671694 -2.328306436538696e-10
 1.455191522836685e-10 -3.492459654808044e-10                      0                      0     0.9999999998835847
