5
2

0.0001009243504331069
0.0001182577198371363
0.0001537078861833854
  0.02252910059752119
    0.523043521344154

   0.4951648213677194   -0.7949138941235472    0.3249344315800896   0.07967605550967378   -0.1048477084220553
  0.02543405351616819  -0.01087091870778671    0.2957860801232918   -0.8122828899555254     0.501938276622717
   0.4563070053226099  -0.09039505429354265   -0.7787413243140249 -0.008019808341862798    0.4208447261551198
  -0.5898284560215875   -0.4014267096011979   0.02056642877316081    0.3641041969311875    0.5983010488629948
   0.4450294574096342    0.4457342874783249    0.4472887007204399    0.4485666609492666    0.4494335277841687

0.3938643363519125
0.3939716791032168
0.3941716290198333
0.3942494837148686
0.3942996094252064

-0.0005448826906249547
    0.3939759997671636

 0.2620651216431522   1.704076904757168   1.072430498188229 -0.2918216794532395  -2.746831457832875
  1.521960909635506 -0.7471112233006002   1.040759516132653 -0.5883800763238685 -0.2271467252528581

-6.229707278366923e-09 -1.169622749963542e-08  -4.78016089144631e-08   -0.00130253443565473  -0.002610278689112122
 1.693504230807546e-08  1.004941530551608e-08  -3.29207848247063e-09 -0.0004702620591193738     0.1214149132014774

cov:
0.05435835438880432 0.05438775163587686 0.05445066421405561 0.05450341479543704 0.05453884654212858
0.05438775163587686 0.05443532478894064 0.05453888431857561 0.05462472603986764 0.05468271629200189
0.05445066421405561 0.05453888431857561 0.05473351558452264 0.05489346199415327  0.0550019793562737
0.05450341479543704 0.05462472603986764 0.05489346199415327 0.05511378837938676 0.05526343272325487
0.05453884654212858 0.05468271629200189  0.0550019793562737 0.05526343272325487 0.05544115024889859

cov.inverse():
 32931654.71367747 -40408796.47822177  1293798.611113316  2240742.561694791  3943202.466449244
-40408796.47382638  62391263.30334471 -22608944.35377455 -5556263.828661254  6181695.381218568
 1293798.604860171 -22608944.34716324  42289844.00928977 -14374014.08103761 -6599999.451220284
 2240742.558355609 -5556263.822669155 -14374014.08453901  47805983.38915598 -30116608.86592576
 3943202.471646088  6181695.373010575 -6599999.447360616 -30116608.86677413  26591649.08964748

cov*(cov_.inverse()):
    0.9999999995925464 -1.746229827404022e-10  1.746229827404022e-10                      0                      0
-2.619344741106033e-10     0.9999999993597157  1.746229827404022e-10 -4.656612873077393e-10  2.328306436538696e-10
-5.238689482212067e-10   2.91038304567337e-10      1.000000000116415 -2.328306436538696e-10                      0
 -2.91038304567337e-10 -1.746229827404022e-10  2.328306436538696e-10     0.9999999997671694                      0
-1.164153218269348e-10 -1.746229827404022e-10  5.820766091346741e-11 -2.328306436538696e-10                      1
