5
2

  7.5523229356398e-05
9.086067364252632e-05
0.0001068103902306146
  0.01436012810289173
     0.51757178722263

 0.05729322630629679     0.51483469258785  -0.8192694994040884   0.2458833373433363 0.001263839573163802
 -0.2888250877296717   0.5042871140009767  0.08637385658804543  -0.7028541661678328   0.4010114129911285
  0.6380334338127055  -0.4159450580844049  -0.3200463902600708   -0.346415961506667   0.4443752194792577
  -0.554421134724401  -0.3291260072601186  -0.1385538306365696    0.353250871910431   0.6635585386583258
  0.4459014438476716   0.4464364747203273   0.4468894587498267   0.4480482213170308   0.4487861177072887

0.3952471859129054
0.3953532243358603
0.3953423924517824
0.3953112817890346
0.3952952597453334

0.0002195301449971304
   0.3954113565486643

 -0.3417682849417172    2.885297925972342      2.0780360466729  -0.3338599385139965   -4.287794341964839
   1.237150512526848   0.6412070483844217 -0.07376030014140336  -0.1790468406468838  -0.6255931144769999

-1.848649445801738e-09  2.050856594303137e-09 -4.418482752237223e-08 -0.0008271630645263858  -0.002552435802798006
 2.376244164056276e-09 -1.365195698986686e-09  3.767869742961113e-09 -0.0002814989923157735     0.1189292128137151

cov:
0.05332557289301561 0.05336371425505702 0.05339603577133121 0.05347822251853335 0.05353088888608721
0.05336371425505702 0.05341241831232346 0.05345365114475677 0.05355885057951207 0.05362603632268455
0.05339603577133121 0.05345365114475677 0.05350243984658661 0.05362710167473889 0.05370657050649442
0.05347822251853335 0.05355885057951207 0.05362710167473889 0.05380201200626526 0.05391317133926896
0.05353088888608721 0.05362603632268455 0.05370657050649442 0.05391317133926896 0.05404435051764756

cov.inverse():
 46364441.09162058 -35732509.47411633  -29149863.7308319  7684543.669271611  10833772.50757151
-35732509.46520599  92439577.27246243 -57004252.14528451 -8109445.371816334  8406682.026752286
-29149863.75432647 -57004252.12418175  127559406.6241841 -32953500.06926471 -8452694.003233807
 7684543.701500813 -8109445.391394111 -32953500.09397222  80957457.40058416 -47578272.53130788
 10833772.48992689  8406682.034137389 -8452693.980918212 -47578272.54336422  36790214.67326622

cov*(cov_.inverse()):
                     1 -1.746229827404022e-10 -8.149072527885437e-10 -4.656612873077393e-10                      0
 1.164153218269348e-10     0.9999999997671694  -2.91038304567337e-10 -4.656612873077393e-10 -2.328306436538696e-10
-1.164153218269348e-10  1.746229827404022e-10      1.000000000582077 -4.656612873077393e-10 -4.656612873077393e-10
-2.328306436538696e-10                      0 -1.746229827404022e-10     0.9999999995343387 -2.328306436538696e-10
-1.164153218269348e-10  1.746229827404022e-10 -1.164153218269348e-10                      0                      1
