5
2

6.452223320942564e-05
7.837278747729904e-05
 8.77384476797107e-05
  0.01236016855817647
   0.5090386852287248

-0.01895299970166039 -0.07762884681298438   0.5881378703619485  -0.7590537259861696   0.2674805272490323
-0.08369650286108844  -0.4083969019924447   0.6497825819586809   0.3636244301185473   -0.521312512659987
  0.6831070553411485  -0.6817733822405555  -0.1769310646320308 -0.01666986880343091   0.1922688743756272
 -0.5717782978919083  -0.4037661171951179  0.02301776477687941   0.3014139166402818   0.6470412150900841
  0.4461726215425029   0.4464792385530505   0.4472605756179215   0.4477571676892695   0.4483946672383465

0.3825123752688154
0.3826136747885462
0.3825624460283462
 0.382525123941625
0.3824832817441565

0.0005403408413681098
   0.3827412814262259

 0.8135449656661209   1.225322676824643    3.55212857420943  0.4761362787797673  -6.067309954373793
  1.383685459278748   0.399092427467301  0.2735564665493041 -0.3599972110620984 -0.6963818537310619

-2.372332740927715e-11  3.117645180209448e-08 -1.603214330784865e-08  -0.000711992145625289   -0.00221970289299406
 7.937879875973619e-10  8.051519918790748e-10  3.824558015743395e-09 -0.0002299398862725734     0.1151673066836228

cov:
0.05163304681281008 0.05165381222011119 0.05170686581292176 0.05173996045818909 0.05178347331072812
0.05165381222011119 0.05167892950300572  0.0517429922224601 0.05178327136997532 0.05183570570211467
0.05170686581292176  0.0517429922224601 0.05183505071534249 0.05189357724563357 0.05196867392884583
0.05173996045818909 0.05178327136997532 0.05189357724563357 0.05196401657418394 0.05205389143681631
0.05178347331072812 0.05183570570211467 0.05196867392884583 0.05205389143681631 0.05216213122428064

cov.inverse():
 61846344.72825263 -54579253.16920765 -27232228.64501321 -2979551.826253817  22944914.50273108
-54579253.16358859  88983612.27368718  -38500720.2159233 -8547650.085217206  12644130.33764319
-27232228.69510208 -38500720.16727851  155894174.1698332 -68383710.97298086 -21779858.74819424
 -2979551.75290527 -8547650.153229218 -68383711.00172023  159960162.3381304 -80046060.83016472
 22944914.47385373  12644130.36262824 -21779858.72089947 -80046060.85356778  66235705.29036982

cov*(cov_.inverse()):
                     1  1.164153218269348e-10  9.313225746154785e-10 -4.656612873077393e-10  4.656612873077393e-10
 2.328306436538696e-10     0.9999999994179234                      0  4.656612873077393e-10                      0
 2.328306436538696e-10  1.164153218269348e-10     0.9999999990686774  4.656612873077393e-10 -4.656612873077393e-10
 4.656612873077393e-10 -2.328306436538696e-10 -9.313225746154785e-10                      1  4.656612873077393e-10
 2.328306436538696e-10 -3.492459654808044e-10 -4.656612873077393e-10  4.656612873077393e-10                      1
