5
2

7.210072775107105e-05
9.119938177762884e-05
0.0001048496548539583
  0.01767627665206676
   0.5185808839891572

 -0.2009836746563874   0.7572069757550187  -0.6190135669751877 0.007992477885632454  0.05478578818868468
  0.3112084823182165  -0.2855148444750528  -0.4660484007670448   0.7238993226974408   -0.283547549554294
  -0.532621359673866    0.252583513895622   0.4381098722180374   0.3942976222091584  -0.5523632687938258
 -0.6172131472151826  -0.2866923920018328 -0.08919764057905409   0.3455046611796075   0.6399419608771496
  0.4451036521740739   0.4462375043950606   0.4469055972164133   0.4483991582494354   0.4494089569094146

0.3977806829668523
0.3978658300933237
0.3978382823405001
0.3977955925228871
0.3977636527681786

0.0003340016707903854
   0.3979673591435354

 0.7332027929472023    1.66544212359116   1.383982430154291 -0.7505324005684396  -3.032110668699333
  1.557243787426327  0.1042855854880827 -0.1063075426539937 -0.1999153102681469 -0.3553135062336694

 4.413721909069004e-10 -4.789904383334114e-09  2.215590849415454e-08  -0.001016448317489857  -0.002999149528343183
-9.839382272602711e-10  3.829518447152188e-09  -8.04961162021055e-09 -0.0003993178576252762     0.1190908916088819

cov:
0.05339794187299189 0.05346991634230357 0.05351180033105953 0.05360675049416559 0.05367084442952636
0.05346991634230357 0.05357638442209828 0.05363886334100332 0.05377915810495205 0.05387396398194344
0.05351180033105953 0.05363886334100332 0.05371365967448159  0.0538810407631146  0.0539941962710533
0.05360675049416559 0.05377915810495205  0.0538810407631146 0.05410807819193095 0.05426162130665054
0.05367084442952636 0.05387396398194344  0.0539941962710533 0.05426162130665054 0.05444254434304573

cov.inverse():
 45221009.82859591 -52194866.18873015 -14731729.27817466  7673058.779276327  14032588.65229654
-52194866.21511994  125898148.6550844 -64100086.59905864 -14626644.99375615  5021961.232204741
-14731729.23976396 -64100086.66560081  117282917.1698685 -25800857.88524842 -12648386.82316582
 7673058.767205073 -14626644.94164193  -25800857.9306657  77159426.54564968 -44405037.02005664
 14032588.65234748  5021961.220242132 -12648386.80588043 -44405037.02543008  37998516.92186984

cov*(cov_.inverse()):
     1.000000000232831  -2.91038304567337e-10  1.164153218269348e-10  4.656612873077393e-10                      0
 1.164153218269348e-10     0.9999999993597157  2.328306436538696e-10  4.656612873077393e-10                      0
 8.149072527885437e-10 -9.313225746154785e-10      1.000000001629815  4.656612873077393e-10 -2.328306436538696e-10
 3.492459654808044e-10 -6.984919309616089e-10                      0      1.000000000931323  2.328306436538696e-10
 2.328306436538696e-10  -2.91038304567337e-10  1.164153218269348e-10                      0                      1
