5
2

6.601045791744554e-05
8.649815566804517e-05
0.0001306960926742931
  0.01061402823394925
   0.5159391974881782

 0.01483157780403819  0.08386128926073097   0.3167809265840382  -0.8425921496617255    0.427124832273144
-0.03666309522507353  -0.5427820867999904   0.7811860134812109  0.09075476550237638   -0.292498561667416
  0.5428247216594738  -0.6755072525712892  -0.2983328531786163  0.03228583366437357   0.3987309957073884
 -0.7103553967285107  -0.2056324698731061  0.01930373868482628   0.2835951034883054   0.6101734840377872
  0.4462873218481057   0.4469453316346977   0.4472394563105832   0.4475862867527276    0.448007680199251

0.3990450253948333
0.3992176392378043
0.3992131174861038
0.3992077254831149
0.3991965654467982

9.792039007008707e-05
   0.3992413724385963

0.6210148922177452  2.696188034467571  3.417090198195975  1.221631120732438 -7.956081021335048
 1.090148834538148 0.4340799907512872 0.3783968497678489 0.0254132439345815 -0.928054918446888

-1.355054339546917e-08  2.709344316201491e-08 -9.627999405342342e-08 -0.0006126031114224489  -0.001901358274975005
-1.069162891817398e-09  2.198044323053018e-09 -3.135755032745563e-09 -0.0001594574763136906     0.1185524987964643

cov:
0.05307519515288178 0.05311296326359385 0.05312990708012397 0.05314996283040464 0.05317389233302951
0.05311296326359385 0.05317957290708826 0.05320934551782436 0.05324448524070971 0.05328705229206857
0.05312990708012397 0.05320934551782436 0.05324485699544353 0.05328671533449062  0.0533375909799392
0.05314996283040464 0.05324448524070971 0.05328671533449062 0.05333648610963877 0.05339712197967677
0.05317389233302951 0.05328705229206857  0.0533375909799392 0.05339712197967677  0.0534698308558243

cov.inverse():
 17484816.25389638 -18520163.64378539  -12230442.2845884 -2288508.715893724  15554403.02349927
-18520163.65708751  67704620.44764209 -38777102.82293965 -24077531.89819835   13670469.5690829
-12230442.27147231 -38777102.86706962  109803783.0784225 -52344481.69682326 -6451616.949149133
-2288508.706395568 -24077531.87214129 -52344481.75402837  164095682.9378773 -85386449.73719434
 15554403.01418703  13670469.57385359 -6451616.922957454 -85386449.75884438  62613966.52979747

cov*(cov_.inverse()):
    0.9999999998835847  4.656612873077393e-10   2.91038304567337e-10                      0  9.313225746154785e-10
-1.164153218269348e-10                      1  8.731149137020111e-10 -9.313225746154785e-10  9.313225746154785e-10
                     0 -1.164153218269348e-10      1.000000000640284                      0  4.656612873077393e-10
-1.164153218269348e-10 -2.328306436538696e-10  5.820766091346741e-11                      1  4.656612873077393e-10
-1.164153218269348e-10 -2.328306436538696e-10 -1.164153218269348e-10                      0                      1
