5
2

5.431732232096303e-05
7.884884085248691e-05
0.0001490241694662289
  0.01869373573543312
    0.552133573076151

-0.00585467435080736   0.1744359493101673  -0.7495581806427882   0.6361281320294249 -0.05514848908841165
 -0.2592122078550711   0.7917822937116969  -0.2285515625379489  -0.4740683343136913   0.1700389023901506
  0.6723855515491007  -0.2279605790206774  -0.4286808467564208  -0.4028600101384126     0.38712812909429
 -0.5313867732794774  -0.3027341813034161 -0.04804963589342486   0.0895294414287007    0.784637383931043
  0.4453094669314617   0.4461377464819722   0.4470466208435569   0.4475360380913917   0.4500237807349994

0.4164668417413188
0.4165543927029418
0.4166044533008119
0.4166985974283363
0.4167476419571057

-0.0002295481250141946
    0.4166225926483844

 0.1907231266334037  0.9684718085793472  0.7866134971912428   1.612165464140181  -3.557912395409916
 0.9416561091216307  0.3810847644184517 -0.1191014304902545  0.2289463636391216 -0.4326595278721235

 2.360192151866086e-09 -5.170551326209287e-09 -5.455633910758606e-08  -0.001076207903999207  -0.003349553604713671
 9.433369922087261e-10 -6.045356693346295e-10  7.497759255250786e-09 -0.0003246484525878712     0.1353099943882627

cov:
0.06055089485910511 0.06062086144993915 0.06069694881873358 0.06073784165136304 0.06094649269352594
0.06062086144993915 0.06070933239754762 0.06080599641887087 0.06085800456068339 0.06112281368884093
0.06069694881873358 0.06080599641887087 0.06092558932397189 0.06098997540699568 0.06131733338361583
0.06073784165136304 0.06085800456068339 0.06098997540699568 0.06106105506494142 0.06142220011634178
0.06094649269352594 0.06112281368884093 0.06131733338361583 0.06142220011634178 0.06195409800373157

cov.inverse():
 31177250.58284076 -40259431.19134933 -1962410.878938195  6305777.562441613  4739649.471268176
-40259431.18716878  113490693.1562262 -69023221.64242357 -18629646.61155988  14420263.37574488
-1962410.861053873 -69023221.64582427  207106056.3438943 -136408068.3087281  287118.0951252185
 6305777.534478522 -18629646.59957344 -136408068.2801869  180611814.1100202 -31878675.67385765
 4739649.477166278  14420263.37133963  287118.0810673815 -31878675.66129246  12431493.99330775

cov*(cov_.inverse()):
    0.9999999997671694 -6.984919309616089e-10 -1.626176526769996e-09 -9.313225746154785e-10 -2.328306436538696e-10
-1.746229827404022e-10      1.000000000698492 -2.652086550369859e-09 -1.396983861923218e-09                      0
                     0 -9.313225746154785e-10     0.9999999984065653 -1.862645149230957e-09  2.328306436538696e-10
-1.164153218269348e-10 -6.984919309616089e-10 -6.002665031701326e-10     0.9999999997671694                      0
 -2.91038304567337e-10 -5.820766091346741e-10 -1.287844497710466e-09  4.656612873077393e-10                      1
