7
2

4.515338640226218e-05
5.750930057785332e-05
5.998485794388021e-05
7.663424319786029e-05
0.0001317783418292554
  0.02419703851776006
   0.6282019062594288

 -0.01992453371782613   -0.1025248167667481    0.5084282433458954   -0.7873139579773069    0.3062528264377185    0.1263397068792659  -0.03125080174899818
 -0.02004018369035701    0.2804579119044593   -0.6037066587696156   -0.1466082443030998     0.556296004712858    0.3009509755827798   -0.3673544732049984
-0.008196900809944086   0.03778456948836457  -0.08955721737399649  0.001416347986984756    0.5209207971220609   -0.7844630942157632    0.3220897589794577
  -0.2679736265212253    0.7449974937990999    -0.123341372032305   -0.3259605669243597   -0.3507333970679216  -0.03410227148976597    0.3571114724257616
    0.679151142789672   -0.2394009145135289   -0.4195111814055449   -0.3277199279407027    -0.173414930195074   0.07866835762037783    0.4022306507199371
  -0.5701900043290308   -0.3943639199751169   -0.1886443858941853   0.04449882403193798     0.169911743468556    0.3559256073377724    0.5711747275468457
   0.3754483113701561    0.3762278337533254    0.3771326910162771    0.3781665777610635    0.3787199891255367    0.3795388375445307    0.3804912562227745

0.4057173347893341
0.4057593037818253
 0.405768679025941
0.4057613140057527
  0.40580190919538
0.4057783292365588
0.4057526567745887

0.0002921071577417494
   0.4059367633768867

 0.2306020940788639  0.4252735364203936   1.031415638271518  0.4116265546193979   1.724374541646734  0.1547565387872064  -3.978060430480914
 0.8460568745813967  0.6722884050346426 -0.4067691761787147  0.3381210285247147 -0.3183892081378468  0.4492477543117884 -0.5804924673466236

 1.680177668937796e-09   6.28002050484429e-09  -2.09428621874057e-09 -1.196315565432751e-08 -4.167278629605477e-08  -0.001404927196702597  -0.004184389078085937
-1.185400847205054e-09  1.782383376479949e-09 -2.338349240083284e-09   6.05712140994994e-10   5.74021833786808e-09 -0.0005161274175542338     0.1476334097504783

cov:
0.05581905029102003 0.05587583804043091 0.05594122812778305 0.05601658290362863  0.0560567130283536 0.05611594141066156 0.05618520102429609
0.05587583804043091 0.05595098711124102 0.05603783018164216 0.05613750209359245 0.05619071116194043 0.05626933817531346 0.05636104643911426
0.05594122812778305 0.05603783018164216 0.05614978329212694 0.05627790380658845 0.05634641495362333 0.05644773810474352 0.05656571106049068
0.05601658290362863 0.05613750209359245 0.05627790380658845  0.0564382758036301 0.05652413080463456 0.05665117948482049 0.05679892334536067
 0.0560567130283536 0.05619071116194043 0.05634641495362333 0.05652413080463456 0.05661932105552409 0.05676020454782956 0.05692396288199316
0.05611594141066156 0.05626933817531346 0.05644773810474352 0.05665117948482049 0.05676020454782956 0.05692161961765021 0.05710912618194398
0.05618520102429609 0.05636104643911426 0.05656571106049068 0.05679892334536067 0.05692396288199316 0.05710912618194398 0.05732412671248726

cov.inverse():
 39123914.86184153 -44139830.37729172 -11885080.76146311  10635729.14560797  1671187.375400346  3361211.848414361  1233086.529382258
-44139830.35472879  127142570.6081191 -87564175.43051445 -9658354.450290281  -4858501.99256299  5518776.093606843  13558402.84542746
 -11885080.8453054 -87564175.25569236  251940628.8850802 -154845742.5538197 -26583329.48626052 -5088260.846954617   34028594.0983474
 10635729.26691832 -9658354.738692712 -154845742.4313365  334805232.3099275 -119977706.2934619 -62028609.73982989  1067149.148508235
 1671187.350729288 -4858501.945702615 -26583329.53234293 -119977706.2724989  237665672.9667476 -42720239.29156398 -45197595.20176765
  3361211.79232609  5518776.214457706 -5088260.721134024 -62028609.99697323 -42720239.32355462  206794506.6492137 -105836122.0116946
 1233086.550109467  13558402.81386185  34028593.98710707  1067149.340076247 -45197595.17270657 -105836122.1102469  101146314.4669267

cov*(cov_.inverse()):
     1.000000000523869  3.492459654808044e-10 -2.328306436538696e-10  4.874891601502895e-10 -1.396983861923218e-09                      0 -9.313225746154785e-10
 5.820766091346741e-10      1.000000000116415  1.396983861923218e-09 -4.074536263942719e-10 -4.656612873077393e-10                      0 -9.313225746154785e-10
 3.492459654808044e-10 -2.328306436538696e-10      1.000000000232831  6.912159733474255e-10 -1.396983861923218e-09                      0 -9.313225746154785e-10
 4.656612873077393e-10  2.328306436538696e-10  2.328306436538696e-10     0.9999999996143742  9.313225746154785e-10                      0 -9.313225746154785e-10
 2.764863893389702e-10  1.164153218269348e-10 -2.328306436538696e-10  1.498847268521786e-09     0.9999999990686774  9.313225746154785e-10 -9.313225746154785e-10
 2.182787284255028e-10 -1.164153218269348e-09  1.396983861923218e-09 -4.431058187037706e-09 -9.313225746154785e-10                      1 -1.862645149230957e-09
 6.548361852765083e-10                      0                      0  1.091393642127514e-09 -9.313225746154785e-10  9.313225746154785e-10     0.9999999990686774
