6
2

5.202802224998495e-05
5.377709256531653e-05
6.357599819072402e-05
0.0001093708072133555
  0.01973288182800136
   0.6335022245909552

 0.04237682123051976  -0.2121008316084527   0.1573250473985199   0.4865716288120932  -0.7752745543248127   0.3011041134990723
  0.1486442402093701  -0.6563758851134969   0.6589448094770944  -0.3064440604620523   0.1363998292785568  0.01882683556943578
 -0.3659750842073426   0.4820237589737772   0.3571915964002793   -0.546264766918353  -0.2836952489531352   0.3567089950229661
  0.5953169355882714  -0.1210761835094583  -0.4454447137905219  -0.4234103394079365 -0.09882544436628653   0.4934313802069309
 -0.5681670389913102  -0.3339410161769824  -0.2214341092839825   0.1565872651311404    0.349809611622843   0.6080708945338262
  0.4061468879851746   0.4070147244986783   0.4074318018846328    0.408826375308052   0.4095463647412146   0.4105067797418223

0.4227101679137046
   0.4227178104379
0.4227897215232946
0.4227451376370968
0.4227233719011501
0.4226958273359038

0.0003151246299053008
   0.4228933635658519

  1.709621880516447   1.853441185907825  -0.306189563675008 -0.9120992788981221 -0.6658516632758915  -1.678939844515452
  2.806447861380764 -0.9765560712368659  -1.255196501622373  -1.607152966172978   4.437925822028071  -2.405526151597816

 -2.17083448610507e-09  -2.91255049581119e-09  9.967709617624384e-10  6.618602306390153e-09  -0.001136677545689309  -0.004342122453984644
-1.304282910993597e-08  3.712114845984558e-09 -1.287476534450958e-08  1.678297619727809e-08 -0.0004487434543986343     0.1621174543357112

cov:
0.06632639914248428 0.06641602771704093 0.06645911788140665 0.06660279799998946 0.06667740817034065 0.06677681934791078
0.06641602771704093 0.06652733210351171 0.06658082769861652 0.06675946950394047 0.06685195113591291 0.06697524804928108
0.06645911788140665 0.06658082769861652 0.06663932857956827 0.06683476146024468 0.06693582745429119 0.06707059722054612
0.06660279799998946 0.06675946950394047 0.06683476146024468 0.06708662455647074 0.06721653192479075 0.06738985346708039
0.06667740817034065 0.06685195113591291 0.06693582745429119 0.06721653192479075   0.067361191451138 0.06755422077056582
0.06677681934791078 0.06697524804928108 0.06707059722054612 0.06738985346708039 0.06755422077056582 0.06777360095652531

cov.inverse():
  71069056.4116693 -86727488.85725175 -18178350.84414241  20255754.81788784  15642279.07541053 -2060860.509224362
 -86727488.8316887  224303501.4785054  -114778034.893107 -29433582.48116216 -3043658.393844573  9678862.045021025
-18178350.84357885 -114778034.8601683  207439635.2317716 -74052249.83085789 -35370449.34156703  34937984.09189808
     20255754.8641 -29433583.05542424 -74052249.09837437  208748871.8942442 -111970372.8096265 -13545825.74213642
 15642278.89956979 -3043657.379315112 -35370450.49934474 -111970372.3411311  249204855.3096095 -114462672.8376729
-2060860.405722874  9678861.597376106  34937984.55069795 -13545826.00619469 -114462672.6882745  85451427.48624906

cov*(cov_.inverse()):
    0.9999999997962732  2.328306436538696e-10 -1.862645149230957e-09  9.313225746154785e-10 -1.862645149230957e-09 -9.313225746154785e-10
 9.022187441587448e-10       1.00000000197906 -4.656612873077393e-10  4.656612873077393e-10 -1.862645149230957e-09  9.313225746154785e-10
 4.074536263942719e-10  3.259629011154175e-09      0.999999996740371 -2.095475792884827e-09  1.862645149230957e-09 -1.862645149230957e-09
-4.365574568510056e-10  2.211891114711761e-09                      0     0.9999999990686774 -9.313225746154785e-10 -9.313225746154785e-10
 2.037268131971359e-10  8.149072527885437e-10 -3.259629011154175e-09  1.862645149230957e-09     0.9999999962747097                      0
 6.111804395914078e-10  1.047737896442413e-09 -4.656612873077393e-10 -2.328306436538696e-10                      0     0.9999999990686774
