5
2

0.0002002513715939259
0.0002290430060090018
0.0002403846054548697
  0.01684561160766239
   0.5209726360239758

  0.5129288335516429   -0.573964963396144  -0.3914231628521358 -0.04938606081579089   0.5018138669715528
 0.04579336311922641  -0.3305670995760887  -0.1136171140310057   0.8302104310205234  -0.4318218986990636
 0.02632886900492836  -0.5763466978675821   0.7959044291962548   -0.164399795127423 -0.08148694043771772
 -0.7323211208058223  -0.1721484940693202  0.01899968149345252   0.2836035102239229   0.5943725541301402
  0.4447690932205244   0.4466307124664787   0.4472742007661818   0.4481667251955969   0.4492146882659847

0.3977541348373148
0.3977820136981583
0.3977595726707249
0.3977346007506509
0.3976890201190217

0.0004319948485219063
   0.3979573200359083

   2.692889665293521   0.2014694172637486 -0.09468125427152561  -0.8216675998628974   -1.978079428306066
   1.622129706735144  0.01873185305593869   -0.104108565683795  -0.2758636737046823  -0.2609463043954863

 1.406071985905581e-08  1.256411312422959e-08  1.015260305131725e-08  -0.000969738925880318  -0.003115372836012242
 2.986346783214073e-08 -1.910797832827449e-09  9.053703118266832e-10 -0.0004047925243727986     0.1200784408445457

cov:
 0.0538428925258965 0.05395118356403313 0.05398914589116632 0.05404190718887638 0.05410383920476721
0.05395118356403313 0.05414953760624999 0.05421815048313147 0.05431342480423117 0.05442528503832161
0.05398914589116632 0.05421815048313147 0.05429735681509473 0.05440707702074653 0.05453597357429388
0.05404190718887638 0.05431342480423117 0.05440707702074653 0.05453698667920481 0.05468941254542353
0.05410383920476721 0.05442528503832161 0.05453597357429388 0.05468941254542353 0.05486963883582912

cov.inverse():
 6614757.498750591 -7892327.661414603 -4743294.447282928  17360.10836484075  6003122.673849674
-7892327.660863938   16046813.4065793 -1619966.886520244 -2884924.298687206 -3649119.708013362
-4743294.448179264 -1619966.884877398  15029234.27425968 -3580333.278703769 -5085325.980390917
 17360.10866605793 -2884924.299378069 -3580333.278478056  13667223.92797126 -7219327.779624668
 6003122.673894128 -3649119.708414644 -5085325.979870174 -7219327.779788584  9950264.052812008

cov*(cov_.inverse()):
     1.000000000058208  5.820766091346741e-11  1.164153218269348e-10 -5.820766091346741e-11 -1.164153218269348e-10
 5.820766091346741e-11      1.000000000058208  5.820766091346741e-11                      0 -1.164153218269348e-10
 5.820766091346741e-11  8.731149137020111e-11                      1                      0                      0
 5.820766091346741e-11  5.820766091346741e-11  5.820766091346741e-11                      1 -1.164153218269348e-10
 5.820766091346741e-11                      0                      0  5.820766091346741e-11                      1
