5
2

7.835166397167175e-05
0.0001073237386635724
0.0001414055921070468
 0.008153820442470202
   0.5756396987508208

 0.01856965043743911   0.1027785021254619   0.2691081460505538  -0.8434739087781014    0.453016907546841
-0.08282244720513744  -0.4761833401652737   0.8208114682703992  0.03995767682909333  -0.3017644551735827
  0.5729717958579857  -0.7098061089333113  -0.2319758652756292  0.03265528277097073   0.3361538923008304
  -0.681926208361668  -0.2429993557684673 0.005631150166975632   0.2926831008254032   0.6246862028927909
  0.4466268888259387   0.4470040345085846   0.4472189926226813   0.4474655118234119   0.4477517210205638

0.4015587102459871
0.4017511514939094
0.4017537220787603
0.4017564194475295
0.4017594957405897

-7.221076408780395e-05
    0.4017367466030673

-0.5788979541241539   3.762583435347414   5.521071944434686   3.452568747518828  -12.15727333634874
 0.9738477241869229  0.5686827389399456  0.5660658929467468  0.2850767208608496    -1.3936805427806

-4.025867761409517e-08  7.595931322033108e-08 -1.651056353026681e-07 -0.0004702084806065878  -0.002010632918103873
-3.947061186376886e-09  6.279062440829118e-09 -8.721309483333055e-09 -0.0001054628304002919      0.147735545636878

cov:
0.06612936309004309 0.06616526442084171  0.0661858090114842 0.06620928193074771 0.06623659107985262
0.06616526442084171 0.06621405635817901 0.06624186529076788 0.06627374193108986 0.06631076978279792
 0.0661858090114842 0.06624186529076788 0.06627382354465514 0.06631045248197079 0.06635298789841969
0.06620928193074771 0.06627374193108986 0.06631045248197079 0.06635259584737606 0.06640148661004715
0.06623659107985262 0.06631076978279792 0.06635298789841969 0.06640148661004715 0.06645774637840016

cov.inverse():
 17077191.14275399 -16602117.54167991 -11735311.50280663  -1905981.12262582  13166218.80072585
-16602117.55037761  46604422.66268423 -21193191.42623453 -16933561.51191634  8124527.099549495
-11735311.48975225 -21193191.45458437  72979686.50369489  -34505875.1963468 -5545402.873646209
-1905981.124226882 -16933561.49329606 -34505875.21908315  116083472.5917429 -62737969.11884411
 13166218.79797025  8124527.100581332 -5545402.866205286 -62737969.12456127   46992571.0617317

cov*(cov_.inverse()):
     1.000000000465661 -4.656612873077393e-10 -4.074536263942719e-10  4.656612873077393e-10                      0
-1.164153218269348e-10     0.9999999997671694  4.656612873077393e-10 -4.656612873077393e-10                      0
 2.328306436538696e-10  1.164153218269348e-10     0.9999999995925464  4.656612873077393e-10 -4.656612873077393e-10
 3.492459654808044e-10 -1.164153218269348e-10  4.074536263942719e-10     0.9999999986030161  4.656612873077393e-10
 1.164153218269348e-10 -1.164153218269348e-10  3.492459654808044e-10                      0     0.9999999995343387
