5
2

9.937577548235299e-05
0.0001207451707523976
0.0001527844041158026
  0.02245931119229827
   0.5202395258193085

  0.4882962672076297  -0.7922054704336116   0.3162419570740956   0.1240161233079006   -0.136338819826857
 0.06936515677347402 -0.05780495613926109   0.2844229530324279  -0.8064534735218681   0.5104737416404062
  0.4590613663302892 -0.09645582085945653  -0.7865137003125693  0.02286055944375723   0.4010393130452977
 -0.5899617101981991  -0.4014327265317093  0.02051731188888378   0.3639548941116421   0.5982581562623045
  0.4449304135478613   0.4456648071728843   0.4472916805706797   0.4486279372467734   0.4495363535484616

0.3978660421833748
0.3979048499183724
0.3979502711166126
0.3979022690570237
0.3978674240682031

0.0003863961747572925
    0.398098700522474

  0.2381103804028615    1.884405431062228    0.826913427720377  -0.3301378811631142   -2.619289366892171
   0.881992468039275   0.5250105481977787 0.005206868871560827  -0.2346404082626576  -0.1776023218197296

-7.889520949827874e-09  -1.35304940317682e-08 -4.156977783407355e-08  -0.001294917695295276  -0.002692319816014493
  1.13755699678926e-10  1.908115483030778e-09  6.385814142226268e-09 -0.0004653996516950564     0.1200675595839591

cov:
0.05375411361326906 0.05378643294190898 0.05385677176847398 0.05391548729632946 0.05395515691257837
0.05378643294190898 0.05383685058618048 0.05394763364033577 0.05403926892217235 0.05410139679618273
0.05385677176847398 0.05394763364033577 0.05414896596267666 0.05431426639341083 0.05442666106350064
0.05391548729632946 0.05403926892217235 0.05431426639341083 0.05453957919711445 0.05469287909349183
0.05395515691257837 0.05410139679618273 0.05442666106350064 0.05469287909349183 0.05487412332270598

cov.inverse():
 33502351.25744366 -41342033.13999312  1522313.438794683  2744218.138757418  3573514.799387402
-41342033.14028622  64177934.51461452 -23246342.98906603 -6845731.571196148  7255397.631683617
 1522313.441891585 -23246342.99316068  42176143.40648619 -12531646.86440733 -7919795.767697793
  2744218.13237015 -6845731.562584902 -12531646.86617118  46188685.07239554  -29555598.4078027
 3573514.802970869  7255397.626873929 -7919795.766931734 -29555598.40734249  26646313.84959526

cov*(cov_.inverse()):
    0.9999999997380655   2.91038304567337e-10  1.746229827404022e-10                      0                      0
-3.201421350240707e-10      1.000000000116415                      0 -2.328306436538696e-10 -2.328306436538696e-10
-5.820766091346741e-11 -2.328306436538696e-10                      1 -2.328306436538696e-10                      0
  2.91038304567337e-11  3.492459654808044e-10 -2.328306436538696e-10                      1                      0
 1.455191522836685e-10  -2.91038304567337e-10 -1.164153218269348e-10                      0                      1
