6
2

6.631028534511709e-05
8.642633181471964e-05
0.0001151209350564102
0.0001477560314458832
  0.01119673048339876
   0.5668745828519022

  0.00712872829817756  -0.02947359127736099  -0.07545118697908203   -0.3248136093972507    0.8431985218408059    -0.420594791871373
  0.01105024889536266   -0.1040022342725888   -0.5055512963963361    0.7942958822215003    0.1063135705891291   -0.3021105595178756
-0.004847752622263394   -0.6713516605555264    0.6599063778651424    0.2410693138577165   0.01091977663196251    -0.235697611382119
   0.6806001556737957   -0.5244254868229395   -0.3463658907871296   -0.1788462072725631   0.04010228210309149    0.3289344124303655
  -0.6087159163499211   -0.3102049417102128   -0.1293979269306588   0.08209272186591696     0.330126296845931    0.6330650969484296
   0.4074947040217772    0.4078634495293106    0.4080875197229459    0.4083510447070438     0.408659847615709    0.4090312973502169

0.3992391659031649
0.3994160256226189
0.3994114519802298
0.3994069417531156
  0.39940155737535
0.3993904345731063

9.953816491283409e-05
    0.399436146233924

 -0.6775849761523058    1.526753001002412    2.913987977720126    3.640970519490114    1.062904395241481   -8.467161355061878
  0.9084107965222609   0.3424273295459473   0.3717503990544962   0.3381919561700821 -0.03843469644766054  -0.9223594198048664

 1.321382222879296e-08  2.930725543349634e-08   5.01789041584929e-08 -1.236736521924852e-07 -0.0006454744051025087  -0.002062065585421294
 9.410415707399237e-10    2.4625403431544e-09  4.102194344671995e-09 -1.211583752866473e-09 -0.0001599842069821932     0.1306799568363972

cov:
0.05340671924750975 0.05343220734181075 0.05344775333252488 0.05346612435164988 0.05348763632561621 0.05351316273831323
0.05343220734181075 0.05346894810744544 0.05349127096401627 0.05351758611537441 0.05354841360631212 0.05358531615530962
0.05344775333252488 0.05349127096401627 0.05351773373509797 0.05354885117390829 0.05358532174265341 0.05362911606182965
0.05346612435164988 0.05351758611537441 0.05354885117390829 0.05358561420220669 0.05362868137655956 0.05368053908578441
0.05348763632561621 0.05354841360631212 0.05358532174265341 0.05362868137655956 0.05367950312296236 0.05374081536647467
0.05351316273831323 0.05358531615530962 0.05362911606182965 0.05368053908578441 0.05374081536647467 0.05381368799305296

cov.inverse():
 21250107.09001099 -16303344.37338644 -11908822.39863459 -5015585.493751916  2768892.566173757  9208732.011261098
-16303344.37354135  48252519.47040245 -17563781.74298263 -16798215.53445671 -8649534.286225269   11062564.4136321
 -11908822.4078982 -17563781.71885972  73865832.49315777 -33344829.88982152 -21757201.08362416  10709141.78292992
-5015585.495491586 -16798215.53654792 -33344829.84648803  114308596.3032733 -51112149.05034073  -8037866.19379015
 2768892.593129161  -8649534.34375976 -21757201.12529723 -51112148.95492453  163292171.1974257 -84543386.38100803
 9208731.995463677  11062564.44898057  10709141.79612885  -8037866.24970456 -84543386.35784349  61601563.43203732

cov*(cov_.inverse()):
     1.000000000291038                      0  2.328306436538696e-10 -6.984919309616089e-10  9.313225746154785e-10 -9.313225746154785e-10
 5.820766091346741e-11      1.000000000349246 -6.984919309616089e-10                      0  9.313225746154785e-10 -9.313225746154785e-10
 2.328306436538696e-10 -1.164153218269348e-10     0.9999999997671694 -4.074536263942719e-10  9.313225746154785e-10 -1.396983861923218e-09
 5.820766091346741e-11 -1.164153218269348e-10 -4.656612873077393e-10     0.9999999998835847  9.313225746154785e-10 -1.396983861923218e-09
 1.164153218269348e-10 -4.656612873077393e-10 -8.149072527885437e-10  4.656612873077393e-10      1.000000000931323 -1.396983861923218e-09
 1.164153218269348e-10  1.164153218269348e-10                      0  3.492459654808044e-10                      0     0.9999999995343387
