5
2

5.733501263578292e-05
0.0001089307529944382
0.0001390442250790632
  0.01957987387491021
   0.5211004074400837

  0.1710091875881689  -0.6891242855203428   0.6929314178398146 -0.07277097016382625  -0.1020490712276746
  -0.112119113454613   0.2655469166835165   0.2650053582197953  -0.8253121493389884   0.4068736360423052
  0.5049105961148481  -0.4430314452886109  -0.4967396404211705  -0.1046597460572207   0.5395224699731395
 -0.7109600333193707   -0.243047659110954  0.05197115701072638   0.3187671110747125   0.5754565093551839
  0.4447316978944201   0.4463670328688311   0.4474001997747823   0.4483281259381288   0.4492272716455585

0.4021966880166474
0.4022534647795158
0.4022497413225876
0.4022808779505944
0.4022548803509534

0.0002669185715653385
   0.4024143935783648

   1.16788855153214   3.974517440650168  -3.468221948215847 0.01440034805168196  -1.688533809583914
  1.073378646104804  0.7469659458893998 -0.6338069233128452 0.03203731505960489 -0.2186089665498576

-1.568435499017528e-08 -8.229290857348773e-09 -6.976664544780992e-09  -0.001128512998026868  -0.002789298363937405
-2.466799376558456e-09 -2.436557604544173e-09  7.821679621836623e-09 -0.0004191035336252438       0.12039770156225

cov:
0.05390178748055435 0.05397173335673992  0.0540160931054228  0.0540554405287231 0.05409406672763094
0.05397173335673992 0.05412636304080915  0.0542241003892278 0.05431170896052442 0.05439677427546993
 0.0540160931054228  0.0542241003892278 0.05435550108695657 0.05447354121206286 0.05458789000586212
 0.0540554405287231 0.05431170896052442 0.05447354121206286 0.05461912256788808 0.05475994163188697
0.05409406672763094 0.05439677427546993 0.05458789000586212 0.05475994163188697 0.05492626640547962

cov.inverse():
 23143106.21376073 -49927930.60283882  20570062.53044403  1278722.152069937   4935973.18256364
-49927930.60414398  160557647.4474706 -127947114.1679454 -816388.2557974124   18134403.3822202
 20570062.53549828 -127947114.1810121   164744587.532609 -31082266.04513864 -26286228.60142299
 1278722.145925236 -816388.2356954712 -31082266.06146907  59580880.67444907 -28960508.80246338
 4935973.184959176  18134403.37388004 -26286228.59310514 -28960508.80483666  32176347.17901397

cov*(cov_.inverse()):
                     1 -8.149072527885437e-10  6.984919309616089e-10 -4.656612873077393e-10                      0
-5.820766091346741e-11      1.000000000232831  4.656612873077393e-10                      0                      0
-3.492459654808044e-10 -1.280568540096283e-09      1.000000000931323                      0 -2.328306436538696e-10
-4.656612873077393e-10 -1.280568540096283e-09  1.164153218269348e-09     0.9999999995343387                      0
 5.820766091346741e-11 -2.328306436538696e-10                      0                      0      1.000000000232831
