6
2

 6.56035448474919e-05
8.071738771730166e-05
 8.51803392484141e-05
0.0001479055553454762
  0.01478343964618081
   0.5560894810240744

 0.01008747865801556  0.02928683244758585 -0.07236703091332471  -0.5568647282823311   0.7997744511595481  -0.2099191242450056
  0.1920288547124309  -0.8342274806578174   0.3287530392090032    0.286374973267824   0.2094108580319128  -0.1823385200888102
-0.02986932751681632  -0.0366883042686003   0.7295684297530203  -0.5844769579253432  -0.2850243786425008   0.2064933101703123
  0.6979011524162302  -0.2357724501488614  -0.4095571708210874  -0.3146119421149927  -0.1485204727542687   0.4105718598338274
  -0.556019955681907  -0.2828236683028104  -0.1421387860076546  0.02440287731427223    0.215055275029184    0.737431268190066
   0.407316554224644   0.4077779845564701   0.4080120680772108   0.4082910238942954   0.4086097419851962   0.4094789504127444

 0.382575281821191
0.3825980000867897
0.3826985397333199
0.3826739040482849
0.3826464356685381
0.3825670796552629

0.0005557968859173455
   0.3828295915843378

-0.01531292762669707  -0.1293306412420294   0.7561701061233554    2.132186377310343    3.574277895372451   -6.318084974389904
   0.996679156269783   0.2020647648889368   0.1175027882993654 -0.06882815725925054   0.4817677289009721  -0.7291928492754571

 1.264851019925301e-08   1.86641850605739e-08  -2.18594520505673e-08 -8.937640600137447e-08 -0.0008525297238373237  -0.002020651366133699
 2.514180600607037e-09  1.795545743149838e-09 -1.444736675585717e-09  5.480691694088201e-09 -0.0002324993581768266     0.1256943346580685

cov:
0.05137184388870053 0.05139675029008872 0.05140913754413275  0.0514240377256741 0.05144101711361362 0.05148702947557487
0.05139675029008872 0.05143806021804737 0.05145887648324488  0.0514837585534219 0.05151216393546069 0.05158948095878909
0.05140913754413275 0.05145887648324488 0.05148404906539202  0.0515140641579629 0.05154835439858077  0.0516417937563118
 0.0514240377256741  0.0514837585534219  0.0515140641579629 0.05155017879448818 0.05159143051884715 0.05170395682782958
0.05144101711361362 0.05151216393546069 0.05154835439858077 0.05159143051884715 0.05164066680168087 0.05177504207123027
0.05148702947557487 0.05158948095878909  0.0516417937563118 0.05170395682782958 0.05177504207123027   0.051969302175953

cov.inverse():
 28072594.00448724 -31888973.48674557 -6549040.339700753 -495589.7084387613  4481252.385982725  6380155.404055107
-31888973.48393617  109741870.7453882  -41861238.8015929 -34111070.08365022 -18329270.26562854  16448322.86351623
-6549040.341823859 -41861238.75700859  98831947.18282636 -29066264.49431538 -28760415.18548999  7405213.358536173
-495589.7195992328  -34111070.1023773 -29066264.42568238  136245933.6994209 -69181063.34841518 -3391974.192762775
 4481252.399304232 -18329270.30817823 -28760415.19735289  -69181063.2970655  167556972.0230664 -55767998.55509824
 6380155.401207754  16448322.88301835  7405213.344227114 -3391974.205367112 -55767998.54483968  28926610.63738715

cov*(cov_.inverse()):
     1.000000000116415 -2.328306436538696e-10  5.238689482212067e-10  6.111804395914078e-10 -4.656612873077393e-10  2.328306436538696e-10
  2.91038304567337e-10      1.000000000349246 -3.492459654808044e-10   1.01863406598568e-09  9.313225746154785e-10                      0
 1.746229827404022e-10  1.164153218269348e-10     0.9999999998835847  9.604264050722122e-10  1.862645149230957e-09  2.328306436538696e-10
-1.164153218269348e-10 -2.328306436538696e-10  2.328306436538696e-10      1.000000000436557                      0  2.328306436538696e-10
 1.746229827404022e-10 -2.328306436538696e-10 -9.313225746154785e-10  1.193257048726082e-09      1.000000000465661                      0
  2.91038304567337e-10 -1.164153218269348e-10 -1.164153218269348e-10 -8.731149137020111e-11  4.656612873077393e-10      1.000000000232831
