5
2

6.626000833334652e-05
9.403513164898231e-05
 0.000119792416134881
  0.01761249561922428
   0.5172524681284503

  0.1523474627452998    -0.65901321880871   0.7175390606174314  -0.1573795271797929 -0.05349026961393454
 -0.1645707470466294   0.2999175545866095   0.1731836806136708  -0.7888422584783571   0.4803136825816745
  0.6380079030739886  -0.3955921526381797  -0.5007766510984923  -0.1467679219093881   0.4051353936638987
 -0.5864012355520896   -0.346369834695635 -0.06712415017143961   0.3614786833853705   0.6332369528680736
  0.4458544901306916   0.4464144086722351   0.4470595077120014   0.4480534725005584   0.4486800995192615

0.4037742308743288
0.4037758900520438
0.4037341371679367
0.4036950509504412
0.4036191003442884

0.0008936048221739894
    0.404073195963141

 0.7367033777880053   2.297722441853974  0.2341576175507753 -0.1570146066720313  -3.111554797392051
  0.622480067881571   1.126832815555217 -0.1470119447257919 -0.4395168372798439 -0.1627275685732513

-4.578422666326783e-09 -6.740036225550195e-09 -2.574078889077883e-08  -0.001014568682197316  -0.002023308319771278
-2.965163078380615e-09   4.23210694672434e-09  3.383984668215591e-10 -0.0003124883481107263      0.119034968551521

cov:
 0.0532919514251322 0.05331507043040028 0.05334122816323215 0.05338183713997503 0.05340715648126788
0.05331507043040028 0.05335616563962339 0.05340320815125942 0.05347587274345034 0.05352151712091527
0.05334122816323215 0.05340320815125942 0.05347455944774369 0.05358451729043838 0.05365380844199143
0.05338183713997503 0.05347587274345034 0.05358451729043838 0.05375173666749891 0.05385731703798707
0.05340715648126788 0.05352151712091527 0.05365380844199143 0.05385731703798707 0.05398593019013007

cov.inverse():
 36716142.58872806 -46036993.51900776 -588673.6484688568  2694174.947844999  7215741.428818075
-46036993.50610799  119998332.9991773 -88026310.01949432   913359.556681764  13150977.67025739
-588673.6680624175 -88026309.98197836  138137660.9476416 -36049110.78447761 -13473180.22663824
 2694174.951839807  913359.5178938798 -36049110.73718138  77515014.33213891 -45073803.89369404
 7215741.431517001  13150977.68442919 -13473180.25601207 -45073803.88119102  38180504.84604486

cov*(cov_.inverse()):
    0.9999999998835847 -8.149072527885437e-10 -3.492459654808044e-10                      0                      0
-1.746229827404022e-10      1.000000000232831                      0                      0 -2.328306436538696e-10
-5.820766091346741e-11  8.149072527885437e-10     0.9999999989522621                      0                      0
-2.328306436538696e-10 -6.984919309616089e-10  4.656612873077393e-10     0.9999999995343387 -4.656612873077393e-10
                     0  1.164153218269348e-10 -1.164153218269348e-10                      0     0.9999999997671694
