5
2

0.0001117539469673687
0.0001884421398442431
0.0002062591876373019
  0.02020780590648564
   0.5190164314944006

    0.59213895379189  -0.7926444453758557   0.1251985056290134  0.07354175095244704 0.001785405320447344
  0.1306698817239992  0.02825340585762499  0.01049166659522496  -0.7802916359324472   0.6108698837670756
 -0.2234342367474816 -0.05503749313088752   0.8761204281662089  -0.2779264103334039  -0.3197153765272878
 -0.6198410445362671  -0.4112077577794462   0.1274856951683326   0.3279072562341672   0.5682688521172148
  0.4451640852199803    0.445864982437637   0.4476333901728318   0.4482971285976325   0.4490961892063199

 0.399402195490325
0.3994558874231821
0.3995314876397728
0.3995250027855211
0.3995107641601938

0.0001634298774750852
   0.3996053016808744

   2.106982091727435   0.5434964439312779  -0.1393931849539947  -0.4929659898409302   -2.018084111769224
   1.107895495782278    0.286477073571631 -0.05594008402608006 -0.05560971977102677  -0.2828178960702021

 9.485581213233633e-09 -1.984739959080983e-08  6.781796761760701e-09  -0.001166147121040666  -0.002539528737774155
 5.212328782885841e-09  8.132773433352725e-10 -8.782647502287717e-09  -0.000404518384914799     0.1195883983409644

cov:
0.05353983413026849 0.05357106330258867   0.053646772442317  0.0536756433772475 0.05371063176491874
0.05357106330258867 0.05362022516950708 0.05374215387240278 0.05378822084921916 0.05384383396146832
  0.053646772442317 0.05374215387240278 0.05398347333046009 0.05407389909512059 0.05418276385776894
 0.0536756433772475 0.05378822084921916 0.05407389909512059 0.05418092558094151 0.05430956821510419
0.05371063176491874 0.05384383396146832 0.05418276385776894 0.05430956821510419 0.05446204391179605

cov.inverse():
 29730361.31613217 -37188044.05534118  1373089.504732594  2074720.222612657  4010782.942425378
-37188044.05582424  50401406.60576425 -9071272.781857416 -4929130.854126598   785757.712218557
 1373089.507148263   -9071272.7852866   19300902.0097909 -5216769.248229939 -6385605.547251021
 2074720.220152839 -4929130.850227875 -5216769.250262907  19394775.70430141 -11323375.03576881
 4010782.942952616  785757.7112659373 -6385605.546231654 -11323375.03636277  12912267.37697364

cov*(cov_.inverse()):
    0.9999999998835847 -2.692104317247868e-10  5.820766091346741e-11 -1.164153218269348e-10  1.164153218269348e-10
                     0      0.999999999832653  5.820766091346741e-11 -2.328306436538696e-10  1.164153218269348e-10
-1.746229827404022e-10 -4.147295840084553e-10     0.9999999999417923                      0                      0
-8.731149137020111e-11 -5.093170329928398e-11 -5.820766091346741e-11                      1  1.164153218269348e-10
-2.037268131971359e-10  5.093170329928398e-11 -5.820766091346741e-11                      0                      1
