6
2

5.963863313370483e-05
6.781166391769849e-05
8.243326921464618e-05
0.0001398727201337395
  0.01568011442370697
   0.5565273963001274

 -0.003159877471962859  0.0005298675113136544     0.1189582091907729     -0.573343039088883     0.7541921992318869    -0.2971709357036801
   0.01121663739783818 -1.706845864331893e-06    -0.6051734751087304     0.5824386831696037     0.3893864070673499     -0.377865926495408
   -0.1905399265937528     0.7481487764442748    -0.4887014227328894    -0.2981469914865956   -0.04344864078991912     0.2726892942130875
    0.6453772226083005    -0.3804323193620254    -0.4575288287093821    -0.2534506485297346    0.04175998892507988     0.4042842241639926
   -0.6175413601060015    -0.3597845293115685    -0.0699582785682528     0.1098675437699422     0.3297772111045183      0.602892788270299
    0.4070499326745073     0.4075530277096773     0.4081153502006324     0.4084644451225716     0.4088858796578357     0.4094165083776146

0.3827441171510572
0.3827683352536394
0.3828454459578008
0.3828184952639302
0.3827814798865927
 0.382740474640717

0.0005376069036566458
   0.3829963904302076

   0.2364289714643823    0.1469157949856498     2.228660692143723     3.131793786591388    0.7438984563572213    -6.487839459317857
   0.9951357778937007    0.2911122369797826 -0.004376551030223552    0.5076958529157946   -0.1581657616445218   -0.6314224202827734

 3.407011795404822e-09  1.480324217204141e-08 -2.554675041689001e-08 -8.429514246441295e-08 -0.0009040109667821717  -0.002219962392139069
-8.046891208064801e-10  2.237211635322395e-09 -1.945865958108606e-09  2.796471367445244e-09 -0.0002694763015047302      0.125783572959141

cov:
0.05141162333493086 0.05143589983407304 0.05146278888002128 0.05147949920189375 0.05149924451511271  0.0515246786110574
0.05143589983407304 0.05147661628901571 0.05152195399057653 0.05155011197438271  0.0515838551584867 0.05162667503138073
0.05146278888002128 0.05152195399057653 0.05158805443412996 0.05162908181535334 0.05167856732359212 0.05174093988521117
0.05147949920189375 0.05155011197438271 0.05162908181535334   0.051678106842317 0.05173735798039313 0.05181186344417094
0.05149924451511271  0.0515838551584867 0.05167856732359212 0.05173735798039313 0.05180856285646257 0.05189790283694957
 0.0515246786110574 0.05162667503138073 0.05174093988521117 0.05181186344417094 0.05189790283694957 0.05200567957889326

cov.inverse():
 26663786.92472887 -33527263.00442911 -2971057.685014297  1929225.298511252  2874803.705165319  5030803.136883777
-33527263.00406878  89768516.87473457 -44890714.47390906 -27983054.64207825 -5483947.712427436  22116406.55352993
 -2971057.69004699  -44890714.4547079  129468453.6823746  -68458116.5840774 -23872567.69078707  10723836.93057183
   1929225.3005322 -27983054.65866659 -68458116.50388604  182558537.1567269  -70888737.3604089 -17158982.53499827
 2874803.712643148 -5483947.728171744 -23872567.79035804 -70888737.21228361  193262140.3704647 -95890266.33976591
  5030803.13205738  22116406.56702169   10723836.9641191 -17158982.61749869 -95890266.29947764    75177849.157334

cov*(cov_.inverse()):
     1.000000000087311  1.164153218269348e-09  1.047737896442413e-09  2.328306436538696e-10                      0  9.313225746154785e-10
 -2.91038304567337e-11      1.000000001164153  1.164153218269348e-10  3.492459654808044e-10 -9.313225746154785e-10  9.313225746154785e-10
                     0  9.313225746154785e-10      1.000000000582077  8.149072527885437e-10                      0  4.656612873077393e-10
 -2.91038304567337e-11  9.313225746154785e-10  2.328306436538696e-10      1.000000001280569 -9.313225746154785e-10  9.313225746154785e-10
-8.731149137020111e-11                      0 -3.492459654808044e-10  1.280568540096283e-09      1.000000000931323  4.656612873077393e-10
                     0  6.984919309616089e-10  3.492459654808044e-10 -5.820766091346741e-10                      0      1.000000000465661
