5
2

6.612413852721173e-05
8.607177642875881e-05
0.0001401045207167364
   0.0206518450722819
   0.5310177506996655

 -0.1130889717434947    0.558292506117019  -0.7426907960119646   0.3483454134650572 -0.05085485739386537
 -0.2328823771652822   0.5402925462292331  0.07667516970387518  -0.7278673125229213   0.3437729724782362
  0.6635782789795538  -0.2898921001470315  -0.4822875855562554   -0.290028614829702   0.3986333219101976
 -0.5425555789183737  -0.3367859470811833  -0.1012341552205561   0.2528651107075389   0.7197357509786653
  0.4452796810173674   0.4460170828832507   0.4468575058171165   0.4481152604468494   0.4497842263785439

0.4038122018970238
0.4038626360112947
0.4038769717679546
0.4039267472300752
0.4038881010541771

0.0002334997017340168
   0.4040259852756209

 0.2234845771535162   1.074295295993372  0.8630230421338835   1.427133918402246  -3.587933750526644
 0.9049472893825818  0.5077447599717007 -0.0746574669769943 0.01398812377633157 -0.3520719961095194

 2.680883514982537e-09 -1.242853228316746e-08  -4.75722417400903e-08  -0.001190750088256403  -0.002808519143508056
 1.134005201889805e-09 -5.434341973345687e-10   6.77041144981202e-09 -0.0003856782190465131     0.1251900558020887

cov:
0.05603482754431878 0.05607978662340386 0.05613080247027861 0.05620679106141882 0.05630832005607057
0.05607978662340386 0.05614298171891446 0.05621484158185536 0.05632216261919647 0.05646500351571511
0.05613080247027861 0.05621484158185536 0.05631057445961989 0.05645376310314706 0.05664389851208664
0.05620679106141882 0.05632216261919647 0.05645376310314706 0.05665088563976412 0.05691211542174846
0.05630832005607057 0.05646500351571511 0.05664389851208664 0.05691211542174846 0.05726711231043344

cov.inverse():
 32678960.66530466 -41223516.49255385  494998.8083424725  4066000.780180452  3983879.233055086
-41223516.48797636  114971026.5600662 -82116270.56175092   -4321792.1984228  12690277.96790236
 494998.8048040964 -82116270.54488297  138795862.2234424 -59576939.71919498  2401620.833115275
 4066000.776042323 -4321792.215704943 -59576939.69059349  103550441.4569934  -43716613.4290007
 3983879.236154126  12690277.97289374  2401620.817843667 -43716613.42181938  24640436.52038763

cov*(cov_.inverse()):
     0.999999999825377 -3.492459654808044e-10 -5.820766091346741e-10                      0  2.328306436538696e-10
-1.746229827404022e-10     0.9999999997671694 -8.731149137020111e-10  4.656612873077393e-10                      0
 -2.91038304567337e-10  6.984919309616089e-10      0.999999999825377  4.656612873077393e-10                      0
                     0  3.492459654808044e-10  6.402842700481415e-10                      1  2.328306436538696e-10
 8.731149137020111e-11 -1.164153218269348e-10  4.365574568510056e-10                      0                      1
