5
2

 5.93827399446123e-05
9.045927724492118e-05
0.0001269443361884264
  0.02283834766434174
   0.5192051136920878

-0.03446390978153491   0.5617825912533503   -0.759995031734527   0.3145175612460627 -0.08184628576732078
 -0.5095043023810208   0.5766914982883209   0.1957090303089395  -0.5407011838191578    0.277799364522846
  0.4964379347239193  -0.1594836982881856  -0.4060162015373411  -0.4950328839353185   0.5640989406648833
 -0.5430001808247894  -0.3574335937491488  -0.1406914971721092   0.4026253971956743   0.6288805306577003
  0.4448795178125147    0.445683084721121   0.4466119948087262   0.4489500716561898   0.4499226176546841

0.3981570253809375
0.3982240958923238
0.3982565462936296
0.3982907710842059
0.3983308534276742

7.010795969517559e-06
   0.3983399350793296

 0.3504690235067718 -0.2456196251852172   4.093283219908158  -3.490884969307117 -0.7072293342095762
  0.857778309620277  0.2809082795740593  0.4656271405619685 -0.6240211287799794 0.01968100565936345

-1.516665425323128e-08   1.77727101776174e-08 -1.927745897871964e-09  -0.001318936543156618  -0.002931392507390501
 -1.49340541600169e-09  1.300746217054934e-09  8.250717985793563e-09 -0.0004540751677948251     0.1195450845095932

cov:
0.05350727572267581 0.05355107916519244 0.05360109474287141 0.05372761755475349 0.05378017731293658
0.05355107916519244 0.05361303545220383 0.05368422709388106 0.05386384051514095 0.05393850535974183
0.05360109474287141 0.05368422709388106 0.05378016248227598 0.05402178128909182 0.05412226302123268
0.05372761755475349 0.05386384051514095 0.05402178128909182 0.05441885226911778  0.0545840571827185
0.05378017731293658 0.05393850535974183 0.05412226302123268  0.0545840571827185 0.05477624210583302

cov.inverse():
 47354879.23115738 -46310721.91066969 -17265722.56284286  15342174.88148979  879927.9617248517
-46310721.89768594  131719715.7249423 -103265163.7295509  16899139.48741171  955797.5630167451
-17265722.57946961 -103265163.7070333   178705574.098529   -68244823.706406  10070999.05967388
 15342174.88144117  16899139.47807193 -68244823.69436109   78987569.4317759 -42984272.54315804
 879927.9654164121  955797.5628225628  10070999.05352009 -42984272.54050162   31077611.2276965

cov*(cov_.inverse()):
    0.9999999995998223 -1.236912794411182e-10                      0 -4.656612873077393e-10 -2.328306436538696e-10
-5.748006515204906e-10     0.9999999987703632  1.396983861923218e-09 -4.656612873077393e-10 -4.656612873077393e-10
-4.729372449219227e-10 -1.244188752025366e-09      1.000000000814907 -4.656612873077393e-10  2.328306436538696e-10
 -4.43833414465189e-10  -1.01863406598568e-10 -1.164153218269348e-09     0.9999999995343387                      0
-4.583853296935558e-10 -1.236912794411182e-09 -3.492459654808044e-10                      0                      1
