5
2

9.442266443624067e-05
0.0001106174657116885
0.0001571779594717598
  0.01847013700683594
   0.5187315735397573

  0.1242927102115449  -0.6096816526522247   0.7501007274792376  -0.0453148333757345  -0.2193970581360867
-0.06551061932423141   0.2135472597235981    0.259317003703615  -0.8360910444493134   0.4287334645232789
  0.5203617358306024  -0.5631182475088116  -0.4015086313598898 -0.05375271487887518   0.4980190436043847
 -0.7152231473412765  -0.2575362799365774  0.09286072080424901   0.3084080094959658   0.5642626163712426
  0.4449035786938854   0.4463840881156365   0.4475168105228247   0.4482114195217171   0.4490403982409061

0.3988281460568001
0.3989872942649199
0.3989622581359004
0.3989507102745656
0.3989405469843265

0.0001616195653640566
   0.3990340327544598

  0.3135252197610755    2.814123033125816    1.163568352745005  -0.5714384148589855   -3.719865586832583
    1.07169023549717   0.3767944677378087  0.05710873893198043 -0.09533049215143388  -0.4102948395992067

  3.39377283667405e-10 -2.874463069962574e-09 -9.166924644720999e-08  -0.001063060877257799  -0.002720561640681912
 3.624500166909125e-10 -8.704428044766411e-10  3.047269940716838e-09 -0.0003817926416239205     0.1193606198891934

cov:
0.05343648055009388 0.05350203233915261 0.05355214530419285 0.05358271283786342 0.05361953315794103
0.05350203233915261 0.05363967101403122 0.05374493246031979 0.05380942399611883 0.05388651388594032
0.05355214530419285 0.05374493246031979 0.05389244155013875 0.05398290170477419 0.05409082903437443
0.05358271283786342 0.05380942399611883 0.05398290170477419 0.05408936485521915 0.05421624992755066
0.05361953315794103 0.05388651388594032 0.05409082903437443 0.05421624992755066 0.05436567923537511

cov.inverse():
 13045419.80264342 -21503320.79919728  611591.4169346698  2711709.389871927   5134663.60237339
-21503320.79997298  58254723.78667096  -37616986.1640195 -10267730.32464419  11133234.23447822
 611591.4171453278 -37616986.16463709  75129336.80724932 -20657712.02804597    -17466339.91851
  2711709.39197523 -10267730.32738255 -20657712.02898272  57476961.83098726 -29262964.78354298
 5134663.600835153  11133234.23705845 -17466339.91798019 -29262964.78511478  30461287.25974846

cov*(cov_.inverse()):
     1.000000000174623 -1.164153218269348e-10 -1.164153218269348e-10                      0                      0
 2.328306436538696e-10      0.999999999650754  2.328306436538696e-10  2.328306436538696e-10                      0
 1.164153218269348e-10                      0     0.9999999997671694  2.328306436538696e-10                      0
 1.164153218269348e-10 -1.164153218269348e-10  2.328306436538696e-10                      1                      0
 1.746229827404022e-10 -1.164153218269348e-10                      0                      0                      1
