5
2

6.446794928012192e-05
9.146462802562104e-05
0.0001044817046676096
   0.0181859583494913
   0.5231122716732407

 -0.3729687100249758   0.8120228193176252  -0.4483229846770279 -0.01081337040221416  0.02007124013575588
  0.3617982018419025  -0.1762349043353665   -0.643021354939912   0.6286859117208232  -0.1712334112633032
 -0.4191443649343091  0.06373738195892124   0.4245269584837892   0.5300809347095198  -0.5992049830090053
 -0.5967119139969252  -0.3262680751785476 -0.07433739027143751   0.3501650939716809   0.6397987138036838
  0.4452519461206348   0.4461467120372716   0.4469685139130681   0.4483700536895699   0.4493186601276148

0.3939507065100112
0.3940302412089256
0.3941475700994332
0.3942196734689363
0.3942624791052039

-0.0005158919373945621
    0.3939603106225256

   0.9666119228263701      1.42421809099946     1.038678623302009   -0.4728537144737134     -2.95681527655093
    1.192535404993057  -0.01351052873173689     1.125850804522665    -1.305446784419301 0.0006536576882507084

 1.147438427246379e-09 -3.012867428376005e-09  1.798656795417604e-08  -0.001050402797955085  -0.002876851862668478
-3.933201692738567e-09 -9.293842874654299e-09 -7.806726708651622e-09 -0.0004126138071305432     0.1212640563723655

cov:
0.05436798036947381 0.05442362233101008  0.0544740323714703 0.05456102536964531 0.05461944861713806
0.05442362233101008 0.05450368366072574  0.0545768263127679 0.05470212851272573 0.05478668771167655
 0.0544740323714703  0.0545768263127679 0.05467115468708517 0.05483213511592785 0.05494103866074533
0.05456102536964531 0.05470212851272573 0.05483213511592785 0.05505326567953031 0.05520318648839424
0.05461944861713806 0.05478668771167655 0.05494103866074533 0.05520318648839424 0.05538111689773405

cov.inverse():
 65211377.74359672 -82939053.43931751 -3876523.690542441  7805938.285803299  13799181.70334589
-82939053.45671488  162738228.4428635 -71568686.04182921 -12262100.98625065   4029565.94033576
-3876523.670133701 -71568686.07870166   114295008.024847 -26542286.83233771 -12306050.21030882
 7805938.293504814  -12262100.9695999  -26542286.8681989  73013800.68081456 -42015941.99618736
 13799181.69263319  4029565.943159853  -12306050.1909115 -42015942.00769594  36493518.15723661

cov*(cov_.inverse()):
    0.9999999989522621 -6.402842700481415e-10                      0                      0                      0
-8.149072527885437e-10     0.9999999987776391  2.328306436538696e-10                      0 -6.984919309616089e-10
-4.656612873077393e-10 -4.074536263942719e-10     0.9999999997671694  9.313225746154785e-10 -2.328306436538696e-10
-5.820766091346741e-10 -1.076841726899147e-09 -8.149072527885437e-10      1.000000000931323 -2.328306436538696e-10
-4.656612873077393e-10 -1.135049387812614e-09                      0                      0     0.9999999997671694
