5
2

3.592445675062097e-05
7.777976142895715e-05
0.0001375386529854025
  0.02100888313380296
   0.5242454521578828

0.006903317709427811   0.3987290445977809  -0.8071819159460952   0.4340170207641814 -0.03246649742917723
 -0.3524644073610818   0.6964117991924418  0.01801686080719417  -0.5840621161381918   0.2220952154099206
  0.4425518783715584   -0.302008468913415  -0.3839888984273536  -0.3958999617481304   0.6393390851705822
 -0.6946016110844012  -0.2564717275631369  0.02430732484667634   0.3354062159545332   0.5819473164278657
  0.4442945223350883   0.4461377507060372   0.4473191557932558   0.4486274186516597   0.4496693195141863

0.3978725615008294
0.3980940759875468
0.3981923910856325
0.3982904176756344
0.3983972622746607

-0.0007382215885285981
    0.3979561474978081

  0.293423509387127   1.226723264958877   5.168058302770762  -6.208120692786103 -0.4802215786375028
  1.543673579858031  -1.821183123821987   3.043487488075999  -2.073814049469333  0.3078287401750581

-8.207030890221483e-09  2.639642799961452e-08 -1.406136875842132e-09   -0.00121576969593222  -0.003201417164070379
-5.268370195320307e-09 -2.891424581049348e-09   2.04743610255948e-08  -0.000462385688472696      0.121698580138409

cov:
0.05446439324917117 0.05455513452606079  0.0546133121954105  0.0546776851119215 0.05472933116364902
0.05455513452606079 0.05473155190766619 0.05484462100344982 0.05496981355815188 0.05506965353114692
 0.0546133121954105 0.05484462100344982 0.05499287495913134 0.05515704682007887 0.05528777432875518
 0.0546776851119215 0.05496981355815188 0.05515704682007887 0.05536441046405146 0.05552936140776202
0.05472933116364902 0.05506965353114692 0.05528777432875518 0.05552936140776202 0.05572146295587146

cov.inverse():
 30926444.78809081 -45506154.20225745 -14350639.22838962  27087521.28345877  1842856.336270617
-45506154.10477676  208179309.9127241 -241179768.6696774  73178309.09576882  5328409.249684693
-14350639.41151924 -241179768.2523605  512698224.1473618 -265158080.3026656  7989781.772200788
  27087521.3661675  73178308.65660012 -265158079.8317105   210633316.321422 -45740355.02854974
 1842856.339210867  5328409.369015638  7989781.535435512 -45740354.91405547  30578962.16982981

cov*(cov_.inverse()):
    0.9999999997817213  1.979060471057892e-09 -2.735760062932968e-09  3.259629011154175e-09 -4.656612873077393e-10
-1.455191522836685e-10      1.000000002211891 -4.074536263942719e-09  2.793967723846436e-09 -4.656612873077393e-10
-5.384208634495735e-10  2.793967723846436e-09     0.9999999971478246  1.396983861923218e-09  2.328306436538696e-10
 4.365574568510056e-11  2.735760062932968e-09 -4.656612873077393e-10      1.000000002328306 -2.328306436538696e-10
-1.455191522836685e-10  4.656612873077393e-10  5.238689482212067e-10 -4.656612873077393e-10     0.9999999997671694
