5
2

5.950324784685901e-05
9.323495372964664e-05
0.0001151507531305643
   0.0124647536398775
   0.5542236700677182

  0.5898716420966801  -0.7978949856859819  0.08731910053190256  0.07625002724479503  0.04445610975784464
  0.3178624500071028   0.1700893255924879  -0.8864370907692132   0.2485842677216319   0.1498940630741879
 -0.1925673678461145  -0.0922804250691415  0.04320399656894328   0.8002896270253552  -0.5586341016675999
 -0.5615931551075839  -0.3561447117498474 -0.07015303070863559   0.3019009589776041   0.6794913065519849
  0.4455848355844007   0.4461821159328739   0.4470085298445401   0.4480894096388453   0.4491936430256109

  0.41672730287029
0.4168219622926966
 0.416835169991725
0.4168528344794308
0.4168759885945215

-0.0002449523356381075
    0.4167388499414976

  3.095454827693245   1.140881498238864   0.210166380038801  -1.523595642378747  -2.922913882469147
  2.130117365669888  0.3515879245386923 -0.3044271732013735 -0.5855910091219456 -0.5917998334867682

 2.435438663618011e-09   1.51959817153505e-09 -3.696312725845062e-09 -0.0007155597964916046   -0.00411187721639444
 3.110175940381215e-09   6.71485215129326e-09   -7.8740196958748e-09 -0.0002919454131585901     0.1356770009183426

cov:
0.06103511590825358 0.06109893429488301  0.0611870879986692 0.06130256307725979 0.06142075338236233
0.06109893429488301 0.06116942742802126  0.0612668589452998 0.06139440809334089 0.06152485234874547
 0.0611870879986692  0.0612668589452998  0.0613772208763547 0.06152156735309894 0.06166906833520049
0.06130256307725979 0.06139440809334089 0.06152156735309894 0.06168779846402027 0.06185747845529757
0.06142075338236233 0.06152485234874547 0.06166906833520049 0.06185747845529757 0.06204970936307319

cov.inverse():
 112694594.1667669 -125368663.6478692 -18493561.24120276  10169606.37127103  20997940.88580962
-125368663.6192116   183779604.499042 -37322911.09306372 -17889499.34177461 -3199157.397245601
-18493561.28507658 -37322911.03318773  92687998.16927043 -20861266.97997546 -16009455.53157223
 10169606.37976992 -17889499.36644704 -20861266.95996373   57052898.0938526  -28471198.5504509
  20997940.8925266 -3199157.403791216 -16009455.53558157 -28471198.54661291  26681254.64135289

cov*(cov_.inverse()):
    0.9999999981373549  1.396983861923218e-09  2.328306436538696e-10                      0  2.328306436538696e-10
-2.328306436538696e-10      1.000000000203727  2.328306436538696e-10                      0  2.328306436538696e-10
-6.984919309616089e-10  2.415617927908897e-09     0.9999999998835847 -2.328306436538696e-10  2.328306436538696e-10
-4.656612873077393e-10  2.328306436538696e-10 -3.492459654808044e-10     0.9999999995343387                      0
-6.984919309616089e-10  -2.91038304567337e-11                      0 -2.328306436538696e-10      1.000000000232831
