6
2

5.186737544753432e-05
7.927849859574367e-05
0.0001097134888395847
0.0001399613107847134
  0.02149258573191796
   0.5704476595778202

 0.01318919103608068   0.3188207936029898  -0.7720319956554997   0.5445714174181859 -0.04446878880658307 -0.06008695901427796
  0.3667109625754431  -0.7357495101545604  0.09367826507494009   0.5308046221851984  -0.1505475267522728  -0.1048904482899569
 -0.1809515667434514   0.1687810167376757   0.2052807408630321    0.178960531744354  -0.8166663243526595   0.4445880779540834
  0.5822453565423669  -0.1458486705481062  -0.4065671631358934  -0.4557060531615756 -0.08376335107990929   0.5096443329142363
 -0.5730982893306418  -0.3762835965174713  -0.1465384148340314   0.1224743240165829   0.3657356221847415   0.5997774531923653
  0.4063918567233358   0.4070353161015732   0.4077749779045073    0.408648486531316   0.4094328264320901   0.4101934333037595

0.4022237645693706
 0.402269400964759
0.4022789877678459
0.4022739044077149
0.4023038091718509
0.4022764916197663

0.0002776752836684183
    0.402443051224171

 0.4888091174570978   1.733133808413728   2.687007782416919  -3.330957635638033 0.01315547108838033  -1.591140938425262
 0.8524966471306605   0.584003009911081  0.3056054162129946 -0.5964318247206623 0.03401865307055033  -0.179742561828369

-8.701188301292802e-09 -1.538184924153836e-08 -6.723843112824786e-09 -6.948237042926226e-09  -0.001239597647502894  -0.002828086871551796
-9.523756337762651e-10 -2.459278984681773e-09 -2.496341104073772e-09  9.094865485846643e-09 -0.0004256739550936935     0.1318706524508425

cov:
0.05389468742757295 0.05392766644772416 0.05396466034141384 0.05400896105214183 0.05404829121589504 0.05408692281860895
0.05392766644772416  0.0539786933273941 0.05403672657584897 0.05410566608716917 0.05416727128892802 0.05422733654989537
0.05396466034141384 0.05403672657584897  0.0541193287756837 0.05421702656369695 0.05430463285540625 0.05438971703196969
0.05400896105214183 0.05410566608716917 0.05421702656369695 0.05434840753801069 0.05446646173630271 0.05458084451289748
0.05404829121589504 0.05416727128892802 0.05430463285540625 0.05446646173630271 0.05461206988729056 0.05475293511190796
0.05408692281860895 0.05422733654989537 0.05438971703196969 0.05458084451289748 0.05475293511190796 0.05491931720482733

cov.inverse():
 41487787.10167544 -48237006.22089557 -13489316.69103344  17404988.45798478  784813.2830309725  2049332.649968556
-48237006.22267273  127365485.3459832 -96554842.28109291  8302258.574038424   1525717.11231858  7596761.767135239
-13489316.68256875 -96554842.25444728  234890612.0684466 -135857772.7370693 -1671501.947802249   12684521.1420002
 17404988.43454682  8302258.543640657 -135857772.6558482  168326252.9245385 -31909154.36262154 -26267533.47247953
 784813.3112498317  1525717.080435711 -1671501.959893472 -31909154.34785937  60107197.89085396 -28836631.37958832
 2049332.638500431  7596761.800992963  12684521.10798067 -26267533.45985667 -28836631.38058174   32773415.4223859

cov*(cov_.inverse()):
    0.9999999997235136 -1.047737896442413e-09  1.746229827404022e-09  2.328306436538696e-10  2.328306436538696e-10 -2.328306436538696e-10
-5.966285243630409e-10      1.000000001280569                      0 -9.313225746154785e-10                      0                      0
-1.891748979687691e-10   1.33877620100975e-09      1.000000000232831  4.656612873077393e-10  6.984919309616089e-10                      0
-2.037268131971359e-10  7.566995918750763e-10 -2.328306436538696e-10      1.000000000931323 -2.328306436538696e-10 -4.656612873077393e-10
-3.055902197957039e-10  5.820766091346741e-10  1.513399183750153e-09 -1.164153218269348e-09     0.9999999997671694 -2.328306436538696e-10
-4.365574568510056e-10  1.746229827404022e-09                      0                      0                      0     0.9999999997671694
