5
2

6.829156431523159e-05
8.388181884124307e-05
0.0001350447974000195
  0.02214243473088424
   0.5312510747167083

 -0.1480046465440775   0.6532444870600354  -0.6914875946164832   0.2602571098709507 -0.07400951276805401
 -0.1420768157620191   0.3388686314979514 0.008860846914805357  -0.7523500780895579   0.5466928519746891
  0.6786161107299945  -0.3653590317343338  -0.5512274815461121 -0.07313700833197351   0.3111144384120191
 -0.5471067870543017  -0.3552562776223297  -0.1356141821843322   0.3993296912979346   0.6297711743224016
  0.4450428528143141   0.4458087547956565   0.4466804775925052   0.4488010387915799   0.4497172354088436

0.4037569818888151
0.4038097632818519
0.4038266191422583
0.4038651176357343
 0.403846915900273

0.000202523061433478
  0.4039666394585111

  0.1714000886284072    1.132769554996953    1.620924662190928   0.1962019519574684   -3.121303004976405
  0.9007342987631946   0.5070337222850505 -0.04975051533153141 -0.03120751668842334  -0.3268485024280109

-5.791092393822217e-10  -1.04144711969611e-08 -3.969273226941995e-08  -0.001276402203970415  -0.002916469685491911
 1.158350766946015e-09 -7.866653727631749e-10  6.456341762930959e-09 -0.0004336492854488289     0.1252208988202124

cov:
0.05604566989696455 0.05609039395450659 0.05614096757739387 0.05626383022681631 0.05631709782045256
0.05609039395450659 0.05615335388804511 0.05622477328917601 0.05639840402666918 0.05647354125685664
0.05614096757739387 0.05622477328917601 0.05632006974933208 0.05655182327954036 0.05665199941992026
0.05626383022681631 0.05639840402666918 0.05655182327954036 0.05692516146833632 0.05708632017185233
0.05631709782045256 0.05647354125685664 0.05665199941992026 0.05708632017185233  0.0572737667377856

cov.inverse():
 32818253.29308077 -41168295.63924725  1254137.625303775   4210500.38179913  2885776.399360519
 -41168295.6469249  115139279.0501043 -85385839.49209994  1684897.725382257  9729585.767380627
 1254137.631258356 -85385839.49382427  119198540.1563901 -37325009.47092427   2257982.29087079
 4210500.394839277  1684897.691902194 -37325009.44788758  95263088.10433787 -63833029.40694893
 2885776.388043473  9729585.794907328  2257982.272064376 -63833029.40435227  48959444.91747131

cov*(cov_.inverse()):
    0.9999999994470272 -5.820766091346741e-10  1.309672370553017e-10  4.656612873077393e-10                      0
-1.164153218269348e-10     0.9999999994179234  5.238689482212067e-10                      0 -4.656612873077393e-10
 5.820766091346741e-11                      0      1.000000000363798  4.656612873077393e-10  4.656612873077393e-10
-5.820766091346741e-11 -6.984919309616089e-10  1.164153218269348e-10      1.000000000931323 -4.656612873077393e-10
-1.164153218269348e-10 -2.328306436538696e-10 -3.346940502524376e-10                      0                      1
