5
2

 7.69377325175288e-05
9.585135975622438e-05
0.0001254169145456924
  0.01402277523755887
   0.5186602893481465

-0.09973801072313446   0.6510904300431275  -0.7381817286898436  0.04998910258884101   0.1368298438721752
 -0.1906407119464146   0.3570501535098267   0.3405249029020634  -0.7973980373525058   0.2904659487049826
  0.5263170738212931  -0.4385254195646039  -0.3725590572455841  -0.2767482224278127   0.5615122121977468
 -0.6915938726918733  -0.2384173733148449  0.01711695124052259   0.2904992739711432   0.6165811002286523
  0.4454174460265393   0.4465971924253473   0.4472552792047576   0.4479710401957014   0.4488194613232007

0.3996360245979912
0.3997251420670399
0.3997022902400756
0.3996861429858092
0.3996663536580561

0.0002518381273473887
    0.399804142266023

  2.163381550928754    1.30682348798053 -0.3965167623138671   1.200963028262545  -4.274685505404816
  1.587669864770672  0.1922697666470831 -0.2762661470725357    0.20138779961558 -0.7050737173778534

 2.385055520780837e-09 -2.094881260813644e-08 -3.176359759208584e-08 -0.0008064820697084208  -0.002872477605296261
 4.993657402052616e-10  -6.37139287136907e-09  6.332450024304672e-09 -0.0002998387160387711     0.1192371004594117

cov:
0.05346445538071418  0.0535441752842979 0.05358827826459429  0.0536368655397591  0.0536941841521254
 0.0535441752842979 0.05366467371394066 0.05373174941638968 0.05380492176682208 0.05389156051971896
0.05358827826459429 0.05373174941638968 0.05381179315818713 0.05389882287565122 0.05400199671544544
 0.0536368655397591 0.05380492176682208 0.05389882287565122  0.0540007024549915 0.05412155926590807
 0.0536941841521254 0.05389156051971896 0.05400199671544544 0.05412155926590807 0.05426354010053288

cov.inverse():
 23249699.16295852    -33051762.71345 -7094212.859915836  6442550.791873883  10453763.35972077
 -33051762.7241092  97716990.99205871  -57573965.2032125  -17775391.8956046   10683182.5768289
-7094212.842221547   -57573965.227489  113500564.9488474 -29233712.48201179 -19597214.42351424
 6442550.787292226 -17775391.89373268 -29233712.47468241  74499379.81725271 -33933054.34888411
  10453763.3572676  10683182.58857397 -19597214.43742588 -33933054.34426457  32393018.26582589

cov*(cov_.inverse()):
     1.000000000116415  2.328306436538696e-10 -4.656612873077393e-10  2.328306436538696e-10                      0
 1.164153218269348e-10      1.000000000232831 -6.984919309616089e-10                      0  2.328306436538696e-10
 1.164153218269348e-10  2.328306436538696e-10     0.9999999986030161  2.328306436538696e-10  2.328306436538696e-10
 1.164153218269348e-10  1.164153218269348e-10 -1.164153218269348e-09      1.000000000698492  2.328306436538696e-10
 2.328306436538696e-10  2.328306436538696e-10 -2.328306436538696e-10                      0      1.000000000232831
