5
2

4.467069991461126e-05
6.734396630572671e-05
0.0001573683409335148
   0.0217771774122191
     0.57732465732727

-0.004256883291081667    0.1558334614059627   -0.5154954383215831    0.7492982619014064   -0.3853756336771349
  -0.1421438722557355    0.6753627782102501   -0.5406568097637335   -0.3363873691221622    0.3438226131880362
   0.5667640302663286   -0.4992433721618931   -0.4918863873662652 -0.008645124466305186    0.4330215157419032
  -0.6791945920218789   -0.2672739082835341 -0.001645806689663446      0.35197292028637     0.585979281907222
   0.4441286285405311    0.4460064611837315    0.4472133052245263    0.4488161960253316    0.4498802948658432

0.4216641645837563
0.4217369646226731
0.4217970342915981
0.4217720423946494
 0.421755447381282

0.0001961247405764332
   0.4218786782299223

 0.7031989229589513   2.538092147006666 -0.2646007748742509  -1.097248224952329  -1.879441664563086
  1.851826599716236  -1.127888863092555 -0.7207442581659356   2.724213725454123  -1.727179038244393

 8.601511049819593e-10  6.712752939978441e-09 -3.820655914104363e-08  -0.001253456715021453  -0.004000732310475148
 5.776402633556321e-09 -9.730378639794217e-09  2.961144296626818e-08 -0.0004782057915151678     0.1475617378361926

cov:
0.06596302619386568 0.06610830409370685 0.06620139367220289 0.06632477348179386 0.06640692292149993
0.06610830409370685 0.06633525786046106  0.0664809887232429 0.06667444012129192 0.06680295956478328
0.06620139367220289  0.0664809887232429 0.06666067458833305 0.06689931439308887 0.06705773817963614
0.06632477348179386 0.06667444012129192 0.06689931439308887 0.06719812230010293 0.06739636098521287
0.06640692292149993 0.06680295956478328 0.06705773817963614 0.06739636098521287 0.06762095576680607

cov.inverse():
 17436060.80810023 -32925091.78631936  6787867.730058318  8746339.930215839 -44839.81499385224
-32925091.78255861  122806134.5794375 -110852885.1235326  8596173.691658204  12375360.59550202
 6787867.750506785 -110852885.2008628  207392734.4101202 -153294688.7428325  49966106.72068151
 8746339.865154687  8596173.906180535 -153294688.9142454  306314960.1814311 -170361181.1238337
 -44839.7741421518  12375360.46207168  49966106.83521138 -170361181.1457845  108063801.1748149

cov*(cov_.inverse()):
     1.000000000513865  1.164153218269348e-10 -9.313225746154785e-10 -1.862645149230957e-09 -9.313225746154785e-10
 3.342393029015511e-10     0.9999999994179234 -1.396983861923218e-09 -1.862645149230957e-09                      0
-4.047251422889531e-11                      0     0.9999999972060323                      0 -9.313225746154785e-10
-5.820766091346741e-11 -4.656612873077393e-10  2.793967723846436e-09     0.9999999962747097  9.313225746154785e-10
 6.821210263296962e-11 -1.164153218269348e-10                      0                      0                      1
