5
2

0.0001745940565835611
0.0002148711021050707
0.0002407384524549923
   0.0207532518069496
   0.5313175693405321

 -0.3291035438388464   0.8835974787515103  -0.1176649930720076   -0.189412999060898   -0.247434876621723
 -0.1831747517147539 -0.07783516169989983   0.2660425407374784   0.6644171976917744   -0.669447422779971
  0.1650651871253097  0.08332444600882161  -0.8433800823915377   0.4943623662236762   0.1006300560646773
 -0.7964681526939265 -0.08122978799261946  0.06173813351348509   0.2775943017673162   0.5274182493842871
  0.4433168545302127   0.4468287606982361   0.4475206759679665   0.4485752530916183   0.4497996353903387

0.4058301233381856
0.4059096750575276
0.4059556336616835
0.4059347265867698
0.4059259830097437

0.0001545405791604798
   0.4060311276781192

   2.783981414296445   -1.865890274645097   0.5664891398976006 -0.08742887789887467   -1.397182242773169
   1.394923669518296  -0.2828789128633599  0.02469902770561297 0.002701159707454298  -0.1393789185795255

-6.917521054351462e-08  3.062141665087434e-08 -2.072016476643461e-08  -0.001202499493364267  -0.003868178295217638
-2.066619184845089e-08 -6.086275060560119e-09  1.003557998125098e-08 -0.0004992948048590462     0.1246536825109207

cov:
 0.0557532739156487 0.05594741369060412 0.05598496025191031 0.05604290160630975 0.05611043942378635
0.05594741369060412 0.05636541105936792 0.05644765409899552 0.05657312869819019 0.05671883221160121
0.05598496025191031 0.05644765409899552 0.05653892145985807 0.05667783025664739 0.05683915780382479
0.05604290160630975 0.05657312869819019 0.05667783025664739 0.05683723207264036 0.05702209500132811
0.05611043942378635 0.05671883221160121 0.05683915780382479 0.05702209500132811 0.05723435305065613

cov.inverse():
 4751429.340162072 -8993276.839667669  -2187359.01309693  816433.8738210429  5612996.898093713
-8993276.839575624   25863419.1035317 -5071778.723876011 -5899812.302469582 -5899095.672322298
-2187359.013213014  -5071778.72358178  14260353.43922309 -2634381.639635027 -4366773.872291777
 816433.8738127424 -5899812.302529633 -2634381.639532886  14955593.51947297 -7237667.904275463
 5612996.898126054  -5899095.67246444  -4366773.87221576 -7237667.904241677  11890652.99028328

cov*(cov_.inverse()):
    0.9999999999417923  5.820766091346741e-11 -5.820766091346741e-11                      0 -1.164153218269348e-10
-1.164153218269348e-10     0.9999999998835847                      0  5.820766091346741e-11 -1.164153218269348e-10
-1.164153218269348e-10                      0     0.9999999999417923                      0                      0
-5.820766091346741e-11 -1.746229827404022e-10  -2.91038304567337e-11                      1 -1.164153218269348e-10
-5.820766091346741e-11                      0  -2.91038304567337e-11                      0                      1
