5
2

9.422557770967112e-05
 0.000130660359789724
 0.000150505545420206
   0.0157196288796836
    0.519607811126785

 0.5352188757907005 -0.8228191531656115  0.1678361151938611 0.03576288272684681 0.08403243919382331
 0.2828939943340196 0.04308830239783298 -0.8741666846216727  0.3170697735567884  0.2311141543921886
-0.1430106101987388 -0.1058755753116213 0.07172584892187374  0.7768724112482365 -0.5997190902087454
-0.6439509876817305  -0.332749862778532  0.0489595172833053  0.3064088577023431  0.6150782323196972
 0.4454063692869588  0.4462957884112291  0.4473499907209212  0.4480743727090505  0.4489327096218224

0.3994065697456825
0.3994264837714739
0.3994794454186619
0.3994680808062531
0.3994463398034199

0.0001907984010893314
   0.3995627561434553

   5.586396650273065   -3.923117336897857   0.7322029003607939  -0.1983066601559332   -2.197137673497335
   2.252555601354012  -0.8912042536485848  0.04104343138377436 -0.03055708035489224  -0.3718358310788924

 5.459478613405892e-08  3.424388381922538e-09  1.885936770178687e-08  -0.000906455462092203  -0.002788004069520356
 1.698857439531841e-08  7.978317013897924e-09 -5.794501237174503e-10 -0.0003434904486666013     0.1196880014929213

cov:
0.05366538589281608   0.053722816634262 0.05378885142294206 0.05383499921789068 0.05388910699743232
  0.053722816634262 0.05380440967798198 0.05390004298940213 0.05396615987017499 0.05404420902138573
0.05378885142294206 0.05390004298940213 0.05403200410390463 0.05412259356717794 0.05422999786464664
0.05383499921789068 0.05396615987017499 0.05412259356717794 0.05422973862198422 0.05435692376120817
0.05388910699743232 0.05404420902138573 0.05422999786464664 0.05435692376120817 0.05450789442190507

cov.inverse():
 37856782.54192693 -48218588.61867973 -4820713.641458763  2504394.840055173  12680059.93384127
-48218588.61444975  76859562.96018951 -18095982.09691197 -6145636.289218565 -4402199.968226339
-4820713.656671656 -18095982.07235477  48160961.85825077 -13099309.78660006 -12144363.50448393
 2504394.854966755 -6145636.317003909 -13099309.77324194  32676861.36079434 -15936437.80489652
 12680059.92991235 -4402199.960768017 -12144363.50849695 -15936437.80441318  19803403.92667952

cov*(cov_.inverse()):
     1.000000000116415 -8.731149137020111e-10  5.820766091346741e-10 -1.164153218269348e-10                      0
-4.656612873077393e-10     0.9999999995343387  3.492459654808044e-10  2.328306436538696e-10 -2.328306436538696e-10
-1.164153218269348e-10 -6.693881005048752e-10      1.000000000116415                      0                      0
                     0 -9.895302355289459e-10  5.820766091346741e-10     0.9999999998835847                      0
                     0 -6.984919309616089e-10                      0                      0                      1
