5
2

  3.4334716860641e-05
5.236585955677328e-05
7.300402736431179e-05
  0.01344281983004764
   0.2330201690294177

  0.2389403113976154 -0.05230234852516336  -0.7287685475839512   0.6331053640195955 -0.09080745580598781
 -0.2571604931909516   0.7534868624337945  -0.4449100525285524  -0.3152052109262465   0.2623485259067489
   0.562431393797055  -0.3443154225419408  -0.2665182766976379  -0.4729114113024211   0.5200390584536323
 -0.5655764777382427  -0.2987521767857443  0.01685353039431398   0.3090919043903381   0.7035968574749211
  0.4904795443560334   0.4708673264773985    0.446805792163428   0.4250179581557254   0.3967846982415962

0.3856484677691319
0.3859343986790224
0.3862403784604953
0.3865889790906884
0.3868527125965914

-0.003020402817167721
   0.3850275054574013

-42.34810208851566  43.66546159571087  96.82496234257584 -133.6224471390076  35.23347938355025
 90.92775028593256 -103.6520412101225  101.2976921056497   -197.73079268867  109.7968112918602

-2.013066889857183e-07  1.427996160008942e-07  8.983633205858646e-08 -0.0007180795632557641    0.01302516424721632
-2.143542214551076e-07 -1.519746203676393e-07  1.121556955300996e-06 -0.0004729880639755379    0.03142761099459972

cov:
 0.01312038252156272  0.01257079066441528  0.01189772217884026  0.01128759450130307  0.01049536114049038
 0.01257079066441528  0.01205495702053611   0.0114227262564071  0.01084989264556314  0.01010674437962724
 0.01189772217884026   0.0114227262564071  0.01083993637893522  0.01031223424392689 0.009628471671261553
 0.01128759450130307  0.01084989264556314  0.01031223424392689 0.009825743719509679  0.00919621419531187
 0.01049536114049038  0.01010674437962724 0.009628471671261553  0.00919621419531187 0.008638098189581838

cov.inverse():
  131901245.685518 -117597186.9116126 -134113042.2504649  107973694.3314166  11869268.53609698
-117597186.8967643  231605597.4915636 -72699621.76640825 -84147815.68176875  42517919.17098562
-134113042.2975771 -72699621.70933349  536031189.4367458 -316589996.9414254  -12434495.4648284
 107973694.3757225 -84147815.73338036 -316589996.9479727  418200105.9849943 -125067157.4733498
 11869268.52406955  42517919.18035393 -12434495.44832124 -125067157.4872022  82840058.09770656

cov*(cov_.inverse()):
     0.999999999825377  1.746229827404022e-10  2.328306436538696e-10 -2.328306436538696e-10                      0
-1.455191522836685e-11     0.9999999998835847  3.783497959375381e-10                      0 -1.164153218269348e-10
 1.891748979687691e-10 -5.820766091346741e-11     0.9999999999272404 -6.984919309616089e-10 -3.492459654808044e-10
 -1.01863406598568e-10 -2.328306436538696e-10   4.94765117764473e-10                      1                      0
-7.275957614183426e-11 -1.164153218269348e-10  3.492459654808044e-10                      0     0.9999999998835847
