5
2

2.290015449369569e-05
6.675153579825689e-05
0.0001209643746974601
  0.01667923336255625
   0.2315174896148361

0.04062705657977134 0.02660341299060096 -0.6465581406742011  0.7433563166055199 -0.1643948234632399
-0.2240972531308456  0.6078962460660721 -0.5010633782004608 -0.3437318502291747  0.4593761871520526
 0.4916249816054329 -0.5783472847057092 -0.3104865347045948 -0.1543749343750794  0.5509861950528471
-0.6677745470766806 -0.2660145220317114  0.2271223510276668  0.3644693310169116  0.5467092213933519
 0.5104036590296608  0.4738196964857024  0.4276816703870531  0.4154519082703526  0.3993383287399217

0.3853563937149508
0.3859207756524255
0.3865491709409932
0.3867958245524181
0.3869040772049976

-0.003020402817167721
   0.3850275054574013

-36.04116539124163  82.49498805780919 -125.9758442260763  110.1166920283418 -30.85679990676572
-20.90413026104176  166.5042699108688 -684.7780051376449  610.1345669561941  -70.7573691014039

 8.868403856615217e-08  3.088805264566215e-07 -8.825756155145675e-07 -0.0008971741382786487    0.01289275730942529
 4.780106913284995e-07  9.214176379143925e-07 -3.970606406958225e-07 -0.0006037057058213995    0.03118991373880172

cov:
 0.01408758631892249  0.01301208448920761  0.01165824058703234  0.01129814670100558   0.0108234634390589
 0.01301208448920761  0.01205324452850315  0.01084498208868859  0.01052421887980523  0.01010149354238701
 0.01165824058703234  0.01084498208868859 0.009818479422302928 0.009546802443566489 0.009188926663575838
 0.01129814670100558  0.01052421887980523 0.009546802443566489 0.009288391751028045 0.008948043543283875
  0.0108234634390589  0.01010149354238701 0.009188926663575838 0.008948043543283875 0.008630862414926277

cov.inverse():
 30937540.02734036 -47943308.38435973 -35321478.45406207  69688410.99199803 -17328601.36104343
 -47943308.3844462   107143833.302315 -88887361.96277247 -3083578.115211584  32554260.90322182
-35321478.45356629 -88887361.96397063  860081275.3856205 -874560534.9151502  139334607.4987779
 69688410.99151517 -3083578.113688107 -874560534.9171973  1081846369.646289 -274278156.0881737
-17328601.36096964   32554260.9028096  139334607.5001199 -274278156.0891756  119643573.3755371

cov*(cov_.inverse()):
    0.9999999999417923                      0                      0                      0                      0
  2.91038304567337e-11      1.000000000174623  2.328306436538696e-09  9.313225746154785e-10 -2.328306436538696e-10
  2.91038304567337e-11  1.746229827404022e-10      1.000000002328306  9.313225746154785e-10 -6.984919309616089e-10
 -2.91038304567337e-11  5.820766091346741e-11  9.313225746154785e-10      1.000000000931323                      0
-5.820766091346741e-11 -5.820766091346741e-11  1.629814505577087e-09  1.862645149230957e-09     0.9999999994179234
