6
2

7.122946430500885e-05
7.887511166705809e-05
9.190055556761399e-05
0.0001538572947025626
  0.01817808347638029
   0.5662634375172729

-0.03478056840654074   0.1388874594739739   0.2394689389633166  -0.6805031273474129   0.6169683998765022   -0.280036962128547
-0.02972530684001798 -0.04032276111054615   0.6070908100097129  -0.4337302989351203  -0.5182804548024572   0.4149634049248788
 -0.2258813127781858   0.8053345246926616  -0.4148214214005852  -0.2187171150735692  -0.1717530697288921   0.2258336353058205
  0.6861575988297667   -0.237952428370684  -0.4617169803778517  -0.3664479816249295  0.02733164676948539   0.3526367525929549
 -0.5572498941781778  -0.3284675958979731  -0.1498962299181553 0.001132233331999665   0.3911962930503142   0.6372416280274805
  0.4068717927538928    0.407441200853364   0.4078812502528331   0.4082535239782182   0.4092122776149924   0.4098222417208524

0.3951520974158282
0.3952005274474948
0.3953063025935072
0.3952952560074044
0.3952653059222996
0.3952491007936412

0.000223518329816614
  0.3953649118490704

  0.6364010974715293   -1.085728062864598    2.114327984612415    2.607601118236327   0.5533007031566975   -4.825862893929142
   1.043563365738667   0.1107976688587145   0.2309481728817707   0.1078743313559849 0.009034370556845889  -0.5022287950078246

  1.27701298353597e-09 -1.313851422854617e-08 -3.083017849425038e-08 -6.920297363756073e-08  -0.001047760133686896  -0.002503704318686301
 5.439208386289704e-10 -9.652860353831915e-10 -3.216636637908582e-09  8.679693114024356e-09 -0.0003201732277419303     0.1301381756248779

cov:
0.05318522562521128 0.05321736876794194 0.05324189646550186 0.05326265649710016 0.05331592048574745 0.05335019749112734
0.05321736876794194  0.0532669410400957 0.05330504329351782 0.05333728784585815 0.05342020845673764  0.0534731932165454
0.05324189646550186 0.05330504329351782  0.0533537611266862 0.05339496284940116 0.05350103324276188 0.05356862009819192
0.05326265649710016 0.05333728784585815 0.05339496284940116 0.05344375784930041  0.0535694047842691   0.053649343189322
0.05331592048574745 0.05342020845673764 0.05350103324276188  0.0535694047842691 0.05374563559225293 0.05385747203708816
0.05335019749112734  0.0534731932165454 0.05356862009819192   0.053649343189322 0.05385747203708816 0.05398944556690495

cov.inverse():
 26311546.60931543 -29194900.91755588 -6830899.522304847  1965079.671615887  3632056.733298019  4117501.138524878
-29194900.92029965  83247602.66676438 -32293147.62825344  -32989194.6742783  3595785.947761082  7633466.612777513
-6830899.529935454 -32293147.58216162  99924480.59527871 -56553483.30443285  -13552624.8822725  9305492.293534877
 1965079.687508434 -32989194.72794415 -56553483.25459645  132847912.3568156 -42593272.03935701 -2677283.099392577
 3632056.727391163  3595785.925734783 -13552624.86725561 -42593272.01340777  121726619.8909646 -72807575.70852178
 4117501.138913489  7633466.639633951  9305492.267143143 -2677283.113278844 -72807575.69548877  54427855.41252346

cov*(cov_.inverse()):
    0.9999999999417923  1.047737896442413e-09 -1.280568540096283e-09 -4.365574568510056e-10 -4.656612873077393e-10  4.656612873077393e-10
 5.820766091346741e-11      1.000000000174623 -5.820766091346741e-10 -1.047737896442413e-09 -4.656612873077393e-10  4.656612873077393e-10
-1.455191522836685e-10  1.222360879182816e-09     0.9999999988358468 -5.820766091346741e-11                      0  4.656612873077393e-10
  2.91038304567337e-11  7.566995918750763e-10  5.238689482212067e-10     0.9999999995343387 -4.656612873077393e-10  9.313225746154785e-10
 -2.91038304567337e-11 -1.746229827404022e-10 -1.164153218269348e-10  5.820766091346741e-11     0.9999999995343387  4.656612873077393e-10
-2.619344741106033e-10                      0  1.164153218269348e-10 -4.365574568510056e-10                      0                      1
