5
2

9.799316847232863e-05
0.0001383330523244487
0.0001558492095211779
  0.02123923076399552
   0.5220243503313771

  0.4686273721555199  -0.8021575857645897   0.2588815552501605   0.2205320062409824  -0.1458683250110245
  0.1051020220993579 -0.05454793904496608    0.492027872422123  -0.8175009776137067   0.2749160083679478
  -0.479610857425603  0.08569334182936798   0.6975135351645374   0.1873392873883058  -0.4909266098600737
 -0.5840106976565653   -0.383890281615337  0.06457891723453246   0.2175020171259754   0.6782935888676349
  0.4452492352373079   0.4459289548725038   0.4474297093646134    0.447944918233185   0.4495024929117427

0.3941428246452949
0.3942374724017311
0.3944069053819056
 0.394429877811451
0.3944921813624477

-0.0003596269429716839
    0.3942786634452098

 0.3912498870730228    1.41466203935119  0.7451401301400025  0.5885381263988854  -3.139655924363216
  1.504539891848471 -0.5878661465707038  0.8676376418912773 -0.4073010208738945 -0.3769203793578373

-1.639756159599066e-09 -1.939797120953882e-08  5.112639294315286e-08  -0.001229283038797863  -0.002509864211493918
 1.312110565804445e-08  1.619762868125086e-08 -1.409832300961347e-09 -0.0004245852148756294      0.121016116490376

cov:
0.05417800873710853 0.05420774788632161 0.05427169084120009 0.05429391903999448 0.05436151962254158
0.05420774788632161 0.05425570262861766 0.05436040304504559 0.05439652931910471 0.05450600833158602
0.05427169084120009 0.05436040304504559 0.05455647115145783 0.05462372382356352 0.05482705865582575
0.05429391903999448 0.05439652931910471 0.05462372382356352 0.05470163728502632 0.05493695937746875
0.05436151962254158 0.05450600833158602 0.05482705865582575 0.05493695937746875 0.05526876048780297

cov.inverse():
 32918295.91750967 -41137955.49686857   1563080.89877323  2572864.669017205  4084272.266606283
-41137955.49779214  67466325.47393404 -20567368.25722879 -15431046.66598913  9668839.351571446
  1563080.89379628 -20567368.25034118  39661064.13049532 -9694369.339327056 -10961827.56716387
 2572864.677774508 -15431046.67769239 -9694369.337083284  41433770.42069711 -18880678.19613173
 4084272.263749525  9668839.355463501 -10961827.56749688 -18880678.19683408  16088939.23100894

cov*(cov_.inverse()):
    0.9999999998544808  8.149072527885437e-10                      0 -1.164153218269348e-10  1.164153218269348e-10
 2.328306436538696e-10      1.000000000349246 -1.164153218269348e-10  3.492459654808044e-10                      0
-5.820766091346741e-11                      0      1.000000000116415                      0                      0
  2.91038304567337e-11  4.656612873077393e-10 -2.328306436538696e-10      1.000000000465661 -1.164153218269348e-10
 2.037268131971359e-10  4.656612873077393e-10                      0  1.164153218269348e-10     0.9999999998835847
