7
2

4.358028500623742e-05
4.791378865050527e-05
6.000040373036742e-05
9.179538490706149e-05
0.0001648194080869839
  0.02435001092474415
   0.6830467135065436

  0.004960543075047841 -0.0001949347391020438      -0.13024340953476     0.3942512570243315     0.1533120000613991    -0.8089539429206319     0.3868680711698503
 -0.004326416576524687    0.01924399561128302    -0.1518793242588575      0.624210600516111     -0.736087815615186     0.2084443804937974    0.04037840712471587
   0.05113516094568199    -0.4801786148416016     0.7801195601878775    -0.1099368229265418    -0.2962356912197129    -0.1410781240339978     0.1961694117531538
   -0.3510930076453836     0.6692805240795739     0.1403434941892909    -0.3829146025770502     -0.342461808539843    -0.1006757997408089     0.3675073929602754
    0.6390761423204533    -0.1634041702046544    -0.3861118333760195    -0.3897130161346816    -0.2176793230617834    0.05586776897690243     0.4619704355904848
   -0.5696759036466859     -0.390829032132086    -0.2008841874289746    0.03697393017520655     0.1969639319338043     0.3536177612006465     0.5631697724985312
     0.375668230691291     0.3763953418579428     0.3771600402408201     0.3781191190335882     0.3787550727155691     0.3793930364309592     0.3802389797793547

0.4224258089117957
0.4224776474659219
0.4224869923147743
0.4225395684212458
0.4225216779236194
0.4225049659903931
0.4224818218532205

0.0002678286610457995
   0.4226491139565626

 0.2031512036508811   1.473617232066505   1.468860513438143  0.2292913701216008  -1.088716408718763 -0.5445406034953518  -1.741689488407466
  1.791135846296397  0.4325645557761146  -1.492758386420028 -0.5469746137572902  -1.336224729096509   4.310448195703424  -2.158004656730567

-9.503795274034587e-10  1.297257372724395e-09  1.732131498627684e-09  6.916942945878233e-09 -3.709463932114879e-08  -0.001402926900064166  -0.004448559346167451
-8.620844495623985e-09   3.85865918553153e-09 -6.682131238582957e-09 -9.343497232387444e-09  3.798470850766526e-08 -0.0005123080257671943     0.1747484719714942

cov:
0.06603545514813899 0.06610246838064925  0.0661723358626181 0.06626009175004231 0.06631751714707083 0.06637642291288109 0.06645391514324014
0.06610246838064925 0.06618872091669521 0.06627898791297357 0.06639228952566302 0.06646689327200078 0.06654262328992962 0.06664261840553994
 0.0661723358626181 0.06627898791297357 0.06639092935088994 0.06653135923449213 0.06662420690065229 0.06671780513730041 0.06684169912685411
0.06626009175004231 0.06639228952566302 0.06653135923449213 0.06670577083353869 0.06682146444115827 0.06693744040928205 0.06709126407880175
0.06631751714707083 0.06646689327200078 0.06662420690065229 0.06682146444115827 0.06695252897371351 0.06708355343437883 0.06725750838122065
0.06637642291288109 0.06654262328992962 0.06671780513730041 0.06693744040928205 0.06708355343437883 0.06722932478126241 0.06742299708647535
0.06645391514324014 0.06664261840553994 0.06684169912685411 0.06709126407880175 0.06725750838122065 0.06742299708647535 0.06764304924673739

cov.inverse():
 30411062.12332939 -38587162.34664886 -3903871.710862817  5078131.665950585   6727685.50071423  999143.6312858732  -724303.281361863
 -38587162.3411556   118350009.538935 -91843336.61624029 -8213994.169929261  7434891.395324837  12314847.19071095  544168.7884205637
 -3903871.72298651 -91843336.56214891   195854568.077502 -92993855.85677752 -28619309.41170251  8642990.321426567  12862494.54748478
 5078131.652146637 -8213994.243111847 -92993855.66927388   277911809.998312 -140586247.6982059 -103167717.8381357  61968089.23979387
 6727685.564840101   7434891.12092663 -28619309.17686432 -140586247.4337319  288428782.1789036 -116882301.3402877 -16497416.01443583
 999143.5730830228  12314847.68646964  8642989.620908443 -103167718.0244251  -116882300.722457  370334581.6874247 -172242461.3636678
-724303.2668495042  544168.5916409183  12862494.86763079  61968089.26213164 -16497416.34322539 -172242461.1951007  114088271.8647501

cov*(cov_.inverse()):
      1.00000000007276 -8.803908713161945e-10 -8.149072527885437e-10  4.656612873077393e-09  1.396983861923218e-09                      0 -9.313225746154785e-10
 4.147295840084553e-10     0.9999999994543032 -1.164153218269348e-09  1.396983861923218e-09  1.629814505577087e-09                      0  9.313225746154785e-10
 1.527951098978519e-10 -8.003553375601768e-11      0.999999999650754 -4.656612873077393e-10                      0  1.862645149230957e-09                      0
 1.600710675120354e-10 -9.604264050722122e-10                      0      1.000000001396984 -4.656612873077393e-10                      0 -9.313225746154785e-10
                     0 -3.637978807091713e-10 -5.820766091346741e-10  2.793967723846436e-09      1.000000002095476                      0                      0
 4.365574568510056e-10 -3.346940502524376e-10 -3.492459654808044e-10  2.793967723846436e-09  2.095475792884827e-09                      1                      0
-1.164153218269348e-10  2.182787284255028e-10 -3.492459654808044e-10  4.656612873077393e-10  6.984919309616089e-10                      0                      1
