5
2

6.672796117197922e-05
7.279319186960405e-05
0.0001460717688076428
  0.02047916324378834
   0.5181790432730815

-0.03264840488373401   0.5562368322724308  -0.7661949954497002   0.3124175668607541 -0.06982235277273133
-0.04355829019339083   0.3781619558679946 -0.08230660500127097  -0.7650923444364105   0.5127919049161006
  0.5581609273940482  -0.5526434054000003  -0.4527440551321792  0.02605693023740938   0.4211715832384462
 -0.6984826612735564  -0.2070801973693591 -0.03630998125679948   0.3393841843691208   0.5939189544196369
  0.4445392086698342   0.4464271271808901   0.4470741074191164   0.4485179820122184   0.4494931304917826

0.3977921526967056
0.3979180502413493
0.3978912561636211
 0.397848574744427
0.3978182591843697

0.000335908251355514
  0.3980205234439031

 0.1025724230193894   1.778913605495286   2.063724723226111 -0.1928131534132294  -3.752379267941831
  1.088677208428428  0.2330083409943146  0.1442468821145314 -0.1088145048051233 -0.3571013751586738

-1.751239713814941e-09 -6.773404218162188e-09  -7.35188844657234e-08  -0.001178085210803397  -0.002888686553034191
-1.136259699587761e-10 -3.764516713985342e-10  5.554935334041405e-09 -0.0004457888789286176     0.1189900258515314

cov:
0.05326615879893118 0.05334754113154699 0.05337474254368691 0.05343703726848784 0.05347887474188193
0.05334754113154699 0.05353118356864046   0.053593900511359 0.05373434479628892 0.05382912673829801
0.05337474254368691   0.053593900511359 0.05366896959663151 0.05383656840146301 0.05394974959529244
0.05343703726848784 0.05373434479628892 0.05383656840146301  0.0540639356601886 0.05421759817983532
0.05347887474188193 0.05382912673829801 0.05394974959529244 0.05421759817983532 0.05439870047861117

cov.inverse():
 15199742.73959076 -21643611.96557018 -5548789.284716052  4679608.796872507  7313230.519652801
-21643611.97152644  110789232.5016793 -89863265.06685625 -16248978.01321971  16964919.69149828
-5548789.268124096  -89863265.1006171  142729908.8357141 -42428778.49703705 -4887107.280791211
 4679608.774536706 -16248977.95987349  -42428778.5190331  132423301.0134281 -78425462.87405363
 7313230.531353178  16964919.66595634 -4887107.275964417 -78425462.86503859  59034301.69957818

cov*(cov_.inverse()):
     1.000000000407454 -1.164153218269348e-10 -5.529727786779404e-10 -4.656612873077393e-10                      0
 1.746229827404022e-10      1.000000000465661  -2.91038304567337e-10 -9.313225746154785e-10  9.313225746154785e-10
 1.746229827404022e-10                      0      1.000000000931323 -9.313225746154785e-10                      0
 1.746229827404022e-10  3.492459654808044e-10 -9.895302355289459e-10                      1 -4.656612873077393e-10
 1.164153218269348e-10  3.492459654808044e-10  1.164153218269348e-10                      0                      1
