5
2

6.894947671601364e-05
0.0001042243197269456
0.0001480213134439463
  0.01890990203521222
   0.5200267087475808

 -0.1932315669313107   0.6768357899142369  -0.6889409280171384   0.1691270959811355  0.03621185082695066
 -0.3487717850791937   0.4501556866121973   0.3803917941991878  -0.6963936336530949   0.2146068257459105
  0.5757557362937712  -0.1690101729414761  -0.4187214317350353  -0.4759556836996204   0.4879338513844875
 -0.5575754837441456   -0.333921623359298 -0.07424733760825811   0.2435197165672935   0.7160945537299133
  0.4456845471028164   0.4463015597073973   0.4470147380933369   0.4478797463710977   0.4491789832510067

0.3990799694589772
0.3991244908456172
0.3991337651351824
0.3991781816856435
0.3991322057334146

0.0003061424712336662
   0.3993032866451519

  0.9968348199521683    2.594566276119452   -1.364334436169235   0.2784831190611568   -2.505619601689056
  0.8407489474039349   0.6709615533577853 -0.07482596111219539 -0.09890423967056178  -0.3380117981964035

 1.169390255557897e-08 -4.674741329537478e-09 -1.420710257543505e-08  -0.001089680751238115  -0.002268744636481467
 1.493976872070163e-09  -2.53306315124672e-10   6.22569542106084e-09 -0.0003409236383243819     0.1202285913212872

cov:
0.05382752304063526  0.0538572833887084 0.05389146399112062 0.05393236561166075 0.05399474348352543
 0.0538572833887084 0.05390505612202223 0.05396012102839547 0.05402657558180231 0.05412695610264195
0.05389146399112062 0.05396012102839547  0.0540394459461445 0.05413556929554251 0.05428007645010659
0.05393236561166075 0.05402657558180231 0.05413556929554251 0.05426801856302842 0.05446651521999507
0.05399474348352543 0.05412695610264195 0.05428007645010659 0.05446651521999507 0.05474535606104063

cov.inverse():
  34182656.0788854 -46404527.17252256  4786266.333429571  2977506.945578165  4458437.141878294
-46404527.16751781  116320422.4264544 -79091585.23326947 -1108924.243208796  10284464.56593895
 4786266.333078155  -79091585.2350477  121162102.1977244 -39800038.31087659 -7057497.956432415
 2977506.935046055 -1108924.226747755 -39800038.31577255  61000951.44070654 -23068754.11331481
 4458437.147756934  10284464.55626104  -7057497.95366614 -23068754.11228177  15383190.54476352

cov*(cov_.inverse()):
     1.000000000145519 -1.164153218269348e-09  5.238689482212067e-10 -4.656612873077393e-10                      0
 -2.91038304567337e-10      1.000000000349246  8.149072527885437e-10 -2.328306436538696e-10  1.164153218269348e-10
-1.455191522836685e-10  4.656612873077393e-10      1.000000000058208 -2.328306436538696e-10                      0
-1.746229827404022e-10 -1.164153218269348e-10  4.656612873077393e-10                      1  1.164153218269348e-10
 1.746229827404022e-10 -2.328306436538696e-10                      0                      0                      1
