6
2

3.630905605990716e-05
 6.01894300750214e-05
9.142528816436016e-05
0.0001384660971600665
  0.02295682174039017
   0.5691698629405213

-0.00364971723420592  0.01859862643195024  -0.4262334082015019     0.79966997744157  -0.4212083332942526  0.03282254612250528
 0.03253010456633737  -0.5611476078230242   0.6888513637794103   0.1559439806593321  -0.4181227555856872    0.101949935302583
 -0.5429776199437321   0.6135646326285483   0.2515996391778211  -0.1235878108620455  -0.4387263047761575   0.2401179916145607
  0.4759045782168956  -0.0489094518511038  -0.2982816371053081   -0.380190013173721  -0.3772461981339722   0.6287222143315994
 -0.5592954100808148  -0.3748192317219631  -0.1593636191441034  0.09694656255919035    0.380814932981359   0.6057093160201056
  0.4059645954956976   0.4067238669757638   0.4076000537007319   0.4086470028912131   0.4098065684371524   0.4107272123359385

0.3982696909963504
0.3983392760844693
 0.398374513592749
0.3984002798090626
 0.398416087978647
0.3984589059901085

-2.664519535471524e-05
    0.3984484963772345

  0.324466094471572 -0.5008866498257087   1.656110043352381   5.472943958229612  -6.333769428260666  -0.618841519651563
 0.8610159222310333  0.2388048161090665 0.07678586447230076  0.8546027154441486  -1.067634474129037 0.03641269770671918

 8.315719813110736e-09  1.764691658177613e-08  1.577247653055663e-08 -7.583284757890534e-09  -0.001324866306427529  -0.003324901124418829
 1.453955556600793e-09  1.921091738788375e-09  5.838746416911506e-10  9.124764700477627e-09 -0.0004663944276062242     0.1310817794877256

cov:
0.05355488692828323 0.05360035591572023 0.05365207909924193 0.05371421911747307  0.0537830472893181 0.05383784170551278
0.05360035591572023 0.05366396451196748 0.05373684650928379 0.05382416137056591 0.05392087108677757 0.05399775193280521
0.05365207909924193 0.05373684650928379 0.05383445007414978  0.0539511641330328 0.05408043486403286 0.05418310867103794
0.05371421911747307 0.05382416137056591  0.0539511641330328 0.05410285984067599 0.05427086876512642 0.05440422945868899
 0.0537830472893181 0.05392087108677757 0.05408043486403286 0.05427086876512642 0.05448178484720557 0.05464913272536388
0.05383784170551278 0.05399775193280521 0.05418310867103794 0.05440422945868899 0.05464913272536388 0.05484343481442795

cov.inverse():
 47387686.90077984   -46161307.940176 -16382322.13299722 -2222305.270912935  16547149.16769039  831761.6184666717
-46161307.92071688   132345143.691369 -93482770.48830748 -20975752.77110072  27580026.29130749  693195.3118596784
-16382322.16694903 -93482770.50410186  281000614.8595536 -226693698.8102441  49339293.89068647  6219666.134312651
-2222305.257231315 -20975752.65860752  -226693698.983862   501134818.105267 -259523025.1162493  8280144.138870529
 16547149.16739975  27580026.19135611  49339294.03870565 -259523025.1455373  213283544.6594174 -47226966.72712485
 831761.6195678577  693195.3345713784  6219666.110165473  8280144.120716433 -47226966.70863668  31202035.97932069

cov*(cov_.inverse()):
     1.000000000494765  7.057678885757923e-10 -1.455191522836685e-09  1.164153218269348e-10 -9.313225746154785e-10                      0
 2.619344741106033e-10      1.000000000523869   1.80443748831749e-09 -1.396983861923218e-09  2.793967723846436e-09                      0
 2.255546860396862e-10   1.01863406598568e-09     0.9999999983701855  2.386514097452164e-09  1.396983861923218e-09  2.328306436538696e-10
 6.111804395914078e-10 -3.565219230949879e-10  1.396983861923218e-09     0.9999999978463165  4.656612873077393e-10  4.656612873077393e-10
 9.458744898438454e-11   1.08411768451333e-09  5.820766091346741e-10 -3.317836672067642e-09                      1                      0
 6.548361852765083e-11  7.275957614183426e-11  1.746229827404022e-10  3.492459654808044e-10  4.656612873077393e-10      1.000000000232831
