5
2

 7.48926985705993e-05
0.0001020804388951612
0.0001149472340901625
  0.01753131907613159
   0.5322462197993939

 -0.5112525631671455   0.8205522787891663   -0.239010245603629 -0.08861982601535556  0.01831402092471821
  0.1721415211931868 -0.02302161128756825  -0.7067770225013961   0.6755726923458476  -0.1179198028986808
 -0.3315832363092109 0.002696885710196131   0.4895793790775427   0.4842084153459971   -0.644902726228028
 -0.6332895012526445  -0.3567700191933947  0.05886090182828564   0.3166637117078515   0.6065633099119078
  0.4449551419392814   0.4459504943374781   0.4474234781262188   0.4483462590332569    0.449378394556607

0.4037354961470109
0.4037514672191004
0.4037986660863503
 0.403779672617514
 0.403753413556084

0.0002388769976282821
   0.4039010423906678

   2.069757662082337   0.3538564941704345    1.041009328499185   -0.669071525311399   -2.795605087433492
   1.710470545792334  -0.2294269322151002  0.05608413839904358 -0.07865672241032318  -0.4585238161052479

-5.656753738954383e-09 -5.314056186929592e-09  1.721950124042817e-08  -0.001009115531562504  -0.003324767914731342
-6.044004402355369e-09  2.719900548601426e-09 -3.735375799222299e-09 -0.0003998895833947104     0.1253673375617324

cov:
0.05620967504300296 0.05628131148532081 0.05638608186410576  0.0564522214139397 0.05652589890211276
0.05628131148532081 0.05637674110088329 0.05651724586439937 0.05660555390836635   0.056704157687321
0.05638608186410576 0.05651724586439937 0.05671147350101184 0.05683308832026157 0.05696915317689055
 0.0564522214139397 0.05660555390836635 0.05683308832026157 0.05697539139900169 0.05713468499013102
0.05652589890211276   0.056704157687321 0.05696915317689055 0.05713468499013102 0.05732013383759287

cov.inverse():
 57766919.62947803 -75240570.73588416 -2176274.924392566  7085817.856206121  12565579.47127201
-75240570.74065596  120093919.2945195 -33304499.47809108 -14358636.10111763  2807419.139791528
-2176274.911209706  -33304499.4993991  76263332.27555446 -24103651.72748035 -16677969.13049597
 7085817.847161499 -14358636.08127568 -24103651.74190586  62943648.61964004 -31567246.01642136
 12565579.47190575  2807419.136485649 -16677969.12419598 -31567246.02004913  32872261.39650761

cov*(cov_.inverse()):
    0.9999999995343387   4.94765117764473e-10 -1.047737896442413e-09                      0  2.328306436538696e-10
-3.492459654808044e-10      1.000000000931323                      0  2.328306436538696e-10  2.328306436538696e-10
-1.164153218269348e-10  5.820766091346741e-10     0.9999999989522621  4.656612873077393e-10                      0
-8.149072527885437e-10  8.731149137020111e-10  2.328306436538696e-10     0.9999999997671694  2.328306436538696e-10
                     0    7.8580342233181e-10  1.164153218269348e-10  2.328306436538696e-10      1.000000000232831
