5
2

6.580589312403458e-05
8.151759034765111e-05
0.0001371692150356501
  0.01460538233221209
   0.5076800423091901

  0.01159748050765238 -0.009832643689677595   -0.5828957132649499    0.7861177014369863   -0.2049886936119182
  -0.1935534257083258    0.7491611414555851   -0.5031767375211108   -0.2970785834851421    0.2446469733751239
   0.6429724786737963   -0.3740623821954911    -0.455009330731772   -0.2403447063365419    0.4264559261838615
  -0.5915860203381846   -0.3150542569826936 -0.004094753420772335    0.1888943434275728     0.717683046834047
   0.4461109077919411    0.4466307788703697     0.447208564560658    0.4475674517644892    0.4485464092146256

0.3826449189027527
0.3826672982250979
 0.382743014752198
0.3827154266301567
0.3826357419614239

0.0005579768136141392
   0.3828992894851876

 0.03377689365229272   0.1861451832371298    2.362697757109933    3.794776369623676   -6.377491515051955
   1.007783425378025   0.2510474087663051 -0.03355458491697283   0.5083049507526117  -0.7335866016238834

 1.260934547495224e-08 -2.487613192780549e-08 -8.946221564460331e-08 -0.0008422846830731881  -0.001896301423846068
 2.506195928100134e-09 -2.130274110481997e-09  2.527406088056987e-09 -0.0002358463642815184     0.1147340468271247

cov:
0.05136858069964806 0.05139344500221689 0.05142063783318743 0.05143755080326883   0.051483388099128
0.05139344500221689 0.05143471665886473 0.05148032384872062 0.05150866619261068 0.05158581809178522
0.05142063783318743 0.05148032384872062 0.05154665592787142 0.05158784782446627 0.05170021858924201
0.05143755080326883 0.05150866619261068 0.05158784782446627 0.05163702713758014  0.0517712551310892
  0.051483388099128 0.05158581809178522 0.05170021858924201  0.0517712551310892 0.05196539191909346

cov.inverse():
 27642457.99485376  -34629112.8861056 -2453845.535007163   2544647.02814298  6896291.779135282
-34629112.87660389  91918763.84464304 -46358018.36217004 -30499245.50921118  19567317.64243588
-2453845.541007102 -46358018.37461142  127565286.8161025 -77508017.85090497 -1245391.562466664
 2544647.017774375 -30499245.46870502 -77508017.89005747  159058672.3935712 -53596519.92247858
 6896291.786002166  19567317.62387254 -1245391.541755217 -53596519.93149347  28378628.81498055

cov*(cov_.inverse()):
     0.999999999825377 -8.149072527885437e-10 -4.583853296935558e-10  4.656612873077393e-10 -4.656612873077393e-10
-2.328306436538696e-10      1.000000000349246  5.093170329928398e-11  4.656612873077393e-10 -2.328306436538696e-10
-1.164153218269348e-10  5.820766091346741e-10     0.9999999994179234  4.656612873077393e-10 -2.328306436538696e-10
                     0                      0 -1.120497472584248e-09      1.000000000931323  2.328306436538696e-10
 5.820766091346741e-11 -3.492459654808044e-10 -6.912159733474255e-10  4.656612873077393e-10                      1
