5
2

6.347850447202614e-05
8.427036265810414e-05
0.0001455490734330391
  0.01405783494628204
   0.5161694288106976

-0.01455058814683836 -0.03697138238494479   0.5117697816485025  -0.7916412522322734   0.3313868066545341
0.001500314738343259   0.4795095515341416  -0.6875747194747935  -0.2681820597820638    0.474750173242118
  0.5821638032368879  -0.6928725194422303  -0.2453223512846644 0.008532141615139259   0.3475012583029902
 -0.6797527641118039  -0.2985883746822237  0.07086494476497314   0.3174154267029592   0.5856677972036934
  0.4458783638206629   0.4466277657943777    0.447356456636343   0.4478360861136641    0.448364989911458

0.3989052957216149
0.3990775255047972
0.3990678434213545
0.3990570591371135
0.3990498969118212

8.887166219475566e-05
   0.3991004081036838

 0.3310226338255637   2.455581998961455   3.170965463392555 -0.4450098319824309  -5.512706709378696
  1.054967714711363  0.4393115590820519  0.2501559441773329  -0.203620347328173 -0.5408265253935609

 2.121596391197408e-10 -2.485607301819064e-08  -8.91037125004024e-08  -0.000810920987709413   -0.00216271095891634
 3.159200029394718e-10 -1.149832676004191e-09  1.244232226575828e-09 -0.0002395069182679193     0.1185160953720706

cov:
0.05305978259804837 0.05309758909707418 0.05313452959659956 0.05315839050016792 0.05318519058083936
0.05309758909707418 0.05316429316194893 0.05322919277041033   0.053271715968385 0.05331882149441013
0.05313452959659956 0.05322919277041033 0.05332122364346413 0.05338183724358489 0.05344863073522647
0.05315839050016792   0.053271715968385 0.05338183724358489 0.05345453451476063 0.05353446405384139
0.05318519058083936 0.05331882149441013 0.05344863073522647 0.05353446405384139 0.05362870035946397

cov.inverse():
 16053412.19500089 -18804720.72864112 -8735111.483427815  3035333.720123729  8451193.891670877
-18804720.72764838  55378734.62228805 -43098678.64545227  -11124405.0831976  17649284.94643453
-8735111.492700236 -43098678.65078469  134410075.6585332  -74675498.7303293 -7901969.888036632
 3035333.734648298 -11124405.06828032 -74675498.79165041  165657785.3579423 -82892037.30259795
 8451193.885426123  17649284.93784248 -7901969.841320616 -82892037.33447762  64693229.69548415

cov*(cov_.inverse()):
     1.000000000349246 -3.492459654808044e-10 -5.238689482212067e-10                      0                      0
 1.746229827404022e-10                      1 -2.328306436538696e-10                      0  4.656612873077393e-10
-5.820766091346741e-11 -1.164153218269348e-10      1.000000000640284                      0                      0
 1.164153218269348e-10 -2.328306436538696e-10 -9.313225746154785e-10                      1  9.313225746154785e-10
 5.820766091346741e-11  2.328306436538696e-10  5.820766091346741e-11                      0                      1
