6
2

2.585046700237417e-05
 3.77059687593662e-05
5.658426864151957e-05
9.941323386735898e-05
  0.02366786540686122
   0.5693835523858392

0.002212999263001375  0.01376141232784713  0.04797936602867776    -0.48507677076112   0.7908771094642029  -0.3697534729978911
 0.02547933590483728  0.07761244835059322   -0.652377555968224   0.6216160956085794   0.2627568594701392  -0.3350864041609817
 -0.1612645660140846   0.7532574874895779   -0.436588961635464   -0.361462906959346 -0.07600172118194604   0.2820554575560031
   0.711622982747198  -0.3509090859379053  -0.4343958810461742  -0.2716668432974259  0.01724216672350149   0.3281091225519543
 -0.5494241120424123  -0.3710330316080407  -0.1630942022867982  0.08321026304650438   0.3628604672036162   0.6287099881559796
  0.4062825634417345   0.4069243072054418   0.4076666324253573   0.4085482852948377   0.4095497014182418    0.410502550913426

0.3992423260148193
0.3993255538165101
0.3993800105954034
 0.399426352005073
0.3994678892287759
 0.399503212357355

-0.0002488026254985451
    0.3993896929312509

-0.05220738806564788  0.09597332223676225   0.6232646378250709     2.65051027021577    1.699337024676464   -5.016849217902871
  0.7224081104043438   0.3760576524686965     0.15006247114964  0.03132718108685703   0.4871614347953303  -0.7669651083525006

 1.299320230483711e-09  4.797953248566855e-09 -8.624447696540971e-09 -2.647063273042046e-08  -0.001358713708704485  -0.002813348827160792
 4.461551575673647e-10  5.035432499815567e-10 -5.232399937534866e-10  6.441196080480394e-10 -0.0004838353591881957      0.131357952678658

cov:
0.05368295197059102 0.05371256847526003 0.05374634719262331 0.05378667093793362  0.0538325073147901 0.05387619423437955
0.05371256847526003 0.05376015876837681 0.05381486837527614 0.05387998709776639 0.05395397475718251 0.05402442371266641
0.05374634719262331 0.05381486837527614 0.05389398283987364  0.0539880016897492   0.054094803262658 0.05419644682870459
0.05378667093793362 0.05387998709776639  0.0539880016897492 0.05411625840063907 0.05426192949108715  0.0544005250750314
 0.0538325073147901 0.05395397475718251   0.054094803262658 0.05426192949108715 0.05445173555423636 0.05463228662524309
0.05387619423437955 0.05402442371266641 0.05419644682870459  0.0544005250750314 0.05463228662524309 0.05485272522147542

cov.inverse():
 59827212.47509015  -61769743.1282187 -20821206.04540322  8178182.425072942  12397190.09086714  2188831.657155763
-61769743.20539395  194192957.4605184 -121914006.0258949 -51448154.13978196  12137841.10154885   28799856.1790825
-20821205.97132306 -121914006.4198535   381419801.243399 -258832587.7922302 -54178634.88651793  74326930.43028437
 8178182.244765298 -51448153.13670247 -258832589.0728548  672173775.4819231 -451104232.1967772  81033412.75781488
 12397190.53042522   12137839.8746755 -54178633.41200807 -451104233.0378767  986407008.9012845 -505658142.0700797
 2188831.401000045  28799856.71966037  74326929.91651909  81033413.14106639 -505658142.2239913  319308187.3872095

cov*(cov_.inverse()):
     1.000000000276486 -1.396983861923218e-09                      0   1.30385160446167e-08                      0                      0
 3.346940502524376e-10     0.9999999976716936  3.259629011154175e-09  9.313225746154785e-09                      0                      0
 3.783497959375381e-10 -1.862645149230957e-09                      1  7.450580596923828e-09 -3.725290298461914e-09                      0
-4.220055416226387e-10  4.656612873077393e-10 -1.862645149230957e-09      1.000000007450581 -3.725290298461914e-09                      0
 5.384208634495735e-10 -9.313225746154785e-10  3.725290298461914e-09  7.450580596923828e-09     0.9999999962747097  3.725290298461914e-09
-6.693881005048752e-10 -9.313225746154785e-10 -9.313225746154785e-10  9.313225746154785e-10                      0     0.9999999962747097
