6
2

6.951354246496741e-05
0.0001007408725023447
 0.000115717970991345
0.0001456415324326519
  0.02054323464190072
   0.5685235705358483

  0.1922895958689498  -0.6751737153229904   0.6938610684630888  -0.1528904177412473 -0.04720008821615629 -0.01089288593810549
   0.283304744153747   -0.410192525582172  -0.3209847770194685   0.7719596733548393  -0.1593669068701523  -0.1647110759080641
  -0.189278200226218   0.1829060060305927   0.2210779915837383   0.1800228331327251  -0.8184646612727222   0.4237346520087267
    0.58273488955303  -0.1824549092822105  -0.4253583809892913  -0.3969108504284674  -0.1049338308443945   0.5269261525632202
 -0.5849004378990993  -0.3786674379200496  -0.1392388928030387   0.1539995938847314   0.3520706613871931   0.5894449545201099
  0.4065075920849697    0.407122974774565    0.407839295168424   0.4087058408233885   0.4092982768708663   0.4100049103753501

 0.399313506220317
0.3993664230202196
0.3993860316123456
0.3994434590718524
0.3994343597178402
0.3994167107622379

0.0001743281546856843
   0.3995187020517848

   1.026145517562033    2.385575345309787   -1.160179416578367   0.5892909025615005   -0.488348922914142   -2.352500322605382
  0.9638341477512214   0.6503058366456832  -0.3025858184229926  0.01848471698973408 -0.04243540669531945  -0.2876196043255158

-1.091958215722031e-08  6.137795453399181e-09 -6.768099976818465e-09 -1.624888044995002e-08   -0.00118582246638503  -0.002708156648808671
-2.229433975834584e-09  1.743956877771671e-09 -2.868248260312116e-09  8.851064178998081e-09 -0.0004007099288069693     0.1310377159123008

cov:
0.05355582500200021 0.05358576051626247 0.05362077590208317 0.05366225134661759 0.05369120335067457 0.05372545929352669
0.05358576051626247 0.05363379079062573 0.05368978517491632 0.05375695029116626 0.05380325571920633  0.0538583079955515
0.05362077590208317 0.05368978517491632 0.05377014880396631 0.05386713996822667 0.05393359443678824 0.05401279335009641
0.05366225134661759 0.05375695029116626 0.05386713996822667 0.05400067884904172  0.0540918012636574 0.05420057356046048
0.05369120335067457 0.05380325571920633 0.05393359443678824  0.0540918012636574 0.05419961806411758  0.0543283553622419
0.05372545929352669  0.0538583079955515 0.05401279335009641 0.05420057356046048  0.0543283553622419  0.0544810628175911

cov.inverse():
 34246049.20720441 -45915862.99790429   3840588.55417018  2016333.532549954  2358730.641494055  3454276.632589928
-45915863.00268239  114986545.2143325 -77298009.62324685 -3965484.067110423  2759080.556455723  9434226.439248918
 3840588.565436662 -77298009.65568949  121965653.2991732 -35438174.70432461 -13145742.23213295  74391.90012602873
 2016333.526804942 -3965484.026659186 -35438174.75814478  73403698.93574643 -19668482.88738745 -16347067.85837709
 2358730.636934944  2759080.558205676 -13145742.20998457 -19668482.91604738  53509300.56847887 -25812901.00653569
 3454276.636405528  9434226.424712885  74391.91062119787 -16347067.84883152 -25812901.01585601  29196965.77669518

cov*(cov_.inverse()):
     1.000000000029104 -1.746229827404022e-10 -1.298303686780855e-09 -3.492459654808044e-10  2.328306436538696e-10                      0
-4.365574568510056e-10      1.000000000698492 -9.113136911764741e-10 -1.164153218269348e-10                      0                      0
 8.731149137020111e-11 -4.656612873077393e-10     0.9999999991491677 -1.164153218269348e-10  4.656612873077393e-10                      0
-1.455191522836685e-10  5.820766091346741e-10 -1.308762875851244e-09      1.000000000116415 -2.328306436538696e-10                      0
-2.328306436538696e-10  4.656612873077393e-10 -5.402398528531194e-10 -3.492459654808044e-10     0.9999999997671694  2.328306436538696e-10
 5.820766091346741e-11 -1.164153218269348e-10 -3.856257535517216e-10  1.164153218269348e-10 -2.328306436538696e-10      1.000000000232831
