5
2

0.0001358033627537026
0.0001656776022510729
0.0002049047638224532
  0.01415678733447547
   0.5784054014973525

 0.5611498510517764 -0.7347526420839726 -0.2418777570019176  0.2224170691674542  0.1930678575679355
 -0.136363017419267 -0.4163915212467204  0.7844681738476458  0.1720802893222892 -0.4037589463541976
 0.1426783337621703 -0.1351365835954293  0.3549308274794383 -0.8016000083458934  0.4391383963782163
 -0.669405500620362 -0.2631569796713228 0.01041845132520177  0.2784614144940498  0.6363924703352696
 0.4450338649574157  0.4463666248823796  0.4472364010952224  0.4481246351491444  0.4492945672273559

0.4218761865970549
0.4219241450600943
0.4219007664874028
0.4218945174866017
0.4218669102689012

0.0002678100640031781
   0.4220381654681786

  4.060414034003411  -0.224899047784949 -0.9156549595093892  -1.303345545356391  -1.616743621900065
  2.170493902921734 -0.4891809707903019 0.03083199268518885 0.08673275466548705 -0.7989606525624549

 3.805058279784013e-08 -2.058273307927262e-08  2.601108554502215e-08 -0.0008137303560040953  -0.004461355262271293
 2.646467658502857e-08  7.395188881150515e-09 -1.412716503369568e-09 -0.0003623874784526758     0.1476304009400552

cov:
0.06634971735549793 0.06649363263919582 0.06658643232672398 0.06668271900870699 0.06680889680695237
0.06649363263919582 0.06667125453811906 0.06678668931829666 0.06690520270669374 0.06706103489083083
0.06658643232672398 0.06678668931829666 0.06691743107380502 0.06705085956224392 0.06722666329121388
0.06668271900870699 0.06690520270669374 0.06705085956224392  0.0671990216236317 0.06739435015132639
0.06680889680695237 0.06706103489083083 0.06722666329121388 0.06739435015132639 0.06761588639547682

cov.inverse():
 18238577.63960429 -20746023.91707399 -10050611.35017695  3187635.442478501  9370446.237400895
-20746023.91130108  36024391.33600604  -3406043.53787243 -8891826.423118537  -2981225.25468242
 -10050611.3597985 -3406043.521390847   28592056.9355921  -4775511.87331906 -10358852.65722996
 3187635.444796704  -8891826.43088221 -4775511.866998565  19065744.30641448 -8585985.857313048
 9370446.238930911 -2981225.257626879 -10358852.65669013 -8585985.856438365  12555243.40951106

cov*(cov_.inverse()):
     1.000000000232831  1.164153218269348e-10  1.164153218269348e-10  2.328306436538696e-10  1.164153218269348e-10
                     0     0.9999999999126885 -2.328306436538696e-10  2.328306436538696e-10  1.164153218269348e-10
                     0  2.619344741106033e-10                      1                      0                      0
 3.492459654808044e-10 -3.201421350240707e-10 -3.492459654808044e-10      1.000000000116415  3.492459654808044e-10
 1.164153218269348e-10                      0 -2.328306436538696e-10                      0                      1
