6
2

4.731431138598715e-05
5.881991392191909e-05
 7.43232397266611e-05
0.0001300585203845926
  0.02378820934797743
   0.5812941614867964

-0.02199414621808788  -0.1416081602713971   0.6529499475291618  -0.7160512152014905   0.1990626037424059  0.02764940321444985
 0.01509380084717256  -0.1833636259286127   0.3335897814213913    0.141208774289619  -0.7809383912739228   0.4744081857342334
 -0.2454655610551874   0.7545383897984458  -0.2578974142510532  -0.4108036696378636  -0.1675826002287839   0.3272060780173188
  0.6859168858646472  -0.2702659845439555  -0.4507954033668164  -0.3551277078362802  0.03547355956873743    0.354801022104014
 -0.5513101898483631  -0.3723887691693983    -0.16305997257577  0.07419840820621282   0.3911895114765759   0.6101315324090647
  0.4057218176276596   0.4065459754397005   0.4075022664016144   0.4085951439148182   0.4100460627887945   0.4110526902878456

0.4057146257807356
0.4057551050981126
0.4057626807431582
0.4057534416553742
0.4057683190268293
0.4057403220162629

0.0003120721166282964
    0.405936702754554

 0.2303979143082304  0.4689028680276784   1.179985069034655   1.307957411095511  0.4573694996698017  -3.644618197898936
  0.833035122138473  0.6889259040879867  -0.483148476114895  0.2374115971672958  0.3660075867366924 -0.6421708938726794

 -5.53588776917129e-10 -5.502403939993354e-09 -1.001804102963803e-08  -3.79240586710757e-08  -0.001381747936444766  -0.003787175762781216
-1.222853228994187e-09 -2.878122239039589e-09  3.919463254153195e-10  5.139350859884156e-09 -0.0004912064651184561     0.1366126567849969

cov:
0.05579426522647851 0.05585142136531897 0.05591721762815821 0.05599302794879944 0.05609305193291615 0.05616275382033241
0.05585142136531897 0.05592694358812521 0.05601419701562792 0.05611433169601365 0.05624684982382834   0.056338996205078
0.05591721762815821 0.05601419701562792 0.05612656399440472 0.05625515398613503 0.05642568748173321 0.05654409205843695
0.05599302794879944 0.05611433169601365 0.05625515398613503 0.05641600636489358 0.05662963297207906 0.05677780412030771
0.05609305193291615 0.05624684982382834 0.05642568748173321 0.05662963297207906 0.05690084005847601 0.05708877665240984
0.05616275382033241   0.056338996205078 0.05654409205843695 0.05677780412030771 0.05708877665240984 0.05730418998783177

cov.inverse():
 39004263.96229981 -43896840.56032873 -11779368.64732128  11505215.19168434  3522191.950268472  1644771.176393113
-43896840.53237662  126059607.6287698  -87007440.6930256 -12628481.10347435  5338852.052762034  12133167.27750832
-11779368.67489858 -87007440.62740825  246666134.6793253 -166593386.7878898 -10358062.93969789  29074607.77672743
 11505215.15416293  -12628481.0822365 -166593386.7644995  272805351.5119529 -83827476.11808753 -21263673.23195589
 3522192.014064978  5338851.917329131 -10358062.84877422 -83827476.13923042   199132144.277901 -113806421.3434298
 1644771.149743259  12133167.35403787  29074607.70045417 -21263673.20370624 -113806421.3452869  92217207.88454676

cov*(cov_.inverse()):
     1.000000000451109 -1.396983861923218e-09  1.396983861923218e-09 -6.984919309616089e-10 -9.313225746154785e-10                      0
 1.164153218269348e-10     0.9999999994179234  1.862645149230957e-09 -4.656612873077393e-10                      0 -9.313225746154785e-10
 6.111804395914078e-10 -5.820766091346741e-10      1.000000000465661 -6.984919309616089e-10 -9.313225746154785e-10  9.313225746154785e-10
 1.891748979687691e-10                      0  2.328306436538696e-10     0.9999999965075403  1.862645149230957e-09                      0
 6.402842700481415e-10 -5.820766091346741e-10 -6.984919309616089e-10                      0      1.000000000931323 -9.313225746154785e-10
 1.455191522836685e-11  2.328306436538696e-10  2.328306436538696e-10 -6.984919309616089e-10                      0                      1
