5
2

6.294634718029861e-05
7.096330795477604e-05
0.0001401909741716947
  0.01969323047199512
   0.5201212317469149

-0.06329834268933054   0.5483359498555939   -0.794702554767109     0.24378189685337  0.06587292404282007
-0.08296208286589661   0.4885146836135345   0.1186286342031149  -0.8111879249238277   0.2870053907253292
   0.576173870994646   -0.464707559336523  -0.3923317628660562  -0.2192229142715558   0.5000876487009408
 -0.6776432690907185  -0.2130131907302471  0.01978072076602356   0.1841711570936936   0.6790542602853694
   0.444897609409654   0.4464900389262268   0.4472802337753404   0.4478468889893105   0.4495401192081797

0.3978850759771359
0.3979176399541812
0.3979601485856997
 0.397938017414715
0.3978648840346248

0.0004334833634343081
   0.3981240894219753

 0.3112288022215324  0.8477843342602415   1.721057264442658   1.241924190757768  -4.121995079869128
  1.073719631523568 0.04010122666350718  0.3574279708501208  0.0160563791869229 -0.4873394105258101

-3.531655724536305e-09 -8.047028647404161e-09 -6.335293734124109e-08  -0.001135461107360475  -0.002711528590971408
-1.419326293633998e-09 -9.063445272366242e-10   4.17737621084682e-09 -0.0004099461533131187     0.1200007080279536

cov:
0.05372437574090152 0.05379391515651043 0.05382784187958817 0.05385284178585584 0.05392658245013381
0.05379391515651043 0.05394788873103028 0.05402409822040517 0.05407896077092646 0.05424259403774792
0.05382784187958817 0.05402409822040517 0.05412150187879844 0.05419132366102119 0.05439999829740578
0.05385284178585584 0.05407896077092646 0.05419132366102119 0.05427172214560704 0.05451220391681057
0.05392658245013381 0.05424259403774792 0.05439999829740578 0.05451220391681057 0.05484845919555689

cov.inverse():
 19270610.96911122  -30431174.1082559 -760531.9086794705   3042207.69538803  8879066.566091908
-30431174.11057319   134262602.937604 -89194455.05335726 -39771667.57075234  25133191.16197157
-760531.8983150272 -89194455.05795053  170019041.9336836 -63628064.97184286 -16433971.89483485
 3042207.685758334 -39771667.57098416 -63628064.95171107  148114177.2716117 -47757058.14014787
 8879066.567674549  25133191.16447936  -16433971.9091955 -47757058.12987781  30178501.98254823

cov*(cov_.inverse()):
     1.000000000058208 -4.656612873077393e-10  9.313225746154785e-10 -9.313225746154785e-10                      0
-1.164153218269348e-10     0.9999999993015081 -3.492459654808044e-10 -4.656612873077393e-10  2.328306436538696e-10
                     0  2.328306436538696e-10     0.9999999991850927 -4.656612873077393e-10  2.328306436538696e-10
-1.746229827404022e-10 -2.328306436538696e-10 -1.164153218269348e-10      1.000000000465661  2.328306436538696e-10
-1.164153218269348e-10  4.656612873077393e-10 -4.656612873077393e-10 -4.656612873077393e-10      1.000000000232831
