5
2

3.421842369475172e-05
8.115091355680942e-05
0.0001541105317963046
  0.01589700167370434
   0.2291339815712646

 -0.2240341855185931   0.8209551418227028  -0.5108229375096356  -0.1177036887294052  0.03235903285645973
 -0.2804809174135269   0.3311881424153211   0.7184419906171501  -0.3807978968077056  -0.3879161471184858
  0.1351968141387429 -0.07201472659164539  0.03809219193095514  -0.7475653259554683   0.6451594910901139
 -0.7663750386364195 -0.06836767095985907   0.1842590029742312   0.3246733913026401    0.518296218899517
  0.5152962839839306   0.4544081977251406   0.4330111284585326   0.4205616195701373   0.4044900695049916

0.3853545158828653
0.3862474332632283
0.3864943949359951
0.3869379083024005
0.3868552635889785

-0.003020402817167721
   0.3850275054574013

 48.46218857574218 -316.8698947119464  414.4832006421763 -60.01093105851287 -86.48090603474957
 208.9001545388224 -992.4261662385096  1010.061411784913 -109.9297577199033 -116.7590410766407

-5.602239260491832e-07  1.551834847080711e-06  8.129150141961611e-07 -0.0008620028264134311    0.01265224985831932
-1.602189723996689e-06  2.802460150548709e-06  3.444681029502286e-06 -0.0005913842776355588    0.03079841808839912

cov:
  0.0140893991186296  0.01230692756279301   0.0116791179312486  0.01131511016485951  0.01084281061347423
 0.01230692756279301  0.01084223214190368  0.01032738590865802  0.01002794490676927 0.009641170125029836
  0.0116791179312486  0.01032738590865802 0.009852708742599163 0.009576212412539736 0.009219857111828463
 0.01131511016485951  0.01002794490676927 0.009576212412539736 0.009312858812055947 0.008973853135974303
 0.01084281061347423 0.009641170125029836 0.009219857111828463 0.008973853135974303 0.008657928864153282

cov.inverse():
 55583428.94225615 -171592727.3497143  67355494.54752259  34482857.56314691  14001264.08116707
-171592727.3377671  592471520.5045793 -322138585.3683047 -99409681.52149467  1222963.538914472
 67355494.51968475 -322138585.2945805  301293846.2313799  8608088.640958354 -55401691.08460508
 34482857.57502237 -99409681.56948021  8608088.679486912  57382346.82455153 -1128623.576859452
 14001264.08519897  1222963.525103981 -55401691.07730576 -1128623.574393012  41270947.02070902

cov*(cov_.inverse()):
                     1  7.457856554538012e-11  1.164153218269348e-10 -1.455191522836685e-10 -5.820766091346741e-11
-5.820766091346741e-11      1.000000000934961 -2.328306436538696e-10  2.182787284255028e-11 -5.820766091346741e-11
-3.055902197957039e-10  5.438778316602111e-10     0.9999999994179234 -8.185452315956354e-11  5.820766091346741e-11
  2.91038304567337e-11  1.364242052659392e-10 -2.328306436538696e-10     0.9999999998926796                      0
-1.891748979687691e-10  6.384652806445956e-10 -8.731149137020111e-10 -1.982698449864984e-10                      1
