5
2

0.0001036094276291523
 0.000122066257185594
0.0001484848195475188
  0.02238257351847416
   0.5221527173198235

  0.5241075018048537    -0.78017716474564    0.292841430566206   0.1045082947940345  -0.1412686484132672
 0.03575503614528973 -0.02083483551998285   0.3789457382882231  -0.8202772644777671   0.4264186016500338
  0.3895806986207891  -0.1198718225549285  -0.7448375259586314 -0.05071467355156904   0.5258352472304235
 -0.6120846779852767  -0.4220938281926154   0.1240002843173077   0.3351576107098389    0.565227788285274
  0.4445358592733807   0.4453729309212368   0.4477555285981223   0.4486876681723548   0.4496945466231223

0.3984213371303365
0.3984984179547122
  0.39863428778251
 0.398643087199277
0.3986546616297976

-0.0001025627652834589
    0.3985913820289391

 0.4347466271277949   1.864122744891407  0.6917131043920169 -0.3013572336900523  -2.689212665482685
  1.101907146594758  0.1630864009830515  0.2095435626750999 -0.1460345662126355 -0.3285055531585149

-7.251677384885181e-09 -9.844638337984883e-09 -4.339216795579765e-08  -0.001296627243232961  -0.003089296385138942
 5.826806535134174e-09  1.417221545304522e-09  1.947315621603223e-09 -0.0004769024409656932     0.1207932489058395

cov:
0.05406535209503906 0.05410853410087593   0.054229849976909  0.0542780796744037 0.05432956820511708
0.05410853410087593 0.05417001479834812 0.05434384417309868 0.05441238073636773 0.05448599340671878
  0.054229849976909 0.05434384417309868 0.05466864615941096 0.05479553820845411 0.05493274465895628
 0.0542780796744037 0.05441238073636773 0.05479553820845411 0.05494503697102236 0.05510682444657612
0.05432956820511708 0.05448599340671878 0.05493274465895628 0.05510682444657612 0.05529543746079105

cov.inverse():
 32558732.83460972 -40257957.64498033  2045311.488195305  2237477.606818324  3416883.342772677
-40257957.64061121  57381857.88055165 -17763082.76038807 -6172869.377406027  6811268.005629136
 2045311.474552058 -17763082.74320726   42788820.3027517 -16297251.36613614 -10773027.16709725
  2237477.61423304  -6172869.38799799 -16297251.36221985  46291827.21373121 -26059457.81243409
 3416883.344631813  6811268.003409697 -10773027.16747583 -26059457.81169519  26604191.67845153

cov*(cov_.inverse()):
     1.000000000029104 -6.402842700481415e-10  5.820766091346741e-10 -2.328306436538696e-10                      0
 1.455191522836685e-10      1.000000000058208 -1.164153218269348e-10  2.328306436538696e-10                      0
 2.037268131971359e-10 -1.746229827404022e-10     0.9999999997671694                      0  2.328306436538696e-10
 4.074536263942719e-10 -5.820766091346741e-11  2.328306436538696e-10     0.9999999997671694  2.328306436538696e-10
 2.619344741106033e-10  -2.91038304567337e-10 -1.164153218269348e-10                      0      1.000000000232831
