6
2

6.551157149968172e-05
7.409781516332834e-05
8.167487535390765e-05
0.0001641827223538744
  0.01767488248661863
    0.568333791538039

-0.01580303322545348  -0.1146170494147935   0.6557242372437593  -0.7308808870765382  0.07706524464244538   0.1285029096550941
-0.01467078243916231  -0.1144168885849879   0.2963478961140102   0.2658690745159623  -0.8225297934068206   0.3893967673108132
-0.04564764840395887   0.6932942587821244  -0.3999875765726714  -0.4219287890217827  -0.1992780202195487    0.373542058106506
   0.600065358059042  -0.5146214360003493   -0.384420271534999  -0.1947969660023582  0.06323809048836614   0.4305374367543802
 -0.6871694687055862  -0.2493072316885712 -0.08921695925161351   0.1106794535038386   0.3262140534369797   0.5822532177677223
    0.40641236671027   0.4075849116030202   0.4080134516927905   0.4085426069888164   0.4091201448661637   0.4098075116389651

0.3992074362190283
0.3993800212465387
 0.399375858987002
0.3993663540176877
0.3993616509210508
0.3993566222418912

6.60534592971383e-05
  0.3994008702614246

 0.5535502210611724    1.18175385755877  0.9011649638259374   1.250664812665432   1.473198574774618   -5.36033779104364
  1.099801940704733  0.2188052569370521  0.1086102580106484 0.01988042136013857  0.1220937317732818 -0.5692080666949038

-4.474830447854377e-09 -1.560840967844027e-08 -1.594317069046668e-08 -8.304338492612698e-08   -0.00101763990103123  -0.002816423996179769
-2.124706157496947e-10  -1.78864378673144e-09 -1.249381843593034e-09  7.126675835355978e-09 -0.0003465732272199055     0.1309056593266603

cov:
0.05349830793391693 0.05355821554195819 0.05358010642005474 0.05360666083439653 0.05363621042862817 0.05367148384082366
0.05355821554195819  0.0536784991203183 0.05372244100627915 0.05377653422139486 0.05383577886835402  0.0539063270044816
0.05358010642005474 0.05372244100627915  0.0537744606188645 0.05383862055876164 0.05390872405727489 0.05399217249590767
0.05360666083439653 0.05377653422139486 0.05383862055876164 0.05391536328840233 0.05399902184980858 0.05409857817378326
0.05363621042862817 0.05383577886835402 0.05390872405727489 0.05399902184980858 0.05409731224159805 0.05421423310171698
0.05367148384082366  0.0539063270044816 0.05399217249590767 0.05409857817378326 0.05421423310171698 0.05435180028082276

cov.inverse():
 13769289.22524163  -15471802.8055733 -9026623.817147553   531436.054749207  4684728.690396745  5513120.038068753
 -15471802.7995962  87324300.07356289 -57919145.54412189 -26153589.02565986  -6835831.11491424  19055747.04727535
-9026623.821064614 -57919145.49792973  145647133.8817205  -69241270.1536869 -21574352.37658304  12113062.44000937
 531436.0571248018 -26153589.08333186 -69241270.12533738  165437018.2985117 -40806426.42084575 -29765541.90874144
 4684728.676880335 -6835831.100199636 -21574352.29819266 -40806426.52203306  130708799.0579818 -66176341.33312417
 5513120.047149532  19055747.05001694  12113062.37554554 -29765541.83450175  -66176341.3547216   59259138.6605598

cov*(cov_.inverse()):
    0.9999999999417923 -8.149072527885437e-10  4.656612873077393e-10  6.984919309616089e-10  4.656612873077393e-10                      0
                     0     0.9999999997671694 -1.164153218269348e-10 -4.656612873077393e-10 -4.656612873077393e-10                      0
-5.820766091346741e-11 -2.328306436538696e-10      1.000000000116415  4.656612873077393e-10 -9.313225746154785e-10  9.313225746154785e-10
                     0 -8.149072527885437e-10 -1.164153218269348e-10      1.000000000465661 -4.656612873077393e-10 -4.656612873077393e-10
                     0 -2.328306436538696e-10 -2.328306436538696e-10 -1.164153218269348e-09     0.9999999995343387  4.656612873077393e-10
 1.164153218269348e-10 -3.492459654808044e-10                      0 -2.328306436538696e-10 -4.656612873077393e-10      1.000000000465661
