7
2

6.518430696947438e-05
6.926647014183175e-05
7.116036942586445e-05
8.742450258517958e-05
0.0001539165334767155
  0.02282876909966217
    0.612497831931038

-0.006365361913112311   0.08084655625874401   -0.5397082051289935    0.7733886501138876   -0.1402136701583546   -0.2713814682533598    0.1034436614280979
 -0.02214346038382854    0.1888928760325207   -0.5144513763581146   -0.2067323815507564    0.7779979158271073   0.00258622955992444    -0.226148638539627
-0.003386256126637463   0.05899215585371125   -0.2514309753951114    0.1088271309301688    -0.281699350008668    0.8064917966636105   -0.4377945147229944
  -0.3164713826968483    0.7895294137452425    -0.153372029406473   -0.2899508237270562   -0.2965544955272475  -0.01718830191662682    0.2839977159073359
   0.6485554877449452   -0.1800139942572066   -0.4421929627988052    -0.346575315071677   -0.1978304311169633   0.08874629925596113     0.429312113402491
  -0.5807969680705861   -0.3958615115107871   -0.1388509868357175   0.01445587245290804    0.1592219267167408    0.3520939578827255    0.5806532525232837
   0.3759710197997526    0.3766101056531162    0.3774918634795281    0.3780125294503797    0.3785125831902558    0.3791765993408442     0.379961013861836

0.3977491366970811
0.3977917979636713
0.3978767714513433
0.3978505302109213
0.3978330661330687
0.3978091092567574
0.3977794921434888

0.0003246398538196888
   0.3979761955355495

-0.07174843602581019   0.5790149517171533    1.016050963836477    1.587984069657922    1.164861100165413  -0.3554099804428316    -3.92073890149131
  0.9744090883871014   0.2832977922167308  0.07415939706194338  0.09047999021198405 0.004066210396877989  -0.1136188133900175  -0.3127787926522688

  1.08167711404727e-09  5.047207569870753e-09   5.33446578769203e-09 -1.214657122948674e-08  -7.33361002727194e-08  -0.001314304640854113  -0.003248866014698901
 1.893430931243847e-10  2.335770560502761e-10  2.469523574038181e-10 -1.608025899006262e-09   8.80432219014781e-09  -0.000473228937853254     0.1406275621720729

cov:
0.05320534770204519 0.05323949634914338 0.05328607093838215 0.05331310745467116 0.05333982234739977 0.05337510428793073 0.05341656682750687
0.05323949634914338 0.05329164810709071 0.05336320081282554 0.05340513569776102 0.05344592053683974 0.05349994685669063 0.05356362129530901
0.05328607093838215 0.05336320081282554 0.05346948255444824 0.05353211918200033 0.05359245847521724 0.05367253551998399 0.05376708051934663
0.05331310745467116 0.05340513569776102 0.05353211918200033 0.05360711495626991 0.05367911418249167 0.05377473115386275 0.05388769035158044
0.05333982234739977 0.05344592053683974 0.05359245847521724 0.05367911418249167 0.05376213861977424 0.05387242712082386 0.05400277828836748
0.05337510428793073 0.05349994685669063 0.05367253551998399 0.05377473115386275 0.05387242712082386 0.05400227921251873 0.05415579634049659
0.05341656682750687 0.05356362129530901 0.05376708051934663 0.05388769035158044 0.05400277828836748 0.05415579634049659 0.05433678111065982

cov.inverse():
 30973731.01164603 -38651675.02678832 -2403899.812242127  2240584.085565011  3670947.279568288  2996171.043067234  1174576.452231642
-38651675.03871358  92589173.92118205 -45935626.00559651 -19474422.92748052 -4450624.325801502  1883464.013996257   14038926.8363725
-2403899.779815659 -45935626.03336655  147531920.1350041 -69185143.02890427 -41980652.30145967 -7162501.140520076  19134668.55944347
 2240584.100043299 -19474422.99706813 -69185142.86917235  168086366.7056356 -50953748.93382014 -32821197.77185732  2109721.638928814
 3670947.240082461 -4450624.246813706  -41980652.4229534 -50953748.80967187  159613278.8651868 -35564488.33846556 -30334483.91736628
 2996171.028879862  1883464.067558032 -7162501.266062753  -32821197.7216775  -35564488.2765565  146152629.3673734 -75484704.38282013
 1174576.470925109  14038926.78925518  19134668.65140552  2109721.569223837 -30334483.93712012 -75484704.35690038  69361134.69108154

cov*(cov_.inverse()):
    0.9999999999563443  8.149072527885437e-10 -2.328306436538696e-10  7.566995918750763e-10  6.984919309616089e-10  1.396983861923218e-09 -4.656612873077393e-10
 2.328306436538696e-10      1.000000000349246  1.047737896442413e-09  -1.01863406598568e-10  2.328306436538696e-10  9.313225746154785e-10 -9.313225746154785e-10
                     0 -4.656612873077393e-10      1.000000000116415  1.324224285781384e-09 -4.656612873077393e-10  1.396983861923218e-09 -4.656612873077393e-10
-6.548361852765083e-11                      0  1.280568540096283e-09      1.000000000596629  2.328306436538696e-10  9.313225746154785e-10 -9.313225746154785e-10
 7.275957614183426e-12  1.164153218269348e-10  3.492459654808044e-10  5.384208634495735e-10     0.9999999990686774  9.313225746154785e-10                      0
 1.309672370553017e-10  2.328306436538696e-10 -6.984919309616089e-10  4.365574568510056e-11 -9.313225746154785e-10      1.000000001396984 -4.656612873077393e-10
 1.309672370553017e-10 -1.164153218269348e-10  6.984919309616089e-10  6.402842700481415e-10  2.328306436538696e-10  4.656612873077393e-10     0.9999999995343387
