6
2

  1.5104556062944e-05
 4.39234767221485e-05
6.771136976829169e-05
0.0001214451982526235
  0.01667436991519377
    0.253845679157475

  -0.0957902223540536   -0.0342522031426221    0.4488463571856574   -0.6504046432980993    0.5595851398181848   -0.2280926101243476
   0.2194792571031129    0.1864602790438675   -0.7914649206395599   -0.2080949451754187    0.4856455338395927    0.1071895922721043
  -0.2330637569248703     0.600837749193294   0.02697243692644035   -0.4720085586933813   -0.3854225774656033    0.4610912374992815
    0.477744498003942    -0.588666956762174   0.05554317779251221   -0.3261921728353518   -0.1581537781021807    0.5391960801943849
  -0.6658709951382262   -0.2641448175480802 -0.008279751449312622    0.2288212802273643    0.3659020227920058     0.548207360716624
   0.4655216285753884    0.4321482146693982    0.4101696183301198     0.390022694705027    0.3789002714763025    0.3641638367214783

0.3853562077997886
0.3859208290158118
0.3862478326820392
0.3865525238388622
0.3867999678501567
0.3869081260480179

-0.003020402817167721
   0.3850275054574013

-75.38986926317098  55.50582126125719  112.8964977162304  16.76550687114729 -101.8866455472575 -7.997634738252472
-189.1951996085692  73.64171876083167  547.0166058988747 -520.5112032824973  187.7228518929617 -98.04809112548986

-2.304477413992543e-09 -2.881895562991624e-07  3.742781811738751e-07 -8.272415826180416e-07 -0.0008966588124470216    0.01414028237048434
 1.658817808256849e-07 -5.243082459414688e-07  1.060102654163826e-06 -2.378106054237516e-07 -0.0006028340892173018    0.03420095954615054

cov:
 0.01408758331872624  0.01301209528330977  0.01230543601495122   0.0116571889039162  0.01129817124217624  0.01082237352295765
 0.01301209528330977  0.01205326717686041   0.0114224392398312  0.01084400491643129  0.01052421479395672  0.01010046248554649
 0.01230543601495122   0.0114224392398312  0.01084095006195076  0.01030791246758285   0.0100136264892392 0.009623718744405348
  0.0116571889039162  0.01084400491643129  0.01030791246758285 0.009816664478936098 0.009545853862813503 0.009187089146857577
 0.01129817124217624  0.01052421479395672   0.0100136264892392 0.009545853862813503 0.009288241014020555 0.008946987517427778
 0.01082237352295765  0.01010046248554649 0.009623718744405348 0.009187089146857577 0.008946987517427778 0.008628978879679563

cov.inverse():
 92511202.36824232 -14016748.32098332 -278064120.4733002  262833348.5958195 -165230762.7079438  101986564.2552972
-14016748.29374132   125398024.412334 -142561746.1230143  28697070.85225258 -81272138.44116585  83508009.77671787
-278064120.4093481 -142561745.9706568   1208096778.65482 -1198210306.057182  898805815.3273649 -487968488.8501895
 262833348.1906311  28697070.55212201 -1198210304.612427  1932430810.231606 -1604474094.428231  579292203.1826943
-165230762.3155079 -81272138.19941984  898805813.9047266 -1604474094.057729  1528858678.327182 -577010581.7836912
 101986564.1765818  83508009.70985101 -487968488.6547751  579292203.5503495 -577010582.2007053   300077642.577336

cov*(cov_.inverse()):
                     1 -1.164153218269348e-10  9.313225746154785e-10 -1.862645149230957e-09  9.313225746154785e-10                      0
                     0      0.999999999650754  1.862645149230957e-09 -3.725290298461914e-09  5.587935447692871e-09 -1.396983861923218e-09
                     0 -2.328306436538696e-10      1.000000000931323  9.313225746154785e-10  2.793967723846436e-09                      0
-1.164153218269348e-10 -3.492459654808044e-10  2.793967723846436e-09     0.9999999972060323  2.793967723846436e-09 -4.656612873077393e-10
 4.656612873077393e-10 -1.164153218269348e-10 -1.862645149230957e-09  1.862645149230957e-09     0.9999999981373549  4.656612873077393e-10
-3.492459654808044e-10                      0                      0                      0  9.313225746154785e-10      1.000000000465661
