5
2

6.617621307680858e-05
8.390159120157695e-05
0.0001495023985221275
  0.02037562147735999
   0.5173782816218124

-0.01311282172798568   0.1530918992041889  -0.7164521773428306   0.6735471214772065 -0.09706429330536749
 -0.2857118711473539   0.7870966085681338  -0.2634241534236039  -0.4361132243748081   0.1981429443217327
  0.6580452938392307  -0.2242712792694284  -0.4644943765080675   -0.372227555574682   0.4029521133015355
 -0.5354622328710981  -0.3281581952465346 -0.04077130073679419   0.1311791746971399   0.7659778855967334
  0.4454810534877399   0.4461573616628864   0.4470868687429615   0.4476362381128805   0.4496947517408095

0.3977751627317723
 0.397816724118948
0.3979006455914675
0.3978740493575907
0.3978015373734962

0.0003359175730480472
   0.3980034452257153

-0.1227072690445805  0.5915767318394195   1.390401192198874    1.91918996275214  -3.778449089473154
 0.9666156142414655  0.3096147422528535 0.05330091635092923  0.0451124275206212 -0.3746312928498275

 3.308274420175246e-09 -1.021593854274591e-08  -6.92022505181679e-08  -0.001173908627436363  -0.002448494164209556
 2.771458967409335e-10 -9.884993029971581e-10  8.362181334151007e-09 -0.0003746471622301578     0.1189304073042984

cov:
0.05324110118773194 0.05327564855699658 0.05332259990786634 0.05334988633620538 0.05345424767959354
0.05327564855699658 0.05332818572574213 0.05340003563937789 0.05344221842749468 0.05360157569244123
0.05332259990786634 0.05340003563937789 0.05350641825941119 0.05356924919569463 0.05380485262222601
0.05334988633620538 0.05344221842749468 0.05356924919569463 0.05364444497865471  0.0539256642566629
0.05345424767959354 0.05360157569244123 0.05380485262222601  0.0539256642566629 0.05437533586272344

cov.inverse():
 31009987.25698018 -39006810.68680901 -838465.9709360946  4724683.069252999  4111107.319349943
-39006810.68995546  95609113.53552943 -49838964.36865735 -21481790.64891551  14717675.46660713
-838465.9685478164  -49838964.3653392  136722245.8263248 -86136981.04774547  90854.08917468521
 4724683.071640443  -21481790.6595825 -86136981.03712818  136810749.3715427 -33914632.23348276
 4111107.317720667  14717675.47080944  90854.08426392089 -33914632.23114502  14994572.86967703

cov*(cov_.inverse()):
    0.9999999999708962  3.492459654808044e-10  3.083187039010227e-10  6.984919309616089e-10                      0
 1.455191522836685e-10                      1 -1.800799509510398e-10 -2.328306436538696e-10  1.164153218269348e-10
 1.746229827404022e-10 -3.492459654808044e-10      1.000000000502951  9.313225746154785e-10                      0
 2.037268131971359e-10 -9.313225746154785e-10  1.109583536162972e-09      1.000000001629815 -2.328306436538696e-10
 8.731149137020111e-11 -2.328306436538696e-10  4.874891601502895e-10  4.656612873077393e-10                      1
