6
2

5.074371588067811e-05
 7.28699783518404e-05
8.297074032322671e-05
 9.73688307395717e-05
  0.01905651978370674
   0.5820493061546552

   0.2571457089065314   -0.7092916735374658    0.6458565606958965  -0.08569643797632504  -0.06937869403186953  -0.03864487779833481
   0.3292262401545174   -0.4332975779095127   -0.5158721651044382    0.5412060703859773    0.3055804845850968   -0.2268386163333629
  0.05013521997721255  -0.04372071234422087  -0.06737370901575084    0.4742658109896993   -0.7900503976242574    0.3767333965862956
    0.524066301787659   -0.1144910340923052   -0.3765515121724228   -0.5465031704506063 -0.007792095221958738    0.5212761658307717
  -0.6194497309607593   -0.3586995174426058   -0.0628649899497551   0.09574919983957197     0.331351197776984    0.6039065776256636
   0.4057205553650977    0.4067843279173875    0.4079987099602974    0.4086446204703281    0.4096012700819327    0.4107198167774453

0.4058297529197756
0.4058408704986333
0.4058356498591903
0.4058757588399831
0.4058534224866862
0.4058287826684553

0.0002680996672829842
   0.4060020080183242

  1.099633712859034   2.216573155855309  -1.417952485398357   1.068089439556454 -0.1179789261662193  -2.848386843446148
  1.769291390327534  0.2547908548485119 -0.7179415233587521 -0.2238269341416734 0.08931243934297875 -0.1715675296025417

-5.609461573927997e-09  7.015633964278884e-09 -2.888324497845119e-09   -1.1482591347461e-08  -0.001105466074161225    -0.0042197931143507
-4.372932545984621e-10  4.181846579932469e-09 -7.945365498382163e-10  1.138240953129465e-08 -0.0004494702090315305     0.1366014787292288

cov:
0.05590587479594891 0.05599342902769038 0.05609379689315129 0.05614689751296403 0.05622539183753075 0.05631782648926404
0.05599342902769038 0.05610606692499132 0.05623488407142148 0.05630323513299478 0.05640438224062284 0.05652302685243283
0.05609379689315129 0.05623488407142148 0.05639598851571601 0.05648164296222308 0.05660849400531458 0.05675687896469014
0.05614689751296403 0.05630323513299478 0.05648164296222308  0.0565765846724421 0.05671720900183663 0.05688153860938098
0.05622539183753075 0.05640438224062284 0.05660849400531458 0.05671720900183663  0.0568783153200191 0.05706632024712388
0.05631782648926404 0.05652302685243283 0.05675687896469014 0.05688153860938098 0.05706632024712388 0.05728173976205624

cov.inverse():
 75427340.26021601 -104344978.1423665  11208920.26230282 -1758311.605734734  5832704.509423327  13633861.31034085
-104344978.1708609  232399918.6477029 -130838053.3019758 -16968680.16192391 -712839.1763737757  20466885.92273079
 11208920.32470877 -130838053.4336251  227729612.1168294 -57008947.40350991 -39047732.01362978 -12046670.26631296
 -1758311.60932368 -16968680.10721586 -57008947.47979369  122188466.2883982 -20525092.91286521 -25927652.72515938
 5832704.464078685 -712839.0841939765  -39047732.0562597 -20525092.92237858  110130687.6915038 -55676036.61607859
 13633861.32536181  20466885.87899974 -12046670.21664221 -25927652.74081172 -55676036.62138757  59549237.80792762

cov*(cov_.inverse()):
    0.9999999997671694  2.095475792884827e-09 -5.820766091346741e-10                      0 -9.313225746154785e-10                      0
-9.313225746154785e-10     0.9999999995343387 -1.047737896442413e-09 -4.656612873077393e-10 -4.656612873077393e-10 -4.656612873077393e-10
-1.164153218269348e-10  2.328306436538696e-10      1.000000000116415  4.656612873077393e-10 -9.313225746154785e-10                      0
-2.328306436538696e-10  6.984919309616089e-10 -1.862645149230957e-09     0.9999999997671694                      0  4.656612873077393e-10
-5.820766091346741e-10  1.396983861923218e-09 -2.328306436538696e-09                      0     0.9999999995343387 -4.656612873077393e-10
 2.328306436538696e-10  4.656612873077393e-10 -4.656612873077393e-10  2.328306436538696e-10  4.656612873077393e-10                      1
