5
2

5.416689805585033e-05
8.021447157868236e-05
0.0001657265581050169
  0.02105483132993652
   0.5769309467640603

-0.007535970578711276    0.2426699324297946    -0.788876921310977    0.5644581006456584  -0.01071301453214134
  -0.2874324295695467    0.7943113275537891   -0.1181395041357888   -0.5081684338659849    0.1194152994227572
   0.6869182228329727   -0.1641910658969148   -0.3987513903897948   -0.4709432777464157    0.3469789717364639
  -0.4970946790594605   -0.2901168236638715  -0.07028649305243521   0.03530676170253848    0.8139670448798457
   0.4453830292792343    0.4461550642109502    0.4469601751186112    0.4473452326349645    0.4502093519749287

0.4225822006136659
0.4226395498823429
0.4226510403467382
0.4227257046488397
0.4226625014702128

0.0002220228992623117
   0.4227999614963197

  0.2633145726317065    1.633302843523338    1.428729426403074  -0.8650683911209182   -2.460279847462345
   1.831807798594897 -0.02622408777501212   -1.108260493963801   0.3340813130061371 -0.03120376002933248

-3.505196624261745e-09   7.71275203924203e-09 -3.030172148179209e-08  -0.001213900514290666  -0.003347760093415806
 3.060281868762566e-09 -3.795742387475482e-09  4.219679402752457e-08 -0.0003717925291926982     0.1478547457740932

cov:
0.06613555768617649 0.06620437960041832 0.06627528798983795 0.06630910127993907 0.06656211870198685
0.06620437960041832 0.06629241866546971 0.06638370274419221 0.06642730360660851 0.06675248744338093
0.06627528798983795 0.06638370274419221 0.06649663549186606 0.06655062848426421 0.06695245470650382
0.06630910127993907 0.06642730360660851 0.06655062848426421 0.06660962015612847 0.06704825715842104
0.06656211870198685 0.06675248744338093 0.06695245470650382 0.06704825715842104 0.06775842809047282

cov.inverse():
 30040051.41295929 -40212505.76253107 -2669198.741862578  9472327.904663928  3370232.384059436
 -40212505.7596128  119108939.7457604 -77446803.81661999 -13231962.41749533  11780751.75255061
-2669198.721324526 -77446803.83617254  220063196.8442648 -135597827.5010087 -4349848.372332287
 9472327.877202924 -13231962.39037728 -135597827.4941559  156800378.4043723  -17441616.2347343
 3370232.388063877  11780751.74790357 -4349848.378200145 -17441616.22822369  6640350.402700536

cov*(cov_.inverse()):
    0.9999999998835847  1.629814505577087e-09  9.895302355289459e-10  1.629814505577087e-09  5.820766091346741e-11
 1.164153218269348e-10     0.9999999997671694 -2.037268131971359e-09  2.328306436538696e-10                      0
-2.328306436538696e-10  6.984919309616089e-10      1.000000002095476                      0   2.91038304567337e-10
-4.365574568510056e-10  1.862645149230957e-09 -8.149072527885437e-10      1.000000000465661  1.164153218269348e-10
-5.820766091346741e-11                      0 -1.164153218269348e-09 -6.984919309616089e-10     0.9999999998835847
