5
2

0.0001008363047015811
0.0001116539414297025
0.0001523580037897456
  0.02230096767794066
   0.5179542636933994

  0.4486132579269169  -0.7773642338016574   0.3464981253541389   0.1837891031413922   -0.201523218291862
  0.0775099524941103  -0.1098682528338848   0.3515406800114295   -0.794963146072444   0.4757876847579125
  0.4966344722075196   -0.156101325113412  -0.7455993424389082 -0.01081311287164551   0.4158741089051922
 -0.5900632669882148  -0.4008438005905267  0.01930444332872359   0.3644740593115515   0.5982771824464519
  0.4448796399509777   0.4456348716731787   0.4472886746225586   0.4486612292499432   0.4495860429642398

0.3979399807090967
0.3979828908543523
0.3980410917351965
0.3980024591836356
 0.397975198192889

0.0003160594510543876
   0.3981657940142062

-0.01501050956972049    1.953960478021779    1.229409091012736  -0.2803928255429116   -2.887973351778811
   0.999599571685523    0.345125037543051  0.03223948033636695  -0.1205146904933223  -0.2564402046180597

-5.787851329345474e-09 -1.165396180569899e-08 -5.634060997193026e-08  -0.001283441428674771  -0.002741272365829652
 2.245553859141357e-09  3.077725629711444e-10  7.269828077185879e-09  -0.000459979787181832     0.1189966156808913

cov:
0.05326991015830322 0.05330450640298149 0.05337859201853314 0.05344112134502961 0.05348289159271132
0.05330450640298149 0.05335708779615049 0.05347104043369607 0.05356632365434441 0.05363027871888226
0.05337859201853314 0.05347104043369607 0.05367354189923457 0.05384154003362523 0.05395475650093426
0.05344112134502961 0.05356632365434441 0.05384154003362523 0.05406932606411174 0.05422300847120261
0.05348289159271132 0.05363027871888226 0.05395475650093426 0.05422300847120261  0.0544041323672684

cov.inverse():
  30900902.6540391 -38319888.95414266  1521365.512553789  2934441.603770364  2963700.248313225
-38319888.95873752  61449640.49924894 -24574765.27603601  -6972666.73510184  8416668.806779636
 1521365.520679344 -24574765.28618815  45669345.67425295 -15806448.88518861 -6808687.372780511
 2934441.603283442 -6972666.733315844 -15806448.88727215  54020103.70435339 -34175635.57855271
 2963700.245269635  8416668.810550774  -6808687.37272368 -34175635.57933713  29603859.55271653

cov*(cov_.inverse()):
     1.000000000203727  1.164153218269348e-10 -4.074536263942719e-10 -4.656612873077393e-10                      0
-8.731149137020111e-11      1.000000000349246 -1.164153218269348e-10 -6.984919309616089e-10                      0
 2.328306436538696e-10  4.656612873077393e-10     0.9999999997671694 -4.656612873077393e-10                      0
 3.783497959375381e-10   2.91038304567337e-10  -2.91038304567337e-10     0.9999999993015081  2.328306436538696e-10
 8.731149137020111e-11  5.820766091346741e-11 -5.820766091346741e-11                      0                      1
