5
2

6.194192813477488e-05
7.110104687417394e-05
0.0001365630840340094
   0.0208781990406272
   0.5205833836827937

 0.06850423173621706  -0.6081005243521407   0.7640351386599087  -0.2032830864660486 -0.02114748605988662
-0.05187655015821305   0.2905862573506456  0.03780250770177132  -0.7990169800990358   0.5225048196021752
   0.574502977929202  -0.5359037085677797  -0.4629248728455146  0.01413740713238632   0.4101880535977567
 -0.6818036690814175  -0.2437175195047501 -0.02458853657529012   0.3447869104269605   0.5968776405435926
  0.4446415173547216    0.446298515739575   0.4471210610946899   0.4485197569651297   0.4494711784204227

0.3978387763278046
0.3978747557934252
0.3979190680790957
0.3978677170415387
 0.397830405038695

0.0004106354401034403
   0.3980747332007991

 0.2770988675358081   1.137615689158301   2.320218601030553 0.03288221806760203  -3.767809966580774
  1.070131337509637 0.05818753650437761  0.4420333924518492 -0.2198046445444868 -0.3505696026147526

 4.500268475643178e-09 -8.043387790573408e-09 -5.724626363231441e-08  -0.001203438711668272  -0.002826387894268301
 1.641191985348207e-09   -1.4884450900151e-10  4.328087211442204e-09 -0.0004532055571487678     0.1201316337067026

cov:
0.05378237972585041 0.05385183932387139 0.05388583343911482 0.05394460523044733 0.05398433562468175
0.05385183932387139 0.05400572589937728 0.05408192905178907 0.05421185657469643 0.05430014742482339
0.05388583343911482 0.05408192905178907 0.05417925400298443 0.05434477200148908 0.05445735398690662
0.05394460523044733 0.05421185657469643 0.05434477200148908 0.05457030486996971 0.05472383399933765
0.05398433562468175 0.05430014742482339 0.05445735398690662 0.05472383399933765 0.05490532160526199

cov.inverse():
 19454263.19942223 -30347545.60422509 -1006951.257452017   5004717.05068783  6895676.253452864
-30347545.60795313  128481543.8743745  -105617710.801921 -14115964.65386564  21598381.54029838
-1006951.244643893  -105617710.799251  163918426.9578746 -46806192.66497374 -10485916.60024849
 5004717.031543533 -14115964.67936009 -46806192.59109885  137068822.1050355 -81151831.90230952
 6895676.263517233  21598381.55939477 -10485916.65864529   -81151831.873074  63143639.73432145

cov*(cov_.inverse()):
     1.000000000058208 -1.164153218269348e-09  1.164153218269348e-09  9.313225746154785e-10  4.656612873077393e-10
                     0     0.9999999995343387  8.149072527885437e-10                      0  4.656612873077393e-10
 5.820766091346741e-11                      0      1.000000002095476                      0  9.313225746154785e-10
-1.164153218269348e-10 -4.656612873077393e-10 -1.164153218269348e-10     0.9999999990686774  9.313225746154785e-10
 1.164153218269348e-10 -4.656612873077393e-10  1.164153218269348e-10                      0                      1
