6
2

4.429496607286635e-05
4.874336636634459e-05
7.260251351580195e-05
0.0001625564432887802
  0.02206257413504635
   0.6326166409735234

 0.005539984103977363   -0.1443340476188262    0.4385240420555762    0.1070798971628228   -0.7918867217813491    0.3850752800470596
0.0001339137467267897    0.1196353856047439   -0.5943238069987626    0.7518793288927214   -0.2584331861167813  -0.01887676111441042
  -0.1733284461037057    0.7253983116817971    -0.314702572814401   -0.4187842691821101   -0.1857777283893257    0.3671827901258129
   0.5625129043321717    -0.432625884419476   -0.4335016134379549   -0.2438893505548628   0.05112678984257538    0.4963813692948814
  -0.6994837633027441   -0.2929826906360532  -0.03082464886896954    0.1455145925862247    0.3181428398389119    0.5491302993728284
   0.4052508331269989    0.4069991814933952    0.4081229714271525    0.4088698990185367    0.4096163188082785    0.4106080195875113

0.4217243515409826
0.4217980033933014
0.4218585193801318
 0.421845325011465
0.4218339660921204
0.4218182514666611

0.0001901949659160678
   0.4219380444656348

 0.6693971912379721   2.602271407771952   0.351930220676725  -1.175481422636679  -0.644035154596011  -1.804110137874759
  1.837051419917391  -1.075648543702374 -0.2908043035531587  -1.360014494014248   3.909789981189156  -2.020168306625678

-1.036241407207088e-09 -1.380576922682355e-09  8.488549476736268e-09 -4.078886138610337e-08  -0.001269529640260066  -0.004474863256874863
-7.812373864718273e-09 -4.634128029229203e-09 -1.004539529869546e-08  3.048333133881394e-08 -0.0004985577240772511       0.16165917245203

cov:
0.06596293505750987 0.06610806672828358 0.06620106797458769  0.0662621700264729 0.06632445448808648 0.06640665123167006
0.06610806672828358 0.06633488549041516 0.06648054027710738 0.06657705172374863 0.06667400926333746  0.0668025953970225
0.06620106797458769 0.06648054027710738 0.06666016134484641 0.06677950879805813 0.06689883006368721 0.06705733579555036
 0.0662621700264729 0.06657705172374863 0.06677950879805813 0.06691422102525271 0.06704858155715542 0.06722721232785205
0.06632445448808648 0.06667400926333746 0.06689883006368721 0.06704858155715542 0.06719767726941137 0.06739601520336516
0.06640665123167006  0.0668025953970225 0.06705733579555036 0.06722721232785205 0.06739601520336516 0.06762072746033447

cov.inverse():
  17690629.1008205 -33462889.57389404   2324847.78806918   8923457.53079371  4946243.621498214 -421792.9627723037
-33462889.61231251   123552275.775551 -98396593.53732446  -23656559.9043251  18837176.85569932  13125754.71838791
 2324847.855932209 -98396593.53112337  272579372.5668133 -135142440.6219539 -102091040.0451114  60722428.45699349
 8923457.584758312 -23656560.41307532 -135142439.8989128  279305687.0423434 -110713180.8134895 -18711434.89126065
 4946243.496878803  18837177.52140604 -102091040.9190535 -110713180.5611569  354364863.8095434 -165344625.4462503
-421792.9215615275  13125754.51680487  60722428.68196876 -18711434.87533701 -165344625.5267765  110628484.4721283

cov*(cov_.inverse()):
    0.9999999992614903  2.095475792884827e-09 -2.328306436538696e-09  6.984919309616089e-10  1.862645149230957e-09 -9.313225746154785e-10
-1.091393642127514e-10     0.9999999994179234 -1.396983861923218e-09  2.328306436538696e-10                      0 -9.313225746154785e-10
-5.820766091346741e-11 -1.746229827404022e-09      1.000000001862645  1.862645149230957e-09 -1.862645149230957e-09  9.313225746154785e-10
-7.275957614183426e-12 -1.513399183750153e-09  4.656612873077393e-10     0.9999999995343387 -1.862645149230957e-09                      0
-4.838511813431978e-10  1.164153218269348e-09  4.656612873077393e-10  3.725290298461914e-09     0.9999999981373549                      0
-1.818989403545856e-10  8.149072527885437e-10                      0  6.984919309616089e-10                      0                      1
