6
2

9.729783867964945e-05
0.0001158704305586181
0.0001347568309200113
0.0001529366475598023
  0.02279022975110397
   0.5725783858759154

  -0.4553744009831184    0.7987794072702096   -0.2747953917020597   -0.2357204527997527   0.01445233999918186    0.1526437163792167
  0.01341008314320599  -0.02809940628983182   -0.2502849253362385  -0.08942162812078659    0.8350689976733296   -0.4806782611422876
  -0.0861356283475754   0.06123558235711813   -0.4939107759046046    0.8337727850554916   -0.1501643322644478   -0.1647926534899134
   0.4975596844217107   -0.1098699030953088    -0.671717566515085   -0.2362852226818887   0.03883041352913133    0.4814768615358108
   -0.610415852990055   -0.4241747611398101 -0.006792212292644661    0.1355135095758101    0.3327678378880134    0.5642018956653407
   0.4060318029232662    0.4067142261421525    0.4082235551524201    0.4087394839277624    0.4094622538909717    0.4103022534719776

0.3941475622406652
0.3942484731058154
0.3944326451294244
0.3944607597714009
0.3944984011924017
0.3945390588003759

-0.0004512169089814383
    0.3942715185977546

  0.3643412043520796    1.313366754934908   0.9880699552167809   0.8428124122587139  -0.4988571466407984   -3.009802305900351
   1.502967850096405  -0.6455441406103649    1.110775271735047   -0.204467042864104  -0.7200783965028836 -0.04356609599487504

-5.078369190481172e-10  9.069002112217276e-09  1.515659234634895e-08 -5.366483691398179e-08  -0.001317254841567376  -0.003032129867198152
 -1.39556444368305e-08 -1.076501354254961e-08  -1.40332750212403e-08  1.683826811370094e-09  -0.000489822085736244     0.1327289305804379

cov:
0.05424282939919123 0.05427461095033936 0.05434319581467155 0.05436675943533476 0.05440043661226872 0.05443888285909583
0.05427461095033936 0.05432458470522814 0.05443387562974689 0.05447131802419308 0.05452423374585375 0.05458525119246008
0.05434319581467155 0.05443387562974689 0.05463442075505685 0.05470294838251191 0.05479898477625815 0.05491058644563844
0.05436675943533476 0.05447131802419308 0.05470294838251191 0.05478211830092782 0.05489283773978555 0.05502168879972694
0.05440043661226872 0.05452423374585375 0.05479898477625815 0.05489283773978555  0.0550239691263517 0.05517671740961281
0.05443888285909583 0.05458525119246008 0.05491058644563844 0.05502168879972694 0.05517671740961281 0.05535754469946894

cov.inverse():
 32911477.74627744 -41078059.66316959  1021742.622652052  2267868.356037072   1676808.26899447  3200736.500981035
-41078059.65801679  68179801.10490362 -21172598.28267608 -15780679.37518222 -1217338.352510473  11067692.10488544
 1021742.620034678 -21172598.28445983    45366776.897714 -7382429.468623335 -13017652.41433883 -4815282.030442645
 2267868.340311687 -15780679.35064641 -7382429.476171195  47133859.55293708 -13208555.76567509  -13029373.8268371
 1676808.282573626 -1217338.367404819 -13017652.42125913 -13208555.75932394  53268190.43681789 -27501847.75968458
  3200736.50059153  11067692.10218081 -4815282.020375682 -13029373.83192531 -27501847.76156914  31077850.91374156

cov*(cov_.inverse()):
     1.000000000203727                      0  5.238689482212067e-10  3.492459654808044e-10                      0  2.328306436538696e-10
 8.731149137020111e-11      1.000000000698492  5.820766091346741e-11 -2.328306436538696e-10  4.656612873077393e-10  4.656612873077393e-10
 1.455191522836685e-10 -4.656612873077393e-10      1.000000000116415  2.328306436538696e-10  6.984919309616089e-10                      0
 2.328306436538696e-10  1.164153218269348e-10  2.328306436538696e-10      1.000000000116415  2.328306436538696e-10  4.656612873077393e-10
 4.074536263942719e-10  4.656612873077393e-10  1.746229827404022e-10  1.164153218269348e-10      1.000000000698492                      0
 1.746229827404022e-10 -2.328306436538696e-10  5.820766091346741e-11                      0                      0                      1
