6
2

6.244287111194019e-05
6.983358320116242e-05
8.561924369911916e-05
8.951737996784768e-05
  0.01257635114420149
   0.5574911750708639

-0.02547630327411531  0.03462129349043971   0.2703130786532225  -0.7181368556168534   0.6150337145863461  -0.1763410050000021
  0.0462844056106869 -0.04385180798694681  -0.5433947866833375   0.4014640605732617   0.5844146644864742  -0.4449078405019424
 -0.2821401982014501   0.8157905307948915  -0.4310908855434249  -0.2018008474747551 -0.05853365549348612   0.1577770450942144
  0.6872019612332809  -0.1820075514403243  -0.5012355952111742  -0.3353846034836297 -0.02919988962885296   0.3606301817387458
  -0.528586137214474  -0.3633995615256863  -0.1677307617363083  0.05616179227461186    0.329859699632306   0.6696583288826965
  0.4073767057029772   0.4076496102541378    0.407974096452741   0.4083448340139367   0.4087869690119784   0.4093542011924867

0.3825373576618811
0.3826385804710898
0.3826144315999847
0.3825872484592541
 0.382549899762964
0.3825079344224618

0.0005416787917808942
   0.3827666102951372

 0.2607313383401534  0.7853223755769477   2.029909363492485   2.703956184152007    0.29148992741035  -6.071585572319782
  1.370010613301651  0.3955150734224005 0.01378401528820755  0.2812508523901797 -0.3488958035866385 -0.7117077311122531

 -4.78060401033768e-10  1.380980543437365e-08 -1.340526885028423e-08 -3.274416574575035e-08 -0.0007246408102334328  -0.002369066255776236
-1.203030469308413e-09   1.28859062392706e-09 -1.601348089506945e-09   4.18117509564441e-09 -0.0002287222745024007     0.1261361705082827

cov:
0.05162265689308137 0.05164339239136409 0.05166811804908093 0.05169634010587022 0.05172943851940123 0.05177284962691439
0.05164339239136409 0.05166848175670249 0.05169833957351299 0.05173244268560573 0.05177272866734861 0.05182506498560408
0.05166811804908093 0.05169833957351299 0.05173429929605957 0.05177536306614094 0.05182416269325068 0.05188707106916787
0.05169634010587022 0.05173244268560573 0.05177536306614094 0.05182440677899666 0.05188294586014611 0.05195795169115785
0.05172943851940123 0.05177272866734861 0.05182416269325068 0.05188294586014611 0.05195340188873517 0.05204319146931844
0.05177284962691439 0.05182506498560408 0.05188707106916787 0.05195795169115785 0.05204319146931844 0.05215135239627744

cov.inverse():
 70398828.55960721 -47647530.70445614 -33315683.35949508  -12492457.3702881  1275681.443506915  21781479.31286681
-47647530.68044587  95621597.97988927 -29302493.05082915 -24826425.04607278 -5645480.095868772  11800507.89875698
-33315683.33675613 -29302493.08969503  135991738.1662792 -61674250.07411983 -17212424.26466695  5512717.763945733
-12492457.43673112 -24826424.97062337 -61674250.07904378  184907807.6209894 -62332675.80154189 -23584089.24881892
 1275681.434433189 -5645480.051641311 -17212424.29375874 -62332675.81857378  167622702.0324735   -83704602.601114
 21781479.34163448  11800507.84195673  5512717.781833981 -23584089.22770481 -83704602.61208418  68192795.51265858

cov*(cov_.inverse()):
    0.9999999993015081                      0 -9.895302355289459e-10  1.396983861923218e-09 -9.313225746154785e-10                      0
-9.313225746154785e-10     0.9999999998835847 -6.984919309616089e-10  1.396983861923218e-09                      0 -4.656612873077393e-10
-9.313225746154785e-10 -5.820766091346741e-10     0.9999999994761311  6.984919309616089e-10                      0 -4.656612873077393e-10
-1.164153218269348e-09 -2.328306436538696e-10 -9.313225746154785e-10      1.000000000698492  1.862645149230957e-09  4.656612873077393e-10
-9.313225746154785e-10  1.164153218269348e-10 -9.895302355289459e-10  1.164153218269348e-09                      1                      0
-6.984919309616089e-10 -2.328306436538696e-10  -2.91038304567337e-10 -2.328306436538696e-10                      0                      1
