5
2

 0.000105991587083281
0.0001391248703419856
0.0001510765935277142
  0.01835302463612618
   0.5185473855509951

  0.5097566238653717  -0.7922640777834342   0.2925597963071171   0.1107917227698351  -0.1208295296265474
  0.1310395588769189 -0.04008836838664811   0.1908700903012608  -0.8136185781698464    0.531803511284671
 -0.3576908560889238    0.113462448680234   0.8126111521876509  -0.1476023959590077  -0.4207851854061369
 -0.6297158564157055  -0.3984768188280453   0.1316217053264609   0.3212333203660985   0.5693496690161864
  0.4455244214223594   0.4461536185779816   0.4475669963707549    0.448076656406358   0.4487382670214388

0.3986754374061346
0.3987187852004262
0.3987738317230355
0.3987595269960637
0.3987365064605152

0.0003097425285206304
   0.3988990488115469

 0.8425168336433888   2.178069219519571  0.3129484568264682 -0.3978055967477805  -2.935712394137741
  1.178155087134234  0.2061013950015375  0.1893860664830496 -0.3388721757403516 -0.2346143706310337

-1.004253743982377e-08 -2.235083208186424e-08  3.410143481909371e-08  -0.001063215249562003  -0.002267616067327727
 5.431704248953511e-09  6.449614419282435e-09 -2.177256214190536e-09 -0.0003508245330316092      0.119519949069199

cov:
0.05350636753301826 0.05353268418207607 0.05358956577289133 0.05361040770724378 0.05363704363034535
0.05353268418207607   0.053577142951324 0.05367554342533669 0.05371123591696475  0.0537573053174524
0.05358956577289133 0.05367554342533669 0.05386915817126718 0.05393887842057782 0.05402950049717969
0.05361040770724378 0.05371123591696475 0.05393887842057782 0.05402081948910138 0.05412735911890396
0.05363704363034535  0.0537573053174524 0.05402950049717969 0.05412735911890396 0.05425478984443904

cov.inverse():
 29624304.59851113 -37998061.81178286  1832043.085006394  1831529.790627386  4710976.657818323
-37998061.81552263  56519916.48214447 -16987875.92084598  -6862318.71938672  5327288.773450453
 1832043.092704902 -16987875.92981541  38432568.66128797 -10392991.27560867 -12883475.55569949
 1831529.791636515 -6862318.721639889 -10392991.27339148  36247947.56071676 -20824255.91635479
 4710976.652850489  5327288.780933335  -12883475.5591878 -20824255.91538168  23669563.20994094

cov*(cov_.inverse()):
      1.00000000037835  1.746229827404022e-10 -2.328306436538696e-10  2.328306436538696e-10                      0
 3.492459654808044e-10     0.9999999997089617  2.328306436538696e-10  2.328306436538696e-10                      0
  2.91038304567337e-11                      0                      1  2.328306436538696e-10  2.328306436538696e-10
 2.619344741106033e-10 -1.164153218269348e-10 -1.164153218269348e-10                      1                      0
  2.91038304567337e-11  1.164153218269348e-10                      0                      0                      1
