7
2

5.497418480677895e-05
6.120495150583761e-05
6.707379129485947e-05
8.411886367178305e-05
0.0001528848826901678
  0.02104744303031971
   0.6542292954176052

-0.002782166673994015    0.1480982851123177   -0.7197164593205541    0.6736176230664713  -0.01303177762533224  -0.07789853924717699 -0.008286370003310064
-0.008950111786374178   0.02999549913257689  -0.09878981822064226    -0.172301840095959    0.6918579962522269   -0.6586893691346217     0.216872407782009
  0.04867986577182885   -0.2996391229467639    0.3827910864297636    0.4132639442075507   -0.4304373137107476   -0.5038074625409928    0.3891430622400352
  -0.2794754285748898    0.7547168079918173  -0.06506272903199499   -0.2564103104741066   -0.3632669576678949   -0.1486492397587524     0.358130059499148
    0.668841952024666   -0.1934977356138667   -0.3970971569657857   -0.3696645314717421    -0.198028678494198   0.06884085171948254    0.4206145875430209
  -0.5751749545634602   -0.3721766305616387   -0.1461035889254389  -0.02395255115484051    0.1464322031150128    0.3681305686376655    0.5931069365876446
   0.3758458798413029    0.3766022911361624    0.3774310594964925    0.3778788805415924    0.3785046559960522    0.3793183337888988    0.3801522891240049

 0.416346650527502
0.4164305150990411
 0.416476836532452
0.4165688221139712
0.4165787706479337
0.4165923914578929
0.4166076506521634

-0.0001808273991116746
    0.4165079921818748

   0.246525083786175    0.950519304960098   0.3798800947057944    1.205966494927504    1.476528443237859  -0.6970172034879165   -3.562321055469185
  0.9349318195169443   0.4482700762495925   -0.132111220629285   0.2311612634564624 -0.06760810011507853 -0.08419016443926139  -0.3305212825862915

 2.247316010705948e-09   1.83212757110216e-09 -5.847021869317715e-09 -9.863922430264495e-09 -5.736936686780583e-08  -0.001210777288439738  -0.004293863440822182
  9.81482989842963e-10 -3.172935199213512e-10 -4.541662710090539e-10 -3.887908782163939e-10  8.745578246525482e-09 -0.0004109873426412302     0.1603025170863361

cov:
0.06060815506951351 0.06067809798495629 0.06075381561663977    0.06079473248563 0.06085198848428633 0.06092639836957774 0.06100323591523103
0.06067809798495629 0.06076656643675304 0.06086287912678785 0.06091492430672035 0.06098770202382973 0.06108230813844216 0.06117964255851456
0.06075381561663977 0.06086287912678785 0.06098213699326986 0.06104657180928249 0.06113663399794981  0.0612537297396201 0.06137388871035307
   0.06079473248563 0.06091492430672035 0.06104657180928249  0.0611177085008089 0.06121710755222003 0.06134635582885803 0.06147884834602739
0.06085198848428633 0.06098770202382973 0.06113663399794981 0.06121710755222003 0.06132954297467572  0.0614757398350989 0.06162543716852249
0.06092639836957774 0.06108230813844216  0.0612537297396201 0.06134635582885803  0.0614757398350989 0.06164400220344424 0.06181608340906767
0.06100323591523103 0.06117964255851456 0.06137388871035307 0.06147884834602739 0.06162543716852249 0.06181608340906767 0.06201089537913697

cov.inverse():
 30728626.19159599  -38795234.4816883 -3752473.998587735  3812559.396836804  2382417.113353793  4034567.795202303  1590469.387308152
-38795234.47986565  109553878.9721779 -65207136.00852081 -20182387.73310646 -3536810.792902125  8038408.317893903  10127699.92366028
-3752474.009598159 -65207135.96735864  213917658.7409545 -112074932.3164941 -45061610.25622831 -6747566.610576575  18925562.66670647
  3812559.38039749 -20182387.75350881 -112074932.1910775  211169445.4362452 -57971216.75567117 -29047630.05868994  4294490.674818633
 2382417.152655652 -3536810.854518793 -45061610.32022594 -57971216.64649278  189345422.1260037 -66066909.26514114 -19090859.30158287
 4034567.790617981  8038408.370409354  -6747566.70807542 -29047630.03627141 -66066909.23625956  177573700.6918318 -87782604.77378047
 1590469.378217732  10127699.91382458  18925562.73293718  4294490.631798008 -19090859.30759974 -87782604.77204785  71933678.48253302

cov*(cov_.inverse()):
    0.9999999998835847  9.313225746154785e-10  1.629814505577087e-09 -3.783497959375381e-10 -6.984919309616089e-10  9.313225746154785e-10                      0
  2.91038304567337e-10     0.9999999994179234  9.313225746154785e-10 -1.280568540096283e-09  4.656612873077393e-10                      0  9.313225746154785e-10
 1.309672370553017e-10 -1.164153218269348e-10      1.000000001862645  1.164153218269348e-10 -2.328306436538696e-10  9.313225746154785e-10  9.313225746154785e-10
-4.365574568510056e-11 -3.492459654808044e-10  3.259629011154175e-09     0.9999999983701855 -6.984919309616089e-10  1.862645149230957e-09  9.313225746154785e-10
 5.820766091346741e-11  6.984919309616089e-10  1.396983861923218e-09  3.492459654808044e-10      1.000000000232831  9.313225746154785e-10  9.313225746154785e-10
 2.328306436538696e-10                      0  1.862645149230957e-09  3.492459654808044e-10                      0      1.000000001862645                      0
-2.473825588822365e-10 -2.328306436538696e-10  1.396983861923218e-09  1.164153218269348e-10  2.328306436538696e-10                      0                      1
