5
2

6.195176347474263e-05
7.775125983697344e-05
0.0001193941269576014
  0.01177232192270923
   0.5076870446339998

0.009432045589814531 -0.07045027312001531  -0.3592419845222823   0.8336601145401928  -0.4134051348430877
 -0.1153755760994731   0.6029781434817998  -0.7142005440581054 -0.09568424397454571   0.3222854995886124
  0.5910055937337038  -0.5749568108968904  -0.3951331251934284 -0.02510722794372267    0.404198582702371
 -0.6619208112403964  -0.3182375458690289  0.06815966231213128   0.3079572670861596   0.6009178697030345
  0.4462877331700191    0.446770240171715   0.4473106898252809   0.4476463868207335   0.4480507458461018

0.3828695401591118
0.3828925575954249
0.3829684430210785
0.3829407665466122
0.3829028661284128

0.0005561822049581396
   0.3831243263813806

 0.6196400374810073   2.020701935526168    3.21746594138825   1.867250742977416   -7.72521514056174
  1.041031708637761   0.468637905927878 0.09538645581453735  0.3559756795367221 -0.9610558265318011

 1.327161829201499e-08 -2.308901480445008e-08 -7.464374007954987e-08 -0.0006792316262264104  -0.001774894188817871
 2.443302243100263e-09 -1.508001184756632e-09 -1.272629962352234e-09  -0.000180109442980612     0.1147975458881177

cov:
0.05139672988907618 0.05142069439233489 0.05144741840691803 0.05146403841344874 0.05148368023731853
0.05142069439233489 0.05146111113716914  0.0515062979306011 0.05153437747020357   0.051568018423765
0.05144741840691803  0.0515062979306011 0.05157226278896943 0.05161322491722244 0.05166260934768441
0.05146403841344874 0.05153437747020357 0.05161322491722244 0.05166219500314389 0.05172134848803298
0.05148368023731853   0.051568018423765 0.05166260934768441 0.05172134848803298 0.05179244817253494

cov.inverse():
 26731206.28187983 -35517142.22562637 -3634522.016104508  2832499.063662407  9588192.980220528
-35517142.22505354  84627551.22181708 -48705931.09754381 -23834533.22106667   23430206.6323403
-3634522.038113862 -48705931.01375366  128955351.9645877 -66030832.78226302 -10584155.79115761
 2832499.101886989  -23834533.3709598 -66030832.61427393  182639484.6836928 -95607821.63239935
 9588192.963432264  23430206.69901698 -10584155.89736717 -95607821.57607831  73174505.39088157

cov*(cov_.inverse()):
    0.9999999998835847                      0  2.328306436538696e-10 -1.862645149230957e-09  9.313225746154785e-10
-1.746229827404022e-10     0.9999999995343387  3.492459654808044e-10  9.313225746154785e-10 -4.656612873077393e-10
-1.164153218269348e-10 -6.984919309616089e-10      1.000000000582077 -9.313225746154785e-10  4.656612873077393e-10
-1.164153218269348e-10 -1.164153218269348e-09  5.820766091346741e-10                      1                      0
-5.820766091346741e-11                      0 -1.164153218269348e-10                      0                      1
