6
2

7.093744287192072e-05
 8.15024598637746e-05
 9.24560268584691e-05
0.0001099361894397422
  0.01776360429900909
   0.5679006182823865

 -0.1832665382654065   0.7576124643503894  -0.6187931362970122 -0.06150336080616285  0.04467236748763484  0.06126581818150315
 -0.2013210692465778   0.3142772332676241   0.5292142796116398  -0.7369504925434995 -0.08114619473247989   0.1759294193775648
-0.07283349110575681   0.1041749524547287  0.09555968644239154   0.3208202718215725  -0.8449717275736797   0.3972509798237362
  0.5975573726075385   -0.244316826833248  -0.3879475251808028  -0.4204762466892336 -0.04840100324905967   0.5035754770927771
 -0.6312411305815139  -0.3013626097102195  -0.1048802713476921  0.08073781762193356   0.3279944607084005   0.6209801766265213
  0.4062490702851198   0.4072967215512683   0.4079123600015053   0.4085055594646847   0.4092913765201141   0.4102223263753234

0.3977444762923664
0.3978307554536532
0.3978037133778027
0.3977867391797216
0.3977630811361928
 0.397732529180323

0.0003166360583547126
   0.3979273681351477

  0.7919418571993927    1.302232932214862    1.257199121751013   0.6939054697131573  -0.8281009118576623   -3.217189940840438
   1.535395342440456    0.135513734476477 -0.03132047124173451 -0.09929506312008141  -0.2092990445813912  -0.3309987712038597

 -1.07319662884271e-09  -6.31183293460764e-10  -1.34695532515191e-09 -2.664280835757898e-08  -0.001021612213099477   -0.00331720545229712
-9.201767124829584e-10 -1.668413692138182e-09 -7.453763095295729e-10  9.447936086425428e-09 -0.0004067282403661488      0.130346496682797

cov:
 0.0533524267952212 0.05342397516828194 0.05346549955896241 0.05350624885102968 0.05355995900387539 0.05362357628576358
0.05342397516828194 0.05353023020060995 0.05359241045664907 0.05365268045996335 0.05373239069435257 0.05382681713666673
0.05346549955896241 0.05359241045664907 0.05366690477494527 0.05373879509310969  0.0538339906929609 0.05394676604184817
0.05350624885102968 0.05365268045996335 0.05373879509310969 0.05382168339003864 0.05393150378161531 0.05406161775300934
0.05355995900387539 0.05373239069435257  0.0538339906929609 0.05393150378161531 0.05406083068080204 0.05421403078579884
0.05362357628576358 0.05382681713666673 0.05394676604184817 0.05406161775300934 0.05421403078579884 0.05439461435044574

cov.inverse():
 42942370.10492976 -50083239.76037318 -13498033.47814239  1051944.696775323  5638185.218309943  13948708.21339962
-50083239.79939768  135140365.4684189 -59117386.57523479 -31716655.38026786 -6432995.831583631  12208393.31816856
-13498033.41929473 -59117386.66468002  131775238.0936188 -34065920.04748583 -19850600.01755096 -5241227.796266546
 1051944.675167332 -31716655.34119461 -34065920.03139459  109179953.0724132 -21572198.15664602 -22876994.34101165
 5638185.235214597 -6432995.848824898 -19850600.07729048 -21572198.08612951  85106530.94075225 -42889107.24061623
 13948708.19828079  12208393.34675606 -5241227.783216182 -22876994.37797162 -42889107.23017535  44849815.53616443

cov*(cov_.inverse()):
     1.000000000465661 -1.862645149230957e-09 -1.047737896442413e-09                      0                      0 -4.656612873077393e-10
                     0     0.9999999990686774  5.820766091346741e-11 -6.984919309616089e-10 -4.656612873077393e-10                      0
 3.492459654808044e-10 -1.862645149230957e-09      1.000000000523869 -1.396983861923218e-09 -9.313225746154785e-10  4.656612873077393e-10
 6.984919309616089e-10 -1.513399183750153e-09 -6.984919309616089e-10                      1                      0  4.656612873077393e-10
 5.820766091346741e-10 -1.280568540096283e-09   2.91038304567337e-10                      0     0.9999999995343387                      0
 1.164153218269348e-10 -9.313225746154785e-10                      0                      0                      0                      1
