5
2

9.953271484404399e-05
0.0001130497224865828
0.0001500899204015448
   0.0223805678347945
   0.5193175347687812

  0.4554166383510078  -0.7803368409421731   0.3410500070708095    0.175279959730497  -0.1913946931744277
 0.08244366063164747  -0.1045789973474632   0.3329930523764345   -0.796935469610022   0.4860820511826492
  0.4895569444450191    -0.14456025074804  -0.7565430419145786 0.002808294146216607   0.4087432828364828
 -0.5898917513449201  -0.4006015081871567  0.01951415462397645   0.3647183238129241   0.5984529182632511
  0.4451521629461112   0.4458232985432998   0.4472832919369712   0.4484901902532633   0.4493054020385119

0.3984736947946644
0.3985223257860309
0.3985953244415228
0.3985666772584096
0.3985474658410309

0.0002206066765466593
    0.398684875730564

 0.1071130073610521   1.834687441357122   1.183000313932052 -0.2811515794587861  -2.843777510620419
  1.459771411767715 -0.1088947562885061 0.06670924798050012 -0.6030453605426163   0.185557518219538

-4.799104692573605e-09 -1.210745775434827e-08 -5.115743239076688e-08  -0.001292038503617023  -0.002441794311324204
 6.254271946753387e-09   9.26228879741248e-09  1.698684477142415e-08 -0.0004633612437906072     0.1197487614824148

cov:
0.05361633367211628 0.05364096328221545 0.05369210732451618 0.05373500826376023 0.05376381964312297
0.05364096328221545 0.05368368628182974 0.05377492120886419 0.05385076451309267 0.05390188027647281
0.05369210732451618 0.05377492120886419 0.05395515998031127 0.05410410175315285 0.05420472116672877
0.05373500826376023 0.05385076451309267 0.05410410175315285  0.0543131549320964 0.05445444358078033
0.05376381964312297 0.05390188027647281 0.05420472116672877 0.05445444358078033  0.0546233020825637

cov.inverse():
 32107224.13479456 -39688046.37823107  1385027.459222564  2977343.956511458  3219297.886100742
-39688046.37418136   63249405.8360624 -24733825.25179243 -7303566.408990058  8474786.305174971
 1385027.458533571 -24733825.25215902  45824853.53351711 -14824510.50839263 -7651086.628324365
 2977343.940908501 -7303566.387493678 -14824510.51346149  52796222.27808192 -33645491.94355605
 3219297.898342959  8474786.288094807 -7651086.624311083 -33645491.94273103  29602455.92510414

cov*(cov_.inverse()):
     1.000000000058208                      0                      0                      0                      0
-1.455191522836685e-10      1.000000000174623 -5.820766091346741e-11                      0  2.328306436538696e-10
 2.619344741106033e-10 -1.746229827404022e-10                      1  2.328306436538696e-10 -2.328306436538696e-10
 -2.91038304567337e-11  3.492459654808044e-10  1.164153218269348e-10                      1 -2.328306436538696e-10
 1.164153218269348e-10 -3.492459654808044e-10  5.820766091346741e-11                      0                      1
