5
2

5.809855611232856e-05
8.939876268763223e-05
0.0001274287511077151
  0.02288266367573692
   0.5226426930885802

-0.07961404682640236   0.6132635543876034  -0.7405688296713329   0.2579241707113135 -0.05101320505438138
 -0.5054666297951944   0.5208292611940656   0.2688027403975446  -0.5667084978748163   0.2825366030070641
  0.4954491112389146  -0.1619940924875739  -0.4000373790435585  -0.4987057568966614   0.5652882057656831
 -0.5427999403326651  -0.3573134221419724  -0.1406220275667621   0.4026941946432908   0.6290931362649357
  0.4450432480768994   0.4457911236220914   0.4466524778896629   0.4488279784483921    0.449735245670017

0.3981802292772942
0.3982918687774234
 0.398374945099883
 0.398533925304015
0.3986258936089867

-0.0005654486558263082
    0.3982866744856585

 0.1638068397022661   0.877733712576266   2.901250825113834  -3.368039956458365 -0.5749077619327452
  1.779444263283258 -0.4994370536359642 0.04365490516353632 -0.5786531013169796   0.254984039272948

-8.312722428977105e-09  2.318103115221517e-08  2.160215006483252e-09  -0.001323953762540714  -0.002783167254459133
-2.168859811711479e-09 -5.977053761184483e-09  2.237256682844552e-08 -0.0004535444215157772     0.1212108523451831

cov:
0.05425638956855546 0.05429457738227725 0.05433770041857078 0.05444774880860267 0.05449369997433173
0.05429457738227725 0.05435095018253307 0.05441529237322668 0.05457855063997098 0.05464667074966283
0.05433770041857078 0.05441529237322668 0.05450443132815241 0.05472984532343639 0.05482386242273619
0.05444774880860267 0.05457855063997098 0.05472984532343639 0.05511112882455196 0.05527008471051528
0.05449369997433173 0.05464667074966283 0.05482386242273619 0.05527008471051528  0.0554561286376554

cov.inverse():
 48963756.76938999 -52347005.80088229  -11738922.8147459  14541583.71496697  581213.4051095756
-52347005.75470623  146977692.7826577 -113041247.1570669  14904491.24231782  3504134.431846223
-11738922.88088509 -113041247.0718943  181376106.7928506 -63362767.34147812  6768448.383546485
 14541583.73863963  14904491.19176419 -63362767.31273393   75209407.0078817 -41292896.54694376
 581213.4013994067   3504134.44340336  6768448.373836799 -41292896.54508119  30438992.03003924

cov*(cov_.inverse()):
    0.9999999997562554  3.492459654808044e-10  1.396983861923218e-09 -4.656612873077393e-10                      0
-2.801243681460619e-10     0.9999999990686774  1.979060471057892e-09  4.656612873077393e-10 -2.328306436538696e-10
-6.184563972055912e-10 -2.619344741106033e-10      1.000000001688022                      0 -2.328306436538696e-10
-2.874003257602453e-10  2.328306436538696e-10  1.746229827404022e-09                      1  2.328306436538696e-10
-1.600710675120354e-10   2.91038304567337e-10  5.238689482212067e-10                      0                      1
