5
2

0.0001095850589234032
0.0001354416743779312
0.0001589519497068103
  0.02138917072981339
   0.5187878888385825

   0.5259953265628344   -0.7828090207799617     0.275985520643361    0.1211675399628118   -0.1403188265135779
0.0009172175304302731   0.02188264902555716   -0.4737876766450292    0.8057291929624333   -0.3547478166966468
   0.3822208628485891   -0.1152641950250948   -0.6948024938032159    -0.151007697802673    0.5788501940551332
  -0.6157255777061963   -0.4179889489292609    0.1273521971488989    0.3350892393424184    0.5636167767993163
   0.4451036959043476    0.4457920934419656    0.4476473414873564    0.4483645522883393    0.4491471865964423

 0.398506589093876
0.3985722413049764
0.3986785410030835
 0.398678456650176
0.3986799319435919

5.352379269586214e-06
   0.3986920212281839

 0.5674258190286458   1.857938845852817  0.7517371776750573 -0.5197012745399944  -2.657455000738016
  1.186204032862618  0.4193629092882922 -0.4876063819365914 -0.2810062452094451  0.1628726057359376

-7.668385780405304e-09  3.834010308025769e-09 -5.001021669376502e-08  -0.001236235319640882  -0.002495781136960891
 1.251103423620962e-09 -7.871045181841665e-10  2.224792068544467e-08 -0.0004438300131552705     0.1194493761440456

cov:
0.05349491544039932 0.05352166846338478 0.05359030165284975 0.05361770670394306 0.05364709376119994
0.05352166846338478 0.05356646387660009 0.05368476490553698 0.05373109161939608 0.05378129164829089
0.05359030165284975 0.05368476490553698 0.05394007686594951 0.05403856880911085  0.0541461718971484
0.05361770670394306 0.05373109161939608 0.05403856880911085 0.05415698010793273 0.05428643657126433
0.05364709376119994 0.05378129164829089  0.0541461718971484 0.05428643657126433 0.05443998955827544

cov.inverse():
 28821992.87535709 -36029500.48441023  1553447.366796773  3062585.878082892  2592337.329601607
-36029500.48564837   51580377.8720406 -15385884.78513662 -6248667.005872257  6082353.710557254
 1553447.370648622 -15385884.78888509  37686268.56355275 -13872393.59300251 -9980706.186445842
 3062585.876048659 -6248667.005106831 -13872393.58922574  37514775.57182488 -20456358.17940918
 2592337.329022194  6082353.712302142 -9980706.190119345 -20456358.17690123  21762175.75769828

cov*(cov_.inverse()):
     0.999999999825377   2.91038304567337e-10                      0                      0 -4.656612873077393e-10
-1.455191522836685e-10      0.999999999825377                      0  2.328306436538696e-10 -2.328306436538696e-10
-2.328306436538696e-10 -1.746229827404022e-10     0.9999999998835847 -2.328306436538696e-10 -4.656612873077393e-10
-1.455191522836685e-10                      0 -3.492459654808044e-10                      1 -4.656612873077393e-10
-8.731149137020111e-11  2.328306436538696e-10  1.164153218269348e-10                      0     0.9999999997671694
