5
2

 3.05861847040348e-05
5.334188491177111e-05
9.561958065467959e-05
   0.0235637389848324
   0.5197065202805823

 0.01877098184563687 0.005666170264653614  -0.3031695960144123   0.7984789400973495   -0.519745248201996
 -0.1110013113723338    0.693498783321412  -0.6698372962408531  -0.1210172085218561    0.208353013445127
   0.709136554865784  -0.4399946379749395   -0.488149228535371 -0.03412196416481186   0.2531325489703898
 -0.5350470842160902  -0.3558687105228356  -0.1470249770378245   0.3812005240904168   0.6481912488632456
   0.445169993754207   0.4458581741656985   0.4466544295364721   0.4486736781418296   0.4496953594475264

0.3992758465521228
0.3993584620971821
0.3994124046206176
0.3994986334055785
0.3995330879517288

-0.0002406539536251863
    0.3994242745284076

-0.08786898845526141   0.3009960489209304     1.64244426193352     3.48980215633323   -5.345346580160989
  0.7156107319995183   0.3609282455334391   0.2032983063954262   0.4796418068154332  -0.7594320730864188

 4.740130364967633e-09  -6.87928043345677e-09 -2.257126836119145e-08  -0.001352629491285379  -0.002513304489462641
 6.843655070922573e-10 -5.166658192693672e-10  3.731851970645346e-10  -0.000472315436530722     0.1199180418831859

cov:
0.05368536671941293 0.05371487337207254 0.05374856944667928 0.05383443515469723 0.05387796305826557
0.05371487337207254 0.05376234808816797 0.05381696715795957 0.05395575716188374 0.05402603529635457
0.05374856944667928 0.05381696715795957  0.0538959804843249 0.05409645537139043 0.05419791257190419
0.05383443515469723 0.05395575716188374 0.05409645537139043 0.05445296241921503 0.05463328478699529
0.05387796305826557 0.05402603529635457 0.05419791257190419 0.05463328478699529 0.05485347222995116

cov.inverse():
 59707898.19799556 -61066174.55788372 -17812348.99255366  18095570.62638776  1075502.356824323
 -61066174.5092732  190234919.1544778 -141604308.8279383 -23017533.54170305  35451977.29814871
 -17812349.1075437 -141604308.6543494   281998774.563339 -228449973.4813085  105868229.6709734
 18095570.78607413 -23017533.84330313 -228449973.3381055  686791057.0347553 -453417898.8765171
 1075502.263517834  35451977.47476965  105868229.5863703 -453417898.8752295   311021286.243959

cov*(cov_.inverse()):
     1.000000000778527  1.164153218269348e-09 -1.862645149230957e-09                      0                      0
 8.294591680169106e-10     0.9999999993015081 -2.793967723846436e-09  7.450580596923828e-09 -3.725290298461914e-09
 2.692104317247868e-10  4.656612873077393e-10     0.9999999990686774  3.725290298461914e-09                      0
 4.074536263942719e-10  1.396983861923218e-09 -3.725290298461914e-09     0.9999999962747097  3.725290298461914e-09
 2.837623469531536e-10 -4.656612873077393e-10 -9.313225746154785e-10 -3.725290298461914e-09                      1
