5
2

5.098434501446262e-05
7.427848348706393e-05
9.729811178180922e-05
  0.01775284614375091
   0.5310724054189226

 -0.2678224728833299   0.7240939162158859  -0.6242683287258611  0.09222773241038805  0.07577745470823119
 -0.3171305178223063   0.4056492522718852   0.5153332491287618  -0.6807332871235225  0.07688142130198825
  0.5265505167170046  -0.1178263407042303  -0.3803725695676311  -0.5451047246464753   0.5167582164512863
 -0.5937701713265272  -0.3136478907643347 0.004088666958072538   0.1741506882805868   0.7202199697563619
  0.4448380544336744   0.4459581131516021   0.4472367239116638   0.4479158560666614   0.4501012833915926

0.4058322445666839
0.4058435828765711
0.4058384866252859
0.4058787606548239
0.4058322538787336

0.0002664981428968758
   0.4060039687440722

   1.095976788155053    2.251737466273607    -1.52371598770927    1.086169544204882   -2.910183858188974
   1.774446956872691   0.3047411451132125  -0.7551578211950402  -0.2337273015099014 -0.09024630987207824

 5.634982736231881e-09 -6.524223449401881e-09 -1.140370956230031e-08  -0.001030602557428548  -0.003698617052673165
 4.898595882293337e-10 -3.730261228808558e-09  1.198929965597981e-08  -0.000396470586565275     0.1247168388505506

cov:
0.05592103032001173 0.05600912845050266 0.05611008437736212 0.05616346537138722 0.05633546714646078
0.05600912845050266 0.05612232018536788 0.05625172974602413 0.05632033717171499  0.0565412351836243
0.05611008437736212 0.05625172974602413  0.0564134236548176 0.05649930299866048 0.05677566981002923
0.05616346537138722 0.05632033717171499 0.05649930299866048 0.05659443678204025 0.05690048337244916
0.05633546714646078  0.0565412351836243 0.05677566981002923 0.05690048337244916 0.05730186998502573

cov.inverse():
 75110697.34197259  -104474425.049519  13542421.61748817 -693383.6441741781  16514131.58982369
-104474425.0424248  232996180.1847951 -131274045.3663875 -17574353.25033068  20328913.67181394
 13542421.55188726 -131274045.2174949  213340072.5562354 -63830146.56280281 -31780486.47086721
-693383.5715756139 -17574353.42852317 -63830146.43875832  118649525.1623368 -36551656.66049731
 16514131.57573202  20328913.70820758 -31780486.51162114 -36551656.64204489  31489602.90847782

cov*(cov_.inverse()):
    0.9999999982537702 -2.328306436538696e-10  6.984919309616089e-10  4.656612873077393e-10 -2.328306436538696e-10
-1.164153218269348e-09     0.9999999983701855  1.396983861923218e-09  4.656612873077393e-10 -4.656612873077393e-10
-1.280568540096283e-09                      0      1.000000000232831 -4.656612873077393e-10                      0
-2.328306436538696e-10 -2.328306436538696e-10                      0     0.9999999997671694 -2.328306436538696e-10
-8.149072527885437e-10 -4.656612873077393e-10  2.328306436538696e-10 -2.328306436538696e-10     0.9999999997671694
