5
2

0.0001051074152204239
0.0001494775991946341
0.0001580554005542928
  0.01826711531181842
    0.521666684433595

   -0.5405318534601569     0.7995514384211414     -0.228770591560423    -0.1038698839083579    0.07360622505991152
   -0.1851181119644954    0.03082141738096666 -0.0005872516567296161     0.7676537950351269    -0.6127712713215167
   -0.2797210809114318    0.04281566963899082     0.8540789879385096    -0.3120647142674852    -0.3051026578025651
   -0.6300234218569019    -0.3986871245345767     0.1336819336986708       0.31892254765116     0.5696811510348129
    0.4454022954847549      0.446075030362638     0.4475956819911262     0.4481324814091009     0.4488532577946865

0.3930197633911938
0.3930948064573088
0.3932229861573237
0.3932368569858798
0.3932487980880548

-0.0001052418968725711
    0.3931884187956509

    1.269003141342914     1.728580782341358    0.2300188469133562   -0.5785219385042625    -2.648997681288057
   0.9055630128194536    0.5319296265238971   0.03822289251302538 -0.005877826136307385   -0.4701416502046519

 5.619228404499207e-09  2.228438426359531e-08  2.258953493818867e-08  -0.001051617155530537  -0.002453751126631805
-1.181202209448915e-09  2.956351968930599e-09 -1.314253317842962e-09 -0.0003494359164446006     0.1208475222330987

cov:
0.05411969391315052 0.05415259094888895 0.05422498937235022 0.05425111577698691 0.05428576850755971
0.05415259094888895 0.05420349240739926 0.05431725609973628  0.0543577764085121 0.05441191418621174
0.05422498937235022 0.05431725609973628 0.05452624986906834 0.05459987377718876 0.05469885491057268
0.05425111577698691  0.0543577764085121 0.05459987377718876 0.05468507361515382 0.05479963639869825
0.05428576850755971 0.05441191418621174 0.05469885491057268 0.05479963639869825 0.05493536571761427

cov.inverse():
 31113947.35961385 -39854209.89295239  1634597.934534455  2215665.269768007  4890674.977800743
-39854209.89647999  57982726.93089373  -15094100.8950155 -6993728.986955537  3958271.470906836
 1634597.938528882 -15094100.89880686  33937033.33257094  -8538140.77042173 -11938872.64635563
 2215665.276444105 -6993728.997238453 -8538140.765952058  31249311.13828625 -17933097.60486522
 4890674.970657879  3958271.481453513 -11938872.65062229 -17933097.60400258  21022882.04602178

cov*(cov_.inverse()):
    0.9999999994761311 -8.731149137020111e-11  2.328306436538696e-10                      0                      0
-5.820766091346741e-10     0.9999999995343387  1.164153218269348e-10  2.328306436538696e-10                      0
-2.328306436538696e-10  -4.94765117764473e-10      1.000000000116415  1.164153218269348e-10                      0
-4.656612873077393e-10 -3.783497959375381e-10  3.492459654808044e-10      1.000000000116415 -2.328306436538696e-10
-1.164153218269348e-10 -2.619344741106033e-10 -1.164153218269348e-10                      0                      1
