5
2

6.934423905948178e-05
8.688344422960976e-05
0.0001267633027281518
  0.01463580384089094
   0.5174384967861089

0.008583676884548789  0.08181587098364348  -0.5687467345337898   0.7661249711732099  -0.2877710274651162
 -0.1597975483021881    0.601132725037573  -0.5649814465427337  -0.3165040674531109   0.4401423983140332
  0.6011473705933074  -0.5532814295687428  -0.3883062003575275 -0.07853517630402727   0.4189892831206027
 -0.6436389579091294  -0.3556877423711282  0.07989039070000065   0.3256914307322686   0.5888613921883051
   0.445804659843473   0.4464431652129843   0.4473912574663614   0.4479230088541427   0.4485005533755527

0.3995907422667159
 0.399637286388531
0.3997237901485129
0.3997014929309036
0.3996850379083869

0.0002694866820831883
   0.3998087176640353

   1.41777462024631   1.464431100944773   2.316390491690205  -1.417271236660049  -3.781314936630425
  1.118678761345058   0.367966029569823  0.1749086041239415 -0.2728243378791917 -0.3887199491758979

-5.689131036525912e-09 -1.412142980910124e-08 -3.744776303392391e-08 -0.0008432508716517517   -0.00229765857660285
-7.545983289675605e-10 -1.065337087607359e-09  4.170543327363016e-09 -0.0002473427055663511     0.1190638731332943

cov:
0.05330039011513903  0.0533368902670419 0.05339000443657236 0.05341958847254859 0.05345224483547322
 0.0533368902670419 0.05339128653280777 0.05347141973214357 0.05351625210202679 0.05356523455637281
0.05339000443657236 0.05347141973214357 0.05359244742254145 0.05366034339839986 0.05373402516633887
0.05341958847254859 0.05351625210202679 0.05366034339839986 0.05374126763351697 0.05382888524756348
0.05345224483547322 0.05356523455637281 0.05373402516633887 0.05382888524756348 0.05393144143262314

cov.inverse():
 25889219.65883632 -33276688.74877606 -3582252.450436444  5128566.285885484   5841871.81264603
-33276688.75609671  68313442.39278178 -41298463.20236253 -9465632.202084154  15726359.57246188
-3582252.444070386 -41298463.22318982  118938559.4195877 -65027984.66779835 -9030396.806185871
 5128566.299849698  -9465632.19609258 -65027984.71273486  135716176.4246828 -66349787.75987008
 5841871.799636609  15726359.57997714 -9030396.775711244 -66349787.78485107  53811437.29958929

cov*(cov_.inverse()):
     1.000000000116415 -1.164153218269348e-10 -5.238689482212067e-10 -9.313225746154785e-10 -4.656612873077393e-10
 1.746229827404022e-10     0.9999999997671694 -7.566995918750763e-10 -4.656612873077393e-10                      0
 4.074536263942719e-10 -2.328306436538696e-10                      1 -4.656612873077393e-10                      0
 1.164153218269348e-10  1.164153218269348e-10 -6.984919309616089e-10     0.9999999986030161                      0
 1.164153218269348e-10  1.164153218269348e-10                      0                      0                      1
