5
2

0.0001133169310858445
0.0001776433458344084
0.0002155197482989378
  0.01279278626272094
   0.5190123976547472

 -0.6179885561993622   0.7674770777814272  0.06446327146284149 -0.07511156339476947  -0.1388229777933429
 -0.2461210497233176  -0.3234958187133903   0.8720910959937198 -0.03187937165165233   -0.270584016729765
 -0.1051761964643132  -0.0751449531390726  -0.1777951446910088   0.8452253021247834  -0.4871080772142856
 -0.5898148172681319  -0.3185295160650796  -0.0620027788154623   0.2797347621249976   0.6845155564370603
  0.4456130858917638   0.4463424400257139   0.4470415516081749   0.4479783590916295   0.4490842291099059

0.3978085291138155
0.3977796682711086
0.3977598942689193
0.3977426126801375
0.3977089489226235

0.0003102315587877222
    0.397903097838073

  3.942423261101735  0.3103081319757729  -0.387747556680259  -1.373347781793041  -2.491775306384988
   2.28858697297865 0.07490258239021916 -0.2267136028384956  -0.438598958036919 -0.6982224907015946

-2.278129326502648e-08 -2.180069135073528e-08 -1.468022205409755e-08 -0.0007348016280947925  -0.003309867746888467
-1.594273915115201e-08  -1.83758882181672e-08 -1.099116905407006e-08 -0.0003208103443324145      0.119026225556305

cov:
0.05354678454870542  0.0536081369566241 0.05366729107866874 0.05374675863694901 0.05384044027501954
 0.0536081369566241 0.05368170187344114 0.05375236687412293 0.05384719186100414 0.05395905953311838
0.05366729107866874 0.05375236687412293 0.05383398497809067 0.05394329548170571 0.05407236283492709
0.05374675863694901 0.05384719186100414 0.05394329548170571  0.0540720294588962 0.05422395774509444
0.05384044027501954 0.05395905953311838 0.05407236283492709 0.05422395774509444 0.05440311428720665

cov.inverse():
 31901907.50358811  -34242225.9631521 -9501249.600575119  1948652.912359513  9892023.891369415
-34242225.96494799  49309698.85033903 -4799236.854809574 -5530494.129109967 -4736807.823266603
-9501249.600363692 -4799236.855294298   25104689.6874544 -4493504.813020051 -6310309.808415568
 1948652.916418642 -5530494.133869166 -4493504.813554703  15852560.82495614 -7777316.426361465
  9892023.88889475 -4736807.819818622 -6310309.808154204 -7777316.427596071  8932099.182403099

cov*(cov_.inverse()):
     1.000000000116415                      0  1.746229827404022e-10  5.820766091346741e-11 -5.820766091346741e-11
                     0     0.9999999997380655   2.91038304567337e-10  1.164153218269348e-10 -1.164153218269348e-10
                     0 -8.731149137020111e-11                      1 -5.820766091346741e-11 -1.164153218269348e-10
 2.328306436538696e-10   2.91038304567337e-11  1.746229827404022e-10     0.9999999999417923                      0
                     0 -4.074536263942719e-10  1.164153218269348e-10  5.820766091346741e-11     0.9999999998835847
