5
2

6.046533380856882e-05
7.703047007930302e-05
0.0001267923961390723
  0.01563225623666918
   0.5081173207757131

-0.004809800094473246   0.03278503711666206   -0.4959332791649638    0.8011934946940408   -0.3332284109150151
  -0.1233595766200558     0.554430973691081   -0.6465361217021529   -0.2358996053830846    0.4513658491540143
    0.620340814475144   -0.5930677614575667   -0.3558203883199985  -0.03927263295485699    0.3678279703511209
  -0.6333657822839927   -0.3748586960955313   0.09614834777230367    0.3166865155754103    0.5905877495061221
   0.4458523751279935    0.4464112734177854    0.4474243762106471    0.4478924774915888    0.4484823193139266

0.3827303630437299
0.3827547972677876
0.3828052229937589
0.3827683702049372
 0.382727509418865

0.0005356255162698082
   0.3829823658799945

 0.2992774854932582  0.9318757063042987   4.294209118438826   1.088525455949266  -6.614032963276789
 0.9979053702678264  0.2890433601833411  0.5076575291416379 -0.1739450444069914 -0.6206840342658635

  3.56675416892674e-09 -3.286524760735319e-08 -7.026239069705853e-08 -0.0009010898217660995  -0.002057009038572791
-6.567073738068745e-10 -3.145970212867792e-09   7.31642009340801e-10 -0.0002720380240235417       0.11484365044685

cov:
0.05142081425105886 0.05144512716010249 0.05148885066520743  0.0515086038170929 0.05153411224690942
0.05144512716010249 0.05148587719547253  0.0515594912097715 0.05159323911609056 0.05163612986214958
0.05148885066520743  0.0515594912097715 0.05168759304027574 0.05174684283448982 0.05182141240993699
 0.0515086038170929 0.05159323911609056 0.05174684283448982 0.05181804328372797 0.05190744369165252
0.05153411224690942 0.05163612986214958 0.05182141240993699 0.05190744369165252  0.0520152770028641

cov.inverse():
 26509828.03392405 -34453460.07055885  363331.1668313421  2334006.997869661  5246578.111785038
-34453460.07423863  73978089.66751333 -51731729.39866439 -13409055.46424869  25616076.38804997
 363331.1711519831 -51731729.41872005   145594044.376312  -82106519.9731115 -12120421.98482045
 2334007.003040867 -13409055.44448611 -82106520.02450366  185049455.6664399 -91866426.37313154
 5246578.105972943  25616076.38466352 -12120421.94916364 -91866426.39959021  73123842.97997838

cov*(cov_.inverse()):
     1.000000000116415  6.984919309616089e-10  8.149072527885437e-10                      0                      0
  2.91038304567337e-10                      1  1.164153218269348e-09  9.313225746154785e-10  4.656612873077393e-10
 2.328306436538696e-10                      0      1.000000000582077  1.862645149230957e-09 -4.656612873077393e-10
 1.164153218269348e-10  6.984919309616089e-10 -4.656612873077393e-10      1.000000002793968 -4.656612873077393e-10
  2.91038304567337e-10  2.328306436538696e-10  4.656612873077393e-10                      0                      1
