7
2

5.956186603058703e-05
6.771549271119105e-05
8.181843139197968e-05
8.545163923548875e-05
0.0001509687650165998
  0.01602027013050099
   0.6010488812021806

-0.002734328656451166  -0.01017706359564834   0.01746488188357789    0.1199648446958732   -0.5815658070230741    0.7493554713665114   -0.2923011364944217
 -0.01055675294687754  -0.03027705680852685   0.06188769759624789    0.5803937480434306   -0.5891319489034094    -0.400577113051286    0.3882607219348021
  -0.1892759154857142    0.8327111003074091   -0.3222109246603547   -0.2874415232233583   -0.2106426422156238  -0.02182962566373174    0.1986894227739031
 -0.03053576660132674  -0.04451949581105267    0.7372229908874913   -0.5621337051406861    -0.281308053502596  -0.05432440759005101    0.2356017369992753
   0.7021868840432227   -0.2418763659813229   -0.4118868609643628   -0.3255411575945417   -0.1695693620592711    0.0745536817663552    0.3721418438178676
  -0.5726854172097159   -0.3204016748967488   -0.1905103346443531   -0.0367155273108172    0.1392844018768243    0.3545226203675594     0.621808273608684
   0.3769459722322757    0.3773970792522979     0.377627195368752    0.3779014769848463    0.3782146243107208     0.378592314236228    0.3790684781923435

0.3826742943047594
0.3826988161947357
0.3828000116973905
0.3827761258465147
0.3827492993362983
0.3827124930237181
0.3826716134279609

0.0005353779737781619
   0.3829264617670737

  0.1859303889027712  -0.1434002710542016   0.7031677967677465     2.02256151559934    2.954934455317322   0.6839268585190726   -6.407260574928829
  0.9843052315027117   0.2407184021795589   0.1232767455865393 -0.04306197910717194   0.4794517438253261  -0.1604268504708461  -0.6242848181393456

 3.273502459949552e-09 -1.505254907872749e-08 -1.923232638758222e-08 -2.187538515793558e-08 -8.244385750985493e-08 -0.0009236280794916994  -0.002323082224855528
-7.972360178165225e-10 -2.272633781003625e-09 -1.571338733225248e-09 -1.452548844115387e-09  6.167427109583486e-09  -0.000267173859437495     0.1358728197171672

cov:
0.05141495683860374 0.05143928966740739 0.05145153306599172 0.05146628044580153 0.05148305748740494 0.05150285762815963 0.05152841841704197
0.05143928966740739 0.05148005828470761 0.05150074510681043 0.05152549361375753 0.05155371466401656 0.05158750864619876 0.05163044838026335
0.05145153306599172 0.05150074510681043 0.05152579527210064 0.05155568576827069 0.05158979991269064  0.0516307996797128  0.0516826883917243
0.05146628044580153 0.05152549361375753 0.05155568576827069 0.05159168769810751   0.051632774440596 0.05168230666535088 0.05174479205194386
0.05148305748740494 0.05155371466401656 0.05158979991269064   0.051632774440596 0.05168185575098579 0.05174115016640928  0.0518157628986934
0.05150285762815963 0.05158750864619876  0.0516307996797128 0.05168230666535088 0.05174115016640928 0.05181239444238089 0.05190183536590919
0.05152841841704197 0.05163044838026335  0.0516826883917243 0.05174479205194386  0.0518157628986934 0.05190183536590919 0.05200970328337111

cov.inverse():
 27140765.59293137 -30731934.10654686 -6818005.434585308 -980229.4479976834   3712169.91239041  3485199.885928381  4192299.334146867
-30731934.09921727  106650371.1681146 -40662543.27175109 -33049704.25437377 -17129394.01499468 -2680555.455955698  17603628.01346903
-6818005.440263583 -40662543.23911802   98305309.7189094 -28611723.84441607 -26012741.10410696 -7498985.120332493  11298901.30801755
-980229.4663199669 -33049704.19798012 -28611723.83802368  137787101.5844589 -61112333.17948208 -21308478.00518935  7275140.384490645
 3712169.917041969 -17129394.08353185  -26012741.0905865 -61112333.11175298  189755917.6244735 -69151415.84623036 -20063425.80012613
 3485199.914092195 -2680555.537590939  -7498985.07082326  -21308477.9911136 -69151415.85910898  193998699.7915959 -96842953.82229036
 4192299.318002793  17603628.08194385  11298901.26555065  7275140.347149328  -20063425.7698835 -96842953.82505578  76536021.64677167

cov*(cov_.inverse()):
     1.000000000029104 -5.820766091346741e-10 -3.492459654808044e-10  9.895302355289459e-10 -1.979060471057892e-09 -1.862645149230957e-09  4.656612873077393e-10
 8.731149137020111e-11     0.9999999990686774 -2.328306436538696e-10 -5.820766091346741e-11 -1.047737896442413e-09                      0 -9.313225746154785e-10
-1.164153218269348e-10 -2.328306436538696e-10     0.9999999993015081  9.895302355289459e-10  3.492459654808044e-10 -1.862645149230957e-09  4.656612873077393e-10
                     0 -6.984919309616089e-10 -5.820766091346741e-10      1.000000000873115 -1.164153218269348e-09 -1.862645149230957e-09  4.656612873077393e-10
 -2.91038304567337e-11 -5.820766091346741e-10  2.328306436538696e-10  8.731149137020111e-10     0.9999999984866008 -1.862645149230957e-09 -9.313225746154785e-10
-1.746229827404022e-10 -9.313225746154785e-10 -8.149072527885437e-10  6.402842700481415e-10  1.280568540096283e-09     0.9999999990686774  4.656612873077393e-10
 -2.91038304567337e-11 -2.328306436538696e-10                      0 -1.746229827404022e-10  1.164153218269348e-10 -9.313225746154785e-10      1.000000000465661
