6
2

6.472626120148842e-05
7.572165784446532e-05
9.525299217902723e-05
0.0001415744420700301
  0.01466889764577662
   0.5685620917975754

-0.002813928239715267   0.05413274166644352    0.1130328765698533   -0.6277287498767427    0.7230569783337834   -0.2596738715444445
  0.06067927574389569   -0.1626801469254166   -0.4781106625720452    0.5900141678254491    0.4383876173098421   -0.4482889340381761
  -0.1831360030149125    0.7515924655553778   -0.5986775164912483   -0.1242486545763221  -0.01161551192346814    0.1660799599190445
   0.6395476644986823   -0.3558632423170981   -0.4746387119348054    -0.255529835896742   0.03078450342781329    0.4157102934135734
  -0.6229376849323399   -0.3360454454351124  -0.09171469917254711    0.1013914349828934    0.3416516584866208    0.6029962142622406
   0.4070610976600413    0.4076130434201863    0.4080753625075816    0.4084439374725644    0.4088966147536791    0.4093952570618408

0.3987400623329734
0.3987977446325551
0.3989073285945545
0.3989011239802406
0.3988894225191661
0.3988821376274944

0.0001065996524267683
   0.3989381998944974

 0.9844714616257783  0.1269722064484483   2.644128997321547    1.98478518324066 -0.8787729980285326  -4.861673012118693
  1.042042153072875  0.3006106441247468  0.2713261648302118  0.1113588107486455  -0.263321810437399  -0.462048032867639

-1.323390786426041e-09  9.977546009293767e-09  -2.46033171747566e-08 -6.465667690681735e-08 -0.0008454292899805628  -0.002424549270373467
-4.034837036769955e-10  2.408201642691501e-10 -1.949363408870346e-09   4.04950464933266e-09 -0.0002436481780896553     0.1312710077799882

cov:
0.05364775448663898 0.05368191389465357 0.05370999954424809 0.05373261763580448 0.05375998296499823 0.05379057147819782
0.05368191389465357 0.05373391044034469 0.05377715305882692 0.05381175594171156 0.05385402965908842 0.05390083531893847
0.05370999954424809 0.05377715305882692 0.05383332768685327  0.0538781296149253 0.05393310103205985 0.05399371947584705
0.05373261763580448 0.05381175594171156  0.0538781296149253 0.05393101123174644 0.05399601647738422 0.05406755377386918
0.05375998296499823 0.05385402965908842 0.05393310103205985 0.05399601647738422 0.05407351856065463 0.05415863751240337
0.05379057147819782 0.05390083531893847 0.05399371947584705 0.05406755377386918 0.05415863751240337 0.05425854542085228

cov.inverse():
  24749202.4984705 -28282439.40091907 -8196332.606068987  1019699.738853524  5369456.664542017  5340886.235751041
-28282439.40962789  73893612.93764928 -26139928.05198296 -30606693.33001964 -4604676.867701797  15739550.61091505
 -8196332.62416917 -26139928.01313415  93659579.37150706 -51885118.31366385 -17009525.40058353  9571477.765224762
 1019699.772194226 -30606693.40355521  -51885118.2568217  159727897.5295065  -63461115.6662345  -14795503.5596127
 5369456.679958265 -4604676.870680775  -17009525.4550018 -63461115.62297273  158371770.1706745 -78664745.72944072
  5340886.21380304  15739550.63987236  9571477.783549445 -14795503.58622772 -78664745.72815996  62807971.96340491

cov*(cov_.inverse()):
     1.000000000058208  2.328306436538696e-10  5.820766091346741e-11 -1.862645149230957e-09                      0                      0
 2.328306436538696e-10      1.000000000232831 -8.731149137020111e-10  5.820766091346741e-10  9.313225746154785e-10 -4.656612873077393e-10
 1.746229827404022e-10                      0     0.9999999986030161  4.656612873077393e-10                      0 -4.656612873077393e-10
 1.746229827404022e-10 -3.492459654808044e-10 -9.313225746154785e-10      1.000000000116415 -9.313225746154785e-10  4.656612873077393e-10
-1.164153218269348e-10 -1.164153218269348e-10 -8.149072527885437e-10                      0                      1  4.656612873077393e-10
-5.820766091346741e-11  1.164153218269348e-10  1.746229827404022e-10 -2.328306436538696e-10                      0      1.000000000465661
