6
2

4.406227681770252e-05
 5.80922583500155e-05
8.650224502000216e-05
0.0001607664915000786
  0.02379103478147226
   0.6321198795894183

  0.003406770997528538 -0.0009489137227934527    -0.1459897029728285     0.5067066915989386    -0.7542906580167121      0.391111789668371
   0.03770817119842003    -0.4229136313860976     0.7727373627215219    -0.3314473920461291    -0.2638055448255976     0.2077218892942462
   -0.3127610906840578     0.6929999377378246    0.01502651559833184    -0.5285211387918785    -0.1917282425930102     0.3249791949045272
    0.6587551935654128    -0.2030505579949767    -0.4309172297156083    -0.4266354121703255   0.005534985301124982     0.3963256186555728
   -0.5495208468622332    -0.3663717291376069     -0.171923682388268    0.07159231684173097     0.3957955997944251     0.6102960148478742
    0.4059746564808807     0.4067388268073145     0.4075423502868743     0.4085500288781085     0.4098874551157534     0.4107754688728611

0.4222917212739821
0.4223437343161104
0.4223512683046358
 0.422402639233617
0.4223667975524585
0.4223421087188447

0.000279168681739432
  0.4225165574730319

 0.2139462639657392   1.542498587639571   1.353408212048521 -0.3354830647141392 -0.9782890869362849  -1.796076337497237
   1.86307892568942  0.2405729635515185   -1.37264794406272 -0.9472138301745235   3.028363480033376  -1.811935284857324

 -6.46246948718209e-10  1.342262874226541e-09  6.012767349085997e-09  -3.43644248053837e-08  -0.001371301727448011  -0.004000609909998063
-6.341632769581354e-09  -6.59253331424118e-09 -8.271676698247306e-09  3.806378998581327e-08 -0.0004816582904926744     0.1617507442230355

cov:
0.06602714427512142 0.06609412303030279 0.06616398612593356  0.0662517082069345 0.06636782984230964 0.06644516938604425
0.06609412303030279 0.06618034872580784 0.06627061271448853  0.0663838840566474 0.06653401536317786 0.06663385664968968
0.06616398612593356 0.06627061271448853 0.06638254532426301 0.06652293970972818  0.0667091786698475 0.06683290968264134
 0.0662517082069345  0.0663838840566474 0.06652293970972818 0.06669731159797722 0.06692877190177572 0.06708242340456165
0.06636782984230964 0.06653401536317786  0.0667091786698475 0.06692877190177572 0.06722044810734366 0.06741393868939131
0.06644516938604425 0.06663385664968968 0.06683290968264134 0.06708242340456165 0.06741393868939131 0.06763379612229871

cov.inverse():
 30290960.80636326 -38868335.23489024 -3232860.373768508  8402789.086052025  3883324.008336567 -475340.7573795494
-38868335.22262625  118776569.9202698 -91989768.62656942  -4308135.26705261  15627843.53940341   761183.807000021
-3232860.390314593 -91989768.53241217  195132932.1576687 -107944480.0007141  -4164512.87475325  12198973.72862732
 8402789.094794402 -4308135.502470535 -107944479.6271823  209171642.9558064 -157501119.7336423  52178303.02334557
 3883323.990873188  15627843.85360341 -4164513.473608537  -157501119.396124  318587412.7621914 -176431330.0727201
 -475340.744376581  761183.6463264296  12198974.03155909  52178302.83268443 -176431330.0373192  111767427.8378775

cov*(cov_.inverse()):
    0.9999999998144631  5.748006515204906e-10 -9.313225746154785e-10 -9.313225746154785e-10 -1.862645149230957e-09                      0
-2.037268131971359e-10      1.000000001549779 -2.328306436538696e-09  1.396983861923218e-09 -5.587935447692871e-09  9.313225746154785e-10
-1.637090463191271e-10 -7.421476766467094e-10     0.9999999991850927 -4.656612873077393e-10                      0 -9.313225746154785e-10
-5.129550117999315e-10  8.949427865445614e-10 -6.984919309616089e-10     0.9999999995343387                      0                      0
 2.728484105318785e-10  -2.91038304567337e-11 -1.746229827404022e-09 -9.313225746154785e-10                      1                      0
-5.093170329928398e-11  4.802132025361061e-10                      0                      0                      0                      1
