5
2

6.668455634151184e-05
8.659484709809995e-05
0.0001153168265142169
 0.008344074889560694
   0.5180227145962405

 0.02108987262078432  0.06846464333393522   0.3317712008581261  -0.8415479922664697   0.4202292908394502
-0.09224684981933678  -0.5039023359806097   0.7925534924848332   0.1140966564421181   -0.310505827691714
  0.6756086842698248  -0.6546164178217718  -0.2429927750341506 -0.01418279159669096   0.2361855435057685
 -0.5789413722824494  -0.3364614821797592 -0.05284586489596747   0.2798164963292598   0.6859523317363445
  0.4465708557106679   0.4468400663929245   0.4471561893520545   0.4475271014201772    0.447972389455436

0.3995486793789566
0.3995434953298761
0.3995382532919481
0.3995320366747342
0.3995195511647737

0.000116974218374365
  0.3995719528801014

  1.047227217387535   2.584925697724488   3.485865491045909  0.8979182954108975  -8.016083306018214
  1.058710148399416  0.8905747662932185    0.53856237142434 -0.2138491137806739  -1.274014731816312

-1.231177231456314e-08  2.965776566891737e-08 -4.970351983122367e-08 -0.0004809335070333152  -0.002067715971615875
-4.154832707931074e-10  1.886692027907557e-09  -3.94216662641191e-09 -0.0001305294555893822     0.1194491038325153

cov:
0.05353869082720944 0.05356116647395098 0.05358762029912181 0.05361866245626324 0.05365565622528778
0.05356116647395098 0.05358778000342475 0.05361903352755309 0.05365571639201415 0.05369959599211797
0.05358762029912181 0.05361903352755309 0.05365592940316789  0.0536992058781335 0.05375114166714622
0.05361866245626324 0.05365571639201415  0.0536992058781335 0.05375023438259693 0.05381161740275645
0.05365565622528778 0.05369959599211797 0.05375114166714622 0.05381161740275645 0.05388454705048976

cov.inverse():
 35564204.52650063 -26731655.20585293 -20521228.54600476 -6117667.855595799  17806578.51050986
-26731655.23084627   67142084.4938712 -36188682.88308994 -19927058.87411932  15705652.67458596
-20521228.50931421 -36188682.93684806  112960192.2144238 -50468491.88881928 -5781815.004335923
-6117667.859425868 -19927058.85417033 -50468491.90987211  161012495.1595247 -84500686.82214934
 17806578.50264256  15705652.68340187 -5781815.000350511 -84500686.82708333  56771154.17788082

cov*(cov_.inverse()):
    0.9999999998835847  3.492459654808044e-10                      0                      0  4.656612873077393e-10
                     0      1.000000000465661  5.820766091346741e-10                      0                      0
                     0                      0     0.9999999997671694                      0                      0
-2.328306436538696e-10  5.820766091346741e-10  4.074536263942719e-10      1.000000000931323                      0
-2.328306436538696e-10  4.656612873077393e-10  1.164153218269348e-10                      0      1.000000000465661
