6
2

6.588060394266972e-05
7.103168577998479e-05
7.249806016060219e-05
0.0001516311314978024
  0.02063221757195781
   0.5674937675074301

 0.02230481997448229  -0.4692895576801954   0.8118486043711853  -0.2136254884271971  -0.2532381133632113   0.1020110693663892
 0.05795224191848333  -0.4907966795960487  -0.0714123395698512   0.8309195847929682  -0.1046756978743526  -0.2219821537720392
-0.02676836631163486   0.2746904125667197  -0.1042864273647953   0.1819335037242705  -0.8057685577027031   0.4801980888307814
  0.5656081675749353  -0.4962596516332318  -0.3939687406460984  -0.2306407555969148  0.08888312964158124   0.4663764803781569
 -0.7147931893951099  -0.2261564568458527 -0.05670277707501154   0.1033027594565676   0.3164713461683435   0.5691073496593883
  0.4056914891816495   0.4074441345528722   0.4080439790891607   0.4086200879431603   0.4093851047021356   0.4102892439858337

0.3977361922157788
0.3978647693463975
0.3978386782097454
0.3978216005198401
0.3977980880406731
 0.397768810847714

0.0003192095646555708
   0.3979625308441196

 0.1629645311328052   1.357098502504026   1.700271726032808   1.155341428055852 -0.4048122213998036  -3.970838830077347
  1.089768205521565  0.2234812767511461  0.1416684349996254 0.02369367085667015 -0.1219568271877018 -0.3566361720699824

 8.583284413667386e-10   5.57926143053421e-09 -6.198387855767632e-09 -7.829945629592464e-08  -0.001186992829705983  -0.003214067038305422
 1.036655898813863e-10  2.773717642413256e-10 -2.692822219790357e-10  6.139617435272454e-09 -0.0004583157599349927     0.1302377140049605

cov:
0.05322215591905535 0.05330244757183714 0.05332925923110712 0.05335584525280525  0.0533909379450123  0.0534321989567888
0.05330244757183714 0.05348539731090889 0.05354778810256983 0.05360797772763954 0.05368783608935453 0.05378214987437534
0.05332925923110712 0.05354778810256983 0.05362252722918638 0.05369436608183182 0.05378974955014196 0.05390246181296408
0.05335584525280525 0.05360797772763954 0.05369436608183182  0.0537772199165176 0.05388726039894554 0.05401734931859768
 0.0533909379450123 0.05368783608935453 0.05378974955014196 0.05388726039894554 0.05401684490033033 0.05417007821421333
 0.0534321989567888 0.05378214987437534 0.05390246181296408 0.05401734931859768 0.05417007821421333 0.05435075691943823

cov.inverse():
 14831874.62538041 -21655658.56272856 -5808594.472030354  1845483.689393924  3786046.472008956  7000954.378979157
-21655658.54526615  123551133.0757672 -77781299.77116896 -43242336.15911002 -6466569.572756709  25592990.35400457
-5808594.496328059 -77781299.69778995  161687672.1201315 -51377223.16375925 -31422264.36487368  4703814.002500225
 1845483.698870743 -43242336.20509593 -51377223.11936887  155965999.4554038 -33557205.90157204 -29634491.50628402
 3786046.459752413 -6466569.580990836 -31422264.33920803 -33557205.88821068  140819705.5107943 -73160278.60651042
 7000954.388593725   25592990.3523089  4703813.981525991 -29634491.51176493 -73160278.58797443  65496900.33344388

cov*(cov_.inverse()):
     1.000000000174623  2.328306436538696e-10  1.746229827404022e-10 -4.656612873077393e-10  9.313225746154785e-10                      0
                     0      1.000000000698492 -6.984919309616089e-10 -6.984919309616089e-10                      0  4.656612873077393e-10
-5.820766091346741e-11  2.095475792884827e-09     0.9999999987194315 -2.328306436538696e-10                      0                      0
 3.492459654808044e-10  9.313225746154785e-10  1.164153218269348e-10     0.9999999995343387  4.656612873077393e-10  4.656612873077393e-10
 1.164153218269348e-10  1.164153218269348e-09 -1.658918336033821e-09  6.984919309616089e-10      1.000000001396984                      0
 5.820766091346741e-11  4.656612873077393e-10  5.820766091346741e-11 -2.328306436538696e-10                      0                      1
