6
2

8.750805796439743e-05
   0.0001028842931906
0.0001081242944770029
0.0001537382858894029
  0.02032271497441431
   0.5684455870126205

-0.06954615047035895    0.423508971096454  -0.7366140200410269   0.4889407098628227  0.06621106721950197  -0.1725002801477962
 -0.2514407344206162   0.5566338180489336 -0.06709406251612485  -0.6699323878594473   0.4163979786566721  0.01542904795981987
 -0.2250363092570209   0.4106933696766608  0.06170778457895051 -0.02034099786652587  -0.7261736082077137   0.4991391584421618
  0.6167684553326276  -0.1937902266230493  -0.5071085673365024  -0.3455753836594405 -0.02298247257567404   0.4526945787933079
 -0.5793729639609555  -0.3726021846067721  -0.1601911756675098   0.1588317700262075   0.3561126908998551    0.589736880401782
  0.4064765561289554   0.4071152910421903   0.4077621975473188   0.4087345651893708   0.4093363727122897   0.4100533240479335

0.3985188605288182
0.3985692187141002
0.3986707791150302
0.3986419220130885
0.3986284343542872
0.3986147365767206

0.0002068994274515991
   0.3987299290224925

  0.5274283447557973  -0.1450096553826528    2.708312939807348    1.013370827596974  -0.4741796215511893   -3.629938793618805
   1.013958567964633   0.1975809949183437   0.2350715433730851   0.0148847697939945 -0.09186526567541584  -0.3696425653458774

-7.679308500458157e-09 -1.405065744871471e-08 -1.752743153529139e-08 -7.096683833873702e-08  -0.001170481966346287  -0.002801057365501337
-7.277676934291407e-10 -2.272316531333712e-09 -2.929990564269629e-09  7.031877948265796e-09 -0.0003911551777968387     0.1309805407089128

cov:
0.05352728081032513 0.05356168164595413 0.05359582066756014 0.05364720125035023 0.05367904246907414 0.05371731173166962
0.05356168164595413 0.05361390135108159 0.05366630726491228 0.05374512853555625  0.0537939378208289 0.05385230198558255
0.05359582066756014 0.05366630726491228 0.05373750106274026 0.05384450521311829 0.05391074452146723 0.05398975028930834
0.05364720125035023 0.05374512853555625 0.05384450521311829 0.05399386556310062 0.05408627881076525 0.05419629325480067
0.05367904246907414  0.0537939378208289 0.05391074452146723 0.05408627881076525 0.05419490558906864 0.05432408472113705
0.05371731173166962 0.05385230198558255 0.05398975028930834 0.05419629325480067 0.05432408472113705  0.0544759973308992

cov.inverse():
 27031462.49317829 -30030410.12164744 -6136989.578922655  2846600.802646694  2885361.978815102  3404506.586865122
-30030410.12826863   68710184.2682313 -37941103.01067109 -6069464.092658204  236640.1564176611  5093420.889817858
-6136989.575117599 -37941103.00712228  82488454.09579061 -35479322.35809783 -12348377.79646358  9417163.269027855
 2846600.812591403  -6069464.12536734 -35479322.32905509   78706735.5416165 -20526481.93132041 -19477722.37942659
 2885361.975533803  236640.1722204511 -12348377.81637243  -20526481.9230611  62081339.86822009 -32328080.09084774
 3404506.583017872  5093420.896554274  9417163.267247824 -19477722.38140785  -32328080.0899757  33890357.79699193

cov*(cov_.inverse()):
     1.000000000058208 -5.820766091346741e-11  4.074536263942719e-10 -5.820766091346741e-10                      0 -4.656612873077393e-10
-2.328306436538696e-10      0.999999999825377  2.328306436538696e-10  4.656612873077393e-10                      0 -2.328306436538696e-10
 8.731149137020111e-11  -2.91038304567337e-10      1.000000000232831  2.328306436538696e-10                      0 -2.328306436538696e-10
 -2.91038304567337e-11 -6.402842700481415e-10  6.984919309616089e-10     0.9999999997671694                      0                      0
 1.455191522836685e-10  1.746229827404022e-10  -2.91038304567337e-10  4.656612873077393e-10                      1 -2.328306436538696e-10
-1.746229827404022e-10                      0  -2.91038304567337e-10  2.328306436538696e-10                      0     0.9999999997671694
