5
2

5.703228799937576e-05
9.383177454003446e-05
0.0001041110874555781
  0.01542025540545749
   0.5786562367300467

 -0.5927961432236505   0.7819511575969575  -0.1245517572512254  -0.1311600560374715  0.06655087661197752
  0.1716228381933681  0.08619453900696342  -0.8224870269089424    0.534531620904647  0.03011875952574041
 -0.3094133457460262 -0.02285116533727475   0.3236295940879095   0.6363692690456604  -0.6277254534920228
 -0.5702434325529816  -0.4265293863110186  0.05565165575818817   0.3019235707136402    0.631379569595213
  0.4452237000588146   0.4457279388080016   0.4474022009042732   0.4482736851691337   0.4494267852307044

 0.422081802126654
0.4221561509372808
0.4221186372035052
 0.422107384538923
0.4220853240761863

0.0002445443663585819
   0.4222371919828408

  4.116944410542459 -0.1750037596631836  -1.135993044600327   -1.15108486825636  -1.654975833671949
  2.399733783834221 -0.2483783540078426  -2.224178424879564   2.753690457913675  -1.680996174552021

-7.790260806434085e-09  8.458210878096532e-09 -1.442821138900606e-08 -0.0008866247450030807  -0.004379798681600966
-5.896439927782886e-09  3.205773659310513e-08  1.464282736703756e-08 -0.0003843101726437217      0.147842953860063

cov:
0.06645129928969462 0.06650698059551569 0.06669119759678652 0.06678772631421032 0.06691496107305124
0.06650698059551569 0.06656766527066815 0.06676864020595955 0.06687373182219351  0.0670124170887731
0.06669119759678652 0.06676864020595955 0.06702584950294035 0.06715965634737604 0.06733676056506524
0.06678772631421032 0.06687373182219351 0.06715965634737604 0.06730815635576386 0.06750487955214096
0.06691496107305124  0.0670124170887731 0.06733676056506524 0.06750487955214096 0.06772787706048486

cov.inverse():
 120215456.8831306 -140175855.5188517 -2571709.942102901   16156742.5360754  6375837.463013235
-140175855.4687804  188875384.1542957 -38676963.83415448  -27640248.9767195  17616069.98708184
-2571710.022554024 -38676963.73182504  91266991.74036638 -25911831.58298339 -24104192.68711839
 16156742.51588349 -27640248.97291598 -25911831.54783157  75103158.46858945 -37708236.02362657
  6375837.51358286  17616069.93102263 -24104192.70039154 -37708236.00486394   37819801.0711719

cov*(cov_.inverse()):
     1.000000002386514  1.164153218269348e-09 -6.984919309616089e-10  9.313225746154785e-10 -4.656612873077393e-10
 5.820766091346741e-10      1.000000001862645 -6.984919309616089e-10  4.656612873077393e-10  4.656612873077393e-10
  1.33877620100975e-09  2.328306436538696e-09     0.9999999986030161  9.313225746154785e-10  4.656612873077393e-10
 2.677552402019501e-09  4.656612873077393e-10  4.656612873077393e-10                      1  4.656612873077393e-10
 1.396983861923218e-09  4.656612873077393e-10  2.328306436538696e-10                      0                      1
