7
2

4.213422502579543e-05
5.353948870578418e-05
6.084312492894548e-05
8.725415197011478e-05
 0.000169446049470782
  0.02444286863343708
   0.6834325657800796

0.007667335694765362  -0.0143197525572304 -0.04148287547363406  0.04188959838253543   0.4853929503526178  -0.8078419570735839   0.3287029743998903
-0.00317058509688127   0.1432371778664716  -0.6610972927377987   0.6906872600715178  -0.2338651877210826 -0.03354958645256673  0.09775497837803249
 0.04217653269249277  -0.4106155830904097   0.5022194378956856   0.3162805018971967  -0.5697655233966377  -0.2099323501168063    0.329626940731111
 -0.3288294496549075   0.7179622777617281   0.0615683626310655  -0.2805017215488502  -0.3934666933657654  -0.1273240572839253   0.3505738543167092
  0.6707313011230756  -0.1327216478095081  -0.3615778401678527     -0.4382578855361  -0.1989337968160728  0.05154033218103102    0.409224774182189
 -0.5467411036215598  -0.3685542342527065  -0.1793142938330878 -0.08841674797423102   0.2171833560832129   0.3732847176498933   0.5820315405021919
  0.3757887435615953   0.3765047234965219   0.3772563624732594   0.3776166086033906   0.3788254236522468   0.3794534282086356   0.3802850792404735

0.4226336028353829
0.4226874876349092
0.4226986059354261
0.4227729834566193
0.4227379320033701
0.4227231055950994
0.4227019525947611

0.0002439007659552523
   0.4228539422004601

  0.2005045614163943    1.506021418337706    1.727210431807177  -0.3334962343278817   -1.058252674210181 -0.02877005610220601   -2.013242940729543
   1.786196033169126   0.5389699708443481   -1.242412475977221  -0.9335072568814673   -2.060265128178025    5.831670251007605   -2.920494700345754

 -2.23302356029337e-09 -3.168787069069921e-09  3.605546602717998e-10  7.076417163991804e-09 -3.326539702904411e-08  -0.001408346063372672   -0.00437991383374538
-1.181043674452188e-08  7.132152006498296e-10 -7.693443114411014e-09 -7.390613260080679e-09  4.307237132715382e-08 -0.0005020454724903915     0.1750088997934425

cov:
 0.0661383386290566 0.06620578652173936 0.06627589844912521 0.06630943750974189 0.06642179258747841 0.06648103538739263 0.06655882773721926
0.06620578652173936 0.06629247104455722 0.06638297870309844 0.06642631496546114 0.06657160266013443 0.06664766965703189 0.06674795764961279
0.06627589844912521 0.06638297870309844 0.06649515583829381 0.06654889410837825 0.06672915609424297 0.06682309056074223 0.06694726861263871
0.06630943750974189 0.06642631496546114 0.06654889410837825 0.06660763581370775 0.06680469431100867 0.06690721095063948 0.06704286364462989
0.06642179258747841 0.06657160266013443 0.06672915609424297 0.06680469431100867  0.0670582398323266 0.06718961110587737 0.06736384758743361
0.06648103538739263 0.06664766965703189 0.06682309056074223 0.06690721095063948 0.06718961110587737 0.06733573103185998  0.0675296816149331
0.06655882773721926 0.06674795764961279 0.06694726861263871 0.06704286364462989 0.06736384758743361  0.0675296816149331  0.0677499982748791

cov.inverse():
 30389040.53990567 -39008541.74615508 -4831787.685904109  4897789.456562152  8210557.417906505  859293.0209044393  -515539.307321821
-39008541.71099476  121139121.7464263 -80929130.03529783 -25332926.24531285  11411345.99908786  15879905.33768187 -3160548.525558947
-4831787.815997274 -80929129.85959741  226624015.6735125  -114113262.584214 -35380100.34569006 -3545262.278513056  12174515.99603068
 4897789.513704865 -25332926.17335179 -114113262.9073344  211458396.7358743  -76043516.0544342 -41177430.91492517  40310073.12944017
 8210557.637752224  11411345.29593095 -35380099.59851211 -76043516.24770939  261201520.7121115 -179604987.8885002  10210114.73893372
 859292.7675063537  15879905.88480496  -3545262.44995503 -41177431.11894099   -179604987.79737  382126121.9421428 -174540500.3123973
-515539.2359757495 -3160548.582039562  12174515.78903995  40310073.33270841  10210114.71839053 -174540500.3029954  115521675.6209083

cov*(cov_.inverse()):
    0.9999999991778168 -8.149072527885437e-10  1.862645149230957e-09                      0  1.164153218269348e-10  1.862645149230957e-09                      0
-5.020410753786564e-10     0.9999999997380655  1.629814505577087e-09  1.862645149230957e-09  2.328306436538696e-10                      0                      0
-8.149072527885437e-10  4.365574568510056e-10     0.9999999998835847  2.328306436538696e-09  1.629814505577087e-09 -1.862645149230957e-09  9.313225746154785e-10
-2.692104317247868e-10  8.731149137020111e-10 -1.164153218269348e-10      1.000000001862645 -2.793967723846436e-09  1.862645149230957e-09 -9.313225746154785e-10
-8.003553375601768e-11 -2.881279215216637e-09  3.725290298461914e-09  2.328306436538696e-09                      1 -1.862645149230957e-09  1.862645149230957e-09
-5.820766091346741e-10  9.604264050722122e-10  5.820766091346741e-10  3.725290298461914e-09                      0                      1  2.793967723846436e-09
 -1.01863406598568e-10  -4.94765117764473e-10  1.746229827404022e-09  2.328306436538696e-09  1.513399183750153e-09                      0                      1
