5
2

0.0002200534162770726
0.0002399250464467995
 0.000268518047939848
  0.02006764105677943
   0.5206347213898136

 0.2699601673758436 -0.1289463420062968 -0.2448542082989352 -0.5981480669081292  0.7019684149917087
-0.2947621165386595  0.3779464003082819  0.6291912675091087 -0.6018054098791286 -0.1105459663586007
 0.1677058360681404  -0.793882922500855  0.5836648018964896 0.02658479529074043 0.01591557717043717
-0.7841024663424991 -0.1031641424613974 0.05746977901557254  0.2799371639060371  0.5411773191385243
 0.4441788800791324  0.4468069207710561  0.4474342287930324  0.4483052214929872  0.4493258698642255

0.3979712679047129
0.3980393225342639
0.3980212485618531
 0.398001066908734
0.3979611952791731

0.0003965550390502091
   0.3982054077420298

    1.973210138180095    0.4849238804972012    0.2077679094938159   -0.6060427373016711    -2.059861368038018
    1.274962226292883   0.09296350861606197 -0.009319098300531653   -0.1831426085370806   -0.1755027939288739

 -3.21613526439684e-08  1.869694340508517e-08  1.320725851909295e-09  -0.001155653264596243   -0.00302314739814853
 1.553583503850222e-08 -1.248687514316965e-08  9.150832219957587e-09 -0.0004655626700229602     0.1200029931131154

cov:
0.05372645424911154 0.05382782317555802  0.0538526387929649 0.05388726763208138 0.05392767079052206
0.05382782317555802 0.05411789209847157 0.05418712020893646 0.05428337247475996  0.0543961348395504
 0.0538526387929649 0.05418712020893646 0.05426698732859569 0.05437770771993051 0.05450754172615336
0.05388726763208138 0.05428337247475996 0.05437770771993051   0.054508680223599 0.05466210304827224
0.05392767079052206  0.0543961348395504 0.05450754172615336 0.05466210304827224 0.05484338752393087

cov.inverse():
  3405984.24306317 -4500518.196828186 -3229425.293534439 -191771.6945223625  4515488.319597092
 -4500518.19703781  11565965.36459281 -1643410.339642879 -2651239.201535838 -2770448.481830287
-3229425.293553609 -1643410.339881918  12840121.49005869 -3338115.609248843 -4628898.676971775
-191771.6939697789 -2651239.202156859 -3338115.609935788  13690179.28308294 -7509064.766184156
 4515488.319273301 -2770448.481179869 -4628898.676543038 -7509064.766939495  10392576.15521595

cov*(cov_.inverse()):
    0.9999999999417923   2.91038304567337e-11 -1.164153218269348e-10                      0  1.164153218269348e-10
-5.820766091346741e-11     0.9999999999417923 -1.164153218269348e-10  5.820766091346741e-11  1.164153218269348e-10
-5.820766091346741e-11                      0     0.9999999998835847                      0                      0
                     0                      0 -1.455191522836685e-10     0.9999999999417923  1.164153218269348e-10
 -2.91038304567337e-11 -5.820766091346741e-11                      0                      0                      1
