5
2

7.484613371851564e-05
7.916623414109315e-05
0.0001241358321990646
  0.02061227981348779
   0.5184441970042692

  -0.119585698204699   0.5757798930151961  -0.7755946712193479   0.1881783707179949   0.1312195959236909
 0.08563510709960238  -0.3059751969691994  -0.1225699540944189   0.8138071480006037  -0.4708931295826203
  0.5272389406366637   -0.552630392628537  -0.4194926369643593 -0.04371862446493097     0.48860347729743
  -0.709016812253876  -0.2651839330257966  0.08470461473325025   0.3152097610305085   0.5660747092039207
  0.4446123577169382   0.4462441309947593   0.4475271702422363   0.4483729642641585   0.4492962761141756

0.4048300204257831
0.4047792470003045
0.4047378721664913
0.4046569330734943
0.4045719006002194

0.000957309145379303
  0.4051390387670922

 0.6805193300589637   1.754436813723953    1.23234013538525  -0.496044577520855  -3.171247869626765
 0.8454419735001573   1.266067712662797 -0.8107233390776238 -0.4134268788812564  0.1128100233737716

-3.005342565096546e-09  2.883258781550744e-09 -4.092066808801927e-08  -0.001187451624410748  -0.002758455498083163
 6.686878641518974e-09 -3.792882115452615e-09  2.455825071612588e-09  -0.000454735304441235     0.1191693744928522

cov:
0.05334692390201977  0.0534082203177836 0.05345615238396818 0.05348779506623573 0.05352256913971401
 0.0534082203177836 0.05355394742057105 0.05366841261264144 0.05374388770742233 0.05382636630081557
0.05345615238396818 0.05366841261264144 0.05383534394248306 0.05394537119101526 0.05406546076858414
0.05348779506623573 0.05374388770742233 0.05394537119101526 0.05407817784268268 0.05422304072018963
0.05352256913971401 0.05382636630081557 0.05406546076858414 0.05422304072018963 0.05439488565769576

cov.inverse():
  21763443.0453352 -35379722.50569934  529016.6030098369  5606283.946890313  7481130.331341944
 -35379722.5096211  93936772.02279873 -58689317.43904219 -18821797.65247447  18953595.02565051
 529016.6124937081 -58689317.43767735  121198671.8168843 -40778975.72586005 -22259144.22362637
 5606283.941687312 -18821797.67502733 -40778975.67313462  112118238.8570908 -58123322.20479153
 7481130.330982818   18953595.0429167 -22259144.26550288 -58123322.17982212  53947400.67961212

cov*(cov_.inverse()):
     1.000000000116415  3.492459654808044e-10 -6.984919309616089e-10  4.656612873077393e-10  4.656612873077393e-10
 5.820766091346741e-11     0.9999999994179234 -2.328306436538696e-10  4.656612873077393e-10                      0
  2.91038304567337e-10 -2.328306436538696e-10     0.9999999997671694 -9.313225746154785e-10                      0
 5.820766091346741e-11  4.656612873077393e-10                      0     0.9999999995343387  4.656612873077393e-10
 1.746229827404022e-10  1.164153218269348e-10  2.328306436538696e-10                      0     0.9999999995343387
