5
2

7.249690764986376e-05
0.0001284739829661403
0.0001487348599630519
  0.01962345086050076
    0.524314983814737

  0.2389036537684071  -0.7392786159124065   0.6234735336244485 -0.06847882332227212 -0.05462211911836815
  0.4415427939755837  -0.3211641568456955   -0.502632508581118   0.6248306345308038  -0.2425711955593925
 -0.4769750884420437   0.1669966794718776   0.3854371297598214    0.506877271517168  -0.5823405572969247
 -0.5674916897422358  -0.3513032194307091  -0.1017857432543547   0.3832697054572039   0.6303040737929813
  0.4454356882688525   0.4461153096176094    0.446899536428451   0.4484162055571686   0.4491902593278098

0.4020062811918476
0.4020631788422643
0.4020869257130054
0.4021447160490294
0.4021313097187362

0.0001257237473801554
   0.4022055354524965

   1.214633559835103    2.825362314952454   -1.618409733449242  -0.4142798119551712   -2.007307037107279
    1.00059631102327   0.6715888882981913  -0.3548888419854097 -0.07567506411204705  -0.2416428232823594

-1.403074306462032e-08  1.106587638129862e-08  5.035605495219819e-09  -0.001132564813966636  -0.002534797340352239
-2.419391633660412e-09  6.863442299678109e-09 -8.838498839339293e-09 -0.0003654219687743127     0.1221216385254449

cov:
0.05466897350014244 0.05470493803420911 0.05474644011553585 0.05482616794454812 0.05486697404404839
0.05470493803420911 0.05475905099881088 0.05482147027368329 0.05494185333697085  0.0550033649522183
0.05474644011553585 0.05482147027368329 0.05490804465226365 0.05507535308468452 0.05516076509735073
0.05482616794454812 0.05494185333697085 0.05507535308468452 0.05533391881825621  0.0554657767787891
0.05486697404404839  0.0550033649522183 0.05516076509735073  0.0554657767787891 0.05562133799027343

cov.inverse():
 32956123.23018467 -45795694.57703681  6583850.909973733   2672839.73303332  3583034.244051925
-45795694.57271272  111496736.3473885 -75007597.88030677   1300291.91835351  8006464.913391361
 6583850.905641224 -75007597.87532768  95981927.03338283 -18319562.27287041 -9239142.641283033
 2672839.728694359  1300291.924557572 -18319562.27408921  36159996.30223353 -21813431.95008017
 3583034.248399294  8006464.906532288 -9239142.639417628 -21813431.94943386  19463130.60596929

cov*(cov_.inverse()):
     1.000000000291038 -3.492459654808044e-10  3.492459654808044e-10 -2.328306436538696e-10 -2.328306436538696e-10
 2.037268131971359e-10      1.000000000291038 -1.164153218269348e-10                      0                      0
 3.201421350240707e-10 -4.656612873077393e-10        1.0000000007567 -2.328306436538696e-10                      0
-2.037268131971359e-10  1.164153218269348e-10  5.238689482212067e-10      1.000000000232831 -2.328306436538696e-10
 1.164153218269348e-10 -1.746229827404022e-10 -5.820766091346741e-11                      0                      1
