5
2

5.573796184415669e-05
6.643234976106124e-05
0.0001453589412156662
   0.0191701218572824
   0.5528531101961803

-0.04858321114751893   0.6594889800638143  -0.7408164173770124   0.1172366377766208  0.01267135653777889
-0.04815199280234414   0.2411180309186702  0.09824658172171023  -0.8117527836730752   0.5205271444738299
  0.5788572850420163  -0.5135868022810914  -0.4859048820938492  0.01464316266659201   0.4059986002696944
 -0.6802487958494667  -0.2095909893029731 -0.07555385580813069   0.3546724271743963   0.6015249597673387
  0.4444174574461438   0.4463592656885002   0.4469079383436531   0.4486714122285812   0.4496929929911781

0.4165446127627733
0.4166897688801067
0.4167859664031113
0.4168227115759108
0.4168465602284791

-0.0002750244150666999
    0.4166941231455563

   0.558365620886458    1.343524529072377     1.85941530710715  -0.2659001638344081   -3.495314632910069
   1.081412399072169  0.09836638930459432   0.3262036096334666 -0.07301611821039669  -0.4330178828964664

-1.845505552187491e-09 -4.959698543887013e-09 -5.690707744375287e-08  -0.001102014228137863  -0.003756636944195833
-7.560856940669413e-10 -7.168558854388831e-10  5.072830306681136e-09 -0.0003922111897055307       0.13534119239217

cov:
0.06053735815433288 0.06068345114063774 0.06072447293981103 0.06085646901142337 0.06093352967527365
0.06068345114063774 0.06091213047135246 0.06097665757089639 0.06118410298624556 0.06130445893474647
0.06072447293981103 0.06097665757089639  0.0610478852531998 0.06127681553041017 0.06140950205064238
0.06085646901142337 0.06118410298624556 0.06127681553041017 0.06157472865118004 0.06174699302976065
0.06093352967527365 0.06130445893474647 0.06140950205064238 0.06174699302976065   0.061941981144747

cov.inverse():
 17144788.93032407 -27013800.04704046 -2798717.611524223  7423990.994579521  5244143.298270078
-27013800.05483501  165652440.9795143 -140080565.3191489 -19819414.57132355  21259893.76005932
-2798717.607529593 -140080565.3268692  190013608.8659753 -46363601.97614623 -770545.0703877715
 7423991.009234349   -19819414.590614 -46363601.98077619  153744397.8493338 -94983078.21789777
 5244143.287415429   21259893.7792753 -770545.0694836157 -94983078.22716358  69248169.54861701

cov*(cov_.inverse()):
     1.000000000291038 -2.095475792884827e-09 -1.105945557355881e-09 -9.313225746154785e-10                      0
 1.164153218269348e-10      1.000000000232831  8.440110832452774e-10                      0                      0
 1.164153218269348e-10 -1.629814505577087e-09        1.0000000007567 -9.313225746154785e-10                      0
 1.164153218269348e-10 -4.656612873077393e-10  -1.29512045532465e-09                      1  9.313225746154785e-10
                     0 -4.656612873077393e-10  4.365574568510056e-10                      0                      1
