6
2

9.653613765573569e-05
0.0001179081674479981
0.0001333442538361635
0.0001517972361676388
  0.02271824266131591
   0.5698468589165849

  -0.4549095115030977    0.7997639656410952   -0.2759796147643561   -0.2192795117499205  -0.01934651143108054    0.1697421458056992
-0.005840334672409797 -0.001937776116725923   -0.1692968467752525   -0.2112781234159594    0.8465763584346376     -0.45822563993296
 -0.08275287026581402   0.04879325205916267   -0.5157474685398395    0.8167911154139681  -0.02875351378742753   -0.2383301049735212
   0.4986187929064494   -0.1127237419434751   -0.6800637562854257   -0.2338474391052694   0.06138921875792555    0.4666183491826404
  -0.6105059283161107   -0.4241334962844198 -0.006780616329226752    0.1355370375904506    0.3326658138980776    0.5641901095972599
   0.4060012317088406      0.40669054349844    0.4082225976478704    0.4087485911149603    0.4094780059584302    0.4103321390621451

0.3978286148467415
0.3978675251619777
   0.3979119910717
0.3978913825401519
0.3978643224004652
0.3978285771193415

0.0003881483700577229
   0.3980615709008234

    0.2749594022885561      1.619669410213225     0.8226729267774959     0.6188407031265003    -0.5261943917419181      -2.80994605696841
    0.8805365239350552     0.5263583455008435    0.02136960936211388 -0.0001857260245413661    -0.2734568962789198    -0.1546624718442369

 3.175482332402886e-09  7.887598067536971e-09  1.462056432162219e-08  -4.82308484236459e-08  -0.001309348089393344  -0.003037537982143065
-5.984020072870692e-11 -2.368582593493691e-09 -2.424155413353595e-10  6.366017618538259e-09 -0.0004847477509675605     0.1314403999353632

cov:
0.05371914202227684 0.05375128288428115 0.05382176099768251 0.05384626698414682  0.0538803219760105 0.05391998245327413
0.05375128288428115  0.0538015288443822 0.05391248925847586 0.05395080004695322 0.05400397643745913 0.05406609442730052
0.05382176099768251 0.05391248925847586 0.05411413541966665 0.05418334393804146 0.05427934561329976 0.05439175763642951
0.05384626698414682 0.05395080004695322 0.05418334393804146 0.05426313214026024 0.05437372054891767 0.05450328462673169
 0.0538803219760105 0.05400397643745913 0.05427934561329976 0.05437372054891767 0.05450456861728203 0.05465787777812705
0.05391998245327413 0.05406609442730052 0.05439175763642951 0.05450328462673169 0.05465787777812705  0.0548391181675015

cov.inverse():
 33384012.78229343 -41704770.32970701  1227130.294154555  1930842.260697997  2050578.861820648  3112474.549579904
-41704770.32926431  69320676.10185684 -21749029.62592704 -15403548.00361047 -2157786.991254444  11693737.11495889
 1227130.294630851 -21749029.62591899  45265399.01778603 -7723602.933531393  -10714119.8055538 -6305236.095710897
 1930842.265000317 -15403548.00792449 -7723602.932740697  48264628.76255085  -14354239.1122523 -12713725.82730254
 2050578.850787841  -2157786.98103625 -10714119.80456926 -14354239.10688796  51802306.25814541 -26626890.55766588
 3112474.555391457   11693737.1094893  -6305236.09700178 -12713725.83188789 -26626890.55213163  30839368.11988651

cov*(cov_.inverse()):
     1.000000000029104  4.656612873077393e-10 -4.656612873077393e-10 -2.328306436538696e-10 -2.328306436538696e-10  4.656612873077393e-10
 5.820766091346741e-11      1.000000000465661 -3.492459654808044e-10 -4.656612873077393e-10 -4.656612873077393e-10  2.328306436538696e-10
 4.656612873077393e-10                      0     0.9999999994179234 -2.328306436538696e-10 -4.656612873077393e-10                      0
  4.94765117764473e-10  2.328306436538696e-10 -4.656612873077393e-10     0.9999999998835847                      0  2.328306436538696e-10
  2.91038304567337e-10  3.492459654808044e-10 -3.492459654808044e-10 -3.492459654808044e-10     0.9999999997671694                      0
 1.455191522836685e-10  1.164153218269348e-10 -1.164153218269348e-10 -1.164153218269348e-10 -2.328306436538696e-10                      1
