7
2

4.670580024651524e-05
5.427424113622758e-05
6.275749849036199e-05
9.188286561331723e-05
0.0001770334040404844
  0.02251424320224478
   0.6828754829262333

  0.00378731113878191  -0.01301001831368392     0.201264632973909  -0.06747234540261005   -0.6730948919674145    0.6933475567311681   -0.1448062767971686
 0.003848549142741115   -0.1894815729115244    0.6923073324975693   -0.6594341051649562    0.2151798092922617  -0.06026723247026812 -0.002156588784128816
  0.05814577667744673   -0.4393373569691406     0.451771475544727    0.5182272595850635   -0.3650654363133873   -0.4056760917018611    0.1819311203831314
  -0.3694157067548224    0.7079233630923826    0.1682252807623042   -0.1159102625362652   -0.3555959175584861   -0.3287251894147419    0.2934840827063787
   0.6500314097366999  -0.06885374297870046   -0.2901623087752602   -0.3656227632454455   -0.2919332488192781   -0.1348774338077867    0.5014251829333721
  -0.5442223521986865   -0.3508418137154365    -0.145396638570767   -0.0467470422415462    0.1119544666660685    0.2849452377510516    0.6809397870052043
   0.3760360979005786    0.3767278268677255    0.3774540312926781    0.3778017615778482    0.3783660427849101    0.3789696215575364    0.3803793426996706

0.4225582288221843
0.4226163439866392
0.4226322428317469
0.4227087595439836
0.4226944184375095
0.4226811862489143
  0.42265420891493

0.0001868548494694629
   0.4227709147673775

 0.2149857776811053   1.507555734193501   1.580393730765055 -0.5268232280121664   0.727476194475451   -1.50722281017857  -1.996408789748329
   1.82809628604609  0.2837620565536864  -1.670899540471341  -0.757262437968107    2.06347611488592 -0.5825039652926676 -0.1644888668409553

-1.986789133654957e-09  4.148645129090245e-09 -8.909030272740141e-10  8.152053308342687e-09  -3.88669890362572e-08   -0.00129689929360406  -0.004224934595581951
-4.473987440745248e-09 -6.617925669746588e-10 -6.745047826401865e-09 -1.062326322167584e-08  4.150079717932392e-08 -0.0004374860278955239     0.1748594424124001

cov:
0.06608910788957405 0.06615704009985579 0.06622770501992735 0.06626146620299427 0.06631663688018215 0.06637475769961948  0.0665127276807716
0.06615704009985579 0.06624417823757112 0.06633521355648925 0.06637875658874146 0.06644966307795026  0.0665249325378964 0.06670216394429222
0.06622770501992735 0.06633521355648925  0.0664478990310701 0.06650183143947551 0.06658945539991955 0.06668294279827089 0.06690188438491093
0.06626146620299427 0.06637875658874146 0.06650183143947551 0.06656075958513195  0.0666564078941522   0.066758643349474 0.06699761249510403
0.06631663688018215 0.06644966307795026 0.06658945539991955  0.0666564078941522 0.06676497811281899 0.06688128646261557 0.06715248151842727
0.06637475769961948  0.0665249325378964 0.06668294279827089   0.066758643349474 0.06688128646261557 0.06701293890463716 0.06731925514276725
 0.0665127276807716 0.06670216394429222 0.06690188438491093 0.06699761249510403 0.06715248151842727 0.06731925514276725 0.06770600341681854

cov.inverse():
 30517217.14411535 -39160479.89919084 -5455413.874510779  4160752.831608736  3227658.686092116  6722082.059601445 -11054.97582124058
-39160479.90593014  120786577.0769428 -81384052.94327712 -23903531.72291615  1719285.971510628  17726079.14471776  4215424.738487733
-5455413.814239001  -81384053.0257827  239137331.5300812  -100688345.319577  -57787380.3220027 -2029342.542491151  8207061.804882618
 4160752.832695385  -23903531.8932639  -100688345.211926  223755324.1288358 -67099333.02812641 -55245879.53265728  19021060.60887137
 3227658.524239849  1719286.541416229 -57787380.61415063 -67099333.29966436  274941871.9080028 -165634343.3501059  10627874.85239799
 6722082.181957162  17726078.79018275 -2029342.349031021 -55245879.35834456 -165634343.4745622  276772946.9643844 -78305529.31080566
-11054.99094076246  4215424.769221786  8207061.773689412  19021060.64449037  10627874.82122451 -78305529.29967237  36243559.06398018

cov*(cov_.inverse()):
     1.000000000252271 -2.328306436538696e-10 -2.211891114711761e-09 -2.328306436538696e-10  1.746229827404022e-09  1.862645149230957e-09 -4.656612873077393e-10
-3.367404133314267e-10      1.000000000291038  9.313225746154785e-10  6.984919309616089e-10  -2.91038304567337e-09                      0 -9.313225746154785e-10
-3.319655661471188e-11 -6.984919309616089e-10     0.9999999989522621                      0  8.149072527885437e-10  9.313225746154785e-10                      0
  -1.2732925824821e-10 -1.746229827404022e-10  4.656612873077393e-10     0.9999999983701855  3.492459654808044e-09  3.725290298461914e-09 -9.313225746154785e-10
 2.285105438204482e-11  4.656612873077393e-10  5.820766091346741e-10 -1.164153218269348e-09     0.9999999960418791  1.862645149230957e-09 -4.656612873077393e-10
 1.227817847393453e-11 -1.105945557355881e-09 -2.328306436538696e-09  6.984919309616089e-10  1.047737896442413e-09     0.9999999990686774 -4.656612873077393e-10
 5.343281372915953e-12 -5.820766091346741e-11 -9.313225746154785e-10  4.656612873077393e-10  5.820766091346741e-10                      0                      1
