5
2

4.841853451765749e-05
5.995960545291511e-05
0.0001252206247630951
  0.02171900675233676
   0.5309999489459277

   0.06956964155120469    -0.5709020658265549     0.7770339349843661    -0.2549898741790322   -0.02072013895420127
   -0.0556830894317531     0.3114284354790948  -0.008787880125988353    -0.7827747717406727     0.5358154094607654
    0.5714352718196496    -0.5575091010517804     -0.442869861434357    0.02144946577141106     0.4074942191198212
   -0.6844653139436619    -0.2596060040669629 -1.733619964481044e-05     0.3467907696799378     0.5863856396814653
    0.4438788378084493     0.4459500932916535     0.4472217823163048     0.4489096827597023     0.4500809547019261

0.4055277765875415
0.4055821428342872
0.4055768980516777
0.4055970405483855
0.4055731968053657

0.0002729994852016002
   0.4057442444776567

  0.3983482567088116    1.498759249915678    1.358252689629337   0.4225487426040977   -3.677900809954537
   1.085242648536781 -0.02360397624412039   0.3303407062112165   0.2701827614951068  -0.6620897304166539

 4.593471695877358e-10 -6.718615697993935e-09 -4.232292283760815e-08  -0.001260375151592604  -0.003675786296198135
 6.810025379397501e-10   -2.2898750539205e-09  3.496763378342414e-09 -0.0004864478487711101     0.1246885690685554

cov:
0.05577532072415996 0.05589736602603317 0.05597271337889465 0.05607199435276627 0.05614123122960054
0.05589736602603317 0.05610578956552476 0.05623389996998367 0.05640366372878813 0.05652159703361424
0.05597271337889465 0.05623389996998367 0.05639425832849724 0.05660709309999367 0.05675478515543382
0.05607199435276627 0.05640366372878813 0.05660709309999367 0.05687747517056808 0.05706491967945132
0.05614123122960054 0.05652159703361424 0.05675478515543382 0.05706491967945132 0.05727983886584947

cov.inverse():
  23752813.5734836 -42082245.98840347  7055348.187207306  5338165.261917816  5935715.167966994
-42082246.00274128  185826948.1195083 -174239940.8594535 -6474634.159123884  36971788.90606581
 7055348.232639955 -174239940.9351273  270076963.7833158 -83208563.04332028 -19686617.81195439
   5338165.2013442 -6474634.049955444 -83208563.06953961   198198190.035442 -113851824.9039264
 5935715.197445126  36971788.85823451 -19686617.81597613 -113851824.8815516  90630721.01330279

cov*(cov_.inverse()):
    0.9999999999417923 -6.984919309616089e-10 -2.561137080192566e-09                      0 -1.862645149230957e-09
 5.820766091346741e-11      1.000000000465661 -2.561137080192566e-09 -9.313225746154785e-10 -9.313225746154785e-10
 1.164153218269348e-10 -4.656612873077393e-10     0.9999999974388629 -9.313225746154785e-10 -9.313225746154785e-10
 1.746229827404022e-10 -4.656612873077393e-10 -2.095475792884827e-09                      1 -9.313225746154785e-10
 5.820766091346741e-11                      0                      0                      0                      1
