5
2

6.549109574334713e-05
8.479417997934882e-05
 0.000130406630762192
  0.01458081245609618
   0.5190708747012965

0.004283872783284467  0.06701973101857771  -0.5418590735689081   0.7789551150813848  -0.3083953261120631
 -0.1104506796745576   0.5546207179939895  -0.6161458011431273  -0.2920187349650105   0.4639891342417287
  0.6112669342294039  -0.6014252591818211   -0.345874406972173 -0.04238782855967138   0.3784369951887749
 -0.6444782641859667  -0.3561702523405105   0.0834492056402464   0.3248765561445283   0.5876069874373722
  0.4458506452872243   0.4464690625248359   0.4473926919434407   0.4478978481480446   0.4484527568486035

0.3987418628899563
0.3987993931162032
0.3989025044157676
0.3988906243272949
0.3988834722487347

0.0001077144357285413
   0.3989397797583413

  1.257529114465525  0.9109382646721486   3.273666755306213 -0.4081344541193055  -5.034043421295194
   1.06974022952839  0.3809190401256158   0.247066838562581 -0.2183680976472284 -0.4793771007704782

-2.028183523269906e-09  -2.78059787669183e-08 -4.760324591243201e-08 -0.0008402692944159915  -0.002247809589084568
-5.405316557630277e-10 -1.565816151461144e-09  2.843223512341461e-09 -0.0002460010194457453     0.1198348665524018

cov:
0.05364726863032475 0.05368204161190419 0.05373276359178955 0.05376037026170234  0.0537910355451269
0.05368204161190419 0.05373461748303348 0.05381242849953857 0.05385491310947407 0.05390176937783124
0.05373276359178955 0.05381242849953857 0.05393157013809493 0.05399674015871856 0.05406828843523522
0.05376037026170234 0.05385491310947407 0.05399674015871856 0.05407438059537313 0.05415948746258073
 0.0537910355451269 0.05390176937783124 0.05406828843523522 0.05415948746258073 0.05425936469324862

cov.inverse():
 23674570.82843683 -30069725.74532479 -3508728.035814986  3739292.028666969  6165286.362234282
-30069725.74038903  65099554.44728547 -43762724.58956243 -8855300.447664127  17587280.47230437
-3508728.031348603 -43762724.59045553  128290195.8813639 -72522331.73751238 -8496829.956730405
 3739292.002366076 -8855300.422808351 -72522331.71977404  153434974.6197066 -75795676.67108753
 6165286.379132948  17587280.45327736 -8496829.970895467 -75795676.65479356  60539639.52552039

cov*(cov_.inverse()):
    0.9999999999417923 -2.328306436538696e-10 -5.820766091346741e-10  9.313225746154785e-10                      0
-1.746229827404022e-10                      1 -1.396983861923218e-09  4.656612873077393e-10                      0
 5.820766091346741e-11 -1.164153218269348e-10     0.9999999981955625  1.396983861923218e-09                      0
 -2.91038304567337e-10 -1.164153218269348e-10 -6.402842700481415e-10      1.000000000465661                      0
 1.164153218269348e-10                      0 -6.984919309616089e-10  4.656612873077393e-10                      1
