5
2

8.916522568511043e-05
 0.000121880362601268
0.0001472663441605365
 0.007161438718645982
   0.5453231936810741

 0.06472819184418585   0.0768306560663299   0.2199832141882386  -0.8426464372438053   0.4811046442768278
 -0.2429142840703033   -0.277742712212727   0.8664739651023481 -0.00968919198428902  -0.3361259046337203
  0.5666049953093343  -0.7991852072315746 -0.02429427804275991  0.07064055395102932   0.1862296539883127
  -0.645119821826477  -0.2800752155465081 -0.01584132059197729   0.2909870899917675   0.6484241321412837
  0.4467461321066786   0.4470088525744624   0.4472014019337484     0.44742544290041   0.4476855574190959

0.4004439474050221
 0.400629884606151
0.4006291596987689
  0.40062830256468
0.4006274245644322

2.068985639283832e-05
   0.4006324283702541

0.4663979762069294   3.21102057768021  5.090081499907163  3.038403028583421  -11.8057963282521
 1.017449789652575 0.5306946949910539 0.6365092202464134 0.2739854842571976  -1.45865010993321

-5.440879121400494e-08  1.090950827839108e-07 -9.563160126312892e-08 -0.0004129498852130676  -0.001730138829657252
-5.453869587361049e-09  9.575483929765474e-09 -2.502379835964137e-09 -8.622197201330063e-05      0.132626236785039

cov:
0.05937255719606051  0.0593953657626471 0.05941220945900427 0.05943182592770883 0.05945455992087594
 0.0593953657626471 0.05942506960398327 0.05944685173441557 0.05947222761135612 0.05950167064676587
0.05941220945900427 0.05944685173441557 0.05947225830362123  0.0595017905044966 0.05953609016186666
0.05943182592770883 0.05947222761135612  0.0595017905044966 0.05953618648016394 0.05957612142308245
0.05945455992087594 0.05950167064676587 0.05953609016186666 0.05957612142308245 0.05962264467985463

cov.inverse():
 19310504.45878957 -15708694.87245418 -13012589.74044073 -4860034.212965924  14270697.87210566
-15708694.87180574  35387167.00102561 -13179396.12072146 -10566634.00888174  4067695.626188653
-13012589.73725547 -13179396.11689527  56654975.09600545 -23959842.03615205 -6503021.893143701
-4860034.220566663 -10566634.01364913 -23959842.01469223  89547993.86186789 -50161533.16255958
 14270697.87587274  4067695.627778276 -6503021.907592081 -50161533.15346792  38326081.52984071

cov*(cov_.inverse()):
    0.9999999997671694 -1.164153218269348e-10   2.91038304567337e-10 -1.396983861923218e-09 -4.656612873077393e-10
                     0      1.000000000174623                      0                      0 -4.656612873077393e-10
                     0  1.746229827404022e-10                      1 -4.656612873077393e-10 -4.656612873077393e-10
-2.328306436538696e-10 -1.455191522836685e-10  5.820766091346741e-11                      1 -4.656612873077393e-10
                     0 -1.164153218269348e-10  5.820766091346741e-11                      0                      1
