5
2

6.418727018962469e-05
9.328048995834366e-05
0.0001199593597838415
    0.022351722931543
   0.5192253586042519

   0.1568630591008087   -0.6867427101507008      0.69162538427993   -0.1594601436064842 -0.002284986880952439
  -0.2222058284312583    0.3041956195405144    0.1789243728086609   -0.7597586134405335    0.4988411700947372
   0.6560561411865121   -0.3316364557672072   -0.5210976162166583   -0.1921034122320532    0.3887944883865342
  -0.5453255358621768   -0.3563978404547645   -0.1361426767213434    0.3989149975503902    0.6308190196564541
    0.445229098385098    0.4459229929400138    0.4467245712775721    0.4486673775104355    0.4495091501776031

0.4027120126742697
0.4027598117867316
0.4027734132216115
0.4027993782260451
0.4027786375636564

0.0002350419718641235
   0.4029288953329518

 0.4321772737120035   1.350747636952238   1.105660620990482 -0.4958797458962267  -2.392868483631796
 0.1927744778425211   1.323021203589402 -0.2427306453224135  0.6973958010435488 -0.9704241879640617

-4.358868437546547e-11 -2.647125260574677e-09 -2.267407491849002e-08  -0.001286413432872228  -0.002541808785944763
-4.759447327256031e-09 -6.071286529158412e-09 -1.003104630543693e-08 -0.0004384291206315696     0.1197122543450789

cov:
0.05359010603916569 0.05362191208653293 0.05365811882216451 0.05374554773776567 0.05378340920212473
0.05362191208653293 0.05367169986486744 0.05372884336572484 0.05386713282862067  0.0539270377258281
0.05365811882216451 0.05372884336572484 0.05381040530980007 0.05400798732035241 0.05409359063615393
0.05374554773776567 0.05386713282862067 0.05400798732035241 0.05434962782955981 0.05449765528117759
0.05378340920212473  0.0539270377258281 0.05409359063615393 0.05449765528117759  0.0546727607038328

cov.inverse():
 41557259.73397738  -49034042.2628541 -1993492.166916479  4572432.155169544  4898561.106922153
-49034042.24914728  132747434.9550964 -97019040.66710505  4445358.295473824  8859781.101679413
-1993492.189060976 -97019040.64202754  138652344.0383823 -35435228.81303224 -4205018.743552402
 4572432.170057368  4445358.282051796 -35435228.81858634   75075646.3827181 -48658123.25463182
 4898561.100471993  8859781.103730511 -4205018.735064888 -48658123.25872041  39104960.06676174

cov*(cov_.inverse()):
     1.000000000407454  2.328306436538696e-10  9.022187441587448e-10                      0                      0
-1.746229827404022e-10      1.000000000291038 -5.529727786779404e-10  4.656612873077393e-10                      0
-1.746229827404022e-10 -2.328306436538696e-10      1.000000000669388  4.656612873077393e-10 -4.656612873077393e-10
-1.164153218269348e-10  1.222360879182816e-09  5.529727786779404e-10                      1                      0
-1.746229827404022e-10  1.280568540096283e-09  3.201421350240707e-10                      0                      1
