5
2

 6.45653454518429e-05
8.236484000978712e-05
  0.00012916401399789
  0.01180694867887302
    0.507682758650109

 0.02574497037436628  -0.1690252990199689  -0.1588864018700431   0.8218526636482119   -0.519693135751054
 -0.1499782697857625   0.7279981952836789  -0.6660221860236561  0.04981039086115598   0.0381905609058719
  0.6289390034555692  -0.4073166390303662  -0.5669861608842827 0.003250425653410152   0.3421184204337676
 -0.6180842395290554  -0.2754533957643849 -0.09907322048565313   0.3487710294345903   0.6408124262351623
  0.4463757586054564   0.4468418716792242   0.4470802493662242   0.4476888740819966   0.4480791743581036

0.3827859418947823
0.3828093843778956
0.3829102525087136
0.3828583338737246
0.3828208824188588

0.0005510363406612076
   0.3830400987696669

 0.5368959691791341   2.000794080043033   2.209220130012234   2.541511700780169  -7.288578294026748
  1.028995613001485   0.384386479605282  0.2116895965940838  0.3094630947666612 -0.9345600390722051

  2.16821366163928e-08 -1.676311915073035e-09 -7.032320898482407e-08 -0.0006811354999985418  -0.001716309934848787
 2.784277812276577e-09 -2.426026635891732e-10  8.651827469836069e-10 -0.0001747855102593464     0.1148258209690442

cov:
0.05140865303676732 0.05143274515968096 0.05144497265897409 0.05147641230019678 0.05149615635632524
0.05143274515968096 0.05147328204416596 0.05149395727491159 0.05154685453109343 0.05158058973942917
0.05144497265897409 0.05149395727491159 0.05151899761543671  0.0515829356612853 0.05162387474568116
0.05147641230019678 0.05154685453109343  0.0515829356612853 0.05167494158878905  0.0517341721044434
0.05149615635632524 0.05158058973942917 0.05162387474568116  0.0517341721044434 0.05180534081852455

cov.inverse():
 27187552.79069161 -32492325.40661054 -7631152.794185068  4095395.347924444  8840722.173306083
-32492325.41565615  94921016.24495572 -51186694.01456564 -28058016.21337469  16816057.56830395
-7631152.801394032 -51186693.99754415  90712372.05669139 -36325220.58044168  4430932.751719577
  4095395.39456959 -28058016.29548782 -36325220.55811798  162394824.3999958 -102108415.2471624
 8840722.142915169  16816057.62435069  4430932.739208279 -102108415.2603071  72021686.82941058

cov*(cov_.inverse()):
     1.000000000291038 -1.164153218269348e-10  -2.91038304567337e-11 -1.862645149230957e-09  9.313225746154785e-10
 1.746229827404022e-10     0.9999999993015081  -2.91038304567337e-10 -9.313225746154785e-10  4.656612873077393e-10
 1.164153218269348e-10 -9.313225746154785e-10     0.9999999998544808                      0 -4.656612873077393e-10
 2.328306436538696e-10 -5.820766091346741e-10 -4.074536263942719e-10     0.9999999990686774  4.656612873077393e-10
 1.164153218269348e-10  1.164153218269348e-10 -5.820766091346741e-11                      0                      1
