6
2

4.273616729288503e-05
5.553883440478401e-05
6.759538512409569e-05
0.0001751654230816915
  0.02202363237926988
   0.6324709505406321

0.0008518401095679778    -0.157091130027313      0.04748904054399    0.4708365456813877     -0.76663210227433    0.4045424690643012
   0.0399546634222412   -0.5275594133780377     0.785837520043662   -0.3174831947160089  -0.01832757609532936   0.03758461581617896
  -0.1319749863737924    0.5969569106342494    0.1312214004838942    -0.624715092829749   -0.3161458215622707    0.3446576071583667
   0.6333270226991161   -0.3442780832349455   -0.4221230259519782   -0.3461649366674757   0.05589782109201275    0.4233519870078081
  -0.6444924782680268   -0.2371529186853322   -0.1363269332772437    0.0256922924247918    0.3754146851962678    0.6068003181666387
   0.4056005793707541    0.4072799818700594    0.4076913604667768      0.40836033578987    0.4097931026283642    0.4107437037552558

0.4217103264234486
0.4217908288722358
0.4218681591083015
0.4218573277052067
0.4218383996736505
0.4218260088196936

0.0001490498913457289
   0.4219188631274289

  0.727020413831437   2.627829545530197 -0.4683774288575981  0.1326144841916143   -1.04982022127425  -1.969262050927474
  1.925560430818646  -1.247132270023732 -0.5371729735745322 -0.3078206773785516    3.44952459016004   -2.28272954599734

-6.644675533030523e-10 -5.620791152737385e-09   4.48515635566878e-09 -3.635404125435687e-08  -0.001267683973977224  -0.004291304947218902
-6.466968108162312e-09  8.064642121796415e-10 -1.258390931043239e-08   3.70834569552694e-08 -0.0004705301370911421     0.1617472775001604

cov:
0.06600942439873475 0.06615454849394166 0.06618977414242738 0.06624766794201611  0.0663708144356414 0.06645272217555949
0.06615454849394166 0.06638131416832264 0.06643673541268034 0.06652708677143655 0.06672028138874581 0.06684853475893687
0.06618977414242738 0.06643673541268034 0.06649716178965333 0.06659554384770007 0.06680607643278395 0.06694580045272146
0.06624766794201611 0.06652708677143655 0.06659554384770007 0.06670684421727639 0.06694524134922898 0.06710340268295488
 0.0663708144356414 0.06672028138874581 0.06680607643278395 0.06694524134922898 0.06724379134628154 0.06744175019724899
0.06645272217555949 0.06684853475893687 0.06694580045272146 0.06710340268295488 0.06744175019724899 0.06766604790368264

cov.inverse():
  17403277.1383612 -31255250.56309706 -2301884.134110528  7006254.911111698  9689886.929498946 -541962.1881369447
-31255250.62649521  185596828.8888434 -116607594.2591526 -63932678.52485532  27142601.84685332 -944863.0141046339
-2301883.998851887 -116607594.4984513  211014442.1580617 -81819800.71503748 -34451522.40712328  24167815.44165356
 7006254.856951812 -63932678.68727893 -81819800.28081109  243377611.7631139 -153155176.7223384  48522125.85372099
 9689886.862355376  27142602.68046969 -34451523.63902875 -153155176.2130734  343883300.7555469 -193107715.9144176
-541962.1386933378 -944863.5093942649  24167816.13528542  48522125.56209857 -193107715.8705747  121904081.3530486

cov*(cov_.inverse()):
    0.9999999997380655 -2.233718987554312e-09 -1.396983861923218e-09                      0                      0 -9.313225746154785e-10
-1.746229827404022e-10     0.9999999979263521  9.313225746154785e-10  1.396983861923218e-09 -1.862645149230957e-09                      0
-8.003553375601768e-11  -2.91038304567337e-09      1.000000002095476 -2.328306436538696e-09  1.862645149230957e-09 -9.313225746154785e-10
-1.746229827404022e-10 -2.342858351767063e-09 -4.656612873077393e-10       1.00000000372529                      0  9.313225746154785e-10
-3.856257535517216e-10 -1.215084921568632e-09 -2.095475792884827e-09  1.862645149230957e-09      1.000000001862645                      0
-1.673470251262188e-10 -1.324224285781384e-09 -4.656612873077393e-10  9.313225746154785e-10                      0                      1
