6
2

1.793338136035067e-05
2.951653827365861e-05
7.966419151679182e-05
0.0001236810418981866
  0.01816120536301955
   0.2581949046596045

  0.3092364432161679  -0.6613842832442387   0.5264711596261231  -0.3714610157052302 -0.02925025115966732   0.2256832000056271
   0.017083330534544  -0.1301539550846034  0.08848039125810236   0.5704603400247847  -0.7731493420625952   0.2274959856425584
 -0.5082837307457907   0.4562160348206234   0.4098932989636243  -0.4313750600363467  -0.2613178075240971    0.333362600100616
  0.4024864206878379   0.1243746767587255  -0.5834994562754077  -0.3507389946640337  -0.1684029287014587   0.5750535772397154
 -0.5232280811537181  -0.3547762746580743  -0.1607438980324633   0.2839504312243262   0.4077109430618271   0.5724259854273047
   0.458220129760897   0.4429022941313234   0.4250607082301165    0.383225236745007   0.3721689961005333   0.3575247139951078

0.3853563315970615
0.3856486044483959
0.3859207822643995
0.3865538616758133
0.3868014816451777
0.3869118831789714

-0.003020402817167721
   0.3850275054574013

  392.832399582415 -921.3060052380042  780.1101116865717 -432.8185531802697 -127.2094366396364  307.3343133480659
 1054.271145608657 -2324.921430214799    1923.4680699539 -1365.707867358035 -89.93624282969218  801.0716975482418

 4.423297894110386e-07   1.01942462737592e-07  1.407628049157528e-07 -9.439591229961114e-07  -0.000962744769566197    0.01456875073306907
   1.1471892439918e-06 -3.180849966368319e-08  4.541660100624791e-07 -4.950480671760038e-07 -0.0006234211746132416    0.03490916606015319

cov:
 0.01408758115954889  0.01359059056816546  0.01301209305394505  0.01165740265716147  0.01129830944266669  0.01082254643236047
 0.01359059056816546  0.01311860855080371  0.01256911294300796  0.01128184460606394  0.01094091806356623  0.01048926106755271
 0.01301209305394505  0.01256911294300796  0.01205326393572927  0.01084421164258753  0.01052435364211557   0.0101006480161879
 0.01165740265716147  0.01128184460606394  0.01084421164258753 0.009817066739446155 0.009546195425166059 0.009187491011653618
 0.01129830944266669  0.01094091806356623  0.01052435364211557 0.009546195425166059 0.009288527411613772 0.008947341928013998
 0.01082254643236047  0.01048926106755271   0.0101006480161879 0.009187491011653618 0.008947341928013998 0.008629413211493971

cov.inverse():
 348976901.1321463 -671763447.5008051  459775871.4571795 -320667903.0581541 -26787978.10906036  209894212.8055985
-671763447.4668192  1413390358.993707  -1071186629.88963  644827054.0379097  155500616.8816938 -469465316.9255044
 459775871.4086698 -1071186629.822477  919553517.3055704 -564631239.1009378  -136856935.310856   392144197.036157
-320667903.2577889   644827054.388272 -564631239.3049332   839933160.378492 -450833384.1277183 -147552623.4713489
-26787977.73461415  155500616.1947146 -136856934.8978536 -450833384.3923141  701388204.8757145 -242468528.7113701
 209894212.6453723 -469465316.6222148  392144196.8459141 -147552623.2602768  -242468528.875092  256904158.1723058

cov*(cov_.inverse()):
                     1                      0                      0 -2.328306436538696e-10  4.656612873077393e-10                      0
                     0      1.000000005587935 -1.862645149230957e-09 -1.396983861923218e-09 -9.313225746154785e-10 -4.656612873077393e-10
 4.656612873077393e-10  9.313225746154785e-10      1.000000001396984 -2.561137080192566e-09 -9.313225746154785e-10  4.656612873077393e-10
 2.328306436538696e-10  1.862645149230957e-09 -9.313225746154785e-10      1.000000000698492 -9.313225746154785e-10                      0
 9.313225746154785e-10  4.656612873077393e-09  1.862645149230957e-09 -9.313225746154785e-10     0.9999999995343387 -4.656612873077393e-10
-6.984919309616089e-10  1.862645149230957e-09  9.313225746154785e-10 -2.561137080192566e-09 -6.984919309616089e-10                      1
