6
2

9.765924501481456e-05
0.0001090891505292331
0.0001252018344019732
0.0001536318971010002
  0.02258259345885117
   0.5673084461218046

  -0.4232356597900996     0.790180639238787   -0.2932473507571507   -0.2530199118232622  -0.03362688055615117     0.212937272578442
 -0.00824077704002144   0.01668344529153871   -0.2287823805460165   -0.1657084254378063    0.8431515410283904   -0.4571089270612122
 -0.04540319849839267   0.05907808824918512   -0.5694799748720746    0.7987213713294794  -0.08485446031387864   -0.1580657420854859
   0.5299880282987787   -0.1636655559005138   -0.6088084629984346   -0.2907785409500495   0.04874894451235016    0.4845099705734907
  -0.6107816390652108   -0.4238925401609629 -0.008332121749968908    0.1375622596307391     0.332709796627242    0.5635355316902294
   0.4059565182168151    0.4066628821540891    0.4082156329367355    0.4087667767684571    0.4095023369500409    0.4103683234172107

0.3978893030728106
0.3979341089202731
0.3979942260752656
0.3979786919553515
0.3979586835628816
0.3979320875831569

0.0002963074115598319
   0.3981127408489127

 0.06645025310952922     1.59435719664683    1.185540585153467   0.7969397495479988  -0.5255760876045492   -3.117714033401058
   1.006758685394383   0.3224198595773679  0.07217054902731351 -0.01533093980649211  -0.1315216161709852  -0.2544867972993992

 3.452872581438457e-10  7.196863800419859e-09  9.248026779771432e-09 -6.409113345700699e-08  -0.001299656774447262  -0.003081677273605491
-2.273490139662728e-09 -1.362928003256866e-10 -4.486501438555957e-10  7.354807874739433e-09 -0.0004801208339633165     0.1302543319446143

cov:
 0.0532295259960014 0.05326358794329987 0.05333701834415894  0.0533635860064493 0.05339890770335104 0.05344015754272954
0.05326358794329987 0.05331564816814745 0.05342903164885309 0.05346962709751249 0.05352371106323354 0.05358715263843119
0.05333701834415894 0.05342903164885309 0.05363128144026486 0.05370305353233252 0.05379886161333708  0.0539116510468574
 0.0533635860064493 0.05346962709751249 0.05370305353233252  0.0537858100536858 0.05389625246797158 0.05402637028835967
0.05339890770335104 0.05352371106323354 0.05379886161333708 0.05389625246797158 0.05402631764102581 0.05417960167436349
0.05344015754272954 0.05358715263843119  0.0539116510468574 0.05402637028835967 0.05417960167436349 0.05436032398536872

cov.inverse():
 30820384.13909582 -38922840.08415536  1150783.031998992  2500050.948953663  2248400.196697932  2203652.616217559
-38922840.08286788  66848824.85004164 -22541353.92471022 -16168925.64344345 -2262113.950536149  13045450.74019891
  1150783.02575348 -22541353.90697157  49807231.86202738 -10551285.10587713 -13350123.79225209 -4514489.869665604
  2500050.94984896 -16168925.65447815 -10551285.08034325  53299869.17635005 -15772523.95135631 -13306922.78038858
 2248400.205010911 -2262113.967568725  -13350123.7952663 -15772523.93074455  60416451.89992291  -31280433.1323693
 2203652.611967237   13045450.7518152 -4514489.880691867 -13306922.78560632 -31280433.12349154  33852606.26511749

cov*(cov_.inverse()):
     1.000000000232831 -6.984919309616089e-10 -1.746229827404022e-10                      0  2.328306436538696e-10 -2.328306436538696e-10
-1.455191522836685e-11      0.999999999650754 -6.111804395914078e-10 -2.328306436538696e-10                      0 -2.328306436538696e-10
-5.820766091346741e-11 -1.164153218269348e-10     0.9999999993888196 -4.656612873077393e-10  2.328306436538696e-10                      0
 -2.91038304567337e-11 -4.656612873077393e-10  1.455191522836685e-10                      1 -2.328306436538696e-10                      0
 1.600710675120354e-10 -4.656612873077393e-10 -8.731149137020111e-11 -1.164153218269348e-10      1.000000000232831                      0
 5.820766091346741e-11 -1.164153218269348e-10 -8.731149137020111e-11  1.164153218269348e-10                      0     0.9999999997671694
