5
2

 9.82977493841935e-05
0.0001552702782623771
 0.000170643663536588
  0.01566919467870634
   0.5195902074870645

  -0.4911397241259636    0.8177594541039491   -0.2922443897201605  -0.06220820685526302   0.02783167774365513
   0.2582320787304232  -0.07387179537017151   -0.7654886742345648    0.5846995113623893 -0.003566846582603898
  -0.3096940484635681  0.008048363303911144    0.3539847525036001    0.5972670437628752   -0.6496088774209399
  -0.6307187811383567   -0.3558932177980361   0.05627685158036669    0.3110088895740059    0.6128949528482432
   0.4454002473793962    0.4461924186333582    0.4473790532276472    0.4481095507274257    0.4489774587532042

0.3986304103678779
 0.398733355676386
0.3987016598162497
0.3986875486447319
  0.39867754213355

0.0001985441412959415
   0.3987897917602767

  0.9044084252143454    2.970112842487839 -0.09716207095184705  -0.9132785962743954   -2.864195985315404
   1.361569403233121   0.4596175792092808  -0.1606013849620778  -0.2010091318158934  -0.4596187083010186

 1.922962397832519e-08 -1.049365192426251e-08  2.983433226147747e-08 -0.0009016678225587925   -0.00286469461870969
-2.379057769991368e-09  7.828052861425097e-09 -8.628180844085659e-09 -0.0003377408583144154     0.1196629935437706

cov:
0.05365548911399393 0.05370817528045388 0.05378703458777003 0.05383543257789121 0.05389305363258498
0.05370817528045388 0.05377959719673336 0.05388651664552985 0.05395225355825126  0.0540304246587558
0.05378703458777003 0.05388651664552985 0.05403555374972367  0.0541272804018899 0.05423627594494323
0.05383543257789121 0.05395225355825126  0.0541272804018899 0.05423512894509241 0.05436314865336837
0.05389305363258498  0.0540304246587558 0.05423627594494323 0.05436314865336837 0.05451380126335351

cov.inverse():
 31025783.18712787 -42442432.25893479    2890589.7623414  3071841.130280145  5454374.017481053
-42442432.26150762  69438318.08019291 -22290157.90099455 -6891794.696155638  2185965.320209854
 2890589.767382623 -22290157.90854542  37447522.62211157 -9422807.818417994 -8625277.804513939
 3071841.129242637   -6891794.6928342 -9422807.821881019   26831893.7130908 -13589082.19604716
 5454374.016050143  2185965.321866503 -8625277.803560594 -13589082.19722625   14574065.9830214

cov*(cov_.inverse()):
                     1   4.94765117764473e-10  1.164153218269348e-10  1.164153218269348e-10 -1.164153218269348e-10
 1.746229827404022e-10      1.000000000058208 -5.820766091346741e-11  1.164153218269348e-10                      0
 1.746229827404022e-10 -2.037268131971359e-10                      1  1.164153218269348e-10  1.164153218269348e-10
                     0  5.820766091346741e-11 -1.164153218269348e-10     0.9999999998835847  1.164153218269348e-10
  2.91038304567337e-10  6.402842700481415e-10                      0                      0                      1
