6
2

6.577275360970508e-05
7.255744684293585e-05
9.945205005010322e-05
0.0001486790679447516
  0.01886874883668896
   0.5690338995151677

0.0008528315326391344   0.06957697623496345   -0.6300060766599062    0.7541826388961839  -0.02475692622886742   -0.1698419919197117
  0.04857399716542144   -0.1732430940803295    0.2746542652636255    0.3009819307363712   -0.8170571248596505    0.3660873718275918
  -0.2331583048203087    0.7163849708995186   -0.3715031481576521   -0.2931481029659069   -0.2191522291017558    0.4005642014444006
   0.6328971840400704   -0.3644934854116656   -0.4694809625414033   -0.2636685736018343   0.04709752742783536      0.41765294868199
  -0.6143748753854081   -0.3915449150220725  -0.05176899722528937    0.1348587912281841    0.3378133178242455     0.578144732459666
   0.4065239369340802      0.40715540867534    0.4081058509633614    0.4086252610993739    0.4091955950523795    0.4098740505041777

0.3987413470455277
0.3987978256214351
0.3988992851994779
0.3988864040852318
0.3988780035774196
0.3988692030805228

0.0001276162087812809
   0.3989421959036677

  0.8149806096939192 -0.06925607962428039    1.717175609368726    1.537059825487354    1.600472798641654   -5.600370033935168
   1.021509390565921   0.2614860875669048   0.1273851188443934 -0.03066666752149927   0.2077644108511863  -0.5874889452926736

 4.260404610847158e-09  -1.24879101691748e-08 -3.879345020933797e-08 -6.485845306809903e-08   -0.00108673096963064  -0.002771046526820717
 4.464317587088333e-11 -1.867625526218547e-09 -3.659976879336055e-09  5.833634252346354e-09 -0.0003596510657053449     0.1312711790302437

cov:
0.05364606762852409 0.05368043262754363 0.05373122154393059 0.05375877323627699 0.05378945808415918 0.05382619972072505
0.05368043262754363 0.05373263594119243 0.05381056637129054 0.05385302679044556 0.05389992438261284 0.05395586744030869
0.05373122154393059 0.05381056637129054 0.05392990722422335 0.05399509846731652 0.05406672125746659 0.05415194177880594
0.05375877323627699 0.05385302679044556 0.05399509846731652 0.05407278684608361 0.05415798752968678 0.05425929244686867
0.05378945808415918 0.05389992438261284 0.05406672125746659 0.05415798752968678 0.05425796998853111 0.05437676255062486
0.05382619972072505 0.05395586744030869 0.05415194177880594 0.05425929244686867 0.05437676255062486 0.05451628243835924

cov.inverse():
 24066102.22944259 -28907461.47799412  -2273994.31788114  2286948.066905534 -1029473.049221324  5858300.596454082
-28907461.47890248  64718310.62614921 -38337411.72219613 -14660096.90580574   9838784.42247995  7347102.855816975
-2273994.311166766 -38337411.74571156  130001851.1705749 -77519083.89625555 -31789433.56692056  19917227.98857614
 2286948.051333675 -14660096.84820119 -77519083.92594831  160521426.2370129 -45094285.79407676 -25533441.34563768
-1029473.034431239  9838784.373354837 -31789433.57371895 -45094285.71673963  131904491.0479615  -63829427.9295761
 5858300.591429833  7347102.869944693  19917228.00826569 -25533441.41063356 -63829427.89337374  56239329.50239602

cov*(cov_.inverse()):
    0.9999999997671694  4.074536263942719e-10  1.164153218269348e-09  4.656612873077393e-10  4.656612873077393e-10                      0
 5.820766091346741e-11      1.000000000232831  1.396983861923218e-09  9.313225746154785e-10                      0                      0
-1.746229827404022e-10  3.492459654808044e-10      1.000000000698492  1.164153218269348e-09                      0                      0
 5.820766091346741e-11  2.328306436538696e-10  1.396983861923218e-09      1.000000000465661 -4.656612873077393e-10                      0
 2.328306436538696e-10  4.656612873077393e-10  9.313225746154785e-10  2.095475792884827e-09     0.9999999995343387 -4.656612873077393e-10
                     0  7.566995918750763e-10                      0 -2.328306436538696e-10                      0                      1
