5
2

 0.000100185933914568
0.0001375079901802158
0.0001568866097265751
  0.02232793183361384
   0.5179366720887041

  0.5695172127633807  -0.7886430410613549   0.1841768600503582   0.1153586087050582 -0.08039635421679857
 0.06853795326384347 -0.03932069926525912   0.3333781853443579  -0.8203885446192584   0.4577969560467746
 -0.3154791390804104      0.0129149038718   0.7997652907124084   0.0132072331953504  -0.5103990270622449
 -0.6111518933634886  -0.4216154729448509   0.1220564685296611   0.3351576928511655   0.5670143698571183
  0.4448808485110818   0.4456115288300582   0.4476779735705781   0.4484973992891553   0.4493839236247816

0.4049569144347641
0.4049608115164903
0.4048889054617316
0.4048117406982957
0.4047393025693573

0.0008698283434166873
   0.4052543370504781

 0.6631165371663851   1.821737115693682  0.3171691220065965 -0.5999832797951834   -2.20202539967574
 0.6015002295784608  0.8882557784001597 -0.2097599198446402 0.08053500680346429 -0.3604034957170419

-8.961303757436895e-09 -8.249891273450268e-09  2.914169660757491e-08  -0.001288364987060651  -0.002645353948554078
-3.596531073667128e-09 -5.572172811609888e-09 -3.963607942280059e-09 -0.0004711544071835772     0.1190177348886882

cov:
0.05327963782038098 0.05330908071454275 0.05339004960076448 0.05342291855074035 0.05345808119634793
0.05330908071454275 0.05335659767309179 0.05348933595745318 0.05354249856932471 0.05359973914323134
0.05339004960076448 0.05348933595745318 0.05377060414329468 0.05388195598635399 0.05400252746252503
0.05342291855074035 0.05354249856932471 0.05388195598635399 0.05401616800656366 0.05416154890679981
0.05345808119634793 0.05359973914323134 0.05400252746252503 0.05416154890679981 0.05433397875003416

cov.inverse():
  36607499.7407769 -45055564.80916958   1407660.80283169  3402131.786680922  3638935.771292963
-45055564.80846221  62054044.56188013 -14744844.24408197 -7351268.735374873  5096597.089135708
 1407660.802259736 -14744844.24430163  35244245.53445147 -11918429.57972906 -9988018.244606804
 3402131.784762621 -7351268.731359676 -11918429.58357076  36927672.44100115 -21060117.31835011
 3638935.773075819  5096597.086047558 -9988018.241556725 -21060117.32009481  22312391.49304299

cov*(cov_.inverse()):
                     1 -1.164153218269348e-10 -1.164153218269348e-10  2.328306436538696e-10                      0
-4.074536263942719e-10      1.000000000058208                      0 -2.328306436538696e-10 -2.328306436538696e-10
 -2.91038304567337e-10   2.91038304567337e-10     0.9999999998835847  2.328306436538696e-10 -2.328306436538696e-10
 1.746229827404022e-10 -5.820766091346741e-11                      0                      1 -2.328306436538696e-10
-1.455191522836685e-10  2.328306436538696e-10 -1.164153218269348e-10                      0                      1
