5
2

5.405212853131817e-05
0.0001163452849537396
 0.000140492167236165
  0.01671390104662367
   0.5213278958747404

  0.3821343905653092  -0.7944672657701687   0.4700052551513679 -0.01818747106694253 -0.03948857041269901
  0.4744557084195655  -0.2375028323191817  -0.7580978015296161   0.3237119449559879   0.1974398272822105
 -0.1864114654667592 -0.03856673991214381  0.06500354604836199    0.768007091770839   -0.608032086411499
 -0.6291652992029927  -0.3344371420068766  0.01105116645829844   0.3227250835894008   0.6229199117600966
  0.4452716924718124   0.4461822193665502   0.4472529420441073   0.4482113563944057   0.4491391018786995

0.4023525066709926
0.4023628959880827
0.4023578333975384
0.4023872221457512
0.4023561297416766

0.000268852965253892
  0.4025241114294733

  2.650609419114087   3.130883112397363  -4.720498279799775 0.06616539806444882  -1.127175925645173
  1.687203890817301  0.5772703290353675   -1.17698177649701 0.02648353544012216  -0.114033870776318

-1.066351181369544e-08  5.267583699481309e-08 -3.661930041253559e-09  -0.000963133032057345  -0.002900934830729983
 -1.06069872524299e-09  2.086914627510237e-08 -6.387425676126474e-09 -0.0003715651777963668      0.120420554561638

cov:
 0.0539961092192104 0.05405449071767526 0.05412334116286785 0.05418454972278688  0.0542440648017229
0.05405449071767526 0.05413737491766492  0.0542349366101612 0.05432203689470051 0.05440649496425219
0.05412334116286785  0.0542349366101612  0.0543661627971618 0.05448361480021208 0.05459731376198852
0.05418454972278688 0.05432203689470051 0.05448361480021208 0.05462847941542288 0.05476853633979612
 0.0542440648017229 0.05440649496425219 0.05459731376198852 0.05476853633979612 0.05493403935182749

cov.inverse():
 68373192.61361174  -111871876.357954  34288369.84590546  1713547.615733921  7496543.309208339
-111871876.3725472  220279058.4514649 -114632204.8231229 -2235133.641245286  8461043.181396799
 34288369.86016517 -114632204.8321524  118281532.0532683 -18526055.49494624 -19412609.53016168
 1713547.633201292 -2235133.683695448 -18526055.46427031  37738139.54436085 -18690302.32513757
 7496543.292074374  8461043.218283331 -19412609.55560743 -18690302.31944418  22145452.35727696

cov*(cov_.inverse()):
    0.9999999999417923  1.280568540096283e-09 -1.164153218269348e-09                      0  2.328306436538696e-10
 1.746229827404022e-10     0.9999999991850927                      0 -1.164153218269348e-10 -2.328306436538696e-10
                     0  1.222360879182816e-09      1.000000000465661 -2.328306436538696e-10                      0
 4.656612873077393e-10 -1.629814505577087e-09  9.313225746154785e-10     0.9999999998835847 -2.328306436538696e-10
-5.820766091346741e-11 -2.328306436538696e-10 -4.656612873077393e-10 -1.164153218269348e-10                      1
