6
2

4.274778256022797e-05
5.429661288437453e-05
6.872677739817096e-05
0.0001680879086497288
  0.02241117016752107
   0.6329318058800925

0.004025037720879782 -0.05707808682873083  0.04096335680790752   0.4918590411400003  -0.8046980149011207   0.3249364290709499
 0.02944296275144555  -0.5331357869506212   0.7592637220128408    -0.33465421690932 -0.06839039993968668   0.1474694997383052
 -0.1383665788642089   0.5652527622249018  0.01403871991141585  -0.6347142734943073  -0.2491703956345682   0.4429433642754901
  0.6139763079812249  -0.3981986637914274   -0.478498060722198  -0.2170612540507914  0.04845382725438869   0.4313318466005738
 -0.6623004326922771    -0.26206268190701  -0.1630359537054847   0.1698378505728762   0.3398393250840548   0.5672432485679051
  0.4054168607279964   0.4071346391306682   0.4075566241173408   0.4089725495420523   0.4097065189869623   0.4106801368658253

0.4219288999678816
0.4220063335885214
0.4220834424746759
 0.422058240556056
 0.422048877829061
0.4220350599327305

0.0001666039079365695
   0.4221396855684784

  0.6718219585800215    2.777349221539022 -0.08864929331793475   -1.154218790079511  -0.1672544659708038   -2.039070380709803
   1.847120033066643   -1.034036035277399  -0.3294462198198944    -2.02504170532027    5.195431252623076     -2.6538471993659

-2.293617798045045e-09 -4.219440688547054e-09  6.361356208082293e-09 -3.639393952965865e-08  -0.001289731319669434  -0.004399151579479456
-1.093894593985625e-08  8.447529948177291e-10 -9.585725971735416e-09  3.531938625876827e-08 -0.0004933948201721713     0.1618943479222218

cov:
0.06606451232574589 0.06621034246067352 0.06624593559560137  0.0663651728382692 0.06642783142913779 0.06651031865515977
0.06621034246067352 0.06643784414942322 0.06649363269444696  0.0666807519340125 0.06677808330876901 0.06690694495599868
0.06624593559560137 0.06649363269444696 0.06655442444848431 0.06675833627383128 0.06686424630145209 0.06700458133005154
 0.0663651728382692  0.0666807519340125 0.06675833627383128 0.06701871202862204 0.06715345967479688 0.06733236742510328
0.06642783142913779 0.06677808330876901 0.06686424630145209 0.06715345967479688 0.06730294468660408 0.06750155722723163
0.06651031865515977 0.06690694495599868 0.06700458133005154 0.06733236742510328 0.06750155722723163 0.06772653155644336

cov.inverse():
 17699389.75333675 -30661585.37565631 -3136240.669070877  11617361.10152302  5896233.571391638 -1414599.660764477
-30661585.37877962  171451534.9244528  -130160109.724131 -27742759.30958665   7000773.75733023  10110655.00047718
-3136240.653244337 -130160109.7954327  204605706.5755116 -73371991.00372547 -37213196.51383637  39274808.11252099
 11617361.04933731 -27742759.03261616  -73371991.1464472  257336666.2541001 -175719960.3788379  7885423.915160114
 5896233.623152561  7000773.485408136 -37213196.43888642  -175719960.109249  369169339.3388705 -169135643.0147799
-1414599.673043782  10110655.06361146  39274808.12481501  7885423.727636511  -169135642.890409  113279038.6821744

cov*(cov_.inverse()):
    0.9999999998108251  2.444721758365631e-09 -1.862645149230957e-09  3.725290298461914e-09  1.862645149230957e-09  9.313225746154785e-10
-2.473825588822365e-10      1.000000001164153  4.656612873077393e-10 -9.313225746154785e-10                      0  9.313225746154785e-10
-1.600710675120354e-10                      0      1.000000002328306 -6.984919309616089e-10  3.725290298461914e-09                      0
-2.764863893389702e-10  6.984919309616089e-10  4.656612873077393e-10      1.000000003259629                      0                      0
-1.455191522836685e-10  2.328306436538696e-10  3.725290298461914e-09  3.608874976634979e-09                      1  1.862645149230957e-09
                     0  8.149072527885437e-10  9.313225746154785e-10  2.328306436538696e-10  1.862645149230957e-09                      1
