5
2

8.310594332282415e-05
 0.000100680131825355
0.0001573578732162682
  0.01551192391437048
   0.5171933090618022

 0.001764374093924581    0.5578011912274222   -0.7899747094957179      0.25349882346301  -0.02308728891297776
 -0.07897163583858119     0.362477454036305 -0.009071503964426162   -0.7793345609663728    0.5049048682153027
   0.6051032754447443   -0.5466187650146038   -0.4122818025757327  -0.04948599528050208    0.4032775760142813
  -0.6549290079588375   -0.2432480150172208  -0.07770366644584294    0.3538470880606187    0.6169706445335381
   0.4457335395694727    0.4466612310294216    0.4470386131630662    0.4480171460204845    0.4486117158646809

  0.39898760197869
0.3991614355017157
0.3991573454081909
0.3991420900199923
0.3991355023377326

8.108837586246388e-05
   0.3991826437089935

0.001449496194011632    2.721372572722379    2.358526918251222   -1.008125025504939   -4.073380574513113
   1.020913168773679   0.4337735637847622   0.1940723116725562  -0.2014358715612601  -0.4473750952611431

-3.499603436462905e-09 -3.102542697900821e-09 -1.003303534093024e-07 -0.0008941581123676013  -0.002271845051939557
 3.433503696950247e-10  6.034757991041857e-11  3.223664081382471e-09 -0.0002734680257139203     0.1189305106594383

cov:
 0.0532474859579654 0.05329319953323922 0.05331210869158785 0.05336077643972709 0.05339020668537511
0.05329319953323922 0.05337996080776883 0.05341535153286472 0.05350700112524072 0.05356263533297691
0.05331210869158785 0.05341535153286472 0.05345738891366989 0.05356632174618674 0.05363249628224542
0.05336077643972709 0.05350700112524072 0.05356632174618674 0.05372033957869479 0.05381398444621748
0.05339020668537511 0.05356263533297691 0.05363249628224542 0.05381398444621748 0.05392440526831015

cov.inverse():
 15404555.89152643 -16038705.48425161 -10205960.37252153  4926155.790239926   5913796.71587725
-16038705.48734888   70079110.1504551 -55024192.69826105 -6303220.769628264   7287502.05612189
-10205960.36700531 -55024192.69011913   97229767.5694747 -27473835.82106419 -4525955.770062398
 4926155.785802424 -6303220.806091664 -27473835.76778677  69322221.09145707  -40471580.1716786
  5913796.71789579  7287502.081346212 -4525955.809681856 -40471580.15930191  31796357.12765665

cov*(cov_.inverse()):
                     1  5.238689482212067e-10 -3.492459654808044e-10                      0  2.328306436538696e-10
-1.746229827404022e-10     0.9999999997671694 -1.164153218269348e-10                      0 -4.656612873077393e-10
-5.820766091346741e-11  7.566995918750763e-10      0.999999999650754                      0  2.328306436538696e-10
 -2.91038304567337e-10  3.492459654808044e-10  3.201421350240707e-10     0.9999999995343387                      0
 5.820766091346741e-11  1.164153218269348e-10   2.91038304567337e-11                      0                      1
