7
2

 1.18868060745615e-05
2.011312268025136e-05
4.980362704836415e-05
8.043075704571017e-05
0.0001236778970869834
  0.01819194065397723
   0.2783859523407314

-0.07851157771440651   0.3948575107770603   -0.245347843565386  -0.4682163679930837   0.6621915938427801  -0.3384516604733388  0.07385196893595004
 -0.3432312365782302    0.530873956605265  -0.4774947770045663   0.4053796224827867 -0.06014966509634494   0.2911432414921638  -0.3459030077443039
  0.1376134658763953   0.1619697728780682 -0.01289640611962993  -0.6767514277917667  -0.2149740534729427   0.6681467468783359 -0.06352633582716502
 -0.4798560664901044   0.4695705509067211   0.4208407147983845    -0.11877747830746  -0.4218102123734709    -0.22892332820766   0.3573470457811065
   0.402255122453797   0.1172079005019301  -0.5916048670729531  0.02908770105156168  -0.3636986558632898   -0.156725918330106   0.5628241161051654
 -0.5333444603764809  -0.3648082144383226  -0.1706738111807219  0.06020054496469122   0.2741327375747865   0.3976511593861068   0.5625209289045906
  0.4249275737220472   0.4107395202734367   0.3942132424221663   0.3739919920015586   0.3554168564047088   0.3452110410415212   0.3316077627565037

0.3853562035024212
0.3856486599942507
0.3859208312156745
0.3862478313003279
0.3865571304225561
0.3868047498578366
0.3869162661609917

-0.003020402817167721
   0.3850275054574013

 350.6028561796361 -1197.150002483655  883.6700944274945  734.8908311766802 -1157.395996610448  272.3523269721626  111.8177678835113
 954.4458187549496 -3292.268410574418  2326.430026298748  2344.886310427844 -3686.401024347248  1135.287251600746  215.3056079070829

-2.700823165760753e-07 -3.113642881701957e-07 -5.722557834293175e-07  1.295243231819456e-07 -9.101015346826907e-07 -0.0009662089652304231    0.01568309032512999
-8.270139873183599e-07 -7.111255412162941e-07 -1.194237895529448e-06  4.437455945815419e-07 -3.989220209511904e-07  -0.000628824329168961     0.0376230075438346

cov:
 0.01408758297731467  0.01359059829574117  0.01301209512800932  0.01230543587480801  0.01165596943001145  0.01129807701887891  0.01082100419903985
 0.01359059829574117  0.01311862195780212  0.01256912088384095  0.01189756763639716   0.0112804577804042  0.01094067705732187  0.01048775788986756
 0.01301209512800932  0.01256912088384095  0.01205326711948852    0.011422439192302  0.01084286871979147  0.01052409234313483   0.0100991809175497
 0.01230543587480801  0.01189756763639716    0.011422439192302  0.01084095005325873  0.01030683137960977  0.01001348643442754 0.009622495968797294
 0.01165596943001145   0.0112804577804042  0.01084286871979147  0.01030683137960977 0.009814602717853385 0.009544693837043657 0.009184952645309887
 0.01129807701887891  0.01094067705732187  0.01052409234313483  0.01001348643442754 0.009544693837043657 0.009287909331215288 0.008945668293575773
 0.01082100419903985  0.01048775788986756   0.0100991809175497 0.009622495968797294 0.009184952645309887 0.008945668293575773 0.008626775800045118

cov.inverse():
 388648885.2526051 -692587304.3689693  493970472.9900784 -111750974.8607131 -307117567.3823088 -9032248.528881326  237215239.6985031
-692587303.9238731  1845668736.844764 -1287076984.884644  -829060259.237825  1724142656.955821  -537937674.328365 -221443226.3467551
 493970472.8748453 -1287076985.434485  1039959173.915209   329192966.110089 -1091093795.276217  231735461.6569591  281857062.2224892
 -111750975.943528 -829060256.8764588  329192964.1959359  2144643415.376772 -2188887898.450988   1234892701.23823 -579506155.8515365
 -307117566.225516  1724142654.872442 -1091093793.395467 -2188887899.426891  3167120933.073924 -1668714306.132765  366365985.1770345
-9032249.243580434 -537937672.4725929  231735460.3405394  1234892700.508375 -1668714304.762752  1209925339.053516  -461368101.296186
 237215240.0095622 -221443227.4848707  281857062.9072232 -579506154.7839803  366365983.7878033 -461368100.8331099  376444093.3349634

cov*(cov_.inverse()):
     1.000000000465661 -4.656612873077393e-10 -4.656612873077393e-10 -9.313225746154785e-10 -4.190951585769653e-09                      0                      0
-2.328306436538696e-09      1.000000000931323 -2.328306436538696e-09 -2.793967723846436e-09  3.259629011154175e-09                      0 -4.656612873077393e-10
                     0                      0      1.000000001862645                      0  5.122274160385132e-09                      0                      0
                     0 -1.396983861923218e-09  4.656612873077393e-10     0.9999999944120646  1.862645149230957e-09                      0  4.656612873077393e-10
-4.656612873077393e-10 -3.492459654808044e-09  1.396983861923218e-09  1.862645149230957e-09     0.9999999976716936  9.313225746154785e-10 -9.313225746154785e-10
-9.313225746154785e-10  3.492459654808044e-09 -1.396983861923218e-09 -2.793967723846436e-09   6.05359673500061e-09     0.9999999986030161                      0
-1.396983861923218e-09 -1.862645149230957e-09  9.313225746154785e-10  9.313225746154785e-10  2.793967723846436e-09  9.313225746154785e-10     0.9999999986030161
