5
2

5.347085686628466e-05
9.076761308838124e-05
0.0001286749641629139
  0.02052767956670287
   0.5191706338520384

  0.1296616744926181  -0.6490173470310244   0.7340711236286513   -0.112468896905915  -0.1022480616144718
   -0.10296440058533   0.2749891553639661   0.1983130272525121  -0.8199448860707711   0.4496016277468868
  0.5358861249557737  -0.4899475335906779   -0.469807814498529 -0.07286088770946977   0.4967387481227938
 -0.6983941074272226  -0.2528915004528306  0.03132725491360564   0.3295766546765379   0.5819702668534272
  0.4445873526886391   0.4462675778186788   0.4473373997467764   0.4484547365895096   0.4494050899081842

0.4028925055793142
0.4029182438072488
0.4028934796335508
0.4028976634359215
0.4028558364715772

0.0004598461425361077
   0.4031385695625976

  0.8140309609866511    3.453490739397577    -1.99059658996225  -0.1091170288602294   -2.167893602236135
  0.6835402708480588   0.7599520142071629 -0.06370809131109798   0.6667562148678902   -1.046446152710973

-9.615637444640228e-09 -3.411863846693376e-09 -2.300678943014261e-08  -0.001180657153472748  -0.002850622752292232
-1.198981744127552e-09 -7.342573174985644e-09  -9.01537282297621e-09 -0.0004470121810867931     0.1194776481893247

cov:
0.05348188549096311 0.05355211421426193 0.05359667155230446 0.05364279694876389 0.05368240712371296
0.05355211421426193 0.05370675771001814 0.05380515182510566 0.05390776509965913 0.05399518137892986
0.05359667155230446 0.05380515182510566 0.05393789961405408 0.05407655255724178 0.05419447040402903
0.05364279694876389 0.05390776509965913 0.05407655255724178 0.05425303859450082 0.05440295604986541
0.05368240712371296 0.05399518137892986 0.05419447040402903 0.05440295604986541   0.054579978928323

cov.inverse():
 24512425.10303092  -48726686.5431762  15606011.05773157  2788110.384279581  5820437.256828289
-48726686.53365331  171002335.0589947 -146111356.5286533  318346.2008570026  23517274.36455368
 15606011.04595493  -146111356.514385  206574123.1380874 -46545194.33685869 -29524344.17300497
 2788110.378472371  318346.2180384225 -46545194.34940529  86348300.64289899 -42908999.44355874
 5820437.264889251  23517274.34262682 -29524344.15796667 -42908999.44473109  43095638.29498102

cov*(cov_.inverse()):
     1.000000000058208 -4.656612873077393e-10                      0  4.656612873077393e-10                      0
 1.164153218269348e-10      1.000000000232831  9.313225746154785e-10  9.313225746154785e-10                      0
-1.164153218269348e-10 -4.656612873077393e-10      1.000000000698492                      0                      0
 5.820766091346741e-11  9.313225746154785e-10  1.396983861923218e-09                      1 -4.656612873077393e-10
 1.746229827404022e-10 -6.984919309616089e-10 -2.328306436538696e-10  4.656612873077393e-10      1.000000000465661
