5
2

7.278778013496965e-05
9.042700214742501e-05
0.0001400836167685315
  0.01792982350235503
   0.5170159195458151

-0.02678604569829095   0.1794623276641229  -0.5105780854914949   0.7456706939420742   -0.387764123555815
 -0.1778095497172677   0.6546080125512419   -0.532779021531875  -0.3287010191082133   0.3846742364466533
   0.644122998118434  -0.4562381111644319  -0.5046481700505366 -0.03149567427700756    0.348267994772004
 -0.5951765784392684  -0.3633412400136413 -0.02925759056357257   0.3661114951565468   0.6155114542324351
  0.4455745454550085   0.4462191749348624   0.4471361657151394   0.4482200930895917   0.4489095341194427

0.3951672574874652
0.3952154432892688
0.3953099309212842
0.3952799093142432
0.3952637573267807

0.000224740562476105
  0.3953799307610333

 0.9307155611187634 -0.6086221365112313   3.780046433673898  0.9857750560894799   -5.08783373048458
  1.076456328165655  0.1497156133403959  0.2538659855095927 0.05844833618273099 -0.5384887979393366

 3.410781174239057e-09 -3.973235116815934e-08 -5.560097585312747e-08  -0.001033268772273235  -0.002355794611243801
 6.400361899909109e-10 -3.720623459766798e-09  6.035614835365763e-09 -0.0003255145327981113      0.118797267817764

cov:
0.05318382501475154 0.05321622957871927 0.05326152612660418  0.0533149837269388 0.05334938386708876
0.05321622957871927  0.0532660535814379 0.05333639963337712 0.05341950344841493 0.05347260560745278
0.05326152612660418 0.05333639963337712 0.05344286538164524 0.05356869079176516 0.05364874453952677
 0.0533149837269388 0.05341950344841493 0.05356869079176516 0.05374509582738777 0.05385704591165495
0.05334938386708876 0.05347260560745278 0.05364874453952677 0.05385704591165495 0.05398913292793105

cov.inverse():
  25145811.7269486 -30116737.25939646 -2397961.094641136  2343119.286186829  5026214.641308824
-30116737.25827476  69090996.36436234 -48213268.53280815 -323842.6624088866  9562226.419848885
-2397961.092111535  -48213268.5360663  96896108.24094327 -49634243.46294326  3349155.682854764
  2343119.27524517 -323842.6485429783 -49634243.46344683  118212835.5758796 -70596920.48580955
 5026214.648599176  9562226.410362819  3349155.682629756 -70596920.48338869  52658781.86250687

cov*(cov_.inverse()):
     1.000000000058208  1.164153218269348e-10  9.604264050722122e-10  4.656612873077393e-10                      0
 1.746229827404022e-10     0.9999999999417923  4.656612873077393e-10                      0                      0
-1.164153218269348e-10  4.074536263942719e-10      1.000000000844011 -4.656612873077393e-10                      0
-1.746229827404022e-10  5.238689482212067e-10 -2.328306436538696e-10      1.000000000931323                      0
-2.328306436538696e-10  1.164153218269348e-10                      0                      0                      1
