7
2

4.238824717999185e-05
5.419941468542815e-05
6.040565024873285e-05
8.829325916377933e-05
0.0001756829781366486
  0.02385300328837734
   0.6829301386855736

 0.004733417819457784  -0.01673401125002065   -0.1361309295716673   0.05062639397705604    0.4610134225134984   -0.7733634059167316    0.4098518909573656
-0.007264481823835897    0.2061880424283362   -0.7180847274763542    0.6422884607703953   -0.1596623217907538   0.05760121869426992  -0.02106225047637727
  0.04157146671251488     -0.36046443758779    0.4287971197696802     0.483050989454232   -0.5753660408899242   -0.2536699785092671    0.2360877697979409
  -0.3458927310240119    0.7432218107269492   0.09878170741364456   -0.2127602278426212    -0.415163202743917    -0.148467169123651    0.2802709995578028
   0.6700418522437414  -0.08680400901429652   -0.3226297845115574   -0.3989044420920827   -0.3295991692943678   0.05761591002450348    0.4102914122895633
  -0.5369167454599697   -0.3542759321699886    -0.160335131254819  -0.06713274796413592   0.08266814158178096    0.4060228263990617    0.6199243945646731
   0.3759244319356612     0.376625571656334    0.3773599957180968    0.3777112238995669    0.3782834483673879    0.3795076482026298    0.3803199217334092

0.4223400070571334
0.4223961321717999
0.4224073337310844
0.4224817515746278
0.4224651948223053
0.4224354271206828
0.4224151280094517

0.000231562177353748
  0.4225587857357446

  0.2267337435406755    1.588684306247709    1.523458135190412  -0.6917395032768801   0.1413961848109061  -0.8568016459497309   -1.931732545463342
   1.930719910195232   0.3463822062633955   -1.385734663012637   -1.161178559107144 -0.08129668549293984    3.784047264276917   -2.432727916775447

-5.962407712399362e-10 -3.653139485303678e-09 -2.058668476262373e-09  7.227233562199538e-09 -3.364542649622637e-08  -0.001374686970828734  -0.004273583920253041
-6.877620912385742e-09  1.729768376049004e-09 -9.805039294186068e-09 -1.177224132512204e-08  4.384499822657167e-08 -0.0004765851467704604     0.1748308854583558

cov:
0.06607439280809431 0.06614150965777578 0.06621102586051317 0.06624413335878393 0.06629870033113941 0.06641456433489804  0.0664916412513776
0.06614150965777578 0.06622786280661164  0.0663177710997591 0.06636067860833131 0.06643099716337379 0.06658085626532619 0.06668042126388816
0.06621102586051317  0.0663177710997591 0.06642934124669701 0.06648265208463186 0.06656969607819692  0.0667556517406359 0.06687909473027133
0.06624413335878393 0.06636067860833131 0.06648265208463186 0.06654096932934649 0.06663604789735435 0.06683935021946408 0.06697426755504737
0.06629870033113941 0.06643099716337379 0.06656969607819692 0.06663604789735435 0.06674405369490018 0.06697524050673717  0.0671286050357555
0.06641456433489804 0.06658085626532619  0.0667556517406359 0.06683935021946408 0.06697524050673717 0.06726662478859755 0.06745980922752874
 0.0664916412513776 0.06668042126388816 0.06687909473027133 0.06697426755504737  0.0671286050357555 0.06745980922752874 0.06767934246011585

cov.inverse():
 30397749.17012398 -39521391.07686811 -5084303.500854448  4828746.539810704   6319428.76083521  2767970.106396826  292518.4058701554
-39521391.09238259  121339165.4387152 -81169660.28386855  -22271439.1500529  2685718.069060555    21988638.823285  -3052270.68334189
-5084303.430347139 -81169660.62140977  240862985.5733201  -102601775.881009 -65329350.59745072  12219091.63046871  1102874.001877575
 4828746.442838911 -22271438.46804046 -102601776.8043334   216770896.029958 -82498946.56580959  -39471125.6109269  25245419.44481764
 6319428.747076537  2685717.705210999 -65329349.85613931 -82498946.45867895   243320489.194467 -154268943.6177786  49769821.65002316
 2767970.265894265  21988638.69390504   12219091.5782372 -39471126.66633166 -154268942.3010858  354571413.8358972 -197805875.6695636
 292518.3021100549 -3052270.550092218  1102873.969076785  25245420.05480932  49769820.80416546 -197805875.4303808  124447026.3029294

cov*(cov_.inverse()):
    0.9999999999563443  1.455191522836685e-10 -1.891748979687691e-09 -4.656612873077393e-10  4.656612873077393e-10  1.862645149230957e-09  9.313225746154785e-10
-1.236912794411182e-10     0.9999999992724042  4.365574568510056e-10 -1.629814505577087e-09  1.396983861923218e-09                      0 -1.862645149230957e-09
-2.619344741106033e-10 -4.656612873077393e-10     0.9999999994615791 -4.656612873077393e-10 -3.259629011154175e-09  1.862645149230957e-09 -9.313225746154785e-10
-8.003553375601768e-11  1.688022166490555e-09 -4.132743924856186e-09      1.000000002561137  4.656612873077393e-10  3.725290298461914e-09 -1.862645149230957e-09
 1.382431946694851e-10 -8.440110832452774e-10  -1.06228981167078e-09 -9.313225746154785e-10      1.000000002793968 -3.725290298461914e-09  9.313225746154785e-10
-8.731149137020111e-11  -2.91038304567337e-11  1.455191522836685e-10 -9.313225746154785e-10  1.862645149230957e-09                      1  1.862645149230957e-09
 1.200533006340265e-10 -1.164153218269348e-10 -7.712515071034431e-10  6.984919309616089e-10 -9.313225746154785e-10                      0                      1
