5
2

0.0001065094224583854
0.0001407643501978791
0.0001566194352365528
 0.008209231466024562
   0.5754068717917977

  0.0436612588336226  0.08095251131687264   0.4378825866175078  -0.8476392933202731   0.2851435676027489
 -0.4783100976909726  -0.1605146786831211   0.7548170996235201   0.2326738396733917  -0.3486667733261721
  0.5386945837650952  -0.8208526459361725   0.1734753806678841  0.05651731851312262  0.05216477826996588
 -0.5286760618936394  -0.3067600122534582 -0.09209654776628735   0.1551294318157692   0.7706185838253187
  0.4467917993055595   0.4469686313161016   0.4471403634707586   0.4473378643081218    0.447828606951586

0.4015044769427957
0.4016950561808854
0.4016968492683483
0.4016994032793575
0.4017055568374358

-7.519979327266871e-05
    0.4016820334980302

-1.161603948328322   1.33649570627425  3.890909345188066  6.076108808858829 -10.14187563638636
0.8276744147499235  0.322506096674658 0.5137862016384772  0.539288851673861 -1.203259207560881

-7.125330290907888e-08  1.630323927055992e-07 -3.025688182323228e-08 -0.0004735697166493312  -0.001850592716635573
-5.819615541046311e-09  9.613599816723677e-09  5.837428353271607e-09 -9.619567141465225e-05     0.1476917533281066

cov:
0.06611260985676645 0.06613084111546651 0.06614860195042428 0.06616901271787057 0.06621968531790959
0.06613084111546651 0.06615244889435343 0.06617340288468948 0.06619752261073805 0.06625742570131875
0.06614860195042428 0.06617340288468948 0.06619751436494908 0.06622520428467696 0.06629403318236601
0.06616901271787057 0.06619752261073805 0.06622520428467696 0.06625705061752092 0.06633615573139259
0.06621968531790959 0.06625742570131875 0.06629403318236601 0.06633615573139259 0.06644089154140202

cov.inverse():
 23548497.23504563 -13838030.22058721 -12725024.81647574 -7638974.677898342  10653553.81977074
-13838030.22266789  29348137.77621538 -8794624.731108138 -9825580.501127671  3110137.835538346
-12725024.82536389 -8794624.726537224  46882991.75553616 -23455491.99255885  -1907847.78209362
-7638974.661801515 -9825580.511920217 -23455492.00332122  66198098.05197457 -25278107.62860487
 10653553.81464274  3110137.839679291 -1907847.775648467 -25278107.63406297  13422271.73218574

cov*(cov_.inverse()):
                     1  -2.91038304567337e-11 -7.275957614183426e-11                      0  1.164153218269348e-10
 1.164153218269348e-10     0.9999999999126885 -5.820766091346741e-10                      0                      0
-2.328306436538696e-10 -2.328306436538696e-10     0.9999999994179234  6.984919309616089e-10 -1.164153218269348e-10
-2.328306436538696e-10  -2.91038304567337e-10  7.275957614183426e-11                      1                      0
                     0  5.820766091346741e-11  1.746229827404022e-10 -2.328306436538696e-10                      1
