5
2

0.0002157070268487796
0.0002371590963380003
0.0002605886303088355
  0.01994630399702243
   0.5183425776309267

   0.2058352571866137 0.0006342279904859785   -0.1991874468695793   -0.6811150712997498    0.6738234674688113
  -0.3262273845164765    0.3726191397633474    0.6730953098122755   -0.5061268205639521    -0.213328422129129
   0.1973871715083194    -0.806564527749236    0.5508931113893278   -0.0224035365019673   0.08066491478076793
  -0.7842095106158586   -0.1048126939245301   0.05978893771974637      0.28004133865708     0.540399735585995
   0.4441410682137382    0.4467913788400735    0.4474473462525238    0.4483222405251799     0.449348657839547

0.3978682925732591
0.3979605112172097
0.3979487790618521
0.3979370599543363
0.3979071301130783

0.0002917861692597936
   0.3980911428748787

   1.841385554620018   0.6594902240404413   0.3751625422865278   -0.623584279005831   -2.252431091236285
   1.270316307493088  0.07416204422499534 -0.01748168824538551 -0.09007005154945508  -0.2369130226425281

-3.667901748297346e-08   3.90150073555554e-08  -8.79406953592526e-09  -0.001146843811839539  -0.003046447015096134
 7.757195572500135e-09 -1.700929986073943e-08  1.115053841222148e-08 -0.0004608209897371955     0.1189376263761681

cov:
0.05324465651700477 0.05334892055648687 0.05337585283766787 0.05341154539916989 0.05345280592564149
0.05334892055648687 0.05363881165379846 0.05371062427190842 0.05380647170894147 0.05391882992708086
0.05337585283766787 0.05371062427190842 0.05379346393137022 0.05390382106787554 0.05403341228187216
0.05341154539916989 0.05380647170894147 0.05390382106787554 0.05403379559279792 0.05418638909031677
0.05345280592564149 0.05391882992708086 0.05403341228187216 0.05418638909031677 0.05436632581363621

cov.inverse():
  3378041.85451773 -4502725.088962262 -3184032.371639324 -143137.3704447974   4451580.64489112
-4502725.088663198  12048676.83461095 -2086757.116342748 -3096345.030470851 -2362361.272173034
-3184032.371936201   -2086757.1162597  13376994.41585246 -3322915.332675259 -4783050.920824147
-143137.3706381475 -3096345.029102684 -3322915.333979546   14532468.3541557 -7970211.870386573
 4451580.645082287 -2362361.273325176 -4783050.919733702 -7970211.870516066  10663748.83021077

cov*(cov_.inverse()):
     1.000000000058208  -1.01863406598568e-10 -8.731149137020111e-11  5.820766091346741e-11                      0
 5.820766091346741e-11      1.000000000058208 -8.731149137020111e-11  5.820766091346741e-11                      0
 8.731149137020111e-11  4.365574568510056e-11     0.9999999999708962  1.746229827404022e-10                      0
 5.820766091346741e-11  4.365574568510056e-11 -5.820766091346741e-11                      1  1.164153218269348e-10
 8.731149137020111e-11  1.455191522836685e-11 -5.820766091346741e-11                      0      1.000000000116415
