8
2

4.145993566655893e-05
4.672530705530024e-05
5.431852149904644e-05
6.330585600936932e-05
9.235500861076119e-05
0.0001780952720262342
  0.02447693565436032
   0.7303578459552051

 0.007273915940384517  -0.01123767666454891   -0.1023966896270846   0.02377117167409594    0.2720475725891963    0.2641613842131801   -0.8359453497543691    0.3823282721480052
 0.004263773791903501  -0.01171810553477954    0.1885217721813008  -0.06374990444308427   -0.6539888339735691    0.7175050160618397  -0.06416224591277256   -0.1166548777217075
-0.004371066989942072    0.1875058501957557   -0.6864193401854509    0.6637439542229421   -0.2240211896980931   0.03956842763068017   0.03497479796474761  -0.01097780378821774
  0.06454276126334493   -0.4568207615050748    0.4525304843241968    0.5188971776963871   -0.3292330685030205   -0.3535649603624507    -0.140968599493665    0.2446143146409019
  -0.3671109947564848    0.6974441162482893    0.1750220368020397   -0.1056655435920918   -0.3434935887054705   -0.3074609962704937   -0.0899198480313151    0.3411709439433825
   0.6568791048728221  -0.06826825066135842   -0.2969554395662286   -0.3748694888166015   -0.3066515845014124    -0.157496669358671   0.09134876030536265    0.4560204267945661
   -0.553120513472124   -0.3752202504358812   -0.1862600909231599  -0.09549125632496244   0.05048411006582791    0.2096224762880228    0.3654897442959492       0.5739190523185
   0.3514841288145656    0.3521557367859637    0.3528612214719901    0.3531991541739653    0.3537472704183401    0.3543337772546791    0.3549229037731644    0.3557031563783514

0.4224745762967528
0.4225302732546399
0.4225434342859526
0.4226186531682588
0.4226021920957765
0.4225867488433241
0.4225735118531947
0.4225545512925841

0.0002201325453344352
    0.422691696796956

 0.2055623316032548   1.507319749079336   1.586275585797967 -0.5143580008332064  0.7469187736167522  -1.363292509633299 -0.3099534047170245  -1.858507937910391
  1.821318226678347   0.524331541832854  -1.400373783727247  -1.104528476413503  0.7227609103650188  -2.376374512589604   5.570060995670914  -2.757035292035138

-1.372541322942774e-09 -1.997466214001831e-09  -4.01335131277743e-09 -1.599806768141721e-09  7.371060935672438e-09 -3.604012017232588e-08  -0.001410094461064011   -0.00469373751967473
-1.034275631443242e-08 -5.251752881991407e-09   8.48589290920993e-10 -8.761440457022691e-09  -1.18595171314552e-08  4.423643227688774e-08 -0.0005068619556341262     0.1869409806665414

cov:
0.06608291997145668 0.06614986726713307 0.06621951669902684 0.06625279531092297   0.066307189187198  0.0663644199103489 0.06642322733172026 0.06650045241467756
0.06614986726713307 0.06623604397428054 0.06632608433186839 0.06636915835809798 0.06643930474190329 0.06651370418227505 0.06658933143192984 0.06668904586049122
0.06621951669902684 0.06632608433186839  0.0664377919918421 0.06649126756476055 0.06657814553676954 0.06667078031799661 0.06676427282660709 0.06688787388219011
0.06625279531092297 0.06636915835809798 0.06649126756476055 0.06654974662245645 0.06664465876935442 0.06674605328294343 0.06684812737183229  0.0669832020455982
  0.066307189187198 0.06643930474190329 0.06657814553676954 0.06664465876935442  0.0667525044188083 0.06686798601997299 0.06698386393571858 0.06713739461357442
 0.0663644199103489 0.06651370418227505 0.06667078031799661 0.06674605328294343 0.06686798601997299 0.06699882887953863 0.06712975086011219 0.06730339953884394
0.06642322733172026 0.06658933143192984 0.06676427282660709 0.06684812737183229 0.06698386393571858 0.06712975086011219 0.06727541933201657 0.06746877880850737
0.06650045241467756 0.06668904586049122 0.06688787388219011  0.0669832020455982 0.06713739461357442 0.06730339953884394 0.06746877880850737 0.06768849944464292

cov.inverse():
 30490147.90597031 -39137081.67820462 -5443046.529642551  4134018.531029806  3336901.825440199  6737615.044092692 -223166.6028514815  105357.6687688011
-39137081.66374619  121300864.9497719 -80596981.11611764 -24613142.10036602 -2403666.728814937  12436721.65037674  16551323.25597088 -3538752.143489056
-5443046.519339825 -80596981.41821361  239540587.9071606 -101403584.8950453 -61913277.25292561 -7743807.804763904  17502066.94221775  57833.48487437629
 4134018.469604358 -24613141.71242226  -101403585.444898  224430781.1583672 -62286057.96843889 -48504670.28155167  -20036903.4628943  28279678.12006485
 3336901.777929219 -2403666.285758146 -61913277.49321134 -62286058.24449205  299810615.0828043 -133172987.0186827 -101418722.3621015   58043070.9966085
 6737615.147309075  12436721.12150828 -7743807.131470324  -48504670.9651979 -133172986.1005747  319985133.8412673 -133859238.8525399 -15872166.93275849
-223166.5700704076  16551323.00166895  17502066.81488866 -20036902.14573045  -101418723.969023  -133859238.137128   415005601.040373 -193522414.6431069
 105357.6169484654 -3538751.874776041  57833.43726595274  28279677.53925842  58043071.56464658 -15872167.16606273 -193522414.5663287  126446445.2308878

cov*(cov_.inverse()):
     1.000000000274667  2.328306436538696e-10  4.572939360514283e-09 -2.328306436538696e-10 -6.984919309616089e-09  3.259629011154175e-09  1.862645149230957e-09                      0
  4.69299266114831e-10      1.000000000407454  4.632966010831296e-09 -2.328306436538696e-10 -2.793967723846436e-09  3.259629011154175e-09 -1.862645149230957e-09                      0
-4.547473508864641e-12   2.91038304567337e-10       1.00000000150203  2.793967723846436e-09  2.793967723846436e-09 -3.958120942115784e-09  1.862645149230957e-09                      0
-1.937223714776337e-10  1.105945557355881e-09  2.195520210079849e-09     0.9999999988358468  9.313225746154785e-10  4.656612873077393e-10 -1.862645149230957e-09  1.862645149230957e-09
-3.838067641481757e-10  1.484295353293419e-09  1.673470251262188e-10  1.862645149230957e-09     0.9999999972060323 -2.328306436538696e-09 -1.862645149230957e-09 -1.862645149230957e-09
 6.821210263296962e-11  8.731149137020111e-11  2.436081558698788e-09  1.164153218269348e-09 -9.313225746154785e-10     0.9999999976716936 -3.725290298461914e-09                      0
 2.446540747769177e-10 -2.037268131971359e-10  7.862581696826965e-10  2.328306436538696e-09 -9.313225746154785e-10  3.492459654808044e-09     0.9999999944120646                      0
 -2.28283170145005e-10  2.619344741106033e-10  1.328771759290248e-09  4.656612873077393e-10 -9.313225746154785e-10 -2.328306436538696e-10                      0                      1
