5
2

6.574901142536778e-05
8.507019992178435e-05
8.777784312731763e-05
  0.01170938341805081
   0.5085690612602962

-0.04435860559888383  0.06866074401012542   0.5618466532121464  -0.7959958719945076   0.2098497709870372
 -0.3456068718020461   0.8264569293417572  -0.4011880404237803  -0.1690587631938195  0.08939868519447638
 -0.6580966568798392   0.1048402926415192   0.5582553881870558    0.346966466243013  -0.3519694533697151
 -0.4961955572594341  -0.3189381105795224   -0.109009257031709   0.1312749847081592   0.7892732802060589
  0.4464156845722451   0.4467008404220602   0.4470395932540562   0.4474269281656927   0.4484820417247266

0.3824417430957704
0.3825423349693111
0.3825174472987781
0.3824896758596434
0.3824089363836132

0.0005625034434941966
   0.3826749937760061

-0.06381692061370109   0.7641202261492153    2.104884127798108    3.444562878481349   -6.249868062601004
   1.347728882691999   0.3636461959110057 -0.03155013471496129   0.2492701496204238  -0.9291207815099184

-1.217110068778028e-08 -9.639239657884023e-09  3.615225331924327e-08 -0.0006748759818871985  -0.002056876230138639
-1.927748144517523e-09  -2.01036653912298e-09 -3.489676639283666e-09 -0.0002031808486081048     0.1150494574298997

cov:
0.05157783844431842 0.05159869691360287 0.05162352855915363 0.05165190449189107 0.05172896705378131
0.05159869691360287 0.05162389890906177 0.05165385008163804 0.05168809444326788 0.05178122519708329
0.05162352855915363 0.05165385008163804 0.05168988691637789 0.05173107568639403 0.05184323563644255
0.05165190449189107 0.05168809444326788 0.05173107568639403 0.05178022819858076 0.05191416746422036
0.05172896705378131 0.05178122519708329 0.05184323563644255 0.05191416746422036 0.05210776652769213

cov.inverse():
 73171232.37928572 -49126261.09784964 -34287544.81792568 -13394182.96316544  23636991.65839777
-49126261.13064818  96899034.08056867 -29295466.03495688 -27228380.91337276  8751296.477094838
 -34287544.7766794 -29295466.07542547  135710888.3365724 -68943669.01714619 -3184246.693988787
-13394182.96423312 -27228380.92219961 -68943669.00472648  166143250.8400491 -56577736.72158957
 23636991.65101768  8751296.493591787 -3184246.705630829 -56577736.71906437  27374014.07215368

cov*(cov_.inverse()):
     1.000000000465661  5.238689482212067e-10  3.492459654808044e-10 -4.656612873077393e-10 -2.328306436538696e-10
 4.656612873077393e-10      0.999999999825377  9.604264050722122e-10  4.656612873077393e-10 -2.328306436538696e-10
 9.313225746154785e-10 -4.074536263942719e-10      1.000000000436557 -1.396983861923218e-09                      0
 6.984919309616089e-10  4.656612873077393e-10  9.022187441587448e-10                      1 -2.328306436538696e-10
 4.656612873077393e-10 -3.492459654808044e-10   4.94765117764473e-10 -4.656612873077393e-10                      1
