6
2

9.612645335099224e-05
0.0001105894240922147
0.0001242656678219167
0.0001511046076602074
   0.0226617053919152
   0.5686408275607513

   0.4245436200407012   -0.7897696482726707    0.2832271274226258    0.2478896236262758   0.05954414619911469   -0.2254201428306013
  0.03602035695259474   -0.0470654961228404    0.2424462750916162    0.1376146904073209   -0.8366884355612255    0.4676770631922474
 -0.05898561352912208   0.06285775707706169   -0.5446994014894067    0.8115018221082336   -0.1165763376074548   -0.1541003309988873
   0.5263832627553332   -0.1582658768256827   -0.6305494120783031   -0.2739373727212374   0.06646000792163054      0.46991637024581
  -0.6106563388977196   -0.4237088195566301 -0.008159172496654224    0.1378115655414168    0.3329000769114207    0.5636387239123338
   0.4062086193317679    0.4068419749481839    0.4082225212247441    0.4087101814576528    0.4093623335151726    0.4101304739197249

0.3980564000553496
0.3981102107129431
 0.398190689387433
0.3981825366590072
0.3981702036714591
 0.398154931013988

0.0001620980070524362
   0.3982602444892159

  0.1816934951799052    1.453137407685302    1.170509751973544   0.8006277212554793  -0.4819614162456898   -3.124135728583789
   1.486830823006144 -0.08317903765014359   0.2527673266506838  -0.5007292038821701  -0.3889028166032648   0.2333304112162645

 1.247675966312843e-09 -8.875560637889049e-09  9.734210720826392e-09  -5.91784848375687e-08  -0.001308123423934687  -0.002762793006071654
 5.254286312029907e-09  5.923728100593762e-09  -9.69097603340972e-09  1.957650694383262e-08 -0.0004836226924573933     0.1310058043339506

cov:
0.05354641682874716 0.05357096646573137 0.05362198023326525 0.05364025949776037 0.05366474187750205 0.05369327969059112
0.05357096646573137 0.05361361880632227 0.05370480506898975 0.05373719596165272 0.05378053788458436 0.05383138113165097
0.05362198023326525 0.05370480506898975 0.05388531115639134 0.05394905358806958 0.05403431955273617 0.05413474467283241
0.05364025949776037 0.05373719596165272 0.05394905358806958 0.05402384687453209 0.05412382487620136 0.05424166906280579
0.05366474187750205 0.05378053788458436 0.05403431955273617 0.05412382487620136 0.05424351386422564 0.05438462596498044
0.05369327969059112 0.05383138113165097 0.05413474467283241 0.05424166906280579 0.05438462596498044 0.05455329587490221

cov.inverse():
 31972956.93497912 -40312703.30066274  1270849.456370577  2379232.502491911  2248572.183129201  2441963.669600423
-40312703.30203327  69036125.34248251 -22987029.12943564 -16514771.31118317 -2804852.453670233   13581907.9458231
 1270849.461811217 -22987029.13771775  50114595.89560424 -10733606.69180629 -12484556.54933149 -5179828.594374859
 2379232.499110035 -16514771.30818857 -10733606.69348734  54131090.38912067 -14740760.86892994 -14520932.26550485
 2248572.181750289 -2804852.445646084 -12484556.55397866 -14740760.87749224  58697532.06515082 -30916110.17753599
 2441963.670291114  13581907.94171594 -5179828.590888287 -14520932.25901075  -30916110.1841001  34592969.26855998

cov*(cov_.inverse()):
     0.999999999650754  1.164153218269348e-10  1.164153218269348e-10  1.164153218269348e-10 -2.328306436538696e-10 -2.328306436538696e-10
-1.746229827404022e-10      1.000000000465661 -1.164153218269348e-10 -3.492459654808044e-10 -2.328306436538696e-10 -2.328306436538696e-10
-8.731149137020111e-11                      0     0.9999999999417923 -2.328306436538696e-10                      0 -2.328306436538696e-10
  2.91038304567337e-11  5.820766091346741e-10 -1.164153218269348e-10     0.9999999998835847                      0 -2.328306436538696e-10
 2.619344741106033e-10                      0 -1.164153218269348e-10                      0     0.9999999997671694                      0
-5.820766091346741e-11                      0                      0                      0                      0     0.9999999997671694
