6
2

 6.30918919010949e-05
7.458701399470514e-05
9.253184216142973e-05
0.0001561850338110806
   0.0141567310170363
    0.565349057881349

  0.01125475581603147   0.01888325167950761   0.06591146873238793   -0.5524741231664569    0.7694087859116444   -0.3129774671769422
-0.008765389090192062 -0.005276224476675101    0.5968025035407651   -0.6194591354926969   -0.3417326285867157    0.3784326772237032
 -0.02309337606647663    0.6994471318869885   -0.5609776853049092   -0.3230987051167868  -0.08265389292507751    0.2903790677770193
   0.6371781849273161   -0.5180325448761396   -0.3833087390732781   -0.1773175585888671   0.06290376580337143    0.3785792563199594
  -0.6538694643551062   -0.2752501764115833   -0.1065248414652338   0.09168712739129035    0.3365817679780585    0.6030345813099472
   0.4070895216585279    0.4077608573550052    0.4080604800122425    0.4084138875268182    0.4088436063069014    0.4093175433258621

0.3989259951708728
0.3990982095571843
0.3990939157587343
0.3990886498682447
0.3990779619311988
 0.399070759797432

8.693102625312096e-05
   0.3991209000122858

 0.1116606287086959   1.573668478660204   2.576729890331245   1.872667926183493 -0.8758072060489375  -5.259069113094164
  1.027951799623886  0.3320371013099704  0.3119528562503114 0.09511586861488554  -0.256207554367466 -0.5108622038824235

 5.506128563480395e-10 -7.357005292063844e-09 -2.061044511682165e-08 -1.002551973296573e-07 -0.0008167094602862655  -0.002325527106681696
-2.045563192524004e-10   5.96326375735207e-11 -1.065079267985002e-09  3.342536458137731e-09 -0.0002369587019888202     0.1298130774726923

cov:
0.05305364903334383 0.05309136518339751 0.05310824209723231 0.05312825398673873 0.05315207808621991 0.05317883153649283
0.05309136518339751 0.05315799212975937 0.05318772467211784 0.05322284838916368 0.05326534212196372 0.05331240916241402
0.05310824209723231 0.05318772467211784 0.05322320738462171 0.05326506135539177 0.05331587666517737 0.05337199835049879
0.05312825398673873 0.05322284838916368 0.05326506135539177 0.05331484034120002 0.05337542901287434 0.05344218901100647
0.05315207808621991 0.05326534212196372 0.05331587666517737 0.05337542901287434 0.05344810544028133 0.05352800609191843
0.05317883153649283 0.05331240916241402 0.05337199835049879 0.05344218901100647 0.05352800609191843 0.05362221845092752

cov.inverse():
 16753487.69353903 -15355198.16068232 -9252801.133214438 -4346537.079962932  4578779.738170641  7622357.158808364
-15355198.15512011  68234347.20538302 -37939791.87540241 -24662057.29085104 -4114302.912018917  13837199.35617259
-9252801.146164417 -37939791.87677425   107891689.383658 -51646223.39721553 -19493059.68329044  10440292.47195608
-4346537.068534689 -24662057.30980194 -51646223.40212212  159136524.8831758 -66074392.44094692 -12408553.33171591
  4578779.73239226  -4114302.84576376 -19493059.73948031 -66074392.46256375   170671559.178972 -85567427.61239769
 7622357.160546239  13837199.31580274  10440292.51873049  -12408553.3225284 -85567427.62972783  66075842.95800917

cov*(cov_.inverse()):
                     1 -5.820766091346741e-10                      0 -2.095475792884827e-09                      0                      0
 5.820766091346741e-11     0.9999999991850927 -1.164153218269348e-10 -1.164153218269348e-10 -9.313225746154785e-10  4.656612873077393e-10
                     0 -1.164153218269348e-10     0.9999999993015081 -1.513399183750153e-09  9.313225746154785e-10 -9.313225746154785e-10
-1.164153218269348e-10 -1.164153218269348e-10 -1.047737896442413e-09      1.000000000698492  9.313225746154785e-10 -4.656612873077393e-10
-5.820766091346741e-11 -3.492459654808044e-10  3.492459654808044e-10 -1.396983861923218e-09      1.000000000931323 -4.656612873077393e-10
-5.820766091346741e-11 -2.328306436538696e-10  1.164153218269348e-10  5.820766091346741e-10                      0                      1
