6
2

3.556731329892175e-05
5.852711622092371e-05
8.999030738397779e-05
0.0001377595256677333
  0.02304037893892444
   0.5739577875200376

0.002631013755895627 -0.02905739037479639   -0.378284742262303    0.813294557824029  -0.4400152339008666  0.03143176342092278
 0.08018184899957596  -0.6211960820616692   0.6928928245352746   0.1181340417383054  -0.3314443344367636  0.06143967596035803
 -0.5330305872414456   0.5505530734247229   0.3178410681154302  -0.1036058879027025  -0.4861235061768623   0.2543551032731222
  0.4815517644596303 -0.06516806308536502  -0.2902251323426893  -0.3707894858954189  -0.3837626161005936   0.6283882604642029
 -0.5591473670560971  -0.3747342306291576   -0.159317532055426  0.09696741973393547   0.3808769314300185   0.6058683725887757
  0.4060843040339243   0.4068043620549143   0.4076328488171088    0.408625264818312   0.4097245433646026   0.4106000500638772

0.3977986693117099
0.3979182250574359
0.3980109253564701
 0.398102959051061
0.3981939320546199
0.3982954756411546

-0.0006780232303961394
    0.3978906711431205

  0.162234651250248  0.3775015878707357  0.9366844292710609    5.15558830870205  -6.160159236887671 -0.4720094989809224
  1.903042861348988   -1.10414056325574  -1.257093935794801   3.704687756525864   -2.53643283813874  0.2899528697381297

 8.252908220876108e-09  1.044523907236595e-08   2.23468628079509e-08 -1.186681770902798e-09  -0.001334431133627878  -0.003227841724187576
 5.883438108537105e-09  4.328353146143354e-09 -8.899018706826394e-09  2.154233941249545e-08 -0.0004677964597491213     0.1333650336649923

cov:
0.05449004911995006 0.05453162620534654 0.05457851481883925 0.05463520388572587 0.05469798924811229 0.05474833276971221
0.05453162620534654 0.05459144452465708  0.0546596155422177 0.05474162811429251  0.0548324661401484 0.05490503844509797
0.05457851481883925  0.0546596155422177 0.05475265431668504 0.05486424346796923 0.05498784755176735 0.05508638374755074
0.05463520388572587 0.05474162811429251 0.05486424346796923 0.05501102943072816 0.05517361944864703 0.05530304808859415
0.05469798924811229  0.0548324661401484 0.05498784755176735 0.05517361944864703   0.055379401106841 0.05554305269669586
0.05474833276971221 0.05490503844509797 0.05508638374755074 0.05530304808859415 0.05554305269669586 0.05573385418408386

cov.inverse():
 49186442.82874487 -52492163.79902626 -12852233.49801444  1867390.269058666  13585072.11603505  706264.5942416351
-52492163.82612886  150973478.0485209 -94361261.83246805 -45874914.99848667  38482849.12703595  3269865.912287306
-12852233.33011339 -94361262.12923592  270190093.8233875 -217700357.7209872  51323293.61420369  3401753.421229886
 1867390.023459609 -45874914.51742157  -217700358.027399  535514067.4150269 -280600602.0096527  6794913.548054824
 13585072.21865005  38482848.90788179  51323293.88322045 -280600602.2267667  222062324.7334861 -44852950.83059432
 706264.5964276462  3269865.920041566  3401753.329754857  6794913.694228265 -44852950.89523313  30679776.03347817

cov*(cov_.inverse()):
      1.00000000034197   1.01863406598568e-09 -1.891748979687691e-09  2.270098775625229e-09  1.862645149230957e-09                      0
 2.619344741106033e-10     0.9999999999417923  1.688022166490555e-09 -3.492459654808044e-10  1.862645149230957e-09                      0
 4.147295840084553e-10 -8.149072527885437e-10      1.000000000523869  2.328306436538696e-09  4.656612873077393e-10                      0
 2.619344741106033e-10  2.182787284255028e-09  1.367880031466484e-09      1.000000001338776  1.396983861923218e-09 -2.328306436538696e-10
 5.020410753786564e-10  1.455191522836685e-10  1.746229827404022e-09  4.074536263942719e-10      1.000000002793968                      0
 2.110027708113194e-10 -5.820766091346741e-11   1.33877620100975e-09  2.037268131971359e-09  9.313225746154785e-10                      1
