5
2

4.581991877656357e-05
6.922415251782332e-05
0.0001453430448358175
  0.02205143070143796
    0.577784885125183

-0.002524928290116435   0.02834179499003803   -0.5090936364882508    0.7998637886021277   -0.3165943087992777
  -0.1413238245706103     0.577921686745583   -0.6273025845246657   -0.2469607993307414     0.437648182494195
   0.5334146741733746   -0.6138963507949514   -0.3567776045317188  -0.02190280792193517    0.4591623501191032
  -0.7060173951650055    -0.299315006117154    0.1394141905867596    0.3121242887398359    0.5432237814006292
   0.4438799662597962     0.445808326794838    0.4478711434145886    0.4486947499812748    0.4497888077190663

0.4218821406383125
0.4219520237152913
0.4219954181766293
 0.421982377223736
0.4219644667357166

0.0002136193410261907
   0.4220990318772699

 0.6721861139930846   2.717410389950646  -1.020868409565513 -0.4653657563069014   -1.90338167166754
  1.810405219874966  -1.138435350156531  -1.493703471411497   3.787118777964142  -1.965195922339753

 1.732913628368357e-09  6.698059076395761e-09 -3.821862299290011e-08   -0.00126889766544781  -0.004116296154144084
 9.185048975691005e-09 -8.491922103550485e-09  2.560735608974603e-08 -0.0005014174663084841     0.1476985005344146

cov:
0.06601778182528978 0.06616389254144897 0.06631894928658122 0.06638170370696889 0.06646449002451164
0.06616389254144897 0.06639170658936906 0.06663484630863309 0.06673228028748129 0.06686146501691113
0.06631894928658122 0.06663484630863309 0.06697301354244173 0.06710785862081836 0.06728709919704511
0.06638170370696889 0.06673228028748129 0.06710785862081836 0.06725744151681877 0.06745639290964182
0.06646449002451164 0.06686146501691113 0.06728709919704511 0.06745639290964182 0.06768172361723084

cov.inverse():
 17641132.64028754 -32578974.87842082  10103345.79919179   5767822.09882434 -932780.6184669859
-32578974.87579025  87921443.88036588  -72158197.9241672 -18349803.51156556  35163344.78937275
 10103345.81440437 -72158197.91594337   211592575.434537 -161258000.7538771  11724310.52564711
 5767822.062650933 -18349803.51170945 -161258000.6416868  317486115.6116081 -143648021.3465478
-932780.6001366064  35163344.78392355  11724310.43689354 -143648021.2706767   97692659.2662124

cov*(cov_.inverse()):
    0.9999999997453415 -4.656612873077393e-10 -9.313225746154785e-10  3.725290298461914e-09                      0
 2.037268131971359e-10     0.9999999995343387 -6.984919309616089e-10                      0  1.862645149230957e-09
  3.41970007866621e-10 -1.862645149230957e-09      1.000000002910383                      0  1.862645149230957e-09
 3.274180926382542e-10 -9.313225746154785e-10  1.396983861923218e-09                      1  9.313225746154785e-10
-3.637978807091713e-11                      0  4.656612873077393e-10                      0     0.9999999990686774
