6
2

6.899398507484284e-05
7.908008399002289e-05
9.889003272119653e-05
0.0001454856168171967
  0.01896653439536947
    0.567315886350642

 0.00568589583599315  0.06625105048410185  -0.6228644365490537    0.762541305229723 -0.06243839995017509  -0.1491662381738502
 0.07920450282872317  -0.2543345272884516   0.3335635608973868   0.2948207694367707  -0.7870451253937579   0.3337912975269193
  -0.272649877512625    0.719397659020438  -0.2965765325912271  -0.2485744166434846  -0.3068537788723613    0.405244285075721
  0.6149382881217896   -0.307858352222837  -0.4932154490071569  -0.2910184652495241   0.0320820532074941   0.4450748840082461
 -0.6131814165668377   -0.390985108821607 -0.05492867748087375   0.1347073051222454   0.3376454540524232   0.5796305070917851
  0.4064674818376944     0.40711869814714   0.4080918598684871    0.408637279195286   0.4092291099336196    0.409934989201205

0.3996127947724498
0.3996602564251388
0.3997483227946519
0.3997265388652358
0.3997108538484646
  0.39969098726456

0.0002613903521913121
   0.3998300395378186

  0.9754598364980164   0.5477497535253257    1.367429939546834   0.5100023422682898    1.014905298354179    -4.41547386953154
   1.078401815523522   0.2774521771129131  0.05482838865606039 -0.07658104220686096   0.1260061997234561  -0.4600887908576931

 8.296038347346854e-10 -1.080751088017282e-08 -2.449702544879756e-08  -4.91961927388552e-08   -0.00109191231223643  -0.002830188300746581
-3.461402362349064e-11 -1.514552061292297e-09  -3.09773256763381e-09  7.879013774326599e-09 -0.0003623192550434738     0.1304547909807713

cov:
0.05330953000776664 0.05334569568210445 0.05339887859657642 0.05342840333885231 0.05346106674036109 0.05350003730811195
0.05334569568210445 0.05339978648103121 0.05348002687718594 0.05352482064019552 0.05357382418534685 0.05363228117733749
0.05339887859657642 0.05348002687718594 0.05360121297626516 0.05366909659036994 0.05374281661115177 0.05383074382602714
0.05342840333885231 0.05352482064019552 0.05366909659036994 0.05375002250185731 0.05383768655289747 0.05394224658735381
0.05346106674036109 0.05357382418534685 0.05374281661115177 0.05383768655289747 0.05394029119536857 0.05406264645328673
0.05350003730811195 0.05363228117733749 0.05383074382602714 0.05394224658735381 0.05406264645328673 0.05420624312962936

cov.inverse():
 26478416.11318523 -32142792.62324043 -2579923.022067036   3120007.41356474 -556010.1763718037  5680773.499972336
-32142792.62804639   68665579.1510018 -36878287.27751274 -15430766.76888014  8099574.916886502   7685837.25058354
-2579923.014164316 -36878287.26240646  119780567.4706114 -69732593.13138355  -25251764.9011016  14661144.77989509
 3120007.408614289 -15430766.80264156 -69732593.04440753  146371748.9687261 -39747557.25780556 -24579065.07226004
-556010.1687156537  8099574.915654573 -25251764.96146372 -39747557.18955261  109548828.3171563 -52092853.22528969
 5680773.494169888  7685837.265664221  14661144.77629099 -24579065.09224859 -52092853.21097559  48643429.90592083

cov*(cov_.inverse()):
     1.000000000116415   2.91038304567337e-10 -1.047737896442413e-09 -2.328306436538696e-10                      0 -4.656612873077393e-10
 1.746229827404022e-10                      1  5.820766091346741e-10 -2.328306436538696e-10                      0 -4.656612873077393e-10
                     0  5.820766091346741e-10      1.000000000116415 -6.984919309616089e-10                      0 -9.313225746154785e-10
 2.328306436538696e-10  5.820766091346741e-11  9.313225746154785e-10      1.000000000232831 -4.656612873077393e-10 -9.313225746154785e-10
 2.328306436538696e-10                      0 -8.149072527885437e-10  2.328306436538696e-10                      1                      0
                     0  4.074536263942719e-10 -1.164153218269348e-10 -4.656612873077393e-10                      0                      1
