6
2

6.230911820734401e-05
7.013005403454321e-05
7.104972041156125e-05
0.0001403620628063044
  0.02103244876051278
   0.5701908537000427

 0.05650673123936079  -0.5237849092282515   0.8105432786232628  -0.2200968721302387  -0.1303153673743823 0.007157064524831435
 0.06413820778445982  -0.3964337294086155 -0.08701955481411219   0.8406858526182205  -0.3441487689267447  -0.0772211604620818
-0.05701286869736859   0.3273828498202505  0.06036537233005158 -0.09980262747690212   -0.767118269374605   0.5361856214132753
   0.580385206490087  -0.4752319698006092  -0.4039336882647053  -0.2371061558897974  0.07514935161647329   0.4607368101666622
 -0.6985296061040477  -0.2637365209001548 -0.04590909104711645   0.1079026158724383   0.3207217018361604   0.5708646142107919
  0.4057735993301197    0.407317761849905   0.4080847255487023   0.4086340611865547    0.409388880634218   0.4102753126783888

0.3977868427229829
0.3978221510359361
0.3978660211517853
0.3978447788562429
0.3978135931310824
0.3977753250935867

0.0004161753337731332
   0.3980235085381258

 0.2914725929322386  0.8121215055560933   1.840867869510277   1.348284489185975 -0.2707506979070879  -4.021994811821563
  1.063288113281042 0.05250033700157947  0.4076070364690257  0.0855514196977238 -0.2401195421778358 -0.3688564067753207

 3.078532416041374e-09  5.281169730960083e-09 -8.697906434937706e-09 -6.212836522838087e-08  -0.001211930057431449  -0.003159844471456077
 1.447325522971429e-09  9.588419922816825e-10 -2.066763504644005e-10  4.319463546113995e-09 -0.0004660944009860956     0.1315104132002206

cov:
0.05374718953437624 0.05381653647244142  0.0538504091748675 0.05387535335217455 0.05390917366042283 0.05394882436524352
0.05381653647244142 0.05397031037929463 0.05404645863915256 0.05410125868820931 0.05417638556904144 0.05426458656736078
 0.0538504091748675 0.05404645863915256 0.05414379561882151 0.05421355031038901 0.05430937244070565 0.05442189789590766
0.05387535335217455 0.05410125868820931 0.05421355031038901 0.05429387761058503 0.05440431072078599 0.05453401528350302
0.05390917366042283 0.05417638556904144 0.05430937244070565 0.05440431072078599 0.05453497570169145 0.05468844359805493
0.05394882436524352 0.05426458656736078 0.05442189789590766 0.05453401528350302 0.05468844359805493 0.05486985824950032

cov.inverse():
 19401378.22581068 -30490154.74679536 -1918917.289955362  1902035.662624716  4492461.106429719  6613355.310772163
-30490154.75716836  135314626.5217654 -88679153.55927934 -38823070.77612035 -6241758.260033911  28918127.54537645
-1918917.286470654 -88679153.58288185  179762278.1878332 -57156790.81704035 -31831217.06316702 -174128.1718614992
 1902035.671110181 -38823070.81427346 -57156790.78247891  161004921.6816076 -37176702.17376623 -29750806.74735591
 4492461.116742986 -6241758.183866446 -31831217.18819516 -37176702.17278982  145316025.2928208 -74559218.04593924
 6613355.298861696  28918127.52059149  -174128.101512564 -29750806.74343911  -74559218.0835088  68952664.85627785

cov*(cov_.inverse()):
    0.9999999998835847  2.095475792884827e-09 -1.831722329370677e-09                      0  4.656612873077393e-10  4.656612873077393e-10
                     0      1.000000000465661 -2.139131538569927e-09  2.328306436538696e-10 -4.656612873077393e-10                      0
-1.164153218269348e-10  2.095475792884827e-09     0.9999999993560778  9.313225746154785e-10  9.313225746154785e-10                      0
-1.164153218269348e-10  9.313225746154785e-10 -2.313754521310329e-09      1.000000001629815  4.656612873077393e-10                      0
                     0  1.862645149230957e-09 -2.502929419279099e-09  1.396983861923218e-09                      1 -4.656612873077393e-10
-5.820766091346741e-11  1.164153218269348e-09 -4.620233085006475e-10  2.328306436538696e-10                      0      1.000000000465661
