7
2

 4.83786824360223e-05
5.307310307877562e-05
 5.50344441520308e-05
6.551946909003249e-05
0.0001200544898886805
  0.01974544809596832
     0.68392873632347

  0.04262324918772317    -0.299241010932932   0.08754382730546609    0.5866176042502972   -0.1194754880807168    -0.648113073793594    0.3500414147134072
 -0.06717589383223717    0.3436432372330028   -0.3384385435939381   -0.2250066560997078    0.6822014043773774   -0.4880660587108635   0.09284852132738537
   0.1620700728459518   -0.5627676295143365    0.5743147599548879    -0.424088724602965    0.3680713020794611   -0.1085287028067152 -0.009068300487651263
  -0.3884301443840241    0.4748818273745324    0.5170463659019516    -0.315633878798839   -0.3373328393523031   -0.2413819574984124    0.2908416908112803
   0.5993659728300939  -0.02422110743264574   -0.3031180350889685   -0.4263862417704304   -0.3185171506251404  -0.04036327153348899    0.5132305809961226
   -0.562025264762897   -0.3279361161210315   -0.2154902133667152  -0.03466644495739528     0.162263847084461    0.3553757632302754    0.6134543356165001
   0.3760505347950799    0.3768490809041311    0.3772326434221192    0.3778476012050409    0.3785157756031364    0.3791782040059822    0.3800620814140191

0.4225550499389806
 0.422564639117144
0.4226373525435765
0.4226150576241892
0.4225957825290392
0.4225755541241697
0.4225498583264928

0.0002917989377436721
    0.422733247381924

  1.723896477342008   1.648059682363454 -0.5683272651858281   1.027493300620857  -1.307081898069619  -1.029650484878829  -1.494407668948399
  2.865712849809348  -1.183433778733287   -1.47279372741378   0.690321686526824  -1.826002443950946   4.269544523521802  -2.343388261315569

 1.015056547693761e-09 -3.273572576149006e-10 -5.348936019024907e-09 -1.074566875180036e-09  6.030442171266466e-09  -0.001137380714968026  -0.004655870900258625
-6.125008492738507e-09 -1.071257838689148e-08 -3.399444233479845e-09 -1.610095414303843e-08  1.592563691732653e-08 -0.0004466628760018438      0.174961290326828

cov:
0.06627076415338626 0.06635992725439122 0.06640275488062462  0.0664713035167198 0.06654568492820914 0.06661989337473359    0.06671882089342
0.06635992725439122 0.06647076446594499 0.06652399706640251 0.06660927865113465 0.06670188176820388 0.06679396042605709 0.06691676888677497
0.06640275488062462 0.06652399706640251 0.06658223489772912 0.06667555139825769 0.06677690786876414 0.06687757056802178 0.06701184995935607
 0.0664713035167198 0.06660927865113465 0.06667555139825769  0.0667817997132602 0.06689722893879095 0.06701169620158473 0.06716442256210718
0.06654568492820914 0.06670188176820388 0.06677690786876414 0.06689722893879095 0.06702799280619476 0.06715749134881922 0.06733031004481382
0.06661989337473359 0.06679396042605709 0.06687757056802178 0.06701169620158473 0.06715749134881922  0.0673017410926639 0.06749426380258121
   0.06671882089342 0.06691676888677497 0.06701184995935607 0.06716442256210718 0.06733031004481382 0.06749426380258121 0.06771312885227222

cov.inverse():
 71122728.71904515 -87734588.97494307 -18992192.01469014  4184880.441891965  18527563.49617316  14191679.67006696 -1299690.462477057
-87734588.93914579  237322836.7502153 -101486675.3086569 -57853414.72101349 -6667720.077408399  16850146.42269285 -430885.5504785881
 -18992192.0146796 -101486675.3985415   221489836.227863 -60487555.87838322 -50575028.68817212 -14403522.94125107  24453938.50975257
 4184880.220837008 -57853414.15495902 -60487556.11883768  260204441.1213397 -101751831.6469992 -89316259.19238387   45018932.8615739
 18527563.64772061  -6667720.53903383 -50575028.22453439 -101751831.8059661  249600639.2444894 -78451148.42423752 -30679598.04694599
 14191679.82966465  16850146.25992126 -14403523.47576641   -89316258.628866 -78451148.32785141  281614081.8084009 -130484633.2613594
-1299690.588372732  -430885.366459405  24453938.73121247  45018932.56156968 -30679598.14873756 -130484633.1391495  93420658.75463234

cov*(cov_.inverse()):
    0.9999999991850927  4.911271389573812e-10 -9.313225746154785e-10  1.862645149230957e-09 -2.328306436538696e-09 -1.862645149230957e-09  9.313225746154785e-10
 8.440110832452774e-10      0.999999999661668                      0 -9.313225746154785e-10  9.313225746154785e-10                      0  9.313225746154785e-10
 7.566995918750763e-10 -2.197339199483395e-09     0.9999999983701855 -1.396983861923218e-09                      0  1.862645149230957e-09                      0
 4.365574568510056e-10 -9.458744898438454e-11 -9.313225746154785e-10      1.000000000465661 -1.629814505577087e-09                      0                      0
-6.257323548197746e-10  3.565219230949879e-10 -4.656612873077393e-10  9.313225746154785e-10     0.9999999993015081 -1.862645149230957e-09  9.313225746154785e-10
 7.130438461899757e-10 -4.147295840084553e-10                      0  1.862645149230957e-09                      0       1.00000000372529 -9.313225746154785e-10
-2.182787284255028e-10  6.111804395914078e-10  2.328306436538696e-10                      0  4.656612873077393e-10                      0     0.9999999990686774
