5
2

0.0001155498117791418
 0.000177362313072404
0.0001948011223609815
   0.0200711046044197
   0.5189665746206104

  0.5798118860860673  -0.7947316204867607   0.1545776140964043  0.08720636646884898 -0.02684472051203733
  0.1384321310091207 0.003316120101699725  0.04591408559174261  -0.7870538652901117   0.5993860678460201
 -0.2481713618738307 -0.02801630073279886    0.870223851874678  -0.2528369045588776  -0.3411891108467882
 -0.6204799160771249  -0.4109446861722136   0.1277189775857373   0.3286158419838037   0.5672994181325011
  0.4450509754491088   0.4457916627148035   0.4476560826766352   0.4483596668630625   0.4491960189926226

0.3991719746352351
0.3992158434619067
0.3992662751706832
0.3992501644810753
0.3992248349304403

0.0003093714237905926
   0.3993950844443032

   1.651235337505403   0.9654954213440076   0.1112555000644233  -0.3577918628241007   -2.370133853700601
   1.128279677160654   0.2607740507870019  -0.0379005113345684 -0.07581797669453968  -0.2753313729986012

 3.200651583174715e-09 -2.837864974066556e-08   2.12166283202716e-08  -0.001155881534197525  -0.002686859492010979
  5.89968028634401e-09  1.571541796498792e-09 -7.862144601634574e-09 -0.0004001056434946806     0.1195148933103298

cov:
0.05350066370037754 0.05353705669063012 0.05362588818378815 0.05366001282785859 0.05370060595792587
0.05353705669063012 0.05359131217894475 0.05372597469647118 0.05377719301753865 0.05383809599586156
0.05362588818378815 0.05372597469647118 0.05397850626417228 0.05407363229973308 0.05418674703750623
0.05366001282785859 0.05377719301753865 0.05407363229973308 0.05418522022288366 0.05431777791928567
0.05370060595792587 0.05383809599586156 0.05418674703750623 0.05431777791928567 0.05447353520373919

cov.inverse():
 27411992.74304767 -34313470.68912552  1223377.443217693  1976499.177707148  3702374.371384216
-34313470.69002387  47325958.68248617 -9838632.273260878 -5087386.453103326  1912372.077115933
 1223377.446034149  -9838632.27672087   21812906.1267095 -5937172.522393422 -7260026.132085753
 1976499.176200691 -5087386.451199648  -5937172.52255896   21946294.3474057 -12898040.81188181
 3702374.370972604  1912372.077773877  -7260026.13256383 -12898040.81165009  14543078.47400944

cov*(cov_.inverse()):
     1.000000000058208 -1.746229827404022e-10 -5.820766091346741e-11 -1.164153218269348e-10 -1.164153218269348e-10
 1.455191522836685e-10     0.9999999996362021 -1.746229827404022e-10                      0                      0
 4.365574568510056e-10 -5.966285243630409e-10                      1 -1.164153218269348e-10  1.164153218269348e-10
 8.731149137020111e-11 -3.055902197957039e-10  5.820766091346741e-11                      1 -1.164153218269348e-10
 1.455191522836685e-10 -1.309672370553017e-10                      0                      0                      1
