5
2

7.215091346010995e-05
8.713994597891073e-05
0.0001200682185439232
  0.01393500899084508
   0.5200820222104752

-0.1033263111890367  0.6630854955005322 -0.7262252813714268 0.01848303061929376  0.1479747186143563
-0.1570167390166383  0.3078548724180242   0.346953931895003 -0.8129417875971167  0.3151503455782089
 0.5337028849890737  -0.459224452826409 -0.3897363261205878 -0.2314021800701415  0.5466559792423724
-0.6938277205237348  -0.234914572775195 0.01699380091529028  0.2908208682383477  0.6152663415613034
 0.4454590237853811  0.4466218183311563  0.4472545323102577  0.4479512040539791  0.4487742323633005

0.3989117537528297
0.3990136592833167
0.3989993896057064
0.3989900928952508
0.3989814621297763

0.0001232403761418794
   0.3990555441751988

  1.320397025123623   1.783332136859921    0.65741410086699   1.516414150076644  -5.277604673522356
  1.484149729441635  0.2542962734612815 -0.1939201526643251   0.319267003801629 -0.8638306369551648

-9.593422151290023e-10   -1.7663848886261e-08 -5.199127818908938e-08   -0.00080198468829904  -0.002835820466360911
 1.779019554679701e-10 -5.723984013738171e-09  2.952421984012514e-09 -0.0002973768192512975     0.1199119787781843

cov:
0.05376689630505976 0.05384516332474716 0.05388746058535614 0.05393451197196063 0.05398997060095956
0.05384516332474716 0.05396471047573019 0.05402964885181942 0.05410131773814757 0.05418594115826839
0.05388746058535614 0.05402964885181942 0.05410702816495491 0.05419220542303844  0.0542928406743138
0.05393451197196063 0.05410131773814757 0.05419220542303844 0.05429208762305029 0.05441012203561205
0.05398997060095956 0.05418594115826839  0.0542928406743138 0.05441012203561205 0.05454879894881857

cov.inverse():
 25058162.84078719 -36527027.39628227 -7188223.790728171  7875575.340771915  10781538.12798566
-36527027.39611498  111570657.0827993 -66022108.47245171   -23233661.152142  14211242.87640732
-7188223.790113379 -66022108.49436132  127700727.3588504 -33467331.93742396 -21021756.19889972
 7875575.339199966  -23233661.1110717 -33467331.99234577  90813449.57684176 -41988067.22799607
 10781538.12877551  14211242.85741386 -21021756.16527295 -41988067.24341891   38016661.5036142

cov*(cov_.inverse()):
    0.9999999997671694 -2.328306436538696e-10  2.328306436538696e-10                      0  4.656612873077393e-10
-1.164153218269348e-10      1.000000000465661  4.656612873077393e-10 -4.656612873077393e-10  4.656612873077393e-10
-1.164153218269348e-10                      0      1.000000000232831  4.656612873077393e-10  4.656612873077393e-10
-2.328306436538696e-10                      0  2.328306436538696e-10     0.9999999995343387  4.656612873077393e-10
                     0  3.492459654808044e-10  2.328306436538696e-10                      0      1.000000000232831
