5
2

3.432250080108996e-05
5.562177303337768e-05
8.670996385113767e-05
  0.01531584086836094
   0.2349330440262174

  0.2756582671886523    0.125784132115579  -0.8845668377506238   0.1726010484251894   0.3097438610737377
-0.04213737824623868  -0.2228791303863293 -0.05940065596360198   0.8308859035696154  -0.5046280926713897
  0.5063184832770115  -0.8195308207118472   0.1166068319088163 -0.04117891563677101   0.2381553506738865
 -0.6421829689167295  -0.2112826879796178  0.06355465769825208   0.3173445429987741   0.6619772705366551
  0.5034675650033918   0.4671531922288859   0.4431441344077596   0.4212294283020933   0.3930360681314208

 0.385328847526789
0.3859345730306492
0.3862400641528171
0.3865971047016707
0.3868649578945343

-0.003020402817167721
   0.3850275054574013

-67.92336976613331 -9.827390539496982  318.2991525060865 -261.2517793432859  20.41080641117516
-70.84271905773426 -105.0512945378085  725.8736188824705 -719.1481940161141  169.3913494107449

-4.008695022772781e-07 -7.462975755988156e-07  1.984753862232899e-07 -0.0008140582672061096    0.01322091695091775
-8.793832252466607e-07 -2.164806354041523e-06  1.539969451837308e-06  -0.000530696556519567    0.03174207770230392

cov:
 0.01408717511449051   0.0130131497881601  0.01230458407440227  0.01165738353316765  0.01082202786550449
  0.0130131497881601  0.01205547810127553  0.01142280507012673  0.01084518215261225  0.01010116783291477
 0.01230458407440227  0.01142280507012673  0.01083967414489113  0.01030745129225167 0.009623016843913297
 0.01165738353316765  0.01084518215261225  0.01030745129225167 0.009816848142284333 0.009187028073207724
 0.01082202786550449  0.01010116783291477 0.009623016843913297 0.009187028073207724 0.008628946444421522

cov.inverse():
 99175791.31680349 -22719307.58786438 -198325959.8020762  26297776.49834467  95388702.18834941
-22719307.55625769  118816202.7635138 -102880220.5101908 -36940215.48786168  43467121.74923664
-198325959.8240562 -102880220.4036869  667155995.7442449 -146194932.6943785 -219199065.5255117
 26297776.45616961 -36940215.55321041  -146194932.506814  248662877.2195406 -91447141.70815964
 95388702.22076519  43467121.73967782 -219199065.6280982 -91447141.62837951  171297490.6253699

cov*(cov_.inverse()):
     1.000000000232831  5.820766091346741e-11                      0                      0 -2.328306436538696e-10
                     0      0.999999999825377  4.656612873077393e-10  3.492459654808044e-10 -6.984919309616089e-10
 1.164153218269348e-10                      0      1.000000000931323                      0                      0
 1.164153218269348e-10 -1.746229827404022e-10  4.656612873077393e-10      1.000000000232831 -4.656612873077393e-10
 2.328306436538696e-10  2.328306436538696e-10                      0  3.492459654808044e-10     0.9999999995343387
