6
2

4.547776537926522e-05
5.774804947221147e-05
7.656594375140521e-05
0.0001312670176637831
  0.02233204841526927
   0.5813119473027171

-0.02102537262920969  -0.1121298080518637   0.5296543980331309  -0.7693931586717307   0.3363800323925579  0.03651985340790664
 0.02252082663417233  -0.2740291107012005   0.5891170410963548   0.1451362020069681  -0.7102824400248248   0.2275440814551593
  -0.269099612739881   0.7472205931514888  -0.1261740423332188  -0.3299318791723893  -0.3604575494973505   0.3384408437984672
  0.6749252504131902  -0.2385865156262095  -0.4132445324401817  -0.3134997196693297  -0.1517224692901725   0.4421306994589679
 -0.5534692893587291  -0.3628204798503773  -0.1397346702498353   0.1130281623605838   0.2487505990662237   0.6839992990096111
  0.4059357049930422   0.4067359238712314   0.4076648377206426   0.4087262722685515   0.4092934350646431   0.4111121381096139

0.4057406161601619
0.4057831086303992
0.4057930921466996
0.4057862723268783
0.4058272960744015
0.4057790638461872

0.0002863611091338406
   0.4059591724847854

 0.2221009158168715   0.417294233847921   1.056025045784444  0.4243222964354255   1.787765684118703  -3.907520299439398
 0.8314689241505917  0.6732629028662559  -0.347330409102106  0.4035780446393981 -0.2362968780461217  -0.324622999140774

 1.323796438405597e-09  -5.28436199378519e-09 -1.165477863640985e-08 -4.338703835025075e-08  -0.001297653106512017  -0.003678321861800303
 -1.40389352686408e-09 -7.264651560320587e-10  9.690927361012465e-10  5.339628447951557e-09 -0.0004444282852203525     0.1367071436295703

cov:
0.05583711090335615 0.05589424477199813 0.05596009056509743  0.0560359253964038 0.05607626493209665 0.05620561171869447
0.05589424477199813 0.05596974274935086 0.05605704740239301 0.05615719996236142 0.05621059532546882 0.05638181149945795
0.05596009056509743 0.05605704740239301  0.0561694719335316 0.05629807716660081 0.05636674936909471 0.05658695802982823
 0.0560359253964038 0.05615719996236142 0.05629807716660081 0.05645893045285081 0.05654491359344751  0.0568206407671975
0.05607626493209665 0.05621059532546882 0.05636674936909471 0.05654491359344751 0.05664019757940066 0.05694573240724621
0.05620561171869447 0.05638181149945795 0.05658695802982823  0.0568206407671975 0.05694573240724621 0.05734687534124697

cov.inverse():
 39155210.07804212 -44355232.02555192 -11800499.07449817    11666938.974643  2386707.376089714  2947054.981092141
-44355232.00936142  127141937.8840357 -87484418.21943392 -7925838.874451143 -3715583.135532532  16338032.63849702
 -11800499.1226508 -87484418.14638065   252336776.275137 -156776025.5645762 -27934649.35044348  31661480.45364545
 11666939.03264875 -7925838.909525488 -156776025.7588608  316807801.0320043 -133000812.1405011 -30773943.41413131
 2386707.352187367   -3715583.1817466  -27934649.0567795 -133000812.4276247  229491018.3354977 -67227044.80006319
 2947054.978950206  16338032.66292349  31661480.37916696 -30773943.29835891 -67227044.86364251  47054938.93629099

cov*(cov_.inverse()):
    0.9999999999126885  6.984919309616089e-10  3.492459654808044e-09 -1.862645149230957e-09 -4.656612873077393e-10  9.313225746154785e-10
-1.746229827404022e-10      1.000000001164153  9.313225746154785e-10 -1.862645149230957e-09  1.862645149230957e-09                      0
-1.164153218269348e-10  6.984919309616089e-10     0.9999999995343387 -2.328306436538696e-09  1.396983861923218e-09                      0
 1.164153218269348e-10 -4.656612873077393e-10  1.629814505577087e-09                      1 -9.313225746154785e-10                      0
 2.037268131971359e-10  4.656612873077393e-10  4.656612873077393e-09 -6.984919309616089e-10      1.000000001862645  9.313225746154785e-10
 8.731149137020111e-11  5.820766091346741e-10  1.164153218269348e-09                      0 -9.313225746154785e-10      1.000000000465661
