5
2

 7.55651043091399e-05
8.870865160404747e-05
0.0001531564017857304
  0.01641493547627797
   0.5166607447735008

 0.05641719611974064 -0.09740288318156758  -0.5973374297962345   0.7811083836477088  -0.1427846850667009
 -0.2168433204012194    0.810450455615112  -0.4798988672971354  -0.2291649130773336   0.1154536840980662
  0.6854256181470827  -0.2401860717801163  -0.4547355763421294   -0.359714834897489   0.3692196718404789
 -0.5301427913153379  -0.2766678387462826 -0.07910167660926823  0.08820206465404164    0.792695936893971
  0.4460228886317755   0.4465963448881698    0.447038647655602   0.4474134206245476    0.448991053470318

0.3951444564975398
0.3951929683681053
 0.395299068748251
0.3952882051062052
0.3952427455004713

0.0002220704108673175
   0.3953570279171041

  0.560998661621474 -0.8500164021154474   2.028567524999966   2.713669280674969  -4.453196596926251
  1.039755554865712  0.1549295418050259  0.2012639319353966  0.0885851593223034  -0.484547165617294

 9.468593161919025e-09 -2.297867163420243e-08 -6.929472405629808e-08 -0.0009466805897331055  -0.002098473634917924
 3.524695808702434e-10  -2.14618178715786e-09  8.753441875907179e-09 -0.0002657555209548376     0.1187863123502773

cov:
0.05317949475476466 0.05321154597334812 0.05323598365894498 0.05325670705569621 0.05334391694905116
0.05321154597334812 0.05326102556028436 0.05329901916093582 0.05333122533373481 0.05346678062131258
0.05323598365894498 0.05329901916093582 0.05334759787359339  0.0533887476204931 0.05356198782920994
0.05325670705569621 0.05333122533373481  0.0533887476204931 0.05343748847095675 0.05364264013220189
0.05334391694905116 0.05346678062131258 0.05356198782920994 0.05364264013220189 0.05398220567319283

cov.inverse():
  26562356.0790088  -30312883.3413088 -5965344.253251079  3521124.230600119  6195105.574434184
-30312883.35395924  87589354.22904266 -34578980.38658151 -33242647.07057125  10544760.41050155
-5965344.246445614 -34578980.41378764  100569851.7156269 -60763625.75362023  738052.9065471716
 3521124.241381939 -33242647.06066006 -60763625.78213751  119041327.4185869 -28556145.95930462
 6195105.569497382  10544760.41514614  738052.9146637387 -28556145.96712903  11078296.71233653

cov*(cov_.inverse()):
     1.000000000058208                      0 -5.966285243630409e-10                      0                      0
-5.820766091346741e-11     0.9999999997671694 -8.949427865445614e-10  9.313225746154785e-10 -1.164153218269348e-10
 2.328306436538696e-10 -1.164153218269348e-10     0.9999999997016857  6.984919309616089e-10                      0
 1.746229827404022e-10 -2.328306436538696e-10 -4.001776687800884e-10      1.000000000232831 -3.492459654808044e-10
-1.164153218269348e-10                      0 -2.182787284255028e-11 -2.328306436538696e-10     0.9999999998835847
