6
2

5.601094026242063e-05
6.138476213027531e-05
 6.99121203817156e-05
0.0001500567242550721
  0.01926817689130958
   0.6060341537943388

-0.04529012028645123   0.6374115342121595  -0.7596827359470184   0.0605483241862188   0.1042287948832574 0.002782178501788352
-0.00239587879803624   0.1111507463387997   0.1290813961210721  -0.6923229799723675   0.6679192226115396  -0.2134257903739025
-0.06931771873375477   0.3982288458790733   0.2274839809696687   -0.535468378587227   -0.509425055403435   0.4884870592369194
  0.5876667053960538  -0.4530937991323598  -0.4234692969631391  -0.2341353506180039  0.06349856249693024   0.4595390921761778
 -0.6951849121022116  -0.2269540153658247 -0.09363329610039901  0.09230139282610533    0.334309899191394    0.579793034574533
  0.4055908036348462   0.4073864480423761   0.4078942665355789   0.4086043292072815   0.4095255879354194   0.4104703938956798

0.4164778135334626
0.4166153003916603
0.4167094816422311
0.4167231506303061
0.4167399385440584
0.4167601114794095

-0.0002278871284651373
    0.4166330461674082

  0.6008367158462896   0.9348500419277618    1.387347258642549    1.470463367562675  -0.7679323631051592   -3.625460122670918
   1.085294471861949   0.0713032471748877   0.3914122580711656 -0.04871646052597084  -0.0868221637467001  -0.4125182743974836

-1.525835949637509e-09 -1.792235799717098e-09 -7.433896121891345e-09 -6.118038173477132e-08  -0.001107394997461251  -0.004173821937189993
-9.857146897899103e-10  4.507711677133819e-10 -4.349540808311895e-10  5.765667363657947e-09 -0.0004009671597500824     0.1484168163477502

cov:
0.06059799633060647 0.06074462066688478 0.06078585858953928 0.06084364622316753 0.06091842335466679 0.06099581240916866
0.06074462066688478 0.06097385188466232 0.06103859667013604 0.06112917007603604 0.06124661848275566 0.06136729700459703
0.06078585858953928 0.06103859667013604 0.06111004143184492 0.06120994759388712 0.06133954659765724 0.06147255183127975
0.06084364622316753 0.06112917007603604 0.06120994759388712 0.06132288242225872 0.06146942474838455  0.0616196226608757
0.06091842335466679 0.06124661848275566 0.06133954659765724 0.06146942474838455 0.06163803191908479 0.06181060410853485
0.06099581240916866 0.06136729700459703 0.06147255183127975  0.0616196226608757 0.06181060410853485 0.06200588852751747

cov.inverse():
  16977100.6937847 -26745051.00493629 -3393066.171306344  1049330.670280586  6951935.826921576  5160109.302505976
-26745051.00281504  174349342.4975672 -123486675.6162262 -47036409.12603901 -1904574.786157879  24822126.31492531
-3393066.195609611 -123486675.5613373  206931552.7537158 -58896924.27288761 -27262556.78066735  6107759.843356189
 1049330.709538995 -47036409.25504105 -58896924.23023474  189468670.1350366 -65557860.21303211 -19026906.94141399
 6951935.808657175 -1904574.669526336 -27262556.81121279 -65557860.31608023  175130627.9520326 -87355263.53291161
 5160109.303693829  24822126.27452958  6107759.861834371 -19026906.88545905 -87355263.56813696   70290775.6060137

cov*(cov_.inverse()):
     1.000000000116415 -2.328306436538696e-10 -1.455191522836685e-09 -2.328306436538696e-10                      0 -9.313225746154785e-10
 2.328306436538696e-10      1.000000000232831 -2.328306436538696e-10 -6.984919309616089e-10 -9.313225746154785e-10                      0
                     0 -6.984919309616089e-10     0.9999999988940544 -2.328306436538696e-10                      0                      0
 5.820766091346741e-11 -2.328306436538696e-10  -2.91038304567337e-10     0.9999999988358468  1.862645149230957e-09 -9.313225746154785e-10
 2.328306436538696e-10 -1.629814505577087e-09 -1.105945557355881e-09 -1.164153218269348e-09      1.000000000931323                      0
                     0 -4.656612873077393e-10  3.492459654808044e-10 -2.328306436538696e-10                      0                      1
