5
2

6.039028648752393e-05
 6.91273706814546e-05
0.0001366755809462708
  0.02095847945383001
   0.5230713705399528

-0.06908918054510436   0.5842682337061896  -0.7597602845660278   0.2751157814029561  -0.0305439524725302
-0.06292735974230239    0.349388998613853 -0.02789818417611235  -0.7772626041348749   0.5187022369111396
  0.5733747711021919  -0.5272079269328505  -0.4705982584792331   0.0100338607829755   0.4144029131132836
 -0.6816821052164804  -0.2436928977808645 -0.02452068682644249   0.3449052043190328   0.5969609827702296
  0.4447670309483439   0.4463446337526523   0.4471263986276099   0.4484572139100313    0.449358283604477

  0.39398409784375
0.3941786193152282
0.3943025147120952
0.3943853855038456
0.3944377082147943

-0.0005861035498244825
    0.3940908058282847

 0.1452594649985593   1.259686881605951   2.499824009768168 -0.1515141063125383  -3.753348215954932
  1.193569267556948  -1.063644412145191   2.253569862472792  -1.557348619596211  0.1739531374635999

-4.012960582439891e-09 -7.014327453309073e-09 -6.190922558208441e-08  -0.001212419943685789  -0.002721617293107929
-1.039337834009727e-08  3.780318457523933e-09  4.503027946406837e-09 -0.0004581396723997966     0.1213437481320678

cov:
0.05432777483440279 0.05438859210638421 0.05441809838327254 0.05446943150220004 0.05450361246356424
0.05438859210638421 0.05453438016000341 0.05460638535252435 0.05472935793178358 0.05481241440284725
0.05441809838327254 0.05460638535252435 0.05469966547950471 0.05485848528037917 0.05496600026929696
0.05446943150220004 0.05472935793178358 0.05485848528037917 0.05507774848817634 0.05522649131161995
0.05450361246356424 0.05481241440284725 0.05496600026929696 0.05522649131161995 0.05540337468326841

cov.inverse():
 19737857.80796658 -31851307.67583797  315805.3993096837  5331059.861501634  6466902.675804503
-31851307.66062144  134028281.7420231 -110476138.7588822 -13038148.77540153  21335889.70420324
 315805.3683223625 -110476138.6867975  170295777.6776597 -53028642.12245179 -7104992.404884147
 5331059.887153842  -13038148.8759408 -53028642.03923333  147185152.9272885 -86450633.14259194
 6466902.665922659   21335889.7478753   -7104992.4470052 -86450633.13426168  65753358.70780278

cov*(cov_.inverse()):
    0.9999999999417923 -6.984919309616089e-10  5.238689482212067e-10  9.313225746154785e-10 -4.656612873077393e-10
                     0     0.9999999990686774 -6.984919309616089e-10  9.313225746154785e-10 -4.656612873077393e-10
-1.746229827404022e-10                      0      1.000000000058208                      0                      0
 1.164153218269348e-10 -4.656612873077393e-10 -1.164153218269348e-09      1.000000000931323 -4.656612873077393e-10
-5.820766091346741e-11 -2.328306436538696e-10  4.074536263942719e-10                      0                      1
