5
2

6.952787024208933e-05
0.0001128131982459411
0.0001452057148655873
  0.01114889171396917
   0.5174771954612553

-0.003489222657335759   0.08264003079482021    0.2302670374455136   -0.8226379963717687    0.5132273073668112
 -0.03769513359711255   -0.5939494893094009    0.7799751131789153   0.04081422643593471   -0.1891457184135331
   0.6675241502330266   -0.5947476633504601   -0.3547997369726017  0.008656392536746623    0.2733659439419361
  -0.5947163971118884   -0.2949956058954519   -0.1134401397095939    0.3480047990036121    0.6521610185236105
    0.446420001893143    0.4468192463411527     0.447061959502757    0.4476814186277822    0.4480833569658911

0.3992326925478867
0.3994100817113174
 0.399405685260201
0.3993960999711034
 0.399385152094817

9.801379084184812e-05
   0.3994294794025767

-0.5258719280229319   2.072502317355471   3.974929596840078   2.697740892148091  -8.219425011219519
 0.9249812845577137  0.3910997380661648  0.4686150193867514  0.1140230341340892 -0.8987322362802309

-2.585916281744159e-08   4.52308878659782e-08 -1.100096368699028e-07 -0.0006427578741882684  -0.001859774815377663
-2.020925111960847e-09  3.474324335046639e-09 -5.507018446793299e-10 -0.0001572455948485802     0.1193025311654816

cov:
0.05341059495305225 0.05343614860339741 0.05345174517631708 0.05349169209349741 0.05351726121950052
0.05343614860339741 0.05347294849337633 0.05349531874567189 0.05355251797169824 0.05358945643594121
0.05345174517631708 0.05349531874567189 0.05352182726805721  0.0535894683195384 0.05363329505500372
0.05349169209349741 0.05355251797169824  0.0535894683195384  0.0536836941306062 0.05374503029410713
0.05351726121950052 0.05358945643594121 0.05363329505500372 0.05374503029410713 0.05381791940944612

cov.inverse():
 21250275.12133712 -17128256.60546883 -13708509.23646284    745275.55375552  8841202.060171703
-17128256.60848274  45908921.45783893 -22456011.44421861 -16212875.56423896  9888427.839750694
-13708509.22027441 -22456011.45507228  64740422.31528363 -36829898.14487587  8254297.840693959
  745275.522394711 -16212875.54927403 -36829898.11231612    140126276.62115 -87830004.54927021
 8841202.078358261  9888427.832625467  8254297.813468642 -87830004.53310636  60846827.72052027

cov*(cov_.inverse()):
    0.9999999998835847  4.656612873077393e-10 -3.492459654808044e-10 -9.313225746154785e-10 -4.656612873077393e-10
 1.164153218269348e-10      1.000000000465661   2.91038304567337e-10 -1.862645149230957e-09                      0
                     0 -2.328306436538696e-10      1.000000000291038 -9.313225746154785e-10                      0
-1.164153218269348e-10                      0   2.91038304567337e-10     0.9999999981373549 -9.313225746154785e-10
                     0  1.164153218269348e-10  1.164153218269348e-10                      0                      1
