6
2

5.446738998712101e-05
6.499847322742437e-05
 8.01746210634146e-05
 0.000149393897998478
  0.02078235334998406
   0.6052430329150741

-0.006014155288005605    0.1642091810163988    -0.734821651359275    0.6552696348554383  -0.05614008503741243  -0.02250137747197489
  0.02562576509693382   -0.1927433643329645    0.2348030732008722    0.2600036952891017   -0.7906528639024822    0.4629545979067999
  -0.2600073619125655    0.7701681190387683   -0.1863382971181072   -0.4121731418779689   -0.2114947861410234    0.2998308452182374
   0.6750000408503017   -0.2304316486811558   -0.4344101653384059   -0.4079977003546637   0.03016625499962771    0.3676844869632619
  -0.5578178893597974   -0.3522206318386612   -0.1232335688642089 0.0005077930490983187    0.3976919166963491    0.6256470233789567
   0.4061003189027415    0.4069008363042241    0.4077793426497068    0.4082532349392973    0.4097772950562768    0.4106605809280309

0.4164101482628625
0.4164975959227738
0.4165482391992447
0.4166423216760681
0.4166724711490047
 0.416691744319468

-0.0002295359349848435
    0.4165656008478197

  0.2039724230368185   0.9580760307169209   0.7648771769727214     1.69172607112166  -0.1747072942496139   -3.443876017462771
  0.9371684076712656   0.4471535752885822  -0.1237793559572416   0.1682828993950855 -0.07959380831461921  -0.3493013179722793

 2.343353897419739e-09 -4.293288599496561e-09 -7.395991610689636e-09 -5.305362728106254e-08   -0.00119584618065353  -0.003892598883313376
 8.346653503346359e-10 -6.179169492377301e-10 -2.152196686444379e-10  8.566493374639267e-09 -0.0003952459845236167     0.1482489518039647

cov:
0.06054682647531102 0.06061636438692558 0.06069188290205395 0.06073256858045001 0.06086360586692586  0.0609400897967591
0.06061636438692558 0.06070441922805862 0.06080052606117736 0.06085233743167235 0.06101908417217306 0.06111606467143396
0.06069188290205395 0.06080052606117736 0.06091957262393346 0.06098377224201632 0.06119028809802657 0.06131009531816645
0.06073256858045001 0.06085233743167235 0.06098377224201632 0.06105467351996521 0.06128267823923639 0.06141482150678548
0.06086360586692586 0.06101908417217306 0.06119028809802657 0.06128267823923639 0.06157968000131245 0.06175141957813499
 0.0609400897967591 0.06111606467143396 0.06131009531816645 0.06141482150678548 0.06175141957813499 0.06194589919242487

cov.inverse():
 31100129.81179761 -39623503.70737787 -2686981.111344318  4581384.904520115  4784724.832135645  1845134.131099878
-39623503.70427246  112539652.7448998 -69226064.07863881 -20764263.40807445  7311605.447581185  9761215.653202824
-2686981.106492301 -69226064.11445987  208914975.0803933  -127963900.742114 -24493324.02240214  15454616.20783582
 4581384.877307603  -20764263.3210301 -127963900.8208226  194621767.0149719 -48048516.97715008  -2425954.61169389
 4784724.877503498  7311605.342669534 -24493323.93502878 -48048517.00359714  156029337.7523933 -95581663.47314975
 1845134.104987668  9761215.709995231  15454616.16820291 -2425954.604123163 -95581663.47176848  70945136.19599515

cov*(cov_.inverse()):
    0.9999999999417923 -1.164153218269348e-09  1.629814505577087e-09  1.105945557355881e-09  2.793967723846436e-09                      0
-2.619344741106033e-10     0.9999999994179234  2.328306436538696e-09   2.91038304567337e-11  9.313225746154785e-10                      0
  2.91038304567337e-11 -5.820766091346741e-10      1.000000001280569  2.240994945168495e-09  9.313225746154785e-10                      0
-1.891748979687691e-10 -1.047737896442413e-09  2.095475792884827e-09      1.000000001629815                      0                      0
 8.731149137020111e-11 -2.211891114711761e-09  3.958120942115784e-09 -8.149072527885437e-10      1.000000001862645                      0
-8.731149137020111e-11 -3.492459654808044e-10  3.492459654808044e-10 -1.746229827404022e-10                      0                      1
