5
2

0.0001194400651118981
0.0001677671867316186
 0.000186866867261111
  0.01999496857913085
   0.5190654328050696

  0.5596950565598203  -0.7944297248259644   0.1973982120866624   0.1080063129773826 -0.07065011109306574
  0.1561316023776239 -0.03133632812587265  0.07358725768097255  -0.7882319193217803   0.5898443134827019
 -0.2807910236127449  0.01448055245587651   0.8594577274573957  -0.2401235582969422  -0.3530153057923455
 -0.6208123505511214  -0.4110123924133597   0.1286899548831332   0.3291826489498183   0.5663378124656658
  0.4450986327357042   0.4458234782240043   0.4476496080618516   0.4483352965142606    0.449147997549358

0.3985609573229339
0.3986122392053401
0.3986832866507988
0.3986738271626667
0.3986576993359441

0.0001993742034799128
   0.3987710523424365

   1.483231530742489    1.028691281407365   0.3612588303193572  -0.1891769025620982   -2.683971549934214
   1.138638038186654   0.2377057787853505 -0.02123228388543646 -0.05838289367750615  -0.2967290275339031

 3.615512282675882e-09 -3.400247294130807e-08  3.149062879178585e-08  -0.001151193073782269  -0.002640054425708931
 6.546870954906556e-09  1.119119263149807e-09 -7.534049413655016e-09 -0.0003976320443982822     0.1195795794759136

cov:
0.05353141006107023  0.0535662484211819 0.05365128834277647 0.05368376176993428 0.05372236668709486
 0.0535662484211819 0.05361885608346097 0.05374951066313735  0.0537989298172173 0.05385758051127071
0.05365128834277647 0.05374951066313735 0.05399755583142452 0.05409053687497626 0.05420075716178588
0.05368376176993428  0.0537989298172173 0.05409053687497626 0.05419977867366101 0.05432912982030157
0.05372236668709486 0.05385758051127071 0.05420075716178588 0.05432912982030157 0.05448119898296223

cov.inverse():
 25083459.48504085 -31457484.99452849  1241493.392622896  1795261.937326416  3337964.750914489
 -31457484.9930778   44280887.7971332 -10718209.09673616 -5236900.790316799  3130628.156975889
 1241493.391299241 -10718209.09526528  24077449.69443315 -6476335.772738725 -8123930.441887195
 1795261.933788958  -5236900.78576786 -6476335.773301915   24543858.0773938 -14625652.12060427
 3337964.754324869  3130628.152406778  -8123930.44117674 -14625652.12015589  16280693.63473126

cov*(cov_.inverse()):
                     1 -2.037268131971359e-10  2.328306436538696e-10                      0 -2.328306436538696e-10
 2.037268131971359e-10      1.000000000058208                      0                      0                      0
 2.037268131971359e-10   2.91038304567337e-11      0.999999999825377 -2.328306436538696e-10 -1.164153218269348e-10
 1.746229827404022e-10 -2.037268131971359e-10                      0                      1 -1.164153218269348e-10
 3.783497959375381e-10 -3.201421350240707e-10  5.820766091346741e-11                      0     0.9999999998835847
