5
2

3.778878442140437e-05
6.173681578519373e-05
0.0001481495719293759
   0.0181388320711229
   0.5206227901814995

-0.03172664118232446   0.4547454135278609  -0.7973388745646292   0.3949976325237019 -0.02067893912519612
 -0.5546708082750276   0.6903045338928988     0.21157674079894  -0.4089529078100794  0.06174744432779777
  0.3411141977693042 -0.03205387090277152   -0.345295133441924  -0.5994305020290907    0.635663430990669
  -0.614096273624252  -0.3418357356462048 -0.01782502731485943   0.3409086441975895   0.6240974773772215
  0.4448152262320023   0.4458779413221169   0.4471459952671578   0.4485518465493868   0.4496598445805469

0.3984475158211084
0.3984829731729192
0.3985087868679754
0.3985248135440744
0.3985648833387794

-3.070774104881481e-05
    0.3985556644745579

-0.02773610934182859    2.096077036911472    4.639565144082516   -6.322726563504966  -0.3851546994617827
   1.113824485787542   0.4581149751856419   0.5900868888651232   -1.120377618145018 -0.04167477833207134

-7.475170450614732e-09  1.907948829041588e-08  4.096734043259983e-08  -0.001045625961546584  -0.003371630425439242
-1.055566369090962e-09   1.06297075982557e-09   1.77035005963411e-08  -0.000414255521524175     0.1198784763706585

cov:
0.05375381452272198 0.05382692695320977 0.05391434447315935 0.05401136062805299 0.05408773833163013
0.05382692695320977 0.05392474346288666 0.05404155002932779 0.05417110589167714  0.0542731621842757
0.05391434447315935 0.05404155002932779 0.05419333889194267 0.05436162153889078 0.05449423942275572
0.05401136062805299 0.05417110589167714 0.05436162153889078 0.05457278598226293 0.05473924201523379
0.05408773833163013  0.0542731621842757 0.05449423942275572 0.05473924201523379 0.05493245121318219

cov.inverse():
 86727727.94658132 -111059618.9041212 -18441804.15722751  41421402.83096113  1351586.338367549
-111059618.7819217  269885144.7958938 -215089455.2883506  52595283.33326595  3669118.915243209
 -18441804.3939017  -215089454.946749  462382104.3513088 -233823357.6345602  4973610.678093547
 41421402.95063157  52595283.09324187 -233823357.5042168  169511050.1971561 -29705259.31509458
 1351586.333171343  3669118.935866785   4973610.65267568  -29705259.3051041  19710977.56628388

cov*(cov_.inverse()):
     1.000000001411536 -2.328306436538696e-10  2.037268131971359e-09 -1.396983861923218e-09  2.328306436538696e-10
 1.513399183750153e-09     0.9999999990977813 -4.074536263942719e-10 -2.328306436538696e-10  2.328306436538696e-10
 2.095475792884827e-09 -1.833541318774223e-09     0.9999999981955625 -3.492459654808044e-09  2.328306436538696e-10
 1.658918336033821e-09  9.895302355289459e-10 -8.731149137020111e-10     0.9999999993015081  2.328306436538696e-10
 5.675246939063072e-10  9.022187441587448e-10 -2.328306436538696e-10 -1.164153218269348e-09                      1
