5
2

 7.63187157884782e-05
8.073479909231615e-05
0.0001341333867906242
  0.02043049635381864
   0.5318466592459239

-0.08281080357766908   0.4850008555503158  -0.8029347990630377   0.3286594154708133  0.07207799943300945
-0.08255035649788244   0.3772013342229478 -0.03300083969801275  -0.7694129491032119   0.5077590476141465
  0.5319736578988737  -0.5939760672318759  -0.3814071126689274 -0.02366964876339505   0.4670811717361503
 -0.7112744264265238   -0.265794667349714  0.09165219891626719   0.3134963465748545   0.5628159559199666
  0.4443202978327732   0.4461378149631553    0.447588138663426   0.4484935794259688     0.44950961094863

0.4038618928890807
 0.403930857299546
0.4039836969911527
 0.403967817349312
0.4039491553321623

0.0002076225218861435
   0.4040722427524973

  0.6078880442538264    1.605145051576631     1.70996795005311  -0.3699353270997208   -3.553057763329187
   1.086915157145668    0.256610220280592   0.1137801804557826 -0.04728382146052587  -0.4100619300008522

-5.955690528163904e-09 -6.652466145908134e-09 -5.277059295203521e-08  -0.001176240649548815  -0.003245250603326579
-5.941440611431091e-10 -1.098419975457586e-09  3.454064836813228e-09 -0.0004493304506873159        0.1252551430435

cov:
 0.0560537170126023 0.05614987444685224 0.05622603293507388  0.0562739695248642 0.05632764893220722
0.05614987444685224  0.0563298273228042 0.05647318729153944 0.05656283459531791 0.05666338926048321
0.05622603293507388 0.05647318729153944 0.05667048494682987 0.05679359773222463 0.05693176812990367
 0.0562739695248642 0.05656283459531791 0.05679359773222463 0.05693749823243064 0.05709901090756327
0.05632764893220722 0.05666338926048321 0.05693176812990367 0.05709901090756327 0.05728677695206594

cov.inverse():
 17953255.51108806 -29234699.29059334  556261.5330753376  4371318.779039931  6354093.567463115
-29234699.29596472  81823373.34542194 -56177243.38506769 -16377562.48601462  19965246.75607696
  556261.543297663 -56177243.39704517  118940012.8636247 -40909550.38132849  -22408491.6853406
 4371318.777572146 -16377562.49082788   -40909550.368894  109399847.6584116 -56484028.98383692
 6354093.564079986  19965246.76749632 -22408491.69953033 -56484028.97768357  52572839.66193965

cov*(cov_.inverse()):
    0.9999999997089617  2.328306436538696e-10                      0 -4.656612873077393e-10  9.313225746154785e-10
-5.820766091346741e-11                      1  2.328306436538696e-10  4.656612873077393e-10                      0
-1.164153218269348e-10 -2.328306436538696e-10     0.9999999993015081 -4.656612873077393e-10  9.313225746154785e-10
-1.164153218269348e-10  2.328306436538696e-10 -1.164153218269348e-09      1.000000000465661  4.656612873077393e-10
-5.820766091346741e-11 -4.656612873077393e-10                      0                      0                      1
