5
2

5.724395960122365e-05
7.257969751657248e-05
0.0001016291145004127
  0.01523109639654974
    0.553455977988228

 -0.1448603234492266    0.719758444293944  -0.6751998111592022  0.05454833617637672  0.04574890806034467
 -0.2461184454687089   0.4081068562921376   0.4374763478715389   -0.747959284080696   0.1484784801171135
  0.6293775755375262  -0.2233783603345966  -0.3809036159781412  -0.4645344249106673   0.4394384814196695
 -0.5691715037523422  -0.2573543464730249 -0.08878862598193006   0.1461908050071536   0.7619431527977272
  0.4453861967069199    0.446393799464755   0.4469325176070496   0.4476800252213154   0.4496639092762858

0.4166022572907196
0.4166525699446524
0.4167447782745333
0.4167521956178461
0.4167804613150197

-0.0001938478224792782
    0.4166796381265113

   1.648637118633574   0.5569792540526819   0.7857645600990087   0.5599570475703767   -3.551301356032043
   1.588774268678635   0.1355816616577827 -0.06393181156498648  -0.1614998260985999  -0.4990356780247739

-1.639756366683493e-09 -4.113194609698211e-09 -1.246440844070434e-08 -0.0008758629751501224   -0.00371081401045792
-3.966240847466461e-10 -1.669708328377417e-09  8.776432124576392e-09 -0.0003102463550732713     0.1356568100276682

cov:
0.06083822285027278 0.06093450875514518 0.06098574707747126 0.06105670187206178 0.06124605962040941
0.06093450875514518 0.06105367387772911 0.06111726959808436 0.06120545160334201 0.06143995863202874
0.06098574707747126 0.06111726959808436 0.06118755260517367 0.06128504343448074 0.06154395550221914
0.06105670187206178 0.06120545160334201 0.06128504343448074 0.06139552384244212 0.06168844966065813
0.06124605962040941 0.06143995863202874 0.06154395550221914 0.06168844966065813 0.06207055156588945

cov.inverse():
 56256012.80106811  -64496713.6401073 -13801499.37086899   4226836.03762462  17816310.26379967
-64496713.59729397  194541721.0657644 -106176211.0705299 -35917783.89848153  12046786.54232901
-13801499.40475381 -106176211.0294096  189503529.9330691 -56224017.64298408 -13302199.54629414
 4226836.013566342 -35917783.86274236 -56224017.64816143  128001335.0764238 -40084151.14911598
 17816310.27892891  12046786.50828296 -13302199.53388082 -40084151.14261206  23522704.61652591

cov*(cov_.inverse()):
     1.000000000465661 -2.793967723846436e-09 -1.047737896442413e-09  4.656612873077393e-10                      0
 4.656612873077393e-10     0.9999999993015081 -1.746229827404022e-09                      0                      0
                     0 -1.164153218269348e-09     0.9999999988358468  4.656612873077393e-10  2.328306436538696e-10
                     0 -1.629814505577087e-09 -8.149072527885437e-10     0.9999999990686774                      0
 6.984919309616089e-10 -2.328306436538696e-10  2.328306436538696e-10                      0     0.9999999997671694
