6
2

4.589920033452107e-05
5.987678740271942e-05
6.098615494305363e-05
0.0001280108409388932
  0.02189193600081058
    0.581967566037522

 -0.05291024528862986    0.4348938875698304   -0.8230432963555331    0.3286441295251434    0.1466023394207564  -0.03418091612489969
  0.03646949239572814   -0.1871934456611031 -0.007158636939740991    -0.185937430490827    0.8314181118520078   -0.4875946463713458
   0.0830697405774681   -0.5310972555353556   0.02360822392662769    0.7930774859665181   -0.1020273020329214   -0.2666389056742207
   0.5763474421135563   -0.4994143487465851   -0.3935348958792534   -0.2191915100367669   0.07821878172077297    0.4575763587363431
  -0.7019433232298895   -0.2805719776872166   -0.0231394714032239    0.1153352800568274    0.3207182300710291    0.5584416632443914
   0.4050544373419789    0.4069721111101404    0.4081494684461787    0.4087802153066764    0.4097117841689585    0.4107963053170589

0.4055324823226215
0.4055892519003753
0.4055853448781526
0.4056283222962764
0.4056069139991254
0.4055848980610427

0.000258623633252752
  0.4057470234561327

  0.381868175523259   1.329822202474199  0.4783068283219998   1.684664641252743  0.1185187545894739  -3.993182736280673
   1.09181395984898 0.04394076045585316  0.4228302071285756 -0.3160430736380148    0.35997826750551 -0.6024452043608488

 1.837033216514734e-09  5.356044379674128e-09  6.417537649711514e-09 -4.620175585649552e-08  -0.001269971085540963  -0.004087937423234519
-8.788590020755446e-10  2.439287498441818e-09 -1.837219635217611e-10  4.304599953723326e-09 -0.0005012710266194222     0.1366658605466503

cov:
0.05580409397701206 0.05592540822136071 0.05600032376616903 0.05604027091841463 0.05609897903714406 0.05616779111912881
0.05592540822136071 0.05613308290473049 0.05626074579582664 0.05632906340629067 0.05642984845056716 0.05654736656297593
0.05600032376616903 0.05626074579582664 0.05642064401065146 0.05650629635868314 0.05663279206631621 0.05678007201941954
0.05604027091841463 0.05632906340629067 0.05650629635868314 0.05660127893274874 0.05674160107556364 0.05690489023896755
0.05609897903714406 0.05642984845056716 0.05663279206631621 0.05674160107556364 0.05690244143503781 0.05708946983035377
0.05616779111912881 0.05654736656297593 0.05678007201941954 0.05690489023896755 0.05708946983035377 0.05730398931937321

cov.inverse():
 23827173.06810623 -42253071.31453329  7283845.206646874 -141516.5471942217   5247274.61843271  6036086.465303026
-42253071.31560008  190607446.3895699 -160904633.6846623  -29016675.2954197 -962291.5982552612  42531361.27076188
 7283845.242961001 -160904633.7951591  331155130.3555891 -117722840.9084288 -61459629.76922446  1645726.251933188
-141516.5621742599 -29016675.32052021 -117722840.8146345  232952272.5311197 -43051279.82075334 -43020951.24300408
 5247274.561279969 -962291.2867984404 -61459630.14150252 -43051279.75929688  206180679.4892103 -105953319.5107749
 6036086.502188005  42531361.09383767  1645726.456232905  -43020951.2507459 -105953319.5672959  98761148.01509522

cov*(cov_.inverse()):
     1.000000000116415  1.396983861923218e-09  1.266016624867916e-09  9.313225746154785e-10  9.313225746154785e-10 -9.313225746154785e-10
  2.91038304567337e-10      1.000000001396984  2.299202606081963e-09  1.862645149230957e-09                      0  9.313225746154785e-10
 2.328306436538696e-10  9.313225746154785e-10      1.000000000771252  9.313225746154785e-10  9.313225746154785e-10                      0
 1.746229827404022e-10  9.313225746154785e-10  9.022187441587448e-10      1.000000000465661  9.313225746154785e-10  9.313225746154785e-10
  2.91038304567337e-10                      0 -4.220055416226387e-10  2.328306436538696e-09                      1                      0
 1.164153218269348e-10  4.656612873077393e-10  2.764863893389702e-10                      0  9.313225746154785e-10                      1
