6
2

4.899926459887255e-05
5.479730774394782e-05
8.174599624625595e-05
0.0001658382064694244
  0.02375907713206215
   0.6324579374348225

0.002241214440451088 -0.06898702972939998  -0.1125044023145355   0.4537806157961945  -0.7451208881681298    0.470591692329943
 0.01256340921924381  -0.2901085963344339   0.7962124382400976   -0.435584398087607  -0.2519462431617033   0.1688615970929256
 -0.2940355572011837   0.7756664531860069 -0.07558813156701974  -0.4602588014190265  -0.1883790301993312   0.2425824716811103
  0.6874046970044743  -0.1643079653550509  -0.3997999398129654  -0.4723884036500536 0.006398802122511931   0.3427038584710855
 -0.5252825726345254  -0.3418737979390966  -0.1471396406746269 -0.05356036166272765   0.4215740519216628   0.6363623635289907
  0.4061197240108545   0.4068716557680079     0.40765779924528   0.4080339499871504   0.4099581291194855   0.4108283975617761

0.4224989990169173
0.4225537460054614
0.4225625741315514
0.4226360306223613
0.4225852677524098
0.4225628792293392

0.0002552754570587414
   0.4227210809886512

 0.2337666867662784   1.584253699889547   1.517907197996733 -0.6189636827524466 -0.7327371154150235  -1.984220819999998
  1.915804982969544  0.3243323636380304  -1.436579177906239  -1.084629741189814   3.701794016806354  -2.420520173226972

-2.276545704732523e-09  2.615602444383448e-09  6.595266365759375e-09 -3.021871106257572e-08  -0.001369567502788726  -0.003924868693051187
-1.019435007259184e-08  -6.25406604449945e-09  -6.60528265218684e-09  4.247784636686028e-08 -0.0004671165637669897     0.1619898315999441

cov:
0.06612956361574845 0.06619731192009437 0.06626727517717906 0.06630063186756349  0.0664723353507517 0.06655002647473077
0.06619731192009437 0.06628430315114139 0.06637466274412578 0.06641782109798011  0.0666392862343146 0.06673947142698272
0.06626727517717906 0.06637466274412578 0.06648668585180012 0.06654024788685685 0.06681454390415346 0.06693861024317366
0.06630063186756349 0.06641782109798011 0.06654024788685685 0.06659881629559528 0.06689849680001139 0.06703403857301657
 0.0664723353507517  0.0666392862343146 0.06681454390415346 0.06689849680001139 0.06732710464612768 0.06752092664923602
0.06655002647473077 0.06673947142698272 0.06693861024317366 0.06703403857301657 0.06752092664923602 0.06774110239845592

cov.inverse():
 30174425.04015402 -39515110.16427442 -3440337.262020011   7046138.80436332  6698799.562812747 -963080.2638745224
-39515110.11730696  121028937.0834319 -80078327.39706057 -21557657.49290917    23846825.781866 -3726048.718963935
-3440337.352094822 -80078327.09743063  223063649.3594742 -124690475.2359909 -29853319.71479097  14998265.19783046
 7046138.792029395 -21557657.71221575 -124690474.6992636  188767072.4168553 -91416747.34293026  41852837.08794077
 6698799.717095671  23846825.64732416 -29853320.56131675 -91416746.45058206  257697958.0435864 -166973386.3543634
-963080.3627162715 -3726048.617780377   14998265.7171884  41852836.50068074 -166973386.2888089  114811219.6578786

cov*(cov_.inverse()):
     1.000000000225555 -1.426087692379951e-09  1.047737896442413e-09  4.656612873077393e-10                      0                      0
 1.309672370553017e-10     0.9999999988940544 -1.513399183750153e-09                      0  3.725290298461914e-09 -9.313225746154785e-10
-3.492459654808044e-10   2.91038304567337e-11      1.000000000349246 -4.656612873077393e-10  5.587935447692871e-09 -1.862645149230957e-09
-1.164153218269348e-10 -1.193257048726082e-09 -5.820766091346741e-10      1.000000000465661                      0  9.313225746154785e-10
 3.637978807091713e-11 -7.275957614183426e-10 -1.862645149230957e-09  1.396983861923218e-09      1.000000001862645                      0
-1.673470251262188e-10 -2.328306436538696e-10 -8.149072527885437e-10 -9.313225746154785e-10 -1.862645149230957e-09                      1
