5
2

5.350312808280173e-05
6.998962112724322e-05
0.0001120151598801757
  0.01784963283907652
    0.233686926766739

     0.55284479206408   -0.7193913749565766   0.00109963955988997    0.3686806814687703   -0.2022672277712634
   0.3348466994980878   -0.2282053081212234   -0.2123288072110964    -0.574312820444509    0.6788823808892976
-0.004127888653655595    0.1807000068949333   -0.8420711825247136    0.4688450969725694    0.1960379214581874
   -0.571071989115483   -0.3980351237053578    0.2579054261898734    0.3811970293266157    0.5510158251075277
   0.5060633038522063    0.4891972350580241    0.4234574159515945    0.4112328285316503    0.3951675281690423

0.3853548318851294
0.3856477535982731
0.3865443038659229
0.3867898301351333
 0.386906842703564

-0.003020402817167721
   0.3850275054574013

-43.47532512925941   44.9849288391329  10.28736629010581  35.49866137003993 -47.37134410197095
-20.78147256801874  32.00699066755264 -115.5270008494938  172.5752837474175 -67.34173952191053

-9.651554569324412e-08 -3.897018548630206e-07  8.786109623974383e-08 -0.0009543146956839194    0.01311152265611429
 1.219595063628871e-07 -6.591601555220342e-07  2.143859960982341e-06 -0.0006335256787790634    0.03154133218653408

cov:
 0.01408942440263837  0.01359182852498806  0.01165570273047088  0.01129543235042675  0.01082055606944139
 0.01359182852498806  0.01311931346182073  0.01127989498795348  0.01093768396133025  0.01048696490720213
 0.01165570273047088  0.01127989498795348 0.009813582889595367 0.009541008897401398 0.009183457306065627
 0.01129543235042675  0.01093768396133025 0.009541008897401398 0.009281461505364951 0.008941298268932437
 0.01082055606944139  0.01048696490720213 0.009183457306065627 0.008941298268932437 0.008624427183281467

cov.inverse():
 129660996.2870626 -154592506.4642899 -14025077.62194001  31789663.77779473  7276998.736136225
-154592506.4500767  194023123.4099703  -2512047.83210739 -59145850.24707671  22027337.69801766
-14025077.65121971 -2512047.793559976  65716515.16589911 -6429093.787925011 -42659931.16926207
 31789663.74857924 -59145850.21936093 -6429093.765785758  132336032.4035465 -98317951.40427206
 7276998.780319803  22027337.64607023 -42659931.18207813 -98317951.38365138  111441104.9642731

cov*(cov_.inverse()):
     1.000000000320142  2.037268131971359e-10 -5.820766091346741e-11                      0                      0
 5.820766091346741e-11      1.000000000523869  1.164153218269348e-10 -1.164153218269348e-10  4.656612873077393e-10
-7.275957614183426e-11   4.94765117764473e-10      1.000000000174623 -1.164153218269348e-10  1.164153218269348e-10
 2.328306436538696e-10  2.619344741106033e-10  5.820766091346741e-11     0.9999999998835847  1.164153218269348e-10
 3.128661774098873e-10  2.619344741106033e-10                      0 -1.164153218269348e-10      1.000000000232831
