5
2

5.595784849799347e-05
6.405356697556039e-05
0.0001220816591899043
  0.01487292465999857
   0.5525509123265053

 0.04600379748637354  -0.6375852543892908   0.7590467315549129  -0.0592903024406795  -0.1081730712999907
-0.02094916806111481   0.2493448768615111   0.2038277237063992   -0.849528509726288   0.4173054456286964
  0.4865213481366424  -0.5579188137442276  -0.4258138050071188 -0.02257955583727952   0.5198041383070054
 -0.7501720468967287  -0.1428924437936383  0.03001007843342776   0.2711879366142178   0.5851325899219736
  0.4449535490772671   0.4467891253658457   0.4473078548631249   0.4480326303873848   0.4489746782439709

0.4165547411358541
0.4166860274617865
 0.416778425308266
0.4167892641673639
0.4168031229483979

-0.0001869987021592926
    0.4167151936173206

 0.8467078213229965   2.393950068409332   1.616507945206937  0.3108298427288372  -5.167965004176867
  1.077617723895787  0.4923524846029995  0.1755195036246668 -0.1899462851024251 -0.5555802653947179

 8.774319632712747e-10 -6.203557352973698e-09 -6.416690601686225e-08 -0.0008557037549879196  -0.003544771120172137
-1.871061610953339e-10   2.68672591418665e-10 -1.634235948171708e-09 -0.0002765234521350507     0.1353863187615761

cov:
0.06057137638601223   0.060719958950639 0.06076173784346512 0.06082018012323642 0.06089606475200164
  0.060719958950639 0.06095116569167047 0.06101645664376463 0.06110769746307427 0.06122627610953329
0.06076173784346512 0.06101645664376463 0.06108844907850661  0.0611890263553369  0.0613197621659443
0.06082018012323642 0.06110769746307427  0.0611890263553369 0.06130263979865138  0.0614503307623391
0.06089606475200164 0.06122627610953329  0.0613197621659443  0.0614503307623391 0.06162010578402638

cov.inverse():
 16667302.64242005 -28852475.24583977 -3789358.847957607  2728609.160040168   13246408.9832087
-28852475.22595225  165862817.5450502 -126228254.3575627 -38711117.39782629  27928174.06761213
-3789358.852105995 -126228254.3508103  206290601.6160628 -55931373.87729007 -20341513.40269879
 2728609.121255101 -38711117.32517472 -55931373.87928095  177058586.1756498 -85144841.50958771
 13246409.00625472  27928174.00809497 -20341513.39810375 -85144841.47771096  64312193.41683701

cov*(cov_.inverse()):
    0.9999999998835847 -1.396983861923218e-09  2.328306436538696e-10  9.313225746154785e-10 -1.396983861923218e-09
-1.164153218269348e-10      1.000000000698492 -2.328306436538696e-09                      0 -4.656612873077393e-10
-1.164153218269348e-10 -1.396983861923218e-09     0.9999999993015081                      0 -9.313225746154785e-10
-2.328306436538696e-10  6.984919309616089e-10 -4.656612873077393e-10      1.000000000931323 -9.313225746154785e-10
                     0  2.328306436538696e-10 -2.328306436538696e-10 -9.313225746154785e-10     0.9999999995343387
