5
2

9.718599909992902e-05
0.0001377143408883165
0.0001541608779857689
  0.02115795994312154
     0.51978629739108

  0.4651417476581476  -0.8017433629066535   0.2678115346916709   0.2171031240664439  -0.1483035738859198
  0.1059314659047966 -0.05034780754777542   0.4850532539585352  -0.8202380032343628   0.2796007540775517
 -0.4827295159278811  0.09214637044971577   0.6990236244811017   0.1791631885700308   -0.487593873160544
 -0.5841361749942706  -0.3838960046613902  0.06454081766722261     0.21747292487352   0.6781952495188146
   0.445172800867126   0.4458761961892873   0.4474380157993718   0.4479753680494853   0.4495919112688082

0.3979316193415079
0.3979692322237176
0.3980107540270335
 0.397988972457268
0.3979222636780526

0.0004075360486813086
    0.398167189442846

  0.3203792404115333    1.636382458605169   0.6378246134407093   0.4165553358368255   -3.011141023393322
  0.8926774911967947   0.5342877835084097 -0.06390480914620514 -0.08621264407708309  -0.2768947065677574

-4.298679173979602e-09 -1.749852380661637e-08  4.717062781381759e-08  -0.001220199239413074  -0.002578314399893567
-7.468369195060644e-11  5.682004657374263e-10  -7.29113703012772e-09  -0.000419554423106265     0.1199367164852272

cov:
0.05369627318915009  0.0537285005555769 0.05379908495343618 0.05382372772283652 0.05389769090336925
 0.0537285005555769 0.05377883447557408 0.05388990718418608 0.05392835818347404 0.05404391943613597
0.05379908495343618 0.05388990718418608  0.0540916862282273 0.05416104335589945 0.05436977317802384
0.05382372772283652 0.05392835818347404 0.05416104335589945 0.05424098721414567 0.05448147464307628
0.05389769090336925 0.05404391943613597 0.05436977317802384 0.05448147464307628 0.05481772529332003

cov.inverse():
 33304452.18154036 -41635693.99086589  1699408.162018855  2470674.501098207   4161438.56050038
-41635693.98857233  68546787.30414939 -21310444.08761289 -15556667.70284522  9955263.920596134
 1699408.160830167 -21310444.08615199  40559927.97404382 -9552674.466355169 -11395667.02999235
 2470674.497393799 -15556667.69850688 -9552674.466243785  41815975.38118426  -19177001.7343449
 4161438.563099843   9955263.91709053 -11395667.02983151 -19177001.73359957   16455603.5477352

cov*(cov_.inverse()):
     0.999999999825377 -4.656612873077393e-10 -2.328306436538696e-10                      0 -2.328306436538696e-10
  2.91038304567337e-10     0.9999999988358468                      0                      0                      0
 2.328306436538696e-10 -9.313225746154785e-10     0.9999999995343387                      0  1.164153218269348e-10
 2.037268131971359e-10 -5.820766091346741e-10                      0      0.999999999650754                      0
                     0 -3.492459654808044e-10  1.164153218269348e-10                      0     0.9999999998835847
