5
2

0.000737947067356051
0.001774894051274904
0.003619149612335335
 0.07659719354726248
  0.5584851032198179

 0.08454680514267503  -0.7127851604126828   0.6840283667563543  0.05965208798835368  -0.1154814907545639
-0.04450400538108647   0.2505639217930898   0.3842932873535475  -0.8489215343954321   0.2586271685949017
  0.5995068748467436  -0.4345760812672458  -0.4287714091774514  -0.2096222081776455   0.4732322316924381
 -0.6812495055562215  -0.2260573422004483 -0.05029180186857488   0.1526213936846044   0.6774766668094587
  0.4090988260018617   0.4349675204182561     0.44502772509635   0.4566608116171474   0.4866750802885106

0.3999894685689218
0.4000703463171774
 0.400036676184254
 0.399988107348413
 0.399886218473569

0.0007311322636598854
   0.4002656533006536

0
0
0
0
0

0
0

0
0
0
0
0

0
0

0
0
0
0
0

0
0

0
0
0
0
0

0
0

0
0
0
0
0

0
0

0
0
0
0
0

0
0

0
0
0
0
0

0
0

0
0
0
0
0

0
0

0
0
0
0
0

0
0

0
0
0
0
0

0
0

0
0
0
0
0

0
0

0
0
0
0
0

0
0

0
0
0
0
0

0
0

0
0
0
0
0

0
0

0
0
0
0
0

0
0

0
0
0
0
0

0
0

0
0
0
0
0

0
0

0
0
0
0
0

0
0

0
0
0
0
0

0
0

0
0
0
0
0

0
0

0
0
0
0
0

0
0

0
0
0
0
0

0
0

0
0
0
0
0

0
0

0
0
0
0
0

0
0

0
0
0
0
0

0
0

0
0
0
0
0

0
0

0
0
0
0
0

0
0

0
0
0
0
0

0
0

0
0
0
0
0

0
0

0
0
0
0
0

0
0

0
0
0
0
0

0
0

0
0
0
0
0

0
0

0
0
0
0
0

0
0

0
0
0
0
0

0
0

0
0
0
0
0

0
0

0
0
0
0
0

0
0

0
0
0
0
0

0
0

0
0
0
0
0

0
0

0
0
0
0
0

0
0

0
0
0
0
0

0
0

0
0
0
0
0

0
0

0
0
0
0
0

0
0

0
0
0
0
0

0
0

0
0
0
0
0

0
0

0
0
0
0
0

0
0

0
0
0
0
0

0
0

0
0
0
0
0

0
0

0
0
0
0
0

0
0

0
0
0
0
0

0
0

0
0
0
0
0

0
0

0
0
0
0
0

0
0

0
0
0
0
0

0
0

0
0
0
0
0

0
0

0
0
0
0
0

0
0

0
0
0
0
0

0
0

0
0
0
0
0

0
0

0
0
0
0
0

0
0

0
0
0
0
0

0
0

0
0
0
0
0

0
0

0
0
0
0
0

0
0

0
0
0
0
0

0
0

0
0
0
0
0

0
0

0
0
0
0
0

0
0

0
0
0
0
0

0
0

0
0
0
0
0

0
0

0
0
0
0
0

0
0

0
0
0
0
0

0
0

0
0
0
0
0

0
0

0
0
0
0
0

0
0

0
0
0
0
0

0
0

0
0
0
0
0

0
0

0
0
0
0
0

0
0

0
0
0
0
0

0
0

0
0
0
0
0

0
0

0
0
0
0
0

0
0

0
0
0
0
0

0
0

0
0
0
0
0

0
0

 -6.457242775593262   21.75562961185018  -6.586347144060036  -4.389127649708311  -4.323939708483364
 0.1830125906684497   2.773984687081977 -0.8613800086842369 -0.5559878708087297 -0.5397783402664609

-1.106599411941301e-05  1.831931710455564e-05 -0.0001523033592881896   -0.02221899833685727   -0.06813938534567654
 -1.37329808268575e-06  2.168259187404039e-06 -1.133454011632088e-05  -0.006799882666611095     0.1190016444765938

cov:
0.05492875785337468 0.05640201700317174   0.056983261214634 0.05765847074450653 0.05939566102630981
0.05640201700317174 0.05931429565155356 0.06044556276824884 0.06175270590898237 0.06512564164379203
  0.056983261214634 0.06044556276824884 0.06179077274512579 0.06334269283851639 0.06735144504166053
0.05765847074450653 0.06175270590898237 0.06334269283851639 0.06518402686275319 0.06992425020223937
0.05939566102630981 0.06512564164379203 0.06735144504166053 0.06992425020223937 0.07657168052364406

cov.inverse():
  41274.14386095387  -134067.2499157419   81151.69618009053   11642.60820813362 -0.9669161972178921
 -134067.2499158293   967325.3497395338  -850534.0876022181  -138650.6576653092   155998.5611317858
  81151.69618041445  -850534.0876041356   920123.1607069558  -21768.20593766572  -129003.0385493439
  11642.60820783568  -138650.6576628789  -21768.20594012663   238659.0702780513  -89899.34315134583
-0.9669161354863589   155998.5611311855  -129003.0385484766  -89899.34315167453   62898.40098936683

cov*(cov_.inverse()):
     1.000000000000185 -1.818989403545856e-12 -8.185452315956354e-12                      0 -1.818989403545856e-12
 7.562145354356176e-13     0.9999999999872671 -1.818989403545856e-12 -9.094947017729282e-13 -9.094947017729282e-13
-1.182942632738104e-13                      0     0.9999999999890861                      0 -9.094947017729282e-13
-9.390266342279574e-13 -1.818989403545856e-12 -5.456968210637569e-12     0.9999999999990905 -1.818989403545856e-12
-6.585565426320272e-13 -1.818989403545856e-12  1.818989403545856e-12                      0      1.000000000000909
