5
2

0.1617138303794344
0.1633871143271353
 2.379781321402969
  5.44666140230211
 22.00912048348338

   -0.2121599490895666     0.6630047720020084    -0.6802772849624489     0.2294245929187414  5.750341959750077e-06
   -0.5531321672991646     0.4933628292281833     0.5036738319143393     -0.443790839101585 -0.0005351720547947663
    0.5476947432448631     0.2018151558466292    -0.2087022172513133    -0.6955792609438296     0.3631996521911402
   -0.4874894797496605    -0.3582095999598214    -0.2053879340946976   -0.02465401264563571     0.7689264371959202
    0.3337925056926695     0.3846742991229762     0.4447411243088981     0.5157283380801226     0.5261538371875935

131.8197126025037
156.7044572567281
186.0702434953602
220.7323585950606
 263.444847983544

 4.004195648370843
0.1568124071702812

0
0
0
0
0

0
0

0
0
0
0
0

0
0

0
0
0
0
0

0
0

0
0
0
0
0

0
0

0
0
0
0
0

0
0

0
0
0
0
0

0
0

0
0
0
0
0

0
0

0
0
0
0
0

0
0

0
0
0
0
0

0
0

0
0
0
0
0

0
0

0
0
0
0
0

0
0

0
0
0
0
0

0
0

0
0
0
0
0

0
0

0
0
0
0
0

0
0

0
0
0
0
0

0
0

0
0
0
0
0

0
0

0
0
0
0
0

0
0

0
0
0
0
0

0
0

0
0
0
0
0

0
0

0
0
0
0
0

0
0

0
0
0
0
0

0
0

0
0
0
0
0

0
0

0
0
0
0
0

0
0

0
0
0
0
0

0
0

0
0
0
0
0

0
0

0
0
0
0
0

0
0

0
0
0
0
0

0
0

0
0
0
0
0

0
0

0
0
0
0
0

0
0

0
0
0
0
0

0
0

0
0
0
0
0

0
0

0
0
0
0
0

0
0

0
0
0
0
0

0
0

0
0
0
0
0

0
0

0
0
0
0
0

0
0

0
0
0
0
0

0
0

0
0
0
0
0

0
0

0
0
0
0
0

0
0

0
0
0
0
0

0
0

0
0
0
0
0

0
0

0
0
0
0
0

0
0

0
0
0
0
0

0
0

0
0
0
0
0

0
0

0
0
0
0
0

0
0

0
0
0
0
0

0
0

0
0
0
0
0

0
0

0
0
0
0
0

0
0

0
0
0
0
0

0
0

0
0
0
0
0

0
0

0
0
0
0
0

0
0

0
0
0
0
0

0
0

0
0
0
0
0

0
0

0
0
0
0
0

0
0

0
0
0
0
0

0
0

0
0
0
0
0

0
0

0
0
0
0
0

0
0

0
0
0
0
0

0
0

0
0
0
0
0

0
0

0
0
0
0
0

0
0

0
0
0
0
0

0
0

0
0
0
0
0

0
0

0
0
0
0
0

0
0

0
0
0
0
0

0
0

0
0
0
0
0

0
0

0
0
0
0
0

0
0

0
0
0
0
0

0
0

0
0
0
0
0

0
0

0
0
0
0
0

0
0

0
0
0
0
0

0
0

0
0
0
0
0

0
0

0
0
0
0
0

0
0

0
0
0
0
0

0
0

0
0
0
0
0

0
0

0
0
0
0
0

0
0

0
0
0
0
0

0
0

0
0
0
0
0

0
0

0
0
0
0
0

0
0

 -0.03901084071594909  -0.01450048813598607   0.01221085363577182   0.04115449150207744 0.0002400978351400265
    1.942555742373507    0.8748767210246886   -0.2706115907320431    -1.545979623660904 -0.006417592574460375

-5.28956736140885e-06 6.167484312334495e-05   -0.3136362073467567    0.6192393460248291     3.963393100506128
-7.00843700128832e-05 -0.002484358926219939     13.42209708125459    -34.75695806860409     30.96239981918798

cov:
62.72897520096915 67.99323928859833 74.22928350840662 81.59216619721879 75.08000194801558
67.99323928859833 75.73420409632787 84.81051733466367 95.56425908998015 90.28577339329864
74.22928350840662 84.81051733466367 97.32900379124764   112.06732829169 108.2366029019609
81.59216619721879 95.56425908998015   112.06732829169 131.6037781220507   129.45036377255
75.08000194801558 90.28577339329864 108.2366029019609   129.45036377255 152.3877495269826

cov.inverse():
    13.24340436756609     -15.5756971264541    -4.933777078331466     7.267645085602446   0.03389383881340377
   -15.57569712645281      25.9386612217508    -7.942883956432254     -2.40937194913041 -0.005668871890389421
   -4.933777078333814    -7.942883956428999     27.20867661093024    -14.31497379300225  -0.02847175910230503
     7.26764508560352    -2.409371949132386    -14.31497379300136     9.476432898248044  -0.03574007320975895
  0.03389383881340204 -0.005668871890394356  -0.02847175910229159  -0.03574007320976576   0.04380483983530864

cov*(cov_.inverse()):
     1.000000000000415 -2.192135362122372e-13 -1.283417816466681e-13  9.281464485866309e-14  8.881784197001252e-16
 -8.43769498715119e-14      1.000000000000254 -3.144151605738443e-13  1.461053500406706e-13  8.881784197001252e-16
 2.686739719592879e-13  1.859623566247137e-13     0.9999999999995648   2.19824158875781e-13                      0
 1.172395514004165e-13  4.285460875053104e-14 -1.163513729807164e-13      1.000000000000164  8.881784197001252e-16
-1.110223024625157e-13  2.320366121466577e-14 -1.687538997430238e-13  7.638334409421077e-14      1.000000000000001
