6
2

8.329846107226953e-05
0.0002153564307091654
0.0005103228893991618
0.0006709557609979516
   0.0176849647689779
   0.5663279111100953

   0.1246974541166651   -0.7262419402022078    0.6739485257416533 -0.004539295647880957  -0.01822543603261047   -0.0496367016959201
   0.5710818163252233   -0.4669985469031177   -0.5822181234208056   0.06473999638971063   0.09016239250238227     0.323232809069753
 -0.05480094191829132   -0.1262024528197025   -0.1482703332446889    0.1703186043534597    0.7567837688625633   -0.5977922767516591
    0.132094391043759    0.1020805653634531    0.1024087771448791   -0.8875338491044156    0.3807726364132931     0.170114486291785
  -0.6874615520169636   -0.2489514846965231  -0.08862729077108562     0.110405195570955    0.3263295776691708    0.5821380211132083
   0.4065226280511097    0.4076280888585513    0.4080306304492166    0.4085022156101619    0.4090698103538968    0.4097286037974102

0.3982207663262665
0.3983528409698062
0.3983342090055416
0.3983137302031943
0.3982804305582249
0.3982645656436905

0.0003538601855495647
   0.3984503679650466

   2.530955471607427    3.454260763505192   -3.932534938632152  -0.1343241358662318  -0.4708481542246282   -1.447480958879568
   1.441446390248012  0.06087415640235105  -0.1797686905428075 -0.04323472632864572  -0.1866668347877509 -0.09269742345351792

-3.304393903248954e-08  7.433615558881174e-08  1.287896919409012e-07 -9.946554369603723e-09  -0.001020361480275382  -0.002631936869634121
 1.566744838170662e-10  3.941365988548837e-08 -3.990743547974137e-08  5.840505489851535e-08 -0.0003471026251825368     0.1300361345861206

cov:
0.05315143597635259 0.05320125652388459 0.05321926840221994 0.05323791438604294 0.05326556104754972 0.05329646826271121
0.05320125652388459 0.05331166631879247 0.05335180667069476 0.05339789697826207 0.05345532918990475 0.05352157047463314
0.05321926840221994 0.05335180667069476 0.05340005242244649 0.05345617160880194 0.05352450067369126 0.05360366013440209
0.05323791438604294 0.05339789697826207 0.05345617160880194 0.05352524190665533 0.05360658215721231 0.05370175371258764
0.05326556104754972 0.05345532918990475 0.05352450067369126 0.05360658215721231 0.05370342132222099 0.05381566119144845
0.05329646826271121 0.05352157047463314 0.05360366013440209 0.05370175371258764 0.05381566119144845  0.0539490068628467

cov.inverse():
 9324833.754661594  -18744980.7363433  5004129.416770579  419094.3785722372   734444.469508532  3262520.315756117
-18744980.73902227  80800001.12965445 -64582099.34667981 -460650.1364727045  719067.7530204338  2268361.200683606
 5004129.420187395 -64582099.35240043  72877226.77216195 -1552521.801531084 -3246433.604805432 -8500082.775551446
 419094.3784050575 -460650.1355764185 -1552521.802340029  1954541.617229664 -117866.5031689408 -242449.8616039661
 734444.4695606377  719067.7530719514 -3246433.604940414 -117866.5032079903  2744702.555836241 -833871.7556177764
 3262520.315133367  2268361.202777442 -8500082.776911352 -242449.8616447523 -833871.7556881803  4045390.994375074

cov*(cov_.inverse()):
     1.000000000029104  -4.94765117764473e-10                      0 -5.456968210637569e-12  7.275957614183426e-12  5.820766091346741e-11
                     0     0.9999999997380655   2.91038304567337e-10 -3.637978807091713e-12   2.91038304567337e-11                      0
 5.820766091346741e-11 -8.149072527885437e-10      1.000000000349246  1.818989403545856e-12  1.455191522836685e-11   2.91038304567337e-11
-5.820766091346741e-11 -2.037268131971359e-10 -1.746229827404022e-10      0.999999999996362  1.455191522836685e-11                      0
  2.91038304567337e-11 -3.492459654808044e-10 -4.074536263942719e-10                      0       1.00000000003638  8.731149137020111e-11
                     0                      0  1.164153218269348e-10  7.275957614183426e-12  7.275957614183426e-12      1.000000000058208
