5
2

 5.33930490297805e-05
8.838310466841732e-05
0.0002867458053790642
  0.01772686757148485
   0.5198185506462778

-0.0003682747883297217     0.4325767441185375    -0.8126014722010415      0.390454476636162   -0.01006845931443162
   -0.5687845863817791     0.7070828720274052     0.1991526744882268    -0.3686256563680646    0.03116478928830313
    0.3847118440283314    0.02696896565609653     -0.311079996982804    -0.6624371866553359     0.5618502301940465
   -0.5743676074375531    -0.3361651132503737   -0.05820748834842829     0.2686433296671574     0.6939290438404595
    0.4456260845809752     0.4462923526771269     0.4470550116017408     0.4479600007852272     0.4491260212693219

 0.402142574810074
0.4021921162406477
0.4022049420749389
0.4022029715969019
0.4022361844611076

0.0002402276032752861
   0.4023576155559228

0.5231230725803011   2.66075814349989  3.373717326881156  -6.33772283380479 -0.219956775475018
0.6883314374583192 0.5929449627450005 0.8549220375301728 -1.026589039850282 -0.109597708549168

-1.158308849127508e-08   3.58169171267245e-08  2.711945071809917e-07  -0.001020191135866035  -0.002433009786774367
-2.389563953465065e-09  4.476190752710901e-09  5.207393823070009e-08  -0.000313074389947547     0.1201004002318448

cov:
0.05376295204339034  0.0538001692946042 0.05384182640901937 0.05389179706130024 0.05395547832860915
 0.0538001692946042 0.05385536048566312 0.05391796426298175 0.05399256983044826 0.05408826248998937
0.05384182640901937 0.05391796426298175 0.05400501950275222 0.05410836840127663 0.05424141412845498
0.05389179706130024 0.05399256983044826 0.05410836840127663 0.05424552631233198 0.05442249984103478
0.05395547832860915 0.05408826248998937 0.05424141412845498 0.05442249984103478 0.05465680197130407

cov.inverse():
 43216065.66331623 -51413952.67066089 -15851340.27430709  23690373.31836083  359656.0135609081
-51413952.68114302  129650705.2186105 -105377541.2888206  25662114.79110359  1476732.074213115
-15851340.25732323 -105377541.3179769  237879428.3901829 -118187506.9607025   1538651.16299833
 23690373.31371417  25662114.81140622  -118187506.980673  76210067.60750851 -7375651.202763995
 359656.0117060032  1476732.072584601  1538651.170796104 -7375651.207078324   4000681.87835923

cov*(cov_.inverse()):
     1.000000000844011 -2.473825588822365e-10  2.663000486791134e-09 -6.402842700481415e-10  5.820766091346741e-11
 9.822542779147625e-11      1.000000000625732  1.367880031466484e-09 -3.492459654808044e-10  -2.91038304567337e-11
  8.11269273981452e-10 -6.111804395914078e-10      1.000000001164153 -5.820766091346741e-11                      0
 3.819877747446299e-10  4.802132025361061e-10  2.182787284255028e-10     0.9999999993015081  -2.91038304567337e-11
 1.036823960021138e-09  7.130438461899757e-10  8.731149137020111e-11  1.164153218269348e-10                      1
