5
2

0.0003812886608613707
0.0005361724602868715
0.0007018213686194953
  0.01678587768050384
   0.5198679442584055

  0.2587079983716688 -0.07903031445657792  -0.1088455581737081  -0.7108582407513253   0.6400449882603598
 -0.3813133667595595   0.3040996838209455   0.7210892614920226  -0.4539747149462419   -0.189896639730299
  0.2319375509330983  -0.8193545088682985     0.51734074744056  0.08385025442527957 -0.01381474338540101
 -0.7320348460502002    -0.17442932298262  0.02172404461507851   0.2841944734977173   0.5936842279958285
  0.4449721840120248   0.4466656375611511    0.447291334981965   0.4480961457227462   0.4490321475308089

0.3982231332905817
0.3982912886146435
0.3982863919358729
0.3982800984319292
0.3982524688598151

0.0002345747160144411
   0.3983880841698073

   2.899120491721542 -0.06812839416537307  -0.1691307568975977  -0.8431399951743769   -1.818881865690354
   1.704820668023442 -0.09803756447770237  -0.1345406232591972  -0.2716394109257652  -0.2005283913611591

 3.038547984021474e-08 -1.494859888445979e-07  2.931518561420103e-07 -0.0009674439151655971  -0.002864127701312709
 7.678921332290573e-08  -1.76945305563285e-07  1.901892445873115e-07 -0.0004029416273261748     0.1196897849218031

cov:
0.05366314584604805 0.05375157857235947 0.05378647138186964 0.05382917630896686 0.05387791393501679
0.05375157857235947 0.05392909006280935 0.05399447916551588 0.05407881273247893 0.05417664022803497
0.05378647138186964 0.05399447916551588 0.05407174552052577 0.05417029807658796 0.05428535063035818
0.05382917630896686 0.05407881273247893 0.05417029807658796  0.0542889789232975 0.05442693684447406
0.05387791393501679 0.05417664022803497 0.05428535063035818 0.05442693684447406 0.05459241021946821

cov.inverse():
 1077266.781999263 -929362.7412982072  -906588.008398702  -624087.642034505  1382801.935272575
-929362.7412993608  1727732.662260359 -38657.33573428593  -233448.668504081 -526194.0622517678
-906588.0083855386 -38657.33574132541  2433580.303506247 -518400.0120368839  -969978.058741833
-624087.6420559158 -233448.6684960627  -518400.011997944  4207282.263510483 -2831455.035819725
 1382801.935281976 -526194.0622539006  -969978.058774649 -2831455.035794177   2944895.92109459

cov*(cov_.inverse()):
    0.9999999999854481  7.275957614183426e-12  1.455191522836685e-11                      0                      0
-1.455191522836685e-11      1.000000000010914                      0                      0  -2.91038304567337e-11
 -2.91038304567337e-11                      0      0.999999999992724   2.91038304567337e-11                      0
 -2.91038304567337e-11  3.637978807091713e-12  7.275957614183426e-12                      1  -2.91038304567337e-11
-1.455191522836685e-11  3.637978807091713e-12  7.275957614183426e-12                      0     0.9999999999708962
