5
2

9.751833692548791e-05
0.0001729996440522604
0.0004992419725061402
  0.01937462643161041
   0.5167193165472306

 -0.2970862810013887   0.7866497633242323  -0.5395853459368667 0.008903034463108864  0.04111303844566584
 -0.6335509771499658    0.248749310433347   0.6932727999619738 -0.08892693274324338  -0.2195490045001853
 0.04393372478219595  0.06425238888348045   0.1011756387571896  -0.7981452460816957   0.5887861365799919
 -0.5565888363899542  -0.3406046202631125  -0.1353348966476645    0.392437694556182   0.6339357077040959
  0.4456810474161172   0.4462802411031117    0.446842740966571   0.4482962844579976    0.448959192534976

0.3946493802199117
0.3946848873334421
0.3947743931772434
 0.394709021605935
0.3946775938391745

0.0003925259170880374
   0.3948832614810343

   3.079141050271708  -0.3001338245824995  -0.2890667458931963  -0.6937886759532431   -1.796073835844041
   1.352032560177413   0.2062626306287335  -0.2699042215938489 -0.09728370665881983  -0.1911229274630209

-1.022224003244087e-08 -5.296903289454682e-08 -1.039371165380918e-07  -0.001119871646692597  -0.002184880691030916
  -9.7476931479227e-10 -2.818639152930004e-08  2.607316077808357e-09 -0.0003549520142769872     0.1187085340218984

cov:
 0.0531507096643439 0.05317686632396619 0.05320091042557018 0.05326361257865941 0.05329205755660597
0.05317686632396619 0.05322066440545707 0.05326143906409954 0.05336714353785179 0.05341527800653536
0.05320091042557018 0.05326143906409954  0.0533181379050033  0.0534647017320215 0.05353155461339294
0.05326361257865941 0.05336714353785179  0.0534647017320215 0.05371661116522657  0.0538312576187051
0.05329205755660597 0.05341527800653536 0.05353155461339294  0.0538312576187051 0.05396839378362043

cov.inverse():
 22700880.87914485 -29828713.21466555  2199061.805176031  1463054.850608707   3466011.59923502
-29828713.21711237  67155732.02780059  -38846089.7757244 -208756.2214494301  1727318.257136768
 2199061.808400223 -38846089.77987169  46716046.63559167 -2889194.272988191 -7179600.073589581
 1463054.850210798  -208756.220298924 -2889194.273829903  2828859.579091254 -1193966.226090961
 3466011.598855572  1727318.257686747 -7179600.073671009 -1193966.226180067  3180246.258310657

cov*(cov_.inverse()):
     1.000000000203727                      0 -3.492459654808044e-10   2.91038304567337e-11 -5.820766091346741e-11
-5.820766091346741e-11       1.00000000037835 -4.074536263942719e-10   2.91038304567337e-11 -5.820766091346741e-11
 1.746229827404022e-10  1.455191522836685e-10     0.9999999997089617  5.093170329928398e-11  -2.91038304567337e-11
 1.455191522836685e-10  1.309672370553017e-10                      0                      1  -2.91038304567337e-11
 1.746229827404022e-10                      0  5.820766091346741e-11  1.455191522836685e-11                      1
