5
2

5.511324078392276e-05
9.876462205569601e-05
0.0003513323203516967
  0.01980073027649329
    0.571106264304714

  -0.2224825958058199    0.7859718885296718    -0.576661639883664 -0.001296624084831573   0.01446916919768492
  -0.6732452577681564    0.2888158795869803    0.6486875956964434  -0.07042719719731282   -0.1938314310827483
   0.0457546365749348   0.07482889042579058    0.1007273644092646    -0.802644939029507    0.5813108035285627
  -0.5442940113943047    -0.306360587886236   -0.1921177931883701    0.3873179446206407    0.6503558892372462
   0.4459740573714858    0.4465169711076445    0.4467779178471613    0.4480895449417171     0.448703673377598

0.4244466325827968
0.4242916495092056
0.4242904122520966
0.4238498288077528
0.4236456936222405

0.002279486524784557
  0.4250208662342629

  1.417694313966254  -1.355992023812165   3.247235608707581 -0.5839936938841821  -2.725374943569148
  6.956557575136665  -1.024708602541442  -6.817165744423876   0.671609225717178   1.220068076012061

-1.000061506045593e-08  1.297093988476007e-08     -1.01841541112e-07  -0.001167866132323896  -0.002280729164956812
 4.844385024246345e-09 -9.447594543867981e-08 -3.393003954751001e-08 -0.0004348744929179542     0.1459659457050425

cov:
0.06498752316366826 0.06501571336053515 0.06502928986509858 0.06509642628312552 0.06512963349408575
0.06501571336053515 0.06506620784601669 0.06509048714232876  0.0652119010089111 0.06526975866211633
0.06502928986509858 0.06509048714232876 0.06511991268865368 0.06526738393008233 0.06533707952359434
0.06509642628312552  0.0652119010089111 0.06526738393008233 0.06554715855531815 0.06567672007697238
0.06512963349408575 0.06526975866211633 0.06533707952359434 0.06567672007697238 0.06583376802023061

cov.inverse():
  62780595.6997719 -77475031.89568016 -2496171.295821292  4657746.428523336  12532876.43409207
 -77475031.8448766  211974182.3719724 -129948307.7924019 -2907650.073956578 -1643160.646792724
-2496171.353142135  -129948307.720921  152699974.2402196 -5092544.697676811 -15163028.77309057
 4657746.427326258 -2907650.072142941 -5092544.698039035  5728703.237575614  -2386102.83121396
 12532876.44180639 -1643160.669283542 -15163028.75856841 -2386102.830959627  6659310.073698407

cov*(cov_.inverse()):
     1.000000000232831 -5.675246939063072e-10 -9.313225746154785e-10                      0  1.746229827404022e-10
-1.164153218269348e-10      1.000000002168235                      0  -2.91038304567337e-11  2.328306436538696e-10
 3.492459654808044e-10  1.688022166490555e-09     0.9999999988358468 -5.820766091346741e-11  1.746229827404022e-10
                     0  8.585629984736443e-10 -2.328306436538696e-10     0.9999999999417923                      0
 4.656612873077393e-10  8.731149137020111e-10 -9.313225746154785e-10   2.91038304567337e-11      1.000000000174623
