5
2

5.509338869948705e-05
 7.66653913284279e-05
0.0001832856875382319
  0.02150518496639034
   0.5721851888855692

-0.02136627730871325   0.2618639700350331   -0.786898699665017   0.5582304788928115 -0.01182845264884373
  -0.314671477433785   0.7946837123027947 -0.08418072090121086  -0.5012572502957029   0.1054250157449894
  0.6744903167815156  -0.1293693590636162  -0.4111010250830895  -0.4855493376826596   0.3515169545768783
 -0.4963043673717404  -0.2891300519418093 -0.06930897058410126  0.03619970351642869   0.8148445471706598
  0.4463968312827868   0.4467353138019602   0.4470975916578646   0.4472709733509952   0.4485642076161913

0.4231449423487831
0.4230780134096173
0.4229393245815034
0.4229469829592644
0.4223646937767499

0.002046964489126137
  0.4236028868544479

-0.4877956555563205   3.026184089315064    -2.6631857364714   3.085140940806545  -2.960680801728933
  8.931954447989694  -6.691938871409568 -0.3685912489016523   -3.03944506370419   2.174347589603419

 1.413156737195753e-08  5.430676713496006e-09 -7.270968490449031e-08  -0.001271382808701528  -0.001542856871486961
-1.024591546971478e-08 -3.729210338591785e-08  3.118127516285032e-07 -0.0003749973359798512     0.1469200330041862

cov:
0.06535415325567563 0.06535604950595071 0.06535853622420905 0.06535965756634979 0.06536995938520805
0.06535604950595071 0.06537786234473286 0.06540145179821942  0.0654127018537682 0.06549773177415109
0.06535853622420905 0.06540145179821942 0.06544744206489622 0.06546943741216617 0.06563376953464774
0.06535965756634979  0.0654127018537682 0.06546943741216617  0.0654965975882843 0.06569899111814959
0.06536995938520805 0.06549773177415109 0.06563376953464774 0.06569899111814959  0.0661823506133713

cov.inverse():
 30540042.83956962 -46985932.51195347  1792076.068947735  13157683.47935038  1495918.566210106
-46985932.52239133  130536186.1708735 -77686936.40945268 -17742672.39250774  11879398.97595509
 1792076.095191945   -77686936.448347  210240509.9140941 -131600551.0285845 -2745196.497293125
  13157683.4643485 -17742672.36591918 -131600551.0395337  152432963.2060535 -16246991.62766447
  1495918.56540575  11879398.97782285  -2745196.49899393 -16246991.62702706  5616719.952466753

cov*(cov_.inverse()):
    0.9999999997962732  2.095475792884827e-09 -9.022187441587448e-10 -6.984919309616089e-10                      0
-1.600710675120354e-10     0.9999999998835847 -1.193257048726082e-09 -1.396983861923218e-09 -5.820766091346741e-11
-4.365574568510056e-10  1.164153218269348e-09     0.9999999981664587 -1.396983861923218e-09                      0
-5.384208634495735e-10  1.513399183750153e-09 -2.532033249735832e-09                      1                      0
-2.619344741106033e-10  4.656612873077393e-10  -1.33877620100975e-09 -2.328306436538696e-10                      1
