5
2

8.000878418432096e-05
 0.000100525476306239
0.0004660177955073777
  0.01102405983858201
   0.5172210704719267

  0.03033856193664695    0.3105275258769981   -0.8193969422015706    0.4808694268119533 -0.002339401758191705
  -0.4856314312763171    0.7867476995486277   0.05943881987100292   -0.3760547371043613   0.01549295340371824
   0.3415185479963364  -0.05379591176030549   -0.3514322700363534   -0.5825005847445838      0.64626581961424
  -0.6688604252643618   -0.2864055646143657   0.03871735640758697    0.2961276423257224    0.6175815491386708
   0.4463546768050973    0.4468540761405858    0.4472717336172295    0.4476035268870659    0.4479821605332719

0.3978170081757127
0.3978639331313242
0.3979639370465294
0.3979508638889851
0.3979401272210253

0.0002447187200302047
   0.3980321101004818

   2.471737982566258    3.726809948865407    2.406156806000038   -8.400761648203304   -0.203978139693406
   1.219260510107791   0.9528504383613008  -0.3904197480698098  -0.7440178156019001 -0.03780701701420544

-3.058926832489034e-08  5.083719905215786e-08  9.902376155844223e-07 -0.0006369549125715997  -0.001811404450441277
 1.889046280085699e-09  4.178987979469342e-09  1.979102784418343e-07  -0.000163725798004468      0.119158279995781

cov:
0.05335260376238561  0.0533811119713172 0.05340453666805665 0.05342321661602719 0.05344238765229988
 0.0533811119713172 0.05342751408688939 0.05346612037169489 0.05349682556947939  0.0535308869477762
0.05340453666805665 0.05346612037169489 0.05351765238592425 0.05355857422191399 0.05360530043344494
0.05342321661602719 0.05349682556947939 0.05355857422191399 0.05360760242038296 0.05366435088998234
0.05344238765229988  0.0535308869477762 0.05360530043344494 0.05366435088998234  0.0537340266592309

cov.inverse():
 24022402.52632198 -36419866.29871868 -7292717.258226484  19433335.70698854  257269.9546036245
-36419866.30137888  76329241.59475732  -35033812.4173279 -5807298.296237039  931170.5648631664
 -7292717.25215378 -35033812.42780934  105803308.8082135 -62821776.66328261 -655022.8312251722
 19433335.70353587 -5807298.288010315  -62821776.6684585  51679962.27938724 -2484188.472069522
 257269.9546437955  931170.5644576849 -655022.8304580457 -2484188.472471336  1950915.595501286

cov*(cov_.inverse()):
    0.9999999998472049 -2.546585164964199e-10 -5.020410753786564e-10 -1.164153218269348e-10 -1.455191522836685e-11
-1.364242052659392e-10     0.9999999999054126  -3.92901711165905e-10 -1.455191522836685e-10                      0
-1.309672370553017e-10  1.746229827404022e-10      1.000000000014552 -4.365574568510056e-10                      0
-1.837179297581315e-10 -2.037268131971359e-10 -7.421476766467094e-10      1.000000000145519  1.455191522836685e-11
 1.091393642127514e-10 -1.236912794411182e-10 -1.309672370553017e-10  3.492459654808044e-10                      1
