7
2

5.576427544666179e-05
8.687971068432387e-05
 0.000193962916759094
0.0004322623674239931
0.0005735807190292185
  0.02139358027484095
   0.6605583027521013

0.007789163350001328  -0.2475059130285878   0.7830995677179134  -0.5701540998678288  0.00306853691249311 0.005965903854241801  0.01773452752498696
 -0.3918243322874209   0.7991750879909674 -0.06900434056980417  -0.4446297785082249  0.01244575959968611  0.02717704778636022  0.06664940772433564
  0.6020357154337606  -0.0870324861478652  -0.4510518116522014  -0.5625456899155539  0.06780979533263695   0.1357267752985845   0.2950475008939681
-0.04488380388424713 -0.05894974435620717 -0.08000132275382893 -0.09521707423673152   0.1216340828651947   0.7685858069564141  -0.6111668153224242
 0.09840953975027986  0.09345011046878195  0.09168411223260456  0.09141443021754514  -0.9032775933561514   0.3324836907014862   0.1958679392087156
 -0.5754942953175787   -0.372253876932722  -0.1460689836069723 -0.02380977309412824   0.1456380552344654   0.3681432944713108   0.5929505759353362
  0.3755973130840082   0.3764364537444598   0.3773637438567655   0.3778640160852454   0.3785786772917019   0.3794799415388828   0.3804087327289101

0.4158844536997611
 0.415920331876391
0.4159072922558927
0.4159705417155561
 0.415969445416131
0.4158942204535314
 0.415855483083565

0.0005221442383198091
   0.4161433493070998

   1.019457999429883    3.085219466378863   0.2208965812777882   -2.346336758863934 -0.06747013404219397  -0.5331917651193447   -1.378325352030398
  0.6831412558593132    2.937383930212505   -3.120401451405967   0.3384035826127324 -0.07965492177149655   0.0566066862262872   0.1836119056837561

 2.261515608555752e-09  2.254609404697946e-08  4.070307328880245e-08  7.520475212677625e-08 -6.313440296049487e-08  -0.001251757134640408  -0.004864481614789059
-1.043250638091252e-08  1.628464648688041e-08  5.376801003902561e-08 -1.210881206971934e-08  7.017630867296621e-08 -0.0004214130443694518     0.1631210202906959

cov:
 0.0617071577604182 0.06179113035304903 0.06188351968362779 0.06193330402618661 0.06200577494411191  0.0620949097856774 0.06218792415324207
0.06179113035304903 0.06189434446711935 0.06200811394759671 0.06206945466207896 0.06215793767967043 0.06226809464057233 0.06238236075441615
0.06188351968362779 0.06200811394759671 0.06214568767974794 0.06221988697779256  0.0623261905819877 0.06245974199952331 0.06259765940249719
0.06193330402618661 0.06206945466207896 0.06221988697779256 0.06230104391541545 0.06241697830413719 0.06256317472521025 0.06271387734709115
0.06200577494411191 0.06215793767967043  0.0623261905819877 0.06241697830413719 0.06254662871265335 0.06270998577875216 0.06287840541910908
 0.0620949097856774 0.06226809464057233 0.06245974199952331 0.06256317472521025 0.06270998577875216 0.06289693741143519 0.06308839416649777
0.06218792415324207 0.06238236075441615 0.06259765940249719 0.06271387734709115 0.06287840541910908 0.06308839416649777 0.06330372078987025

cov.inverse():
 30034234.30256682 -43455633.34739894 -1627502.329918593  12700955.99674496  147149.3260341099  690490.9456128017  1510740.132122816
-43455633.35798541  104561414.6997886  -68540224.0093555 -338929.4126298477   621562.352913442   1940279.98217144  5210577.071626063
-1627502.284848793 -68540224.09001286  203305201.3676998 -132705548.2189383 -457866.1832672604 -609853.7842449906  635449.0581652253
 12700955.95901002 -338929.3345846104 -132705548.2634214  139214578.7015667 -2622665.435834264 -5023529.196905559 -11223617.77371734
 147149.3260037866  621562.3520568925 -457866.1802888421 -2622665.438039631  2705007.227662456 -117078.9533701944 -276236.3086775047
 690490.9464909757  1940279.979891297 -609853.7801963534 -5023529.199783679 -117078.9534645711   4096737.93226422 -977097.5508227254
  1510740.13452646  5210577.066789004  635449.0600325767 -11223617.77280596 -276236.3086969409 -977097.5511485526  5119997.424449784

cov*(cov_.inverse()):
     1.000000000422006   2.91038304567337e-10 -8.731149137020111e-10  2.328306436538696e-10  7.275957614183426e-12 -7.275957614183426e-11                      0
 3.783497959375381e-10      1.000000000698492 -2.197339199483395e-09 -5.820766091346741e-10  3.637978807091713e-12 -5.820766091346741e-11  1.746229827404022e-10
 1.164153218269348e-10 -1.746229827404022e-10     0.9999999984065653 -1.396983861923218e-09 -2.182787284255028e-11  -2.91038304567337e-11  1.746229827404022e-10
 2.764863893389702e-10  6.984919309616089e-10 -2.350134309381247e-09     0.9999999993015081  7.275957614183426e-12                      0  5.820766091346741e-11
 4.074536263942719e-10  5.238689482212067e-10 -3.274180926382542e-10 -1.164153218269348e-09                      1 -5.820766091346741e-11                      0
 -1.01863406598568e-10   1.57160684466362e-09 -2.510205376893282e-09 -1.164153218269348e-10 -1.455191522836685e-11     0.9999999999490683 -5.820766091346741e-11
-4.365574568510056e-11  5.820766091346741e-11 -5.384208634495735e-10 -2.328306436538696e-10 -7.275957614183426e-12  -2.91038304567337e-11                      1
