5
2

5.648425000039575e-05
9.406866336264233e-05
0.0004105273740905812
  0.01221141777208848
   0.5564592187648408

-0.009449219659607797    0.2943695231408488   -0.8015894808708184    0.5202869591414534 -0.003616683321081845
   -0.503073427373539    0.7836995666544437   0.06076600248854386    -0.358799328848239   0.01739685189604406
    0.314220810936664  -0.03868237915706834    -0.382870553858241   -0.5576613854992706    0.6649758443946456
  -0.6704833827073129   -0.3135968281264042   0.08361155638273494     0.298217024270481    0.5968121789783901
   0.4455840598653966    0.4464552340417494    0.4474159627531795    0.4479340434971271     0.448672061243573

0.4158202632899911
 0.415858836518323
0.4158487983939657
0.4159138217116619
0.4159190736405646

0.0004786813243446912
   0.4160739011793069

  1.780951730874177   4.354304168624433   1.633426902543388  -7.547288029782572 -0.2212026964869324
 0.5099249323781897   1.614677336275692  0.1874848997320098  -1.098793271193053 -0.2138443992666762

-1.266727657845044e-08  4.707522190319087e-08  6.450628535894274e-07 -0.0007166299013893287  -0.003575757020582016
-7.998730349923542e-10  1.248414459600188e-08  8.368327889171883e-08 -0.0001920472879913291     0.1374356407758871

cov:
0.06154593895557374 0.06163043156108436 0.06172325834577916  0.0617732758338759 0.06184531193586473
0.06163043156108436 0.06173418806248671 0.06184842400819784  0.0619100091257542  0.0619980661477847
0.06172325834577916 0.06184842400819784 0.06198650131228958 0.06206096009394605 0.06216685132176394
 0.0617732758338759  0.0619100091257542 0.06206096009394605 0.06214238200720084 0.06225790755735555
0.06184531193586473  0.0619980661477847 0.06216685132176394 0.06225790755735555 0.06238715110693941

cov.inverse():
 29217296.42197356 -45496990.34331416 -1794784.381137907  17816250.52638554  258806.8358672727
-45496990.36097525  96577571.20502032 -68489431.64540415  16354888.90691345    1053166.6284649
 -1794784.33131042  -68489431.7237829  202682410.9352497 -131916291.4092516 -482210.1103420095
 17816250.49459431  16354888.96667091 -131916291.4367592  101240145.6620942 -3494344.693568702
 258806.8354920572  1053166.629425504 -482210.1113865302 -3494344.693109575  2664471.552238863

cov*(cov_.inverse()):
     1.000000000445652  1.309672370553017e-10 -3.710738383233547e-10  9.895302355289459e-10                      0
 3.074092091992497e-10     0.9999999999854481  1.011358108371496e-09 -1.717125996947289e-09                      0
 3.510649548843503e-10 -2.473825588822365e-10      1.000000000174623  -2.91038304567337e-11   2.91038304567337e-11
 1.437001628801227e-10 -7.566995918750763e-10  1.604348653927445e-09     0.9999999979918357  5.820766091346741e-11
 3.055902197957039e-10 -4.656612873077393e-10   2.91038304567337e-11   2.91038304567337e-10                      1
