5
2

7.196419637907593e-05
 0.000208999628448966
0.0005775630504045543
  0.01158507093074683
   0.5086742154326117

 -0.2893836477978755   0.7992013499064451    -0.52657943054861 0.001039592738083064  0.01572670547036473
 -0.5248190783229322   0.2876493166612898   0.7148301810432333  -0.1472711733965688  -0.3303813242431485
  0.1119243605304076   0.1020127057142726    0.107064890543681  -0.8365353211657469   0.5155696956258218
 -0.6551900309085297  -0.2617702277907016 -0.01723773890879174   0.2794401960451916   0.6510133703942038
   0.446117697848227   0.4467715620395572   0.4471821610518267   0.4476962742861303   0.4482971468196827

0.3781896106522856
0.3782757847901584
0.3782551676074677
0.3782418144379162
0.3781829050583951

0.0004226723269990948
   0.3783991586291606

  5.919819315690056   2.750150932330231  -7.718606396070888 -0.2266977482809596 -0.7248440811255562
  2.588074980165729 -0.9980413192276735 -0.1785438065039891 -0.1166998659926214 -0.2947537509185646

 2.349978704350106e-08 -3.302440858759745e-07 -2.246201032650558e-08 -0.0006711625627588614  -0.002182543026346101
-7.547244937703165e-09 -7.244109341228036e-08  3.816058809938594e-08 -0.0002222373627022383     0.1150049758733031

cov:
0.05155420702133567 0.05159506810948323  0.0516209539413942 0.05165419462025145 0.05169093511812026
0.05159506810948323 0.05165684833402404 0.05169572320411319 0.05174469166835343 0.05180114289294563
 0.0516209539413942 0.05169572320411319 0.05174268425056742 0.05180142290236253 0.05187013162813098
0.05165419462025145 0.05174469166835343 0.05180142290236253 0.05187237407260521 0.05195553947985332
0.05169093511812026 0.05180114289294563 0.05187013162813098 0.05195553947985332 0.05205794007468851

cov.inverse():
 22516564.59128613 -48078349.75399703  20871643.21113835  1429309.137331476  3260516.610501403
-48078349.75475818  125258997.4279704 -76521819.26945649 -1065754.620404705  407705.8662458472
 20871643.21233456 -76521819.27146097  65274478.92244545 -2784302.211693987 -6840319.656496867
 1429309.137052525 -1065754.619484283 -2784302.212405776  2595147.541133211 -174520.6744786386
 3260516.610345316  407705.8665686798 -6840319.656593282 -174520.6745489629  3346613.678975415

cov*(cov_.inverse()):
     1.000000000116415 -2.692104317247868e-10 -1.164153218269348e-10  5.456968210637569e-12                      0
-5.820766091346741e-11     0.9999999995743565  5.820766091346741e-11  7.275957614183426e-12  -2.91038304567337e-11
  2.91038304567337e-10  1.091393642127514e-11                      1 -7.275957614183426e-12                      0
 -2.91038304567337e-11  3.819877747446299e-10  1.164153218269348e-10      1.000000000016371   2.91038304567337e-11
 1.746229827404022e-10 -6.220943760126829e-10  1.164153218269348e-10 -1.818989403545856e-12      1.000000000058208
