5
2

0.0001390186017181418
0.0003859295277758646
0.0006638412242683899
  0.02095269419263945
   0.5231112666368113

  0.5123582749647762  -0.8311903693441438  0.02863916889756261   0.1021818874796203   0.1880165627295195
  0.1028092103529561   0.1040584384494981 -0.03673317445757076  -0.7788853890310702    0.608761309794111
  0.2535762934101718   0.1992295244009938  -0.8929279115168147   0.2504321854582679   0.1896579166502848
 -0.6817592720175775  -0.2436731725998932 -0.02444171933150269   0.3450544755783296    0.596797864618038
  0.4447725517386855   0.4463467182124835   0.4471161136544568   0.4484613049026419   0.4493568996647974

0.3939431433610736
0.3941386145360948
0.3942847922297199
0.3943509793327808
0.3944094947663276

-0.0005920171334039573
    0.3940490847229782

  1.932428011907096  0.5262204542020849 0.01258285717656882  -0.635874602408005  -1.835411485454261
  1.199111357288581 0.07110249403363136 0.04244653824204969 0.08241668799924176 -0.3950032663810222

 2.763716866731906e-09 -5.497243742452116e-08  3.361423714058572e-08  -0.001212018378598017  -0.002716275297511401
 9.482287314458368e-09 -2.614469464819532e-08  9.961887719678055e-08 -0.0004579665389354824     0.1213644610070413

cov:
0.05433733765570681 0.05439778963619421  0.0544257004471546 0.05447894950231434 0.05451262010835577
0.05439778963619421 0.05454321148232869 0.05461362155262946 0.05473848456129312  0.0548209573771183
 0.0544257004471546 0.05461362155262946 0.05470583665237218  0.0548660118924247 0.05497290413629777
0.05447894950231434 0.05473848456129312  0.0548660118924247 0.05508727818720904 0.05523515265013639
0.05451262010835577  0.0548209573771183 0.05497290413629777 0.05523515265013639 0.05541135765162565

cov.inverse():
 13801123.30039117 -21848933.44632575   220136.256040355  2314884.816350703  5512940.398887906
 -21848933.4462969  35911188.30829342 -1661062.307537103 -4825836.624327509  -7575592.64136839
 220136.2559366758 -1661062.307348564  1860775.559335027 -163933.9668372857 -255840.9954305259
  2314884.81651039 -4825836.624646639 -163933.9667342903  4756002.831650539 -2081163.027733358
 5512940.398803042  -7575592.64120894 -255840.9954486616 -2081163.027789811  4399731.499625886

cov*(cov_.inverse()):
    0.9999999999417923 -5.820766091346741e-11  1.637090463191271e-11  -2.91038304567337e-11  1.164153218269348e-10
-1.746229827404022e-10     0.9999999999417923 -7.275957614183426e-12  1.455191522836685e-11  1.164153218269348e-10
-5.820766091346741e-11 -1.164153218269348e-10                      1 -5.820766091346741e-11  8.731149137020111e-11
 1.164153218269348e-10 -5.820766091346741e-11  1.455191522836685e-11     0.9999999999272404  8.731149137020111e-11
-1.164153218269348e-10 -2.328306436538696e-10 -1.818989403545856e-12 -1.455191522836685e-11      1.000000000116415
