7
2

6.711966197599556e-05
0.0001498822306785344
0.0003121626990733885
0.0003426872713219391
0.0003780547459019014
  0.02497232301692383
   0.6767242757396918

 -0.1979871860545892   0.7333386218375597  -0.6470494334435966   0.0173327193845243  0.01459415637925488  0.02191159109897451   0.0578708922837908
 -0.6702062967958533   0.3764535715994686   0.6154144809398143 -0.03948235950722082  -0.1016783215907527 -0.05725371153569746  -0.1232717304834684
  -0.199171098782017   -0.131331188357689  -0.1126034326456588   0.3965653208643427   0.6957640587879145  -0.1263698669358014   -0.522572900989224
 0.04239534909873489  0.06477879583995923  0.07613450157281355  -0.3232655338983982    0.419691892173939  -0.7179861729622914   0.4382508931267401
 0.06754679028909297  0.06905747132118563  0.03980076121879068   -0.769532776675621   0.3830288575466161   0.4427440751424223  -0.2327450966561813
 -0.5688791626386959  -0.3899108255779448  -0.1999352950439217  0.03652260484812109   0.1984488142068521   0.3539842039153823   0.5642262622935216
  0.3767917609439894   0.3771652349797427   0.3775683105858847   0.3779701918996297   0.3783207396996903   0.3787364177910059   0.3791928309396129

0.4232163419048265
0.4231695179871933
0.4230561548553589
0.4230034601005817
0.4228338421135517
0.4227367140215667
0.4225765897502116

0.001749797735340829
  0.4236381407349888

-0.7315797481713504   2.625556870301443   1.485893170980603 -0.4080491154820479 -0.3662198063700525   -0.40990647247708  -2.196312632166246
  9.045757936469741  -6.095466359868591  -5.142241908611731   1.237796343816852  0.2797450860541293  0.7248845739884855  0.9562348411456947

 4.326278737616993e-09  6.156916071053979e-08  4.058489760283087e-08 -5.141608146023242e-08  9.925737940376167e-08  -0.001482045339419785  -0.002385829230537954
-1.278056183115217e-08 -2.641507137998797e-07 -3.195209573101275e-08 -9.241835046303805e-08 -1.088499422027865e-07 -0.0005265110946205831     0.1734015279078407

cov:
0.06521873941815995 0.06521967477408699 0.06522182788047841 0.06520727723699597 0.06521033022874335 0.06522688916923455 0.06523106691457779
0.06521967477408699 0.06524067727349908 0.06526410202281156 0.06527600016353362 0.06529718802585296 0.06533116966885304  0.0653588889783893
0.06522182788047841 0.06526410202281156 0.06531011798728745 0.06535010007480757 0.06539053276002602 0.06544301464078427  0.0654957290530017
0.06520727723699597 0.06527600016353362 0.06535010007480757 0.06542517324497724 0.06548939552995782   0.065564894060089 0.06564869991294824
0.06521033022874335 0.06529718802585296 0.06539053276002602 0.06548939552995782 0.06557028888079015  0.0656614466375159 0.06576653413490119
0.06522688916923455 0.06533116966885304 0.06544301464078427   0.065564894060089  0.0656614466375159 0.06576798801599852 0.06589342615537612
0.06523106691457779  0.0653588889783893  0.0654957290530017 0.06564869991294824 0.06576653413490119 0.06589342615537612 0.06604676224679905

cov.inverse():
 29150731.03421808 -43134872.55152525    10352920.672591 -874794.8191622806   1302332.45917639  953134.3512595292  2250162.303216211
-43134872.56783445  125928751.4205784  -94801709.4651635  1075193.587843655  150521.8496130297  2595329.502385583  8187805.420935029
 10352920.69818345 -94801709.49973628  109983920.1796607 -4453201.248799556  -5306876.43281541 -4911835.761888825 -10865865.92535536
-874794.8225665669  1075193.588500823 -4453201.244073009  6783093.565446316 -151233.5401548618 -736709.5514131333 -1640577.747370016
 1302332.454314844  150521.8679408945 -5306876.449264371  -151233.539303992  8001724.760813903 -1951495.799755354 -2043088.955563091
  953134.349249431  2595329.506623765 -4911835.764106834 -736709.5510786882 -1951495.800432597  6177786.426073708 -2126764.866560801
 2250162.304206753  8187805.415979953 -10865865.92039776  -1640577.74657575 -2043088.957017927 -2126764.866893475  6237261.945148369

cov*(cov_.inverse()):
    0.9999999995052349                      0 -1.164153218269348e-09   2.91038304567337e-11 -1.455191522836685e-10                      0  1.164153218269348e-10
-3.201421350240707e-10     0.9999999995343387 -2.328306436538696e-10 -1.164153218269348e-10 -1.746229827404022e-10 -5.820766091346741e-11  1.746229827404022e-10
-2.037268131971359e-10  9.313225746154785e-10     0.9999999998835847  -1.01863406598568e-10 -5.820766091346741e-11                      0  1.746229827404022e-10
-6.111804395914078e-10                      0 -3.492459654808044e-10     0.9999999999708962 -8.731149137020111e-11 -8.731149137020111e-11  1.746229827404022e-10
-4.656612873077393e-10  1.862645149230957e-09 -1.746229827404022e-09 -5.820766091346741e-11                      1  5.820766091346741e-11  1.746229827404022e-10
 -4.94765117764473e-10 -9.313225746154785e-10 -1.164153218269348e-09 -7.275957614183426e-11 -8.731149137020111e-11      1.000000000029104  1.746229827404022e-10
-8.731149137020111e-11 -5.820766091346741e-10 -2.328306436538696e-10 -4.365574568510056e-11                      0                      0      1.000000000058208
