5
2

0.0001444528033798226
0.0004994845025227239
0.0006641102220837576
  0.01394291728833177
   0.5187617650423668

 -0.5046925241869983   0.8304522396899044 -0.04382917821774656 -0.05738409120650807  -0.2245453246828759
  0.1420770807983984   0.1855356623763842  -0.1660280359763184  -0.7534001509495598   0.5917884122871857
  0.2123015870330892   0.1466227149799142  -0.8776263777315237   0.3791298035354427   0.1395075222924247
 -0.6939031991454393  -0.2343546248560653   0.0165406580611229    0.291083355588271   0.6152829810377293
  0.4455625045944938   0.4466601446749748   0.4472270588273394   0.4479133295585567   0.4486985365641691

0.3978893929205667
0.3979689563422744
0.3979541419516675
0.3979230075674182
0.3979078904816735

0.0003095130904619185
   0.3980706792748935

   5.092186612163812   -2.660029384152887 -0.09980086746613767  -0.6518813617826895    -1.68050013531589
   2.107276365216043  -0.5802484318294464  -0.0600328558080902  -0.2541521163123271  -0.2130264660262847

 -9.09760432885039e-08 -6.408030082675345e-08  1.310144549745561e-07 -0.0008039577733329759  -0.002664129392595755
-3.088979914854635e-08  6.664179326542799e-08  1.274222165636696e-07 -0.0002978878405098804     0.1193461395799686

cov:
0.05351970194232361 0.05358930572599867 0.05362333822025998 0.05366868856712776 0.05371913344300726
0.05358930572599867 0.05370032869923939 0.05375694476650843 0.05382698191685741 0.05390663911686262
0.05362333822025998 0.05375694476650843 0.05382639428996965 0.05390941108055539 0.05400499431337762
0.05366868856712776 0.05382698191685741 0.05390941108055539 0.05400799030923701 0.05412069199293423
0.05371913344300726 0.05390663911686262 0.05400499431337762 0.05412069199293423 0.05425446996537928

cov.inverse():
 12392381.08382784 -19908745.55579443    543013.70701598  1140339.472369445  5832960.408937208
 -19908745.5560599  33237455.32140757 -2159572.918725882 -2718374.875507663 -8450748.808418509
 543013.7072663218 -2159572.919117278  1948932.918716059 -132493.9267605726  -199732.040563731
 1140339.472603432 -2718374.875857831 -132493.9267753676  2759289.745795791 -1048741.819938913
 5832960.408718373 -8450748.807942456  -199732.040689988 -1048741.820069885   3866152.38473278

cov*(cov_.inverse()):
    0.9999999998835847  1.164153218269348e-10                      0                      0  5.820766091346741e-11
-5.820766091346741e-11                      1  7.275957614183426e-12                      0   2.91038304567337e-11
 1.746229827404022e-10                      0      1.000000000012733  4.365574568510056e-11  1.164153218269348e-10
 1.164153218269348e-10 -1.164153218269348e-10 -3.637978807091713e-12      1.000000000021828  8.731149137020111e-11
-5.820766091346741e-11  1.746229827404022e-10 -9.094947017729282e-12  1.455191522836685e-11      1.000000000087311
