7
2

7.440974869374216e-05
0.0001449514219735013
0.0003857695974164012
0.0005600840718796365
 0.000717558448287624
  0.02321286649834937
   0.6185720730364869

 -0.2431352472376408   0.7513575668417879  -0.6099248511327761 0.006548392803839537  0.01068445209935072  0.02470957010879895  0.05975895289412562
 -0.6574055771902205   0.3310219669341137   0.6494155587445889 -0.03199040018423777 -0.04139083425521027 -0.08877960382603584  -0.1608831614151079
 0.07588743360062261  0.07124714307726353  0.08709200561319135 -0.03646512894471467 -0.07149697797966684  -0.7585298998805321   0.6322743012974364
 -0.1564018638454227  -0.1444897903860193    -0.14217955234493   0.3389641693246137   0.7705745027656519  -0.3762957528092802  -0.2901135404873722
  0.1079626509989944  0.08877065345296181  0.07272842469752162  -0.8598130642158042   0.4791560490334291  0.06345329760068233  0.04773958124998903
 -0.5704375410469625  -0.3875088826174463  -0.1753262965229621  0.02278217710032333   0.1625724467315116   0.3560220641920021    0.583093499520601
  0.3760688644259691   0.3766821554205926   0.3773888332647655   0.3780341071163539   0.3784910030484767   0.3791615557074887    0.379910148147813

0.3941597690904213
0.3942637923754625
0.3943407695853422
0.3944801532876418
0.3944917780955169
0.3945314435085073
0.3945801004202189

-0.0004917329985336921
    0.3942783736997751

  0.9347598295274887    2.458186374422128   -1.036222718332362 -0.01860008786239178  -0.1066249729361464  -0.5880036163145574   -1.643571571876003
    1.39972118930543  -0.4796844881880404   0.4077683002987457  0.02815755925286573 -0.04735518340490538   0.1135425104677496  -0.4220711764939357

 1.183611440187594e-08 -3.195923021783195e-09  -6.38488873101701e-08  8.016989333793702e-08  4.783304809388322e-08   -0.00134147299407646  -0.003181893537797166
-5.382791407712803e-09 -1.586904710446786e-08 -3.617363816534456e-08 -4.856271189647301e-08  4.033980662256259e-08 -0.0004832315982803032     0.1434917577434751

cov:
0.05429007594857935 0.05432208190528448 0.05435854727140966 0.05439043799812492 0.05441326862234353 0.05445032316327052 0.05448825837792214
0.05432208190528448 0.05437228907152521 0.05442983411724509 0.05448140391512712 0.05451810894338031 0.05457438831803548 0.05463487956312882
0.05435854727140966 0.05442983411724509 0.05451184203902599 0.05458623498349379 0.05463903511351852 0.05471761381893236 0.05480427170708919
0.05439043799812492 0.05448140391512712 0.05458623498349379 0.05468246948976375  0.0547497278113739 0.05484916234002758 0.05496024065748774
0.05441326862234353 0.05451810894338031 0.05463903511351852  0.0547497278113739 0.05482857733470376 0.05494226224549788  0.0550705690060539
0.05445032316327052 0.05457438831803548 0.05471761381893236 0.05484916234002758 0.05494226224549788 0.05507685584979397 0.05522885434952326
0.05448825837792214 0.05463487956312882 0.05480427170708919 0.05496024065748774  0.0550705690060539 0.05522885434952326 0.05540914092853694

cov.inverse():
 31386005.90635404 -43223868.99916373  6594654.266975761  345477.7933288624  505532.8381965988  1506487.096853453  2886126.199366493
-43223869.00255192  107292317.5476277 -72416925.80733532  62789.45392404446  491132.9962616795  1775302.482810374  6018890.534662417
 6594654.271865093 -72416925.81416963  87386388.38610436 -2006562.927841716 -2779778.030281849  -5730513.25724491 -11047522.96760789
 345477.7931731681  62789.45428337724 -2006562.928058994  1867456.959240002  125691.0113320004 -162293.6364812457 -232474.7362535329
 505532.8379438146  491132.9977765619 -2779778.031858685  125691.0113441292  2475336.233308739 -278197.7176551245  -539559.482133307
 1506487.095857139  1775302.484732395 -5730513.258161587 -162293.6364844415 -278197.7177007993  4811094.096107326 -1921951.853521094
 2886126.199270185  6018890.534312352  -11047522.9668422 -232474.7362761038 -539559.4823902422 -1921951.853560922   4836548.81701383

cov*(cov_.inverse()):
    0.9999999997380655 -6.984919309616089e-10  5.820766091346741e-10  5.456968210637569e-12 -1.091393642127514e-11 -4.365574568510056e-11 -5.820766091346741e-11
-1.746229827404022e-10                      1 -1.164153218269348e-10 -3.637978807091713e-12 -1.455191522836685e-11  -2.91038304567337e-11  5.820766091346741e-11
                     0  -1.33877620100975e-09     0.9999999998835847 -9.094947017729282e-12  2.182787284255028e-11  -1.01863406598568e-10                      0
-1.164153218269348e-10 -6.984919309616089e-10  4.656612873077393e-10     0.9999999999872671  2.182787284255028e-11  1.455191522836685e-11  5.820766091346741e-11
-5.820766091346741e-11 -8.149072527885437e-10 -9.313225746154785e-10 -1.091393642127514e-11      1.000000000021828  -2.91038304567337e-11  5.820766091346741e-11
 -2.91038304567337e-10  -1.33877620100975e-09  1.164153218269348e-10 -5.456968210637569e-12  7.275957614183426e-12      1.000000000014552 -5.820766091346741e-11
 1.164153218269348e-10 -5.238689482212067e-10  2.328306436538696e-10  3.637978807091713e-12 -3.637978807091713e-12 -1.455191522836685e-11                      1
