6
2

7.522144327681406e-05
0.0001520473552794884
0.0004017213751491749
0.0005810934928950521
  0.02265588028050419
   0.5853396501518355

   0.2587508450290856   -0.7600210042642843    0.5927597187793534 -0.009008752337085641  -0.02436287305248833  -0.05811438603669457
   0.6533724242159682   -0.3091440017091261   -0.6596065915206155   0.04212041476034072    0.0957446302134741    0.1775174423815165
 -0.06718434629311773  -0.06823205110633895  -0.08690576278047032   0.08514850081641796    0.7637898463458199   -0.6266201741392294
   0.1058060643884529    0.1046280352917254    0.1116458207423229    -0.893489256092433    0.3294504274293603     0.241935170643699
  -0.5705951622528069   -0.3817486071297737   -0.1655042334142183    0.1593852208635384    0.3612577415072907    0.5876961000904085
   0.4060356839446124    0.4067719529068707    0.4076101176902598    0.4088615248077694    0.4096580853450907    0.4105339210001456

0.4011878475129573
0.4012649584881403
0.4013075021446809
0.4014158607680399
0.4014141959538972
0.4014272753839839

-0.0001014394608692106
    0.4013603669159038

   1.095287805582806    2.745810373650527   -1.588098565581694  -0.1135630411185627   -0.544511824343623   -1.594905212217693
    1.25474318911852  0.04378439988741986  0.02698323413895842 -0.02064735153089758 -0.06414167366591303  -0.2405376546456861

-1.492566647898659e-08  1.327595806069596e-08  7.276851446406597e-08 -8.033623245348235e-08  -0.001315285962616879   -0.00340511331938487
 1.828246427900342e-09  1.707918070233065e-08  1.669524854668704e-09  2.683637835079024e-08 -0.0004645041197792885     0.1386978679827177

cov:
0.05665358221784696  0.0567006842481242 0.05675395063897409 0.05683286086096839 0.05688458860824532  0.0569401260344766
 0.0567006842481242 0.05676630473583092 0.05684074374665165  0.0569514503347686  0.0570229453955978 0.05710065172081525
0.05675395063897409 0.05684074374665165 0.05693943894954233 0.05708655309498917 0.05718068421808502 0.05728377883808748
0.05683286086096839  0.0569514503347686 0.05708655309498917 0.05728874241608409 0.05741648446441854 0.05755770849461498
0.05688458860824532  0.0570229453955978 0.05718068421808502 0.05741648446441854 0.05756594112808258   0.057730679178911
 0.0569401260344766 0.05710065172081525 0.05728377883808748 0.05755770849461498   0.057730679178911 0.05792231333014542

cov.inverse():
 30359977.81349105 -43430957.03769167   8536269.55809693  462847.3397398885  1376683.816502514  2695470.504588521
-43430957.04881235  106281885.3382388 -70727919.93866323  333847.4699205438  1770996.200393809  5771617.959014065
 8536269.572821379 -70727919.95666434  81000938.02045289 -2486847.205168908 -5586509.241601657 -10735682.41986057
  462847.339260622  333847.4707663457 -2486847.205519196  2500274.089657111 -255401.4949716676 -554657.3031575978
 1376683.816042247  1770996.201786325 -5586509.242688657 -255401.4949672799  4438024.325048047 -1743836.792264583
 2695470.501924347  5771617.963656183 -10735682.42170004 -554657.3031457327 -1743836.792414941  4567075.290568084

cov*(cov_.inverse()):
    0.9999999999708962 -1.746229827404022e-10  4.656612873077393e-10  7.275957614183426e-12                      0                      0
 2.037268131971359e-10     0.9999999995343387  6.984919309616089e-10  1.091393642127514e-11  5.820766091346741e-11                      0
 5.820766091346741e-11 -3.492459654808044e-10      1.000000000232831  4.365574568510056e-11  7.275957614183426e-11  8.731149137020111e-11
  2.91038304567337e-11 -3.492459654808044e-10 -1.164153218269348e-10      1.000000000014552 -1.455191522836685e-11  5.820766091346741e-11
-1.746229827404022e-10 -3.492459654808044e-10  1.164153218269348e-10  2.182787284255028e-11       1.00000000007276  5.820766091346741e-11
 5.820766091346741e-11  1.746229827404022e-10 -2.328306436538696e-10  7.275957614183426e-12   2.91038304567337e-11                      1
