5
2

0.0001197384360474126
 0.000462341849761571
 0.000640892668933319
  0.02018389159432355
   0.5199441419343357

 -0.6219550611416014    0.776764874301287 -0.02360529747274978 -0.04770592058809583 -0.08351746550343717
   0.116311114177007   0.1150513478114086  -0.1827360323142106   -0.709405172023608   0.6607471199225137
  0.1311914633739757   0.1244462529178855   -0.865669284736286   0.4312177435876275   0.1788012224562653
 -0.6198819527937096  -0.4112316008506671   0.1276546567030807   0.3279603699391679   0.5681383805322764
  0.4451727655390681   0.4458713020760359   0.4476285407695412    0.448287519803482   0.4490957357672116

 0.398868222623013
0.3989080021289104
0.3989585796254688
0.3989333921438303
0.3989097549442171

0.0003707441037339457
   0.3990991481236537

   3.133723512853542   -0.646507435710629  -0.1815332988052837  -0.6393909470338869   -1.666209961500621
   1.176899645400425   0.2175132583418762 -0.09631537029609621 -0.03896580529462521  -0.2591380759696051

-3.264994404138254e-08 -6.927494985499186e-08  -3.52528555694257e-08  -0.001163577951325659  -0.002538241710805259
-7.702668035906496e-09  7.680353041512095e-09  8.285031574641468e-08 -0.0004038402245778374     0.1200175861786801

cov:
0.05373258946943527 0.05376395349523286 0.05383929477015512 0.05386807526758263 0.05390471095115835
0.05376395349523286 0.05381321319254089 0.05393467947099369 0.05398060685578046 0.05403781037931372
0.05383929477015512 0.05393467947099369  0.0541757165911133 0.05426543784026357  0.0543757690204904
0.05386807526758263 0.05398060685578046 0.05426543784026357 0.05437237205836998 0.05450215763411505
0.05390471095115835 0.05403781037931372  0.0543757690204904 0.05450215763411505 0.05465604774095675

cov.inverse():
 27086686.86592299 -33593261.97429444  647884.5518684657  1820724.807920757  4038778.000737458
-33593261.97444978   42183557.7401249 -1639646.542662038 -2836109.713074319 -4115571.590245589
 647884.5521753406 -1639646.543037468  2019575.914573356 -223726.5249865608 -804001.3405228959
 1820724.807993228 -2836109.713156414  -223726.524999569  2966016.771259164 -1726753.054204874
 4038778.000513469 -4115571.589943422 -804001.3405784514 -1726753.054227508  2607548.125065701

cov*(cov_.inverse()):
                     1  3.201421350240707e-10  7.275957614183426e-12   2.91038304567337e-11   2.91038304567337e-11
-4.365574568510056e-10      1.000000000261934  1.455191522836685e-11                      0   2.91038304567337e-11
-3.783497959375381e-10  2.328306436538696e-10      1.000000000014552   2.91038304567337e-11   2.91038304567337e-11
-3.201421350240707e-10  3.201421350240707e-10                      0                      1                      0
-2.328306436538696e-10  5.820766091346741e-11 -7.275957614183426e-12                      0      1.000000000029104
