5
2

8.751493296435385e-05
0.0003860039483045042
 0.000657600184642759
  0.01817938028582283
   0.5231535783964703

  0.5985243236756277  -0.7890767153626984 0.008208083054266659  0.05629374554345988   0.1260563874871468
   0.112387731189356   0.1235123283940077  -0.0431309476911958  -0.7861903568289764   0.5934291421839566
  0.2733979893605654   0.2379355793349282  -0.8903795406040852   0.2344393719371823   0.1445775019133669
 -0.5967741623622571  -0.3262538858568671 -0.07431877767987514   0.3503350795328405   0.6396569802894433
  0.4452547252945986   0.4461476258560074   0.4469601119581712   0.4483740068026171   0.4493194118753223

0.3939102031073987
0.3939902580855071
0.3941306375280925
0.3941869434023093
0.3942366859436061

-0.0005218124969997331
    0.3939186082018567

   3.885971264093714   -1.502824378167054 0.005744145108105396  -0.6234572321943768   -1.765520626375782
    1.42887522909042   0.1134366692187018  0.01489268289015505 0.002359399073241258  -0.5594880554447474

 2.492261042244385e-08 -4.569576139751402e-08  1.290003161022967e-07  -0.001049939335478303  -0.002871487316200605
 5.326236849380723e-09  -2.38271703872391e-08  1.401297379412285e-07 -0.0004124135592111685       0.12128514678696

cov:
0.05437719835297888 0.05443264416960804 0.05448183389556812 0.05457050061823644 0.05462865968169343
0.05443264416960804 0.05451250915181394 0.05458443004435384 0.05471138914199378  0.0547956487608578
0.05448183389556812 0.05458443004435384 0.05467806777059041 0.05484016871916039 0.05494873810355003
0.05457050061823644 0.05471138914199378 0.05484016871916039 0.05506304374892065 0.05521238708013301
0.05462865968169343  0.0547956487608578 0.05494873810355003 0.05521238708013301 0.05538992652821891

cov.inverse():
 47032136.09190421  -61420529.1401363   46126.6555769953  3953814.608202877  10388911.42778418
 -61420529.1401001  81530550.87827659 -1371244.525511508  -6322889.39289839  -12416486.4536698
 46126.65562260919 -1371244.525575008  1854569.552764729 -194872.9978272622 -334509.5111535799
 3953814.607967685 -6322889.392584588 -194872.9978443911  4689553.733062618 -2125624.718319571
 10388911.42793756  -12416486.4538839 -334509.5111543377 -2125624.718258089  4487816.278965519

cov*(cov_.inverse()):
     1.000000000116415 -3.492459654808044e-10  1.818989403545856e-11 -5.820766091346741e-11 -8.731149137020111e-11
 2.328306436538696e-10                      1  1.091393642127514e-11                      0  -2.91038304567337e-11
 2.328306436538696e-10 -2.328306436538696e-10      1.000000000010914  1.455191522836685e-11                      0
 3.492459654808044e-10  3.492459654808044e-10  2.182787284255028e-11     0.9999999999854481 -5.820766091346741e-11
 1.164153218269348e-10 -4.656612873077393e-10  3.637978807091713e-12  -2.91038304567337e-11     0.9999999999126885
