5
2

7.724271283070861e-05
0.0002002372575326535
0.0005697771332985094
  0.01770904694790794
   0.5191813236790056

 -0.3808972997719637   0.8007757361454728  -0.4611868403617224   0.0126231925869016  0.02868485163267426
 -0.5558286316081523   0.1834739937713775   0.7581248734824527  -0.1287686952072309  -0.2570158073660689
 0.05850314665051085  0.07019525933676454  0.08799356287754216  -0.8013264161052704   0.5846221986399704
 -0.5863879015249033  -0.3477597348164098 -0.07043399955637263   0.3745745711743064   0.6244560337779744
    0.44575597594227   0.4463533425631779   0.4470453657997089   0.4481396474593711   0.4487667554380872

0.3999629961642745
0.4000005309291567
 0.400002435291596
0.4000329937170635
0.4000076822708575

0.0003907753212408962
   0.4001973257166372

    2.49940707872528    5.043784322620133   -6.650055598012201  -0.2265303170609279  -0.6666174779695326
   1.011000557503276    1.178796888796714   -1.032873137959179 -0.07812494621134167 -0.07879746298216736

 3.658535127268974e-08 -2.127001537397113e-07 -9.514848005600299e-08  -0.001019980938304968  -0.002187091135717814
 6.157157313631533e-09 -4.404026558980116e-08  2.192766641245665e-08 -0.0003162748939770445     0.1198701011364071

cov:
0.05366685092245148 0.05369472440838849 0.05372686414840124 0.05377651149600948 0.05380593713414326
0.05369472440838849 0.05374058241225339 0.05379359580709852 0.05387669580864993 0.05392492419047209
0.05372686414840124 0.05379359580709852 0.05387088076766469 0.05399285913257637 0.05406294216929752
0.05377651149600948 0.05387669580864993 0.05399285913257637 0.05417755498703666 0.05428230073988324
0.05380593713414326 0.05392492419047209 0.05406294216929752 0.05428230073988324 0.05440735881885905

cov.inverse():
 32033466.44135987 -53651684.04468584  18948417.91898828  834127.3817147039  1835904.919725161
-53651684.04536717  108329969.9633739 -58409178.20969015  931279.5729644644  2799506.357514869
 18948417.91986506 -58409178.21073158  50006965.28040873 -3627800.450865922 -6918644.856812955
 834127.3819279505  931279.5725591643 -3627800.450670525  2418628.438851945 -556162.5634954692
  1835904.91931645  2799506.358280303 -6918644.857173023 -556162.5634921256  2839456.479321547

cov*(cov_.inverse()):
    0.9999999999272404   2.91038304567337e-11 -3.492459654808044e-10  1.818989403545856e-11   2.91038304567337e-11
 5.820766091346741e-11     0.9999999990686774  5.820766091346741e-11  4.001776687800884e-11                      0
-7.275957614183426e-11 -3.492459654808044e-10     0.9999999997671694 -3.637978807091713e-12                      0
-2.619344741106033e-10  -2.91038304567337e-11 -3.492459654808044e-10       1.00000000001819                      0
-2.619344741106033e-10                      0 -4.074536263942719e-10  1.091393642127514e-11     0.9999999999708962
