5
2

7.572009262507729e-05
0.0001666607508008645
0.0006049843994870926
   0.0189077381582921
   0.5199788375644421

 -0.3274317482890086   0.7859297801065726  -0.5215857807194564 0.008508187980269281  0.05457760568773272
 -0.6091332608241534   0.2334685122224297   0.7046529649114566  -0.0554204159416747  -0.2735724783247106
  0.1101990519805048   0.1307002618318343   0.1614713333526334  -0.8583660649324755   0.4559696454560843
 -0.5576405705160533   -0.333971884632287 -0.07427801620885807   0.2438725534493817   0.7158971492971908
  0.4456885502537234   0.4463037714097072   0.4470148288437065   0.4478728217703761   0.4491796278900889

0.3990603934618873
0.3991051588266609
0.3991147074538381
0.3991675612665411
0.3991281046058739

0.0003028810890113975
   0.3992832452660224

  1.846672990267206   4.174280483195703  -4.599641346305603 -0.1106248785415757  -1.310721352873778
 0.9659405468597109  0.8970955843584938 -0.6015350529846101 -0.0577882535400781 -0.2037388096110962

 2.868292622532657e-08 -8.407041017852018e-08 -1.816567320970518e-07  -0.001089503328917799  -0.002261702388750788
 3.961385929730466e-09 -2.066176708303936e-08  3.047749690071447e-08 -0.0003408860262724992     0.1202083205407767

cov:
0.05381860565599426 0.05384813685068051 0.05388204607333998 0.05392198286589465 0.05398541348928274
0.05384813685068051 0.05389568238797565 0.05395047847591072 0.05401597592833644 0.05411737307077629
0.05388204607333998 0.05395047847591072 0.05402953787935159 0.05412471236544653 0.05427019569003047
0.05392198286589465 0.05401597592833644 0.05412471236544653 0.05425667055218102 0.05445565908997795
0.05398541348928274 0.05411737307077629 0.05427019569003047 0.05445565908997795 0.05473539711709034

cov.inverse():
 32091597.57933368  -49963212.9544315  14382272.10165017  470680.9671521047  3018882.028990143
-49963212.95431899  109741519.3244969 -65516234.80799603  393685.8718726213  5343935.435516529
 14382272.10173454 -65516234.80869511  65397045.44157542  -2558713.09713048 -11704316.84564256
 470680.9667591842  393685.8733492837 -2558713.098459175  2136431.795600194 -442019.1344036705
  3018882.02918614  5343935.434851537 -11704316.84492862 -442019.1346486202  3783505.329139686

cov*(cov_.inverse()):
     1.000000000145519  5.820766091346741e-10 -1.164153218269348e-10  1.818989403545856e-11  -2.91038304567337e-11
-1.455191522836685e-10      1.000000000640284 -2.328306436538696e-10  1.455191522836685e-11  5.820766091346741e-11
 1.164153218269348e-10  1.746229827404022e-10      1.000000000116415                      0  5.820766091346741e-11
-1.746229827404022e-10  8.149072527885437e-10 -8.149072527885437e-10      1.000000000014552  8.731149137020111e-11
 8.731149137020111e-11  4.074536263942719e-10 -2.328306436538696e-10 -7.275957614183426e-12      1.000000000029104
