6
2

0.0001154002401457348
0.0003875267747008972
0.0005588910882119802
0.0007172627955687811
  0.02265171024907627
   0.5686417995573608

 -0.6257720653448957   0.7755810812739246 -0.01811418515212404 -0.02330787652380945 -0.04594362580590807 -0.06245887478962668
  0.1138908158777793  0.09713812700082103 -0.04951859759848846 -0.07255051341872648  -0.7394230983415818   0.6504851108787659
  0.1871667017930174   0.1679874883978364  -0.2387562288007842  -0.7999694464799754   0.3972585566756771   0.2863194309456116
   0.149904403359859   0.1257399297414573  -0.8794955297514132   0.4101502396098285   0.1216309088766295  0.07203093795769211
 -0.6106801226145531  -0.4236599606857551 -0.00820963158961547   0.1377212105600093   0.3330922924027462   0.5635574685940656
  0.4062084289246107   0.4068415934671475    0.408210072258666   0.4087195856611701   0.4093699436725035   0.4101264640532466

0.3980564000553496
0.3981102107129431
0.3981901186460965
 0.398187900905397
0.3981883873085401
 0.398167608109426

0.0001620980070524362
   0.3982602444892159

   1.035590390406476    1.629535896356936 -0.05685877046890933  -0.1567064347511254  -0.7695697918447412   -1.682095937368704
   1.587599086375176  -0.2375076383592884  -0.0808414911871749  -0.1008580914270044  -0.1522075063468902 -0.01606136801123895

 1.013299951013657e-08 -3.524979863598781e-08 -5.648377003752797e-08  6.744891015874745e-08  -0.001307478327059556  -0.002761952030010701
 -1.55261457413545e-08  4.072206122801061e-08  9.126130139030209e-08  1.122495730823434e-07 -0.0004832734748635796      0.131006276410033

cov:
0.05354641682874716 0.05357096646573137  0.0536204402847555 0.05364170465128855 0.05366594743011749 0.05369311521269118
0.05357096646573137 0.05361361880632227 0.05370323992325495 0.05373859942560088 0.05378172084288406 0.05383115643630168
 0.0536204402847555 0.05370323992325495 0.05388261028901419 0.05394870788497688 0.05403377589219355 0.05413268325417715
0.05364170465128855 0.05373859942560088 0.05394870788497688 0.05402677041814945  0.0541261754035887 0.05424244570404253
0.05366594743011749 0.05378172084288406 0.05403377589219355  0.0541261754035887 0.05424585945146326 0.05438521848485293
0.05369311521269118 0.05383115643630168 0.05413268325417715 0.05424244570404253 0.05438521848485293 0.05455231070672857

cov.inverse():
 29647775.99806245 -36232859.83962949  414306.9976337048  680210.9367195419  1871199.312254291  3620118.991081457
-36232859.83980837  45353310.80357384 -1430334.207338593 -1734448.697535973 -2910887.173730694 -3045668.385641146
 414306.9977553763 -1430334.207487096   1726989.46808405 -34072.30223404807 -205280.3733058143 -471530.5264523324
   680210.93681178 -1734448.697639604 -34072.30223085917  2451632.705785954 -482716.8157276306 -880636.1032045328
 1871199.312548172 -2910887.174082098 -205280.3733279236 -482716.8156936395  4333390.075195914 -2605762.130381394
 3620118.990752537 -3045668.385216474 -471530.5264602466 -880636.1032467313  -2605762.13042704  3383640.294682343

cov*(cov_.inverse()):
     0.999999999825377   2.91038304567337e-10 -3.637978807091713e-12  7.275957614183426e-12   2.91038304567337e-11  -2.91038304567337e-11
 -2.91038304567337e-11     0.9999999999708962 -3.637978807091713e-12  7.275957614183426e-12                      0   2.91038304567337e-11
-2.328306436538696e-10 -1.746229827404022e-10      0.999999999992724 -1.455191522836685e-11   2.91038304567337e-11  -2.91038304567337e-11
-1.455191522836685e-10  -2.91038304567337e-10 -7.275957614183426e-12                      1   2.91038304567337e-11  -2.91038304567337e-11
  2.91038304567337e-11 -4.074536263942719e-10  7.275957614183426e-12                      0      1.000000000029104   2.91038304567337e-11
                     0   2.91038304567337e-11 -7.275957614183426e-12  7.275957614183426e-12   2.91038304567337e-11                      1
