5
2

0.0001415275866586082
0.0003303060544325108
0.0003672369487557428
  0.02227542309945039
   0.5700762535081967

   0.5188709105477297   -0.8314186418813091   0.05411862306176031   0.08926501785873603    0.1691713667976601
   0.2381816691197007    0.1868830439621817   -0.6216038395540345   -0.4031568774967794     0.599514319389881
   0.1255830791449512   0.06084648779305914   -0.6409098269383148    0.7101498950471071   -0.2558286837987583
  -0.6780155908465659   -0.2658326562431667 -0.001805160956280675    0.3527118996993179    0.5875533291949806
   0.4456076968412673    0.4465965445562924    0.4471142766870714    0.4480822816055197    0.4486606728920974

0.4222035689575542
0.4220328654785851
0.4219757959787568
0.4216983043452348
0.4215340166030304

0.001817246876192427
  0.4226321999022729

 0.3159795271035784    3.08308534842547 -0.4373910400716894  -0.503557279318041  -2.458624951433743
  6.604303715093739  -8.910384903163354   1.063127529743599   0.824792682229613   1.424803441571318

-5.776532545217203e-08 -3.792906086387757e-08  1.050569706413221e-07  -0.001317504584991754  -0.002141347280587044
 2.244816102169976e-07 -2.524084508064066e-08 -2.332116182156969e-08 -0.0004877624011620216     0.1455126444706645

cov:
0.06475954388771092 0.06476405935613579 0.06475018577902583 0.06477112864097678 0.06477589273618878
0.06476405935613579 0.06485323082282034 0.06489350999410627 0.06498725682332547 0.06504023790140358
0.06475018577902583 0.06489350999410627 0.06496861968765505 0.06510882779883623 0.06519267692717684
0.06477112864097678 0.06498725682332547 0.06510882779883623  0.0653119547242097 0.06543714456852226
0.06477589273618878 0.06504023790140358 0.06519267692717684 0.06543714456852226 0.06559004416092919

cov.inverse():
 14078995.65659511  -21072569.3175387 -551912.2855426219  2093043.972154454  5452096.153093517
-21072569.31704564  34858692.44959749 -3600301.978416882 -4075624.597649347 -6110875.598601485
-551912.2861618847  -3600301.97745668  6733577.886954557 -836699.4771227766 -1742850.403392957
  2093043.97191631 -4075624.597401058 -836699.4769708557  5627267.818756957 -2808122.175490303
 5452096.153457698 -6110875.599316652 -1742850.403203945 -2808122.175328283  5209113.540537953

cov*(cov_.inverse()):
     1.000000000116415 -1.164153218269348e-10   2.91038304567337e-11 -5.820766091346741e-11  5.820766091346741e-11
-2.328306436538696e-10                      1                      0 -8.731149137020111e-11                      0
                     0  2.328306436538696e-10      1.000000000014552                      0  1.164153218269348e-10
-1.746229827404022e-10 -1.164153218269348e-10  7.275957614183426e-11     0.9999999998835847  5.820766091346741e-11
-5.820766091346741e-11                      0                      0  -2.91038304567337e-11      1.000000000058208
