6
2

7.125172265396634e-05
 8.34554998639804e-05
 0.000108882023136155
0.0003014376722129311
  0.01486005917431958
   0.5558949431493532

  0.03119633187159879   -0.3095599675319795  -0.04921488928348251    0.8095970273066564   -0.4951341276646265   0.01312093937892516
   0.1435895197611047   -0.6577626685371841    0.7101630536925362   -0.2054071366067745   0.01371842622283832 -0.004297892121132734
   -0.500941452551281    0.4733072025934066    0.5302841084433279  -0.06601075354160105   -0.4867904198465238   0.05014364350540641
   0.5021511062388414    0.0354905019095144   -0.1593351605339033   -0.3615351515234699   -0.5516863336033563    0.5349126292425166
  -0.5562095792257865   -0.2827373530142916   -0.1420383737652249   0.02445742355999366     0.215369727490646    0.7372471149346653
   0.4073593871373617    0.4078004460987368    0.4080226748247429    0.4082858198245556    0.4085916755702375    0.4094266169736681

0.3775341590234962
0.3775708527829349
0.3776803422842424
 0.377663833434554
0.3776476095265503
 0.377588240219993

0.0003309649881979485
   0.3777620275608319

  1.253030373128862   2.863369587014657   2.213899351815669   1.910341635484441  -7.562359737004184 -0.6783875060476376
  1.668682098558387  0.3973972771512596  -0.417957852347987 -0.9301353851401695  0.5132765997922535 -0.2311859470208887

 2.196144260280395e-08 -4.349474029483004e-09  6.428792846741327e-08  3.177172080864602e-07 -0.0008618896669562774  -0.001935548451654806
-5.384466399819404e-09 -8.323980898554559e-10 -1.267934640702059e-08  7.706000443406417e-08 -0.0002349043765299451     0.1256415159708993

cov:
0.05134750151766292 0.05136940624229272 0.05138009192624784 0.05139276114001259 0.05140780825424949 0.05144886016691961
0.05136940624229272 0.05140792176365283 0.05142713517205019 0.05144989999523491 0.05147652194267877 0.05154916239920287
0.05138009192624784 0.05142713517205019 0.05145075213019885 0.05147870352768252 0.05151128144354583 0.05160017525081512
0.05139276114001259 0.05144989999523491 0.05147870352768252 0.05151281519234333 0.05155243641063657 0.05166056393833464
0.05140780825424949 0.05147652194267877 0.05151128144354583 0.05155243641063657  0.0516001492864403  0.0517303319354429
0.05144886016691961 0.05154916239920287 0.05160017525081512 0.05166056393833464  0.0517303319354429 0.05192098404898201

cov.inverse():
  27095577.4673544 -35265492.75332601 -8948573.968122579  1531340.503421904  14760091.93530077  827481.4770379089
-35265492.75368553   99905495.8738737 -42958567.73150869  -32743270.5582943  9245151.880585456  1815748.408356097
 -8948573.96917503 -42958567.72355901  96887328.59751847 -31111169.21324322 -14608084.07370733  739018.4286895487
 1531340.505687801 -32743270.57484724 -31111169.19656068  136970119.5896358 -74457914.78177901  -188300.402994902
 14760091.93468112  9245151.888909623 -14608084.08356196 -74457914.78041108  71654665.00533448 -6594092.693466163
  827481.476803696  1815748.408275554  739018.4287589688 -188300.4019674366 -6594092.694248289  3400100.041879544

cov*(cov_.inverse()):
     1.000000000225555  7.421476766467094e-10  -3.41970007866621e-10  4.383764462545514e-10  1.746229827404022e-10 -5.820766091346741e-11
 2.037268131971359e-10      1.000000001178705  2.110027708113194e-10  4.001776687800884e-11  9.895302355289459e-10 -8.731149137020111e-11
 3.637978807091713e-11  4.802132025361061e-10     0.9999999987776391 -6.893969839438796e-10  1.164153218269348e-09 -8.731149137020111e-11
 2.182787284255028e-10 -1.455191522836685e-11 -1.069565769284964e-09     0.9999999997162377  8.731149137020111e-10 -5.820766091346741e-11
 -1.01863406598568e-10  9.313225746154785e-10 -1.964508555829525e-10 -4.347384674474597e-10      1.000000000814907 -5.820766091346741e-11
 3.346940502524376e-10  2.182787284255028e-10 -2.546585164964199e-10 -1.127773430198431e-10  4.656612873077393e-10                      1
