6
2

5.761066723473805e-05
 0.000129020636713872
0.0004334333221115889
0.0005665833158917094
  0.01673532836258921
   0.6117370429293454

   0.2356671732216898   -0.7835693232205693    0.5745586080899321 -0.003395021567383355 -0.005277431928049754  -0.01797574988473111
   0.6249384184201662   -0.3116535301003456   -0.6733739964866815   0.04722901856961996   0.09429753903049902     0.218560987259373
 -0.09191973858319447   -0.1035702661505638   -0.1143989716457717    0.1414366774138157    0.7674327870537444   -0.5989819868341217
   0.1596545636514605    0.1334781259370293    0.1190039934930042   -0.8982081033452992    0.3368798332078686    0.1492187682464822
  -0.5959080508788245   -0.3075846287217774   -0.1516367657988528   0.06406651465838573    0.3477328536191709    0.6342467394818406
   0.4060390787966832    0.4071113839277629    0.4076850289163014      0.40849876952081    0.4095373984041825    0.4106012413183807

0.4167806678697917
0.4167745604133203
0.4168391599985355
 0.416838958982768
0.4167678952141469
0.4167295797646479

0.000484649401273256
  0.4169979935322721

   4.646304472192895   0.4557575864590489   -3.124209011510052 -0.08564957411283826  -0.5209130279940156   -1.371091151114765
   3.589184757348903   -2.271994929300483  -0.3524075727752775  -0.1020305130847614 -0.03732170139864624    0.173960890767588

-3.416869770850643e-09  7.511726960988087e-08  5.494949433576801e-08  4.099303941965401e-08 -0.0009778533161340327  -0.004812794099412382
 8.035458287056181e-09  5.356919958829942e-08 -3.786650890566792e-08  1.068536443106312e-07 -0.0003628983633515325     0.1508817423216271

cov:
0.06179663907884116 0.06191144269470595 0.06197257694809188 0.06206017421860241 0.06217070267899544 0.06228454941803081
0.06191144269470595 0.06204997733217816 0.06212393592868708 0.06222927672072604 0.06236311585282468 0.06250052847333064
0.06197257694809188 0.06212393592868708 0.06220483731719931 0.06231977122323751 0.06246621556936371 0.06261637333787849
0.06206017421860241 0.06222927672072604 0.06231977122323751 0.06244833826750339  0.0626118631739627 0.06277965098175863
0.06217070267899544 0.06236311585282468 0.06246621556936371  0.0626118631739627 0.06279889149669352 0.06298962040062243
0.06228454941803081 0.06250052847333064 0.06261637333787849 0.06277965098175863 0.06298962040062243 0.06320412626134003

cov.inverse():
 40320878.32684968 -67220318.71302286  15632533.88869833  1015957.551674496  2956711.487971677  7294801.135553627
-67220318.72016977  190938069.3554926 -122926007.8988741  -534222.689041855 -802908.2307566301  543493.3923742556
 15632533.89734564 -122926007.9100672  126816358.8309916 -2917355.943688233 -5070722.932427513 -11533295.13416924
 1015957.551838059 -534222.6903198882 -2917355.942373354  2757165.147515856 -91800.03579738691  -229833.495710743
 2956711.487421268 -802908.2281951444 -5070722.934713811 -91800.03568976073  4031513.717646796 -1022802.183022718
 7294801.134440112  543493.3951370728 -11533295.13574378 -229833.4956179751 -1022802.183190281  4947570.582259075

cov*(cov_.inverse()):
     1.000000000232831  1.382431946694851e-10 -1.164153218269348e-10 -1.818989403545856e-12  5.820766091346741e-11  1.746229827404022e-10
 1.164153218269348e-10       1.00000000095315                      0 -1.637090463191271e-11  3.637978807091713e-11                      0
 1.164153218269348e-10 -2.692104317247868e-10      1.000000000582077 -1.818989403545856e-11  5.093170329928398e-11  5.820766091346741e-11
 6.984919309616089e-10 -2.299202606081963e-09  5.820766091346741e-10      0.999999999996362  7.275957614183426e-12 -5.820766091346741e-11
 2.328306436538696e-10 -1.673470251262188e-09 -5.820766091346741e-10                      0       1.00000000003638                      0
 2.328306436538696e-10  4.365574568510056e-11 -3.492459654808044e-10  2.546585164964199e-11  1.455191522836685e-11      1.000000000116415
