5
2

7.090879989956926e-05
0.0004306881037260901
0.0005520891367850506
  0.01264733572904631
   0.5593359268006568

 -0.6244666707693793   0.7740869705451345 -0.01621296589910092 -0.03780561183388063 -0.09559610128600471
  0.1906588839784438   0.1833043600958405  -0.1881779461648877  -0.7552317268165206   0.5694407791130259
  0.2453573594921497   0.2042492274252893  -0.8713934897990818   0.3686912620580219  0.05312399135092351
 -0.5613384437345903  -0.3556607561873225 -0.07207868252513222   0.3023170525719233   0.6795687171607858
  0.4454093451949231    0.446067879595185   0.4469946865177908   0.4481818018727337    0.449402697701579

0.4174349639667296
0.4174983500250181
0.4175007371533209
0.4174246281032907
0.4173904287451273

0.0005159105921812945
   0.4176678404075103

  8.313167951046152  -5.051908617653745 -0.1711872755952035 -0.9202315985827717  -2.169657248171943
  3.486608065194837  -1.497860032597199 -0.1838775411474473 -0.2483376749433615 -0.5572526257366117

-4.453319110110087e-08   2.79449448162378e-08  2.141169239314233e-07 -0.0007373976649196468   -0.00460905165331876
-1.644729795209478e-08  5.472398590653131e-08  1.794050164423091e-07 -0.0002983085261611891      0.137937578338449

cov:
0.06211790440168444 0.06219119539310843 0.06229479164365181 0.06242667147867835 0.06256295284353124
0.06219119539310843 0.06227139905048752 0.06238452429723118 0.06252895111199658 0.06267789703090504
0.06229479164365181 0.06238452429723118 0.06251116307165515 0.06267254942722326 0.06283897405217373
0.06242667147867835 0.06252895111199658 0.06267254942722326 0.06285732630251703 0.06304653804260948
0.06256295284353124 0.06267789703090504 0.06283897405217373 0.06304653804260948 0.06325933660736421

cov.inverse():
 77951956.60389739 -95784739.34690948  1118978.932458728  4214778.869657139  12498372.30044983
-95784739.34619235  119492179.8120206 -3265763.904553758 -6320239.207163522 -14120539.42460818
 1118978.931682338 -3265763.903613015  2734423.651943516 -166108.9032522527 -421616.7843713789
 4214778.869219509 -6320239.206658495 -166108.9032248395  3805727.658602483  -1534153.77378896
 12498372.30094672 -14120539.42533681 -421616.7842344463 -1534153.773694155  3577791.070790519

cov*(cov_.inverse()):
    0.9999999989522621  9.313225746154785e-10  1.091393642127514e-11 -5.820766091346741e-11 -1.164153218269348e-10
-6.984919309616089e-10      1.000000000582077 -3.637978807091713e-12 -5.820766091346741e-11 -1.164153218269348e-10
-3.492459654808044e-10  5.820766091346741e-10     0.9999999999745341 -7.275957614183426e-11 -8.731149137020111e-11
-9.313225746154785e-10  6.984919309616089e-10 -3.637978807091713e-12     0.9999999999417923 -1.455191522836685e-10
-3.492459654808044e-10 -3.492459654808044e-10                      0  -2.91038304567337e-11     0.9999999999417923
