6
2

8.680296056763987e-05
 0.000150003107691445
0.0005077136272296929
0.0006701634249346135
   0.0150229986560254
   0.5679655965433531

   0.2039712168095307   -0.7503744088219737    0.6260122432405246 -0.003615318903620158   -0.0215345544611326  -0.05445964602038322
   0.6568856819540144   -0.3577490435315173    -0.621328414845816   0.04373104533750408   0.05620893140119736    0.2222520535466546
 -0.07391278391947206   -0.1175809880231461   -0.1407307077546666    0.1518242142101499    0.7690280363503472   -0.5886015348351074
   0.1508077560769812    0.1200815644824462    0.1154167521941627   -0.8951624484246237    0.3512657716352433    0.1575213017320337
  -0.5771185675969794   -0.3386033505155969   -0.1501150142681952   0.08313615336603769    0.3380851337132628     0.639166828622439
   0.4069705438630164    0.4075006362987904    0.4079203303553694    0.4084072771833475    0.4090030541959403    0.4096818393934064

0.3978939123368161
 0.397989730941308
0.3979731025493718
0.3979578559431092
0.3979262455450907
0.3979107280091112

0.000310455445754738
    0.39807555750649

   3.713724969679492    3.999218615461182   -5.513634655227762  -0.1314070702066776  -0.5404145261351967   -1.527550582760259
   2.072596074207572   0.2617900043945864  -0.8601848302745734 -0.05961623940211391  -0.2338632870332028  -0.1808937406357216

-4.219250171710279e-08  9.132971055147498e-08  1.275429986749312e-07   4.09169635529108e-08 -0.0008665881858826006  -0.002765003351342316
-2.238377459111783e-09  3.929348043407329e-08 -3.746545079013063e-08  8.418440008123716e-08  -0.000305876792680156     0.1307020153493682

cov:
0.05350332622719708 0.05354183375854708  0.0535723799751413  0.0536058614378029 0.05365094223956433  0.0537008541032204
0.05354183375854708 0.05359330229901952 0.05363406317172094 0.05368018395282225 0.05373906638905542 0.05380531613964684
 0.0535723799751413 0.05363406317172094 0.05368291514929996 0.05373901426450439  0.0538088163428438 0.05388797319601701
 0.0536058614378029 0.05368018395282225 0.05373901426450439 0.05380796248463426  0.0538907604181908 0.05398586180346623
0.05365094223956433 0.05373906638905542  0.0538088163428438  0.0538907604181908 0.05398913845145116 0.05410136999683485
 0.0537008541032204 0.05380531613964684 0.05388797319601701 0.05398586180346623 0.05410136999683485 0.05423470166169367

cov.inverse():
 24771886.28193825 -30682294.55504553 -1112786.748447414  834473.8586854308  954569.4690144686  5234132.661696637
-30682294.55151016  80502825.60033688 -52369620.05403572 -643967.2946376485  993536.3378453683  2199543.321146638
-1112786.753166181 -52369620.04778651  69274779.39252158 -1820923.781322344 -3671088.207583812 -10300431.92017833
 834473.8588322237 -643967.2950877881 -1820923.780978334  1960374.870706849 -127479.9403565171 -202322.3184663386
 954569.4696338357  993536.3365759345 -3671088.206989096 -127479.9403233976  2771481.422644765 -920998.0975625595
  5234132.66211389  2199543.320152346  -10300431.9195866 -202322.3184587937 -920998.0975847916  3989985.709870469

cov*(cov_.inverse()):
     1.000000000116415 -4.365574568510056e-10 -3.492459654808044e-10 -3.092281986027956e-11 -2.182787284255028e-11 -1.455191522836685e-10
 2.328306436538696e-10      1.000000000029104 -2.328306436538696e-10   -1.2732925824821e-11 -7.275957614183426e-12 -8.731149137020111e-11
  2.91038304567337e-10  1.164153218269348e-10      1.000000000465661 -3.637978807091713e-12 -1.455191522836685e-11 -1.455191522836685e-10
 1.164153218269348e-10   3.92901711165905e-10  2.328306436538696e-10     0.9999999999909051 -2.182787284255028e-11 -5.820766091346741e-11
 1.164153218269348e-10  -6.83940015733242e-10 -1.164153218269348e-10 -2.546585164964199e-11      1.000000000021828 -8.731149137020111e-11
 1.164153218269348e-10 -1.600710675120354e-10                      0 -1.818989403545856e-12                      0     0.9999999999708962
