5
2

5.753408285513053e-05
0.0001762711863045171
0.0003516058959765123
   0.0224688040174503
   0.5710951477456537

-0.07735793262842963   0.7194598997011645  -0.6890437278431782 0.007498535045973543  0.03944256677228522
 -0.6214029417906316   0.4724960039649814   0.5457112627754725  -0.1144856540240704  -0.2823086305335943
 0.03350206524241697  0.07925417336435459    0.103709866264733  -0.8004881613665785   0.5840028722362002
 -0.6388230060938533  -0.2309354434607408  -0.1301439767224261   0.3811224777698442    0.613499951181947
  0.4457094487478475   0.4466683063717847   0.4469057705626537   0.4481084326871948   0.4486697852232508

0.4218140437769486
0.4215809889981525
0.4215818993293524
0.4211519131560851
0.4209520493050675

0.002227830082536136
  0.4222943430298592

 0.3532465136527601 -0.2835264574522519   3.470393563911332 -0.6738283765800598  -2.866591695350071
  6.580836462303008  -3.631648361731761  -5.211755336641404   1.106068955739357   2.162901824378844

-9.072130904085082e-09  7.540335304622374e-08 -9.709990867911424e-08  -0.001326385693181729  -0.002074090711600199
 1.863051295438271e-09 -2.916572440002149e-07 -2.844852664372928e-08 -0.0004738227498505093     0.1460833355028647

cov:
 0.0649979237516746 0.06500574282789934 0.06500775551603667 0.06501770540410666 0.06502437347080091
0.06500574282789934 0.06509789387370273 0.06512073480308796  0.0652363155201227 0.06529101272293289
0.06500775551603667 0.06512073480308796 0.06514872963302419 0.06529041143975456 0.06535698013541741
0.06501770540410666  0.0652363155201227 0.06529041143975456 0.06556464491868724 0.06569126183569736
0.06502437347080091 0.06529101272293289 0.06535698013541741 0.06569126183569736 0.06584548076392374

cov.inverse():
 14245230.24994843 -26241342.29662338  5217325.321196266  1896963.090859294  4881642.773422725
-26241342.27404533  163609397.4203967 -141397444.1014174 -624505.1816903563  4653896.775059004
 5217325.294807324 -141397444.0571323  153102447.2078928 -4243234.081429148 -12678792.52539256
  1896963.09326155 -624505.2017328478 -4243234.062715749  5622301.512697253 -2651440.523817005
 4881642.774831291  4653896.773394577 -12678792.52620985 -2651440.522743859  5794500.459056203

cov*(cov_.inverse()):
     1.000000000291038  6.984919309616089e-10  1.862645149230957e-09                      0 -1.164153218269348e-10
 2.328306436538696e-10      1.000000001862645  3.492459654808044e-09  -2.91038304567337e-11 -2.328306436538696e-10
-1.164153218269348e-10   3.14321368932724e-09     0.9999999997671694  -2.91038304567337e-11 -5.820766091346741e-11
  2.91038304567337e-10  1.746229827404022e-10  4.190951585769653e-09     0.9999999999126885 -5.820766091346741e-11
                     0 -7.566995918750763e-10 -8.149072527885437e-10  -2.91038304567337e-11     0.9999999998835847
