5
2

0.0001116117790330596
0.0004625062714201209
0.0006392032701304008
  0.01569166673114938
    0.520473220371821

 -0.5780403761160429   0.8013389776629298 -0.02314755838410239 -0.06037495683936911  -0.1398006494450333
  0.1499709866370802   0.1557621444713217  -0.1976213287948131  -0.7279929500300076   0.6198539607268598
  0.1740021261441385   0.1539621208188081  -0.8705729419429233   0.4143291884039452   0.1282692552549741
 -0.6439784132292594  -0.3327282290643308  0.04893769841940954   0.3065149949632201   0.6150100717992734
  0.4454133924106557   0.4462976452598811   0.4473453424106272   0.4480636235987882   0.4489392559442299

0.3991588299927502
0.3991616285152785
0.3992031087093343
 0.399174436223294
0.3991432649661559

0.0004032027817308763
   0.3993573275983463

    7.338795140504521    -5.702406941839796  -0.08957924683241408   -0.3752802420997542    -1.171458393352122
    2.466305333901394    -1.109675967628396  -0.07840062685528829 -0.009306409238523106   -0.2689434758004436

-1.074205742006364e-07 -4.766854021631712e-08  6.996738416183242e-08 -0.0009033000868862468  -0.002792654988874049
-2.833855503306235e-08  1.124999704340718e-08  1.177508165676639e-07 -0.0003425330424210518     0.1200861424427811

cov:
0.05384530928070103 0.05390263762670434 0.05396845441993164 0.05401435323302773 0.05407111294867213
0.05390263762670434 0.05398405544736745  0.0540793673431917 0.05414516676678317 0.05422578151826006
0.05396845441993164  0.0540793673431917 0.05421130846258522 0.05430102069128695 0.05441089407249387
0.05401435323302773 0.05414516676678317 0.05430102069128695 0.05440794371189479 0.05453725004908767
0.05407111294867213 0.05422578151826006 0.05441089407249387 0.05453725004908767 0.05469061957652795

cov.inverse():
 27003246.79768139 -37008210.78956947  564668.9784531441  2466790.648298864  6974640.727322376
-37008210.78969313  51719964.04422353 -1961039.029945155 -4258146.247919899 -8494159.597291868
 564668.9784642458 -1961039.029953632  2080544.399841379 -98020.81989546707  -586058.475155676
 2466790.648656324  -4258146.24840623  -98020.8198761946  3190684.714434701 -1301111.193255407
 6974640.727077476 -8494159.596920719 -586058.4751723238  -1301111.19336502  3406870.309816525

cov*(cov_.inverse()):
    0.9999999999417923  6.984919309616089e-10  3.637978807091713e-12  1.455191522836685e-11 -5.820766091346741e-11
 1.746229827404022e-10      1.000000000058208  7.275957614183426e-12   2.91038304567337e-11  8.731149137020111e-11
-1.164153218269348e-10  4.074536263942719e-10      0.999999999996362   2.91038304567337e-11                      0
-5.820766091346741e-11                      0  3.637978807091713e-12      1.000000000029104   2.91038304567337e-11
-5.820766091346741e-11 -1.746229827404022e-10                      0                      0     0.9999999999708962
