6
2

  7.1583787592838e-05
0.0001017082045237036
0.0002738286453366102
0.0005838605574281712
  0.01574528930913848
   0.5562170869914536

 -0.02867580629657632    0.3335302302537024   -0.7950250480912887    0.5056301047366886 -0.001058444410592246  -0.01440602051203144
   0.4808271326449748   -0.7666040913187251  -0.07299553130808965    0.4170248489213275   -0.0193996063185188  -0.03884609055857792
  -0.4669045607413928    0.0288672117883412    0.4303057806467266    0.6186799049234002    -0.190102093921618   -0.4208326502483555
  0.05131357885595018   0.06907275839558055   0.07760270590989836   0.09297230661011623    -0.829419340819872    0.5385103508620849
  -0.6177438948692474   -0.3596414653359281   -0.0697377084513332    0.1104151590792586    0.3291971386551613    0.6030131717711584
   0.4071148422513077    0.4075897535789195    0.4081154646836167    0.4084461906532839    0.4088722659118818    0.4093470959847512

0.3780395598068961
0.3780656489054126
0.3781467380414345
0.3781231332266538
 0.378107087424355
0.3780438132003122

0.0004795599970504753
   0.3782866198854311

  1.509234696193443   3.624594886012893    2.72364631908135  -6.937785082938361 -0.2407964352878158 -0.6790465679079343
  1.522148572777901  0.3185992532892492  -1.070329631579749  0.5847758875195638 -0.1220783784368512 -0.2330527472230351

-2.304702872061118e-08 -5.290146789034044e-08 -2.540966727517779e-07  -9.26571248232815e-08 -0.0009124718134441543  -0.002100935411279315
 6.214263516933187e-09  8.493582738141881e-09 -5.091267042274021e-08  1.608121134400279e-08 -0.0002718107675929956     0.1256890888364503

cov:
0.05137161557532315 0.05139188064731531 0.05141368678330632 0.05142774839961315 0.05144791767787397 0.05146582123281967
0.05139188064731531 0.05142876606543025 0.05146920351364478 0.05149484439381181 0.05152904457057548 0.05156453855362671
0.05141368678330632 0.05146920351364478 0.05153058581894947 0.05156923000842595 0.05161919638715806  0.0516744440658686
0.05142774839961315 0.05149484439381181 0.05156923000842595   0.051615967998457 0.05167572746457574   0.051743256740892
0.05144791767787397 0.05152904457057548 0.05161919638715806 0.05167572746457574  0.0517477520105406 0.05182977941286959
0.05146582123281967 0.05156453855362671  0.0516744440658686   0.051743256740892 0.05182977941286959 0.05193110587206114

cov.inverse():
 25426499.21157645 -37667580.84051923 -1611475.079689265  12715514.08013695  162279.8147047321  975038.0403377728
 -37667580.8534218  78545413.15087952 -46156210.56361677  2263233.709586569   1127030.18445274  1887321.837471271
-1611475.042956204 -46156210.62181318   126350249.145849 -77819554.67134188 -978749.8821274431  216561.7987005929
 12715514.05516021  2263233.756817597 -77819554.69318987  71834505.52084258 -2681106.230761515  -6312687.99929487
 162279.8147475536  1127030.184943645 -978749.8836482379 -2681106.229750075   2537044.09770646 -166674.0394797978
 975038.0414413363  1887321.835043071  216561.8006056503 -6312687.999899649 -166674.0394554172  3400428.084921392

cov*(cov_.inverse()):
    0.9999999998690328  3.492459654808044e-10  -2.91038304567337e-10 -1.164153218269348e-10 -1.091393642127514e-11  5.820766091346741e-11
-1.309672370553017e-10       1.00000000007276 -9.822542779147625e-11 -1.164153218269348e-10  3.637978807091713e-12  5.820766091346741e-11
 1.527951098978519e-10 -2.037268131971359e-10     0.9999999993324309 -1.164153218269348e-10  5.456968210637569e-12  8.731149137020111e-11
  2.91038304567337e-11 -1.455191522836685e-11 -1.178705133497715e-09      1.000000000116415  7.275957614183426e-12   2.91038304567337e-11
-3.637978807091713e-11 -1.455191522836685e-11 -7.657945388928056e-10                      0     0.9999999999799911   2.91038304567337e-11
 3.055902197957039e-10  7.275957614183426e-11  1.709850039333105e-10  5.238689482212067e-10  1.091393642127514e-11      1.000000000029104
