5
2

0.0001293176672373396
0.0004638520881932606
0.0006427739919254887
  0.02004199951254229
   0.5182605124965018

 -0.6211607405978836   0.7773749344182699 -0.02381088390738257 -0.05018832739610337 -0.08222967395539431
  0.1118533013845768   0.1074325960794781  -0.1525506191548097   -0.722738589370766   0.6559910946795195
  0.1342552722517598   0.1282130664564273  -0.8713112555180222   0.4069532535464582   0.2018481530705864
 -0.6207804127988953  -0.4109198269476028   0.1289489844625175   0.3295214857757008   0.5661840025334924
  0.4452587722517086   0.4459290908306017   0.4476049662556572   0.4482574071531487   0.4490066400394351

0.3978693991208248
0.3979135759914147
0.3979792392296312
0.3979569132460771
0.3979404140551449

0.0002891743324749118
   0.3980895109691666

   2.638008183793961  0.00292670372014059  -0.1881363568441889  -0.7265919628986329   -1.726106125453756
   1.397082133513386 -0.03604528899642209 -0.04621470959858698  -0.1726397372600696  -0.1422240561759333

-2.430644289245244e-08  -6.09091923624584e-08 -5.190642193457448e-08  -0.001156766212829524  -0.002428820315185697
-1.462219677746467e-08  4.107845001363303e-08  5.133393853925053e-08 -0.0004000116833653612     0.1192710040477889

cov:
0.05340500784107181 0.05343282879931661 0.05349858014721151 0.05352665151091566 0.05355726401165212
0.05343282879931661 0.05347849382472026 0.05359004031857367  0.0536351335778978 0.05368582940393571
0.05349858014721151 0.05359004031857367 0.05381985270891035  0.0539082392645715 0.05401060190539499
0.05352665151091566  0.0536351335778978  0.0539082392645715 0.05401364458903773 0.05413492810191414
0.05355726401165212 0.05368582940393571 0.05401060190539499 0.05413492810191414 0.05427928663408077

cov.inverse():
 23175108.23251532 -28776639.45114938  521795.1139390127  1620198.133127779  3460078.426026083
-28776639.45087686  36230289.79705447 -1453545.379351233 -2567940.133966199 -3432855.828769179
 521795.1135691909 -1453545.378896606  1979616.940394791 -274226.8067784761 -773521.2830339503
 1620198.132685629  -2567940.13343905 -274226.8067562224  2979481.986783432 -1757470.987177209
  3460078.42656551 -3432855.829478411 -773521.2829713896 -1757470.987069949  2503778.193685997

cov*(cov_.inverse()):
     1.000000000203727  5.820766091346741e-11  1.455191522836685e-11  -2.91038304567337e-11                      0
 3.492459654808044e-10      1.000000000116415                      0 -1.455191522836685e-11   2.91038304567337e-11
 2.037268131971359e-10  8.731149137020111e-11                      1  -2.91038304567337e-11   2.91038304567337e-11
                     0  1.164153218269348e-10  1.455191522836685e-11     0.9999999999417923   2.91038304567337e-11
 2.328306436538696e-10 -1.455191522836685e-10                      0                      0      1.000000000058208
