5
2

0.0003850315793038936
0.0005473950581339187
0.0007090696312564692
  0.02001166260620723
   0.5191528602061138

  0.1999501002009399 -0.05817863543127105 -0.08510931887669465  -0.7167189851135073    0.660079922454243
 -0.3170748733269094   0.2695139303401477   0.7507419005796201   -0.440973793498697  -0.2622107515316625
  0.2174067609160509  -0.8445984012263461   0.4747080474338217   0.1110074624040341   0.0414421759331895
  -0.784010432696029  -0.1047295456043966  0.05996566795482152   0.2804293138234485   0.5404839334490196
  0.4444608237698065   0.4468363801833493   0.4474364657945817   0.4482106123959581    0.449109876857992

0.3982436564459264
0.3983861908788339
0.3983856869577792
0.3983887225537324
0.3983711546527958

0.0001299858117295432
    0.398443986778633

    2.337146477738415 -0.005569966516151021   -0.0806574871450538   -0.6584522427144831    -1.592535871541089
    1.397601580833469  -0.08665663613473565   -0.1104636420719481   -0.1648520711004893   -0.0354978077893838

-1.553271874609717e-08 -2.851517460784784e-08  1.686503288661164e-07  -0.001154140822114793  -0.002737454375535135
 5.761188539891052e-08 -1.400601123772722e-07  1.532619428779565e-07 -0.0004640199287987669     0.1194515283517368

cov:
0.05348859743824726 0.05355971428024645 0.05357998743344062 0.05360355895545435 0.05362964956316371
0.05355971428024645 0.05381781646499623 0.05388265692226245 0.05396670558396961 0.05406413031789869
0.05357998743344062 0.05388265692226245 0.05395940151870417 0.05405770548440941 0.05417240168329644
0.05360355895545435 0.05396670558396961 0.05405770548440941 0.05417618653691914 0.05431385012409221
0.05362964956316371 0.05406413031789869 0.05417240168329644 0.05431385012409221 0.05447910761199524

cov.inverse():
 700748.2093095143 -728669.2209837644 -704059.9329175669 -452586.4530830399  1184606.722274694
-728669.2209977384  1684080.390183422  -88798.1701265055  -301917.823910125  -564644.658861255
-704059.9329136171 -88798.17014791556  2378034.336305791 -588528.1368211512 -996699.8603601926
-452586.4530556363 -301917.8239417518  -588528.136854161    4138689.9464733 -2795773.133119825
 1184606.722257315 -564644.6588221909 -996699.8603446423 -2795773.133157059  3172607.165145928

cov*(cov_.inverse()):
                     1                      0                      0  -2.91038304567337e-11                      0
                     0      0.999999999996362  7.275957614183426e-12  -2.91038304567337e-11                      0
 7.275957614183426e-12 -7.275957614183426e-12                      1  -2.91038304567337e-11                      0
 1.455191522836685e-11 -1.818989403545856e-11 -7.275957614183426e-12                      1  -2.91038304567337e-11
-7.275957614183426e-12 -7.275957614183426e-12  1.455191522836685e-11  -2.91038304567337e-11     0.9999999999708962
