5
2

3.679142249129292e-05
5.646593867896563e-05
9.922859325499056e-05
  0.02171803545553087
   0.5194560065687975

 0.02607515493292452  0.05737995360835525  -0.6271226754307927   0.7487812371242308  -0.2051132275363006
 -0.1593596135505721    0.754585964205513  -0.4592296322620404   -0.372191958726471   0.2361902345671227
  0.7109471941038419  -0.3501250699498286  -0.4318035383107748  -0.2669917003814252   0.3379758257897043
 -0.5196119258971381  -0.3250644230157909 -0.09826951873370475   0.1703364227362677   0.7652876401276431
  0.4455133370905723   0.4461536953001486   0.4468938361659706   0.4477730896412897   0.4497220319646359

0.3991760943018476
0.3992574736439923
0.3993103071140374
0.3993544021625297
0.3994262522745466

-0.0002262819022933336
    0.3993264109427747

-0.06844493494164829  0.06837902655236261   0.6928427924040035    3.463408212316918   -4.156154858439424
   0.733909267372064   0.3538844881805087   0.1501709511829369   0.2841745750241257  -0.5220895819320813

 4.079044351931385e-09 -8.055066545926202e-09 -2.659641986219422e-08  -0.001247791040293583   -0.00233455849518715
 3.588946564300374e-10 -4.717627940105762e-10  7.945644781795465e-10 -0.0004067160964878086     0.1199183162678377

cov:
0.05368469090634181 0.05371398255157731 0.05374737405220692 0.05378724275724462 0.05387572375291415
0.05371398255157731 0.05376125082196061 0.05381557883859853 0.05388024609834833 0.05402365366474249
0.05374737405220692 0.05381557883859853 0.05389432101248225  0.0539878957247189 0.05419533431280667
0.05378724275724462 0.05388024609834833  0.0539878957247189 0.05411571270808054 0.05439898992355347
0.05387572375291415 0.05402365366474249 0.05419533431280667 0.05439898992355347 0.05485025476390982

cov.inverse():
 59801344.23390055  -61889857.7953583 -20305776.61751441  13748471.89523397  8646284.527093332
-61889857.82534572  193467416.2944905 -119913357.3197456  -46850189.1620078  35184734.41848932
-20305776.49521572 -119913357.4732714  375623864.1051599 -281591995.6318133   46187667.7098859
 13748471.77267921 -46850189.00393089 -281591995.6490602  464893235.7470182 -150198766.0905671
 8646284.557336949  35184734.38395087  46187667.69590463 -150198766.0722907  60179726.44706002

cov*(cov_.inverse()):
     1.000000000582077 -2.328306436538696e-10 -1.396983861923218e-09  9.313225746154785e-10                      0
 5.820766091346741e-10      1.000000000465661  4.656612873077393e-10  1.862645149230957e-09 -4.656612873077393e-10
 5.820766091346741e-11                      0     0.9999999958090484  9.313225746154785e-10                      0
 4.656612873077393e-10  2.095475792884827e-09                      0      1.000000000931323                      0
  2.91038304567337e-10                      0 -4.656612873077393e-10 -1.862645149230957e-09     0.9999999995343387
