5
2

6.044862357194956e-05
0.0001715066643972114
0.0004623604271385643
  0.02028663523733668
   0.5274368626302451

-0.2239726038016034  0.7549543500355662 -0.6122402953855021 0.01114182615079189 0.07012761599401854
-0.5203187902790457  0.3952011257499262  0.6288962115385059 -0.0927061091170429 -0.4110712336486648
 0.1303701205971824  0.1464542633773266  0.1658075442136318 -0.8679167018749614  0.4251861207546816
-0.6818648984702945  -0.231018831646872 0.04427951943915431  0.1929354504633394  0.6652110911367575
 0.4440366213708636  0.4461406143039276  0.4474355353108084  0.4480825232068331  0.4503482266955102

0.4065925826416625
0.4064555202788722
0.4063323865416565
 0.406384863410638
0.4060692209342892

0.001495071993883718
  0.4069709548477293

  1.420129096257751   3.983131560050925  -4.104380234649476 -0.2070282193813528  -1.091857262751061
  1.046414785105084 -0.1837015626613028   1.295575594139583 -0.7161036814835167 -0.4417654182078636

 1.871963944802955e-08 -3.759139642972742e-08 -4.203019639301663e-08  -0.001167360116565958  -0.003700253184343309
-4.403905615047953e-09  1.311001409966728e-08  1.620472323188668e-07  -0.000430370342786527     0.1231140788420426

cov:
0.05504159730995317 0.05517496524413477 0.05525766606295037 0.05529585206193151 0.05544323718172146
0.05517496524413477 0.05539324493039131 0.05552778527077461 0.05559391150633681 0.05583024704286892
0.05525766606295037 0.05552778527077461 0.05569399145560488 0.05577718088080266 0.05606784352566008
0.05529585206193151 0.05559391150633681 0.05577718088080266 0.05586982654927782 0.05618951146624995
0.05544323718172146 0.05583024704286892 0.05606784352566008 0.05618951146624995 0.05660277823099824

cov.inverse():
 23012950.43671137 -53175691.88627803     26503400.96407  427350.4868841359  3231261.748177611
-53175691.87446502  161390083.5671517 -117930805.2143017  461735.4478207126   9256886.70805721
 26503400.94653607 -117930805.1872435  116156653.1895113 -4522074.610534186 -20209047.77639342
 427350.4875196685  461735.4459400369 -4522074.609198386  3849913.833491465 -216496.5171090344
 3231261.753263165  9256886.694692669 -20209047.76820529 -216496.5170183533  7937378.567661059

cov*(cov_.inverse()):
     1.000000000320142 -1.164153218269348e-10 -6.984919309616089e-10 -2.728484105318785e-11  5.820766091346741e-11
 1.455191522836685e-10      1.000000001047738                      0  5.456968210637569e-12   2.91038304567337e-10
-1.746229827404022e-10  3.492459654808044e-10     0.9999999995343387  1.818989403545856e-12  1.164153218269348e-10
 1.455191522836685e-10   1.33877620100975e-09 -6.984919309616089e-10      0.999999999994543                      0
  2.91038304567337e-11 -2.328306436538696e-10  4.656612873077393e-10 -1.091393642127514e-11     0.9999999998835847
