6
2

7.441909845682866e-05
0.0001473571147975616
0.0003872459941092009
0.0006743746765375477
  0.02284069774818741
   0.5730708004079126

   0.2480580952183588   -0.7564359907416736    0.6013126855162644 -0.003739018033592803  -0.02584674895131878  -0.06334660888565964
   0.6606566947620766    -0.317202986875277   -0.6482256567138053   0.02716023312036445   0.09731239613318193    0.1803083859865467
 -0.06257993625917292  -0.06264863389283237  -0.08311266780609079   0.03190688825096531    0.7841541568978621   -0.6077297042281693
   0.1680582488374598     0.153648424241015    0.1498171655898575   -0.9104176752544552     0.235905582966969    0.2029571780692882
  -0.5519688154085204   -0.3660278632877543   -0.1503694444692704   0.05072379550494733    0.3893321917545963    0.6201536916899342
   0.4064117572791017    0.4070353433360321    0.4077532142484632     0.408407939586118    0.4095528070174179    0.4103151011574562

0.3939059748895292
0.3940160003084813
0.3941003564177233
0.3942466048443456
0.3943101741396695
0.3943671039424662

-0.0005780933177459065
    0.3940133345134659

  0.9355774725903193    2.519425807051667   -1.188128116271016 0.004865899221227071  -0.5972088827144868    -1.67460466655316
   1.432075526903567  -0.4709793143053539    0.311677000376962    0.040092551934338   0.1166451341833279  -0.4294376865109159

-1.255313867991135e-08  4.976275200068241e-09  6.477048399302028e-08 -5.405193656766326e-08  -0.001320264784858615  -0.002776678469026788
 5.111525728712269e-09  1.798967067170621e-08  4.014590826551186e-08  5.405540763545988e-08 -0.0004610794575287091     0.1331164843446046

cov:
0.05440264140620126 0.05443231107483004 0.05446602097970298  0.0544954267895072 0.05455080755794636 0.05458609491474665
0.05443231107483004 0.05448017208276749 0.05453494843134803  0.0545839913304243 0.05467244435406006 0.05473027732146404
0.05446602097970298 0.05453494843134803 0.05461417007568042 0.05468598410953755 0.05481279837292934 0.05489678387576899
 0.0544954267895072  0.0545839913304243 0.05468598410953755 0.05477956071486434 0.05494160584651241  0.0550499639243141
0.05455080755794636 0.05467244435406006 0.05481279837292934 0.05494160584651241  0.0551645795696862 0.05531382508216649
0.05458609491474665 0.05473027732146404 0.05489678387576899  0.0550499639243141 0.05531382508216649 0.05549134789757545

cov.inverse():
 31300036.54174638 -43448701.78363474  7300817.539077601  309083.0372478046  1562592.113458337  2976560.836656977
-43448701.77382998  108029985.4597898 -72575545.31503856 -207017.0356702495  1860559.592288303   6340259.29012418
 7300817.526265305 -72575545.29943269  84734548.01933676 -1534386.571320135 -6068365.342359629 -11857076.23490071
 309083.0375628738 -207017.0363384925 -1534386.570947911  1865838.380040613 -166202.6281979179  -267243.114756104
 1562592.113560488  1860559.591629419 -6068365.341662441 -166202.6282105261    4779821.9073479 -1968447.182574047
 2976560.839247291  6340259.285650072 -11857076.23317639 -267243.1147244486 -1968447.182446202  4776013.682962084

cov*(cov_.inverse()):
     1.000000000087311  2.328306436538696e-10                      0  9.094947017729282e-12   2.91038304567337e-11  -2.91038304567337e-11
 -2.91038304567337e-10      0.999999999825377 -9.313225746154785e-10  1.455191522836685e-11   2.91038304567337e-11  -2.91038304567337e-11
-1.746229827404022e-10  6.402842700481415e-10     0.9999999987194315   2.91038304567337e-11  4.365574568510056e-11                      0
-1.164153218269348e-10  2.328306436538696e-10 -8.149072527885437e-10      1.000000000012733  -2.91038304567337e-11 -5.820766091346741e-11
-4.656612873077393e-10  9.313225746154785e-10 -9.313225746154785e-10    1.2732925824821e-11      1.000000000058208                      0
-5.820766091346741e-11  5.238689482212067e-10 -4.656612873077393e-10  7.275957614183426e-12                      0                      1
