5
2

7.184811732384618e-05
8.638588254229316e-05
 0.000363749022259139
 0.008593001782216315
   0.5078970609325481

    0.2598381609727431    0.07799215641009061    -0.8272045798679408     0.4920636883485192  -0.002695050122213429
    -0.527368313113202     0.8231444792305298    -0.1654624277331453    -0.1301460167688048 -0.0001672253063409857
    0.3431443490835255    0.05358848033749696    -0.2932241164211197    -0.6794762934104928     0.5759442809068891
   -0.5806529539648156    -0.3373330734221628   -0.04924248465909286     0.2810499983784354     0.6838381539103918
    0.4466104512552482       0.44686134561123     0.4471572020082082     0.4475021855060434     0.4479355682323185

0.3784843413418508
0.3785897779684413
0.3785681453720319
0.3785464282423145
0.3785319868226101

0.0004510527349034493
   0.3786992699080984

  4.962701438164668   2.799618929463331   1.913034360690767   -9.39606444226095 -0.2794460261881281
  2.532145030221814   0.414559386392805 -0.8599795961580937 -0.9408846689817183 -0.1457809190989218

-2.424834292812708e-08  4.430432580378109e-09  9.943957205729588e-07 -0.0004985709532057326  -0.001823846588735209
 4.847658464732668e-09 -5.442861868188495e-09  2.247502056558848e-07 -0.0001426524085700794     0.1148534737574113

cov:
0.05147773136066422 0.05149618514000003 0.05151790495947357 0.05154347233085698 0.05157618740724021
0.05149618514000003 0.05151905167839357 0.05154597084553856  0.0515775087135037 0.05161744227390665
0.05151790495947357 0.05154597084553856  0.0515790684417465  0.0516176700900164 0.05166614878784068
0.05154347233085698  0.0515775087135037  0.0516176700900164 0.05166438657412065  0.0517226598202395
0.05157618740724021 0.05161744227390665 0.05166614878784068  0.0517226598202395  0.0517931710666483

cov.inverse():
 51242052.82369488 -54103350.20095391 -30704555.48811963  32201045.09076465  1364451.452355558
-54103350.18316913  91997560.84803443 -30867455.87713306 -7197757.224646258  170977.3365829358
-30704555.52199249 -30867455.83146573  136873249.4175788 -74459039.54919386 -841251.1931685107
 32201045.10731348 -7197757.251908778 -74459039.53976269  52664377.03589578 -3209055.497090579
 1364451.451894636  170977.3359632234  -841251.190805394 -3209055.498373045  2514761.615018444

cov*(cov_.inverse()):
    0.9999999992578523 -2.637534635141492e-10   3.92901711165905e-10  3.492459654808044e-10  1.455191522836685e-11
-5.384208634495735e-10     0.9999999996325641  2.182787284255028e-11  1.164153218269348e-10   2.91038304567337e-11
-4.802132025361061e-10 -3.601599019020796e-10     0.9999999998763087  3.201421350240707e-10                      0
-7.275957614183426e-10 -2.837623469531536e-10  2.182787284255028e-10      1.000000000727596  1.455191522836685e-11
-4.220055416226387e-10 -3.219611244276166e-10 -5.820766091346741e-11  1.164153218269348e-10                      1
