5
2

8.160227708658355e-05
0.0002179107958658858
0.0006408995261162972
  0.01649144535785964
   0.5168316953179759

 -0.1386487939016293   0.7392288584873921  -0.6569878439799868 0.004822481208524599  0.05158413774187549
 -0.5667788452642308   0.4374023102762195   0.5814260920023631 -0.07238455336301344  -0.3796645038705453
  0.1310414139471403   0.1547190040739099   0.1724485687430029  -0.8710671345074711   0.4127877371344076
 -0.6661895978837646  -0.1967334239827822 -0.02491503730429418   0.1886580722796694   0.6937396862219454
  0.4455982720037976    0.446741427909749   0.4471592607293329   0.4476465112721115   0.4489158864044485

 0.398094647884926
0.3982364311848181
0.3982217528360266
0.3982043387778206
0.3981679912406719

0.0002782890448052465
   0.3983145225818349

   2.731058964354339    3.356653119720794   -4.342738200397881  -0.1612640056021237    -1.58370933617855
   1.553104025392436 -0.01282701170025863   -0.374392905224237 -0.03765365186202846  -0.1282832166582136

 3.245117829550314e-08 -9.457746508355703e-08 -1.581162463257744e-07 -0.0009520708343339959  -0.002277419891657194
 9.558581592108102e-11 -4.996045453743728e-08  4.798323612846123e-08 -0.0003043072004741438     0.1187253947213114

cov:
0.05315849641322282 0.05320947805138787 0.05322807896463867  0.0532473396326523 0.05330699383944502
0.05320947805138787 0.05332080073387244 0.05336146535953968 0.05340810571830133 0.05353263292072073
0.05322807896463867 0.05336146535953968  0.0534102196267324   0.053466876214817 0.05361515389562387
 0.0532473396326523 0.05340810571830133   0.053466876214817 0.05353647210737107 0.05371371211844594
0.05330699383944502 0.05353263292072073 0.05361515389562387 0.05371371211844594 0.05396144507029491

cov.inverse():
 9695341.828029089 -20562796.35244367  6794675.964280545  485209.4345329772  3587581.915739942
 -20562796.3519187  86151600.71097763 -67513579.98800892 -459643.8009429485  2384276.362412294
 6794675.963784147 -67513579.98759016   72011770.6742525 -1727825.104753762 -9564946.253002916
 485209.4343135383 -459643.8001255306 -1727825.105351352  1961204.587464021 -258797.4278575709
 3587581.915930815  2384276.361701142 -9564946.252483025 -258797.4278571803  3851791.538437762

cov*(cov_.inverse()):
     1.000000000174623 -7.712515071034431e-10   2.91038304567337e-10  1.818989403545856e-12                      0
 1.455191522836685e-10      1.000000000116415  -2.91038304567337e-10 -1.818989403545856e-11                      0
  2.91038304567337e-11  -2.91038304567337e-11      0.999999999650754 -3.637978807091713e-12  -2.91038304567337e-11
 5.820766091346741e-11 -2.182787284255028e-10  -2.91038304567337e-10      0.999999999994543  -2.91038304567337e-11
 -2.91038304567337e-11   1.01863406598568e-10  5.820766091346741e-11  9.094947017729282e-12      1.000000000029104
