5
2

8.363976682761005e-05
0.0001643701832220356
0.0006699882117533544
  0.02043657098521084
   0.5193056663184605

 -0.3391607238764359   0.7820902005777636  -0.5181134121363528 0.005673469120126435  0.06950701728901006
  -0.609084749969547    0.227391525920263   0.7032926333690515 -0.03637423457201896  -0.2852459433582078
  0.1691043740379461   0.1729939579433191     0.18818165416762   -0.883802089795377    0.353494458661523
 -0.5354867492991305  -0.3279094906643827 -0.04023368895280008   0.1312039460312539   0.7660914319298661
  0.4456943153557504    0.446291909569531   0.4471094712944902    0.447575823103299   0.4493874853225398

0.3978481895319353
0.3978764637635576
0.3979438961543013
0.3979040525423514
0.3978043747634802

0.0004983497020449184
    0.398095375779221

   1.120519600450638    2.583427418684464   -1.796466616830327  -0.0124097798977787   -1.895186108334737
    1.55524767979973   0.1549277049186835  -0.5997651634593741 -0.06532297345928603 -0.04499455772807112

 1.706517180011229e-08 -2.208518029858081e-08 -1.618810914982595e-07   -0.00118128651947206  -0.002176979777576732
-6.930072855630888e-10  -3.56266538902841e-08  9.819934275862197e-08 -0.0003769433339504288     0.1199233767230443

cov:
0.05368961960327579 0.05371500656933144 0.05374893100370422 0.05376657164160025 0.05384242941058387
0.05371500656933144 0.05375851353238718 0.05381751046234991 0.05385007462398253 0.05398126318970932
0.05374893100370422 0.05381751046234991 0.05391126959452825 0.05396451301769994 0.05417238663205821
0.05376657164160025 0.05385007462398253 0.05396451301769994 0.05403062282198682 0.05428359301158994
0.05384242941058387 0.05398126318970932 0.05417238663205821 0.05428359301158994 0.05470648584928762

cov.inverse():
 30238787.74361242 -42977975.15419313  9335030.326679545  211846.4476433525  3192947.462751111
-42977975.14746168  89416306.39233707 -51931895.16140125 -12570.76629624527  5505572.313322518
 9335030.317221133 -51931895.14967577  56759117.15110113 -1737568.172240113 -12424976.60094934
 211846.4480569134 -12570.76738860436 -1737568.171425579  1793720.551940858 -255346.7462162983
 3192947.465064581  5505572.309420594 -12424976.59949657  -255346.746080565  3981958.909573439

cov*(cov_.inverse()):
     1.000000000232831 -1.746229827404022e-10  2.328306436538696e-10  1.637090463191271e-11 -5.820766091346741e-11
 1.746229827404022e-10      1.000000001105946 -1.164153218269348e-10  2.000888343900442e-11  5.820766091346741e-11
-5.820766091346741e-11  8.731149137020111e-10     0.9999999998835847                      0  5.820766091346741e-11
 5.529727786779404e-10 -1.164153218269348e-10                      0      1.000000000021828 -1.164153218269348e-10
-1.746229827404022e-10  5.820766091346741e-10                      0 -1.818989403545856e-12      1.000000000029104
