5
2

5.973451448962565e-05
0.0001654585054849917
 0.000367223964530243
  0.02153205550806692
   0.5278191867611477

  -0.2132440160907725    0.7466265128958591   -0.6261224817334895   0.02707263891077628   0.06567762124765485
  -0.5347583798600287    0.4124064545384312    0.6305403467575942   -0.1612316037257188   -0.3469547989225159
  0.05209828913489349   0.07909559276303198    0.1018797434000157   -0.8070257425727284    0.5738986183851336
  -0.6848582269142465   -0.2596599671310734 6.454115655110473e-05    0.3469376053696032    0.5858158450504808
   0.4436388644697923     0.445859120318251    0.4472248010764773    0.4490158026036295    0.4502987775636442

0.4067160449220018
0.4065661374392822
 0.406435905613465
0.4062855348935858
0.4061572900626366

0.001570534588637706
  0.4071043903884595

   1.410763744275484    3.740284927137267   -3.778907416384253  -0.2768720203893208   -1.095247086250468
   1.247647514888712 -0.08880200383833822  0.06120548560575964   0.2879173593666784   -0.507410604233018

 1.705030594253016e-08 -3.203085150066867e-08 -5.674277135579981e-08  -0.001240343008982691   -0.00390578636191918
-1.413755178792957e-09 -1.466266510130623e-08  -6.19445113562531e-08 -0.0004769630263349531     0.1231597172916814

cov:
0.05504888776363464  0.0551882761355724 0.05527459724826914 0.05538582101556676 0.05546855362420248
 0.0551882761355724 0.05541288700053292 0.05555125453009025  0.0557319451355652 0.05586256279291177
0.05527459724826914 0.05555125453009025 0.05572142472192638 0.05594455506769178 0.05610442854566206
0.05538582101556676  0.0557319451355652 0.05594455506769178  0.0562244934601843 0.05642325848056205
0.05546855362420248 0.05586256279291177 0.05610442854566206 0.05642325848056205 0.05664919617949312

cov.inverse():
 23210746.24144191 -52644789.41698945  25141141.40518048  1219201.580466319  3073046.861698199
-52644789.40684097  162486144.3066581 -121453918.9723743  2762413.387429636  8852309.878105992
 25141141.39049544 -121453918.9496284  124466841.1276165  -9073706.06722787 -19082150.85240035
 1219201.580557476   2762413.38563364 -9073706.064833209  5984842.144848527  -892369.964968336
 3073046.866143694  8852309.867304681 -19082150.84673448 -892369.9642785001  8049088.775755612

cov*(cov_.inverse()):
     1.000000000261934 -9.895302355289459e-10 -2.328306436538696e-10  7.275957614183426e-12  5.820766091346741e-11
 1.746229827404022e-10     0.9999999991268851 -6.984919309616089e-10 -1.455191522836685e-11  1.164153218269348e-10
-1.164153218269348e-10 -1.746229827404022e-09      1.000000000232831 -4.365574568510056e-11  5.820766091346741e-11
 5.820766091346741e-11 -4.074536263942719e-10 -4.656612873077393e-10     0.9999999999781721  1.746229827404022e-10
 -2.91038304567337e-11 -1.746229827404022e-10  4.656612873077393e-10   2.91038304567337e-11      1.000000000058208
