5
2

9.168150667636428e-05
0.0002245625224968401
0.0006603750775876254
  0.01072479686482262
   0.5181151824562273

 -0.3211743193557181   0.7993300765555059   -0.507170842233686  0.00277862763716769  0.02623930861488447
 -0.5398581339258527   0.2555926180004888   0.7280397456415073  -0.1361341786451809  -0.3076543889311552
  0.1028087500266903  0.09594643442169043   0.1087069859234787  -0.8324079275110655   0.5248852027518763
 -0.6290472033970924  -0.2948606725638561 -0.03087950282040081   0.2969275442655873   0.6543984179652796
  0.4462401020042165   0.4467609067883844   0.4471745890267243    0.447650354971596   0.4482393447160473

0.3980174185947211
 0.398115971481979
 0.398101957871525
0.3980898719985159
0.3980611188231829

0.0002546315140029501
   0.3981878606090826

   5.867348305486799    4.832996629991693   -9.724774701320364  -0.2078922967967843  -0.7678094041579943
   2.333784872054037   0.3955994202264128   -1.418546203210648 -0.06890423220501102  -0.2421131006917243

 5.791485833149602e-08 -4.411348352683568e-07 -9.602294197851531e-08 -0.0006187897694146068  -0.002270362742838266
 2.349872140329509e-09 -1.062873345890904e-07  2.353118576920342e-08 -0.0001978137547745116     0.1193121448429261

cov:
0.05350071825997888 0.05353890090535803 0.05356934717164214 0.05360260112955929 0.05364735740072909
0.05353890090535803 0.05359004449317976 0.05363070225864224 0.05367659611659367 0.05373516467634035
0.05356934717164214 0.05363070225864224 0.05367944701700458 0.05373531563538565 0.05380480686018885
0.05360260112955929 0.05367659611659367 0.05373531563538565 0.05380403100399115 0.05388652633449698
0.05364735740072909 0.05373516467634035 0.05380480686018885 0.05388652633449698  0.0539846177143552

cov.inverse():
  18079183.3758728 -33254425.11434087  11610811.87687413  1153344.796156508  2411137.985454537
 -33254425.1102379  77330486.72556269 -44515947.25663031 -609651.0385806577  1049734.421230516
 11610811.87085562 -44515947.24811229  41139569.15741108 -2340618.318601185 -5894204.936173719
 1153344.796795847 -609651.0401728366  -2340618.31759306  1958067.758376559 -160993.1710945614
 2411137.986730821  1049734.418407457 -5894204.934682238 -160993.1710392718  2594333.231008873

cov*(cov_.inverse()):
     1.000000000087311  -3.92901711165905e-10 -1.746229827404022e-10 -2.364686224609613e-11   2.91038304567337e-11
-8.731149137020111e-11     0.9999999999781721 -1.164153218269348e-10 -1.637090463191271e-11   2.91038304567337e-11
-2.619344741106033e-10  2.764863893389702e-10      0.999999999825377 -2.546585164964199e-11                      0
  2.91038304567337e-11 -8.731149137020111e-11                      0     0.9999999999909051  5.820766091346741e-11
-1.455191522836685e-11 -3.128661774098873e-10                      0 -3.637978807091713e-12      1.000000000029104
