7
2

5.507288879669979e-05
7.516772919861457e-05
0.0001783233642021375
0.0003393139199984122
0.0003697696695832187
   0.0243740692512982
   0.6773330197080761

  0.02267086278632224   -0.2682579335558341     0.790253057791419   -0.5502881625583236 -0.005431276342615265 -0.002096954764721088   0.01314761888628128
  -0.2995586931640856    0.7855576572845864  -0.09184021336890116   -0.5253348134376212   0.01424749334358155   0.02920624906718769   0.08772952398732396
   0.6812613636854831   -0.1577411590048931   -0.4248212237396193   -0.4995931043503334   0.03132356545362497    0.1084194930661457    0.2611482085362855
 -0.09362437887750399   -0.1141863384857647    -0.126143586086259   -0.1512025443055455    0.5874160544250112    0.4917055200926905    -0.593792558543784
  0.08497217620207967   0.07633074462820227   0.05163550819391337   0.04005199703540384   -0.7099609741947758    0.6610105974464311   -0.2042140144724073
  -0.5362538505391961   -0.3533327871366207   -0.1593154635446078  -0.06615607372335375   0.08227731028445488     0.406464370348936    0.6211657316291916
   0.3769344616944902    0.3772871770729632    0.3776672619892559    0.3778491816356851    0.3780404512145503    0.3787680009321693    0.3791997514207108

0.4225383592867951
 0.422461375016895
 0.422313305720567
0.4223163467301254
0.4222222988209244
0.4218964674602888
0.4216986709447757

0.00217294644041533
 0.4230127747203983

-0.5766950810629603   2.668704332425624  -1.639802034251808   3.126718285574107 -0.4671750356514441  -0.573497105083391  -2.538715925929881
  9.059087249750657  -6.634256237813362 -0.3310090592246824  -4.542530895350064   1.150219249888195  0.8400931672270814   1.465067871148962

-1.144986847038432e-08  3.000672415049077e-09 -7.692555408650415e-08  5.001403318817447e-08  9.110159865684623e-08  -0.001442343707978111  -0.002245171391514616
 1.284316216773611e-08 -3.016700736885281e-08  3.223757284523275e-07  9.864401778515279e-08 -6.783761590172833e-08 -0.0004838694685092272     0.1738054557548911

cov:
0.06535413651613108 0.06535683560977902 0.06536074813101499 0.06536252738775357  0.0653483088078373 0.06537086116991445 0.06537712782181378
0.06535683560977902 0.06537949962794816 0.06540455887812643   0.065416492032929   0.065418422836555  0.0654763197981455 0.06550598831932412
0.06536074813101499 0.06540455887812643 0.06545205788421685 0.06547475931091808 0.06549382868810374 0.06558921464795084 0.06564370883654158
0.06536252738775357   0.065416492032929 0.06547475931091808 0.06550263865930296  0.0655299333850717 0.06564332024981089 0.06570973717164071
 0.0653483088078373   0.065418422836555 0.06549382868810374  0.0655299333850717 0.06557048551440624 0.06571237681572265 0.06579776395534272
0.06537086116991445  0.0654763197981455 0.06558921464795084 0.06564332024981089 0.06571237681572265 0.06591720697648935 0.06604393943213561
0.06537712782181378 0.06550598831932412 0.06564370883654158 0.06570973717164071 0.06579776395534272 0.06604393943213561  0.0661983820062111

cov.inverse():
 30775960.97206186 -46892237.92786149  1809531.088667062  13183405.84412802 -1043853.315052629  769227.7733352591  1397260.317441753
-46892237.95513365  133882578.8122172 -80401879.73704831 -21717180.04682379  1326877.800733122  3589371.351642777  10213469.42624695
 1809531.145100879 -80401879.79886234  213226091.2750422 -127983284.8297592 -2976891.545471089 -2758723.174799926 -915899.1227167504
 13183405.81983286  -21717180.0258722 -127983284.8103691  156743166.8603564 -1810809.559552792 -4490564.635619367  -13925127.0710854
-1043853.316957343   1326877.80619385 -2976891.557281964 -1810809.550601026  6759962.885684309 -739312.2708347342 -1514170.475269002
 769227.7745277967   3589371.34855474 -2758723.183581773 -4490564.623464853 -739312.2705952019  5817907.275628914 -2187983.975766208
 1397260.313287007  10213469.43746542 -915899.1268967671 -13925127.07614284 -1514170.474811671 -2187983.974049589  6931895.897388689

cov*(cov_.inverse()):
     1.000000000203727 -5.820766091346741e-10  -2.91038304567337e-11 -3.492459654808044e-10   2.91038304567337e-11  8.731149137020111e-11                      0
  1.01863406598568e-10     0.9999999994179234  9.604264050722122e-10 -3.608874976634979e-09 -1.455191522836685e-11  1.164153218269348e-10 -5.820766091346741e-11
 6.111804395914078e-10 -1.164153218269348e-09      1.000000000130967 -2.793967723846436e-09  7.275957614183426e-11  1.164153218269348e-10                      0
 1.746229827404022e-10 -5.820766091346741e-10  7.130438461899757e-10     0.9999999975552782 -7.275957614183426e-11  5.820766091346741e-11 -1.164153218269348e-10
-1.164153218269348e-10  3.492459654808044e-10 -2.139131538569927e-09 -1.280568540096283e-09      1.000000000029104  5.820766091346741e-11                      0
 2.182787284255028e-10 -2.444721758365631e-09  1.818989403545856e-09 -3.259629011154175e-09  7.275957614183426e-11      1.000000000058208 -1.746229827404022e-10
 7.275957614183426e-11 -1.164153218269348e-10  8.731149137020111e-11 -4.656612873077393e-10 -1.455191522836685e-11   2.91038304567337e-11     0.9999999999417923
