5
2

5.710341601225709e-05
0.0001302855878786458
0.0004377375406934402
  0.01668601407098395
   0.5581139534489411

-0.2403807218468436  0.7866360280429461 -0.5684253051180861 0.00524678142263176 0.01691188148377949
-0.6314788275573244  0.2965722060188927  0.6695715322754487 -0.1004373114040693 -0.2342343412229401
0.06223266810927085 0.08338334695172067 0.09845968381684531 -0.8111276926453859    0.56705543764044
-0.5845128314344297 -0.2955332817140373 -0.1391599805979461  0.3614731570767549  0.6488270076074063
 0.4448858772985776  0.4460448215733094  0.4466618700206953  0.4486578213955064  0.4497998515986448

0.4170822558285191
0.4170805854283996
0.4171472314840625
0.4170820601799631
0.4170457515727057

0.0004373615527095283
   0.4172903870080628

   4.726057846411381   0.3990760404361502   -3.247103441094395  -0.5041861184010256   -1.373640594222577
   3.286459791055647  -0.5652847837337394   -2.012557438850319 0.006389614126984022   0.2843869727280438

 3.253411009229264e-09 -7.923323498497138e-08 -6.941957362209782e-08 -0.0009750430654856421   -0.00431897592562205
-2.799179536711624e-10 -6.208844287057618e-08  2.209587919538251e-08  -0.000358336714828177     0.1376194520315575

cov:
0.06174654046276878 0.06186010510794351 0.06192016322844093 0.06211528122854057 0.06222679488420541
0.06186010510794351 0.06199735715974174 0.06207022100684321 0.06230632587948483 0.06244137540643024
0.06192016322844093 0.06207022100684321 0.06215002001689789  0.0624082950164029 0.06255607792306146
0.06211528122854057 0.06230632587948483  0.0624082950164029 0.06273776276870513 0.06292607089189535
0.06222679488420541 0.06244137540643024 0.06255607792306146 0.06292607089189535 0.06313813954115939

cov.inverse():
 41234165.86049382 -68994860.96986584  17026246.19904542   3085485.56225059  7650072.840773393
-68994860.92441307  194986473.4450727  -125385411.825651 -842441.8813474912  233402.8446776583
 17026246.14252874 -125385411.7491336  125551016.0095802 -5293457.521711348 -11896673.29193911
 3085485.567854403 -842441.8960890952 -5293457.512815258    4036810.1184883 -986397.5459029337
 7650072.846232901  233402.8283544365 -11896673.28083324 -986397.5461448536  4999622.059081461

cov*(cov_.inverse()):
    0.9999999992433004 -1.382431946694851e-10  9.313225746154785e-10 -1.455191522836685e-11                      0
-1.164153218269348e-09     0.9999999995416147 -4.656612873077393e-10  1.455191522836685e-11  5.820766091346741e-11
-1.222360879182816e-09  1.278749550692737e-09     0.9999999993015081 -7.275957614183426e-11 -1.164153218269348e-10
-4.074536263942719e-10   4.31100488640368e-10 -5.820766091346741e-10     0.9999999999854481                      0
 -2.91038304567337e-10  1.509761204943061e-10  6.984919309616089e-10 -3.637978807091713e-11     0.9999999999417923
