5
2

5.521849632078454e-05
8.670488976126173e-05
0.0002084120088369762
  0.01900716410021285
   0.5569328526216932

-0.01442941134367151   0.2681453531343602   -0.788707861527213   0.5527341982799693 -0.01773913463770678
 -0.4116640101339101   0.7970283788749408 -0.02760743369821074  -0.4343413733448609  0.07657615186173282
  0.5911094387660125 -0.04670862219592454  -0.4183674122312301  -0.5454267651108796   0.4193879925533326
 -0.5317745509989834  -0.3028607871559985 -0.04809462625224366  0.08958736973697791   0.7843163778873585
  0.4451179542102326   0.4460240812739162   0.4470272408683509   0.4475670056393694   0.4503142759763391

0.4160786952917794
0.4161259789650079
 0.416124647477137
0.4161946274176739
0.4161135963753855

0.0003683266300108568
   0.4163186839157934

 1.030216926626153  3.456085676099726 0.1238992700910843 -3.072931387354163 -1.537040951504287
0.7042234494934698  2.731014887098733 -2.737925872631769 0.1257586437370694 0.1760397556253324

-2.613371301080213e-09  2.664342809919772e-08  6.198902546112898e-08   -0.00111320169906534  -0.003735224656114005
  8.98857090828306e-09  1.444336593099404e-08  6.252145593144119e-08 -0.0003325831692388507     0.1374667540094653

cov:
0.06155699112247317 0.06163809675543409 0.06172764563955078 0.06177571488491342 0.06202156937766022
0.06163809675543409 0.06173841717230632 0.06184931910658924 0.06190892736520495 0.06221298564719372
0.06172764563955078 0.06184931910658924 0.06198399636150514 0.06205644506468203 0.06242528409287183
0.06177571488491342 0.06190892736520495 0.06205644506468203 0.06213583996492671  0.0625396860238157
0.06202156937766022 0.06221298564719372 0.06242528409287183  0.0625396860238157 0.06312028399764327

cov.inverse():
 30655727.25393209  -45548669.0618671 -449220.6807732031  13745584.31887545  1596960.194244441
-45548669.05782247  108132697.3201944 -71838308.90377767   3146793.42941295  6106901.557716833
-449220.6844720368 -71838308.90103167  208146578.2193563 -136127545.6073337  267770.2717538836
 13745584.31697792  3146793.433783891 -136127545.6100404  132142365.2400388 -12906080.25618648
  1596960.19579615   6106901.55464461  267770.2735077688 -12906080.25641984  4934277.787883225

cov*(cov_.inverse()):
    0.9999999998835847 -1.746229827404022e-10  8.076312951743603e-10 -2.677552402019501e-09                      0
 5.820766091346741e-11      1.000000000116415 -1.895386958494782e-09 -1.862645149230957e-09 -5.820766091346741e-11
 8.731149137020111e-11 -6.402842700481415e-10     0.9999999985229806 -1.746229827404022e-09 -1.746229827404022e-10
 7.275957614183426e-11 -2.328306436538696e-10 -1.797161530703306e-09     0.9999999979045242 -5.820766091346741e-11
 2.328306436538696e-10 -1.164153218269348e-10 -2.171873347833753e-09 -6.984919309616089e-10                      1
