6
2

8.584423032409153e-05
0.0001545599787273633
0.0003647926832746484
0.0004825553471477294
  0.02346628042845886
   0.5771289398042856

  0.4761623084217337  -0.7741226603402621   0.4101673247098185 -0.01266596121207107 -0.03172850256520369 -0.06781743196358092
  0.4624555477195664  -0.1734386691270794  -0.8022643228642994   0.0775935811630363   0.1419834480274031   0.2936763309196975
 0.06822476954764077  0.07606458040626779   0.1045862515762292  -0.1057582904961267  -0.7633928390625452   0.6202159572829348
   0.113395397391332   0.1038899551853367   0.1013754852165214  -0.8917836071090377   0.3439995259495346   0.2290364518963163
 -0.6147630648691383  -0.4351154275361416   0.0134486682046755   0.1417134099432561    0.331044589328117   0.5503515798424659
  0.4049167336196647   0.4058925428464907   0.4083363592693486   0.4089905880506959   0.4100477800236459    0.411269518902958

0.4078201214479755
0.4077761196174791
0.4075660092520405
0.4076196859245656
0.4074264360626617
0.4073097382451655

0.001465564007482252
  0.4081954685616613

 0.8294225187231423   2.979695675446506  -2.514478818511656 -0.1393218522083886 -0.1922267389086845 -0.9631257353968437
 0.0452068129489715    1.76136514331687 -0.2458562845399481 -0.6611805381229707  0.4350867416044754 -0.3342116470962798

-2.114886149254581e-08  3.734062297505338e-08 -5.530682052951707e-08 -3.205366424476373e-09  -0.001351149813012025  -0.004455763825986377
-1.050553196241569e-08 -4.180997814767267e-09 -4.766056431608236e-08  1.923289340702281e-07 -0.0005127221098394337     0.1343557904489313

cov:
0.05481875163525653 0.05488953025206525 0.05506727009802929 0.05511206386307303 0.05519057920574915 0.05528112286850254
0.05488953025206525 0.05497841904009646 0.05520132646043826 0.05525901407754776 0.05535659856312961 0.05546923418410826
0.05506727009802929 0.05520132646043826 0.05553704242342082 0.05562692800955382 0.05577213520764037 0.05593993885681427
0.05511206386307303 0.05525901407754776 0.05562692800955382 0.05572627101789075 0.05588481527744207 0.05606836620159993
0.05519057920574915 0.05535659856312961 0.05577213520764037 0.05588481527744207 0.05606388441836613 0.05627057619594209
0.05528112286850254 0.05546923418410826 0.05593993885681427 0.05606836620159993 0.05627057619594209 0.05650450813311873

cov.inverse():
 39810605.01200565 -53287342.21190039  11075115.94399811  195050.6791882437  474247.1384331411  1732064.907901728
-53287342.21124128  82669376.23631458 -37157591.85088486  308753.6313667632  2019038.433768718  5448180.693645271
 11075115.94325404 -37157591.85030567  49898699.98278496 -3782181.377013991 -6984465.998081938 -13050131.30799733
 195050.6783657875  308753.6331117641 -3782181.378525938  3773156.927856278 -194923.2531398781 -299449.6225963216
 474247.1388245822  2019038.432602215 -6984465.996615403 -194923.2533697626  5868165.751922398 -1181797.189765202
 1732064.908417609   5448180.69314685 -13050131.30811689 -299449.6229558489 -1181797.189303593  7350877.254158895

cov*(cov_.inverse()):
    0.9999999996798579  8.149072527885437e-10  1.164153218269348e-10 -2.182787284255028e-11 -6.548361852765083e-11                      0
  1.01863406598568e-10      1.000000000058208                      0  2.182787284255028e-11  1.455191522836685e-11                      0
-1.309672370553017e-10  4.074536263942719e-10      1.000000000349246  1.091393642127514e-11  -2.91038304567337e-11  5.820766091346741e-11
-3.783497959375381e-10  8.731149137020111e-10 -2.328306436538696e-10      1.000000000025466 -1.455191522836685e-11                      0
-1.746229827404022e-10  5.820766091346741e-10 -1.164153218269348e-10 -3.637978807091713e-12     0.9999999999417923                      0
-1.600710675120354e-10  1.164153218269348e-10 -2.328306436538696e-10  3.637978807091713e-12  -2.91038304567337e-11                      1
