6
2

5.752719533916457e-05
0.0001758135128579514
0.0003363642117656034
 0.000367659222163632
  0.02247753804093709
   0.6255922913238288

 -0.07731789105366393    0.7197958248474609   -0.6886749771059513 -0.000995152436499256  0.007344748368577077   0.03984663732770005
    0.613536510889868   -0.4798291537958574   -0.5536259170073768   0.03937055754475245    0.1100346276990563    0.2705136168404894
   0.1588861505730394    0.1623933524031863    0.1810278115445811    -0.632925232239586   -0.4380270207974328    0.5684632803836218
  -0.1119494332275329  -0.05804150616819949  -0.04180071790271252    0.6561816531747323   -0.6980910287756558    0.2538616976316065
  -0.6436393140015734   -0.2359113332257128   -0.1351493171723174   0.02532695397929648    0.3758928969847848    0.6081710399169162
   0.4068732512168862    0.4077540670702897    0.4079723194334539    0.4082141627916849    0.4090772665025406    0.4095929102597103

0.4218142601944026
 0.421580990053799
0.4215820717760072
0.4214854218093287
0.4211517582662038
0.4209518529475657

0.002227830082536136
  0.4222943430298592

 0.4065700398040193 -0.1022249592304728   3.541898401848947 -0.4939747754317688 -0.6095209987969105  -2.743199755413824
  6.456869109891056  -3.794352780991319   -5.70694723212651   1.187771199474973  0.9698670948892426   1.893504573368116

-8.794757036764457e-09 -7.699716768464835e-08 -3.287792075694134e-08  -1.05795451728421e-07  -0.001326867477051793  -0.002288517843834629
 2.585392710908611e-09  2.969679022002176e-07 -8.186843674076827e-08   4.31159638700344e-08 -0.0004765676331176737     0.1600175842385883

cov:
0.06499828968550686 0.06500593586249011 0.06500792158235826 0.06499423206255019  0.0650176934973707 0.06502427436628422
0.06500593586249011 0.06509791723868888 0.06512073411160763  0.0651401726675428 0.06523613618887594 0.06529074619263854
0.06500792158235826 0.06512073411160763  0.0651487061259625 0.06517633027952863 0.06529021171385431 0.06535669449795001
0.06499423206255019  0.0651401726675428 0.06517633027952863 0.06521714182286335 0.06535938407243534 0.06544474867986584
 0.0650176934973707 0.06523613618887594 0.06529021171385431 0.06535938407243534 0.06556426241949508 0.06569079055236754
0.06502427436628422 0.06529074619263854 0.06535669449795001 0.06544474867986584 0.06569079055236754 0.06584491992161955

cov.inverse():
 14301071.68508921 -26064429.26932202  5389859.174329698  -627595.228737104   1975010.52766505  5025727.985579439
-26064429.25876645   164263529.188791 -140916161.5368142 -2017822.399009202 -439730.2972990912  5174109.662283186
 5389859.163366664  -140916161.521152  153530307.7359101 -1713680.395873388 -3984298.058158789 -12306199.05818743
-627595.2298992121 -2017822.399491672  -1713680.39339893  6776466.204529818  -800450.859378673 -1615118.335070878
  1975010.52730798 -439730.2893299463 -3984298.066530926 -800450.8594756811  5709342.897421999 -2460002.981203795
 5025727.987505749  5174109.649690143  -12306199.0475903  -1615118.33414402 -2460002.982060819  6180860.280901686

cov*(cov_.inverse()):
     1.000000000174623 -1.862645149230957e-09  1.164153218269348e-10  4.365574568510056e-11  8.731149137020111e-11 -5.820766091346741e-11
-2.328306436538696e-10       1.00000000197906 -1.513399183750153e-09 -4.365574568510056e-11   2.91038304567337e-11 -5.820766091346741e-11
-3.492459654808044e-10  8.149072527885437e-10     0.9999999988358468 -4.365574568510056e-11  5.820766091346741e-11  1.164153218269348e-10
-5.820766091346741e-11   1.80443748831749e-09 -8.149072527885437e-10     0.9999999999417923   2.91038304567337e-11 -5.820766091346741e-11
 -2.91038304567337e-10  1.222360879182816e-09 -6.984919309616089e-10  -1.01863406598568e-10      1.000000000058208                      0
-1.164153218269348e-10  1.222360879182816e-09 -1.280568540096283e-09  -2.91038304567337e-11   2.91038304567337e-11     0.9999999999417923
