5
2

2.589467752687961e-05
3.797511056429057e-05
5.927137480145061e-05
  0.01890823947373831
   0.5204444829438266

  0.0154158298736812  0.04940873775655314  -0.4852660309557993   0.7905018274601548  -0.3700606285531747
  -0.111219201136824   0.6529261445485094  -0.6171250435314173  -0.2603107687696228   0.3357271561438244
  0.6545739531729233  -0.5061816876897239  -0.4274422812043394 -0.07689387144583403   0.3559402585379417
 -0.6006776526737791  -0.3407317428880452  -0.0326866203001986   0.3169049025365309   0.6493004732544532
  0.4450976734309929   0.4460136823398818   0.4470998109359171   0.4483344507475496   0.4495084377471643

0.3994149100006934
 0.399470855312155
0.3995182956477976
0.3995612718033475
0.3995983063255736

-0.0002630526270709686
    0.3994761968630942

0.05734451732625874  0.6011812901789747    2.69464901975961    1.59014587396552  -4.943302763070635
  1.174153795912276  0.3234506642991871  0.1905350403435511 -0.1546338855917808 -0.5334747865390717

 1.213198379310016e-09 -4.831525685401061e-09 -1.159451830134025e-08  -0.001084409208082781  -0.002899058735861335
 1.126585310480785e-11 -2.535690641629237e-10  1.213452124923499e-09 -0.0004351449724594202     0.1199746286326706

cov:
0.05379008725489094 0.05384469399454495 0.05390948402157503 0.05398325667584365 0.05405341005748004
0.05384469399454495 0.05392369198344448 0.05401737832024309 0.05412394602432588 0.05422528115217742
0.05390948402157503 0.05401737832024309 0.05414531258613429 0.05429074397621039 0.05442903156691919
0.05398325667584365 0.05412394602432588 0.05429074397621039 0.05448028417648868  0.0546605091725731
0.05405341005748004 0.05422528115217742 0.05442903156691919  0.0546605091725731 0.05488061097144418

cov.inverse():
 130895753.5996398 -143532643.5092126 -43204841.17255429  23922070.75619344  31919127.16930991
-143532643.4578514  372191254.1964334 -253577597.7090512 -48530234.70554042  73448960.76347212
-43204841.42064255  -253577596.385454  667282393.5168155 -451335444.3414367  80836858.84141615
 23922071.11221904 -48530237.22805268 -451335441.3320664  980604342.0377868 -504660661.0243455
 31919127.01001095  73448962.01374882  80836856.90755826  -504660660.181469  318455083.1824316

cov*(cov_.inverse()):
     1.000000000698492 -4.656612873077393e-10                      0                      0  3.725290298461914e-09
                     0       1.00000000372529  -6.51925802230835e-09                      0                      0
 2.328306436538696e-09  4.656612873077393e-10     0.9999999962747097 -3.725290298461914e-09                      0
 2.328306436538696e-09 -1.396983861923218e-09 -9.313225746154785e-10                      1 -3.725290298461914e-09
 1.629814505577087e-09 -9.313225746154785e-10 -9.313225746154785e-10                      0                      1
