5
2

0.0001043951197072527
0.0002084584250117727
0.0006005506525973398
   0.0164808274840803
   0.5181213187208679

 -0.3609637407574312   0.7921117575138573  -0.4901654188575215  0.01807116992782068  0.04093209547995754
  -0.555455505842264     0.22210256245925   0.7398681512144101  -0.1254812510070806  -0.2810501863419038
 0.05344125797193788    0.074904814320229   0.1001712061735017  -0.8054259111146183   0.5768779176714616
 -0.5996441077586846  -0.3439894795874093 -0.04895528137624368   0.3666875104715761   0.6206785255291223
  0.4458086303164001   0.4464189983436843   0.4471041163464279   0.4480594378344047   0.4486706947938922

0.3990102084676253
0.3990504507788773
0.3991380518289396
0.3991015345518991
0.3990764867533082

0.0003430198454972499
   0.3992368022456072

   5.130350474823079  -0.9474273167573336   -2.581999270625608  -0.4141688486944875   -1.186662483672099
   1.552721736993263   0.1567839702233157  -0.5319597554613816 -0.04695462853859303  -0.1306763108631893

-1.517909122773616e-08  -1.99239235582241e-07 -1.465775436277138e-07 -0.0009540525641373776  -0.002204101001302859
-1.980609179921136e-09 -5.121627868980717e-08  1.395911005207075e-09 -0.0002871802518285591     0.1193789381792016

cov:
0.05345080795677332 0.05348219272264873  0.0535161253745723 0.05356275962393616 0.05359457493232333
0.05348219272264873 0.05353147116638238 0.05358600492120735   0.053661628207085 0.05371118661939166
 0.0535161253745723 0.05358600492120735 0.05366433749072631 0.05377340981414112  0.0538434433770528
0.05356275962393616   0.053661628207085 0.05377340981414112  0.0539299826499871 0.05402840202206995
0.05359457493232333 0.05371118661939166  0.0538434433770528 0.05402840202206995 0.05414513433808445

cov.inverse():
 19064737.47989186 -29062649.26593312  6792464.607977584  885255.7307280265  2320877.812183072
-29062649.26566856  58723342.44906453 -31823727.33226489  504358.1229025245  1657569.547772392
 6792464.607549971 -31823727.33170761  34670661.06100614 -3172996.203610052 -6466046.510117917
 885255.7308525551  504358.1227003805 -3172996.203545757  2191474.440376762 -408003.3928703442
 2320877.812221592  1657569.547681804 -6466046.510052522 -408003.3928836698  2895597.088549071

cov*(cov_.inverse()):
     1.000000000174623  1.891748979687691e-10                      0 -1.455191522836685e-11  -2.91038304567337e-11
 3.201421350240707e-10     0.9999999995634425  1.746229827404022e-10 -2.182787284255028e-11                      0
 8.731149137020111e-11   1.01863406598568e-10     0.9999999999417923  1.091393642127514e-11   2.91038304567337e-11
 2.182787284255028e-10  -1.01863406598568e-10 -1.746229827404022e-10     0.9999999999745341                      0
 1.309672370553017e-10  1.600710675120354e-10  5.820766091346741e-11                      0                      1
