5
2

8.618038791150487e-05
0.0001602814316926829
0.0003657652044345286
  0.02319672795229576
   0.5270780073850916

 -0.4804491529443344   0.7777682287504224  -0.3981258057838202   0.0322428120605848  0.06856703013046613
 -0.4660031348525656   0.1533758333745247   0.7934350180955098   -0.156172707564249  -0.3246350096894698
-0.05061440267022695 -0.06379085627687692 -0.09966031160132541   0.8000629728913993  -0.5859487781346611
 -0.5937533172869782  -0.4118633516662991  0.04234335029289314   0.3640925446233403   0.5860624859181708
  0.4437396423531473    0.444805285819274   0.4474724324539588   0.4493398990078167   0.4506722366253747

0.4077873648133572
0.4077455413420787
0.4075406207812837
0.4074050630564068
0.4072906605492141

0.001435784840859182
    0.40815901037804

 0.8633697533940876   2.979244525207318  -2.695449230543923 -0.1879286323637328 -0.9592450091331938
0.04134826586725551   1.884785013848083 -0.9535708484520208  0.4003093431164177 -0.3723934986990456

 2.156559873308832e-08 -4.478558747052513e-08  5.974741586589152e-08  -0.001336829290814553  -0.004054113671529256
 1.346581181154059e-08 -1.100590864708127e-08  6.838840144949484e-08 -0.0004916501760772585     0.1228095314524554

cov:
0.05489209022953926 0.05496533419779449 0.05514901050619232 0.05527643160093323 0.05536977038897235
0.05496533419779449 0.05505671737182682 0.05528563704290558  0.0554450888305119 0.05556054698519328
0.05514901050619232 0.05528563704290558 0.05562756353721221 0.05586701191054823 0.05603771101984312
0.05527643160093323  0.0554450888305119 0.05586701191054823 0.05616326622995941 0.05637292348540349
0.05536977038897235 0.05556054698519328 0.05603771101984312 0.05637292348540349 0.05660984358957497

cov.inverse():
 39552595.10527381 -53070614.59590873  11399606.52112548  444032.2706513658  1674179.035362933
-53070614.59480517   82394999.0921873 -36907615.64277767  2062346.793056183  5521200.698445818
  11399606.5197386 -36907615.64122226  45920776.80862241 -7147697.266461743 -13265270.92232572
 444032.2690867162  2062346.795111857 -7147697.266839506   5874187.04546171 -1232569.802813183
 1674179.037210782  5521200.695938463 -13265270.92177947 -1232569.802699932  7302266.106366555

cov*(cov_.inverse()):
     1.000000000189175  5.820766091346741e-10 -2.328306436538696e-10                      0                      0
                     0        1.0000000007567 -1.164153218269348e-10  1.455191522836685e-11  1.164153218269348e-10
 2.037268131971359e-10  2.328306436538696e-10      1.000000000116415 -1.455191522836685e-11  5.820766091346741e-11
 1.309672370553017e-10  9.313225746154785e-10                      0      1.000000000014552  1.164153218269348e-10
 1.309672370553017e-10  3.492459654808044e-10  1.164153218269348e-10  1.455191522836685e-11                      1
