6
2

5.593383830776102e-05
8.795587701162843e-05
0.0002041811352143795
0.0005563447689750606
  0.01962213620499585
   0.6106134199421904

-0.007473526212468114    0.2528055465233395   -0.7864339646846954    0.5631961705504053 -0.003262263377114096  -0.01882956075735694
   0.4063661716431836    -0.800000753379671   0.05014674447106706    0.4319381247269901  -0.01364763560836293  -0.07479192205450788
  -0.5895667997329332   0.06425900170989894    0.4328649730927324    0.5544884909421495   -0.0781892448734184   -0.3838471568478332
   0.0907950056145056    0.1078336334091713     0.129615110849424    0.1423935816857373   -0.8804081443897381    0.4097971018536557
  -0.5604284634742246   -0.3387205276059032  -0.09197213981692996   0.04136205173632396    0.2262218553211804    0.7140324361364808
    0.406076192217745    0.4069388684094906    0.4078920038633743     0.408405793137483    0.4091389899940429    0.4110194541311384

0.4157757011806156
 0.415819128472851
0.4158143729877515
0.4158822441754998
0.4158913329412389
  0.41579179773456

0.0004154251741326214
   0.4160216282071614

  1.107676216314641   3.318085524902323  0.1219384413309385  -2.947459375204404 -0.0750014045836542  -1.525001930671046
 0.6966490697589722   2.915950280400867  -3.579997376622114  0.9479498400441744 -0.1229573551773336  0.1415161599354282

-2.804416828078252e-09 -2.596491806505308e-08 -5.962285030892345e-08 -1.561312536865925e-07  -0.001148798203506519  -0.004270728796332675
  1.27615725028587e-08  -1.41468184698825e-08 -5.386672969430895e-08  6.651436517833167e-08 -0.0003605456425998809     0.1507283042342793

cov:
0.06160291393806356 0.06168566772572968  0.0617767278890176 0.06182574573683626 0.06189685163398394 0.06207634673909903
0.06168566772572968 0.06178765420870096 0.06190008571117193 0.06196065165172458 0.06204775477558817 0.06226949513003333
 0.0617767278890176 0.06190008571117193 0.06203631307006185  0.0621097291042204 0.06221463770454154 0.06248339446976735
0.06182574573683626 0.06196065165172458  0.0621097291042204 0.06219009609082917  0.0623046244120234 0.06259878765690617
0.06189685163398394 0.06204775477558817 0.06221463770454154  0.0623046244120234 0.06243285381780555 0.06276185150347925
0.06207634673909903 0.06226949513003333 0.06248339446976735 0.06259878765690617 0.06276185150347925 0.06318430779155278

cov.inverse():
  29728235.3395581 -43502648.07806086 -1570585.047000066  13543631.66152548  138054.8001611753  1663762.398046718
-43502648.08512048  103292544.7180544 -68020883.21464118  1746681.431715245  720247.5218259365  5763176.634556655
-1570585.023251233 -68020883.24259213  202559485.0897487 -132953781.0418574 -449001.6883000356  434343.8064476025
 13543631.64456892  1746681.450748038 -132953781.0397879  132940989.9462339 -2794193.295878767 -12482160.24850559
 138054.7995388923  720247.5233201608 -449001.6894298159 -2794193.295684681  2678518.401899774 -293742.2221103534
 1663762.398936332  5763176.634921004  434343.8013055594 -12482160.24455374  -293742.222174095  4914436.023561941

cov*(cov_.inverse()):
    0.9999999998399289  5.238689482212067e-10 -1.855369191616774e-09  6.984919309616089e-10 -7.275957614183426e-12  1.164153218269348e-10
-3.055902197957039e-10     0.9999999999417923 -4.874891601502895e-10 -2.328306436538696e-10 -4.001776687800884e-11  1.746229827404022e-10
-1.455191522836685e-11 -4.074536263942719e-10     0.9999999994615791  2.328306436538696e-10 -2.182787284255028e-11  1.164153218269348e-10
 2.619344741106033e-10 -1.222360879182816e-09 -8.039933163672686e-10      1.000000001280569 -7.275957614183426e-12  1.164153218269348e-10
-4.365574568510056e-10 -5.820766091346741e-11  -1.01863406598568e-10                      0                      1  1.746229827404022e-10
 5.820766091346741e-11 -1.164153218269348e-10 -8.731149137020111e-11 -3.492459654808044e-10 -1.818989403545856e-11      1.000000000116415
