5
2

  8.8277890372236e-05
0.0002072684301231467
0.0004333222122872132
  0.02112210617834735
   0.5203760188962506

 -0.5326271393169001   0.7873242329744039  -0.3076349428469243   0.0125127486490232  0.04041108381591842
 -0.3788545883916139  0.08737622454683912   0.8225374518013054  -0.1405254879011154  -0.3905372246955846
-0.04683878696865492 -0.07055018999885571  -0.1395422148242363   0.8141727305184618  -0.5572069040208402
 -0.6104057496245865  -0.4109203705882663  0.09488492893093312    0.340734952629753   0.5774476705113802
  0.4449589646004081   0.4457051349064015   0.4475686571549701   0.4484623454738562   0.4493576241306959

0.4032652257021833
0.4032934535586079
0.4032531628275863
0.4032748372192678
0.4032265715746613

0.0005147070705002608
   0.4035172512305246

  0.5331087593932962    4.127127644311248   -4.099625283279328 -0.05518028929041743  -0.5055123760006615
  0.4161191297154954    1.397094468943058  -0.6374907984025038  -0.1159877481968223 -0.05967144145650813

 3.277346967826975e-08 -1.292362122094099e-07  9.250954772934244e-08  -0.001213971689191637  -0.002727517293537548
 8.343028292192138e-09 -2.235359815353931e-08 -1.695239113689196e-08 -0.0004294409082851425     0.1201493140733077

cov:
0.05377977799753405 0.05381534637520619 0.05390213198223377 0.05394286735197833 0.05398629274816006
0.05381534637520619 0.05386884255774434 0.05400102467600756 0.05406380080431104 0.05412847569626261
0.05390213198223377 0.05400102467600756 0.05424832150432868 0.05436698203717538 0.05448553533068424
0.05394286735197833 0.05406380080431104 0.05436698203717538  0.0545130361798016 0.05465753464634683
0.05398629274816006 0.05412847569626261 0.05448553533068424 0.05465753464634683 0.05482760469363935

cov.inverse():
 39756999.99970967 -54563628.37412487  13806863.58291598  180487.2099300304  820273.8810899985
 -54563628.3754793  79747853.19918437 -29355021.13997218  672125.6147368771   3497245.49542962
 13806863.58541672 -29355021.14293823  27996594.38049158  -3789512.09670743  -8658464.60279627
 180487.2104890169  672125.6139841048 -3789512.096541485  4010316.221072225 -1073280.024667122
 820273.8793847315  3497245.497794001 -8658464.603427574 -1073280.024694978  5414075.758659345

cov*(cov_.inverse()):
    0.9999999998617568  9.895302355289459e-10                      0 -7.275957614183426e-12  1.164153218269348e-10
-1.455191522836685e-11      0.999999999825377   2.91038304567337e-10 -4.365574568510056e-11  1.164153218269348e-10
-1.891748979687691e-10  6.111804395914078e-10     0.9999999999417923 -7.275957614183426e-12  5.820766091346741e-11
-3.710738383233547e-10                      0  1.164153218269348e-10     0.9999999999854481  1.164153218269348e-10
-1.382431946694851e-10  6.984919309616089e-10 -1.164153218269348e-10 -1.455191522836685e-11      1.000000000058208
