5
2

5.782271967778143e-05
0.0001906187617095385
0.0005581303856880246
  0.01203482881277833
   0.5575412566221729

 -0.2701644074362808   0.7980245596878658  -0.5386114804465639 0.003377081040080989 0.007366379327738298
 -0.5390763971132014   0.2962168567621884   0.7039465784818473   -0.131017072089862  -0.3300696188837717
  0.1124652474943875   0.1149195166139533   0.1154122805908173  -0.8429821153127481   0.5002061890449901
 -0.6522064770803668  -0.2506467179588576 -0.03348325232945203   0.2674545633405033   0.6626838329042389
   0.445405557206571   0.4465222316778694   0.4471194080747664   0.4479646548064188   0.4490475355616105

  0.41679010465236
  0.41677820894939
0.4168394128663587
0.4168347994149317
0.4167580896208382

0.000556889518330444
  0.4170219904892837

  6.369992265196304   1.639202849107171  -7.070851217685028 -0.2141645887902558 -0.7239923147263549
  2.599296285740712  0.3670646892829184  -1.953531477231334 -0.2325112648092096  0.2193779785456867

 1.133289552913339e-08  -2.78287417362907e-07 -2.893687622981185e-08 -0.0007047358160638589  -0.004162147902694427
  2.15223842949831e-09  -9.84553359811511e-08  1.292107048763424e-07 -0.0002373414933789093     0.1375633216106543

cov:
0.06173039392507198 0.06184705338732163 0.06190921481118301 0.06199779830878528 0.06211044504559622
0.06184705338732163 0.06198748465706053 0.06206249136546942 0.06216884689682874 0.06230485135564682
0.06190921481118301 0.06206249136546942 0.06214445145756534 0.06226041445153496 0.06240904844449512
0.06199779830878528 0.06216884689682874 0.06226041445153496 0.06239002893816409 0.06255577933648107
0.06211044504559622 0.06230485135564682 0.06240904844449512 0.06255577933648107 0.06274508215102934

cov.inverse():
 29871595.59825679 -68835391.85999511  33119800.39740968  1365350.441688658  4479314.759955131
-68835391.85382037  192931572.6111254 -122775337.1305419 -573486.9086077421  -749210.066041042
   33119800.388406 -122775337.1162577  100447607.0008031  -3394668.31323128 -7396115.303251945
 1365350.443271072 -573486.9132028102 -3394668.310191513  2757532.075885955 -154801.8663603739
  4479314.76120152 -749210.0695552604 -7396115.301011151 -154801.8663333075  3820800.770270802

cov*(cov_.inverse()):
     1.000000000058208  3.710738383233547e-10  -2.91038304567337e-10  1.818989403545856e-12   2.91038304567337e-11
 5.820766091346741e-11     0.9999999990686774 -5.238689482212067e-10  3.456079866737127e-11  5.820766091346741e-11
-5.820766091346741e-10  6.548361852765083e-10        1.0000000007567  1.818989403545856e-11   2.91038304567337e-11
 4.074536263942719e-10 -2.306478563696146e-09  1.920852810144424e-09      1.000000000005457                      0
-3.492459654808044e-10  2.328306436538696e-10  2.328306436538696e-10  5.456968210637569e-12      1.000000000029104
