5
2

0.0001144504878326278
0.0003858686437191162
 0.000664526946458406
  0.02252243576602878
   0.5230841709384546

  0.6300725070593293  -0.7712885121133827  0.01866859982213635  0.04978998295896157  0.07276749210686638
 0.09611811542379622  0.08671308630778102 -0.03546703371823732    -0.77050159319087   0.6231464779326908
  0.2185137360435826   0.1943218084254663  -0.8932555743178555   0.2646901309276736   0.2156951447531927
 -0.5898865698111483  -0.4014373843730289   0.0207152402465062   0.3641038423197437   0.5982316708547843
  0.4450342971637823   0.4457375157454229   0.4472794771409904   0.4485708183606771   0.4494305637679217

0.3938234034645753
 0.393931179621781
0.3941576266435698
 0.394217714034493
0.3942718725227758

-0.0005507994629321482
    0.3939343001685033

  1.205533133453174   1.301471192856432 -0.0172595252468913 -0.6684968067705618  -1.821305162751248
  1.507428965086778  -0.325412055357865 0.04180788260183352  0.1498945760926243 -0.3736516001724012

-5.375466389664155e-09 -5.814658252864645e-08 -1.680018489464725e-08   -0.00130209065964498  -0.002604853503511453
 1.548069209080947e-08 -3.471369773342169e-08  8.297366157437778e-08 -0.0004700609567798434     0.1214358763594389

cov:
0.05436790566004336 0.05439713294627475   0.054458476814225  0.0545130728064536 0.05454772141070977
0.05439713294627475 0.05444453591287217 0.05454652849511551 0.05463418650782359 0.05469137961211922
  0.054458476814225 0.05454652849511551 0.05474010463361766 0.05490129868262068 0.05500898934619232
 0.0545130728064536 0.05463418650782359 0.05490129868262068 0.05512343551833154 0.05527203449369618
0.05454772141070977 0.05469137961211922 0.05500898934619232 0.05527203449369618 0.05544893186392744

cov.inverse():
  30478058.2161647 -36947244.73730914  433054.5991822528  2028114.224526131  4008503.972138711
 -36947244.7371093  45551235.59661417 -1512984.898790491 -3264263.076038896 -3827335.646596614
 433054.5990685931 -1512984.898656631  1841923.813482869 -280900.6186259281 -481007.0823658561
 2028114.223955048  -3264263.07535718 -280900.6186311036  4335372.160436136 -2818354.364512094
 4008503.972623623 -3827335.647212366 -481007.0823404782 -2818354.364406626  3118263.889184619

cov*(cov_.inverse()):
     1.000000000320142                      0 -7.275957614183426e-12                      0                      0
  4.94765117764473e-10     0.9999999997380655 -7.275957614183426e-12  -2.91038304567337e-11  5.820766091346741e-11
 1.746229827404022e-10 -4.656612873077393e-10      0.999999999996362                      0                      0
 8.731149137020111e-11 -1.746229827404022e-10 -1.455191522836685e-11     0.9999999999708962   2.91038304567337e-11
  2.91038304567337e-11 -3.201421350240707e-10 -3.637978807091713e-12                      0     0.9999999999708962
