5
2

0.0001146788777358476
0.0002838433645823544
0.0006729987075151389
  0.01404489522075223
   0.5172193095785375

-0.3529381408122583  0.7908863316468246 -0.4975652662000988 0.01271025096641313 0.04691198744256771
-0.4562232591072642  0.2827031829385982     0.7328665439159  -0.183781149178331 -0.3755933522060637
0.07800754601533949 0.07797644786222722  0.1004898238635572 -0.8155743906705222  0.5590838084989872
-0.6799986727645286 -0.2983539115410979 0.07142716251879719  0.3167882172764421  0.5857731082560329
 0.4458829828695833  0.4466344565945746  0.4473649409982572  0.4478242706735348  0.4483570674486287

0.3974128109345795
0.3975932283203636
0.3975920795398153
0.3975883124755671
0.3975844563996938

2.684469655363298e-06
   0.3975968244064889

   2.423814715220534    5.086731963644958   -6.605206031540892  -0.2247359436113861  -0.6807364553346442
   1.291413673671179   0.6174663677329912  -0.7124490968674919 -0.06428555528021998   -0.132175317100318

 8.442178794944677e-08 -3.393095671501066e-07 -1.247065971248767e-07 -0.0008102572816597826  -0.002179000807474483
 4.997851877296719e-09 -7.051911201043308e-08   2.52853592111035e-08 -0.0002388927729981764     0.1189979946227444

cov:
 0.0532764896593238 0.05331490126883191 0.05335242330295564 0.05337429971966913 0.05340182704472092
0.05331490126883191 0.05338225646730978 0.05344777095885515 0.05348816432361061 0.05353603779467813
0.05335242330295564 0.05344777095885515  0.0535404394083113 0.05359876859238972 0.05366637313908949
0.05337429971966913 0.05348816432361061 0.05359876859238972 0.05366948082336689 0.05374961366119251
0.05340182704472092 0.05353603779467813 0.05366637313908949 0.05374961366119251 0.05384495356991008

cov.inverse():
 12070965.99411307 -22811297.83856941  9220183.267118532  558028.1185980876  962156.5273152415
-22811297.83890859    48567986.195571 -27333695.75282213  -21395.5847479546  1598622.554763929
 9220183.267800305 -27333695.75389974  25513660.84891329 -2333453.215757268 -5067147.050335677
 558028.1184077936 -21395.58428155029 -2333453.216090537  1900599.584161405 -103683.0429298212
 962156.5271629354  1598622.555035973 -5067147.050398254 -103683.0429869844  2610170.212130729

cov*(cov_.inverse()):
     1.000000000021828  3.783497959375381e-10  5.820766091346741e-11  2.728484105318785e-12  -2.91038304567337e-11
 9.458744898438454e-11     0.9999999998544808  1.746229827404022e-10 -1.182343112304807e-11                      0
 3.637978807091713e-11                      0      1.000000000116415 -1.909938873723149e-11 -5.820766091346741e-11
 1.527951098978519e-10 -1.309672370553017e-10                      0      1.000000000023647                      0
 1.455191522836685e-10 -2.764863893389702e-10  5.820766091346741e-11 -7.275957614183426e-12                      1
