5
2

7.156087373820059e-05
8.345248344596513e-05
0.0001120289863855704
  0.00876718728451556
   0.5067159538017317

  0.03457406409869168   -0.3275332505497833  -0.05475772557308112    0.8173181914804267   -0.4695946861296664
  -0.1412026753248393     0.649912461600099   -0.7153664570400537    0.2141725769025055 -0.007519054655271929
   0.5464487718015275   -0.4670590309283013    -0.533985018067664  0.009611203267668469    0.4449912658423113
  -0.6933875607954461   -0.2288265768763473   0.01018777340827375    0.2929312465678621    0.6172030316730271
   0.4466249756826768    0.4470235132345527    0.4472232478128593    0.4474594850196504    0.4477359552164127

0.3779288399681962
0.3779625910412225
0.3780705331656526
0.3780521346620225
0.3780342247715547

0.0003699111375273844
   0.3781612369311138

   1.394650948963722    3.235187438392737    2.390788479948066    1.882203180040543   -8.902952235357057
   1.807272902427407   0.2544804287442761  -0.3242916964482887  -0.6609597672525871 -0.07642142583161896

 2.343766046282162e-08  4.634254258418815e-09 -7.491652286052787e-08 -0.0005093400523184887  -0.001452026921802782
-2.598558278265062e-09  8.362718705291817e-12  1.256972236567011e-08 -0.0001195581784460707     0.1144979280124505

cov:
0.05125408043672609 0.05127501594057208 0.05128518304778817  0.0512972075652758 0.05131163254172101
0.05127501594057208 0.05131259860697813 0.05133131365688348 0.05135345509016813 0.05137948302198449
0.05128518304778817 0.05133131365688348 0.05135444342003278 0.05138178331267777  0.0514137827256583
 0.0512972075652758 0.05135345509016813 0.05138178331267777  0.0514152959269233 0.05145435519048627
0.05131163254172101 0.05137948302198449  0.0514137827256583 0.05145435519048627 0.05150152765518958

cov.inverse():
 26894980.92466987 -35722112.68841627  -9115333.40839036   1591555.63939833  16351351.97842391
 -35722112.7021226  98980873.86701614 -43384075.24712419 -32647038.23603679  12771378.67562095
-9115333.372341378 -43384075.27721251  96786545.65638678  -31147917.0895584 -13139269.35678825
  1591555.60767174 -32647038.23509682 -31147917.02236766  137040982.7094703 -74836625.38009177
 16351351.98780771  12771378.69106313 -13139269.41801843 -74836625.34368736  58852806.57367761

cov*(cov_.inverse()):
    0.9999999994179234  1.047737896442413e-09 -3.492459654808044e-10 -9.313225746154785e-10                      0
-4.656612873077393e-10     0.9999999997671694  5.820766091346741e-10 -4.656612873077393e-10                      0
-2.328306436538696e-10  6.984919309616089e-10      1.000000000698492 -9.313225746154785e-10  4.656612873077393e-10
-5.820766091346741e-10  6.984919309616089e-10  1.164153218269348e-10     0.9999999995343387  4.656612873077393e-10
-2.328306436538696e-10  1.164153218269348e-10  1.164153218269348e-10                      0      1.000000000465661
