5
2

0.0001058693481118571
 0.000139721087579015
 0.000155917298890336
 0.008199639837461258
   0.5734691974193429

 0.05082002268004768  0.07554927565755212   0.4345617626085563  -0.8485956234576061    0.287665038837813
 -0.4793287212070346  -0.1579667347898396   0.7570863505327227    0.227279319367566  -0.3470660694316355
  0.5370729193629324  -0.8218940493040822   0.1719521204790964  0.06371076567130653  0.04915544329811047
 -0.5287634435470718  -0.3066740808384059 -0.09206362735373265   0.1551112132903587   0.7706004340384369
  0.4467921243442498   0.4469675575563773   0.4471387805780255   0.4473377121209229   0.4478310868325845

0.4012155228514984
0.4014169592335165
0.4014298428069986
0.4014440950871331
0.4014813214846978

-0.0004234146996346599
    0.4013506530069916

-0.9998465388465551   1.239010106406683   3.905503154994858     5.8873392973434  -10.03205272220861
 0.6909269607172909  0.1692704258944824  0.5671188224817654    1.01932264419476  -1.446834474083414

-6.883997879960177e-08  1.573509156707139e-07 -2.435418339971078e-08 -0.0004725451855040982  -0.001861551791031347
-1.106089689332091e-08  1.572018943637146e-08  7.859370455490753e-09 -9.589475637330913e-05      0.146669363796526

cov:
 0.0656682773625939 0.06568613844817592 0.06570367214510696 0.06572411769905698 0.06577473640321903
0.06568613844817592 0.06570737280731226 0.06572809394790911 0.06575224168455691 0.06581207651701333
0.06570367214510696 0.06572809394790911 0.06575196317688073 0.06577967139269106 0.06584840894722938
0.06572411769905698 0.06575224168455691 0.06577967139269106 0.06581152453593217 0.06589051255957773
0.06577473640321903 0.06581207651701333 0.06584840894722938 0.06589051255957773 0.06599507164003544

cov.inverse():
 23868954.39161745 -13934120.66663653 -12819017.68182017 -8021789.427743343  10905829.02553494
-13934120.67366331    29575951.774478 -9010035.551505079 -9713691.896516711   3081971.90415505
-12819017.68476147 -9010035.552940462  47425671.84419347 -23636605.86973913 -1959847.859226154
-8021789.411326056 -9713691.909336044 -23636605.87846692  67061584.56333221 -25689493.60280923
 10905829.01908571   3081971.91138297 -1959847.854875098 -25689493.60793893  13661455.94808558

cov*(cov_.inverse()):
     1.000000000349246 -1.746229827404022e-10  8.731149137020111e-11 -4.656612873077393e-10  1.164153218269348e-10
 3.492459654808044e-10                      1  1.455191522836685e-11  2.328306436538696e-10  2.328306436538696e-10
 3.492459654808044e-10  -2.91038304567337e-10      1.000000000174623  2.328306436538696e-10  2.328306436538696e-10
 5.820766091346741e-10 -3.492459654808044e-10  1.455191522836685e-11     0.9999999995343387  4.656612873077393e-10
 4.656612873077393e-10 -5.820766091346741e-11  2.328306436538696e-10                      0                      1
