5
2

0.0001068711814948637
0.0001345537651777849
0.0004496442218852093
  0.01115075172428823
   0.5169259188950358

   0.1442006099500542    0.3941808598990656   -0.8494817669200562    0.3195876808460147 -0.008489740933046209
  -0.5672591902099745    0.7465321623995975    0.1285490361463923   -0.3227372848718552   0.01491750262884046
   0.3234377507446894  -0.02542644241373521   -0.2215820030257006   -0.6873249747519209    0.6109233277890013
  -0.5946227292714431   -0.2950300999651296   -0.1135829901398537     0.347611458186554    0.6524156868413368
   0.4463575096706146    0.4467906851456961    0.4470527857672074    0.4477220258427078    0.4481426687348213

0.4013948130353444
0.4015613809035078
0.4015490572878131
0.4015222431949334
0.4015001802607965

0.0002935823308951831
   0.4016164798838929

  0.7169234274100775     3.32192216835015    4.951687324915555   -8.752128598777455  -0.2384247225751735
   1.012414024312229   0.5980557531807053    0.575424412089198   -1.150624218901247 -0.03520090527066569

 -6.38298835581782e-08  1.001345844426525e-07  9.947470697776723e-07 -0.0006424218924556181   -0.00200286066256998
-5.419548278267803e-09   5.73849197487197e-09  1.928979467215819e-07 -0.0001575058984863055     0.1190203054011073

cov:
0.05328206131669243 0.05331154087530531 0.05332937839767465 0.05337507789097348 0.05340279412263297
0.05331154087530531 0.05335228730689816 0.05337690986216038 0.05343989228693052 0.05347892703389288
0.05332937839767465 0.05337690986216038 0.05340567676134853 0.05347911797934782 0.05352500827038427
0.05337507789097348 0.05343989228693052 0.05347911797934782 0.05357918903151118 0.05364250402823062
0.05340279412263297 0.05347892703389288 0.05352500827038427 0.05364250402823062 0.05371776217913489

cov.inverse():
  20114293.0777681 -18453002.94346371 -15106711.70950547  13045762.41281772  399622.9804295517
-18453002.94298954   44390602.0420875  -23988853.1065024 -2192459.224555161  243731.5458764114
 -15106711.7100862 -23988853.10518456  64336747.29874932 -25308221.40375489   67206.4017428173
 13045762.41280305  -2192459.22592602 -25308221.40203563  17033241.80042539 -2578528.474700587
 399622.9805507965  243731.5464036516  67206.40076059342 -2578528.474366851  1868041.621669947

cov*(cov_.inverse()):
    0.9999999999527063 -1.818989403545856e-12  -2.91038304567337e-10                      0  1.455191522836685e-11
 1.455191522836685e-10      1.000000000474756  -5.82986103836447e-10  1.455191522836685e-10  1.455191522836685e-11
 1.200533006340265e-10 -3.637978807091713e-12     0.9999999996198312  1.746229827404022e-10  1.455191522836685e-11
 6.912159733474255e-11  2.200977178290486e-10 -4.247340257279575e-10      1.000000000203727 -1.455191522836685e-11
-5.093170329928398e-11  8.731149137020111e-11 -1.355147105641663e-10   2.91038304567337e-11     0.9999999999854481
