5
2

7.175119935395592e-05
0.0001030615221365336
0.0004234783801876303
  0.01183165859877217
   0.5070153864542725

 -0.03354528521047351    0.3578646611829301   -0.8009113048199388     0.478898041238196 -0.002312147576853939
  -0.5133005514614484    0.7549812225522227    0.1272012929202831   -0.3873065897616862   0.01842102248806449
   0.3128021677722514  -0.03353034562409363   -0.3709874711631792   -0.5702783053614886    0.6619527705458207
   -0.662055944275329   -0.3180891030319387    0.0682437405242446    0.3083535958340439    0.6006347484099748
    0.446356346651645    0.4468011597172099    0.4472940878328713    0.4476058377586649    0.4480086477661742

0.3784274907875553
0.3784510700523795
0.3785291500076057
0.3785040423621046
 0.378486143101799

0.0005163442828421194
   0.3786792578133901

  1.644614705505019   4.082978517729094   2.781564773608846  -8.227444092738022 -0.2818635255270919
  1.698719159282697  0.1820732714402705 -0.8067640245948601 0.06163856554565514 -0.1356005088875241

-2.451206893391705e-08   6.13248937140088e-08  6.906082211472666e-07 -0.0006865036180773267  -0.001642148237898882
 3.522175597193938e-09 -9.171647695277473e-09   1.25470117028425e-07 -0.0001819928676039104     0.1145385856963868

cov:
0.05127738558613255 0.05129651926071656 0.05131725839515656  0.0513307673622752 0.05134996513786848
0.05129651926071656 0.05133230562600561 0.05137171371278988 0.05139682794968661 0.05143007345966372
0.05131725839515656 0.05137171371278988  0.0514321094415291 0.05147025666365417 0.05151928596380647
 0.0513307673622752 0.05139682794968661 0.05147025666365417 0.05151651793656727 0.05157535440052014
0.05134996513786848 0.05143007345966372 0.05151928596380647 0.05157535440052014 0.05164646676018902

cov.inverse():
 25572947.70761254  -38873819.2221863  -1575870.07780986  14600277.58469337  276623.2870602505
-38873819.22240378  78546445.79684781  -46562449.5515517  5865665.079662452  1023500.467276167
-1575870.077595274 -46562449.55151425  126888651.4607155 -77960567.08132575 -788781.3396420273
 14600277.58499025  5865665.078648259 -77960567.08028099  60484775.87281744 -2990453.030627167
 276623.2867663141  1023500.468035375 -788781.3404347262 -2990453.030299749  2478946.459246406

cov*(cov_.inverse()):
     1.000000000207365 -5.311449058353901e-10 -1.135049387812614e-09 -4.365574568510056e-10  4.365574568510056e-11
 2.473825588822365e-10     0.9999999995416147  2.037268131971359e-10 -5.238689482212067e-10  4.365574568510056e-11
 6.184563972055912e-11                      0     0.9999999984720489  -2.91038304567337e-11   2.91038304567337e-11
 2.310116542503238e-10 -6.548361852765083e-10 -7.494236342608929e-10      1.000000000029104  1.455191522836685e-11
 1.200533006340265e-10 -4.365574568510056e-11  1.455191522836685e-11 -2.619344741106033e-10      1.000000000014552
