5
2

8.159039647047019e-05
0.0001347298001842002
0.0004772360151374555
  0.01108376262250257
    0.517010301653581

  0.09172249190095785    0.1766627782884884   -0.8114022594291396    0.5495101752929267 -0.006495220527174728
  -0.5358769723941081    0.8086825291611945  -0.04578610114234886   -0.2380149653319558   0.01099757734182169
   0.3073258755333175 0.0006018560386592174   -0.3691151852265046   -0.5888401690445118    0.6500551356245277
  -0.6409528943541434    -0.339514558273412   0.05661648570209903    0.3069886105350826    0.6135648445665217
   0.4462656701830529    0.4467128073903471    0.4473014195343203    0.4476747612373694    0.4481108875748851

0.4013500622058525
0.4015167826071689
0.4014936600965329
0.4014785935228531
0.4014570882818324

0.0002819942097153587
   0.4015702635001475

   1.423998601066429     4.12351970880836    4.415486090358898   -9.715981118171822  -0.2470588911166394
   1.088926356989111   0.7051282180625607    0.498322722001396   -1.256291409044187 -0.03601770269581139

-5.366252504385653e-08  8.493729121348762e-08  9.954791604888012e-07 -0.0006384508561291135  -0.002070330588912336
 -5.79159839822677e-09  4.764896864731797e-09   1.97572795288889e-07 -0.0001617814911789971     0.1190260855001819

cov:
0.05328403653836883 0.05331360401029567 0.05335260768894304  0.0533774151601668 0.05340538306998115
0.05331360401029567  0.0533544419702593 0.05340818979501242 0.05344232500499894 0.05348161727721501
0.05335260768894304 0.05340818979501242 0.05348135867920073 0.05352774942474663 0.05358192520445828
 0.0533774151601668 0.05344232500499894 0.05352774942474663 0.05358190241027103 0.05364548353041296
0.05340538306998115 0.05348161727721501 0.05358192520445828 0.05364548353041296 0.05372101477502496

cov.inverse():
 17501697.00563433 -21436776.24168709 -10326495.53273113  13801733.98760119  459809.7726556037
-21436776.24129396  40716261.49152486 -23573848.78968574  3976815.903547845  317598.6817705604
-10326495.53366664 -23573848.78787223  99613286.13569623 -65423442.39227189 -289299.0281527927
 13801733.98807613  3976815.901868358 -65423442.39046978  50004112.37413833 -2359490.550859774
 459809.7727230376  317598.6820296959 -289299.0290769374 -2359490.550262201  1871450.169013997

cov*(cov_.inverse()):
     0.999999999832653  3.747118171304464e-10 -1.309672370553017e-10 -5.820766091346741e-10  1.455191522836685e-11
 1.818989403545856e-11      1.000000000276486  -8.11269273981452e-10 -3.346940502524376e-10  1.455191522836685e-11
-7.639755494892597e-11  1.527951098978519e-10       1.00000000008913  -1.33877620100975e-09  1.455191522836685e-11
-4.729372449219227e-11  2.728484105318785e-10 -8.603819878771901e-10     0.9999999998690328  1.455191522836685e-11
-4.001776687800884e-11  2.000888343900442e-10 -9.640643838793039e-11 -2.182787284255028e-10                      1
