6
2

0.0001371291740192743
 0.000308033430222514
0.0003416570802096965
0.0003759588868244829
  0.02259838372055195
   0.6250818918801624

 -0.5012463848949081   0.8456288062433784 -0.05316788034760164  -0.1034585953710017 -0.05852809820329306  -0.1292592006206618
  -0.285289978579205  -0.1512158142816541   0.4241298975447538   0.6511515111614138  -0.1094640968551225  -0.5290336063559572
-0.06968113697589609 -0.09079692715520521   0.3261504978459728  -0.4709046231019749   0.7058705476020928  -0.4006518637081978
-0.09597560066361832 -0.04988197625867927    0.737146614470681  -0.3936816363199301  -0.4664702367063825   0.2689528374785318
 -0.6985114454100644  -0.2918420997551925 -0.03129954678697407   0.1472010229516784    0.318510458771261    0.550284684784025
  0.4066653090813249   0.4076047041395822   0.4081030095554153   0.4085259998625497   0.4090176636390322   0.4095665067024628

0.4224909504045322
0.4223221440896809
0.4222645130238191
0.4220903319095047
0.4219894657198258
0.4218268659828779

0.001807258441530482
  0.4229187329674215

 0.2176525658401688   3.383097822225891 -0.4270382284323982 -0.3848863169609259 -0.4226016770170954  -2.366833839773087
  6.679681023453325  -9.276570993955307   1.256347446037024   0.265134158434094  0.8087810655552243   1.273375013556665

 5.913876206176381e-08   2.77996089086653e-08  4.314314775664079e-08 -1.119944417926848e-07    -0.0013378405706873  -0.002446241354791511
-2.162293050082557e-07 -5.309509065377679e-08   8.43320270955102e-08  8.602073020550163e-08 -0.0005109477951081941      0.159647859917904

cov:
0.06486638078842547 0.06487056207484787 0.06485677836051082 0.06486033082650444 0.06487735583751419 0.06488189679194678
0.06487056207484787 0.06495958171944687  0.0650000792286508 0.06504085429161438 0.06509362552155279 0.06514650335677517
0.06485677836051082  0.0650000792286508  0.0650754948692996  0.0651399514583562 0.06521561900369391 0.06529944882336455
0.06486033082650444 0.06504085429161438  0.0651399514583562 0.06522100953964331 0.06531226027493901  0.0654172852901987
0.06487735583751419 0.06509362552155279 0.06521561900369391 0.06531226027493901 0.06541880988051088 0.06554408787221803
0.06488189679194678 0.06514650335677517 0.06529944882336455  0.0654172852901987 0.06554408787221803 0.06569715346958745

cov.inverse():
  14326621.0463903 -21997770.21846594 -553186.8706135047  1348169.455257157  1784178.513748185  5091945.452597877
-21997770.21864078  38357065.21072156 -3580692.296891301 -5185092.049233258 -2842154.834796329 -4753224.128652977
-553186.8694589566 -3580692.298628056  6801845.341436501 -165749.0682584429  -784332.026773081 -1716119.622109051
 1348169.454905615 -5185092.048653994 -165749.0684523813  8034024.965173475 -1977451.670702209 -2052017.203997403
 1784178.512097604 -2842154.832387115 -784332.0265257505  -1977451.67097859  6116546.140765019 -2297388.811704929
   5091945.4536205 -4753224.130079838  -1716119.62274467 -2052017.203687198 -2297388.810975376  5725684.400394373

cov*(cov_.inverse()):
    0.9999999997089617  1.164153218269348e-10                      0  8.731149137020111e-11   2.91038304567337e-11 -5.820766091346741e-11
 5.820766091346741e-11      1.000000000058208                      0                      0                      0  1.164153218269348e-10
 1.164153218269348e-10 -2.328306436538696e-10      1.000000000043656  8.731149137020111e-11   2.91038304567337e-11  1.746229827404022e-10
 -2.91038304567337e-10  1.164153218269348e-10  1.455191522836685e-11                      1                      0  5.820766091346741e-11
-5.820766091346741e-11  2.328306436538696e-10   2.91038304567337e-11 -5.820766091346741e-11                      1                      0
                     0  5.820766091346741e-11 -1.455191522836685e-11                      0                      0     0.9999999999417923
