6
2

7.167244359492964e-05
  8.6775187424308e-05
0.0002105058532528426
0.0005806054564001283
  0.01263409229841547
   0.5571738073526189

   0.2415293735026755   0.07768996352145582   -0.8183289803443224    0.5154985163410493  -0.00139896235776338  -0.01499445852837401
   0.5239979761736727   -0.8240034822935064    0.1643087709546707    0.1393733766469654 0.0009282323308513534 -0.004605452008096421
  -0.4649599825152284   -0.1061770271717586    0.3204834535956916     0.732497214527231   -0.1481958527156217   -0.3336387709477446
  0.07348712301628327    0.0738631757767431   0.07804150947618503   0.09122248486763723   -0.8382228772978256    0.5216457256057702
  -0.5286956037516206   -0.3633980017842446   -0.1676118352209547   0.05678341895536167    0.3291081823262669    0.6699198244748631
   0.4074094975393159    0.4076703241598163    0.4079785033306366    0.4083359815499502    0.4087852527029397     0.409307087989591

0.3780673617923587
 0.378174437621375
0.3781552560100433
0.3781357463537397
0.3781241247954742
0.3780667423570785

0.0003995502183446752
   0.3782720354689304

  4.452379481918511   2.535727403146725   1.897641821031114  -7.958405108592827 -0.2296560185930488 -0.6978594321999814
  2.375659458885152  0.3217027635653159   -1.05562095837268 -0.2241056195862895 -0.1229654858012362 -0.2946299207383402

-2.246011082441533e-08 -4.147488581420126e-09 -3.232122415192544e-07 -7.919677725148062e-08 -0.0007324170463772818  -0.002279393255281009
 6.943567621238156e-09  5.845616435326972e-09 -6.756301388052703e-08  1.513479412248994e-08 -0.0002308979526007402     0.1260314145275155

cov:
0.05157267768848304 0.05159170387159956 0.05161415313569303 0.05164042256656712 0.05167425746001423 0.05171153395975771
0.05159170387159956 0.05161513205167432 0.05164276956461488 0.05167499425906923 0.05171603849969145 0.05176234680938883
0.05161415313569303 0.05164276956461488 0.05167657471381807 0.05171584776810423 0.05176542892247672 0.05182243644397584
0.05164042256656712 0.05167499425906923 0.05171584776810423 0.05176321461584341  0.0518225760419642 0.05189185124281846
0.05167425746001423 0.05171603849969145 0.05176542892247672  0.0518225760419642 0.05189416479293644 0.05197790857295586
0.05171153395975771 0.05176234680938883 0.05182243644397584 0.05189185124281846 0.05197790857295586 0.05208090210754535

cov.inverse():
 52717039.21375088 -52557072.08401141 -30387454.62713028  26270418.71199933  1369973.354730022  2586770.772522067
-52557072.09123249  91617405.72859162 -31107027.31877617 -9190659.786953015  47942.18245099328  1189404.349091991
  -30387454.609376 -31107027.34188965  136283548.4571562 -73760435.28395677 -1023084.717267572 -4753.384636989762
 26270418.69951365 -9190659.768928446 -73760435.28817788  66443659.62491281 -2799622.868547312 -6963666.251103192
 1369973.355452295  47942.18142512572 -1023084.717297131 -2799622.868189852  2581072.232388706 -176406.3890723336
 2586770.773752309  1189404.347985598 -4753.385745454228 -6963666.250142895 -176406.3890480238  3368640.867952961

cov*(cov_.inverse()):
     1.000000000087311 -3.128661774098873e-10   6.70780764266965e-10  1.164153218269348e-10  1.818989403545856e-11 -5.820766091346741e-11
                     0     0.9999999997889972  1.458715814806055e-09  4.074536263942719e-10 -7.275957614183426e-12  -2.91038304567337e-11
-1.455191522836685e-10 -2.328306436538696e-10      1.000000000982794 -4.074536263942719e-10 -1.455191522836685e-11  -2.91038304567337e-11
-3.201421350240707e-10  5.093170329928398e-11  8.435563358943909e-10      1.000000000291038  5.456968210637569e-12  5.820766091346741e-11
 3.783497959375381e-10 -6.475602276623249e-10   4.38490133092273e-10  8.149072527885437e-10      1.000000000045475  -2.91038304567337e-11
-4.365574568510056e-10   4.43833414465189e-10  3.564366579666967e-10  -2.91038304567337e-10 -7.275957614183426e-12     0.9999999999708962
