5
2

0.0001522877936043407
0.0003908145182656753
0.0006776131313050153
  0.02054676509086637
   0.5196352491415156

  0.4815560660410945  -0.8423662852144559  0.03472014380838384    0.117528458067136   0.2085770120394637
  0.1136408660276369   0.1056507549801156 -0.05427806036556219  -0.7750885468730245   0.6100945076050396
  0.2636615863209748   0.1931877534155389   -0.891417508614765   0.2626839912524817   0.1718516974128465
  -0.698432415026214  -0.2062979558459727 -0.03667107056721212   0.3396572804385393   0.5940719480694021
  0.4448193322764559   0.4465160745708494    0.447077690894299   0.4483914123122635   0.4492503048993994

0.3981268995954955
0.3982453151968902
0.3982132791033102
0.3981819417083829
0.3981421593466039

0.0003723323552864852
    0.398358554576118

   2.050423575155154   0.4270291917201179  0.01200922143269413  -0.7414571704953055    -1.74808309802099
   1.561211020108325  -0.3523337751289155 -0.06439620356254114  -0.1486678194388374 0.004294029348960171

 4.089685570248126e-09 -3.273512620846364e-08  5.382706161825816e-08  -0.001186695987415749  -0.002613097495771809
 2.388249124952558e-08  3.994639181046743e-08  1.665160435817382e-07 -0.0004488921762436815      0.119784399862432

cov:
0.05363343527054005 0.05369209908415616 0.05370941514008136  0.0537563719555356 0.05378453208885025
0.05369209908415616 0.05385383112492154 0.05390665524200978 0.05403236249178878 0.05411377284118881
0.05370941514008136 0.05390665524200978 0.05397227361832118  0.0541245739975199 0.05422434681457011
 0.0537563719555356 0.05403236249178878  0.0541245739975199  0.0543378204200035 0.05447811742593156
0.05378453208885025 0.05411377284118881 0.05422434681457011 0.05447811742593156 0.05464623635939331

cov.inverse():
 10236270.62987074 -17301237.65683635  168739.5304335377  2013978.837019283  4882580.570054744
-17301237.65714944  30750965.65466044 -1673691.570960484 -4694667.185746374 -7081921.125644928
 168739.5306425908 -1673691.571296924  1801880.349667283 -58609.74386377525 -238235.0288446739
 2013978.837485151 -4694667.186501523 -58609.74386020975  4679494.432536328 -1940238.429784409
 4882580.569692899 -7081921.124866401 -238235.0289756344  -1940238.43007014  4378011.213654029

cov*(cov_.inverse()):
                     1  2.328306436538696e-10 -7.275957614183426e-12                      0 -1.164153218269348e-10
-5.820766091346741e-11      1.000000000349246 -1.818989403545856e-11   2.91038304567337e-11 -8.731149137020111e-11
 1.746229827404022e-10                      0      1.000000000005457  4.365574568510056e-11                      0
                     0                      0 -1.818989403545856e-11      1.000000000014552  -2.91038304567337e-11
                     0  1.164153218269348e-10  7.275957614183426e-12                      0     0.9999999999708962
