5
2

0.0001171915430307078
0.0005248610873852646
0.0007130905565116898
  0.02108172185605622
   0.5188216696936905

 -0.6280516939855176   0.7716936839313826 -0.02099048007114252 -0.02911811354175795 -0.09354925479385373
  0.2153417571647581   0.2090640472801517  -0.2648271105295749  -0.7228439025322514   0.5632791899729106
  0.1391723336015201   0.1218577713078392  -0.8516281708634116    0.477117650411696   0.1134458081607989
 -0.5843293759706106   -0.383398375441071  0.06314637040037441   0.2199546572581103   0.6776410190821319
  0.4453866177163607   0.4460240482264248   0.4474013810573661    0.447914639693552   0.4493303783843791

0.3979862356299111
0.3980329608486562
0.3980960025078543
0.3980891065010266
0.3980503795156333

0.0002603386975293508
   0.3982025368500298

   1.361839708130936      1.1225105659095 -0.09942143663882715  -0.2416986280372888   -2.143348202561765
   1.631246775224942  -0.3139254497765872 -0.08668712009572038  -0.1186676126055408  -0.1118447710102764

 3.029165996568853e-09 -1.317688480271287e-07  2.670357229909245e-08  -0.001216870939422076  -0.002315239345684191
 -1.71813803258395e-08  9.128840824167945e-08  9.828690679539108e-08 -0.0004178584237693628     0.1196016015867157

cov:
0.05354800110915807 0.05357222576355086 0.05362129326848815 0.05364217050422118 0.05369309020435313
0.05357222576355086 0.05361453031500201 0.05370370544391766 0.05373866290860727 0.05383069737333034
0.05362129326848815 0.05370370544391766 0.05388256571567889 0.05394823606979803 0.05413164154176139
0.05364217050422118 0.05373866290860727 0.05394823606979803   0.054025861150484 0.05424095117670361
0.05369309020435313 0.05383069737333034 0.05413164154176139 0.05424095117670361 0.05455020336100257

cov.inverse():
 28928104.65579801 -35092404.30140483  519716.3594616278   896825.363801031  4748497.474277076
-35092404.30128278  43549000.73641014 -1584557.205791309 -2070547.029272251 -4802371.224767488
 519716.3594257447 -1584557.205760322  1712977.275412364  -59643.5793160984 -588421.3686428607
  896825.363566809 -2070547.028977959 -59643.57934320481  2406225.865784814 -1172895.892886902
  4748497.47442514  -4802371.22497073 -588421.3686206494 -1172895.892853932  1815312.981737875

cov*(cov_.inverse()):
     1.000000000029104 -1.455191522836685e-10  1.091393642127514e-11 -7.275957614183426e-12  5.820766091346741e-11
-2.328306436538696e-10     0.9999999999417923                      0 -1.455191522836685e-11                      0
-2.328306436538696e-10  -4.94765117764473e-10                      1                      0                      0
-2.328306436538696e-10 -5.820766091346741e-11 -1.455191522836685e-11                      1                      0
-1.455191522836685e-10 -1.455191522836685e-10                      0 -7.275957614183426e-12                      1
