5
2

0.0001128992463810218
0.0003634754238498056
0.0004690331851509042
  0.01378214782851219
    0.528160437650704

 -0.5343194664161508   0.8193138956751215 -0.03004817697574368 -0.05739779506226826   -0.197560239787363
   0.167298400608966   0.1861043884266642  -0.1479817206844051   -0.771460857522645   0.5659734599923628
  0.2430521219420444   0.1777237062090898  -0.8809132144684969   0.3472946842653779   0.1127752682398313
 -0.6554361799715274  -0.2516379699887431 -0.03656159521619583   0.2828592474028569   0.6524842082060016
  0.4447954956676646   0.4462986816844109   0.4470499700634638   0.4482529273436098   0.4496555249906914

 0.407073690713644
0.4069452666531746
0.4069934268058014
0.4067971942635834
0.4066708898259193

0.001542498486270144
  0.4076027515920121

   8.439219144235087   -7.479125421333075  -0.1246167446840064 -0.07582041785762193  -0.7594984069554729
   4.440734512498603   -3.417384928576074  -0.6012385250189569   0.5416779245185499   0.0368005198444919

-1.335659013364363e-07 -4.398783465185016e-08  1.583380375977975e-07 -0.0007905217617024986  -0.004297680822035641
-6.619093246443493e-08 -2.657420555911485e-08  2.626465445588664e-07 -0.0003516806948823484     0.1229116112646335

cov:
0.05527061736132826 0.05540684394979499 0.05547322683962518 0.05558277110798267 0.05571080176073145
0.05540684394979499 0.05557469671819647 0.05565789083275583 0.05579241958989784  0.0559493930728609
0.05547322683962518 0.05565789083275583 0.05575029945408852 0.05589787147244259 0.05607023638561903
0.05558277110798267 0.05579241958989784 0.05589787147244259 0.05606561068058652 0.05626069911690948
0.05571080176073145  0.0559493930728609 0.05607023638561903 0.05626069911690948 0.05648253613670268

cov.inverse():
 22881194.30529995 -33912562.87072342  99095.94219433196  1811913.624713702  9120726.603963099
-33912562.87112797  53070640.28337683 -2851527.819535451 -4495999.460094141 -11811440.85246071
 99095.94295735138 -2851527.820644193  3764034.262044733 -391297.7691903352 -619927.3388168256
 1811913.624280585 -4495999.459458417 -391297.7692023579  5311976.651202173 -2236267.880828571
  9120726.60403781 -11811440.85239232 -619927.3391505325 -2236267.880637981  5546748.490952503

cov*(cov_.inverse()):
     1.000000000058208 -2.328306436538696e-10  3.637978807091713e-11                      0 -1.164153218269348e-10
  2.91038304567337e-10     0.9999999997671694  3.637978807091713e-11  1.455191522836685e-11 -5.820766091346741e-11
 1.164153218269348e-10 -1.164153218269348e-10      1.000000000043656                      0  5.820766091346741e-11
 2.328306436538696e-10 -3.492459654808044e-10   2.91038304567337e-11     0.9999999999563443 -5.820766091346741e-11
  2.91038304567337e-10 -2.328306436538696e-10                      0  5.820766091346741e-11     0.9999999999417923
