6
2

5.500794549272632e-05
7.643780070309386e-05
0.0001826173608992257
0.0003505472143695026
  0.02187614739311279
   0.6268512265530999

-0.02350285593019068   0.2661371703356468  -0.7886723443704708   0.5535507744077517 0.005407450532005759 -0.01291724372176318
  0.3145123194916387  -0.7898565224769548  0.08346601649800203   0.5098738289351327 -0.01832788095580997 -0.09967379909110072
 -0.6701542582620047   0.1389165102443267   0.4181860682568678   0.4932413154995204 -0.04664216961570875  -0.3335466958741227
  0.1166610991988384   0.1370680132410431   0.1388202457340592   0.1537421749354426  -0.8958989682628067   0.3493706761678285
 -0.5213667316936763   -0.317734568094384   -0.101655994820606 0.002062346916384284   0.1673533504996534   0.7673826534654655
  0.4074184652187349   0.4077462294514973   0.4080989680486475   0.4082674537300574   0.4084326762321198   0.4095227393627495

0.4231451808068074
0.4230773045351311
 0.422939324251874
0.4229471757354776
0.4228618232517883
  0.42236452456457

0.002046964489126137
  0.4236028868544479

-0.3892169588676969   2.839917327182393  -2.335999511168293   3.256393216560212 -0.5672996218559175  -2.804288670361368
  8.696751659048283  -6.217793207627755 -0.7917167143293539  -3.687850913777087   1.087702490508406   1.919495669472276

 1.344404473325811e-08 -3.565566376558081e-09  7.491786503032068e-08  5.987271725494128e-09  -0.001293148478240016  -0.001796492823618186
-9.970572585089077e-09  3.206915675483694e-08 -3.179162704021379e-07 -1.005712381047052e-07 -0.0003975416113434876     0.1609246983049365

cov:
0.06535454522103389 0.06535618990282993 0.06535874260136762 0.06535983645094622   0.065345041863651 0.06536986409006762
0.06535618990282993 0.06537775029763801  0.0654014065644926 0.06541263009825446 0.06541395035781197 0.06549738255873205
0.06535874260136762  0.0654014065644926  0.0654474663615623 0.06546943713014085 0.06548786647314246 0.06563349472534852
0.06535983645094622 0.06541263009825446 0.06546943713014085 0.06549657395140694 0.06552321180792567 0.06569869660287263
  0.065345041863651 0.06541395035781197 0.06548786647314246 0.06552321180792567 0.06556308298949151 0.06578594727566435
0.06536986409006762 0.06549738255873205 0.06563349472534852 0.06569869660287263 0.06578594727566435 0.06618177233581995

cov.inverse():
 30690785.61588461  -47245910.3398203  2347196.101568936  13380932.09355785 -942020.6158463097  1768435.823655186
-47245910.37104211  130917114.9450716 -78753304.86134769 -18014823.23005176  1759565.387214384  11338178.19340526
 2347196.188886846 -78753305.08403949  212154883.6948894 -130636512.1453108 -3268235.669747215 -1845136.878255685
 13380932.04043082 -18014823.03285531 -130636512.3182483  153248389.2009925 -2420898.914959061 -15557356.24885057
-942020.6180881996  1759565.391171306 -3268235.664353587 -2420898.922918756  6664130.436572779 -1790790.198919442
 1768435.822927359    11338178.183723 -1845136.846084012 -15557356.26976138 -1790790.199770475   6086075.07773833

cov*(cov_.inverse()):
     1.000000000116415  3.492459654808044e-10  -6.83940015733242e-10 -1.164153218269348e-10  4.365574568510056e-11  1.164153218269348e-10
-4.074536263942719e-10      1.000000002444722  2.677552402019501e-09  6.984919309616089e-10  1.455191522836685e-11  5.820766091346741e-11
 3.055902197957039e-10 -5.820766091346741e-10     0.9999999985884642 -3.492459654808044e-10                      0                      0
 1.455191522836685e-11  4.656612873077393e-10 -1.164153218269348e-10                      1   1.01863406598568e-10  2.328306436538696e-10
  2.91038304567337e-10 -9.313225746154785e-10  1.455191522836685e-11  9.313225746154785e-10       1.00000000007276                      0
 2.619344741106033e-10  3.492459654808044e-10 -9.022187441587448e-10 -4.656612873077393e-10   2.91038304567337e-11      1.000000000058208
