5
2

9.472382122128098e-05
0.0001727059687087216
0.0006153864037456437
  0.01873994261268863
   0.5179947745391339

 -0.3114886485523785   0.7860887534768766  -0.5320225545613113  0.01560978393632273  0.04180465959317378
 -0.6228432339261925   0.2396885670273143   0.6970119005428987 -0.05810591371516605  -0.2557612364719427
  0.1081957509648099   0.1358337543641562   0.1486492004903072  -0.8561446239992968   0.4634249331220683
 -0.5519319718100437  -0.3269908213295687 -0.09618062124920669   0.2506399166471008    0.718593780615545
  0.4457644060963292   0.4463631441271951   0.4469665705948733   0.4478571785927112   0.4491089736089739

 0.397547204348865
0.3975884286885057
0.3976806113940738
0.3976470859706607
0.3976028119349683

0.0003229159345044493
   0.3977718198171218

   2.510828355516195   0.8076502072865044      -1.065758532823  -0.1771704078571585   -2.075533526167882
    1.33678342379361   0.4673668378556187  -0.6183448608155692 -0.02474239837936196  -0.1611035559777898

  2.96333853170343e-09 -4.688795973582934e-08 -2.223833148946815e-07  -0.001082798432984801  -0.002174188332346186
  2.44818586769556e-09 -3.307662476150023e-08  2.375424028554038e-08 -0.0003347270834639103     0.1193191838265449

cov:
0.05342348586042512 0.05345148063579575 0.05347891225180984 0.05351818202878784 0.05357725926491479
0.05345148063579575 0.05349737435308206 0.05354313492604888 0.05360992068663344 0.05370617452203007
0.05347891225180984 0.05354313492604888 0.05360772391450695 0.05370274451635317 0.05383713545108948
0.05351818202878784 0.05360992068663344 0.05370274451635317 0.05384062214341284  0.0540318106763017
0.05357725926491479 0.05370617452203007 0.05383713545108948  0.0540318106763017 0.05430098312792796

cov.inverse():
 23851245.45894698 -32255249.40545576  3957333.346708199  426447.2770898363  4020709.562671149
-32255249.40243209  70844285.37397879 -40955938.79943659   593322.334883749  1772793.875236735
 3957333.342873681 -40955938.79497271  47892106.98853775 -2619525.404336192 -8273743.904141227
 426447.2770103426  593322.3353197807 -2619525.404771735  2076054.510639018 -476201.1286065837
 4020709.563561462  1772793.873360476  -8273743.90307626 -476201.1286855847  2956430.902515608

cov*(cov_.inverse()):
    0.9999999997671694 -2.473825588822365e-10 -1.164153218269348e-10 -7.275957614183426e-12  -2.91038304567337e-11
-5.820766091346741e-11      1.000000000392902  -2.91038304567337e-10  3.274180926382542e-11  5.820766091346741e-11
  2.91038304567337e-11   2.91038304567337e-11      1.000000000058208  4.001776687800884e-11  8.731149137020111e-11
 -2.91038304567337e-11  1.455191522836685e-11                      0      1.000000000025466                      0
-8.731149137020111e-11 -4.365574568510056e-11                      0  3.637978807091713e-12      1.000000000058208
