6
2

5.164374254368545e-05
8.628494172589288e-05
0.0001714779237689947
 0.000467369318646101
  0.02209612834681781
    0.577383130181049

 0.004745404234628269    0.3793499210384465   -0.8036616137103869    0.4572666438993858 -0.004794476664921722  -0.03291441273504686
   0.4758451408819117   -0.7401989785865997  -0.08198322958409628    0.4581216470556109  -0.01826814949184466  -0.09352248541707368
  -0.5440238411060131   0.04269122686788472    0.3846483004409657    0.6159261452602327  -0.09107176447555186   -0.4081692317223717
  0.07877410126115947   0.09587695165925959    0.1172122231226099    0.1476672162314806    -0.872662917691615    0.4330327599594321
  -0.5538927707129353   -0.3631565717216964   -0.1398970024921559     0.112943488227557    0.2494437065025668    0.6832060724366074
    0.405690008341871    0.4065728510511564    0.4076058992797091    0.4087846843735141    0.4093732902806214    0.4114366972190875

0.4072662142161939
0.4072110968711346
0.4071084516955032
0.4069726805548725
 0.407017442568497
 0.406681572214634

0.001623528055361857
  0.4076621587567624

 0.6597942919432094   1.974075808883783   2.404217106557566   -3.80568103794134 -0.1982893229396926   -1.03415958738856
 0.0538675015110564   2.541318831381004  -2.129702336453347   1.586709592384795 -0.7065758153181914  -0.345233288960049

-7.695586982933261e-09 -2.224205935596277e-08  -3.68657582583272e-08 -6.852558013785153e-08   -0.00127163267609659  -0.004040133904470239
 9.111171961552605e-09  -6.76571334049708e-09  1.301330695197716e-08  1.528340222863007e-07 -0.0004334108006501184     0.1347930704259672

cov:
 0.0550175082916017 0.05508531413968896 0.05516464984153722 0.05525569769604254 0.05529838196929723 0.05546017231244905
0.05508531413968896 0.05517116366694134 0.05527159325718708 0.05538653424649825 0.05544209115686385 0.05564488289733055
0.05516464984153722 0.05527159325718708 0.05539672530045024 0.05553963401150584 0.05561025996064511 0.05586104676602336
0.05525569769604254 0.05538653424649825 0.05553963401150584    0.05571422642996 0.05580191910253906 0.05610706937564049
0.05529838196929723 0.05544209115686385 0.05561025996064511 0.05580191910253906   0.055899068654843 0.05623324767464841
0.05546017231244905 0.05564488289733055 0.05586104676602336 0.05610706937564049 0.05623324767464841 0.05666108351271453

cov.inverse():
 40515751.34341782 -47388929.74925616 -13743841.06808526  18751665.57032419  193831.2714552018  1671084.904737482
-47388929.78268707  127652315.0647821 -105547445.3614932   20451055.1202556  618855.3046653075  4213506.742370853
-13743841.00060408 -105547445.4363234  248162182.2967403 -134695159.9660045 -13803.13978462901  5840669.121477799
 18751665.53449856  20451055.15533442 -134695159.9567343  119588902.9936688 -4443630.644487298 -19654718.31121109
 193831.2711511495  618855.3051943564 -13803.14002503687 -4443630.644451392  3822001.174295981 -176830.9748583846
 1671084.906817664  4213506.748161157  5840669.105099597 -19654718.30272404 -176830.9748378901   8106247.85840768

cov*(cov_.inverse()):
       1.0000000007567 -1.164153218269348e-10 -3.492459654808044e-10  6.984919309616089e-10 -2.182787284255028e-11 -1.746229827404022e-10
 1.891748979687691e-10      1.000000000436557 -4.656612873077393e-10 -1.164153218269348e-09 -9.094947017729282e-12 -5.820766091346741e-11
 7.712515071034431e-10  -4.94765117764473e-10     0.9999999997671694 -4.656612873077393e-10  7.275957614183426e-12  -2.91038304567337e-10
 3.055902197957039e-10  8.149072527885437e-10  9.313225746154785e-10     0.9999999983701855  1.818989403545856e-11 -1.164153218269348e-10
 4.656612873077393e-10 -8.440110832452774e-10 -1.164153218269348e-10 -9.313225746154785e-10      1.000000000021828 -1.164153218269348e-10
                     0 -6.402842700481415e-10 -6.402842700481415e-10                      0                      0     0.9999999999417923
