5
2

5.974842732172652e-05
 0.000203992393842293
 0.000554297511535911
  0.01820424114893624
   0.5581435999001155

 -0.1165913821300136   0.7360073458026234  -0.6656354685535067 0.006355771524590495  0.03985804447626498
 -0.5577542372003766   0.4515935961318897    0.573060933525891 -0.07920164398238293  -0.3876876331205523
  0.1454990331798441    0.159736589475013   0.1668616513293597  -0.8740204442956293   0.4019449036815013
  -0.675720064864521   -0.171651174953875 -0.02815203407509415   0.1707074264801699   0.6957044671398873
  0.4444649432534109   0.4465159649744799   0.4470964568894079   0.4479218026135847   0.4500502463303254

0.4164463549045936
0.4164769526420581
0.4165426433025854
 0.416548731599523
0.4164436033307128

0.0004663711460110704
   0.4166991885776511

   2.552579805726819    2.288244259916145   -3.094203275651202 -0.06628461556268461   -1.680036401980018
   1.971498223316387   -2.040813553363501    1.258810354157497  -0.1345777197959279 -0.05585536414376582

 1.206183138781469e-08 -6.270828756142588e-08 -1.218959343338128e-07  -0.001063983197525041  -0.004027575949144028
-9.184944268956513e-09 -5.274607655740323e-08  8.175150252714253e-08 -0.0003576220013263806     0.1378176075699477

cov:
0.06169266972523522 0.06186375830428947 0.06191199849821276 0.06198171496464491   0.062158924412951
0.06186375830428947 0.06212040491405172  0.0621929877769789 0.06229642028707277 0.06256268086471228
0.06191199849821276  0.0621929877769789 0.06227250733199952 0.06238553688147803  0.0626771495626392
0.06198171496464491 0.06229642028707277 0.06238553688147803 0.06251223585654121 0.06283859396748348
  0.062158924412951 0.06256268086471228  0.0626771495626392 0.06283859396748348 0.06325820710594375

cov.inverse():
 11353934.07808512 -30014744.55257235    14137632.603164  439745.1499809587  4083502.936425684
-30014744.55577658  156727877.0080548 -130929472.2253539 -3625.156118462097  4218930.807667182
 14137632.60718019 -130929472.2325269  132096145.2764461 -2750479.955324826 -12552597.47119755
 439745.1497372443  -3625.15459877137 -2750479.956684001  2648470.203520751 -334204.6390552683
 4083502.935857499   4218930.81011615 -12552597.47299515 -334204.6391384558  4584214.758981351

cov*(cov_.inverse()):
    0.9999999998835847 -8.149072527885437e-10  8.149072527885437e-10 -3.637978807091713e-12 -5.820766091346741e-11
 -2.91038304567337e-11      1.000000000465661 -1.164153218269348e-10  1.091393642127514e-11 -5.820766091346741e-11
-5.820766091346741e-11 -1.513399183750153e-09      1.000000000349246 -4.001776687800884e-11 -1.164153218269348e-10
-2.037268131971359e-10  2.328306436538696e-10 -1.164153218269348e-10      0.999999999996362 -1.164153218269348e-10
 -2.91038304567337e-11  5.820766091346741e-11 -2.328306436538696e-10 -1.818989403545856e-11                      1
