6
2

5.531897904079382e-05
8.595864401874886e-05
0.0001971560364342367
0.0004354441193939465
  0.02112577806467596
   0.6111223190532242

 -0.01316622683047888    0.2599878400709552   -0.7854005745345293    0.5613016482764113 -0.005824814225925449  -0.01689503443429962
   0.3965958541732808   -0.7972596171273719   0.05004917472859186    0.4462720439891171  -0.02719786353162499  -0.06845035012736944
  -0.6045514902304219   0.07177183207010077      0.44069761547686    0.5580745548701923   -0.1460044706672985   -0.3199803075910873
  0.02729897070876655   0.04503686108703458    0.0706025951460265   0.08755547589439867   -0.8073498661828504    0.5768552271720822
  -0.5581956198367549   -0.3523623786435508   -0.1232988905306593 0.0005378507848653145     0.397536697391305    0.6253159782456996
   0.4058673314977376    0.4067488971030443    0.4077245228035502    0.4082502455110525    0.4099509850036445     0.410925400003075

0.4161902341028582
0.4162299846287833
0.4162205535451233
0.4162860039492661
0.4162166178939251
 0.416180963343272

0.0004740924581474459
   0.4164430807579891

 0.9414710690294451   3.228263852610104  0.2213771485823741  -2.474560268253145 -0.5257573810542877  -1.390551898203514
 0.6237920552202475   2.785900034916838   -2.02755088501516 -0.6873160089523077 0.08073791232122976  0.2235248239967453

-2.170821613663572e-09 -2.352729204666456e-08 -4.272590900790415e-08  -7.72887936561325e-08  -0.001236341649569897  -0.004377703029384877
 5.870938018037043e-09 -1.772886704430827e-08 -5.976679212515611e-08  5.548337880163522e-10 -0.0004053949413815453     0.1508858314122067

cov:
0.06166022952870241 0.06174255990442801 0.06183337399578952 0.06188221076162194 0.06204111740826047   0.062132085051143
0.06174255990442801  0.0618441175976219   0.061956296813718 0.06201668346390959 0.06221260177448402 0.06232481517226789
0.06183337399578952   0.061956296813718  0.0620922628981251 0.06216550095796591 0.06240260884416325 0.06253846731255631
0.06188221076162194 0.06201668346390959 0.06216550095796591 0.06224569376702987 0.06250506715980325 0.06265370937588027
0.06204111740826047 0.06221260177448402 0.06240260884416325 0.06250506715980325 0.06283603483419781 0.06302542395269724
  0.062132085051143 0.06232481517226789 0.06253846731255631 0.06265370937588027 0.06302542395269724  0.0632386876493133

cov.inverse():
  30750978.1500339 -45020531.57283717 -778338.5311968502  12871422.69222259   719294.235992351  1457554.241642619
-45020531.56183545  108255723.2883934 -71295839.31072666  585692.3603177915  1978114.891148263  5496109.286329596
-778338.5684504358 -71295839.24006057  206935597.1183069 -134675933.9964453 -645349.7526458345  459291.5588689743
 12871422.71885325   585692.296771271 -134675933.9527203  137960936.6486773 -5180109.048000484  -11560816.4917044
 719294.2381600913  1978114.890365558 -645349.7628218358 -5180109.038689048  4097599.720577626 -969622.0190210607
 1457554.239096146  5496109.290994024   459291.558733328 -11560816.49420715 -969622.0185006715  5117304.260797496

cov*(cov_.inverse()):
     1.000000000058208  1.920852810144424e-09 -6.511982064694166e-10  1.862645149230957e-09  1.455191522836685e-11  1.164153218269348e-10
 1.309672370553017e-10      1.000000001280569  6.075424607843161e-10  1.047737896442413e-09  7.275957614183426e-11  1.746229827404022e-10
                     0  1.164153218269348e-09     0.9999999984866008  1.629814505577087e-09  5.093170329928398e-11  1.164153218269348e-10
 2.764863893389702e-10  9.895302355289459e-10  1.626176526769996e-09     0.9999999994179234                      0  1.164153218269348e-10
 1.309672370553017e-10  1.222360879182816e-09 -9.240466170012951e-10  1.396983861923218e-09                      1  1.164153218269348e-10
 1.600710675120354e-10  1.164153218269348e-09   1.21144694276154e-09 -1.164153218269348e-10  2.182787284255028e-11      1.000000000058208
