6
2

8.439656450085731e-05
0.0001047947714915119
0.0003001631474992656
0.0006631564102682239
  0.01469882932019415
    0.566808795231125

  0.09524032077481367    0.1706408910624901   -0.8033857341716849    0.5620623145101828 -0.003148361710440324  -0.02140962754300767
   0.4536915695476488   -0.8278609837900881   0.09810754887006277    0.3137858982777228  -0.01639158266602944  -0.02132571578993119
  -0.4791630462595541   0.03933172420014495    0.4054946953573856    0.6320650948569377   -0.1842604226405086   -0.4134871885797205
  0.04144299764369318   0.06982360117855473    0.0747866299073819   0.09480505346856348   -0.8257957440036898    0.5448738328035909
  -0.6228953086246959   -0.3360237978600468  -0.09157692138841603    0.1015538076973717    0.3416087865796218    0.6030699547381209
   0.4071608141251023    0.4076684501860793    0.4080942911598607    0.4084322544706502    0.4088206533451748    0.4093095681669824

0.3979763947900103
0.3980175289114647
 0.398112030508496
0.3980947783449899
0.3980798410261126
0.3980460312919355

0.000322568386400714
  0.3982014428525794

   2.508066712265212    2.672950698313207    2.980458257206152   -7.338399686935904  -0.1739967698295204  -0.6491289030376226
   1.175345512243185   0.7415289945868242  -0.2173920810622138  -0.4796811690011549 -0.04098008845096213  -0.1789621614992643

-4.138097606249325e-08 -3.369840892923153e-08 -3.807502037558473e-07 -1.725021534479438e-07  -0.000848997030453937  -0.002215210312415678
 1.050431809469532e-09 -2.723470955413624e-09 -7.602534263844039e-08 -1.095868763576873e-08 -0.0002445791998413454     0.1305054147265204

cov:
0.05334433710306297 0.05337210532775743 0.05339489992585926   0.053413109771283 0.05343162585000964 0.05346042792528727
0.05337210532775743 0.05341777934654387 0.05345579787124036 0.05348604164652142 0.05351945444088645 0.05356454812500197
0.05339489992585926 0.05345579787124036 0.05350681316487915 0.05354730344368111 0.05359341928932049 0.05365238420771121
  0.053413109771283 0.05348604164652142 0.05354730344368111 0.05359590777076756 0.05365205150765662 0.05372198669273216
0.05343162585000964 0.05351945444088645 0.05359341928932049 0.05365205150765662 0.05372113043945587 0.05380414939639747
0.05346042792528727 0.05356454812500197 0.05365238420771121 0.05372198669273216 0.05380414939639747 0.05390284608909801

cov.inverse():
 22570622.77313196 -32120955.25425991 -8838395.382444832  17125906.67406744  181863.4141799184  1081344.564565573
-32120955.26096827  66524163.11725686  -26453451.7259968 -9898200.645216599  948153.9900751378  999769.4147050305
-8838395.364853274 -26453451.75446071  93328881.51076852   -57731621.525598 -761186.0610353462  455763.5289660141
 17125906.66206991 -9898200.621952549  -57731621.5357691  57773023.10612633  -2187298.66662574 -5081778.974078719
  181863.414553163  948153.9896155415 -761186.0612772703 -2187298.666342372  1953880.036500407 -135267.6719076466
 1081344.565306759   999769.413656131  455763.5285063511 -5081778.973266419 -135267.6719525604  2680156.891191045

cov*(cov_.inverse()):
     1.000000000043656 -3.274180926382542e-10 -3.237801138311625e-10 -5.820766091346741e-11  2.728484105318785e-12 -5.820766091346741e-11
-2.401066012680531e-10     0.9999999994979589 -1.455191522836685e-10 -1.746229827404022e-10  2.819433575496078e-11 -5.820766091346741e-11
-2.837623469531536e-10 -1.818989403545856e-10      1.000000000389264 -5.238689482212067e-10  3.456079866737127e-11 -5.820766091346741e-11
-7.275957614183426e-11 -1.164153218269348e-10 -5.493347998708487e-10     0.9999999998835847  6.366462912410498e-12 -5.820766091346741e-11
-3.128661774098873e-10  1.236912794411182e-10 -5.129550117999315e-10 -4.074536263942719e-10      1.000000000043656                      0
-1.382431946694851e-10 -1.091393642127514e-10   2.91038304567337e-10 -5.820766091346741e-11  2.728484105318785e-12                      1
