5
2

7.546791378391015e-05
 0.000158379149134372
0.0005575873347010806
  0.02081515138649793
   0.5335356546311116

 -0.2755743975278848   0.7693416150455827  -0.5721982490461259  0.01018012973863729  0.06824778042727793
 -0.6477868944818068   0.2825227170327214   0.6616911939950326 -0.05130843882386699  -0.2451229519913451
  0.1083585534916789   0.1262164193340305   0.1575931235662524  -0.8558623380368044   0.4636721957487795
 -0.5426132865859515  -0.3368097470602946  -0.1011896192052684   0.2528914160843322   0.7196781281528061
  0.4452641192262667   0.4460078513828877    0.446854557935466   0.4481176174454632    0.449809365867117

0.4011842435455669
0.4012582659424483
0.4012970665482654
0.4014007262734557
0.4014035292596009

-5.841444489529474e-05
    0.4013625198544519

   1.237718758953114    3.025205581241821   -2.314102526962386  -0.1420835484084499   -1.806733723351145
   1.235036864080111   0.1558352053543367  -0.1021853079644919 -0.02817312745889172  -0.2603524771957479

 1.814389118047022e-08 -2.579001719015811e-08   -1.7561915729908e-07  -0.001209932501041071  -0.002859685635640374
-1.025395554030461e-09 -1.902279195317349e-08  1.268057222172405e-08 -0.0003928848879542082     0.1263964293040175

cov:
0.05656437081100144 0.05661023790306068 0.05666216022438141 0.05673898443754195 0.05684371861302278
0.05661023790306068 0.05667464169380133 0.05674775422968405 0.05685639996015204 0.05700311816769638
0.05666216022438141 0.05674775422968405  0.0568451388170575 0.05699021501901432 0.05718500453831745
0.05673898443754195 0.05685639996015204 0.05699021501901432 0.05719039994550176 0.05745699670408348
0.05684371861302278 0.05700311816769638 0.05718500453831745 0.05745699670408348 0.05781935570552644

cov.inverse():
 30101154.19259404 -44476554.58650798  10653073.52320992   533850.389256823  3188746.361112986
-44476554.59470037  107157078.2369743 -69776418.17518033  449604.4302278038  6645820.003893879
 10653073.53360162 -69776418.18781945  75021528.79610609 -2810115.961191699  -13087875.7632584
 533850.3895247355  449604.4302984185 -2810115.961694499   2479330.94783736  -652606.923887528
 3188746.358645799  6645820.008270009 -13087875.76500309 -652606.9240518016  3905878.959656733

cov*(cov_.inverse()):
    0.9999999998544808  6.984919309616089e-10 -4.656612873077393e-10 -1.455191522836685e-11                      0
 2.619344741106033e-10     0.9999999994179234                      0  1.455191522836685e-11                      0
 3.492459654808044e-10  -2.91038304567337e-10      1.000000000465661                      0   2.91038304567337e-11
 5.820766091346741e-10   2.91038304567337e-10 -5.820766091346741e-10      1.000000000007276                      0
                     0  5.820766091346741e-11                      0  1.455191522836685e-11      1.000000000058208
