6
2

6.771193065793197e-05
0.0001511469475323556
0.0003128328279734813
0.0003682270736849005
  0.02305054947903207
   0.6262892125703928

  -0.2056219263014092    0.7369112879141105   -0.6398500085824437   0.02019972156884987   0.02227431518438176   0.06609969604710131
   0.6649484212536751   -0.3691656192735263   -0.6175638466620801   0.04756570208693445    0.1247308085452251    0.1495157760880264
   0.2016038980932385     0.136083330656444    0.1178948003784539   -0.4041566225373271   -0.6432042253954096     0.591509729698081
 -0.06800782434037578  -0.08844791375869938  -0.07513137543060452    0.8102296276590176     -0.57041086097281 -0.008159592754215765
  -0.5517540034536214   -0.3580314602792189   -0.1523172075068028    0.1036810457920233    0.2789785544018344    0.6749827170734791
   0.4072610271942847    0.4076153412356722     0.407998066882603    0.4083688172470325    0.4087013831446291    0.4095410300006196

0.4238175113592831
0.4237794263532245
0.4236760671671686
0.4236365736428258
0.4234745330476322
0.4232353934940492

0.001626261800338332
  0.4242228387124739

-0.6066853340664472   2.684008293900574   1.220999776061097 -0.4774638148313342 -0.4906448487190521  -2.330884673589727
  8.719644946242999  -5.593022789903162   -5.10889224930039   1.157313951240821   0.442830928256525   1.388783548897135

 5.257616265441967e-09   -5.8957507361001e-08 -4.729763634612568e-08 -5.096032869761685e-08  -0.001366515583899389  -0.001950309856971853
-1.155647325138817e-08  2.589722799864598e-07  4.535011500145154e-08  1.300709612544254e-07 -0.0004513693387650073     0.1605477499948741

cov:
0.06521899823847442 0.06521878770065809  0.0652196149553896 0.06520378184226955 0.06520552559561033 0.06522357961139702
0.06521878770065809 0.06523859528035245 0.06526064992787055 0.06527120631845824 0.06529104323940456 0.06534996485319838
 0.0652196149553896 0.06526064992787055 0.06530525710573672 0.06534384478647631 0.06538288943077467 0.06548521942341234
0.06520378184226955 0.06527120631845824 0.06534384478647631  0.0654174520692398  0.0654802365172056  0.0656365576263209
0.06520552559561033 0.06529104323940456 0.06538288943077467  0.0654802365172056 0.06555965582269253 0.06575283636751153
0.06522357961139702 0.06534996485319838 0.06548521942341234  0.0656365576263209 0.06575283636751153 0.06602980798269352

cov.inverse():
 29025926.65470791 -43468717.62232736  11001344.94941151 -760506.5295015695  1592308.254861869  2609383.469286085
-43468717.61127646  124653065.0288166 -92647772.43126665   1387397.50499418   1041992.75984496  9035217.495023886
 11001344.93353204 -92647772.41060522  106172632.6644758 -5040655.123009221 -6939136.436869299 -12549444.64226103
-760506.5269861049  1387397.497259433 -5040655.116702458  6698674.757552802 -394341.6408098589 -1888902.716727069
 1592308.255579193  1041992.762076035 -6939136.441265151 -394341.6400184233  7416389.332885904  -2715512.49547536
 2609383.470882704  9035217.490915781 -12549444.63938973 -1888902.716430796 -2715512.496131564  5508018.147428067

cov*(cov_.inverse()):
    0.9999999999417923  5.820766091346741e-10 -2.095475792884827e-09  -2.91038304567337e-11  -2.91038304567337e-11  1.746229827404022e-10
 5.820766091346741e-11      1.000000001280569 -2.095475792884827e-09   2.91038304567337e-11  5.820766091346741e-11  1.746229827404022e-10
-5.820766091346741e-11  9.313225746154785e-10     0.9999999986030161                      0  5.820766091346741e-11  1.164153218269348e-10
 8.731149137020111e-11  2.328306436538696e-10 -5.820766091346741e-10      1.000000000029104 -8.731149137020111e-11  1.164153218269348e-10
                     0  1.280568540096283e-09 -1.396983861923218e-09  4.365574568510056e-11      1.000000000087311  2.328306436538696e-10
 2.328306436538696e-10  1.280568540096283e-09 -4.656612873077393e-10 -1.455191522836685e-11   2.91038304567337e-11      1.000000000116415
