5
2

0.0001034542920228562
0.0003903766299000181
0.0006694538666313093
  0.01773222916562368
   0.5203455607133173

  0.5671462891400734   -0.806515574175683  0.01702328492657958  0.07331153519964373   0.1490414100298728
  0.1262981931675994   0.1258190739433968 -0.06141695915485526  -0.7831885189422783   0.5925048758953779
  0.2886586898986815   0.2294290052844531  -0.8877795468646625   0.2463261528770286   0.1233263753531282
 -0.6170578735998149  -0.2860840729455472 -0.08968874182153735   0.3458337567448568   0.6401175096195781
  0.4453196542840833   0.4463411520184624   0.4469245693153641   0.4482896404203579   0.4491823785025399

0.3980884712371066
 0.398159188261427
0.3981192840118527
0.3980739790235792
0.3980240905903125

0.0004796742428428632
   0.3983040365697761

   3.690402929181457   -1.273208576900432  0.01802908876311955   -0.741521292778296   -1.693830528421438
   2.185321846440729  -0.7725868772888332 -0.06412547202916033   -0.226286407534777  -0.1222682949721049

 3.011074748451499e-08 -1.799191156192821e-08  1.638503846074568e-07  -0.001023557177700661  -0.002727610350746287
 1.954967926085329e-08   4.38155027521153e-08   1.97045526889993e-07 -0.0004019124141123477     0.1200297418773628

cov:
0.05381397361445844 0.05387290777774744 0.05390500475282504 0.05398522946749423 0.05403578423441098
0.05387290777774744 0.05396659026070222 0.05401930477386311 0.05414520043741485 0.05422662990796653
0.05390500475282504 0.05401930477386311 0.05408481142646178 0.05423727077791626 0.05433703716512955
0.05398522946749423 0.05414520043741485 0.05423727077791626 0.05445053192866676 0.05459071434953085
0.05403578423441098 0.05422662990796653 0.05433703716512955 0.05459071434953085 0.05475863854013283

cov.inverse():
  30345172.4756199 -42485060.52868212  279543.5478363659   3393716.02815213  8467002.164301075
-42485060.52918921  60997082.95712043 -1787902.262514304 -6045264.564514342 -10679375.38141947
 279543.5479981877 -1787902.262724097  1810462.237196387 -55805.07454996977 -246210.5683308237
  3393716.02934769 -6045264.566161587 -55805.07451891653  4662927.155918352 -1955637.094674882
 8467002.163450763 -10679375.38006949 -246210.5684098507 -1955637.095095531  4414361.270604648

cov*(cov_.inverse()):
     1.000000000465661 -4.656612873077393e-10  7.275957614183426e-12   2.91038304567337e-11  5.820766091346741e-11
 2.328306436538696e-10     0.9999999998835847    1.2732925824821e-11 -1.455191522836685e-11  -2.91038304567337e-11
 4.074536263942719e-10                      0       1.00000000001819                      0  8.731149137020111e-11
  2.91038304567337e-10 -1.164153218269348e-10 -7.275957614183426e-12                      1 -5.820766091346741e-11
 2.328306436538696e-10  1.164153218269348e-10  5.456968210637569e-12                      0     0.9999999999708962
