8
2

5.514270007229645e-05
7.570784658629231e-05
0.0001750475735421913
0.0003154696164465988
0.0003449859448413418
0.0003784018249028829
  0.02505006814478194
   0.7248021863202223

   -0.0198050142169406     0.2626006114363592    -0.7915475125794645     0.5511466201059474   0.005883397293769515   0.007638128831720548 -0.0002410975052863286   -0.01567179812263289
    0.2966017184857084    -0.7859424474017421    0.09910844516278297      0.525196755629728   -0.01424040280334422  -0.006149449741021343   -0.02677930301821217    -0.0878068224151565
   -0.6742727988013084     0.1704893395744866      0.432509213944309     0.5112363170062861   -0.03206429021869412    -0.1092145784704139    -0.0776114385188456     -0.221095697987469
    0.1526098500770776     0.1096944862517444     0.1015973801007738      0.127017354876165    -0.3904027002806532    -0.7319827814280142     0.1561928127541253     0.4749870122569417
   0.02430066337629934    0.05790854479812051    0.07521350162798136    0.09251258087549945    -0.3538514358157658     0.3693766400053601    -0.7179541184080001     0.4524736155864893
   0.05989159762040971    0.06491470294060446      0.038179416216045    0.02241743420250904    -0.7704511339041761     0.3820731923547419      0.440617173730927    -0.2377404064537237
   -0.5525179619181865    -0.3744012827543965    -0.1853978564881369   -0.09468206296142385    0.04993836311212409     0.2109696058303474     0.3657014929909988     0.5748660072766816
    0.3524882757071703     0.3528345990350017       0.35320914455387     0.3533892736527349     0.3535824953206819     0.3539068037157033     0.3542935065102911     0.3547176161606418

0.4228305632347507
0.4227534942463681
0.4226071089967131
0.4226107008442812
0.4225153560169856
0.4223163824081361
0.4221918554673822
0.4219956907004156

0.002163624152051256
  0.4233040370044864

-0.6701827337017872   2.651579629460979  -1.385761678093473   3.229403824229852 -0.4430258869878554  -0.481145910448309 -0.4703885898088303  -2.431073830129642
   9.16112331386987   -6.60276378590162 -0.9300145729144088   -4.34665237023334   1.313017149782182  0.2661153988617251  0.8323253849766635   1.313609876254365

  1.10021722582808e-08 -2.801102074339872e-09  7.955635862172137e-08 -2.438893747921916e-08 -5.372854493713427e-08  9.732134944253327e-08  -0.001483744544951142  -0.002530497670003733
-1.090354939427958e-08  3.079980164461112e-08 -3.172452786238863e-07  7.340384795647457e-09 -1.191722321280557e-07 -1.243432087743267e-07  -0.000517306300286535     0.1860974071183162

cov:
0.06546379358672422 0.06546614985134919 0.06546997332523882 0.06547187623225063  0.0654575094541944 0.06546174097132293 0.06547971220919382 0.06548573315132486
0.06546614985134919 0.06548850624347793 0.06551352310606749 0.06552559851952033 0.06552741968481514  0.0655497116848915 0.06558504038711246  0.0656145161388115
0.06546997332523882 0.06551352310606749 0.06556103973368672  0.0655839081178617 0.06560291657777829   0.065644367587516 0.06569812069426348 0.06575249030547999
0.06547187623225063 0.06552559851952033  0.0655839081178617 0.06561196436436861 0.06563921828978167 0.06568986450762446 0.06575246214316438 0.06581878270297505
 0.0654575094541944 0.06552741968481514 0.06560291657777829 0.06563921828978167 0.06567976814430203 0.06574491047448405 0.06582159424033911 0.06590694058823854
0.06546174097132293  0.0655497116848915   0.065644367587516 0.06568986450762446 0.06574491047448405 0.06582664419671978 0.06591891500275192 0.06602544757084144
0.06547971220919382 0.06558504038711246 0.06569812069426348 0.06575246214316438 0.06582159424033911 0.06591891500275192 0.06602650782908044 0.06615330631705651
0.06548573315132486  0.0656145161388115 0.06575249030547999 0.06581878270297505 0.06590694058823854 0.06602544757084144 0.06615330631705651 0.06630789224864338

cov.inverse():
 30579442.96292832 -45925299.54547435  954079.5204808915  12561323.22724387 -1062863.744089284  1147900.052031654  600544.6755582636   1144304.58462198
-45925299.59064876  131576342.6561109 -79376687.79718032 -21378797.48613946  1330575.841488591  441205.9175275817  3241763.612181108  10092264.60383849
 954079.6597053932 -79376687.94935378  214032617.8629914 -126980669.8927297 -3057984.101165114  -4048239.31280261 -1672672.679415198  147823.6048033808
 12561323.13850788 -21378797.40134627 -126980669.8663601  156789591.4825661 -1667378.904215548 -1588511.141224082 -4082202.465625393 -13654597.86391985
-1062863.748909349  1330575.853790852 -3057984.108221293   -1667378.9057726  6809420.327219458 -138244.3359992216 -701640.6102989289 -1510111.780922223
 1147900.047928104  441205.9272507074 -4048239.323612751 -1588511.135845615 -138244.3361446497  7964794.070571262 -1896464.182935942 -1880550.796200646
 600544.6778093922  3241763.602598957 -1672672.667531742 -4082202.468677322 -701640.6108252854 -1896464.183366912   6253954.25394595 -1743800.520843047
 1144304.585978195  10092264.61360556  147823.5714661492 -13654597.84226342 -1510111.781381609 -1880550.795727247 -1743800.520299588  7403715.680751262

cov*(cov_.inverse()):
     1.000000000116415  9.313225746154785e-10 -2.864908310584724e-09   3.37604433298111e-09  8.731149137020111e-11  1.309672370553017e-10 -5.820766091346741e-11                      0
 1.891748979687691e-10     0.9999999993015081  2.231899998150766e-09  4.656612873077393e-10 -8.731149137020111e-11                      0  4.365574568510056e-11                      0
  2.91038304567337e-11 -1.746229827404022e-09     0.9999999985775503  1.164153218269348e-09  7.275957614183426e-11  4.365574568510056e-11 -7.275957614183426e-11  1.746229827404022e-10
 -1.01863406598568e-10 -1.629814505577087e-09  -1.39152689371258e-09      1.000000002793968  1.455191522836685e-11  -2.91038304567337e-11 -1.309672370553017e-10  5.820766091346741e-11
-2.764863893389702e-10 -5.820766091346741e-10  1.598891685716808e-09 -2.328306436538696e-10     0.9999999999854481  1.455191522836685e-11  -2.91038304567337e-11  2.328306436538696e-10
-2.473825588822365e-10                      0 -3.274180926382542e-11  8.149072527885437e-10   2.91038304567337e-11     0.9999999999563443 -7.275957614183426e-11   2.91038304567337e-10
-5.820766091346741e-11  1.164153218269348e-10  7.421476766467094e-10 -4.656612873077393e-10 -8.731149137020111e-11  5.820766091346741e-11     0.9999999999563443  2.328306436538696e-10
 -1.01863406598568e-10  3.492459654808044e-10  1.891748979687691e-10  1.164153218269348e-10                      0                      0  4.365574568510056e-11                      1
