5
2

8.249432543736172e-05
9.947914667317022e-05
0.0003275637303331275
  0.01303111349193322
   0.5152138654288538

   0.0526745662472012    0.2741321818239142   -0.8186545037572439     0.501779962470921 -0.009930241678412768
  -0.4529689758673492    0.8033638533360432  0.003348828212692677   -0.3852556536138667   0.03150385314375889
   0.4823985857930694  -0.03736007368727687   -0.3590373610319818   -0.6057141950805094    0.5197098388332565
  -0.6001334858242325   -0.2800787445655885  -0.03044541948128475    0.1807175822948249    0.7265052841632617
     0.44629127326182    0.4467865125293846    0.4471675733361955    0.4474890165676894    0.4483309637311191

0.3935893453938588
0.3936257510315724
0.3937220934307941
0.3937031481428572
0.3936579818830763

0.0003750392857132732
   0.3938212066261358

  2.987127680755494   2.684568109374415    2.71529306919843  -7.846057904607211  -0.540893917956601
  1.336235886840459  0.5241783085808075 0.07755959769169707 -0.8344020413895019 -0.1036474646440805

-3.580437632266517e-08  3.778726852380448e-08  5.190175389417157e-07 -0.0007536362798559855  -0.001798491700876966
-1.817506743901687e-09  1.328898344512446e-09  1.125245603874168e-07 -0.0001998975174736948     0.1182225092935201

cov:
0.05293149788141592  0.0529575180715921 0.05297720755261619 0.05299375774237077 0.05303793552874904
 0.0529575180715921  0.0530010427907294 0.05303435590108666 0.05306243564892868 0.05313632848958914
0.05297720755261619 0.05303435590108666 0.05307831512962091 0.05311538040765825 0.05321245613139076
0.05299375774237077 0.05306243564892868 0.05311538040765825 0.05316006479446922  0.0532767469911969
0.05303793552874904 0.05313632848958914 0.05321245613139076  0.0532767469911969 0.05344434045215709

cov.inverse():
 23312147.82540306 -34817083.13755122 -8103922.445990718  18794131.71635888  815113.2590484794
-34817083.13690884  76273033.25828929 -32580183.44152786 -10851645.84472266  1975311.734672502
-8103922.445796058 -32580183.44113826   99683700.5067208 -58465884.42013642 -533934.2263273675
 18794131.71490565  -10851645.8437022 -58465884.41894925  55415585.69572277 -4891708.915335638
 815113.2596646704  1975311.733904791 -533934.2269302426 -4891708.914581233  2635163.067893897

cov*(cov_.inverse()):
     1.000000000021828  -4.94765117764473e-10  2.619344741106033e-10  1.455191522836685e-10   2.91038304567337e-11
-1.455191522836685e-10     0.9999999995052349  6.148184183984995e-10  -4.94765117764473e-10   2.91038304567337e-11
 -1.01863406598568e-10 -2.764863893389702e-10      1.000000000352884  -2.91038304567337e-11   2.91038304567337e-11
  2.91038304567337e-11  1.600710675120354e-10  8.076312951743603e-10     0.9999999997671694   2.91038304567337e-11
 3.637978807091713e-11 -4.220055416226387e-10   2.91038304567337e-10 -3.201421350240707e-10                      1
