6
2

8.380328400712416e-05
0.0001095771478904913
0.0002556358397325806
0.0005834273432282734
  0.01607863986025277
   0.5561730002272772

  -0.1346969991997326    0.7011104707990615     -0.68924113702531     0.123411836339266  0.002606896740915235 -0.003194356792152154
   0.4875810135174548   -0.4763674884065098   -0.4816371287614756      0.54770656774045   -0.0245658982434984  -0.05271128667023967
  -0.4901441701295237   0.06478061278295012    0.2883343900494183    0.7010707705448495   -0.1774679963799485    -0.386562193131809
  0.04785073236922493   0.06675232998940646    0.0694149769676231   0.09227625333353934   -0.8243309730272466    0.5480871598605246
  -0.5794742421123523   -0.3266301044120641   -0.1965870310023566    0.1338254059274817    0.3480940332098784    0.6162769033752461
   0.4071855551121171    0.4076499690487008     0.407885659173686    0.4084882651828157    0.4089056394150027    0.4093705298939089

0.3777801525169615
 0.377810959418933
0.3779173410910976
0.3778766985694519
0.3778642126398503
0.3778061809409011

0.0004155069467188787
    0.378018553289533

  1.296398807777902   3.168768987428978   2.592503351774452  -6.176630563557329 -0.2238266300914728 -0.6573792907940489
   1.55435755133545  0.2057719069144048 -0.4982715695391876  0.1071034769446173 -0.1294876786390844 -0.2394022536291675

-3.515545922864489e-09  -6.56656249799663e-08  -2.43039047516343e-07 -9.947324833447988e-08 -0.0009321107088424238  -0.002056538079795201
 2.050543354410341e-09  1.169856432732252e-08 -4.584850046180906e-08  1.325329309095482e-08 -0.0002709954827063914     0.1256971662444038

cov:
0.05137350223175637 0.05139409527324386 0.05140429417665925 0.05143068908958275 0.05145117005498795 0.05146957805867968
0.05139409527324386 0.05143131873382859 0.05145005190717856 0.05149813907839884 0.05153265403004224 0.05156866038240486
0.05140429417665925 0.05145005190717856 0.05147319103698447 0.05153242835437679 0.05157416479967341 0.05161921935447347
0.05143068908958275 0.05149813907839884 0.05153242835437679 0.05162003020356689  0.0516801084911409  0.0517481623019727
0.05145117005498795 0.05153265403004224 0.05157416479967341  0.0516801084911409 0.05175245016606511 0.05183500353608199
0.05146957805867968 0.05156866038240486 0.05161921935447347  0.0517481623019727 0.05183500353608199 0.05193686123665422

cov.inverse():
 26067152.63690001 -33266780.48423575 -8491251.370996708  14628463.56956562  166846.8313074409  895801.3688851695
-33266780.48428882   88969347.3394307 -49399479.77067038 -8696326.541782409   896848.419198918  1495863.521005988
 -8491251.36854516 -49399479.77695772  88248770.41093543 -30969649.85321091 -221832.1738555626  833601.0443168564
 14628463.56528317 -8696326.530341797 -30969649.86020342  34698477.58461658 -3201927.976723967  -6458693.92501364
 166846.8317684022  896848.4174346463 -221832.1724486194 -3201927.976788895  2529959.063788725 -170063.2672142679
  895801.370308168  1495863.517564034   833601.046066485 -6458693.924782992  -170063.267175572  3403473.675614133

cov*(cov_.inverse()):
     1.000000000080036 -4.511093720793724e-10 -6.402842700481415e-10  1.164153218269348e-10 -3.637978807091713e-12  -2.91038304567337e-11
 -1.01863406598568e-10     0.9999999997235136 -7.421476766467094e-10   2.91038304567337e-10  1.818989403545856e-11   2.91038304567337e-11
-9.458744898438454e-11 -2.328306436538696e-10     0.9999999999272404  1.164153218269348e-10  7.275957614183426e-12  5.820766091346741e-11
-8.731149137020111e-11 -1.746229827404022e-10 -5.966285243630409e-10      1.000000000291038 -5.456968210637569e-12  -2.91038304567337e-11
-3.492459654808044e-10 -9.458744898438454e-10 -4.292814992368221e-10 -1.164153218269348e-10      1.000000000012733                      0
 1.891748979687691e-10 -2.182787284255028e-10  1.091393642127514e-10  5.820766091346741e-11  5.456968210637569e-12     0.9999999999708962
