7
2

8.398183389399239e-05
0.0001569851595697003
0.0003892204572348919
0.0005651166013657185
0.0007231643733123885
  0.02291476251349074
   0.6145049925039311

   0.3281521450960114   -0.7755344845430883    0.5357524504435913 -0.003886999496838905 -0.001421883666531028  -0.02800987985537354  -0.05504598903913724
   0.6090696486279559   -0.2552797044506697   -0.7172779618020968   0.03154894333355637   0.03554361311612982    0.1082704097206296    0.1881424865598951
  0.07966218218233172   0.07627548274709151   0.08643950631582466  -0.04753202823228508  -0.06953122037896448   -0.7574199515368545    0.6321276231174915
  -0.1385368160025218   -0.1302996449886976   -0.1470918285513285     0.226724365905893    0.8267715288513159   -0.3634173397419781   -0.2741647046237374
   0.1302089440326241    0.1100200413949947   0.08771078699208894   -0.8956788633151066    0.3764956731016125    0.1177378006233005   0.07345904628629502
  -0.5808191826222933   -0.3956469038829231    -0.138352191599706   0.01430822274210412    0.1592534864620328    0.3524048742052358    0.5807027484638149
   0.3761735345858577    0.3767515188647322    0.3775438146795763    0.3779959949241068    0.3784682463198331    0.3790572966438805    0.3797483549897904

0.3975419759689525
  0.39758082074322
0.3976614439443905
0.3976302472104288
0.3976144018992493
0.3975983205243199
0.3975596751648053

0.0003640352784591668
   0.3977720559495703

   0.9122745414089093     2.284255991289352   -0.7354570583622085  -0.03173206748384523   -0.1377204655058792   -0.7113875228891486    -1.580345500216141
    1.559064845419358 -0.001881017622483494   -0.2989068783373179  -0.06445723830682429  -0.08569243955681352   -0.1421826002418309   0.03417325825195316

-1.240571762334403e-08  2.952222740886308e-09 -4.025806064056277e-08  8.140598769238244e-08    4.3048231363984e-08  -0.001324618072950963  -0.002947093185104054
 2.506638898755248e-09  2.835120587119359e-08   3.58330742051807e-08 -6.864113934851963e-08  9.822366074872663e-08 -0.0004769183611797424     0.1416836525214894

cov:
0.05361234793922266 0.05363795900532516 0.05367202971262919 0.05368962806064215 0.05371256547918101 0.05373736007274169 0.05376590902649545
0.05363795900532516 0.05368172802612549 0.05374098861087438 0.05377352872566755 0.05381065050566396 0.05385435266146779 0.05390524867128876
0.05367202971262919 0.05374098861087438 0.05383526500578423 0.05388856086916875 0.05394538820846928 0.05401536899406744 0.05409731626101684
0.05368962806064215 0.05377352872566755 0.05388856086916875 0.05395474014211487 0.05402268480718003 0.05410825556202036 0.05420862796383235
0.05371256547918101 0.05381065050566396 0.05394538820846928 0.05402268480718003  0.0541027067399585 0.05420268512768106 0.05432053925906459
0.05373736007274169 0.05385435266146779 0.05401536899406744 0.05410825556202036 0.05420268512768106 0.05432294339826617  0.0544639328902894
0.05376590902649545 0.05390524867128876 0.05409731626101684 0.05420862796383235 0.05432053925906459  0.0544639328902894 0.05463276641517135

cov.inverse():
  30455746.8995989 -42267866.40091331  7331097.374843244  252492.0934646358  510631.1486632063  1160909.132110957  2557687.658352243
-42267866.40201639  88036262.29187554 -51358697.88369206 -204268.6873707341  -505081.981361198  1749835.902147931  4549062.641131894
 7331097.377226019 -51358697.88766825  61704874.39115223 -1495272.123900584 -1499882.633656113 -5524035.136113206  -9158168.41253549
 252492.0927852848 -204268.6860291885 -1495272.124620783  1752423.913445882   10245.2797763764 -67954.97022958333 -247580.9771893804
 510631.1482414664 -505081.9802668288 -1499882.634493794  10245.27979488057  2494959.206876198  -346531.361522492  -664396.232430308
  1160909.13178691  1749835.903711062 -5524035.137661188 -67954.97025116734  -346531.361580468  4814089.856181056  -1786362.93819543
 2557687.658497626  4549062.640006034 -9158168.411023067 -247580.9772442931 -664396.2325188738 -1786362.938583893  4749939.149304092

cov*(cov_.inverse()):
     1.000000000320142  8.731149137020111e-11  2.328306436538696e-10 -1.091393642127514e-11                      0  1.455191522836685e-11                      0
 1.746229827404022e-10      1.000000000058208 -1.164153218269348e-10 -2.182787284255028e-11 -3.637978807091713e-11 -4.365574568510056e-11   2.91038304567337e-11
-8.731149137020111e-11   2.91038304567337e-10      1.000000000232831   -1.2732925824821e-11 -2.182787284255028e-11 -1.455191522836685e-11 -1.164153218269348e-10
 1.455191522836685e-10  4.365574568510056e-10                      0      0.999999999998181 -2.182787284255028e-11                      0 -5.820766091346741e-11
 2.619344741106033e-10  3.783497959375381e-10  1.164153218269348e-10  3.637978807091713e-12     0.9999999999854481   2.91038304567337e-11   2.91038304567337e-11
 2.619344741106033e-10   2.91038304567337e-11  -2.91038304567337e-10  3.637978807091713e-12 -3.637978807091713e-11     0.9999999999854481   2.91038304567337e-11
 5.820766091346741e-11   2.91038304567337e-11                      0                      0 -7.275957614183426e-12  -2.91038304567337e-11     0.9999999999708962
