6
2

5.510028993383289e-05
7.692262183667359e-05
0.0001773574789573122
0.0003273303928643696
  0.02286545544787223
   0.6274495330798999

-0.01912847526699967   0.2616231135404395  -0.7899675268255664   0.5539574016647051  0.00791531847722958 -0.01439789327493203
  0.3062697867139429   -0.791150365901892  0.09082509484935819   0.5113210686622837 -0.01559687163613823  -0.1016770414711669
 -0.6693318087523814      0.1534068124135   0.4243855357400533   0.5045982769107679  -0.1416521614046677  -0.2714285188776096
  0.1108632709767925  0.06699874170933683  0.07083276243498757  0.09830909912479599  -0.8474998374823591   0.5002824902194424
 -0.5287989594336518  -0.3338002418612073  -0.1268410553826894 -0.02754423954666877   0.3071214175910146   0.7055339505859184
  0.4073190943506509   0.4076632949415521   0.4080356506441131    0.408214620902657    0.408716540920742   0.4095367060438921

0.4234374730605345
0.4233694929290257
 0.423233204382964
0.4232416525558241
0.4229635735386075
0.4226614007278756

0.00203740153400295
 0.4238941661510149

 -0.604710088613136   2.859627657891607  -2.185972943961189   3.331815014415712 -0.6557590195870187  -2.745522885284286
  9.089103484640949  -6.523938060551248  -1.028833107578447  -3.074762998788422  0.5220795293092376   2.022753486127779

 1.325712706218311e-08 -3.864625576799643e-09  7.659688994866099e-08 -5.577129977780732e-08   -0.00135294187900687  -0.001896016715973201
-8.489403632147587e-09  3.589122268863405e-08 -3.049807429039325e-07  8.195381690295919e-08  -0.000431837459939971      0.161180185051893

cov:
0.06546335070816242 0.06546461481930871 0.06546710296562515 0.06546834897926603 0.06545631213773014 0.06547770159619173
0.06546461481930871 0.06548583474999949 0.06550947342030672 0.06552086745702025 0.06554300880348499 0.06560511880301473
0.06546710296562515 0.06550947342030672 0.06555557081599529 0.06557773402739779  0.0656361543036084 0.06574149354320673
0.06546834897926603 0.06552086745702025 0.06557773402739779 0.06560507168197018 0.06568089362378292 0.06580697767711643
0.06545631213773014 0.06554300880348499  0.0656361543036084 0.06568089362378292 0.06581548370870208 0.06601130759701559
0.06547770159619173 0.06560511880301473 0.06574149354320673 0.06580697767711643 0.06601130759701559 0.06629058150418671

cov.inverse():
 30330775.40781594 -45793069.34203449  721389.9532961978  12340513.88924274  1279768.580287378  1120429.465586283
-45793069.33302228  129116506.5993086 -78103213.01059717  -18108459.4792388  1546507.125226884  11342773.92103981
  721389.914160779  -78103212.9274597  212713399.0587893 -129416391.5758642 -4770399.267203504 -1145849.903716976
 12340513.92192018 -18108459.56205656 -129416391.5201157  153445477.7598984 -2953506.481398079 -15308544.01107788
 1279768.578412002  1546507.131846088 -4770399.274162715  -2953506.47972304  7403397.902198902 -2503953.858322167
 1120429.464906892    11342773.923115 -1145849.908506667 -15308544.00714374 -2503953.858862536  6494466.933033393

cov*(cov_.inverse()):
    0.9999999998690328  6.984919309616089e-10 -3.783497959375381e-10 -1.280568540096283e-09                      0  1.746229827404022e-10
 2.764863893389702e-10     0.9999999988358468  3.259629011154175e-09 -1.280568540096283e-09  -2.91038304567337e-11  5.820766091346741e-11
-6.111804395914078e-10  6.984919309616089e-10     0.9999999970168574 -1.280568540096283e-09  5.820766091346741e-11  3.492459654808044e-10
 5.820766091346741e-11  2.328306436538696e-09   2.08092387765646e-09     0.9999999981373549  5.820766091346741e-11   2.91038304567337e-10
-5.675246939063072e-10  1.280568540096283e-09  3.201421350240707e-09 -1.164153218269348e-09     0.9999999999417923  1.746229827404022e-10
 4.365574568510056e-11 -4.656612873077393e-10 -1.076841726899147e-09 -5.820766091346741e-10 -5.820766091346741e-11      1.000000000291038
