5
2

0.0001016557855662952
0.0002436750790371145
0.0005819109920210587
   0.0156964250323797
    0.507707288299135

-0.4830941949667196  0.7945135628480948 -0.3657081522223045 0.01840979636669256 0.03587232966742657
  0.401001968243529 -0.1472527801943624 -0.8040630972125151  0.1762080475546531  0.3740953085349257
0.07490630052023922 0.08589188067627378  0.1010070353750356 -0.8173727968128649  0.5556176030430692
-0.6335262416199278 -0.3746552548897691 0.09678552450208201  0.3161029787782283  0.5907532566281792
 0.4459270877347256  0.4464536280430838  0.4474038714078913  0.4478754527907954  0.4484033285651052

 0.377906735551274
0.3779358215175273
0.3779985639239573
0.3779845511316742
0.3779249936499131

0.0004389977090787577
   0.3781483266786387

   1.547842867996672    4.617957672122894   -5.267317747858689   -0.218458425447658  -0.6801950202044995
   1.505165176105271 -0.07086583703721117 -0.07003968333659705  -0.1284398288986001  -0.2357495420029792

 4.980066168481417e-08  2.305621045978715e-07 -7.409496952244184e-08 -0.0009094847908108151  -0.001941810716540507
 -7.94312833407171e-09  3.322178257492168e-08  2.491625842831959e-08 -0.0002743811111544316     0.1147019659593308

cov:
0.05135605476103622 0.05137615252426347 0.05141178325543378 0.05143175482242872 0.05144960175627923
0.05137615252426347 0.05141286731392386 0.05147870165461529 0.05151269504905181 0.05154812973399871
0.05141178325543378 0.05147870165461529 0.05159956738818219 0.05165910303151523 0.05172656743798927
0.05143175482242872 0.05151269504905181 0.05165910303151523 0.05173089098765132  0.0518128448857577
0.05144960175627923 0.05154812973399871 0.05172656743798927  0.0518128448857577 0.05191409623191005

cov.inverse():
 25310263.30736081 -38116808.41268416  11688218.44746552  147754.8485213494  970838.4128899822
-38116808.41406135  61473076.59291139 -26097676.50172083  770628.5372047228  1970317.502703721
   11688218.450471 -26097676.50562672  23860526.59488466 -3281324.035027011 -6169348.948846038
 147754.8479595426  770628.5380864175 -3281324.035357798  2529116.773797248 -166341.9893201391
 970838.4118235476  1970317.504350663 -6169348.949415664 -166341.9893310308  3394520.505470317

cov*(cov_.inverse()):
     1.000000000582077 -4.511093720793724e-10  2.328306436538696e-10  1.818989403545856e-11  -2.91038304567337e-11
 4.147295840084553e-10     0.9999999995488906  5.820766091346741e-11  1.818989403545856e-12 -8.731149137020111e-11
 2.692104317247868e-10 -3.201421350240707e-10      1.000000000058208  2.728484105318785e-11                      0
 3.565219230949879e-10 -4.074536263942719e-10 -5.820766091346741e-11      1.000000000023647                      0
 3.201421350240707e-10  2.328306436538696e-10 -5.820766091346741e-11  3.637978807091713e-12     0.9999999999708962
