5
2

7.128064194102301e-05
8.581585989911065e-05
 0.000229764646139454
  0.01177071467354741
   0.5082879517776074

  0.2549266053417538  0.06016251520940773  -0.8160649910129263   0.5150085259517012 -0.01403731786118062
  -0.520491328355879   0.8249643199106667  -0.1810157184486663  -0.1255060055102961 0.002049447737083699
  0.4674497963782424   0.1204904556330598  -0.2992239475619242  -0.7081682380273148   0.4194466757789665
 -0.4962654720903504  -0.3189657582941711  -0.1090390220821226    0.131639996717983   0.7891532355469565
  0.4464442541596251   0.4467182980080084    0.447042236244428   0.4474182815791994   0.4484422041634593

 0.377721323160008
0.3778326082889287
0.3778182041118264
 0.377804276723514
0.3777501462810707

0.0002881949418033154
   0.3779036971696651

  4.592940443309146   2.566231571725808   1.763323062162421  -8.219907647729375 -0.7026978226037776
  2.506996262792602  0.2393351837128876  -1.059904156278306 -0.4028086690197135 -0.2835697273070452

-2.203696393607886e-08  3.221777589411101e-09  3.935564920646687e-07 -0.0006825975877599208   -0.00198985235573164
 6.681323195791289e-09 -6.374545702282941e-09  8.891168000118211e-08 -0.0002052905390399295     0.1149529361788222

cov:
0.05152783678404162 0.05154724085851176 0.05157016282791523 0.05159697953351498 0.05166989836942583
0.05154724085851176 0.05157103955145875 0.05159913985702828 0.05163190214862421 0.05172102631122445
0.05157016282791523 0.05159913985702828 0.05163339370731408 0.05167319041405514 0.05178150065974214
0.05159697953351498 0.05163190214862421 0.05167319041405514 0.05172106719391021 0.05185137449186323
0.05166989836942583 0.05172102631122445 0.05178150065974214 0.05185137449186323 0.05204191964656098

cov.inverse():
 53718132.74976037  -54219456.0270539 -30800065.52292418  28439016.98285869  2862057.096056114
-54219456.04924865   93401570.7445441 -30623179.21834971 -9577795.365023784  1018884.684860669
-30800065.48425587 -30623179.26898953  137216349.9767926 -75618497.78378086 -173839.7769581117
 28439016.96743602 -9577795.339234723 -75618497.79352158  63840486.68430556 -7083624.194113744
 2862057.095005439  1018884.687516317 -173839.7791887561  -7083624.19348808  3376477.572171506

cov*(cov_.inverse()):
     1.000000000349246  6.621121428906918e-10 -1.509761204943061e-10  4.656612873077393e-10                      0
 2.328306436538696e-10     0.9999999999854481  6.930349627509713e-10  4.656612873077393e-10                      0
 8.731149137020111e-11 -6.766640581190586e-10      1.000000000614818 -5.820766091346741e-11                      0
 6.111804395914078e-10 -7.421476766467094e-10  2.073647920042276e-10      1.000000000232831                      0
 2.619344741106033e-10 -2.037268131971359e-10  2.273736754432321e-10  5.238689482212067e-10      1.000000000029104
