5
2

 7.97868464326207e-05
0.0001141120921152822
0.0004828128336163051
  0.01053292812186725
    0.517094489427493

  0.07246136847399152    0.2965116905419848   -0.8302005235045664    0.4664440303258007 -0.005217738684360604
  -0.3932287989558494    0.8083710404067185  0.008350370300041926    -0.437760175795642   0.01427138769431979
   0.3645398244270484   -0.1320467697647226   -0.3319910519803449   -0.5562491964717029    0.6557767454179576
  -0.7128442684207087   -0.2035697899250433   0.02117159972051559    0.2846225827775622      0.60741595167391
    0.446188555587274     0.446922890024969    0.4472483279553478    0.4476302177673078    0.4480756906119875

0.4014821852235957
0.4016360009474607
0.4016245059453921
0.4016089168492252
0.4015865013270977

0.0002946816890851183
   0.4017041404706708

   1.769405992905059    5.515239351788265    3.516926897264742   -10.54091413494864  -0.2606840150505369
   1.215373250024315   0.7534089118538776    0.442141433183808   -1.373243150096745 -0.03761568397508558

-3.865141038300563e-08  1.094152764390772e-07  1.035370179832023e-06 -0.0006066466358412297   -0.00211844365922746
 -4.43036821107887e-09  9.576330009240623e-09  2.181840946559413e-07 -0.0001579918437549163     0.1190374984129661

cov:
0.05328888486106168 0.05333617044332913 0.05335720974291867 0.05338191992797877 0.05340963943720088
0.05333617044332913 0.05341245093889008 0.05344626109754259  0.0534859521351607 0.05353186310839393
0.05335720974291867 0.05344626109754259 0.05348572887425338 0.05353202766821652 0.05358596792103851
0.05338191992797877  0.0534859521351607 0.05353202766821652 0.05358609060267796 0.05364944104633645
0.05340963943720088 0.05353186310839393 0.05358596792103851 0.05364944104633645 0.05372475078995987

cov.inverse():
 13274287.12073696 -21241498.19149527 -10221370.88305716   17657270.4610893  531253.2061540124
-21241498.19274693  64069221.62049612 -37962528.48662256  -5135361.48731783  270342.1638706306
-10221370.88074263 -37962528.49172778  108746999.7227445 -60318760.13107964 -244223.7712922372
 17657270.46002789  -5135361.48315713 -60318760.13444465  50221924.73323993 -2425363.049230327
 531253.2061525452  270342.1635634752 -244223.7707178699 -2425363.049496071  1868065.942134242

cov*(cov_.inverse()):
     1.000000000174623  1.200533006340265e-10  6.311893230304122e-10  1.891748979687691e-10                      0
-4.729372449219227e-11      1.000000000507498  3.637978807091713e-12 -1.455191522836685e-10  1.455191522836685e-11
  2.91038304567337e-10  1.982698449864984e-10      1.000000000340151   2.91038304567337e-10                      0
 2.037268131971359e-10 -5.093170329928398e-11  3.237801138311625e-10       1.00000000037835                      0
 9.822542779147625e-11 -1.455191522836685e-11 -1.582520781084895e-10  3.492459654808044e-10                      1
