5
2

6.703043854216915e-05
0.0001542956121289977
 0.000348929374969589
  0.02428661407056481
   0.5713636163126424

 -0.2042540305177761   0.7434877834924196  -0.6327084208749085  0.02652592883921872  0.06695249112593932
 -0.6855066682482109   0.3478859038156348   0.6074116007195883 -0.09178378757776939  -0.1779968802051403
 0.04637825372145801  0.05431508675476471  0.08004641858024372  -0.7875734880255481   0.6068109267014883
 -0.5359889836960215  -0.3520811642605459  -0.1569706217673147   0.4120372448798943   0.6279651231264469
  0.4460109480077086   0.4464191291238192   0.4468601528886935    0.448135494273946   0.4486365766873401

0.4229250366308663
0.4228793108008331
0.4227632916896234
0.4224409291210546
0.4222785465891317

0.001759981317346915
  0.4233480831007262

-0.7275170561742388   2.765284181254538  0.8830339273045087 -0.5329559531379092  -2.388214876023791
  9.105857427047093  -6.276829716034678  -4.054331564222451  0.8558295021511585   1.375805344682727

 6.612987517486565e-09  5.882975987886777e-08 -1.025531103535868e-07  -0.001440144804203063  -0.001857264561663657
-1.728321200710499e-08 -2.669216779460515e-07  -1.00228948036655e-08   -0.00048230207099805      0.146337403860301

cov:
  0.065110049015548 0.06511132176517184 0.06511384965629705 0.06511965881099283 0.06512436214990515
0.06511132176517184 0.06513262797983822 0.06515638002277042 0.06522406765305795 0.06525226017961072
0.06511384965629705 0.06515638002277042 0.06520265984351893 0.06533600363752545   0.065389121721732
0.06511965881099283 0.06522406765305795 0.06533600363752545 0.06566095599970934 0.06578660741191344
0.06512436214990515 0.06525226017961072   0.065389121721732 0.06578660741191344  0.0659400788821831

cov.inverse():
  29042074.2372859 -43794802.17589025  11303454.89003077  1136597.021996459  2312211.612648969
-43794802.18310889  128135867.9368259  -95785069.6852102  2696552.003424637  8748217.279033154
 11303454.89942417 -95785069.69770789  104647080.9099304 -6595001.179595077 -13570744.44416949
  1136597.02061573  2696552.009936716 -6595001.185678307  5605309.971225445  -2843327.81703406
 2312211.611854945  8748217.277800143 -13570744.44119056 -2843327.817985958  5353507.316226264

cov*(cov_.inverse()):
     1.000000000087311 -5.820766091346741e-10 -9.313225746154785e-10                      0  1.164153218269348e-10
 8.731149137020111e-11      1.000000000232831 -9.313225746154785e-10                      0                      0
 1.455191522836685e-10 -2.095475792884827e-09      1.000000000814907 -1.164153218269348e-10 -1.164153218269348e-10
 2.328306436538696e-10 -4.656612873077393e-10 -1.164153218269348e-09      1.000000000029104 -5.820766091346741e-11
 2.328306436538696e-10 -1.047737896442413e-09 -3.492459654808044e-10                      0                      1
