6
2

7.923736590858186e-05
9.713811493199502e-05
0.0002155752536252625
0.0006472631223284937
  0.01768226701703351
    0.567030070780573

  0.05911870486485304    0.1744659589546217   -0.7836978458564237    0.5918993654843822 -0.002638758309940994  -0.03914680567958258
   0.3944894322216624   -0.8270643638919155    0.1308213406549797    0.3736626986832936  -0.01337084403654333  -0.05853042642245063
  -0.5963355437818388   0.06450637919803912    0.4153364618275321    0.5651044463231359   -0.0697937528114852   -0.3788195699222462
  0.07733894196777368     0.108620042885553    0.1247315154831145    0.1491168686270048    -0.877506957071765     0.417621985970159
  -0.5600346337344398   -0.3216851218597132   -0.1191127389539069   0.04130909177572934    0.2405001608598318    0.7135441670800698
   0.4069973991270562    0.4075358424071512    0.4079868762227596    0.4083454565992708    0.4087594677434005    0.4098585715733721

0.3976987498588813
 0.397741876072739
0.3978386659268057
0.3978230008190885
0.3978088757744405
0.3977671895937543

0.0002967517586220345
   0.3979207521663805

   1.776419540622553    2.240460791292683    2.245685201258636   -4.645208220460513  -0.1312383306629295   -1.486110253794592
   1.187400169949573   0.8294851992412021   -0.390610441787827  -0.4987984844982367 -0.03008775868318042 -0.09752471811445906

-2.483175510841188e-08 -2.364092653224882e-08 -9.457209652149968e-08  -2.25099748693259e-07  -0.001021445644052923  -0.002351397725196567
 1.442145849551335e-09 -4.236613561229291e-09 -4.924458285262063e-08  1.864494809907182e-08  -0.000307260009093559      0.130537640721627

cov:
0.05335738311995319 0.05338608605553955 0.05340963112636342 0.05342846251164506 0.05344774356537418 0.05350879072378859
0.05338608605553955  0.0534326795897731 0.05347139829078217  0.0535022499817759 0.05353641809800222 0.05363291615628422
0.05340963112636342 0.05347139829078217 0.05352303293714795 0.05356409376016219 0.05361092083802232 0.05373754289517929
0.05342846251164506  0.0535022499817759 0.05356409376016219 0.05361325607563899 0.05367010096268216 0.05382058729388199
0.05344774356537418 0.05353641809800222 0.05361092083802232 0.05367010096268216 0.05373987041906006 0.05391941642327236
0.05350879072378859 0.05363291615628422 0.05373754289517929 0.05382058729388199 0.05391941642327236 0.05417002273132292

cov.inverse():
 24716778.71695152 -33741988.88036497 -7216275.447109934  13971331.24351826  149320.1967235928  2121186.511526732
-33741988.89363535  77459551.70794131  -32634795.8731951 -15481682.71591299   774018.295179715  3624214.179020994
-7216275.413851395 -32634795.93889806  103385044.4404208 -63606201.59985225 -741112.9858174581  813340.8123316765
 13971331.22276731 -15481682.65906706  -63606201.6394102  77522121.31258659 -1939241.640978706 -10466002.27694728
 149320.1967120543  774018.2943201838 -741112.9838495817 -1939241.642070678  1963033.490327626 -205864.9093011071
 2121186.512301075  3624214.175467322  813340.8174767841 -10466002.27931787 -205864.9092962764    4112999.3414013

cov*(cov_.inverse()):
      1.00000000007276  4.656612873077393e-10   1.01863406598568e-10  3.492459654808044e-10 -1.455191522836685e-11   2.91038304567337e-11
                     0     0.9999999998835847  4.001776687800884e-10 -2.328306436538696e-10  9.094947017729282e-12  -2.91038304567337e-11
 1.309672370553017e-10  3.783497959375381e-10      1.000000000130967  2.328306436538696e-10 -5.456968210637569e-12                      0
-1.600710675120354e-10  6.984919309616089e-10  4.365574568510056e-11      1.000000000232831 -5.456968210637569e-12  -2.91038304567337e-11
-7.275957614183426e-11  5.820766091346741e-10  -1.01863406598568e-10                      0     0.9999999999799911                      0
-1.455191522836685e-11  3.201421350240707e-10 -2.764863893389702e-10  1.164153218269348e-10                      0     0.9999999999708962
