5
2

8.02645615921944e-05
  0.0001134555119552
0.000476867246678701
 0.01060862284862446
  0.5166261519733457

  0.07151204997994318    0.3008616279161035   -0.8308307498351897    0.4626778025205915 -0.004221816949063867
  -0.3962636512785065    0.8066933985804309   0.01403074777955348    -0.437996204219852   0.01354040501344713
   0.3660372570042909   -0.1293148298911968   -0.3303386893236631   -0.5597142127163975     0.653368771578634
  -0.7104231888015585   -0.2055281647973711   0.01929978129866936    0.2836745320818447    0.6100928983179692
   0.4462922413406848    0.4469495382922566    0.4472440855090104    0.4475905897973371    0.4479896622038588

0.3976313500621756
0.3978125251766587
0.3978114629113969
0.3978110442602342
0.3978061785118657

1.158568014936798e-05
    0.397816375983869

    2.47402360984752    4.556895702087582    2.500925926924323   -9.261940416301522   -0.269992374840343
   1.360269664426802   0.5025768616092456    0.295938761727261   -1.096049725132144 -0.06276492930452443

-3.101424748524552e-08  8.732186636440941e-08  1.022808822422719e-06 -0.0006120086105716218   -0.00190751677441245
-3.248555349418007e-09  4.502267424692575e-09  2.063960034779194e-07 -0.0001590414422654774     0.1188681530220845

cov:
0.05321762558700546 0.05325550536297016 0.05327260191589617 0.05329272254739689 0.05331425898133734
0.05325550536297016 0.05332226453258546 0.05335219670698937   0.053387421268638 0.05342744522396439
0.05327260191589617 0.05335219670698937 0.05338786633854247 0.05342981322499232 0.05347807118996237
0.05329272254739689   0.053387421268638 0.05342981322499232 0.05347968360381349 0.05353762077038204
0.05331425898133734 0.05342744522396439 0.05347807118996237 0.05353762077038204 0.05360793043650788

cov.inverse():
 13586279.59104443 -21700929.21191201 -10186183.23161864  17716616.59388742  584143.2282588438
-21700929.21733762  64679419.92224552 -37732878.22154094 -5524135.667446007  278753.9730629234
 -10186183.2214613 -37732878.24272142  107641534.5120874 -59332578.88852595   -389801.31942263
 17716616.58905673 -5524135.651056163 -59332578.90035126  49510320.95285179  -2370558.57663864
 584143.2283578159  278753.9724278441  -389801.318620299 -2370558.576904865   1897566.49793062

cov*(cov_.inverse()):
     1.000000000331056 -7.457856554538012e-11  6.366462912410498e-10 -7.275957614183426e-11                      0
 2.364686224609613e-10     0.9999999998999556  1.418811734765768e-10 -1.600710675120354e-10                      0
 2.983142621815205e-10 -2.091837814077735e-10      1.000000000607542 -5.820766091346741e-11                      0
 3.346940502524376e-10 -1.873559085652232e-10  1.127773430198431e-10      1.000000000451109 -1.455191522836685e-11
 1.527951098978519e-10  7.275957614183426e-12  1.418811734765768e-10   2.91038304567337e-11                      1
