5
2

6.020289652252306e-05
0.0003233823154884786
0.0003511767611788575
  0.01570999161424331
   0.5704937046478531

   0.6552727387416868   -0.7514926998892949 0.0002518081369009278   0.02277832126547224     0.073194566383417
    0.190557251987973    0.1999701695578898   -0.8922027163856709    0.2195874280869375    0.2818785896480515
  -0.1042804178489116   -0.1209073784141037  -0.02654271818143958     0.812208157955979   -0.5604644436175953
  -0.5696426866926114   -0.4259560596655769   0.05688247379638985    0.3016513797496581    0.6323286123541543
   0.4460250839668569    0.4463333892722914    0.4472517386808414    0.4478692473829542     0.448583492327413

0.4238476291568685
0.4238451574448364
0.4235368815622501
0.4233991282852689
0.4231962554081035

0.002324058541233305
  0.4245879298328223

  0.6814824266867806    3.311209865848664  -0.6571842430963403  -0.5988534447202036   -2.737334314186756
   8.225507194588783   -7.176311066438115  -0.3262819321604271   0.3349510946062265 -0.05156856786411987

-8.176467144145671e-09  4.969975596083305e-08  7.323210489919825e-08 -0.0009249105639500487  -0.002667509833504694
  3.90950815156786e-08  5.045865931233397e-08   3.94051375632683e-08 -0.0003896875555920004     0.1453865070387711

cov:
0.06482718661200518 0.06485173781408224 0.06491714626056609 0.06497238608269058 0.06502959833181311
0.06485173781408224  0.0648814226423076 0.06496404075473748 0.06502802189408657 0.06509703504279245
0.06491714626056609 0.06496404075473748 0.06510459937168016 0.06519781614646225  0.0653064254394288
0.06497238608269058 0.06502802189408657 0.06519781614646225  0.0653061595178181 0.06543475379585138
0.06502959833181311 0.06509703504279245  0.0653064254394288 0.06543475379585138 0.06559073426116871

cov.inverse():
  118907005.107406 -135398803.3723662 -1557921.331413697  3830867.459038326   14219329.6306112
-135398803.3754241  156318624.8341563 -1732353.474632317 -5099842.782194344 -14089008.77679417
-1557921.327765993 -1732353.478920816  7617669.751012301 -2046589.631177129  -2279020.37326265
 3830867.462465858 -5099842.785833938 -2046589.631642701  5953741.556803429 -2638502.061356531
 14219329.62659474 -14089008.77192499 -2279020.373437909 -2638502.062034073  4786664.062043977

cov*(cov_.inverse()):
    0.9999999994179234  1.164153218269348e-09                      0 -5.820766091346741e-11  1.746229827404022e-10
-2.328306436538696e-10      1.000000001396984   2.91038304567337e-11  -2.91038304567337e-11  5.820766091346741e-11
 2.328306436538696e-10  1.513399183750153e-09      1.000000000029104  -2.91038304567337e-11  1.164153218269348e-10
 8.149072527885437e-10 -2.328306436538696e-10                      0      1.000000000029104  1.746229827404022e-10
 4.656612873077393e-10  2.328306436538696e-10                      0   2.91038304567337e-11      1.000000000116415
