5
2

5.504397689366882e-05
 0.000101210878001343
0.0003299312725469062
  0.01857376398909657
    0.571389979133106

  -0.2241773262349575    0.7881568412254132   -0.5729024218228622 -0.007711173247650352   0.01663348755879801
  -0.6671597069639277    0.2871660333940127    0.6506636290075292  -0.05649119238278044   -0.2141942616842938
   0.1236929893187019    0.1250914816214291    0.1485877160062962   -0.8575531697758867     0.459974365892841
   -0.538781793258346   -0.2849320330960468    -0.163132823256731    0.2469536584199996    0.7354790876281532
   0.4461576800332772    0.4466657818054087     0.446910538681482    0.4476223124360807    0.4487072985101649

0.4253357105984707
0.4251929672951931
0.4251971810530706
0.4249095712198729
0.4245892524848409

0.002145800943450581
  0.4258842050566499

  1.515477052323738  -1.616536786751854   3.626787984583313 -0.7489411776827064  -2.777445005065357
  6.999198707667355  -2.024928079300917  -5.555179484072974 0.04375638990246306    1.54346637486553

 -1.13074791474545e-08  1.558837166851927e-08 -1.210045384325699e-08  -0.001095417172886561   -0.00214266461356933
 1.299468573323562e-10 -9.422819479681877e-08  5.001333852787001e-08 -0.0003939203763318403     0.1461885398710894

cov:
0.06508946945966054 0.06511629121009889 0.06512930334627273 0.06515675100845982  0.0652240107789991
0.06511629121009889   0.065165440394626 0.06518915899429616 0.06525263242953729 0.06536285318566816
0.06512930334627273 0.06518915899429616 0.06521802204330751 0.06529877618751265 0.06542961361090778
0.06515675100845982 0.06525263242953729 0.06529877618751265 0.06543782841967376 0.06563788829567319
 0.0652240107789991 0.06536285318566816 0.06542961361090778 0.06563788829567319 0.06592085477331182

cov.inverse():
 60179786.56809539 -76875889.53417411  180885.0186953184  3274937.733269821  13241108.63479035
-76875889.63881612  213218749.5833369 -130618678.0722495 -4575240.149870547 -1149761.069434321
 180885.1373408668 -130618678.2278726  149860507.1895303 -3300856.147685654 -16123007.25365093
  3274937.73360049 -4575240.136555248 -3300856.163274357  7087112.664391286 -2484239.491753577
 13241108.62045596 -1149761.031764903  -16123007.2750436 -2484239.493696351  6515340.589062204

cov*(cov_.inverse()):
    0.9999999998835847  5.529727786779404e-10 -6.984919309616089e-10 -1.455191522836685e-10  1.164153218269348e-10
-3.492459654808044e-10     0.9999999999126885                      0 -8.731149137020111e-11 -1.164153218269348e-10
 1.280568540096283e-09 -2.648448571562767e-09      1.000000000931323 -5.820766091346741e-11   2.91038304567337e-10
 4.656612873077393e-10 -2.182787284255028e-10 -6.984919309616089e-10     0.9999999999126885  5.820766091346741e-11
 6.984919309616089e-10 -8.731149137020111e-10  2.328306436538696e-10                      0                      1
