5
2

8.684640708682207e-05
0.0001656108210843683
0.0004639650541721079
  0.02184203996063489
   0.5265919014677554

 -0.4954887476917199   0.7823514883362037  -0.3704548572528941  0.01276271978748138  0.07083333488112642
 -0.4431684201329769   0.1311454336365634   0.7925564193755447 -0.09397982157806402  -0.3865549661767259
  0.1194531435760663   0.1263818505857509   0.1636546518495061  -0.8601932919744307   0.4506031843013599
 -0.5886989147788471  -0.3957250841045067  0.08612277716221968   0.2237189785594564   0.6628483472370356
  0.4441364503570226   0.4451475144122525   0.4476801793984601   0.4483550213773532   0.4507180223336247

0.4076535191052437
0.4076193778258949
0.4074326071566863
0.4074930429577153
 0.407203869011849

0.001337161057912229
  0.4080121441766112

  0.8275415078289875    3.111022563499603   -2.828336758013066   -0.141120015703205  -0.9691471099078638
0.000174044258353323    1.573057966513817   0.3741445165267463   -0.661989236803615  -0.2850447723641099

 2.263592883616791e-08 -4.971049275827795e-08 -6.159799969373795e-08  -0.001257490434517834  -0.003845842060131977
 8.020139955827973e-09    1.8517355567976e-08  1.509113612376718e-07 -0.0004424484378498558      0.122714862911758

cov:
0.05486457500369295 0.05493488731709886 0.05511147544387817 0.05515592670241653 0.05532365669346653
0.05493488731709886 0.05502327020904139  0.0552449281030231 0.05530222427697604  0.0555110422200787
0.05511147544387817  0.0552449281030231 0.05557915296975215 0.05566852572090029 0.05597995384750933
0.05515592670241653 0.05530222427697604 0.05566852572090029 0.05576730539353428 0.05610772016405111
0.05532365669346653  0.0555110422200787 0.05597995384750933 0.05610772016405111 0.05654205205786125

cov.inverse():
 39778757.10810658 -53444762.72802457  11621377.54327594  202486.4708844872  1841867.101440652
-53444762.72844855  81853782.19991595  -34541014.6382431  369274.8189613073  5763076.699717645
 11621377.54454978 -34541014.63994168  41222559.09427068  -3996524.02993772 -14306705.43090155
 202486.4702329378  369274.8199848209 -3996524.030402475  3781061.388621973 -355887.7843723079
 1841867.101242244  5763076.699968875 -14306705.43086159  -355887.784465101  7057482.532613421

cov*(cov_.inverse()):
    0.9999999995197868  1.164153218269348e-10 -5.820766091346741e-10 -7.275957614183426e-12  1.164153218269348e-10
-4.365574568510056e-10      1.000000000232831 -8.149072527885437e-10  1.091393642127514e-11  5.820766091346741e-11
-2.619344741106033e-10 -1.746229827404022e-10     0.9999999994179234  5.456968210637569e-11                      0
-3.055902197957039e-10  2.328306436538696e-10 -5.820766091346741e-10      0.999999999996362  5.820766091346741e-11
-7.275957614183426e-11  5.820766091346741e-11                      0 -7.275957614183426e-12                      1
