6
2

9.886872641250459e-05
0.0001872099439637778
0.0004988327712724762
0.0006682370389728598
  0.01911037197890803
   0.5689012335691062

   -0.40432144173113   0.7897703612736851  -0.4577459752933137   0.0104475026894743 0.006075708419114614  0.05576294260193245
  0.5272422534579371  -0.1969304131279938  -0.7683932018111114   0.0586321090990936  0.09652035294571927   0.2829346271033813
 0.06578720745789443  0.08140114198545831   0.1435397951782704  -0.1467282822030496  -0.7563061843116126   0.6123022059345257
  0.1133681386349854   0.1109637688466744  0.09961827524550192  -0.8887701643906172   0.3704575538116185   0.1943185582899372
 -0.6132818911987692  -0.3908662235768595 -0.05449971217144374   0.1343294911575031   0.3375666515493982   0.5797784422818341
  0.4065031467652489   0.4071433165267987   0.4080965784269256   0.4086161026762527   0.4092161035346576   0.4099045686441279

0.4002749279900633
0.4003104128441489
0.4003791401320824
0.4003470670974673
0.4003217925844452
0.4002969294512879

0.0004318841794979298
   0.4005134838571199

   2.390767894338718    2.057600367684572   -2.613238278337665 -0.09037188998639285  -0.4731956575785957   -1.271459512943775
   1.280283235903823   0.4529285265583378  -0.5333398572944471 -0.04328599013241882 -0.08019492263877667 -0.07634760836276119

 1.739830205887238e-08  8.595739605165538e-08 -1.138931930704685e-07  -4.60015277519543e-08  -0.001109160767607757  -0.002784816975356395
 7.722357447908455e-10  3.377740311779682e-08  1.612322017625269e-08  6.081809484439685e-08 -0.0003689652149451028     0.1312046156672318

cov:
0.05361863072652549  0.0536530207486911  0.0537030931877366 0.05372910970247744 0.05376258288307883 0.05379892772078747
 0.0536530207486911 0.05370564208094462 0.05378323446937813 0.05382468117665601 0.05387478240663073 0.05393094552679288
 0.0537030931877366 0.05378323446937813 0.05390246896674665 0.05396725058331784 0.05404248671423727 0.05412863402091187
0.05372910970247744 0.05382468117665601 0.05396725058331784 0.05404562483256812 0.05413446675283136 0.05423741765520509
0.05376258288307883 0.05387478240663073 0.05404248671423727 0.05413446675283136 0.05423931073215293 0.05436006674016026
0.05379892772078747 0.05393094552679288 0.05412863402091187 0.05423741765520509 0.05436006674016026 0.05450288273214692

cov.inverse():
 24702665.02229483 -35579232.76485897  7437526.602655506  185243.2282053361  1094240.044272226  2160097.530835501
-35579232.76250603  64970434.69390634 -32594124.86420026  245653.5759100483 -207171.5926406622  3163526.235539929
 7437526.598814205 -32594124.85950394  38386894.59108175 -2057639.019245232 -2754334.483062503 -8417945.913062125
 185243.2281761602  245653.5760306166 -2057639.019364562  1964783.126158402 -123282.4597158462 -214670.2510995537
 1094240.044954883 -207171.5935698402 -2754334.482943478 -123282.4596889808  2875958.068936194 -885427.8132866144
  2160097.53167035  3163526.234005151 -8417945.912206728 -214670.2511543547   -885427.81338726  4194367.071143352

cov*(cov_.inverse()):
    0.9999999998399289  5.820766091346741e-11  1.164153218269348e-10                      0                      0   2.91038304567337e-11
 -2.91038304567337e-10      1.000000000582077 -1.164153218269348e-10  2.728484105318785e-11   2.91038304567337e-11  5.820766091346741e-11
-8.731149137020111e-11   2.91038304567337e-10      1.000000000058208  9.094947017729282e-12 -7.275957614183426e-12  -2.91038304567337e-11
-1.164153218269348e-10  6.402842700481415e-10  1.164153218269348e-10      1.000000000014552 -7.275957614183426e-12  -2.91038304567337e-11
-1.891748979687691e-10  2.619344741106033e-10  1.164153218269348e-10  3.637978807091713e-12      0.999999999992724  8.731149137020111e-11
-1.600710675120354e-10 -1.455191522836685e-10  5.820766091346741e-11  1.818989403545856e-12  1.455191522836685e-11                      1
