5
2

0.0001091500464396393
0.0005247590458868456
0.0007096819069888945
   0.0166180822451831
   0.5198241992902106

  -0.569270058094265   0.7990776114343799 -0.01675260757880478 -0.02159445704495924   -0.191466972154265
 -0.2784101023263801  -0.2839084538248299   0.2939643885666831    0.733947891629058   -0.465606309447462
  0.1808311398678684   0.1344845410133255  -0.8435805594478208   0.4855570680643453  0.04266357295141199
 -0.6059777483267161  -0.2517949466802599 -0.04233760351272189   0.1571214295531573    0.736824712576295
  0.4455451528935506   0.4465245500595019   0.4470834994097047   0.4476621067570081   0.4492441715333338

0.3975688927947984
0.3976331158182222
0.3975915172378083
0.3975684854949437
0.3974834058390346

0.00052449676907817
 0.3977926323997593

   4.173048016017397   -1.992068266683507 -0.05418156881619932  -0.2053717443156885   -1.921576408007305
   2.335827147072124  -0.9705744458221728 -0.07122399641689853  -0.1263067729939863   -0.167647669364676

-4.281971176084431e-08   3.62898473696881e-08  1.766396424584467e-07 -0.0009591117314748171  -0.002605948910642115
-2.465262302791853e-08 -1.129977338010384e-07  1.427665001032151e-07 -0.0003621655167323697     0.1198766117183617

cov:
0.05374239695768934 0.05380102587902364 0.05383314005570231 0.05386950932635021 0.05396302142616205
0.05380102587902364 0.05389458049480308 0.05394733855968953 0.05400333854675667 0.05415398028892168
0.05383314005570231 0.05394733855968953 0.05401287855417191 0.05407991874389067 0.05426436065901567
0.05386950932635021 0.05400333854675667 0.05407991874389067 0.05415897920530569 0.05437515831152396
0.05396302142616205 0.05415398028892168 0.05426436065901567 0.05437515831152396 0.05468531454744426

cov.inverse():
 27548986.38448968 -37846189.12959711  200489.3486982109  463787.3659365728  9633249.880476838
-37846189.13033684  53924565.77613845 -1651921.777699242 -2075571.594711991  -12351307.6518888
 200489.3491567189 -1651921.778335507   1750322.39775544  565.1931199864737 -299380.7402162065
 463787.3665823546 -2075571.595570975  565.1930970002126  2463535.131894689 -852380.3393260619
 9633249.880112264 -12351307.65113326 -299380.7403709818 -852380.3395622567  3869927.850362521

cov*(cov_.inverse()):
     1.000000000407454  8.149072527885437e-10 -3.637978807091713e-12  7.275957614183426e-12   2.91038304567337e-11
 4.656612873077393e-10      1.000000000465661 -1.091393642127514e-11  1.455191522836685e-11   2.91038304567337e-11
 4.656612873077393e-10  4.656612873077393e-10      1.000000000007276  3.637978807091713e-11  -2.91038304567337e-11
 4.656612873077393e-10  8.149072527885437e-10 -5.456968210637569e-12                      1  -2.91038304567337e-11
 2.328306436538696e-10  6.984919309616089e-10                      0  7.275957614183426e-12     0.9999999999126885
