5
2

2.623398107405947e-05
3.807511892971261e-05
9.333605730958805e-05
  0.02162659698802338
   0.5201249982841207

 0.006405584482570095   0.05549646975073209   -0.4802325423027146    0.7917269439192972   -0.3733955836888332
 -0.04853952354941449    0.6111564882419491   -0.6512078906043886   -0.2688627640737858    0.3574531561513354
   0.5788341498219071   -0.5975425454020753   -0.3810076134044587 -0.003661616303304966     0.403377892959251
  -0.6818565044487161   -0.2593326613163949   0.01000377372038729    0.3158466080303808    0.6065963425727099
   0.4445510291091008    0.4462032787126729    0.4472562034977766    0.4484515281817695    0.4495888476022193

0.3992316734385563
0.3993674282961198
0.3994128102858061
0.3994531917525365
0.3994869774533996

-0.0002375380221073126
    0.3993803801204837

-0.0124066437314648  0.6835305775840902    2.65838570892918   1.688418733428592  -5.017895321130029
 0.8355345482935281   0.364598216104253  0.1543462697607106  0.5087342545952886 -0.8631563178679206

 1.356923692392883e-09 -5.161608857348678e-09 -3.013153700997437e-08  -0.001240723439580332  -0.002802181105346422
 4.656104278275125e-10 -5.270568781837979e-10 -1.246415727048612e-09 -0.0004796963128329441      0.119907610234452

cov:
0.05368111542582519 0.05374506878956961 0.05378580500660035  0.0538320252759843 0.05387608305322036
0.05374506878956961 0.05389327189680296 0.05398770117091159 0.05409489247355318  0.0541969125276414
0.05378580500660035 0.05398770117091159 0.05411636193524288 0.05426242067452785 0.05440139085384029
 0.0538320252759843 0.05409489247355318 0.05426242067452785 0.05445261800315548 0.05463354711161381
0.05387608305322036  0.0541969125276414 0.05440139085384029 0.05463354711161381 0.05485436712586855

cov.inverse():
 40145830.32543892 -59648976.19903988 -7981567.332854703  16127296.92659577  11357476.47617673
-59648976.14075984  303106901.1160093  -287120719.686605 -49250677.58755793  92913307.75471562
-7981567.326867618 -287120718.8214031  644284663.3494689 -431524594.3450931  82341840.16075437
  16127296.7407348 -49250679.10460926 -431524591.7417678  960663600.3071758 -496014526.1769683
 11357476.59777019  92913308.46484369  82341838.42862132  -496014525.276556  309401301.7384564

cov*(cov_.inverse()):
    0.9999999998835847 -9.313225746154785e-10                      0  3.725290298461914e-09 -1.862645149230957e-09
 2.328306436538696e-10      1.000000000931323  9.313225746154785e-10 -3.725290298461914e-09                      0
-1.164153218269348e-10  9.313225746154785e-10     0.9999999981373549 -7.450580596923828e-09  3.725290298461914e-09
-2.328306436538696e-10 -2.793967723846436e-09                      0                      1                      0
 1.164153218269348e-10  9.313225746154785e-10 -9.313225746154785e-10                      0                      1
