6
2

 0.000105113794174192
0.0003870819145579127
0.0005545221598808511
0.0007118958858296563
  0.01781928023787018
   0.5696726118037051

 -0.5641306463234641   0.8096074116422466 -0.01504085180223286  -0.0140643224131082 -0.07312385515336647  -0.1432526520251706
  0.1465846996788365   0.1404096440845292 -0.06211667455133022 -0.08735342371881426  -0.7535351674661322    0.616030605706563
  0.2463819541945745   0.2250194150636871  -0.2757678411761748  -0.7892026170353766   0.3792737265569111   0.2143011032935599
    0.19007605540395   0.1334021920768556  -0.8615938788248636   0.4426852444986714  0.08776507987566316 0.007615861097760038
 -0.6310639653499776  -0.3007059298375813  -0.1054292488207291  0.08058832430948371   0.3283948394918759   0.6211934000538555
   0.406441677421048   0.4073905161095412   0.4079314289894838    0.408492472087694   0.4091982571962576   0.4100253236533007

 0.397710549081923
0.3977835734349095
0.3977463020433114
0.3977272536710519
0.3977033888538213
0.3976569072893399

0.0004450778937016397
   0.3979184487357906

   3.640131280278049   -1.085369811411412 -0.03035310601142024  -0.1503105335466216  -0.7337829821248698    -1.64045395442103
   2.164160704390439  -0.6790948011021937 -0.06872388860320724   -0.110335849119829   -0.218839433813818 -0.08709301851665321

-2.918023779792093e-08 -9.204478382745742e-09  4.605459375123125e-08   2.17835453831073e-07  -0.001028691858555358  -0.003031532985432073
-1.922074310447967e-08  5.199780096247398e-08  1.183134404809885e-07  1.577455882098754e-07 -0.0004093331376478703     0.1312981480327695

cov:
0.05373666196997109 0.05379560216396596 0.05382768667313231 0.05386450099851268 0.05390797961757763 0.05395841013157222
0.05379560216396596 0.05388951088894139 0.05394226553469481  0.0539987313485295 0.05406842382103495 0.05414982390324934
0.05382768667313231 0.05394226553469481 0.05400781588642521 0.05407533643672569 0.05416053797969535 0.05426026328686869
0.05386450099851268  0.0539987313485295 0.05407533643672569 0.05415488965769949   0.054254439972573 0.05437157806348134
0.05390797961757763 0.05406842382103495 0.05416053797969535   0.054254439972573 0.05437420085746869 0.05451438578082535
0.05395841013157222 0.05414982390324934 0.05426026328686869 0.05437157806348134 0.05451438578082535 0.05468230729884129

cov.inverse():
 29216514.19888969 -40968303.54993343   163284.113805859  166148.7891855326  3332485.340741568  8090144.447020914
-40968303.55022354  59655521.89627472 -1588823.021894872 -1573495.349306299 -5763949.598872278 -9761291.243787184
 163284.1140204111   -1588823.0222054  1758356.451122147  10506.69557993093 -77517.27935371973 -265724.1031293738
 166148.7893385006 -1573495.349523433  10506.69559040232  2481068.705562171 -364283.5242181403 -720007.1590810083
 3332485.340840256 -5763949.598941678 -77517.27943317735 -364283.5242215585  4756964.194405026 -1883771.246506768
 8090144.446844834  -9761291.24348025 -265724.1031563646 -720007.1591312868 -1883771.246560353   4540786.58705853

cov*(cov_.inverse()):
     0.999999999825377 -2.328306436538696e-10 -3.637978807091713e-12 -2.182787284255028e-11   2.91038304567337e-11   2.91038304567337e-11
 5.820766091346741e-11     0.9999999995343387  3.637978807091713e-12 -1.455191522836685e-11                      0                      0
                     0 -1.164153218269348e-10      1.000000000007276                      0 -1.455191522836685e-11 -5.820766091346741e-11
 1.164153218269348e-10  3.492459654808044e-10  5.456968210637569e-12     0.9999999999636202                      0  -2.91038304567337e-11
 1.164153218269348e-10 -3.492459654808044e-10  3.637978807091713e-12 -3.637978807091713e-11      1.000000000029104  5.820766091346741e-11
                     0 -2.328306436538696e-10  5.456968210637569e-12  -2.91038304567337e-11   2.91038304567337e-11     0.9999999999417923
