5
2

0.0001605373205549159
0.0003642704802995044
0.0004757091045532447
  0.01726624804085063
   0.5273460971453532

  -0.421010336713568   0.8539562392329217 -0.05265875322900714 -0.09418462748179321    -0.28612121471498
  0.1296207012717449   0.1697761762452537  -0.1230210858742841  -0.7678039794681604   0.5913690770783768
  0.2091644192042864   0.1471716047573889  -0.8839218107994055   0.3478483799654926   0.1796510546602814
 -0.7519307899257378  -0.1444802841195421  0.02629677397974578   0.2817791467996928   0.5776110514606594
  0.4436204493514013   0.4465431196520413   0.4473070312548612   0.4485625062833415   0.4500091520796592

0.4082420573253572
0.4080472924852857
0.4081017277140341
0.4079156458441748
0.4078053355857826

0.00138442154316644
 0.4086454032903366

   4.501301431490015   -3.596766405378072 -0.08724844325546792 -0.05239016159470967  -0.7649105116941942
   2.543285869057791   -1.739929029866677  -0.5766789752155383   0.6562845732288631   0.1174682550078909

-1.221137202665113e-07  -5.68681055251674e-08  7.550475844724137e-08 -0.0009909270045967301  -0.004445543198405628
-6.756519732414451e-08 -4.368560038671827e-08  2.342256668627872e-07 -0.0004243415924263184     0.1225265525312728

cov:
0.05489720690594099 0.05512158420928647 0.05517749979177197 0.05527516208087205  0.0553873335085254
0.05512158420928647 0.05545838631667705 0.05554583280264029   0.055690760053985 0.05585768430357559
0.05517749979177197 0.05554583280264029 0.05564240943152434 0.05580034927853627 0.05598263335513737
0.05527516208087205   0.055690760053985 0.05580034927853627 0.05597858490678276 0.05618374320955694
 0.0553873335085254 0.05585768430357559 0.05598263335513737 0.05618374320955694 0.05641582669928543

cov.inverse():
 7199389.771628412 -13647830.36121224 -77008.58279607621  1109355.924329904  5416291.671313706
-13647830.36113401   28608625.1524436 -2477098.097867542 -3877078.325480796 -8607360.753449531
 -77008.5827108118 -2477098.098015841   3674239.60581032 -454385.3546065487 -665314.6328617426
 1109355.923980573 -3877078.324853774  -454385.354585376  5321907.681676995 -2099528.842273694
 5416291.671499537 -8607360.753850015 -665314.6329459497 -2099528.841974828  5955770.935668943

cov*(cov_.inverse()):
                     1 -1.164153218269348e-10  7.275957614183426e-12  1.455191522836685e-11                      0
 5.820766091346741e-11     0.9999999997671694                      0                      0  1.164153218269348e-10
                     0 -3.492459654808044e-10                      1  1.455191522836685e-11  5.820766091346741e-11
                     0 -1.164153218269348e-10 -7.275957614183426e-12      1.000000000014552                      0
-5.820766091346741e-11 -5.820766091346741e-11                      0                      0                      1
