7
2

5.147566425409362e-05
8.466580396006744e-05
0.0001606441598652237
0.0003658571816489868
0.0004838179475525271
  0.02396459459716681
   0.6238803297727703

-0.005882086968195139   -0.3672850626672586    0.7988560174389943   -0.4750571457169139  0.004811118290339703   0.01226652827028244   0.03229924030385062
  -0.4474029392096532    0.7425944147656226   0.04453289060263641   -0.4864867288876166   0.01741299035380607   0.04163511071704181   0.08772077712141013
   0.5699178121386788  -0.07975297472567562   -0.4117357967839689   -0.6119709293071578   0.07461034908095614    0.1460343526445615     0.312898752660941
 -0.04011043861560815   -0.0567077101469518  -0.07137716645356038   -0.0960340162710222    0.0969345071530098    0.7755756956760579   -0.6082303821344939
  0.08392235227876035   0.08305890040544155   0.08610960624148785   0.09442641783498423   -0.9012048728025253    0.3232845616133435    0.2303126454163538
  -0.5705988519022909     -0.39468666661216   -0.1888056865346647   0.04441278180684814    0.1705032984948325    0.3557793082059887    0.5704112656720337
   0.3751730802661276       0.3760353318436    0.3770442510593739    0.3781951569604591     0.378773072538322    0.3797111191932532    0.3807874348301358

0.4074316399010515
0.4073663600249253
0.4072524815594717
 0.407103886147394
 0.407141829794777
0.4069291938626894
0.4067846551348333

0.001755898531086354
  0.4078448215150233

 0.6615763056591696   1.902444915545315   2.230623303268043  -3.334862389449898   -0.19381514319922 -0.2368656646552552  -1.029141696750324
 0.1153499944498516   2.803719134428555  -2.407950834028004     1.2266523189944 -0.7051878408368277  0.3615731336457416 -0.3937072970840191

 6.959519588371161e-09  1.960488200933402e-08  2.520426155009671e-08  6.024465823491406e-08  -1.12866729131742e-08  -0.001379462137929626  -0.004604433594736846
-9.402490920360213e-09  9.280606330970546e-09 -1.034937047643848e-09  4.577562132288724e-08   1.90252791129965e-07 -0.0005050794603833315     0.1455131665876176

cov:
0.05497253175088433 0.05504078507509014 0.05512064600624483 0.05521228409226463 0.05525534411129242 0.05533163178128065 0.05541847720707034
0.05504078507509014 0.05512712103170659 0.05522811856674514 0.05534370429860533 0.05539968887971814  0.0554950064364538 0.05560389731014825
0.05512064600624483 0.05522811856674514  0.0553538651916741 0.05549747861533803 0.05556859079949149 0.05568618218811658 0.05582087439550013
0.05521228409226463 0.05534370429860533 0.05549747861533803 0.05567285182133313 0.05576110151403146 0.05590392822905289 0.05606785319599449
0.05525534411129242 0.05539968887971814 0.05556859079949149 0.05576110151403146 0.05585886354165998 0.05601505135498942 0.05619474986300974
0.05533163178128065  0.0554950064364538 0.05568618218811658 0.05590392822905289 0.05601505135498942 0.05619170858863436  0.0563944858126668
0.05541847720707034 0.05560389731014825 0.05582087439550013 0.05606785319599449 0.05619474986300974  0.0563944858126668 0.05662442930156684

cov.inverse():
 40566185.57779206 -47247161.44005927 -13593257.50279084  17965878.09924965  197899.1371229496  482347.5390261885  1627685.314505064
-47247161.43458006  128138685.5409013  -104783942.827868   17416580.3965611  545471.8367612871  1947454.325976841  3982347.004581467
-13593257.50315089 -104783942.8167176  247758071.5872212 -136394775.8987854 -14999.68247233273  1332114.620611039  5699347.310087754
 17965878.08892001  17416580.39446897 -136394775.8813688  132805480.1823433 -4246683.013825059 -8913858.574070551 -18634715.07525784
 197899.1373482074  545471.8365130953 -14999.68230664993 -4246683.014110937  3806623.577468771 -137251.9301083651 -150640.6592847525
 482347.5405554768  1947454.321258363  1332114.625839619 -8913858.576252325 -137251.9301413288  6065616.266098514 -776173.4386909781
 1627685.317961103  3982347.005968952  5699347.298067677 -18634715.06779591 -150640.6593949165 -776173.4388663581  8252024.530142123

cov*(cov_.inverse()):
                     1  1.251464709639549e-09 -8.731149137020111e-10 -1.164153218269348e-09  1.455191522836685e-11 -3.637978807091713e-11 -5.820766091346741e-11
 4.365574568510056e-11      1.000000000291038 -1.105945557355881e-09  2.328306436538696e-10 -3.637978807091713e-12  7.275957614183426e-12  5.820766091346741e-11
-5.675246939063072e-10  1.309672370553017e-09     0.9999999988940544 -3.492459654808044e-10  1.455191522836685e-11 -5.820766091346741e-11  5.820766091346741e-11
-3.492459654808044e-10  4.365574568510056e-10 -6.402842700481415e-10      1.000000000465661  1.091393642127514e-11  7.275957614183426e-12  5.820766091346741e-11
-6.402842700481415e-10 -3.492459654808044e-10 -5.820766091346741e-11 -8.149072527885437e-10      1.000000000027285 -3.637978807091713e-11                      0
 3.055902197957039e-10 -1.164153218269348e-10 -9.313225746154785e-10  2.328306436538696e-10  3.637978807091713e-12     0.9999999999563443 -1.164153218269348e-10
-2.619344741106033e-10  4.656612873077393e-10 -4.074536263942719e-10 -6.984919309616089e-10 -1.637090463191271e-11 -7.275957614183426e-12     0.9999999999417923
