7
2

5.519842484884969e-05
7.587144426740282e-05
 0.000175348447468369
0.0003248711803345217
0.0003521850497509618
  0.02501430384260137
   0.6779827602746441

 -0.01809666261665411    0.2596172563946026   -0.7898909191250209    0.5550415320025766  0.007707367374323667 0.0002234557268359108  -0.01460038273592379
  -0.2960693061031625    0.7895612006147221   -0.1002393718965882    -0.519311368843658  0.006239278694182214    0.0284043764403994   0.09142269838142972
   0.6782675868210972   -0.1641338356016538   -0.4289012909130538    -0.506947850809922    0.1089438245643659   0.08131302263799352    0.2314738847681369
  -0.1063122298203941  -0.05698500627475003  -0.05540078291422273  -0.07642387752448461    0.8927304209065048   -0.2748587040884201   -0.3225300783214259
 -0.01852284905887701  -0.03810234010599312  -0.06742213203725678   -0.0948212546726262   0.01441221095261569    0.7963421863540633   -0.5918612269133172
  -0.5461792045555003   -0.3677848092911856   -0.1785140800631521    -0.087676977849344    0.2184389667937451    0.3733912797840535    0.5828648653911874
   0.3768440629996632    0.3772099275862537    0.3776053752821472    0.3777956387556595    0.3783411324829159    0.3787507109127785    0.3791988199640406

0.4228305325607625
0.4227535721626084
 0.422607109208098
0.4226106855207954
0.4223162573680673
 0.422191748171263
0.4219955450160411

0.002163624152051256
  0.4233040370044864

-0.7451390984484981   2.742808367375501  -1.591076141300154   3.132131026118581 -0.4908645123747853 -0.5173900886117583  -2.530947265629695
   9.38510471830131  -6.894681873333028 -0.3616044656824338  -3.984412212508298  0.2959853528580271  0.9663032213080155   1.599726456542887

 1.143750339078528e-08   3.85695577937897e-09 -7.817134787723223e-08  3.081824689121528e-08  9.903536669210478e-08  -0.001481683536621763  -0.002338972685737094
-1.190277459252366e-08 -3.420194066697879e-08  3.121861045242867e-07 -8.418417550914316e-08  3.944408925633662e-08 -0.0005120909776463227     0.1740859104148784

cov:
0.06546374473432434   0.065466133220805 0.06546994513213907 0.06547185812562779 0.06546173364606174 0.06547973628954133  0.0654857764861486
  0.065466133220805 0.06548852549662611 0.06551353157887665 0.06552561667890744 0.06554974550883463 0.06558510631850545 0.06561460379483786
0.06546994513213907 0.06551353157887665 0.06556103497688129 0.06558391104129017 0.06564438602753903 0.06569816932540005 0.06575255967285609
0.06547185812562779 0.06552561667890744 0.06558391104129017 0.06561197360978409 0.06568988786397913 0.06575251410411422 0.06581885398804435
0.06546173364606174 0.06554974550883463 0.06564438602753903 0.06568988786397913 0.06582668756770976 0.06591898702122971  0.0660255415157754
0.06547973628954133 0.06558510631850545 0.06569816932540005 0.06575251410411422 0.06591898702122971 0.06602660689229654 0.06615342660084284
 0.0654857764861486 0.06561460379483786 0.06575255967285609 0.06581885398804435  0.0660255415157754 0.06615342660084284 0.06630803447474644

cov.inverse():
 30407664.35635543 -45708307.81069281  451704.2464274783   12320953.6927367  1134982.302334398  489116.8210733622  903610.8330105009
-45708307.76688267  131336943.0575203 -78713592.93970893 -21158425.08744856  444380.3793425033  3384490.059445426  10415479.62438569
  451704.174194621 -78713592.76402991  212571026.1101784 -127686650.1069239 -4102961.037996764 -1975507.478554013  -544915.597048921
 12320953.71066573 -21158425.20599853 -127686649.9864023  156445895.8323798 -1612547.632822592 -4272219.695410546   -14037812.171542
  1134982.30286087  444380.3694780889 -4102961.017229596 -1612547.643109019  7965263.268342526 -1912792.788461276 -1914395.993887013
 489116.8264890811  3384490.053680689 -1975507.492529438 -4272219.680827649 -1912792.787836023   6184028.86841141 -1897453.493338989
 903610.8375622513  10415479.62669418 -544915.6209125271  -14037812.1559398 -1914395.993369462 -1897453.492455328  7074921.844719797

cov*(cov_.inverse()):
    0.9999999999345164 -1.629814505577087e-09   2.86672729998827e-09  2.095475792884827e-09   2.91038304567337e-11  -2.91038304567337e-11 -1.164153218269348e-10
 1.164153218269348e-10     0.9999999979045242 -5.602487362921238e-10   2.91038304567337e-09 -4.365574568510056e-11                      0 -5.820766091346741e-11
-3.783497959375381e-10  6.984919309616089e-10     0.9999999991850927  1.746229827404022e-09 -7.275957614183426e-11 -1.455191522836685e-11  5.820766091346741e-11
-6.330083124339581e-10 -1.164153218269348e-09   1.82626536116004e-09      1.000000001629815 -8.731149137020111e-11 -7.275957614183426e-11                      0
 2.837623469531536e-10 -1.979060471057892e-09  5.602487362921238e-10 -2.328306436538696e-10                      1  -2.91038304567337e-11 -5.820766091346741e-11
-2.619344741106033e-10  8.149072527885437e-10 -1.600710675120354e-09                      0  1.455191522836685e-11     0.9999999999708962 -1.164153218269348e-10
 5.093170329928398e-11 -1.164153218269348e-10  7.785274647176266e-10  1.047737896442413e-09  -2.91038304567337e-11 -7.275957614183426e-11     0.9999999998835847
