5
2

8.967302259367974e-05
0.0005165531184609427
0.0007111782481295559
  0.01704046242970124
   0.5221367998396556

 -0.5950644546141838   0.7888621502793525 -0.01724960824967892 -0.02618568313762812  -0.1503714192431837
 -0.2886649615866457  -0.2789052848979885   0.3590787144795451   0.6908729885112248  -0.4823291122889417
  0.1480788516086439    0.114364182893262  -0.8186229641909903   0.5428367175269948  0.01335020528292436
 -0.5849730242673247  -0.2959843187076927 -0.02636493476650825   0.1640554771369158   0.7366074494565074
  0.4454773275854905   0.4463434402597489   0.4471311446733098    0.447686187267467    0.449419960768807

0.3941866336120828
0.3942505866861798
0.3943764622552201
0.3943787617417401
 0.394437541432279

-0.0003333268760835473
    0.3942325515501114

   4.325453041145368   -2.116215909406364 -0.06302719372513978  -0.1569997192335227   -1.989307838189535
   1.538712799239284  0.02057689602280441 -0.00669937579031149 -0.05776900011588482  -0.4947350092824589

-3.167442815263808e-08  4.536583022248524e-08  1.711042437007595e-07 -0.0009853492703057597  -0.002772752766024915
-6.620994541235032e-09 -6.766816539008837e-08  1.000039590126393e-07 -0.0003716604012790729     0.1208948327260024

cov:
0.05420221081576861 0.05425830103399851 0.05430805351183653 0.05434319400650936 0.05445655514638002
0.05425830103399851 0.05433886247678479 0.05441143487186022 0.05446266325212042 0.05462448451567579
0.05430805351183653 0.05441143487186022 0.05450583938479597 0.05457150932668285 0.05477857973615698
0.05434319400650936 0.05446266325212042 0.05457150932668285 0.05464875918567658 0.05488728205304759
0.05445655514638002 0.05462448451567579 0.05477857973615698 0.05488728205304759 0.05522232388646443

cov.inverse():
 44392471.96351083 -58041152.73853699  648410.1614971564  1348963.408586613  11651936.81411162
-58041152.73922569  77706582.49194272 -2252629.293943217 -3168433.612985111 -14245293.91473825
 648410.1619534389 -2252629.294528252  1845215.760713185  107279.9135650493 -348193.8086491803
 1348963.409221287 -3168433.613795895  107279.9135630841  2456798.977850782 -744436.3847784748
 11651936.81370943 -14245293.91403121 -348193.8087759734 -744436.3849565571  3686048.231837822

cov*(cov_.inverse()):
                     1                      0 -3.637978807091713e-12  7.275957614183426e-12                      0
 4.656612873077393e-10     0.9999999991850927 -7.275957614183426e-12 -1.455191522836685e-11   2.91038304567337e-11
 2.328306436538696e-10                      0      0.999999999992724  7.275957614183426e-12  5.820766091346741e-11
-1.164153218269348e-10 -4.656612873077393e-10                      0      1.000000000007276  8.731149137020111e-11
-2.328306436538696e-10  2.328306436538696e-10 -7.275957614183426e-12  1.455191522836685e-11     0.9999999999417923
