5
2

7.136764347021638e-05
0.0001005463071488198
0.0002972415628579012
  0.01467414300055983
   0.5074208516713592

 -0.03311123731969135    0.3421448681365045   -0.7951483524734745    0.4994025645868439  -0.01329327701565911
  -0.4890087119192454    0.7643586893364288   0.09232697906721471   -0.4080142024556221   0.04032881393993654
   0.4588463129153106 -0.001182359613347134    -0.399006451380354   -0.5899240156284837    0.5312646898593878
  -0.5917498901307946    -0.314935169764428 -0.004012015590803728    0.1892416824301855    0.7175091607342279
   0.4461684147095771    0.4466622035889609    0.4472053018276924    0.4475474617226013    0.4484811134523459

0.3776607203856228
0.3776955966166495
0.3777867641972914
0.3777694036995872
0.3777068763518523

0.0003545062691865704
   0.3778916970967405

  1.465950861532158   3.836861103743315   2.615145125956008   -7.22521313755678 -0.6928492640570655
   1.62368672380128  0.2366037318890896  -1.098507584939256  0.4652462149758813 -0.2269542858061636

-2.248345764953562e-08  5.436286037622563e-08   3.10902912465232e-07 -0.0008507207308957329  -0.001804143237683493
 5.786183020922247e-09 -9.235574097019235e-09  6.962373424458865e-08 -0.0002380956087458448     0.1146530777954466

cov:
0.05133018995554665 0.05135161811389072 0.05137437695217614 0.05138905325218895 0.05142903948294849
0.05135161811389072 0.05138964434496355  0.0514310107984487 0.05145725369899295 0.05152880601555181
0.05137437695217614  0.0514310107984487 0.05149329502015041 0.05153252695023659  0.0516395384964845
0.05138905325218895 0.05145725369899295 0.05153252695023659 0.05157984525628854 0.05170889750597892
0.05142903948294849 0.05152880601555181  0.0516395384964845 0.05170889750597892 0.05189838016218628

cov.inverse():
 26253633.29355606 -39202252.58812422 -1368941.445663429  13425256.73696176  892752.4422908986
-39202252.59121721  80775299.91280389  -46428087.0650188   2706018.81729106  2148028.041926864
-1368941.434847319  -46428087.0834384  126779950.4094052  -79026488.6575173  44350.29746878171
 13425256.72823276  2706018.834784749 -79026488.66670954  69372668.11943883 -6477634.921634958
 892752.4432968178   2148028.03975976  44350.29905736254 -6477634.922062327  3392464.464378247

cov*(cov_.inverse()):
     1.000000000065484 -5.529727786779404e-10  6.530171958729625e-10 -2.328306436538696e-10  -2.91038304567337e-11
 2.692104317247868e-10     0.9999999998690328  6.957634468562901e-10  -2.91038304567337e-10                      0
-6.548361852765083e-11   -7.8580342233181e-10      1.000000000498858 -4.656612873077393e-10                      0
 1.455191522836685e-10  8.731149137020111e-11 -6.621121428906918e-10      1.000000000174623                      0
-4.365574568510056e-11 -1.455191522836685e-10 -7.412381819449365e-11                      0                      1
