5
2

8.382822620351691e-05
 0.000141814705631888
0.0005362967000670221
  0.01437588746766734
   0.5164802496081501

 -0.2736693740667833   0.7821599525556696  -0.5584803586960762  0.01547721056243142  0.03451126221852287
 -0.6445357426691185   0.2681219277379607   0.6753376032467245 -0.07223523808358975  -0.2266837010197792
 0.05644520631632115  0.09355640163819029   0.1148757558712977  -0.8179268160525516   0.5530464923417883
 -0.5546108940829172   -0.328994143913412  -0.1381951512487651   0.3533185502175183   0.6635041157963909
  0.4459814401612675    0.446482355157947   0.4469054390763227   0.4480002812348897   0.4486929218315728

0.3934919552781696
0.3935897313842879
0.3935721997593052
0.3935299334100862
0.3935046023101136

0.0003415815950873563
   0.3936811161578901

  4.068226187543478   4.572641311918011   -6.61713658958169 -0.5537935693673345  -1.469957954208634
  2.088915468986357  0.4256726186408496  -1.114077857694298 -0.1394688914259864 -0.2611557543273062

  4.28617233514649e-08 -1.104453120066021e-07 -1.330817460834991e-07 -0.0008302165905330447  -0.002383881509137133
 2.616153296836466e-09 -3.852044824425677e-08 -1.733739494246202e-10 -0.0002825485286904129     0.1184710438464126

cov:
0.05312037346422187 0.05315409221405442 0.05318255337363999 0.05325645926493713 0.05330333117705044
0.05315409221405442 0.05319842278725533 0.05323583468444686  0.0533327854269354 0.05339422495815339
0.05318255337363999 0.05323583468444686 0.05328083395296471 0.05339727222491617 0.05347102803022208
0.05325645926493713  0.0533327854269354 0.05339727222491617 0.05356422164840278 0.05366932273836166
0.05330333117705044 0.05339422495815339 0.05347102803022208 0.05366932273836166 0.05379497727566783

cov.inverse():
 31326721.47814272 -39034391.41545404  129234.5209917805  1550794.020143176  6027553.419660215
-39034391.42379606  90663896.82437025  -53120631.6157259  493043.7746491872  998012.2698195215
 129234.5315057318 -53120631.62881482   67108593.4801886 -3982611.818636535 -10134311.92920569
  1550794.01966059  493043.7757217346 -3982611.819231157  2620192.097768735 -681434.7074944165
 6027553.417970905  998012.2734937965   -10134311.931186 -681434.7074990754  3790101.958202326

cov*(cov_.inverse()):
     1.000000000232831  6.039044819772243e-10                      0                      0  1.455191522836685e-10
-5.820766091346741e-11      1.000000000771252  2.328306436538696e-10  -2.91038304567337e-11  5.820766091346741e-11
 1.746229827404022e-10   7.34871719032526e-10      1.000000000814907 -4.365574568510056e-11  1.455191522836685e-10
 1.164153218269348e-10  1.149601303040981e-09                      0      0.999999999992724  2.037268131971359e-10
 1.746229827404022e-10  1.091393642127514e-10 -1.164153218269348e-10 -1.455191522836685e-11      1.000000000058208
