5
2

0.0003811905874266738
0.0005385657992109396
0.0007100783139206889
  0.02015006320492724
   0.5227487183635551

  0.1988392009871179 -0.05015637652029224 -0.09071438786648915  -0.7174713069905951   0.6595097675731385
 -0.3394380991159154    0.358645427786887   0.6954195247726499  -0.4501374160837531  -0.2644300005720975
   0.182015889070853  -0.8115179199420973    0.551965388653689  0.05661649516649486  0.02092041926069176
 -0.7840602432464572  -0.1032044504423255  0.05757851800693558   0.2800729410199626   0.5411489982821341
  0.4442572454169223   0.4468168551472349   0.4474164820293252   0.4482911447598987    0.449270229360087

0.3941428424948739
0.3944602368800321
0.3944721950617966
0.3945112342961385
0.3945592261334304

-0.0004797726789985271
    0.3942635625265732

   2.294792471853761 0.004149842432056181 -0.06717325591541462  -0.5420778567346604   -1.689707289030807
   1.260333150401042   0.0304524760347597 -0.03464440284537348   0.1071107566991491  -0.3631729931822535

-3.825521774548817e-08 -3.867755127852462e-08  1.569124325006467e-07   -0.00116519294065045  -0.002969284593390826
-9.320820602162436e-09 -1.140362886926175e-07  9.279095840137448e-08 -0.0004709267695413962     0.1210220476604184

cov:
0.05418271136477866 0.05427653301289039 0.05429823386767979 0.05433363690057504 0.05436940341853744
0.05427653301289039 0.05456101190472316 0.05462696635935113 0.05472452740813887 0.05483315745735812
0.05429823386767979 0.05462696635935113 0.05470448579544891 0.05481626627468002 0.05494208578367569
0.05433363690057504 0.05472452740813887 0.05481626627468002 0.05494891701725995 0.05509837751836408
0.05436940341853744 0.05483315745735812 0.05494208578367569 0.05509837751836408 0.05527606108628736

cov.inverse():
 736546.8600851778 -781094.7069326694 -738813.5469237743 -435121.5539306328   1218442.90776542
-781094.7069275015  1766920.319357887  2794.938956571293 -400125.7645165236 -588418.3056009458
-738813.5469272247  2794.938964401583  2328193.565190262 -569296.1755489836 -1022737.825613675
-435121.5539370005 -400125.7645048522 -569296.1755470828  4247747.043132897 -2843331.985550474
 1218442.907770069 -588418.3056152781 -1022737.825611197  -2843331.98554327  3236014.733879168

cov*(cov_.inverse()):
                     1  3.637978807091713e-12  1.455191522836685e-11  -2.91038304567337e-11   2.91038304567337e-11
-1.455191522836685e-11      1.000000000010914 -7.275957614183426e-12                      0   2.91038304567337e-11
-1.455191522836685e-11                      0      0.999999999992724   2.91038304567337e-11                      0
                     0  3.637978807091713e-12  7.275957614183426e-12                      1                      0
                     0  7.275957614183426e-12                      0                      0                      1
