6
2

5.501523627874147e-05
0.0001008236166012042
0.0003137105558205349
0.0003713789518661029
  0.01858124358371599
   0.6259194337912305

  0.2244984395334296  -0.7896175984507325   0.5707166601268053 0.004411730054731523  0.00759497827212885 -0.01760243337233874
  0.6618166855955142  -0.2903983874813647  -0.6566394014444592  0.02271833215249289  0.05537803954676298   0.2071455956722713
 -0.2035591038951622   -0.189658789562641   -0.209938399028219   0.4694191010752135   0.6367358976667048  -0.5027247831018629
 0.09295049780388141    0.076530925640338   0.0655298326676865  -0.7821740180307959   0.6050274207361701 -0.05791967786587375
  -0.543731316301847  -0.2899753760862134  -0.1682137750019491   0.0258050422768836   0.2416760816522903   0.7300009823186528
  0.4072827975332295   0.4077495150101928   0.4079742955971295   0.4082254608406002   0.4086287769823752   0.4096248597410234

0.4253357040424963
0.4251929662978111
0.4251971770077189
0.4251043731864004
0.4249093898425332
0.4245888682115275

0.002145800943450581
  0.4258842050566499

   1.478878618535683   -1.349587244563816    3.805167762543711  -0.5642660198360746  -0.7255764987921268   -2.645411300067486
   7.083005724806637    -2.65906191284079   -6.000309544622632    1.370920048689001 -0.00839623341285084    1.220494833608429

 1.091995109707977e-08 -1.757541085739501e-08 -2.370731712151691e-08  6.056324660159357e-08  -0.001095834333209879  -0.002361037549693383
 7.560330666487188e-10  9.843543204236325e-08  3.413169947516186e-08 -1.498387464085015e-07 -0.0003958590950518042     0.1601348249700586

cov:
0.06508946124261025 0.06511628700033839 0.06512929413541733 0.06513292742149493 0.06515677102868588 0.06522405130682631
0.06511628700033839 0.06516544265943768 0.06518915809295901 0.06520983377733024 0.06525266087995622 0.06536290517655839
0.06512929413541733 0.06518915809295901 0.06521801916766191 0.06524686853839654 0.06529880377112009 0.06542966744373224
0.06513292742149493 0.06520983377733024 0.06524686853839654   0.065288889642818 0.06535517442991041 0.06551885017285511
0.06515677102868588 0.06525266087995622 0.06529880377112009 0.06535517442991041 0.06543788046172025 0.06563796397200511
0.06522405130682631 0.06536290517655839 0.06542966744373224 0.06551885017285511 0.06563796397200511 0.06592095656512049

cov.inverse():
 60223778.23182867 -77030524.44393735  60184.55763797218  308190.3815809414  3259072.284994042  13180194.95873059
-77030524.48241295  214704331.5383097 -129692494.3304472 -3138637.521263539 -4454992.244406761 -389294.5083572849
 60184.60829786846 -129692494.3870492  150510599.4493862 -2008626.255991471 -3215994.916539814 -15655287.06751338
 308190.3782526627 -3138637.522753026 -2008626.249333015  6732055.119480888 -259212.1225980402 -1632099.579830999
 3259072.276968295  -4454992.23849484 -3215994.912228602 -259212.1221431642  7094651.045901302 -2421875.567660487
 13180194.95789742 -389294.4946520751  -15655287.0844225 -1632099.578445061 -2421875.565008329  6917393.606376131

cov*(cov_.inverse()):
    0.9999999995343387  1.382431946694851e-10 -1.047737896442413e-09                      0  1.455191522836685e-10  2.328306436538696e-10
-3.492459654808044e-10      1.000000003001333 -1.280568540096283e-09  -1.01863406598568e-10                      0  1.746229827404022e-10
-1.164153218269348e-10 -1.065927790477872e-09     0.9999999989522621 -5.820766091346741e-11  5.820766091346741e-11  3.492459654808044e-10
-1.164153218269348e-10  7.639755494892597e-10  1.396983861923218e-09     0.9999999999563443  -2.91038304567337e-11  3.492459654808044e-10
-4.656612873077393e-10 -2.164597390219569e-09  1.629814505577087e-09 -7.275957614183426e-11     0.9999999999708962  1.164153218269348e-10
 1.164153218269348e-10  5.784386303275824e-10  4.656612873077393e-10 -4.365574568510056e-11                      0      1.000000000116415
