5
2

7.826412478848584e-05
0.0003047300078433531
0.0003704941872338179
  0.01830209477856116
     0.57037002031865

 -0.6006172106977918   0.7890884720349198 -0.02434814819955454  -0.0464738321786666  -0.1176677530892902
 -0.2886537805952753  -0.2488131429399814   0.4686723771090091   0.5969932730667461  -0.5279358386171819
  0.1096873280958636  0.08734884113732426  -0.7614237723726888   0.6295407446372131 -0.06520091804970123
 -0.5873077677137785  -0.3291768780666733 -0.00805360320187954   0.2116318696551841   0.7084202567339923
  0.4460675253814254   0.4465917219342173   0.4471267705645162   0.4475819672680719   0.4486954761538293

0.4257259324910971
0.4256161457612787
0.4255653588558688
0.4253994654028144
0.4251401406833199

0.001740259411337082
    0.42619473984476

  1.362538224656031   2.033314960397091 -0.4976623693811571 -0.5855030172512851   -2.31348315653133
  7.238650732234246  -8.014684677860092   1.260429999781978 -0.1014306445274139  0.6235855040863354

 6.723415826796144e-09 -2.420206963415626e-08  6.701818329753009e-08  -0.001081396696880467  -0.002206497281143161
-6.597718413009292e-08  9.811363760434205e-09 -1.331918342652305e-07  -0.000402939208976684     0.1456169236157798

cov:
0.06484689128652248 0.06487217213657263 0.06488661289089252 0.06490946820090515 0.06497334317443318
0.06487217213657263 0.06491987377548386 0.06496217010860768 0.06500409422410057 0.06511111137950212
0.06488661289089252 0.06496217010860768 0.06503925213467408 0.06510473268357062 0.06526538734612874
0.06490946820090515 0.06500409422410057 0.06510473268357062 0.06518671381570255 0.06538394465142819
0.06497334317443318 0.06511111137950212 0.06526538734612874 0.06538394465142819  0.0656644319907914

cov.inverse():
 59879819.86712097 -76530721.09471063  322188.7670073636  3203969.185484611  13125710.14482507
 -76530721.0952362  102376927.6842169 -4876948.499383974 -7186196.567960483 -13786168.50937489
 322188.7686338612 -4876948.501630178  6685876.316218589 -294312.1042368959 -1835136.037713696
 3203969.184242516 -7186196.566099526 -294312.1046857411  7078025.678871625 -2799874.825070278
 13125710.14496642 -13786168.50951541 -1835136.037884664 -2799874.824900143  5294345.782796607

cov*(cov_.inverse()):
     1.000000000116415                      0                      0                      0                      0
 2.328306436538696e-10     0.9999999994179234  1.600710675120354e-10                      0                      0
                     0 -2.328306436538696e-10     0.9999999999854481                      0 -5.820766091346741e-11
-6.984919309616089e-10 -8.149072527885437e-10 -5.820766091346741e-11     0.9999999999417923 -1.164153218269348e-10
-4.656612873077393e-10 -1.164153218269348e-10  -2.91038304567337e-11  -2.91038304567337e-11     0.9999999997671694
