6
2

7.163114887831702e-05
8.386366402626058e-05
0.0001120809366658947
0.0004299720886612841
  0.01193341985541843
    0.555472676740223

  0.03085600087207103   -0.3161749964703367  -0.06171530960128641    0.8187808176710307   -0.4741987235600297  0.002458163131234155
   0.1397646423453808   -0.6539263333738173    0.7155879557500929   -0.2018921471984932  0.003358251900612551 -0.002890657278141496
  -0.5350163858888451    0.4697337014604832    0.5288111999978162  -0.02550742505936326   -0.4607590828417445   0.02273477831905866
   0.3551003123945036  0.003375821832680284   -0.1559535234418731   -0.3363824611740592   -0.5361932730598756    0.6700108090397988
  -0.6333374021022053   -0.2921759948583373   -0.1166628984690539   0.09102203810752958    0.3291558961837244    0.6190945613022378
   0.4075030331499931    0.4079041109071911    0.4081079263503147    0.4083487886275844    0.4086300652544692    0.4089940969318852

0.3783036241188811
0.3783288950583981
0.3784324817984474
0.3784087811796081
  0.37838481861978
0.3783684270685873

0.0004933251431208849
   0.3785522768862687

  1.417896495973674    3.04010867775385   2.348249591952157   2.023403761075043   -8.54793854166782 -0.2818665532513785
  1.728225217520669  0.2994338582973425 -0.2816712405030222 -0.7084489465258683  0.1003472909283356 -0.1378161604828626

 2.384423744042844e-08 -3.839073744587441e-09  7.275668616690244e-08  7.138795327030279e-07 -0.0006926851064939385  -0.001778094099736653
-3.345178142097516e-09 -8.480390516148993e-11 -1.211271311147652e-08  1.388044757743549e-07 -0.0001802798441190163     0.1255149217761786

cov:
0.05129454979690257 0.05131417882307405 0.05132396632461716 0.05133551087668519 0.05134938938467825 0.05136908695562129
0.05131417882307405 0.05135047293592997 0.05136881572735232  0.0513904884593011 0.05141597983301262 0.05144973557419353
0.05132396632461716 0.05136881572735232 0.05139157640730208 0.05141845242264619 0.05144991930355115 0.05149091011562963
0.05133551087668519  0.0513904884593011 0.05141845242264619 0.05145150853978321 0.05149004182705507 0.05153959342011076
0.05134938938467825 0.05141597983301262 0.05144991930355115 0.05149004182705507 0.05153669371142456 0.05159605887102537
0.05136908695562129 0.05144973557419353 0.05149091011562963 0.05153959342011076 0.05159605887102537 0.05166770932532085

cov.inverse():
 26434021.11517095 -34894408.02464538 -8971590.709755102  1351599.891127779  15807276.70396128  273242.5993928932
-34894408.02596903  97849018.35589963 -42960035.01559043 -32642058.92754504  11668468.32763797  978377.5691067596
-8971590.706714787 -42960035.01639019  95942482.14733101 -31179889.22648965 -12898616.46253501  67657.89494006139
 1351599.889368262  -32642058.9337749 -31179889.21305861  137116044.1110317 -73855096.27975059 -789614.0246071913
 15807276.70360757  11668468.33529414 -12898616.47637619  -73855096.2728321  62281881.18840152 -3004225.595479439
 273242.5997894248  978377.5671566249  67657.89759066689 -789614.0260839129  -3004225.59509972  2474395.158702858

cov*(cov_.inverse()):
    0.9999999999654392   3.41970007866621e-10  1.559783413540572e-10  9.022187441587448e-10 -9.313225746154785e-10  -2.91038304567337e-11
-2.455635694786906e-10      1.000000000749424  9.322320693172514e-10   4.94765117764473e-10 -6.402842700481415e-10                      0
 -1.14596332423389e-10  6.184563972055912e-10      1.000000000087311 -2.692104317247868e-10 -4.365574568510056e-10  -2.91038304567337e-11
-2.710294211283326e-10  6.257323548197746e-10 -5.838955985382199e-10      1.000000001928129 -6.402842700481415e-10                      0
-2.237356966361403e-10  7.712515071034431e-10 -2.314664016012102e-10    7.8580342233181e-10     0.9999999995634425  1.455191522836685e-11
 -1.14596332423389e-10  1.964508555829525e-10  2.587512426543981e-10   4.43833414465189e-10 -4.074536263942719e-10                      1
