5
2

 0.000142140190229061
0.0005195509886350538
0.0007137276561586077
  0.01977931450672909
   0.5220539321632646

 -0.5058639935856645    0.828929179568195  -0.0404078022768022 -0.05360000212165918  -0.2290682966752034
 -0.2583168463486628  -0.2430946494581762   0.3441430738137156    0.688319016298041  -0.5309989405317426
  0.1420281807026722  0.09501456980946789  -0.8243061362676453   0.5374348650506615  0.04983359258265935
 -0.6776206184904464    -0.21298864291071  0.01993613855358569   0.1843443373805868   0.6790330264743856
  0.4450082248329325   0.4465304874027993   0.4472747459361917   0.4478000699851944    0.449442546517161

0.3942294896379429
0.3943966155701214
0.3945285595229877
0.3945350703829403
 0.394609269240836

-0.0004089883054112376
    0.3943592266308426

   2.206790697295248  0.04868389440441397 -0.04954020665594398  -0.1553521924300608   -2.050653307864916
   1.185668425952498   0.1351559613050976   0.0268695040042968 -0.01449132221833691  -0.3331173696057614

 -1.20397090658634e-08  1.033919686433097e-07  8.823204031587233e-08  -0.001145426767577363  -0.002615513962132785
-8.319021841747766e-09 -4.399278605314225e-08  6.861859257474383e-08 -0.0004149110891627319     0.1209520738145341

cov:
0.05415145996781411 0.05421289219072528 0.05424131101606164 0.05426151383318324 0.05432962754574212
0.05421289219072528 0.05435945112615885 0.05443051936348075 0.05448079369429783 0.05463951227038218
0.05424131101606164 0.05443051936348075 0.05452350274863356 0.05458828242897258 0.05479245088728546
0.05426151383318324 0.05448079369429783 0.05458828242897258 0.05466468864647166 0.05490045915819919
0.05432962754574212 0.05463951227038218 0.05479245088728546 0.05490045915819919 0.05523322642463521

cov.inverse():
 12953806.60705515 -20495251.51451433  452539.0528048629  832864.2696069625  6256283.148318868
 -20495251.5144552  34246327.88297278 -2121549.558924871 -2718856.615971268 -8911155.957866933
 452539.0526944008 -2121549.558759496  1853437.680206379  115102.0157285106 -299446.4144906672
 832864.2696475015 -2718856.616029462  115102.0157237958  2464477.175806351  -693420.585626254
 6256283.148329658 -8911155.957914978 -299446.4144310385 -693420.5856486242  3647753.473340672

cov*(cov_.inverse()):
                     1 -5.820766091346741e-11 -1.818989403545856e-12 -1.455191522836685e-11  -2.91038304567337e-11
 1.164153218269348e-10                      1 -5.456968210637569e-12 -2.182787284255028e-11  -2.91038304567337e-11
-5.820766091346741e-11                      0      0.999999999992724 -1.455191522836685e-11 -8.731149137020111e-11
-1.164153218269348e-10 -5.820766091346741e-11 -1.091393642127514e-11     0.9999999999708962 -5.820766091346741e-11
 5.820766091346741e-11                      0                      0  7.275957614183426e-12     0.9999999999417923
