6
2

5.513341825264031e-05
9.836490522836358e-05
0.0003280273399040243
0.0003516614594363417
  0.02012858843217897
   0.6261991879036449

  -0.2230420837610804    0.7876098428911773   -0.5740961904704139 -0.007768350526145019 0.0006921795245883253   0.01660427527528456
   0.6690624587110247   -0.2915376248990496   -0.6549917237763299   0.03409099996238896   0.06018822225642609    0.1832000628260448
    0.111668226565246    0.1072047790918242    0.1244677901223362   -0.8981042147400239    0.2675368054268595    0.2870156597572746
  0.04758688057453379   0.07753205167023071    0.1041848652968151  -0.02000150910897162   -0.7969653365213695    0.5876359209755802
   -0.567632345899081   -0.3332965562903563   -0.2208272217407802    0.1578038434243673    0.3497812335663345    0.6088458747808468
   0.4070219540481047    0.4075363425730565     0.407784289882856    0.4085145805864629    0.4090235904679594    0.4096031875104723

 0.424738083488268
0.4245852805976308
0.4245846697265122
0.4242808646470169
0.4241447676664888
 0.423942148432423

0.002270545159043358
  0.4253120603487841

  1.259170467663074  -1.053470539418644   3.409123720422213 -0.6002549477091529 -0.4401440047076915  -2.575038560685824
  7.012997871979919  -1.221781326600453  -6.628227937638694 -0.1215408449015566   0.741759776660975   1.223163668038638

-9.441699414029337e-09 -1.550097759916631e-08  1.444650014589688e-08 -1.010322577380375e-07  -0.001188307491712863   -0.00259453421720698
 3.953204173795234e-09  9.341214304670964e-08  5.227505055583584e-08 -3.976009187288304e-08 -0.0004557660133121875     0.1601418106283735

cov:
0.06509274319186541 0.06512094169509162 0.06513464800856462 0.06516411781850297 0.06520121591645583 0.06523415069662086
0.06512094169509162 0.06517150476034723 0.06519593860411577 0.06526149964420405 0.06531692376464683 0.06537457598115189
0.06513464800856462 0.06519593860411577 0.06522552860136201 0.06530840706091362  0.0653726281898802 0.06544214593923479
0.06516411781850297 0.06526149964420405 0.06530840706091362 0.06544969899038268 0.06554340026671762 0.06565280355232063
0.06520121591645583 0.06531692376464683  0.0653726281898802 0.06554340026671762  0.0656523563039484 0.06578189516681408
0.06523415069662086 0.06537457598115189 0.06544214593923479 0.06565280355232063 0.06578189516681408 0.06593899513861684

cov.inverse():
 62766085.39467937 -77810047.94597262 -2997325.177760633   1987414.12770938  4081652.863243224  11972882.48414277
-77810047.89936982  213016261.7017024 -128827981.3886557 -3947500.203939387 -1867578.928557551   -563831.75968049
-2997325.229851936 -128827981.3169225  152998931.1070626 -1896415.477387409 -4567299.776220936 -14710948.04096353
 1987414.124110466 -3947500.207192868 -1896415.468512866   7639331.20436587 -1893673.976343094 -1887345.567884872
 4081652.866853604 -1867578.940993879 -4567299.767351907  -1893673.97609728  6176108.738665285 -1929483.618592473
  11972882.4896192 -563831.7691225085 -14710948.03906273 -1887345.566108504 -1929483.618303615  7118262.365279675

cov*(cov_.inverse()):
     1.000000000116415 -5.093170329928398e-10  3.492459654808044e-10  4.365574568510056e-11 -4.365574568510056e-11 -5.820766091346741e-11
                     0     0.9999999990541255  1.746229827404022e-09  7.275957614183426e-11  -2.91038304567337e-11  5.820766091346741e-11
-6.984919309616089e-10   2.86672729998827e-09     0.9999999995343387  1.455191522836685e-11 -5.820766091346741e-11 -5.820766091346741e-11
-3.492459654808044e-10  2.895831130445004e-09 -1.513399183750153e-09      1.000000000029104 -1.309672370553017e-10 -1.746229827404022e-10
-3.492459654808044e-10  1.789885573089123e-09  1.746229827404022e-09  1.455191522836685e-11     0.9999999999126885 -5.820766091346741e-11
-1.164153218269348e-10  8.003553375601768e-11 -1.164153218269348e-10  1.455191522836685e-11  1.455191522836685e-11     0.9999999999417923
