5
2

0.0001885742206877344
0.0005030637123458343
0.0006669111416588475
  0.01701003147671679
   0.5172217318670771

 -0.4109627091550828   0.8563518627001524 -0.06335319232830496 -0.08907897442514041  -0.2929546863784107
   0.120446929674863   0.1787099444415374  -0.1789367830547509  -0.7362593046427041    0.616002562402674
  0.1782683322285965   0.1200092881329376  -0.8717065697725918   0.4082766046032527   0.1650940423976642
 -0.7659809922253481  -0.1437896571811261  0.06292460803523028   0.2873626597597586   0.5532276651764764
  0.4450794424478842    0.446818249691351   0.4473657906129441   0.4480179556132143   0.4487777874298702

0.3981747723219932
0.3982887219498127
0.3982687970006237
0.3982358091715767
0.3982204844911328

0.0003531982129454142
   0.3984042154526696

   3.332810602715003   -1.166704901823219  -0.1093053844551966  -0.5233308459293189   -1.533380366417467
   1.442902217089516  -0.1038359306888335 -0.04307855942566316  -0.1944654036598215  -0.1015754118699041

-6.635601354167349e-08 -8.775948457346246e-08  3.673167209490769e-08  -0.000981063800502032  -0.002527435737666963
-2.247727574359354e-08  6.163626096929258e-08  8.279366238987477e-08 -0.0003486828066622017     0.1187325677825053

cov:
0.05316401960009367  0.0532331364683921 0.05325244032928487 0.05328043430400427  0.0533120064259643
 0.0532331364683921 0.05341513199595568 0.05347188338218536 0.05354054276407933 0.05362034788279581
0.05325244032928487 0.05347188338218536 0.05354157862843967 0.05362324409266975  0.0537190536852226
0.05328043430400427 0.05354054276407933 0.05362324409266975 0.05372040548101506 0.05383328370634016
 0.0533120064259643 0.05362034788279581  0.0537190536852226 0.05383328370634016 0.05396725878471968

cov.inverse():
 4880221.165224479 -9763154.174765522   297443.464779089  841936.2717360152  3743506.156905557
-9763154.174769729  20781081.75184854 -1887249.059858604    -2555071.492293 -6575586.396355753
   297443.46481712 -1887249.059940604  1947860.625158366 -120841.7833715943 -237074.7847250269
 841936.2716768028 -2555071.492162494 -120841.7833978214  2740188.511440543 -906166.6285713321
 3743506.156930943 -6575586.396408466 -237074.7847427683 -906166.6285262654  3975183.637885381

cov*(cov_.inverse()):
     1.000000000029104 -5.820766091346741e-11 -5.456968210637569e-12   2.91038304567337e-11   2.91038304567337e-11
 5.820766091346741e-11      1.000000000058208 -7.275957614183426e-12  1.455191522836685e-11  5.820766091346741e-11
  2.91038304567337e-11  5.820766091346741e-11     0.9999999999890861  5.820766091346741e-11  5.820766091346741e-11
 8.731149137020111e-11  5.820766091346741e-11 -3.637978807091713e-12      1.000000000014552  5.820766091346741e-11
                     0 -5.820766091346741e-11  5.456968210637569e-12 -7.275957614183426e-12                      1
