7
2

5.504330543066756e-05
7.665915416617592e-05
0.0001768243635176739
0.0003164898517458225
0.0003691698485175694
  0.02303250528104473
   0.6777584131811988

  0.02089099737818619     -0.26511790541181    0.7918020430850735   -0.5495349906568221 -0.005921144114671303 -0.007697321911966347   0.01557473455522305
  -0.3061212987627384     0.786685412263729  -0.09036930918384023   -0.5190337098255337   0.01745279157625708   0.01481102947420844   0.09658800168628462
   0.6647772390075076   -0.1623735667481381   -0.4295176854973212   -0.5104380336481463   0.04202164186013758    0.1400198170681889    0.2555430519756917
  -0.1541018425424287   -0.1150975228431491   -0.1086091623928058   -0.1365461461665324    0.4047004929569868    0.6725163367384961   -0.5625865888838865
  0.05119947365322763   0.07966955283047827   0.07097008154446989   0.06707285389901096   -0.8238804561743481    0.5501769084407727  0.004713745574356581
  -0.5434941050801105   -0.3499431983043504   -0.1444891859789166  -0.04590927918595179    0.1112809583278112    0.2862871341412054    0.6817810162085245
   0.3770542838050577    0.3773837088835097    0.3777401790570041    0.3779114132114829     0.378086729444332    0.3783948447496251    0.3791763319473659

0.4234375033318177
0.4233694201979943
0.4232332026919026
0.4232416671718708
0.4231549226232217
0.4229636950187486
0.4226615404759545

0.00203740153400295
 0.4238941661510149

-0.5207561177681761   2.720861712700079  -1.925820362131896   3.487950089080044 -0.5259938175693019 -0.6261071322661864  -2.610788866143423
  8.889542029487444  -6.178238337064572  -1.589181605907556  -3.503559179650791   1.209232049267293  0.4545010828456197   1.724404251981137

-1.274493842045501e-08  2.309066818587954e-09 -7.873403194595275e-08  3.353934477920024e-08   4.96025555085576e-08  -0.001362714505478893  -0.002115042829551629
 7.595266906388801e-09 -3.188149892279664e-08  3.107547694203166e-07 -1.831914639158176e-08 -1.530405959863274e-07 -0.0004448568899580063     0.1740820429141417

cov:
0.06546339625743938 0.06546462895694052 0.06546712951843382 0.06546836436258029 0.06545340417987289 0.06545631989955478 0.06547766337874608
0.06546462895694052 0.06548581385474431 0.06550946432608465 0.06552084745154263 0.06552204112772297 0.06554297659148417 0.06560503744008553
0.06546712951843382 0.06550946432608465 0.06555557628476076 0.06557773050546704 0.06559608122994205 0.06563613925788249 0.06574143250849868
0.06546836436258029 0.06552084745154263 0.06557773050546704 0.06560506037295956 0.06563163935154721 0.06568087207297507 0.06580691280362634
0.06545340417987289 0.06552204112772297 0.06559608122994205 0.06563163935154721 0.06567149001722263 0.06573519047024176 0.06589427547594018
0.06545631989955478 0.06554297659148417 0.06563613925788249 0.06568087207297507 0.06573519047024176 0.06581544692618284 0.06601122531577015
0.06547766337874608 0.06560503744008553 0.06574143250849868 0.06580691280362634 0.06589427547594018 0.06601122531577015 0.06629045584955885

cov.inverse():
 30481285.84096019 -46052477.08220389  1228885.505839622  12630665.26511106 -988771.9014268428  1324167.280740832  1375791.287102629
-46052477.09318712  129532381.3326852 -78986708.27497503 -18547739.22901861  1689530.001665561  1477774.049719548  10888756.68058034
 1228885.605321944 -78986708.47228101  214375153.4080551 -128439505.5396774 -3260954.057281505 -4605642.996588431 -313145.9315625958
 12630665.16648237 -18547739.02215941 -128439505.6549115  154068067.0394622 -2110670.454148538 -2843890.088246805 -14758358.61774519
-988771.9007425875  1689530.002333533 -3260954.059075204 -2110670.454391101   6735551.63527817 -361494.2707854656 -1701516.777633541
 1324167.282040111  1477774.046329679 -4605642.988481088   -2843890.0945742 -361494.2711168833  7420392.067604627 -2409583.304274737
 1375791.295249248  10888756.66276489 -313145.9204625541 -14758358.61818215 -1701516.777986226 -2409583.304916689  6916961.848240693

cov*(cov_.inverse()):
    0.9999999999708962  1.164153218269348e-10 -1.287844497710466e-09 -1.164153218269348e-10                      0  5.820766091346741e-11                      0
-7.275957614183426e-11      1.000000000931323  1.877197064459324e-09 -3.725290298461914e-09  5.820766091346741e-11   2.91038304567337e-11  2.328306436538696e-10
-1.600710675120354e-10  8.149072527885437e-10      1.000000000007276  1.164153218269348e-10 -1.455191522836685e-11                      0  2.328306436538696e-10
-1.164153218269348e-10 -1.280568540096283e-09  2.663000486791134e-09     0.9999999965075403 -5.820766091346741e-11   2.91038304567337e-11  1.746229827404022e-10
-2.764863893389702e-10  1.164153218269348e-09  4.583853296935558e-10 -4.074536263942719e-09                      1  -2.91038304567337e-11  1.746229827404022e-10
-7.275957614183426e-11 -3.492459654808044e-10  5.311449058353901e-10 -1.862645149230957e-09  -2.91038304567337e-11      1.000000000029104  5.820766091346741e-11
 8.731149137020111e-11  5.820766091346741e-10  6.002665031701326e-10 -6.984919309616089e-10                      0                      0      1.000000000174623
