5
2

  8.2650080413959e-05
0.0001464425413756027
0.0006434524402184309
  0.01393463700135901
   0.5183614167481612

 -0.2601867030542886   0.7799585785782168  -0.5674048053893845 0.002784506533089271  0.04485006800874206
 -0.6381916195479787   0.2850290915041092   0.6634448486686539 -0.04750122320266596  -0.2627821156478254
  0.1593871922534355   0.1605653732162157   0.1736953973308187  -0.8780352091323897    0.384315709201996
 -0.5483255429148147  -0.2918891605576171  -0.0888107629863923   0.1627887295366523   0.7614146668207549
  0.4460371713492132   0.4465898695352333   0.4470293915615898   0.4475375753803258   0.4488687691364484

0.3977421995796375
0.3978429398547845
0.3978304008350191
0.3978188855066876
0.3977852525843973

0.0002327153976696838
   0.3979082568303589

   4.489331140282633    3.323529356421348   -6.053612784224336  -0.1524783105407828   -1.606852302137319
   2.419067904329282 0.001112276365439258   -1.162658317015466 -0.05433619660759043  -0.2033566480900217

 3.269680703323157e-08 -1.180461790504459e-07 -1.183947923708527e-07  -0.000804345626333196  -0.002414343438962476
 1.494923280492268e-10 -4.844202469156873e-08  6.349355469064427e-08 -0.0002693561611901317      0.119342614809124

cov:
0.05351575228206962 0.05355467556025558 0.05358572827360972 0.05361978522999536 0.05371567829491639
0.05355467556025558 0.05360647540423912 0.05364770326065429 0.05369435311990303 0.05382024809611499
0.05358572827360972 0.05364770326065429 0.05369700646993587 0.05375362082399688 0.05390328309822628
0.05361978522999536 0.05369435311990303 0.05375362082399688 0.05382306727374346 0.05400161041236712
0.05371567829491639 0.05382024809611499 0.05390328309822628 0.05400161041236712 0.05425087335902898

cov.inverse():
 28965003.06655601    -38127281.04078  1935572.518786599  969053.1749381877  6257609.727401959
-38127281.02830612  92905636.49966781 -55900245.67212722 -654157.9529391817  1776205.629850377
 1935572.502816026 -55900245.65206762  67727750.12334153 -2069236.873078816 -11694032.29851627
 969053.1756739329 -654157.9541395565 -2069236.872725138  1968535.001862686 -214039.0345126713
 6257609.730162957  1776205.623464995 -11694032.29478096 -214039.0346236194  3874197.674755221

cov*(cov_.inverse()):
     1.000000000232831 -7.130438461899757e-10  4.656612873077393e-10 -1.455191522836685e-11   2.91038304567337e-11
-5.820766091346741e-11     0.9999999995779945                      0                      0   2.91038304567337e-11
-1.164153218269348e-10 -2.473825588822365e-10      1.000000000465661 -1.091393642127514e-11 -1.164153218269348e-10
-1.164153218269348e-10  -3.92901711165905e-10 -2.328306436538696e-10      1.000000000005457                      0
-2.328306436538696e-10 -1.891748979687691e-10 -2.328306436538696e-10 -9.094947017729282e-12                      1
