5
2

0.0001160584042610547
0.0003899714852249982
0.0006791419822175308
   0.0223712711388969
   0.5193167257358489

  0.6299132166563037  -0.7713464502961995  0.01770004562099337  0.05038877681580363  0.07335988449543276
  0.1000295717319584  0.09016296784928965 -0.05227684601685873  -0.7652322468782843   0.6273368024561221
  0.2168294041712056   0.1940924111848649    -0.89248019241948    0.278567643716929   0.2029589106693567
 -0.5899381415186726  -0.4005798175544526  0.01950875332450777   0.3648658111315115   0.5983319708661768
  0.4451532577990236    0.445824223806365   0.4472721257111338   0.4485014908001557   0.4493032348539787

0.3984736947946644
0.3985223257860309
0.3985927674166441
0.3985853100237335
0.3985588739218971

0.0002206066765466593
    0.398684875730564

   1.084580115875335    1.494512636654022 -0.02742976169625645   -0.794224965257592   -1.757535463081207
   1.579125882994446  -0.2625826728811564 -0.08669156090354047  -0.1727059076669845 -0.05704348897894018

-8.607499749441006e-09 -3.803866278309533e-08 -1.302059404536454e-08  -0.001291431075985135  -0.002441154302061536
 1.593223052891252e-08  3.576726916702289e-08  1.425758452772778e-07 -0.0004630573211672536     0.1197487482116151

cov:
0.05361633367211628 0.05364096328221545 0.05369065402586035 0.05373638375750057 0.05376371906169734
0.05364096328221545 0.05368368628182974 0.05377344706438318 0.05385211652468219 0.05390172050171044
0.05369065402586035 0.05377344706438318 0.05395265006523706 0.05410383748942657  0.0542028472044552
0.05373638375750057 0.05385211652468219 0.05410383748942657 0.05431583459327647 0.05445527110025394
0.05376371906169734 0.05390172050171044  0.0542028472044552 0.05445527110025394  0.0546224575700578

cov.inverse():
 29626762.69676514 -35921542.18549838  373786.2215272474  1983660.608155352  3938067.536053657
-35921542.18519995  44307322.49197197 -1420183.742326506 -3222313.296834011 -3744160.797497812
  373786.220991846 -1420183.741670334  1768166.051497804 -209745.0709118961 -511945.1071398012
 1983660.608205586 -3222313.296941576 -209745.0708293905  4207545.064068792  -2759212.50638851
 3938067.536240367 -3744160.797747963 -511945.1071015245 -2759212.506363341  3077399.061149484

cov*(cov_.inverse()):
     1.000000000320142  -4.94765117764473e-10  3.637978807091713e-12   2.91038304567337e-11   2.91038304567337e-11
 -2.91038304567337e-11      1.000000000291038 -1.455191522836685e-11  -2.91038304567337e-11                      0
 -2.91038304567337e-11  -2.91038304567337e-11     0.9999999999854481  -2.91038304567337e-11                      0
 3.492459654808044e-10 -2.328306436538696e-10  3.637978807091713e-12      1.000000000029104  -2.91038304567337e-11
 8.731149137020111e-11   2.91038304567337e-11                      0  -2.91038304567337e-11      1.000000000029104
