6
2

8.688671597742535e-05
0.0003839300928728769
0.0005459372527894816
0.0007115529091288965
  0.01827299119589285
   0.5727126966667609

  -0.5919857248292901    0.7954432295541607  -0.01373730402228879  -0.02137632282330407  -0.05250402684132324   -0.1158474713620735
   0.1362019997991013    0.1385117267395836  -0.05165835313590842  -0.08829363396696224   -0.7539347246095359    0.6191781622331989
   0.2630837535159613    0.2281995641270697   -0.3694749597199495   -0.7355502806763806    0.3870398655839759    0.2266408585267588
   0.1514073932315281     0.114599308561643   -0.8281859166795504    0.5257437192722683   0.04036146548064305 -0.003921851054884982
  -0.6113570897144179   -0.3421673819245079  -0.09116381677887919   0.08621319376900409     0.331463667043988    0.6193159716679789
   0.4063338105742246    0.4071830181483544    0.4079561264319813      0.40850201772607    0.4093026877216101    0.4101999931253487

0.3941563047010865
0.3942285586368618
0.3943618387171678
0.3943704724882544
0.3944054728294161
0.3944466395206879

-0.0004306841235911139
    0.3941828617585789

    3.804502287842042    -1.313090342860209  -0.02666768038422121   -0.1186286719884132   -0.6150315718028553    -1.731174666074889
    1.386458446887024    0.2143524268876086 -0.000789610859357609   -0.0636617279660045  0.001441063517611002   -0.5377181808164362

-2.310806314276586e-08 -3.833310960630143e-08  5.006298876308706e-08  1.859332834595138e-07  -0.001055269120722801  -0.003270612254270955
-4.428941799598202e-09 -1.619057749588969e-08   1.01180207566656e-07    1.0320365571866e-07 -0.0004203568025627146      0.132621936506718

cov:
0.05427995880324415 0.05433817665603062   0.054389856964441 0.05442647774669394 0.05448316273708708 0.05454400487342954
0.05433817665603062 0.05442084221721444 0.05449531407389926 0.05454800857472519 0.05462695726249805 0.05471392467074233
  0.054389856964441 0.05449531407389926  0.0545915855146873   0.054658704524646 0.05475846141409369 0.05486979305507027
0.05442647774669394 0.05454800857472519   0.054658704524646 0.05473739497575434 0.05485136895370964 0.05497988949847951
0.05448316273708708 0.05462695726249805 0.05475846141409369 0.05485136895370964 0.05498619688876867 0.05513834771976561
0.05454400487342954 0.05471392467074233 0.05486979305507027 0.05497988949847951 0.05513834771976561 0.05531871603753376

cov.inverse():
 46825600.76939098 -62011131.41587557  455863.4232034808  1102459.088067323  3773606.371133699  9854168.439461762
 -62011131.4151357  84144211.67966914  -1966242.06131628 -2779577.974170311 -5935492.111217336 -11452601.17728324
 455863.4230965989 -1966242.061187435  1855841.340342463  121665.7369911819 -186142.1234994804 -280899.9882165205
 1102459.087746999 -2779577.973763482  121665.7369916895  2474626.673567401 -312903.7376557228 -606094.9379737399
 3773606.369515278 -5935492.109119943 -186142.1235271648 -312903.7376652586  4727539.349564069 -2066664.956348165
 9854168.440767489 -11452601.17917641 -280899.9881673794  -606094.937877188 -2066664.955906396  4552173.525915665

cov*(cov_.inverse()):
    0.9999999995343387 -1.164153218269348e-10 -9.094947017729282e-12 -7.275957614183426e-12 -7.275957614183426e-11 -1.455191522836685e-10
-5.820766091346741e-10      1.000000000582077  -2.91038304567337e-11                      0 -8.731149137020111e-11  -2.91038304567337e-11
                     0                      0                      1 -4.365574568510056e-11  -2.91038304567337e-11                      0
-2.328306436538696e-10 -1.164153218269348e-10 -5.456968210637569e-12     0.9999999999636202 -7.275957614183426e-11 -5.820766091346741e-11
-1.164153218269348e-10 -3.492459654808044e-10 -2.728484105318785e-11  -2.91038304567337e-11     0.9999999999708962   2.91038304567337e-11
 1.164153218269348e-10  1.164153218269348e-10 -1.637090463191271e-11                      0                      0                      1
