5
2

9.242674417062403e-05
0.0001919015311003263
0.0006377457018556224
  0.01771255711172478
   0.5190747600064646

 -0.4079926923844256   0.7918009781256583  -0.4508100371081479 0.009832728501447223  0.05715594363603677
 -0.5249350463343059   0.1840532174331553   0.7531934818025121 -0.06784313045262413  -0.3444771384331644
   0.119389904048874   0.1381290935536194   0.1709771603737271  -0.8645033345442861   0.4359669706727827
 -0.5874807291809762  -0.3477325085951634  0.01409245244862234   0.2177760123802134   0.6973689887877577
  0.4456429105720153   0.4462937151382763     0.44725619372713   0.4477814423289426   0.4490857303049274

0.4005097554420536
0.4005435499985853
0.4006111339347464
0.4005794745872971
0.4005290884580247

0.0004424502310567743
   0.4007493552522979

   2.006289160634196    3.134628268241113   -3.696368337272638    -0.10479479324431   -1.339666772269653
    1.18386476953977   0.7049605425382641  -0.7607695359406105 -0.05119462340845776 -0.07681983639148907

 2.778266443952701e-08 -1.028084114900995e-07 -1.842177553522042e-07  -0.001028366785730218  -0.002349663939119889
 3.530261113167985e-09 -3.810674124826694e-08  4.856632744710461e-08 -0.0003187786787983234     0.1197705313029099

cov:
0.05361815935064272 0.05365209796075954 0.05370097189335887 0.05372646272260035 0.05379474609422977
0.05365209796075954 0.05370421486327537 0.05378047545032097 0.05382135430927349 0.05392594326792496
0.05370097189335887 0.05378047545032097 0.05389808449203156  0.0539621851854266 0.05412156543166274
0.05372646272260035 0.05382135430927349  0.0539621851854266 0.05403983885158776 0.05422951177710843
0.05379474609422977 0.05392594326792496 0.05412156543166274 0.05422951177710843 0.05449249568614824

cov.inverse():
 27004182.77782951 -40398151.96097988  10844176.97764407  243282.8561208121  2307259.904669683
-40398151.95839362  74357152.85329922 -37961983.88326351  278456.6019571708   3723267.71733001
 10844176.97365611 -37961983.87852678  39266540.36786467  -2269868.71199231 -9878364.220510019
 243282.8561663547  278456.6021376761 -2269868.712354033  1973999.793858105 -225784.6935282854
 2307259.906025809  3723267.714999032  -9878364.21939946  -225784.693663958  4073561.725861662

cov*(cov_.inverse()):
    0.9999999999272404  1.746229827404022e-10                      0 -1.818989403545856e-11 -8.731149137020111e-11
 1.455191522836685e-11      1.000000000320142  1.164153218269348e-10 -9.094947017729282e-12                      0
 1.309672370553017e-10  3.492459654808044e-10      1.000000000349246 -9.094947017729282e-12                      0
 1.455191522836685e-11  6.984919309616089e-10 -1.164153218269348e-10      1.000000000001819                      0
 -1.01863406598568e-10  8.731149137020111e-11                      0                      0                      1
