5
2

 5.91674768300167e-05
0.0001966185084588212
0.0004353840460706237
  0.01947185948774792
   0.5586563395273235

 -0.1119192049412845   0.7324173829510667  -0.6704615432048365  0.01331039895688252  0.03664725200365334
 -0.5694485253079185    0.462210332626723   0.5793797331793049  -0.1495961378737845   -0.322536983541511
 0.05170151680675383  0.08253528773390252  0.09696222781136922  -0.8063955075135476   0.5751864839149016
 -0.6806164118643515  -0.2096381005054616 -0.07549803235820539   0.3546080077662514   0.6011375671636631
  0.4441742019193872   0.4462803812171769   0.4468767361950752   0.4488020444504178   0.4499122216996218

0.4168608046490702
0.4168830538864565
0.4169463604211053
0.4168698646144844
0.4168326798911786

0.0005247314230740861
   0.4171204481458916

  2.319603604455581   2.308977985142912  -2.504613574351464 -0.6091907700770477  -1.514482975260222
  1.822747852701024 -0.4627137777296158 -0.4790998975730933 0.09046861448629032 0.02762895822830866

 1.066748324247371e-08 -4.349793303507565e-08 -5.918327746038717e-08   -0.00113751801482687  -0.004146003755939213
 -7.68302168832635e-10 -5.999302885968477e-08 -8.997934940808403e-09 -0.0004014205560908583     0.1379630608050452

cov:
0.06174947532320402 0.06191988281303065 0.06196793495522603 0.06212384620709974 0.06221414338707085
0.06191988281303065 0.06217582258699438 0.06224822113568101  0.0624821709421011 0.06261722264358872
0.06196793495522603 0.06224822113568101 0.06232756045533083 0.06258373451371498 0.06273153412969695
0.06212384620709974  0.0624821709421011 0.06258373451371498 0.06291138235608212 0.06309982049250092
0.06221414338707085 0.06261722264358872 0.06273153412969695 0.06309982049250092  0.0633120500032632

cov.inverse():
 11981380.19669614 -30200677.59064927  12926713.31420055  1557459.562618538  3735201.606271392
-30200677.59800224  158794908.1401247 -133301119.4178182  644836.4987797543  4060961.913929526
 12926713.32328863 -133301119.4325609    137137687.43341 -5203719.154834944 -11558341.53476069
 1557459.561859275  644836.5010019098  -5203719.15605926  4060275.155685081 -1058870.007901688
 3735201.605295618  4060961.919096945 -11558341.53919095 -1058870.007663106  4820875.003327913

cov*(cov_.inverse()):
    0.9999999997962732  4.365574568510056e-10  6.984919309616089e-10 -1.455191522836685e-11 -5.820766091346741e-11
 8.731149137020111e-11      1.000000002240995 -4.656612873077393e-10                      0 -5.820766091346741e-11
                     0  1.193257048726082e-09     0.9999999987194315   2.91038304567337e-11                      0
-1.746229827404022e-10  1.979060471057892e-09 -1.164153218269348e-10      1.000000000014552  5.820766091346741e-11
-8.731149137020111e-11  2.328306436538696e-10 -1.164153218269348e-10  1.455191522836685e-11      1.000000000058208
