6
2

7.835969453096083e-05
0.0001059155104928955
 0.000139808086403019
0.0001560235679571882
 0.008837196703864882
   0.6283610613862677

-0.009537420600144668  -0.03288398312337319  -0.09641128374536151   -0.2406169078780027    0.8453331713022998   -0.4658839756506275
  0.05165077344920393   0.07639459941693987    0.4364329518766957   -0.8429962815017763  -0.02135425612841024    0.2998726503327672
  -0.4769709361611169   -0.1600206718465211    0.7636532178396147    0.2365252504895325  -0.03696983711371159   -0.3262129834130261
   0.5397291847497103   -0.8225994726899504    0.1640720089237976   0.05534445487043191    0.0280604134872998   0.03539060690852689
  -0.5586943202805099   -0.3526705057138046   -0.1535660781764802   0.07573713562810437    0.3404497689412205    0.6467298289348369
   0.4077904178419287    0.4079577372050192    0.4081209885403733    0.4083104903137014    0.4085286090444291    0.4087806717247073

0.4012306802002285
0.4014324954966147
0.4014456334196734
0.4014602090688823
0.4014783727925776
0.4014983326120437

-0.0004336653587804989
    0.4013645157693531

-0.9946649961499009    1.09055918279644   3.478257685874938   5.002337013646451   3.230050911510183  -11.80658853417173
 0.6912967788927671  0.1465014081262084  0.5041991617898951  0.8901192235260202  0.4782726740197927  -1.710586290557335

 4.092842006963761e-08 -7.040965698354357e-08  1.538552680526781e-07 -2.224039385749562e-08 -0.0005092000391019525  -0.002129414474461203
  5.69222228289971e-09 -1.129203763315977e-08  1.529949679166583e-08  8.215176919268514e-09 -0.0001086599072647458     0.1607081201923312

cov:
0.06568313116122693 0.06570106138709253 0.06571866392439775  0.0657391736314191 0.06576274585685386 0.06578997022121325
0.06570106138709253 0.06572236467039887  0.0657431546221055 0.06576736626139126 0.06579521131184657 0.06582737850808773
0.06571866392439775  0.0657431546221055 0.06576709287891923 0.06579486499050229 0.06582683749004405 0.06586378012739405
 0.0657391736314191 0.06576736626139126 0.06579486499050229 0.06582678177834117  0.0658635011214127 0.06590594689356612
0.06576274585685386 0.06579521131184657 0.06582683749004405  0.0658635011214127 0.06590572795064983  0.0659545229205334
0.06578997022121325 0.06582737850808773 0.06586378012739405 0.06590594689356612  0.0659545229205334 0.06601068232051552

cov.inverse():
 23862336.90600188 -13928100.24955471 -12836729.64191293 -8052798.373388077  110502.6319558885  10844647.55801926
-13928100.25089008  29804899.88445679 -8306976.756558923 -8259025.799864612 -5319670.725435849  6008952.064677281
 -12836729.6499002  -8306976.75337055  49434208.88679809  -19404524.9714347 -15359727.67041634  6473918.878672606
 -8052798.37019195 -8259025.791859216 -19404524.98493328  75764957.14205644 -31904516.75090113 -8144065.363636514
 110502.6512244442 -5319670.753949166 -15359727.66629424 -31904516.74744573  116522259.8244319 -64048920.28592389
 10844647.54487713  6008952.080661532  6473918.883250167 -8144065.369388943 -64048920.28759105  48865423.52701691

cov*(cov_.inverse()):
                     1  5.820766091346741e-11 -3.492459654808044e-10 -3.492459654808044e-10 -9.313225746154785e-10                      0
 3.492459654808044e-10                      1  -2.91038304567337e-10  4.656612873077393e-10 -9.313225746154785e-10 -9.313225746154785e-10
                     0 -1.164153218269348e-10     0.9999999999417923 -1.164153218269348e-10  9.313225746154785e-10 -9.313225746154785e-10
 1.164153218269348e-10                      0 -5.820766091346741e-11     0.9999999995343387                      0 -4.656612873077393e-10
 2.328306436538696e-10 -4.074536263942719e-10 -4.074536263942719e-10  4.656612873077393e-10                      1 -9.313225746154785e-10
 2.328306436538696e-10                      0 -1.164153218269348e-10  1.164153218269348e-10                      0     0.9999999995343387
