6
2

0.0001028937329861507
0.0001895373391095725
0.0005036072909470181
 0.000673405288645326
  0.01889167176978511
   0.5673616370090104

 -0.3870423113915557   0.7811637290717235  -0.4852199994464798  0.01595430831636942  0.01049476330885984  0.06464015549050489
  0.5394499346596073   -0.225462470584687  -0.7513248752171809  0.05745886128143836  0.09450350924636367   0.2853750869186823
 0.06300466109295023   0.0846502386678725   0.1464049858895252   -0.155015983284943     -0.7528116611502   0.6137385254676464
  0.1108385713561397   0.1126875892744563  0.09716824881186008  -0.8872994882568626   0.3775911712917384   0.1889422537383334
 -0.6144794093971376  -0.3914741191780026 -0.05134812495611563    0.134828253217299   0.3380264708670649   0.5780016320321018
  0.4066353358915881   0.4072269159466252   0.4081173429420287   0.4085767302552494   0.4091412492956193   0.4097836875006415

0.3978400345529844
0.3978774580359966
0.3979493666701608
0.3979317302674102
0.3978953399043418
0.3978767115832222

0.0003772689699240144
   0.3980722890990213

   2.221832582338773    2.048388526616463   -2.251435835006608 -0.09112331188535915  -0.5114784877074359   -1.416119136648659
   1.147744913880638   0.5448189014052651  -0.3907484217254786 -0.03970422159739173  -0.1879327317144753 -0.07432941193081283

 1.836087724986799e-08  7.079244789622817e-08 -1.233085116252244e-07 -5.510451921282228e-08  -0.001090405283511621  -0.002580268250585315
 1.731581134293769e-09  2.689445534797859e-08  4.140065609421775e-08  4.573937192052513e-08 -0.0003605805369971869      0.130541440977182

cov:
0.05336155331296899 0.05339006323944284 0.05343202016091528 0.05345128188939566 0.05348066737014394 0.05351214783397362
0.05339006323944284 0.05343647029431357 0.05350566636123177 0.05353981475489527 0.05358547688084515 0.05363618196285549
0.05343202016091528 0.05350566636123177  0.0536164333141303 0.05367329342057448 0.05374376456283243 0.05382380261485996
0.05345128188939566 0.05353981475489527 0.05367329342057448 0.05374308073419808 0.05382661901613271 0.05392268291524616
0.05348066737014394 0.05358547688084515 0.05374376456283243 0.05382661901613271 0.05392581213336173 0.05403908074507599
0.05351214783397362 0.05363618196285549 0.05382380261485996 0.05392268291524616 0.05403908074507599 0.05417352622933827

cov.inverse():
 22293751.38796862  -31894018.0479499  6516722.193473943  23946.48578635448  940117.9152858125  2119812.162162391
-31894018.04973914  59109347.72371454 -31013237.13583199  544185.9890488194  23439.07797384192  3229574.483056437
  6516722.19652249 -31013237.13962862  38056786.07468813 -2212531.642127405 -2811146.839362948 -8536193.079997126
 23946.48580827368  544185.9889435257 -2212531.641999128  1946894.210787214 -111596.6197416405 -190753.7021710393
 940117.9144796722   23439.0792324266 -2811146.839788335 -111596.6197217179  2808275.404011271 -849073.9718692861
 2119812.161687323  3229574.483910535 -8536193.080448132 -190753.7021460609  -849073.971822295  4226469.444403036

cov*(cov_.inverse()):
    0.9999999999417923  2.328306436538696e-10 -1.164153218269348e-10 -2.000888343900442e-11  -2.91038304567337e-11                      0
-8.731149137020111e-11     0.9999999998835847  1.164153218269348e-10  3.637978807091713e-12  7.275957614183426e-12 -5.820766091346741e-11
-8.731149137020111e-11  -2.91038304567337e-11     0.9999999999417923 -9.094947017729282e-12 -7.275957614183426e-12   2.91038304567337e-11
 1.455191522836685e-11 -1.746229827404022e-10  5.820766091346741e-11      0.999999999992724 -3.637978807091713e-11  -2.91038304567337e-11
-1.746229827404022e-10  5.820766091346741e-10 -2.328306436538696e-10  1.091393642127514e-11     0.9999999999708962                      0
-1.164153218269348e-10                      0 -5.820766091346741e-11 -7.275957614183426e-12 -7.275957614183426e-12     0.9999999999708962
