5
2

0.0002760762920782942
0.0003426548525128704
0.0003747156972827728
  0.01446030236981751
   0.5695081241589708

 -0.5791208183575812   0.5003284662420229    0.507264566489262 -0.03343643934185887  -0.3947849638997789
  -0.101179464670802   0.2318134566051233  -0.5444361095501623   0.7331930199433551  -0.3194410045531743
 0.09572320967360515  -0.6531634872797775    0.496135180423425   0.4282397792603032  -0.3669810624808938
 -0.6681147849749607  -0.2642915697841379  0.01229611844649961   0.2781834011852748   0.6373659867101793
  0.4459164662819938   0.4466109853443443   0.4471808028300297    0.447810994499421   0.4485440621099152

0.4242787071927433
0.4242076455020519
0.4240273603239732
0.4239126132006927
0.4237404476997982

0.001918234227366556
  0.4249062945791015

  3.940294664924696 -0.4962299269653953 -0.7007553844025319 -0.5031608662522906  -2.240927228654425
  1.139554313740275   1.364603260011432 -0.4636846568674744 -0.0482381874336211 -0.9856927689552207

-1.512277786762983e-07  2.521275959979082e-08  1.348700618840858e-07  -0.000852773538824106  -0.002730740407005271
 1.359342762778764e-08  8.606129728145979e-08 -9.424505822607845e-08 -0.0003699766821848045     0.1448220424246502

cov:
0.06458551743982284 0.06462948757346945 0.06467328354636045 0.06472728962843764 0.06478315083953753
0.06462948757346945  0.0647078933912205 0.06477502203714731 0.06485163409096492 0.06493800239190331
0.06467328354636045 0.06477502203714731  0.0648585085468458 0.06495048686144431 0.06505773123658529
0.06472728962843764 0.06485163409096492 0.06495048686144431 0.06505759113918796 0.06518481943631459
0.06478315083953753 0.06493800239190331 0.06505773123658529 0.06518481943631459 0.06533942735293986

cov.inverse():
 4554861.903953551 -4445798.942894879 -3046942.354999055 -86711.89349737456  3022714.776626529
-4445798.943058867  6780752.815941554 -52927.86492814909 -764332.5452440765 -1515921.355609591
-3046942.354819566 -52927.86523068722  7653651.805546033 -2109147.692931259  -2442893.38109104
-86711.89339759028 -764332.5453143684 -2109147.693038477  5899616.795778148 -2939991.996888096
 3022714.776511244 -1515921.355400823 -2442893.381106794 -2939991.996965777  3875039.559465009

cov*(cov_.inverse()):
                     1 -4.365574568510056e-11                      0                      0   2.91038304567337e-11
 5.820766091346741e-11     0.9999999999708962   2.91038304567337e-11 -5.820766091346741e-11  5.820766091346741e-11
  2.91038304567337e-11                      0     0.9999999999708962                      0  1.164153218269348e-10
 5.820766091346741e-11                      0  -2.91038304567337e-11                      1  8.731149137020111e-11
  2.91038304567337e-11                      0   2.91038304567337e-11   2.91038304567337e-11      1.000000000029104
