6
2

6.680314030391018e-05
0.0001534489524448485
0.0003348724289047148
0.0003694543551636604
  0.02436158291554725
   0.6259143332960115

 -0.2046746703517379   0.7391751824337645  -0.6380116111010349  0.01664015357398728  0.02585351248898276  0.06102634080211414
  0.6792368030906764  -0.3577383959953351  -0.6121404324279917  0.04004607413820399  0.08694574517981064    0.163650376369744
  0.1441641287093389   0.1393043503331403   0.1405978390019583  -0.5793321777382249  -0.4666913391010601    0.621785068560562
-0.09615542966355457 -0.08221149992062461 -0.05393780043859384   0.7004895091075313   -0.670401791933713   0.2023907144935785
 -0.5486123186800006  -0.3652773897282753  -0.1707654505982588   0.0713582184035338   0.3964489670300251   0.6116962762964352
  0.4071130135181296   0.4074939085643565   0.4079061133654808   0.4083088259746543   0.4090976426332246   0.4095648090465494

0.4229254010158974
0.4228780375762615
0.4227633082385645
 0.422710941446879
0.4224415887741946
 0.422279536882987

0.001759981317346915
  0.4233480831007262

-0.6331469669061243   2.602826476421255   1.225494256006451  -0.424203620933718 -0.4848019707446121  -2.286683578315448
  8.937832171906186  -6.052460306040115  -4.781365940220774   1.055985649451984  0.7354190924669545   1.111189341254571

 4.964770067074663e-09 -5.991940995527726e-08 -5.676595681219526e-08 -8.928835456917105e-08  -0.001444486739287052   -0.00208514432905777
-1.404940089626889e-08  2.696329728637846e-07 -5.505246747004476e-08  5.018050326183588e-08  -0.000492277083629471     0.1602918773030389

cov:
0.06511078668360915 0.06511182673324381 0.06511423588465183 0.06509962044079319 0.06511960500622703 0.06512403939624975
0.06511182673324381 0.06513290104129478   0.065156536397739 0.06516831442165666 0.06522378501858457 0.06525170884454701
0.06511423588465183   0.065156536397739 0.06520270292552793 0.06524249167761455 0.06533561260619371 0.06538846292881798
0.06509962044079319 0.06516831442165666 0.06524249167761455 0.06531728419315656  0.0654570946816882 0.06554095242360804
0.06511960500622703 0.06522378501858457 0.06533561260619371  0.0654570946816882 0.06566012898761601 0.06578551079567979
0.06512403939624975 0.06525170884454701 0.06538846292881798 0.06554095242360804 0.06578551079567979 0.06593871216164207

cov.inverse():
 29234358.28268431 -43983574.01289898  11822443.96406627 -846295.9349067422  1194273.199648361  2578054.523647913
-43983574.02593735  128091543.8373153 -96170047.32503857   1006172.80889227  2785106.984449847  8271957.859605378
 11822443.98125245 -96170047.35022882   107325856.326391 -4423242.512950856  -6276843.96850739  -12279724.8495864
-846295.9367095402  1006172.817210514 -4423242.520800913  6717950.364986281 -785122.4402099296 -1667646.168399551
 1194273.200875181  2785106.984866033  -6276843.97050144 -785122.4407094421  5705993.791986861   -2623492.9950025
   2578054.5200756  8271957.863024866 -12279724.84774822 -1667646.169234696 -2623492.995852896  5720275.017097448

cov*(cov_.inverse()):
     1.000000000291038  1.513399183750153e-09  4.656612873077393e-10 -7.275957614183426e-11  8.731149137020111e-11  1.746229827404022e-10
 8.731149137020111e-11      1.000000000349246  1.396983861923218e-09 -8.731149137020111e-11                      0 -2.328306436538696e-10
-4.656612873077393e-10  9.313225746154785e-10      1.000000000232831 -1.455191522836685e-11   2.91038304567337e-11 -5.820766091346741e-11
-5.820766091346741e-11  1.396983861923218e-09 -4.656612873077393e-10     0.9999999998690328  5.820766091346741e-11  5.820766091346741e-11
 1.164153218269348e-10  9.313225746154785e-10  1.164153218269348e-10 -4.365574568510056e-11      1.000000000116415 -5.820766091346741e-11
 -2.91038304567337e-11  8.149072527885437e-10  8.149072527885437e-10 -1.455191522836685e-11                      0     0.9999999999417923
