6
2

6.746282098623796e-05
0.0001505132091832421
0.0003225370216931718
0.0003494078087576555
  0.02495284182104422
   0.6265238434130738

  0.1980303454935917   -0.738045938666809   0.6413391235511013 -0.01449373452731606 -0.02372098402102236 -0.06311536944633964
 -0.6765332976084595   0.3662800817119897   0.6123227051921709  -0.1031728467885671 -0.06220543462827294  -0.1367053446741343
 -0.1357260825482156 -0.07129861185617344 -0.06535113223267915   0.8822764952142303  -0.2417703121388494  -0.3679123131130331
-0.04214785018738784 -0.05024021161038839 -0.07427643766412534 -0.04298633115013992   0.7999405857774698  -0.5902793620228484
 -0.5632436998011423  -0.3841211124309849  -0.1939985752274346   0.2047137778905718   0.3603714727157512   0.5707860625692251
  0.4069953358034092   0.4073947646055305   0.4078257304810543   0.4086293256895657   0.4090750247408713   0.4095633947066258

0.4232162646688316
0.4231697329246715
0.4230561550823329
0.4228336545203385
0.4227364223088673
0.4225761971844949

0.001749797735340829
  0.4236381407349888

-0.8005853435015164   2.721364518192031   1.205069420879269 -0.3786406721019803 -0.4543079274662879  -2.293404523434096
    9.2178585272353   -6.30448837549299  -4.336382081564671  0.3165217741698801  0.8587036945072641   1.254177586355184

-5.612399493967897e-09   6.01954989735317e-08  4.737764293137252e-08  9.939240029237906e-08  -0.001480938696209299  -0.002186709260701142
 1.635353995971392e-08 -2.595763643946347e-07 -9.445850474574937e-08  2.237925859437269e-08 -0.0005223026544650757     0.1605461197432208

cov:
 0.0652186064200273 0.06521958259104281 0.06522175460376047  0.0652103041824743 0.06522693017138344 0.06523116908571483
0.06521958259104281 0.06524062793268844 0.06526407181758223  0.0652972078559047 0.06533125681579138 0.06535903870466536
0.06522175460376047 0.06526407181758223 0.06531010517538033 0.06539056860218001 0.06544311651965594 0.06549589297320751
 0.0652103041824743  0.0652972078559047 0.06539056860218001 0.06557037533195785 0.06566159856590684 0.06576674932868505
0.06522693017138344 0.06533125681579138 0.06544311651965594 0.06566159856590684 0.06576820424616621 0.06589370531734851
0.06523116908571483 0.06535903870466536 0.06549589297320751 0.06576674932868505 0.06589370531734851   0.066047104895221

cov.inverse():
   29012328.151689 -42941061.31153409  9730557.317703921  1314021.198281572  864479.1324860846  2019531.796882028
-42941061.29636976  125676368.7931261 -94026420.55693771  95115.53376322312  2677224.800411177  8519459.781660426
 9730557.298794188 -94026420.53326665  107011436.0093216 -5359209.748299795 -5358922.513688526  -11998885.7277271
 1314021.197679803  95115.53184608971 -5359209.744984711  8013794.922442919 -1973146.688485181 -2088643.648992831
 864479.1334436609  2677224.799443719 -5358922.513951022 -1973146.688379653  6097969.990109637  -2307970.99355037
 2019531.800271449  8519459.776038144 -11998885.72601791 -2088643.648302192 -2307970.993717227  5855861.178715059

cov*(cov_.inverse()):
    0.9999999998544808 -3.492459654808044e-10 -6.984919309616089e-10  5.820766091346741e-11   2.91038304567337e-11                      0
-1.164153218269348e-10     0.9999999989522621 -1.164153218269348e-09   2.91038304567337e-11 -5.820766091346741e-11 -5.820766091346741e-11
-1.164153218269348e-10 -5.820766091346741e-10                      1  -2.91038304567337e-11                      0 -1.746229827404022e-10
                     0 -2.095475792884827e-09  3.492459654808044e-10      1.000000000029104                      0 -5.820766091346741e-11
 2.619344741106033e-10 -9.313225746154785e-10 -1.047737896442413e-09   2.91038304567337e-11      1.000000000058208 -1.164153218269348e-10
-5.820766091346741e-11                      0 -2.328306436538696e-10   2.91038304567337e-11                      0     0.9999999998835847
