6
2

8.441324607639798e-05
0.0001633474516821416
0.0005362424137431187
 0.000719154451840368
  0.02117628428310296
   0.5686845679889851

   0.3437776695472726   -0.7835331670752126    0.5132439181681947 -0.003402346928668748 -0.003369720194575483  -0.06671161441818806
   0.6016818867422818    -0.228251503395545   -0.7169071804086843   0.03518958426142541   0.04654352071648821    0.2617625773123704
  -0.1467517153228668   -0.1558001606285601   -0.1999407534945476    0.2553900487219982    0.7632542192660262   -0.5161713464309382
   0.1190655858007553    0.1058196204616973   0.09381389958598779   -0.8720025292015297    0.4384746700605782    0.1147871910499498
  -0.5645599070541587   -0.3642521907676247    -0.085878947355088   0.07934627737695898    0.2361721626787683    0.6922023816133684
   0.4066389710315694    0.4072172475291345    0.4080100842865474    0.4084627247879715     0.408935221922291    0.4102155755256244

0.3974053169098452
0.3974382930281247
0.3975099725252498
0.3974741090373858
0.3974541197528135
0.3973841586637689

0.0004451927951824925
   0.3976457302253802

   1.064581760666773    2.587131534419957   -1.575184260397235 -0.05091857519298886  -0.1870219582375867   -1.838711966290822
   1.553570910642001   0.1161403800401434  -0.4898298058286576 -0.06386841138547422 -0.09601598582597334 -0.01988029432095115

-1.671743779567083e-08  1.834364573921772e-08   1.57862410730659e-07  2.113367034200117e-09  -0.001223816703902187  -0.002526592821342086
 1.379145407997912e-09  3.328597259704799e-08 -6.541358734567038e-08  8.410677789787427e-08 -0.0004120343706443082     0.1311958233098801

cov:
0.05361919502324647 0.05364451484876269 0.05367830029346916 0.05369592841047788 0.05371842160732242 0.05377138314071445
0.05364451484876269 0.05368796300881336  0.0537469022029575 0.05377944925261233  0.0538161071474523 0.05391027232823306
0.05367830029346916  0.0537469022029575 0.05384081364825073 0.05389408784094798 0.05395042909301632 0.05410186472659613
0.05369592841047788 0.05377944925261233 0.05389408784094798 0.05396022933085808 0.05402767155000639 0.05421308186923358
0.05371842160732242  0.0538161071474523 0.05395042909301632 0.05402767155000639 0.05410717729757467 0.05432444798138083
0.05377138314071445 0.05391027232823306 0.05410186472659613 0.05421308186923358 0.05432444798138083  0.0546360331231522

cov.inverse():
 30256519.07662112 -42844606.51405694  8719338.241466817  298181.9987571714  598100.4795159088  2973133.559795452
 -42844606.5121555  88216507.92022038 -50176192.84714511 -243756.7637739128 -351629.0876984919  5399005.545927337
 8719338.238281205 -50176192.84294954  56386083.79159708 -1526311.085934048 -1944461.455996722 -11458612.11873386
 298181.9993563154 -243756.7649804102 -1526311.085247987  1745120.337096845  1616.068220834299  -274773.477297901
 598100.4797412779 -351629.0879957927 -1944461.455978124  1616.068247554951  2480542.549629047 -784225.9731701256
  2973133.56025512  5399005.545136934 -11458612.11842847 -274773.4772459246 -784225.9731967445  4145631.864272487

cov*(cov_.inverse()):
    0.9999999995925464 -1.164153218269348e-10  4.656612873077393e-10 -2.182787284255028e-11  2.182787284255028e-11  1.164153218269348e-10
 -4.94765117764473e-10                      1  3.492459654808044e-10  3.637978807091713e-12   2.91038304567337e-11  1.746229827404022e-10
-2.619344741106033e-10  4.656612873077393e-10      1.000000000116415 -2.182787284255028e-11  2.182787284255028e-11  1.164153218269348e-10
-8.731149137020111e-11  5.820766091346741e-11                      0     0.9999999999890861  1.455191522836685e-11  2.037268131971359e-10
-3.783497959375381e-10  3.492459654808044e-10  1.164153218269348e-10 -9.094947017729282e-12      1.000000000014552  1.746229827404022e-10
                     0 -1.164153218269348e-10  1.164153218269348e-10  1.818989403545856e-12 -7.275957614183426e-12      1.000000000087311
