5
2

9.526774448599837e-05
0.0001937655126855632
 0.000641485544191694
  0.01751549443831382
   0.5177668950926733

 -0.3936483330814041   0.7851469062502191  -0.4730829904124098   0.0138537309089347  0.06771915379193871
 -0.5347842032397788   0.2082800053198131   0.7391556174157673 -0.06644687264248102   -0.346206703730479
  0.1168901131847265   0.1397171293789158   0.1717167464867956  -0.8644171926664047   0.4360184642839093
 -0.5888125507819439  -0.3484463298553799  0.01761896706562847   0.2184260780409355   0.6956037346673551
  0.4457390798536178    0.446349699180048   0.4472632204873294   0.4477341317236424   0.4489748073356781

0.3976704950153457
0.3977138685128933
0.3977956665857533
0.3977822922161445
0.3977425208441697

0.0002946623849624768
   0.3978919636378409

   1.836740192415232    3.166805589986191   -3.414355950988844  -0.1109796878606331   -1.478145666165715
   1.132518998979814   0.7491156073040268  -0.7527885340132394 -0.03170382427620627 -0.09728461906575225

 2.974200510918668e-08 -8.737863339503904e-08 -1.965812419155172e-07   -0.00101166663947798  -0.002210553181902376
 4.460424786132891e-09 -3.642878880846355e-08   3.81733875047026e-08 -0.0003116177255997923     0.1191915562562046

cov:
0.05336991735766466 0.05339944465547011 0.05344247389930315 0.05346243551486657 0.05352455891846489
0.05339944465547011 0.05344683068734368 0.05351700571494734 0.05355182545010014 0.05364934523901121
0.05344247389930315 0.05351700571494734 0.05362854120168297 0.05368599286543894 0.05383741739122462
0.05346243551486657 0.05355182545010014 0.05368599286543894 0.05375634322444581 0.05393677567236879
0.05352455891846489 0.05364934523901121 0.05383741739122462 0.05393677567236879  0.0541881758529092

cov.inverse():
 24725287.42188707 -36980296.20876689  10039261.29825578  99620.02190991142  2116651.641487303
-36980296.21154834  69125200.38563533 -36767011.45623461  536113.3876133201  4084968.984155718
 10039261.30306771  -36767011.4624187   39282949.7782882 -2390974.770559609 -10163693.95768487
 99620.02115847968  536113.3889136889 -2390974.771138566  1954720.926695396 -199336.6119195976
 2116651.640208272  4084968.986258039 -10163693.95847819 -199336.6119495975  4161255.616958805

cov*(cov_.inverse()):
    0.9999999999126885  7.275957614183426e-10                      0  7.275957614183426e-12  -2.91038304567337e-11
 3.492459654808044e-10      1.000000000029104  5.820766091346741e-10 -9.094947017729282e-12 -5.820766091346741e-11
 2.182787284255028e-10  1.164153218269348e-10      1.000000000232831  7.275957614183426e-12                      0
 2.037268131971359e-10   2.91038304567337e-11  1.164153218269348e-10     0.9999999999909051 -8.731149137020111e-11
  1.01863406598568e-10  8.731149137020111e-11                      0    1.2732925824821e-11      1.000000000029104
