6
2

5.757295156267928e-05
0.0001727101029552609
0.0003235299190636428
0.0003519534086945741
  0.02290344102277978
   0.6262135978587796

  0.07769353295156659    -0.721146951853508    0.6870615455378074  0.006878398151924717 -0.008880904722360004  -0.04160575180517857
  -0.6089797156155896    0.4841937189836764    0.5624267680632882   -0.1120954186359535  -0.08273367925110345   -0.2428292290269081
  -0.1367241285039364  -0.07023250103914344  -0.09037294481987287    0.8894583023067268   -0.2651953545377916   -0.3267139294802424
 -0.03425829650519483  -0.07870165906179376   -0.1038215533335968  0.001667340676673942    0.7999211727840547    -0.584787859271833
  -0.6616631186700245   -0.2611278126104454    -0.162174697260638    0.1712515756731974    0.3399378282486013    0.5681801837415954
   0.4067458913173159     0.407663128660348     0.407891832089695    0.4085600947496521     0.409042885328507    0.4095795083767453

0.4221028323809452
0.4218711892017947
0.4218728066508524
0.4215712106881411
0.4214431492288933
0.4212446656083605

0.002218693142062911
  0.4225820433037845

 0.2538075130205711 0.01210185651133366   3.540294872075762 -0.5101062840989343 -0.5513126753458618  -2.745252861795927
  6.686051097049413   -3.96583812651418  -5.170749798503699  0.3054364667054537   1.095341124624415   2.056232361343914

 8.482169960838038e-09  7.790898297535664e-08  2.448281620663673e-08  9.740326800824751e-08  -0.001353283857544857  -0.002389295422183153
-8.829754217309255e-10 -2.840965892599126e-07 -8.990495922410667e-08  3.643506631077816e-08 -0.0005019027028896167     0.1602739424871343

cov:
0.06510675417800574 0.06511401461168685 0.06511614742886619  0.0651070068266202 0.06512547703654528 0.06513185957837275
0.06511401461168685 0.06520579904551634 0.06522880377127521 0.06528994505722174 0.06534401979545622 0.06539855292601106
0.06511614742886619 0.06522880377127521 0.06525697230315676 0.06533547373649369 0.06539834781724117 0.06546478049937071
 0.0651070068266202 0.06528994505722174 0.06533547373649369 0.06547258506341383 0.06556498112094412 0.06567145396246692
0.06512547703654528 0.06534401979545622 0.06539834781724117 0.06556498112094412 0.06567261368967577 0.06579925506195962
0.06513185957837275 0.06539855292601106 0.06546478049937071 0.06567145396246692 0.06579925506195962 0.06595357516038758

cov.inverse():
 14442831.97300865 -26674694.64370448  4768909.993830782  1287243.870857372  1605659.942158838  4570121.848295951
-26674694.61197401  164852425.5310471 -140223532.9095183  -3914024.94238484  258736.3404467777   5700680.21174115
 4768909.957545944  -140223532.854804  153184276.5036756 -1457223.763053915 -3842380.184156117 -12430609.21327221
 1287243.872066285 -3914024.945910827 -1457223.761238032  7993870.849161993 -1950166.840323417 -1957767.743000743
 1605659.940873746  258736.3424717361  -3842380.18402739 -1950166.840809308  6091023.109196456 -2163256.741460236
  4570121.85292673  5700680.190258234 -12430609.19678767 -1957767.743016028 -2163256.741077438  6280197.364456643

cov*(cov_.inverse()):
     1.000000000232831 -1.688022166490555e-09  5.820766091346741e-10  8.731149137020111e-11  -2.91038304567337e-11 -5.820766091346741e-11
  2.91038304567337e-10      0.999999999650754  1.280568540096283e-09   1.01863406598568e-10 -5.820766091346741e-11  5.820766091346741e-11
-1.164153218269348e-10 -2.328306436538696e-10      1.000000000698492  1.455191522836685e-10 -8.731149137020111e-11 -5.820766091346741e-11
 1.164153218269348e-10 -6.402842700481415e-10  1.280568540096283e-09      1.000000000130967  -2.91038304567337e-11  5.820766091346741e-11
-1.746229827404022e-10  5.238689482212067e-10 -1.280568540096283e-09  7.275957614183426e-11     0.9999999998835847                      0
                     0  7.566995918750763e-10  1.164153218269348e-10 -1.455191522836685e-11  -2.91038304567337e-11                      1
