5
2

6.360291466508778e-05
0.0002032377107480074
0.0004337075303398287
  0.01950794428460652
   0.5207664513814654

 -0.2603958153332419   0.7728893638437232  -0.5764358569681473  0.01595046962515305  0.04799308215061582
 -0.4759255887435075   0.3672473562350569   0.6690764835829871  -0.1499450882802943  -0.4104599163552347
-0.04837302722469253 -0.09719787791517942  -0.1310870325587255   0.8212612173441658  -0.5445721490741438
 -0.7110475356537477  -0.2430790404353466  0.05199901582328818   0.3190459309831785   0.5751780406259005
   0.444702491126296   0.4463592311417152   0.4474043519747873   0.4483321980728214   0.4492557369314903

  0.40292978914587
0.4029286034504826
0.4028876809090281
0.4028992495199301
0.4028422502110092

0.0006304391062293736
   0.4031968626460476

   1.403791171737731    5.229788808422899   -5.957528129258816 -0.09474538138672127  -0.5813117006560066
  0.9171514948260852     1.23067359932482  -0.9172463600961327  -0.1536297872090028 -0.07684982522523962

 2.864591529991017e-08 -1.024668954196079e-07  8.341959894041023e-08   -0.00112028678232632  -0.002827260654912019
 4.995769436158442e-09 -2.245628388177991e-08 -2.408932319627199e-08 -0.0004156484506275229     0.1202489659613166

cov:
0.05382455622936572 0.05389771516839585 0.05394390793940207 0.05398355324300504 0.05402564329249216
0.05389771516839585 0.05405499314843647 0.05415421114220121 0.05424179693148684 0.05432992011288031
0.05394390793940207 0.05415421114220121 0.05428687245613435 0.05440468971291961 0.05452184226348199
0.05398355324300504 0.05424179693148684 0.05440468971291961 0.05455007944202536 0.05469325862487841
0.05402564329249216 0.05432992011288031 0.05452184226348199 0.05469325862487841 0.05486198895181338

cov.inverse():
  22258958.3067742 -53956481.04327817  29429342.38245917  489160.4847976689  1779028.080742314
-53956481.04057138  150981612.4764558 -104115736.1921666  1289718.543490012  5801056.354319755
 29429342.37795218 -104115736.1846914  93067928.50738505 -5273977.538063121 -13107862.80944115
 489160.4853557738  1289718.541816391 -5273977.536817721  4193138.543793975  -697877.627720963
  1779028.08198445  5801056.351224893  -13107862.8077183 -697877.6275910783  6225639.496795202

cov*(cov_.inverse()):
                     1  1.396983861923218e-09 -4.656612873077393e-10 -3.637978807091713e-11  1.164153218269348e-10
 -2.91038304567337e-11      1.000000000640284 -9.313225746154785e-10  3.637978807091713e-11                      0
 3.492459654808044e-10 -8.149072527885437e-10      1.000000000349246  7.275957614183426e-12                      0
 1.455191522836685e-10  1.047737896442413e-09 -1.164153218269348e-09     0.9999999999636202  5.820766091346741e-11
                     0  4.656612873077393e-10 -1.164153218269348e-10 -7.275957614183426e-12                      1
