6
2

8.111798931113188e-05
 0.000115125236900075
0.0003095629824946934
 0.000674894908752507
  0.01414417164641568
   0.5665050898712742

  0.05304976952542733    0.3173286471753102   -0.8228443679219229    0.4682408163986765 -0.003333744372770358  -0.01244274170411912
   0.3527310456369221   -0.7912955594806104  0.001188807168610724    0.4970505210059508  -0.01265517683142664  -0.04702509749851837
  -0.5256441579431569    0.1654221012433118    0.3735759053964766    0.5916231155664751   -0.1935525705285795   -0.4114538638983434
  0.05297049821684075   0.06201644675416351   0.07450154739534039   0.09149467372579495   -0.8260460575835623    0.5450451738313186
  -0.6541670343452923   -0.2750826839197125   -0.1062927258366621   0.09216817732174551    0.3359621769250304    0.6031014072132539
   0.4070925792887376    0.4077657084502304    0.4080663569737176    0.4084203206531585    0.4088318254686766    0.4093091586659695

0.3974980703732043
0.3976792475772377
0.3976788497082805
0.3976789090314238
0.3976756272815077
0.3976719756738434

-6.851278312698067e-06
    0.3976809478898195

   2.213967407680919    4.152682761330322    2.514489410421105   -7.969526690281079  -0.2365767009256037  -0.6751705184064117
   1.263028750368278   0.4848211840426239   0.3497334618180353  -0.8998476074435617 -0.06510910472501077  -0.1326565819984187

-2.866491906948762e-08 -8.520335807281983e-08 -3.764963651811695e-07 -1.546827512713848e-07 -0.0008160592046921719  -0.002342884822690234
-3.200593331363535e-09 -5.008873100328835e-09 -8.799405914653277e-08  1.009981916080583e-08 -0.0002363857873612617     0.1303433955670456

cov:
0.05327123377240624 0.05330952532958002 0.05332670768038286 0.05334697152216266 0.05336884284363301 0.05339628828443974
0.05330952532958002  0.0533767751741238 0.05340682312150721 0.05344222368259057 0.05348262405051216 0.05353042382442505
0.05332670768038286 0.05340682312150721 0.05344262082923742 0.05348475708174998 0.05353340682444634  0.0535902764931787
0.05334697152216266 0.05344222368259057 0.05348475708174998 0.05353483207273114 0.05359317719863492 0.05366071323879702
0.05336884284363301 0.05348262405051216 0.05353340682444634 0.05359317719863492 0.05366391464315885 0.05374398650418848
0.05339628828443974 0.05353042382442505  0.0535902764931787 0.05366071323879702 0.05374398650418848 0.05383926909629256

cov.inverse():
 12706686.49753011 -19400097.24801616 -8642362.529107045  13768444.02016824  600838.5171659199  966509.1568549876
-19400097.25169521  62840527.96101796 -39097727.41596775 -6060855.118999665  147738.0124006403  1570617.379613503
-8642362.523217177 -39097727.43344381  104365284.6196014 -56187612.94733333 -474077.3681253965  36585.47795348198
 13768444.01839774 -6060855.103669489  -56187612.9634302  55631481.01405401 -2072544.237401732 -5079417.202453346
 600838.5170078845  147738.0121705107 -474077.3670718936 -2072544.238079962  1903352.238639947 -105213.5918523302
 966509.1565726727  1570617.378310368  36585.48141091506  -5079417.20431243 -105213.5918652268  2611036.678179015

cov*(cov_.inverse()):
     1.000000000218279  2.328306436538696e-10 -2.098659024341032e-10  2.328306436538696e-10 -2.819433575496078e-11                      0
 8.731149137020111e-11      1.000000000203727 -2.048636815743521e-10  4.656612873077393e-10 -1.909938873723149e-11  8.731149137020111e-11
 5.093170329928398e-11 -5.820766091346741e-11      1.000000000021828  2.328306436538696e-10 -1.637090463191271e-11   2.91038304567337e-11
 1.964508555829525e-10   6.83940015733242e-10 -1.088892531697638e-09      1.000000000465661  -2.91038304567337e-11  8.731149137020111e-11
 6.548361852765083e-11  1.891748979687691e-10 -6.068603397579864e-10 -5.820766091346741e-11     0.9999999999772626  8.731149137020111e-11
 2.182787284255028e-11  2.328306436538696e-10  3.115019353572279e-11 -3.492459654808044e-10   -1.2732925824821e-11      1.000000000029104
