7
2

5.510395305722505e-05
9.817305191809714e-05
  0.00031307607121955
0.0003459255362567045
0.0003784926833408294
  0.02014367510758041
    0.676330361522879

  -0.2229814363348931     0.788923152382073   -0.5722684913921881 -0.004515368697825364 -0.007772203432626008  0.001111892940274969   0.01750086965507849
   0.6654378881656621   -0.2934683079645257   -0.6588340742029353   0.01502734904016296   0.03397726911740785   0.05838351456872437    0.1794923983737871
   0.1997270023985225    0.1847530662721605    0.2033797726431651   -0.4641702991419984   -0.6811040468759103     0.120359561193467    0.4367709741369629
 -0.05292651065878925  -0.07113401764639331  -0.08594612270271909    0.2843705502922561   -0.3963999301856302    0.7504661042779001   -0.4284309883757203
  0.08775879162072939   0.05383479991975127   0.03227976306203251   -0.7479390673216852    0.4559770692567867    0.3861666294441764   -0.2681522401495315
  -0.5612969550629326   -0.3271149376218442     -0.21471324039529  -0.03563743085347124     0.163629636273098    0.3554787300021129    0.6143532846759057
   0.3768603557770263    0.3773334066773646    0.3775613987108156    0.3778230258247717    0.3782324221432322    0.3787011197498242    0.3792342555056273

0.4247380975431848
0.4245852792335136
0.4245846610376949
0.4244833302672746
 0.424280678475608
0.4241444911555214
0.4239417661134308

0.002270545159043358
  0.4253120603487841

  1.261421632182325 -0.8370856245133526   3.528125024158986 -0.4928033618217395 -0.5962136341963002 -0.3883503835686328  -2.475831468854886
  7.004905268111335   -1.87305511288985  -7.002564189185311   1.502242961862139 -0.1285675704373577  0.5865266878031256  0.9172701161235857

-9.102069338992993e-09 -1.671338330027821e-08   3.15172745839673e-08  6.641777599741921e-08  1.131989431685988e-07  -0.001189234181251427  -0.002783581961731505
 2.971489129508179e-09  9.678073247459441e-08 -4.995529811209051e-08  1.064625258977352e-07 -1.309102325934674e-07 -0.0004537019189385012     0.1729693915162417

cov:
0.06509273383758894 0.06512093664932649 0.06513463753140779 0.06513893109026526 0.06516413569654773 0.06520124478991597  0.0652341950621035
0.06512093664932649 0.06517150681130564 0.06519593713236055 0.06521730319228954 0.06526152720254998 0.06531696435031664  0.0653746333624866
0.06513463753140779 0.06519593713236055 0.06522552479576864 0.06525508141862574 0.06530843353018262 0.06537266912117196 0.06544220492928474
0.06513893109026526 0.06521730319228954 0.06525508141862574 0.06529783421761608 0.06536556428063602 0.06544380268393124 0.06553221394497133
0.06516413569654773 0.06526152720254998 0.06530843353018262 0.06536556428063602 0.06544975068661292 0.06554346653092115 0.06565288570718902
0.06520124478991597 0.06531696435031664 0.06537266912117196 0.06544380268393124 0.06554346653092115 0.06565243863445457  0.0657819941381626
 0.0652341950621035  0.0653746333624866 0.06544220492928474 0.06553221394497133 0.06565288570718902  0.0657819941381626 0.06593911019336904

cov.inverse():
 62803748.78912272 -77755308.10961865 -2991170.566325381  -160616.495150918  1983215.542340209  4098755.698805009  12021984.57341236
-77755308.22699368  214323327.2305105 -128177885.2987558 -2955750.988869804 -3930904.847603459 -1563255.964656503  58321.83574791436
-2991170.432003814 -128177885.4879228  153381396.5379996 -1512134.289413058  -1883724.19481421 -4402991.885724253 -14414888.12883197
-160616.4955019513 -2955750.975228971 -1512134.304705098  6809032.167870013 -32671.21558387172 -713389.3989403599 -1432709.487597854
 1983215.542324166 -3930904.836410951 -1883724.207301033 -32671.21600506987  7637099.432396424 -1890087.457047235 -1881126.665785395
 4098755.696402882 -1563255.945599406 -4402991.903555417  -713389.399166808 -1890087.457462567  6249631.265866407 -1779122.743096308
 12021984.55923448  58321.86365685913 -14414888.13807498 -1432709.488952599 -1881126.667101557 -1779122.744914168  7426701.190056303

cov*(cov_.inverse()):
    0.9999999998835847  3.084551281062886e-09 -3.492459654808044e-10  -1.01863406598568e-10 -1.455191522836685e-11 -5.820766091346741e-11  1.164153218269348e-10
-6.984919309616089e-10      1.000000001230546  1.629814505577087e-09 -1.164153218269348e-10 -7.275957614183426e-11   2.91038304567337e-11  1.746229827404022e-10
 3.492459654808044e-10  4.915818863082677e-10      1.000000000814907  -2.91038304567337e-11  1.164153218269348e-10  5.820766091346741e-11                      0
-2.328306436538696e-10  1.061380316969007e-09 -5.820766091346741e-10     0.9999999999563443  1.455191522836685e-11  7.275957614183426e-11  1.164153218269348e-10
-2.328306436538696e-10  1.688022166490555e-09  3.492459654808044e-10 -7.275957614183426e-11      1.000000000014552  7.275957614183426e-11  5.820766091346741e-11
 4.656612873077393e-10  1.695298124104738e-09 -2.328306436538696e-10 -1.455191522836685e-11   2.91038304567337e-11      1.000000000087311  1.746229827404022e-10
-1.164153218269348e-10  8.230927051045001e-10  6.984919309616089e-10 -5.820766091346741e-11  1.455191522836685e-11  1.455191522836685e-11      1.000000000058208
