5
2

5.180907246130215e-05
8.677319173608639e-05
0.0001781436273501647
  0.02126652865410905
   0.5271985874852553

 0.00622179107089207   0.3806302743761134  -0.8061999086570324   0.4517448772347304 -0.03240612161007069
 -0.4846430066289627   0.7416097876357216  0.09356361986563297  -0.4444730359588909  0.09394492190462307
   0.541016870289745 -0.02180092987440306  -0.3646376000161062  -0.6073484814400221   0.4527612044615737
 -0.5240412698681449  -0.3256537869719345 -0.09342099659088515   0.1696023779628116    0.762783002754483
    0.44470657627067   0.4456566476545755   0.4467655921951607    0.448032523015377   0.4508808904510007

0.4072349888888511
 0.407182177879822
0.4070815735878136
0.4069489803178956
0.4066647161667057

0.001593136053554609
   0.407627231929736

  0.684375928536317   2.004301674480032   2.360509414341756  -4.002357176576502  -1.046839642377762
0.09525154773906933   2.617450662424251  -2.046962248546028  0.6997217803381872 -0.3650068366451051

-7.810982215945538e-09  2.301180357441905e-08   4.51492824312851e-08  -0.001225273184441033   -0.00361735272661981
 7.985592660540178e-09  1.022626941201288e-08  4.780371993888932e-09 -0.0003938396915300317     0.1231974199912711

cov:
0.05509039481692135 0.05516079151547986 0.05524281415835335 0.05533706788134177 0.05554855804804166
0.05516079151547986 0.05524926091357994 0.05535241213272855 0.05547060048144901 0.05573605073934762
0.05524281415835335 0.05535241213272855 0.05548030742198946 0.05562651308094625 0.05595513088551527
0.05533706788134177 0.05547060048144901 0.05562651308094625 0.05580446145454483 0.05620463285955548
0.05554855804804166 0.05573605073934762 0.05595513088551527 0.05620463285955548 0.05676623322932774

cov.inverse():
 40432338.36527469 -47222827.33714871 -14107153.75971308  19301500.31091677  1595837.826414175
-47222827.37331472  127033700.8845334 -104857316.6593871  20699433.65377504  4345963.515033329
-14107153.68455077 -104857316.7906452  247496427.3094645 -134227325.5717185  5698235.124168852
 19301500.26878959  20699433.76477586 -134227325.6495129  113889077.7556989 -19664179.95388511
 1595837.829545896  4345963.499123071  5698235.145867544 -19664179.96280503  8024139.767065352

cov*(cov_.inverse()):
     0.999999999825377  2.328306436538696e-10 -4.074536263942719e-10  9.313225746154785e-10  5.820766091346741e-11
-1.455191522836685e-11     0.9999999991559889  1.862645149230957e-09                      0 -5.820766091346741e-11
-2.182787284255028e-10  8.731149137020111e-11      1.000000000814907 -6.984919309616089e-10                      0
-1.455191522836685e-10  8.731149137020111e-10  9.895302355289459e-10     0.9999999997671694 -5.820766091346741e-11
-5.820766091346741e-11 -5.529727786779404e-10  1.746229827404022e-10 -2.328306436538696e-10      1.000000000058208
