5
2

5.347642361113771e-05
8.825572248553089e-05
0.0002145742501421894
  0.01963770678610785
   0.5203041385680777

-0.0002611696976547898     0.4154641102088381    -0.8087812124037187     0.4156615485235656   -0.02208919329739548
   -0.5348350343139755     0.7202365705898779     0.1590714598726291      -0.40737223914594    0.06288797883947167
     0.466604088043436    0.01297592651154222    -0.3382543960219949    -0.6441216902476672     0.5027956464376001
   -0.5456686832769584    -0.3307529124729787   -0.07984702529802458     0.2139655275031638     0.7353172135702947
    0.4455083960743069     0.4461871711906551     0.4469649172358089     0.4478831734336485     0.4495134069275023

0.4032185172860724
0.4032466106880578
0.4032364943652656
0.4032074301063384
0.4031832102517818

0.0005109513895343866
   0.4034703206940056

  0.4592822365334177    2.444193188043177    3.310717139278961   -5.681715897624907  -0.5325147284284516
  0.4077405076019405    1.380125941257637   0.1694258015566628  -0.9051050835617689 -0.05211726518599688

 -1.14737980125393e-08  3.366812784666402e-08  1.159397564759971e-07  -0.001130174269894957  -0.002480116149970304
 1.749917514507135e-10  9.100216568272839e-09  3.258152613757235e-08 -0.0003565175947072615     0.1202968785838391

cov:
0.05384601422103315 0.05388263885932008 0.05392363634400221 0.05397255234067199 0.05405948288744467
0.05388263885932008 0.05393722268700751 0.05399915856535727 0.05407259679246067 0.05420301666222235
0.05392363634400221 0.05399915856535727 0.05408554807576287 0.05418761185158663  0.0543688014811658
0.05397255234067199 0.05407259679246067 0.05418761185158663 0.05432320563508966 0.05456385289564954
0.05405948288744467 0.05420301666222235  0.0543688014811658 0.05456385289564954 0.05491010221090255

cov.inverse():
 41453833.38793829  -49360865.5898645 -14276599.48340145  21406150.23551669  778264.6959394132
 -49360865.5449769  126961501.9965424 -102886848.2922992  22537290.33418518  2747029.915282864
-14276599.57339441 -102886848.1576683  234471181.4579417 -121143810.5189025   3837528.35067963
 21406150.28443728   22537290.2339752 -121143810.4647238   90733462.8307116  -13533357.9782127
 778264.6921235893  2747029.925749348  3837528.341141005 -13533357.97532489  6170475.521021763

cov*(cov_.inverse()):
    0.9999999995052349  1.164153218269348e-10  8.149072527885437e-10 -1.047737896442413e-09 -5.820766091346741e-11
-1.455191522836685e-11      1.000000000174623 -1.775333657860756e-09  2.328306436538696e-10 -5.820766091346741e-11
-5.748006515204906e-10 -1.746229827404022e-10      1.000000000465661                      0 -5.820766091346741e-11
-2.037268131971359e-10  5.820766091346741e-11  8.440110832452774e-10     0.9999999989522621                      0
-2.619344741106033e-10 -1.164153218269348e-10  3.201421350240707e-10  1.164153218269348e-10                      1
