5
2

0.0001529136157286971
0.0004650092342207812
0.0006398488099233194
  0.01866728666528832
   0.5202110865896947

 -0.4844630370555518   0.8419264651431024 -0.04959076688978602 -0.09648540350419418  -0.2113923266546512
  0.1291872323973545   0.1416341494827488  -0.1947048778502103  -0.7172068164612396   0.6410575790431614
  0.1561694798316327   0.1269962898376201  -0.8671552571919477   0.4280209155770217   0.1559579805254347
 -0.7254423937590105  -0.2358686332220329  0.08621018526967975   0.3037207022151501   0.5642879231393049
  0.4449164546504622   0.4464723118194316   0.4474822122283213   0.4481704811862456   0.4490152699991527

0.3989144181865577
0.3989562092460674
0.3990015282156944
0.3989759803550775
0.3989496289478893

0.0003779339814666906
   0.3991471072721984

    3.550399641781403     -1.66735237672181   -0.1059782680806472   -0.4127217607965106    -1.364370668376742
    1.351839752140382  -0.02094091889320068  -0.07266918560639959 -0.004395126584133158   -0.2538664284949466

 -6.52451166911356e-08  -7.25434590700908e-08  1.849619623546193e-08  -0.001075622137798541  -0.002655268676492421
-1.437686684608946e-08  5.672401347924776e-09  9.416286302939555e-08 -0.0003925822066484998     0.1200545214354251

cov:
0.05375272709455525  0.0538162796808391 0.05385639263971952 0.05388434593009025 0.05392021336074084
 0.0538162796808391 0.05396405044473514   0.054059518772468 0.05412485094778244 0.05420553033564496
0.05385639263971952   0.054059518772468 0.05419185898605916 0.05428130317197798 0.05439147229363064
0.05388434593009025 0.05412485094778244 0.05428130317197798 0.05438810770018601 0.05451788636286547
0.05392021336074084 0.05420553033564496 0.05439147229363064 0.05451788636286547 0.05467194699940067

cov.inverse():
 10175843.41989657 -17310302.79423018  580186.9463333702   1733227.27246167  4821145.023620925
 -17310302.7940926  30447216.04742446 -2182172.310098229 -3811317.898945007 -7143621.796573448
 580186.9462333503 -2182172.309935741  2117219.141569258 -56075.72281535247 -459093.4539154717
 1733227.272222868 -3811317.898562496 -56075.72281141895  3224725.002509022  -1090442.71766807
 4821145.023822157 -7143621.796980846 -459093.4538569383  -1090442.71752043  3871949.918520657

cov*(cov_.inverse()):
    0.9999999999417923 -5.820766091346741e-11 -3.637978807091713e-12 -1.455191522836685e-11                      0
                     0                      1 -1.091393642127514e-11                      0  5.820766091346741e-11
-1.164153218269348e-10  5.820766091346741e-11      0.999999999992724 -7.275957614183426e-12  5.820766091346741e-11
-1.164153218269348e-10 -1.746229827404022e-10 -1.091393642127514e-11                      1   2.91038304567337e-11
-5.820766091346741e-11                      0                      0  7.275957614183426e-12      1.000000000029104
