6
2

 7.48752079314004e-05
0.0001501708477598816
0.0005302571953948607
0.0007165658145988794
  0.02144553002245594
   0.5719415517160623

   0.2596846839550683    -0.760685827107749    0.5905830484163772 -0.007453497801158904  -0.01186979569658512  -0.07025776541012906
   0.6517621081945442   -0.3070189759347903   -0.6542159368860776   0.03805572653048975   0.05009566179770706    0.2213350333980466
  -0.1599495264329958   -0.1659242239613754   -0.1885339056320618    0.3348930872158909    0.7155075506573839   -0.5359438705788864
   0.1018519410758476   0.08654167280281208   0.07466293355764958   -0.8434871738165832    0.5100350949774693   0.07039713643591293
  -0.5536335476727142   -0.3553600387366115   -0.1254167694913125    0.0893770656420583    0.2408545621108888    0.6967643731839258
   0.4065737881679375    0.4071797569793624    0.4078776992647931    0.4085143264659186    0.4089642519501412    0.4103686981513304

0.3941964256241609
0.3942935802089727
0.3943620675704051
0.3944939002956852
0.3944990661857035
0.3945697079432872

-0.0003924421212733978
     0.394327906952771

   1.124578484894141    2.690189913747687   -1.758409667488056 -0.04874411934247299  -0.1384455600656681   -1.869254449681538
   1.345389886696359  -0.3617456362397999   0.3690674513356118  0.02405764818702344 -0.03465230863071375  -0.3420325644135367

-1.490996977389671e-08  1.431726662014814e-08  1.663723921114337e-07  2.822977426782888e-08  -0.001240925717728513  -0.002687774506919073
 4.859422277278754e-09  1.510852391516057e-08 -1.635886102952755e-08  3.657721873056598e-08 -0.0004171861293723367     0.1326577843351807

cov:
0.05421418723138311  0.0542442785074342 0.05427855155399933 0.05430846772961097 0.05432979091570176 0.05440052944700349
 0.0542442785074342 0.05429259678673543 0.05434797618417594  0.0543975999912629 0.05443281379600402 0.05454540646898566
0.05427855155399933 0.05434797618417594 0.05442784537805683 0.05450032202931711 0.05455164701081598 0.05471278319048977
0.05430846772961097  0.0543975999912629 0.05450032202931711 0.05459467258128514 0.05466047323118601 0.05486696534507787
0.05432979091570176 0.05443281379600402 0.05455164701081598 0.05466047323118601  0.0547378743698112 0.05497589523634604
0.05440052944700349 0.05454540646898566 0.05471278319048977 0.05486696534507787 0.05497589523634604 0.05531069578688961

cov.inverse():
 30977294.32487024 -43996379.17569825  8570414.932393562  396682.1853652144  591874.2814241197  3460530.557711066
-43996379.17538744  107505650.0352345 -71102179.58248729   153362.720110815  592074.3581852308  6847151.487618921
  8570414.93208139 -71102179.58227995   81329882.9988527 -2236404.248163108 -3109348.279223131  -13452699.3187188
 396682.1854156631  153362.7204490018 -2236404.248690521  1858646.272392869  114726.5114155906 -286934.1112195265
 591874.2812017659  592074.3582145286 -3109348.278898566  114726.5113832352  2463938.166749065 -653110.8328931107
 3460530.557884322  6847151.487354944 -13452699.31862081 -286934.1113259525 -653110.8327939535  4085083.708439171

cov*(cov_.inverse()):
    0.9999999999417923  1.746229827404022e-09 -1.047737896442413e-09 -1.091393642127514e-11 -7.275957614183426e-12  8.731149137020111e-11
 3.783497959375381e-10      1.000000000640284 -6.984919309616089e-10 -1.637090463191271e-11  -2.91038304567337e-11                      0
-1.455191522836685e-10  1.047737896442413e-09     0.9999999983701855 -7.275957614183426e-12 -1.455191522836685e-11  5.820766091346741e-11
-8.731149137020111e-11  1.513399183750153e-09 -6.984919309616089e-10     0.9999999999890861  7.275957614183426e-12  2.619344741106033e-10
-8.731149137020111e-11  6.984919309616089e-10 -4.656612873077393e-10 -1.455191522836685e-11     0.9999999999636202   2.91038304567337e-11
 1.164153218269348e-10 -1.164153218269348e-10 -2.328306436538696e-10  1.091393642127514e-11  7.275957614183426e-12      1.000000000058208
