6
2

6.016269298853142e-05
0.0003015085615461947
0.0003449965606525701
0.0003755715091819426
  0.01596347133675845
   0.6248270111632641

   -0.6563318407997807     0.7504903132401495    0.00284624765643059 -0.0001581445845357539   -0.02298205142954448   -0.07386815052329779
   -0.3295852495931755    -0.3296369772825202     0.5047203764876146     0.6158915410905094   -0.08506248094724256    -0.3760483372720923
  -0.09392776173015707   -0.09735402977620418      0.284874664393833    -0.4612813319551007     0.7406901897177387    -0.3730197979931176
   0.08269395138370492    0.05383251577538218    -0.6866284044944257     0.4830404062233562      0.409822614150529    -0.3428156876189933
   -0.5282745953060529    -0.3868298100185401    -0.1621190989836248    0.08839598457355126     0.3293230275742361     0.6547812926470913
    0.4072681130878215     0.4075422728422084     0.4078657841804787     0.4083567475382566     0.4089083160602822     0.4095439387905245

0.4238476293084539
0.4238451562312549
0.4237430802719962
0.4235364512880959
0.4233984873793502
0.4231953718091344

0.002324058541233305
  0.4245879298328223

 0.8660625474126127   3.462251656556674 -0.4858184875284202 -0.6497737428079463 -0.5468891165890521  -2.646627493907283
  7.629807389520185  -7.649110098674126   1.534471779760641 -0.3344246780631396  0.1769629869079927 -0.3510126022388178

 8.096034921638598e-09 -9.366560174333745e-08  3.869291117030345e-08  1.355369923531865e-07 -0.0009399654957807005  -0.002847024104364672
  -3.8808762277735e-08   6.29272199292594e-08  1.049096800767412e-07 -1.132844400729504e-07  -0.000387757359580306     0.1592641672812577

cov:
0.06482718932234481 0.06485173586502531 0.06487288748444367 0.06491724512221739 0.06497251790444526 0.06502978142160062
0.06485173586502531 0.06488141737193372 0.06491070229964938 0.06496413775927182  0.0650281534202402 0.06509721928221794
0.06487288748444367 0.06491070229964938 0.06495305586081775 0.06502075104773908 0.06509864194067493 0.06518643099513219
0.06491724512221739 0.06496413775927182 0.06502075104773908 0.06510479343315523 0.06519804476786824 0.06530670449758794
0.06497251790444526  0.0650281534202402 0.06509864194067493 0.06519804476786824 0.06530642421793324 0.06543506965326587
0.06502978142160062 0.06509721928221794 0.06518643099513219 0.06530670449758794 0.06543506965326587 0.06559110069370008

cov.inverse():
 120331067.5695778 -134781892.5162094  -2972991.27980962 -1557213.802449842   4130779.99621962   14849891.1528056
-134781892.5153677  156905386.7896817  -1734815.78731814 -1704539.252948585 -4906674.655541872 -13779224.04455819
-2972991.280118261 -1734815.787029911  6828794.547434235 -36152.01762152799 -712697.3922275766 -1370364.487632726
-1557213.802815973 -1704539.252364657 -36152.01789430654  7614568.277600703 -2042334.642868898 -2272555.109826581
 4130779.994927221 -4906674.654209868 -712697.3919523756 -2042334.643015576   6026045.77525574 -2495631.620572392
 14849891.15393091 -13779224.04592044 -1370364.487655618 -2272555.109734814 -2495631.620404295  5066984.299625464

cov*(cov_.inverse()):
    0.9999999981373549  3.026798367500305e-09 -7.275957614183426e-11  5.820766091346741e-11  -2.91038304567337e-11  1.746229827404022e-10
-6.984919309616089e-10      1.000000001513399 -5.820766091346741e-11  5.820766091346741e-11  -2.91038304567337e-11                      0
                     0  3.492459654808044e-10     0.9999999998835847   2.91038304567337e-11  8.731149137020111e-11  2.328306436538696e-10
-2.328306436538696e-10  1.513399183750153e-09  -2.91038304567337e-11      1.000000000058208                      0  1.164153218269348e-10
-5.820766091346741e-10 -2.328306436538696e-10 -1.455191522836685e-11  5.820766091346741e-11                      1  1.164153218269348e-10
 1.164153218269348e-10  1.047737896442413e-09  -2.91038304567337e-11  -2.91038304567337e-11   2.91038304567337e-11      1.000000000058208
