6
2

5.515580153621688e-05
7.526190321175284e-05
 0.000178624353387957
0.0003518328265130159
  0.02427744786862715
   0.6270685781881182

-0.02062438284334528   0.2645611455066459   -0.788670846673618   0.5544631149272861 0.002335460572657815 -0.01206360380259454
  0.2986864856120244  -0.7893128149886969  0.09378991779974903   0.5192769524839027  -0.0309681144076824  -0.0914742435636229
 -0.6848979680290375   0.1521632300265703     0.42067878323043   0.4948737187759757  -0.1119684000898754  -0.2708386346212288
 0.01576914113602101  0.03859574349804215  0.06666236514520758  0.09312547229353936  -0.8007046444367448   0.5865300935437527
 -0.5246293704724385  -0.3409609351954619  -0.1461701855262484   -0.052646267813251   0.4219007213270787   0.6374732096336103
  0.4071745932156003   0.4075475936196665   0.4079479307490957   0.4081398291816658   0.4091093406613641   0.4095652848951497

0.4225381605576001
0.4224619693881163
0.4223133037101429
0.4223161877416777
0.4218965496656263
0.4216987701366136

0.00217294644041533
 0.4230127747203983

-0.6651842169859946   2.788431182842342  -1.891060293984816   3.042555728999281 -0.6293780511444212  -2.645694290242155
  9.308385148470464  -7.030864823613795 0.09267256631336998  -4.016277060466362  0.9578170925379248   1.694650553228706

 1.204783130078827e-08 -4.166448435404971e-09  7.584400033767392e-08 -9.821508998501321e-08   -0.00143672434639876    -0.0020300227881323
-1.329499715341606e-08  3.437296316134733e-08  -3.17787772426832e-07 -3.285056548787014e-08 -0.0004738188828863371     0.1609235542298867

cov:
0.06535380515413328 0.06535671229498345 0.06536057292315765 0.06536237742959702 0.06537087737003554  0.0653772254274089
0.06535671229498345 0.06537958620539705 0.06540459315975382 0.06541655067097288 0.06547654819962803 0.06550629957044608
0.06536057292315765 0.06540459315975382 0.06545203697636692 0.06547476059767386 0.06558938352907674 0.06564395944974218
0.06536237742959702 0.06541655067097288 0.06547476059767386 0.06550266074533374 0.06564350709386582 0.06571000427263557
0.06537087737003554 0.06547654819962803 0.06558938352907674 0.06564350709386582 0.06591756493235755 0.06604438035649685
 0.0653772254274089 0.06550629957044608 0.06564395944974218 0.06571000427263557 0.06604438035649685 0.06619890661180755

cov.inverse():
 30594103.45446077 -46675836.55035353  1270900.610094159  13012062.79751501  652290.5354993527  1146151.243224629
-46675836.55774988  133734076.4005261 -79628913.65269287 -21751958.20723571  3734551.516899312  10588460.71320325
 1270900.669899975 -79628913.89822276  211595798.5537612 -128569725.9881928  -3025800.39404123 -1642385.663852467
 13012062.74078644 -21751957.94140018 -128569726.2382674  156406234.4128036  -4752375.92516251 -14344088.85602206
 652290.5332720246  3734551.518546283 -3025800.385484798 -4752375.933462793   5743639.84260906 -2352192.467186264
 1146151.249770881  10588460.68385491 -1642385.608058772 -14344088.88868954 -2352192.467510484   6603883.45689701

cov*(cov_.inverse()):
     1.000000000203727 -3.492459654808044e-10  9.749783203005791e-10  1.396983861923218e-09  8.731149137020111e-11 -1.746229827404022e-10
  2.91038304567337e-11     0.9999999986030161  1.527951098978519e-09  4.656612873077393e-10 -5.820766091346741e-11                      0
-2.037268131971359e-10  2.328306436538696e-10       1.00000000007276  1.629814505577087e-09  8.731149137020111e-11 -2.328306436538696e-10
  1.01863406598568e-10 -3.492459654808044e-10 -3.332388587296009e-09      1.000000002328306  -2.91038304567337e-11 -1.164153218269348e-10
 4.365574568510056e-11 -1.164153218269348e-10  2.924934960901737e-09 -1.280568540096283e-09      1.000000000029104 -1.164153218269348e-10
  2.91038304567337e-11 -2.328306436538696e-10 -2.473825588822365e-10 -9.313225746154785e-10                      0     0.9999999998835847
