6
2

0.0001525524464175424
 0.000388023521938157
0.0005588810559036047
0.0007169486349291831
  0.02070244695899011
     0.56891410755776

 -0.4742803117128794   0.8501034243377186 -0.03323981041691271 -0.03652605444594267  -0.1136425010011357  -0.1924284234906198
  0.1317830379176004   0.1118067131720442 -0.05287518307224252 -0.07763794830668044  -0.7475113069839827   0.6344571693469754
  0.2204888575580117   0.1884091728142122  -0.2519755583040449  -0.7987887024759793   0.3854686058955019   0.2564089077534391
  0.1828481782376207    0.111652140328473  -0.8734069800002227   0.4206855577748467   0.1088720023698428  0.04930658314862174
 -0.7147393185310057  -0.2253435964986948 -0.05710523559888459   0.1031932396949747   0.3168031733738023    0.569292426395791
  0.4059437532374675   0.4075284940903126   0.4080525546911526   0.4085946914571996   0.4092784116057827   0.4100790999653939

 0.397691606700376
0.3978197458088121
0.3977919061815567
0.3977787714919944
0.3977660621886324
0.3977319553768297

0.0003147843035570482
   0.3979159829517888

   2.024794025902505   0.5617248337351776 -0.02166128604339968  -0.1196883175245902  -0.7389544143682796   -1.706293952507524
   1.546720651768318  -0.2800902850000372 -0.06371807316755629 -0.08922216940623318  -0.1405961562481606  0.02703883029659071

-1.521723366948585e-09 -2.862456982795856e-08 -2.155522322311353e-08  1.217870329306354e-07  -0.001195931924128856  -0.002921115820291027
-2.223740864446353e-08  4.593110817105775e-08  1.025518999732172e-07   1.31426482632317e-07  -0.000461636689598093      0.131027263123225

cov:
0.05355556304743318 0.05361383966311261 0.05363104243828305 0.05365325240071549   0.053677690216343 0.05370556042534698
0.05361383966311261 0.05377562405574335  0.0538283974875188 0.05388446634389195 0.05395405888219601 0.05403529648151983
0.05363104243828305  0.0538283974875188 0.05389397231033801  0.0539611121776316 0.05404623631744932 0.05414583085913983
0.05365325240071549 0.05388446634389195  0.0539611121776316 0.05404031437988636  0.0541398268593214 0.05425688582350591
  0.053677690216343 0.05395405888219601 0.05404623631744932  0.0541398268593214 0.05425960265696676 0.05439977711142719
0.05370556042534698 0.05403529648151983 0.05414583085913983 0.05425688582350591 0.05439977711142719  0.0545677768358469

cov.inverse():
 10002894.23630259 -17053856.49356937  142666.9897643301  262039.6802091545  1972024.161920665  4674538.915895696
-17053856.49354422  31274162.95576339 -1595149.033725003 -1782406.106758953 -4450304.633554397  -6392924.77742271
 142666.9897914822 -1595149.033763396  1753405.547340582   8993.94753617298 -71167.76874978381 -238670.7585570123
 262039.6802061418  -1782406.10676147  8993.947545813466  2484485.594657276 -332783.9980353829 -640381.7080106607
 1972024.161780636 -4450304.633328191 -71167.76875028628 -332783.9980346368  4765180.904744782 -1882991.322039697
 4674538.915986449 -6392924.777582875 -238670.7585773921 -640381.7080072954 -1882991.321953272  4480635.269783597

cov*(cov_.inverse()):
    0.9999999999708962 -5.820766091346741e-11                      0  1.455191522836685e-11  4.365574568510056e-11                      0
-1.164153218269348e-10     0.9999999999417923 -1.637090463191271e-11                      0  4.365574568510056e-11                      0
  2.91038304567337e-11 -5.820766091346741e-11      1.000000000005457  7.275957614183426e-12                      0   2.91038304567337e-11
 -2.91038304567337e-11  1.746229827404022e-10 -5.456968210637569e-12     0.9999999999854481  1.455191522836685e-11                      0
-5.820766091346741e-11  1.164153218269348e-10  1.818989403545856e-12 -1.455191522836685e-11      1.000000000043656                      0
  2.91038304567337e-11                      0 -1.091393642127514e-11                      0  4.365574568510056e-11                      1
