5
2

6.080179411033758e-05
0.0003018938806474485
0.0003680032409234051
  0.01487449684895142
   0.5701717905166033

  -0.6562317584441104    0.7496683459571176 0.0001692939835241453 -0.008233051828754827  -0.08537820843987143
  -0.3347419615355695   -0.3347057273101794    0.5063749887957538    0.5847437610545587     -0.42140123388874
   0.1108785397144403   0.08999714827760133   -0.7302050203723006    0.6560112023131797   -0.1267138247998134
  -0.4957647183056323   -0.3440782495867531   -0.1030332371364668    0.1656525850348113    0.7731564365386338
   0.4463529902563666    0.4466319722533289    0.4469553918792305    0.4474544382127139     0.448669469480741

0.4244545492447634
0.4244568896593567
0.4243633223939486
0.4241644103919096
0.4238416686047781

0.002199900303452807
  0.4251594864418028

 0.8261279724609153   3.513082135120274 -0.5797358728293417 -0.8419202048797316  -2.918434475087828
   7.36309952116013  -7.152538687793338   1.371643126348558 -0.3533269200024026 -0.2223091156779956

 8.678445509043167e-09 -9.190802902627194e-08   8.78362250966329e-08 -0.0008749314835436076  -0.002421951439055078
-3.760373913100985e-08  4.656326265046133e-08 -1.398271792699731e-07 -0.0003453868864300729     0.1453865494465206

cov:
0.06482356582917394 0.06484740626160054 0.06486786091147766 0.06491082304620509 0.06502051629652222
0.06484740626160054 0.06487637007138428 0.06490494212762829 0.06495696285287351 0.06508715638393538
0.06486786091147766 0.06490494212762829 0.06494656110528539 0.06501281573766983 0.06517554606046581
0.06491082304620509 0.06495696285287351 0.06501281573766983 0.06509538467212907 0.06529427222341395
0.06502051629652222 0.06508715638393538 0.06517554606046581 0.06529427222341395 0.06557546994260494

cov.inverse():
 117809480.2745304 -131770352.1821722 -2487497.863478528 -149483.5786128746  16597803.12937644
-131770352.1770662   153311218.783306 -2310395.101536325 -3381284.007961719 -15851280.99431954
-2487497.867710784 -2310395.096645065  6750674.505156226 -288751.1677214319 -1662354.189551868
-149483.5818933348 -3381284.004357889 -288751.1675660074  6947858.530654347 -3126751.374948025
 16597803.13178122 -15851280.99770647 -1662354.189048229 -3126751.374469255  4041478.830965107

cov*(cov_.inverse()):
    0.9999999993015081 -9.313225746154785e-10 -7.275957614183426e-11   2.91038304567337e-11  5.820766091346741e-11
-1.164153218269348e-09     0.9999999997671694 -8.731149137020111e-11  -2.91038304567337e-11  5.820766091346741e-11
-9.313225746154785e-10 -9.313225746154785e-10                      1   2.91038304567337e-11                      0
-1.164153218269348e-09 -1.396983861923218e-09  5.820766091346741e-11                      1  5.820766091346741e-11
-9.313225746154785e-10 -5.820766091346741e-10                      0                      0                      1
