5
2

0.0001894620115169927
0.0003645520766521193
0.0004766843113172716
   0.0205838143127566
   0.5274127234243893

  -0.349585604613763   0.8679097826885566 -0.07552218477607581  -0.1194845825790775  -0.3233300918456001
 -0.1143122223153801  -0.1584694291721358   0.1275741013764238   0.7563780336374825  -0.6110951437672126
  -0.182361464960435  -0.1240522771680463   0.8796999368322422  -0.3678434838921309  -0.2053643618604631
 -0.7969981404217511 -0.08121829594162727   0.0622955080193789   0.2774860969784301   0.5266101862221183
  0.4430134096592378   0.4468049575207514   0.4475137306079033   0.4486739819717387   0.4500306296420242

0.4071162133906231
0.4068830277022263
0.4069426626245172
0.4067550988239703
0.4066450107212383

0.001384843111347125
  0.4074803493779825

   3.083576930601406   -2.027460947212582 -0.06578179008034087 -0.09099833951030001  -0.8993731420359266
    1.67301531138627  -0.7216812130261535  -0.5282850460029572   0.6175847360292595 -0.04019247998259243

-9.085211925310469e-08  5.863222245327552e-08 -3.420015748428215e-08  -0.001184606908703009  -0.004124055313656107
-4.422783532178864e-08  4.617040588137501e-08 -2.043279163079934e-07 -0.0004904169681001357     0.1227563613914487

cov:
0.05486189352319636 0.05508740410941264 0.05512625029276613 0.05519660512498751 0.05527967710892702
0.05508740410941264  0.0555340431934454 0.05561713089438827 0.05575394838057015 0.05591400461547449
0.05512625029276613 0.05561713089438827 0.05570935657279222 0.05585922850822848 0.05603469239376146
0.05519660512498751 0.05575394838057015 0.05585922850822848 0.05602950113610865 0.05622795670140429
0.05527967710892702 0.05591400461547449 0.05603469239376146 0.05622795670140429 0.05645347583805387

cov.inverse():
 3650753.485835313 -8216455.123834861 -80349.23731282793  807740.1279281934  3838332.369384007
-8216455.123943666  21241504.11448596 -2458410.508711376   -3590111.3684872 -6976960.475941914
-80349.23718729375 -2458410.509002357  3687074.131603538 -446580.5533544766 -701329.6481251458
 807740.1279594218 -3590111.368522229 -446580.5533976084   5298236.85714169  -2068945.03405663
 3838332.369336064 -6976960.475724742 -701329.6482474629 -2068945.034103557  5908588.694985243

cov*(cov_.inverse()):
     1.000000000029104  1.164153218269348e-10 -1.455191522836685e-11 -1.455191522836685e-11 -5.820766091346741e-11
 5.820766091346741e-11      1.000000000058208                      0 -1.455191522836685e-11 -1.164153218269348e-10
 5.820766091346741e-11  2.328306436538696e-10      1.000000000029104                      0 -5.820766091346741e-11
                     0  5.820766091346741e-11                      0     0.9999999999854481 -1.164153218269348e-10
                     0  1.164153218269348e-10  1.455191522836685e-11                      0     0.9999999998835847
