5
2

 5.85717571451689e-05
9.678461164308492e-05
 0.000220850474563043
  0.02287702064374366
    0.522642028888618

 -0.08898376066485554    0.6370367815196742      -0.7393803432688    0.1988129070975867 -0.007494350412973736
  -0.6496901710339847    0.5174669646449237    0.4291599756625121   -0.3507889399121307   0.05384660702102075
   0.2779160877983268  0.001840187764480359   -0.2233294467069948   -0.6882478802159708    0.6318212369520627
  -0.5428471700211334   -0.3573210770612192   -0.1405823675344235    0.4028504547577705    0.6289568402742205
   0.4450440092200895    0.4457918136182243    0.4466530862414674    0.4488283793237792    0.4497328042658729

0.3981802292772942
0.3982918687774234
 0.398374945099883
 0.398533925304015
0.3986268085381677

-0.0005654486558263082
    0.3982866744856585

  0.1738994843045135    0.919882329275559     3.01129756061816   -3.977893500626166  -0.1273439982275801
   1.774227206029431  -0.5382513411370946 -0.02004627358603625  -0.1658104280482981 -0.05012510027013406

-8.390931841101435e-09  2.851300891810981e-08  9.924864290262608e-08  -0.001323582832312608  -0.002782895018666847
-1.778899060226506e-09 -1.296768890983659e-08  2.824172442431762e-08 -0.0004533907760980957     0.1212107794819224

cov:
0.05425638956855546 0.05429457738227725 0.05433770041857078 0.05444774880860267 0.05449347389359976
0.05429457738227725 0.05435095018253307 0.05441529237322668 0.05457855063997098  0.0546464007594713
0.05433770041857078 0.05441529237322668 0.05450443132815241 0.05472984532343639 0.05482354204918197
0.05444774880860267 0.05457855063997098 0.05472984532343639 0.05511112882455196 0.05526963630418763
0.05449347389359976  0.0546464007594713 0.05482354204918197 0.05526963630418763 0.05545521010339627

cov.inverse():
 48953069.80038314 -52402753.02702454  -11859900.0045324  15251070.37124065  59140.08005839989
-52402753.05979043  146877483.6800371 -113596013.2447601  17512974.41128825  1606382.923361435
-11859899.95815482 -113596013.3069241  180037179.6070402 -55768663.87384219  1189037.050818715
 15251070.35632377  17512974.45304598 -55768663.90464647  34370043.01944507 -11365729.39547198
 59140.08136403093  1606382.911001823  1189037.065835741 -11365729.39943485  8511151.846220151

cov*(cov_.inverse()):
     1.000000000565251  2.328306436538696e-10  2.546585164964199e-10 -2.328306436538696e-10  5.820766091346741e-11
 6.207301339600235e-10                      1 -2.401066012680531e-10                      0  5.820766091346741e-11
 8.881215762812644e-10   2.91038304567337e-11      0.999999999308784  1.164153218269348e-10 -5.820766091346741e-11
 9.595169103704393e-11   3.92901711165905e-10 -5.820766091346741e-11                      1                      0
 5.129550117999315e-10  4.220055416226387e-10 -2.473825588822365e-10  1.164153218269348e-10                      1
