5
2

9.222863562462802e-05
0.0002300988794132495
0.0006145971794414583
  0.01550872289951701
   0.5169363348653585

 -0.1588611864784668   0.7491990599684697  -0.6417209695987706  0.01269950335475102  0.03868865162772039
 -0.5857209265430992    0.416899160277763     0.61084702344118  -0.1425975388264521  -0.2994293610233946
 0.06115716087185478  0.07940357527214637   0.0960408893564275  -0.8085038128272807   0.5718851336793692
 -0.6551547279954585  -0.2430311857995976 -0.07735449871879908   0.3537523926891148   0.6169146223820018
  0.4457871730988207    0.446684199032045   0.4470487000650526   0.4479793453337516   0.4485632492304207

0.3977660342120714
0.3979316680720466
0.3979242381890674
0.3979026599000655
 0.397895217819306

0.0001476398196252063
   0.3979692534009001

   3.336870498184353    4.257193556019867   -5.895902079606633  -0.3507412782181638   -1.347625192013316
   1.436535975651979   0.4821508484749435  -0.6771049242184637 -0.06573667903686137  -0.1758920842933068

 5.432279648876381e-08 -1.761822371320701e-07  -1.93113896367777e-07 -0.0008947766115745666   -0.00219662349973808
 4.762489924049388e-09 -5.252019814990898e-08   5.16261730977924e-09 -0.0002736446842310591     0.1188374062009449

cov:
0.05320750482044683 0.05324938917624295 0.05326669946532814 0.05330963083569128 0.05333775629455524
0.05324938917624295 0.05333240031535541 0.05336622020579395 0.05345206658815752 0.05350641913529346
0.05326669946532814 0.05336622020579395 0.05340669614256397 0.05350979103076756 0.05357469386519335
0.05330963083569128 0.05345206658815752 0.05350979103076756 0.05365816160929344 0.05375003171538902
0.05333775629455524 0.05350641913529346 0.05357469386519335 0.05375003171538902 0.05385937108365291

cov.inverse():
 9458258.621938169 -18590635.88781486  5242980.678485063  1208473.309446051  2680861.214143902
 -18590635.8876562  69287334.86532271 -51691116.26607396 -174602.2974941974  1169457.302060274
 5242980.678274246 -51691116.26574029  55484835.56791791 -2808948.776043116 -6228150.837122438
 1208473.309485679 -174602.2976151043 -2808948.775965939  2134083.125501655 -358960.3013600059
 2680861.214156435  1169457.302006165 -6228150.837076761 -358960.3013641067  2736790.356025664

cov*(cov_.inverse()):
    0.9999999998835847 -3.637978807091713e-11  2.328306436538696e-10 -7.275957614183426e-12                      0
-2.619344741106033e-10      1.000000000123691  -2.91038304567337e-10  2.182787284255028e-11   2.91038304567337e-11
-8.731149137020111e-11  3.346940502524376e-10      1.000000000349246  1.818989403545856e-11                      0
-2.037268131971359e-10  3.055902197957039e-10  1.164153218269348e-10      1.000000000010914  -2.91038304567337e-11
-1.746229827404022e-10  9.458744898438454e-11 -1.164153218269348e-10 -1.091393642127514e-11                      1
