7
2

7.145257107606572e-05
8.422782856823853e-05
0.0001096507592573406
0.0002792229335465078
0.0005852188893564693
  0.01609428325068873
   0.6008133299582793

 0.02622074584964351  -0.2915507884247767 -0.06304187120681851   0.8127179604275248  -0.4996272370063247 0.001253895297666961  0.01403215298004293
 -0.1369734130915236   0.6583931654477795  -0.7161980710312248   0.1865263078441587 0.002458045245499368 0.003937585099768985 0.001853852217363946
  0.4904710770878731  -0.4830010163645665  -0.5155776873489881  0.07978462247179655    0.500978190673709 -0.02320713598356547 -0.04944172695909377
  -0.518332811149844 -0.01397252882679887    0.186811254211654   0.3866350072317928   0.5738461065781991  -0.1884157822293262  -0.4265570662623924
 0.03082439321009462  0.05466021466725316  0.05930928293072987  0.06858037128823524  0.08669464763980859  -0.8338650641643138   0.5338486229117994
 -0.5729257956243508  -0.3203041083176654  -0.1903595843031853 -0.03653636849287717   0.1397835788296083   0.3539613718171921   0.6219015450175213
  0.3769958428289947   0.3774240363528532   0.3776412143235891   0.3778982203342266   0.3781966018482089    0.378581889482385   0.3790097134528618

0.3779129598007036
0.3779408366449333
0.3780456312946477
0.3780237397242573
0.3780012770428433
0.3779868000989172
0.3779250736099119

0.0004561077070144702
   0.3781569017643641

   1.30551827565855   2.691227487368981   2.132308452371412   2.033066729561578  -7.257559714266149 -0.2416987408387406 -0.6630135830181569
  1.555167301676501  0.4354315469429972 -0.3086106754449676 -0.9436701314244724  0.6230226242182079 -0.1253765963655883 -0.2358986822209162

 2.238215154204253e-08  3.015865648529208e-09 -6.245135955634326e-08 -2.624528706460684e-07 -1.124561842046255e-07 -0.0009331491311883162   -0.00221171115575596
-5.863129215702451e-09  8.461833981801289e-10  1.157802732081929e-08 -5.870173533886951e-08  7.309523160200957e-09 -0.0002697073010002538     0.1358103939631078

cov:
0.05138916787765337 0.05140992290634178 0.05142018693697471 0.05143232903724013 0.05144676355772961  0.0514674295888663 0.05148591162046409
0.05140992290634178 0.05144731098964169 0.05146611177106149 0.05148836374438705 0.05151438565213843 0.05154909392502943 0.05158517697863536
0.05142018693697471 0.05146611177106149  0.0514893202162842 0.05151676500233317 0.05154874811436929 0.05159068298048011 0.05163581666856093
0.05143232903724013 0.05148836374438705 0.05151676500233317 0.05155037969661398 0.05158941476120727 0.05163990281387792 0.05169575254440454
0.05144676355772961 0.05151438565213843 0.05154874811436929 0.05158941476120727 0.05163654876157962 0.05169683727246304 0.05176497509093989
 0.0514674295888663 0.05154909392502943 0.05159068298048011 0.05163990281387792 0.05169683727246304 0.05176940155520242 0.05185204670071662
0.05148591162046409 0.05158517697863536 0.05163581666856093 0.05169575254440454 0.05176497509093989 0.05185204670071662 0.05195399898161516

cov.inverse():
 26237307.24458549 -33813990.25319687  -8764191.41797439  1263119.896483459   14015591.0722393  160516.4381342106  901901.8679668215
-33813990.24156868  97166536.02236113 -42179066.09075867 -32363459.60910643  8545086.717845086  1126349.438503339  1517791.817855081
-8764191.418541944 -42179066.06952496  95648043.76084772 -31348854.07371604 -14171645.60601525 -13961.12192271006  829647.7379521326
 1263119.864666588 -32363459.59474605 -31348854.02035516  136737832.8656539 -73281412.37243769 -952260.1631463983  -54133.5549743158
 14015591.09413635  8545086.690343572 -14171645.63793283 -73281412.33322364  74015051.53439757 -2686002.630244615  -6436763.50678758
 160516.4377487595  1126349.440181307 -13961.12348014451 -952260.1633199451 -2686002.629707776  2533383.036155184 -168202.7758692094
 901901.8672112722   1517791.81971262  829647.7387328476 -54133.55811017624  -6436763.50563284 -168202.7757708258  3409741.333059775

cov*(cov_.inverse()):
    0.9999999999563443 -5.966285243630409e-10  8.003553375601768e-11  1.339685695711523e-09 -4.656612873077393e-10 -1.455191522836685e-11   2.91038304567337e-11
-2.255546860396862e-10     0.9999999996362021  3.565219230949879e-10  5.375113687478006e-10 -5.820766091346741e-11 -5.275069270282984e-11   2.91038304567337e-11
 3.637978807091713e-11 -2.764863893389702e-10      1.000000000967702  1.641637936700135e-10  5.820766091346741e-11 -3.274180926382542e-11   2.91038304567337e-11
 9.458744898438454e-11 -3.492459654808044e-10  3.274180926382542e-10      1.000000000884484 -4.656612873077393e-10 -4.729372449219227e-11                      0
 6.548361852765083e-11 -6.111804395914078e-10 -1.673470251262188e-10  5.120455170981586e-10     0.9999999995343387 -1.091393642127514e-11   2.91038304567337e-11
 3.637978807091713e-11 -2.182787284255028e-10  1.382431946694851e-10  3.087734512519091e-10  3.492459654808044e-10     0.9999999999399733  -2.91038304567337e-11
-7.275957614183426e-12  2.037268131971359e-10  1.891748979687691e-10 -5.366018740460277e-11 -1.746229827404022e-10 -1.637090463191271e-11                      1
