5
2

7.674032766655758e-05
0.0001704341655450121
0.0004897989709836841
  0.01964480849458279
   0.5257958512436158

-0.3320334326906241  0.7868755689549057 -0.5179070871102739 0.01803240528370828 0.04503021250460389
-0.6056684636321233  0.2315332814181695  0.7158164559645493 -0.1045444480397757  -0.237139856438452
0.04937058941277168 0.06915581137831457 0.09645248019508254 -0.8004500217802163  0.5854542683676596
-0.5675344212986988 -0.3513309270846938 -0.1017987899643746  0.3833201456109701  0.6302173693619804
 0.4454062609341848  0.4460977830073184  0.4468925776037351  0.4484313987050628  0.4492286004415731

0.4015739801739424
0.4016082739877804
 0.401604022063647
0.4016191706634109
0.4015801788596066

0.0004593474577369678
   0.4018183481331064

    1.891957958618442     4.320083524545735    -4.753083801911806   -0.3473041250099579    -1.111658933523956
    1.062309139372051    0.7882830872591358   -0.6347225199097037 -0.007802024356159454   -0.2080711745580001

 3.048486885709308e-08 -9.434914061010138e-08 -1.053430127421117e-07   -0.00113513584334738  -0.002593021643087465
 3.455567598882524e-09 -2.512869159025777e-08 -1.675252543739622e-08 -0.0003663724956975691      0.122800643867343

cov:
0.05497056519730993 0.05500834754295065 0.05505155794764938 0.05513479568626478 0.05517890394484905
0.05500834754295065 0.05506432927518673  0.0551285151321542 0.05525250321909249 0.05531736776350606
0.05505155794764938  0.0551285151321542 0.05521692235883416 0.05538794354044339 0.05547676622949088
0.05513479568626478 0.05525250321909249 0.05538794354044339 0.05565065580807794 0.05578574588920427
0.05517890394484905 0.05531736776350606 0.05547676622949088 0.05578574588920427 0.05594499788629356

cov.inverse():
 31360088.17947951 -49177902.30412576  14294927.68167041  997850.0873500921  2525241.699942457
-49177902.31555537  107004991.3983129 -63467217.14503721  1345029.573842403   4294767.82943116
 14294927.69741587 -63467217.16454493  63225105.99942657 -4484013.224297854 -9568674.104793318
 997850.0861046839  1345029.576235549 -4484013.225469086  3102604.070014131 -961413.8988545242
 2525241.696872027  4294767.835116177  -9568674.10738444 -961413.8988780106  3710036.197290313

cov*(cov_.inverse()):
    0.9999999999708962  8.149072527885437e-10 -1.164153218269348e-10  5.820766091346741e-11  1.164153218269348e-10
 2.619344741106033e-10     0.9999999995343387  3.492459654808044e-10  2.182787284255028e-11  8.731149137020111e-11
 2.037268131971359e-10 -1.164153218269348e-10     0.9999999994179234                      0   2.91038304567337e-11
 2.328306436538696e-10  1.746229827404022e-10 -1.164153218269348e-10      1.000000000021828  1.746229827404022e-10
 -2.91038304567337e-11  5.820766091346741e-10                      0 -7.275957614183426e-12      1.000000000029104
