5
2

7.471175966126989e-05
0.0001539199051308814
0.0004031990357265889
  0.02230260980230001
   0.5343970090695628

-0.2632248336332209  0.7637752736817218 -0.5857497688577775 0.02487582414263637 0.06031931637095052
-0.6560758684699192  0.2970376251562762  0.6576315019308256 -0.1030703092355597 -0.1955260163641997
0.05331147002296257 0.05874098801566442 0.08072749234391691 -0.7923074333759845  0.5995326400521969
-0.5471488466046788 -0.3552754958498321 -0.1355710314153816  0.3994753543820883  0.6296406899098091
 0.4450428839936272  0.4458080292340302  0.4466783891930511  0.4488051659526387  0.4497158793274155

0.4010908191155255
0.4011733078010924
0.4012221672015031
0.4013444374569087
0.4013638775357253

-0.0001758059055003971
    0.4012537190072538

   1.086771586758752    2.812434748544536   -1.719707439169103  -0.5613281270974922   -1.618147801126961
    1.22138849470943  0.01992747594559038   0.1015384964907158 -0.07752380583372287    -0.26514508388365

 1.539334990311503e-08 -1.502725415340658e-08 -7.170500991367967e-08  -0.001295127350687449  -0.002948306617126243
-2.141630005007931e-09  -1.58446769685873e-08 -3.748676320206715e-09 -0.0004412202281995138     0.1267336510803364

cov:
0.05671183255799731 0.05675684337979997 0.05680766496918682  0.0569323561826458 0.05698547640365911
0.05675684337979997 0.05682036101479655 0.05689234159410446 0.05706854739288175 0.05714383271532356
0.05680766496918682 0.05689234159410446 0.05698856166565732 0.05722375302914446 0.05732442165633996
 0.0569323561826458 0.05706854739288175 0.05722375302914446 0.05760277065915063 0.05776505183319725
0.05698547640365911 0.05714383271532356 0.05732442165633996 0.05776505183319725 0.05795423565153292

cov.inverse():
  30599535.6933389 -44223683.60444198  9437442.398683192  1420952.704954722  2766050.192121433
-44223683.60668343  108254578.0491149 -71874781.01086596  1824964.187387979  6018322.531039068
  9437442.40162506  -71874781.0146216  79762473.53239673 -5865031.503934856 -11459740.55852658
 1420952.704769005  1824964.188406144 -5865031.504959657  4421027.338072742 -1801946.799397277
  2766050.19160676  6018322.531535074 -11459740.55831557 -1801946.799589625  4477305.986438127

cov*(cov_.inverse()):
     1.000000000232831 -1.164153218269348e-09  6.984919309616089e-10 -7.275957614183426e-11 -5.820766091346741e-11
 1.164153218269348e-10     0.9999999987776391  1.513399183750153e-09 -4.365574568510056e-11 -1.455191522836685e-10
 4.074536263942719e-10 -8.149072527885437e-10      1.000000001164153                      0 -1.455191522836685e-10
-1.164153218269348e-10  5.820766091346741e-10  5.820766091346741e-10     0.9999999999563443  -2.91038304567337e-11
  2.91038304567337e-11  1.164153218269348e-10 -2.328306436538696e-10  -2.91038304567337e-11     0.9999999999708962
