5
2

 0.000105271890713999
0.0002717318542535602
0.0006611043634352043
  0.01461056747403402
   0.5175354733246578

  0.4594746139072314  -0.8000944110554173   0.3843753805578551 -0.01794816038441013 -0.02579618057980655
 -0.4129549795340767    0.161398384745469   0.7965190393187221  -0.1713125985922354  -0.3736685159950189
 0.06487253885554656  0.08710349897821404   0.1032692162971254  -0.8150205090227668   0.5597156179756255
 -0.6444101712016453  -0.3561229161839115  0.08363952665091726   0.3248478957237252    0.587699135651918
  0.4459577883691605   0.4465298913106023   0.4473844938872739   0.4478228127491158   0.4483687658275573

0.3979477193622244
0.3979889654203922
0.3980664344646924
0.3980521196204399
0.3980186946179733

0.0003204359007010103
   0.3981721491309954

  2.843721848688048   3.456178723547564  -5.507207868143801 -0.1404780241948522 -0.6522178405930932
  1.145409523279425  0.6992291925608871 -0.6268860296849662   -0.04055374030139 -0.1773466143805711

-3.940975537533846e-08 -3.496478350190488e-07  -1.45874712889047e-07  -0.000843822453316798  -0.002066612266713601
-2.979104729065749e-09 -5.805591649775368e-08  1.862467518650124e-09 -0.0002469742536276719     0.1191618280470709

cov:
0.05335682963039121 0.05338548492216493 0.05342705713367522 0.05344623332383651 0.05347533252027237
0.05338548492216493 0.05343201131957505 0.05350078815616495 0.05353483119567572 0.05358019487985816
0.05342705713367522 0.05350078815616495 0.05361108898072871 0.05366781875279301 0.05373798281948201
0.05344623332383651 0.05353483119567572 0.05366781875279301 0.05373745941756153 0.05382068465357648
0.05347533252027237 0.05358019487985816 0.05373798281948201 0.05382068465357648 0.05391956746238524

cov.inverse():
 21371249.99308189 -34061126.29989789  11496857.68239331  92003.62294635555  1101593.529500048
-34061126.29992729  58134794.07817716 -25989068.76765668  758363.0328357724  1156184.574837815
 11496857.68244912 -25989068.76772684  21948492.49928861 -2662973.116430867 -4793131.822998986
 92003.62294500667  758363.0328323499 -2662973.116421157  1946863.859222705 -134123.9555681551
 1101593.529474981     1156184.574882 -4793131.823023042  -134123.955563217  2669461.390695975

cov*(cov_.inverse()):
     1.000000000181899 -2.401066012680531e-10 -8.731149137020111e-11 -1.546140993013978e-11   2.91038304567337e-11
-1.600710675120354e-10      1.000000000080036  5.820766091346741e-11 -3.637978807091713e-12  -2.91038304567337e-11
 7.275957614183426e-11 -4.365574568510056e-11      1.000000000174623 -1.182343112304807e-11 -5.820766091346741e-11
 2.692104317247868e-10  9.458744898438454e-11  8.731149137020111e-11     0.9999999999863576 -5.820766091346741e-11
 1.455191522836685e-11 -1.746229827404022e-10   2.91038304567337e-11 -8.185452315956354e-12                      1
