7
2

8.164365489828849e-05
0.0001030217109145833
0.0002113041552141633
0.0005087073224116002
0.0006755027557951633
  0.01922193071579533
   0.6126197851998783

-0.09929452358556259 -0.06038299892590765   0.7468648523260495  -0.6529566364710729 0.003610318094395549  0.01710954168147474   0.0450471248994769
 -0.3853971273830295   0.8430324985492146  -0.2368378808473038   -0.286804462268427  0.01382963319383417 0.005298778745102588  0.04687156283919217
  0.6000009144861329 -0.06351609969554024  -0.4445772407375977  -0.5690482552651264  0.06201083587255055  0.09691282654648113   0.3182174228075664
-0.02665416234784002 -0.05903642723199942  -0.1032093803478281  -0.1289588677795615   0.1508069056009841   0.7661165085456587  -0.5990362782631045
 0.08619239303647919  0.09354189687998705  0.08006757952349804  0.08736505757022556  -0.8967613427797347   0.3602306827419723   0.1892888365511248
 -0.5758887486255508  -0.3565971289512213  -0.1698077480272883 -0.02218087462111009   0.1609299447614074   0.3606590881496087   0.5965656287076642
  0.3765914638242704   0.3771192203025045    0.377563402359468   0.3779151762351238   0.3783229933289841   0.3788290686552269   0.3794024371079508

0.3978690173440577
0.3979062143619335
0.3979977100999401
0.3979777214725274
0.3979594655235061
0.3979226637225043
0.3979032483091535

0.0003794850553321937
   0.3981016797044734

   1.868887051900517    1.525967919083264    2.710166666981756   -4.135654252479736   -0.114049942959454  -0.4692040890205224   -1.386093964880864
   1.163557689979765   0.6525691704717793  -0.2735517298332484  -0.2516966410881455 -0.03713432837720593  -0.1838011789206853 -0.07008219335831439

 2.916863819903471e-08  1.105285947253908e-08  7.497960714083049e-08   1.46825636683041e-07 -7.739264409752311e-08  -0.001109694666404261  -0.002691413293658917
-1.342029250188681e-09  2.482576446003589e-09  3.925189234821141e-08 -2.931465489602277e-08  3.251817982030449e-08 -0.0003564857879316803     0.1409682409034675

cov:
0.05334845536662233 0.05337636292873359 0.05339939004191444 0.05341769440589206 0.05343634572884364 0.05346541995440866 0.05349626953562747
0.05337636292873359  0.0534221789833921 0.05346042632480179 0.05349076466247404  0.0535243129627785 0.05356966828587536 0.05361975048891258
0.05339939004191444 0.05346042632480179 0.05351166285356837 0.05355224377277143 0.05359848973233108 0.05365769862670885  0.0537241701681409
0.05341769440589206 0.05349076466247404 0.05355224377277143 0.05360093750041778 0.05365721024954703  0.0537273800657538 0.05380680197451717
0.05343634572884364  0.0535243129627785 0.05359848973233108 0.05365721024954703  0.0537264178122444 0.05380965911076743 0.05390511375047247
0.05346541995440866 0.05356966828587536 0.05365769862670885  0.0537273800657538 0.05380965911076743 0.05390855483687194 0.05402121236270054
0.05349626953562747 0.05361975048891258  0.0537241701681409 0.05380680197451717 0.05390511375047247 0.05402121236270054 0.05415505350138924

cov.inverse():
 23556452.69393562 -30541989.67176301 -8473727.559144363   12524073.9310612  92165.98261565957  843613.1143902377  1999701.052015773
-30541989.67004388  67632756.28957032 -24905258.65329911  -16009153.0690551  759180.8801979491  26753.57074357728  3037162.271874337
-8473727.553612629 -24905258.66343091  93450341.96593146 -61028497.66641732  -739102.994693166  591348.1846030991   1104769.81441893
 12524073.92179096 -16009153.05358907 -61028497.67171556  79045883.97602296 -1764545.258067528 -3367164.430863344  -9400211.49203437
 92165.98249151767  759180.8804158741 -739102.9945758748 -1764545.258301697  1956432.413239787 -110568.6615078719 -193408.5785900268
 843613.1140179933  26753.57123472804  591348.1848365999 -3367164.431225301 -110568.6614774309   2809707.40042816 -793676.6043467241
 1999701.054531452  3037162.267550335  1104769.814766194 -9400211.490540637 -193408.5786435589 -793676.6043258306  4245515.718980636

cov*(cov_.inverse()):
     1.000000000480213  -2.91038304567337e-10  -2.91038304567337e-11 -5.820766091346741e-11  5.456968210637569e-12  1.455191522836685e-11 -1.455191522836685e-10
 3.201421350240707e-10     0.9999999996798579  9.094947017729282e-10 -1.222360879182816e-09  1.091393642127514e-11  2.182787284255028e-11                      0
 3.346940502524376e-10 -2.328306436538696e-10      1.000000000261934 -2.328306436538696e-10  9.094947017729282e-12                      0 -8.731149137020111e-11
 4.802132025361061e-10  -2.91038304567337e-11 -9.240466170012951e-10                      1  7.275957614183426e-12  2.182787284255028e-11 -8.731149137020111e-11
 2.473825588822365e-10 -5.820766091346741e-11  1.236912794411182e-10 -5.820766091346741e-10      1.000000000005457 -7.275957614183426e-12 -8.731149137020111e-11
 1.746229827404022e-10 -2.037268131971359e-10  -4.43833414465189e-10 -6.402842700481415e-10  5.456968210637569e-12     0.9999999999781721 -8.731149137020111e-11
 4.220055416226387e-10 -1.746229827404022e-10 -2.182787284255028e-10 -4.074536263942719e-10 -3.637978807091713e-12 -7.275957614183426e-12     0.9999999999708962
