5
2

 6.15516563685764e-05
0.0002553715764753418
0.0005623773047255435
  0.01512022593623032
   0.5581436482787314

-0.1502996394618452  0.7569447242822527 -0.6355589084390234 0.00768379841806637 0.02122583106903393
 -0.457049846652256   0.441396216745833  0.6173136547988276 -0.1700542070431232 -0.4316019413573847
0.08758245632067628  0.1106285376350621  0.1182686211515457 -0.8349942085266342  0.5185439662974166
  -0.75038670429175 -0.1427954848638728 0.03020158471930742  0.2701598728081153  0.5853466929345404
 0.4447072783526168  0.4467379997123028  0.4473132269831346  0.4481303836609251  0.4491665975994945

0.4165957352647924
 0.416600776579602
0.4166590637558006
0.4166513122549125
0.4165673858840884

0.0006337372308485233
   0.4168689361107371

  3.351195581518323   4.382533844855711  -6.718641051935733 -0.2055907992576486 -0.8092364992813392
  1.536581986238621    1.26926197534498  -1.953961730896104 -0.1900533349808008  0.3375414429726073

 2.676645923030533e-08 -2.191543789846657e-07 -8.356525890430409e-08  -0.000885367398464599  -0.003989078063345091
 7.491497433897309e-09 -9.531893107492893e-08  1.194309096758249e-07  -0.000285103097725623     0.1379328464050846

cov:
0.06173722176021725 0.06191429052118075 0.06196429822512286 0.06203633558572109 0.06212586331476092
0.06191429052118075  0.0621770993182976 0.06225150721948956 0.06235734284522956 0.06249130274125646
0.06196429822512286 0.06225150721948956 0.06233286975592515 0.06244832762706772 0.06259493930028766
0.06203633558572109 0.06235734284522956 0.06244832762706772 0.06257748691641681 0.06274125877182753
0.06212586331476092 0.06249130274125646 0.06259493930028766 0.06274125877182753 0.06292866086687923

cov.inverse():
 9192512.123370565 -33091494.03097539  20919841.65219435  654862.5104432082  2324452.821987976
-33091494.02908036  154260109.3096848 -122761958.0583729  91952.97065005914  1500596.227253728
 20919841.64940136 -122761958.0519305  112506038.5823205 -3210920.059317439 -7452248.630802281
 654862.5109849381  91952.96733478562 -3210920.056272618  2663844.679676897 -199841.8804555986
 2324452.822344169  1500596.226021784 -7452248.630197793 -199841.8801843388  3827024.555792711

cov*(cov_.inverse()):
    0.9999999997962732  4.074536263942719e-10  3.492459654808044e-10  2.000888343900442e-11  5.820766091346741e-11
-8.731149137020111e-11      1.000000000422006  5.820766091346741e-11 -3.092281986027956e-11  5.820766091346741e-11
-1.746229827404022e-10  7.275957614183426e-10     0.9999999995343387 -4.001776687800884e-11                      0
                     0 -4.656612873077393e-10                      0     0.9999999999727152 -8.731149137020111e-11
-8.731149137020111e-11   1.01863406598568e-10  4.656612873077393e-10  5.456968210637569e-12                      1
