6
2

5.332042594487399e-05
8.773632239842034e-05
0.0002023380434487026
0.0004343965237916105
  0.02141940766970165
   0.5702151245229107

 0.001443325964459312    0.4097714827914078   -0.8072683167922817    0.4241550791614679 -0.006962840275566161  -0.02114476486682762
    0.524219452243284   -0.7227087190571824   -0.1421135788916532    0.4225717143650233  -0.02143058974573294  -0.06052834067475156
  -0.4807486812749888  0.008026386717088951    0.3655498267423286    0.6667011042454003   -0.1490750254754562   -0.4104581356420376
  0.02072366542509375   0.04908384929421205   0.08210924304173761    0.1225817292138355   -0.8219960772138372    0.5474628264502852
  -0.5731644010664393   -0.3763587773474508   -0.1465563533097665    0.1225087575523783    0.3659851310268221    0.5995034308146016
   0.4063566010215287    0.4070133448155236    0.4077673688247647    0.4086570403455893    0.4094462337966769    0.4102358198350536

0.4031488990654913
0.4031725507042524
0.4031572466279217
0.4031219919728532
0.4031386645649457
 0.403085928516015

0.0005714628361103477
   0.4034084564227667

  0.4590244545866336    2.407153464498236    3.317598808424577   -5.577826294992013 -0.07784435697335312  -0.5281583525516623
   0.419402596355936    1.309868880535413   0.1815465156450307  -0.7395022515792173   -0.140220302091579 -0.03101949388661893

-1.150106394497668e-08 -3.305308368769583e-08 -1.014902518671083e-07 -9.601608201236553e-08  -0.001231266734404954  -0.002887550819174382
 2.239316595619969e-10 -8.161100475096657e-09 -2.391512595578621e-08  1.802478223429725e-08 -0.0004223099924426981     0.1317648319463879

cov:
0.05384057166487302 0.05387557682130908 0.05391476816206912 0.05396155838439326 0.05400181588572855 0.05404474363253824
0.05387557682130908 0.05392851469412483 0.05398861686313546 0.05405989391862686 0.05412228645192291 0.05418647024878331
0.05391476816206912 0.05398861686313546 0.05407314450504382 0.05417301048365997 0.05426124820961814 0.05435025030544118
0.05396155838439326 0.05405989391862686 0.05417301048365997 0.05430635925824873 0.05442486042261612 0.05454292452713132
0.05400181588572855 0.05412228645192291 0.05426124820961814 0.05442486042261612 0.05457095922466956 0.05471507583357429
0.05404474363253824 0.05418647024878331 0.05435025030544118 0.05454292452713132 0.05471507583357429 0.05488477009439329

cov.inverse():
 41348882.20469989  -49097638.6109856 -14371208.00597208  21177465.33545891  196810.3778813645  746424.9128100959
-49097638.60330216  126927825.5290123  -102915886.067357  21622083.75374308  765155.0722889575  2696657.329820585
-14371208.02496357 -102915886.0521873  235141309.4856015 -122231096.7523132  683849.2820036064  3694512.025084745
  21177465.3491891  21622083.75037241 -122231096.7699451   97413509.2199648 -5176737.306565039 -12805674.22774314
 196810.3784030861  765155.0692870968  683849.2860525531 -5176737.308039314  4200517.722837632 -669443.4923162038
 746424.9098662155  2696657.328706646  3694512.034846249 -12805674.23354129 -669443.4922217157  6337427.217530872

cov*(cov_.inverse()):
     1.000000000123691 -2.182787284255028e-09  2.153683453798294e-09 -1.629814505577087e-09 -3.637978807091713e-11  1.164153218269348e-10
  4.43833414465189e-10     0.9999999999708962  2.328306436538696e-10                      0 -7.275957614183426e-12  1.164153218269348e-10
 2.328306436538696e-10 -1.193257048726082e-09      1.000000000116415                      0 -1.455191522836685e-11                      0
 2.837623469531536e-10 -5.820766091346741e-10  3.783497959375381e-10      1.000000000232831  2.182787284255028e-11  5.820766091346741e-11
 3.346940502524376e-10 -9.895302355289459e-10  2.619344741106033e-10  1.164153218269348e-10     0.9999999999563443  5.820766091346741e-11
  1.01863406598568e-10 -4.074536263942719e-10 -5.820766091346741e-10 -1.164153218269348e-10  1.455191522836685e-11                      1
