5
2

8.074989429949136e-05
9.621228756950428e-05
 0.000224731304522197
  0.01644741997290764
    0.515513753876756

 0.05577950968193532   0.2132207807122488  -0.7983630835293859   0.5595793379940631 -0.03021417415186122
 -0.3946399676875661   0.8218411876124776 -0.08853810751604974  -0.3969847300482965  0.05831368512815562
  0.6007623455758107 -0.05576598827734711  -0.3856207746183031  -0.5668097656859624   0.4074286028195675
 -0.5303071417142912  -0.2766220893502139 -0.07887660942134826  0.08852556827068499   0.7925883290705747
  0.4461018737780293   0.4466366926833757   0.4470486428163039   0.4473969176067079   0.4488789280337236

0.3932476551874445
  0.39328796154665
 0.393387136954484
0.3933707238173146
0.3933099032702914

0.0003217510647409694
   0.3934730399393327

   2.320726835343828    1.794370503171163    2.514297524829102   -5.203055495716251   -1.426271714530637
   1.242026135743349      0.5383340596199 -0.07800512524343811  -0.5271935118929716  -0.1752407789420365

-2.845373648520987e-08  2.146270883307023e-08  1.359881995372531e-07 -0.0009512561675630263  -0.001947638840318434
-2.828078659743323e-10  1.464863481977221e-09   4.91729971564734e-08 -0.0002669959019613179       0.11829027338586

cov:
0.05296305671070081   0.052990044078718 0.05301050712088908 0.05302777737085929 0.05310249961609501
  0.052990044078718 0.05303455255049726 0.05306864432663627  0.0530974561938753 0.05322067850270528
0.05301050712088908 0.05306864432663627 0.05311337916656644 0.05315118077414956 0.05331221203143302
0.05302777737085929  0.0530974561938753 0.05315118077414956 0.05319661002682909  0.0533896466656696
0.05310249961609501 0.05322067850270528 0.05331221203143302  0.0533896466656696 0.05371741588678504

cov.inverse():
 24448909.67157869 -33875908.04243143 -7641863.603716018  14968751.13172361  2100415.878340706
  -33875908.044554  79999167.58829549 -33541089.70040219 -16321324.76979047  3738542.898289363
-7641863.603096833 -33541089.70692477  101541284.3846384  -60388991.8946975  30494.16360231272
 14968751.13417973 -16321324.76570319 -60388991.90344051  71408238.52494228  -9666064.49388081
 2100415.877388039  3738542.898602078  30494.16644180705 -9666064.496080367  3796495.610629258

cov*(cov_.inverse()):
     1.000000000261934 -4.365574568510056e-10 -6.680238584522158e-10  5.820766091346741e-11                      0
 3.201421350240707e-10     0.9999999993888196 -3.212790034012869e-10  1.164153218269348e-10  -2.91038304567337e-11
  2.91038304567337e-10  8.731149137020111e-11     0.9999999983185717   2.91038304567337e-10 -1.164153218269348e-10
 3.055902197957039e-10  -2.91038304567337e-10  1.455191522836685e-11      1.000000000232831  -2.91038304567337e-11
 4.220055416226387e-10  -2.91038304567337e-10  -4.68389771413058e-11 -1.164153218269348e-10     0.9999999999708962
