5
2

8.335053409468914e-05
0.0001122481965783034
0.0004001515617325075
  0.01187145244618061
    0.506972496332576

 -0.1406962363146127   0.7082538042407557  -0.6824216379650265   0.1134898465437611 0.001371362097932298
 -0.5353040993139889   0.4685993381242584   0.5178352971858499  -0.4745145944387987  0.02338132203643598
  0.3348457591429672 -0.05741581337746941  -0.2376446030987439  -0.6630726682490554   0.6232506888863362
 -0.6182457088238191  -0.2753282398171927 -0.09893331279186468   0.3491484305880144   0.6405264841659972
  0.4464354952839723   0.4468657447392609   0.4470845057297783   0.4476449088675766   0.4480355287591364

0.3781722838204895
0.3782004534556683
0.3783056198986825
0.3782616263021115
0.3782472580907068

0.0004533025066555791
   0.3784154951517025

   1.40163065084302   3.520008848941526   2.805555280698695  -7.460468412864783 -0.2668900574849407
  1.727450799498735  0.1281776754629701  -0.420940046124949 -0.2943617129070651 -0.1402487888335987

-3.235846148349723e-09  7.415971551845309e-08  7.014903529598117e-07 -0.0006890183017597911   -0.00159034004384476
 7.044275065036185e-10 -1.192211618152301e-08  1.247148292798364e-07 -0.0001767623386982004     0.1145470695516398

cov:
0.05127939273724219 0.05129885389221869 0.05130857729537358  0.0513338214705171 0.05135332038858627
0.05129885389221869 0.05133497742678179 0.05135325354659132 0.05140023337570725 0.05143378200306305
0.05130857729537358 0.05135325354659132 0.05137594573810272 0.05143410017289738 0.05147487857044775
 0.0513338214705171 0.05140023337570725 0.05143410017289738 0.05152067692974257 0.05157981728923178
0.05135332038858627 0.05143378200306305 0.05147487857044775 0.05157981728923178 0.05165123025723788

cov.inverse():
 26295027.83268362 -34371069.60931098 -8676742.011407526   16473506.7044201  279390.9845771912
-34371069.61421891  89652975.04660408 -50226023.66067684   -5840909.1383776  784656.4446336039
-8676742.004510213 -50226023.67054726  88668387.93613943 -29666190.85086515 -99202.55202400376
 16473506.70234303 -5840909.134530404 -29666190.85209482  22471292.05585701 -3437493.866734955
 279390.9846648943  784656.4457488368  -99202.5537673793 -3437493.866194519  2472491.768290534

cov*(cov_.inverse()):
                     1 -6.039044819772243e-10 -4.029061528854072e-10 -2.619344741106033e-10  -2.91038304567337e-11
 1.000444171950221e-10     0.9999999990905053  3.328750608488917e-10                      0  -2.91038304567337e-11
 7.821654435247183e-11  2.110027708113194e-10     0.9999999999545253 -1.746229827404022e-10 -1.455191522836685e-11
 1.109583536162972e-10 -1.033185981214046e-09  1.246007741428912e-10     0.9999999997671694  -2.91038304567337e-11
  1.01863406598568e-10 -1.891748979687691e-10  7.548806024715304e-11                      0     0.9999999999854481
