5
2

0.0001153834029372992
0.0005183400143226037
0.0007136585677861952
  0.02123507740586791
   0.5220188284844507

 -0.6276699359941222   0.7721291200282273 -0.02369712523918537 -0.02882358936682089 -0.09194955358772192
 -0.2278716530885979  -0.2174288521535053   0.3337666238944244   0.6815596579935961  -0.5699784884885122
   0.121233890234397   0.1013623421943336  -0.8268382025339261   0.5353727381536387  0.06886680997298551
 -0.5840858231467936  -0.3839403504281358  0.06470835088495847   0.2176620019789868   0.6781368893758118
  0.4452539233127215   0.4459336263993154   0.4474256398394398   0.4479340547759686   0.4495080911476598

0.3941428248420848
0.3942374755580332
0.3944332051500093
0.3944368903940003
 0.394501959123353

-0.0003596269429716839
    0.3942786634452098

   1.498397905054718     0.93190487417356  -0.1028267951527621   -0.201191333128716   -2.126362165699364
   1.419840745086592   -0.165433511342982   0.0294463477347677 -0.03242384659959438  -0.2513490052821262

  -2.2891763134142e-10  1.333900881095369e-07  5.449074684438296e-08  -0.001228960091224228  -0.002509629661771469
-1.325447376536756e-08  -4.20689406097558e-08  4.907100082690323e-08 -0.0004245010791952185     0.1210148386720573

cov:
0.05417800164509024  0.0542077442103291 0.05427052522830785  0.0542919906836285 0.05436174177917567
 0.0542077442103291 0.05425570237745462 0.05435924698676525 0.05439459797107894 0.05450619910295221
0.05427052522830785 0.05435924698676525 0.05455469251768162 0.05462060162316466 0.05482603656596786
 0.0542919906836285 0.05439459797107894 0.05462060162316466 0.05469810813994948 0.05493508004646451
0.05436174177917567 0.05450619910295221 0.05482603656596786 0.05493508004646451 0.05526887242278686

cov.inverse():
 29814991.97776022 -36193748.75289228  637247.1427006032  908024.1279759745  4833980.787932364
-36193748.75294851  44977394.26786783 -1809069.997872509 -2116866.392006155 -4858380.658970131
 637247.1426835888 -1809069.997847543  1799148.132721389  28860.60405233068 -656100.8836007401
 908024.1281287894 -2116866.392194104  28860.60406331344  2354213.610363673 -1174090.495359197
   4833980.7878528 -4858380.658863384 -656100.8836037703 -1174090.495383352  1854559.538544736

cov*(cov_.inverse()):
                     1  -2.91038304567337e-10 -7.275957614183426e-12                      0  4.365574568510056e-11
-5.820766091346741e-11     0.9999999997089617 -7.275957614183426e-12                      0  7.275957614183426e-11
                     0  5.820766091346741e-11     0.9999999999781721 -1.455191522836685e-11   2.91038304567337e-11
 1.746229827404022e-10  -2.91038304567337e-10 -7.275957614183426e-12      1.000000000029104   2.91038304567337e-11
-5.820766091346741e-11  -2.91038304567337e-10                      0 -7.275957614183426e-12      1.000000000058208
