5
2

7.504086610766958e-05
0.0001536061327928987
0.0006565826858479398
   0.0206755563749819
   0.5224112376440238

 -0.2668380447757924    0.766807349716228  -0.5790222277955691 0.004792829373128795  0.07425789376667528
 -0.6545465082555922   0.2884529758643291   0.6510968139616988 -0.03337268502507971  -0.2516405213564915
  0.1646338791374517   0.1681845169356995   0.1861274962725696  -0.8821018552013484   0.3631288012329851
 -0.5240527599162307   -0.318343753541402  -0.0797860960104262   0.1428057542840157   0.7728302885059185
  0.4456800613163896   0.4462875664641173   0.4469865015660998   0.4476227499519325   0.4494815147564184

 0.393944605143405
0.3940477092433018
0.3941235945575343
0.3942624086517751
0.3943587417236926

-0.0004789397536961728
    0.3940647844789402

   1.135157663278714    2.773711060374319   -1.973009416968274 -0.02706880605624538   -1.908867348920298
   1.380062963449715  -0.3823057051850985   0.3163577365076395   0.0340488840333438  -0.3480852278843066

 1.590533883455407e-08 -1.760875392985723e-08 -1.651710670119818e-07  -0.001196749282962362  -0.002247683264315613
-4.900611497386369e-09 -1.701558817361573e-08  2.817491198818255e-08 -0.0003808452230236281     0.1213480083334737

cov:
0.05432642564528477 0.05435421870034498 0.05438578733374066 0.05441324411390645   0.054498282285993
0.05435421870034498 0.05440022875033343 0.05445289138232087 0.05450001406625596 0.05464075983500411
0.05438578733374066 0.05445289138232087 0.05453002848114519 0.05459995352326109 0.05480530991886436
0.05441324411390645 0.05450001406625596 0.05459995352326109 0.05469167429276555 0.05495673264028803
  0.054498282285993 0.05464075983500411 0.05480530991886436 0.05495673264028803 0.05539308300544578

cov.inverse():
 30865790.43896816 -44273480.64894749  9446723.888900077  361638.5058185788  3599708.680779443
-44273480.64142124  108010619.5063315 -70814620.26639052 -99574.51810421706  7176632.979979276
  9446723.87890839 -70814620.25437103  77585388.20696467 -1794611.582601118  -14422934.7795258
 361638.5063050567 -99574.51887787288 -1794611.582350945  1856253.033998245  -323636.216025048
 3599708.682758396  7176632.976259585 -14422934.77774804 -323636.2160620588  3970275.144121983

cov*(cov_.inverse()):
    0.9999999998544808 -4.656612873077393e-10  4.656612873077393e-10 -3.637978807091713e-12 -8.731149137020111e-11
-2.037268131971359e-10     0.9999999995925464  8.149072527885437e-10 -1.091393642127514e-11 -1.164153218269348e-10
-1.164153218269348e-10  5.820766091346741e-11      1.000000000814907 -3.637978807091713e-12 -2.037268131971359e-10
 1.746229827404022e-10 -7.566995918750763e-10  3.492459654808044e-10       1.00000000001819                      0
 2.328306436538696e-10  5.820766091346741e-11  2.328306436538696e-10 -3.637978807091713e-12     0.9999999999417923
