5
2

0.04152917141992496
 0.3071178372539626
   1.38309408399367
  8.581136560749471
  51.41889006443754

   -0.4352774630633083     0.8162437613563903    -0.3798407203983433  -0.000437432734321575 -0.0006985526563950176
   -0.5633064084821285    0.06905715868937032     0.7943857604306719    -0.1274063163696769    -0.1750311205780572
   0.08489381145922102    0.07129741568999659    0.05576388032493525    -0.7984188344430566     0.5891752487584245
   -0.6731303740756993    -0.5068796266004282     -0.318792748228005     0.1589054354233197     0.4038425310740331
    0.1814055142071823     0.2587797394191867     0.3463146893803288     0.5666073301689885      0.677604128676577

9.164759316148485
14.74973342107717
21.06832482767678
 36.8868484097871
44.89307238411008

  0.4172919878776387
-0.06117217732869186

  -0.03497489562855304  9.719415414407152e-05    0.03477910737566494  4.230685103193566e-05  5.795306852305303e-05
     1.593255250029555     0.3390244928824873     -0.930311736800819 -0.0007654783418650397  -0.001222416403497642

 3.608941469265737e-06   0.004463361428922854  -0.001955873138369469     0.9157507141781922      15.30361833727211
-0.0001093614684424493    -0.1521209079332436     0.2055315585683865     -69.83274111738503      140.9604356310057

cov:
120.4142338341674 149.2471151482764 181.8675089730072 263.7560403648682 305.0793348464916
149.2471151482764  195.984451333301 248.8555090528481 381.6253290382137 448.6148206741793
181.8675089730072 248.8555090528481 324.6426623189458 514.9732871889606 610.9990714904867
263.7560403648682 381.6253290382137 514.9732871889606 851.8889624839223 1018.915500978895
305.0793348464916 448.6148206741793 610.9990714904867 1018.915500978895 1226.616845445825

cov.inverse():
    113.2306321500056    -206.4104441752482     91.12642049027598     0.834450583896996     1.244125679104556
   -206.4104441751993     386.3643007367028    -179.1831108435201   -0.3311022983519938   -0.4395103990257198
    91.12642049021113    -179.1831108434411     90.34934960381935    -1.000579460962011    -1.304768813613841
   0.8344505839066405   -0.3311022983704152    -1.000579460953169    0.5059124585538325 -0.008287148096814516
    1.244125679110948    -0.439510399037598    -1.304768813608421 -0.008287148096748789    0.5089366608627964

cov*(cov_.inverse()):
      1.00000000000847 -8.810729923425242e-13 -1.875832822406664e-12 -1.687538997430238e-14 -2.842170943040401e-14
  7.73070496506989e-12       1.00000000000145 -3.296918293926865e-12 -4.440892098500626e-16  2.842170943040401e-14
 9.777068044058979e-12  1.381295078317635e-11      1.000000000000568  -9.50350909079134e-14 -5.684341886080801e-14
 3.637978807091713e-12  1.739408617140725e-11 -9.322320693172514e-12     0.9999999999999822                      0
 4.320099833421409e-12  2.273736754432321e-12  -1.13686837721616e-12 -6.750155989720952e-14                      1
