5
1

0.001570512319733095
0.001784251638263579
0.002812527192116675
 0.08133682525657358
  0.5757756107983809

  0.1978762740399557  0.09553666965207186  -0.7801098590019242   0.5785375685519366 -0.09187281744818065
 -0.5065843410747009   0.8217403456193485   -0.173583051403044   -0.188838274780691  0.04820933522425274
   0.363373793092738 -0.02641119701810935  -0.4010568239187091   -0.561382089157348   0.6255121974246663
 -0.6403612325998966  -0.3705568515951175 -0.05169526213090238   0.3053518772569843   0.5972545039159671
  0.4026341563088163   0.4214328149790528   0.4447230104402754   0.4703666322995627   0.4911789835044102

0.3996359718175606
0.3994085459147467
0.3993132509502975
 0.399249075010423
0.3992216303827976

0.0006989940979032425

0
0
0
0
0

0

0
0
0
0
0

0

0
0
0
0
0

0

0
0
0
0
0

0

0
0
0
0
0

0

0
0
0
0
0

0

0
0
0
0
0

0

0
0
0
0
0

0

0
0
0
0
0

0

0
0
0
0
0

0

0
0
0
0
0

0

0
0
0
0
0

0

0
0
0
0
0

0

0
0
0
0
0

0

0
0
0
0
0

0

0
0
0
0
0

0

0
0
0
0
0

0

0
0
0
0
0

0

0
0
0
0
0

0

0
0
0
0
0

0

0
0
0
0
0

0

0
0
0
0
0

0

0
0
0
0
0

0

0
0
0
0
0

0

0
0
0
0
0

0

0
0
0
0
0

0

0
0
0
0
0

0

0
0
0
0
0

0

0
0
0
0
0

0

0
0
0
0
0

0

0
0
0
0
0

0

0
0
0
0
0

0

0
0
0
0
0

0

0
0
0
0
0

0

0
0
0
0
0

0

0
0
0
0
0

0

0
0
0
0
0

0

0
0
0
0
0

0

0
0
0
0
0

0

0
0
0
0
0

0

0
0
0
0
0

0

0
0
0
0
0

0

0
0
0
0
0

0

0
0
0
0
0

0

0
0
0
0
0

0

0
0
0
0
0

0

0
0
0
0
0

0

0
0
0
0
0

0

0
0
0
0
0

0

0
0
0
0
0

0

0
0
0
0
0

0

0
0
0
0
0

0

0
0
0
0
0

0

0
0
0
0
0

0

0
0
0
0
0

0

0
0
0
0
0

0

0
0
0
0
0

0

0
0
0
0
0

0

0
0
0
0
0

0

0
0
0
0
0

0

0
0
0
0
0

0

0
0
0
0
0

0

0
0
0
0
0

0

0
0
0
0
0

0

0
0
0
0
0

0

0
0
0
0
0

0

0
0
0
0
0

0

0
0
0
0
0

0

0
0
0
0
0

0

0
0
0
0
0

0

0
0
0
0
0

0

0
0
0
0
0

0

0
0
0
0
0

0

0
0
0
0
0

0

0
0
0
0
0

0

0
0
0
0
0

0

0
0
0
0
0

0

  2.509821889250656   1.330778704428085  -0.706575681540747  -2.836042001422283 -0.2968749723145365

-1.081571767300566e-06  1.483564076476726e-06  2.030289472247818e-05   -0.02055554923502393   -0.07381400856526439

cov:
0.05645852423915321 0.05782145619953772 0.05957950616934635 0.06149004790751403 0.06303416527988312
0.05782145619953772 0.05978997230032767 0.06225948447884938 0.06496723376894997 0.06715959601247255
0.05957950616934635 0.06225948447884938 0.06558761218045477 0.06924413367024124 0.07221013421823542
0.06149004790751403 0.06496723376894997 0.06924413367024124 0.07396680098664903  0.0777954763321765
0.06303416527988312 0.06715959601247255 0.07221013421823542  0.0777954763321765 0.08234388379854407

cov.inverse():
 113239.7946779152 -124272.1867887082 -53380.72380673647  50645.23835305952  13634.92543287606
-124272.1867888197  215917.9312655735 -73679.24292192116 -24476.34482488907   6763.94439287815
-53380.72380655019 -73679.24292223461  276533.3036149091  -144223.422583549 -5288.790560597431
 50645.23835301462 -24476.34482466454 -144223.4225837981  186756.6259191288 -68772.40424960449
 13634.92543284592  6763.944392855688 -5288.790560475187 -68772.40424967415  53669.51500563882

cov*(cov_.inverse()):
     1.000000000001023 -2.842170943040401e-13 -1.080024958355352e-12  2.728484105318785e-12  4.547473508864641e-13
 7.958078640513122e-13     0.9999999999997726  8.526512829121202e-13                      0                      0
-3.410605131648481e-13 -2.273736754432321e-13     0.9999999999980673  1.818989403545856e-12 -4.547473508864641e-13
                     0 -2.273736754432321e-13 -1.762145984685048e-12      1.000000000000909                      0
-2.273736754432321e-13  5.684341886080801e-13  1.364242052659392e-12 -9.094947017729282e-13                      1
