5
1

0.001756094082321561
0.001980729868103731
0.003135364636278352
  0.0884316875275931
  0.5919389483019698

  0.2044089120715946  0.08916504585312189  -0.7817330095032146   0.5757436299450125 -0.08763199013205943
 -0.5071897628380954   0.8226806851771116  -0.1769457899414978   -0.180957958779539  0.04358255711953184
  0.3586865347595584 -0.02198347026459323  -0.3963845235181997  -0.5667883471052296   0.6264910022644201
 -0.6458603124411797  -0.3761299940248039 -0.05779096227445529   0.2989621022193615   0.5904850129548213
  0.3939339636709501   0.4162800012786539   0.4439855892590083   0.4744956488255557   0.4992571167022907

 0.400051798633452
0.3997700531121872
0.3996451572748977
0.3995739407948213
0.3995357408003998

0.0007031656671309915

  2.511188723101122   1.328138329279307 -0.7023968628284304  -2.843466813460857 -0.2918611560288258

-1.328257805756835e-06  1.746251249036749e-06  2.535040379906558e-05   -0.02426804752929452   -0.09273485520153844

cov:
0.05763964807177123 0.05935770140115186 0.06157421137162759 0.06398394977067591 0.06593274304372888
0.05935770140115186 0.06182807691513639 0.06492949672262092 0.06833077090126269 0.07108530451357109
0.06157421137162759 0.06492949672262092 0.06910000775332682 0.07368258848234618 0.07739974636500983
0.06398394977067591 0.06833077090126269 0.07368258848234618 0.07959259813262025  0.0843829984803698
0.06593274304372888 0.07108530451357109 0.07739974636500983  0.0843829984803698 0.09006838867160398

cov.inverse():
 92257.88220253083 -101213.8003674266 -43398.54475958971  40851.23092596302  11367.86828357064
-101213.8003672047  175154.9465490307 -58816.85906142279 -20044.97672615731  5176.355438721011
-43398.54476010733 -58816.85906067503  222126.8900285806 -114932.1400233621 -5016.709211610611
 40851.23092637896 -20044.97672687862  -114932.140023081  148526.0306215966 -54468.43047500109
 11367.86828345065  5176.355438916677 -5016.709211662725 -54468.43047502438  42945.41095368471

cov*(cov_.inverse()):
    0.9999999999994316 -1.307398633798584e-12  2.330580173293129e-12 -1.364242052659392e-12                      0
 6.821210263296962e-13      1.000000000000853 -2.955857780762017e-12  1.818989403545856e-12 -4.547473508864641e-13
  1.13686837721616e-13  -1.70530256582424e-12      1.000000000001307 -1.818989403545856e-12                      0
 1.364242052659392e-12 -2.557953848736361e-12  5.684341886080801e-13                      1                      0
  1.13686837721616e-13 -5.115907697472721e-13 -7.958078640513122e-13 -9.094947017729282e-13                      1
