5
2

0.0001284059310977652
0.0002134783832220085
0.0004575967269880852
   0.0462027854652888
   0.5996796251525719

0.02017646862139936 0.03740843946774395 -0.5297582139081632  0.7865751399060975 -0.3144030897575505
-0.3429636881569842  0.7430491191888137 -0.4532190922611279 -0.2218654767594387  0.2749946903320026
 0.5664273589815941 -0.3131974029034982 -0.5583016540684782 -0.1812609453114171  0.4863241373619587
-0.6117212956017616 -0.3960558949707578 0.03646676217726284   0.303935002225429  0.6125605882235243
 0.4323493057981792  0.4376365272720418  0.4482389179082295  0.4548002238687345  0.4623710378197458

0.4028606858903029
0.4030108446552222
0.4029366982270715
0.4028944283786053
0.4028466580037814

0.0009209570553426404
    0.403170393421616

0
0
0
0
0

0
0

0
0
0
0
0

0
0

0
0
0
0
0

0
0

0
0
0
0
0

0
0

0
0
0
0
0

0
0

0
0
0
0
0

0
0

0
0
0
0
0

0
0

0
0
0
0
0

0
0

0
0
0
0
0

0
0

0
0
0
0
0

0
0

0
0
0
0
0

0
0

0
0
0
0
0

0
0

0
0
0
0
0

0
0

0
0
0
0
0

0
0

0
0
0
0
0

0
0

0
0
0
0
0

0
0

0
0
0
0
0

0
0

0
0
0
0
0

0
0

0
0
0
0
0

0
0

0
0
0
0
0

0
0

0
0
0
0
0

0
0

0
0
0
0
0

0
0

0
0
0
0
0

0
0

0
0
0
0
0

0
0

0
0
0
0
0

0
0

0
0
0
0
0

0
0

0
0
0
0
0

0
0

0
0
0
0
0

0
0

0
0
0
0
0

0
0

0
0
0
0
0

0
0

0
0
0
0
0

0
0

0
0
0
0
0

0
0

0
0
0
0
0

0
0

0
0
0
0
0

0
0

0
0
0
0
0

0
0

0
0
0
0
0

0
0

0
0
0
0
0

0
0

0
0
0
0
0

0
0

0
0
0
0
0

0
0

0
0
0
0
0

0
0

0
0
0
0
0

0
0

0
0
0
0
0

0
0

0
0
0
0
0

0
0

0
0
0
0
0

0
0

0
0
0
0
0

0
0

0
0
0
0
0

0
0

0
0
0
0
0

0
0

0
0
0
0
0

0
0

0
0
0
0
0

0
0

0
0
0
0
0

0
0

0
0
0
0
0

0
0

0
0
0
0
0

0
0

0
0
0
0
0

0
0

0
0
0
0
0

0
0

0
0
0
0
0

0
0

0
0
0
0
0

0
0

0
0
0
0
0

0
0

0
0
0
0
0

0
0

0
0
0
0
0

0
0

0
0
0
0
0

0
0

0
0
0
0
0

0
0

0
0
0
0
0

0
0

0
0
0
0
0

0
0

0
0
0
0
0

0
0

0
0
0
0
0

0
0

0
0
0
0
0

0
0

0
0
0
0
0

0
0

0
0
0
0
0

0
0

0
0
0
0
0

0
0

0
0
0
0
0

0
0

0
0
0
0
0

0
0

0
0
0
0
0

0
0

0
0
0
0
0

0
0

0
0
0
0
0

0
0

0
0
0
0
0

0
0

0
0
0
0
0

0
0

0
0
0
0
0

0
0

 -4.16203040779196  1.810406392436894  12.13281444809208  9.215090495749731 -18.99637411876196
0.9199650770142225 0.1809882318994032 0.8984981439633646 0.7311230477972862 -1.730561682321592

 1.117425606140426e-07 -4.554836255179273e-07 -4.314998775326738e-06   -0.01401261597817846   -0.05793385412478325
 1.102265481606955e-08 -5.588866553054856e-08  -2.11774039218392e-07  -0.003072978780392816     0.1481790846517268

cov:
0.06802037014445232 0.06856067933471204 0.06964431867115585 0.07031523860712514 0.07108940102340407
0.06856067933471204 0.06921054536466296 0.07051345446022747 0.07131992935488639 0.07225047314851077
0.06964431867115585 0.07051345446022747 0.07225622162504194 0.07333462385858414 0.07457893803027051
0.07031523860712514 0.07131992935488639 0.07333462385858414 0.07458128325686919 0.07601970920193943
0.07108940102340407 0.07225047314851077 0.07457893803027051 0.07601970920193943 0.07768220127272174

cov.inverse():
 4138093.825025115 -6393210.113883608  1252219.544378603  2141789.845840589 -1138865.780542564
  -6393210.1143118   12668511.2571689 -7756412.286018081  -1561768.32049141  3042829.710455699
  1252219.54558339 -7756412.288306435  23016804.99241279 -22582748.27807496  6070245.133246623
 2141789.844991088 -1561768.317918516 -22582748.28077408  38761168.28023515 -16758477.39066927
-1138865.780469626  3042829.709742938   6070245.13486216 -16758477.39164497  8784232.822952637

cov*(cov_.inverse()):
     1.000000000014552 -1.746229827404022e-10  5.820766091346741e-11 -6.984919309616089e-10  1.164153218269348e-10
-4.365574568510056e-11      0.999999999825377                      0                      0                      0
 7.275957614183426e-11 -1.164153218269348e-10      1.000000000116415 -4.656612873077393e-10 -1.164153218269348e-10
 -2.91038304567337e-11  5.820766091346741e-11 -1.746229827404022e-10      1.000000000232831                      0
-1.455191522836685e-11                      0  5.820766091346741e-11                      0                      1
