5
2

0.0001284047807237338
0.0002135023339499589
0.0004576298926740023
  0.04620369236067485
   0.5996809053264904

 0.0203157690754236 0.03715229421055365 -0.5296354660111957  0.7866385989146057 -0.3144725177221948
-0.3428698504801022  0.7430194864026969 -0.4534732929515604 -0.2216372456699125  0.2749567463604941
 0.5664694500466031 -0.3133106528477061 -0.5582115161581428 -0.1812610293089169  0.4863056029477176
-0.6117308546918989 -0.3960461578449718 0.03646721058290337  0.3039366674420638  0.6125564847511368
 0.4323485384969456  0.4376364079108891  0.4482391008195311  0.4548006018769162  0.4623713191357164

0.4028605525081363
0.4030107412015807
0.4029366588105596
0.4028943249618974
0.4028464963932666

0.0009209570553426404
    0.403170393421616

 -4.15568834144598  1.798504779683751  12.14105829383876  9.213480158333558 -18.99745812226255
0.9200716604029087 0.1807080714970092 0.8991324961175058 0.7304106237708665 -1.730311547533928

 1.116868744099668e-07 -4.562878876086189e-07 -4.314881003676212e-06   -0.01401287302408507   -0.05793469139974168
 1.101215784502753e-08 -5.591126250213787e-08 -2.117678678713946e-07  -0.003073083900277654     0.1481792443682374

cov:
  0.068020474892383 0.06856084618054195 0.06964451777709552 0.07031544982785318 0.07108958557822527
0.06856084618054195  0.0692107985622579 0.07051376436971037 0.07132026975530713 0.07225080412030066
0.06964451777709552 0.07051376436971037 0.07225658926133779 0.07333502905973202 0.07457933414271445
0.07031544982785318 0.07132026975530713 0.07333502905973202  0.0745817343921568 0.07602015605485356
0.07108958557822527 0.07225080412030066 0.07457933414271445 0.07602015605485356 0.07768264378897642

cov.inverse():
 4136451.086896032  -6390448.27979781  1248447.768702102    2146017.2036937 -1140441.781192069
-6390448.279644891  12663941.26915948 -7750072.252116573 -1569078.281373428  3045611.892481014
 1248447.767509264 -7750072.249453075  23012571.81038638 -22581059.81136085  6070219.843440135
 2146017.205420628  -1569078.28573887  -22581059.8073876  38765410.21321343 -16761330.09464654
-1140441.781879093  3045611.894335904  6070219.840937556 -16761330.09331184  8785908.505421788

cov*(cov_.inverse()):
     1.000000000116415 -1.455191522836685e-10 -5.820766091346741e-11                      0  1.164153218269348e-10
 8.731149137020111e-11     0.9999999998544808  5.820766091346741e-11  2.328306436538696e-10 -1.164153218269348e-10
 8.731149137020111e-11 -1.746229827404022e-10     0.9999999998835847  2.328306436538696e-10  1.164153218269348e-10
 1.455191522836685e-10 -1.455191522836685e-10                      0      1.000000000232831                      0
 5.820766091346741e-11                      0  5.820766091346741e-11                      0                      1
