5
1

0.001772883545998589
0.001860132722470445
0.004890227795833571
 0.09840520124984033
   0.565421936998601

  -0.5699501310709135    0.7684383587507176   -0.2400293443280754    0.1349272740923451  -0.09402064379802573
0.0003670026345743758     -0.20029008926233   0.02798029344426118    0.7731184038252645   -0.6011562045739881
   0.3310835720379023  -0.03027060620365017   -0.8565141152995139    0.2564082039407394    0.3001762181973485
  -0.6389662521329249   -0.4450284147904386   0.05154176850395046    0.3068179757510406    0.5448651342486804
   0.3965633749643835     0.412819293847761    0.4531335712925977    0.4734977582635454    0.4927347762751356

0.3998722053171368
0.4002285958330095
0.4000638874106485
0.4001461628721323
 0.400154713326857

-0.0002852665420723367

0
0
0
0
0

0

0
0
0
0
0

0

0
0
0
0
0

0

0
0
0
0
0

0

0
0
0
0
0

0

0
0
0
0
0

0

0
0
0
0
0

0

0
0
0
0
0

0

0
0
0
0
0

0

0
0
0
0
0

0

0
0
0
0
0

0

0
0
0
0
0

0

0
0
0
0
0

0

0
0
0
0
0

0

0
0
0
0
0

0

0
0
0
0
0

0

0
0
0
0
0

0

0
0
0
0
0

0

0
0
0
0
0

0

0
0
0
0
0

0

0
0
0
0
0

0

0
0
0
0
0

0

0
0
0
0
0

0

0
0
0
0
0

0

0
0
0
0
0

0

0
0
0
0
0

0

0
0
0
0
0

0

0
0
0
0
0

0

0
0
0
0
0

0

0
0
0
0
0

0

0
0
0
0
0

0

0
0
0
0
0

0

0
0
0
0
0

0

0
0
0
0
0

0

0
0
0
0
0

0

0
0
0
0
0

0

0
0
0
0
0

0

0
0
0
0
0

0

0
0
0
0
0

0

0
0
0
0
0

0

0
0
0
0
0

0

0
0
0
0
0

0

0
0
0
0
0

0

0
0
0
0
0

0

0
0
0
0
0

0

0
0
0
0
0

0

0
0
0
0
0

0

0
0
0
0
0

0

0
0
0
0
0

0

0
0
0
0
0

0

0
0
0
0
0

0

0
0
0
0
0

0

0
0
0
0
0

0

0
0
0
0
0

0

0
0
0
0
0

0

0
0
0
0
0

0

0
0
0
0
0

0

0
0
0
0
0

0

0
0
0
0
0

0

0
0
0
0
0

0

0
0
0
0
0

0

0
0
0
0
0

0

0
0
0
0
0

0

0
0
0
0
0

0

0
0
0
0
0

0

0
0
0
0
0

0

0
0
0
0
0

0

0
0
0
0
0

0

0
0
0
0
0

0

0
0
0
0
0

0

0
0
0
0
0

0

0
0
0
0
0

0

0
0
0
0
0

0

0
0
0
0
0

0

0
0
0
0
0

0

0
0
0
0
0

0

0
0
0
0
0

0

  3.128291045119264  0.8257239146610376  -3.944787320821995  0.2980860089357969 -0.3035666414506462

-4.174868546474476e-07  4.786493593729654e-07  0.0001046205175177959   -0.02559960939986368   -0.06857924740540275

cov:
0.05423436920714204 0.05509008255190594 0.05712395628296861 0.05813439422015715 0.05910114574337393
0.05509008255190594 0.05640338872398406 0.05958208233278902 0.06116920868138614 0.06268260446400735
0.05712395628296861 0.05958208233278902 0.06568786824187872 0.06874238502247905 0.07164716212573077
0.05813439422015715 0.06116920868138614 0.06874238502247905 0.07259250533552346 0.07620832615195873
0.05910114574337393 0.06268260446400735 0.07164716212573077 0.07620832615195873 0.08049793650145094

cov.inverse():
 107977.0723130028 -139753.5528436409  31667.26005692939 -20854.53860794215  21105.73545198438
-139753.5528436829  199523.3357777688 -59220.36096747148 -12103.15933225515  11407.56041737057
 31667.26005691646 -59220.36096745334  49234.28328544231 -13233.26786920154 -8428.742419132652
-20854.53860774095 -12103.15933250125 -13233.26786919049  181296.2303874387 -135121.1219177333
 21105.73545183811  11407.56041755654 -8428.742419138423 -135121.1219177675  111056.5270089073

cov*(cov_.inverse()):
    0.9999999999993179  4.547473508864641e-13 -4.547473508864641e-13  2.728484105318785e-12 -9.094947017729282e-13
-2.273736754432321e-13     0.9999999999998863   1.13686837721616e-13  3.637978807091713e-12 -9.094947017729282e-13
 -1.13686837721616e-12 -4.547473508864641e-13     0.9999999999997726  3.637978807091713e-12 -9.094947017729282e-13
                     0 -5.684341886080801e-13 -5.684341886080801e-13      1.000000000001819 -1.818989403545856e-12
-2.273736754432321e-13  2.273736754432321e-13                      0                      0                      1
