5
1

0.001966435872637359
 0.00207012049718805
0.005441230425674443
  0.1073586966749866
  0.5778426205443323

 -0.5705262368324195   0.7571427542296092  -0.2350370492006202   0.1735956368331163  -0.1259237990969486
 0.03062440501837677  -0.2396747202179478  0.03784426615068916   0.7659015747844627  -0.5946265748921035
   0.329015124583857 -0.02657678762092762   -0.857478011623768   0.2548652135764721   0.3013600913279495
 -0.6449668104246655  -0.4515454548890912  0.04428374963169995   0.2993459195164569    0.537173608442412
  0.3864308737003432   0.4058217031342775   0.4539777595024757   0.4782207398186021   0.5011876325298196

0.3987510462727156
0.3991844113536355
0.3989523646326648
0.3990480958063069
0.3990349628194783

-0.0003080683329419957

  3.137881237487273  0.8169914402995183  -3.954509306490471  0.3106706676296133 -0.3062449889525568

-5.789231176231984e-07  7.314002138999892e-07  0.0001299300111640165   -0.03042105598333814   -0.08549538860126654

cov:
0.05466023825135258 0.05571795126502977 0.05823975911312847 0.05948177696662347 0.06067816470689641
0.05571795126502977 0.05734329033505933 0.06128560217222004 0.06324275202592149 0.06511759276462148
0.05823975911312847 0.06128560217222004 0.06886041294491202 0.07263695732578941 0.07623863438292471
0.05948177696662347 0.06324275202592149 0.07263695732578941 0.07739913000822969 0.08188270235343298
0.06067816470689641 0.06511759276462148 0.07623863438292471 0.08188270235343298 0.08720267158719867

cov.inverse():
  88088.3060017337 -113692.8259506466  25417.41677820222 -17323.31171402099   17649.1935891283
-113692.8259506097  161697.0508740132 -47368.86593794898 -9084.979719302131  8309.259766937597
 25417.41677819223 -47368.86593794612  39455.35924692468 -11167.48187552186 -6322.453009860677
 -17323.3117141536 -9084.979719124845 -11167.48187555956  146880.2760103053 -109317.9992064311
 17649.19358923403  8309.259766794297 -6322.453009830127 -109317.9992064239  89702.16809549434

cov*(cov_.inverse()):
     1.000000000000682 -5.684341886080801e-13  3.979039320256561e-13  9.094947017729282e-13 -1.818989403545856e-12
 6.821210263296962e-13      1.000000000000568                      0                      0 -9.094947017729282e-13
 1.364242052659392e-12 -1.250555214937776e-12      1.000000000000682  1.818989403545856e-12 -1.818989403545856e-12
  1.13686837721616e-12 -2.273736754432321e-12  5.684341886080801e-13      1.000000000001819 -1.818989403545856e-12
 1.364242052659392e-12 -2.273736754432321e-13  2.273736754432321e-13                      0                      1
