5
2

0.0001549080625172124
0.0003647490536248715
 0.001632730672032771
  0.05843592136313063
   0.5475189877377716

  -0.1076963714535893    0.4585206741574448   -0.7727711272659318    0.4254092603349928 -0.003468289392237115
  -0.5226321842615566    0.6921918501911933    0.2452448982296901   -0.4327350950773015   0.01792539772598423
   0.3134889653962699    -0.011200749703569   -0.3730813336548924   -0.5809660399082964    0.6518343276726173
  -0.6622125769331295   -0.3491049035362273   0.04202381448915963    0.2898192780885747    0.5948437226217856
    0.422440839735087    0.4343150278681754    0.4491369971963095     0.458530855266211    0.4700421321648732

0.4012141713795839
0.4013767962759134
0.4013669460002083
0.4013616723415335
 0.401345327269449

3.774245540562927e-05
   0.4014067031136924

  -3.372977212054522    8.195900572872752    11.93125295161873   -16.31168383451136   -0.442790140110349
   1.049170513487635   0.5231976730080053    1.038508255217162   -1.585299273467318 -0.02563078921565051

-2.888336344397283e-07  2.316623769257901e-06  9.563296600676167e-06   -0.01747343318140619   -0.05817286745656331
-3.239375457297965e-08  1.003224759738862e-07  2.238995068664062e-06  -0.004468138757360273     0.1192876946561272

cov:
0.05499484723001852 0.05579018535940833 0.05678248531166441 0.05741163700331203 0.05818065262364718
0.05579018535940833 0.05696304655616852 0.05842652076716854 0.05935413714724459 0.06048925640384343
0.05678248531166441 0.05842652076716854 0.06047866052186238 0.06177917993365328 0.06337163721634845
0.05741163700331203 0.05935413714724459 0.06177917993365328 0.06331603877536253 0.06519827623519342
0.05818065262364718 0.06048925640384343 0.06337163721634845 0.06519827623519342 0.06744202860336752

cov.inverse():
 2573406.558602154  -4778247.49018446  2460915.262765595 -277686.8551423288  21687.36047724077
-4778247.490467018  12362752.65013625 -13488435.64459595  5879611.336471173  24192.16517728201
 2460915.263510132 -13488435.64572691  25390211.99242884 -14416038.34286528  53517.56342798461
-277686.8556172744  5879611.337356335 -14416038.34329667  9075801.481984397 -261794.8438226616
 21687.36049021065  24192.16514051754  53517.56347294727 -261794.8438438293  162405.0505068622

cov*(cov_.inverse()):
      1.00000000003547  8.913048077374697e-11  3.774403012357652e-11 -8.731149137020111e-11  3.637978807091713e-12
-3.251443558838218e-11      1.000000000044338  -4.68389771413058e-11   -1.2732925824821e-11  1.818989403545856e-12
 2.728484105318785e-11  6.889422365929931e-11     0.9999999998835847 -6.912159733474255e-11  1.818989403545856e-12
-5.798028723802418e-11  1.427906681783497e-10 -1.537046045996249e-10     0.9999999999781721                      0
 1.682565198279917e-11 -6.252776074688882e-11  2.819433575496078e-11  7.275957614183426e-11      0.999999999998181
