5 
6 
7 
8 
9 
inputFileName = /Users/demattia/RemoteProjects/extracted_prompt_extrapolated.root
eventsFractionStartBuild = 0
eventsFractionEndBuild = 0.2
eventsFractionStartTest = 0.8
eventsFractionEndTest = 1
var name = R
var name = z
par name = cotTheta
firstOrderChargeOverPtCoefficientsFileName = 
firstOrderCotThetaCoefficientsFileName = 
pT > 2, pT regions = 1
0 < phi < 0.8, phi regions = 1
-3 < eta < 3, eta regions = 1
-15 < z0 < 15, eta regions = 1
charge regions = 1
endcap regions = 0
Training
Requested running from track number 0 to track number 1000000 for a total of 1000000 tracks.
Analyzed 10% of 1000000 tracks
Analyzed 20% of 1000000 tracks
Analyzed 30% of 1000000 tracks
Analyzed 40% of 1000000 tracks
Analyzed 50% of 1000000 tracks
Analyzed 60% of 1000000 tracks
Analyzed 70% of 1000000 tracks
Analyzed 80% of 1000000 tracks
Analyzed 90% of 1000000 tracks
Analyzed 100% of 1000000 tracks
Evaluating eigenvalues:
geomIndex = 0
Sqrt(eigenvalues) of cov:
 0.327153 0.474539 0.950299 0.990457 1.03458 1.0839 1.2518 1.53928 7.21952 45.3326
Analyzed 10% of 1000000 tracks
Analyzed 20% of 1000000 tracks
Analyzed 30% of 1000000 tracks
Analyzed 40% of 1000000 tracks
Analyzed 50% of 1000000 tracks
Analyzed 60% of 1000000 tracks
Analyzed 70% of 1000000 tracks
Analyzed 80% of 1000000 tracks
Analyzed 90% of 1000000 tracks
Analyzed 100% of 1000000 tracks
opening GeometricIndex.txt for writing
Matrices built:
geomIndex = 0

V_0:
  -0.209873    0.439175    0.347259   -0.744609     -0.1174    0.271131 -0.00675557   0.0140155 -0.00904327   0.0206884
  -0.235434     0.39892   0.0187895  -0.0100237    0.399437   -0.736153  -0.0685344    0.133003   -0.116567    0.218023
  -0.336482   0.0190678   -0.228902   0.0348187  -0.0662187   0.0745189    0.722168   -0.277699   -0.448194    0.152805
  -0.794043  -0.0957721   -0.380231     0.03472  -0.0698949    0.102603   -0.241884   0.0586093    0.358379   -0.093544
 -0.0971834   -0.126372    0.407682   0.0874292    0.524019    0.108784    0.458292  -0.0294476    0.549229  -0.0419004
   0.288919    0.258198   -0.386785   -0.147553    -0.39467   -0.257955    0.352102   0.0510996    0.565332   0.0999622
  -0.248821  -0.0739948    0.605159    0.304758    -0.61984   -0.280751   0.0463773  -0.0190091   0.0539477   0.0712177
    0.04364    0.127667  0.00620937   0.0871703   0.0531526    0.083695   -0.281185   -0.783376    0.181225    0.488615
-0.00796336   -0.695935 -0.00473673   -0.468389 -0.00320704   -0.203982 0.000421213    0.118509  0.00341887    0.490433
0.000245885    0.222971 0.000100313      0.3062 0.000117789    0.403331 -1.3255e-05    0.519616 6.94704e-05    0.651037
corrPV_0:
-0.000772031  -0.00730649  -0.00209812  -0.00436966  -0.00196396  -0.00770944  -0.00198381  -0.00416264      0.91275      13.2689
D_0:
   0.0118544   -0.0280697  4.16911e-05 -0.000495725  -0.00938393    0.0220331  -0.00103687   0.00251695  -0.00175153   0.00410275
opening matrixVD_0.txt for writing
