5 
6 
7 
8 
9 
inputFileName = /Users/demattia/RemoteProjects/extracted_prompt_extrapolated.root
eventsFractionStartBuild = 0
eventsFractionEndBuild = 0.2
eventsFractionStartTest = 0.8
eventsFractionEndTest = 1
var name = R
var name = z
par name = cotTheta
firstOrderChargeOverPtCoefficientsFileName = 
firstOrderCotThetaCoefficientsFileName = 
2 < pT < 10, pT regions = 1
0 < phi < 0.8, phi regions = 1
-3 < eta < 3, eta regions = 1
-15 < z0 < 15, eta regions = 1
charge regions = 1
endcap regions = 0
Training
Requested running from track number 0 to track number 1000000 for a total of 1000000 tracks.
Analyzed 10% of 1000000 tracks
Analyzed 20% of 1000000 tracks
Analyzed 30% of 1000000 tracks
Analyzed 40% of 1000000 tracks
Analyzed 50% of 1000000 tracks
Analyzed 60% of 1000000 tracks
Analyzed 70% of 1000000 tracks
Analyzed 80% of 1000000 tracks
Analyzed 90% of 1000000 tracks
Analyzed 100% of 1000000 tracks
Evaluating eigenvalues:
geomIndex = 0
Sqrt(eigenvalues) of cov:
 0.325682 0.47577 0.927043 1.00206 1.04973 1.09956 1.23838 1.5326 7.22906 45.3685
Analyzed 10% of 1000000 tracks
Analyzed 20% of 1000000 tracks
Analyzed 30% of 1000000 tracks
Analyzed 40% of 1000000 tracks
Analyzed 50% of 1000000 tracks
Analyzed 60% of 1000000 tracks
Analyzed 70% of 1000000 tracks
Analyzed 80% of 1000000 tracks
Analyzed 90% of 1000000 tracks
Analyzed 100% of 1000000 tracks
opening GeometricIndex.txt for writing
Matrices built:
geomIndex = 0

V_0:
    0.205938    -0.431686    -0.346724     0.744024     0.125369    -0.285063   0.00445066   -0.0103934   0.00684079   -0.0171804
    0.238811    -0.407874   -0.0236256    0.0246465    -0.396666     0.730724    0.0649056    -0.131953     0.120106    -0.219297
    0.448891   0.00734348     0.254039   -0.0477795    0.0739468   -0.0905975    -0.687284     0.253525     0.406592    -0.126478
     -0.7253   -0.0859372    -0.333507    0.0281436    -0.063155    0.0684565    -0.255963     0.107523     0.506254    -0.111757
  -0.0468467    -0.126078     0.472407     0.100649     0.509395     0.091993     0.470522   -0.0367792     0.506852   -0.0319809
    0.329951     0.260356    -0.313852    -0.126068    -0.422621    -0.278504     0.399951    0.0242684     0.526356     0.123196
   -0.248281   -0.0862767     0.617791     0.306922    -0.614279    -0.272763  -0.00275873  -0.00312915  -0.00838239    0.0567396
   0.0150315     0.121666   0.00990445    0.0964308    0.0451978      0.08522    -0.276644    -0.787897     0.172874     0.488948
 -0.00800253    -0.695873   -0.0050395    -0.468531  -0.00301812    -0.203845 -7.67179e-05     0.117994   0.00351779     0.490564
 0.000219341     0.222891  0.000108185     0.306108   8.0002e-05     0.403292  1.84989e-05     0.519604  7.19049e-05     0.651141
corrPV_0:
 0.000677078   0.00730764   0.00224973  -0.00493389  -0.00155637  -0.00758144 -0.000989939  -0.00438088     0.914189      13.2811
D_0:
    0.011754   -0.0278426   0.00012388 -0.000668913  -0.00931108    0.0218672  -0.00107364   0.00259719  -0.00177355   0.00413579
opening matrixVD_0.txt for writing
