10
1

 0.325682051359922
 0.475769629959691
0.9270434610861014
  1.00205907781596
 1.049733454371007
 1.099557366518694
 1.238380049855343
 1.532596247073549
 7.229055310586514
 45.36851609791925

    0.2059377424093188    -0.4316860264978943    -0.3467240020676879     0.7440235241641705     0.1253686786360386    -0.2850634762701414   0.004450663027899883   -0.01039335810239877   0.006840788658609303    -0.0171803634606196
    0.2388109099137803    -0.4078737294606365   -0.02362558069824685    0.02464652018499104    -0.3966660811022429     0.7307240827058226    0.06490558793856156    -0.1319530889440158     0.1201063997171246    -0.2192970266046965
    0.4488909851778574   0.007343479794839874     0.2540394364085047   -0.04777952031506433    0.07394679159969698   -0.09059746715889304    -0.6872840086204348     0.2535254104146539     0.4065917560137076    -0.1264781071378301
     -0.72529998447817   -0.08593717708735737    -0.3335071718546155     0.0281435588421129   -0.06315504968349527     0.0684565021985733    -0.2559627273935373     0.1075234472701595     0.5062538765053228      -0.11175683661149
  -0.04684669829527855    -0.1260776195732262     0.4724070435894905     0.1006487114543931     0.5093948108840601    0.09199302494361218     0.4705219923483211   -0.03677918031065762     0.5068520699618208   -0.03198090907031795
    0.3299511397008481     0.2603562389584017    -0.3138521959385202    -0.1260675072411384    -0.4226207642266573    -0.2785039765821071     0.3999511509215199    0.02426844875223404     0.5263560796383268     0.1231960970974083
   -0.2482809048781474    -0.0862767443316185     0.6177913137951664     0.3069223645488486    -0.6142789973810254    -0.2727631522491853  -0.002758733541035657  -0.003129147535995448  -0.008382394485289222    0.05673957911987826
   0.01503154918154589      0.121665851631951   0.009904445437864848    0.09643078657427802    0.04519779284988537    0.08521996410323102    -0.2766437143464098    -0.7878969261337193      0.172874014484472     0.4889483202696721
 -0.008002528361832205    -0.6958732887321845  -0.005039496502133816    -0.4685306418747313   -0.00301811501471112    -0.2038452139435016 -7.671787149181473e-05     0.1179935482917035   0.003517788244125298     0.4905640918821793
 0.0002193407768556954     0.2228906522995919  0.0001081852264639777     0.3061081928545865  8.000197773250022e-05     0.4032923298762126  1.849885443434082e-05     0.5196041128241916  7.190490227081913e-05     0.6511407852812667

22.67854881249262
9.623651117017513
35.56115294654573
15.07244772554035
 50.5746164408258
21.43269682316786
68.34746653958484
28.98299754207959
88.51896270867479
37.59016904376089

0.4223709369388745

   0.01175403539124361   -0.02784255293867674  0.0001238803928734185 -0.0006689126010099565  -0.009311081313324168    0.02186718693234222  -0.001073639131330672   0.002597185876995474  -0.001773549384529246   0.004135785732929755

  0.000677078358639914   0.007307638296771261   0.002249731888220858  -0.004933893491182736  -0.001556372317347639  -0.007581440135423337 -0.0009899393866127937  -0.004380882787914383     0.9141892766130127      13.28109408820788

cov:
    0.9513642765665908     0.5731051623058558   -0.05026984446130475     0.1438506390544499     0.0977176895130889     0.2068066339258192    0.05146199401014964     0.1823300634862546   -0.01353665151268541     0.1556375578811112
    0.5731051623058558      127.7734914068999    0.03800107726659551      157.3678981819929    0.07364895122696385      192.3330779203443    0.00466363874975047      233.8841197471537  -0.001680064919287904      281.0935435534646
  -0.05026984446130475    0.03800107726659551      1.131936548068864     0.5374689323243443    -0.1197825224787463    0.00448569051255816    0.01930401749298624    0.05541134070299839   -0.02237058806626495    0.02915277910157029
    0.1438506390544499      157.3678981819929     0.5374689323243443      204.5977979152453   -0.03082205881942024      259.0216124669561    -0.0374986115727597      324.2977036555477   -0.03080924165838847      398.3629327085141
    0.0977176895130889    0.07364895122696385    -0.1197825224787463   -0.03082205881942024      1.131832913728021     0.4790066763669957 -0.0002134067793907334   -0.02578830717328865    0.02430897068484044   -0.03408372390749905
    0.2068066339258192      192.3330779203443    0.00448569051255816      259.0216124669561     0.4790066763669957      337.3189841861112   -0.07850350219437996      429.8629561447453   -0.04272853362579939      535.2802919143699
   0.05146199401014964    0.00466363874975047    0.01930401749298624    -0.0374986115727597 -0.0002134067793907334   -0.07850350219437996      1.089823758665326      0.344635772324132    0.03650263860310558    -0.1519411261285365
    0.1823300634862546      233.8841197471537    0.05541134070299839      324.2977036555477   -0.02578830717328865      429.8629561447453      0.344635772324132      557.9765217564358   -0.08674080135019689      698.4882310767832
  -0.01353665151268541  -0.001680064919287904   -0.02237058806626495   -0.03080924165838847    0.02430897068484044   -0.04272853362579939    0.03650263860310558   -0.08674080135019689      1.091705246501399     0.3379218391809642
    0.1556375578811112      281.0935435534646    0.02915277910157029      398.3629327085141   -0.03408372390749905      535.2802919143699    -0.1519411261285365      698.4882310767832     0.3379218391809642      885.8873962479151

cov.inverse():
    1.542486171411086    -1.111278563606235    -0.530205564304976     1.337591317685329   -0.1280916826772613   0.08551437739837767 -0.009157813564628244   -0.1010033122184384    0.1112519856346381    -0.221208780238384
   -1.111278563606235     2.590210469126026     1.328593930990209    -3.119968757159949   0.09820708392789966   -0.2111407685837955   -0.1009145225837836    0.2403144951990819   -0.2193791305815321    0.5194198314092755
  -0.5302055643049639     1.328593930990181     1.854632140223364    -2.258184523361827   -0.2447541660702693    0.8082807534868011   -0.0438540864500475   0.06031417042995275 -0.004851531616048234   0.05796156930490448
      1.3375913176853    -3.119968757159882    -2.258184523361827     5.317078313518969    0.7998706414534152    -1.924829346838525   0.05868628130406002   -0.1381967416987752   0.04944575964613536   -0.1291300692679254
  -0.1280916826772799   0.09820708392794263   -0.2447541660702477    0.7998706414533647     1.483757505053097    -1.378764440036108   -0.0780316441075108     0.194601124705179   -0.1422481191868691    0.2889402214987072
  0.08551437739842198   -0.2111407685838979    0.8082807534867499    -1.924829346838405    -1.378764440036108     3.263570442014096    0.1901726773854512   -0.4544825498227218     0.289808667622615   -0.6812334871142222
 -0.00915781356462405   -0.1009145225837933   -0.0438540864500505   0.05868628130406699  -0.07803164410751376    0.1901726773854581    0.9994813477194856   -0.1833035842933675  -0.04928391839653352   0.03544045487404117
  -0.1010033122184482    0.2403144951991047   0.06031417042995977   -0.1381967416987915    0.1946011247051859   -0.4544825498227379   -0.1833035842933675    0.4306534818690018   0.03915421603353882  -0.07907293740463317
   0.1112519856346404   -0.2193791305815374  -0.00485153161605496   0.04944575964615123    -0.142248119186863    0.2898086676226006   -0.0492839183965353   0.03915421603354304    0.9868269263685016   -0.1590178492713325
  -0.2212087802383899     0.519419831409289   0.05796156930492059   -0.1291300692679634    0.2889402214986928    -0.681233487114188   0.03544045487404537  -0.07907293740464306   -0.1590178492713325    0.3684657404217224

cov*(cov_.inverse()):
                     1 -1.942890293094024e-16  1.231653667943533e-16 -2.844946500601964e-16  3.469446951953614e-17  2.775557561562891e-17  6.071532165918825e-18 -3.469446951953614e-18  3.469446951953614e-18                      0
-2.842170943040401e-14                      1 -3.552713678800501e-15  -1.84741111297626e-13   -1.4210854715202e-14 -8.526512829121202e-14                      0 -3.552713678800501e-14 -2.131628207280301e-14                      0
-1.856154119295184e-16  2.550043509685906e-16                      1 -2.680147770384167e-16 -9.367506770274758e-17   4.85722573273506e-17  9.107298248878237e-18 -1.387778780781446e-17 -5.204170427930421e-18  3.469446951953614e-18
-4.263256414560601e-14  2.842170943040401e-14                      0     0.9999999999998082  2.842170943040401e-14  -1.13686837721616e-13  -1.77635683940025e-15  7.105427357601002e-15 -3.552713678800501e-14 -2.842170943040401e-14
 5.984795992119984e-17 -6.591949208711867e-17  7.155734338404329e-17 -2.792904796322659e-16     0.9999999999999994  1.665334536937735e-16  2.710505431213761e-17 -5.984795992119984e-17  2.255140518769849e-17 -5.377642775528102e-17
 -1.27897692436818e-13  5.684341886080801e-14  3.907985046680551e-14 -3.979039320256561e-13  -1.13686837721616e-13                      1    1.4210854715202e-14 -7.105427357601002e-15 -4.263256414560601e-14 -5.684341886080801e-14
                     0 -1.387778780781446e-17 -6.938893903907228e-18 -1.734723475976807e-17  1.387778780781446e-17                      0                      1 -3.122502256758253e-17  3.469446951953614e-18  2.081668171172169e-17
-2.842170943040401e-14  -1.70530256582424e-13 -9.237055564881302e-14   -1.4210854715202e-14 -8.526512829121202e-14                      0  2.842170943040401e-14     0.9999999999999361   -1.4210854715202e-14 -5.684341886080801e-14
-4.163336342344337e-17  1.110223024625157e-16  1.734723475976807e-17 -1.387778780781446e-17  6.938893903907228e-17 -5.551115123125783e-17  1.214306433183765e-17 -1.040834085586084e-17     0.9999999999999998  6.938893903907228e-17
-8.526512829121202e-14  -1.70530256582424e-13  2.131628207280301e-14    1.4210854715202e-14 -2.842170943040401e-14  -1.13686837721616e-13 -3.552713678800501e-15 -4.263256414560601e-14 -2.842170943040401e-14     0.9999999999998863
