10
1

0.3271525889462388
0.4745387824537042
0.9502992157558073
0.9904570869798568
  1.03457885854785
 1.083898796043441
 1.251804510926323
 1.539281283038949
 7.219517277898391
 45.33256553671828

   -0.2098734193873658     0.4391751561143269       0.34725912769959    -0.7446092655019881    -0.1173995779139062     0.2711308656470902   -0.00675556545096582    0.01401545803067958  -0.009043268964124461    0.02068843642445124
    -0.235434267496204      0.398920065860907    0.01878954993688523   -0.01002367609650676     0.3994365240820859    -0.7361532225503331   -0.06853443073268556     0.1330032715784412    -0.1165672025221142     0.2180231879421662
   -0.3364816513360702    0.01906778027315453    -0.2289024073841221    0.03481870264258177   -0.06621866589890164    0.07451888313301011     0.7221678321313562    -0.2776985580329259    -0.4481936258650545      0.152805415767542
   -0.7940434135299131   -0.09577206620143652     -0.380231235264068    0.03471997107955462   -0.06989486031605976     0.1026026840849283    -0.2418840759972617    0.05860933248859646     0.3583789189165157   -0.09354404429708513
  -0.09718340557926221    -0.1263723130713934      0.407682413660685    0.08742921058716022     0.5240193816309595     0.1087836362490833     0.4582920110721801   -0.02944762925877316     0.5492285861528091   -0.04190041679365148
    0.2889192556788913     0.2581982482270608    -0.3867847878429703    -0.1475529181358819    -0.3946695171137975    -0.2579554649063261      0.352101534662557    0.05109962316372976     0.5653324989138875    0.09996222492514506
   -0.2488214918754084   -0.07399478266124336     0.6051590874807169     0.3047582211915693    -0.6198401127104209    -0.2807512524044851     0.0463772918157426   -0.01900906879093627    0.05394768682692926    0.07121770087188516
   0.04363998417520643     0.1276669930470838   0.006209369558698524    0.08717026321647951    0.05315256088211594    0.08369503900740696    -0.2811850302505343    -0.7833757449704892     0.1812247505002428     0.4886148136172713
  -0.00796336284405977    -0.6959352288553947  -0.004736734881787948    -0.4683892557549078  -0.003207044053972605    -0.2039824087319332   0.000421212619884471     0.1185085307539276   0.003418871620382677     0.4904330375881089
  0.000245884861031121     0.2229705490891838  0.0001003131073686829     0.3061997642170891  0.0001177893741343747     0.4033314544559676 -1.325495697457115e-05     0.5196158628978121  6.947037173132713e-05     0.6510367440516828

 22.6791912548874
 9.62130387581424
35.56101939409701
15.06424958717217
50.56129797709348
21.41135286076792
68.34285447629929
28.95120612651132
88.52355809885754
37.53723099289085

0.4220980852066014

0
0
0
0
0
0
0
0
0
0

0

0
0
0
0
0
0
0
0
0
0

0

0
0
0
0
0
0
0
0
0
0

0

0
0
0
0
0
0
0
0
0
0

0

0
0
0
0
0
0
0
0
0
0

0

0
0
0
0
0
0
0
0
0
0

0

0
0
0
0
0
0
0
0
0
0

0

0
0
0
0
0
0
0
0
0
0

0

0
0
0
0
0
0
0
0
0
0

0

0
0
0
0
0
0
0
0
0
0

0

0
0
0
0
0
0
0
0
0
0

0

0
0
0
0
0
0
0
0
0
0

0

0
0
0
0
0
0
0
0
0
0

0

0
0
0
0
0
0
0
0
0
0

0

0
0
0
0
0
0
0
0
0
0

0

0
0
0
0
0
0
0
0
0
0

0

0
0
0
0
0
0
0
0
0
0

0

0
0
0
0
0
0
0
0
0
0

0

0
0
0
0
0
0
0
0
0
0

0

0
0
0
0
0
0
0
0
0
0

0

0
0
0
0
0
0
0
0
0
0

0

0
0
0
0
0
0
0
0
0
0

0

0
0
0
0
0
0
0
0
0
0

0

0
0
0
0
0
0
0
0
0
0

0

0
0
0
0
0
0
0
0
0
0

0

0
0
0
0
0
0
0
0
0
0

0

0
0
0
0
0
0
0
0
0
0

0

0
0
0
0
0
0
0
0
0
0

0

0
0
0
0
0
0
0
0
0
0

0

0
0
0
0
0
0
0
0
0
0

0

0
0
0
0
0
0
0
0
0
0

0

0
0
0
0
0
0
0
0
0
0

0

0
0
0
0
0
0
0
0
0
0

0

0
0
0
0
0
0
0
0
0
0

0

0
0
0
0
0
0
0
0
0
0

0

0
0
0
0
0
0
0
0
0
0

0

0
0
0
0
0
0
0
0
0
0

0

0
0
0
0
0
0
0
0
0
0

0

0
0
0
0
0
0
0
0
0
0

0

0
0
0
0
0
0
0
0
0
0

0

0
0
0
0
0
0
0
0
0
0

0

0
0
0
0
0
0
0
0
0
0

0

0
0
0
0
0
0
0
0
0
0

0

0
0
0
0
0
0
0
0
0
0

0

0
0
0
0
0
0
0
0
0
0

0

0
0
0
0
0
0
0
0
0
0

0

0
0
0
0
0
0
0
0
0
0

0

0
0
0
0
0
0
0
0
0
0

0

0
0
0
0
0
0
0
0
0
0

0

0
0
0
0
0
0
0
0
0
0

0

0
0
0
0
0
0
0
0
0
0

0

0
0
0
0
0
0
0
0
0
0

0

0
0
0
0
0
0
0
0
0
0

0

0
0
0
0
0
0
0
0
0
0

0

0
0
0
0
0
0
0
0
0
0

0

0
0
0
0
0
0
0
0
0
0

0

0
0
0
0
0
0
0
0
0
0

0

0
0
0
0
0
0
0
0
0
0

0

0
0
0
0
0
0
0
0
0
0

0

0
0
0
0
0
0
0
0
0
0

0

0
0
0
0
0
0
0
0
0
0

0

0
0
0
0
0
0
0
0
0
0

0

0
0
0
0
0
0
0
0
0
0

0

0
0
0
0
0
0
0
0
0
0

0

0
0
0
0
0
0
0
0
0
0

0

0
0
0
0
0
0
0
0
0
0

0

0
0
0
0
0
0
0
0
0
0

0

0
0
0
0
0
0
0
0
0
0

0

0
0
0
0
0
0
0
0
0
0

0

0
0
0
0
0
0
0
0
0
0

0

0
0
0
0
0
0
0
0
0
0

0

0
0
0
0
0
0
0
0
0
0

0

0
0
0
0
0
0
0
0
0
0

0

0
0
0
0
0
0
0
0
0
0

0

0
0
0
0
0
0
0
0
0
0

0

0
0
0
0
0
0
0
0
0
0

0

0
0
0
0
0
0
0
0
0
0

0

   0.01185435272184279   -0.02806971122232542  4.169109601077448e-05 -0.0004957253769334704  -0.009383930121983226    0.02203313698817654  -0.001036867664882254   0.002516946361724828  -0.001751526674752451   0.004102745316624461

-0.0007720311105105628  -0.007306487084192115  -0.002098123598743885  -0.004369664285769272  -0.001963963880903732  -0.007709441388125368  -0.001983811144321312  -0.004162638525031153     0.9127501725243286      13.26886084084039

cov:
   0.9511071383193489    0.5821563498767587  -0.05004737834142276    0.1597731702071777    0.1161211361196779    0.2380877063900738 -0.002734680569362294     0.191556717098115 -0.005507649866385414    0.2008658077808264
   0.5821563498767587      127.620341462226   0.02681152442113352     157.1907688787747    0.1034420436665428     192.1142584905537   -0.0382823949713473     233.5834878733203  0.001296065276142811     280.7319424120884
 -0.05004737834142276   0.02681152442113352     1.130939201912655    0.5263782603944953   -0.1411008679758198  -0.01352405454186919   0.02012102822242248   0.04886422261282881 -0.006093355833995842   0.02914234646560401
   0.1597731702071777     157.1907688787747    0.5263782603944953     204.3709763736492  -0.01117407291904383     258.7014630556498  -0.05753980978556715     323.8861502156786  -0.02406369687997651     397.8071269768337
   0.1161211361196779    0.1034420436665428   -0.1411008679758198  -0.01117407291904383     1.132376703768366    0.5144701130384997  -0.01942207394238184  0.009940562238040761  0.007652496744116212   0.01475062541932517
   0.2380877063900738     192.1142584905537  -0.01352405454186919     258.7014630556498    0.5144701130384997     336.8513771517891    -0.109555670875183     429.2300030801986   -0.0489681725356317     534.4016919909358
-0.002734680569362294   -0.0382823949713473   0.02012102822242248  -0.05753980978556715  -0.01942207394238184    -0.109555670875183     1.090607838259769    0.3185963031589138   0.01099607067614232   -0.1880550922174341
    0.191556717098115     233.5834878733203   0.04886422261282881     323.8861502156786  0.009940562238040761     429.2300030801986    0.3185963031589138     557.1301549666906   -0.0965547909513476      697.288431437662
-0.005507649866385414  0.001296065276142811 -0.006093355833995842  -0.02406369687997651  0.007652496744116212   -0.0489681725356317   0.01099607067614232   -0.0965547909513476     1.091819748363659    0.3374478917461409
   0.2008658077808264     280.7319424120884   0.02914234646560401     397.8071269768337   0.01475062541932517     534.4016919909358   -0.1880550922174341      697.288431437662    0.3374478917461409     884.1911084113805

cov.inverse():
   1.545965619522919   -1.118661020355374  -0.5356436492909723    1.338572679171826  -0.1513913419493905   0.1000141151430888  0.04404294293560503  -0.1066959048963701   0.1004541408548291  -0.2237277270208673
  -1.118661020355373    2.609879480446899    1.329177539502608   -3.121950420532135   0.1148683983413964  -0.2490030445129465  -0.1043393733407373   0.2534098732123708  -0.2214859002218767   0.5268825388860336
 -0.5356436492910062    1.329177539502688    1.849998970306175   -2.239189738374204  -0.2134108742322631   0.7777886067666758 -0.04112380623341315  0.06679943756795496 -0.01998785038003205  0.06271139746825857
   1.338572679171908   -3.121950420532328   -2.239189738374205    5.275737712274681    0.767760046145863   -1.855355207305802   0.0612162564295114  -0.1543880332708643  0.05449515432512007  -0.1395159078227372
 -0.1513913419493338   0.1148683983412638  -0.2134108742323398   0.7677600461460433    1.482634902000758   -1.363107826742952 -0.06844350959815677   0.1950896454304562  -0.1278169572909375   0.2881625320665291
  0.1000141151429547  -0.2490030445126323   0.7777886067668565   -1.855355207306227    -1.36310782674295     3.23209113488409   0.1922481915765419  -0.4549182809456255   0.2870710418120466  -0.6809980846357219
 0.04404294293558836  -0.1043393733406985 -0.04112380623338162  0.06121625642943702 -0.06844350959817179    0.192248191576578   0.9949240540361718   -0.182774227114956  -0.0260455305462546  0.03374494234646161
 -0.1066959048963307   0.2534098732122791  0.06679943756788013  -0.1543880332706878   0.1950896454304921  -0.4549182809457117  -0.1827742271149561   0.4319539271560124  0.03811512775702554 -0.07672729223241005
  0.1004541408548237   -0.221485900221864 -0.01998785038002265  0.05449515432509789   -0.127816957290941   0.2870710418120551 -0.02604553054625496  0.03811512775702644   0.9840476560634531  -0.1581598743803328
 -0.2237277270208539   0.5268825388860022  0.06271139746823469  -0.1395159078226809   0.2881625320665386  -0.6809980846357448  0.03374494234646234 -0.07672729223241188  -0.1581598743803329   0.3688273049264874

cov*(cov_.inverse()):
    0.9999999999999996  -9.71445146547012e-17 -7.806255641895632e-17  -7.28583859910259e-17 -2.775557561562891e-17 -5.551115123125783e-17 -5.204170427930421e-18 -8.673617379884035e-18  6.938893903907228e-18  1.387778780781446e-17
 3.552713678800501e-14     0.9999999999999432 -8.171241461241152e-14  3.836930773104541e-13  4.263256414560601e-14  2.842170943040401e-14  -1.77635683940025e-15 -3.552713678800501e-14 -7.105427357601002e-15 -2.842170943040401e-14
-2.255140518769849e-17  3.538835890992686e-16      1.000000000000001 -2.255140518769849e-16 -3.469446951953614e-18  2.498001805406602e-16 -1.149254302834635e-17  6.071532165918825e-18  2.602085213965211e-18  8.673617379884035e-18
 4.263256414560601e-14  5.684341886080801e-14 -2.131628207280301e-14      1.000000000000156   -1.4210854715202e-14   1.13686837721616e-13 -8.881784197001252e-15 -5.329070518200751e-14 -7.105427357601002e-15                      0
-3.079134169858833e-17 -2.775557561562891e-17 -1.192622389734055e-18 -2.992397996059992e-17     0.9999999999999997  3.781697177629439e-16  1.528725063204561e-17 -4.315124646492308e-17 -5.637851296924623e-18  2.949029909160572e-17
 2.842170943040401e-14                      0  -1.13686837721616e-13  2.842170943040401e-13  8.526512829121202e-14     0.9999999999998863 -7.105427357601002e-15 -2.842170943040401e-14 -2.842170943040401e-14  5.684341886080801e-14
-1.387778780781446e-17  1.387778780781446e-17  2.081668171172169e-17 -1.283695372222837e-16 -1.387778780781446e-17                      0                      1 -1.561251128379126e-17                      0  1.387778780781446e-17
 8.526512829121202e-14 -2.842170943040401e-13  -1.70530256582424e-13  5.542233338928781e-13                      0  5.684341886080801e-14  -1.77635683940025e-14     0.9999999999999858  2.842170943040401e-14                      0
 1.387778780781446e-17 -5.551115123125783e-17  3.469446951953614e-18  1.387778780781446e-17                      0  2.775557561562891e-17  6.938893903907228e-18 -3.469446951953614e-18                      1 -1.387778780781446e-17
 5.684341886080801e-14                      0 -7.105427357601002e-15  2.984279490192421e-13                      0  3.410605131648481e-13                      0  -1.27897692436818e-13                      0                      1
