5
1

0.0009131827414486166
 0.001187226547540753
 0.004908923050627859
   0.0665620201366199
   0.5477857775343919

 0.02886316026139037  -0.5534154405093891   0.7990840771835918  -0.2285930336689606 -0.04591438483954791
-0.01480466376046729   0.4381107976328018  0.08425793728630909  -0.8334220909384289   0.3258035746712478
  0.6188944540143853  -0.5070079900235402  -0.3915141435965251  -0.1492496061110196   0.4293643945206814
 -0.6640213311889694  -0.2306739257157811 -0.05141697187219001   0.1558730500736488   0.6920441452574627
  0.4183217259800531   0.4376330851872488   0.4454640366665736   0.4545118157213101   0.4779801436555701

0.4000592466499941
0.4001522486514937
0.4001223600572244
0.4000858257579045
0.3999891340472971

0.0008205546160091702

0
0
0
0
0

0

0
0
0
0
0

0

0
0
0
0
0

0

0
0
0
0
0

0

0
0
0
0
0

0

0
0
0
0
0

0

0
0
0
0
0

0

0
0
0
0
0

0

0
0
0
0
0

0

0
0
0
0
0

0

0
0
0
0
0

0

0
0
0
0
0

0

0
0
0
0
0

0

0
0
0
0
0

0

0
0
0
0
0

0

0
0
0
0
0

0

0
0
0
0
0

0

0
0
0
0
0

0

0
0
0
0
0

0

0
0
0
0
0

0

0
0
0
0
0

0

0
0
0
0
0

0

0
0
0
0
0

0

0
0
0
0
0

0

0
0
0
0
0

0

0
0
0
0
0

0

0
0
0
0
0

0

0
0
0
0
0

0

0
0
0
0
0

0

0
0
0
0
0

0

0
0
0
0
0

0

0
0
0
0
0

0

0
0
0
0
0

0

0
0
0
0
0

0

0
0
0
0
0

0

0
0
0
0
0

0

0
0
0
0
0

0

0
0
0
0
0

0

0
0
0
0
0

0

0
0
0
0
0

0

0
0
0
0
0

0

0
0
0
0
0

0

0
0
0
0
0

0

0
0
0
0
0

0

0
0
0
0
0

0

0
0
0
0
0

0

0
0
0
0
0

0

0
0
0
0
0

0

0
0
0
0
0

0

0
0
0
0
0

0

0
0
0
0
0

0

0
0
0
0
0

0

0
0
0
0
0

0

0
0
0
0
0

0

0
0
0
0
0

0

0
0
0
0
0

0

0
0
0
0
0

0

0
0
0
0
0

0

0
0
0
0
0

0

0
0
0
0
0

0

0
0
0
0
0

0

0
0
0
0
0

0

0
0
0
0
0

0

0
0
0
0
0

0

0
0
0
0
0

0

0
0
0
0
0

0

0
0
0
0
0

0

0
0
0
0
0

0

0
0
0
0
0

0

0
0
0
0
0

0

0
0
0
0
0

0

0
0
0
0
0

0

0
0
0
0
0

0

0
0
0
0
0

0

0
0
0
0
0

0

0
0
0
0
0

0

0
0
0
0
0

0

 -4.703139891675924   7.716562118795297   4.711304497896285 -0.6258668236139249  -7.109451836229092

-1.434219230809964e-07  2.893194410134445e-06  -0.000280176707180031   -0.01735372797083571   -0.05231007354413696

cov:
0.05447278704670605 0.05560515428216413  0.0560625360258458  0.0565920339261043 0.05796912926331579
0.05560515428216413 0.05771254912669545 0.05855545691243974 0.05952871037211818 0.06205617134391286
 0.0560625360258458 0.05855545691243974   0.059561155009591  0.0607202714748469 0.06372994340614756
 0.0565920339261043 0.05952871037211818  0.0607202714748469 0.06209780927664718 0.06566533771810347
0.05796912926331579 0.06205617134391286 0.06372994340614756 0.06566533771810347 0.07068180106909785

cov.inverse():
 17149.62634365465 -36742.81829252064  16726.12132371383 -3014.191350573688  5913.019229592461
-36742.81829251484   514127.494606537 -495877.9771083483 -104211.5303932656  122669.8514878726
  16726.1213236568 -495877.9771075309   777118.259200756 -266445.2251267298 -31504.53058313412
-3014.191350504701 -104211.5303943857 -266445.2251254661  556384.5304998409 -182691.1616401167
 5913.019229574652   122669.851488181 -31504.53058363716 -182691.1616399041  85595.79393960694

cov*(cov_.inverse()):
    0.9999999999999432 -5.456968210637569e-12   7.73070496506989e-12  7.275957614183426e-12 -1.818989403545856e-12
-2.273736754432321e-13     0.9999999999972715  6.821210263296962e-12  1.091393642127514e-11 -2.728484105318785e-12
-2.842170943040401e-13 -3.637978807091713e-12      1.000000000007731  7.275957614183426e-12 -9.094947017729282e-13
  1.70530256582424e-13 -1.818989403545856e-12  7.275957614183426e-12      1.000000000001819 -9.094947017729282e-13
 -1.70530256582424e-13 -1.818989403545856e-12  9.094947017729282e-13  1.818989403545856e-12                      1
