5 
11 
12 
13 
14 
15 
inputFileName = /Users/demattia/RemoteProjects/extracted_endcaps.root
eventsFractionStartBuild = 0
eventsFractionEndBuild = 0.2
eventsFractionStartTest = 0.8
eventsFractionEndTest = 1
var name = R
var name = z
par name = cotTheta
firstOrderChargeOverPtCoefficientsFileName = 
firstOrderCotThetaCoefficientsFileName = 
2 < pT < 10, pT regions = 1
0 < phi < 0.8, phi regions = 1
-3 < eta < 3, eta regions = 1
-15 < z0 < 15, eta regions = 1
charge regions = 1
endcap regions = 0
Training
Requested running from track number 0 to track number 1000000 for a total of 1000000 tracks.
Analyzed 10% of 1000000 tracks
Analyzed 20% of 1000000 tracks
Analyzed 30% of 1000000 tracks
Analyzed 40% of 1000000 tracks
Analyzed 50% of 1000000 tracks
Analyzed 60% of 1000000 tracks
Analyzed 70% of 1000000 tracks
Analyzed 80% of 1000000 tracks
Analyzed 90% of 1000000 tracks
Analyzed 100% of 1000000 tracks
Evaluating eigenvalues:
geomIndex = 0
Sqrt(eigenvalues) of cov:
 0.0434276 0.0470149 0.0595354 0.673163 1.02167 1.18265 1.26472 1.57865 1.87559 3.28248 3.82014 9.26229
Analyzed 10% of 1000000 tracks
Analyzed 20% of 1000000 tracks
Analyzed 30% of 1000000 tracks
Analyzed 40% of 1000000 tracks
Analyzed 50% of 1000000 tracks
Analyzed 60% of 1000000 tracks
Analyzed 70% of 1000000 tracks
Analyzed 80% of 1000000 tracks
Analyzed 90% of 1000000 tracks
Analyzed 100% of 1000000 tracks
opening GeometricIndex.txt for writing
Matrices built:
geomIndex = 0

V_0:
 0.00962833 -0.00250992    0.105587  -0.0279198   -0.565045    0.139404    0.729282   -0.181153   -0.282297   0.0699938  0.00096646 -0.00173821
   0.074699  -0.0181426   -0.630244    0.154084    0.532036   -0.136349    0.370179  -0.0906858     -0.3435   0.0907651 0.000773818 0.000672471
  -0.574233    0.142703      0.5315   -0.129629     0.38974  -0.0937041   0.0707431  -0.0158549   -0.415663    0.109015 -0.00155075 0.000636253
   0.590507  -0.0741241    0.230333  -0.0380246 -0.00432995  -0.0462346   -0.240013   0.0790989   -0.529579    0.170214    0.436462   -0.159257
  -0.238917  -0.0234091   -0.182207  -0.0357667   -0.051316    0.334984   -0.217819   -0.511495  0.00254313    0.170815    0.515372    0.434947
   0.461549   0.0490701    0.327762  -0.0723626    0.253747  -0.0959556    0.147004   -0.236959    0.116121 -0.00189535   -0.302386    0.644687
  -0.158339 -0.00907342  -0.0178056    0.302822   -0.207341   -0.597402   0.0809713     0.38813   0.0324708   -0.017185    0.363424    0.438543
  0.0196756  -0.0130925    0.204337    0.711989   0.0999666    0.247508  0.00888487   -0.142324   -0.101223   -0.584616   0.0725997  -0.0433381
 -0.0299932  -0.0236315   -0.180484    -0.46857  -0.0219268    0.261325  -0.0253166    0.375731   -0.303314   -0.588358   0.0118126    0.312281
 0.00391665   0.0204264  -0.0301278   -0.300018  -0.0727503   -0.568025  -0.0440804   -0.547078  0.00646141   -0.467578    0.111978   -0.219675
  -0.133047   -0.457972   -0.113432    0.167418   -0.272891   -0.139679   -0.370731   -0.145821   -0.426232   0.0923004   -0.512818    0.160639
  0.0412456    0.871712   -0.164476    0.120357   -0.213302  -0.0321202   -0.229758  -0.0451868   -0.224902    0.037951   -0.198602   0.0636747
corrPV_0:
-3.17092e-06   0.00014005 -7.07581e-05     0.066296   -0.0261016    0.0530221   -0.0431975    0.0033048    0.0568513    -0.133287     0.779006     0.637557
D_0:
    0.123017   -0.0307684  -0.00910986   0.00372168    0.0272738  -0.00576408   -0.0268147    0.0043042    -0.116548    0.0251898 -0.000180953  -0.00479194
opening matrixVD_0.txt for writing
