5
1

0.001792660501429827
0.001902051623441292
0.001993529850312872
 0.08808092314883879
  0.5624244952100299

  0.5008309668249898  -0.2134832819558127  -0.2593932743191126   -0.577692206535791   0.5500727904017243
  0.3912461708600894  -0.2792807523723499  -0.6161882858318872   0.6140672044279726  -0.1102821834714332
    0.24068492515426  -0.7496307551282181   0.5924176500223952   0.0724001078224569  -0.1546740123570391
 -0.6107940960327296  -0.3676287022665576 -0.07964751584707237   0.2582537900316857   0.6471019723930899
  0.4063202130235613    0.423473751152788   0.4424078738030137   0.4661076992234631   0.4925370569762044

0.3990959628794845
0.3995072307529045
0.3993385787298299
0.3993381873219052
0.3994047516554526

-0.000522398452679023

 2.116447460494876 0.9696009348157502 0.1601965525329463 -1.154857972272271 -2.088222002455201

 1.060219753849421e-06 -7.350240700744419e-08  4.643386850658648e-07   -0.02569117032623295   -0.07129463821842032

cov:
0.05511937561233606 0.05616874904595237 0.05723838768396678 0.05868399396909457 0.06023884027322732
0.05616874904595237 0.05777710264931437 0.05948840656239181 0.06169986524398374 0.06413175678266944
0.05723838768396678 0.05948840656239181 0.06196410337476533 0.06506822970495985 0.06852669528389162
0.05868399396909457 0.06169986524398374 0.06506822970495985 0.06924271972035273 0.07391478584364056
0.06023884027322732 0.06413175678266944 0.06852669528389162 0.07391478584364056  0.0799870660715558

cov.inverse():
 134988.6991860632 -108843.2070204305 -71177.78650139344 -19257.75050046705  64382.33872896701
-108843.2070202999   177159.199706324 -46942.01461762357  -22695.4706206134   1117.30360656712
-71177.78650151772 -46942.01461759483  214198.8507677169  -47168.8780862553 -48679.37867097862
 -19257.7505005765 -22695.47062024401 -47168.87808658199  209404.6287622093 -120397.0400311572
 64382.33872906977  1117.303606299614 -48679.37867074728 -120397.0400312233  103591.5770336435

cov*(cov_.inverse()):
    0.9999999999995453 -9.947598300641403e-14  4.547473508864641e-13  2.728484105318785e-12  9.094947017729282e-13
                     0      1.000000000000284 -1.364242052659392e-12                      0  1.818989403545856e-12
                     0 -3.410605131648481e-13     0.9999999999986358  3.637978807091713e-12 -9.094947017729282e-13
-1.818989403545856e-12  5.400124791776761e-13  9.094947017729282e-13                      1  9.094947017729282e-13
 9.094947017729282e-13 -1.435296326235402e-12                      0                      0                      1
