5
1

0.001607024288682045
0.001705564989945765
0.001794227774166267
 0.08019024687194234
  0.5526723730053819

 -0.4992682633079945   0.2027565131102053   0.2733411118718909    0.574771157602894  -0.5518548274621488
 -0.3900656832725835   0.2842072508349677   0.6094524034586113  -0.6183745744259572   0.1151332051493401
  0.2456279170840199  -0.7508652262509442   0.5930461564093411  0.05756372888443402  -0.1443987944586485
 -0.6059719705926169  -0.3624196190794224 -0.07451182093176713    0.263801510033298   0.6529216969959042
  0.4135757018873065   0.4277493035384928   0.4433922071808432   0.4629753584289519   0.4848121700510826

0.3992891479465026
0.3996211202831714
0.3994872877091099
0.3994836388384457
0.3995294808034319

-0.0003247100467712039

0
0
0
0
0

0

0
0
0
0
0

0

0
0
0
0
0

0

0
0
0
0
0

0

0
0
0
0
0

0

0
0
0
0
0

0

0
0
0
0
0

0

0
0
0
0
0

0

0
0
0
0
0

0

0
0
0
0
0

0

0
0
0
0
0

0

0
0
0
0
0

0

0
0
0
0
0

0

0
0
0
0
0

0

0
0
0
0
0

0

0
0
0
0
0

0

0
0
0
0
0

0

0
0
0
0
0

0

0
0
0
0
0

0

0
0
0
0
0

0

0
0
0
0
0

0

0
0
0
0
0

0

0
0
0
0
0

0

0
0
0
0
0

0

0
0
0
0
0

0

0
0
0
0
0

0

0
0
0
0
0

0

0
0
0
0
0

0

0
0
0
0
0

0

0
0
0
0
0

0

0
0
0
0
0

0

0
0
0
0
0

0

0
0
0
0
0

0

0
0
0
0
0

0

0
0
0
0
0

0

0
0
0
0
0

0

0
0
0
0
0

0

0
0
0
0
0

0

0
0
0
0
0

0

0
0
0
0
0

0

0
0
0
0
0

0

0
0
0
0
0

0

0
0
0
0
0

0

0
0
0
0
0

0

0
0
0
0
0

0

0
0
0
0
0

0

0
0
0
0
0

0

0
0
0
0
0

0

0
0
0
0
0

0

0
0
0
0
0

0

0
0
0
0
0

0

0
0
0
0
0

0

0
0
0
0
0

0

0
0
0
0
0

0

0
0
0
0
0

0

0
0
0
0
0

0

0
0
0
0
0

0

0
0
0
0
0

0

0
0
0
0
0

0

0
0
0
0
0

0

0
0
0
0
0

0

0
0
0
0
0

0

0
0
0
0
0

0

0
0
0
0
0

0

0
0
0
0
0

0

0
0
0
0
0

0

0
0
0
0
0

0

0
0
0
0
0

0

0
0
0
0
0

0

0
0
0
0
0

0

0
0
0
0
0

0

0
0
0
0
0

0

0
0
0
0
0

0

0
0
0
0
0

0

0
0
0
0
0

0

0
0
0
0
0

0

0
0
0
0
0

0

 2.103155968935049 0.9809104269627255 0.1570255063168128 -1.137286819343558 -2.101419919582179

-7.805235032442713e-07   4.49098548712733e-08  3.578576578341368e-07   -0.02130889653192439   -0.05690713691726072

cov:
0.05460766157179035 0.05544664107346985 0.05630145217862959 0.05745758031273135 0.05870030395886511
0.05544664107346985 0.05673421543085477  0.0581041127010927 0.05987472975106881  0.0618214586120986
0.05630145217862959  0.0581041127010927 0.06008791571806913 0.06257502700251179 0.06534611954455639
0.05745758031273135 0.05987472975106881 0.06257502700251179 0.06592082616457462 0.06966592632139795
0.05870030395886511  0.0618214586120986 0.06534611954455639 0.06966592632139795 0.07453531942379911

cov.inverse():
 167624.7478600683 -134563.7970036106 -89309.33778079005 -23831.28023679934  80170.76305724586
-134563.7970034966  218840.2686705101 -57314.16837177446 -28730.46143006549  1565.752743498114
-89309.33778068719 -57314.16837181221  265868.6417515264 -58118.07129336685 -60896.01611009168
 -23831.2802372896 -28730.46142962583 -58118.07129313256  260414.6202701434 -149850.7415657808
 80170.76305751945  1565.752743209936   -60896.016110261 -149850.7415655968  129025.5930408167

cov*(cov_.inverse()):
                     1 -2.032152224273887e-12  9.094947017729282e-13  3.637978807091713e-12 -1.818989403545856e-12
                     0      1.000000000000213  9.094947017729282e-13  1.818989403545856e-12  9.094947017729282e-13
 9.094947017729282e-13 -8.526512829121202e-13                      1  1.818989403545856e-12                      0
                     0  -1.20792265079217e-12 -1.818989403545856e-12      1.000000000003638                      0
                     0 -1.804778548830654e-12 -9.094947017729282e-13                      0                      1
