5
2

0.0004219313665150352
0.0008985183457642145
 0.002572818575291925
    0.112671486883175
   0.5729609971702034

 -0.4649306448102353   0.8132432424127785  -0.3499358225545085  0.00385113477056659 -0.00223898199372527
 -0.5180769553616664  0.05527168375808691   0.8160899194869589   -0.169329875550925  -0.1840270247963869
 0.08503160703151488  0.06454343130813199  0.02448415954283135  -0.7844787845988794   0.6104075144740247
 -0.5964156624042743  -0.4046761586168762  -0.1479228675865399   0.3490272380528298   0.5803657266139585
  0.3905044779308351   0.4094530763916155   0.4348120451198715   0.4838239200560109   0.5066629360331357

0.3957575572995155
0.3952909084500197
 0.394747795002974
0.3934600008369434
0.3928601243745113

0.006561331934051676
  0.3967527816980065

   3.805662364468267   -2.584871136621301    1.101646006420284  -0.9049798293751966   -1.417327618001416
   1.820491277195053  -0.7706794737096847   0.1845033949289559 -0.09253968828532025  -0.1417088754804428

-7.579131407330217e-07  -6.46988144808181e-07  1.888385013990189e-07   -0.03205593474797184   -0.08180994296822584
-2.737605813575242e-07 -6.405655745885449e-07  6.332753855220295e-07   -0.01162504262993883     0.1178559243680777

cov:
0.05457731767612928 0.05555436488103815 0.05686106529328395 0.05938152738992682 0.06055864100346856
0.05555436488103815 0.05711655583432091  0.0592060602937002 0.06324076587229546 0.06512285546437689
0.05686106529328395  0.0592060602937002 0.06234426977268379 0.06840631587674685  0.0712321973181773
0.05938152738992682 0.06324076587229546 0.06840631587674685 0.07839720888035494 0.08304255645548803
0.06055864100346856 0.06512285546437689  0.0712321973181773 0.08304255645548803 0.08855142082796749

cov.inverse():
 1547784.118610878  -2158475.63208439  390514.9810215367   88510.3919173045   131754.231735374
-2158475.632081168  3719413.785492711 -1542431.340260191 -1659.925529469521 -16892.75445024264
 390514.9810162769 -1542431.340253765  1512881.532596902 -181641.1350055284 -179369.8486019876
 88510.39192014666 -1659.925533313538 -181641.1350049214  128579.0055252682 -33774.75015500387
 131754.2317345701 -16892.75444960308 -179369.8486014284 -33774.75015539885  98292.01101225409

cov*(cov_.inverse()):
     1.000000000000909  1.671196514507756e-11  7.275957614183426e-12 -9.094947017729282e-13 -9.094947017729282e-13
-1.818989403545856e-12      1.000000000001364 -1.455191522836685e-11  4.547473508864641e-13 -9.094947017729282e-13
 9.094947017729282e-12  1.432454155292362e-11      0.999999999994543  2.273736754432321e-12  1.818989403545856e-12
-1.818989403545856e-12 -1.182343112304807e-11  5.456968210637569e-12     0.9999999999977263  9.094947017729282e-13
                     0  2.887645678129047e-11 -1.091393642127514e-11 -9.094947017729282e-13      0.999999999998181
