5
2

0.0004220615417867548
0.0008979571954309043
 0.002571644208722822
   0.1126666018095219
    0.572960875652081

  -0.4647949957268532    0.8132345405039934   -0.3501362935265209  0.003872857685286592 -0.002184263581273376
   -0.518199199844686   0.05546862762163635    0.8160012235277735   -0.1693138526445108   -0.1840316362312453
  0.08503650832555604   0.06452765507178479   0.02450504083549923   -0.7844828311696715    0.6104024611323262
  -0.5964135679933353   -0.4046686867005937   -0.1479322901186893    0.3490267903039154    0.5803709564647973
   0.3905058890629673    0.4094535983673659    0.4348127409248466    0.4838231159485719     0.506661597315599

0.3957563102542674
0.3952909560198039
0.3947591946023975
0.3934764946730931
0.3928790434316874

0.006561331934051676
  0.3967527816980065

0
0
0
0
0

0
0

0
0
0
0
0

0
0

0
0
0
0
0

0
0

0
0
0
0
0

0
0

0
0
0
0
0

0
0

0
0
0
0
0

0
0

0
0
0
0
0

0
0

0
0
0
0
0

0
0

0
0
0
0
0

0
0

0
0
0
0
0

0
0

0
0
0
0
0

0
0

0
0
0
0
0

0
0

0
0
0
0
0

0
0

0
0
0
0
0

0
0

0
0
0
0
0

0
0

0
0
0
0
0

0
0

0
0
0
0
0

0
0

0
0
0
0
0

0
0

0
0
0
0
0

0
0

0
0
0
0
0

0
0

0
0
0
0
0

0
0

0
0
0
0
0

0
0

0
0
0
0
0

0
0

0
0
0
0
0

0
0

0
0
0
0
0

0
0

0
0
0
0
0

0
0

0
0
0
0
0

0
0

0
0
0
0
0

0
0

0
0
0
0
0

0
0

0
0
0
0
0

0
0

0
0
0
0
0

0
0

0
0
0
0
0

0
0

0
0
0
0
0

0
0

0
0
0
0
0

0
0

0
0
0
0
0

0
0

0
0
0
0
0

0
0

0
0
0
0
0

0
0

0
0
0
0
0

0
0

0
0
0
0
0

0
0

0
0
0
0
0

0
0

0
0
0
0
0

0
0

0
0
0
0
0

0
0

0
0
0
0
0

0
0

0
0
0
0
0

0
0

0
0
0
0
0

0
0

0
0
0
0
0

0
0

0
0
0
0
0

0
0

0
0
0
0
0

0
0

0
0
0
0
0

0
0

0
0
0
0
0

0
0

0
0
0
0
0

0
0

0
0
0
0
0

0
0

0
0
0
0
0

0
0

0
0
0
0
0

0
0

0
0
0
0
0

0
0

0
0
0
0
0

0
0

0
0
0
0
0

0
0

0
0
0
0
0

0
0

0
0
0
0
0

0
0

0
0
0
0
0

0
0

0
0
0
0
0

0
0

0
0
0
0
0

0
0

0
0
0
0
0

0
0

0
0
0
0
0

0
0

0
0
0
0
0

0
0

0
0
0
0
0

0
0

0
0
0
0
0

0
0

0
0
0
0
0

0
0

0
0
0
0
0

0
0

0
0
0
0
0

0
0

0
0
0
0
0

0
0

0
0
0
0
0

0
0

0
0
0
0
0

0
0

0
0
0
0
0

0
0

0
0
0
0
0

0
0

0
0
0
0
0

0
0

0
0
0
0
0

0
0

    3.80986141155922   -2.594885046995917     1.10873860676342  -0.9055726077005724   -1.417995064474792
   1.820675994733475  -0.7711039300798717   0.1848067100583761 -0.09256325442150115   -0.141746663371815

-7.605824437929558e-07 -6.444068402771433e-07  1.889014286499367e-07    -0.0320547325800098   -0.08180796570755193
-2.739883764958241e-07 -6.399691854995656e-07  6.328111294191904e-07   -0.01162426072848106     0.1178566081055084

cov:
0.05457723476344178 0.05555426608291043 0.05686130297264544 0.05938186424001408 0.06055903303187531
0.05555426608291043 0.05711641582696976  0.0592061720323276 0.06324090436304057 0.06512301984802776
0.05686130297264544  0.0592061720323276 0.06234445264033337 0.06840629841311241 0.07123210669945498
0.05938186424001408 0.06324090436304057 0.06840629841311241  0.0783967790731887 0.08304197570444045
0.06055903303187531 0.06512301984802776 0.07123210669945498 0.08304197570444045 0.08855064370437733

cov.inverse():
  1546901.14518077 -2156702.429669985  389487.0448173133  88604.23248014142  131792.2020893734
-2156702.429670587  3717075.125970177 -1542080.084557477 -1631.699755271939 -16693.62041022906
 389487.0448177062 -1542080.084557658  1514097.214208109  -181867.796311943 -179690.6198094955
 88604.23248147283 -1631.699757770511 -181867.7963107151  128703.4604811749  -33794.0941710598
  131792.202088251 -16693.62040815166 -179690.6198105112 -33794.09417099909   98395.6755073711

cov*(cov_.inverse()):
     1.000000000020918  3.456079866737127e-11 -9.094947017729282e-12  4.547473508864641e-13  9.094947017729282e-13
-1.818989403545856e-12      1.000000000043201 -3.637978807091713e-12 -4.547473508864641e-13  9.094947017729282e-13
 5.456968210637569e-12  4.342837200965732e-11     0.9999999999745341  1.818989403545856e-12  3.637978807091713e-12
                     0  3.137756721116602e-11 -7.275957614183426e-12     0.9999999999977263 -9.094947017729282e-13
  -1.2732925824821e-11  4.501998773775995e-11 -1.818989403545856e-12 -9.094947017729282e-13                      1
