6
1

0.001525052466783951
0.001676714081333612
0.001816695214988908
0.002989580393742431
  0.1045347229699552
  0.6170186455928756

   0.3325208605046922  -0.06769091128995755   -0.1833492792562524   -0.6429006940324655    0.6550892160312762  -0.09363587083094278
   0.4890994558606854   -0.3276864318974672   -0.6481888454432385    0.4828373395669667  0.009496022779116401 -0.005698626266237392
   0.2949767311344868   -0.7552770010758894     0.574969133408533  -0.03726663731842378   -0.1000429332389491   0.02363227907733006
   0.2979609453204968    0.1063340076374478   -0.1549382616783784   -0.4199122117367908   -0.4998665580585486    0.6706069247484501
   -0.584601313780677   -0.4036833589752077   -0.1896089005660101   0.06367534833967964    0.3471512613279607    0.5785853145481447
   0.3642264497326297    0.3785881918801821    0.3945723735398189    0.4144601106543092    0.4363241707640766    0.4540558897389957

0.3993136156071441
0.3995868625846259
0.3993737801580081
0.3992934006767787
0.3992475939006718
0.3992376474110806

0.0005487566433905114

0
0
0
0
0
0

0

0
0
0
0
0
0

0

0
0
0
0
0
0

0

0
0
0
0
0
0

0

0
0
0
0
0
0

0

0
0
0
0
0
0

0

0
0
0
0
0
0

0

0
0
0
0
0
0

0

0
0
0
0
0
0

0

0
0
0
0
0
0

0

0
0
0
0
0
0

0

0
0
0
0
0
0

0

0
0
0
0
0
0

0

0
0
0
0
0
0

0

0
0
0
0
0
0

0

0
0
0
0
0
0

0

0
0
0
0
0
0

0

0
0
0
0
0
0

0

0
0
0
0
0
0

0

0
0
0
0
0
0

0

0
0
0
0
0
0

0

0
0
0
0
0
0

0

0
0
0
0
0
0

0

0
0
0
0
0
0

0

0
0
0
0
0
0

0

0
0
0
0
0
0

0

0
0
0
0
0
0

0

0
0
0
0
0
0

0

0
0
0
0
0
0

0

0
0
0
0
0
0

0

0
0
0
0
0
0

0

0
0
0
0
0
0

0

0
0
0
0
0
0

0

0
0
0
0
0
0

0

0
0
0
0
0
0

0

0
0
0
0
0
0

0

0
0
0
0
0
0

0

0
0
0
0
0
0

0

0
0
0
0
0
0

0

0
0
0
0
0
0

0

0
0
0
0
0
0

0

0
0
0
0
0
0

0

0
0
0
0
0
0

0

0
0
0
0
0
0

0

0
0
0
0
0
0

0

0
0
0
0
0
0

0

0
0
0
0
0
0

0

0
0
0
0
0
0

0

0
0
0
0
0
0

0

0
0
0
0
0
0

0

0
0
0
0
0
0

0

0
0
0
0
0
0

0

0
0
0
0
0
0

0

0
0
0
0
0
0

0

0
0
0
0
0
0

0

0
0
0
0
0
0

0

0
0
0
0
0
0

0

0
0
0
0
0
0

0

0
0
0
0
0
0

0

0
0
0
0
0
0

0

0
0
0
0
0
0

0

0
0
0
0
0
0

0

0
0
0
0
0
0

0

0
0
0
0
0
0

0

0
0
0
0
0
0

0

0
0
0
0
0
0

0

0
0
0
0
0
0

0

0
0
0
0
0
0

0

0
0
0
0
0
0

0

0
0
0
0
0
0

0

0
0
0
0
0
0

0

0
0
0
0
0
0

0

0
0
0
0
0
0

0

0
0
0
0
0
0

0

0
0
0
0
0
0

0

0
0
0
0
0
0

0

0
0
0
0
0
0

0

  1.995165558635055  0.9657953900050672  0.2346209077250307  -1.000870103811249  -2.012057479923309 -0.1805568458307667

-2.387870724012396e-07  1.670688354644591e-08  7.535047356698854e-07  1.756935277967399e-05   -0.02696280423505171   -0.07226188721070677

cov:
0.05424218164075648 0.05507494618445288  0.0559239098723164 0.05706350920875516 0.05828446546431675 0.05926742328962975
0.05507494618445288  0.0563501245918996 0.05770638638957861 0.05945587074124334 0.06135703303981013 0.06289278190094806
 0.0559239098723164 0.05770638638957861 0.05966747253148372 0.06212752441794026 0.06482486137989589 0.06700793293303839
0.05706350920875516 0.05945587074124334 0.06212752441794026 0.06544513992587779 0.06909003932783783 0.07204565192678798
0.05828446546431675 0.06135703303981013 0.06482486137989589 0.06909003932783783 0.07379967086477701 0.07761668847887579
0.05926742328962975 0.06289278190094806 0.06700793293303839 0.07204565192678798 0.07761668847887579 0.08215230288844926

cov.inverse():
 168959.5957618797 -130623.2462730347 -92746.41230161978 -25249.09156811939  69686.92439735749  10059.65462918852
-130623.2462728334  214286.4684978926  -52527.3783755601 -34036.51205939839 -3238.042535448794  5938.859536830996
-92746.41230158103 -52527.37837569195  266756.9975488608 -59854.47724475537 -62601.10788246449  1177.621888739401
-25249.09156859731 -34036.51205856608 -59854.47724514209   280787.489234527 -154833.6706379612 -6865.499697290283
 69686.92439743719 -3238.042535851642 -62601.10788196861 -154833.6706381119  215547.8258897853 -64596.60448940859
 10059.65462934646  5938.859536734682  1177.621888537007 -6865.499697170967 -64596.60448938718  54298.81521169393

cov*(cov_.inverse()):
     1.000000000001364  5.115907697472721e-13  5.826450433232822e-13  5.115907697472721e-13  4.547473508864641e-13 -4.547473508864641e-13
 -1.13686837721616e-13       1.00000000000216  1.577404873387422e-12 -1.307398633798584e-12 -4.547473508864641e-13                      0
-7.958078640513122e-13  1.818989403545856e-12      1.000000000002657  2.728484105318785e-12 -9.094947017729282e-13                      0
 5.684341886080801e-13  2.330580173293129e-12 -2.557953848736361e-13      1.000000000002615  9.094947017729282e-13                      0
-4.547473508864641e-13   1.70530256582424e-13  2.557953848736361e-12  2.955857780762017e-12      0.999999999996362  9.094947017729282e-13
                     0  2.842170943040401e-13   1.84741111297626e-13  3.410605131648481e-13                      0                      1
