6
1

0.001710358601918278
0.001877489736408284
0.002007282960279355
0.003343049978604979
  0.1141099736555982
  0.6318038281384596

  0.3200959122285733 -0.06156186605523524  -0.1618003088217229  -0.6576861310717546   0.6530974447115449 -0.09209823231022399
   0.506405223264319   -0.357390144275194  -0.6308071990763793    0.465722784184718   0.0289900544412862 -0.01304520040897041
   0.273489292768295  -0.7431636145709344    0.599961370744893 -0.04818319127463706  -0.1011233861387522  0.02025446092333462
  0.3031916275572427  0.09896707660761439  -0.1561352230489081  -0.4152043939683127  -0.5014736465297942   0.6708439758363477
 -0.5902053292932934  -0.4096352244345111  -0.1957092247394126  0.05715234584424212   0.3403023262343951   0.5713864608582712
  0.3550048870357364   0.3722831772332012    0.391495827241981   0.4154136997736114   0.4417192251036234   0.4630587085848493

0.3997210493007111
0.4000637225815097
0.3998072132663057
0.3997133900509763
0.3996788221718998
0.3996739593052918

0.0004070833092487165

  2.041085141053421  0.9034429304606449  0.2385532607690143 -0.9950968349287935  -2.003440697702819  -0.181641925580141

-2.285391660262657e-07  1.448899025298227e-07  1.115255604185735e-06   2.19830735355481e-05   -0.03208218309680574   -0.09106068348742401

cov:
0.05484587810104687  0.0559029617262676 0.05698156387699019  0.0584275835087586 0.05997938240496701 0.06123081431850789
 0.0559029617262676  0.0575114618033331 0.05922158684598449 0.06142756401794527 0.06382682189983206 0.06576655039535703
0.05698156387699019 0.05922158684598449 0.06168324824781111 0.06477333498697155 0.06816306011907169 0.07090771576193396
 0.0584275835087586 0.06142756401794527 0.06477333498697155 0.06893173153478249 0.07350168610842525  0.0772081384909966
0.05997938240496701 0.06382682189983206 0.06816306011907169 0.07350168610842525 0.07939760717596786 0.08417617547017205
0.06123081431850789 0.06576655039535703 0.07090771576193396  0.0772081384909966 0.08417617547017205 0.08984889193745145

cov.inverse():
 134592.9649130569 -105819.7678019295 -71830.74455522616 -19595.45375568431  55144.79629985811  7596.851889125429
  -105819.76780204    175493.22579531 -44674.66733241926 -28169.18722728884  -2482.61382129541  5447.952922775811
-71830.74455526972  -44674.6673325272   213355.917726887 -48340.70149489931 -49367.27765402422  1064.199818582083
-19595.45375532985 -28169.18722737819 -48340.70149538173  225398.3663771762 -123160.6085176144 -6179.650056852296
   55144.796299683 -2482.613821293887 -49367.27765362795 -123160.6085178126  171095.3077125701 -51262.89450879018
 7596.851889100082  5447.952922861065  1064.199818516712 -6179.650056871201 -51262.89450876594  43342.98532342276

cov*(cov_.inverse()):
    0.9999999999994884  -1.13686837721616e-12 -4.121147867408581e-13  -1.70530256582424e-13  1.818989403545856e-12  4.547473508864641e-13
 -1.13686837721616e-13     0.9999999999973852 -8.526512829121202e-13                      0  1.818989403545856e-12                      0
-4.547473508864641e-13 -2.103206497849897e-12     0.9999999999982379  1.932676241267473e-12  1.818989403545856e-12                      0
-1.023181539494544e-12 -1.080024958355352e-12 -2.160049916710705e-12      1.000000000003581  9.094947017729282e-13  4.547473508864641e-13
-9.094947017729282e-13 -3.069544618483633e-12  5.968558980384842e-13  1.932676241267473e-12                      1  4.547473508864641e-13
-7.958078640513122e-13 -1.762145984685048e-12 -2.046363078989089e-12  1.250555214937776e-12  1.818989403545856e-12                      1
