6 
7 
8 
9 
10 
inputFileName = /Users/demattia/RemoteProjects/extracted_prompt_extrapolated.root
eventsFractionStartBuild = 0
eventsFractionEndBuild = 0.2
eventsFractionStartTest = 0.8
eventsFractionEndTest = 1
var name = R
var name = z
par name = cotTheta
firstOrderChargeOverPtCoefficientsFileName = 
firstOrderCotThetaCoefficientsFileName = 
2 < pT < 10, pT regions = 1
0 < phi < 0.8, phi regions = 1
-3 < eta < 3, eta regions = 1
-15 < z0 < 15, eta regions = 1
charge regions = 1
endcap regions = 0
Training
Requested running from track number 0 to track number 1000000 for a total of 1000000 tracks.
Analyzed 10% of 1000000 tracks
Analyzed 20% of 1000000 tracks
Analyzed 30% of 1000000 tracks
Analyzed 40% of 1000000 tracks
Analyzed 50% of 1000000 tracks
Analyzed 60% of 1000000 tracks
Analyzed 70% of 1000000 tracks
Analyzed 80% of 1000000 tracks
Analyzed 90% of 1000000 tracks
Analyzed 100% of 1000000 tracks
Evaluating eigenvalues:
geomIndex = 0
Sqrt(eigenvalues) of cov:
 0.364211 0.935429 0.943564 1.01416 1.07626 1.22023 1.47458 1.54062 6.44644 55.7401
Analyzed 10% of 1000000 tracks
Analyzed 20% of 1000000 tracks
Analyzed 30% of 1000000 tracks
Analyzed 40% of 1000000 tracks
Analyzed 50% of 1000000 tracks
Analyzed 60% of 1000000 tracks
Analyzed 70% of 1000000 tracks
Analyzed 80% of 1000000 tracks
Analyzed 90% of 1000000 tracks
Analyzed 100% of 1000000 tracks
opening GeometricIndex.txt for writing
Matrices built:
geomIndex = 0

V_0:
   -0.248301     0.538871     0.336316    -0.720718   -0.0148054    0.0351158   -0.0312711     0.061904   -0.0408566    0.0865444
    0.376778    -0.118538     0.319684   -0.0753356    -0.625936     0.273085    -0.154967    0.0789925     0.461367    -0.163182
  -0.0787045  -0.00340603   0.00183334    0.0263078     0.423675    -0.152719    -0.745586     0.252075     0.395095    -0.121384
    0.647304  -0.00767224     0.561855     0.038969     0.424921   -0.0604965    0.0335434  -0.00738051     -0.27836    0.0292799
  -0.0222208    0.0343301    0.0598976   -0.0120009     0.372007   -0.0273001     0.586327   -0.0197322     0.714508    0.0277844
    0.599315     0.244533    -0.678007    -0.334833    0.0473173   0.00325955  -0.00862552    0.0696418    0.0419364    0.0168959
   -0.105137    -0.292959   -0.0720231    -0.215423     0.304516      0.74579     0.060724      0.14664     -0.14726    -0.394611
  -0.0195087   -0.0120968    0.0225685    0.0070675    -0.120671    -0.367102     0.265408     0.774244    -0.133769    -0.402243
 -0.00902708    -0.701354  -0.00555847      -0.4609  -0.00272929    -0.182311   0.00114362     0.159631   0.00514424     0.486627
 2.30668e-05     0.238017 -2.39212e-05     0.318649 -8.75818e-05     0.415028 -7.39605e-05     0.524074 -8.10506e-05     0.628418
corrPV_0:
 -0.00257001   0.00353268 -0.000605391   0.00519018  -0.00576868  5.27551e-05   0.00865737 -0.000169929     0.657945      16.6393
D_0:
 0.00922372  -0.0221127 -0.00309009  0.00743712  -0.0010576  0.00268868 -0.00202336  0.00487411 -0.00307175  0.00728466
opening matrixVD_0.txt for writing
