6 
7 
8 
9 
10 
inputFileName = /Users/demattia/RemoteProjects/extracted_prompt_extrapolated.root
eventsFractionStartBuild = 0
eventsFractionEndBuild = 0.2
eventsFractionStartTest = 0.8
eventsFractionEndTest = 1
var name = R
var name = z
par name = cotTheta
firstOrderChargeOverPtCoefficientsFileName = 
firstOrderCotThetaCoefficientsFileName = 
pT > 2, pT regions = 1
0 < phi < 0.8, phi regions = 1
-3 < eta < 3, eta regions = 1
-15 < z0 < 15, eta regions = 1
charge regions = 1
endcap regions = 0
Training
Requested running from track number 0 to track number 1000000 for a total of 1000000 tracks.
Analyzed 10% of 1000000 tracks
Analyzed 20% of 1000000 tracks
Analyzed 30% of 1000000 tracks
Analyzed 40% of 1000000 tracks
Analyzed 50% of 1000000 tracks
Analyzed 60% of 1000000 tracks
Analyzed 70% of 1000000 tracks
Analyzed 80% of 1000000 tracks
Analyzed 90% of 1000000 tracks
Analyzed 100% of 1000000 tracks
Evaluating eigenvalues:
geomIndex = 0
Sqrt(eigenvalues) of cov:
 0.366534 0.936078 0.955169 1.00603 1.05835 1.23102 1.47424 1.54659 6.43516 55.694
Analyzed 10% of 1000000 tracks
Analyzed 20% of 1000000 tracks
Analyzed 30% of 1000000 tracks
Analyzed 40% of 1000000 tracks
Analyzed 50% of 1000000 tracks
Analyzed 60% of 1000000 tracks
Analyzed 70% of 1000000 tracks
Analyzed 80% of 1000000 tracks
Analyzed 90% of 1000000 tracks
Analyzed 100% of 1000000 tracks
opening GeometricIndex.txt for writing
Matrices built:
geomIndex = 0

V_0:
    0.248004    -0.539242    -0.335682     0.720878    0.0149945   -0.0348125    0.0291419   -0.0613057    0.0414448    -0.087193
     0.44047    -0.112286     0.353287   -0.0767567      -0.5362     0.249521    -0.236713     0.105486     0.465125    -0.171472
  -0.0794388    0.0170546   -0.0249086     0.027844     0.506297    -0.190382    -0.720364     0.250688     0.326894    -0.103887
     0.58468    0.0026696     0.552641    0.0519379     0.511364    -0.081155     0.184314   -0.0350116    -0.208976    0.0555349
    0.133158   -0.0251466    0.0202174    0.0171428    -0.284451   0.00516961    -0.559733    0.0085411    -0.765847  -0.00993113
    0.608973     0.254786    -0.669466     -0.32665    0.0613559   -0.0147258    0.0218687    0.0460442    0.0336483    0.0404863
   0.0873435     0.286312    0.0868841     0.223345    -0.304321    -0.738307   -0.0588708    -0.161924     0.157145     0.401093
  0.00587122   0.00421652   -0.0173398  -0.00623272     0.130921     0.378104     -0.27014    -0.769665     0.137956     0.393844
 -0.00875388    -0.701461  -0.00552892    -0.460913  -0.00242051    -0.181775   0.00100587     0.159856   0.00545707     0.486592
 1.84175e-05     0.238167  1.13735e-05     0.318768  -0.00011063     0.415151 -7.78349e-05     0.524112 -8.18969e-05     0.628188
corrPV_0:
  0.00257732   0.00391934 -0.000879662   0.00377957   0.00626051 -0.000148889  -0.00886214  0.000147726     0.656823      16.6255
D_0:
 0.00917781  -0.0220357 -0.00303592  0.00726801 -0.00107511  0.00273499 -0.00200858  0.00492388 -0.00304998  0.00728207
opening matrixVD_0.txt for writing
