10
1

0.3642110670545047
0.9354291299600376
0.9435641302722035
 1.014155885014403
 1.076256330586695
 1.220233227364986
 1.474583525676566
 1.540620898781785
 6.446439208670848
 55.74007152408992

    -0.248301221632615     0.5388711870152652     0.3363160604956836    -0.7207179400197485   -0.01480537899029369    0.03511582204547598   -0.03127114707624455    0.06190396361149789   -0.04085661748307943    0.08654442084531909
    0.3767776666851869    -0.1185379791800706     0.3196841988299263   -0.07533562342748845    -0.6259359871710832     0.2730853075228939    -0.1549665604697641    0.07899251293911878     0.4613672151969063      -0.16318176919284
  -0.07870445528807457  -0.003406034019550769   0.001833336977907626    0.02630780693825596      0.423674668402807    -0.1527188141798362    -0.7455863476477884     0.2520753598227811     0.3950951924335906    -0.1213840395450606
    0.6473039997998367  -0.007672235931450225     0.5618548738206143    0.03896898742365292     0.4249210776199889   -0.06049650759688485    0.03354343866191279  -0.007380514807745766    -0.2783603569481055    0.02927994516080548
  -0.02222081385086989    0.03433011396132566    0.05989761641236836   -0.01200090830053135     0.3720065980447876   -0.02730013750022929     0.5863265884461528   -0.01973223133452438     0.7145078893896222    0.02778439645813041
    0.5993150684181102     0.2445330758293069     -0.678007353995232    -0.3348327717685618    0.04731734452270052   0.003259553886438447  -0.008625521644408916    0.06964177901540089    0.04193639688364066    0.01689592538902347
   -0.1051372469941918    -0.2929585532355193   -0.07202310154621211    -0.2154231892609162     0.3045161599180575     0.7457898238909497    0.06072399221680315     0.1466401382421203    -0.1472601911093568     -0.394611349839867
  -0.01950867869286411   -0.01209676859917723    0.02256854531583517   0.007067496584959337    -0.1206706486055655    -0.3671022879657043     0.2654078595609444     0.7742437573278705    -0.1337688721017335    -0.4022430320262266
 -0.009027081522950045    -0.7013544918267566  -0.005558472896942783    -0.4608995118392235  -0.002729290553374947    -0.1823114946798677   0.001143617291583981     0.1596311780660566   0.005144235914850415     0.4866274938855007
 2.306680144295598e-05     0.2380167561236732 -2.392121284796041e-05     0.3186487803939372 -8.758176714472843e-05     0.4150282829890704 -7.396047633878962e-05     0.5240738935557321 -8.105062400034225e-05     0.6284178833834023

35.56063030486749
14.71052564797026
50.57284447138576
20.97246653605436
68.34627908990049
28.40598529831104
88.51775136446861
36.87831623299525
107.7152562753533
44.98233268051592

0.4159160828651703

 0.009223724455000594  -0.02211265036249882 -0.003090086918446116  0.007437121017872872 -0.001057597571178124  0.002688678682979856 -0.002023359123916734  0.004874107479410885 -0.003071749206572121  0.007284658301154373

 -0.002570011578128089   0.003532679488412517 -0.0006053907430120053   0.005190177277099205  -0.005768679890803036  5.275511925342629e-05    0.00865737498222763  -0.000169928925579074      0.657945455585201      16.63931886877138

cov:
    1.132567064856605    0.5033232055369735   -0.1208140539185142  -0.03082479585824672   0.01696893143989364  0.007552279794230607  -0.02487919027916441  -0.02761743868076938 -0.002596556440960673   -0.0429649706815842
   0.5033232055369735     196.7850258291656  -0.06849189082800221     249.0470286161685  -0.08448448151686096     311.7408462592005  -0.09831837189667846     382.8084313401591    -0.118319195829923     450.8299625438311
  -0.1208140539185142  -0.06849189082800221     1.131514367746814    0.4234235886528405 -0.004986961116574604  -0.08762964241230919   0.02725893832391376   -0.1079845787147628  -0.01102445260795503   -0.1590535887987602
 -0.03082479585824672     249.0470286161685    0.4234235886528405     324.6430572204596   -0.1382271712860507     413.9972389184657   -0.1258829008236465     515.6944765607635   -0.1712873551109769     613.0005755662453
  0.01696893143989364  -0.08448448151686096 -0.004986961116574604   -0.1382271712860507     1.088539207958665    0.2614825424246432    0.0344859777427365   -0.2404948699201006    0.0258468123283143   -0.3028941721807154
 0.007552279794230607     311.7408462592005  -0.08762964241230919     413.9972389184657    0.2614825424246432      538.169693925911   -0.1932880956886643     674.1199780647794   -0.2144688263867356      806.327848788585
 -0.02487919027916441  -0.09831837189667846   0.02725893832391376   -0.1258829008236465    0.0344859777427365   -0.1932880956886643     1.090826669035442    0.2014070954035395     0.047015337659132   -0.3047677440499848
 -0.02761743868076938     382.8084313401591   -0.1079845787147628     515.6944765607635   -0.2404948699201006     674.1199780647794    0.2014070954035395     855.9348401332219   -0.2802710429271001     1025.562913384699
-0.002596556440960673    -0.118319195829923  -0.01102445260795503   -0.1712873551109769    0.0258468123283143   -0.2144688263867356     0.047015337659132   -0.2802710429271001      1.08986624088158    0.1064721561408871
  -0.0429649706815842     450.8299625438311   -0.1590535887987602     613.0005755662453   -0.3028941721807154      806.327848788585   -0.3047677440499848     1025.562913384699    0.1064721561408871     1237.567930254355

cov.inverse():
    1.288263839730704   -0.9520744660988554   -0.4091871997206978     1.214758957528314   -0.0136555886236363 -0.003885797131986994   0.05899200921260256  -0.09386992876115403   0.07641357387683363   -0.1745564995949562
  -0.9520744660988556     2.297782872189397     1.218841464432659    -2.936557383816444 -0.001711641813692006   0.01091935691337309  -0.09703223815923227     0.224361635435672   -0.1794108184626883    0.4245766233325945
  -0.4091871997206906     1.218841464432641     1.590844424081053     -1.67435662539846  -0.04676279713128696    0.1243734642379967  -0.08435196059870732     0.152047316506028   -0.0648220827941194    0.1784741829295897
    1.214758957528298    -2.936557383816402     -1.67435662539846     4.026503023545914    0.1179571145558392   -0.2944749407416205     0.153111735862885   -0.3653667676195345    0.1806912624030518   -0.4301676031958382
 -0.01365558862364237 -0.001711641813677317  -0.04676279713127914    0.1179571145558204    0.9963304276593613   -0.1824777425287383  -0.04356196803325237    0.0305299631711263  -0.03547854022324309   0.03601792369636373
-0.003885797131972218   0.01091935691333735    0.1243734642379779   -0.2944749407415751   -0.1824777425287384    0.4383578053715847    0.0352139311785464  -0.07123164636168351   0.03518249693209761   -0.0847191529578334
  0.05899200921259208  -0.09703223815920692  -0.08435196059869429    0.1531117358628536  -0.04356196803325187   0.03521393117854529    0.9885090556442381    -0.159637768277798  -0.06966515444267395   0.06908442264639431
 -0.09386992876112905    0.2243616354356115    0.1520473165059967   -0.3653667676194595   0.03052996317112515  -0.07123164636168101   -0.1596377682777979        0.374187121273   0.07268686415363268   -0.1644534183677267
    0.076413573876843   -0.1794108184627108  -0.06482208279413305    0.1806912624030846  -0.03547854022324183   0.03518249693209449  -0.06966515444267093   0.07268686415362553    0.9659469489720393    -0.107416734657838
  -0.1745564995949778    0.4245766233326466    0.1784741829296214   -0.4301676031959145   0.03601792369636075  -0.08471915295782602   0.06908442264638723   -0.1644534183677099   -0.1074167346578379    0.2507451471069899

cov*(cov_.inverse()):
                     1 -4.163336342344337e-17  4.076600168545497e-17  3.816391647148976e-17  2.168404344971009e-19  4.336808689942018e-19  4.336808689942018e-19 -8.673617379884035e-19  5.204170427930421e-18  5.204170427930421e-18
  -1.4210854715202e-14     0.9999999999998863   -1.4210854715202e-14    1.4210854715202e-13   1.06581410364015e-14    1.4210854715202e-14  -1.77635683940025e-14                      0  7.105427357601002e-15                      0
 3.816391647148976e-17 -3.191891195797325e-16                      1  1.110223024625157e-16  2.602085213965211e-18  1.734723475976807e-18  1.734723475976807e-18 -1.040834085586084e-17  6.938893903907228e-18  6.938893903907228e-18
  -1.4210854715202e-14  5.684341886080801e-14   1.27897692436818e-13      1.000000000000114    1.4210854715202e-14 -2.131628207280301e-14 -7.105427357601002e-15                      0   -1.4210854715202e-14  2.842170943040401e-14
-1.387778780781446e-17 -2.775557561562891e-17 -1.387778780781446e-17 -5.551115123125783e-17                      1  8.326672684688674e-17  2.775557561562891e-17 -1.387778780781446e-17                      0 -2.775557561562891e-17
-2.842170943040401e-14   1.70530256582424e-13  5.684341886080801e-14  2.273736754432321e-13  2.131628207280301e-14                      1 -2.842170943040401e-14                      0                      0                      0
-1.387778780781446e-17 -8.326672684688674e-17  -4.85722573273506e-17  8.326672684688674e-17  6.938893903907228e-18  3.469446951953614e-18                      1 -4.163336342344337e-17 -6.938893903907228e-18                      0
 2.842170943040401e-14 -5.684341886080801e-14  8.526512829121202e-14  2.273736754432321e-13  2.131628207280301e-14                      0 -2.842170943040401e-14     0.9999999999999716  2.842170943040401e-14                      0
 2.775557561562891e-17 -2.081668171172169e-17  3.122502256758253e-17 -9.020562075079397e-17  8.673617379884035e-19  1.040834085586084e-17  1.647987302177967e-17                      0                      1 -1.734723475976807e-17
  1.13686837721616e-13 -4.547473508864641e-13  2.842170943040401e-14  6.821210263296962e-13  2.131628207280301e-14  2.842170943040401e-14   -1.4210854715202e-14                      0                      0      1.000000000000057
