10
1

0.3665339621996861
0.9360781814014593
0.9551688711325022
 1.006027365466347
 1.058351151822994
 1.231020105964147
 1.474238182847735
 1.546587660790905
  6.43515860945346
 55.69396853635636

    0.2480037354866172    -0.5392423745937193    -0.3356816844974744     0.7208778948051431    0.01499446931665299   -0.03481245018067043    0.02914189363388508   -0.06130572856232812    0.04144481714226666   -0.08719300497575636
    0.4404702563665225    -0.1122856216075376     0.3532865566161124   -0.07675665089957662    -0.5362000713595435     0.2495206501355909    -0.2367125816847099     0.1054862273588457      0.465124618347393    -0.1714722876750381
  -0.07943875335301677    0.01705464183916337   -0.02490858999593307    0.02784400013328366     0.5062974640370114    -0.1903817253107208     -0.720363916498339     0.2506877543144008     0.3268938358727296    -0.1038868218218383
    0.5846803713735742   0.002669598324351059     0.5526411301340173    0.05193788518546656     0.5113639946104459   -0.08115504037646924     0.1843141737849868   -0.03501157775937559    -0.2089761882329908    0.05553490700281152
    0.1331576081039834   -0.02514656365199096    0.02021740515708451    0.01714281438415198    -0.2844506087494038   0.005169611375576183    -0.5597333936650107   0.008541095111126322    -0.7658473469951883  -0.009931127606255597
      0.60897251064433     0.2547862916177754    -0.6694661582490007    -0.3266503351388895    0.06135587184317794   -0.01472578344393911    0.02186873560712149    0.04604417804336138    0.03364826978431092    0.04048632732520088
   0.08734345381549551     0.2863122074026964    0.08688406957032693     0.2233454527183075    -0.3043213955407149    -0.7383074155743601   -0.05887082028814198    -0.1619235567411895     0.1571453081457442     0.4010927535065336
  0.005871217486175908   0.004216519218221458   -0.01733977729997801  -0.006232721294486643     0.1309210356054165     0.3781038320430406     -0.270139800790205     -0.769665412412411     0.1379564792259193     0.3938439545230932
 -0.008753882706866016    -0.7014609071328437  -0.005528921472339856    -0.4609131516871791  -0.002420511348749982    -0.1817745625313601   0.001005865434384665     0.1598557556187713   0.005457074350964191     0.4865921890476836
 1.841747612960621e-05     0.2381666341485825  1.137346886827952e-05     0.3187684991789133  -0.000110630448495221     0.4151509167718829 -7.783492834326816e-05     0.5241117611818341 -8.189693779579877e-05     0.6281877513378146

35.56053013189594
14.70433016424438
50.55933250341162
20.95379143731745
68.34146204901863
28.37780074229504
88.52231784146704
36.82981980091523
107.7215929687938
44.90582462140794

0.415681208374261

0
0
0
0
0
0
0
0
0
0

0

0
0
0
0
0
0
0
0
0
0

0

0
0
0
0
0
0
0
0
0
0

0

0
0
0
0
0
0
0
0
0
0

0

0
0
0
0
0
0
0
0
0
0

0

0
0
0
0
0
0
0
0
0
0

0

0
0
0
0
0
0
0
0
0
0

0

0
0
0
0
0
0
0
0
0
0

0

0
0
0
0
0
0
0
0
0
0

0

0
0
0
0
0
0
0
0
0
0

0

0
0
0
0
0
0
0
0
0
0

0

0
0
0
0
0
0
0
0
0
0

0

0
0
0
0
0
0
0
0
0
0

0

0
0
0
0
0
0
0
0
0
0

0

0
0
0
0
0
0
0
0
0
0

0

0
0
0
0
0
0
0
0
0
0

0

0
0
0
0
0
0
0
0
0
0

0

0
0
0
0
0
0
0
0
0
0

0

0
0
0
0
0
0
0
0
0
0

0

0
0
0
0
0
0
0
0
0
0

0

0
0
0
0
0
0
0
0
0
0

0

0
0
0
0
0
0
0
0
0
0

0

0
0
0
0
0
0
0
0
0
0

0

0
0
0
0
0
0
0
0
0
0

0

0
0
0
0
0
0
0
0
0
0

0

0
0
0
0
0
0
0
0
0
0

0

0
0
0
0
0
0
0
0
0
0

0

0
0
0
0
0
0
0
0
0
0

0

0
0
0
0
0
0
0
0
0
0

0

0
0
0
0
0
0
0
0
0
0

0

0
0
0
0
0
0
0
0
0
0

0

0
0
0
0
0
0
0
0
0
0

0

0
0
0
0
0
0
0
0
0
0

0

0
0
0
0
0
0
0
0
0
0

0

0
0
0
0
0
0
0
0
0
0

0

0
0
0
0
0
0
0
0
0
0

0

0
0
0
0
0
0
0
0
0
0

0

0
0
0
0
0
0
0
0
0
0

0

0
0
0
0
0
0
0
0
0
0

0

0
0
0
0
0
0
0
0
0
0

0

0
0
0
0
0
0
0
0
0
0

0

0
0
0
0
0
0
0
0
0
0

0

0
0
0
0
0
0
0
0
0
0

0

0
0
0
0
0
0
0
0
0
0

0

0
0
0
0
0
0
0
0
0
0

0

0
0
0
0
0
0
0
0
0
0

0

0
0
0
0
0
0
0
0
0
0

0

0
0
0
0
0
0
0
0
0
0

0

0
0
0
0
0
0
0
0
0
0

0

0
0
0
0
0
0
0
0
0
0

0

0
0
0
0
0
0
0
0
0
0

0

0
0
0
0
0
0
0
0
0
0

0

0
0
0
0
0
0
0
0
0
0

0

0
0
0
0
0
0
0
0
0
0

0

0
0
0
0
0
0
0
0
0
0

0

0
0
0
0
0
0
0
0
0
0

0

0
0
0
0
0
0
0
0
0
0

0

0
0
0
0
0
0
0
0
0
0

0

0
0
0
0
0
0
0
0
0
0

0

0
0
0
0
0
0
0
0
0
0

0

0
0
0
0
0
0
0
0
0
0

0

0
0
0
0
0
0
0
0
0
0

0

0
0
0
0
0
0
0
0
0
0

0

0
0
0
0
0
0
0
0
0
0

0

0
0
0
0
0
0
0
0
0
0

0

0
0
0
0
0
0
0
0
0
0

0

0
0
0
0
0
0
0
0
0
0

0

0
0
0
0
0
0
0
0
0
0

0

0
0
0
0
0
0
0
0
0
0

0

0
0
0
0
0
0
0
0
0
0

0

0
0
0
0
0
0
0
0
0
0

0

0
0
0
0
0
0
0
0
0
0

0

0
0
0
0
0
0
0
0
0
0

0

0
0
0
0
0
0
0
0
0
0

0

0
0
0
0
0
0
0
0
0
0

0

0
0
0
0
0
0
0
0
0
0

0

0
0
0
0
0
0
0
0
0
0

0

 0.009177814357447897  -0.02203566291657449 -0.003035922200732976  0.007268012378854293 -0.001075107048901162  0.002734990470764454 -0.002008579095280597  0.004923884384959965 -0.003049977214856056  0.007282072692279537

  0.002577324819115896   0.003919342196904506 -0.0008796620677888653    0.00377957435373182   0.006260512285230151 -0.0001488885580012755  -0.008862140756016337  0.0001477256998652593     0.6568230484712453      16.62550225553125

cov:
    1.131692420565456    0.4927184955697315   -0.1425421725337531  -0.04817421089313512   0.01858987263858727  0.002869150268486404 -0.007755060864571429  -0.02600547713003213  -0.01984293885556765   -0.0516497990698517
   0.4927184955697315     196.6494813754011   -0.0454912282724834     248.8470924231957   -0.1068327242549542     311.4861741646319  -0.09139936869112902     382.4506782604142   -0.1295239425578533     450.2299142271618
  -0.1425421725337531   -0.0454912282724834     1.132208553312207    0.4631357316474939  -0.02318626325484221  -0.04602925362865661   0.00986233243246201  -0.05314399834152592  -0.01097685216228281  -0.08686992737087941
 -0.04817421089313512     248.8470924231957    0.4631357316474939      324.332545862276   -0.1714366903026157     413.5690551504442   -0.1321497420606136     515.0723218374271   -0.1722237598202167     612.0124985970407
  0.01858987263858727   -0.1068327242549542  -0.02318626325484221   -0.1714366903026157     1.089376547788673     0.232220507013865  0.008558088133860622    -0.280250272808645   0.01027753301411249   -0.3382190574545078
 0.002869150268486404     311.4861741646319  -0.04602925362865661     413.5690551504442     0.232220507013865     537.5890168888162   -0.2032865128112123     673.2527107997308    -0.217229054241297     804.9567895337677
-0.007755060864571429  -0.09139936869112902   0.00986233243246201   -0.1321497420606136  0.008558088133860622   -0.2032865128112123     1.090835770550262    0.2009271125474756    0.0221332584224284   -0.3157691662479402
 -0.02600547713003213     382.4506782604142  -0.05314399834152592     515.0723218374271    -0.280250272808645     673.2527107997308    0.2009271125474756      854.652430061877   -0.2864517290003595     1023.561240044076
 -0.01984293885556765   -0.1295239425578533  -0.01097685216228281   -0.1722237598202167   0.01027753301411249    -0.217229054241297    0.0221332584224284   -0.2864517290003595      1.09062149698399    0.1148169699079403
  -0.0516497990698517     450.2299142271618  -0.08686992737087941     612.0124985970407   -0.3382190574545078     804.9567895337677   -0.3157691662479402     1023.561240044076    0.1148169699079403     1234.607046093623

cov.inverse():
    1.287986432047753   -0.9407614222482168   -0.3838215790245215     1.199560870100733  -0.01159629535231431 -0.003148000813073998   0.04322296165177714  -0.09110956562053224   0.09025960774789374   -0.1739537630407756
  -0.9407614222482168     2.272152017487924     1.201576491857401    -2.901026363916761 -0.003777159971402028  0.007906440431617564  -0.09162174474419764     0.219339350991392    -0.176691725747627    0.4225213644195825
  -0.3838215790245221     1.201576491857403     1.583338173154358    -1.650893108780443  -0.03360455330944857    0.1228365316361245  -0.06810233402310742    0.1486459707420338  -0.06246460636814043    0.1769366243344989
    1.199560870100735    -2.901026363916764    -1.650893108780443     3.977118123060158    0.1199541217618747   -0.2901661110031153    0.1459407854943812   -0.3584936094566454    0.1776473187257323   -0.4271974667865241
 -0.01159629535231333  -0.00377715997140442  -0.03360455330944927    0.1199541217618764    0.9936226652011902   -0.1810528122928201  -0.02204156812933586   0.03026565530991655  -0.02278299479311004   0.03513369487636829
-0.003148000813076463  0.007906440431623531    0.1228365316361262   -0.2901661110031195   -0.1810528122928201    0.4379053343421088   0.03507881548169897  -0.07127780307897218   0.03479255170382463  -0.08549744677413916
  0.04322296165177614  -0.09162174474419521  -0.06810233402310713    0.1459407854943805  -0.02204156812933441   0.03507881548169546    0.9847389174724239   -0.1583960931817565   -0.0494710971425499   0.06976302984772799
  -0.0911095656205301    0.2193393509913868    0.1486459707420333    -0.358493609456644   0.03026565530991311  -0.07127780307896389   -0.1583960931817565    0.3726603664333626   0.07323701341616921   -0.1647938956624839
   0.0902596077478941   -0.1766917257476278  -0.06246460636814029     0.177647318725732  -0.02278299479311127   0.03479255170382759  -0.04947109714254916   0.07323701341616751    0.9636541322792539   -0.1071387723116787
  -0.1739537630407766    0.4225213644195847    0.1769366243344986   -0.4271974667865235   0.03513369487637111  -0.08549744677414596   0.06976302984772617   -0.1647938956624797   -0.1071387723116786    0.2509052786214575

cov*(cov_.inverse()):
                     1 -1.006139616066548e-16 -2.775557561562891e-17 -5.204170427930421e-17  4.336808689942018e-19  1.734723475976807e-18  3.469446951953614e-18  6.938893903907228e-18  3.469446951953614e-18  8.673617379884035e-18
-2.842170943040401e-14      1.000000000000085 -2.842170943040401e-14                      0 -7.105427357601002e-15 -7.105427357601002e-15  3.552713678800501e-15 -2.842170943040401e-14 -2.131628207280301e-14   -1.4210854715202e-14
-1.821459649775647e-16  1.734723475976807e-16                      1 -1.387778780781446e-16 -1.170938346284345e-17  1.647987302177967e-17  8.673617379884035e-19  2.775557561562891e-17 -8.673617379884035e-18 -1.734723475976807e-17
-5.684341886080801e-14 -5.684341886080801e-14 -5.684341886080801e-14     0.9999999999998863  7.105427357601002e-15 -3.552713678800501e-14 -2.842170943040401e-14    1.4210854715202e-14                      0 -5.684341886080801e-14
 2.081668171172169e-17 -8.326672684688674e-17 -6.245004513516506e-17  1.110223024625157e-16                      1 -6.245004513516506e-17  6.938893903907228e-18  2.081668171172169e-17 -6.938893903907228e-18  2.775557561562891e-17
-5.684341886080801e-14   1.13686837721616e-13  5.684341886080801e-14 -2.842170943040401e-13                      0     0.9999999999999574 -7.105427357601002e-15 -2.842170943040401e-14 -2.842170943040401e-14  5.684341886080801e-14
 2.081668171172169e-17 -8.326672684688674e-17 -1.387778780781446e-17  8.326672684688674e-17 -1.734723475976807e-18                      0                      1 -2.081668171172169e-17                      0  1.387778780781446e-17
 8.526512829121202e-14  -1.13686837721616e-13   -1.4210854715202e-13  5.115907697472721e-13 -7.105427357601002e-15   -1.4210854715202e-14   -1.4210854715202e-14     0.9999999999999432                      0  -1.13686837721616e-13
 3.469446951953614e-18                      0 -3.469446951953614e-18 -3.469446951953614e-17  3.469446951953614e-18  5.204170427930421e-18                      0                      0                      1 -6.938893903907228e-18
-8.526512829121202e-14  4.547473508864641e-13  2.273736754432321e-13  -1.13686837721616e-13 -4.973799150320701e-14 -2.842170943040401e-14 -2.842170943040401e-14                      0 -2.842170943040401e-14                      1
