5
2

0.000173650409092344
0.001402444909352438
0.004215016401260689
 0.06247369626354617
  0.5686140833942387

 -0.4384151663555274   0.8129482443742923  -0.3832349310719588 0.004400561508164649 0.004349315221327251
 -0.3636458760009497   0.1540299848836151   0.7366907894139547  -0.5485112920728979  0.02141223681493487
  0.3485225855239122   0.2792340169510058   0.1844160763035562  0.06094253913850687  -0.8734054550329333
 -0.6171818656681802  -0.2160872892848029   0.2530392150467496    0.679968964262708  -0.2144905391571297
  0.4161398453008665   0.4367202341459123    0.460846541538765   0.4827465298578384   0.4366684317677262

0.3989558969738242
0.3989894231175461
0.3990335091336915
0.3990855994657352
0.3991699641808453

-0.0001390134572124597
    0.3990407823552585

0
0
0
0
0

0
0

0
0
0
0
0

0
0

0
0
0
0
0

0
0

0
0
0
0
0

0
0

0
0
0
0
0

0
0

0
0
0
0
0

0
0

0
0
0
0
0

0
0

0
0
0
0
0

0
0

0
0
0
0
0

0
0

0
0
0
0
0

0
0

0
0
0
0
0

0
0

0
0
0
0
0

0
0

0
0
0
0
0

0
0

0
0
0
0
0

0
0

0
0
0
0
0

0
0

0
0
0
0
0

0
0

0
0
0
0
0

0
0

0
0
0
0
0

0
0

0
0
0
0
0

0
0

0
0
0
0
0

0
0

0
0
0
0
0

0
0

0
0
0
0
0

0
0

0
0
0
0
0

0
0

0
0
0
0
0

0
0

0
0
0
0
0

0
0

0
0
0
0
0

0
0

0
0
0
0
0

0
0

0
0
0
0
0

0
0

0
0
0
0
0

0
0

0
0
0
0
0

0
0

0
0
0
0
0

0
0

0
0
0
0
0

0
0

0
0
0
0
0

0
0

0
0
0
0
0

0
0

0
0
0
0
0

0
0

0
0
0
0
0

0
0

0
0
0
0
0

0
0

0
0
0
0
0

0
0

0
0
0
0
0

0
0

0
0
0
0
0

0
0

0
0
0
0
0

0
0

0
0
0
0
0

0
0

0
0
0
0
0

0
0

0
0
0
0
0

0
0

0
0
0
0
0

0
0

0
0
0
0
0

0
0

0
0
0
0
0

0
0

0
0
0
0
0

0
0

0
0
0
0
0

0
0

0
0
0
0
0

0
0

0
0
0
0
0

0
0

0
0
0
0
0

0
0

0
0
0
0
0

0
0

0
0
0
0
0

0
0

0
0
0
0
0

0
0

0
0
0
0
0

0
0

0
0
0
0
0

0
0

0
0
0
0
0

0
0

0
0
0
0
0

0
0

0
0
0
0
0

0
0

0
0
0
0
0

0
0

0
0
0
0
0

0
0

0
0
0
0
0

0
0

0
0
0
0
0

0
0

0
0
0
0
0

0
0

0
0
0
0
0

0
0

0
0
0
0
0

0
0

0
0
0
0
0

0
0

0
0
0
0
0

0
0

0
0
0
0
0

0
0

0
0
0
0
0

0
0

0
0
0
0
0

0
0

0
0
0
0
0

0
0

0
0
0
0
0

0
0

0
0
0
0
0

0
0

0
0
0
0
0

0
0

0
0
0
0
0

0
0

    2.509568839560911      5.14278834484758    -7.557573813321866   -0.1020262404866902  0.007456036854214906
     2.27682311195081   -0.3614798219483119   -0.9121578752341122 -0.002732923334308746 -0.000431269551692981

 1.802180806918428e-07 -1.107715858414581e-05  1.606460998905344e-05   -0.01812336074519193   -0.07714056028911576
-2.842062241831823e-08  -3.05673258329521e-06  9.319885247001703e-06   -0.00608737389297143     0.1188980457243081

cov:
0.05747954805320544 0.05928159324115075 0.06139668160792314 0.06331500780457869 0.05926374549011583
0.05928159324115075 0.06184913822138402 0.06485982755649711 0.06759107657320532 0.06183469878036464
0.06139668160792314 0.06485982755649711 0.06891854911348437 0.07260105281125394 0.06484972653769587
0.06331500780457869 0.06759107657320532 0.07260105281125394 0.07715353807959278 0.06758612370199807
0.05926374549011583 0.06183469878036464 0.06484972653769587 0.06758612370199807 0.06184392846088441

cov.inverse():
 6448278.061525902 -11842404.23189192  5439218.620887907  38521.69268788071 -84292.56571646499
-11842404.23192142  21933113.88918957  -10271231.3462194  76602.08140851244  105217.2162727358
 5439218.620941247 -10271231.34629256   5148417.40880391 -260696.3553888546 -56334.98131025481
 38521.69265994742  76602.08146003028 -260696.3554127371  153938.0472394184 -8369.374016760075
-84292.56571237324  105217.2162648714 -56334.98130618152 -8369.374017061158  43809.95894190753

cov*(cov_.inverse()):
     1.000000000094587 -1.455191522836685e-10  9.913492249324918e-11 -3.012701199622825e-12 -1.818989403545856e-12
-7.185008144006133e-11      1.000000000023647  4.320099833421409e-11 -4.433786671143025e-12  4.547473508864641e-13
 1.746229827404022e-10 -3.810782800428569e-10      1.000000000211912 -3.183231456205249e-12 -1.364242052659392e-12
 2.364686224609613e-11  2.728484105318785e-11  4.547473508864641e-11      1.000000000000909                      0
 5.184119800105691e-11  -1.13686837721616e-10  1.732587406877428e-10 -3.751665644813329e-12                      1
