5
2

0.0001736740918593377
 0.001401918995985048
 0.004212976949194936
  0.06247176245482598
   0.5686325146782381

 -0.4384248755028902   0.8129552807055843   -0.383209179068236 0.004399598061736259 0.004325358704730516
 -0.3636718399645506   0.1539816575541715   0.7366804867129644  -0.5485180033118932  0.02150122072702357
  0.3484026059182199   0.2792158578803178   0.1845790395265449  0.06104839208627314  -0.8734173119927792
 -0.6172372137518869  -0.2161484339376413   0.2530151040538956   0.6799633458111656  -0.2143158462176681
  0.4161253026508664   0.4367055299904486   0.4608324216700185   0.4827334520795045   0.4367263513352925

0.3989558791293976
 0.398989025146997
0.3990327352064568
0.3990835090558369
0.3990637608409536

-0.0001390134572124597
    0.3990407823552585

     2.498356820100697      5.164561496985363     -7.567483618977494    -0.1016916803727733   0.006467895189574871
     2.273027358747107    -0.3542006073236754     -0.915536424362524  -0.002664218697255666 -0.0006015903802949751

 1.810583501860122e-07 -1.106946049619692e-05  1.604179916117765e-05   -0.01812271913762369   -0.07714478236505436
-2.816210007654958e-08  -3.05456086468585e-06  9.307741585266781e-06  -0.006087325252217379     0.1189013228756248

cov:
 0.0574794352547694 0.05928153004438893 0.06139667558747136 0.06331515696589962 0.05927289471504439
0.05928153004438893 0.06184907357701321 0.06485983406673516 0.06759123216189772 0.06184469555840651
0.06139667558747136 0.06485983406673516 0.06891872936588168 0.07260145316420751 0.06486078753805437
0.06331515696589962 0.06759123216189772 0.07260145316420751  0.0771541984652135 0.06759823905174124
0.05927289471504439 0.06184469555840651 0.06486078753805437 0.06759823905174124 0.06186396590496698

cov.inverse():
 6446884.033262949 -11839556.31970296  5437343.597015395  38639.12596567765 -83959.16783335365
-11839556.31972424  21927521.49429291  -10267779.5521017  76528.03251188993  104535.6813589561
 5437343.597047537 -10267779.55214276  5146639.380037423 -260816.6462002489 -55989.48286977342
 38639.12594881168  76528.03254298183 -260816.6462146674  154057.0618729002 -8410.691595893637
-83959.16782734421  104535.6813476325 -55989.48286426543 -8410.691596088016  43847.74530544098

cov*(cov_.inverse()):
     1.000000000073669  6.821210263296962e-11  -9.00399754755199e-11  2.842170943040401e-12                      0
 5.729816621169448e-11     0.9999999999508873 -8.094502845779061e-11  3.524291969370097e-12  9.094947017729282e-13
 1.955413608811796e-10 -1.764419721439481e-10     0.9999999999718057 -1.932676241267473e-12 -9.094947017729282e-13
 1.091393642127514e-11  5.184119800105691e-11  -6.45741238258779e-11     0.9999999999994316  4.547473508864641e-13
 2.019078237935901e-10 -1.737134880386293e-10  9.140421752817929e-11 -2.046363078989089e-12     0.9999999999990905
