6
2

  0.14228883757125
0.1935958929727359
0.1942192612675865
0.1973733119545574
 5.615221745978711
 24.31925124659658

  -0.7208613218928659    0.5360841636546679    0.3368680276994084    0.1398431251380952  -0.05424247420195589   -0.2387348117378716
-0.008816742556562021   -0.4512920924432967    0.8321873808846673   -0.3058501658020383  -0.09625404431123151   0.03021109858574093
-0.007225004597260043   -0.2128665213915046    0.0501729929711382    0.6809088129714937   -0.6785132171588497    0.1676344735251869
 -0.04462113025220607   -0.4171299835697524   0.03552538026227511    0.5010346115226804    0.4957095972755737    -0.570951654804976
   -0.659152458491186   -0.4621400553064279   -0.2750953390526364  -0.05990479905696862    0.1915628760804651    0.4857800322529088
   0.2091793731661231    0.2758010278007979    0.3384187754473477    0.4106561797349324    0.4949630155512614    0.5933157933280405

102.4513268091242
130.0505844709904
155.8990635298641
185.7675454540748
220.5373802168861
261.0501916503467

 4.773087937767767
-3.073335614611427

-0.04612247838030422 0.003562164485719163 0.008497955284298683 0.009771616973720967    0.011211412882142  0.01315572919968376
   2.006528202651601 -0.07105790795418704  -0.1719624976126052  -0.2221396552672384  -0.2500079944763275  -0.2929249197930202

0.0007215279140912778 8.247781445051718e-05 4.727133367961985e-05 0.0001486679576264093     1.083738825593668     6.847504379608304
 -0.03016716505891821 -0.001708011480480757 -0.001460812065695461 -0.005219637589446244    -44.75297271783521    -27.69859864888598

cov:
 39.5885714748982 43.71849886638851 47.57937007767572 52.04600416102479 57.25270230736663 63.30972708975168
43.71849886638851 51.74359328448751 59.19866231003478 67.85054071019816   77.943387979542 89.70546996538863
47.57937007767572 59.19866231003478 70.14896304518159 82.70570105979492 97.40109989928369 114.5371601997163
52.04600416102479 67.85054071019816 82.70570105979492 99.88150999035278 119.8443868744583 143.1748068729331
57.25270230736663   77.943387979542 97.40109989928369 119.8443868744583 146.0769042300441 176.6027018974369
63.30972708975168 89.70546996538863 114.5371601997163 143.1748068729331 176.6027018974369 215.6515572554297

cov.inverse():
 25.73463382936377 -18.45275432323594 -12.23435714953865 -5.610070447870622  1.512278962017477  9.104952017035954
-18.45275432323845  25.30331018970675 -1.760055523857121 -1.820734499699045 -1.758754118607845 -1.524360384853236
-12.23435714954042 -1.760055523855408  24.18454318316046 -3.100913268007236 -3.491562778083405 -3.603017793592846
-5.610070447861614 -1.820734499708493  -3.10091326800959  22.19742408433544 -5.461572498100579 -6.213318331203007
 1.512278962013412 -1.758754118604505 -3.491562778080378 -5.461572498102058  18.90673701431037 -9.715114966765485
 9.104952017035266 -1.524360384851328 -3.603017793593569 -6.213318331204338 -9.715114966764659  11.96048431504354

cov*(cov_.inverse()):
                     1  7.105427357601002e-14 -2.842170943040401e-14  -1.13686837721616e-13                      0  2.273736754432321e-13
 -1.13686837721616e-13      1.000000000000057  2.842170943040401e-13  2.273736754432321e-13  -1.13686837721616e-13  2.273736754432321e-13
                     0   1.70530256582424e-13     0.9999999999998295                      0 -2.273736754432321e-13  2.273736754432321e-13
                     0  2.842170943040401e-14  2.273736754432321e-13      1.000000000000114 -4.547473508864641e-13  4.547473508864641e-13
-2.273736754432321e-13   1.70530256582424e-13  2.273736754432321e-13 -4.547473508864641e-13     0.9999999999997726                      0
 2.273736754432321e-13   1.70530256582424e-13  3.410605131648481e-13  4.547473508864641e-13                      0                      1
