5
2

0.0418478123010293
0.4236378987569129
 1.377132421088445
 7.229135440676764
 45.21232055643006

    -0.434382739087607     0.8162465557191605    -0.3808577781117158 -0.0003860785133020386 -0.0006324986513304244
   -0.5034573969496755     0.1068451673265056     0.8037811987151909    -0.1581082856184835    -0.2530855868799757
    0.1334976928962893     0.1045078907469673    0.07168986262941388    -0.8307969815258066     0.5252555624139278
   -0.7011679230938437    -0.4663572488552009    -0.2007066746998901     0.1187967036598996     0.4862906887808247
    0.2199640767376312     0.3064550337446051     0.4043025250612038     0.5202550717189751      0.650826586593828

9.377352605136968
15.02686793074591
21.41830243367311
28.90818004142164
37.42101660694921

 0.4220980852066014
0.04538632972745812

0
0
0
0
0

0
0

0
0
0
0
0

0
0

0
0
0
0
0

0
0

0
0
0
0
0

0
0

0
0
0
0
0

0
0

0
0
0
0
0

0
0

0
0
0
0
0

0
0

0
0
0
0
0

0
0

0
0
0
0
0

0
0

0
0
0
0
0

0
0

0
0
0
0
0

0
0

0
0
0
0
0

0
0

0
0
0
0
0

0
0

0
0
0
0
0

0
0

0
0
0
0
0

0
0

0
0
0
0
0

0
0

0
0
0
0
0

0
0

0
0
0
0
0

0
0

0
0
0
0
0

0
0

0
0
0
0
0

0
0

0
0
0
0
0

0
0

0
0
0
0
0

0
0

0
0
0
0
0

0
0

0
0
0
0
0

0
0

0
0
0
0
0

0
0

0
0
0
0
0

0
0

0
0
0
0
0

0
0

0
0
0
0
0

0
0

0
0
0
0
0

0
0

0
0
0
0
0

0
0

0
0
0
0
0

0
0

0
0
0
0
0

0
0

0
0
0
0
0

0
0

0
0
0
0
0

0
0

0
0
0
0
0

0
0

0
0
0
0
0

0
0

0
0
0
0
0

0
0

0
0
0
0
0

0
0

0
0
0
0
0

0
0

0
0
0
0
0

0
0

0
0
0
0
0

0
0

0
0
0
0
0

0
0

0
0
0
0
0

0
0

0
0
0
0
0

0
0

0
0
0
0
0

0
0

0
0
0
0
0

0
0

0
0
0
0
0

0
0

0
0
0
0
0

0
0

0
0
0
0
0

0
0

0
0
0
0
0

0
0

0
0
0
0
0

0
0

0
0
0
0
0

0
0

0
0
0
0
0

0
0

0
0
0
0
0

0
0

0
0
0
0
0

0
0

0
0
0
0
0

0
0

0
0
0
0
0

0
0

0
0
0
0
0

0
0

0
0
0
0
0

0
0

0
0
0
0
0

0
0

0
0
0
0
0

0
0

0
0
0
0
0

0
0

0
0
0
0
0

0
0

0
0
0
0
0

0
0

0
0
0
0
0

0
0

0
0
0
0
0

0
0

0
0
0
0
0

0
0

0
0
0
0
0

0
0

0
0
0
0
0

0
0

0
0
0
0
0

0
0

0
0
0
0
0

0
0

0
0
0
0
0

0
0

0
0
0
0
0

0
0

0
0
0
0
0

0
0

0
0
0
0
0

0
0

0
0
0
0
0

0
0

0
0
0
0
0

0
0

 -0.03515815502431222  0.000179636028661142   0.03493413624565554 1.999873684684983e-05 2.557871975853235e-05
    1.602793784012307    0.3287269825727792   -0.9316260851220045 2.932439093947942e-05 7.918196318359993e-05

 3.701702514280668e-06   0.008217815599592572  -0.004122058078231514      0.918282950663556      13.23084867069101
-0.0001279923211842355    -0.2729120997241106     0.3443139661902537     -56.96938714789253       156.797041231863

cov:
124.6774789211239 154.8996337137368 189.0911343341678 229.3785571077402 274.9744952884884
154.8996337137368 203.3660731939903 258.1924874072981 322.8462332279406  395.951994529024
189.0911343341678 258.1924874072981 336.3696524171797 428.5864133561499 532.8141219588342
229.3785571077402 322.8462332279406 428.5864133561499 555.3326420321403 694.3406590095638
274.9744952884884  395.951994529024 532.8141219588342 694.3406590095638 878.7461967664708

cov.inverse():
    109.1767712797041    -202.7503571763032      92.2220877280631    0.4792797093847971    0.8973770255449439
   -202.7503571763213     380.5232401926787    -177.0321526087905   -0.3208419608418274    -0.420774754889428
    92.22208772808956    -177.0321526088244      86.4319902685229   -0.6559080340691809   -0.9778130441595284
    0.479279709382234   -0.3208419608370138   -0.6559080340714244    0.5037247031520563 -0.005725385751167384
   0.8973770255390662   -0.4207747548783421   -0.9778130441647424 -0.005725385751160586    0.5073350838763349

cov*(cov_.inverse()):
    0.9999999999990905  4.547473508864641e-13 -2.842170943040401e-13  1.110223024625157e-15                      0
 6.650680006714538e-12     0.9999999999893703  6.252776074688882e-13                      0                      0
 7.389644451905042e-12 -6.707523425575346e-12      1.000000000004889  6.750155989720952e-14                      0
  1.13686837721616e-13  6.423306331271306e-12  9.094947017729282e-13      1.000000000000017                      0
 3.865352482534945e-12 -2.899014361901209e-12  3.183231456205249e-12  7.105427357601002e-15     0.9999999999999432
