5
2

0.04186179329932485
 0.4235991938929901
  1.377142022466912
  7.229107492159839
  45.21245665300619

  -0.4344026884503983    0.8162522460958402   -0.3808228021414017 -0.000400712913574952 -0.000638599165190973
  -0.5034383189102875    0.1068111353481858    0.8037984107500176   -0.1581213972584525   -0.2530750462277843
   0.1335122203555826    0.1044995939248955   0.07168016800489273   -0.8307954713121805    0.5252572324558862
  -0.7011660258774055   -0.4663564330138044   -0.2007081205838299    0.1187950246889246    0.4862940200977094
   0.2199655756950567    0.3064558114399215    0.4043022533840415    0.5202538708308911    0.6508268425148912

9.377528087472196
15.02688788954556
21.41830492052292
28.90823276338618
37.42115246723893

 0.4220980852066014
0.04538632972745812

 -0.03516999822215186 0.0001979818364880783   0.03492981485510728 1.840739322954768e-05  2.49700073885013e-05
    1.603098846118816    0.3283458176360784   -0.9316511609887864 0.0001037211696017989 0.0001065444090588355

 3.745691009203076e-06   0.008217171483334033  -0.004121778619122407     0.9182765625715621      13.23089520425545
-0.0001289485143824266    -0.2729034648375095      0.344283213994064     -56.96917173976132      156.7971254362179

cov:
124.6790809751475 154.9015496222189 189.0933360840303 229.3810991442408  274.978441036705
154.9015496222189 203.3680717889086 258.1944630287691 322.8483507841351 395.9556713413456
189.0933360840303 258.1944630287691 336.3712104391593  428.587754470956 532.8171769806851
229.3810991442408 322.8483507841351  428.587754470956 555.3334055873269  694.343441435828
 274.978441036705 395.9556713413456 532.8171769806851  694.343441435828   878.75217177947

cov.inverse():
    109.1148567435784     -202.625792222875     92.15428712036007    0.4829434572762195    0.8988685120477056
   -202.6257922229239     380.2744286071793    -176.8985994413495   -0.3275302258003844   -0.4233973985277953
    92.15428712043476     -176.898599441447        86.36228244944   -0.6529901267595905   -0.9767789532596813
    0.482943457262542   -0.3275302257746224   -0.6529901267716727    0.5037733745990705 -0.005665956108867082
   0.8988685120352179   -0.4233973985042661   -0.9767789532707252 -0.005665956108864902     0.507373838984844

cov*(cov_.inverse()):
    0.9999999999944862  8.029132914089132e-12 -5.627498467219993e-12 -4.440892098500626e-15  2.842170943040401e-14
 3.126388037344441e-12      1.000000000007191  3.410605131648481e-13 -6.128431095930864e-14                      0
 7.332801033044234e-12 -9.549694368615746e-12      1.000000000010004 -5.417888360170764e-14                      0
 4.888534022029489e-12  -1.70530256582424e-12  8.526512829121202e-12     0.9999999999999782  5.684341886080801e-14
-9.094947017729282e-13  7.560174708487466e-12  5.684341886080801e-13 -2.220446049250313e-14      1.000000000000057
