5
1

0.001015779428205167
0.002030242977173476
0.002626493790812668
 0.06212962667933666
  0.5425652251120398

-0.09690891157023539   0.1362130297663169    0.559279395108647  -0.7892866797855088   0.1904934872908425
 -0.6442927917809415   0.3849176540295636    0.384189686101488   0.3120892487396764  -0.4378627456062486
  0.1442987851373399  -0.7436750537029816   0.5818468865671568    0.217902560309839  -0.2002447250498203
 -0.6125994628257168  -0.2999919540676235 -0.04718582612479373   0.1617458119769065   0.7115746733556393
  0.4235507290407185    0.436161268492302   0.4459064270731845    0.453854166503537   0.4749231323471922

0.3964073763503168
0.3961461414083345
0.3957882129560724
0.3954362810922672
0.3946753815310632

0.007254527919578102

0
0
0
0
0

0

0
0
0
0
0

0

0
0
0
0
0

0

0
0
0
0
0

0

0
0
0
0
0

0

0
0
0
0
0

0

0
0
0
0
0

0

0
0
0
0
0

0

0
0
0
0
0

0

0
0
0
0
0

0

0
0
0
0
0

0

0
0
0
0
0

0

0
0
0
0
0

0

0
0
0
0
0

0

0
0
0
0
0

0

0
0
0
0
0

0

0
0
0
0
0

0

0
0
0
0
0

0

0
0
0
0
0

0

0
0
0
0
0

0

0
0
0
0
0

0

0
0
0
0
0

0

0
0
0
0
0

0

0
0
0
0
0

0

0
0
0
0
0

0

0
0
0
0
0

0

0
0
0
0
0

0

0
0
0
0
0

0

0
0
0
0
0

0

0
0
0
0
0

0

0
0
0
0
0

0

0
0
0
0
0

0

0
0
0
0
0

0

0
0
0
0
0

0

0
0
0
0
0

0

0
0
0
0
0

0

0
0
0
0
0

0

0
0
0
0
0

0

0
0
0
0
0

0

0
0
0
0
0

0

0
0
0
0
0

0

0
0
0
0
0

0

0
0
0
0
0

0

0
0
0
0
0

0

0
0
0
0
0

0

0
0
0
0
0

0

0
0
0
0
0

0

0
0
0
0
0

0

0
0
0
0
0

0

0
0
0
0
0

0

0
0
0
0
0

0

0
0
0
0
0

0

0
0
0
0
0

0

0
0
0
0
0

0

0
0
0
0
0

0

0
0
0
0
0

0

0
0
0
0
0

0

0
0
0
0
0

0

0
0
0
0
0

0

0
0
0
0
0

0

0
0
0
0
0

0

0
0
0
0
0

0

0
0
0
0
0

0

0
0
0
0
0

0

0
0
0
0
0

0

0
0
0
0
0

0

0
0
0
0
0

0

0
0
0
0
0

0

0
0
0
0
0

0

0
0
0
0
0

0

0
0
0
0
0

0

0
0
0
0
0

0

0
0
0
0
0

0

0
0
0
0
0

0

0
0
0
0
0

0

0
0
0
0
0

0

0
0
0
0
0

0

 5.415013684005535 -5.807271777049523  6.336898763461206 -3.277844945634647 -2.663636177872566

 4.445091919240446e-06 -1.296859965008762e-05  5.937054858989273e-05   -0.01659709685777018   -0.04898320852513843

cov:
0.05426030273530737 0.05508977006317427 0.05570830269056276 0.05620516109054619 0.05753341863423595
0.05508977006317427 0.05635313399300846 0.05730488154796027 0.05808495951979037  0.0601545207767363
0.05570830269056276 0.05730488154796027 0.05854359289041593 0.05954644143513531 0.06220960367026501
0.05620516109054619 0.05808495951979037 0.05954644143513531 0.06073919873764748  0.0638949982203441
0.05753341863423595  0.0601545207767363 0.06220960367026501  0.0638949982203441 0.06835293781983909

cov.inverse():
 112927.5444445691 -88467.46408055285 -100402.1833639501  29881.20481846503  46250.10750186958
-88467.46408053167  134121.4046680174  46989.34027182455 -98555.18189717599  5790.852189539333
-100402.1833639575  46989.34027219049  388036.8728418301 -380357.0910880707  45545.30193003597
 29881.20481843577 -98555.18189762949 -380357.0910874147  634289.1429399921 -185166.4069212302
 46250.10750188495  5790.852189648183  45545.30192973837 -185166.4069210568  87627.24053269361

cov*(cov_.inverse()):
                     1  1.818989403545856e-12 -9.094947017729282e-13 -3.637978807091713e-12 -1.818989403545856e-12
 9.094947017729282e-13      1.000000000000568 -4.547473508864641e-13                      0 -2.728484105318785e-12
 1.818989403545856e-12                      0      1.000000000001819 -3.637978807091713e-12 -9.094947017729282e-13
 1.364242052659392e-12 -5.115907697472721e-13  1.364242052659392e-12                      1 -9.094947017729282e-13
 1.364242052659392e-12                      0  9.094947017729282e-13 -1.818989403545856e-12      1.000000000000909
