5
1

0.001139393347048324
0.002244470276491773
0.002926907253564086
 0.06841294660399705
  0.5506070709182804

-0.09702605362494486   0.1361920653393878   0.5592704594567219  -0.7892626212564956   0.1905747468133022
 -0.6442361641753747   0.3833331444106547   0.3852378112026418   0.3125415730505766  -0.4380925234464844
  0.1455979880081896   -0.744393946349084   0.5811131287325835   0.2172681187647687  -0.1994516851516929
  -0.616098908429814  -0.3040325130433288 -0.05127110158936235   0.1577627471391521   0.7074380225864818
  0.4180539087320295   0.4335312046280257   0.4455190094208169   0.4552886556745328    0.481151406800828

0.3943063935027594
0.3939694584321752
0.3935209377237397
0.3930943320705276
0.3921821775134887

0.008901984904855231

 5.442449500059474 -5.836392172218051  6.299139274903435 -3.237670671514087  -2.66396724811437

 5.514411716679771e-06 -1.592743363688444e-05  7.389184839316722e-05   -0.02011125972838924   -0.06199208612539838

cov:
0.05476325001023111 0.05582051973145552 0.05661260608319897  0.0572480102344843 0.05894265002451505
0.05582051973145552 0.05741838395860373 0.05862592833474453 0.05961447275524491 0.06223289602658499
0.05661260608319897 0.05862592833474453 0.06019134276049939 0.06145780878366052 0.06481629433436939
 0.0572480102344843 0.05961447275524491 0.06145780878366052 0.06296124034922362 0.06693395930579946
0.05894265002451505 0.06223289602658499 0.06481629433436939 0.06693395930579946 0.07252916337978427

cov.inverse():
 92195.45304454556  -71811.8498984219 -81180.84483764734  22691.14328595845   38299.7460346901
-71811.84989834978  108159.7451727471  37494.84128666011 -77905.40877645438  3942.239771400344
-81180.84483750578  37494.84128680472  309812.9051610423 -301375.8611064709  35061.16190596954
 22691.14328562962  -77905.4087764803 -301375.8611058646  504745.9229573071 -148075.2425764223
 38299.74603480506  3942.239771353646  35061.16190564929   -148075.24257617  70825.33297330364

cov*(cov_.inverse()):
     1.000000000000455 -4.831690603168681e-13  4.547473508864641e-12  3.637978807091713e-12 -1.818989403545856e-12
 2.273736754432321e-12      1.000000000001194  4.547473508864641e-12  3.637978807091713e-12                      0
                     0  6.821210263296962e-13      1.000000000005457                      0  2.728484105318785e-12
 1.364242052659392e-12   1.13686837721616e-13  2.273736754432321e-12      0.999999999998181  9.094947017729282e-13
 1.364242052659392e-12  3.979039320256561e-13 -1.364242052659392e-12  3.637978807091713e-12                      1
