5
2

0.6165702045403614
 2.737491111659596
 3.714337322292955
 5.251341375312715
 18.76269528490669

  0.5191713311054531  -0.8316823932812784  0.05776416935933965   0.1238791668541127   0.1417137199493197
  0.3407960298044796    0.195299239572746  -0.7890149027610243  -0.2246065442064742   0.4156003568483169
-0.08481299445830272 -0.02584522756785288   -0.461377786333732   0.8068266118421878  -0.3581900848488455
 -0.7353877258571868  -0.3640587443106409  -0.1398233654353602  0.07485107036824991   0.5491018731461513
   0.257547750247032   0.3700754769383648    0.376428942451762   0.5269098480832748   0.6143130805941242

85.33767408496497
129.0674042420172
154.8736151298534
180.5642805068146
214.6449788757382

 2.437766379587178
-1.182998393006633

0
0
0
0
0

0
0

0
0
0
0
0

0
0

0
0
0
0
0

0
0

0
0
0
0
0

0
0

0
0
0
0
0

0
0

0
0
0
0
0

0
0

0
0
0
0
0

0
0

0
0
0
0
0

0
0

0
0
0
0
0

0
0

0
0
0
0
0

0
0

0
0
0
0
0

0
0

0
0
0
0
0

0
0

0
0
0
0
0

0
0

0
0
0
0
0

0
0

0
0
0
0
0

0
0

0
0
0
0
0

0
0

0
0
0
0
0

0
0

0
0
0
0
0

0
0

0
0
0
0
0

0
0

0
0
0
0
0

0
0

0
0
0
0
0

0
0

0
0
0
0
0

0
0

0
0
0
0
0

0
0

0
0
0
0
0

0
0

0
0
0
0
0

0
0

0
0
0
0
0

0
0

0
0
0
0
0

0
0

0
0
0
0
0

0
0

0
0
0
0
0

0
0

0
0
0
0
0

0
0

0
0
0
0
0

0
0

0
0
0
0
0

0
0

0
0
0
0
0

0
0

0
0
0
0
0

0
0

0
0
0
0
0

0
0

0
0
0
0
0

0
0

0
0
0
0
0

0
0

0
0
0
0
0

0
0

0
0
0
0
0

0
0

0
0
0
0
0

0
0

0
0
0
0
0

0
0

0
0
0
0
0

0
0

0
0
0
0
0

0
0

0
0
0
0
0

0
0

0
0
0
0
0

0
0

0
0
0
0
0

0
0

0
0
0
0
0

0
0

0
0
0
0
0

0
0

0
0
0
0
0

0
0

0
0
0
0
0

0
0

0
0
0
0
0

0
0

0
0
0
0
0

0
0

0
0
0
0
0

0
0

0
0
0
0
0

0
0

0
0
0
0
0

0
0

0
0
0
0
0

0
0

0
0
0
0
0

0
0

0
0
0
0
0

0
0

0
0
0
0
0

0
0

0
0
0
0
0

0
0

0
0
0
0
0

0
0

0
0
0
0
0

0
0

0
0
0
0
0

0
0

0
0
0
0
0

0
0

0
0
0
0
0

0
0

0
0
0
0
0

0
0

0
0
0
0
0

0
0

0
0
0
0
0

0
0

0
0
0
0
0

0
0

0
0
0
0
0

0
0

0
0
0
0
0

0
0

0
0
0
0
0

0
0

0
0
0
0
0

0
0

0
0
0
0
0

0
0

0
0
0
0
0

0
0

0
0
0
0
0

0
0

0
0
0
0
0

0
0

  -0.05627738406854453     0.0559927857832833  1.890694527669802e-06  0.0001535600780132231 -3.348042044000726e-05
     3.002251745047174     -1.992114453491453  2.639189823799674e-05   -0.00552045972646795   0.001228558247470944

-0.02880517758505368 -0.06215148767041012  0.04774794574655002   0.5789395372595468    2.213795516392414
   1.222203491618737    4.764794996506097   -2.870315018695099   -40.87717904002353    11.91522466778011

cov:
39.33636802178913 41.30134121729121 35.50136178654443 44.76204026178553   46.070771376307
41.30134121729121 52.42673287947246 49.43674952839505  67.2392456647386 75.21171895475334
35.50136178654443 49.43674952839505  58.0259259856433 65.73126420000366 79.11577517067859
44.76204026178553  67.2392456647386 65.73126420000366 107.2572726804251 110.4040528902621
  46.070771376307 75.21171895475334 79.11577517067859 110.4040528902621 144.2393391743219

cov.inverse():
   0.744835246714346   -1.116783754512817  0.04984536583232413   0.1523930817091124    0.200442702172294
  -1.116783754512818    1.829824550568484  -0.1438287960557537  -0.2788126171329676  -0.3051316751354691
 0.04984536583232479  -0.1438287960557546   0.1083920141758477   0.0156734369766164 -0.01237341120579062
  0.1523930817091123  -0.2788126171329672  0.01567343697661629  0.09527553125649026    0.015185097759373
  0.2004427021722942  -0.3051316751354693 -0.01237341120579078  0.01518509775937314  0.09718127975194266

cov*(cov_.inverse()):
     1.000000000000002   1.06581410364015e-14 -1.665334536937735e-15 -2.109423746787797e-15 -8.881784197001252e-16
  1.06581410364015e-14     0.9999999999999858  7.771561172376096e-16  2.886579864025407e-15  5.329070518200751e-15
 7.105427357601002e-15   1.06581410364015e-14      0.999999999999999 -8.881784197001252e-16                      0
 7.105427357601002e-15    1.4210854715202e-14                      0     0.9999999999999982                      0
 3.552713678800501e-15  7.105427357601002e-15 -8.881784197001252e-16   1.77635683940025e-15      1.000000000000002
