6
2

0.03656803306754666
 0.3213583666787029
  1.325027885241394
   1.46793741366089
  6.135185113826638
  10.94052226203759

    0.4327771084278466     -0.815864719554827      0.383495251509365 -0.0001817113360297272  -0.000303139648059694  3.104301205988164e-05
    0.5402348066569556   -0.09372156668751409    -0.8088916455588827    0.09766388921318629      0.148825599846763     0.1156271288798955
   -0.1437493599553285    -0.1129398372227828   -0.07802016486463317     0.8522612375114575    -0.4789172733738832   -0.06915632186998405
    0.1539116934378251     0.0958945664273952    0.02960459103372493    -0.2805905993996859    -0.6687739184718134     0.6635128879252533
   -0.3784453915581499    -0.2041159050748153  -0.006720496849593717      0.243276860459037     0.4922649817274833     0.7166325242102936
    0.5773012435817944     0.5118266795670614     0.4377407392522747      0.355243296142099     0.2427050224808441     0.1674402641236926

26.59328112834659
43.42227321213024
62.46111497739886
84.81083431016609
110.0539757944126
130.0973467517072

 1.257343497939311
-1.204548262853302

0
0
0
0
0
0

0
0

0
0
0
0
0
0

0
0

0
0
0
0
0
0

0
0

0
0
0
0
0
0

0
0

0
0
0
0
0
0

0
0

0
0
0
0
0
0

0
0

0
0
0
0
0
0

0
0

0
0
0
0
0
0

0
0

0
0
0
0
0
0

0
0

0
0
0
0
0
0

0
0

0
0
0
0
0
0

0
0

0
0
0
0
0
0

0
0

0
0
0
0
0
0

0
0

0
0
0
0
0
0

0
0

0
0
0
0
0
0

0
0

0
0
0
0
0
0

0
0

0
0
0
0
0
0

0
0

0
0
0
0
0
0

0
0

0
0
0
0
0
0

0
0

0
0
0
0
0
0

0
0

0
0
0
0
0
0

0
0

0
0
0
0
0
0

0
0

0
0
0
0
0
0

0
0

0
0
0
0
0
0

0
0

0
0
0
0
0
0

0
0

0
0
0
0
0
0

0
0

0
0
0
0
0
0

0
0

0
0
0
0
0
0

0
0

0
0
0
0
0
0

0
0

0
0
0
0
0
0

0
0

0
0
0
0
0
0

0
0

0
0
0
0
0
0

0
0

0
0
0
0
0
0

0
0

0
0
0
0
0
0

0
0

0
0
0
0
0
0

0
0

0
0
0
0
0
0

0
0

0
0
0
0
0
0

0
0

0
0
0
0
0
0

0
0

0
0
0
0
0
0

0
0

0
0
0
0
0
0

0
0

0
0
0
0
0
0

0
0

0
0
0
0
0
0

0
0

0
0
0
0
0
0

0
0

0
0
0
0
0
0

0
0

0
0
0
0
0
0

0
0

0
0
0
0
0
0

0
0

0
0
0
0
0
0

0
0

0
0
0
0
0
0

0
0

0
0
0
0
0
0

0
0

0
0
0
0
0
0

0
0

0
0
0
0
0
0

0
0

0
0
0
0
0
0

0
0

0
0
0
0
0
0

0
0

0
0
0
0
0
0

0
0

0
0
0
0
0
0

0
0

0
0
0
0
0
0

0
0

0
0
0
0
0
0

0
0

0
0
0
0
0
0

0
0

0
0
0
0
0
0

0
0

0
0
0
0
0
0

0
0

0
0
0
0
0
0

0
0

0
0
0
0
0
0

0
0

0
0
0
0
0
0

0
0

0
0
0
0
0
0

0
0

0
0
0
0
0
0

0
0

0
0
0
0
0
0

0
0

0
0
0
0
0
0

0
0

0
0
0
0
0
0

0
0

0
0
0
0
0
0

0
0

0
0
0
0
0
0

0
0

0
0
0
0
0
0

0
0

0
0
0
0
0
0

0
0

0
0
0
0
0
0

0
0

0
0
0
0
0
0

0
0

0
0
0
0
0
0

0
0

0
0
0
0
0
0

0
0

0
0
0
0
0
0

0
0

 -0.03602591480101849  0.002250290477541068   0.03354048265197041 8.732548057983902e-05 5.371292137906292e-05 7.893308441512701e-05
      1.6065698256644    0.3030507918398026   -0.9012316697599896 -0.003892425035303237 -0.001327269905813361 -0.002478581808355321

-6.103795881848706e-06  -0.004830853321625204   0.004127581604701813  -0.009360880413930427     0.4913350974706647    -0.5873119330515161
 0.0001369597319248069     0.1618938234628708    -0.3465151783712034     0.5386787359032317      -25.1128450947397       82.1058231126617

cov:
45.40018881088553 38.32948049453162 30.32825888560262 20.77919037311864   9.6660566451209 1.605760242517806
38.32948049453162 32.96832802839357 26.89799067425019  19.6662875424149 11.04211029338163 4.901706541278648
30.32825888560262 26.89799067425019 23.01764004830819 18.40877005468587 12.60260601480752 8.633958197607669
20.77919037311864  19.6662875424149 18.40877005468587 18.77883875507085  14.5169759180435 13.17845987383584
  9.6660566451209 11.04211029338163 12.60260601480752  14.5169759180435  17.5406972097702 17.24652905337431
1.605760242517806 4.901706541278648 8.633958197607669 13.17845987383584 17.24652905337431 23.64497846260135

cov.inverse():
     142.9190659016042      -264.515442064325      119.8932726792653     0.3615391225065085     0.6680973771901517     0.6615749135046544
    -264.5154420643251      497.8749102191245     -233.2356188304255    -0.0448780306486788    0.04930217694450878   -0.09306875411476491
     119.8932726792655     -233.2356188304256      116.3220521382092    -0.8575556151971242     -1.239747365327483    -0.8840958162985658
    0.3615391225064969   -0.04487803064865596    -0.8575556151971361     0.5452586976713931 -0.0007069851227672545  -0.005495615391553331
    0.6680973771901787    0.04930217694445493     -1.239747365327456 -0.0007069851227677299     0.5596718156673529   -0.01072622402299661
    0.6615749135046332   -0.09306875411472404    -0.8840958162985858  -0.005495615391553448   -0.01072622402299613     0.3503714432284369

cov*(cov_.inverse()):
     1.000000000000169  1.053768183822967e-12 -1.368904989362818e-12  1.946359740045978e-15  3.795574965437254e-15 -2.331468351712829e-15
-1.299849117231133e-12     0.9999999999994145 -1.543654093438818e-12  -4.11823353196894e-15  9.228728892196614e-16  -5.10702591327572e-15
  4.39648317751562e-13  6.583622536027178e-14     0.9999999999995204  2.012279232133096e-16 -2.234323837058128e-15 -2.664535259100376e-15
 4.121147867408581e-13  6.461498003318411e-14  7.638334409421077e-14     0.9999999999999974 -5.551115123125783e-17  -1.77635683940025e-15
 1.154631945610163e-13 -6.139533326177116e-13 -1.012523398458143e-13 -5.967448757360216e-16     0.9999999999999979 -8.881784197001252e-16
 -1.70530256582424e-13 -3.823608096809039e-13  1.882938249764265e-13 -1.554312234475219e-15 -1.887379141862766e-15     0.9999999999999991
