6
2

0.03659187879703131
 0.3213221724480771
  1.324994796609873
  1.467645055398639
  6.134009257659587
  10.94031515093441

    0.4328103815822005    -0.8158701299663302     0.3834461991812991 -0.0001716193033635676  -0.000293642354305958  3.574620874579538e-05
    0.5402061018212575   -0.09367068955462304    -0.8089103503730105    0.09766968361440566     0.1488212957007072     0.1156722498332279
   -0.1437456194032209    -0.1129347584600784   -0.07802241822500008     0.8522499126074478     -0.478935253198233   -0.06918489136230646
    0.1538557489946218    0.09587954015771076    0.02964343180187904    -0.2805426414851279    -0.6686964721373458     0.6636246255912093
   -0.3784305773399116    -0.2040783667180758  -0.006655494476201111     0.2433835683696151     0.4923720008850171     0.7165418858359228
    0.5773287145878171     0.5118462731089065     0.4377471084900922     0.3552336623495798     0.2426684978723609     0.1673423505856837

26.59365613344605
43.42229663504396
62.46111773002332
  84.811088997401
110.0543341224683
 130.098037989325

 1.257343497939311
-1.204548262853302

 -0.03602338846842815  0.002241086923659966   0.03354912490367486 8.662970068785774e-05 5.287063904590712e-05 7.874055740973306e-05
    1.606175425467793     0.304002847328255   -0.9018758719591015 -0.003862529096321288  -0.00128901140818366 -0.002468494766070098

-6.099625006695956e-06  -0.004830225110143391   0.004126712867100917  -0.009349193905465817     0.4912175753569832    -0.5873729319055672
 0.0001356675209995978     0.1618795225190759    -0.3464704652054441     0.5381501929697802      -25.1043919535047      82.10796442783642

cov:
45.39991607653513 38.32938656835118 30.32804335635636 20.77881254840991 9.665321434680513  1.60458554886065
38.32938656835118 32.96834667749449 26.89786098092331 19.66600811445833 11.04129039897116  4.89948259131102
30.32804335635636 26.89786098092331 23.01739813474953 18.40841517044112 12.60159074403673  8.63051618213356
20.77881254840991 19.66600811445833 18.40841517044112  18.7783245143371 14.51572233389436 13.17349109012152
9.665321434680513 11.04129039897116 12.60159074403673 14.51572233389436 17.53817976062721 17.23924022442585
 1.60458554886065  4.89948259131102  8.63051618213356 13.17349109012152 17.23924022442585 23.62858013485495

cov.inverse():
     142.7584196005247      -264.193255842263      119.7244136910916     0.3649918410591595     0.6714025257883046     0.6634332079778831
    -264.1932558422623      497.2328748086573     -232.9026414562663   -0.05114940402697203    0.04331863952384868   -0.09590427242990673
     119.7244136910904     -232.9026414562647      116.1523827941058     -0.854834390829638     -1.237170539195603    -0.8833206478382962
    0.3649918410596552   -0.05114940402790364    -0.8548343908292027     0.5453014713035352 -0.0006788726197907755  -0.005468538552272797
    0.6714025257882932    0.04331863952387011     -1.237170539195613 -0.0006788726197907045     0.5597594917453452   -0.01070849683885221
    0.6634332079779126   -0.09590427242996255    -0.8833206478382696  -0.005468538552273286   -0.01070849683885205     0.3506560769323566

cov*(cov_.inverse()):
     1.000000000001306 -2.239819441030022e-12  -2.69340105774063e-13 -8.135853102331225e-16   -3.4555691641458e-15  3.441691376337985e-15
 2.202682480856311e-13      1.000000000001802 -1.541877736599417e-12 -5.793976409762536e-16 -1.873501354054952e-15  1.332267629550188e-15
 8.002487561498128e-13  6.149525333398742e-13      1.000000000000814 -2.615963001773025e-15 -2.609024107869118e-15  4.440892098500626e-16
 1.046274178406748e-12 -7.549516567451064e-14  4.867217739956686e-13      1.000000000000001 -1.415534356397075e-15   1.77635683940025e-15
 3.019806626980426e-14  1.147970607462412e-13 -2.557953848736361e-13 -2.359223927328458e-16     0.9999999999999989                      0
 9.237055564881302e-14 -2.144950883575802e-13  2.877698079828406e-13  3.885780586188048e-16 -1.165734175856414e-15      1.000000000000001
