5
1

 0.000444336210293179
0.0008168083412784286
 0.001383902596680656
  0.04339961362599173
   0.6010610483470474

-0.001438298350844669     0.191602582475736   -0.6415622407158336    0.6999374371896865   -0.2485394475621432
  -0.1149319199318414    0.6679374236280661   -0.4449655771950814   -0.4643943064769092    0.3563619159241909
   0.5677775367280333   -0.5080263983608757   -0.4362064424749857  -0.09279412820757416    0.4697350707250169
  -0.6919719027295825   -0.2533563364752354  -0.00417689787983909    0.2822214007128914    0.6142630439025314
   0.4308040618407429     0.441438323938978    0.4473365840913813    0.4540548897237138    0.4618053747098494

0.4028815836037557
0.4029675719104979
0.4029564995591908
 0.402930961266933
0.4028560154518721

0.0009297297487970925

-0.2588861357981135  -1.938375891418288   13.41339782886494   1.991408571499165  -13.21442552346028

-8.486507290527722e-07 -8.584803147998339e-06 -2.184332193140476e-05   -0.01307336840326975   -0.05967637527927886

cov:
 0.0679521919033079 0.06903439383936037  0.0696277863366809 0.07030051121996493 0.07107456827936172
0.06903439383936037 0.07052244384096078  0.0713435938770952 0.07227806939740726 0.07335545068593848
 0.0696277863366809  0.0713435938770952 0.07229523461960617 0.07337828415411422 0.07462764397694521
0.07030051121996493 0.07227806939740726 0.07337828415411422 0.07463271580419591 0.07608011149058219
0.07107456827936172 0.07335545068593848 0.07462764397694521 0.07608011149058219 0.07775810393179747

cov.inverse():
 188387.8428163624 -266975.1893311654 -47989.69473887055  47287.53750424647  79454.32249240187
-266975.1893280372  989437.3999618596 -952374.2667078417  238914.7269666758 -9114.052385401323
-47989.69474515498 -952374.2666951818  2480867.575707055 -1943583.076282664  462966.6042724182
 47287.53750777955  238914.7269553953   -1943583.0762743  2809175.136905909  -1151828.11838875
 79454.32249202525 -9114.052383655233  462966.6042704335 -1151828.118388135  618629.9056567552

cov*(cov_.inverse()):
     0.999999999998181 -1.182343112304807e-11   2.91038304567337e-11   2.91038304567337e-11                      0
-9.094947017729282e-13     0.9999999999930651 -2.182787284255028e-11  1.455191522836685e-11  7.275957614183426e-12
-5.456968210637569e-12 -5.343281372915953e-12     0.9999999999781721  4.365574568510056e-11  7.275957614183426e-12
-1.818989403545856e-12  2.046363078989089e-12  1.455191522836685e-11      1.000000000029104  7.275957614183426e-12
-1.818989403545856e-12 -2.842170943040401e-12                      0                      0                      1
