5
2

0.0001653679103495194
0.0002558827390412818
0.0006444054300148359
   0.1053842305335454
   0.5672795745862093

 -0.1206773298694525   0.4556476176744915  -0.7453128506667359   0.4679868870424003 -0.05761300851827528
 -0.3378003825331741   0.6906851398437217  0.08068709276213029  -0.6094270844906264   0.1758782559338984
  0.6316474954029239  -0.1220514959315144  -0.4813455479111371  -0.4348119316250721   0.4066570072120909
 -0.5584916288722083  -0.3543044949782868  -0.1174864596952435   0.1041295452826594   0.7334230667938891
   0.400545160558585   0.4182236761419411   0.4387502056831705   0.4579110439390153   0.5123165661181331

0.3994780284899259
0.3994382485894522
0.3993548345752752
0.3993277781218865
0.3990410095095692

0.001354474667078429
  0.3998381144187022

0.09377302937378315   1.837498724605226  -1.853516576512802   3.547470863695673  -3.625515958903121
  1.468986859346783 -0.1750124845694655 -0.3112099479785088  0.3323244833863945 -0.3150785927238434

 1.114763367178103e-07 -1.120734353020567e-07 -9.508088178740864e-07   -0.03082183702568795   -0.07728842405633091
 4.063900875104035e-09 -5.893862458121622e-08  3.431754707099444e-07   -0.01019879253301759     0.1188793151730478

cov:
0.05509365003234681 0.05610567685106002 0.05728255849073292 0.05837779651109552 0.06148755475821432
0.05610567685106002 0.05768162074160996 0.05951235624861748  0.0612191111129226  0.0660651958785685
0.05728255849073292 0.05951235624861748  0.0621016446265549 0.06451781227695061 0.07137821763151318
0.05837779651109552  0.0612191111129226 0.06451781227695061 0.06759764761634116 0.07634232156713669
0.06148755475821432  0.0660651958785685 0.07137821763151318 0.07634232156713669 0.09043789685188512

cov.inverse():
 3236123.325407156 -5759705.195365313  2140541.727955915  417555.5410999137 -34614.59241999999
-5759705.195064568  14913693.41496301 -11425766.03650489    1496732.8968916  775790.5140247507
 2140541.726942476  -11425766.0350448  20970415.66711808 -13001683.53926311  1315561.407546777
 417555.5419504396    1496732.8955347 -13001683.53881991  14136371.14112994 -3048753.067111004
 -34614.5925578121  775790.5142222771  1315561.407550226 -3048753.067174167  992095.9694220945

cov*(cov_.inverse()):
    0.9999999999959073 -7.275957614183426e-11   3.92901711165905e-10 -8.731149137020111e-11   2.91038304567337e-11
 3.410605131648481e-11      1.000000000050932  -2.91038304567337e-11  2.037268131971359e-10  -2.91038304567337e-11
 1.955413608811796e-11 -9.458744898438454e-11      1.000000000320142                      0                      0
-3.137756721116602e-11  1.673470251262188e-10 -1.164153218269348e-10      1.000000000087311                      0
 1.409716787748039e-11  -2.91038304567337e-11 -1.455191522836685e-11                      0                      1
