5
2

0.0003142917071112669
0.0004106517994613336
0.0005500741631069951
   0.1102582377384428
   0.5828338898499633

-0.4039692462453355  0.7070333391620895 -0.5510961100564398 0.08903476785855355  0.1589924306195544
 0.2146460076401078 -0.2431403671898315 -0.4345526707239903  0.7786673187837106 -0.3156755237134973
 0.4679826197547409 -0.2533373454625555 -0.5400657776333601 -0.2686479515180079  0.5941125238335978
-0.6521724745528275 -0.4639466102719504 0.07932998687251257  0.2895569786528461  0.5189297790154764
 0.3826215761496856   0.401945706989453  0.4577037938005196  0.4793068443379187  0.5028046978787262

 0.399970746854882
0.4000723637357709
0.4003074549359408
0.4003460653152857
0.4004089868490561

-0.000591027020127621
   0.4000857021937274

  0.3037130993919126     1.37939308471672    2.213790390756391  -0.5428275593170647   -3.354307888420305
   1.509047773207278  -0.2989765716948353   0.1159280089125855 -0.09260788426038732  -0.2333748513533621

-9.374797600478332e-08 -1.005086003787905e-07 -9.833655126395567e-07   -0.03112462349083487   -0.08928353845504793
-9.188773605969155e-08  5.864911428198647e-08  1.832341208259947e-07   -0.01196448550198247     0.1184018353870883

cov:
0.05490191301203007 0.05592107285588241 0.05886091559146858 0.06000206400264005 0.06123771667402735
0.05592107285588241  0.0574981028994281 0.06204704541897299  0.0638109700728467 0.06572563376445671
0.05886091559146858 0.06204704541897299 0.07124037230714869 0.07480178717270708 0.07867637353912467
0.06000206400264005  0.0638109700728467 0.07480178717270708  0.0790593240327427 0.08369240874745465
0.06123771667402735 0.06572563376445671 0.07867637353912467 0.08369240874745465 0.08915307989123894

cov.inverse():
 2649122.527238704 -3592768.784772919  865365.9036382588  211489.7311485924 -133177.0650189247
-3592768.784757859  5623428.146204199 -2865871.812961402  -260493.596483067  1095725.644274584
 865365.9036176204 -2865871.812933913  5158336.611837341 -2023765.111507713 -1133973.522260514
 211489.7311236219 -260493.5964588694 -2023765.111495293  3914255.329210756 -1841787.168791531
-133177.0649883752  1095725.644237956 -1133973.522266084 -1841787.168779883   2013387.82876973

cov*(cov_.inverse()):
     1.000000000004547   2.91038304567337e-11 -4.365574568510056e-11  -2.91038304567337e-11  1.455191522836685e-11
-1.637090463191271e-11                      1 -1.455191522836685e-11 -1.455191522836685e-11                      0
-4.729372449219227e-11  1.164153218269348e-10     0.9999999999417923                      0                      0
 -2.91038304567337e-11  1.455191522836685e-11                      0     0.9999999999708962   2.91038304567337e-11
-4.001776687800884e-11   2.91038304567337e-11 -1.455191522836685e-11                      0                      1
