5
2

0.0001120234346654414
0.0001334229416141033
 0.000251399192025143
  0.04378794508511096
   0.5483779339732272

-0.05440792273790235   0.3362618028835589  -0.7038255805598227   0.5980032437132673  -0.1760382075655289
  -0.395835556746537   0.7420866421679231 -0.08335770482967143  -0.4857882472703012   0.2228966114382931
  0.5515964637676074  -0.1509059822607298  -0.5433893689059451  -0.3573098582245816   0.5000263839564095
 -0.5934786312587444  -0.3506979769025375 -0.06306068168180055   0.2664220685643146   0.6706986469670653
  0.4288105005207108   0.4364329604324433   0.4454575056960914   0.4557969349610637   0.4684704797428193

0.3804604678648302
0.3795501167119272
0.3783323033919092
0.3769389849773415
0.3752321009640642

0.02847254020337558
 0.3862921713248791

  -1.452267555005267    2.877971471471251    6.292371559971945    2.474328465483057   -10.19294279029042
    2.36259319403358  -0.4010414832032381  0.06049852919823924 -0.02830658865530036  -0.9938669408745171

-1.354835878899274e-09 -2.292725584427067e-08 -6.721749960488081e-07   -0.01288748172130554   -0.06345857920297784
-1.856636546473883e-09 -2.573460017119558e-08  5.334197757436073e-08  -0.003718662854729449     0.1162358230619971

cov:
0.05597098137028565 0.05667760732639825 0.05751401591561814 0.05847237889851957 0.05964663596350886
0.05667760732639825 0.05751477705679447 0.05850576368427153 0.05964119228044956 0.06103266458677335
0.05751401591561814 0.05850576368427153  0.0596799121683555 0.06102509811605215 0.06267390595483568
0.05847237889851957 0.05964119228044956 0.06102509811605215 0.06261060741697584  0.0645542126198575
0.05964663596350886 0.06103266458677335 0.06267390595483568  0.0645542126198575 0.06685955814359537

cov.inverse():
 13851914.57706528 -19275743.90799523  162549.1176868929  5090710.381333186  170738.7586859884
-19275743.90929379  40305505.36503504 -21036683.68107706 -3373908.757775104  3380699.097536683
 162549.1213237178  -21036683.6897315  44536350.08327261  -28192272.3315919  4530276.379885172
  5090710.37801308 -3373908.746127934 -28192272.34208443  43773068.64622557 -17298069.19111583
 170738.7596678363  3380699.093245315  4530276.385360172  -17298069.1932813  9216588.788958695

cov*(cov_.inverse()):
     1.000000000034561  3.492459654808044e-10 -2.328306436538696e-10                      0  2.328306436538696e-10
 2.473825588822365e-10      1.000000000058208  1.746229827404022e-10 -2.328306436538696e-10  1.164153218269348e-10
 2.437445800751448e-10  1.164153218269348e-10     0.9999999995925464  2.328306436538696e-10  1.164153218269348e-10
 1.946318661794066e-10  3.492459654808044e-10 -5.820766091346741e-10      1.000000000698492                      0
 1.818989403545856e-11 -5.820766091346741e-11                      0                      0                      1
