5
2

0.0002555368708113772
0.0003958954628592611
0.0006611509631855439
  0.09209425374499962
   0.5787114835934373

  0.1125456001066258  -0.5681216481666499   0.7816496027455824   -0.177673918918106  -0.1484154905830408
 -0.1089813087566596   0.3337819295264604    0.155571272134147  -0.8147542293274838   0.4343798141521087
  0.5168963152043836  -0.5474665064398488  -0.3949918033947465 -0.09257942830003592   0.5181786838160003
 -0.7470607182721124  -0.2927486988226422  0.05695044330089765   0.2723635865380929   0.5279897785832064
  0.3875242505717691   0.4247423219673306   0.4533868106518249    0.471014490767541   0.4919396960629923

0.3998380543180853
0.3998811239038622
0.3997758532084089
 0.399721127089793
0.3996515636548472

0.0008807344200823167
   0.4001402229052164

 -0.4391610779898893    3.528753298372505    2.329444366938972   -1.343347021876456   -4.076289547623094
   1.245419108984634 -0.02539971909310573   0.3069933792358186  -0.1410747826259347  -0.3860122457613817

 3.985103828339406e-08  1.429295394677351e-07 -2.214831690999445e-06   -0.02621087988257895   -0.08481850873497547
 3.114200760972331e-08 -2.338156685898717e-08  1.527454455764525e-07  -0.009734205837826203     0.1187866522858989

cov:
0.05502823029574649 0.05697974950272014 0.05848168641404068 0.05940468937364395 0.06050090598852367
0.05697974950272014 0.06114627893112853  0.0643525681320289 0.06632515314164049 0.06866696884826769
0.05848168641404068  0.0643525681320289 0.06887096503138122  0.0716515177429497 0.07495224953099558
0.05940468937364395 0.06632515314164049  0.0716515177429497 0.07492994410087697 0.07882112722962524
0.06050090598852367 0.06866696884826769 0.07495224953099558 0.07882112722962524 0.08341357360953845

cov.inverse():
 881052.3969621666 -1858623.378934372  771947.6194734822  150796.0726629858  54864.43267696362
-1858623.378951569  6339335.067554452 -5974576.661667917 -73358.04559268994  1567318.047778178
 771947.6194985129 -5974576.661721398  9867921.010290369 -2851864.530479804 -1813651.606252105
 150796.0726720689  -73358.0455798996 -2851864.530526692  4738432.736500915 -1963960.599800525
 54864.43266004739  1567318.047801673 -1813651.606233669  -1963960.59982554   2155494.85340324

cov*(cov_.inverse()):
     1.000000000006821  5.820766091346741e-11  -1.01863406598568e-10  4.365574568510056e-11 -4.365574568510056e-11
-9.094947017729282e-12       1.00000000007276 -5.820766091346741e-11                      0  -2.91038304567337e-11
 1.637090463191271e-11  1.455191522836685e-11      1.000000000029104 -5.820766091346741e-11  -2.91038304567337e-11
 2.182787284255028e-11  5.820766091346741e-11  -2.91038304567337e-11      1.000000000029104   2.91038304567337e-11
 1.000444171950221e-11                      0                      0                      0                      1
