5
2

0.0001139478279424981
0.0002181450504363392
0.0004660726781721708
  0.06078588227243985
   0.5427356061599206

-0.01383069274079319   0.1462459833876248  -0.6217003627595566   0.7305458754877967   -0.241272060201136
 -0.1742085346776034   0.6439357351405373  -0.4758249173051696  -0.4022649924764616   0.4083768839612971
  0.5767343641963055  -0.5128557722717679  -0.4270889280659473 -0.09765717724837107   0.4608845335417238
 -0.6786911046155726  -0.3357461510414285  0.04998527813424385    0.289562741614422   0.5833590637121722
  0.4197808428865824   0.4338344848676707   0.4496396629630066   0.4594584791211289   0.4714803952862157

0.3824905463441533
0.3805318660158395
0.3783964120224586
0.3769945907117421
0.3752762454057382

0.02860663481615153
 0.3863998042130766

 0.9992494455619197  -1.969248211381337    8.56158345017646   2.946077672619628  -10.53825654280844
  1.566751307217315 -0.6098488604516588  0.7539084013887147  0.2648575181897709 -0.9757769280098776

-1.207161987030106e-08 -5.236809883061969e-07  -1.56725642822959e-06   -0.01804443304973149   -0.05897586735022729
-1.955978559823573e-09 -7.278000649091161e-08  9.097160079482576e-08  -0.004853048818819245     0.1159799864036104

cov:
0.05360854888042856 0.05448615182313252 0.05547320209711312 0.05608656224806602 0.05683639667224025
0.05448615182313252  0.0558567867902999 0.05739798141181841 0.05835549777262146 0.05952728186642012
0.05547320209711312 0.05739798141181841 0.05956259059784848 0.06090726554024538 0.06255372846822931
0.05608656224806602 0.05835549777262146 0.06090726554024538 0.06249246538014453 0.06443379893017941
0.05683639667224025 0.05952728186642012 0.06255372846822931 0.06443379893017941  0.0667367478238058

cov.inverse():
 2183848.193856612 -3874698.417621917  1270206.807695949  435107.4193393965 -14438.71800936001
-3874698.417706473  11571631.04412796 -12432874.83775063  3015691.245690132  1720287.405358456
 1270206.808236104 -12432874.83906081  35365516.55417109  -30765477.3597728  6562994.807968021
 435107.4186233225  3015691.247705311 -30765477.36155107  44548242.57367782 -17234328.40053941
-14438.71774888695  1720287.404568874  6562994.808976309 -17234328.40101859  8965840.959390607

cov*(cov_.inverse()):
    0.9999999999990905 -1.164153218269348e-10  5.820766091346741e-11                      0                      0
 8.640199666842818e-12     0.9999999997817213   2.91038304567337e-10                      0                      0
 -2.41016095969826e-11  -1.01863406598568e-10      1.000000000349246                      0                      0
-3.387867764104158e-11 -4.365574568510056e-11  2.328306436538696e-10                      1  3.492459654808044e-10
 1.057287590811029e-11  1.455191522836685e-11                      0                      0                      1
