5
2

0.0001278470394781223
0.0003507549206821072
0.0004888537754674196
  0.07758457652194831
   0.6068591919138525

 -0.1258392711287179   0.7156803169976279  -0.6834081772560384   0.0632891415913804  0.03023093647530319
  -0.611237737645389   0.4477300519684728    0.547306150219427  -0.3542695832871627 -0.02958494434650766
  0.2689520032449632 -0.02744334389658917  -0.1191721840154587  -0.7339033559172168   0.6116334993741988
 -0.6148177576818707  -0.3283339026465907  -0.1731763767326215   0.3269890340121193   0.6142345540503868
  0.4002709716048585   0.4228276193380896   0.4349910048383949   0.4742906099886808    0.496821091140095

0.4003071905224536
0.4000395091189144
0.3999641027095757
0.3994586728469085
  0.39918396235312

0.003522166105230172
  0.4011481882592889

   2.731022506244661   -1.990059403964027    2.775418486183829  -0.7029337020615269   -2.813455908845782
   2.479271086148633  -0.8939027664002102  -0.3356523203610236 -0.01761302965086248  -0.2319567904503485

-6.201571145972593e-08 -8.723321151409185e-08 -1.784074359800746e-07   -0.02085281634087411    -0.1002453154279067
-1.193956017987963e-08 -2.566697206688382e-07   1.43958143632094e-07  -0.007951037790061443     0.1269870719405571

cov:
0.06127974329298699 0.06354451813120375 0.06476331568755156 0.06870551862821871  0.0709637799935862
0.06354451813120375 0.06649087172228442 0.06807827379575802 0.07320939048590017  0.0761501026935795
0.06476331568755156 0.06807827379575802 0.06986510645356762 0.07563938089751976 0.07894926677711316
0.06870551862821871 0.07320939048590017 0.07563938089751976 0.08348848260741197  0.0879890262125415
 0.0709637799935862  0.0761501026935795 0.07894926677711316  0.0879890262125415 0.09317361960006695

cov.inverse():
 4308362.559730641 -7765311.441882594  2408316.006897224  446846.2229366109  602522.7337046891
-7765311.442536972  32969514.59054651 -27918414.69708128  1566189.309123312  1145762.385965115
 2408316.007722648 -27918414.69804665  31068699.62129858  -3856264.38447381 -1700644.114943189
 446846.2228212787  1566189.308969869 -3856264.384110116  3519044.919581676 -1676048.053957726
 602522.7336490081  1145762.386429638 -1700644.115446985 -1676048.053862803  1628489.143800483

cov*(cov_.inverse()):
     0.999999999992724   2.91038304567337e-11 -4.365574568510056e-11  1.455191522836685e-11 -1.455191522836685e-11
-7.275957614183426e-12     0.9999999997089617 -4.074536263942719e-10                      0                      0
 6.548361852765083e-11 -4.511093720793724e-10     0.9999999997671694 -8.731149137020111e-11                      0
 -1.01863406598568e-10  7.275957614183426e-11 -3.783497959375381e-10                      1  -2.91038304567337e-11
-5.093170329928398e-11  1.455191522836685e-11  8.731149137020111e-11  -2.91038304567337e-11                      1
