5
2

0.0001977923869193906
0.0003140147935324487
0.0005961120479774947
   0.1072834930096984
   0.5806338116632768

  0.1412745098729803  -0.6594808990310979   0.7167124896526756  -0.1758919075378845 -0.02262080263456301
-0.09165905054727345    0.292235138385845   0.1053278097043403  -0.8042184606179319   0.4983331841745927
  0.5544407059363442  -0.4615632504053676  -0.5245914115601727 -0.01976737438937861    0.451628133870218
 -0.7235696163931625  -0.3025360572058158 -0.04469838136070996   0.3015214902129765   0.5403756008245465
  0.3750768523201364   0.4184672838721475   0.4450114215385799   0.4806128861292677   0.5051520321338858

0.3967665968436402
0.3964313130009304
0.3961861910382374
0.3959007644805299
 0.395672251746912

0.002669706225203192
  0.3973077153811169

 0.7443152525967387   3.032338076823604  -1.893259711664818   1.074276677372121  -2.958586928856912
   1.43013820094677 -0.1653447115363409 -0.1680902108183908  0.1590399722321558 -0.2555282180306284

-1.319802308006743e-07 -1.695809419920138e-07  -4.80136291735637e-07   -0.03045664073356328   -0.09191580664073852
 6.588812579703938e-09 -4.460413180162932e-08  2.980938815780597e-07   -0.01228545535146809     0.1145500474489349

cov:
0.05345520500674253 0.05543538253176965   0.056644633615572 0.05826324947110241 0.05937714798793181
0.05543538253176965 0.06009102615358808  0.0629380284942775 0.06675502830404303 0.06938525571364434
  0.056644633615572  0.0629380284942775  0.0667878237054467 0.07195083574851542  0.0755094716344845
0.05826324947110241 0.06675502830404303 0.07195083574851542 0.07892101120928949 0.08372595168874343
0.05937714798793181 0.06938525571364434  0.0755094716344845 0.08372595168874343 0.08939079812061326

cov.inverse():
 1460486.781621316 -3373271.445575429  1671743.075119321  81533.73981356285  159712.5890438291
-3373271.445804289  12582566.78817339 -11088148.46398695  607246.2880859878  1271591.535597606
 1671743.075453711 -11088148.46453775  14017130.92623834 -4052207.898178452 -548831.7340676379
 81533.73980208171  607246.2882242639 -4052207.898352854  7351073.441544808 -3987778.718703656
  159712.588949762  1271591.535781343 -548831.7341097068  -3987778.71875127  3105583.421827774

cov*(cov_.inverse()):
    0.9999999999818101  1.455191522836685e-11 -3.274180926382542e-11  5.820766091346741e-11  -2.91038304567337e-11
 2.728484105318785e-11     0.9999999999417923 -1.164153218269348e-10  5.820766091346741e-11 -8.731149137020111e-11
 5.456968210637569e-12 -4.365574568510056e-11      1.000000000021828  5.820766091346741e-11 -5.820766091346741e-11
  -1.2732925824821e-11 -5.820766091346741e-11   2.91038304567337e-11                      1  -2.91038304567337e-11
 7.275957614183426e-12  -2.91038304567337e-11  -2.91038304567337e-11                      0                      1
