5
2

0.0003251686989942196
0.0003942987763554445
0.0005695979132666208
   0.1061238717260006
   0.5792394492182399

-0.2991969813203355  0.5987200500375373 -0.6820865322499556  0.2737471427271733    0.10879307157989
-0.2948304823990944  0.4129149127356974  0.2540057661719709 -0.7377791886589536  0.3657037066012793
 0.4969071953114189 -0.3118505390187799 -0.5036965023166456  -0.259782017458876  0.5784769809771249
-0.6532777761883646 -0.4573069449806261  0.0856620170701448  0.2926951812709034  0.5206630915507056
 0.3871272909563988  0.4057772491277738  0.4573739013761844  0.4770610075202477  0.4986974976182961

0.4005022660384017
0.4004484060078147
0.4002777208804558
0.4001649413706297
0.4000532872721171

0.001403300088833198
  0.4008657519624595

 0.3226894417142324  0.9086997745659059   3.746188212416223 -0.9791040570112993  -3.998886375599206
  1.494524586508703 -0.3533896064556743  0.3201934155564681  -0.120061151531505 -0.3413615452095146

-2.971983622282441e-07  7.642753779819081e-08 -1.320115913833193e-06   -0.03011652138245645   -0.08531113912869102
-1.001458088830293e-07 -8.418453992150568e-08  1.704242034648442e-07    -0.0112642970660624      0.118810151410835

cov:
0.05508983351986776 0.05607021899908411 0.05877720064764561  0.0598111553491693 0.06094432227273285
0.05607021899908411 0.05760020295707684 0.06182833154865826 0.06344233228573576 0.06521391612501934
0.05877720064764561 0.06182833154865826 0.07027016250917192 0.07349088042837817 0.07703100883659711
 0.0598111553491693 0.06344233228573576 0.07349088042837817 0.07732464001152869 0.08153911000681542
0.06094432227273285 0.06521391612501934 0.07703100883659711 0.08153911000681542 0.08649636233111209

cov.inverse():
 2166831.500697385 -2954827.983497967  676956.3253057551  226583.9087247536 -115406.6099011341
-2954827.983543064  4786660.257948279 -2703541.831451091 -159683.3507587422  1031258.643914591
 676956.3254420052 -2703541.831663612  5597069.014787089 -2567973.881428518  -1002419.75268829
 226583.9086582355 -159683.3505854634 -2567973.881638577  4417827.668431445 -1916930.829570081
-115406.6099257718  1031258.643908738 -1002419.752554499 -1916930.829673379  2003601.040127403

cov*(cov_.inverse()):
    0.9999999999899956 -5.820766091346741e-11  1.455191522836685e-11                      0  -2.91038304567337e-11
 2.728484105318785e-12     0.9999999999417923  5.093170329928398e-11  4.365574568510056e-11  -2.91038304567337e-11
 1.091393642127514e-11 -1.455191522836685e-11     0.9999999999708962  8.731149137020111e-11 -5.820766091346741e-11
-3.637978807091713e-12  -2.91038304567337e-11 -7.275957614183426e-11                      1                      0
-1.455191522836685e-11  1.455191522836685e-11                      0                      0                      1
