5
2

 0.000312456699777092
  0.00041041739430406
0.0004819952594687051
  0.08219448704409622
   0.6025496963593145

  0.2163717345183061  -0.8190023282725168   0.4938947768159348   0.1819863674973609  -0.0732623386521995
 -0.1274193063719964    0.112789198900217   0.5626790103440444  -0.7761451829150868   0.2281094108779389
  0.4508282143299224  -0.2955208212710446  -0.4889353432690209  -0.2885628665989762   0.6221696452592065
 -0.7652612868985138  -0.2075060703660563 -0.01714363624138068   0.2467254012676349   0.5569102850921464
  0.3848073242594833   0.4314191208699126   0.4473350048800256   0.4694013905734921    0.495332810624077

0.4005017274931935
0.4004871699352752
0.4004414896188582
0.4003711419407801
0.4002943347303193

0.0007378663567953717
   0.4007713297283578

 0.8512077447533188   3.037131439559633  0.3862090639457866 -0.9914452108323324  -3.283026644237848
   1.77326888912421 -0.2060340864839296 -0.2573273771985198 -0.1082754227201146 -0.2015619679618943

-2.003742541429777e-07  7.950873944684119e-08 -5.713021984156039e-07   -0.02270808890232739    -0.1020158449985306
   4.1043044099471e-08 -5.995212659101294e-08  2.072247469285998e-07  -0.009788100865423588     0.1189779995140065

cov:
0.05771812406223843 0.06134655179721406 0.06258598170418647 0.06430471349411578 0.06632400105733663
0.06134655179721406 0.06786575181196214 0.07009176346604862 0.07317817098567943 0.07680503419156018
0.06258598170418647 0.07009176346604862 0.07265477697248646 0.07620790070267895 0.08038353289231054
0.06430471349411578 0.07317817098567943 0.07620790070267895 0.08040852580909057 0.08534469367549032
0.06632400105733663 0.07680503419156018 0.08038353289231054 0.08534469367549032 0.09117539001842377

cov.inverse():
 1450866.505294523  -2473892.65564962 -279845.0107123865  430449.9319413372  872367.5478143524
-2473892.655671704  7321982.008045924 -3144518.786212634 -1679316.447307308 -24111.13684665805
-279845.0107221953 -3144518.786186788  5407181.152804044 -1064747.163338306 -918038.1883875462
 430449.9320139244 -1679316.447449312 -1064747.163316401  4273969.033223893 -1960415.456843084
 872367.5477736577 -24111.13675258683 -918038.1883934132 -1960415.456890591  2030154.848172226

cov*(cov_.inverse()):
      1.00000000003638  4.092726157978177e-12  3.637978807091713e-11  1.455191522836685e-11                      0
                     0      1.000000000019099 -4.365574568510056e-11                      0                      0
 1.455191522836685e-11 -3.819877747446299e-11      1.000000000043656  -2.91038304567337e-11  -2.91038304567337e-11
 1.455191522836685e-11  6.093614501878619e-11                      0     0.9999999999708962   2.91038304567337e-11
 1.455191522836685e-11  8.503775461576879e-11  1.455191522836685e-11                      0                      1
