6
2

0.0001646299280758939
0.0002888117727400165
0.0007215474080120581
  0.00164789712261875
   0.1116323304095037
     0.77302471513307

 -0.07704470158673597    0.5477834429776158   -0.7001474763679161    0.2728566162453311   -0.2751639419464648    0.2315707168798971
   0.3826877503865809   -0.5743096504777615  -0.03063708868720685    0.3494440328695869   -0.5065369414621254    0.3795906672917239
  -0.3885559676662482    0.3299448455713191    0.5793096799007107  -0.01822602705342484   -0.6240257556648685    0.1217399763838409
   0.1908254854156501   0.06491258958212889  -0.06952133255269172   -0.7723844583069893 -0.009772941985177138    0.5982186158257662
  -0.7405266273769491   -0.3405787048446907  -0.08339752271764563    0.1555634931700768    0.2905682030459034    0.4690857406999204
   0.3344314696825306    0.3755404443847222    0.4018293324664159    0.4269990573284415    0.4401949536707533    0.4577754494185205

0.3654013207972581
0.3498223460799122
0.3397500589615688
0.3299075651424867
0.3249807673730422
0.3182817172265648

0.09876823898661791
 0.3782091686986641

  9.279477967332772  -24.05623583120244   22.71602564059253  -11.19174870959121   10.19537436535789  -6.892953391973917
-0.9442137673541211  -39.48097575714413   60.89207676799067  -12.66425751085017   27.19091905787286  -34.11014855848508

 -1.00965387693019e-06  4.153257017965223e-07 -2.801282992426702e-06  8.285625462215135e-06   -0.03221470602981938    -0.1488619155596827
-2.250203564958853e-06 -8.924390554996948e-07  8.986718071325652e-07   -4.8515403676496e-05   -0.01249314695608787     0.1629179345314211

cov:
0.07366852614124948 0.07819288771700042 0.08107315837462235 0.08389777720510266  0.0852895453921414 0.08715570648180666
0.07819288771700042 0.08572087068678078 0.09052881939298173 0.09516274139766329 0.09755111524087259  0.1007388991947463
0.08107315837462235 0.09052881939298173 0.09657414734746488  0.1023694878277359   0.105397464919144  0.1094334624593349
0.08389777720510266 0.09516274139766329  0.1023694878277359   0.109256558238979  0.1128837285387542  0.1177143999352749
 0.0852895453921414 0.09755111524087259   0.105397464919144  0.1128837285387542  0.1168439255901867  0.1221145175947172
0.08715570648180666  0.1007388991947463  0.1094334624593349  0.1177143999352749  0.1221145175947172  0.1279683061054021

cov.inverse():
 2278188.486653285 -4433705.209210007  1412493.030796156  786895.4307241117 -1076729.453305261  1034403.207924043
-4433705.208374393   15236236.3620191 -13574380.22143238  3078741.463053039  -2469489.04019883  2158196.248223662
 1412493.029421109 -13574380.21928068  18744425.10703922 -7177514.987334891   6600202.76382411 -6001405.963365003
 786895.4313921458  3078741.461316897 -7177514.986199991  4431230.054276112 -4867619.946770058  3747149.221855578
-1076729.454013363 -2469489.038147418  6600202.762274974 -4867619.946606915  6617648.401173036 -4804223.150106889
  1034403.20850335  2158196.246592109 -6001405.962173296  3747149.221758675  -4804223.15014894  3866263.162033919

cov*(cov_.inverse()):
    0.9999999999854481 -8.731149137020111e-11  1.746229827404022e-10 -1.746229827404022e-10  1.164153218269348e-10  5.820766091346741e-11
-5.820766091346741e-11     0.9999999999417923                      0  5.820766091346741e-11 -5.820766091346741e-11  1.164153218269348e-10
-8.731149137020111e-11  1.164153218269348e-10      0.999999999650754 -5.820766091346741e-11 -1.164153218269348e-10                      0
-1.455191522836685e-11                      0  3.492459654808044e-10                      1  1.164153218269348e-10  5.820766091346741e-11
 -2.91038304567337e-11                      0  1.164153218269348e-10                      0     0.9999999998835847                      0
                     0  5.820766091346741e-11                      0                      0                      0      1.000000000058208
