5
2

0.0002551240579062811
 0.000381438268286892
0.0005673810937514453
   0.1124082647228963
   0.5823282629478267

 -0.3088585471755964   0.6832245505404705  -0.6283682478863478   0.2001574752425264  0.05386038923115109
  0.2519910127549363  -0.3229701491442071  -0.2684329859584173   0.7623857480058396   -0.422968693332656
  0.5437513183544083  -0.2624424243921269  -0.5767177006840749  -0.2122754507599867    0.507734482174832
 -0.6309122153429717  -0.4441936664854742 -0.02458671093597667   0.3172805991630505   0.5507905938061233
  0.3839156256864109   0.4033738425256582   0.4470897722613603   0.4826770252886438   0.5069831953010751

0.4004157804612055
0.4004190411825769
0.4004062696914178
0.4003057657161079
 0.400236045166165

0.0007786597325123035
   0.4007006518157702

  0.5953974015581484 -0.09734734080712934    3.753477340799207  -0.9766711163749633   -3.275337963400029
   1.540123959954226  -0.4415101124083055   0.2617327686405039 -0.08683812376607869    -0.27346216966342

-1.940196281442401e-07 -2.696269199668402e-08 -1.053030135125639e-06    -0.0320766815259605   -0.08969416486881567
-6.338984756284446e-08   7.41874054983688e-08  2.195364640028866e-07    -0.0121323996214197     0.1185673235165111

cov:
0.05501099438599142 0.05605552803373777  0.0584017060618514 0.06030947590170866 0.06161240356509715
0.05605552803373777   0.057669302078256  0.0612939081714239 0.06424293869860594 0.06625707221631533
 0.0584017060618514  0.0612939081714239 0.06779147162417182 0.07308053852692829 0.07669299368807375
0.06030947590170866 0.06424293869860594 0.07308053852692829 0.08027607523306458 0.08519044684418461
0.06161240356509715 0.06625707221631533 0.07669299368807375 0.08519044684418461  0.0909945129891048

cov.inverse():
  2820512.49637732 -4244687.790223313  1542713.396838296  12059.52123023029 -130564.2851744252
-4244687.790251136   8102631.02553739 -5529881.180126401   581731.411587176   1090329.38830396
 1542713.396784068 -5529881.180010595  7594755.705461213 -2958622.422382197 -649211.9901652281
 12059.52148238906  581731.4111610246 -2958622.422163144  4750356.443382556 -2385486.843395934
 -130564.285344538  1090329.388586488 -649211.9903227036 -2385486.843350872  2075004.760180683

cov*(cov_.inverse()):
     1.000000000024556                      0  1.091393642127514e-10  -2.91038304567337e-11                      0
-1.818989403545856e-11     0.9999999999708962   2.91038304567337e-11                      0                      0
-2.546585164964199e-11   2.91038304567337e-11      1.000000000007276   2.91038304567337e-11  -2.91038304567337e-11
 3.092281986027956e-11                      0 -4.365574568510056e-11      1.000000000058208   2.91038304567337e-11
  2.91038304567337e-11 -5.820766091346741e-11                      0                      0                      1
