5
2

0.0003419876049326483
 0.000436496821252325
0.0007820720497127485
  0.08458287890511215
   0.6027207972891617

 -0.04702768741807545 -0.001088017919132748    0.5370338467905661   -0.7875211904292211    0.2986506903715186
  -0.2881622144676653   -0.1224306901528558    0.7037242714193744    0.2799555884729319   -0.5730360220438426
   0.3956249032313001   -0.8736081397268869    0.1248251867735507    0.1425908522993971    0.2106567723421955
  -0.7839516393647943   -0.1867713078111744  -0.01132689669135615    0.2438943010527904    0.5393733188071778
   0.3790141129953806    0.4323596178034371    0.4479477328605299    0.4707639130840629    0.4971293894008713

0.3977392729516352
0.3978074584590943
0.3978597898191162
0.3978437566439371
0.3978491893503089

-9.907914755271547e-05
    0.3978393539294824

  3.646614071880268  -4.846620526283733   3.100505287036575  0.8314517741589152  -2.731993961803683
  1.998136088672311  -1.095749594292691  0.2070315859664792 0.07875844224717418 -0.1881946600434594

 3.293454727250207e-09  6.711896240198851e-07  3.429327057464689e-06   -0.02331901271196338     -0.105798528628521
-1.167461277150704e-08 -3.163734380185208e-08   1.06742631722096e-06   -0.01034814798435209     0.1161827712157761

cov:
0.05658167147386609 0.06057690602231471 0.06173935748382439 0.06344941339680016 0.06542238799721993
0.06057690602231471 0.06815829562484611  0.0703716483724824 0.07361422686913602 0.07736046294820154
0.06173935748382439  0.0703716483724824 0.07289425959102813 0.07658624817091778 0.08085263855092663
0.06344941339680016 0.07361422686913602 0.07658624817091778 0.08093360138509939 0.08595794398856892
0.06542238799721993 0.07736046294820154 0.08085263855092663 0.08595794398856892 0.09185971393560781

cov.inverse():
 710722.8555449349 -379449.7935621885 -1199531.017897839 -14545.61786640933  882789.4300326393
-379449.7935489023  1326472.344784632 -635484.5470656049 -376238.1236194693  64546.84681136041
-1199531.017930575 -635484.5470170217  5090634.928662885 -2553000.816030623 -702190.3242216466
-14545.61783804684 -376238.1236505011 -2553000.816057852  5747387.399422489 -2803831.804457155
 882789.4300237243  64546.84680709851 -702190.3241785667 -2803831.804487056  2558673.231676861

cov*(cov_.inverse()):
    0.9999999999854481 -4.547473508864641e-12 -2.182787284255028e-11                      0   2.91038304567337e-11
 -2.91038304567337e-11     0.9999999999836291 -6.548361852765083e-11                      0  5.820766091346741e-11
                     0  5.456968210637569e-12     0.9999999999708962                      0   2.91038304567337e-11
 -2.91038304567337e-11 -2.273736754432321e-11 -4.365574568510056e-11      1.000000000029104   2.91038304567337e-11
                     0 -1.818989403545856e-12 -3.637978807091713e-11  -2.91038304567337e-11                      1
