5
2

0.0001417543973624364
0.0003430583831956375
0.0004522705606878091
  0.08715372927946911
   0.5910501307089043

-0.1604531071982453   0.722647880816317 -0.6679749694672207 0.06404531766989326 0.04174300171217407
-0.3549753512699789  0.3651011916702844  0.4294367166644594 -0.6991995240875551  0.2596107696685144
 0.5200171210072287 -0.2504105477019012 -0.4019707526871057 -0.4320643610159561  0.5644613834293913
-0.6496862292046148 -0.3220917466968825 -0.1251421360695637  0.3085822860287007  0.6027280720365432
 0.3946356519910808  0.4219391241660455  0.4383520346819701  0.4744634690779401  0.4989609081644257

0.4001675775876367
0.4000816427240869
0.3999563208209466
0.3996980061029982
0.3995220418272505

0.002009361940331319
   0.400701869141437

  0.3465492243551641    1.794885469484857    1.897452612942001  -0.8734249096573407   -3.165802287160694
   2.154976952771562  -0.8318672757664125 0.001049352416878063 -0.08182273802188797  -0.2423797219137821

-4.301677908791377e-09  1.336896019464629e-07 -4.994187554747987e-07   -0.02444592053690928   -0.09368414917890236
-1.935039440625557e-08 -1.263913090353584e-07  2.509914615295492e-07  -0.009901778386720163     0.1188223119038417

cov:
0.05761149461767055 0.05975885850396161 0.06104964232834855 0.06388770970001054 0.06581347373921463
0.05975885850396161 0.06298201074557294 0.06491942513412322 0.06918110361333223 0.07207238570724156
0.06104964232834855 0.06491942513412322 0.06724562366778622 0.07236317085044705 0.07583492818377366
0.06388770970001054 0.06918110361333223 0.07236317085044705 0.07936532405106503 0.08411504218476293
0.06581347373921463 0.07207238570724156 0.07583492818377366 0.08411504218476293  0.0897319187882606

cov.inverse():
 3673977.913386374 -7508150.552207443  3016603.377507715  499084.8177654226  318600.4826303262
-7508150.552722879  27427656.02062855 -22197935.10756299  663081.2018720272  1615529.667343897
 3016603.378175804 -22197935.10827297  24561737.10609134   -3831239.1911848 -1549590.506743529
 499084.8177327537   663081.201434391 -3831239.190572542  5270779.306206848  -2601598.49047242
 318600.4825103257  1615529.667976121 -1549590.507397711 -2601598.490330453  2217097.020217631

cov*(cov_.inverse()):
      1.00000000001819  2.182787284255028e-10  -1.01863406598568e-10 -5.820766091346741e-11                      0
 1.055013854056597e-10     0.9999999998835847  3.346940502524376e-10                      0  -2.91038304567337e-11
 8.731149137020111e-11 -3.201421350240707e-10       1.00000000037835 -5.820766091346741e-11   2.91038304567337e-11
 2.546585164964199e-11 -3.492459654808044e-10  2.328306436538696e-10                      1                      0
 3.637978807091713e-11  5.820766091346741e-11  8.731149137020111e-11                      0                      1
