5
2

0.0001397635173432998
0.0002500302919255028
 0.000559675921536816
  0.07193432666216212
   0.5585817404844461

-0.04094142274777487    0.319536114163933  -0.7461255339722328   0.5730495018898815   -0.105505580832539
 -0.1547311427517175   0.5655836811365701   -0.276964307464432  -0.6010364544375828   0.4671395144093473
  0.5606636011611943  -0.5377854380702611  -0.4019510775699986 -0.09595951361594365   0.4750476312112784
 -0.7012493207580168  -0.3215167917196946  0.04677201433992081   0.2936494730409602   0.5625466277883527
  0.4102289480710947   0.4306106670983344   0.4503722569833776   0.4636067380336657   0.4780379547013955

0.4002386882203784
0.4004250863820801
 0.400432548945197
0.4004365817612382
0.4004425703296382

-0.0001270600802278345
    0.4004094742654818

-0.7865011632262531   2.896014276955506   7.598776690327021  -5.218650007575862  -4.489948436015031
  1.271395808159296 0.03919099095723741  0.5338599184409066 -0.4600789278363697 -0.3844055736234822

-1.412079835445491e-07  4.339872019232419e-08 -2.093956937257553e-06   -0.02112474233631159   -0.06835585938856541
-1.291084127801654e-08 -1.409502193948343e-08  1.060938667637397e-07  -0.006367509742585631     0.1191326979535678

cov:
0.05505275935604023 0.05628344236258614 0.05747650896676353 0.05827470723621413 0.05914621701894753
0.05628344236258614 0.05839030637726685 0.06043261897805514 0.06179997002668834 0.06329146798650814
0.05747650896676353 0.06043261897805514 0.06329870983235365 0.06521814703732046 0.06731105316401563
0.05827470723621413 0.06179997002668834 0.06521814703732046 0.06750768456316961 0.07000370815401027
0.05914621701894753 0.06329146798650814 0.06731105316401563 0.07000370815401027 0.07293904331226606

cov.inverse():
 1472413.028512249 -3032137.111526422  1529876.904282044  114759.6063039953 -84871.90050784271
-3032137.111607518  11267240.18350358 -14020824.28032758  4101056.162151894  1684784.616322581
 1529876.904545379 -14020824.28125887  30242270.80164528 -19102574.88220763  1350773.119212999
 114759.6060655041  4101056.163557076 -19102574.88403175  22619050.51474805 -7731832.132815379
-84871.90045159505  1684784.615767617  1350773.120369142 -7731832.133472824  4781024.034366492

cov*(cov_.inverse()):
    0.9999999999845386 -5.820766091346741e-11  3.637978807091713e-10 -1.746229827404022e-10  1.164153218269348e-10
-5.456968210637569e-12     0.9999999999417923 -8.731149137020111e-11                      0                      0
-1.364242052659392e-11  1.309672370553017e-10      1.000000000043656  5.820766091346741e-11 -5.820766091346741e-11
-1.818989403545856e-12 -8.731149137020111e-11  1.164153218269348e-10     0.9999999998835847  5.820766091346741e-11
 1.364242052659392e-11  -2.91038304567337e-11  2.473825588822365e-10                      0                      1
