5
2

0.0001271021960996369
0.0004538031965160273
0.0007314909210343993
     0.10328813479648
   0.6330014768090626

-0.04420446641952481   0.6864421674982143  -0.7231238735184308   0.0586396396736964  0.02227940833052217
-0.07319311247821715   0.2008232594685387   0.1461452556781912  -0.8060341006362557   0.5322249332720529
  0.6222335464281185  -0.4850306794669939  -0.4886504636534958 -0.02032033812420431   0.3719925562494691
 -0.6855094536350227  -0.2821591310905569  -0.1822736020834008   0.3268010221212718   0.5571718223701461
  0.3682267455126201   0.4166516936900575   0.4286379429602828   0.4895493816454591   0.5171279791499558

0.3978556194966874
 0.395565216846921
0.3950560475231322
0.3920939897380543
0.3907516420725847

0.01530784015453372
 0.4000106459828689

 0.7184524895042619  -3.613123343310839   6.449394573277663 -0.2066653447995641  -3.349952441889321
   1.38081514685302 -0.9409642246951453  0.8680622909205994 0.03082884293031635 -0.3387203528611827

-1.173242284117639e-07 -2.990180252901949e-07 -1.173929330979697e-06   -0.02755254646743989    -0.1241870602609053
-2.165429685749734e-08 -7.584569130168401e-08  4.092172003637859e-07   -0.01085978330293125     0.1315923445787042

cov:
0.05934360542235044 0.06353826746221054 0.06457628597160418 0.06984061627972755 0.07222503915989233
0.06353826746221054 0.07040888405376725 0.07210927862863949 0.08074578637039648 0.08465648420696414
0.06457628597160418 0.07210927862863949 0.07397371353245957 0.08344523901688361 0.08773386414987522
0.06984061627972755 0.08074578637039648 0.08344523901688361 0.09716852336261694  0.1033812363737979
0.07222503915989233 0.08465648420696414 0.08773386414987522  0.1033812363737979  0.1104653392322727

cov.inverse():
 870597.9504285458 -2513686.127492825  1358494.422285602  102371.1990462243  182424.9380987359
-2513686.127641926  29803181.75106081 -30140853.51827785  1724055.901046423  1128471.717474177
 1358494.422493304 -30140853.51921992  32918222.59654205 -3178267.202270812 -959290.0371158102
 102371.1989227094  1724055.903266314 -3178267.204582913  3368432.943369704 -2016355.319367568
  182424.938163627  1128471.716047376 -959290.0355381476 -2016355.319583403  1664851.912225339

cov*(cov_.inverse()):
     0.999999999994543  4.220055416226387e-10   2.91038304567337e-11  -2.91038304567337e-11   2.91038304567337e-11
   1.2732925824821e-11       1.00000000007276  8.731149137020111e-11  -2.91038304567337e-11   2.91038304567337e-11
-1.455191522836685e-11  8.294591680169106e-10      1.000000000043656   2.91038304567337e-11                      0
 7.275957614183426e-12 -5.820766091346741e-11   1.01863406598568e-10                      1  5.820766091346741e-11
 1.091393642127514e-11 -2.037268131971359e-10   2.91038304567337e-11                      0      1.000000000029104
