5
2

                  nan
6.283036710484264e-09
 0.003735762564720627
  0.04440563991487006
   0.8265019102161514

   0.3259193985319119   -0.6066548291958502   0.02751951533241482    0.6208046987528092   -0.3736183429065722
  -0.4317078490600126    0.5468504346745395   -0.2715107524945422    0.5436658770807483   -0.3811722189957084
   0.2989853815040434 -0.009770635072575135   -0.8400370828152561    0.1313848358584911    0.4331143044726559
  -0.7076544791940019   -0.4322871788320162    0.0490256927152478     0.247141672739089    0.4988691292750413
   0.3423999977279817    0.3820429949853226    0.4663247457563681    0.4905995909156641    0.5278812976675387

0.5775383235408654
0.5981613266049782
0.6410397074861021
0.6497465716100193
 0.669229834973106

-0.2187139056334903
 0.5342502407729626

-5.996018710760262   38.0014031315889   -47.944663484254 -26.93061061870024  43.18411304303548
 3.362623940814988 -10.09258662171142   17.1124165417634   6.09732620655249 -15.29133347022425

  9.71327346675382e-16  2.086440527704827e-16  0.0007435248899708732  0.0006953067759905263    -0.2108820560978629
-2.821058158166248e-16 -9.764413835620432e-17 -0.0002664587030678546  -0.006505568930268859     0.1330965923281491

cov:
0.08107445266642067 0.08996122821066627  0.1089992462297514  0.1144046212702296  0.1227746363562752
0.08996122821066627  0.1000724008402287  0.1216577215632396  0.1278238561758947  0.1373388571129684
 0.1089992462297514  0.1216577215632396  0.1485618482657771  0.1563023386168212  0.1681991849971364
 0.1144046212702296  0.1278238561758947  0.1563023386168212  0.1645359262748501  0.1771534179835593
 0.1227746363562752  0.1373388571129684  0.1681991849971364  0.1771534179835593  0.1908465963218596

cov.inverse():
 1.210329644599232e+16 -2.871238689438978e+16      -4640119617539842  5.595760759927422e+16 -3.497714215445108e+16
 -2.83054955165697e+16  5.661355470721202e+16       1205432390359012 -7.480963044526946e+16  4.584826333199143e+16
     -4267553512539394      477594521917976.9      -7196396091710809  3.159696642939109e+16 -2.058578813677662e+16
 5.379255073947615e+16 -7.155470875285422e+16  3.070450005467958e+16 -4.957226511392118e+16  3.584190399232086e+16
-3.358859283823752e+16  4.373010752706302e+16 -2.004145191196279e+16  3.600486754688106e+16 -2.561976626367677e+16

cov*(cov_.inverse()):
 1.5    0 -0.5    1  0.5
   0    1    0    0  0.5
   0    2    0    2    0
   0    1 -0.5    2    0
   0    0    0    1    1
