5
2

0.0001741980101590192
0.0003254078406896535
0.0004530016599561102
  0.06924153257301638
   0.5815256088048966

 -0.1491360824109167   0.6914664321958001  -0.6980628078055987  0.06753606023125361  0.08820316885769804
 -0.3630431348631779   0.4629108382973999   0.4817435397220374  -0.6462627776314447  0.06465927775413842
  0.4131104585394763  -0.2253896497267636  -0.2834064111576785  -0.5410625447753094   0.6367663492972456
 -0.7158631327295089  -0.2656186153732565 -0.01020691923047473   0.2632592490365785   0.5895567088604853
   0.403531703086434   0.4315483586997526   0.4474462014691748   0.4644665685003533   0.4847585814031815

0.4000592241048877
0.4001069854577765
0.4000658152354278
0.4000337696903711
0.3999861504916546

0.0005861490352258644
   0.4003046845643229

  1.450325931636589   3.399027661819893 -0.9027799092870166 -0.5855165364246842  -3.360989010860346
  2.125262473233968 -0.4300459516760009 -0.5011042774972261 0.08009428946067387 -0.2742092105600548

 7.368424662355083e-08   8.18622694899091e-08 -3.559316401582649e-07   -0.01950118806705434   -0.08558094659259206
-8.596428120551738e-09 -1.357016287902391e-07  1.844778831676158e-07  -0.007395971640487331      0.119064897070269

cov:
 0.0575241847437723 0.05980203943269456 0.06109490421029392 0.06247900433995299 0.06412829419960341
0.05980203943269456  0.0633174331571363 0.06531223892616041 0.06744786942008223 0.06999368457983304
0.06109490421029392 0.06531223892616041 0.06770533675379943  0.0702673119280062 0.07332177299751577
0.06247900433995299 0.06744786942008223  0.0702673119280062 0.07328596170914978 0.07688488279512022
0.06412829419960341 0.06999368457983304 0.07332177299751577 0.07688488279512022 0.08113384861082135

cov.inverse():
 2809388.217221813 -5439120.611460352  1208588.711073014  794528.0999202814  626615.7992668909
-5439120.611586136  18027591.02374778 -13489397.74785714  -692019.321618926  1593125.349109376
 1208588.711142415 -13489397.74807628  18641485.61888241 -3746527.717935082 -2614291.289239443
 794528.1001223532 -692019.3217192668 -3746527.718231834  5521131.821637163   -1877197.6228489
 626615.7991211948  1593125.349303086 -2614291.289092427 -1877197.623043927  2271814.776739486

cov*(cov_.inverse()):
    0.9999999999781721  1.746229827404022e-10 -1.746229827404022e-10 -4.365574568510056e-11                      0
 1.455191522836685e-11       1.00000000030559 -2.328306436538696e-10 -5.820766091346741e-11                      0
  2.91038304567337e-11  7.275957614183426e-11      1.000000000145519 -5.820766091346741e-11  -2.91038304567337e-11
 7.275957614183426e-12  5.820766091346741e-11 -3.201421350240707e-10     0.9999999999708962                      0
 5.820766091346741e-11  -2.91038304567337e-11                      0  -2.91038304567337e-11                      1
