6
2

  0.00020548432848141
0.0003026320611787218
0.0004073708811187927
0.0006281232428650366
   0.1031047202386006
   0.6269211060320852

   0.2982783983461199   -0.7423101352145218    0.5848196787345258   -0.1338908017210723  0.001027603282544682 -0.007987543345748227
   0.1546426999045496   -0.2773438630633326   -0.2425631130921654    0.8230809561267725   -0.3993057458578332   -0.0584962745885091
  -0.1772098160118305    0.2038949886027576    0.3291144890156165   -0.1235903999181219   -0.7391960058197355    0.5069732200816449
   0.5911545476505394   -0.1458763190888368   -0.5520645882925785    -0.314209913188908  -0.05125271346487343    0.4723625519564705
  -0.6135149716651443   -0.4089706973068438   -0.1713097000277074    0.1215924081581534    0.3195801941390237    0.5568474842861849
   0.3603442713436152     0.376757145486364    0.3958666564408215     0.419313513562496    0.4351836270048703    0.4541883286522577

0.3996135156320226
 0.399619130022065
0.3995868807604726
0.3995912717741245
0.3995434831871117
0.3994879478129021

0.0007197576240746856
   0.3998891331146663

  0.4004069242224877    4.638932148750727   -4.736524866081606    3.085443290751026  -0.2429694336233305   -3.144866315761643
   1.497949085269216  0.05909125872095029  -0.5420092657453244   0.2769299625774151 -0.01746226456720865  -0.2743691427140755

-2.737094660341713e-07  2.513855695821525e-07 -4.115672154599179e-07 -1.056107109232582e-07   -0.02960748150874105   -0.08777419338968935
 2.155920063729682e-09  5.473994059664347e-08 -9.827647316391203e-08  3.789161213873816e-07   -0.01036502199722937     0.1302434656560965

cov:
0.05503567374060832 0.05602592107925828 0.05718221579104454  0.0585926643776544 0.05954907032991973 0.06069326047369089
0.05602592107925828 0.05756711122568216 0.05936351902502428 0.06156200277269332 0.06305121952742795 0.06483383769160746
0.05718221579104454 0.05936351902502428 0.06190403770803191 0.06501854717359987 0.06712711813280613 0.06965186569541904
 0.0585926643776544 0.06156200277269332 0.06501854717359987 0.06926132430804229 0.07213256955109035  0.0755712245439196
0.05954907032991973 0.06305121952742795 0.06712711813280613 0.07213256955109035 0.07551974130913611 0.07957620819476691
0.06069326047369089 0.06483383769160746 0.06965186569541904  0.0755712245439196 0.07957620819476691 0.08437346253228875

cov.inverse():
 3443238.953239183 -6148414.594087346   2543115.24155232  105107.2314340232  45567.63197692158  11164.79463790159
-6148414.594027492  14194413.46180758 -8938317.265202273 -174305.2679772965  301851.9341111023  765782.6512930166
 2543115.241377562 -8938317.264908481  10167638.13591435 -3839798.316341372 -322482.1768770288  388755.6321232492
 105107.2316653352 -174305.2684480395 -3839798.316160234   8163839.07064521 -3000471.597828561 -1254120.244827695
 45567.63184529712  301851.9343682216 -322482.1768754311 -3000471.598047842  5040225.010896166 -2064713.938588687
 11164.79465313072  765782.6512726799  388755.6320595425 -1254120.244666683  -2064713.93868088  2153220.840144316

cov*(cov_.inverse()):
    0.9999999999489546  1.746229827404022e-10 -1.309672370553017e-10  -2.91038304567337e-11  5.820766091346741e-11  1.455191522836685e-11
 9.094947017729282e-12      1.000000000203727 -1.091393642127514e-10   1.01863406598568e-10                      0   2.91038304567337e-11
-2.160049916710705e-11  1.382431946694851e-10      0.999999999992724  1.309672370553017e-10   2.91038304567337e-11                      0
-3.001332515850663e-11  2.401066012680531e-10 -4.365574568510056e-11       1.00000000007276  5.820766091346741e-11                      0
 7.389644451905042e-12   1.01863406598568e-10 -6.912159733474255e-11   1.01863406598568e-10      1.000000000058208   2.91038304567337e-11
-1.284661266254261e-11  6.548361852765083e-11  2.182787284255028e-11                      0                      0      1.000000000029104
