7
2

0.0001570282859542041
0.0002155281176595378
0.0003356577694961298
0.0003908677080812522
0.0006708862051166725
    0.115658543121088
   0.6866333897336894

 -0.08737663940271405     0.346661707177386   -0.6799660304232719    0.6233987217162649   -0.1329177015378174  -0.05844526727521995  -0.01132476258140472
  -0.2500804354358798     0.643749090182591   -0.2425810742487601   -0.5739133255376885    0.3563598692080534   0.08626464359705725  -0.01977009789978868
   0.2681999325055919   -0.3749948903197836   -0.3134102593813184   0.04308222594479236    0.7756288572257889   -0.2556625307784898   -0.1428359399968374
  -0.1593636664300549    0.1659746905604087    0.2084175003166119   0.05485543813827783   0.04163923177347996   -0.8078194391146465    0.4962888055856106
   0.6054323390482034  -0.07273186445751549   -0.4046397411305117   -0.3656725124355603   -0.2870959000716509   0.02725837905283764    0.4975389202941949
  -0.5994110282917712   -0.4178299365732952   -0.2072315324814347 -0.009822373916590261    0.1296508244772644    0.3226605171024608     0.549694488417826
   0.3265811058859319    0.3425962988548869    0.3611904575238308    0.3785755748418075    0.3908621065366503     0.407865367023508    0.4278635306644953

0.3993442101584231
 0.399297546231995
  0.39920716746319
0.3991691390047067
0.3990924082876528
0.3989857071803124
0.3988603498213561

0.001449556415724853
  0.3997176102844501

 0.08886522260393213    1.823162160156972   -2.104927097097164    4.112511457413103    0.221026141048188  -0.8770427690149534   -3.263864335557214
   1.468670147875796  -0.1798539757583171  -0.3244053240369835    0.378171791809224  0.01477677634756273 -0.07413827553988739  -0.2832141066217725

 1.153523431352543e-07 -2.929008356167546e-08  1.170485586569507e-07 -1.263160195485759e-07  -1.09918644852571e-06   -0.03300997160650781    -0.1025748566652519
 6.688123505071255e-09 -2.865833567469434e-08  7.325268638963459e-08 -5.970871012442294e-08  3.366968764859254e-07   -0.01229822759265085     0.1406746096860944

cov:
0.05509066047975525 0.05610035891994344 0.05727462307606631 0.05836858717113541  0.0591420675375786 0.06021256454015157 0.06147139910942644
0.05610035891994344  0.0576723523580198 0.05949860672149573 0.06120329911851111 0.06240828235572812 0.06407590945288523 0.06603711521374037
0.05727462307606631 0.05949860672149573 0.06208126762324008 0.06449447490319832 0.06620005956497479   0.068560433331753 0.07133648475145991
0.05836858717113541 0.06120329911851111 0.06449447490319832 0.06757154733400554 0.06974614079621631 0.07275555704309816 0.07629504204175834
 0.0591420675375786 0.06240828235572812 0.06620005956497479 0.06974614079621631 0.07225224148284366 0.07572016856168332 0.07979909582322285
0.06021256454015157 0.06407590945288523   0.068560433331753 0.07275555704309816 0.07572016856168332 0.07982300563068043 0.08464830520271527
0.06147139910942644 0.06603711521374037 0.07133648475145991 0.07629504204175834 0.07979909582322285 0.08464830520271527 0.09035202222777981

cov.inverse():
 3275052.735570313 -5857710.692029258  2207697.427365072  434119.3694235171 -30745.54392898608  13386.31220329296 -41902.20982539381
-5857710.692020005   15235112.4618311 -11586337.53063406  786125.5618978613  579900.6334621697  342729.8417999682  500961.1858189903
 2207697.427558042  -11586337.5311985  21537481.55608563  -13910053.1415606 -38329.60197409034  745863.6153853907  1042594.240859857
 434119.3688495032  786125.5638058154 -13910053.14385017  23184607.80158566 -7218405.317409042 -2953357.201331094 -322702.4950186541
-30745.54331466037  579900.6314869872  -38329.5994779145 -7218405.318625767  8984458.281696962  -1020786.07741133 -1256042.645396369
  13386.3117985163  342729.8426809414  745863.6149810496 -2953357.201488066 -1020786.077395442  5151925.467914069 -2279755.231528075
-41902.20966316717  500961.1855789506  1042594.240686153   -322702.49460072 -1256042.645493523 -2279755.231597337  2356879.535962543

cov*(cov_.inverse()):
    0.9999999999804459 -6.912159733474255e-11  1.309672370553017e-10  9.458744898438454e-11  7.275957614183426e-11                      0  5.820766091346741e-11
-1.682565198279917e-11     0.9999999999490683 -4.365574568510056e-11  1.637090463191271e-10   1.01863406598568e-10 -5.820766091346741e-11  5.820766091346741e-11
-1.455191522836685e-11 -7.275957614183426e-12      1.000000000087311  3.128661774098873e-10  5.820766091346741e-11                      0  8.731149137020111e-11
-7.139533408917487e-11  1.455191522836685e-10   2.91038304567337e-11      1.000000000407454  8.731149137020111e-11                      0                      0
-3.183231456205249e-12 -1.673470251262188e-10  1.455191522836685e-10  2.510205376893282e-10      1.000000000014552  5.820766091346741e-11   2.91038304567337e-11
-8.640199666842818e-11  1.600710675120354e-10  1.455191522836685e-11  1.855369191616774e-10  7.275957614183426e-11                      1  5.820766091346741e-11
 2.046363078989089e-11  1.455191522836685e-11 -1.891748979687691e-10  1.709850039333105e-10  1.455191522836685e-11   2.91038304567337e-11      1.000000000029104
