6
2

 0.000205071831094467
0.0003270509201705549
0.0004487655981014042
0.0006680122085512015
   0.1145419375491815
   0.6898886886988013

   0.215370231120273  -0.6902774600331557   0.6503887009293846  -0.2275515603483705 0.003749139716508422  0.04830590807728192
  0.2288264037506118  -0.3876365152544516  -0.1842825415567376   0.8088426666372043  -0.2143852130325871  -0.2514535243847756
 -0.1356716343461472   0.1436736140395219    0.197834997693967  0.09565811486507372  -0.8092492110300324   0.5077180846275092
  0.6330309318001658  -0.1975806929690143  -0.5474204524545506  -0.2760138306141467 -0.03939544014508115   0.4275849880316585
 -0.6064249662270299  -0.4293086392756779  -0.2410928605329129   0.1545769687192899   0.3104931009669856   0.5191503444796414
  0.3381833051000108   0.3595397263857401   0.3822314444191078   0.4298437845566216   0.4485339144137368   0.4736179987058285

0.3982251219112543
0.3971501016568678
0.3959643971794826
0.3935082071917933
0.3925370458125469
0.3912127496441383

0.01513563392738014
 0.4003574113233522

  0.3330284467632202   0.8139148897355825   0.3755561008523335     2.57726770476896  -0.1619022572647911   -3.939678890802824
   1.376736209533131 -0.05882176760727008   -0.231797094037344   0.2809776534609447  0.03193502432437637  -0.3990007682020132

-4.303109885377464e-08  2.996499554008472e-07  -2.97380686073778e-07 -1.135732695702195e-06   -0.03068852678049856    -0.1341646421464657
 4.342621173358981e-09  7.501284432474436e-08 -8.914317027697591e-08   3.39415097036448e-07   -0.01190683297455265     0.1437200100256337

cov:
0.05925804656152396 0.06128607490807718  0.0634409016116744 0.06795651150922435 0.06972438857725909 0.07210182574954514
0.06128607490807718 0.06394315197900767 0.06676606181438133 0.07268492356612823 0.07500500537881034 0.07812217708321521
 0.0634409016116744 0.06676606181438133 0.07029895159713971 0.07770900997754125 0.08061590359936517  0.0845191782724125
0.06795651150922435 0.07268492356612823 0.07770900997754125 0.08825215467352139 0.09239189497700238 0.09794678908131561
0.06972438857725909 0.07500500537881034 0.08061590359936517 0.09239189497700238 0.09701713905615196  0.1032218110846364
0.07210182574954514 0.07812217708321521  0.0845191782724125 0.09794678908131561  0.1032218110846364  0.1102976110323603

cov.inverse():
 2581927.918554946 -4741397.012076546  2026717.591737572  109030.6129745946  49832.42904431783 -26047.32168182483
-4741397.012246864  12924950.15739251 -9624038.455270078  994171.5056172905  155512.7289507569  291264.2032711688
  2026717.59209859 -9624038.455980431  11241901.64023601 -4480144.400309485  -319298.712613545  1154502.421446515
 109030.6125721947  994171.5069430085 -4480144.401414618  7563836.665367801  -2001466.86189957 -2186162.540933199
 49832.42920628728   155512.728303543   -319298.71196375 -2001466.862070935  3685325.766357224 -1569606.840032885
-26047.32163206301  291264.2031325778  1154502.421552657 -2186162.540943734 -1569606.840039668    2336338.2888384

cov*(cov_.inverse()):
    0.9999999999599822  3.637978807091713e-11  -2.91038304567337e-11 -5.820766091346741e-11   2.91038304567337e-11  -2.91038304567337e-11
-1.023181539494544e-11     0.9999999999454303  2.037268131971359e-10 -8.731149137020111e-11   2.91038304567337e-11  -2.91038304567337e-11
   1.2732925824821e-11 -2.546585164964199e-11      1.000000000174623                      0  5.820766091346741e-11                      0
 -7.09405867382884e-11  1.782609615474939e-10  5.820766091346741e-11     0.9999999999708962  5.820766091346741e-11  -2.91038304567337e-11
-1.955413608811796e-11 -9.822542779147625e-11  4.365574568510056e-11 -5.820766091346741e-11     0.9999999999708962                      0
-2.273736754432321e-11  7.275957614183426e-12 -1.455191522836685e-11   2.91038304567337e-11                      0                      1
