5
2

 0.000240169106683021
0.0004422061659221638
0.0006513906986626225
   0.1135855558189842
   0.6336201883638033

  0.255309952294644 -0.7559088285191795  0.5936701632215773 -0.1041723743605309 0.01106909872679609
-0.1972756533596747  0.2233239611710566  0.2245345183918625 -0.7692890991364353  0.5186398142822903
 0.6406088573437293 -0.2351870282223496 -0.6103697934311501 -0.1627441985165761  0.3677912380205832
-0.5863819796368408 -0.4047727476551208 -0.2117139098221068  0.3538178832511526  0.5677194048052386
 0.3763982076216107  0.3994675654484277  0.4239881165854207   0.495650713417032  0.5227948935648477

 0.399976518606856
0.3988840069085287
0.3976822615937701
 0.394206055107185
0.3928538810930744

0.01516437174837152
 0.4021338589425669

-0.2546414060902627   1.043581618859429   2.075619445878652  0.2749413667089896   -3.14054447839379
  1.331907916072538  0.3839143174383836 -0.8891220167814631    1.14496261222546 -0.9704502868648145

 1.816750136552576e-08  -2.13337340929768e-07 -1.220004370107738e-06   -0.03094083948532959    -0.1222559488465716
-3.507106770250133e-08 -3.443131681234079e-07  3.234829730704068e-07   -0.01153410788033451     0.1356449921871145

cov:
0.06131549906763128 0.06342740925689781 0.06567218268719933 0.07222315113182454 0.07470688939346397
0.06342740925689781 0.06617892336768368 0.06910321025493055   0.077642770229463 0.08087899836254933
0.06567218268719933 0.06910321025493055 0.07274991916084994 0.08340344394930527 0.08743959673027329
0.07222315113182454   0.077642770229463 0.08340344394930527  0.1002453535762592  0.1066230011556168
0.07470688939346397 0.08087899836254933 0.08743959673027329  0.1066230011556168     0.1138872039578

cov.inverse():
 2296276.433963587 -3926180.086191596  1479691.358230863   69280.7690110827   81021.4291795226
-3926180.086316894  10291562.39134284 -7185259.917590265  576800.6182591966  243376.4224219098
  1479691.35840457 -7185259.917799853  7246051.345504037 -1721397.604993567  180373.7123427886
  69280.7689477337  576800.6183469428 -1721397.605009247  3276989.036642197 -2201396.572603089
 81021.42919444488  243376.4224184839  180373.7123225737 -2201396.572594367  1696518.991628484

cov*(cov_.inverse()):
    0.9999999999699867  8.003553375601768e-11 -4.729372449219227e-11   2.91038304567337e-11   2.91038304567337e-11
 3.637978807091713e-12     0.9999999999345164  6.002665031701326e-11  -2.91038304567337e-11   2.91038304567337e-11
 4.274625098332763e-11 -6.548361852765083e-11      1.000000000100044   2.91038304567337e-11   2.91038304567337e-11
-1.455191522836685e-11 -9.822542779147625e-11  1.818989403545856e-10      1.000000000029104                      0
-9.094947017729282e-12  1.818989403545856e-11  -2.91038304567337e-11                      0                      1
