6
2

0.0002014981902458591
0.0002605253814300901
0.0006885654129218272
  0.00164291469431684
   0.1209155309881886
   0.7673978556401854

   0.4158607091516677   -0.7201470003979504     0.484230780145123   -0.1874469784131397    0.1431458592079865   -0.1354312121969804
    0.402180929413962   -0.3051035611133532   -0.3735858679590016    0.4047302569440019   -0.5296271672950933    0.4016022896473683
  -0.3072453615472556    0.1136484436007703    0.6701059771287244 -0.001419017496293186   -0.6441990795025466    0.1692567010448725
   0.1546722516190571    0.1071137598689817    -0.100885020161967   -0.7661045696916585  0.001151745660214551    0.6062242254415714
  -0.6578407683578594   -0.4862108075092085  -0.05082015278237238    0.1705012710900708    0.2956483306891008    0.4601991605122505
   0.3379832488049117    0.3570851987815808    0.4051563340438091    0.4301954679461419    0.4433989294814962    0.4609067997066664

0.3618902642826189
0.3544717119963647
0.3353687436799668
0.3252579778370647
0.3201297125395638
0.3132187435101828

0.1021110301316101
0.3751142637462665

 31.76257775182043 -47.46610241821264  27.65907685605318 -13.44997538959115   9.64694213057699 -8.096355902049483
-17.53047337091352  24.28852375835396 -12.82677620060903   16.5417562959356 -1.969523964197713 -7.628815714292835

 2.670903318569959e-06  2.116926147022806e-07 -1.984044820920192e-06  6.599795515707442e-06   -0.03492702291205223     -0.146231598509149
-1.353740536451318e-06 -3.390091377081188e-07 -2.345604272295849e-07 -4.349864062962019e-05   -0.01312772600644732     0.1636829024860052

cov:
0.07359880505715344 0.07574996462290402 0.08113021618135871 0.08398511885172594 0.08540984057891511 0.08731207904626405
0.07574996462290402 0.07854685663305597 0.08556048960846267 0.08925237355774161   0.091139460470372 0.09365161187375447
0.08113021618135871 0.08556048960846267 0.09670684217207953  0.1025165768696722  0.1055735049521134  0.1096286190176059
0.08398511885172594 0.08925237355774161  0.1025165768696722  0.1094131562899839  0.1130685014954629  0.1179129506823067
0.08540984057891511   0.091139460470372  0.1055735049521134  0.1130685014954629  0.1170573430822053  0.1223399493664099
0.08731207904626405 0.09365161187375447  0.1096286190176059  0.1179129506823067  0.1223399493664099  0.1282003130068479

cov.inverse():
 6850550.048736572 -9251462.743249269  2306037.576187465  435296.7628810205 -1254596.419471711  917556.6719784322
-9251462.743197782  14176213.51206672 -6752814.606793462  1474653.583885565 -312580.5732714518  661474.8021171148
 2306037.576061899 -6752814.606633635  8782285.458187869 -4436639.603504606     3711836.055183 -3609128.141426747
 435296.7630470224   1474653.58364966 -4436639.603430017  3496256.157029829 -3817435.892824952  2847445.125633663
-1254596.419670336 -312580.5730023414  3711836.055117625 -3817435.892822335  5512733.778932287 -3840948.544878668
 917556.6720850593  661474.8019756776 -3609128.141401728  2847445.125635674 -3840948.544870852  3024591.411927033

cov*(cov_.inverse()):
     1.000000000029104  1.964508555829525e-10 -5.820766091346741e-11   2.91038304567337e-11 -1.164153218269348e-10  1.164153218269348e-10
-4.365574568510056e-11      1.000000000109139 -1.164153218269348e-10                      0 -1.164153218269348e-10                      0
 -1.01863406598568e-10                      0     0.9999999999417923  5.820766091346741e-11 -5.820766091346741e-11                      0
                     0                      0                      0                      1 -1.164153218269348e-10  5.820766091346741e-11
 -2.91038304567337e-11  1.600710675120354e-10  1.164153218269348e-10                      0      1.000000000058208 -5.820766091346741e-11
-1.455191522836685e-11  7.275957614183426e-11  5.820766091346741e-11                      0                      0      1.000000000058208
