5
2

0.0002158819165339999
0.0004493950120286948
0.0006434545836549945
   0.1128345572437177
   0.6230683230254086

  0.2574663520520333  -0.7634984036302558   0.5885850069505925 -0.06295391775069624 -0.01964074967711668
 -0.1693490774540978   0.1789606877687953   0.2406836521828408  -0.7770963174085354   0.5267700212054477
  0.6477360840925712  -0.2482586588332528  -0.6091102789113235  -0.1458796377459199   0.3556816035366813
 -0.5866081523013247  -0.4050425851602688  -0.2120696309352368   0.3534792152393451   0.5673713914968587
  0.3759797980537146   0.3991884297025302   0.4238516355099532    0.495912989741978   0.5231709918638713

0.3983545197316089
0.3972885316375086
0.3961123635056983
0.3927130307156902
0.3913975947479979

0.01501714687537248
 0.4004721031447571

  0.2769890062641064   0.5218480507640024    1.882729575194809   0.4802627693593077   -3.163385191942633
   1.377963332668647  -0.1086295915028185 -0.05647018197469642   0.1040521570583663  -0.3168547166098565

  3.78865309770143e-08 -3.110044225488739e-07 -9.490258948880052e-07   -0.03053270461782602    -0.1189359372360785
  1.88355505355119e-08 -1.038369892037564e-07  3.420096791490649e-07   -0.01139918654331198     0.1306803861238675

cov:
0.05925951919415866 0.06129078300058088 0.06344934335451401 0.06974382676397599 0.07212506359292223
0.06129078300058088 0.06395127202292132 0.06677820121418107 0.07502907709402762 0.07815024882117093
0.06344934335451401 0.06677820121418107 0.07031551859752298 0.08064570581525475 0.08455330968364545
0.06974382676397599 0.07502907709402762 0.08064570581525475 0.09706430114397106  0.1032743822054777
0.07212506359292223 0.07815024882117093 0.08455330968364545  0.1032743822054777  0.1103558241021867

cov.inverse():
 2577742.726854041 -4756334.424214331  2096862.441383801  75607.76489893372  6196.827887153092
-4756334.424452608  12815336.24844332 -9063877.932361666  430177.5635901436  575264.2639191892
 2096862.441762341 -9063877.932942575  8616313.009497683  -1506567.13852979 -143535.8132019522
 75607.76460267667  430177.5644217167   -1506567.1391286  3126598.898461447 -2125705.935363221
  6196.82804310972  575264.2634303273 -143535.8128055434 -2125705.935426754  1687852.950546483

cov*(cov_.inverse()):
    0.9999999999540705  1.746229827404022e-10  7.457856554538012e-11  5.820766091346741e-11                      0
 2.842170943040401e-13      1.000000000167347  7.821654435247183e-11                      0   2.91038304567337e-11
 3.160494088660926e-11 -6.548361852765083e-11      1.000000000174623   2.91038304567337e-11  -2.91038304567337e-11
-5.115907697472721e-11  1.236912794411182e-10  2.000888343900442e-11      1.000000000029104                      0
 9.208633855450898e-12  1.455191522836685e-11  -7.09405867382884e-11                      0      1.000000000029104
