6
2

0.0002293541453070985
 0.000328075755208349
0.0003779772699212826
 0.000644607944035479
    0.112453953092179
   0.6388396902686202

  0.1554812617135313  -0.4139622657338631    0.772775905791857  -0.4272263115804303  -0.1459191111405455  0.05885160090740661
  0.3788356514656259  -0.6572097771927636 -0.08205387863661406   0.6093217945982202 -0.03620836837631584  -0.2127014894839012
-0.09640464968086072   0.1341487430291604  0.07303762794419574   0.3097920710536372  -0.8359761416765291   0.4153896079920802
  0.5345602287677196  -0.1827630265825033   -0.473311100766925  -0.4052907220748869    -0.01384191993368   0.5407101549606542
 -0.6444931359645184  -0.4592119287677048 -0.04549125304876792  0.09985651722459395    0.294286420250592   0.5245071275893061
  0.3491263803680808    0.366656169518895   0.4057797593761957   0.4195254564398623   0.4378862428984764   0.4596420786270466

0.4001695486484886
0.4000697296739877
 0.399827074684009
0.3997023137746054
0.3995447283912152
0.3993517011100511

0.00215799253443818
  0.400640641389031

  0.2906066755866947 -0.07080520973467569    4.374165260339931 -0.04734136934092595  -0.9625863157838246   -3.584556666920008
    1.50411518257394  -0.4528668272103524   0.3593391366522491 0.001792471610303686 -0.09749487568450277  -0.3149436794639886

 1.790865655802201e-07  6.093756408379216e-08 -5.957403170748756e-08 -1.582193485559969e-06   -0.03189160585308798   -0.09734887394288182
 3.650385393901583e-08  9.790007384076681e-08 -3.261300581245514e-08    2.2731323941924e-07   -0.01228522418701461     0.1298590396038191

cov:
0.05499784153699919 0.05598527150578282 0.05818782876997942  0.0589617904749736 0.05999334886523827 0.06121696768868407
0.05598527150578282    0.05753258931056  0.0609843956720423 0.06219719959809604  0.0638155819047128 0.06573415330679205
0.05818782876997942  0.0609843956720423 0.06722556394424134 0.06941824277117813 0.07234696288189266 0.07581731709342661
 0.0589617904749736 0.06219719959809604 0.06941824277117813 0.07195532668167615 0.07534432669850462  0.0793599172934206
0.05999334886523827  0.0638155819047128 0.07234696288189266 0.07534432669850462 0.07934926292704396 0.08409383064887377
0.06121696768868407 0.06573415330679205 0.07581731709342661  0.0793599172934206 0.08409383064887377 0.08970217565128696

cov.inverse():
  2545729.54972705 -3862346.157429733    1337123.8585408  151399.2551999431 -12455.65293719928 -159399.9412831835
-3862346.157356787  7476958.966552531 -5303581.242135539  110699.5535781672   590514.417690785  987814.6902287033
 1337123.858207643 -5303581.241557686  11991597.38393255 -6120701.347543054 -2527648.860398463   623162.599888449
  151399.255562019  110699.5528012712 -6120701.346898114  7986266.942960312 -819097.4186324714  -1308755.70715482
-12455.65309191413  590514.4180635371 -2527648.860810672 -819097.4185167481  5309083.227033748 -2540323.615840958
-159399.9412303357  987814.6901279484  623162.5999003969 -1308755.707040412 -2540323.615919411  2397573.853609052

cov*(cov_.inverse()):
     1.000000000007276                      0  1.455191522836685e-11  -2.91038304567337e-11                      0   2.91038304567337e-11
-5.456968210637569e-12      1.000000000043656 -2.182787284255028e-11 -1.455191522836685e-11   2.91038304567337e-11                      0
-9.094947017729282e-12 -4.365574568510056e-11      1.000000000029104  -1.01863406598568e-10                      0   2.91038304567337e-11
 4.911271389573812e-11 -1.164153218269348e-10  7.275957614183426e-11     0.9999999999854481   2.91038304567337e-11   2.91038304567337e-11
 1.455191522836685e-11   2.91038304567337e-11  -1.01863406598568e-10   2.91038304567337e-11      1.000000000058208                      0
 4.365574568510056e-11  -2.91038304567337e-11 -7.275957614183426e-11 -1.455191522836685e-11                      0      1.000000000029104
