7
2

0.0001083501287903793
0.0001886625926185339
0.0002683533682090131
0.0004553678771580015
0.0006829323402044578
   0.1008621384530246
   0.7049280144986286

 -0.01443123300734337    0.1234392946114038   -0.6251464383872674    0.7408844869708426   -0.2113064024755168  -0.01364331054508546 0.0002279202001382268
  -0.1689511293526038    0.5344357050790325   -0.4793180748725636    -0.332829924523951    0.5798125029607843   -0.0781786869909369  -0.05493606993334255
   0.3072566824130055   -0.6258073328069118   -0.1218250252208555    0.1811605299648466    0.6250003698364939   -0.2491306945072731   -0.1166467903073924
   -0.190065109202829    0.1496498455132474    0.2220195570530343    0.1465409471492816  0.009961654550099276   -0.8067989377537401    0.4687104485438801
   0.6079416402873412   -0.0697748840809377   -0.3889996098813153   -0.3776387501805653   -0.2526953675656052  -0.03499629126141787    0.5162625458420395
   -0.602001538962137   -0.4003856367713718   -0.1757957906140352  -0.05424407507310046    0.1159387349030916    0.3374092511287655    0.5622740579806689
   0.3297225346751314    0.3463150748150476    0.3648112343427181    0.3747900561385051    0.3887745230670734    0.4069908855517233    0.4254490398297865

 0.400614812945234
0.4004165933649649
0.4001563034115191
 0.400081486176899
0.3998599011944485
0.3995706845647465
0.3992921476467821

0.003500044182587361
  0.4012574357780075

  0.2012326387562171    2.144634639898877   -2.125731799629785    2.787986227251447     1.15906635153019   -1.137293424400949   -3.030135752146171
    1.48727123690179  -0.2011380926130757   -0.274543272594362   0.2434712748653919   0.1092994056476927 -0.08637122605798371  -0.2779387397784405

 4.022279434921019e-08  7.583439745011202e-08  6.084780287307369e-08 -5.636993821975213e-08 -9.657589917497077e-07   -0.02757417297839738    -0.1107801617970309
 3.331056914524066e-09 -7.930892269276373e-09  5.636152626240098e-08 -8.243673714061088e-08  3.567819104563413e-07  -0.009689927565309214     0.1495320266802831

cov:
0.05771101223971176 0.05919466855904314  0.0608496829176259 0.06174027863449157 0.06298939062631337 0.06461781920475744 0.06626510740513308
0.05919466855904314 0.06122898169292067 0.06349719673856809 0.06471935812770047 0.06643277491591913 0.06866556991054562 0.07092617116582059
 0.0608496829176259 0.06349719673856809 0.06644866415069114 0.06804025378711921 0.07027100730818776 0.07317719153629673 0.07612115492387857
0.06174027863449157 0.06471935812770047 0.06804025378711921 0.06983166280646522 0.07234220557327785 0.07561257707909498 0.07892611557445715
0.06298939062631337 0.06643277491591913 0.07027100730818776 0.07234220557327785 0.07524463226632767 0.07902500904475168 0.08285612614613315
0.06461781920475744 0.06866556991054562 0.07317719153629673 0.07561257707909498 0.07902500904475168 0.08346949998270767 0.08797416727508305
0.06626510740513308 0.07092617116582059 0.07612115492387857 0.07892611557445715 0.08285612614613315 0.08797416727508305 0.09316301656281104

cov.inverse():
   3097345.5998412 -5586729.139657225  1813303.957493966  815480.7739647552  -164293.788294599  18777.23277301967  6082.698230220408
 -5586729.14003789  14879251.32248409 -12493020.03651387  1380658.633148125  1097695.093839788  270638.7085876563  452217.9999840665
 1813303.959508004  -12493020.0421751  40512255.26508062 -34804964.90771177  2608266.149431357  1366098.739789292  996233.2162720867
 815480.7718406259  1380658.641052493 -34804964.91637814  50733824.57566202 -16973156.78265253 -1298533.131678617  147859.7776827238
-164293.7879006631  1097695.091200365  2608266.155275777 -16973156.78643688  18810111.78461903 -3209928.298502896 -2168558.893361038
 18777.23283369872  270638.7087662073  1366098.738142129 -1298533.129773025 -3209928.298954599  4191179.116109397 -1338446.882947357
  6082.69826627954  452217.9998213067  996233.2170942553  147859.7766747258 -2168558.893094429 -1338446.882901465  1904688.823082439

cov*(cov_.inverse()):
     1.000000000036891 -1.673470251262188e-10  1.600710675120354e-10  2.091837814077735e-10  2.328306436538696e-10   2.91038304567337e-11 -5.820766091346741e-11
  2.55226950685028e-11     0.9999999998399289  7.275957614183426e-11  1.873559085652232e-10  4.074536263942719e-10  4.365574568510056e-11                      0
 4.848743628826924e-11 -1.382431946694851e-10      1.000000000291038  5.256879376247525e-10   2.91038304567337e-11  5.820766091346741e-11 -5.820766091346741e-11
 4.030198397231288e-11  5.093170329928398e-11  3.637978807091713e-10      1.000000000698492  1.164153218269348e-10   2.91038304567337e-11                      0
 5.599076757789589e-11 -1.236912794411182e-10  4.802132025361061e-10  1.546140993013978e-10      1.000000000349246  5.820766091346741e-11  -2.91038304567337e-11
 1.057287590811029e-11 -5.820766091346741e-11  2.764863893389702e-10  4.729372449219227e-11  3.492459654808044e-10      1.000000000043656  -2.91038304567337e-11
 3.035438567167148e-11  5.093170329928398e-11  4.511093720793724e-10  1.546140993013978e-10                      0  1.455191522836685e-11     0.9999999999708962
