5
2

0.0003179952589087556
0.0003720611632816726
0.0004651871340364011
  0.07740809681203914
   0.5854544547287738

-0.2882329593879251   0.664357266234072 -0.6272389291150839  0.2845994626294554 -0.0335507913179037
-0.4487969711141144  0.4981480383709105  0.4727959770409297 -0.5697655521948879 0.04754987078823292
 0.3219348991210236 0.00558002074505211  -0.424947795915053 -0.5475043950703832  0.6449690629960273
-0.6720526269766551 -0.3633516591097802 0.01749217371260155   0.274896925713143  0.5834779708679823
 0.4002577009165326  0.4224007455720925  0.4496094799959426  0.4680181396219126  0.4900833801301301

0.3996935831163022
0.3996303123132335
0.3996492697014736
0.3995995742613024
0.3995349609561255

0.0007792952384131112
   0.3999592196889562

   6.186006095616688   -6.074855485618818    2.816547821534878  0.07408420260213654    -3.00087998056745
   2.886574109521791   -1.854606328752588   0.2217331015338757 0.003127101434862278  -0.2564977025814903

 -7.54743513428621e-07 -6.444845696779658e-07 -2.629959645134775e-07   -0.02175896098829425   -0.08901018799552035
-2.218302113317477e-07 -2.946469128642564e-07  1.422975417660045e-07  -0.008454598924391111     0.1190867797082034

cov:
0.05761817269961206 0.05941276977167688  0.0616119366443778 0.06310091484462856 0.06488548343398369
0.05941276977167688 0.06194667969048523 0.06505671613858817 0.06716150172382017 0.06968430191661097
 0.0616119366443778 0.06505671613858817 0.06928980340980909 0.07215356695145413 0.07558626400718947
0.06310091484462856 0.06716150172382017 0.07215356695145413  0.0755307353918319 0.07957845433338652
0.06488548343398369 0.06968430191661097 0.07558626400718947 0.07957845433338652  0.0843639967716532

cov.inverse():
 2755615.451175119 -3500352.814417781 -377158.3428068485  221451.5448569667  900922.4664292771
-3500352.814266589  6157563.443575395  -2430482.12524902 -194677.0877051269 -32718.46187593747
-377158.3431598406 -2430482.124792011  6339953.693038087 -2636174.280948192 -896024.2554016742
 221451.5450404657 -194677.0879282015 -2636174.280982026  4531338.843066704 -1921926.838594402
 900922.4664475671 -32718.46195869245 -896024.2552637621 -1921926.838667842  1949827.803119346

cov*(cov_.inverse()):
    0.9999999999636202  8.185452315956354e-12  7.275957614183426e-11  -2.91038304567337e-11  -2.91038304567337e-11
-3.637978807091713e-11      1.000000000005457  3.637978807091713e-11   2.91038304567337e-11  -2.91038304567337e-11
-7.275957614183426e-11  4.774847184307873e-11      1.000000000014552   2.91038304567337e-11  -2.91038304567337e-11
                     0 -1.364242052659392e-11  4.365574568510056e-11      1.000000000058208  -2.91038304567337e-11
-4.365574568510056e-11  1.000444171950221e-11  1.455191522836685e-11                      0                      1
