5
2

0.0002657724760484313
0.0003159540176370361
0.0005861026123961087
   0.1167470269765449
   0.5749486599548219

   0.4808477404238879   -0.7719443751487781    0.4062986360150335  -0.08182259811994258  -0.03337383727757085
  -0.0894684118750865    0.1450249405527141    0.2589024523665033   -0.8108682546387636     0.496412493468817
   0.4607570650652001   -0.1246846320639794   -0.7523133781896112  -0.03624985935618391    0.4526225781080358
  -0.6352942359280005   -0.4553024837225161 -0.005355149111015375    0.3161383299157289    0.5377069469970228
   0.3806376421151126    0.4002787018278916    0.4493181967223984    0.4842935474593267    0.5083943983281272

0.3963643410737379
 0.396231373162295
0.3958011719529498
0.3955055831718108
0.3952756558545688

0.002612051506991868
  0.3969026648384661

-0.09990672253866818    3.365698596174461   -2.241315243916607    2.018934786283157   -3.044171659988137
   1.473627551853596   -0.101493969259168  -0.3423412207140536   0.2267496278668778  -0.2563183221866724

-2.557279860217835e-07 -3.225895876395906e-07 -7.920080381058693e-08   -0.03346879267270661   -0.08851143212642164
 4.505429247097283e-08  -5.45353529563797e-08  2.833843747989776e-07   -0.01300675487387791     0.1143674544162076

cov:
0.05339514225965245 0.05430781354829379 0.05658210573056067 0.05819921064747129  0.0593132304883937
0.05430781354829379 0.05578980902508571 0.05948636242520061 0.06211913309049056 0.06393312598440019
0.05658210573056067 0.05948636242520061 0.06673752167149127 0.07190869358256537 0.07547211268299717
0.05819921064747129 0.06211913309049056 0.07190869358256537 0.07889330253862648 0.08370624104503384
 0.0593132304883937 0.06393312598440019 0.07547211268299717 0.08370624104503384 0.08938056837507426

cov.inverse():
 3971596.901458133 -5552204.207138547  1524765.715094439  121085.4016531953 -65018.21531588111
-5552204.207138798  8692258.771465586 -3791101.583924923 -270642.8783953551  921596.6980275025
 1524765.714890864 -3791101.583598969  4656126.282559859 -2494258.755191245  104223.2352314035
 121085.4021532674 -270642.8791955736 -2494258.754808152  6685087.213320501 -4041319.847512678
-65018.21561212861    921596.69850152  104223.2349706888 -4041319.847429737   3080699.00580727

cov*(cov_.inverse()):
     1.000000000007731 -6.548361852765083e-11   4.82032191939652e-11  -2.91038304567337e-11   2.91038304567337e-11
 2.728484105318785e-12     0.9999999999345164  2.455635694786906e-11  5.820766091346741e-11                      0
 1.000444171950221e-11 -8.731149137020111e-11      1.000000000031832  5.820766091346741e-11                      0
 5.729816621169448e-11 -1.746229827404022e-10  4.547473508864641e-11      1.000000000058208  -2.91038304567337e-11
-2.728484105318785e-12                      0 -1.091393642127514e-11  5.820766091346741e-11                      1
