5
2

0.0001142510879751837
 0.000226024129519088
0.0004108421404522669
  0.05777081822884054
   0.5606444968171018

 -0.1143625327906264   0.6169728751583458  -0.7444408309524836   0.2277620064533074  0.01407124869005438
 -0.3437173258041465   0.5464647641960635   0.3011231125723113  -0.6795027127980634   0.1756006714367089
  0.4918306186614412  -0.2287265604089304  -0.3934529522014195  -0.4556624881556736    0.585963543577902
 -0.6736678570341179  -0.2822827486716559 -0.03918906644746672   0.2593532251094505   0.6306252372826014
  0.4159974422781019   0.4344206983752737   0.4458606416364903   0.4599001339742613   0.4774148508908899

0.3806159796416105
0.3785053578265278
0.3771223082170248
0.3754267071371324
0.3733058278871097

0.02825797111237495
 0.3864044630663137

-0.7546359248109694   5.349153094092073   4.543204405604823  -5.334191337728335  -3.803565804673867
  2.094104667367093 -0.3662530681443114  0.1040911380934293  -0.454977200770303 -0.3770376413865137

-1.649950878845746e-08  3.835225796066276e-07 -5.368142220730367e-07   -0.01655953864526426     -0.073419980212436
-8.509152317191085e-09 -3.298324117767331e-08  1.787748227211401e-07  -0.005564200922799351     0.1160468225098548

cov:
0.05590936720880364 0.05743829645221947 0.05838758631813624 0.05955213644008847 0.06100763708350231
0.05743829645221947 0.05958528786143402 0.06091835797107586 0.06255414719586117 0.06459595142917775
0.05838758631813624 0.06091835797107586 0.06248982210362735 0.06441830419260239 0.06682427185377243
0.05955213644008847 0.06255414719586117 0.06441830419260239 0.06670626375226921 0.06955939227221536
0.06100763708350231 0.06459595142917775 0.06682427185377243 0.06955939227221536 0.07296921125547942

cov.inverse():
 4747764.953707675 -9748495.479737632   3349753.54863321  1248510.516335713   402538.882070346
-9748495.480155416  35316981.97351675 -31432249.15317686  4114270.771746658  1749362.612561158
 3349753.549752633 -31432249.15596578  45148119.60506202 -15932515.69600966 -1133335.781823004
 1248510.515343315  4114270.775310957 -15932515.69893516  14242247.36694691 -3671921.595816889
 402538.8823610554  1749362.611368182  -1133335.78056718 -3671921.596170451  2653068.072809823

cov*(cov_.inverse()):
     1.000000000007276  3.492459654808044e-10 -3.201421350240707e-10  5.820766091346741e-11  -2.91038304567337e-11
-1.455191522836685e-11      1.000000000582077  1.164153218269348e-10 -8.731149137020111e-11                      0
-4.729372449219227e-11  3.201421350240707e-10      1.000000000116415                      0 -8.731149137020111e-11
 -2.91038304567337e-11  4.365574568510056e-11 -1.455191522836685e-10     0.9999999999708962                      0
 7.275957614183426e-12  5.820766091346741e-11  1.455191522836685e-11  1.164153218269348e-10                      1
