5
2

0.0001298963463423187
 0.000215719746517657
0.0004180226250708427
  0.06990206394857267
   0.5696297411180339

-0.02874380750523853   0.4479082705437902  -0.7955088150511858   0.4060025940825142 -0.02965794130920608
    -0.3359994238448   0.6940635907995766  0.08600308293912459  -0.6089338293310578   0.1648732250049723
  0.6230397119234252  -0.1812384657613903  -0.3895993822291212  -0.4875137672771762   0.4353352546908362
 -0.5708950710541977  -0.3165466186832231  -0.1149872823795668   0.1372684401140848   0.7360790421455083
  0.4149439913029983   0.4296565719659645    0.441315580008766   0.4559048005432105   0.4905181810403929

0.3988031182253633
0.3988233803042159
 0.398747819978756
0.3986579187782989
0.3984524858573316

0.001462847478131198
  0.3992242258225881

-0.8437185080817539   2.924563893291619   3.679817134028437  -1.678288015346096   -4.08281223206266
  1.799915609011772  0.5098927805476298 -0.6484540729217614 -0.3302253631783289 -0.3312214417411237

-3.633513099043252e-08  1.386100060657229e-07  -6.02613468432032e-07   -0.02004783178283048   -0.07703445785814915
  9.58812841900026e-09 -7.453316725826359e-09  2.268933765092462e-07  -0.006858108107598635     0.1190018670420439

cov:
0.05746076901075297 0.05873204889317264 0.05973954503597147 0.06100015701089379 0.06399017819534443
0.05873204889317264 0.06038984151801911 0.06170348931761504 0.06334724810305849 0.06724662959071588
0.05973954503597147 0.06170348931761504 0.06325980667376017 0.06520719723199468  0.0698272340117347
0.06100015701089379 0.06334724810305849 0.06520719723199468 0.06753462953042484 0.07305656432669708
0.06399017819534443 0.06724662959071588  0.0698272340117347 0.07305656432669708 0.08071953192849617

cov.inverse():
 4696495.522893768 -6420575.723341233  -654886.800082461  1966852.986191254  412166.7130856141
-6420575.723051996  22429931.22988678 -19430573.98721176  2201107.299058201    1220205.3818198
-654886.8006199482  -19430573.9873695  38533183.40657736 -19180130.69937684  732360.1934506157
 1966852.986446719  2201107.299913698 -19180130.70082727  19097624.93692297 -4085599.883492242
 412166.7130784009  1220205.381411252  732360.1942058598 -4085599.883831726  1720932.716299978

cov*(cov_.inverse()):
    0.9999999999818101  1.455191522836685e-11  1.164153218269348e-10  2.328306436538696e-10                      0
-1.091393642127514e-11      1.000000000189175  2.328306436538696e-10  5.820766091346741e-11   2.91038304567337e-11
 6.184563972055912e-11 -2.037268131971359e-10     0.9999999999417923 -1.164153218269348e-10 -1.455191522836685e-11
  8.36735125631094e-11 -2.619344741106033e-10  5.820766091346741e-11      1.000000000174623  -2.91038304567337e-11
 7.275957614183426e-12 -1.600710675120354e-10  4.365574568510056e-11                      0                      1
