5
2

0.0001889567114837806
0.0003860141727410787
0.0004849572551848643
  0.08774503234736569
    0.643622068862537

 -0.2756381959536888   0.7381621161753258  -0.6068864062399553  0.08639766395710802  0.05800524768387636
 -0.5135397197878108   0.3590487139624194   0.6040145541066826  -0.4907568160606823  0.04105049475313339
  -0.330946987299643  0.05919811929779975   0.2543661647505968   0.6497844257491423  -0.6324932636422493
 -0.6355457052529503  -0.3948185783288481 -0.09192981133933852   0.3114430797822464   0.5785776219175616
  0.3832183310639942   0.4084294114329783   0.4401159760400021   0.4821582720044771   0.5100494632729762

 0.397404629306994
0.3962347727542101
0.3948078138362138
0.3928543882890675
 0.391546819707664

0.01498103967271901
 0.4005807413998269

   2.082625666772119   -2.340713579018856    4.299492720647293  -0.5277387651544642   -3.515733729331457
   2.549331735863632   -1.530424682248411   0.3351419535951478 -0.01527056108847485   -0.338780540557057

-1.842611922683205e-07   1.19456445769262e-07  5.048455528548242e-07   -0.02304509128013216    -0.1297811017776067
-7.343580896111072e-08 -2.477482507567768e-07 -1.516203137479316e-07  -0.009605148652633535     0.1322382857192262

cov:
0.06394503706693676 0.06676921432110521 0.07031727928290003  0.0750176745844436 0.07813826402070399
0.06676921432110521 0.07030303846643425 0.07474340392332864 0.08063040724809806 0.08453734190286426
0.07031727928290003 0.07474340392332864 0.08030611025133291 0.08768557643372625  0.0925815339891448
 0.0750176745844436 0.08063040724809806 0.08768557643372625 0.09705021646068829  0.1032613451529624
0.07813826402070399 0.08453734190286426  0.0925815339891448  0.1032613451529624  0.1103445758782598

cov.inverse():
 4363542.053729785 -7019278.722627651  2245518.425192954  109972.6497085496  300713.4679543071
 -7019278.72266968    16140943.891388 -11027372.95955083  767205.0689086296  1138889.136392719
 2245518.425265302 -11027372.95973662  13039045.88395067 -2755087.896222253 -1503625.344344747
 109972.6496800997  767205.0691839833 -2755087.896570427  3620670.718161575 -1742320.477673298
 300713.4679524263  1138889.136261166 -1503625.344110031 -1742320.477774617  1806590.010279617

cov*(cov_.inverse()):
     1.000000000040018 -8.731149137020111e-11  1.164153218269348e-10                      0   2.91038304567337e-11
 9.822542779147625e-11      1.000000000087311                      0                      0   2.91038304567337e-11
 4.729372449219227e-11 -1.455191522836685e-11      1.000000000029104                      0                      0
 1.818989403545856e-11                      0 -1.164153218269348e-10                      1                      0
 2.182787284255028e-11                      0  5.820766091346741e-11                      0                      1
