5
2

 0.000179066378589787
0.0003468070095676122
0.0004137362885799415
  0.06208693597794834
   0.6069756733398487

  0.5447031601925171  -0.8218564817070496   0.1171962695177348   0.1056960386907916  0.05425654401633132
  0.3737214327642808   0.1499010588901017  -0.8658062725261306  0.04924528241260624   0.2929443016184988
 -0.1317296797076869 -0.03738834431257309  -0.1814794805034258   0.8412084399830143  -0.4905944983907026
 -0.6156575772298984  -0.3450606675211748 -0.08914839959800604   0.2517153111333252   0.6561942153961899
    0.40895451709502   0.4261652771626777   0.4424503292696881   0.4641239190211752   0.4898633007380813

0.4001059193173905
0.3999853243032941
0.3998717553157054
0.3997269337701039
0.3995480073570034

0.001910476914320645
  0.4006948598575368

  0.8155064638198665     3.96104632454874 -0.07584275539747053   -1.326804764691938   -3.374260099014333
    2.93854067585373  -0.5178902222592628  -0.5561785572968234  -0.4583510343599517  -0.4063107202224792

-1.007925465958546e-07 -1.077745830731293e-08  5.092787142427518e-08   -0.01700061485363989    -0.1034224227720162
 6.062135758990771e-08  1.636352607055966e-07 -7.754862772789857e-08   -0.00756633740742114     0.1190631798862075

cov:
 0.0630769965667526 0.06502786226349705 0.06687411457057742 0.06933067526075753 0.07224886462088777
0.06502786226349705 0.06737018292607543  0.0695866194720561 0.07253615275375265 0.07603943339623638
0.06687411457057742  0.0695866194720561  0.0721533720886488 0.07556906147441204 0.07962578635217146
0.06933067526075753 0.07253615275375265 0.07556906147441204 0.07960597395336554 0.08439948874993801
0.07224886462088777 0.07603943339623638 0.07962578635217146 0.08439948874993801 0.09006805362823612

cov.inverse():
 10515901.11327809 -13466758.05145797 -559697.8275034889  1301146.087893413  2209363.287297614
-13466758.05121119  21260138.69459918  -4043296.96933108 -2831491.720628601 -918458.4694245599
 -559697.827872803 -4043296.968821506  6853303.802491581 -860016.1383631318 -1390362.440267298
 1301146.087963041 -2831491.720791579  -860016.138263009  4502489.361608582 -2112065.629488922
 2209363.287350528 -918458.4695243841 -1390362.440227163 -2112065.629482149   2211461.51718592

cov*(cov_.inverse()):
    0.9999999999708962 -2.182787284255028e-10                      0                      0  5.820766091346741e-11
                     0      0.999999999825377  1.309672370553017e-10 -8.731149137020111e-11  5.820766091346741e-11
-1.455191522836685e-10  5.820766091346741e-11                      1 -8.731149137020111e-11   2.91038304567337e-11
 5.820766091346741e-11 -2.764863893389702e-10   2.91038304567337e-11                      1  5.820766091346741e-11
-1.164153218269348e-10 -7.275957614183426e-11                      0  -2.91038304567337e-11      1.000000000029104
