6
2

 6.36723399803451e-05
0.0001035810054516944
0.0001623262209148579
 0.000363954809063141
   0.1163580693226081
   0.6306835505705386

-0.00419659464216643  0.03998811609619797  -0.2332177743709105    0.614654403209872  -0.6980788773530215   0.2808534395200226
  0.1191734583713832  -0.4657464506178132   0.7064401244842474  -0.2463708440056345   -0.375093336693108   0.2615849327996089
 -0.3368489948725725   0.6785992633205188  0.06687244803126595  -0.4822160610265903  -0.2684301420118086   0.3420187122307967
   0.636870885776198  -0.1332092779752137  -0.4992245065076044  -0.3939030162466261 -0.02481984490634632   0.4143067031859823
 -0.5832438467555423  -0.4058042717233805  -0.1989485873407437  0.04631124228655272   0.3248127792064426    0.589848196716782
  0.3557174723555062    0.372239728456292   0.3915025512405084   0.4143244199372683   0.4402462519823514   0.4649160455943707

0.3998903720690504
0.4000171360849792
0.4001274465360681
0.4002423036979632
0.4003597743884122
 0.400466151687519

-0.000893186474258265
   0.3999567665324219

 0.4362707060028875  0.1133186267784891  -1.335841212788729   3.223603049497638   4.100719711058227  -6.538106804467865
  1.464839170920881 -0.2814497616205264 -0.2741632677913038  0.3057173325508216  0.3680346876249851  -0.582978515829923

-9.743100843372212e-09 -5.350674440149986e-08  -1.33086926268618e-07 -4.173528204795739e-07   -0.03262823991636389   -0.08923436600533688
-7.548878720705937e-10 -2.724006538188287e-09 -3.025900973513967e-08  9.751731132279834e-08   -0.01212799360402326     0.1299179213910886

cov:
 0.0549364825887195 0.05587297595919284 0.05696499621283575 0.05825736089887033 0.05972586015026743 0.06112354811138904
0.05587297595919284 0.05734444075112719  0.0590600163408922 0.06109155499808628 0.06339944842720852 0.06559595047372363
0.05696499621283575  0.0590600163408922 0.06150255915107893  0.0643958396340191 0.06768231326168271 0.07081008563951577
0.05825736089887033 0.06109155499808628  0.0643958396340191 0.06831072666789192 0.07275730721313936 0.07698910032080146
0.05972586015026743 0.06339944842720852 0.06768231326168271 0.07275730721313936 0.07852132917174665 0.08400687015317056
0.06112354811138904 0.06559595047372363 0.07081008563951577 0.07698910032080146 0.08400687015317056 0.09068557652227829

cov.inverse():
 8696306.296984915  -14530183.6438232  4833150.139964632  897840.9933138037 -131578.8916196569  234501.4101694133
-14530183.64315256  38222721.35172294 -30742624.82719106   4734942.42992035  2509248.626154277 -193686.1728778632
 4833150.132766195 -30742624.81004652   61981869.2538674 -51319541.26566363  14872012.82328826  374094.7777714875
 897841.0163038506   4734942.37512185  -51319541.2227335  108841666.8368142 -92236605.15016977   29082412.4524421
-131578.9198630443  2509248.690477747  14872012.76779188 -92236605.12650247  136053504.0143839 -61066582.94257814
 234501.4219505815 -193686.1988769218  374094.8002838201  29082412.43989704  -61066582.9383278   31569149.4832726

cov*(cov_.inverse()):
     1.000000000025466 -3.637978807091713e-10 -9.094947017729282e-11                      0  1.862645149230957e-09  2.328306436538696e-10
 1.091393642127514e-10      1.000000000034561  1.309672370553017e-10  1.164153218269348e-09                      0  9.313225746154785e-10
 6.912159733474255e-11 -4.165485734120011e-10       1.00000000039654 -6.984919309616089e-10  9.313225746154785e-10                      0
 1.491571310907602e-10 -1.891748979687691e-10 -7.639755494892597e-11      1.000000000465661  9.313225746154785e-10  4.656612873077393e-10
 1.709850039333105e-10 -5.748006515204906e-10  1.855369191616774e-10 -4.656612873077393e-10                      1 -4.656612873077393e-10
 6.912159733474255e-11 -7.275957614183426e-11  1.600710675120354e-10                      0                      0                      1
