5
2

0.0001769932190806149
0.0002685767652090199
0.0004795858421665496
  0.07501065403088915
     0.55764903699434

-0.05257744657575956   0.2669546724473081  -0.6994620230791474   0.6419607257816278  -0.1568761288216771
 -0.2855672356553353   0.6597968930779319  -0.2740922568592513  -0.4989473514052946   0.3988036974005161
  0.5507515730446868  -0.4092638174351386  -0.4787782143651205  -0.1799627447604589   0.5172626648762206
 -0.6660040718137294  -0.3791218576876145  0.05501449409667707   0.3010778364053592   0.5648280580989045
  0.4108506384905334   0.4268172999131694   0.4509668944484303   0.4646541875452294   0.4793267063861283

0.4000143307162167
 0.400009350410687
0.4000701128211241
0.4000239844243111
0.3999871989523751

0.0005783317480660446
   0.4002677681096233

 0.4064982593011004   1.691427106859224   5.660857120465778  -4.045640421747336  -3.713234978592813
  1.480536952887021 -0.2042726114516331  0.4250727755300779 -0.4055631159695579 -0.2957794676773147

-1.736752063018225e-07 -1.007820383098175e-09 -1.005412276373177e-06   -0.02203347312536717   -0.06775370681553652
 -2.01634127775357e-08 -4.253593945266324e-08  1.415630082171128e-07  -0.006607791824273604     0.1189670563346158

cov:
 0.0549874218626337  0.0559521880448059 0.05741077489032632 0.05823746558064169 0.05912378405900013
 0.0559521880448059 0.05745958834308134 0.05973879483811494 0.06103056597781286 0.06241537354553178
0.05741077489032632 0.05973879483811494 0.06325992421767751 0.06525551634056237 0.06739473053056794
0.05823746558064169 0.06103056597781286 0.06525551634056237 0.06765012180518505 0.07021694953544987
0.05912378405900013 0.06241537354553178 0.06739473053056794 0.07021694953544987 0.07324232391293742

cov.inverse():
 2537647.255962134 -4040054.147424032  1112586.364886421  466860.9612673021 -76975.03483584401
-4040054.147267257  9038251.206036162 -7615740.716857114   1226959.95793783  1390519.392071461
 1112586.364366866 -7615740.715748958  17655755.90192236 -12063219.77917141  910628.7898569657
 466860.9617105032  1226959.956527449 -12063219.77763004  16747433.89148779 -6378006.593777548
-76975.03491625382   1390519.39253045  910628.7889041962 -6378006.593203359  4153812.127084079

cov*(cov_.inverse()):
    0.9999999999718057  1.164153218269348e-10 -3.128661774098873e-10  1.164153218269348e-10   2.91038304567337e-11
 1.909938873723149e-11      1.000000000087311 -2.401066012680531e-10  5.820766091346741e-11   2.91038304567337e-11
-3.092281986027956e-11  7.275957614183426e-11     0.9999999999417923  -2.91038304567337e-10  5.820766091346741e-11
-9.094947017729282e-13  8.731149137020111e-11 -1.309672370553017e-10                      1                      0
   1.2732925824821e-11  4.365574568510056e-11                      0                      0                      1
