6
2

0.0002336216961486187
 0.000326423872376235
0.0003737401166024112
0.0006513577337983007
   0.1123534308091206
    0.638668145772737

  0.1647610359341407  -0.4296187197559482    0.768315229779549  -0.4290438723127088  -0.1117896909599563  0.03738562541890133
  0.3594228324874706  -0.6300651264896483 -0.07852742239998987   0.6497234535265353  -0.1369107213252449  -0.1636505304703726
 -0.1396062730250185   0.1970826132866387   0.1195723539331738   0.2175830266643567  -0.8306309048942183   0.4359826952864559
  0.5356353821406153  -0.1852106944988768  -0.4717013478556945  -0.4005807594255358 -0.02154758416894185   0.5434706351478301
 -0.6445165052617479  -0.4592060905299539 -0.04550972861290802  0.09984668724972241   0.2942703414982906   0.5244928127502735
  0.3491021754456949   0.3666481973505293   0.4057761782406572   0.4195284380103015   0.4378943787568551   0.4596595113830245

0.4000376791115339
0.3998534510370471
0.3994226375806899
0.3992303965091762
0.3989822668758387
0.3986807981823975

0.003332457542888191
  0.4006563397136305

  0.1486694875866064     0.17736828012004    4.201579802369264  -0.1106200915310567  -0.7580933672512173   -3.659366382265762
   1.488792753024224   -0.409694206660021   0.2860683524549509   0.0212194549221849 -0.05840966544075779  -0.3279837409176682

  1.73115734382323e-07  2.584094195118366e-08 -6.609735379800824e-08 -1.639036164541765e-06    -0.0318349626382407   -0.09732506663227666
 3.418079544246041e-08  9.016842109191932e-08 -4.808456658000971e-08  2.345771447057131e-07   -0.01226392056000394      0.129780965453467

cov:
0.05495523242877977 0.05594586161615527 0.05815176468263162 0.05892747832299709 0.05996101041904192 0.06118734809373513
0.05594586161615527 0.05749591031065655  0.0609495681165408 0.06216367294369608 0.06378335815413341 0.06570389576193358
0.05815176468263162  0.0609495681165408 0.06718827168479639 0.06938090175235208  0.0723089718462863  0.0757790810322163
0.05892747832299709 0.06216367294369608 0.06938090175235208 0.07191752454185511 0.07530527722557775 0.07931993045381809
0.05996101041904192 0.06378335815413341  0.0723089718462863 0.07530527722557775 0.07930807012298315 0.08405071253846368
0.06118734809373513 0.06570389576193358  0.0757790810322163 0.07931993045381809 0.08405071253846368 0.08965600983050868

cov.inverse():
 2525579.734942418 -3853029.281097059  1339442.169926181   173264.604650971  3671.228284352017 -188811.5993177335
-3853029.281146661  7466373.059493287 -5208807.534546988  17141.73824095377  526954.8099645466  1051294.679540598
 1339442.170310255 -5208807.535338303  11500319.01204052 -5886901.618391949 -2159866.202469814  415871.1395368019
 173264.6042048333  17141.73923352168 -5886901.619251932  8051650.129047248 -1229595.722130417 -1125767.449941249
 3671.228368330775  526954.8098410139 -2159866.202314509 -1229595.722283893   5345418.15946142 -2486500.336380759
-188811.5992900269  1051294.679413246  415871.1398342514 -1125767.450101319 -2486500.336418492   2333957.46098994

cov*(cov_.inverse()):
      1.00000000003638 -1.236912794411182e-10 -1.491571310907602e-10  1.164153218269348e-10                      0   2.91038304567337e-11
-7.275957614183426e-12     0.9999999998835847 -1.818989403545856e-10  4.365574568510056e-11                      0  -2.91038304567337e-11
 3.637978807091713e-11 -1.891748979687691e-10       1.00000000001819  1.309672370553017e-10   2.91038304567337e-11                      0
-5.456968210637569e-12 -5.820766091346741e-11  -2.91038304567337e-11      1.000000000116415   2.91038304567337e-11                      0
 2.000888343900442e-11 -1.164153218269348e-10 -1.309672370553017e-10  7.275957614183426e-11                      1                      0
-7.275957614183426e-12 -7.275957614183426e-11                      0                      0                      0                      1
