5
2

0.0001985767745070907
0.0003395955560456966
0.0006309228334130766
   0.1036852788973832
   0.5760716243554943

  -0.2437160559621219    0.7074747063225946   -0.6382215221746402     0.180872709277346 -0.006354183801578605
  -0.2762758458441563    0.4018882737430058     0.335046553285278   -0.7517718495801515    0.2911019851211197
   0.6103831892652423   -0.1599166824855384   -0.5198657792148309    -0.370943827658765    0.4404534768263637
  -0.5780630231462121   -0.3740306812085957   -0.1403106442995302    0.2128502810617356    0.6789343648202579
   0.3969252380522278    0.4153228377046936    0.4364282191407288    0.4682089104142675    0.5101647984959763

  0.39972952750273
0.3996418953134843
0.3994987794709106
0.3993222273795902
0.3989917051608217

0.002015935767041302
  0.4001744429613394

 0.1899676686974712   2.376447959435804  -1.076529592281592   1.945515089275627     -3.435501352366
  1.473240638125612 -0.1239330712648233 -0.2259340671951013  0.1700111720869181 -0.2933091444105803

 1.063013247210332e-07 -2.215129778652232e-07 -7.719588250735322e-07   -0.02973632304519541   -0.08269787310402017
-1.064375511643769e-08 -8.600014581148292e-08  3.360700082686557e-07   -0.01006819676143619     0.1210138336593512

cov:
0.05587674987500149 0.05703195103842966 0.05835947937316353 0.06035105623349089 0.06298127739594216
0.05703195103842966  0.0587473422042584 0.06071644168484874 0.06367660304021719 0.06758515245346723
0.05835947937316353 0.06071644168484874 0.06342074091516209 0.06749080384231261 0.07286419913808712
0.06035105623349089 0.06367660304021719 0.06749080384231261  0.0732370672959255 0.08082245354639017
0.06298127739594216 0.06758515245346723 0.07286419913808712 0.08082245354639017  0.0913278059787571

cov.inverse():
 3104134.643360049  -5580550.29790941  2344770.759291742  114261.5729792215  17248.12483237024
 -5580550.29774132  14157788.37519624 -10074092.48607594  774311.6442064873  723468.7620164223
 2344770.758994239 -10074092.48567739  11981987.93190692 -4627064.993443332  373327.8080580907
 114261.5731224477  774311.6439592055 -4627064.993345263  6075902.811901146  -2337188.50152744
 17248.12481858876  723468.7620331886  373327.8080610873 -2337188.501533422  1223220.251879091

cov*(cov_.inverse()):
     1.000000000020009  -1.01863406598568e-10  1.564330887049437e-10  5.820766091346741e-11                      0
-5.456968210637569e-11     0.9999999999854481 -8.731149137020111e-11                      0  1.455191522836685e-11
-2.046363078989089e-12 -1.891748979687691e-10     0.9999999999854481   2.91038304567337e-11                      0
 1.568878360558301e-11 -1.455191522836685e-11 -1.091393642127514e-11      1.000000000029104                      0
 4.774847184307873e-12  1.455191522836685e-11  1.455191522836685e-11   2.91038304567337e-11                      1
