5
2

0.0001502693851926396
0.0003490926107286688
0.0006266060195581971
   0.1132434181892029
   0.5734549918345671

 -0.2433693592038791   0.7389974688592916  -0.6145824700044525    0.129718565187844 -0.01075069435370154
 -0.5663005343809272   0.3558760514665305   0.5480707024878742  -0.4812953692828144    0.143628734359932
  0.3577184750814151 -0.02997240876956836  -0.3201190054274766  -0.6237218021167036   0.6161445311178152
 -0.5813478888127296  -0.3971784305864277  -0.1821047804860356   0.3577785963409628   0.5857612580004828
  0.3926158230624172   0.4105921650514091   0.4315884195920126   0.4842452384041671   0.5064631029368056

0.3996910110120667
0.3997867946479468
0.3998584573648797
0.3999932894130221
0.4000900414586299

-0.0004533694698294748
    0.3998192327118927

  0.1731960916668985  -0.3566862188929811    4.680439072896744   -4.119899362907634  -0.3772410320964525
   1.451816780548546  -0.3745399818989089   0.3286296016472641  -0.3788078618434001 -0.02709010770716169

-8.383444817918858e-08  5.202323064058311e-07  3.579201698704435e-07   -0.03214141262123967   -0.08041386081000271
-1.989215886467406e-08 -7.274338867975382e-08  2.532285454651047e-07   -0.01162494565091356     0.1186821077296418

cov:
0.05502558117343746 0.05597338961647256 0.05708078341793559 0.05985446885091683 0.06102352560655322
0.05597338961647256 0.05746262206969814 0.05920213307951108  0.0635621458184948 0.06540087254282727
0.05708078341793559 0.05920213307951108 0.06167989333657909 0.06789253283008477  0.0705133469253061
0.05985446885091683  0.0635621458184948 0.06789253283008477 0.07875505189806239 0.08333880572716605
0.06102352560655322 0.06540087254282727  0.0705133469253061 0.08333880572716605 0.08875208802702381

cov.inverse():
 5580444.486865844 -9645688.624618046  3785281.212317363   270209.064089387  9760.978853038077
-9645688.624766825   25226474.3775502 -18488306.10521792  2887365.647309275  20542.94236739212
 3785281.212581177 -18488306.10562482  19452905.47029664 -5186566.241903747  436191.5454190391
 270209.0638423035  2887365.647918081 -5186566.242307515  3636834.227352227 -1607766.329366675
 9760.978985086713  20542.94201670395  436191.5456797291 -1607766.329408731  1141312.013757915

cov*(cov_.inverse()):
     1.000000000039336  3.642526280600578e-10 -1.127773430198431e-10  4.365574568510056e-11                      0
-5.991296347929165e-11      1.000000000425871 -2.364686224609613e-10  8.731149137020111e-11                      0
 1.966782292583957e-11  1.152784534497187e-10      1.000000000061846   2.91038304567337e-11 -1.455191522836685e-11
-8.674305718159303e-11  5.352376319933683e-10 -4.001776687800884e-10      1.000000000058208                      0
-7.605649443576112e-11  5.275069270282984e-11  -2.91038304567337e-11                      0                      1
