5
2

0.0003349989467007724
  0.00038486849112337
0.0005591715106317291
  0.06708899292102019
   0.6086480636316218

 -0.1706211893689791 0.004831571866456267   0.6855694976745258  -0.6875359554592928   0.1677910589411429
 -0.4002046207462205 -0.01549414093734772   0.5216326361386099   0.4770653323904616  -0.5830130827659443
  0.4322932325301065  -0.8574662778040688   0.2380734819761994   0.1364652644366991  0.05071875707720715
 -0.6815257805055233  -0.2853998027124433  -0.0671404597278073   0.2518277148699035   0.6214052814459957
  0.3992115264952875   0.4278260423939229   0.4435166655500665   0.4665436873514419   0.4931784562759471

0.3982132108820029
0.3982651247586764
0.3983282260804875
0.3983240502396669
0.3983363259741944

-0.0002876420606050974
    0.3982202320715595

  7.652120561243446  -9.102225863756273   2.975948725752884  0.8230868558535691  -2.348552943726583
  3.599117783516744  -2.788090988688749  0.4086905132755493 0.09989400394356948 -0.3194427972236182

 -3.02265239706937e-08  5.819374098092247e-08  3.694076672404362e-06   -0.01831554598317297    -0.1088098245101796
-5.270627825991785e-08 -1.407328076764337e-07   1.26360354740192e-06  -0.008362544285955502      0.116438779949673

cov:
0.06112961822111383 0.06414606966586441 0.06579713083851471 0.06822415136154061 0.07102949288689686
0.06414606966586441 0.06817265703368085 0.07037878855475972  0.0736186142227705 0.07736521710335142
0.06579713083851471 0.07037878855475972 0.07289100545272624 0.07657788040945614 0.08084231514037174
0.06822415136154061  0.0736186142227705 0.07657788040945614 0.08091932863138301 0.08594143261770353
0.07102949288689686 0.07736521710335142 0.08084231514037174 0.08594143261770353 0.09184136201560357

cov.inverse():
 1938469.669476809 -1150950.096408424 -2122507.402949925 -55010.53788191854  1390126.196671541
-1150950.096495532  2353342.149366751  -677930.670978195 -453757.1432630049 -70920.12324289345
-2122507.403016985 -677930.6710864191  6206346.426545844 -2416167.029945171 -989507.0985330882
-55010.53754326907 -453757.1433684665 -2416167.030447109  5808220.225493245 -2883513.858296266
 1390126.196487052 -70920.12311631044 -989507.0982064254  -2883513.85856502  2553916.268594668

cov*(cov_.inverse()):
                     1 -2.182787284255028e-11  1.455191522836685e-11                      0                      0
-4.365574568510056e-11     0.9999999999681677  4.365574568510056e-11   2.91038304567337e-11 -8.731149137020111e-11
-1.455191522836685e-11 -2.546585164964199e-11      1.000000000043656   2.91038304567337e-11 -5.820766091346741e-11
 1.455191522836685e-11 -2.091837814077735e-11  1.455191522836685e-11     0.9999999999417923                      0
                     0 -8.185452315956354e-12 -5.820766091346741e-11                      0                      1
