5
2

 0.000249638777503011
0.0003791205366765592
0.0004897831468185631
  0.07745196249580719
   0.5829682030911686

-0.2605054961319125  0.6816942678757878 -0.6617935800092288  0.1043099779719872  0.1363029624931602
-0.3278087996058605  0.3810975999492476  0.4518079886455595  -0.708410959090929  0.2032964944356203
 0.4793418176420499 -0.2522690990445386 -0.3932546236442401 -0.4356252259177985  0.6018082643611391
-0.6583141653994433 -0.3861222238354677  0.0253648798628196  0.2800413872966395   0.581777906219638
 0.4019106354403691  0.4211026886471121    0.45011800975588  0.4680607070459925  0.4893396760401751

0.3992840226362209
 0.399275660191001
0.3990954798832408
0.3989951684710896
 0.398866832859118

0.00156406809130852
 0.3997256215989429

-0.4625653198848243   3.673014741985361   1.747934428499734  -1.060342428843483  -3.898418198734284
  1.574561235577285  0.1540187725837095 -0.1145537526478715 -0.1997542137535815 -0.4143599313809265

   5.1452981551389e-08  3.305505945588017e-07 -8.923544349037725e-07   -0.02180168147767089   -0.08712855109811032
-1.911290093429645e-08 -6.495912991219146e-08  1.435967728938493e-07  -0.008373953417529284     0.1189033359111176

cov:
0.05749683807329579 0.05904323677888719 0.06138144132933114 0.06282653074990353 0.06454151566991598
0.05904323677888719 0.06115951306196533 0.06435880900233444 0.06633670570605969 0.06868307794177585
0.06138144132933114 0.06435880900233444 0.06886006819661504 0.07164347328760991 0.07494446301187604
0.06282653074990353 0.06633670570605969 0.07164347328760991 0.07492560425472598 0.07881716860488554
0.06454151566991598 0.06868307794177585 0.07494446301187604 0.07881716860488554 0.08340915466262701

cov.inverse():
 2794474.813923119 -4222795.059230465  950167.7726316307   309138.613070448  169042.3379852723
-4222795.059256248  8732618.312673515 -5627666.499430907 -279200.9499858515  1397097.979394379
 950167.7726714903 -5627666.499465334  9092712.595956976 -2620387.696356415 -1794967.661917056
 309138.6130796391 -279200.9500283074 -2620387.696303053  4457214.473386021 -1866670.037988641
 169042.3379620036  1397097.979445479 -1794967.661964984 -1866670.037968543  2095480.972680475

cov*(cov_.inverse()):
    0.9999999999872671 -5.820766091346741e-11  4.365574568510056e-11 -1.455191522836685e-11  -2.91038304567337e-11
 3.637978807091713e-12     0.9999999999563443                      0 -1.455191522836685e-11  -2.91038304567337e-11
 2.546585164964199e-11  8.731149137020111e-11     0.9999999999126885  -2.91038304567337e-11                      0
 3.092281986027956e-11 -1.455191522836685e-11  -2.91038304567337e-11     0.9999999999708962  -2.91038304567337e-11
 1.455191522836685e-11                      0                      0                      0                      1
