6
2

0.0001687139534058292
 0.000278565094339012
0.0003134361028049343
0.0004795025957844583
  0.09289469609449169
   0.6498533143292168

  0.3633773826017252  -0.7831970250419638   0.5020391471556622 -0.03057634733693355 -0.03693007769972408 -0.01473936385243002
-0.06764633049436211   0.1379463572090222   0.2565174167914788  -0.7446079858158803   0.5755426650333541  -0.1578074129170053
  -0.228332761773574   0.2629168332297565   0.5222096708779698   -0.304608928656422  -0.6167364556641884   0.3645346254944408
  0.5141329902188519 -0.06423345921790209  -0.4886918644513926  -0.4192022198127484 -0.09662700824002975   0.5546659471133866
 -0.6492656971244017  -0.3908595539879405 -0.09747053767395972  0.06198142188176728   0.2970905840300605   0.5692783555534622
  0.3540710727964169   0.3762324189591641   0.4014129110428998   0.4150484758086877   0.4352279408556281   0.4585432579467839

 0.397996016065341
0.3980620463440547
0.3981337247453075
0.3982277218792208
0.3982587766737851
0.3983160483537035

-0.0004672683969563012
    0.3980217333080852

  1.693076026395437   2.795817864787185  -4.205088176445556   1.956918638976338  0.2763763305695465  -2.517385892252529
  2.367179514477658 -0.7792757535524002  -0.648559978730988  0.2189311480814691 0.05759009921917554 -0.2159208813877054

-1.058450617182481e-07 -1.325649961163962e-07 -3.469595305667577e-07  1.155396904052772e-07   -0.02599051511419559    -0.1091490777890016
 3.242849429773991e-08 -4.111127219719147e-08 -1.242754452303666e-07  3.142909347552835e-07    -0.0108848587610749     0.1273446058560506

cov:
0.05658113750846842 0.05844698107101133 0.06056831736552305 0.06171386028187558 0.06341401662355402 0.06537534641820887
0.05844698107101133 0.06109659164155178 0.06410784672410312  0.0657365177218754   0.068149764895957 0.07093620025491594
0.06056831736552305 0.06410784672410312 0.06812976217829252 0.07030707366656508 0.07353012517586888 0.07725356922383599
0.06171386028187558  0.0657365177218754 0.07030707366656508  0.0727824611610924 0.07644514786691761 0.08067736334554981
0.06341401662355402   0.068149764895957 0.07353012517586888 0.07644514786691761 0.08075697504964999 0.08574005620009288
0.06537534641820887 0.07093620025491594 0.07725356922383599 0.08067736334554981 0.08574005620009288 0.09159226139594064

cov.inverse():
 6378252.434732972  -10873241.8919226     3878956.173459  29351.03432337538  244138.6180530325  342412.8760271449
-10873241.89229222  22516451.83577246  -11823508.3655706 -1180465.198649591  415732.9813924918   945609.270615924
 3878956.174247016 -11823508.36690984   13517175.7674096 -3728900.566310388 -1821689.934238594 -22859.54096638082
 29351.03465012581 -1180465.199141899 -3728900.566463443  8886612.139646912 -3394610.651365603  -611455.246107072
 244138.6168175716  415732.9839358426 -1821689.935149617 -3394610.652014253  8228987.332629322 -3672850.845620499
 342412.8765174709  945609.2695344714 -22859.54045350265 -611455.2457770199 -3672850.845872312  3019302.317923389

cov*(cov_.inverse()):
    0.9999999999818101 -7.275957614183426e-12 -9.913492249324918e-11  1.164153218269348e-10   2.91038304567337e-11  -2.91038304567337e-11
 2.546585164964199e-11     0.9999999996944098 -4.388311936054379e-11  9.458744898438454e-11  5.820766091346741e-11   2.91038304567337e-11
-1.818989403545856e-11  -1.01863406598568e-10     0.9999999999849933  4.365574568510056e-11  5.820766091346741e-11   2.91038304567337e-11
 7.275957614183426e-12 -2.328306436538696e-10  7.412381819449365e-11     0.9999999999854481  1.746229827404022e-10  -2.91038304567337e-11
-6.184563972055912e-11 -1.455191522836685e-11 -4.843059286940843e-11  8.731149137020111e-11      1.000000000116415  -2.91038304567337e-11
 -2.91038304567337e-11 -8.731149137020111e-11 -3.956301952712238e-11  3.637978807091713e-11                      0      1.000000000058208
