6
2

 0.000166890465217205
0.0002005022633578473
0.0005548828777949726
 0.001653933740664425
   0.1175033883445631
   0.7469242035848136

  -0.157613852268396   0.5869902697254589  -0.7218897029023584   0.3296849078663981 -0.02543761856484698 -0.01167658987752966
  0.4517422394116512  -0.5841586006886521  -0.2983316342654967   0.5925577604865991  -0.1083278490511751 -0.05316288156554704
 -0.5309338896094964  0.04989103285939887   0.4446904918160268   0.5979322538682095  -0.3169652691470608  -0.2447049123564696
  0.1356416093762179   0.0979818348644743  0.03132865586431006 -0.08002514870514198  -0.7797842060331439   0.5971197507704258
 -0.5893645260661868  -0.4067152085036544  -0.1960415172553495   0.0569222360885018   0.2922167681397304   0.6001409314115188
  0.3513500203347119   0.3697219719434475   0.3907813943401082   0.4159519400239874   0.4401101853802717   0.4695058432282521

0.3654058302532123
0.3582384139204494
0.3498413680719764
0.3397517428998945
0.3299236213018459
0.3183186113020375

0.09876823898661791
 0.3782091686986641

 34.20940434516271 -54.28709995491053   16.0199892096966  9.327510156790993 -4.172965000029994 -1.042553129733763
-1.769285361850091  18.59622572303488 -52.50042343840779  46.57379253386153  4.140848808688273  -14.1489058716682

-1.270880570705436e-06  1.946596401183114e-06 -2.029770961375987e-06  4.672232598249135e-06   -0.03503054206108625     -0.132555059978148
 1.796724903000683e-06  1.282474035955491e-06  2.622801656737261e-06 -4.231074560870143e-05   -0.01185443727601216     0.1615115137751862

cov:
0.07366649861840678 0.07578128923085581 0.07819487656815578 0.08107020576260572 0.08389082197725115 0.08714766457725676
0.07578128923085581 0.07854516569496658  0.0817059297643536 0.08547720745323234 0.08913874408428414 0.09347328828902046
0.07819487656815578  0.0817059297643536 0.08572703505845782 0.09052986764019091 0.09515968021862251  0.1007350348531035
0.08107020576260572 0.08547720745323234 0.09052986764019091  0.0965697845048774  0.1023607837478967  0.1094239957398269
0.08389082197725115 0.08913874408428414 0.09515968021862251  0.1023607837478967  0.1092434096644945  0.1177005124033818
0.08714766457725676 0.09347328828902046  0.1007350348531035  0.1094239957398269  0.1177005124033818  0.1279540300774693

cov.inverse():
 6890460.961577365 -9967086.767661558 -32532.80892750964  3757903.429525665 -565439.9894777583 -79764.93235700733
-9967086.769448722  20870778.10277989 -10805625.29653788 -1568257.322533095  958702.0101797471  508138.6005229402
-32532.80489907772 -10805625.30295039  21566744.74454138 -12079579.56864482  996474.5978938437  350563.3703575329
 3757903.426711195 -1568257.316504472 -12079579.57213453  13800149.75053428 -2490567.104654822 -1414507.795392837
-565439.9890868288   958702.009225973  996474.5986396727 -2490567.104836116  863732.8136360017  235630.3376937659
-79764.93217565256  508138.6000759188  350563.3707150348 -1414507.795486287  235630.3376954021   400051.579486134

cov*(cov_.inverse()):
     1.000000000100954  4.365574568510056e-11 -3.274180926382542e-11  -1.01863406598568e-10 -4.365574568510056e-11 -2.182787284255028e-11
-4.638422979041934e-11       1.00000000034197  1.091393642127514e-10 -3.492459654808044e-10  1.455191522836685e-11  7.275957614183426e-12
 9.640643838793039e-11  1.891748979687691e-10      1.000000000101863   2.91038304567337e-11 -5.456968210637569e-11 -7.275957614183426e-12
-3.637978807091713e-12   3.92901711165905e-10  2.182787284255028e-11     0.9999999997962732 -2.546585164964199e-11  7.275957614183426e-12
 7.275957614183426e-12  3.055902197957039e-10 -1.309672370553017e-10 -5.820766091346741e-11     0.9999999999672582 -7.275957614183426e-12
 9.094947017729282e-11  3.710738383233547e-10  1.600710675120354e-10                      0 -1.455191522836685e-11                      1
