6
2

0.0001609934865494534
 0.000219071993243214
0.0003503327548585808
0.0007232880060435992
   0.1076501635094446
   0.6788630147647385

-0.06993950476997121   0.2986990065094648  -0.5762985787438415   0.6792974843994695  -0.3351284723643939 0.003339464010689186
  0.2018728069705759  -0.6047390017174243   0.4219588682415517   0.3973198053878573  -0.5005510019942772   0.0841099861432789
 -0.3142863172965593   0.4889041105766116   0.3246590700998057  -0.2671436538724682  -0.5948252422667965   0.3627817098219003
  0.6212148220163861  -0.1075674288941071  -0.4410452655994027  -0.3626027976314445  -0.1972117139462342   0.4874702225499016
  -0.591508629709536  -0.3996622007582019  -0.1957253378426292  0.06060382881209318   0.2329016589997498    0.627824220271188
  0.3461063884484286   0.3670719105292389   0.3893556416321815   0.4173398557697775   0.4361019258075255     0.47907548444668

0.3981260310255084
0.3970600874144027
0.3958840788023221
0.3944463860896948
0.3934457084846348
0.3911669657624063

0.01502674586681186
 0.4002441684554848

  0.349036593745199   1.237823285688435  -2.113213593860666   4.375577757681729  0.2372559516763145  -4.088623542802901
  1.392927612362342 -0.0450481110185562 -0.4787351552923245  0.4855163997607589 0.03099210451125647 -0.3856483198750126

 1.151400873057744e-07 -1.410679750499643e-08 -3.662238508687852e-07 -1.365811911325168e-06   -0.02936613192560913     -0.127567527710652
 1.252281555565442e-08  1.206461814128108e-08 -1.108612777731541e-07  3.720313820560659e-07    -0.0106348329222837     0.1431200944142788

cov:
0.05926049920973619 0.06128926967191586 0.06344560999437442 0.06615220616647073 0.06796385156665184 0.07211144524992523
0.06128926967191586 0.06394751963374302  0.0667726268798927 0.07031941007227403 0.07269532209871427 0.07813594416437608
0.06344560999437442  0.0667726268798927 0.07030868129946076 0.07474861031900457 0.07772435456784353 0.08453951288604979
0.06615220616647073 0.07031941007227403 0.07474861031900457 0.08031095149432238 0.08404047068643382 0.09258292513038435
0.06796385156665184 0.07269532209871427 0.07772435456784353 0.08404047068643382 0.08827633493362562 0.09797888621428051
0.07211144524992523 0.07813594416437608 0.08453951288604979 0.09258292513038435 0.09797888621428051  0.1103402837382116

cov.inverse():
 2580371.192462293 -4729408.365299229  1974905.779373943  91750.13620369234  87818.26885590276 -5382.555987608717
-4729408.365233611  13032114.66523169 -10574484.80212735  1832367.242293546  116213.0178315759   323520.479518596
  1974905.77901631 -10574484.80082978  17754389.10091984 -12011622.08076126  1643342.012193566  1213925.876044982
 91750.13665115017  1832367.239943458 -12011622.07797467  21925542.22097896 -11495788.67815419 -343660.1903164024
 87818.26878819766  116213.0187040876  1643342.010462485 -11495788.67707583  12510970.59071736 -2862396.761413053
-5382.556075393718  323520.4797644429  1213925.875929119 -343660.1905107007 -2862396.761260934  1674432.668873797

cov*(cov_.inverse()):
    0.9999999999708393  7.275957614183426e-11 -7.275957614183426e-11 -2.728484105318785e-10  -2.91038304567337e-11  1.455191522836685e-11
 8.810729923425242e-12      1.000000000032742 -8.731149137020111e-11 -3.528839442878962e-10                      0                      0
-3.109335011686198e-11 -1.127773430198431e-10      1.000000000116415 -3.456079866737127e-10                      0   2.91038304567337e-11
 3.569766704458743e-11 -2.401066012680531e-10  1.891748979687691e-10     0.9999999997526174                      0                      0
 2.353317540837452e-11 -3.637978807091713e-12  2.473825588822365e-10 -2.692104317247868e-10                      1                      0
  2.41016095969826e-11                      0                      0  1.527951098978519e-10                      0                      1
