5
2

                 nan
6.71162678015359e-09
0.003859295890350493
 0.04055852722106565
  0.8416607881438062

  0.3291514128529065   -0.814905208232644    0.419788106767867  -0.1236926761922805   0.1899129176356582
                   0   0.2687299750719082  0.05361780189867658  -0.8220172692854846   0.4991962948719083
  0.3641727582140963  -0.1762358750261335  -0.7816483073636384   0.1623070964057575   0.4460957840872319
 -0.8037981731743628  -0.2381763925244523 0.009293107539024988   0.2243974030337201   0.4967292486954903
  0.3360744655477869   0.4194360791479126   0.4580858418283979   0.4819646696811721   0.5186470358647415

0.5775381477639258
0.6217573300115077
0.6411773188246415
0.6498977193366895
0.6693935127061764

-0.2187139056334903
 0.5342502407729626

-634.3254166362502   1596.93657603524 -874.6664709786406  282.8359495820107 -371.3125402905521
 155.6988292509953 -387.2000177467498  218.4433413582823 -73.76126071406281   88.2188846725183

 1.173677381018934e-15 -1.603943662395599e-15  0.0007671289915797397  0.0006818535960584982    -0.2148550961157472
-2.867027823979936e-16  5.554961503829931e-16 -0.0002744095780872209  -0.005970421786789162     0.1350812020014418

cov:
0.08107496737009454  0.1001702759413005  0.1090412329201469   0.114446831208185  0.1228213536755309
 0.1001702759413005   0.124718948412462   0.136107410644619   0.143115664725554   0.153907488136767
 0.1090412329201469   0.136107410644619  0.1486602735179125  0.1564013653714765  0.1683058267317953
  0.114446831208185   0.143115664725554  0.1564013653714765   0.164635766844114  0.1772610853839728
 0.1228213536755309   0.153907488136767  0.1683058267317953  0.1772610853839728  0.1909628144493809

cov.inverse():
      9809066537597586 -2.709978152508204e+16  1.194853457037447e+16       4923790121707954      430932603813920.8
-2.574855842407473e+16  7.379401789688944e+16  -3.08343256591485e+16 -2.105463509265251e+16       3805898072729662
 1.221813461230431e+16 -3.322509730701926e+16  1.498885134429922e+16       4510970330969506       1521829910828752
     790538059365319.9 -1.031384864606599e+16     -659119909927859.8  2.526506221526103e+16 -1.506730540160808e+16
      2940982200569940      -3188047937886060       4567505543438031 -1.362577063082049e+16       9300397749755012

cov*(cov_.inverse()):
 0.5625  1.0625   -0.25       0       0
  0.125    1.25   -0.25   -0.25       0
 0.5625  0.6875    1.25     0.5    0.25
-0.3125    2.25    -0.5       1    0.25
  -0.25  -0.625    0.25     0.5       1
