5
2

 0.000168128740453917
0.0004343814316843636
 0.000498423880296678
  0.08718923543261049
   0.5894539472474689

   0.4066402505123097   -0.8056478991858165     0.429962762294069 -0.004833031837667588  -0.02615022073476053
   -0.177417150054608     0.154570993958236    0.4690647827915897   -0.7821334352762414    0.3359709535970753
  -0.4748251087555328    0.1116293489324951    0.6284797690893481    0.2747128248294404   -0.5400241182316146
  -0.6490349706075189   -0.3738890227142769  -0.04752997334290172    0.2981600288054823    0.5897474921345554
    0.395552252621042    0.4180731485217793    0.4448194398456028    0.4731568369189912    0.4970025468181882

0.4000222569350103
0.4000673662882112
0.4001200671873093
0.4001995636128155
0.4002329551547368

-0.0002393373287388018
    0.4000949118815406

   1.577429936774865    4.568100964505099   -5.189124993310046   0.5551790984247493   -1.511613925729897
   2.220683667320696  -0.4369949322340703  -0.6799742794043342 -0.01925395905442182 -0.08469235003068459

-1.479260086435492e-07 -5.566057208597673e-07 -6.288929530390709e-07   -0.02441042952415913   -0.09140056147548807
 2.727869815805728e-08 -1.497952243855854e-07 -3.701854170393729e-07  -0.009892300769787071     0.1188411756189932

cov:
0.05756587544945165 0.05930343176722987 0.06136906827671049 0.06355813972002047 0.06539680569200128
0.05930343176722987 0.06179287112935326 0.06475047920854109 0.06788423855065567 0.07051934843664912
0.06136906827671049 0.06475047920854109 0.06876645978382213 0.07302107448158332 0.07660116687355209
0.06355813972002047 0.06788423855065567 0.07302107448158332 0.07846347748528512 0.08304443183582513
0.06539680569200128 0.07051934843664912 0.07660116687355209 0.08304443183582513  0.0884697002338987

cov.inverse():
 6924167.538625527 -11948354.39120189  4542973.847759011  140799.4962838557  340026.1941637688
-11948354.39122345  23138639.85856893 -11587742.74720758 -379543.5428826986  777848.2066267178
 4542973.847764767 -11587742.74720693  9296022.568707552 -1322869.636361083 -928737.5009268591
 140799.4963425242 -379543.5429756948 -1322869.636334511  3546665.574020074 -1985314.104454526
 340026.1941209041  777848.2066975081 -928737.5009470305 -1985314.104462278  1796351.542124423

cov*(cov_.inverse()):
    0.9999999999636202  1.746229827404022e-10 -5.820766091346741e-11  4.365574568510056e-11   2.91038304567337e-11
 3.274180926382542e-11     0.9999999999345164 -3.637978807091713e-11  5.820766091346741e-11  1.455191522836685e-11
                     0 -1.455191522836685e-10     0.9999999999417923  5.820766091346741e-11                      0
 8.731149137020111e-11 -6.548361852765083e-11  4.365574568510056e-11      1.000000000058208                      0
 4.365574568510056e-11 -4.365574568510056e-11  4.365574568510056e-11   2.91038304567337e-11                      1
