5
2

0.0001281459752576199
0.0002225439808530817
0.0004374546978752342
  0.05707755646030118
    0.547951787736651

 0.00552307388082723  0.05277866599230224   -0.531135184155499   0.7856357332417861  -0.3128191472348284
 -0.1392413826661363   0.6707500127188641  -0.5729429477165987  -0.2967661566830966   0.3381900127150781
  0.5780442463117228  -0.5153523514506219  -0.4337095870047215 -0.08219125080311096   0.4532299588419121
 -0.6844630655872843  -0.3024172991919338  0.02232689940424563   0.2795861594598469   0.6011548702271319
  0.4218488996796118   0.4361932643421811   0.4483629093904913   0.4580202185833048   0.4700714018459421

0.3988133537649404
0.3987585172174656
0.3987909050384996
0.3987230108911677
0.3986330503999561

0.001374957520705872
  0.3991740845906858

 0.7602807858175913 -0.9818784630410492   5.169510017720964   6.668264550276117  -11.61655088200723
   1.51049685825751 -0.4314987632449497  0.4070384685455534  0.5478758068772092  -1.033945052140192

 9.983178794995264e-08  -4.77122302538304e-07 -1.360543634461111e-06   -0.01702883253609047   -0.05889636057659718
 8.592407854279035e-09 -6.167065379138271e-08  7.756585655823631e-08  -0.004439407877178138     0.1190182790939996

cov:
0.05495797694060602 0.05592280178002911 0.05674009477136981 0.05738967634655531 0.05819908303363888
0.05592280178002911  0.0574251799003786 0.05869901089268468 0.05971032112102127 0.06097178325894224
0.05674009477136981 0.05869901089268468 0.06036096130494081 0.06167970653661139 0.06332539198773861
0.05738967634655531 0.05971032112102127 0.06167970653661139 0.06324212210032729  0.0651922827432769
0.05819908303363888 0.06097178325894224 0.06332539198773861  0.0651922827432769 0.06752302620284496

cov.inverse():
 2139525.085300566 -3424671.269654046  122112.4285899768  850265.3739525389  312876.3535935045
-3424671.269431751  10641772.27383753 -8298713.882358273 -1272869.641685735  2354241.080577803
 122112.4279618841 -8298713.879769505  24790174.20470653 -21791244.92369673  5178293.595088069
 850265.3744584507 -1272869.645456649 -21791244.91893374  39400147.26598473 -17187054.73598424
 312876.3534933795  2354241.081982309  5178293.592285734 -17187054.73448635  9341931.216983825

cov*(cov_.inverse()):
     1.000000000007276 -1.164153218269348e-10 -5.820766091346741e-11                      0                      0
 2.182787284255028e-11     0.9999999999417923 -2.328306436538696e-10  1.164153218269348e-10                      0
-7.275957614183426e-12 -8.731149137020111e-11      1.000000000174623 -2.328306436538696e-10  2.328306436538696e-10
 3.274180926382542e-11 -5.820766091346741e-11 -3.492459654808044e-10      1.000000000698492 -2.328306436538696e-10
 2.182787284255028e-11   2.91038304567337e-11  5.820766091346741e-11                      0                      1
