6
2

9.101007928024345e-05
0.0001758617923358004
0.0003220725407449595
0.0007848417990624331
    0.098545682540924
   0.6878986580760411

-0.01293557325876643   0.4576812340627843  -0.7930033711254012   0.4001006774950451 -0.03230674311267331 -0.01954314540807251
 0.04444800778945739  -0.4614025111353957   0.1253349968990132   0.7407440057642373  -0.4693754586449151  0.02020476726048555
  -0.123537267100912   0.4886250171792699   0.2056921997161515  -0.1968790766690428  -0.7323693695472067   0.3585367358008082
  0.6290192389044388  -0.3525486612528649  -0.3657325813719222  -0.2867938952882635  -0.1226577556869064   0.4989872283487419
 -0.6864502348975525  -0.2592450493025624  -0.1534849943715381  0.01732006135699755   0.2032883306050535   0.6295985276653496
  0.3401712234778671   0.3839044792030959   0.3947271796289226     0.41219615726287   0.4311693279095996   0.4746353145682211

0.3976474069313098
0.3953587599748233
0.3948501045873247
0.3938908506024984
0.3928706828471047
0.3905453775846522

0.01531181904668924
 0.3998032111560759

 0.7978264105976212  -2.369685984410362    2.60287284912932   2.759136655491756  0.1466785438052426  -3.938939459017959
  1.390664387200726 -0.8695492564025361  0.5868957297580851  0.2245282070494124 0.03219409121953735  -0.364728663888965

-1.642316360466038e-08  1.036207055993658e-07 -2.887813654836639e-07 -1.471847201757932e-06   -0.02656206687565892    -0.1324602600705633
-6.505785208335041e-09  2.104361952565003e-08 -6.996782611570467e-08   4.41241981278955e-07    -0.0100848856150188     0.1439590080988164

cov:
0.05933387990798706 0.06352538429340902 0.06456249277411298 0.06623588442873089 0.06805035688445686 0.07220542153361155
0.06352538429340902 0.07039492559784782 0.07209474981696665 0.07483819821127694 0.07781672619389697 0.08463962735542858
0.06456249277411298 0.07209474981696665 0.07395865508638336 0.07696700569958924 0.08023369989144627 0.08771702453956247
0.06623588442873089 0.07483819821127694 0.07696700569958924 0.08040312563874272  0.0841351339920323 0.09268489386649885
0.06805035688445686 0.07781672619389697 0.08023369989144627  0.0841351339920323 0.08837343611036319 0.09808333546708524
0.07220542153361155 0.08463962735542858 0.08771702453956247 0.09268489386649885 0.09808333546708524  0.1104525519065265

cov.inverse():
  873593.892119013 -2319810.258035598    800154.57179065  381331.8245676284  122820.8056041411  142071.0350222804
-2319810.257873579  34676987.35932086 -44510283.02989347   10293853.4246936  1837768.292282068   21964.3849996765
 800154.5713745968 -44510283.02344521  77055559.58027044 -35524079.36602962 -188528.4023055717   2367630.94757531
 381331.8248127013  10293853.41336875 -35524079.34927826  37575607.34407307 -11355488.03917519 -1372921.090422611
 122820.8056785383  1837768.297203482  -188528.414205619 -11355488.03126013  12444753.92446892 -2861137.799872373
 142071.0349568081  21964.38511747367  2367630.948755325  -1372921.09266603 -2861137.798861184  1702822.458031132

cov*(cov_.inverse()):
     1.000000000007276  6.752998160663992e-11  8.731149137020111e-11   2.91038304567337e-11  -2.91038304567337e-11  1.455191522836685e-11
-9.094947017729282e-12     0.9999999998608473  1.047737896442413e-09 -4.365574568510056e-10  -2.91038304567337e-11                      0
 -2.91038304567337e-11  4.715730028692633e-10      0.999999999825377                      0   2.91038304567337e-11   2.91038304567337e-11
 3.637978807091713e-12  2.446540747769177e-10  7.566995918750763e-10      1.000000000058208 -1.746229827404022e-10  5.820766091346741e-11
-1.818989403545856e-12  6.184563972055912e-10 -3.783497959375381e-10  6.111804395914078e-10     0.9999999998835847                      0
  -1.2732925824821e-11  2.119122655130923e-10  1.455191522836685e-10 -2.619344741106033e-10                      0                      1
