5
2

0.0001786087828679004
0.0003320583368273537
0.0004367114986926395
  0.08928829105553779
    0.591603812619992

-0.2363976708932274  0.7371038877160195 -0.6254954448748139 0.09209222435712229 0.03268746799621267
 -0.475357780510502  0.3750546092654525  0.5445447523626785 -0.5672108314533052   0.122930492284004
 0.4060545127578211 -0.1006359824671328  -0.326819491935134 -0.5884267285996084  0.6098648509815162
-0.6303815191106897 -0.3623708031159844 -0.1114227922166653  0.3120318515531606  0.6012716743733432
 0.3948290702786386  0.4178177818913645    0.43931815598838  0.4755849068051645  0.5003567333776756

0.3994189879866617
0.3993166388679841
0.3992868965646263
0.3990963518582957
0.3989690574833077

0.001489016379927889
  0.3998403391378905

   2.151044052983766   -1.995467991452847    3.745685272851206  -0.8765677142452596   -3.024874124726874
   2.535394607891812   -1.413648333861644   0.1854410973392922 -0.07631215375812878  -0.2308350572754137

-1.436148686472545e-07  4.345649727397101e-08 -2.820464025794001e-07   -0.02505343873965551    -0.0942530601887543
-5.652660050360014e-08 -1.785733162387066e-07  1.936334658894257e-07   -0.01011912511274766     0.1190245534305076

cov:
0.05772886667258165 0.05955861600906634 0.06126852088511032 0.06415205545970032 0.06612166839687772
0.05955861600906634 0.06214614535360719 0.06456523398129292 0.06864530242152098 0.07143219031410268
0.06126852088511032 0.06456523398129292  0.0676482466731531 0.07284837040700122 0.07640030056652605
0.06415205545970032 0.06864530242152098 0.07284837040700122 0.07993856187427731 0.08478123863023698
0.06612166839687772 0.07143219031410268 0.07640030056652605 0.08478123863023698 0.09050598233327942

cov.inverse():
 4665696.404234399 -7293329.626573549   1591700.32154628  510049.1493471105  526218.2297552155
-7293329.626781479  18360310.24792383 -12427933.70740092   509010.778404844  851581.8694578109
 1591700.321840736 -12427933.70780022  15513644.09528075 -3598570.720061976 -1078902.646434419
 510049.1493142997  509010.7785033535 -3598570.720138458  4999193.869194995 -2419630.323078514
 526218.2297014933  851581.8695507075 -1078902.646462814 -2419630.323089297  2120787.509064937

cov*(cov_.inverse()):
     1.000000000101863 -6.548361852765083e-11 -4.365574568510056e-11  -2.91038304567337e-11   2.91038304567337e-11
                     0      1.000000000189175 -2.182787284255028e-10  -2.91038304567337e-11                      0
 4.365574568510056e-11 -1.455191522836685e-10     0.9999999998399289                      0                      0
  2.91038304567337e-11  5.820766091346741e-11  4.365574568510056e-11     0.9999999999126885                      0
  2.91038304567337e-11  1.455191522836685e-11  5.820766091346741e-11                      0                      1
