5
2

                  nan
                  nan
3.768995100686108e-09
  0.05734460708078826
   0.8310616434231115

                  0 -0.0616188984687763 -0.3494465417367661  0.8343725096101822 -0.4217970377166195
                 -0 -0.4339476765561516  0.7804272545807096  0.0700205565626873 -0.4446569868761594
 0.5503550877303751 -0.7265973616256362 -0.2058682225206965  0.0390361845990042  0.3539208989817873
-0.7775832486525666 -0.3641536480591329  0.0397374064792586  0.2223639114864308   0.460143066246687
 0.3040946708250766  0.3838501270638078  0.4741936611325606  0.4979458846359363   0.536074415398385

 0.488109021739321
 0.509992761803595
0.5366092980480224
0.5423577192998255
0.5543638491053644

-0.1346277170110418
 0.4703737447659175

-3.853355073034977  -2.41654287807548  10.49956237428584 0.9087162211533398 -7.030582196758519
 4.711250987570492 -5.614798084396027   6.31843209009349 0.3499186150406567 -4.156075498394546

 -8.23142157078465e-18 -4.172258898405411e-17 -7.073091223815308e-17    0.00414508147487452       -0.3018011778237
-7.400445020978969e-18 -3.100892768131128e-17  5.560718927851949e-17   -0.01053026721701876     0.1518496793647739

cov:
0.06585640101517407 0.08155006356010597   0.099491899269671  0.1040135319175896  0.1114135525859922
0.08155006356010597  0.1021990572032851  0.1256664917074178  0.1317447811177445  0.1415683469560335
  0.099491899269671  0.1256664917074178  0.1553075203729284  0.1631104333969289  0.1756289123426488
 0.1040135319175896  0.1317447811177445  0.1631104333969289  0.1714126730218224   0.184699440818075
 0.1114135525859922  0.1415683469560335  0.1756289123426488   0.184699440818075  0.1991762075171628

cov.inverse():
 3.723573109163569e+16 -2.704906787265071e+16 -4.070436812405226e+16 -2.419277186876633e+16  5.672355257404846e+16
-4.657903416942246e+16  2.496424343453345e+16   6.09330574360269e+16  4.233610013724016e+16 -8.467714009822069e+16
-1.765821461895104e+16  2.713730758312798e+16      -1772685897647472      817552152795627.1      -8605876691079738
     591413331377544.1       3950179171921912       3226552913703130 -2.213740732181557e+16  1.454480439666647e+16
 2.730050526487213e+16 -3.020544323097792e+16 -2.196939903151615e+16       3249042212404628   2.25571810069036e+16

cov*(cov_.inverse()):
      1       0     0.5  0.4375      -1
    1.5       0    -0.5 -0.3125     0.5
      0       0       1   1.125    -2.5
      0       1       0    1.25    -1.5
      0       0     0.5     0.5    -0.5
