6
2

0.0001424894399906985
0.0002574943882558431
0.0004336709363743252
0.0006203280735569709
   0.1131287279645253
   0.6294445884189458

 -0.1483064171120413   0.5692716798481131  -0.7299412316842319    0.346921423551001 -0.01415122171239688 -0.02379134840643451
  0.4263516305721126  -0.5997077107176925  -0.2584561056695739   0.6127046904367843 -0.09274640146276486 -0.08812750756055117
 -0.1330699830368604  0.09175894324214971    0.198150733912399   0.2073988905190159   -0.824460131150745   0.4602826902611135
  0.5458134784715224 -0.04304691282931829   -0.412771470138799  -0.5327528247981977  -0.0506410428771799    0.493420952027768
 -0.5943165547886831  -0.4080270134508993  -0.1907638673142778  0.06699173955344324   0.3394077926541505   0.5694079320162225
   0.356927657641414   0.3735259457573738     0.39287579048111   0.4158253514526703   0.4401149567381218   0.4605624064718919

0.4000069764158183
0.4001165703734454
0.4002038342839018
0.4002948457647489
0.4004159787418571
0.4004862716776119

-0.0006329928946723921
    0.4001136386676253

  0.3431390993850072   0.9928423680149688    4.208187499164723   -4.214241429885448   0.3583441376907749   -1.688510490546618
   1.483328535723569  -0.3118682610381915   0.3112724627619389  -0.3069527859819136 -0.05190895307218105  -0.1240609727130613

-8.089484997086814e-08 -2.654299509698381e-07 -2.007399447506916e-07 -7.642763445618257e-08   -0.03242984165210127   -0.08942920744818633
-1.477137612631889e-08  3.757247066917787e-08 -4.556802217279153e-08  3.076553194895623e-07   -0.01180649207890816     0.1298028204158706

cov:
0.05499547190302823 0.05592561478158743 0.05700937330647019 0.05829425725776802 0.05965724650264732 0.06079949257816659
0.05592561478158743 0.05740927828127648 0.05913832112460201  0.0611886401532449 0.06336073555597201 0.06518573547921641
0.05700937330647019 0.05913832112460201  0.0616199173462952 0.06456289013352604  0.0676785726121221 0.07029980849154785
0.05829425725776802  0.0611886401532449 0.06456289013352604 0.06856489431290512 0.07280000224366139 0.07636585720025732
0.05965724650264732 0.06336073555597201  0.0676785726121221 0.07280000224366139 0.07821894197183454 0.08278330039407054
0.06079949257816659 0.06518573547921641 0.07029980849154785 0.07636585720025732 0.08278330039407054 0.08819075464942849

cov.inverse():
 4693259.290044704 -8140558.129940993  2944279.495522595  503364.2050556943  18484.63527131397 -18730.50373257282
-8140558.130171068  21435401.63575681 -17985860.91669926  4346071.598500473     45507.38220417  299387.6902228101
 2944279.496053076 -17985860.91723385  27901842.37261459  -14070895.4745573  55964.24973577751  1154540.370922419
 503364.2046991401  4346071.598825556   -14070895.474477  12556100.24188715 -1937943.412780287   -1396437.8868159
 18484.63527461047   45507.3820968758  55964.24997249068 -1937943.412937343  3760526.750931139 -1942841.640046847
-18730.50367973118  299387.6903095611  1154540.370601257 -1396437.886609986 -1942841.640071185  1904225.124252032

cov*(cov_.inverse()):
     1.000000000020918 -3.637978807091713e-12  8.731149137020111e-11  2.182787284255028e-10  1.455191522836685e-11 -1.455191522836685e-11
 3.205968823749572e-11     0.9999999999672582  4.365574568510056e-11  5.820766091346741e-11                      0 -1.455191522836685e-11
 1.659827830735594e-11 -2.437445800751448e-10      1.000000000334694   2.91038304567337e-11  -2.91038304567337e-11   2.91038304567337e-11
 1.341504685115069e-11  4.001776687800884e-11  7.275957614183426e-11      1.000000000014552   2.91038304567337e-11                      0
 2.728484105318785e-11  1.091393642127514e-11  1.309672370553017e-10  2.182787284255028e-10     0.9999999999126885  -2.91038304567337e-11
-1.932676241267473e-11  2.182787284255028e-11  7.275957614183426e-11 -4.365574568510056e-11                      0                      1
