5
2

0.0002061761336958881
0.0004318642420540163
0.0006211430154186823
   0.1016069460841844
   0.5838778990384106

   0.1901247683763984   -0.7136313417156745    0.6663839304923906  -0.05898045151045265  -0.08388470714047072
 -0.08670476757332578    0.2211583392301631    0.2447447100667139   -0.8266714845274459    0.4475327427491316
   0.5217240865051863   -0.4223766340048558   -0.5431650088491882  -0.05725192786542238    0.5010947480513144
  -0.7343459778083377   -0.2922863894637417 -0.009942881771159085    0.2884286340321426    0.5403838576265986
   0.3806242480017817    0.4218838023567867    0.4482247163419469     0.476095266553719    0.4995669524371911

0.3998686395176522
0.4000363684187931
0.4001078935546979
0.4002099933654383
0.4002634007346483

-0.0004598162663725878
     0.399995765452167

  0.7434850209877534    4.970899827737804   -4.373830804103039     0.38160272911289   -1.722344175400223
   1.376067078799479  0.01016459997156607  -0.2177674158464299 -0.03225623478932249  -0.1363119313889626

-2.634986559398249e-07 -2.092316735200409e-07 -8.522392776987036e-08    -0.0286601186547894    -0.0883223104102068
 5.211168351305123e-09 -3.817788085507923e-08  2.953284430751331e-07   -0.01129730986869185     0.1182935621828981

cov:
0.05495722125451744  0.0569594389154294 0.05823687018445819 0.05959139551223897 0.06072700586785788
 0.0569594389154294 0.06155988330307795 0.06449637878095631 0.06760442989220507 0.07021993811392231
0.05823687018445819 0.06449637878095631  0.0684925064554682  0.0727204893963149 0.07628117666528819
0.05959139551223897 0.06760442989220507  0.0727204893963149 0.07813270772879931 0.08269237831779502
0.06072700586785788 0.07021993811392231 0.07628117666528819 0.08269237831779502 0.08809566857016701

cov.inverse():
  1596218.86105484 -3865753.515904371  2132207.753009664   43073.6642897204   94331.5444027108
-3865753.515980043  12705047.97270076 -10302356.73632834  72567.73830424802  1390341.335303638
 2132207.753158704 -10302356.73664773  11532384.24971385 -1928808.349418583 -1433189.995644449
 43073.66421429337  72567.73861894113 -1928808.349720015  3754474.063978837 -1941594.391131238
 94331.54440477637  1390341.335232647 -1433189.995513356 -1941594.391193402   1890255.50420178

cov*(cov_.inverse()):
    0.9999999999727152  1.455191522836685e-10 -8.731149137020111e-11 -1.455191522836685e-11  1.455191522836685e-11
-4.547473508864641e-12      1.000000000101863 -5.820766091346741e-11  -2.91038304567337e-11   2.91038304567337e-11
-6.366462912410498e-12  8.731149137020111e-11      1.000000000014552                      0   2.91038304567337e-11
-5.820766091346741e-11  1.600710675120354e-10 -1.455191522836685e-10                      1                      0
-5.456968210637569e-12  7.275957614183426e-11 -5.820766091346741e-11                      0                      1
