6
2

0.0001642681191661236
0.0002620077599582029
0.0003801620552587346
0.0006071771454405625
  0.09536038367899438
   0.6233386362714274

-0.03996172993913757   0.2139853547476181  -0.6995606004680711   0.6724563528543592 -0.06255692944730915 -0.08436455683814716
  0.2898735225520446  -0.6932799992884447   0.2865469918854717    0.498365896576976  -0.3174128678599432 -0.06408985408958172
 -0.2545261769206569   0.3419800539761605   0.2030561722715241  0.06748560785842136  -0.7741403607353644   0.4161570057797332
  0.5560948440805249  -0.1949330118410279  -0.4664921586388339  -0.3314993462725916  -0.1205518491872396    0.557422771591281
 -0.6390573359769022   -0.418141397177976 -0.08385331945380958   0.1056550526539467    0.308665962413999   0.5507217515338068
  0.3632589600365791   0.3791855035246575   0.4032712057184775   0.4169229816601094   0.4315495094194255   0.4489697816020106

0.4000193676430827
0.4000223344571232
0.4000800647622494
0.4000338518595081
0.3999983909620527
0.3999554766788359

0.000576839143972972
  0.4002773409875138

  0.5076420201857281   0.3810521915080515    3.514392757428102   0.1365933582094556   -1.037658477507018   -3.502321765827753
   1.489198342389775  -0.3156117707537773   0.2188646788982737  -0.0226911282961465 -0.05790404474294841  -0.3118856556415135

-5.248498172016936e-08  1.037902268926968e-07  1.007599223550479e-08 -1.218022663919561e-06   -0.02739995637317346    -0.0843701125468817
-7.163736369213422e-09  5.081750152906074e-08  -7.64570927919263e-08  2.315986069364211e-07  -0.009367301696032056     0.1301937084708322

cov:
0.05498596414661823 0.05594989862991349 0.05740677708634917  0.0582323912895048 0.05911714211629538 0.06016935371783118
0.05594989862991349 0.05745652125404685 0.05973399809273394 0.06102474678438063 0.06240776269173452 0.06405394453533882
0.05740677708634917 0.05973399809273394 0.06325319662190741 0.06524775871032472 0.06738474578126742 0.06992970275769217
 0.0582323912895048 0.06102474678438063 0.06524775871032472 0.06764138109618494 0.07020579272403131 0.07326030539169522
0.05911714211629538 0.06240776269173452 0.06738474578126742 0.07020579272403131 0.07322828673953106 0.07682855499674206
0.06016935371783118 0.06405394453533882 0.06992970275769217 0.07326030539169522 0.07682855499674206 0.08107991720519483

cov.inverse():
 2570320.667846586 -4140630.209081108  1184717.867432246  489638.9108208925 -66154.89203765448 -37818.43250733045
-4140630.208964558  9610694.048228776 -7714272.848536986  634577.6520581344  941393.8612281559  668201.2843439105
 1184717.867350787 -7714272.848648483  20207773.99756242 -14838896.98008521 -638273.1309056969  1798990.422322566
 489638.9105755613  634577.6526747104 -14838896.98052133  20705572.11359824 -4116366.416701034  -2874581.82279863
-66154.89183954093  941393.8609596478 -638273.1309504326 -4116366.416582332  5798793.576272281 -1919487.815405079
-37818.43249520571  668201.2842238818  1798990.422610486 -2874581.822982215 -1919487.815401511  2364789.471326848

cov*(cov_.inverse()):
     0.999999999992724 -8.731149137020111e-11  7.275957614183426e-11  -2.91038304567337e-11 -1.455191522836685e-11  -2.91038304567337e-11
 -1.13686837721616e-11                      1  1.309672370553017e-10 -1.164153218269348e-10  8.731149137020111e-11                      0
-8.185452315956354e-12                      0                      1 -5.820766091346741e-11  5.820766091346741e-11  -2.91038304567337e-11
 8.640199666842818e-12                      0 -1.455191522836685e-10                      1                      0  -2.91038304567337e-11
-2.046363078989089e-11 -2.182787284255028e-11  -2.91038304567337e-11   2.91038304567337e-11      1.000000000029104  -2.91038304567337e-11
-2.273736754432321e-11   2.91038304567337e-11  5.820766091346741e-11  5.820766091346741e-11                      0                      1
