5
2

0.0002343072019634248
0.0004997869954564237
  0.00160918645842638
  0.09629903566838346
   0.7135640920340058

  0.5561026961638879  -0.7269009254927629   0.2105619894166692  -0.2619697720004798    0.222261834348435
 -0.2123334245720212   0.3231716734001731   0.3070176345191041  -0.7872085974314924   0.3694825876079764
  0.1758737947351975  0.09704390140224897  -0.7938461658802218 -0.04877529111759129   0.5719091933338174
 -0.6848467711862981  -0.4392202790034192   0.1299679123998693   0.2850116074319259   0.4898440281184934
  0.3817297688809676   0.4060087951538568   0.4629475427852272   0.4775602760839969   0.4970462726381661

0.3582369226238972
0.3498196352434634
0.3298980556171423
0.3249719975102057
0.3182658068312825

0.09876823898661791
 0.3782091686986641

-2.936031520324122   8.11388996023234 -7.845423741380595    8.3996775744505 -5.690985372646662
 2.088943719534002 -6.976773042769009  14.28863244589053  2.484249382160942 -11.01113391339549

 -6.94375009900044e-07 -1.967848490082827e-06  7.340320428919405e-06   -0.02750888822234335    -0.1404353626694091
 3.372817022944952e-07 -1.082934375650783e-06 -4.679497209088149e-05   -0.01108091683442878     0.1491898422293149

cov:
0.07854510175070462 0.08170407752145654 0.08915582733715716 0.09101176838188386 0.09349855832824583
0.08170407752145654 0.08572286710687013 0.09517512845380653 0.09756461184019447  0.1007588573466542
0.08915582733715716 0.09517512845380653  0.1092846305840032  0.1129144012610376  0.1177533486938474
0.09101176838188386 0.09756461184019447  0.1129144012610376  0.1168775672144953  0.1221568751625516
0.09349855832824583  0.1007588573466542  0.1177533486938474  0.1221568751625516  0.1280199452228656

cov.inverse():
 5825478.338569543 -7631161.079792329  1817957.765355955 -1987757.251909861  1976104.924739765
-7631161.079788041  10046295.81497445 -2420483.346565322  2448284.565323975 -2443412.231593058
 1817957.765385642 -2420483.346605492  1428314.838945609  -1957368.95602685  1131276.269074496
-1987757.251981393  2448284.565419042 -1957368.956038778  3731891.424492809  -2235771.64530916
  1976104.92477734 -2443412.231643692  1131276.269075945 -2235771.645297552  1572698.467803117

cov*(cov_.inverse()):
     1.000000000087311 -3.201421350240707e-10   2.91038304567337e-11                      0  -2.91038304567337e-11
 1.164153218269348e-10     0.9999999997962732  1.455191522836685e-11                      0  -2.91038304567337e-11
 8.731149137020111e-11 -4.074536263942719e-10      1.000000000058208                      0  -2.91038304567337e-11
  2.91038304567337e-11 -2.328306436538696e-10   2.91038304567337e-11      1.000000000058208                      0
  2.91038304567337e-11 -1.164153218269348e-10                      0                      0     0.9999999999708962
