5
2

0.0001628690073205694
0.0003651453328560198
0.0006217876290888191
  0.08465309025398625
    0.577106086912474

-0.05122763729378021   0.5959727412493163  -0.7831789744011202   0.1333244525843837        0.10510711329
 -0.1200020505292832   0.3910009463417084   0.2111185687997222  -0.8206782624980858   0.3385762945035224
  0.4468320276855722  -0.5207120442123211   -0.371447170746744  -0.1594574282156514   0.6048143797709477
 -0.7947458486021449  -0.1768750798847796  0.03064828149657551    0.254703371639532   0.5208465393589272
  0.3894809523071968   0.4353262279895879   0.4507186773914669   0.4673449484786398   0.4870698471433239

0.3997624182303801
0.3998703444961928
0.3998414909523626
 0.399819029557655
0.3997948380909886

0.0003421725622189938
   0.3999959660325801

  0.2057143327719525    4.340961606326617   0.9343216271048932   -1.491099122870219   -3.990196377844915
   1.313236311798703  -0.0467294383858568    0.155053049881513 -0.07341137769078221  -0.3481925162829552

 3.253763982821598e-08   2.32344577076629e-07 -1.813666095566906e-06    -0.0240834889685988   -0.08305953711296246
-6.974903038979658e-09 -2.676893270419507e-08  1.371142514197075e-07  -0.008819552625175975     0.1189395859584292

cov:
0.05504874183254049 0.05747654850150528 0.05829134388715389 0.05917205593367427 0.06021507214356413
0.05747654850150528 0.06334054547128651 0.06530913582374223 0.06743563815554028 0.06995803912102327
0.05829134388715389 0.06530913582374223 0.06766531544237332 0.07021025730628375 0.07322958770590661
0.05917205593367427 0.06743563815554028 0.07021025730628375 0.07320719255325175  0.0767629726578103
0.06021507214356413 0.06995803912102327 0.07322958770590661  0.0767629726578103 0.08095633241880895

cov.inverse():
 723446.5789159808 -2104643.346924413  893163.4977834544  296840.0382445178  191239.0885280123
-2104643.347002183  15237804.37384508 -16476466.93671346  803502.7319627708  2539763.755477132
 893163.4979385232 -16476466.93726974  23814210.27107044 -5082625.472794745 -3148215.065701398
 296840.0381627883  803502.7326029587 -5082625.473486609  5787311.245180245 -1805150.536555817
 191239.0885324462   2539763.75531545 -3148215.065410745 -1805150.536689221  2222430.778419149

cov*(cov_.inverse()):
     0.999999999992724 -5.820766091346741e-11 -8.731149137020111e-11  4.365574568510056e-11                      0
 4.001776687800884e-11     0.9999999999126885  1.746229827404022e-10  7.275957614183426e-11                      0
-1.818989403545856e-12  1.455191522836685e-10     0.9999999999126885  5.820766091346741e-11  5.820766091346741e-11
-3.637978807091713e-12   2.91038304567337e-11  8.731149137020111e-11      1.000000000058208                      0
 7.275957614183426e-12                      0 -8.731149137020111e-11  -2.91038304567337e-11                      1
