6
2

0.0001121988390118108
0.0002261959618005495
 0.000450831214586347
0.0006806830537446249
   0.0911870411603867
   0.6616296721953362

-0.03285391870634336   0.5551793023969509  -0.7913608341473676   0.2534492443543845  0.01437515048483152 0.001194980328281616
 0.07787363936494897  -0.4904201440758984 -0.08554701452489688    0.829490473742116   -0.205365107299174  -0.1260008474478992
 -0.1303718397526605    0.263716145262666   0.1927887722188716  0.05193401763944959  -0.8223232532758178   0.4442710798232841
  0.5739559744330068   -0.404910599102485  -0.3923747805449856   -0.263842835848321 -0.04300882973211001   0.5302840524435832
 -0.7242323637430548  -0.2591921891146663  -0.1265377592115169  0.05914392293756698   0.3008389621976703   0.5461620667038376
  0.3491726255550504    0.388052361207639   0.3991145886531868   0.4146092698796883    0.434797831484145   0.4552487086361512

0.4006013385414693
0.4001369090540445
 0.400060057019878
0.3998344177007196
0.3995409297815696
  0.39925787920612

0.003534381108445994
  0.4012474613373399

   1.006858024464983  -0.3467046684293845    2.614543826046099    1.004663866045831    -1.18459921126484   -3.095130237473099
   1.413682207949868  -0.4458418020299098   0.2613458428440122   0.1237605774026918 -0.08163398356897522  -0.2712501387446133

 -2.59413635823255e-08  7.630668487484876e-08  -1.37030334686665e-08 -1.002194428846915e-06   -0.02459242991519421    -0.1081435718944804
-5.928171293671001e-09  2.353478888846123e-08  -6.06590249376145e-08  3.319245259856429e-07  -0.009202555770984564     0.1388764509151408

cov:
0.05773313066820336 0.06087519520571077 0.06176723104944806 0.06301747588719209 0.06464790973876038 0.06629663192140983
0.06087519520571077 0.06647771772881325 0.06807095091188434 0.07030282516054001 0.07321131864139545 0.07615657506258017
0.06176723104944806 0.06807095091188434 0.06986410764208496 0.07237583219457576 0.07564868323658716 0.07896355979851348
0.06301747588719209 0.07030282516054001 0.07237583219457576 0.07527940781129423 0.07906234838583394 0.08289471014349797
0.06464790973876038 0.07321131864139545 0.07564868323658716 0.07906234838583394 0.08350967885195375  0.0880156360912986
0.06629663192140983 0.07615657506258017 0.07896355979851348 0.08289471014349797  0.0880156360912986  0.0932055872339409

cov.inverse():
 998953.3845351135 -2866071.626539724  1325393.516305703  240889.0902402309  124080.4748532359   176981.994270908
 -2866071.62642392  29881205.26469645 -33487424.12241077  3524748.085584501  1573033.526355437  1373440.666647737
 1325393.516093161 -33487424.12238677  50405817.84778491 -17046885.80053942 -1303886.070585491  107875.6156320305
 240889.0903147858   3524748.08661704 -17046885.80231764   18714135.6558437 -3225625.224741159 -2207136.847634182
 124080.4749077884  1573033.524840023 -1303886.068077882 -3225625.225841128   4171749.31218229 -1339569.683317794
 176981.9942385135  1373440.667222509  107875.6147139795 -2207136.847205262 -1339569.683371054  1888470.018170679

cov*(cov_.inverse()):
     1.000000000009095  5.529727786779404e-10 -3.428795025683939e-10  2.619344741106033e-10 -5.820766091346741e-11  -2.91038304567337e-11
-3.637978807091713e-12      1.000000000742148  2.073647920042276e-10  2.328306436538696e-10  -2.91038304567337e-11                      0
 7.275957614183426e-12  1.891748979687691e-10      1.000000000482032 -8.731149137020111e-11  -2.91038304567337e-11                      0
 3.819877747446299e-11 -4.365574568510056e-11  3.819877747446299e-11     0.9999999999708962 -4.365574568510056e-11   2.91038304567337e-11
 2.182787284255028e-11  4.656612873077393e-10  1.014996087178588e-09 -2.328306436538696e-10     0.9999999999417923                      0
 3.637978807091713e-12   2.91038304567337e-11  1.600710675120354e-10  -2.91038304567337e-11 -1.455191522836685e-11     0.9999999999708962
