5
2

0.0002061387780935225
0.0003299881487054158
 0.000633906275917783
   0.0962562562771169
   0.5646334720852422

  -0.300232443546623   0.7415545469466658  -0.5837616271331848   0.1384308414124032 0.004074135174521246
  0.2176415135955667   -0.343130420389395  -0.3638452621914742   0.7844815793612765  -0.2951253343697929
  0.5950222957742991  -0.1470440865875545  -0.5668318941003962  -0.3252023698012493   0.4441525938653564
  -0.588289598002092  -0.3663526999793244  -0.1085070836514967   0.2089754495674894   0.6813637225270435
  0.4029348183216175   0.4201453371437243   0.4401895097519237   0.4647561015655506   0.5013545546042882

 0.400438690240327
0.4004604955363329
0.4004465915760731
0.4004745927221325
 0.400399276437949

0.0005189934354915391
   0.4006900269330733

  0.477950478020207   4.649910818788862  -4.916526075113078   3.021784164496912  -3.232550992039015
  1.522101881058609 0.03406409724298581 -0.5599059760224343  0.2881075664022968 -0.2841776469146978

 2.796002911694747e-07  3.943957569339352e-07 -1.243452565491226e-08   -0.02800211072740895   -0.07467939452808074
-2.810804333677308e-09  9.072747849325069e-08  4.010884211105614e-07  -0.009085366375601908     0.1187828962970497

cov:
0.05496773892168864 0.05596869616753408 0.05713805851562614 0.05856347016008462 0.06069024089154963
0.05596869616753408 0.05752075734341403  0.0593303769973471 0.06154331371141276 0.06484210130428207
0.05713805851562614  0.0593303769973471 0.06188422581732681 0.06501253490111013 0.06967361745336173
0.05856347016008462 0.06154331371141276 0.06501253490111013 0.06926733521771218 0.07560455468096533
0.06069024089154963 0.06484210130428207 0.06967361745336173 0.07560455468096533   0.084436720593921

cov.inverse():
 3437386.982471907 -6142920.422339647  2557978.566172482  108303.8687061876      38989.4167547
-6142920.422300071  14076031.33407318 -8833364.515619965  62787.06272489986  838513.6484830488
 2557978.566142565 -8833364.515570259  10034885.72386266 -4064217.557798353  303613.7677140835
  108303.868668448  62787.06274812842   -4064217.5577685  6365722.832823975 -2472302.715274184
 38989.41678278401  838513.6484496843  303613.7677040187 -2472302.715258839  1291229.828890179

cov*(cov_.inverse()):
     1.000000000002728 -7.275957614183426e-11 -1.818989403545856e-11  -2.91038304567337e-11  1.455191522836685e-11
 2.955857780762017e-11      1.000000000050932  1.818989403545856e-11                      0                      0
 4.547473508864641e-13  1.455191522836685e-11     0.9999999999781721                      0   2.91038304567337e-11
-7.776179700158536e-11  5.093170329928398e-11 -1.164153218269348e-10                      1  1.455191522836685e-11
-4.411049303598702e-11                      0  4.001776687800884e-11                      0                      1
