6
2

0.0002298960235424621
0.0003213398629004978
 0.000392838354988184
0.0006117948613740459
   0.1132041317992294
   0.6404888523274386

  0.1941727112515618  -0.4800731416129239   0.7601224081203183   -0.374142854060897  -0.1173074799963146  0.01722618566500654
  0.3692842713426722  -0.6147157436239093  -0.1656413401803499   0.6461610518899444 -0.03642512338795557   -0.198659843223856
 -0.1100450852411525   0.1314207108609679   0.1177108809152844   0.2953684713872217  -0.8397790182609658   0.4053288678150601
    0.52625808293982  -0.1697491990497581  -0.4628334265208551  -0.4121472462318686 -0.03715814903932052   0.5556768649502115
 -0.6446817243374444  -0.4600473028332421 -0.04463254847387798  0.09715125439294886   0.2935679827981399   0.5245277517191952
  0.3482155493429354   0.3659571266930397   0.4058499408925246   0.4194600899720825   0.4383154998942409   0.4604778969385835

0.3993072447806301
0.3992435908014128
0.3990804072744817
0.3989904716442306
0.3988635203139984
0.3987163277587598

0.001649306332314034
  0.3997053180899915

  0.7367951554285377  -0.3547551875575644    3.688522207949355   0.2232471066602499  -0.8537296757307444   -3.440499454046123
   1.555819422903672  -0.4842176273179611   0.2915203559088583 0.007907936335774329 -0.07367980757168957  -0.2973833540373636

  1.62491824200569e-07  7.620831960462837e-08 -4.709489782794997e-08  -1.20945325634907e-06   -0.03216607445424599   -0.09890908740853697
 3.999379666738817e-08  9.198129963217605e-08 -3.963897760423785e-08  2.246739325020135e-07   -0.01243205578952321      0.130023066961007

cov:
  0.055067862657895 0.05607661327288183 0.05834312092424944 0.05911594043033035 0.06018671214545661 0.06144451376512634
0.05607661327288183 0.05765167006124659 0.06119142805611788 0.06239873218427748 0.06407140088135532 0.06603688441757738
0.05834312092424944 0.06119142805611788 0.06759567635125707 0.06978047095142897 0.07280730281143979 0.07636494953859116
0.05911594043033035 0.06239873218427748 0.06978047095142897 0.07229901505947033 0.07578791062518103 0.07988896925416232
0.06018671214545661 0.06407140088135532 0.07280730281143979 0.07578791062518103 0.07991735893100391 0.08477107384605116
0.06144451376512634 0.06603688441757738 0.07636494953859116 0.07988896925416232 0.08477107384605116 0.09051024707767845

cov.inverse():
 2852458.429264091 -4294487.828094539  1465538.479656823  146186.8226025701 -14663.34552107015 -154952.4436595576
-4294487.827875909  8209056.861651367 -5608200.530361121 -9770.561794848472  584069.7955133428  1119325.904219351
 1465538.479044742 -5608200.529432197  11859928.63159646 -5682527.164248023 -2223294.475916868  188467.4728149368
 146186.8229580839  -9770.56249138647 -5682527.163874246  7711184.890634895 -963908.7764063601 -1201171.079677263
-14663.34560254668  584069.7956198014 -2223294.475747084 -963908.7766548283   4846767.16271405  -2229000.38339834
-154952.4435401328  1119325.904099114   188467.472588236 -1201171.079396043  -2229000.38345204  2277399.027803179

cov*(cov_.inverse()):
     1.000000000027285 -8.731149137020111e-11  1.127773430198431e-10 -5.820766091346741e-11 -5.820766091346741e-11 -8.731149137020111e-11
                     0                      1 -1.091393642127514e-11  4.365574568510056e-11  -2.91038304567337e-11  -2.91038304567337e-11
 -7.09405867382884e-11  4.365574568510056e-11     0.9999999999181455  7.275957614183426e-11                      0   2.91038304567337e-11
 -2.91038304567337e-11 -4.365574568510056e-11  1.637090463191271e-11      1.000000000029104                      0 -5.820766091346741e-11
-3.274180926382542e-11   2.91038304567337e-11  2.728484105318785e-11  -2.91038304567337e-11      1.000000000029104  -2.91038304567337e-11
 5.456968210637569e-12 -5.820766091346741e-11  -2.91038304567337e-11 -1.455191522836685e-11                      0     0.9999999999708962
