5
2

0.0001741623499591201
0.0004393815849400338
 0.001638422394514759
   0.1172796402753272
    0.679240493664765

-0.3476872335988631  0.7939182167456289 -0.4973840629538978 0.03304566786992214  0.0180147291490714
-0.6151758446231892  0.1981755551537291  0.7301573981118961  -0.160221766541617 -0.1532458450999774
 0.1204485293158144 0.08714152998872814 0.02236641307598214 -0.8035787391767416  0.5758988270921497
 -0.580110448159591  -0.396575888795653 -0.1848938658189393  0.3058046482618853  0.6152212673875711
 0.3868284988289397   0.406883561521123  0.4298758772606134  0.4837165455159224  0.5157853367450422

0.3654064795576407
0.3582382197950416
0.3498418038396253
0.3299225137346647
 0.318317379515294

0.09876823898661791
 0.3782091686986641

    32.472640301035  -54.18379876623088   24.17403488889621  -2.437951838844496 0.02590491544958154
 -16.02260557293938   25.51177253214753  -11.41994034637863   12.49495962145444   -9.69037881487078

-2.014434619060846e-06 -2.447333539009162e-06  4.575108037646333e-06   -0.03505970986896246    -0.1196031633469964
  9.62861918680872e-07  1.169384019120919e-06 -4.183291487079874e-05   -0.01171480834982453     0.1471887076750895

cov:
0.07366623864136063 0.07578090193123621 0.07819523365011204 0.08388866832611477 0.08714355813907211
0.07578090193123621 0.07854461997242634 0.08170611478181468 0.08913640988729372  0.0934690018562066
0.07819523365011204 0.08170611478181468 0.08572795635379245 0.09515812948068626  0.1007315580347513
0.08388866832611477 0.08913640988729372 0.09515812948068626   0.109239597204305   0.117694917160539
0.08714355813907211  0.0934690018562066  0.1007315580347513   0.117694917160539  0.1279466579018234

cov.inverse():
 5951067.177435089  -9727867.01277476  3375632.250375831  95693.34768809323  307640.1946830379
-9727867.012550313  20986148.75453154 -12268192.91141567  674367.0615183843  332882.3056454842
 3375632.250077106 -12268192.91105607  10917677.87897487 -1154546.861694044 -870200.6501489921
 95693.34772670508  674367.0614552437  -1154546.86167187   409530.401619505 -25571.73025628999
 307640.1947187363   332882.305573326 -870200.6501101491 -25571.73025866089  255921.4321651124

cov*(cov_.inverse()):
     1.000000000101863 -2.546585164964199e-10  2.037268131971359e-10  1.818989403545856e-12                      0
  1.01863406598568e-10     0.9999999999345164   2.91038304567337e-10 -1.000444171950221e-11  1.818989403545856e-11
 5.093170329928398e-11 -8.003553375601768e-11      1.000000000043656  1.045918907038867e-11  1.455191522836685e-11
 7.275957614183426e-12  9.458744898438454e-11  1.309672370553017e-10     0.9999999999931788                      0
-1.455191522836685e-11  8.731149137020111e-11  1.455191522836685e-11 -4.547473508864641e-13      1.000000000003638
