5
2

0.0001715585509313646
0.0003318242504640942
0.0004523192459876049
  0.07184712949832034
   0.5699115434780894

-0.06435416284872265    0.645398480507035  -0.7493255093263403   0.1269777304093135  0.04131924655859853
 -0.5125492773520557   0.4919331602081104   0.3840050387732367  -0.5570685571362698   0.1936743581903029
  0.4774793297401027   -0.183595478173842  -0.2680156228153438  -0.5900486896925209   0.5641953205974882
 -0.5783082017180814  -0.3545568826569618  -0.1652436305824088   0.3265802246916346   0.6370941376111396
  0.4131886899546819   0.4266669481007018   0.4380794217358683   0.4676956053489429   0.4863924987916849

0.3949309775113089
0.3946396825119127
0.3942918344921027
0.3933930346637758
0.3928306083262456

0.007303879700599465
  0.3965331739136219

  -2.714232628303803    6.703600295169889    1.293720944612208   -1.321671199166534   -3.961851984827634
    1.27725288683761    1.666175040385292   -1.441543696514392 -0.09174362701764605  -0.4102301784486168

 9.419006811050493e-08  5.675646482568476e-07 -8.856584952198299e-07   -0.02052739423932508   -0.07785043675198698
 6.018135674346513e-08  -4.59050586685184e-08  1.049558794125205e-07  -0.007136533723130702     0.1184531730799487

cov:
0.05717776352773528 0.05831851844819562 0.05928496692534944 0.06179136907827765 0.06337366892652518
0.05831851844819562 0.05977692707696797 0.06101196464020896 0.06421603591237836  0.0662387563904058
0.05928496692534944 0.06101196464020896 0.06247436941663143 0.06626883002555617 0.06866427575015818
0.06179136907827765 0.06421603591237836 0.06626883002555617  0.0715969615104962 0.07496043505266488
0.06337366892652518  0.0662387563904058 0.06866427575015818 0.07496043505266488 0.07893550000726585

cov.inverse():
  3641035.02034346 -4129554.571751693 -774609.7821659938  938419.7818488196  324752.1827271438
-4129554.571314728  16515051.49806199 -14475204.11825695  825016.2716675296  1265012.316616572
-774609.7827486806 -14475204.11768542  20767615.85970725 -4402612.964293411 -1115621.434111755
 938419.7819589586  825016.2719011595 -4402612.964748994  5067931.664176694 -2428708.098916438
 324752.1827627377  1265012.316248367 -1115621.433667327 -2428708.099028265  1954605.640030113

cov*(cov_.inverse()):
    0.9999999999854481  8.731149137020111e-11  5.820766091346741e-11  5.820766091346741e-11                      0
-7.275957614183426e-12      1.000000000232831 -5.820766091346741e-11  8.731149137020111e-11 -1.455191522836685e-11
 1.091393642127514e-11  1.891748979687691e-10       1.00000000007276  5.820766091346741e-11   2.91038304567337e-11
 -2.91038304567337e-11  2.619344741106033e-10 -2.473825588822365e-10      1.000000000058208                      0
 4.001776687800884e-11   2.91038304567337e-11                      0                      0                      1
