6
2

0.0001496786292976141
0.0002716316088059579
 0.000390966109888067
0.0006280480374012961
  0.09466320866171191
   0.6229192074303377

-0.02804158464280405   0.1810984062962181  -0.6831877163725366   0.6969553896560321 -0.08568023034867828 -0.08113978014620431
  0.2471518531287492  -0.6539553587893046   0.3549457496967063   0.4758519614975129  -0.3976737542035148 -0.02631275232033921
 -0.2760210403210384   0.4146393883623768   0.1634930657602009 0.001309418463812523  -0.7344253922369205    0.431015323425778
  0.5657409423273558  -0.2203255764506734  -0.4595745320826494  -0.3206208627504447  -0.1163996229508599   0.5512154443983824
  -0.640065472580967  -0.4184728881420842 -0.08049178231907279   0.1060499421377409   0.3090576559461992   0.5495038496247755
  0.3635868442478312   0.3794166783602128   0.4035472696703139   0.4168597523549217   0.4313563719949703    0.448505093861343

0.3989290706190046
0.3988793530247079
0.3988541412128223
0.3987652268298683
0.3986778943150468
0.3985776095775196

0.001305559190774635
  0.3992831020281866

 0.7232880728134472  -1.093232369929158    5.13829765825465  0.8282065217900807  -1.565324047356019  -4.031592228837273
  1.511762835988786 -0.4702829877624752  0.3722157402167726 0.07594661118573004 -0.1188666843943731 -0.3708205121448592

-6.027094551311007e-08  2.833426856164938e-07 -6.111791193527675e-08  -1.58447622756935e-06   -0.02715555373395464   -0.08397816538261269
-6.466797194594482e-09  6.688216851187116e-08 -9.535868804407294e-08  2.259789764520142e-07  -0.009258960752396858     0.1301838222535655

cov:
 0.0549669283405118  0.0559290220682114 0.05739483020213262 0.05820307267236278 0.05908395347426293 0.06012430746870785
 0.0559290220682114 0.05742874736228767 0.05971388767234024 0.06097425861974749 0.06234721338493009 0.06397025190677415
0.05739483020213262 0.05971388767234024 0.06324873538305101 0.06519870830672421 0.06732220663375932 0.06983397156093572
0.05820307267236278 0.06097425861974749 0.06519870830672421  0.0675293313566676 0.07006706359535311 0.07306935893764502
0.05908395347426293 0.06234721338493009 0.06732220663375932 0.07006706359535311 0.07305581695892904 0.07659188847344417
0.06012430746870785 0.06397025190677415 0.06983397156093572 0.07306935893764502 0.07659188847344417 0.08076054614458282

cov.inverse():
 2172883.156176775 -3481935.554405951  1089685.300478771  259377.6435570605 -65600.48335141951  25656.76119158776
-3481935.554563054  8507845.867725667  -7968217.21451134  1598877.571988406  904819.1877915828  438597.8926832593
 1089685.301376029 -7968217.216277448  23251259.36956238 -18589148.05780756  49786.86274060984   2166507.94471344
 259377.6424312092  1598877.574605918 -18589148.06027252  25011081.67507511 -5141804.512944167 -3138223.600296046
-65600.48299350015  904819.1868143835   49786.8646155444 -5141804.514434878  6034104.435978406 -1781429.712922383
 25656.76121935128  438597.8926519873  2166507.944434555 -3138223.599778592 -1781429.713157438  2288944.224871721

cov*(cov_.inverse()):
    0.9999999999929514  9.458744898438454e-11 -2.764863893389702e-10 -5.820766091346741e-11 -4.365574568510056e-11                      0
 1.045918907038867e-11     0.9999999999890861  -2.91038304567337e-11 -1.164153218269348e-10   1.01863406598568e-10  -2.91038304567337e-11
 1.182343112304807e-11                      0      1.000000000029104 -1.455191522836685e-10  -2.91038304567337e-11                      0
 4.092726157978177e-12  6.548361852765083e-11 -3.783497959375381e-10     0.9999999999417923                      0   2.91038304567337e-11
 3.410605131648481e-11 -7.275957614183426e-12  2.328306436538696e-10 -1.746229827404022e-10     0.9999999999417923   2.91038304567337e-11
 -7.73070496506989e-12  -2.91038304567337e-11 -5.820766091346741e-11  8.731149137020111e-11  -2.91038304567337e-11                      1
