5
2

0.0001058782153463868
0.0003281934786231646
0.0006770369994465573
    0.101493033189599
   0.5830425373082928

  -0.040812196739028   0.4812033891414296  -0.7936983901757781   0.3695354515744229 -0.01625048732198207
 -0.3951751149720394   0.6730687560165136   0.1523819946077545  -0.5859672199865319   0.1556830851500466
  0.4042824035494283  -0.2245411580721407  -0.3823350856210043  -0.4552178884049502   0.6578248725088142
 -0.7306964343703303  -0.2956510232071473 -0.01650066827177693   0.2926460284715818   0.5410722902177187
  0.3805383713673999   0.4214184248005467    0.447627304128674   0.4766769799632572   0.5000059124923197

0.4007413716736008
0.4010352627780555
0.4011877180389307
0.4013393685750951
 0.401513946881328

-0.001245479835992996
   0.4007700573464859

  0.2258101610083039  -0.7912785408666555    9.342894904459895   -8.464760208369107  -0.3125917017819542
   1.335643278485139  -0.4115584485620855   0.8017577520687892  -0.7049890607985442 -0.02075245370408163

-1.225091927637771e-07  6.153824725216194e-07  1.579248112680295e-07   -0.02813707847757546   -0.08724493509310549
 -1.28815124273847e-08  -2.93810723349453e-08     2.902093957897e-07   -0.01117684430295253     0.1180557331737995

cov:
0.05472620842785414 0.05673978404285356 0.05802904540581328 0.05946003919911647 0.06060818654115115
0.05673978404285356 0.06127134768509736 0.06417576953980664 0.06739578983982161 0.06998117519584179
0.05802904540581328 0.06417576953980664 0.06811644768695919 0.07248425925957783 0.07599172028350196
0.05946003919911647 0.06739578983982161 0.07248425925957783 0.07812348397024098  0.0826523252997267
0.06060818654115115 0.06998117519584179 0.07599172028350196  0.0826523252997267 0.08800252562702009

cov.inverse():
 1955041.839839815 -4419291.091363451  1993285.952231292  402967.5577451272  68136.78748034051
-4419291.091323916  24971803.16680552 -32930405.02597555  12423865.62061389  -46977.8418169303
 1993285.952197041 -32930405.02586729  56729499.49630642 -26612940.51524848  822114.5376381219
 402967.5576888267  12423865.62057337 -26612940.51505928  15821305.95430488 -2035901.164116318
 68136.78753134843 -46977.84184512055   822114.537522921 -2035901.164023936  1192658.778986243

cov*(cov_.inverse()):
    0.9999999999936335  3.683453542180359e-11 -2.764863893389702e-10 -5.820766091346741e-11                      0
-1.818989403545856e-11      0.999999999877673   2.91038304567337e-11 -8.731149137020111e-11                      0
-9.094947017729282e-12 -1.923581294249743e-10     0.9999999994470272  8.731149137020111e-11                      0
 4.274625098332763e-11  -6.59383658785373e-10 -3.201421350240707e-10     0.9999999997380655                      0
-1.909938873723149e-11 -9.458744898438454e-11  7.275957614183426e-11  5.820766091346741e-11                      1
