6
2

9.036735755671885e-05
0.0001929896534761279
0.0004220650423337484
0.0004956125956935621
  0.09058669126001991
   0.6982309060258647

-0.04018337964928813   0.4944769645631308  -0.7870402163509083   0.3658274482835892 -0.01069886002373535  -0.0223905747853746
  0.2699726309845588  -0.6691858168941153  -0.1185773224375125   0.6726758440220268 -0.09682643509191755 -0.05810671155060846
 -0.4875069297170031   0.2124070961617146   0.3435350270490892   0.3908432942687244  -0.6425809323769801    0.183126100922652
  0.4778961833543477 -0.05705863692776624   -0.213263230098741  -0.3068512248606288  -0.5087563888064058   0.6081838597211714
 -0.5778587210204976  -0.3421835423857111  -0.2289162282955499 -0.04587371987872772   0.3489882166012923   0.6104833402983239
  0.3543043952211716    0.377121777091496   0.3880811213535626   0.4057794153265575    0.443817623274729    0.469051796060181

0.3974016855522157
0.3962351640586441
0.3957401555732009
0.3948094370862455
0.3928630064940791
0.3915597331162635

0.0149376653671634
0.4005688881946158

  1.942197726946078  -2.634483408011304   1.310836157652098    3.28271734334388 -0.4753684420195636  -3.427962044596537
  2.541185258728158  -1.590504932490119  0.1629156851926286  0.2247676473868805 -0.0054947743825986 -0.3328588914067317

-9.225163052647807e-09  1.707789396221148e-07 -1.698701420060021e-08 -5.038779986704687e-07   -0.02404435560895723     -0.138209165370043
-7.570651511927465e-09  7.084539697097709e-08 -2.654782825959158e-07  2.460780900087929e-07  -0.009657817632250675     0.1445042418427903

cov:
0.06394020826739472 0.06676384091149787 0.06811975487328603 0.07030885684440052 0.07500697185704101 0.07812582137458458
0.06676384091149787 0.07029726987179001 0.07199416044118594 0.07473412806972717 0.08061894461786762 0.08452417123217731
0.06811975487328603 0.07199416044118594 0.07385491830379534 0.07685958798153793 0.08331462393710445  0.0875977040829546
0.07030885684440052 0.07473412806972717 0.07685958798153793 0.08029193878236254 0.08766825017544695 0.09256181826678954
0.07500697185704101 0.08061894461786762 0.08331462393710445 0.08766825017544695 0.09702962781927756  0.1032382467311728
0.07812582137458458 0.08452417123217731  0.0875977040829546 0.09256181826678954  0.1032382467311728  0.1103188529005282

cov.inverse():
 4418611.421784675 -7976060.933433197  1658196.800709339  1409210.477019211   119473.579980217  371058.3703172526
-7976060.934721954  42231067.38508095 -45066581.76056353  10602555.66212386  443837.6359931568 -234714.3310201586
  1658196.80412089 -45066581.77070475  77077815.56113349 -36378840.62206861  541900.6131424045  2168029.916493883
 1409210.474323095  10602555.67288802 -36378840.62999126  29778070.08156272 -3002340.415447151 -2410476.398692251
 119473.5804919499  443837.6356699742  541900.6115873005  -3002340.41391581  3637409.063662846  -1739828.42373394
 371058.3703790127 -234714.3326094025  2168029.919242594 -2410476.400078268 -1739828.423569117  1846205.434115186

cov*(cov_.inverse()):
                     1   7.09405867382884e-10  -2.91038304567337e-10  1.746229827404022e-10  -2.91038304567337e-11  -2.91038304567337e-11
 1.127773430198431e-10     0.9999999998726707  4.074536263942719e-10 -3.783497959375381e-10                      0  5.820766091346741e-11
-1.455191522836685e-11  4.874891601502895e-10     0.9999999995052349  2.328306436538696e-10   2.91038304567337e-11  -2.91038304567337e-11
  2.91038304567337e-11  5.093170329928398e-10 -1.455191522836685e-10     0.9999999995634425   2.91038304567337e-11   2.91038304567337e-11
 1.455191522836685e-11  8.549250196665525e-10 -6.111804395914078e-10  3.201421350240707e-10     0.9999999999708962 -5.820766091346741e-11
-5.820766091346741e-11  3.601599019020796e-10                      0 -2.328306436538696e-10   2.91038304567337e-11                      1
