5
2

0.0001205525912698028
0.0002535400606819946
0.0007364234396105866
   0.1030374235972233
   0.6060108348553982

-0.02944105889833451   0.1921183073457258  -0.7509417102894674   0.6297520118434244 -0.04150579911587108
 -0.3302835696659026   0.8184934317968734  -0.1483040684293258  -0.4356668512247954  0.09582047664934748
  0.6673643454539622 -0.09988773502287114  -0.4574606181965612  -0.4606945119813793   0.3509097038245943
 -0.5401587405776421  -0.3351048347715197  -0.1171210220539377 -0.01239870896511636   0.7629300249035735
  0.3910234686742906   0.4133838992906517   0.4371554643683421   0.4485684306427154   0.5328187888549099

0.3982874684238935
0.3972224935495024
0.3960498885757348
 0.395553223412454
0.3913465313651527

0.01498366407761909
 0.4003991921587619

   0.347640647233933    1.053032681523141   -4.537274775995762    6.565991669023398   -3.431311002579193
   1.397832168193233 -0.06655378032770609  -0.8740616680046478   0.8673568447883331  -0.3245498609668174

 1.144710227116481e-07 -1.137414452120677e-07 -1.099039829041787e-06   -0.02875543754583803    -0.1084201877479014
 1.688900433052067e-08 -5.113710471377955e-08  4.478939668676933e-07  -0.009435502999374134     0.1296810752383365

cov:
0.05925005647075572 0.06128485538310118 0.06344834191282049 0.06448673078710464 0.07213933548634655
0.06128485538310118 0.06395008150635836 0.06678340120791081 0.06814347647036445 0.07817552084262167
0.06344834191282049 0.06678340120791081 0.07032886471320624 0.07203093154267405 0.08459262848258933
0.06448673078710464 0.06814347647036445 0.07203093154267405 0.07389729866778412 0.08767411353793497
0.07213933548634655 0.07817552084262167 0.08459262848258933 0.08767411353793497  0.1104401624005578

cov.inverse():
 2577907.206464225 -4717514.666658499  1720323.852469673  395774.3576343511  23540.08527414746
-4717514.666710362  12979788.20077883  -11731143.8679426  2862638.466085608  606714.7469484914
 1720323.853392089 -11731143.87172696  39530497.44121847 -31146664.94245975  1627603.703726094
 395774.3566608552  2862638.470293682 -31146664.94626836  30632931.79208903 -2746066.553755052
 23540.08537715187  606714.7464726393  1627603.704673354 -2746066.554329475  488484.1416678262

cov*(cov_.inverse()):
       1.0000000000216 -2.328306436538696e-10  1.891748979687691e-10 -1.455191522836685e-10  7.275957614183426e-12
-1.818989403545856e-12     0.9999999999126885 -4.511093720793724e-10  3.201421350240707e-10  2.182787284255028e-11
 1.818989403545856e-12 -1.164153218269348e-10      1.000000000087311  4.074536263942719e-10                      0
-2.364686224609613e-11  1.091393642127514e-10 -7.275957614183426e-10       1.00000000061118 -1.455191522836685e-11
-4.547473508864641e-13 -5.820766091346741e-11 -8.731149137020111e-11 -1.746229827404022e-10                      1
