5
2

0.0002636659983537608
0.0003716947037088537
0.0005948105065417021
   0.1118889897034677
   0.5801016353100832

 -0.2943691651721232   0.6632355301572116  -0.6410780736939494   0.2488755569923511  0.02335137455379588
  0.2424803832825679  -0.3514732189725867  -0.1971455459674586   0.7580280166780911   -0.451881621339549
  0.5558596145561656  -0.2776203969422558   -0.591357567732845  -0.1714397124042826   0.4846149566438556
 -0.6299991964905337  -0.4424868778010035 -0.02449387107816642   0.3191352301996122   0.5521404988952073
  0.3855789927443652   0.4046201750502246   0.4470445330151658   0.4818875521519558   0.5055164951599643

0.4001751568050382
0.4000715804610271
0.3998258385565936
0.3995389339068521
0.3993440473924325

0.002193127025727899
  0.4006496960609214

  0.2262258819351409  0.06955638686821949    4.230597696951492  -0.9611013265269239   -3.565894575007925
    1.50117332422674  -0.4444446000742155   0.3514935154077289 -0.09509562907422803  -0.3131899508864392

 -2.12387607294418e-07  1.093997603575115e-08 -1.400576084790083e-06   -0.03195536720594264   -0.08719981786751493
-6.903213093457006e-08  7.189131159465225e-08  2.174086823024734e-07   -0.01203039533483392     0.1184458280462339

cov:
0.05499946736196487 0.05599101861513488 0.05819899637003845 0.06000990149032815 0.06123822538146177
0.05599101861513488 0.05754512236093356 0.06100617176156379 0.06384686478011718 0.06577346512398798
0.05819899637003845 0.06100617176156379   0.067260373353544 0.07239657979455934 0.07587973877938883
0.06000990149032815 0.06384686478011718 0.07239657979455934 0.07941984734949117  0.0841823619875883
0.06123822538146177 0.06577346512398798 0.07587973877938883  0.0841823619875883 0.08981280435661224

cov.inverse():
 2545384.915747105 -3861378.161880128  1439431.617926678  7234.471580523602 -130619.9426755666
-3861378.161905278  7439442.292939297 -5150471.371051223   580415.002934162  992083.0882589226
 1439431.618039321 -5150471.371272086  7181460.889982561 -3090140.843938557 -380523.8044871454
 7234.471409102873  580415.0033531601 -3090140.844309849  5133123.610038044  -2630563.91205168
-130619.9425916452  992083.0880356474 -380523.8042240727 -2630563.912175405  2149674.791093571

cov*(cov_.inverse()):
     1.000000000006366 -2.182787284255028e-11  3.637978807091713e-12                      0  -2.91038304567337e-11
   1.2732925824821e-11      1.000000000014552 -6.548361852765083e-11  -2.91038304567337e-11 -5.820766091346741e-11
 2.546585164964199e-11 -4.365574568510056e-11     0.9999999999708962                      0 -5.820766091346741e-11
 5.456968210637569e-12  1.455191522836685e-11 -8.731149137020111e-11     0.9999999999417923                      0
-5.456968210637569e-12 -1.455191522836685e-11   2.91038304567337e-11                      0     0.9999999999708962
