5
2

0.0001104108940315187
 0.000324251976921011
0.0004529050688413743
  0.06981980764302938
   0.6599836511915123

   0.599853702104579   -0.781625475873207   0.1670210418126094  0.03220959456304695 -0.01742599056950365
  0.3101621926134123  0.05388439706157407  -0.8764271446982369   0.2292210757940756   0.2832473203305783
 -0.1459625205091007 -0.07184241093715583 -0.02686371854967741    0.808952423190675  -0.5642764643656389
 -0.6042943931194168  -0.4621922898598542  0.01828338289707683   0.2639144953727197   0.5926393765862524
  0.3968604029072909   0.4091149501107664    0.450470298869358   0.4715563132606631   0.4998379051859617

0.3955876998202457
0.3950733479193559
0.3930744723209458
0.3920746593736055
 0.390716294889468

0.01545832234822071
 0.4000727873874382

-0.9195970599836971   4.222283730186418  0.9360680367999945 -0.6536847534628061  -3.586950749066557
  3.522203551987187  -1.762570152028413 -0.1246308501784158 -0.1241711173801024 -0.5110372288764691

-4.454522757626214e-08 -2.148981937644771e-07  2.668595715678049e-07      -0.01792451511659    -0.1380890458340858
 4.235692969959698e-08  9.814722527578712e-08 -4.024854131191433e-08  -0.008051772561404307     0.1335471989719412

cov:
0.07038296807201226 0.07208270843896158 0.07781613383345702 0.08073756855878714 0.08465811173316373
0.07208270843896158 0.07394632961162956 0.08023334720165438 0.08343747399851945 0.08773667195662431
0.07781613383345702 0.08023334720165438 0.08839080400222171 0.09254998512027875 0.09812856272448096
0.08073756855878714 0.08343747399851945 0.09254998512027875 0.09719722481714892  0.1034289452792948
0.08465811173316373 0.08773667195662431 0.09812856272448096  0.1034289452792948  0.1105362213292883

cov.inverse():
 30535556.12164677 -38250827.55804055  5652146.774435504   1685451.48063032  379570.4141122208
-38250827.55839893  50168494.47712069  -11148694.5492717 -2231066.204753249   1460048.89318115
 5652146.775073341 -11148694.54988055    9597624.4104241 -1575398.907551528 -2525958.956741055
 1685451.480665837 -2231066.204994328 -1575398.907182831  3775158.366762728 -1653845.513158529
 379570.4137972107  1460048.893672755 -2525958.957080802  -1653845.51299537  2340333.970039402

cov*(cov_.inverse()):
     1.000000000640284 -1.309672370553017e-10                      0                      0                      0
-1.746229827404022e-10      1.000000000189175 -5.820766091346741e-11  -2.91038304567337e-11                      0
 1.673470251262188e-10 -8.731149137020111e-11      1.000000000145519 -5.820766091346741e-11  -2.91038304567337e-11
  4.94765117764473e-10 -3.492459654808044e-10  5.820766091346741e-11                      1                      0
 7.494236342608929e-10 -3.783497959375381e-10  5.820766091346741e-11   2.91038304567337e-11                      1
