5
2

0.0002054860970350968
0.0003365244098387482
0.0006683515240767456
   0.1074231976079449
   0.6170063171723273

-0.2157791007194721  0.6904891504894815 -0.6503910200371122  0.2260888119296902   -0.05039328253167
-0.2539164832054141  0.4105404223618462  0.2274674051243051 -0.7583584215729519  0.3743448479663487
 0.6363476510251186 -0.1999636580174205 -0.5547483127906655 -0.2873418847861391  0.4059127408822814
-0.5819418342830996 -0.3889852177989337 -0.1839036392024838  0.2471531291213733  0.6443050396347487
 0.3812757109957657  0.4042107500666956  0.4285835526534976  0.4797148377553752  0.5267184395551709

0.3981639102551871
0.3970886330145798
0.3959021503189912
0.3934435818801392
0.3911460883907418

0.01514535973247261
 0.4002970938785722

  0.3189386434473017   0.8979523635609367   0.2753295835100227    2.518548875836529   -4.012602272858607
   1.387672669375683 -0.08552049641653373  -0.2099831390255105   0.2893753656974892  -0.3815073329785653

 4.829465538686193e-08 -3.467413232318465e-07 -1.108600808281214e-06   -0.02940788986726422    -0.1152594019765398
-5.795767190656821e-09 -9.031496653756585e-08  3.478058908931906e-07   -0.01050057768060501     0.1303479062371996

cov:
0.05925053465869588 0.06128350828438408 0.06344393094842325  0.0679710116804815 0.07212671469012456
0.06128350828438408 0.06394678230483886 0.06677672753664432 0.07270993121363618 0.07816017843028905
0.06344393094842325 0.06677672753664432 0.07031829912537736 0.07774599454190441 0.08457214918891461
 0.0679710116804815 0.07270993121363618 0.07774599454190441 0.08831336026354795 0.09802995699755733
0.07212671469012456 0.07816017843028905 0.08457214918891461 0.09802995699755733   0.110408164629388

cov.inverse():
 2578553.986077982 -4733912.503156438  2023401.239112797  135598.3489016482 -3580.111337089995
-4733912.503140283  12869214.46005226 -9562771.915984839  1076662.586665152  351246.1621241242
 2023401.238973836 -9562771.915730668  11163900.59066233 -4648847.341810905  1023999.578801865
 135598.3491493654  1076662.586185049 -4648847.341578687  6473692.983558098 -3037685.104882395
 -3580.11146202825  351246.1623662587  1023999.578684838 -3037685.104882565  1666435.219151762

cov*(cov_.inverse()):
    1.000000000062244 1.091393642127514e-11 7.275957614183426e-11 -2.91038304567337e-11  2.91038304567337e-11
5.115907697472721e-11    0.9999999999126885 8.731149137020111e-11 -2.91038304567337e-11 1.455191522836685e-11
2.182787284255028e-11 6.184563972055912e-11     1.000000000087311 -2.91038304567337e-11  2.91038304567337e-11
 1.34718902700115e-11 1.309672370553017e-10 1.746229827404022e-10     0.999999999825377 8.731149137020111e-11
5.968558980384842e-12 1.236912794411182e-10 5.820766091346741e-11                     0     1.000000000029104
