5
2

0.0002428346486271574
 0.000614148383237893
  0.00153293558466927
  0.06921716167130328
   0.7298040305673866

 -0.3904511951741232   0.6059074290028195  -0.3370134333069636   0.4848090323771865  -0.3630512354509222
  0.3202997836026779   -0.584028198081139  -0.1858025551669073   0.6833405765087955  -0.2341840717475269
  0.2620514665140014  0.09811736946326624   -0.801932971403704 -0.07812315840513015     0.52201752097406
 -0.7211175896619461  -0.3189740889414354  0.05706708265162441   0.2693720505048243   0.5499336314034498
  0.3953155240933281   0.4247537683398245   0.4533720477900685   0.4683389041599645   0.4882850907255099

0.3498201333279188
0.3397463593039247
0.3299001869030113
0.3250132086688868
0.3183022921989088

0.09876823898661791
 0.3782091686986641

-5.821640449789834  15.26641061797127 -15.10604949538587  20.16366888936264 -14.45418643064374
 14.15293569121967 -28.34229457799495  29.99400482478168 -21.13513125371653  6.196940931809122

  1.86560224373683e-06   3.46613654411639e-06  6.969265285754526e-06   -0.01940780317531212    -0.1490856363431178
 -2.67148873359916e-06 -1.436290577329347e-07 -4.286014187226955e-05   -0.00833210455062644      0.150352547371133

cov:
0.08572548963955702  0.0905341353166178 0.09526006622973643 0.09767838853706411  0.1009090392230789
 0.0905341353166178 0.09657957994071598   0.102478888009442  0.1055403947569234  0.1096243692103278
0.09526006622973643   0.102478888009442   0.109493908847897  0.1131645944726985  0.1180567036708653
0.09767838853706411  0.1055403947569234  0.1131645944726985  0.1171720924469599  0.1225092576840655
 0.1009090392230789  0.1096243692103278  0.1180567036708653  0.1225092576840655  0.1284366536655144

cov.inverse():
 2886637.964302097 -4496881.790929316  1984257.782771236 -2638541.532723195   2263145.21097458
 -4496881.79091714  7134179.849629883 -3208626.059498944  3920074.937883307 -3346004.332655696
 1984257.782856789 -3208626.059642338  2291275.020215591 -3080702.917933648  2012107.179195701
-2638541.532911153  3920074.938190314 -3080702.917990025  5226475.341807909 -3426413.112630608
  2263145.21106483 -3346004.332807161  2012107.179194302 -3426413.112568063  2496619.012316586

cov*(cov_.inverse()):
    0.9999999999708962  1.164153218269348e-10   2.91038304567337e-11 -5.820766091346741e-11                      0
                     0                      1                      0 -1.746229827404022e-10  5.820766091346741e-11
-5.820766091346741e-11  5.820766091346741e-11      1.000000000029104                      0  5.820766091346741e-11
                     0  1.164153218269348e-10  -2.91038304567337e-11     0.9999999998835847                      0
-5.820766091346741e-11  5.820766091346741e-11   2.91038304567337e-11 -5.820766091346741e-11      1.000000000058208
