5
2

0.0001493854673662903
0.0002956810666706997
0.0007270975696054077
  0.09682761747815921
   0.5812178546116049

  -0.056607528081398   0.6201443381652919  -0.7680298717666497   0.1290490432319439  0.07545229036331019
 -0.1105395506650024   0.4537967306280292   0.2584040669623423    -0.81758422629614    0.215946535279347
  0.5527070503031257  -0.4238593947535227  -0.3785216959177723  -0.2876757864961973    0.537421713003599
 -0.7286276551277332  -0.2111490989457598 -0.03090466201821009     0.13945338582399   0.6357007576251742
  0.3849587669239031   0.4304053886818973   0.4462327664308149   0.4611916872610359   0.5047142705797344

0.4002058899471141
0.4000256734232344
0.3998937924191093
 0.399777523326479
 0.399453220142629

0.00204586848424765
 0.4006620587161333

0.08104012194171149   2.040186111796652   1.949598677944441 -0.3848016802084522  -3.686488243022791
  1.317531383023759 -0.2685111335055088  0.2516718267798392 0.01717325223715971  -0.317918636746778

-1.259828265995031e-08  8.210990372193634e-08 -1.812509347038341e-06   -0.02763218609948309    -0.0874302144172068
-1.017969328099124e-08 -2.492987396556085e-08   3.01849868771248e-07   -0.01041419634953286     0.1187055167811877

cov:
 0.0550394298686158 0.05741416538924552 0.05824114022443745 0.05902273291543683 0.06129281743694059
0.05741416538924552 0.06299779590198194 0.06494219247596951   0.066779876026688 0.07212539206106737
0.05824114022443745 0.06494219247596951 0.06727585554401649 0.06948140055482512  0.0758982303153219
0.05902273291543683   0.066779876026688 0.06948140055482512 0.07203475858650889 0.07946407357375088
0.06129281743694059 0.07212539206106737  0.0758982303153219 0.07946407357375088 0.08984258053887738

cov.inverse():
 861247.3340784032 -2589953.760945937  1225765.165270607   405605.277502504   97378.1064668855
-2589953.761008477  19928608.90004374 -19698196.13920273 -426910.9567268822  2786753.702297273
 1225765.165402378 -19698196.13963091  27467346.25007012 -6651878.855374468 -2343299.367020575
 405605.2774322282 -426910.9563236909 -6651878.855742836    8548518.6053394  -1875545.50513678
 97378.10646793158  2786753.702259723 -2343299.366948615 -1875545.505172234  1334862.361363662

cov*(cov_.inverse()):
     1.000000000030013   2.91038304567337e-11  2.619344741106033e-10   2.91038304567337e-11 -4.365574568510056e-11
-2.728484105318785e-12      1.000000000261934 -1.164153218269348e-10                      0 -1.455191522836685e-11
 2.182787284255028e-11                      0                      1  5.820766091346741e-11                      0
-2.819433575496078e-11  1.164153218269348e-10  5.820766091346741e-11      1.000000000087311 -1.455191522836685e-11
-1.818989403545856e-12 -8.731149137020111e-11 -8.731149137020111e-11   2.91038304567337e-11     0.9999999999854481
