5
2

0.0001693362521950516
0.0002961498368382067
 0.000477765021240569
  0.08770125882925743
    0.585009453648285

 -0.3664125226917633   0.7850739027615873  -0.4962545214969411  0.04654800367353933  0.03107352032195551
  0.2011275360245309  -0.2838200196757964  -0.5352048917863854   0.7570924428127936  -0.1391426157854316
  0.5256205914407872 -0.07542258541146321  -0.5169568256510335  -0.4401818249605972    0.506981290434325
 -0.6266070830682817  -0.3489523416751351 -0.03378861353939831   0.1371723123791486   0.6823766650463229
  0.3954442245999498   0.4191048323310187   0.4459833446549977   0.4605084516929964   0.5069574212465917

0.3979808736126821
0.3980498672907073
0.3981244833857331
0.3982198139612051
0.3983125591265629

-0.0005014991868581503
    0.3979999466578761

  1.694006251916089   2.775289437128498  -4.175472377455597   2.102572908337967  -2.396656186149645
  2.369835112033458 -0.7888306570564412 -0.6351835530928974   0.243840656354852 -0.1897169814396386

 1.047660481550077e-07  3.256547435666607e-07  1.595646949743367e-07   -0.02488852991535849   -0.09442942434950788
-3.346229934945341e-08  1.097612373803907e-07  3.264052734463952e-07   -0.00987774155938618     0.1161432262202427

cov:
0.05653759022848331 0.05840143994941444 0.06052005785773767 0.06166188788814461 0.06532052744422913
0.05840143994941444 0.06104997800521429 0.06405933273609693 0.06568383393119297 0.07088283222715622
0.06052005785773767 0.06405933273609693 0.06808001827881852   0.070252500653189 0.07720032023456053
0.06166188788814461 0.06568383393119297   0.070252500653189  0.0727221485171427 0.08061769668876047
0.06532052744422913 0.07088283222715622 0.07720032023456053 0.08061769668876047 0.09153818126735032

cov.inverse():
 6353748.774412893 -10856363.59469103   3923489.29643435  127758.0246488208  451236.7376382679
-10856363.59471542  22437599.28894889 -11683949.37994157 -1030157.297501611  1133476.228230518
 3923489.296493773 -11683949.38018728  13025137.09944069  -4428703.13038884 -836873.4775737631
  127758.024616898 -1030157.297237394 -4428703.130710967  7459863.691759137 -2128341.207081496
 451236.7376351618  1133476.228187625 -836873.4774379204  -2128341.20717135  1380526.000994368

cov*(cov_.inverse()):
    0.9999999999417923 -1.164153218269348e-10 -2.182787284255028e-10  5.820766091346741e-11   2.91038304567337e-11
-7.275957614183426e-12     0.9999999999854481 -4.365574568510056e-11   2.91038304567337e-11 -1.455191522836685e-11
-1.164153218269348e-10  5.820766091346741e-11     0.9999999999054126  5.820766091346741e-11                      0
-1.091393642127514e-10  -2.91038304567337e-11 -1.164153218269348e-10      1.000000000029104                      0
 7.275957614183426e-12 -5.820766091346741e-11 -1.455191522836685e-11   2.91038304567337e-11                      1
