5
2

 0.000120273921772622
0.0003779034661229654
0.0004793970916836831
  0.09048200504092509
   0.6382728600749261

 -0.1304773860717727    0.734656807989308  -0.6639461334667098  0.04782731891802076  0.01196267606176844
 -0.6293811966747014   0.4055307981507335   0.5464967115085989  -0.3719539300602082  0.04914976344402433
  0.3043424190801735 -0.04842329276284552  -0.1537401759351016   -0.712940395749079   0.6108279848525466
 -0.5866856535721711   -0.351256778426238  -0.2381127806440763   0.3392648098887643   0.6005167041534334
  0.3873378329536391   0.4124293958410515   0.4244798442356054   0.4857758766737675    0.513527074348094

0.3974288475367111
0.3962520995797899
0.3957525750419801
0.3928508780696798
 0.391536284188816

0.0150550673947392
0.4006202796572496

   1.777881067181222   -3.851003428492379    5.394951151716151  -0.1672429273135965   -3.156455227976859
   2.521352316255635   -1.658987487402901   0.4400075527182959 0.008887759932760836  -0.3112329479688626

-9.675974090586248e-08  2.495269884211749e-08 -4.391142841214505e-07    -0.0239651042105117    -0.1270029803674689
-2.666346957434287e-08 -2.910206648455898e-07  1.341227255429718e-07  -0.009702956939967609     0.1318586867074312

cov:
0.06393934313540471 0.06676782304397585 0.06812589518559937 0.07502509977733446 0.07814940710695112
0.06676782304397585 0.07030676247494447 0.07200610739210105 0.08064467425145917 0.08455616295824533
0.06812589518559937 0.07200610739210105 0.07386945108723414 0.08334374684505012 0.08763345055578581
0.07502509977733446 0.08064467425145917 0.08334374684505012 0.09707815390332554  0.1032955558588266
0.07814940710695112 0.08455616295824533 0.08763345055578581  0.1032955558588266  0.1103859136419607

cov.inverse():
 4353677.076156548 -8477697.561021486  3376563.358659168  263707.6205619417  484342.3321875695
-8477697.561163716  38471847.12571742 -32134725.18622413  1522934.316549771  618373.8928661929
 3376563.358809074 -32134725.18645095  32667666.97088736  -3141604.09163903 -769609.0886512359
 263707.6205988485  1522934.316631599 -3141604.091784122   3338549.76780396 -1983313.055194185
 484342.3321429705  618373.8928690035  -769609.088583085 -1983313.055220562  1650333.169640302

cov*(cov_.inverse()):
     1.000000000029104  6.548361852765083e-11 -2.182787284255028e-11  -2.91038304567337e-11   2.91038304567337e-11
 3.637978807091713e-11     0.9999999997598934 -2.473825588822365e-10  -2.91038304567337e-11   2.91038304567337e-11
 -2.91038304567337e-11 -2.182787284255028e-10     0.9999999999126885   2.91038304567337e-11                      0
 8.003553375601768e-11 -1.236912794411182e-10  1.891748979687691e-10                      1                      0
-2.182787284255028e-11   1.01863406598568e-10  1.164153218269348e-10                      0      1.000000000029104
