5
2

0.0002425635796983288
0.0003251791251302978
0.0006149315893815496
   0.1068461803316105
   0.5767936730341613

-0.2222783209914605   0.521711320808128 -0.7298158807865128  0.3782294993637632 0.05216197581283968
-0.3633078217646257  0.5929594409896592  0.2111775563639978 -0.6532210312750244  0.2123978624515754
 0.5290119736545048 -0.1726152456068125 -0.4673776084427043 -0.4270526510472353   0.538084113382074
-0.6217261534547562 -0.4232434944672958  0.0231160412995643  0.1754801508969117  0.6348180052403201
 0.3901316399657672  0.4090052816982703  0.4514384117473302  0.4659157434405458  0.5095467235237913

0.4004637152110395
0.4004644023330999
0.4004461055332159
0.4004029009666469
0.4002715489734257

0.0007975781664119191
   0.4007522956711128

   0.6544780190758877  -0.07018225364730236     3.140163555143963   0.06254873486885228    -3.787386309722631
    1.559544072728948   -0.4672774117616795    0.2357862833119884 -0.006722580525814176   -0.3213202318471418

-1.557848558347588e-07 -4.880508376573674e-08 -1.200198254585081e-06   -0.03079995519461804   -0.08533180839404952
-4.600005528626037e-08 -9.069812675721487e-08  2.365078405399046e-07   -0.01109127596536427     0.1187346406120443

cov:
0.05504940168680215 0.05609011765530376 0.05842950168397129  0.0592271550842081 0.06163008787827899
0.05609011765530376  0.0576994000090658 0.06131661596112575  0.0625503659267187 0.06626789198862462
0.05842950168397129 0.06131661596112575 0.06780751472074084 0.07002199164242891 0.07669598522727103
 0.0592271550842081  0.0625503659267187 0.07002199164242891 0.07257137303556029 0.08025440307449824
0.06163008787827899 0.06626789198862462 0.07669598522727103 0.08025440307449824 0.09097990077093818

cov.inverse():
 2828106.134435575 -4249711.920435417  1377722.925285114  217998.8979925944 -174084.2481493751
-4249711.920480818    8029951.3829156 -5073756.105039111 -114308.5557629934  1407922.577428051
 1377722.925461187  -5073756.10532527  10052062.88674634 -5468285.296333031 -887898.9434643418
 217998.8978626977 -114308.5555061189 -5468285.296510506  6949004.660527278 -1584448.825227645
-174084.2481501514  1407922.577411935 -887898.9433969483 -1584448.825278147  1238592.746193709

cov*(cov_.inverse()):
     1.000000000027285 -1.455191522836685e-11 -2.182787284255028e-11 -1.600710675120354e-10  1.455191522836685e-11
 2.182787284255028e-11     0.9999999999563443  1.455191522836685e-11 -1.164153218269348e-10 -1.455191522836685e-11
 2.728484105318785e-11  1.455191522836685e-11     0.9999999999272404 -1.455191522836685e-11 -1.455191522836685e-11
-3.092281986027956e-11  5.820766091346741e-11  1.455191522836685e-11     0.9999999999272404                      0
 6.002665031701326e-11 -4.365574568510056e-11                      0                      0                      1
