5
2

0.0002362300693815772
0.0003215161272870532
0.0006108619533559357
   0.1069857452610359
   0.5759098103525806

-0.2044724691198953  0.4887397610633012 -0.7379872997182446  0.4162908161376928 0.03743203416577773
-0.3736171086608108  0.6206110852763611  0.1688065620291476 -0.6323475189087238  0.2165481398994551
 0.5290431017704436  -0.171840559844875 -0.4717505488656947 -0.4230483010711727  0.5376483730720465
-0.6213012924392062 -0.4228557623798425 0.02358055359696466  0.1759523140673069  0.6353443545841543
 0.3907676623908768  0.4094376057499447  0.4514138535838811   0.465735429041585  0.5088983434393597

0.3993770139824179
0.3993168432924964
0.3991650655193557
0.3990783043227709
0.3988165406366141

0.001584707179715565
  0.3997658944534196

    0.708525765455146   -0.2118883741380946     3.257239088572105   0.08446153458573337    -3.838778603791146
    1.555529424490508   -0.4752006337783337    0.2565670908936957 -0.005358768010260556   -0.3315759807458919

-1.540635738063829e-07 -7.557196987045374e-08 -1.203415140276916e-06   -0.03087988304504012   -0.08415669197243361
-4.209333320627494e-08 -9.315842699669868e-08  2.267127704189201e-07   -0.01111480619361829       0.11869526272935

cov:
0.05506455371551043 0.05607289720824361  0.0583384940995566 0.05911112012173268 0.06143857281931042
0.05607289720824361 0.05764791157920233 0.06118745687219444 0.06239481279865274 0.06603282647926682
 0.0583384940995566 0.06118745687219444 0.06759278825098874 0.06977808969284192 0.07636435307571336
0.05911112012173268 0.06239481279865274 0.06977808969284192 0.07229730353570625 0.07988971427874464
0.06143857281931042 0.06603282647926682 0.07636435307571336 0.07988971427874464 0.09051603459758834

cov.inverse():
  2849651.88686427 -4277445.469557212  1425095.077301816  160363.8136344708 -157592.1156937579
-4277445.469714458  8085476.821131662 -5232630.035648537  44325.88914698381  1380291.155406325
 1425095.078008404 -5232630.036818539  10631558.37898975 -6003014.940123478 -821107.4007426087
 160363.8130557357  44325.89027491183 -6003014.940885695  7453235.620916951 -1654955.390342518
-157592.1156643648  1380291.155291157 -821107.4004438064 -1654955.390555548  1253434.903178275

cov*(cov_.inverse()):
    0.9999999999636202  1.309672370553017e-10 -9.458744898438454e-11 -1.455191522836685e-11                      0
-5.093170329928398e-11      1.000000000058208  5.820766091346741e-11 -7.275957614183426e-11  1.455191522836685e-11
-1.091393642127514e-11  1.455191522836685e-11      1.000000000007276  1.455191522836685e-11  1.455191522836685e-11
-2.728484105318785e-11  8.731149137020111e-11 -7.275957614183426e-11                      1  1.455191522836685e-11
 1.818989403545856e-11   2.91038304567337e-11  -2.91038304567337e-11   2.91038304567337e-11                      1
