5
2

0.0001404516589142358
 0.000172918708002063
0.0005230262144860624
  0.05833503511770169
   0.5461394923672812

0.003249499127624107   0.2452894450016453  -0.5830071359907303   0.6887629560865663  -0.3543032580050389
 -0.1789691035500537   0.7102253244741223  -0.4128350859489276  -0.4374322588404049   0.3190145124997295
  0.6445578129422359  -0.3855943290011145   -0.526185032592774  -0.1146622410303187   0.3818954322514844
 -0.6097597321477228  -0.3107356064528051  -0.1294901584143829   0.3313324028190044   0.6364649162754757
  0.4250856332036747   0.4360888360999397   0.4427544257741383   0.4597064482610243   0.4709216828279185

0.3994372956600981
 0.399633965340767
0.3996429256066707
0.3996680557838164
0.3996846035332018

-0.0003158793489621816
    0.3995899713631767

 -2.403058556963423   2.110378854558348   4.499270607995927   8.855034429539606  -13.06196868402609
  1.125237770826438 0.07376795727235616  0.2944796835925758  0.7079796847687444  -1.201520938019018

 1.699187324830667e-07 -2.382793412066155e-07 -2.936287166191726e-06   -0.01753423618435777   -0.05654239682441489
 1.505934201990081e-08 -2.881123884725715e-08  5.065152815316108e-10  -0.004346718799993244       0.11946080916202

cov:
0.05516179723864172 0.05593622798005075 0.05640525258874037 0.05759845945464071 0.05838736853426459
0.05593622798005075 0.05705136389387217 0.05772670045006899 0.05944435187270881 0.06058043781803769
0.05640525258874037 0.05772670045006899 0.05852713322255219 0.06056267512288985  0.0619092287970285
0.05759845945464071 0.05944435187270881 0.06056267512288985 0.06340665628282199 0.06528844530509623
0.05838736853426459 0.06058043781803769  0.0619092287970285 0.06528844530509623 0.06752469399145614

cov.inverse():
  2590566.03795269 -5119073.006157986  1135170.440716606  2461442.255808998 -1068082.065975093
-5119073.006569766  20463314.85580795 -16313576.53906481 -1664224.818588405   2633528.74337036
 1135170.441755897 -16313576.54188155  23942393.17789116 -14095806.34311695    5332007.5565858
 2461442.254478435 -1664224.813199627 -14095806.34761609  30495849.90682733 -17197616.57557235
-1068082.065272027  2633528.740386463  5332007.559307552 -17197616.57601325  10300355.45845324

cov*(cov_.inverse()):
    0.9999999999636202  5.820766091346741e-11 -1.746229827404022e-10  3.492459654808044e-10                      0
-2.182787284255028e-11     0.9999999999708962 -1.164153218269348e-10  1.164153218269348e-10  1.164153218269348e-10
 1.455191522836685e-11 -2.328306436538696e-10                      1  2.328306436538696e-10  1.164153218269348e-10
 -2.91038304567337e-11  1.455191522836685e-10 -2.328306436538696e-10                      1  2.328306436538696e-10
 1.455191522836685e-11  5.820766091346741e-11                      0                      0                      1
