5
2

0.0001756360437793197
0.0003647068181354579
0.0006025967054595322
  0.08516502108382244
   0.5774810180009406

-0.05625295278092178   0.6070451663687193  -0.7764473659661384   0.1126155672029493   0.1130442090494042
 -0.1181860476352495    0.374196483105306   0.2307126450272326  -0.8240165703392354   0.3373090829000628
  0.4491775988359283  -0.5195907402643868  -0.3739786754858392  -0.1583428766227062   0.6027706288798425
 -0.7936153255757858  -0.1796429264022485  0.02990646130225005   0.2542532380847521   0.5218850721190165
   0.388949692329246   0.4350023444133805   0.4507180018182309   0.4675438483994703   0.4875932011960805

0.4000232126412671
0.4000736390302024
 0.400023231792931
0.3999825401200716
0.3999323637699648

0.0006530895008348288
   0.4002951768110907

  0.6278419121371238    3.926200372275312   0.1107584412606249   -1.128251285660843   -3.536807541129424
   1.350863719885517 -0.03189105195825534 0.003320776779879936 -0.03141827119807419  -0.2909116623359115

 5.352719495515452e-08  1.539233334772282e-07 -1.362676106315361e-06   -0.02417404906010054   -0.08337246569461856
-4.144488711010835e-09 -3.232948123328204e-08  1.640327210499393e-07  -0.008892628763331406     0.1188892003976598

cov:
0.05501837910730847 0.05745751746475046  0.0582898032159861 0.05918093580125439 0.06024108507930927
0.05745751746475046 0.06333844821691939 0.06534516709160676 0.06749364069877219 0.07005332879253132
 0.0582898032159861 0.06534516709160676 0.06775280967623924  0.0703304397531084 0.07340199098039293
0.05918093580125439 0.06749364069877219  0.0703304397531084 0.07336772978338678 0.07698716968419095
0.06024108507930927 0.07005332879253132 0.07340199098039293 0.07698716968419095  0.0812605671656296

cov.inverse():
 763306.9733313896  -2082173.79291538   748284.734281292  330918.7545921067  239706.3920137253
-2082173.793106395  13741987.71772423 -14095198.11876517  124496.7592419739  2310977.924096452
 748284.7345636317 -14095198.11947212  20328587.83032205 -4100752.787887263 -2881045.679553144
 330918.7545737805  124496.7596026479 -4100752.788352537  5585040.676644124 -1939801.528136204
 239706.3919407231  2310977.924251719 -2881045.679512479 -1939801.528259137  2270270.259184231

cov*(cov_.inverse()):
     0.999999999996362   2.91038304567337e-11 -2.619344741106033e-10 -5.820766091346741e-11  5.820766091346741e-11
 3.274180926382542e-11      0.999999999825377   2.91038304567337e-10  -2.91038304567337e-11                      0
 2.182787284255028e-11 -5.820766091346741e-11                      1                      0   2.91038304567337e-11
-3.637978807091713e-12  1.164153218269348e-10  -2.91038304567337e-11      1.000000000029104                      0
-3.637978807091713e-12   2.91038304567337e-11                      0                      0                      1
