6
2

0.0001876220578655606
0.0002906290195138757
0.0005720967640040098
 0.001650494334680515
   0.1259480993245427
   0.7589972690498132

  -0.3666088627978505    0.7989749097803162   -0.4746993497885851  0.006728107194820413   0.04246812578322568 -0.006982366069752687
   0.4392346649925852  -0.09943992962354967   -0.5514290266764804    0.3357263378304495   -0.4936022905917322    0.3698043304417823
   -0.417440708315615    0.1495026136076975    0.5130530537324831    0.1782730276100721    -0.669278795005481    0.2458727512432974
   0.1220051171207453   0.08449244511295788   0.02529963402068484   -0.7909127645461101  -0.03090215211817712    0.5923155936712291
  -0.6047478355462352   -0.4372421707891953   -0.2440533080590865     0.203550291120047    0.3252435135825568    0.4861288493481229
     0.34323302962619    0.3620498215230225    0.3836157338386078    0.4341492417939272    0.4470803568017779    0.4643097815812134

0.3654014195338826
0.3582366783675517
0.3498224011909222
0.3299206977940296
0.3249938576676676
0.3183037984143909

0.09876823898661791
 0.3782091686986641

 30.17575573350063 -45.48690529568857  16.63529864039447 -1.832265488977118 -1.188683767315551  1.749790816333631
-25.32423397597208  39.37310419247447  -16.0062369529995   10.1282338111292  8.460741712259223 -15.76790435312937

-1.949396822405913e-06  7.790180206770489e-07 -3.260858804283541e-06  7.577136943941208e-06   -0.03694118777885245    -0.1406298254454021
  1.72060212553139e-06 -1.082776842812713e-06  1.675085366690876e-07 -4.843366522617723e-05   -0.01342412107669989      0.162034109020357

cov:
0.07366849400388735 0.07578209367986583 0.07819294769255727 0.08389077672707568 0.08528055375621464 0.08714403454183474
0.07578209367986583 0.07854493146790273 0.08170292786374095 0.08913787743600809 0.09099098562226099 0.09346878996341508
0.07819294769255727 0.08170292786374095 0.08572101322222313 0.09515550758725708 0.09754200750154199   0.100726880950988
0.08389077672707568 0.08913787743600809 0.09515550758725708   0.109241138978444  0.1128664790336075  0.1176938337543277
0.08528055375621464 0.09099098562226099 0.09754200750154199  0.1128664790336075  0.1168249316537162  0.1220921844002372
0.08714403454183474 0.09346878996341508   0.100726880950988  0.1176938337543277  0.1220921844002372  0.1279424399158858

cov.inverse():
 6640023.045355322  -9024846.41518203  1422967.876359692  1412964.866131995 -2156882.864350982  1708684.382000796
-9024846.415312981  18322196.39795879 -9889837.557652643 -185644.4073711922  1238322.151113397 -463175.1839749375
 1422967.876520949 -9889837.557844684   10805787.9640119 -2010404.254778126  1600362.869226459 -1929187.411995132
 1412964.866083443 -185644.4072265587 -2010404.254886975  1662443.055190895   -2309388.8411385  1430497.033327727
-2156882.864246228  1238322.150843473  1600362.869408644 -2309388.841131677  4304725.970473747 -2678994.783026143
  1708684.38191421 -463175.1837884169 -1929187.412099311  1430497.033308114  -2678994.78300228  1933966.939772837

cov*(cov_.inverse()):
    0.9999999998544808 -4.365574568510056e-11  5.820766091346741e-11                      0                      0                      0
-5.820766091346741e-11     0.9999999998763087                      0                      0  -2.91038304567337e-11   2.91038304567337e-11
 -2.91038304567337e-11 -2.764863893389702e-10      1.000000000116415   2.91038304567337e-11                      0   2.91038304567337e-11
 -2.91038304567337e-11  1.091393642127514e-10   2.91038304567337e-11      1.000000000029104                      0                      0
-8.731149137020111e-11 -2.182787284255028e-11  8.731149137020111e-11  -2.91038304567337e-11                      1                      0
 -2.91038304567337e-11                      0                      0                      0                      0     0.9999999999417923
