5
2

0.0001696647979306432
0.0003093373472281761
0.0004470181944887847
  0.09269915026019984
   0.5913296109892481

 -0.3634905108792579   0.7887912322637666  -0.4927027245907193  0.05179268553984911  0.01563915950416638
  0.1724050471239575  -0.1916106615909058  -0.3634852548651911   0.7947577470769839  -0.4120684980043788
   0.526700561639312  -0.1601113815399171  -0.6505353654215525  -0.1996248887149505   0.4836367500631062
 -0.6394753413078542  -0.3797747015350331 -0.08488172350460814   0.3117500357324267    0.585191825104297
  0.3896266860149068   0.4137985836658454   0.4412723943633949   0.4781625876331827   0.5035881168791785

0.3979411792113987
0.3980013543964964
0.3980653258909893
0.3981873710138227
0.3982387319509281

-0.0004022477334628956
    0.3979804108649916

  1.718876242097045   3.019866917407187  -3.394513235820994    1.03319970317049    -2.3778067943015
  2.351725028542152 -0.7227680874036134 -0.5715217538232514  0.1470633510629912 -0.2045701031168556

9.919879407773511e-08 2.633877608924014e-07 2.545417803097812e-07  -0.02601389492360677  -0.09859527848113682
-3.27855475529326e-08 9.117837533229244e-08 3.192964523448483e-07  -0.01078210514024278    0.1162021381698897

cov:
0.05659718538294674 0.05846321946939606 0.06058577363847768 0.06343226306679059  0.0653937270130265
0.05846321946939606 0.06111326339462071 0.06412615817387249  0.0681695069864839 0.07095604395370167
0.06058577363847768 0.06412615817387249 0.06815036101282185 0.07355310918857974 0.07727677439430311
0.06343226306679059  0.0681695069864839 0.07355310918857974 0.08078374068705456 0.08576728189529761
 0.0653937270130265 0.07095604395370167 0.07727677439430311 0.08576728189529761 0.09161961511521889

cov.inverse():
 6288846.609976663 -10727503.57269245   3851918.53792137  251728.7261275549  334820.9669311328
-10727503.57257791  22126266.85643691 -12251825.75611467  -12289.2329582825  866131.8369538829
 3851918.537510495 -12251825.75548568  11931647.62548919 -3255557.906434167 -276896.0717285747
 251728.7267302152 -12289.23398664344 -3255557.906054714  6893548.680829555 -3877460.114816546
 334820.9666248173  866131.8374677794 -276896.0718899199 -3877460.114862771  2953574.625130675

cov*(cov_.inverse()):
                     1 -1.382431946694851e-10  1.928128767758608e-10  5.820766091346741e-11                      0
-1.236912794411182e-10      1.000000000109139  1.818989403545856e-11  1.164153218269348e-10  -2.91038304567337e-11
-7.275957614183426e-12 -1.746229827404022e-10      1.000000000040018  1.164153218269348e-10 -8.731149137020111e-11
-3.637978807091713e-12 -1.600710675120354e-10  9.822542779147625e-11                      1  -2.91038304567337e-11
-3.274180926382542e-11   2.91038304567337e-11 -4.729372449219227e-11                      0                      1
