6
2

                  nan
                  nan
4.019492502822257e-09
9.292691612677387e-09
  0.06391641979388951
   0.8932693349864742

                   0   0.3270794135213482  -0.5227499151770586  -0.4265869509732991   0.6612292464380173 -0.02347424859766401
  0.6910819166697864  -0.6207116753359218  -0.2528105120425917 -0.09990301636210643  0.05145837530662355    0.246132217490937
                   0 -0.09274682704069784  -0.4472442579068977   0.7661504860920942   0.1717278600196702  -0.4182027912354284
                   0   0.3721717413671151  -0.5412821054574988    0.138869124833331  -0.5031109540344585   0.5441476006910516
  0.6649326517678986    0.510093624367903  0.09156136727659699 -0.08417261744886276   -0.250860755937604   -0.468262138782102
  0.2833202305959199   0.3169018597816568   0.4017737463876732   0.4412331921804352   0.4632339694148413   0.4986063323044035

0.4881090204639926
0.4958066093429737
0.5243506313715174
 0.536676666373163
0.5424424274862973
0.5544703622667911

-0.1346277170110418
 0.4703737447659175

 -4.136656416083907   2.071897117377891   1.737948812971849  0.0929765241695483 -0.7283569150719253 -0.5889880919987629
   9.35848594629871  -4.498599298410951  -2.819455567485998  -2.183668672519224 0.03655398623863006   2.125453731429272

  4.04794008594621e-17  2.315893119590235e-16 -1.255310860782908e-17 -9.564545835048757e-18  -0.004428133643300435    -0.3249145238645124
-4.979963892025105e-17 -5.196183633778118e-16  -1.41754911097822e-17  5.930757530365987e-17    0.01164014139098759      0.164566161874712

cov:
0.06585639096855342 0.07302756791602502 0.09107760925521097 0.09952082246779129  0.1040417316316442  0.1114477914510064
0.07302756791602502 0.08119653702906478  0.1017855368174096  0.1113972603755029  0.1166131389301378  0.1251045498152096
0.09107760925521097  0.1017855368174096  0.1288378368341252  0.1414223022558369   0.148413122740264  0.1596717350538827
0.09952082246779129  0.1113972603755029  0.1414223022558369  0.1553753473159024  0.1631785516379227  0.1757069723635076
 0.1040417316316442  0.1166131389301378   0.148413122740264  0.1631785516379227  0.1714814914583405  0.1847789212965278
 0.1114477914510064  0.1251045498152096  0.1596717350538827  0.1757069723635076  0.1847789212965278  0.1992678099404597

cov.inverse():
-1.073892124927669e+16       4532415280872997      -1510841313629569  1.600603114249757e+16       9557215419154026 -1.860461703279882e+16
      4609334835819144      -1195396916799794       6699425002437420      -5194920794181030 -2.579873187768651e+16  2.130793851989277e+16
     -1513801665515996       5855228517493815     -770019965442306.2 -2.062248036278338e+16  2.090761220281887e+16      -3415643973189290
 1.812761956695979e+16      -8481014957859262 -2.055174389574148e+16      -3395767829833612       3968272872914878   1.09685046646945e+16
      5423764562093477 -1.736935164840562e+16  1.706369442274512e+16      461839475422049.3       4486937725627486 -1.036951872746823e+16
-1.668836969571619e+16  1.710848805261423e+16     -445252795669475.9  1.340015987600418e+16 -1.356110279662561e+16     -291412037793655.7

cov*(cov_.inverse()):
      0.75          0    -0.0625       0.25          0 -0.1328125
         0       0.75   -0.03125          0          0 -0.3828125
         0          0   1.359375          0      -0.25 -0.1484375
      -0.5          0    0.40625          1          0   -0.28125
         0          1     0.4375          0        1.5     0.0625
         0        0.5   0.046875          0       -0.5   1.015625
