5
2

0.0002164300506475589
0.0003889272129124189
0.0006962092578760307
  0.09046677557468107
   0.5634647444314488

 -0.3744213933351097   0.7994780054995048  -0.4682591961035399 0.006774457514280586   0.0364824742223316
 0.01473674892888925 -0.08876596673787006  -0.1939504643977477    0.811630774152586  -0.5436378713707035
   0.564183136544563  -0.1807340008231545   -0.733525173755635  0.01752607997752429    0.332665395514145
 -0.6146219021137812  -0.3778543682719314   -0.102517223246034   0.3425247115548459   0.5929865384071127
  0.4043868869347506   0.4213274488991923   0.4410754822352445   0.4728416771698027   0.4907418810143628

  0.39967092387126
0.3996808886800651
0.3996527524819868
0.3996441785040519
0.3995936125838373

0.0006577774030242308
   0.3999383497011336

 0.7144382402835361   7.165017253326945  -7.291709577542443   1.909314865863635  -2.496007321380207
  1.520772751327245  0.2783861597345044 -0.7507834956724471  0.1669570378458266  -0.215144523123191

 4.120714454083515e-07  5.589721050459335e-07  1.773976409562468e-06   -0.02639439387173482   -0.07320047372491789
-9.382098306477757e-11  5.986787158210902e-08   6.25153245340204e-07  -0.008456873446926267     0.1188958410620356

cov:
 0.0550109951220011 0.05599477534748635 0.05714508834471325  0.0589850882991154 0.06002349873674999
0.05599477534748635 0.05752880461417974 0.05931900175431078  0.0621919806665493 0.06381191178798841
0.05714508834471325 0.05931900175431078 0.06185369272027434 0.06592846398941216 0.06822495895235017
 0.0589850882991154  0.0621919806665493 0.06592846398941216 0.07194504018024989 0.07533424175486053
0.06002349873674999 0.06381191178798841 0.06822495895235017 0.07533424175486053 0.07933890587704687

cov.inverse():
 3651031.224489164 -6609446.342754202  2870245.309959554  45296.59721735195  42589.26440124139
-6609446.342740506  13764636.52135236 -7604709.247635651 -367213.2909099628  817619.4653841013
 2870245.309891262 -7604709.247510572  6039742.280388885 -1134916.970618907 -171091.2147442457
 45296.59735391744 -367213.2911912809 -1134916.970463361  4356550.168651273 -2899636.886395453
 42589.26431928129  817619.4655540198 -171091.2148430055  -2899636.88638464  2210585.304978101

cov*(cov_.inverse()):
    0.9999999999581632  3.637978807091713e-11  -2.91038304567337e-11                      0   2.91038304567337e-11
-2.364686224609613e-11      1.000000000014552 -1.000444171950221e-10                      0                      0
-3.319655661471188e-11  1.455191522836685e-11      0.999999999994543   2.91038304567337e-11   2.91038304567337e-11
-5.366018740460277e-11  -2.91038304567337e-11 -8.003553375601768e-11     0.9999999999708962  5.820766091346741e-11
                     0  7.275957614183426e-12  1.091393642127514e-11  -2.91038304567337e-11                      1
