5
2

0.0001805490432703661
0.0004171514426259113
0.0005270438998971835
   0.1130470696202979
   0.5722782598503464

-0.2978939381724033  0.7735706878390952 -0.5559013390987724 0.05745976741341229 0.02279624603467434
  0.341180439994729  -0.227763807733677 -0.4423965656197391  0.7038791505738644 -0.3749119568204443
-0.5476738765005701  0.1543434276875639  0.5262172797061737  0.3753768579467451 -0.5083493094174077
-0.5834824704485927 -0.3961033730286647 -0.1776958006168622  0.3556364895400383  0.5870240321360725
 0.3930097207998611  0.4110866855150794  0.4321788482767506  0.4835984060580422  0.5058706565015845

0.4001918783228072
0.4002803482912292
0.4003443342456132
0.4005007288633102
0.4005453462923538

-0.0003713700055981362
    0.4003284432349343

   0.596568617975909    2.218405071227622  -0.3477251893288618  -0.2724120279665661    -2.19484762406766
   1.498315924932365   -0.189517195371458 -0.06472738911854051 -0.07386602343268683   -0.170323433169852

 5.430796306980063e-08  8.408891403589957e-08  2.350490729822708e-07   -0.03259221884693467   -0.08053691888931666
-1.842075332085535e-08   1.03514749393573e-07 -2.291767360665575e-07   -0.01167962341357237     0.1182571238578427

cov:
0.05493587934654532  0.0558652150031283 0.05695136638672355  0.0595928498033361 0.06073423164059941
 0.0558652150031283 0.05735050644211476 0.05908458296289434 0.06330749895817156 0.06513476060279343
0.05695136638672355 0.05908458296289434 0.06157407527563906 0.06764072008767086 0.07026762502242105
 0.0595928498033361 0.06330749895817156 0.06764072008767086 0.07820860233657509 0.08278748373486539
0.06073423164059941 0.06513476060279343 0.07026762502242105 0.08278748373486539 0.08821346763475819

cov.inverse():
 4471055.977612809 -7820069.825135722  3175179.573181944  114832.9191330046  58870.49474432013
-7820069.825140934  18741220.81147856  -12320465.0852361  650834.2873567817  749204.0699751701
 3175179.573159112 -12320465.08517531  11601495.26747343 -2058228.288921415 -398641.2388510862
 114832.9192305892   650834.287129561 -2058228.288778672  3455705.610922485 -2163259.059729885
 58870.49467477404   749204.070136403 -398641.2389558832  -2163259.05971677  1754025.427810225

cov*(cov_.inverse()):
    0.9999999999522515  -1.01863406598568e-10 -1.164153218269348e-10                      0  1.455191522836685e-11
-1.909938873723149e-11     0.9999999997962732  -2.91038304567337e-11  5.820766091346741e-11  1.455191522836685e-11
-1.182343112304807e-11 -4.365574568510056e-11     0.9999999999345164   2.91038304567337e-11  1.455191522836685e-11
-7.003109203651547e-11                      0 -1.964508555829525e-10      1.000000000029104   2.91038304567337e-11
-2.091837814077735e-11  5.820766091346741e-11                      0                      0      1.000000000029104
