5
2

0.0002685581573274611
0.0003233169872108587
0.0006005366154607512
   0.1163380212932836
   0.5810397281059807

    0.472166065027941    -0.771612800474107    0.4178240390127349  -0.06587974874536447  -0.05249594564219125
  -0.0804595346545839      0.13061577320983    0.2663540589366616   -0.8122509405603349    0.4957516595219649
   0.4712310066323397   -0.1416729164150294   -0.7433568564714159  -0.03763864460188549    0.4515241294905513
  -0.6363425700645903   -0.4563276397761518 -0.006584474883420989     0.314846460080707     0.536340908345686
    0.378939232900292    0.3990577350009524     0.449283670233511    0.4851425638627052    0.5098419934598111

0.3975052408028529
0.3975763291002603
0.3976633864156983
0.3977393106522352
0.3977589549509962

-0.0001622930471804842
    0.3976722292919466

 -0.2363577959511438    3.641523677375199   -2.253738612952447    1.532051540557704   -2.684038603933936
   1.441465669632001 -0.08017162943628892  -0.2819682491858544   0.1510804138906218  -0.2304269713535534

-2.757383642957029e-07 -2.802199482898989e-07 -7.989167212117379e-08   -0.03320945068579199   -0.09254730263166472
 4.520720581091034e-08 -4.583857275888973e-08  2.850873491959303e-07   -0.01292338465835935     0.1159225685902792

cov:
0.05395934288646458 0.05498261013050033 0.05753462334775741 0.05935390102640471  0.0606061925811851
0.05498261013050033 0.05658136866605668 0.06057031581193765 0.06341615633933646 0.06537578282318608
0.05753462334775741 0.06057031581193765 0.06814877610721373 0.07355902378815939 0.07728563409878403
0.05935390102640471 0.06341615633933646 0.07355902378815939 0.08080206422977323 0.08579126131012785
 0.0606061925811851 0.06537578282318608 0.07728563409878403 0.08579126131012785 0.09165068624798507

cov.inverse():
 3768786.164648394 -5337094.601652593  1559032.311105564  144703.1753740486 -135297.5268423301
   -5337094.601642  8473971.345103104 -3845261.837337584 -295323.0881415759  1003681.655967275
 1559032.311214419 -3845261.837531622  4631404.330584219 -2373701.005086444  28387.92750978465
 144703.1750597487 -295323.0876098727 -2373701.005379722  6375479.200141252 -3851256.979968268
-135297.5266474683  1003681.655640188   28387.9277178882 -3851256.980044146  2954638.094397824

cov*(cov_.inverse()):
     1.000000000025466  3.637978807091713e-11  1.932676241267473e-11  -2.91038304567337e-11  -2.91038304567337e-11
 3.637978807091713e-11     0.9999999999563443  2.887645678129047e-11 -5.820766091346741e-11  -2.91038304567337e-11
 4.001776687800884e-11                      0     0.9999999999545253 -5.820766091346741e-11 -5.820766091346741e-11
   1.2732925824821e-11  1.164153218269348e-10 -3.819877747446299e-11     0.9999999999417923                      0
 3.819877747446299e-11 -4.365574568510056e-11  2.137312549166381e-11  5.820766091346741e-11                      1
