6
2

 9.95103467379962e-05
0.0001598366648451283
0.0003515183833418736
0.0006771589801608212
     0.11303596766421
   0.6281084230630425

-0.03386491363545472   0.1931063547146672  -0.5850141527845262   0.7227881248659677  -0.3109717304257604  0.01398048153055113
  0.2652429651584667   -0.737465224178343   0.3784676830403734   0.3818954662541501   -0.310197371889621  0.02206510328276224
 -0.5507058567536469   0.3348225887399104   0.5189297831136476  0.07202402399303602   -0.533804506682381   0.1587263753060256
  0.3851917469649628  0.03157912139101234  -0.2314326264633872   -0.387707684909571  -0.4583938139401533   0.6607774806801235
 -0.5911618631965203  -0.4078920070457117  -0.1939209078832131  0.06097820436268248   0.3432595531691749   0.5700885732294514
  0.3568996581221925   0.3733305273431259   0.3925126176665993    0.415343386885933   0.4406528253555836   0.4609726183134347

0.4005996812513881
 0.400772277075286
0.4009368301157022
0.4011181584308797
0.4013023733023922
0.4015033220181218

-0.001515574627957141
    0.400595605790993

  0.1381018746916098   0.2703014690414937   -1.215711945796224    9.724909403444835   -8.608878183838616  -0.3085460857092102
   1.427777655653526   -0.250601154139674  -0.2150188278239154   0.7877790982862627  -0.7272822985933443 -0.02255728968080842

 1.035839161404792e-07  1.470203817692555e-07  5.721674337774342e-07  1.444602876875962e-07   -0.03186760816535825   -0.08820010146860437
 8.162384924666156e-09  2.575450550171012e-08 -6.677300932610402e-08  2.773574456588835e-07   -0.01168598531973445     0.1293790459250856

cov:
0.05471830370815144 0.05564740649576909   0.056732073685675 0.05802139976695203 0.05945292702752953 0.06060087088899169
0.05564740649576909  0.0571123558942246 0.05882244794739087 0.06085663719747553 0.06311319637950005  0.0649239030292353
  0.056732073685675 0.05882244794739087 0.06126276185294093 0.06416660471624701 0.06738642096400146 0.06997092605314245
0.05802139976695203 0.06085663719747553 0.06416660471624701 0.06810631727425552 0.07247348197674791 0.07597965198173932
0.05945292702752953 0.06311319637950005 0.06738642096400146 0.07247348197674791 0.07811155100414376 0.08263863308409319
0.06060087088899169  0.0649239030292353 0.06997092605314245 0.07597965198173932 0.08263863308409319 0.08798664893433678

cov.inverse():
 5647620.170383772 -9782637.605373856  3422862.386112086  846380.5032745559 -163069.4293411623  28908.95679801556
-9782637.606169591  25963021.51882137 -20943142.62992977  3239806.932412381   1411875.70287972  111288.1341186677
 3422862.390570718 -20943142.64120412  42464591.01947761 -36545678.63817351    11766022.144401 -165987.4605980795
 846380.4968575254  3239806.951386647 -36545678.65363267  58836144.41177575 -27258895.22946525  884119.7705624431
-163069.4265256366  1411875.694194838  11766022.15331367 -27258895.23257917  16296419.20161053  -2053200.49600695
 28908.95673642743  111288.1343085275 -165987.4608677799  884119.7707743461 -2053200.496077416  1194916.496746332

cov*(cov_.inverse()):
     1.000000000014779 -2.619344741106033e-10   7.09405867382884e-11 -6.475602276623249e-10  1.455191522836685e-11  1.455191522836685e-11
  3.04680725093931e-11       1.00000000001819  6.057234713807702e-10 -9.822542779147625e-10  -2.91038304567337e-11 -1.455191522836685e-11
 7.207745511550456e-11 -1.991793396882713e-10      1.000000000060027 -5.238689482212067e-10 -2.328306436538696e-10                      0
-2.228262019343674e-11  4.729372449219227e-11 -4.511093720793724e-10     0.9999999997235136  -2.91038304567337e-10 -1.455191522836685e-11
 4.547473508864641e-11 -1.455191522836685e-10  5.802576197311282e-10 -2.473825588822365e-10     0.9999999999708962 -1.455191522836685e-11
 7.639755494892597e-11  -4.18367562815547e-11  8.185452315956354e-11 -5.820766091346741e-11 -1.164153218269348e-10                      1
