6
2

0.0001189901122284779
0.0002323323773620188
0.0004568128388456371
0.0006610217141411993
   0.1000996685790421
   0.6493928272889125

-0.02675231864295205   0.1845012373297167  -0.7288018529280414   0.6557982531715842 -0.05705975603860401 -0.02764600183746795
  0.3252868360541917  -0.8014221745662879   0.1961225843005983   0.4445537512604635   -0.116032971020144 -0.04853056981985912
 -0.1875334601509324   0.1487423629416847   0.2231567520804835   0.1483726032179003  -0.8049303269455369   0.4722083376740905
  0.6190104759151991  -0.1095828833644839   -0.445999053936724  -0.4284921032603746 -0.09634112103067584   0.4615358838815955
 -0.5886741786246514  -0.3845820386330905  -0.1572571114217784  -0.0341663220442037   0.3624161790300039   0.5901836523523425
  0.3585982866505766   0.3763585368210915   0.3961564083687453   0.4068333367279102   0.4412942376875659   0.4610505965641071

0.4005856240343093
0.4003959088484435
0.4001403330457746
0.4000704076962566
0.3995741617372008
 0.399305745691365

0.003408318006559212
  0.4012160359870233

  0.2297904662280443    2.125286681556197   -2.353929311289936    3.781707604568291  -0.8776723159645297   -2.905511922382595
   1.486704180685701  -0.1915482757131562  -0.3175222744619872   0.3528037633065142 -0.06578126624555591  -0.2645906047060629

   6.6714997740843e-08 -8.968250882658347e-09 -7.443721534437999e-08 -8.379279718755306e-07   -0.02749995578560891    -0.1006316184282535
 5.645527804653148e-09  4.060017122606528e-08 -8.301240990593349e-08  3.565231113705736e-07  -0.009455189084573623     0.1382217162522015

cov:
0.05770143953011066 0.05918316691369455 0.06083614916791313 0.06172472882359902 0.06459695646368516 0.06624122875033259
0.05918316691369455 0.06121560457851211 0.06348179334693081 0.06470203778390832 0.06864323427648174 0.07090116623943621
0.06083614916791313 0.06348179334693081 0.06643118714748507 0.06802093889778354 0.07315309306818105  0.0760947164477888
0.06172472882359902 0.06470203778390832 0.06802093889778354 0.06981061173087098 0.07558705483565174 0.07889853851527667
0.06459695646368516 0.06864323427648174 0.07315309306818105 0.07558705483565174 0.08344047794954897 0.08794398374048133
0.06624122875033259 0.07090116623943621  0.0760947164477888 0.07889853851527667 0.08794398374048133 0.09313238061205016

cov.inverse():
 3056302.439253715 -5467068.234222153  1726565.655791925  699515.8897481784 -4564.748277989765 -10775.82804461918
-5467068.234200912  14436555.10225672 -12137944.26653011   2158586.24757542   429615.088758315  581095.3028066497
 1726565.656242685 -12137944.26758884  38920791.66509265 -31545286.71817276  1753055.257115506   1280589.23601529
 699515.8892488566  2158586.248680215 -31545286.71889625  34562114.09896094 -4076347.927469539  -1797048.88684153
-4564.748479399271  429615.0893142103  1753055.256900706 -4076347.927699964   3605480.18807357 -1707445.627671209
-10775.82781589395  581095.3022259466  1280589.236345625 -1797048.886729144 -1707445.627761976  1653694.396539469

cov*(cov_.inverse()):
     1.000000000031378 -1.746229827404022e-10 -6.548361852765083e-10  1.891748979687691e-10 -1.455191522836685e-11                      0
-2.182787284255028e-11     0.9999999998981366 -2.619344741106033e-10  4.365574568510056e-11 -4.365574568510056e-11                      0
 -1.70530256582424e-11  3.637978807091713e-11     0.9999999998108251                      0  1.455191522836685e-11                      0
 1.341504685115069e-11 -7.275957614183426e-11 -5.820766091346741e-11      1.000000000087311                      0  1.455191522836685e-11
-1.182343112304807e-11  2.182787284255028e-11  2.328306436538696e-10 -2.328306436538696e-10                      1                      0
  4.53610482509248e-11 -8.731149137020111e-11  -2.91038304567337e-11  -2.91038304567337e-11                      0                      1
