5
2

 0.000306380601933471
0.0004068521987830805
0.0006231063843203608
  0.09926565141936587
   0.5959607446241458

 -0.1142097224027317   0.5683153264538282  -0.7812648233030353   0.1704452219559149   0.1566765177301502
  -0.113577658501873   0.3260506931824032   0.1639468914220749  -0.8139411856220558   0.4375068274961064
  0.5214841478594696  -0.5481354355316214  -0.3925480930875313 -0.09497404166967523   0.5142837289552454
 -0.7485098433703287  -0.3069702568681464  0.04933581643795728    0.270630317059137    0.519449212609762
  0.3766212324165112   0.4195538593623203   0.4541130525453532   0.4755915638002418   0.4997249306740982

0.3997236680173643
0.3994732459026909
0.3992807488038627
0.3991115373027703
0.3989271703724983

0.002145223387987756
  0.4001861175380502

    1.08950027043579    0.681244887723345    2.098843747029496  -0.5688645698331247   -3.300997967022413
   1.421640259951105  -0.3099625636396003   0.1978684019320728 -0.03979200768144753  -0.2696798779075774

 -1.86909424891848e-07 -8.917204832793478e-08 -8.824318139795615e-07   -0.02748906000722572   -0.09620751559076038
-5.089056411893881e-08 -5.225552810238379e-08  2.712700843944892e-07   -0.01093810889970091     0.1213037953691567

cov:
0.05589925711837238 0.05838527073365197 0.06038014493094711 0.06162109785810806 0.06301419907772599
0.05838527073365197 0.06344749976298776 0.06751939284294459 0.07005052863172095 0.07289401853779447
0.06038014493094711 0.06751939284294459 0.07326662560555879 0.07683826784949953 0.08085156819946202
0.06162109785810806 0.07005052863172095 0.07683826784949953 0.08105658330864307 0.08579641702871069
0.06301419907772599 0.07289401853779447 0.08085156819946202 0.08579641702871069 0.09135356054846658

cov.inverse():
 917365.5228385567 -1651375.598236572  310821.3760479675  223524.9672082545  199886.1641689161
-1651375.598265344  4856864.209610744 -3852922.298449594 -437256.2865151042  1084288.264870903
 310821.3761161388 -3852922.298550812  7061667.882943519 -2128740.491669945 -1390638.584032993
 223524.9671750212 -437256.2864704831 -2128740.491658759  4335058.711376714 -1992613.925945496
 199886.1641627531  1084288.264898731 -1390638.584077241 -1992613.925922915  2099115.230018981

cov*(cov_.inverse()):
    0.9999999999890861   2.91038304567337e-11 -7.275957614183426e-11   2.91038304567337e-11                      0
 1.637090463191271e-11     0.9999999999563443                      0  5.820766091346741e-11  -2.91038304567337e-11
 5.456968210637569e-12 -4.365574568510056e-11     0.9999999999854481 -5.820766091346741e-11                      0
-1.455191522836685e-11 -1.455191522836685e-11 -7.275957614183426e-11      1.000000000029104                      0
 7.275957614183426e-12                      0   2.91038304567337e-11                      0                      1
