6
2

0.0001451189418360481
0.0002416374290730796
0.0003230598088049858
0.0006103553584503828
   0.1190593291966153
   0.6307529531930717

 -0.1328883001075908   0.5138798133572799  -0.7305983748714837   0.4249065863026908 -0.06124612672184677 -0.01405548404409727
  0.3330787834244903  -0.5996080051037527 -0.08466713403851416   0.6367846308420185  -0.3378401898743955  0.05224538918115042
 -0.2265852513619577   0.2593600236567881   0.2520303341217434  -0.0423228668084435  -0.7484058751684805   0.5059344163376183
  0.5935442378582055  -0.0726632008484764  -0.4502075383228208  -0.4897391748640871 -0.02710893980253755   0.4462724676375499
 -0.5868557595834254  -0.4093973483514568  -0.2018411362213479  0.03384150364975064   0.3503361227663156   0.5686595097694412
  0.3512319785288608    0.369112484445304   0.3900147816397658   0.4137375919822491   0.4455684802006891   0.4675152143194707

0.3977653550950971
0.3978660587386467
0.3979477554135399
0.3980261257322685
 0.398163170634131
0.3982234428872777

-0.0005566479768033739
    0.3978811873979628

 0.1974257305476968   1.447893483070284   1.896212909255345  -1.473851369490272  0.4623975171922206  -2.530708701686353
  1.470169097496242  -0.212120288132544 0.05714067211160784 -0.1421998151242268 0.04623241642015868 -0.2192461321315759

-2.709434668575069e-08  -1.27866310787116e-07 -7.883523775605484e-08 -4.700760102812255e-07   -0.03428044356199217   -0.09690571229750529
-8.556289797603314e-09   2.88678607076216e-08 -5.356558986079141e-08  3.102618938665778e-07   -0.01276839627307388     0.1271626809384701

cov:
0.05396229247600733    0.05498445629538  0.0561786101138589 0.05753299710485336 0.05934822323653049 0.06059890675175802
   0.05498445629538 0.05658046283127455 0.05844546523555014 0.06056144011173275 0.06339913956066655 0.06535506348944567
 0.0561786101138589 0.05844546523555014  0.0610950499960423  0.0641017102512243 0.06813520303345116 0.07091591504828465
0.05753299710485336 0.06056144011173275  0.0641017102512243 0.06811971275145974 0.07351094564697278 0.07722814673302225
0.05934822323653049 0.06339913956066655 0.06813520303345116 0.07351094564697278 0.08072537958302449 0.08569995352148319
0.06059890675175802 0.06535506348944567 0.07091591504828465 0.07722814673302225 0.08569995352148319  0.0915420705421791

cov.inverse():
 4176215.289263361 -7341954.358254937  2862732.622934137  262928.5035180023  40863.17895551732 -665.7567364690235
-7341954.358207868  19355586.06265662 -16243966.77117418  3819326.269678885  120324.3485889652  290722.4875387779
 2862732.622953433 -16243966.77161828   26621449.7160985 -15174627.63266616  840127.4399372587  1094273.181319176
 262928.5032138622   3819326.27135116 -15174627.63495229  16178850.97274572  -4581074.05020184 -505644.3446172416
  40863.1794215961   120324.346308923  840127.4436500454 -4581074.052388091  7501578.575614429 -3921864.010112554
-665.7569647665496  290722.4886377027  1094273.179467723 -505644.3433489827 -3921864.010399994  3043336.368824222

cov*(cov_.inverse()):
    0.9999999999889795  3.637978807091713e-11 -7.275957614183426e-11 -1.309672370553017e-10                      0  -2.91038304567337e-11
-5.771028099843534e-11      1.000000000320142 -7.275957614183426e-11 -6.548361852765083e-11   2.91038304567337e-11 -5.820766091346741e-11
-2.864197767848964e-11 -7.275957614183426e-12     0.9999999998835847  8.003553375601768e-11 -5.820766091346741e-11  -2.91038304567337e-11
-1.200106680698809e-11  -2.91038304567337e-11   2.91038304567337e-11     0.9999999997598934  5.820766091346741e-11 -5.820766091346741e-11
 3.211653165635653e-11 -2.473825588822365e-10  3.346940502524376e-10 -4.074536263942719e-10      1.000000000058208                      0
 1.989519660128281e-12   2.91038304567337e-11 -4.365574568510056e-11  5.820766091346741e-11                      0                      1
