5
2

 0.000191920498007137
0.0003149289626655343
0.0006098226441790731
   0.1068319358716045
    0.586700144160876

  0.1296928770054978  -0.6450071050227714   0.7277300876474696  -0.1927933421022335 -0.01962750360687319
 -0.1013402447283641   0.3120250627575472  0.09600234303397771  -0.7999175250815866   0.4932403250028116
  0.5555392822126143  -0.4690351003266201  -0.5110475322859278 -0.03267914579290886   0.4573233798473464
 -0.7244823012180768  -0.3034745668388322 -0.04574411171081391   0.3003789012700631   0.5391739741672642
  0.3733783785824851   0.4177504717231003   0.4448936565662013   0.4813182620786747   0.5064340971132977

 0.397945345071932
0.3981025272279207
0.3981656798243371
0.3982840194346212
0.3983305606857501

-0.0004051829772792848
    0.3980777574747958

 0.7573558388533703   3.143003506820444  -1.838459190443343  0.4773221034955956  -2.539874404026822
  1.390926374330234 -0.1185301101956175 -0.1076492178250684 0.05083349343583884 -0.2155985625136864

-1.218860706349365e-07 -8.997016922138859e-08  -4.80116840252417e-07   -0.03018150753662202    -0.0959272686061115
 6.369898150206034e-09  -3.32531813800458e-08  2.912084924418864e-07   -0.01218666470810057     0.1160748100628775

cov:
0.05397832989093691 0.05619982562330433 0.05755729465247967 0.05937686569552057 0.06063043061596238
0.05619982562330433 0.06112241073101647 0.06413281438078616  0.0681716454735966 0.07095608913708311
0.05755729465247967 0.06413281438078616 0.06815500803309595 0.07355224345251973  0.0772737356812469
0.05937686569552057  0.0681716454735966 0.07355224345251973 0.08077366332805448 0.08575334135878648
0.06063043061596238 0.07095608913708311  0.0772737356812469 0.08575334135878648 0.09160121759474986

cov.inverse():
 1390143.721188166 -3290578.554937359  1700861.850930495  89665.24568882759  110047.9837167506
-3290578.555123758  12868219.51532057 -11797015.91981145  900724.5464950872  1318650.750382919
 1700861.851228383 -11797015.92027114     15173197.52237  -4538455.24500474 -538811.9009809411
 89665.24561689528  900724.5466347936 -4538455.245050615  7463563.917304373 -3915564.622790412
 110047.9836771844  1318650.750516543 -538811.9010969069 -3915564.622768505  3025846.255985956

cov*(cov_.inverse()):
     0.999999999994543  -2.91038304567337e-11 -5.820766091346741e-11   2.91038304567337e-11                      0
 1.091393642127514e-11      1.000000000058208 -8.731149137020111e-11                      0  -2.91038304567337e-11
 7.275957614183426e-12                      0     0.9999999999054126                      0                      0
-2.000888343900442e-11  1.746229827404022e-10 -1.600710675120354e-10      1.000000000058208  -2.91038304567337e-11
 1.091393642127514e-11 -1.455191522836685e-11 -7.275957614183426e-12                      0                      1
