5
2

8.703235108531326e-05
0.0001832016636834344
0.0003497287415314759
   0.0674084548230186
   0.6475212538369852

 -0.4632688197063428   0.8064331657094292  -0.3670978021124394  0.01154244812537345  0.01239054103943836
  0.3886937206642611  -0.1279256586940094  -0.7560089162427555   0.5106535326088973 -0.01535270527906758
  0.4352528336497749   0.1217832916607342  -0.2891338283595687  -0.7153907009908834   0.4475953249376376
 -0.5291358072678402  -0.3789647597013102  -0.1358611668828083   0.1288078640928018   0.7357657819256282
  0.4060412053855101   0.4181568077508448   0.4377591745207084   0.4590472967014939   0.5078561884773124

0.3954933277899184
0.3949818880564805
0.3940198531536386
 0.392992507025359
 0.390646879182747

0.01538736922541382
 0.3999563751389201

  0.1551167199990044    1.553833741546037    2.238263827344791 0.009071418228980971   -3.958193116017471
   3.462403307851248   -1.476978788536255  -0.3464525392859196 -0.09799418550181785   -0.541145558137866

 2.352688785085286e-09 -5.924609512688155e-08 -2.652382330473306e-07   -0.01765829322018634    -0.1314363213991195
-2.026791041366953e-08  5.890099158600474e-08  1.535250464601734e-07  -0.007434129109240502     0.1328286020503731

cov:
0.07039934192789869 0.07210089054213042 0.07485359499916999 0.07784146120394508 0.08469172546313546
0.07210089054213042 0.07396648914049524 0.07698467123879819 0.08026127661480512 0.08777361364023366
0.07485359499916999 0.07698467123879819 0.08043255017300976 0.08417647657381298 0.09276039328149156
0.07784146120394508 0.08026127661480512 0.08417647657381298 0.08842879169037597 0.09817822759388602
0.08469172546313546 0.08777361364023366 0.09276039328149156 0.09817822759388602  0.1106006644681412

cov.inverse():
 34384233.94919521 -50370018.99675833   12667629.5231257  2662168.946959565  657113.2249465041
-50370019.00316267  86465807.67658788 -36489404.90682502 -1429821.148433358  1823282.723996676
 12667629.53091902 -36489404.91555303  35503801.97185645 -10370816.04273144  -1312783.88154095
  2662168.94752921 -1429821.149244655  -10370816.0425205  11971417.66286888 -2832665.673313775
  657113.222987168    1823282.7271329 -1312783.882687141 -2832665.673344504  1665390.339060983

cov*(cov_.inverse()):
    0.9999999999199645  1.426087692379951e-09 -5.529727786779404e-10   2.91038304567337e-11                      0
 7.275957614183426e-10     0.9999999996216502   4.94765117764473e-10                      0 -5.820766091346741e-11
 6.039044819772243e-10 -8.440110832452774e-10     0.9999999997235136  5.820766091346741e-11                      0
 6.984919309616089e-10 -7.566995918750763e-10  4.656612873077393e-10     0.9999999999417923 -5.820766091346741e-11
 1.455191522836685e-11 -1.455191522836685e-10  1.164153218269348e-10 -1.746229827404022e-10                      1
