5
2

  9.6674073410848e-05
0.0001570717270237469
0.0003665975869427416
   0.1088520099683606
   0.5675030566702814

-0.08738076474554402   0.3861683778722234  -0.7319646577486963   0.5434265488336639  -0.1102447808904658
 -0.3403905444197936   0.7265064691495191 -0.02345338859798626  -0.5621265072990106   0.1994651746761393
  0.6389457673940754  -0.1354662958014715  -0.5042441924269115  -0.3990658749964903   0.3998517360823164
 -0.5557697533931398  -0.3622057820997678  -0.1365233914480576   0.1310056313365284   0.7239653588207536
  0.3992081747216681   0.4165551444055857     0.43678007779815   0.4607443193203282   0.5138603708764921

0.3998361215139589
0.3999406699788869
0.4000246316485647
0.4001076246197428
0.4002621822041866

-0.0005852949906742718
    0.3999427790485044

 0.4497366574629603 0.01727824314192201  -1.781394189525637    6.01646307453169  -4.702166606724584
  1.461292721537402 -0.2795929222223993 -0.3289434788019256  0.5688912753384143 -0.4216577512551349

 4.728253354694229e-08 -1.090157199768578e-07 -4.163331746445988e-07   -0.03115064528781312   -0.07586035979220941
 3.371547076245858e-09 -2.705766763987829e-08  9.969390225331379e-08   -0.01062479841495054      0.118730016557582

cov:
0.05498564802938354 0.05594119845148277 0.05705531116101937 0.05837465176309628 0.06129903737601889
0.05594119845148277 0.05743771063350573 0.05918242988328771 0.06124920943059629 0.06583022470780982
0.05705531116101937 0.05918242988328771 0.06166241829628046 0.06460067134739196 0.07111322622717778
0.05837465176309628 0.06124920943059629 0.06460067134739196 0.06857193909694123 0.07737404808111673
0.06129903737601889 0.06583022470780982 0.07111322622717778 0.07737404808111673 0.09125093175934841

cov.inverse():
 8551067.887540162 -14278105.69544156  4769893.115516817  777472.0504255157  179724.5020826125
  -14278105.695356  37486456.27127931 -30426888.78908375  6303413.446972231  915343.0431478402
 4769893.118648426 -30426888.80016582  59241345.18198779 -40529249.86714888  6944455.295748111
 777472.0457242952  6303413.463238865 -40529249.88068991   45590857.9362178 -12142308.13616167
 179724.5035666748  915343.0380488287  6944455.301338789 -12142308.13813745  4102793.567891366

cov*(cov_.inverse()):
     1.000000000147338 -5.238689482212067e-10  4.074536263942719e-10 -4.656612873077393e-10 -5.820766091346741e-11
  2.91038304567337e-11       1.00000000003638  7.566995918750763e-10 -1.164153218269348e-10  5.820766091346741e-11
 5.275069270282984e-11 -2.328306436538696e-10      1.000000000465661 -2.328306436538696e-10                      0
-4.365574568510056e-11  3.201421350240707e-10  3.492459654808044e-10                      1 -5.820766091346741e-11
 1.091393642127514e-11 -1.455191522836685e-11 -3.492459654808044e-10  2.328306436538696e-10                      1
