6
2

                  nan
                  nan
3.388337533946117e-09
5.124563724447681e-09
   0.0629360744270553
   0.8535464579096201

                   0  -0.6382491745159437    0.506662102734166   0.1749701770323667   0.3612645081791218  -0.4180967557421008
                   0  0.03915146153689421  -0.6670540122024013   0.5675226255632024   0.3582343051136863  -0.3210799899990139
  0.7369533048790952  -0.4979151154260887  -0.3189525843812427  -0.1643452915348979 -0.02634487733024393   0.2820393337165857
                   0   0.1940574697537676  -0.1223314400429667    -0.66596451520628   0.6998864158080601  -0.1184355802248251
 -0.6070490093495267  -0.4417437432966271  -0.2039211582835313 0.006384925789353123   0.1940348965368067   0.5975615603090285
  0.2973067888150869   0.3322496889547319   0.3742364057056921   0.4204100724080595   0.4614884062482651   0.5210083992362472

0.4881090304851502
0.4958066050526153
0.5099927599973664
0.5242601225262488
0.5366097037814835
0.5543647520121604

-0.1346277170110418
 0.4703737447659175

-0.4718351370841022 -0.3475114989943782  -1.007241839567523 -0.4270897992114647  0.2422604272147852  0.5239417394579116
 -1.680958719681079   3.608669498369999   2.684633643864585 -0.4113865642548401  0.6431676604532844  -3.086986151524439

 3.076102851696669e-17 -8.538478824437952e-18  4.111896537742622e-18  1.175733453745824e-17   0.003971657848154852    -0.3114233719948428
 -3.15819920162712e-17  1.688544413944314e-17 -5.409602654529597e-17  3.838320540368234e-17   -0.01126347636022552     0.1598596297260543

cov:
0.06585639820099121 0.07302756768460342  0.0815500631141349 0.09104561653425125 0.09949199547871866   0.111413770811552
0.07302756768460342 0.08119652721153908 0.09094361148396818  0.1017523255536706  0.1113673170027836  0.1250685293775754
 0.0815500631141349 0.09094361148396818  0.1021990599336788  0.1146182924441507  0.1256665987187352  0.1415685956281119
0.09104561653425125  0.1017523255536706  0.1146182924441507  0.1287659684568523  0.1413524413060784  0.1595927996102466
0.09949199547871866  0.1113673170027836  0.1256665987187352  0.1413524413060784  0.1553077516552794  0.1756293111442584
  0.111413770811552  0.1250685293775754  0.1415685956281119  0.1595927996102466  0.1756293111442584  0.1991767998160057

cov.inverse():
 1.174502877133142e+17 -6.955194665934914e+16 -7.805687592620515e+16 -8.900594240464875e+16  1.123025896159889e+17       5746972681417630
-9.398576913922262e+16  3.915730090423991e+16   7.52200951070509e+16  8.282641158303541e+16 -8.993176670937768e+16 -1.254506044249714e+16
-3.038128040616818e+16  3.436303392282899e+16      -9720563136341494  2.287761581377642e+16 -1.253416590763399e+16      -4952637388155982
-6.709093274671446e+16  4.296538107948547e+16  5.849752833024685e+16  4.950640390784748e+16 -9.646200336514125e+16  1.436167993640291e+16
 5.113168677770962e+16 -2.529567973753202e+16 -2.854304573711046e+16 -6.505141732639504e+16   6.37170953526109e+16       3508775007724585
 2.358268912615754e+16 -2.222814352635489e+16 -1.836417784180148e+16     -789106707668201.9  2.366779013962262e+16      -6418549569527991

cov*(cov_.inverse()):
      2.5         1         0    -1.375       0.5    -0.125
      0.5         1       1.5 -0.328125         1     0.125
      1.5       0.5       1.5    -0.375         0         0
        3      -0.5       0.5    1.1875       1.5     -0.25
      2.5        -1       0.5        -2         0     -0.25
        1        -1         0     -0.75         1         1
