7
2

0.0001441207911450296
0.0002300642525352711
0.0002770442991065416
0.0003471010730756595
0.0006327074262714372
   0.1203206679729591
   0.6856778991726727

  0.1303850631010587  -0.5070923253325557   0.7220927245737626  -0.4475344807261434  0.04677154758609993  0.04237034820084031  0.01301040035957523
  0.2952185425136844  -0.5580398354000647 0.004249641754290536   0.6810625045991143  -0.3650215905816789  -0.0653525508578106 0.007851251015245761
-0.09951196558806451   0.1660562332920445  0.09216512767625654  -0.0678316937771056  -0.5964459170699674   0.7354108041721336  -0.2298920698216174
 -0.3065163087345927   0.3253586209458391   0.3820267087603302  0.07817716107931592  -0.5089376185495924  -0.4259023143617116   0.4557665680824752
  0.5715968299068778 -0.03260402003788498  -0.3822166137010395   -0.424539243169185  -0.2785334116455579  0.02921627798409921   0.5171619483642095
 -0.6013824038764336  -0.4269125998915478  -0.2228314899250255 0.008869964173395488   0.1344496491660326   0.3199580270013961    0.534698457068563
   0.321880625401652   0.3386718482362803   0.3583040719911977   0.3805807416832447   0.3926179563105519   0.4104695305087574   0.4310877383596837

0.3978139998391129
0.3979204172836854
0.3980073085654832
0.3980928133767215
 0.398189994522701
 0.398236005178973
0.3983030072591441

-0.0006195715674081857
    0.3979222230228511

   0.1953926392264366     1.431112245863646      1.82637154337404    -2.237721304817193     1.463095477820935  -0.06176998150851261    -2.617011790524637
    1.471056225190559   -0.2133163608227476   0.04632162703325872   -0.2141798622245679    0.1433149217597501 -0.005817351963421855   -0.2273941675848206

 3.430927262063677e-08 -1.486141475692102e-07   1.70288495652565e-08  -1.18376208812418e-07 -5.787758809968268e-07   -0.03442139553245003    -0.1075456869735738
 8.989069897298399e-09  1.873340627457513e-08 -1.538865675332291e-08 -8.354678884415858e-08  3.055798034784485e-07    -0.0131741498934871     0.1373781476533889

cov:
0.05394726270288334 0.05496918100527679  0.0561633437834335 0.05751730980779895 0.05824565975053787 0.05933218069133099  0.0605829101409697
0.05496918100527679 0.05656458127782205 0.05842924581559828 0.06054427689810968 0.06168479457764325 0.06338074866288269 0.06533656791452937
 0.0561633437834335 0.05842924581559828  0.0610781736532984 0.06408337808233579 0.06570598593223184 0.06811475546363506 0.07089527850552169
0.05751730980779895 0.06054427689810968 0.06408337808233579 0.06809917229300674 0.07026906661245159 0.07348705154072024 0.07720380937363379
0.05824565975053787 0.06168479457764325 0.06570598593223184 0.07026906661245159 0.07273552522075653 0.07639173871130549  0.0806155865747518
0.05933218069133099 0.06338074866288269 0.06811475546363506 0.07348705154072024 0.07639173871130549 0.08069616433313762 0.08566974251752173
 0.0605829101409697 0.06533656791452937 0.07089527850552169 0.07720380937363379  0.0806155865747518 0.08566974251752173 0.09151103632615297

cov.inverse():
 4190095.059383812 -7385280.530770576  2919348.487363508  272227.8406669981 -71934.86118557733  73254.43763461326  2393.835174791644
 -7385280.53127831  19504029.46096749 -16411552.22587827  3844433.085732875   64445.1825619122  93105.25367334267  290899.7617674947
 2919348.488610303 -16411552.22757689  26790722.47868921  -14931981.8778867 -467362.8779006271  972434.5937096619  1128285.023932743
 272227.8398371592  3844433.086677463 -14931981.87759865  18967085.25549129 -5212352.235257141  -2711110.34241439 -228843.2280517452
  -71934.861288842  64445.18298369135  -467362.878066843 -5212352.235626016  9601271.780029574 -3389911.149495637 -523485.2215148077
 73254.43773444965  93105.25388021705  972434.5923039075 -2711110.340871206 -3389911.149642856  8721164.255247906 -3759266.142212345
 2393.835268976698  290899.7613851916  1128285.024764806 -228843.2288232713 -523485.2215841809 -3759266.141915387  3090157.345101402

cov*(cov_.inverse()):
    0.9999999999659508 -6.184563972055912e-11 -1.600710675120354e-10  1.091393642127514e-11  4.001776687800884e-11  5.820766091346741e-11                      0
 2.191313797084149e-11     0.9999999997526174  7.275957614183426e-11 -2.200977178290486e-10  2.182787284255028e-11  1.164153218269348e-10   2.91038304567337e-11
-1.060129761754069e-11 -3.274180926382542e-11     0.9999999998544808 -1.036823960021138e-10  1.309672370553017e-10                      0                      0
-5.115907697472721e-12 -1.200533006340265e-10 -2.182787284255028e-10      1.000000000258296  7.275957614183426e-12                      0   2.91038304567337e-11
 3.780087354243733e-12 -4.220055416226387e-10  1.891748979687691e-10 -3.637978807091713e-12      1.000000000109139  5.820766091346741e-11   2.91038304567337e-11
  8.86757334228605e-12  9.822542779147625e-11 -1.164153218269348e-10  1.491571310907602e-10 -1.455191522836685e-11      1.000000000058208 -5.820766091346741e-11
 1.213606992678251e-11 -7.275957614183426e-12 -7.275957614183426e-11 -6.184563972055912e-11                      0                      0      1.000000000058208
