5
2

0.0002208807269204155
0.0003651316978981028
0.0004256054417196702
  0.06529975103496323
   0.6071662122309432

  0.4614844219441053  -0.8471750273004143   0.2312278907299246   0.1215701912345302  0.03287784319639744
  0.4041825988472398  0.02209730826639663  -0.8605031320346789    0.190468862455269   0.2437295795548316
 -0.1921555784868745 -0.02520334147687026 -0.06231149317122663   0.8178652644491007  -0.5381957936115355
 -0.6504087167055912  -0.3141936077684428 -0.07663735835320987   0.2523532691392443   0.6392929069919467
  0.4046149898134854   0.4271455846684738   0.4430711178022237   0.4651414169911502   0.4910853350339571

0.3992834616818959
0.3992287285935025
0.3991371756779094
0.3990013502508487
0.3988462439012155

0.001590666539285825
  0.3998300650031423

  0.3514323541509818    4.462653885377499 -0.02313467255445111   -1.301929076457772   -3.489264615180035
   2.069272839683121   0.2636894871384675  -0.3700770468610167  -0.4046348658438699  -0.5584032272612953

-1.901188649124682e-07  -1.11703265727716e-07  1.149411228675298e-07   -0.01785850036829247     -0.103576286872445
 2.822028519520283e-08   1.26318280859763e-07 -7.455987548090199e-08  -0.007928823309001314     0.1192534079358782

cov:
0.06215690632816381 0.06458509870810075 0.06630172162671942 0.06868137117429927 0.07147812598687359
0.06458509870810075 0.06768254813315075 0.06987199254515671 0.07290659066451825 0.07647352793342314
0.06630172162671942 0.06987199254515671 0.07239572941399075 0.07589301824780489 0.08000422128273781
0.06868137117429927 0.07290659066451825 0.07589301824780489 0.08003168391909229  0.0848965769131851
0.07147812598687359 0.07647352793342314 0.08000422128273781  0.0848965769131851 0.09064836221514566

cov.inverse():
 5794422.093152277  -7919582.34359723 -355462.8411725689  859716.8139513528  1620718.552131765
-7919582.343650268  14717801.62524676 -4149060.517695437 -2193226.757258738 -455667.4639874017
-355462.8408850134  -4149060.51826886  6671320.862587457 -934530.4276604748  -1232170.99916465
 859716.8135500029 -2193226.756374579 -934530.4281149942  4267799.521678165 -1999841.429452439
 1620718.552298603 -455667.4643511903 -1232170.998995984 -1999841.429424159  2066889.484857945

cov*(cov_.inverse()):
                     1  1.091393642127514e-11  -2.91038304567337e-11   2.91038304567337e-11  -2.91038304567337e-11
-4.365574568510056e-11      1.000000000109139                      0                      0                      0
 8.731149137020111e-11   1.01863406598568e-10     0.9999999999126885  -2.91038304567337e-11                      0
                     0  2.110027708113194e-10 -1.164153218269348e-10     0.9999999999417923                      0
                     0  4.365574568510056e-11  -2.91038304567337e-11                      0     0.9999999999417923
