7
2

                  nan
                  nan
3.355469806511606e-09
7.459816074874097e-09
 7.49412245875251e-09
  0.06629951097917629
   0.9484299806348855

                   0  -0.1675382370645314  -0.2566183656651498   0.2277926191780484   0.7995067007234946  -0.4065657632869727  -0.2228941268714227
                  -0  -0.4732388596009577   0.1500681293206219   0.5695538988836126  -0.1512551386579531    0.395842091146662  -0.4995636260762695
                   0  -0.4434556699399993    0.787507780803214  -0.1986599753056544  0.07678080713850025  -0.3469902168433855   0.1319669475821909
                   0  0.01044267665374864   0.1086755123549391  -0.6372537371428567   0.3774276455552138   0.5303606221348055  -0.3978118159074583
  0.7400827494906838  -0.4956700341796813   -0.325934038980835   -0.179814005714367 -0.04938154172114652  0.07848129375560041   0.2437720586386108
 -0.6171921191981355  -0.4650974484889965  -0.2451390833001348 -0.05187671363463277   0.1205830732883845   0.2828424459315959   0.4954127178885694
  0.2671168506590781   0.2986796290552881   0.3366326354154535   0.3783338440516835   0.4154337303676421   0.4360843452970545   0.4692827484143856

0.4881090243597591
0.4958066033534687
0.5099927588862414
0.5242602583452759
0.5366098772542436
0.5423585415251195
0.5543649965062392

-0.1346277170110418
 0.4703737447659175

-0.7145343349448164  -2.084181787498982   4.044282599729033  -2.416467411980375 -0.3612943632577239  -2.085915530680912   2.220254216879066
  1.057251830878493   3.864559576886348  -5.206761276655236   3.550578447126439  0.3821353662029746   2.096180330286292  -4.058609525507831

 5.771340350219437e-17  4.084242210497055e-17  6.280654792102173e-17 -9.362383831046357e-18  8.968550723720214e-19   0.004442614351245169     -0.345381883205318
-9.115009570345399e-17 -5.430438384625396e-17 -8.729352345992058e-17  4.586149826188151e-18   -5.1568427032636e-17   -0.01199766061671461     0.1758030998364366

cov:
0.06585638963713675 0.07302756841933201 0.08155006022271272 0.09104558283564497 0.09949195072771704  0.1040136135470283  0.1114137280054721
0.07302756841933201 0.08119653960226617  0.0909436212441702  0.1017523025134592  0.1113672837996943  0.1165837237831116   0.125068499240798
0.08155006022271272  0.0909436212441702  0.1021990660185774  0.1146182609026759  0.1256665560429304  0.1317448782129423    0.14156855397327
0.09104558283564497  0.1017523025134592  0.1146182609026759  0.1287658899079306  0.1413523467700434  0.1483431359210607  0.1595926988976385
0.09949195072771704  0.1113672837996943  0.1256665560429304  0.1413523467700434   0.155307639925927  0.1631105865452874  0.1756291917493313
 0.1040136135470283  0.1165837237831116  0.1317448782129423  0.1483431359210607  0.1631105865452874  0.1714128598093675  0.1846997580326106
 0.1114137280054721   0.125068499240798    0.14156855397327  0.1595926988976385  0.1756291917493313  0.1846997580326106  0.1991766684219613

cov.inverse():
-9.120674628742744e+16  1.930834808616896e+17 -2.229799244669453e+17  9.834047735916486e+16  1.971718405717358e+16  8.214195549729101e+16 -8.409100731583827e+16
 1.196836261985762e+17 -1.982801361387778e+17  2.132818577225006e+17 -1.274034915933049e+17 -1.797013940621952e+16  -9.99797702024339e+16   1.16605943728669e+17
 -4.84715684675187e+16  3.585178672323791e+16      661253552435311.9   3.06825928624383e+16      -3451274983954216  1.385609102612528e+16 -3.025923467982735e+16
 7.536418062216043e+16 -1.608250782171772e+17     1.568305631427e+17 -5.085522900164166e+16 -1.194011444632311e+16 -5.458260712341608e+16   4.92518582323172e+16
-4.488289135898223e+16  8.262707334100229e+16 -8.765401403578741e+16  4.208269104964154e+16        829579877200013  5.215075330493798e+16 -4.728687385185943e+16
-1.138287168412132e+16  3.320795894040797e+16 -5.208239276550547e+16  1.207449156774939e+16  1.966918699812777e+16  2.192631038300572e+16 -2.481766945859839e+16
     63604640378645.88    1.6228021351424e+16      -9741270357334202      -4372939122752978      -6696125854304744 -1.559922534863097e+16  2.057195935843008e+16

cov*(cov_.inverse()):
 0.322265625          0.5       -4.125       2.0625          0.5          0.5         -1.5
-0.345703125          0.5        -2.25        1.875          0.5            2         -0.5
   1.0078125         -2.5        -1.25       -1.125       -0.125          1.5          0.5
-0.439453125          0.5        -5.75        2.375        0.125          1.5           -1
   -2.546875           -1        -3.25        2.375         0.75          1.5         -1.5
   -1.890625          7.5         -9.5          1.5          0.5            3           -2
    3.140625            0        -0.75       -0.125         0.25         -0.5            1
