5
2

 0.000184927932740797
0.0005653238993329517
 0.001637583623119215
   0.1056017517272251
   0.6942886161667536

 -0.2117530760009633   0.7235397605806524   -0.649004219651179   0.0915743398829381  0.04537083659125851
 -0.5037575855559513   0.4573534837470715   0.6121550803899097  -0.3165069241881047  -0.2492902131914998
  0.1866183804698622  0.06442416249692764 -0.05798734629129722  -0.7807645310385062   0.5899723062141905
 -0.7251939095366442  -0.2955411476194154 -0.01917948703671078   0.2377015974924103   0.5743512178635312
  0.3750417355984956   0.4193124886211685   0.4475816075029097   0.4747022275466672   0.5077885713886579

0.3654061976865776
0.3498416141420897
0.3397519735705376
 0.329909310032133
0.3182967482085087

0.09876823898661791
 0.3782091686986641

   8.3443497918375 -11.93751383713637  4.836645253745679 -1.571659517054995 0.3737712070673035
 7.083665368847043 -42.60366427805059  47.48320099775618  3.562665273035484 -14.63006265418395

-4.674973373573534e-07 -2.012833544532027e-06  5.243465428687023e-06   -0.03094515310061793    -0.1289685651597347
-2.170902443833266e-06  2.727141738851516e-06 -4.180504003541782e-05    -0.0112915912100291     0.1481084798039667

cov:
0.07366643792118217 0.07819498000991676 0.08107052178730478 0.08389583483839116 0.08715544617152426
0.07819498000991676 0.08572725679452137 0.09053026032364225 0.09516511885807401  0.1007433803894921
0.08107052178730478 0.09053026032364225 0.09657031433547425  0.1023665799408191  0.1094327804458224
0.08389583483839116 0.09516511885807401  0.1023665799408191  0.1092549714905193  0.1177154257917119
0.08715544617152426  0.1007433803894921  0.1094327804458224  0.1177154257917119  0.1279724674344814

cov.inverse():
  2118241.61874232 -5196497.324517947   3049629.08611766 -122472.6050393051  153032.4318709555
-5196497.324548379  15964101.90261796 -12856448.78952092  1465750.313193769  617327.8468136074
 3049629.086173308 -12856448.78961731  13490372.41289717 -2327230.628186298 -1351288.244572432
-122472.6050587363   1465750.31324613 -2327230.628220506  785988.1726282936  196619.6296391026
 153032.4318651964   617327.846827143 -1351288.244578944  196619.6296378364  384471.4677829763

cov*(cov_.inverse()):
     1.000000000065484                      0  1.600710675120354e-10  1.455191522836685e-11                      0
 7.275957614183426e-12      1.000000000043656   2.91038304567337e-10   2.91038304567337e-11 -2.182787284255028e-11
 5.093170329928398e-11  4.365574568510056e-11      1.000000000261934 -1.455191522836685e-11 -7.275957614183426e-12
 3.637978807091713e-11 -5.820766091346741e-11  -2.91038304567337e-11      1.000000000021828 -2.182787284255028e-11
-4.729372449219227e-11  -1.01863406598568e-10                      0                      0     0.9999999999854481
