6
2

                  nan
                  nan
3.046924779424602e-09
 0.003788587243160825
  0.04500310070214177
   0.8986731803360131

  0.2569512036346446  -0.7289996387168848   0.4726609241554097 -0.08602468738348987   0.3293432605530385  -0.2515154594985757
 -0.1013826557346157 -0.07359698084173501   0.6011657630201717 -0.09495201521336344  -0.6947524479946759   0.3622263349231785
  0.5037838548225636  -0.4210786536863793  -0.4629680344007374   0.3952669503556405  -0.3245456670497742   0.3049415388376454
  0.3368006185838193  0.02824780230778194  -0.1553318082958556  -0.7983019732205791   0.1557731123828608   0.4473121184682608
 -0.6761908031833951  -0.4019153274034237  -0.1498410312462895  0.07821230652188556   0.2752555718647113   0.5262080747284287
  0.3150092136728282   0.3514283850719491   0.3927743244646162   0.4288877482333838   0.4511000668908207   0.4853448717919119

0.5775409341818397
0.5981624961018054
0.6216030320300191
0.6410405571245096
0.6497634791453359
0.6692392916944556

-0.2187139056334903
 0.5342502407729626

-27.79396081119114  47.94828048984766  24.05671878254418  -71.6197677201047  18.48580337037195  9.374678072788546
  16.6843221543723 -19.88628949772749 -12.06072093317971  28.86045698890206 -10.23600200552806 -2.288297195558186

 1.953426594676865e-15 -9.289905758612989e-17 -7.128000935566446e-16  0.0007536082200335329  0.0006845296115398048    -0.2294004573760119
-7.318289481804356e-16  3.293053293992021e-17  3.378779300221903e-16 -0.0002687884906274949  -0.006574833416605945     0.1452000166131457

cov:
0.08106779063610774 0.08995592997854412  0.1001284752380672  0.1090005140593046  0.1143862206668662  0.1227560300157003
0.08995592997854412   0.100068974604712  0.1115984483855641  0.1216622050386249  0.1278064630672395  0.1373216106756456
 0.1001284752380672  0.1115984483855641  0.1246376995823307  0.1360254591968001  0.1430095014186844  0.1537954840075477
 0.1090005140593046  0.1216622050386249  0.1360254591968001   0.148577756879877  0.1562918403850165   0.168189813561119
 0.1143862206668662  0.1278064630672395  0.1430095014186844  0.1562918403850165  0.1644960888582113  0.1771125179076924
 0.1227560300157003  0.1373216106756456  0.1537954840075477   0.168189813561119  0.1771125179076924  0.1908048069601117

cov.inverse():
 2.422132031918432e+16 -1.790339782588554e+16 -1.717120159317386e+16  2.241305176061382e+16 -4.404205087650629e+16  3.226760996016004e+16
-5.234921146097954e+16  6.530997228144638e+16       7411308773240181 -3.179041272266262e+16  4.757718054233814e+16 -3.543834032828093e+16
 3.005318310538751e+16 -5.276558608223756e+16       8387620362183509       7585867965440407   1.38588032153493e+16      -7671533995152255
      3082125371032324  1.415759292453324e+16 -2.163658503492269e+16   1.28537418023582e+16 -3.150699172389383e+16  2.318353713703765e+16
-1.009228423730966e+16 -3.747088070892494e+16  7.114735635820329e+16 -3.394948715336396e+16  5.509663018189665e+16 -4.510387756920893e+16
      4519848658759766  2.934825128269829e+16  -4.80170118508691e+16  2.252832080950838e+16 -4.044718291528724e+16  3.236019151666204e+16

cov*(cov_.inverse()):
0.4375    1.5      0      0      0     -1
-0.125    1.5      0      0      0     -1
-0.125      0      0      0      0     -1
-0.375     -2      2      1     -1     -1
 0.125      1     -2      1     -2      1
     0      0      0      0      0      1
