5
2

0.0001770976285444773
0.0003143184820530213
0.0006689856869062178
  0.09826501447758856
   0.5812746487229479

-0.05716806246723215   0.5269977329443726  -0.8006550548897147   0.2731992543779659  0.05760948352577058
 -0.1396558269868326   0.5508660492638361   0.1248088550525494  -0.7768410772080189   0.2407977080867543
  0.5668725250287368  -0.4168102886019504  -0.3780651105065657  -0.2958169261716842   0.5239120556840603
 -0.7122491488485525  -0.2511590758438981 -0.01902852386549533   0.1449411168555718   0.6389446427585972
  0.3854669284833956   0.4266242927644217   0.4473018223494942   0.4619139822570911   0.5059283670511577

0.3994470310151919
0.3993070966271681
0.3992670982883378
 0.399189431896393
0.3989560269486763

0.001462348396792586
  0.3998203804121772

  0.8032246484119401  -0.4106245632692097    3.340742861100507 -0.03356642134612647   -3.700129125437271
   1.400994064720184  -0.4376563675631442   0.3360311895566884 0.005844516025562185  -0.3051991382421809

-9.909108307813525e-08 -7.768601572881992e-08 -1.148013108067824e-06   -0.02801765798593274   -0.08742670613144327
-1.868537211188839e-08 -4.671463954413443e-08  3.078804344465937e-07   -0.01051045322034572     0.1189068621947723

cov:
0.05510247877894976  0.0572914806344896  0.0583880994100555 0.05916354351378014 0.06149874103095412
 0.0572914806344896 0.06210622586961447 0.06452383422961255 0.06623244145284425 0.07137886684371303
 0.0583880994100555 0.06452383422961255 0.06760629095793214 0.06978451178881084 0.07634571226704394
0.05916354351378014 0.06623244145284425 0.06978451178881084 0.07229460668437709  0.0798551977958107
0.06149874103095412 0.07137886684371303 0.07634571226704394  0.0798551977958107 0.09042720572892117

cov.inverse():
 1019691.455475473 -2267206.004709353  804101.2255910148  225446.6420933164  218165.4028487877
-2267206.004658383  12314777.84558853 -12405283.24187742  534529.7254615647  1822688.576812966
 804101.2255785759 -12405283.24248839  20916316.59693572 -7705768.240103722 -1609046.666337077
 225446.6420180514  534529.7264147436 -7705768.241238647  8683652.988231504 -1737876.024986445
 218165.4028855253  1822688.576521723 -1609046.665825572 -1737876.025243433   1306077.12299278

cov*(cov_.inverse()):
      1.00000000001819 -5.820766091346741e-11   1.01863406598568e-10 -5.820766091346741e-11  -2.91038304567337e-11
 1.637090463191271e-11      1.000000000029104 -1.164153218269348e-10 -7.275957614183426e-11 -1.455191522836685e-11
 7.275957614183426e-12                      0      0.999999999825377                      0 -1.455191522836685e-11
-7.275957614183426e-12  1.164153218269348e-10 -1.455191522836685e-10     0.9999999999708962  1.455191522836685e-11
 7.275957614183426e-12  8.731149137020111e-11   2.91038304567337e-11 -5.820766091346741e-11                      1
