5
2

0.0001473351229690364
 0.000298486767828674
0.0009342445735580997
   0.1107259117870889
   0.5801880830288477

 -0.1679749726450547   0.4814151237019119  -0.7382964216566211   0.4412185715374675 -0.01638453952456112
 -0.5903122068490719   0.6312920638778973   0.3094380878797068  -0.3941313035538849  0.04370828134380968
  0.2575870441730684   0.0315113418403122  -0.3932969170050459  -0.5694113265308568   0.6736053936113493
  -0.639046173117244  -0.4532534004322882  0.02212835981079436   0.3083044371693651   0.5391104277738821
  0.3854670028786625   0.4040769717366336   0.4516573195518811   0.4803184390895306    0.503425121909604

0.3997629201463329
0.3998514748545254
0.3999734661306202
0.4000237638481479
0.4001092350476704

-0.0003416756291261282
    0.3999070131553563

   0.4193610881052707   -0.5113534189391414     8.728166540826411    -8.538005149977119  -0.09803729359527938
    1.487525681814996   -0.4486443109664415    0.7240451636881189    -0.760241852921846 -0.002652050470213385

-2.284969837956419e-07  4.892411253950533e-07  1.269721063212723e-06   -0.03099675124221575   -0.08521547855849379
-2.899707577187821e-08 -5.682115283027792e-08  4.498208238606734e-07   -0.01185615235755317     0.1187024342215239

cov:
0.05502327456391905 0.05598223881417599 0.05843141736174196 0.05990819307785815  0.0610983330758206
0.05598223881417599 0.05748118132256298 0.06131131028073837 0.06361947659478311  0.0654799074019413
0.05843141736174196 0.06131131028073837 0.06867436677638164 0.07310955237685852 0.07668481191614808
0.05990819307785815 0.06361947659478311 0.07310955237685852 0.07882543042820897 0.08343319182125963
 0.0610983330758206  0.0654799074019413 0.07668481191614808 0.08343319182125963 0.08887516975361086

cov.inverse():
 5287083.764759589 -7898644.688300142  3546666.095738643 -970842.1083400704  35955.50155051599
-7898644.688509161  15150724.53849019 -14194991.07408037  6971754.475820748 -29361.67298942222
 3546666.096333195 -14194991.07489659  26362077.82127566 -16118537.31463804  405527.7868946752
-970842.1087730371  6971754.476581948 -16118537.31511249  11083011.16642494 -965815.2833964082
 35955.50159798721  -29361.6731434598   405527.787147451 -965815.2835426102  553698.0496805108

cov*(cov_.inverse()):
     1.000000000055479  9.640643838793039e-11 -6.548361852765083e-11 -1.309672370553017e-10                      0
 8.594724931754172e-11      1.000000000087994 -8.003553375601768e-11                      0 -7.275957614183426e-12
 7.321432349272072e-11  1.796252036001533e-10     0.9999999999890861 -1.455191522836685e-11 -7.275957614183426e-12
-2.046363078989089e-11  3.192326403222978e-10 -3.783497959375381e-10      1.000000000058208 -7.275957614183426e-12
-2.137312549166381e-11  8.185452315956354e-11  7.275957614183426e-12  5.820766091346741e-11                      1
