6
2

                  nan
4.078703329600593e-10
3.534847960024143e-09
6.476899103899332e-09
  0.05789110420119623
   0.9051880603366489

                   0  -0.5724232660274069   0.3029505823141894   0.5336487478061591   0.2103649339622225  -0.5015158598788261
                   0   0.1292494648083381  -0.4835982605214886   0.7106617342398477   -0.480827418016651   0.1148572672407006
 -0.5949431917759597   0.5959482234025808   0.3454303640880717   0.1218025087354711 -0.09877978924206612  -0.3833704204183759
                  -0   -0.246506302764166   0.6181640195180174 -0.03949234490238029  -0.6667999099872229     0.33305573468417
 -0.7536517308457792  -0.3397781909358135  -0.1257637120812309  0.06523031859843301   0.2474285967223418   0.4850437437393214
  0.2793772846038043   0.3525015163690927    0.396343619046584   0.4353486218509649    0.457111705652839   0.4920601746266093

0.4881090250187587
0.5099927590630071
0.5242596862131402
0.5366091020820407
0.5423573859236729
0.5543633493749863

-0.1346277170110418
 0.4703737447659175

 -3.33490468304446   21.8217334034329  -75.9566352482057  114.7406649288864 -77.34069793133769  16.95745617398378
 7.284374989689295 -59.84402094323984  213.5107695371285 -322.2807847680442  216.5938452648186 -48.90473628816012

-4.484942339306227e-17  2.665556895204343e-17  4.829857204632255e-17  1.486366650552825e-17   0.004104682322599997    -0.3289664996337497
 1.388359467085995e-16 -7.482495927896858e-17 -1.017817140357906e-16 -5.237617948181269e-17   -0.01059035742024654     0.1660242037846965

cov:
0.06585639081217137 0.08155006061094083 0.09104549579575635 0.09949180478485647  0.1040134461809603   0.111413411172511
0.08155006061094083  0.1021990651713596  0.1146181686653802  0.1256663984101921  0.1317447028029925  0.1415682051325612
0.09104549579575635  0.1146181686653802  0.1287656995610785   0.141352083730609  0.1483428575120908  0.1595922313142264
0.09949180478485647  0.1256663984101921   0.141352083730609  0.1553072965130018  0.1631102282668873   0.175628628371155
 0.1040134461809603  0.1317447028029925  0.1483428575120908  0.1631102282668873  0.1714124906762627  0.1846991805561916
  0.111413411172511  0.1415682051325612  0.1595922313142264   0.175628628371155  0.1846991805561916  0.1991758617877848

cov.inverse():
 6.637161367045966e+16 -7.479696859894605e+16  2.237856085845973e+16  -1.01466775690909e+17  4.170185587325534e+16  4.890608828699597e+16
-1.025365640509148e+17  1.276074209313232e+17 -5.948647150231099e+16  1.724567330432033e+17 -6.999503702011876e+16 -7.283985026532666e+16
 3.022175858141207e+16 -5.714448098228486e+16  4.391903238893615e+16  -5.68917434872135e+16  3.048970773591446e+16   1.04128624626513e+16
-4.948982504749459e+16  6.283128107815938e+16 -1.419188993512153e+16   6.98927907770758e+16 -5.098797453154697e+16 -1.995173465084682e+16
 2.249827130544717e+16 -2.008968024684407e+16       1654131635543852 -5.000961031134771e+16   3.93753662198843e+16       7952698882445289
 3.431384364991666e+16 -3.984607905149794e+16       5552732231317449 -3.548919604209497e+16  1.043979622425467e+16  2.629053321421484e+16

cov*(cov_.inverse()):
    4  -2.5  1.25    -2  0.25   0.5
    2     0   0.5     0  -0.5  -0.5
    1    -2 2.375     0  0.25   1.5
   -1     1 -0.75     2    -2    -1
    2    -1 0.625     0  0.25     1
   -1     0     1    -1  0.75     1
