6
2

8.726845394151601e-05
   0.0001813680277503
0.0003372045564379653
0.0004532441679003834
   0.0713785476165374
    0.718046277888596

   0.4615766490495097   -0.8060407008118999    0.3701200230314297  -0.01108136322672012 -0.003576558375074459  -0.01099844795086742
   0.3997693027247254    -0.130664638220076   -0.7694399472738077     0.474650908221296   0.06506917713351994  -0.03931846854785606
  -0.3994323703276201   -0.1055650650603654    0.2803581137648536    0.7741920653311439   -0.2632214201939808   -0.2864441595648874
   0.1509979414233603    0.0755113395598755  -0.01399784168723025   0.02834570299843456   -0.8065410977700326    0.5656763194984524
  -0.5580002334599006    -0.417978594412747   -0.1913961530024017    0.0553352838169367    0.2973215083728064    0.6211562393723022
   0.3652679076106681    0.3763948594267679    0.3943909699532786    0.4139382709758276    0.4330809077242384    0.4587570854738191

 0.395572484749107
0.3950620532800443
0.3941021106130575
0.3930771431509222
0.3920851076237815
0.3907365043969111

0.0153578440731371
0.4000280535907868

  0.1706087420176122    1.255273376367081    2.759836936625059   0.2338790239593408  -0.7996287491833034   -3.621927003385449
   3.432830939373291   -1.466321226356581  -0.3127726983860635 -0.05163418479375528 -0.09197416272751165  -0.5103080257525142

 9.787978484653745e-10 -6.637937944335845e-08   2.27653695507489e-07 -2.702144058864259e-07   -0.01845721689820804    -0.1484003549197061
 2.023650242838502e-08  5.901801755467799e-08 -1.334544288315218e-07  4.027518833828944e-08  -0.008100632560942509     0.1460767959909753

cov:
0.07037680956934984 0.07207423119202686 0.07481922637623087 0.07779909098084248 0.08071625808461501 0.08463121297168766
0.07207423119202686 0.07393541091996256 0.07694530593860566 0.08021332743265787 0.08341293221081456 0.08770619223705521
0.07481922637623087 0.07694530593860566 0.08038379260915229 0.08411800775139025 0.08777456067501292 0.09267987556322577
0.07779909098084248 0.08021332743265787 0.08411800775139025 0.08835946756754691 0.09251305930939638 0.09808423875475823
0.08071625808461501 0.08341293221081456 0.08777456067501292 0.09251305930939638 0.09715419896616698  0.1033778191295587
0.08463121297168766 0.08770619223705521 0.09267987556322577 0.09808423875475823  0.1033778191295587  0.1104760342646674

cov.inverse():
 34347825.11137941 -50014040.34271915  12085982.32201328  2398102.593188535  905810.4640375803  277515.5684199813
-50014040.33245593  85954719.08223966 -36381838.30483799  -1420942.70087351  67949.54572606501  1794050.980341371
 12085982.30036954 -36381838.27548774  36677864.86434963 -9734287.238679303 -2289924.251252988 -359636.9423648208
 2398102.603916752 -1420942.718977369 -9734287.231220411  12140249.14982575 -959347.4732454228 -2423586.038453463
  905810.466669511  67949.54108034246 -2289924.248913117 -959347.4735586103  3906312.679832617 -1630387.620477516
 277515.5664416203  1794050.984001702 -359636.9444560197  -2423586.03805711 -1630387.620464617  2342207.136859756

cov*(cov_.inverse()):
     0.999999999825377 -5.238689482212067e-10  2.328306436538696e-10  -2.91038304567337e-11                      0                      0
-2.146407496184111e-10      1.000000000232831                      0  2.037268131971359e-10   2.91038304567337e-11  -2.91038304567337e-11
-4.256435204297304e-10  6.402842700481415e-10      1.000000000371074                      0                      0   2.91038304567337e-11
 2.073647920042276e-10 -1.164153218269348e-09  5.602487362921238e-10     0.9999999999708962  -2.91038304567337e-11                      0
 2.146407496184111e-10 -7.275957614183426e-10  6.475602276623249e-10                      0     0.9999999999708962   2.91038304567337e-11
-1.855369191616774e-10   2.91038304567337e-11  9.458744898438454e-11  5.820766091346741e-11                      0                      1
