5
2

0.0001772940835182283
0.0003241413842886774
0.0005463746727401894
  0.07920965820042787
   0.5522639650128719

 -0.0809506579587604   0.3139120072541506    -0.73711046265804   0.5871085502055682 -0.08293346003441542
 -0.3187781737603719   0.6467476861077268   -0.169539510730008  -0.5476359385355796   0.3891646689693041
   0.540885523792235  -0.3785410420910298  -0.4676220578396993   -0.233955381443566   0.5392068435396551
 -0.6576443715451098  -0.4002396431957623  0.06911218509033808   0.2898166693172468   0.5643951741886736
  0.4083799672328253    0.423900447844936   0.4521920355725916   0.4654778263024181   0.4820653159741646

0.3824428727970142
0.3804994703146188
0.3769855594565935
0.3752767001582356
0.3731380610881557

0.02842223607047076
 0.3863291981671908

  0.652273799141998 -0.4258270425645788   9.960919491450039   -6.02128885123442  -4.166317071465622
  1.534081110282548 -0.4814185022170886  0.8795336789372661 -0.5368926426705002 -0.3953774684196122

-3.369133769080119e-07 -5.211480400233645e-08 -1.487175626972321e-06   -0.02300505692790133   -0.06743378905580726
-3.790986422962731e-08 -8.503636824803256e-08   1.53181760160123e-07  -0.007115913322972524     0.1157833673494363

cov:
0.05357903001154768 0.05444989055627389  0.0560371113021973 0.05678129254352875 0.05771446839019853
0.05444989055627389 0.05581028413898571 0.05828936038435935 0.05945278417181536  0.0609077988989098
 0.0560371113021973 0.05828936038435935 0.06239481041202022 0.06432278623409972 0.06672942932866818
0.05678129254352875 0.05945278417181536 0.06432278623409972 0.06661030169408624 0.06946436702251944
0.05771446839019853  0.0609077988989098 0.06672942932866818 0.06946436702251944 0.07287566577343929

cov.inverse():
 2155733.579322578   -3456496.1106234  1565414.452967896 -274375.6977674473  9751.863451949541
-3456496.110676025  7596035.698746405    -7811906.103526  2788895.491739219  883521.2179638669
 1565414.453157172 -7811906.103958959  18291366.09454556 -12517576.14461944  472201.8669604232
-274375.6979239843  2788895.492286012 -12517576.14529817  14003768.44992782 -3999994.150391278
 9751.863471826802  883521.2177974357  472201.8673954271  -3999994.15067974  2634242.065873119

cov*(cov_.inverse()):
     1.000000000034447 -1.455191522836685e-11 -1.091393642127514e-11  8.731149137020111e-11                      0
 2.421529643470421e-11     0.9999999999199645  1.746229827404022e-10 -1.164153218269348e-10  -2.91038304567337e-11
-8.412825991399586e-12   2.91038304567337e-11     0.9999999999417923  1.746229827404022e-10  -2.91038304567337e-11
 1.966782292583957e-11 -2.182787284255028e-11 -5.820766091346741e-11     0.9999999999417923                      0
 9.549694368615746e-12 -7.275957614183426e-12  5.820766091346741e-11                      0                      1
