5
2

1.525894417559425e-09
9.623962660049574e-09
 0.003725533518115472
  0.04280540959345094
   0.8020729430772103

  0.2981214714152609  0.06673497154375863  -0.8669784475059401   0.3709325392650928   0.1320130854453209
 -0.4910299787010192   0.8400992097267275  -0.1718970118039403  -0.1527543443562111 -0.01550501359510816
  0.3326704658863948  0.03903372389136973  -0.1282617886551322  -0.7647021101320034   0.5353375812109111
 -0.6592163419668662  -0.3648053761018033 -0.09292338162524637   0.1530947620727949   0.6326753440938323
  0.3532383386735213   0.3939202550719828   0.4401294668746696   0.4804870843011183   0.5435694278964044

0.5775411892476153
0.5981621713590579
 0.621605845319845
0.6410416538631943
0.6692386747752105

-0.2187139056334903
 0.5342502407729626

 103.6531179085047  57.34927513754769 -318.6423436377837  83.77348671172469  74.44867033575008
-35.11215327624456 -19.16492558910232  114.5890972310563 -30.47401639105631  -28.7660778769933

 8.193173719124163e-16  3.529297870281565e-15  0.0007409476330261801  0.0005227398212547666    -0.2048907001551914
-2.938248306183228e-16 -1.246283701289424e-15 -0.0002667974919684985  -0.006184084845850731     0.1305268920184819

cov:
0.08106966656013068 0.08995748467168029  0.1001291523303932  0.1090001449975332  0.1227620576919318
0.08995748467168029  0.1000700276009695  0.1115984096948581  0.1216609313818974  0.1373272170248191
 0.1001291523303932  0.1115984096948581  0.1246363014792894  0.1360225851756344  0.1538000362213423
 0.1090001449975332  0.1216609313818974  0.1360225851756344  0.1485731918103025  0.1681931449189403
 0.1227620576919318  0.1373272170248191  0.1538000362213423  0.1681931449189403  0.1908180012563032

cov.inverse():
-4.152948954242883e+16  1.636741958475359e+16  7.755416461107934e+16 -3.929445756676247e+16 -1.293495112798424e+16
 3.914203603302441e+16  1.796724311056113e+16 -1.293325649309178e+17  5.314157175578164e+16  1.928935785697887e+16
 3.920047992571753e+16 -7.168636630849642e+16  2.150102676182944e+16       9967281748163134      256110256743833.1
-2.831006646537336e+16  2.726351860590538e+16  2.574406992900798e+16  -1.90183775204838e+16      -5394141423411024
     -8094086493945350   1.02880188698222e+16       3161848459260292      -4235047285432324      -1012298480383886

cov*(cov_.inverse()):
    0.375       0.5      1.75    -0.125 -0.015625
    0.375      0.75      3.25     0.125 -0.171875
        0       0.5     4.375     -0.25   -0.1875
      1.5      0.25    2.5625     1.375         0
     0.25         0     1.875    -0.125    0.9375
