6
2

9.019003703232544e-05
0.0001679545526676787
0.0002807274998836359
0.0005041659733348227
  0.08567692702146053
    0.692636309201908

 -0.03913955502191517    0.4889808292140767   -0.7827193610808862    0.3814611760876254  -0.02769231710278877  -0.02089862182667596
   0.1687204142939918   -0.5455654890524897   0.01838204789772276    0.7273891600239762   -0.3799195687075956   0.01095218987769048
  -0.3666261130368977    0.4550609874711611    0.3453893391446962   0.04885308740047981   -0.6997825427221503    0.2170916029679196
   0.6122764692429612  -0.07468278026963873   -0.2695969521196119   -0.3943636307651004   -0.3744888311692813    0.5010917411109658
  -0.5766415550792301   -0.3250697426666566   -0.2042225677206579 -0.008817615529168132    0.2038943548859947    0.6917056193887879
   0.3580347084289271    0.3806936934487286    0.3915728958326948    0.4091519684115535    0.4282334143465747    0.4719798048219885

0.3971882378262644
0.3960087979759296
0.3955088789185143
0.3945676637226576
0.3935678715287361
0.3912847922415458

0.01508697652299711
 0.4003839254511255

  2.037941950054144  -2.855122598244361   1.550579551964495   2.920263350436577 0.01891510138916978  -3.674623142491835
  2.543154702393073   -1.61946467557363  0.1785147877911382  0.2713698928290605 -0.0437482745237901 -0.3298294762857885

 -1.21956307027248e-08   1.13025000649798e-07 -1.717355916040031e-07 -4.974549702121624e-07   -0.02295651234275834    -0.1350600481469942
 -7.47968476110573e-09  4.305463775509641e-08 -1.288838024732882e-07  3.492537045208723e-07  -0.008925828984708107     0.1441842186751836

cov:
  0.063938916810591 0.06676594404042473 0.06812306138149402 0.07031540823059547 0.07269258009151756 0.07814197136660724
0.06676594404042473 0.07030404700313735 0.07200260229504826 0.07474688521994889 0.07772426045069283 0.08454992443385934
0.06812306138149402 0.07200260229504826 0.07386517300153188 0.07687455378319008  0.0801402050071596 0.08762687598910301
0.07031540823059547 0.07474688521994889 0.07687455378319008  0.0803125076724969 0.08404418177176708 0.09259945073480254
0.07269258009151756 0.07772426045069283  0.0801402050071596 0.08404418177176708 0.08828274471242661 0.09800009445119034
0.07814197136660724 0.08454992443385934 0.08762687598910301 0.09259945073480254 0.09800009445119034  0.1103825727827302

cov.inverse():
 4377963.640783711 -7912815.380106199  1619967.620798677  1337926.434952768  214302.2327731236  363097.5262428961
-7912815.377550256  42595552.60774815 -45334201.86355861   9261142.90152221  1752332.182138128 -361821.0827018291
 1619967.616020366 -45334201.85278436  77129006.72536197 -35599804.28688033 -252598.0088757028  2438056.257844865
   1337926.4374257  9261142.889694195 -35599804.27409679  37287459.49771287 -10948019.81089316 -1340508.705579553
 214302.2326703121  1752332.185981336 -252598.0172002757 -10948019.80563886  11976618.89329097 -2742283.788011606
 363097.5260951202 -361821.0829351513  2438056.259381661 -1340508.707405566 -2742283.787341219  1643873.401805802

cov*(cov_.inverse()):
     1.000000000047294 -3.092281986027956e-10  1.746229827404022e-10 -4.802132025361061e-10   2.91038304567337e-11  1.455191522836685e-11
 8.731149137020111e-11      1.000000000218279  3.783497959375381e-10  3.055902197957039e-10  8.731149137020111e-11                      0
-3.637978807091713e-11 -2.473825588822365e-10     0.9999999993306119 -2.037268131971359e-10  1.164153218269348e-10  -2.91038304567337e-11
 7.275957614183426e-11 -8.149072527885437e-10  8.731149137020111e-10     0.9999999996653059  -2.91038304567337e-11                      0
-8.003553375601768e-11  1.746229827404022e-10 -6.693881005048752e-10  5.820766091346741e-11                      1                      0
 5.093170329928398e-11 -2.546585164964199e-10 -5.820766091346741e-11 -1.455191522836685e-10  5.820766091346741e-11                      1
