5
2

0.0002694379075690367
0.0004417413283660169
0.0007518633978790024
   0.1058305690558386
   0.5767356992821888

  0.5272135529183747  -0.7904797649078462   0.2968207324417378  0.04850850907272984 -0.08204869426573135
 0.08060773915159829  0.01285720320529991   0.1752605834310196  -0.8149855587235485    0.546277723948258
  0.3823531569559623 -0.08637289822938321  -0.8199710754097002   0.1265411820463068   0.3974676723395871
 -0.6472852340113748  -0.4497049848292646  0.05127010635544518   0.2988903353689435   0.5355587699476994
  0.3877836396815901   0.4065483767869958   0.4540924931926649   0.4775953939151528   0.5000449114472192

0.3991613740153285
0.3991857701207868
0.3991484320063418
0.3991477170961337
0.3991030496003478

0.0005096375509684362
   0.3994180639915669

-0.3440333585018599   4.887989984309131  -4.218543617400351   1.365606902788135  -1.691232275476238
   1.43358069692637 0.01256424581698645 -0.4225351060892774  0.1194787711953496 -0.1431152042270827

-3.696904557202334e-07 -5.348783714222988e-07  1.360078396477608e-06   -0.03012088527804264   -0.08491880108477304
 4.631619510968139e-08 -2.612641160877178e-08  4.814934960473539e-07   -0.01115737861593438     0.1179669798645938

cov:
0.05471143242170762 0.05569928050863554 0.05819979787338728 0.05943636274782051  0.0606163480740482
0.05569928050863554 0.05724173114638191 0.06114770623880002 0.06307871679569151 0.06492247421264281
0.05819979787338728 0.06114770623880002 0.06861691338680474 0.07230855388484195 0.07583519643588239
0.05943636274782051 0.06307871679569151 0.07230855388484195 0.07687137705708937 0.08122977591378228
 0.0606163480740482 0.06492247421264281 0.07583519643588239 0.08122977591378228 0.08638355519197063

cov.inverse():
 4120688.257314115 -5793717.695419086  1673364.638394629  101192.4267125905  -101389.207956362
-5793717.695421324  8621306.859019464 -3095141.137152132 -601235.4854611879  868640.9809812094
 1673364.638424511 -3095141.137177737  2560374.355804887 -717192.4167499809 -421355.0317064292
  101192.426660764  -601235.485419984 -717192.4167072293  3464545.505728222  -2247372.74238921
-101389.2079321841  868640.9809633776 -421355.0317449057  -2247372.74235708  1901515.251662483

cov*(cov_.inverse()):
    0.9999999999645297 -1.455191522836685e-11 -7.275957614183426e-12  -2.91038304567337e-11   2.91038304567337e-11
 2.546585164964199e-11      1.000000000007276  3.637978807091713e-12  -2.91038304567337e-11  1.455191522836685e-11
 2.091837814077735e-11  5.820766091346741e-11      1.000000000014552 -5.820766091346741e-11                      0
 1.455191522836685e-11  4.365574568510056e-11  1.455191522836685e-11     0.9999999999417923   2.91038304567337e-11
 3.456079866737127e-11   2.91038304567337e-11  7.275957614183426e-12                      0                      1
