5
2

0.0001905703515901616
0.0004069677710780563
 0.000547312822272699
   0.1122018128249974
   0.5722065917839809

-0.2835388828102772  0.7659388715858844 -0.5722461632772765 0.07175680051919063 0.01812835133508445
 0.2878930919991146 -0.2286834741732544 -0.3697048722837927  0.7383229399096635 -0.4278071762278148
  0.584544905036501 -0.1876196599209838 -0.5634650225227598  -0.298621712507765  0.4652293610890847
-0.5839853338589609 -0.3964413882676225 -0.1781295086816178  0.3554369216846284  0.5862847672814629
 0.3924177026427269  0.4107001369775373  0.4320065769804122  0.4839626695362837  0.5064426878534413

0.4003190702107686
0.4003267646766176
0.4002970178965782
0.4002328460951345
 0.400171940907195

0.0007078535490017111
   0.4006054696483201

  0.3103805024071369    1.981956652732921    0.345111689448523 -0.09204117773122446   -2.545523100729199
   1.503536905875893  -0.1648510850782626  -0.1357129550417935  0.03465136793414555  -0.2375131588486877

 4.284734342987457e-08  8.770771127178315e-08 -4.618025967151849e-07   -0.03214762537400543   -0.08147098699065683
-1.731361531083869e-08  1.073109790673682e-07  2.592430699210053e-07   -0.01152481589300084     0.1179251699721502

cov:
0.05471354772938074 0.05568359481164858 0.05681609096323586 0.05956904493504322 0.06076030278978062
0.05568359481164858  0.0572061423057663 0.05898167011987707 0.06330527400674364 0.06517605954195731
0.05681609096323586 0.05898167011987707 0.06150595023896677 0.06765836573249447 0.07032037747301938
0.05956904493504322 0.06330527400674364 0.06765836573249447 0.07827894301015138 0.08287386958810133
0.06076030278978062 0.06517605954195731 0.07032037747301938 0.08287386958810133 0.08830554868914081

cov.inverse():
 3854816.999485907 -6743540.015338804  2725532.963113573  140411.7741586663   22654.7896872973
-6743540.015281442  16587186.34685859 -11205468.24096454  680962.9742529935  681619.7720822941
 2725532.962958164 -11205468.24066109  10902012.25199368 -2217048.669206691 -205809.9135012912
 140411.7744290956  680962.9735389063 -2217048.668702698  3730825.452641048 -2335053.584498859
 22654.78951491812  681619.7725502785 -205809.9138572416 -2335053.584438491  1836654.170937527

cov*(cov_.inverse()):
     1.000000000007958  3.637978807091713e-11  1.455191522836685e-10  -2.91038304567337e-11                      0
-1.500666257925332e-11      1.000000000123691 -8.185452315956354e-11   2.91038304567337e-11  -2.91038304567337e-11
  1.20508047984913e-11  4.365574568510056e-11      1.000000000060027  -2.91038304567337e-11                      0
 -3.54702933691442e-11  2.110027708113194e-10 -2.546585164964199e-11                      1  -2.91038304567337e-11
 -2.97859514830634e-11  4.365574568510056e-11  2.182787284255028e-11                      0                      1
