7
2

0.0001351715980189705
0.0002330526464158757
0.0003301534951720444
0.0003767177319136989
0.0007188073961755737
   0.1140319329633096
   0.6855699645632323

-0.02916916720754936   0.1900829315714678  -0.6958680164396612   0.6860093439005588 -0.06175342995794039 -0.05834905032980175 -0.03095843667097988
 -0.2111255765486516   0.5860276359641867  -0.3668799422816372  -0.4966328693803834   0.4636122294241194   0.1005431175128486 -0.07554656884896209
  0.3261684061210865  -0.5361611547520561  -0.1801402581690881  0.02154694964074846   0.7161220059616094  -0.1736686175359953  -0.1738938963620683
 -0.1313106933728164   0.1698446972236599   0.1313683781679298  0.04392097032824078   0.1343955721818298  -0.8283428988903362    0.480113997140033
  0.5942220798275669 -0.07525025583074967  -0.4116783523347592  -0.3704801945539757  -0.2860298580874452  0.04900425998959414   0.5002882981745049
 -0.6091773435759654  -0.4255388818434063  -0.1702820231200586 -0.01736885301585527   0.1271034920138126   0.3195945673461772   0.5479288224769268
  0.3267260430160546   0.3426049372210492   0.3646691858015069   0.3778841076929522   0.3903702601026837   0.4069786456476309   0.4266982281437114

0.4001602347171111
0.4000745607138776
0.3999942541311352
0.3998667097016282
0.3997550779199285
0.3996158488146085
0.3994426382695789

0.001971029291643516
  0.4006069388997915

  0.02439915855111828    0.2164333738877124     1.418693244019537     2.696505161094684   -0.2200804171472631    -0.832570710782192    -3.303894873674185
    1.454330685750397   -0.3443216366297012     0.006810775120574    0.2614161847262927 0.0004484044897714173  -0.08446928689459618   -0.2942715873294718

 1.950443880034178e-08 -9.092747710042354e-08  2.790073131859687e-08 -8.341968097287922e-08 -1.661441599001918e-06   -0.03250475432649118    -0.1015562549062529
 1.475128533559401e-09 -3.406592322326306e-08  7.952053016843918e-08 -4.375676933501133e-08  3.301425657241538e-07   -0.01213599050407859     0.1403921617753957

cov:
0.05499879392765865 0.05598230138887575 0.05734851343634934 0.05816659029735895 0.05893963341247512  0.0599653840960713 0.06118499841169654
0.05598230138887575 0.05752318753202754 0.05966363398985948 0.06094544090710452 0.06215660424858015 0.06376586711902632 0.06567778449703286
0.05734851343634934 0.05966363398985948 0.06288027287748935 0.06480665428010092 0.06662680663085023 0.06904714713754279 0.07192136799967021
0.05816659029735895 0.06094544090710452 0.06480665428010092 0.06711920544170659 0.06930416568205279 0.07221040867349739 0.07566111870482181
0.05893963341247512 0.06215660424858015 0.06662680663085023 0.06930416568205279 0.07183392735362981 0.07519917025272757 0.07919458499288808
 0.0599653840960713 0.06376586711902632 0.06904714713754279 0.07221040867349739 0.07519917025272757 0.07917615011023608 0.08389692384072762
0.06118499841169654 0.06567778449703286 0.07192136799967021 0.07566111870482181 0.07919458499288808 0.08389692384072762 0.08947876099038182

cov.inverse():
 2648173.883200565  -4429489.54900009  1402994.095873788  433079.3309912147 -13985.92076657031   5432.32670973601 -46157.57316650441
-4429489.548741153  11152105.73906688  -10094605.6713045  1778787.506108965  1039804.506573754   333553.249135419   219879.355768125
 1402994.094918741 -10094605.66961277  29727804.08778264 -22471870.24891071 -1610930.590418061  1024266.516150686  2022556.154601428
  433079.332318957    1778787.5029437 -22471870.24552882  30581255.60242871 -6169507.075742344 -3435925.872701919 -716080.2944185957
-13985.92136125826  1039804.508233943 -1610930.593329698 -6169507.073335857  9156467.790419653 -897117.9428240594 -1504954.005075111
 5432.326418683358  333553.2499029309  1024266.515517073 -3435925.873265924  -897117.941960224  5488722.191575571 -2518811.068398121
-46157.57291240061  219879.3550728704  2022556.155501554 -716080.2947167909 -1504954.005378572  -2518811.06825543   2543655.03591237

cov*(cov_.inverse()):
     1.000000000057298 -1.255102688446641e-10  3.637978807091713e-10  2.110027708113194e-10  -1.01863406598568e-10  -2.91038304567337e-11  -2.91038304567337e-11
 4.729372449219227e-11     0.9999999998981366  3.492459654808044e-10  3.274180926382542e-10 -5.820766091346741e-11 -8.731149137020111e-11  -2.91038304567337e-11
-3.183231456205249e-12 -9.094947017729282e-12      1.000000000174623  4.874891601502895e-10 -1.164153218269348e-10  -2.91038304567337e-11 -8.731149137020111e-11
 3.501554601825774e-11 -1.055013854056597e-10  2.037268131971359e-10      1.000000000458385 -5.820766091346741e-11 -5.820766091346741e-11  -2.91038304567337e-11
 -3.54702933691442e-11  4.001776687800884e-11  3.201421350240707e-10  4.147295840084553e-10     0.9999999999854481 -8.731149137020111e-11  -2.91038304567337e-11
 1.182343112304807e-11  -1.01863406598568e-10  5.238689482212067e-10 -1.455191522836685e-11  5.820766091346741e-11     0.9999999999417923  -2.91038304567337e-11
 3.910827217623591e-11  1.455191522836685e-11  2.037268131971359e-10  7.275957614183426e-12   2.91038304567337e-11                      0     0.9999999999708962
