6
2

0.0001175323989336213
0.0001521826588161757
0.0002526898960121913
0.0006248757437698709
  0.07261292123429613
   0.6101587914800524

-0.006904401802014869    0.1895474762955728   -0.6151205130215056    0.7021660671221861   -0.3025468604400633   0.03284888652477135
  0.06752545627467005   -0.5871701063629627    0.5060739206474643    0.3904095809243382   -0.4809420262599811    0.1040955920706284
  -0.1415913356264054    0.4802612626314059    0.1226196900241387   -0.3177708050270103   -0.6298781123552295    0.4863545044079486
   0.6189114288776436   -0.3827927431230486   -0.4153499726393958   -0.2801811271337676 -0.008892050189995502    0.4683185098700344
  -0.6714194913142003   -0.2941487049995092   -0.1259438762676239   0.07172098441592883    0.3169722962358572    0.5841191743767332
   0.3761502964962269    0.3944596242948289    0.4026200357386437    0.4122129609432377    0.4241028449008614    0.4370662625348716

0.4002396259486803
0.4004233516707797
0.4004267877797285
0.4004300140254854
0.4004332809882403
0.4004379182954882

-0.0001163720291085009
    0.4004120266052973

 -0.7543035689753517    1.498210303070204    2.937849252223137     5.75832397478189   -5.054359557869096   -4.386013804402298
   1.273295382862653 -0.07101862677498297   0.2374976899703138   0.3816963387603802  -0.4463235933062264  -0.3751853852104391

 5.401861135867983e-08  1.106685203805055e-07  2.600182415275034e-08 -2.297159873880602e-06   -0.02138212568375747   -0.07326823656982705
 3.071943160215476e-09  1.325861257356036e-08 -1.327543013216252e-08  1.709929979177691e-07   -0.00631232763852258     0.1305373510079902

cov:
0.05505256467680993 0.05628072951415188 0.05682802720728843 0.05747167807540664 0.05826855894542955 0.05913830115278366
0.05628072951415188 0.05838459733645245 0.05932209483166889 0.06042426759604039 0.06178994399515937 0.06327931205988734
0.05682802720728843 0.05932209483166889 0.06043360741966384 0.06174022051473743  0.0633595211929424 0.06512518055323469
0.05747167807540664 0.06042426759604039 0.06174022051473743 0.06328714671579505 0.06520452248450083 0.06729490201263941
0.05826855894542955 0.06178994399515937  0.0633595211929424 0.06520452248450083 0.06749173527708562 0.06998496283254696
0.05913830115278366 0.06327931205988734 0.06512518055323469 0.06729490201263941 0.06998496283254696 0.07291722702007435

cov.inverse():
 1495396.561299802 -3478406.632555082  852749.3441875997   1047892.42383218   131565.361349385 -49164.01063763865
-3478406.632534651  21475098.75682374 -19941547.59102317 -2378781.759373193  3313134.769898554  1010525.842523515
 852749.3436853481 -19941547.58697897  39126660.19671711 -23048024.33553394  1762665.028453663  1247729.129628663
 1047892.424721982 -2378781.766788729 -23048024.32669047  44055240.11026165 -20344964.34675287  668049.9367502033
  131565.360910504  3313134.773468763  1762665.022426556 -20344964.34344488  22827482.47392587 -7689478.501468338
-49164.01060673505  1010525.842345135  1247729.130354145  668049.9357599602 -7689478.501056087  4812251.336462878

cov*(cov_.inverse()):
    0.9999999999990905  1.164153218269348e-10  7.275957614183426e-11 -8.003553375601768e-11  5.820766091346741e-11 -5.820766091346741e-11
-1.818989403545856e-12      1.000000000101863  1.455191522836685e-11  2.692104317247868e-10 -1.164153218269348e-10  5.820766091346741e-11
 4.547473508864641e-13 -1.164153218269348e-10     0.9999999999708962 -4.147295840084553e-10  1.746229827404022e-10  5.820766091346741e-11
-3.183231456205249e-12  3.055902197957039e-10 -5.820766091346741e-11      1.000000000196451  1.164153218269348e-10 -5.820766091346741e-11
-5.456968210637569e-12 -4.365574568510056e-11  -2.91038304567337e-11  2.546585164964199e-10                      1 -5.820766091346741e-11
   1.2732925824821e-11  1.164153218269348e-10  1.455191522836685e-11   2.91038304567337e-11  1.164153218269348e-10      1.000000000058208
