5
2

0.0002149177495693455
0.0004476071951142586
0.0006995975272397105
     0.10132290998039
   0.6383470262012378

 0.08583162946412072  -0.6152631275615124    0.764998617404376  -0.1412391910199249 -0.09440774087006984
-0.08851178247336414   0.2613351717395714   0.1328907698892151  -0.8084204334315009   0.5026589683512194
  0.5720311866898211  -0.5313952197412897  -0.4439016275051938 -0.03483499454597936   0.4383347010488263
 -0.7246672514145881  -0.3170501147672964 -0.05298435936248232    0.298557757014595    0.531406175013645
  0.3639179741760276   0.4126179310660479   0.4441409251677137   0.4859605772198575   0.5137035205385508

0.3978294295564594
0.3955506258472202
0.3940899333975315
0.3920924557578098
0.3907546804622828

0.01524843919542264
 0.3999781228640346

  0.7761417559408884   -1.131245110732606    4.676679964685103  -0.5971221842674604   -3.726545460387811
   1.382018556582922  -0.5258285575404437   0.5163478903771944 0.002502104186576648  -0.3750313301828527

 2.206218741393709e-07 -2.270591387373457e-07 -1.293847332582236e-06   -0.02679675644270508    -0.1270269096320307
 4.028668243184029e-08 -7.646645458602476e-08  3.310042886692367e-07   -0.01088944596857745     0.1319717071646883

cov:
 0.0593575081174517 0.06354645639730483  0.0662565273939569 0.06984280821880691 0.07222465261671632
0.06354645639730483 0.07040824761028044 0.07484882338036994 0.08073585059834625 0.08464248576518379
 0.0662565273939569 0.07484882338036994 0.08041029237505348 0.08778751170073806 0.09268174922559644
0.06984280821880691 0.08073585059834625 0.08778751170073806 0.09714640787514518  0.1033536184831151
0.07222465261671632 0.08464248576518379 0.09268174922559644  0.1033536184831151  0.1104315379474674

cov.inverse():
 867214.2611648431 -1879809.675240958  844037.9004283588  53953.63937026267  114770.6739656519
-1879809.675291756  9113374.148098486 -9534766.873018425  864684.5186711386  1437275.623693648
 844037.9005297263 -9534766.873220989  13160751.66748086 -2843841.968614078 -1627742.454524716
 53953.63930092754  864684.5189055845 -2843841.968805425  3696344.993297035 -1770727.960529919
  114770.673984407  1437275.623611007 -1627742.454434593 -1770727.960556163  1846667.267861737

cov*(cov_.inverse()):
     1.000000000005457  4.365574568510056e-11  8.731149137020111e-11 -4.365574568510056e-11                      0
 1.455191522836685e-11                      1  8.731149137020111e-11 -8.731149137020111e-11                      0
 1.637090463191271e-11 -5.820766091346741e-11     0.9999999998835847 -8.731149137020111e-11  -2.91038304567337e-11
 5.456968210637569e-12  5.820766091346741e-11  8.731149137020111e-11     0.9999999999708962  -2.91038304567337e-11
 9.094947017729282e-12   2.91038304567337e-11   2.91038304567337e-11  -2.91038304567337e-11                      1
