6
2

0.0001759289409091374
0.0002766157921844907
 0.000450257200355848
0.0007072017812477199
   0.1128654973266595
   0.6843884940071803

 -0.1205583397656511   0.4728899392429198  -0.7246363175425024   0.4803030787262241 -0.06443001834723928 -0.04359730124794493
  0.3027838871698322  -0.6601274924798197 -0.02493658983274647   0.6554131857944852  -0.1868012928303496 -0.08643269470390863
 -0.1397899016249596   0.1468291336443457   0.1995835066868817  0.06244553613035218  -0.7974830966514326   0.5283821328812482
  0.6389005295124771  -0.1390377331789136   -0.488426641392927   -0.404716751558203 -0.01851784106451972   0.4120382005218152
 -0.5907667627920409   -0.409563526814609  -0.2169449597348027  0.02519797217877841   0.3475485206555091   0.5610368275945001
  0.3421215181128617   0.3632825770719429   0.3857733765668808   0.4140198988895109   0.4514885110835076   0.4763435584275528

0.3983173739283652
0.3972598137701291
0.3960949725121863
0.3946710866951424
0.3927238044335878
0.3914196478313095

0.01489800210752178
 0.4004195842496136

  0.3515127132568124    1.157864881584926   -2.114570041690286     4.90169044249313  -0.5509740789734401   -3.747650636760908
   1.387875340502409 -0.03759075091178402  -0.4835635955385136   0.5103856404440618 0.002928864019205724  -0.3800326535208564

 1.420849511734713e-07  2.321733121859485e-07 -3.113699832152412e-07 -1.211006089450024e-06   -0.03049222606008874    -0.1308595119709436
 1.321084279209351e-08  6.304277253471178e-08 -9.473818936747496e-08  3.825639446222328e-07    -0.0114512790104576     0.1434324859132657

cov:
0.05926948955078126 0.06129651772278018 0.06345091139208436 0.06615507122369266 0.06973351095494036 0.07210990451499794
0.06129651772278018 0.06395195422424887 0.06677395485352459 0.07031694726334373 0.07501068696475797 0.07812612640265977
0.06345091139208436 0.06677395485352459 0.07030564688307012 0.07474031696270543 0.08061961890333354 0.08452066985024496
0.06615507122369266 0.07031694726334373 0.07474031696270543 0.08029569135072265 0.08766500281560763  0.0925534001535205
0.06973351095494036 0.07501068696475797 0.08061961890333354 0.08766500281560763 0.09701583864094526  0.1032169304388028
0.07210990451499794 0.07812612640265977 0.08452066985024496  0.0925534001535205  0.1032169304388028  0.1102884208996366

cov.inverse():
 2580327.976385629  -4733011.11979349  1962327.086180792  162632.5421864275  37987.88503774888  -10207.4760603636
 -4733011.11947245  13065240.59950387   -10576003.474523  1841695.972296101  54738.96263836783  347688.6063288014
 1962327.085624026 -10576003.47382011   17647067.2496862 -11001917.12273621  802317.4086389062  1166660.265265183
 162632.5424119021  1841695.972032046 -11001917.12283424  13414219.71038658 -2830569.855057993  -1587578.24161851
 37987.88504122413  54738.96247158549   802317.409076912 -2830569.855399275   3727912.60395515 -1791965.834082523
-10207.47605356724  347688.6063777072  1166660.265071421 -1587578.241413864 -1791965.834149128  1875659.878332656

cov*(cov_.inverse()):
     1.000000000051386 -1.564330887049437e-10  2.182787284255028e-10 -1.455191522836685e-11 -1.455191522836685e-11                      0
-3.410605131648481e-13       1.00000000003638  2.619344741106033e-10  4.365574568510056e-11   2.91038304567337e-11   2.91038304567337e-11
-2.114575181622058e-11   1.01863406598568e-10      1.000000000203727  2.328306436538696e-10                      0                      0
 4.035882739117369e-11  -8.36735125631094e-11   2.91038304567337e-10      1.000000000145519 -5.820766091346741e-11                      0
 4.615685611497611e-11 -2.182787284255028e-10  4.511093720793724e-10 -5.820766091346741e-11      1.000000000029104                      0
 1.159605744760484e-11 -7.275957614183426e-11  8.731149137020111e-11                      0                      0      1.000000000029104
