6
2

0.0001378895062837278
0.0002368183742945165
0.0003332239123593328
0.0007177769868158263
   0.1068887102443035
   0.6265584911315139

-0.03071270080733568   0.2014540442890184   -0.707985149717108   0.6696119873396383 -0.07283094436165082  -0.0595438139793864
  0.2124006052613034  -0.5780979064741741   0.3456056859747252   0.4966977312700864  -0.5037836674277822  0.02718241013801132
  -0.349640717814204    0.566789738189461   0.2021128057088732 -0.02144617545699964  -0.6658385241523157   0.2680490556053338
  0.5904918513236362 -0.07404617291409767  -0.4054876031006106  -0.3624188139943383  -0.2732515229564132   0.5247881000878545
 -0.5942841948495414  -0.3955809934968819   -0.119313776079816   0.0461408886037362   0.2025209974435471   0.6579988299130601
  0.3603328331036962   0.3768306159452718    0.399760150514991   0.4134910318039215   0.4264687333527995   0.4642201465083024

0.4001782825258787
0.4000859312517228
0.3999984817454179
0.3998664253952912
 0.399750224033704
0.3994261891303226

0.002042086268745719
  0.4006332822030067

 0.01760552133069423   0.2652481920989732    1.593735992120148    2.165165158451587  -0.3516835281874087   -3.690570597448678
   1.452977106931088  -0.3360067765481334  0.01984137225538561   0.2097566748088568 -0.01374669026803202  -0.3328749314037839

 1.178339511537269e-08  8.712432696611049e-08 -3.722279852467035e-08 -1.690306883426024e-06   -0.03090808419474382   -0.08814626241201289
 6.638614569691174e-10  3.431031043419272e-08 -8.650175578809344e-08  3.234724918034183e-07   -0.01079758445247871     0.1300258200542749

cov:
0.05500718526528179 0.05599152127618234 0.05735920605253061 0.05817816354167405 0.05895221026427274 0.06120004753634312
0.05599152127618234 0.05753416469909153 0.05967757511600508 0.06096104327785434 0.06217410443177655 0.06570027810850163
0.05735920605253061 0.05967757511600508 0.06289953422458786 0.06482882993828583 0.06665228201891212 0.07195580455536132
0.05817816354167405 0.06096104327785434 0.06482882993828583 0.06714495213778064 0.06933396283413654 0.07570199371717148
0.05895221026427274 0.06217410443177655 0.06665228201891212 0.06933396283413654 0.07186860840353898 0.07924270248832511
0.06120004753634312 0.06570027810850163 0.07195580455536132 0.07570199371717148 0.07924270248832511 0.08954699579484625

cov.inverse():
 2631800.066609689 -4384389.038967908  1351357.267748683  451640.9804411589 -6892.568781802978 -43470.42891905322
-4384389.038622791  10997259.25031481 -9973834.006328227  1917444.700071858  1061811.017737451  381720.4062834775
 1351357.266716465 -9973834.004435258  29179242.84398787 -21626542.78853824 -1389499.979496933  2459544.081990604
 451640.9811325578  1917444.697871713 -21626542.78574303  28240264.38241947 -6705868.594449766 -2277183.936845854
-6892.568747319523  1061811.018411314 -1389499.981711046 -6705868.592867851  8942001.209235771 -1901767.696797353
-43470.42895783735  381720.4062619015  2459544.082270296 -2277183.937141339 -1901767.696721202  1381312.203563982

cov*(cov_.inverse()):
     1.000000000000909 -1.127773430198431e-10  1.746229827404022e-10 -3.201421350240707e-10 -5.820766091346741e-11  1.455191522836685e-11
-1.728039933368564e-11     0.9999999999454303   2.91038304567337e-11 -5.820766091346741e-11 -5.820766091346741e-11  1.455191522836685e-11
-3.274180926382542e-11  1.455191522836685e-11      1.000000000232831 -4.656612873077393e-10  -2.91038304567337e-11 -1.455191522836685e-11
-2.773958840407431e-11 -3.637978807091713e-12 -1.164153218269348e-10      1.000000000029104  -2.91038304567337e-11  -2.91038304567337e-11
 3.137756721116602e-11 -8.731149137020111e-11  5.820766091346741e-11 -1.164153218269348e-10     0.9999999999126885                      0
-1.000444171950221e-11  4.365574568510056e-11  -2.91038304567337e-11  5.820766091346741e-11 -5.820766091346741e-11      1.000000000014552
