5
2

0.0001289820753377123
0.0002140296612632385
0.0004570990313289735
  0.04583934475570581
   0.6008974127119946

0.01721419366574512 0.04393703550211819 -0.5339616086684728  0.7845303310067731  -0.311721620434489
-0.3444569051154117  0.7415704461791217 -0.4485434675916302 -0.2281656181286768   0.279592421672774
 0.5694849142476586 -0.3115979401432328 -0.5582021983665688 -0.1829513663573367  0.4832522730723003
-0.6082910004749303 -0.3997335425829107 0.03469703646637509  0.3033121133501464  0.6139975824307811
 0.4321135304989837  0.4373358307955055  0.4482188969111343  0.4549540305101313  0.4627439015659325

0.4026376583530764
0.4028202082542653
0.4028109770996532
0.4028072623123418
0.4028023245796347

7.873040215907784e-05
   0.4028459344147768

-4.305105069061458  2.201977949203044  11.75272208504864  9.080537367070395 -18.73010554848676
0.9242203916031562  0.160448053438397 0.8769066927916341 0.8553943464783484 -1.817012810402471

 1.116246398956554e-07 -4.335529103026855e-07 -4.264640038843275e-06    -0.0138675180280817     -0.059763129283294
 1.317949990712728e-08 -5.936330219017412e-08 -2.189118091746881e-07  -0.003051208876328654     0.1483803597156972

cov:
0.06819875943613135 0.06874688339547916 0.06988964444651348  0.0705972103280824 0.07141559960008716
0.06874688339547916 0.06939646728362309  0.0707501166867797 0.07158804048292805 0.07255717272870822
0.06988964444651348  0.0707501166867797 0.07254318360177633 0.07365273398563724 0.07493603386693036
 0.0705972103280824 0.07158804048292805 0.07365273398563724 0.07493033754714931 0.07640797400785662
0.07141559960008716 0.07255717272870822 0.07493603386693036 0.07640797400785662 0.07811046964751762

cov.inverse():
 4160306.786336745 -6379924.403161631  1298856.159057136  2028723.339128843 -1107960.257177441
-6379924.403298259  12585665.30872192 -7838956.754669444 -1348895.278073741  2982090.879762331
 1298856.158878795 -7838956.755241001  23021328.01622757 -22457409.22065645  5976306.046536644
 2028723.339907141 -1348895.277545509 -22457409.22322288  38293205.50797858 -16515680.22742704
-1107960.257640796  2982090.879669054  5976306.048353151  -16515680.2286869  8665209.149746666

cov*(cov_.inverse()):
     1.000000000014552                      0                      0                      0                      0
-1.455191522836685e-11                      1 -4.074536263942719e-10  4.656612873077393e-10                      0
 8.731149137020111e-11 -5.820766091346741e-11     0.9999999997089617  6.984919309616089e-10 -1.164153218269348e-10
 -2.91038304567337e-11 -8.731149137020111e-11  -2.91038304567337e-10      1.000000000698492 -2.328306436538696e-10
  2.91038304567337e-11   2.91038304567337e-11                      0                      0                      1
