5
2

 0.000206493494838132
0.0003317345193989613
0.0006353724373834371
   0.0964121826461745
   0.5647899236664817

 -0.3008239186984842      0.7434555023436  -0.5822202825225564   0.1332573572526472 0.006395727582392698
  0.2181956426919324     -0.3391485802187  -0.3695896851869049   0.7840055296197799  -0.2934411289764058
  0.5945349413270279  -0.1466210252362084  -0.5646879132868364  -0.3284192658971021   0.4453075621133307
 -0.5881666799194547  -0.3662623665944284  -0.1084288053782722   0.2091987235905224    0.681462342071454
  0.4030927828961168   0.4202455357835433   0.4402201289977529   0.4647090338043297   0.5011603036523495

0.3996516166412021
0.3996586308151976
0.3996280574411089
0.3996364525972105
0.3995361769469547

0.0006993391759265768
   0.3999244738563482

 0.4291054550336298   4.807828559314222  -4.965899203771944    2.88487200443576  -3.155415672500334
  1.501352424948266 0.07167902019697731 -0.5607040231462168  0.2616564613303883 -0.2738444697215637

 2.857199493183787e-07  3.836365242612161e-07  7.245115900796276e-10   -0.02808718047902888   -0.07444979965917499
-1.653693989830998e-09  8.759875565336605e-08  4.000008943322446e-07  -0.009112924100265738     0.1189275501799286

cov:
0.05504609551199206  0.0560382263805237 0.05719688259307351 0.05860925057056049 0.06071442004784577
 0.0560382263805237 0.05758222644088113 0.05938206722726325  0.0615834775676834 0.06486204330016745
0.05719688259307351 0.05938206722726325 0.06192725960015423 0.06504586012651285 0.06968840785409415
0.05860925057056049  0.0615834775676834 0.06504586012651285 0.06929372855699394 0.07561528713794941
0.06071442004784577 0.06486204330016745 0.06968840785409415 0.07561528713794941 0.08443421311325711

cov.inverse():
 3430571.789925854 -6133460.038410772  2543169.492420979  130656.3964559199  28833.33756880142
-6133460.038323469  14061217.17554452   -8807375.5539877  26551.29301688129  854090.8388475968
 2543169.492257447 -8807375.553733522  9981032.192514291 -3993211.591951239   275278.370645071
  130656.396535779  26551.29282642235 -3993211.591826984  6269073.723505339 -2432807.063690589
 28833.33756519351  854090.8388711461  275278.3706114641 -2432807.063676919  1274673.061982146

cov*(cov_.inverse()):
    0.9999999999949978 -5.093170329928398e-11  3.274180926382542e-11                      0  1.455191522836685e-11
 2.432898327242583e-11      1.000000000007276 -3.637978807091713e-12                      0                      0
  -1.2732925824821e-11  1.455191522836685e-11     0.9999999999854481   2.91038304567337e-11 -1.455191522836685e-11
-1.364242052659392e-11 -8.003553375601768e-11  7.639755494892597e-11     0.9999999999708962 -1.455191522836685e-11
-1.637090463191271e-11 -8.731149137020111e-11  1.091393642127514e-11                      0                      1
