6
2

                  nan
                  nan
5.125516574620945e-09
6.226793926410426e-09
  0.06619573225106413
   0.8779334022492842

  0.7259417848108429  -0.5347538600450519   -0.362346534299002 -0.08273331867051802  0.04775052621591207   0.2159326481612555
                   0 -0.03966029225649276    0.420215386957402  -0.8390611762121977   0.2558090998062098   0.2288758108933957
                  -0   0.5217670612715695  -0.6825415434806185  -0.2420201024039242    0.448648364084726 -0.04513414042183081
                   0   0.3356857591348854  -0.1728410304304521  -0.1294918560263978  -0.6590716672484553   0.6374146577911078
 -0.6243250770608059  -0.4727207286931687  -0.2532939193824753   0.1111868872754123   0.2732262981447239   0.4853662197978111
  0.2884904213638058   0.3226060878763934    0.363633369855464   0.4488063568048058    0.471134974862842   0.5070247042566743

 0.488109024546365
 0.495806605376824
  0.50999275934642
 0.536609351469054
0.5423577705092061
 0.554363992140784

-0.1346277170110418
 0.4703737447659175

  -1.283118560313906 0.002629717615884403   -1.009817135899939    1.359828263708186  -0.5087511903124663 -0.09616405390494398
   3.261255608381259   0.7865778133839649   -1.667412356105948    1.960456982130313    -1.31043653125725   -1.262147042871261

2.437957896340126e-17 1.149891066098069e-17 3.614835624380858e-18 1.059824134095897e-17  0.004474492890806505   -0.3196145316911345
-6.91052738882119e-17 2.009061366684379e-17 1.426666786828268e-17 1.386279164369433e-17   -0.0119986342396781    0.1624795183185073

cov:
0.06585639178815932 0.07302756812629005 0.08155006088561575 0.09949191832730009  0.1040135920259365  0.1114136390177343
0.07302756812629005 0.08119653630966113 0.09094361867311691  0.1113672482795509  0.1165837027803973   0.125068405477704
0.08155006088561575 0.09094361867311691  0.1021990643983871  0.1256665234677974  0.1317448652200817  0.1415684627897454
0.09949191832730009  0.1113672482795509  0.1256665234677974   0.155307579845308  0.1631105572627659  0.1756290735506157
 0.1040135920259365  0.1165837027803973  0.1317448652200817  0.1631105572627659  0.1714128677287037  0.1846996791934458
 0.1114136390177343   0.125068405477704  0.1415684627897454  0.1756290735506157  0.1846996791934458   0.199176493683039

cov.inverse():
 2.155189609748642e+16 -6.897509083827722e+16  1.025599396028688e+17 -1.008176373401577e+17  2.770862371786543e+16  2.156334171817332e+16
-5.212600467767168e+16  5.590515791420051e+16     -694686702346666.1  1.721744515711638e+16 -1.022864223559557e+16 -1.114957052627691e+16
 4.508402068298119e+16  4.173554033154627e+16 -2.062911759730011e+17  1.891842680625863e+17 -5.286831789797978e+16 -2.259274630751571e+16
 -2.28516935655898e+16 -2.908143948701003e+16  1.461357546540869e+17 -1.705249208976673e+17  5.469797844793138e+16  2.681732247824966e+16
      8411233202914512  1.451477452704529e+16 -8.035528927951034e+16  1.004496623101984e+17 -1.451771129015042e+16  -3.18167843018014e+16
     981718799782832.4 -1.400249219870456e+16  3.534825198434205e+16 -3.166694515597879e+16      -6268263738243876  1.685478688625147e+16

cov*(cov_.inverse()):
      0.5      0.25       0.5      -3.5    -0.125         0
  0.21875         0         4      -3.5      -0.5       0.5
-0.171875         0         1      -1.5    -0.125         0
  -0.3125         1        -2        -2     -0.25      -0.5
        0       0.5        -4        -2         0        -1
  0.15625      -0.5         0         1       0.5         1
