5
2

                  nan
5.435001218887332e-09
7.607515621712772e-09
  0.05560274172642492
   0.8051173464786536

                   0 -0.01149913169821837   0.5685886805163092   -0.785216282433904   0.2449695331252222
 -0.5909483574355564   0.5894724562026652   0.3273183144907277   0.0933092261417573   -0.432964630816872
                  -0  -0.6360420138860137   0.6048247013578852   0.3428182510840329  -0.3348332180696141
 -0.7428426732478437  -0.3010152227126467 -0.07165179505077242   0.1330250067823508   0.5785714876606095
   0.314586715622601    0.396522868969324   0.4456711055038442   0.4893963346938211   0.5528772974588083

0.4881090243370194
0.5099927594105286
0.5242600941900847
0.5366096561815266
0.5543645865154183

-0.1346277170110418
 0.4703737447659175

 -1.292913720262288 -0.3380144962188261   0.231846159870093  -0.487792985366086  0.4051150838239656
  1.967175660739059   2.507593404628068  0.7649858091748487   -2.15152782558199  -1.214119481995528

-2.101863736650343e-17  1.239957998100243e-17   3.02956765465665e-18   0.003756577417181595    -0.2931106705006432
-6.115776831623004e-17  2.631843568999325e-17 -8.468791259538951e-17   -0.01007759191424322      0.149016997231236

cov:
 0.0658563919480674 0.08155006092443574 0.09104558371911667 0.09949194540887568   0.111413700041633
0.08155006092443574  0.1021990642627787  0.1146182623175113  0.1256665501534862  0.1415685243000935
0.09104558371911667  0.1146182623175113  0.1287658980247098  0.1413523485894061   0.159592679195469
0.09949194540887568  0.1256665501534862  0.1413523485894061  0.1553076344402714  0.1756291635039567
  0.111413700041633  0.1415685243000935   0.159592679195469  0.1756291635039567  0.1991766178124965

cov.inverse():
-7.705134768877274e+16  1.386284721259678e+17 -7.954749939171352e+16  6.897349849533881e+16 -5.251325127405316e+16
 1.081348625288121e+16 -4.473362037301054e+16  3.136523163513692e+16       9389147909197668      -7664390786861991
 1.215808950492613e+17 -1.718258961275476e+17    6.8757001075294e+16 -1.168849987834088e+17  1.020936189713216e+17
 2.491591031913648e+16 -6.367587201714192e+16  6.812899636024152e+16 -4.689101872392041e+16  1.807976684351139e+16
-8.397398752442392e+16  1.480758996310165e+17  -9.29637282736815e+16  8.974758291477624e+16  -6.29240345884977e+16

cov*(cov_.inverse()):
 2 -2 -2 -2 -1
 0  4  0  0 -1
 0  0 -2  0 -2
 2  0 -2  2  0
 0  4 -4  0  0
