5
2

0.0003031363063159055
0.0003941236128090161
0.0005288196326787955
   0.1105437662257662
   0.5802870443804162

-0.4542745925312784  0.7413937753072304 -0.4728436032676918 0.05319352885100179  0.1325112819854843
 0.2245358471489791 -0.2078004726935116  -0.525560721239969   0.754775165869407  -0.245973563965677
 0.4151976588708089  -0.174610830292628 -0.5338421121640816 -0.3376899308812952  0.6309517191309471
-0.6510417700011797 -0.4633597007084627  0.0775566323848511  0.2898846817661594  0.5209551242895569
 0.3833715765514721  0.4024463680888766  0.4573865140030506  0.4789752387482113  0.5024375111182897

0.3998202823798431
0.3998020170455501
0.3996970321885467
0.3996065486767383
0.3995150811347524

0.001042122225706812
  0.4001512468017935

  0.9706232010758865   0.6900812635669116    2.032032353417432    -0.70207343964748   -2.990806964474888
   1.620178151408781  -0.4646901129295363   0.1553359541175786 -0.02876642005496766  -0.2820021690615521

-1.216463505540388e-07 -1.223505520946733e-07 -6.857725731998739e-07    -0.0312301067388298   -0.08745467941125398
-1.096149771072885e-07  6.622878454731247e-08  1.405783691566553e-07   -0.01200836150722746     0.1177552471099173

cov:
0.05467048068352471 0.05563964739867107 0.05842872413673759 0.05952652763531934 0.06071711494849255
0.05563964739867107 0.05716203278353579 0.06154451379282922 0.06326788959696319 0.06513904485775292
0.05842872413673759 0.06154451379282922 0.07051901721285593 0.07404512554573051 0.07787764550962045
0.05952652763531934 0.06326788959696319 0.07404512554573051 0.07827938019055805 0.08288186322438935
0.06071711494849255 0.06513904485775292 0.07787764550962045 0.08288186322438935 0.08832259413190822

cov.inverse():
 3186796.956426285 -4224745.256384647  785241.7945676426  326682.8315809137 -73889.47639375366
-4224745.256456014  6368695.950554688 -2778561.885741211 -369703.6767766646   1004195.58736872
 785241.7947135061 -2778561.885916313  5230382.877041505 -2182809.411029263   -1054082.9606316
  326682.831605021 -369703.6768026269 -2182809.411035347  4106076.733013785 -1880383.257875357
-73889.47649236095  1004195.587498422 -1054082.960654758 -1880383.257883296  2004177.790455331

cov*(cov_.inverse()):
    0.9999999999845386                      0                      0 -1.455191522836685e-11  4.365574568510056e-11
-1.728039933368564e-11     0.9999999999490683                      0  4.365574568510056e-11                      0
-9.094947017729282e-12 -7.275957614183426e-11                      1                      0   2.91038304567337e-11
-3.728928277269006e-11  1.455191522836685e-11                      0      1.000000000029104   2.91038304567337e-11
 8.185452315956354e-12 -4.365574568510056e-11 -1.455191522836685e-11                      0      1.000000000029104
