5
2

0.0001698151956469856
0.0004432000443283461
 0.001605553012899948
  0.09124889395419626
   0.6998813323737179

 -0.3852356456292665   0.7914965388223757  -0.4718798907884205  0.04525954653821038  0.02019080200155168
 -0.5065107077697116    0.226592503467145   0.7588332118066015   -0.268438422402174  -0.2102753202937231
  0.1867620596741435   0.1011036006568676 -0.03626456942399859  -0.8038640769142231   0.5544235040578857
 -0.6377491310618834  -0.3732548050662294 -0.05557487441881676   0.2399295351419797   0.6271380612151289
   0.391709559683336   0.4155093005383631   0.4439570245717606   0.4713053689899843   0.5046672681216918

0.3582384789982081
0.3498389340645672
0.3397485262377488
0.3299000682491751
0.3182825203551744

0.09876823898661791
 0.3782091686986641

  -4.778717938010518    18.27044439115376   -12.94877523899033  -0.4635302028009541 -0.04360988377008418
   19.03562203217295   -58.81850180769846    51.08465271617225     4.24863224852756   -14.65382181715072

 6.456745243708064e-07 -6.151960608795507e-07  4.569778270778135e-06   -0.02656812951696403    -0.1320114114797336
-2.252105849152619e-06  3.483815324620256e-06 -4.068784640278596e-05   -0.00995235888772803     0.1485617008434014

cov:
0.07854501175341498 0.08170690391413227 0.08547821651437001 0.08915617512191436 0.09350193098249046
0.08170690391413227 0.08572890522860817 0.09053154182303802 0.09517914635700936  0.1007662798631226
0.08547821651437001 0.09053154182303802 0.09657103886526658  0.1023815227649601  0.1094572810892607
0.08915617512191436 0.09517914635700936  0.1023815227649601  0.1092871845233558  0.1177598813250722
0.09350193098249046  0.1007662798631226  0.1094572810892607  0.1177598813250722  0.1280309027463862

cov.inverse():
 6466039.895900991 -11150532.36686831  4344462.079450858  29323.83457963938  312614.1413936361
-11150532.36689641  21989631.35915774 -12077766.50852174  901039.1963832944  333327.1426408065
 4344462.079499859 -12077766.50859799  10653677.51015336 -1766330.913534582 -1150531.983539576
 29323.83456587303  901039.1964258208 -1766330.913571387  688570.4233810436  146180.3718497037
 312614.1413865198    333327.14264636  -1150531.98352995   146180.371841655  358528.7339594184

cov*(cov_.inverse()):
    0.9999999999599822 -3.637978807091713e-11  4.365574568510056e-11  7.275957614183426e-12 -7.275957614183426e-12
  2.91038304567337e-11     0.9999999999054126                      0 -1.637090463191271e-11 -7.275957614183426e-12
-4.365574568510056e-11 -1.164153218269348e-10     0.9999999999272404  1.637090463191271e-11                      0
 7.275957614183426e-11 -2.619344741106033e-10                      0      0.999999999992724                      0
-3.637978807091713e-11  5.820766091346741e-11 -1.164153218269348e-10 -7.275957614183426e-12      0.999999999992724
