5
2

0.0001124563999371833
0.0002431616435795073
0.0005590531123257347
  0.07197349163548182
   0.5896202197478422

 -0.03285586914900746    0.5544423067090896   -0.7915679064829484    0.2543432283631261   0.01562024345495414
 -0.09683505932197847    0.4635296612077094   0.07818139979488557   -0.8015418458852475    0.3566252409571671
   0.4795402407516254   -0.5074162215639548   -0.4078862687353188   -0.1365120026392736    0.5723313729879115
  -0.7762337854449242   -0.1717901346460315 0.0006179826328372802    0.2419743328254707    0.5562349326707879
   0.3962899582153062    0.4367503971879456    0.4482592196787026    0.4643846324651326    0.4854008082782176

0.4004974741514066
0.4000490131586624
0.3999765512284604
0.3997569065637422
0.3994725175148222

0.003433946087757867
  0.4011303470314424

  1.301971383032347   1.876006773279617   2.776184233282773  -2.544670753077311    -3.4097478046811
  1.440385065832276 -0.2520499456222699  0.2749166550506024 -0.1875170546196296  -0.275660001347701

-2.403657467090151e-08  1.054961605684266e-07 -9.576435993458201e-07   -0.01991036600947545   -0.08936230186238739
-5.775465947128602e-09 -1.080991666616244e-08   1.79495556224194e-07  -0.006595989814657964     0.1262239330077088

cov:
0.05771859747548016  0.0608622330210233 0.06175457385765739 0.06300573138790028 0.06463759822643819
 0.0608622330210233 0.06646790970649732  0.0680619139913454 0.07029550682454093 0.07320679883442582
0.06175457385765739  0.0680619139913454 0.06985597928309567 0.07236965835459409 0.07564570510728866
0.06300573138790028 0.07029550682454093 0.07236965835459409 0.07527558026584587 0.07906235175162654
0.06463759822643819 0.07320679883442582 0.07564570510728866 0.07906235175162654 0.08351450461718687

cov.inverse():
 979840.3525445644 -2978113.911399312  1302647.277716603  442427.3915426436  253424.6858954506
-2978113.911035949  28765368.45569348 -33428617.82140629  5088805.122276293  2551365.835026883
 1302647.276977832 -33428617.81708409  50181626.96908102  -16801567.8997138 -1253087.427059945
  442427.392007063  5088805.116174767 -16801567.89283239  16040762.31152776 -4770267.396776179
 253424.6858064503    2551365.8371694 -1253087.430357554 -4770267.395532151  3218388.872937606

cov*(cov_.inverse()):
     1.000000000020009 -2.328306436538696e-10 -1.309672370553017e-10 -1.746229827404022e-10  5.820766091346741e-11
 2.546585164964199e-11     0.9999999994761311  3.055902197957039e-10 -1.746229827404022e-10   2.91038304567337e-11
                     0   2.91038304567337e-11     0.9999999995925464                      0  5.820766091346741e-11
 4.365574568510056e-11 -3.201421350240707e-10                      0     0.9999999997089617                      0
 2.546585164964199e-11 -5.820766091346741e-11  2.182787284255028e-10 -5.820766091346741e-11                      1
