5
2

9.056269629685656e-05
0.0001985389355661526
0.0004694095826031787
  0.08345349225263632
   0.6260696771996725

-0.04017410465677376   0.4980748120844925  -0.7882943572936628   0.3579650351455501 -0.02757830223636402
 -0.2912432049815091   0.6799578322131199   0.1466778067133476  -0.6471624557420564   0.1118084024561943
  0.6717189853381138  -0.1640166451813256  -0.3762251926515681  -0.4967471309357859   0.3654983408459664
 -0.5519291882666435  -0.2911684484572184  -0.1658907707261157  0.03663491534365605   0.7627143901408958
  0.3971538905044043   0.4217799221223211   0.4336040634944729   0.4527051583271223   0.5209760457994214

0.3973236348545467
0.3961546151634017
0.3956582699974477
0.3947251786724968
0.3914671605289042

0.01497040743868016
 0.4004968148253109

  1.983834534949862  -2.602533304510284   1.376323073416701   2.887780291696252  -3.647432387691973
  2.533964621252561  -1.540791818140916  0.1154375456272592  0.2240287727167326 -0.3326285583945228

-1.088015009626774e-08 -1.743126674930374e-07 -3.362462141417412e-07   -0.02257632286046805    -0.1199177363610375
-7.142449729169546e-09 -7.690059941499581e-08  3.698576789972301e-07  -0.008458941422495748     0.1311824586668438

cov:
0.06394650221375919  0.0667775558569753 0.06813663663055247 0.07033160068340998 0.07816845116921127
 0.0667775558569753 0.07032006399223568 0.07202080259006621 0.07476793648875835 0.08458224728359659
0.06813663663055247 0.07202080259006621 0.07388568048937083 0.07689805365899549 0.08766222285602494
0.07033160068340998 0.07476793648875835 0.07689805365899549  0.0803391340323273 0.09263851789933927
0.07816845116921127 0.08458224728359659 0.08766222285602494 0.09263851789933927  0.1104366133150369

cov.inverse():
 4396444.352180462 -7963672.936038401  1630669.607401009   1513893.28535302  423131.0048000962
-7963672.936842775  42098982.29666634 -45062045.93896767  10945014.24814564 -18194.48041778188
 1630669.609240262 -45062045.94161905  76954850.08382851 -35965698.20464755  2442649.644092085
 1513893.284168385  10945014.25008007   -35965698.205166  27368674.11832694 -3863328.820330612
 423131.0049499351 -18194.48050521636  2442649.643798169 -3863328.820099088  1016233.566022955

cov*(cov_.inverse()):
     1.000000000145519  1.411990524502471e-10 -5.529727786779404e-10  3.492459654808044e-10  4.365574568510056e-11
 7.275957614183426e-11      1.000000000229875 -5.529727786779404e-10 -1.746229827404022e-10                      0
 5.093170329928398e-11  5.504716682480648e-10     0.9999999995343387  -2.91038304567337e-10   2.91038304567337e-11
-1.455191522836685e-11  2.526121534174308e-10 -6.693881005048752e-10     0.9999999999417923  1.455191522836685e-11
 5.820766091346741e-11  2.526121534174308e-10 -2.328306436538696e-10  2.328306436538696e-10      1.000000000014552
