5
2

0.0001192513840549708
0.0001931286832429681
0.0004983348568758562
  0.05778559636219097
   0.5480661478534261

-0.002753841527938338   0.07944319065696882   -0.5557574222553735    0.7734156198058962   -0.2943521062662933
  -0.2194457123953617    0.6870923674255934   -0.5126290028920758   -0.3061016186467483    0.3510854061229295
   0.5849905224000155   -0.4546281664721395   -0.4744433540959963   -0.1167531933494173    0.4608378397540641
  -0.6563313838001645   -0.3555025668468743   0.04019413613440957    0.2904241781168104    0.5973987510782302
    0.422908026655028    0.4341935205633525    0.4490357760540782    0.4584240032000841    0.4699352006448047

0.3994116538313078
0.3996036346345156
0.3996212035862652
0.3996316600948689
0.3996454607345534

-0.000279684021928717
   0.3995689388763955

-2.223014339835407  2.951083956153364  5.510592006314306  6.799267969375991  -13.0381953510553
 1.141057226535239 0.1066827280269634 0.4122371388841494 0.5317698876720293 -1.191801208463486

 8.922889476811331e-08 -2.599039028771626e-07 -2.994674168830533e-06   -0.01730667820508353   -0.05842185526010708
 7.655354058883274e-09 -3.616568751777536e-08 -4.666001012857084e-08  -0.004433789675530828     0.1194594867454444

cov:
0.05516120382782966 0.05593536203102963 0.05695359391386449 0.05759784044609401 0.05838743809234937
0.05593536203102963 0.05705026464792671 0.05851625935367016 0.05944360830952762 0.06058046171587036
0.05695359391386449 0.05851625935367016  0.0605713185746407 0.06187112882831884 0.06346488528246028
0.05759784044609401 0.05944360830952762 0.06187112882831884 0.06340655509564325 0.06528930561374142
0.05838743809234937 0.06058046171587036 0.06346488528246028 0.06528930561374142 0.06752663528099756

cov.inverse():
  2669783.88984703 -5128734.634391944  2006040.164094786  1376086.340386929 -923155.1324015008
-5128734.634381413  13933291.20529306 -11679435.11676936 -1104511.284045198  3979396.352684581
 2006040.164088012 -11679435.11828238  29671123.13559822 -25795266.14068139   5797691.72519486
 1376086.340366494 -1104511.281255743 -25795266.14540584  44629902.18951028 -19106476.48981404
  -923155.13238481  3979396.351418641  5797691.728399551 -19106476.49176946   10252646.7425535

cov*(cov_.inverse()):
     1.000000000029104 -1.164153218269348e-10  1.164153218269348e-10  2.328306436538696e-10 -2.328306436538696e-10
  2.91038304567337e-11     0.9999999999417923 -5.820766091346741e-11  4.656612873077393e-10                      0
 3.637978807091713e-11                      0     0.9999999999417923  6.984919309616089e-10 -1.164153218269348e-10
 2.182787284255028e-11  -2.91038304567337e-11  -2.91038304567337e-10      1.000000000465661 -2.328306436538696e-10
 1.455191522836685e-11                      0                      0                      0                      1
