5
2

                  nan
                  nan
2.172801393817087e-09
  0.06359636814260232
   0.8180053139828265

  0.6639485945480311   -0.701238926564839  -0.1577334185564105 0.001849537346927578    0.206283735544023
                  -0   -0.317367021453414   0.5543825312594031   0.3978614476954663  -0.6585168571615101
                   0  -0.1021686963292067   0.6567905714835599  -0.7294689868492681     0.16143946210822
 -0.6808477573233246    -0.52672063995702  0.06502424307274686   0.2315765572620232   0.4485040074854977
   0.309222565711969   0.3459321703710682   0.4818487010753896    0.505915153954733    0.544595285168526

0.4881090155451763
0.4958065933240181
0.5366760460340623
0.5424415251588289
 0.554469271136164

-0.1346277170110418
 0.4703737447659175

 1.772887898677307 -4.133527209839338  3.862052733725879 -5.719850243315333  2.699516828893973
-5.422002632152321  10.96079193875378 -4.672956637412215  4.239138337225701 -3.275016006372018

-2.418933699919679e-16  2.058236817461131e-17  3.572496099755529e-17   0.004479019868124861    -0.2973577380809521
 6.761476701896821e-16  7.629736160823288e-17 -3.687171564115706e-17   -0.01161881242213822     0.1502289495316011

cov:
0.06585637004263924 0.07302757051770134  0.0995207056230597  0.1040416847179254  0.1114476761851533
0.07302757051770134 0.08119656864648594  0.1113971767186771  0.1166131376420422  0.1251044776265254
 0.0995207056230597  0.1113971767186771  0.1553751055517916  0.1631784302640319  0.1757067558349779
 0.1040416847179254  0.1166131376420422  0.1631784302640319  0.1714815057754134  0.1847788494378344
 0.1114476761851533  0.1251044776265254  0.1757067558349779  0.1847788494378344  0.1992676417287418

cov.inverse():
 9.931721944289448e+17 -1.088778850048978e+18 -6.407591354783811e+17  9.031809349704564e+17 -1.444220878836994e+17
-1.131421119791303e+18  1.242986993977965e+18  7.316706312399918e+17 -1.043608612193876e+18  1.749824576461939e+17
 -6.70460702525932e+17  7.424872412361316e+17  3.962506295180275e+17 -5.774446954895393e+17  9.488977981117104e+16
 1.143434178093052e+18  -1.27855062801148e+18  -6.80146086161097e+17  1.046469990848584e+18 -2.074593336432558e+17
-3.142450088269002e+17   3.59454867350452e+17  1.803029476142748e+17 -3.111488264018993e+17  7.962024638017043e+16

cov*(cov_.inverse()):
 -4  16   4 -16   4
 32   0   0 -24   0
  0  -8  12 -24   6
  8  -8  -4 -56   0
  0 -32   4 -24  -2
