5
2

 0.000149693142106008
0.0003517156921384632
0.0006147957882633022
   0.1132091565233779
   0.5706956521378183

  -0.2459058932384847    0.7409109296297417   -0.6120701313422278    0.1259844984642703 -0.008907664743855103
  -0.5636714618491208    0.3516594096126286    0.5503587240812462   -0.4841960339935439    0.1458410717882912
   0.3601176218152912  -0.03246081312412644   -0.3210139521820615   -0.6222469021532955    0.6156463508659004
  -0.5810037708299219   -0.3968109698563442   -0.1817175833041804    0.3581968114825394     0.586216202987353
   0.3931344445694988    0.4109428230290405    0.4317455171381769    0.4839276224974122    0.5059458165743093

0.4006495018822464
0.4007758956266479
 0.400887309109194
0.4011202039157232
0.4012639152866895

-0.0008949171693521664
    0.4007245182668771

-0.008842567010469898   -0.1174381760335306     4.632009327582975    -4.054261981662382   -0.4515711359967335
    1.414142075203183   -0.2880889853920134     0.271146348786963   -0.3652753935654131  -0.03183562640234808

-7.678568834921309e-08  5.455532199561505e-07  2.866674678688216e-07    -0.0321294877220054   -0.07892443951320083
 -1.73189517172015e-08 -7.137358154076749e-08  2.416233126093546e-07   -0.01161260638973066     0.1178203253485391

cov:
0.05466389595548866 0.05557242228041189 0.05663432598571743 0.05929544122498756 0.06041689891361657
0.05557242228041189 0.05701924112816825  0.0587096024544958  0.0629478827457636 0.06473521138528049
0.05663432598571743  0.0587096024544958  0.0611339345478018 0.06721413372921164 0.06977910887804729
0.05929544122498756  0.0629478827457636 0.06721413372921164 0.07791741829527164 0.08243420558640177
0.06041689891361657 0.06473521138528049 0.06977910887804729 0.08243420558640177 0.08777587464884025

cov.inverse():
 5610139.245926687 -9764045.927639239  3903246.327403586   230875.232443551  19746.82180027979
-9764045.926859915  25500343.09239212 -18645695.91853132  2842596.910703436  67172.24705961507
  3903246.32633319 -18645695.91718552   19439734.9684311 -5066953.106659142    369280.27421868
 230875.2326887912  2842596.910160117 -5066953.106336396  3627935.508112037 -1634428.447158511
 19746.82184614069  67172.24703641556  369280.2741713467 -1634428.447133838  1178277.188722642

cov*(cov_.inverse()):
     1.000000000019099   8.36735125631094e-11  1.382431946694851e-10 -7.275957614183426e-11                      0
 3.183231456205249e-12      1.000000000175532 -2.983142621815205e-10                      0                      0
-4.388311936054379e-11  2.110027708113194e-10     0.9999999999199645 -4.365574568510056e-11                      0
 -1.20508047984913e-11  -1.14596332423389e-10 -1.782609615474939e-10     0.9999999999708962                      0
 5.343281372915953e-11 -1.546140993013978e-11  6.184563972055912e-11                      0                      1
