5
2

0.0001208220024510518
0.0001631915871650674
0.0002896621812764705
  0.05006963547020724
   0.5660770977962073

 -0.1567715042741586   0.5954190705399919  -0.7210608002719021   0.3159809507609971 -0.03355870903849424
 -0.4968776170147206    0.573831378414373    0.338703565589675  -0.5415400472126348   0.1258747583060705
  0.4394255033652359 -0.04002755917496012  -0.4027996096430943  -0.5653334524274297   0.5687297983546828
 -0.5965206947558801  -0.3560533916900773 -0.07344909759422541   0.2774113536748559   0.6595735091017777
  0.4237966692619957   0.4333791138908754   0.4446447137907413   0.4586190624471261   0.4738549997875588

0.4004878053616592
0.4004873469566486
0.4004863714301896
0.4004873008797352
0.4004864923953239

-2.330453085620514e-05
    0.4004892895829671

-0.2738017592028266   3.957882321945009   5.610992485133636  -5.196191051628175  -4.099107326597024
  3.006496026126268 -0.4271783779554947 -0.8336814634992145  -0.476638410007501 -0.2690807665588503

-4.599349535162876e-08  1.759179988777246e-07 -1.621489615597325e-07   -0.01454832954419705   -0.07412793971876243
-3.884905769026568e-09 -4.785976467079798e-08  1.502272356565292e-07  -0.004737691660189231     0.1192754082016194

cov:
0.05844486730488271 0.05938654762232674 0.06049381732323235 0.06186687895699849 0.06336448795854573
0.05938654762232674 0.06050267441315463 0.06181489631956719 0.06344237492629454  0.0652171215610686
0.06049381732323235 0.06181489631956719 0.06336804419581385 0.06529453815638507 0.06739500858477764
0.06186687895699849 0.06344237492629454 0.06529453815638507 0.06759226307873481 0.07009707174767689
0.06336448795854573  0.0652171215610686 0.06739500858477764 0.07009707174767689 0.07304252518653986

cov.inverse():
   13255631.475781 -17310188.94704436 -685232.4947065613  3749539.935961235  990298.1248409355
 -17310188.9472295  36669403.34056618 -21920260.62668525  1489224.721982074   1072035.56564017
-685232.4957205699 -21920260.62314797  41857951.32031763 -19781163.31172478  528190.1628672073
 3749539.938398315  1489224.714588567  -19781163.3056571  21660731.42030286 -7117946.701137397
 990298.1236030263  1072035.569311147  528190.1593228796 -7117946.700026096  4527308.328831955

cov*(cov_.inverse()):
     1.000000000167347 -7.275957614183426e-11  1.746229827404022e-10                      0 -5.820766091346741e-11
-8.731149137020111e-11      1.000000000232831  3.055902197957039e-10                      0 -5.820766091346741e-11
-1.455191522836685e-11  3.346940502524376e-10     0.9999999998763087  5.820766091346741e-11                      0
  2.91038304567337e-11 -2.037268131971359e-10  2.328306436538696e-10     0.9999999997671694                      0
-1.455191522836685e-11  4.365574568510056e-11 -3.637978807091713e-11 -5.820766091346741e-11                      1
