7
2

9.011870412375752e-05
0.0001622248701560032
0.0002361933136660225
 0.000353509770272328
0.0007840189948460687
   0.1080859894942288
   0.7311330056025447

-0.00642801529815837  0.05409338040998242  -0.4982724890484151    0.778611687584828  -0.3759554067996525  0.02775280049298342  0.02020563267642637
-0.07028302237055588   0.2965059493116403  -0.5528241840800698 -0.02799720516664883   0.6934049637323743    -0.34623822044522 0.007399173099421934
  0.2331599128568687  -0.6521240931381724   0.2449748090791635    0.340903988638542   0.2506378765320311  -0.5203477109392577    0.102768429977508
 -0.3056977494799555   0.4672605104198623   0.3177932390610187  0.04377632333214058  -0.2831649393154815  -0.6079712184986489   0.3680980938654974
  0.6406554313745595  -0.0252635673110369   -0.348373994662985  -0.3603419745097503  -0.2813876402866857  -0.1192769444937178    0.494272797220421
  -0.577227211233598  -0.3854202009491807  -0.1815040199141596 -0.08354778965852212  0.07465586593750811   0.2468929138060212   0.6417214845269291
   0.321828655105499   0.3411347704889131   0.3616581243038648   0.3715124880197226   0.3874181951514372   0.4046912818308306   0.4442604708530689

0.3981196432288692
0.3970563467614298
0.3958837773216735
0.3953879761542294
0.3944504155330867
0.3934539980723584
 0.391183807864158

0.01498283498038226
 0.4002315013173475

  0.3611368002947133    1.207539943357399   -3.415241698165184    2.609575757602467    2.948629973280459   0.2493676265695473   -3.963156012759533
   1.395402953448502 -0.03248166346206735  -0.8496249929911602   0.6095460688735616   0.2252955521656416  0.01792624236216481   -0.366063498409309

 2.123623234432477e-08  1.072824130230116e-07 -2.500963372960572e-08 -3.702402758140786e-07 -1.455596129060816e-06   -0.02959846417059007    -0.1362612054612201
 6.461513662865481e-09    1.2953952143863e-08  1.984431817526263e-08 -1.117864174982638e-07  4.454421971291586e-07   -0.01055318694210561     0.1545351087502331

cov:
0.05925868010332394 0.06128625759488597 0.06344178049224186 0.06447651636312293 0.06614605315550019 0.06795622020973754 0.07210120011455254
0.06128625759488597 0.06394327372859779 0.06676760214849439 0.06812351672196101 0.07031165328537758  0.0726859613195527  0.0781238507727586
0.06344178049224186 0.06676760214849439  0.0703030058169779 0.07200038410861048 0.07473987849717319 0.07771395874174378 0.08452642709520962
0.06447651636312293 0.06812351672196101 0.07200038410861048 0.07386180205497371 0.07686613647763278 0.08012830677142539 0.08760101865912681
0.06614605315550019 0.07031165328537758 0.07473987849717319 0.07686613647763278 0.08029814734180511 0.08402551642464007 0.09256439104536023
0.06795622020973754  0.0726859613195527 0.07771395874174378 0.08012830677142539 0.08402551642464007 0.08825903827710314 0.09795772047757868
0.07210120011455254  0.0781238507727586 0.08452642709520962 0.08760101865912681 0.09256439104536023 0.09795772047757868   0.110314935564088

cov.inverse():
 2582812.059056164 -4729510.371509064  1754168.773928786   400647.955733204 -107347.8421419997  90829.17245764648  8449.393383729295
-4729510.371238957   13072083.0378862 -11208402.56495732  1064098.269542546   1331306.27178046  98150.36040438876  372623.1534580555
 1754168.771140501 -11208402.55710708  44264783.86454073 -45369641.09718705  9040101.212820599  1807080.557099557  -287905.807247116
 400647.9593378194  1064098.258164021 -45369641.08376294  76986482.57849757 -35183855.65620472 -293724.4433226149  2396461.180274494
-107347.8425669964  1331306.273854952  9040101.202802038 -35183855.64471256  37570249.92631868 -11313106.99737683 -1339019.570890763
 90829.17155755106  98150.36279251352  1807080.558643546  -293724.450311274 -11313106.99307084   12484498.6713309 -2873540.636154076
 8449.393622363728  372623.1527938898 -287905.8071346772  2396461.181421048 -1339019.572073624 -2873540.635804651  1723386.432141297

cov*(cov_.inverse()):
     1.000000000008299 -6.184563972055912e-11 -5.456968210637569e-11 -9.313225746154785e-10  7.275957614183426e-11  2.037268131971359e-10                      0
 -6.45741238258779e-11      1.000000000123691  -5.20230969414115e-10 -6.111804395914078e-10 -1.309672370553017e-10  -2.91038304567337e-11   2.91038304567337e-11
 1.591615728102624e-12  2.182787284255028e-11     0.9999999998035491 -2.619344741106033e-10   2.91038304567337e-10   2.91038304567337e-11                      0
-1.887201506178826e-11  4.365574568510056e-11 -1.346052158623934e-10      1.000000000058208  1.746229827404022e-10  8.731149137020111e-11                      0
-2.216893335571513e-11  2.182787284255028e-11 -4.147295840084553e-10 -6.984919309616089e-10      1.000000000160071                      0                      0
 -2.91038304567337e-11  1.164153218269348e-10 -2.401066012680531e-10 -1.193257048726082e-09  1.105945557355881e-09     0.9999999997671694                      0
-1.159605744760484e-11  -2.91038304567337e-11 -3.055902197957039e-10 -3.492459654808044e-10                      0                      0                      1
