6
2

0.0001816761034866786
0.0003236281084591689
0.0004010985811439511
0.0005858864446249736
   0.1130859234248708
   0.6302246554029937

  -0.2539901171337649    0.7215346961578317   -0.6281679687737165    0.1392150250631759   0.02903911921579906 -0.007590256737040869
  -0.2627338081717031    0.3448475630300605    0.3382222545869192   -0.7875015913862108    0.2546521144591833    0.1124737968756149
  -0.2475242810032276    0.1939771253436287    0.3049593060518874     0.105906005634842   -0.7840753027698948    0.4267484790440139
   0.5638719811696086   -0.1067881245269662   -0.4520345588104001    -0.398532924236337   -0.1423896771574016    0.5359161605061055
  -0.6010329899263041   -0.4160969466346553   -0.2007886550903344    0.1162998796633776    0.3254277627438465    0.5530621133601524
   0.3549639849730031    0.3718875405514497    0.3916110376244483    0.4205831482848972    0.4397236641545245    0.4605365743637153

0.4001538833509567
0.4001594366651605
0.4001268804717217
0.4001150087260536
 0.400051422816479
0.3999873299771432

0.0007531717027800556
   0.4004472973647754

  0.2925291534441858    1.989645702460372   -0.349705371918498    1.516329024154024  -0.6462700115894002   -2.802605541467038
    1.49949440654143  -0.1563747426959525  -0.2127500642228539    0.150285316694372 -0.01486353266229976   -0.265692989476929

 5.923207268340652e-08 -1.238929083850696e-07 -5.177171694938123e-08 -6.534658869501444e-07   -0.03219446066666128   -0.09148194031540266
-1.114080797811938e-08 -7.036825892354917e-08 -8.883610019302606e-08  2.602708165502919e-07   -0.01186464545514067     0.1291272908043346

cov:
0.05466467427506501 0.05562901373022752 0.05675476826595392 0.05840223763236261 0.05949342142912457 0.06067817331173657
0.05562901373022752 0.05714474624163988 0.05891233360736862 0.06150440025148345 0.06321877841026284 0.06508171365879968
0.05675476826595392 0.05891233360736862 0.06142737623598639  0.0651194512094854 0.06755955508842199 0.07021225906135506
0.05840223763236261 0.06150440025148345  0.0651194512094854 0.07043088861205979  0.0739391812126159 0.07775444541234509
0.05949342142912457 0.06321877841026284 0.06755955508842199  0.0739391812126159 0.07815254471702274 0.08273469463574579
0.06067817331173657 0.06508171365879968 0.07021225906135506 0.07775444541234509 0.08273469463574579 0.08815195415726107

cov.inverse():
 3920715.676990985 -6891284.438392738  2773704.841142388  86588.49294455367  110162.9523455517 -3.245874540541038
-6891284.438586738   17175716.5879943 -12110163.54452867  702091.0935288394   572178.814787099  552201.9340915434
 2773704.841522172 -12110163.54508428  14220748.35215374 -4467031.985554317 -1029080.702594535  610857.2253518527
 86588.49295566021  702091.0933599543 -4467031.985257311  7040817.191441129 -2143072.302755586 -1218978.303376811
 110162.9518924491  572178.8159675836 -1029080.703604391 -2143072.302434669  4525100.509268609  -2035328.60711557
-3.245618340134546  552201.9334415646  610857.2258888908 -1218978.303558483 -2035328.607077192  2091236.179000997

cov*(cov_.inverse()):
    0.9999999999752717 -1.455191522836685e-11 -7.275957614183426e-12  1.164153218269348e-10                      0  -2.91038304567337e-11
 2.791208930652544e-11     0.9999999998908606   2.91038304567337e-11   2.91038304567337e-11 -5.820766091346741e-11                      0
 7.945949453969092e-12 -5.093170329928398e-11     0.9999999999490683  8.731149137020111e-11                      0  -2.91038304567337e-11
-2.831440637507399e-11 -7.275957614183426e-12  8.731149137020111e-11      1.000000000029104   2.91038304567337e-11                      0
  -4.4527437292885e-11  4.365574568510056e-11  -1.01863406598568e-10  1.164153218269348e-10                      1  -2.91038304567337e-11
-2.015959621459729e-11 -5.093170329928398e-11 -5.820766091346741e-11   2.91038304567337e-11                      0                      1
