6
2

0.0001123573879672825
0.0002072229079780807
0.0003259365506123457
0.0006167719889973426
  0.07959342711393698
   0.6036682372452201

-0.01376462192467187   0.1436101055485363  -0.6284130347632285   0.7321991466189443    -0.21898231796959 -0.01465894315541282
  0.1409567887153724  -0.5388899055952007   0.4819393351392245   0.3563594017418352  -0.5618815188727441    0.121492658822121
 -0.2942321126155386   0.5812970472482489  0.09442830968009026  -0.2070495750972398   -0.591481879403264   0.4169941976656998
  0.5891793381803982  -0.2356705897938255  -0.4386188873116485  -0.3395353535420095  -0.1035254787128361   0.5281465433129431
 -0.6373848426458576  -0.3806411663112308 -0.09183087786322777  0.08750758051635345   0.3076330138172561   0.5814845715126904
  0.3741356072746105   0.3881226941417598   0.4038507037019415   0.4136194228756916   0.4255931079922433   0.4405421775838613

0.3824812512275038
0.3805399906037568
0.3784214698065447
0.3770304061481228
0.3753232950154768
0.3731869688258214

0.02838877375602374
 0.3863635022153866

 0.8626961495433912  -2.386606079018517   5.927247811724855   4.803328445348833  -5.337791566952317  -3.869038147424522
  1.552599112946453 -0.6485981934106647  0.5003934021722953  0.4452488591223197 -0.4787815479429196  -0.370929406151468

 8.372556709342079e-09  3.652225961409736e-07  -5.65323965576199e-08 -1.769195788168999e-06   -0.02316923717433747   -0.07261314118033489
 9.244726424661692e-11  5.119266493670386e-08 -7.970517124487152e-08  2.094586027155515e-07  -0.007049002523621515     0.1268961859391416

cov:
0.05358377289398757 0.05445385981323374 0.05543201592651425 0.05603976937485509  0.0567834844832592 0.05771597938203064
0.05445385981323374 0.05581319453755626 0.05734125513130665 0.05829044211249607 0.05945313760249082 0.06090712524773813
0.05543201592651425 0.05734125513130665 0.05948797496328609  0.0608212667021111 0.06245531200278595 0.06449595910199177
0.05603976937485509 0.05829044211249607  0.0608212667021111 0.06239312297591561 0.06431989387569646 0.06672487990784612
 0.0567834844832592 0.05945313760249082 0.06245531200278595 0.06431989387569646 0.06660596444419366 0.06945805666529423
0.05771597938203064 0.06090712524773813 0.06449595910199177 0.06672487990784612 0.06945805666529423 0.07286696669139112

cov.inverse():
 2205214.573495804 -3900469.161584057  1326308.575300146  418990.2425599924 -127813.4107741045  77803.41397074053
-3900469.161667039  11723228.62664639 -12408334.11298745  2934640.204515759    1387837.8611752  263063.1926462706
 1326308.575506908  -12408334.1132974  37280043.15220914 -32240838.23341316  4188118.740036042  1854915.879093438
 418990.2425109371  2934640.204351297 -32240838.23259786  46131280.73512468 -16118633.42023896  -1126084.47860507
-127813.4109024616  1387837.861864658  4188118.738396562 -16118633.41903042  14472045.96433706 -3800835.896146167
 77803.41402434984  263063.1923483163  1854915.879814312 -1126084.479211747 -3800835.896016011  2730867.414297331

cov*(cov_.inverse()):
     1.000000000047294 -1.218722900375724e-10 -8.731149137020111e-11 -2.182787284255028e-11 -5.820766091346741e-11                      0
 8.185452315956354e-12     0.9999999999108695 -3.637978807091713e-10 -4.365574568510056e-11 -8.731149137020111e-11   2.91038304567337e-11
 4.001776687800884e-11  1.818989403545856e-11      0.999999999650754  1.164153218269348e-10 -1.746229827404022e-10                      0
 2.637534635141492e-11  6.912159733474255e-11 -1.600710675120354e-10                      1 -5.820766091346741e-11                      0
 3.728928277269006e-11 -4.365574568510056e-11 -8.585629984736443e-10  5.820766091346741e-10     0.9999999997089617   2.91038304567337e-11
 2.455635694786906e-11  1.818989403545856e-11   2.91038304567337e-11  5.820766091346741e-11 -5.820766091346741e-11      1.000000000029104
