5
2

0.0001199925971167529
0.0001597103681844931
0.0004895510088070435
  0.05530051707510015
   0.5494090302712473

-0.006145360542302523     0.201767033074028   -0.6486162568617299    0.6933720430555833    -0.240383984807462
 -0.08223614494925989    0.6525517826431023   -0.4485285718828257   -0.4844577555303638    0.3626791843274565
   0.5385519792249326   -0.5397569968219047   -0.4215884967536264  -0.06382598043880697    0.4866349079964872
  -0.7252887537042466   -0.2215369782829899  0.003047884169228742    0.2670332947247666     0.594610394219534
   0.4208532290843664    0.4393745406471048    0.4476303400648132    0.4573350596060504    0.4693658429295827

0.4002264566866293
0.4004081766189501
0.4004113255323755
0.4004132860414589
0.4004160242889178

-8.30789606366667e-05
   0.4004031869002968

-0.7988184850853519   2.599863748958142   3.884374516697774   6.270230166286423  -11.95607324154955
  1.263477898361388 0.04684167755553717  0.2940752903373859   0.435233561884855  -1.039681617613733

 7.532658321548083e-08 -1.875787794222574e-07 -2.322200289789461e-06   -0.01657392831244813   -0.06015387764921762
 5.221460401994092e-09 -2.023148279858382e-08 -6.082424785739132e-10  -0.004366577943720825     0.1192348895906082

cov:
0.05507173841658901 0.05630710484171431 0.05685775704592128 0.05750510884784701  0.0583069257115214
0.05630710484171431 0.05842236406418756 0.05936510149419179 0.06047330195429824 0.06184689764531087
0.05685775704592128 0.05936510149419179 0.06048270511684717 0.06179639335822156 0.06342495757184748
0.05750510884784701 0.06047330195429824 0.06179639335822156 0.06335168404429116 0.06527997431731883
 0.0583069257115214 0.06184689764531087 0.06342495757184748 0.06527997431731883 0.06758021765626611

cov.inverse():
 1478131.908362635 -3402811.956472746  775527.4895183417  1122467.263902231  26717.92412084125
 -3402811.95647348  20737200.29719359 -19614415.37561304 -2533626.524884663  4813753.913152261
 775527.4897097312 -19614415.37736257   37847754.6989146 -22604163.98436111  3595417.909389991
  1122467.26355845 -2533626.521728386  -22604163.9879484  42608809.45966485 -18593969.71634891
 26717.92427396218  4813753.911744736  3595417.911419214 -18593969.71712373  10158328.50824156

cov*(cov_.inverse()):
     1.000000000003411 -5.820766091346741e-11  3.783497959375381e-10 -2.328306436538696e-10  1.164153218269348e-10
 1.455191522836685e-11                      1  2.328306436538696e-10 -4.656612873077393e-10  1.164153218269348e-10
-1.500666257925332e-11 -1.164153218269348e-10      1.000000000058208                      0                      0
 7.275957614183426e-12                      0  -2.91038304567337e-11      1.000000000232831                      0
 6.821210263296962e-12 -5.820766091346741e-11  -2.91038304567337e-11                      0                      1
