7
2

 9.08728182170624e-05
0.0001745707038780348
0.0003143623555521705
0.0004532643168700179
0.0007872860584229289
   0.1043857178590231
   0.7542058837456623

 -0.01294943285543036    0.4555332754781541   -0.7923986445019178    0.4040173544769551  -0.02942319947088745 -0.008989433426043017   -0.0157980382771977
 -0.04393008127859737    0.4672895495700031   -0.1284362210192019   -0.7480627819930777     0.447830882146058   0.04173053813946713  -0.03637168309931611
   0.1120344119256005   -0.4621796651683702   -0.1859846889726867    0.2021760770833652    0.7738817974365828   -0.1834172565717027   -0.2565888745840051
 -0.04965864801885827    0.1415683752629683    0.1030859959115741   0.04809808911730596   0.07671058426265238   -0.8335376329001983    0.5136952071741983
    0.636555054759685   -0.3602679523431497   -0.3760229529361304   -0.3017961760097762   -0.1464850896361666   0.09985698908102796    0.4484430532758799
   -0.694694912097195   -0.2977633150559061   -0.1994722357046863  -0.04078410625418981    0.1320281187859655    0.3014532972164245    0.5281836391070759
   0.3083527375185238    0.3493168686829417    0.3594566236483185    0.3758180197643371    0.3935923278618492    0.4109809826903569    0.4343129949348732

0.3977084501478838
0.3954205036382155
0.3949120939701085
0.3939537465077242
0.3929344403427024
0.3919507421300066
0.3906109534163972

0.01530395326527983
 0.3998636405487223

  0.7801307445847319   -2.460624632412102    2.592709163968622    3.087535654598504   0.2487786436538312  -0.5432098504125615   -3.707457587015272
   1.390311454315065   -0.886605518763797    0.604043637130438   0.2247101796920775  0.03293038390240503 0.007456574613052394   -0.372849843899173

-1.554053377971676e-08  -1.09806504265673e-07  2.579422339382709e-07 -2.884381813098889e-07 -1.411275021101394e-06   -0.02769303651912094    -0.1491422075442135
-6.646628846753607e-09  -2.11019636695696e-08  6.111332178137893e-08 -6.506557842475412e-08  4.575464526622389e-07   -0.01113431004823282     0.1562394793038926

cov:
  0.059343683668227 0.06352372109477618 0.06455819440554159 0.06622679032027123 0.06803632622030963 0.06980388828861243 0.07218015671899544
0.06352372109477618 0.07037572483071969 0.07207156831434558 0.07480767865373049 0.07777870503720478 0.08068409235724081 0.08458450696262045
0.06455819440554159 0.07207156831434558 0.07393119855201589 0.07693164439289647 0.08019027015320498  0.0833773941169851 0.08765519963631858
0.06622679032027123 0.07480767865373049 0.07693164439289647  0.0803587966032013 0.08408166019667597  0.0877235670449938 0.09261056355608151
0.06803632622030963 0.07777870503720478 0.08019027015320498 0.08408166019667597 0.08830973359179936 0.09244643004329123 0.09799629876461594
0.06980388828861243 0.08068409235724081  0.0833773941169851  0.0877235670449938 0.09244643004329123  0.0970682026821677  0.1032672320897958
0.07218015671899544 0.08458450696262045 0.08765519963631858 0.09261056355608151 0.09799629876461594  0.1032672320897958  0.1103365160657575

cov.inverse():
 876433.4763909335 -2316099.931755065  805801.9948284713   352426.308587441  108928.3277510868   50012.3049353768  122667.6949839871
-2316099.931774334  34762535.12129714 -44521482.26363555  10079575.10743183  1762460.468398685  369381.8986127847 -135864.3769538023
 805801.9947298705 -44521482.26342222  77207195.09977232 -35788776.96830492 -393100.0285749563  553091.4386047147  2137801.253088204
 352426.3086668312  10079575.10995148 -35788776.97286777  38700994.74773211 -10759848.94264079 -2083165.104570562 -503138.5504154459
 108928.3278848258  1762460.464508297 -393100.0226580959 -10759848.94474401  12809218.23144394 -1125888.841935203 -2401697.457436525
 50012.30488907399   369381.898299207  553091.4399616357 -2083165.105932644 -1125888.841674532  3805244.352717075 -1568259.054167757
 122667.6949350169 -135864.3755019963  2137801.250491977 -503138.5489140193 -2401697.457640163 -1568259.054272195  2348747.626932958

cov*(cov_.inverse()):
    0.9999999999890861 -1.382431946694851e-10  -2.91038304567337e-10 -2.983142621815205e-10  1.164153218269348e-10                      0                      0
 9.094947017729282e-12     0.9999999995288817  3.201421350240707e-10 -3.055902197957039e-10  2.037268131971359e-10                      0 -5.820766091346741e-11
-2.000888343900442e-11  4.074536263942719e-10      0.999999999650754 -5.966285243630409e-10  -2.91038304567337e-11 -5.820766091346741e-11  -2.91038304567337e-11
 2.000888343900442e-11  2.200977178290486e-10  4.074536263942719e-10     0.9999999997598934                      0                      0 -5.820766091346741e-11
 1.455191522836685e-11 -1.618900569155812e-10  5.529727786779404e-10 -4.511093720793724e-10      1.000000000058208 -5.820766091346741e-11                      0
 1.091393642127514e-11 -3.728928277269006e-10  9.604264050722122e-10 -6.039044819772243e-10  1.164153218269348e-10                      1  -2.91038304567337e-11
 1.818989403545856e-12 -3.492459654808044e-10 -8.731149137020111e-11  4.365574568510056e-11  5.820766091346741e-11  -2.91038304567337e-11     0.9999999999417923
