5
2

 0.000262073332665898
0.0004616313198040047
0.0006952270300244893
    0.110810892854473
   0.5789522307106191

  0.5206922066545834  -0.7889044761515355    0.316575150808042  0.02642327287169929 -0.07477524977467546
 0.04372753131220364  0.03396043904050416   0.2070197666001029  -0.8181777443039774   0.5335378023608173
  0.4087084200432103 -0.09018559362940458  -0.8071907544616509  0.08021371375870744   0.4084517500564318
 -0.6410813772437353  -0.4523578778510715  0.02889035844485943   0.3055546994968052   0.5386916473286881
   0.385926967276944   0.4046175047325988   0.4522515043957986   0.4796760105705271   0.5027171694375147

0.4001866008983718
0.4002956695629244
0.4004747331743577
0.4005948121893032
0.4006637008039528

-0.0006416468937983862
    0.4002928428427046

  -0.3263074385895601     4.636638668920056    -3.695828173762357     1.033682264803302    -1.648445009602125
    1.424390680942495 -0.001327143675837666   -0.3490558941745323   0.04707328657405596   -0.1212692917740309

-3.329176165693155e-07  -5.00187819392803e-07  8.899852241933661e-07   -0.03152231205703752   -0.08519701063707136
 4.413021142539442e-08 -2.413130882079769e-08   3.95507053258511e-07   -0.01195461234269561     0.1182965839006571

cov:
0.05496904082916548 0.05590104346106421 0.05827441863555954 0.05964426469264349 0.06078965378715928
0.05590104346106421 0.05738771435136127 0.06117479882994785  0.0633573952108773 0.06518731869229799
0.05827441863555954 0.06117479882994785 0.06856658497696501 0.07282156522717058 0.07639696756248565
0.05964426469264349  0.0633573952108773 0.07282156522717058 0.07826912776600355 0.08284818621205513
0.06078965378715928 0.06518731869229799 0.07639696756248565 0.08284818621205513 0.08827303662304231

cov.inverse():
 4302055.323214917 -6050075.201593804  1759930.568580458  100246.4544451968 -112048.5853461224
-6050075.201495396  9083821.007854603 -3452662.874148609 -448868.1015147356  867681.9841253116
  1759930.56840269 -3452662.873933451   3008315.89182825 -806986.0790242392 -508474.7870895459
 100246.4544155898 -448868.1014872268  -806986.079009195  3164752.342322371 -2009403.416160224
-112048.5852371554  867681.9839810525 -508474.7870671981 -2009403.416147278  1762394.258225662

cov*(cov_.inverse()):
    0.9999999999681677  -2.91038304567337e-11 -1.091393642127514e-11 -1.455191522836685e-11  -2.91038304567337e-11
-6.639311322942376e-11      1.000000000050932 -3.637978807091713e-11                      0 -1.455191522836685e-11
-7.821654435247183e-11  5.820766091346741e-11     0.9999999999781721                      0                      0
 -7.09405867382884e-11  4.365574568510056e-11                      0     0.9999999999708962  -2.91038304567337e-11
-3.637978807091713e-11  4.365574568510056e-11                      0  -2.91038304567337e-11                      1
