5
2

0.0003508799723107973
0.0004097939773222602
0.0005470363159854852
    0.101269986377473
   0.5755978175278048

-0.3876209744614415  0.6754394095128284 -0.5809714526781515  0.2273163267220465 0.06581066033066474
 0.2966977257869678 -0.3727573798013679 -0.3743904601445061  0.7406907760680449 -0.2902263821863252
 0.4244024608111902 -0.1909811321262163   -0.55295817905481 -0.3020414557213956   0.621624460322536
-0.6548397951859731 -0.4482033283859383 0.08857998013732205  0.2885577084500123  0.5283811645748829
 0.3908808431844711  0.4092352910931997  0.4568312531570971  0.4745628196278042  0.4958164774602457

 0.399510120473619
0.3994728838841664
0.3993982447632888
0.3993313734491556
0.3992464235189844

0.0009655181830246538
   0.3998060899139387

   2.605572176711122    -1.42855256080222    2.686149407717753  -0.1868406677344851   -3.676653259634698
   1.727627346399343  -0.6005325097989802   0.2197189456383422 -0.01811288276529577  -0.3286874939231959

-4.702919884803543e-07  2.063155782042057e-07 -6.989715482902822e-07   -0.02896799561247077   -0.08304084041773299
-1.512719377650788e-07  1.236230009054387e-07  1.578701472727585e-07   -0.01047707656422974     0.1187251116009132

cov:
0.05501842046699768 0.05600750441466824 0.05856645893401351 0.05951980706838912 0.06066170916746804
0.05600750441466824 0.05754643115914046 0.06153226427792209 0.06301716284314771 0.06479646427068254
0.05856645893401351 0.06153226427792209 0.06922389276602932 0.07208913607503475 0.07552375271380415
0.05951980706838912 0.06301716284314771 0.07208913607503475 0.07546898807235695 0.07952017611733844
0.06066170916746804 0.06479646427068254 0.07552375271380415 0.07952017611733844 0.08431131551573082

cov.inverse():
 2346527.848251097 -3055961.024620525  383439.8705061284  164575.3553188122  161605.8316355439
-3055961.024589971  4654890.975565588 -2003376.193823905 -204267.0694259752  608520.7352726978
  383439.870359125  -2003376.19363577  4597972.574328091  -2165870.91311621  -812158.258454541
 164575.3554639743 -204267.0696202466 -2165870.913075345  3991525.822109043 -1785997.225304348
 161605.8316068282  608520.7353093892 -812158.2584542646 -1785997.225312603  1828079.355599759

cov*(cov_.inverse()):
     1.000000000009095  1.455191522836685e-11  2.182787284255028e-11 -4.365574568510056e-11  4.365574568510056e-11
 1.637090463191271e-11      1.000000000043656 -7.275957614183426e-12                      0   2.91038304567337e-11
-7.275957614183426e-12  6.548361852765083e-11     0.9999999999563443                      0   2.91038304567337e-11
-1.818989403545856e-12   2.91038304567337e-11 -3.637978807091713e-11     0.9999999999708962  5.820766091346741e-11
                     0  1.455191522836685e-11 -1.455191522836685e-11                      0      1.000000000029104
