5
2

0.0001273371437412697
0.0004520199614854583
 0.000656157201037703
  0.09103372878280484
   0.6019969641548721

-0.04953031528865416   0.6699081528771178  -0.7358718562827167  0.07500227188650521  0.04046090605839209
  -0.136539923619977    0.285336267741574   0.2111959927300044  -0.8086975967558819   0.4487142890807119
  0.5656628811695843  -0.4757207209422908  -0.4564021775912754  -0.1152129090148113   0.4818073665059079
 -0.7150803408354012  -0.2480158079210356  -0.1147229436511753   0.3146656331739267   0.5612240645867415
  0.3841734089482356   0.4265961037181423    0.438662241680051   0.4775922749675925   0.4999076042281249

0.4005682854821469
0.4001188960647829
0.4000475443681815
0.3995448414585377
0.3992727358800073

0.003430943288896342
   0.401200932282946

   1.034225508180721  -0.5699791379104213    3.471070452999838  -0.9484509432255921   -2.987331648822654
   1.415894826013538  -0.4781955197720311   0.3773758964759982 -0.05892793963333753  -0.2560685739485846

-5.155200881137866e-08 -2.946753387535609e-08 -8.860882222149414e-07   -0.02462448369805846   -0.09769010310678432
-1.107398536660025e-08 -6.483530071590208e-08  3.184226140355598e-07  -0.009111102103504402     0.1266006455015553

cov:
0.05772406671233358  0.0608622716781281 0.06175229290777838 0.06462787703668837 0.06627373158725595
 0.0608622716781281 0.06646102835020286 0.06805245015890347 0.07318831706657046 0.07613142400781782
0.06175229290777838 0.06805245015890347 0.06984390528241483 0.07562431392432957 0.07893733996569756
0.06462787703668837 0.07318831706657046 0.07562431392432957 0.08348216847939452 0.08798720445000445
0.06627373158725595 0.07613142400781782 0.07893733996569756 0.08798720445000445 0.09317696688250411

cov.inverse():
 985793.1371744947 -2862008.803185591  1507066.262450196  159915.8097774409  209518.1849055577
-2862008.803207449  28601203.83426238 -29603122.69631389  2096645.072356348   1765881.14180663
 1507066.262479867 -29603122.69624357  34098097.61293615 -4117593.719997035 -1883175.508538921
 159915.8097678605  2096645.072050404 -4117593.719612669  3578560.149793693 -1717746.413445318
 209518.1849073325  1765881.142020408 -1883175.508823317 -1717746.413376483  1625605.311807576

cov*(cov_.inverse()):
    0.9999999999909051  -2.91038304567337e-11  -1.01863406598568e-10  5.820766091346741e-11 -4.365574568510056e-11
-2.364686224609613e-11      1.000000000029104 -4.656612873077393e-10  7.275957614183426e-11                      0
 1.091393642127514e-11 -5.820766091346741e-11     0.9999999998544808                      0  -2.91038304567337e-11
                     0 -1.455191522836685e-10 -5.820766091346741e-11     0.9999999999708962  -2.91038304567337e-11
-1.455191522836685e-11 -5.820766091346741e-11  -2.91038304567337e-11                      0                      1
