5
2

                  nan
4.284648517968732e-09
7.398996749987593e-09
  0.05384965088616316
   0.8474745163246558

                  -0   -0.530972909860962   0.4555537943093722   0.5356446672376483  -0.4728882531253931
                   0   0.2305179823933911  -0.6938014203406642   0.6573984538274594  -0.1825604607570411
 -0.4363988184766386     0.66893793672577   0.3076658135426407 -0.05272025508587094  -0.5144321431657332
  -0.848982564800425  -0.1952203422534256 0.005128770350340856    0.198573300195313   0.4490656553329182
  0.2979675752444989   0.4234858717437787   0.4652158343343979   0.4885706525348792   0.5260684228334926

0.4881090247988841
0.5243798009625042
0.5367026826119566
0.5424734964924284
 0.554519262174559

-0.1346277170110418
 0.4703737447659175

  -1.526848257770427  -0.1902472137187304   0.3213392708087143  -0.3354205025478073   0.2314861324542449
   3.273895601877329 -0.09084333756836525  -0.1671618823215142   0.5139675318970274    -1.70273164665219

 1.438019513915007e-18 -9.721888709525109e-18  2.937164238022742e-17   0.003979672531458422    -0.3074851315104296
-3.627248400758923e-17  1.365427082808546e-17 -3.788798890594263e-17  -0.009932288801372115     0.1541526610039838

cov:
0.06585639539495811 0.09110836284269012 0.09954551738456108  0.1040673119639915  0.1114753135833665
0.09110836284269012  0.1289150467421671  0.1414939264458357  0.1484878580138762  0.1597511174489325
0.09954551738456108  0.1414939264458357  0.1554398917132317   0.163246175969044  0.1757788096020181
 0.1040673119639915  0.1484878580138762   0.163246175969044  0.1715527199950271  0.1848548443702077
 0.1114753135833665  0.1597511174489325  0.1757788096020181  0.1848548443702077  0.1993487868748862

cov.inverse():
    -895402316430138.5 -1.801950929425786e+16  2.504696312158537e+16       5499424751272531 -1.224421129818842e+16
     -5042887550066333  6.023501871725942e+16 -8.520446372958014e+16    2.4850658551548e+16       6636210484292420
     -1258384298567180 -1.453595680498017e+16  5.420854280571285e+16 -5.386420541946965e+16  1.450101782752833e+16
 1.962930818576296e+16 -3.640752971331962e+16      -6634643567078511       5546291471274157  1.890621573629908e+16
-1.255063188330599e+16       8384000466831834  1.262672897589965e+16  1.936282909428196e+16 -2.878919935114087e+16

cov*(cov_.inverse()):
     1 -0.375   -0.5   0.25      0
     0   1.25  -0.75      0      0
  -0.5   0.75  -0.25      1      1
  -0.5    0.5   -0.5      1      0
  -0.5    0.5     -1      1      1
