5
2

0.0001883483632890107
0.0003862391735765923
0.0006397058773474983
   0.1032779042825084
   0.5870261887838011

-0.07429689642230475   0.6298260140352144  -0.7574681035061605   0.1437056069664613  0.05822313907467534
 -0.1033600296148253   0.2964710403198411   0.1397355779801944  -0.8092757363728935   0.4764119827358945
  0.5677922088772176  -0.5063873275612226   -0.454035821117785 -0.06623858942593276    0.458963837830929
 -0.7193761523336794  -0.2849846245895891 -0.06667706946613486   0.3015568439849159   0.5530816878675221
  0.3793502793619073   0.4216393631162998   0.4428562768739188   0.4786412019051767     0.50308501358226

0.3994466501496583
0.3992995086387531
0.3992595497536345
0.3990693299992947
0.3989395642862456

0.001504498292438986
  0.3998253059303358

  0.7860977101049264  -0.6801057125204885     4.07910014786832  -0.8936941927605031   -3.291787829496487
   1.399937888953753  -0.4581840573779999   0.3977908099257783 -0.06731514416146961  -0.2722094440609873

-1.382332993289106e-07 -8.322633891213005e-08 -1.028352351005281e-06   -0.02915949282850303   -0.09163108381435725
-2.552162777009755e-08   -4.4777739313281e-08  2.970168359891201e-07   -0.01145439041024372     0.1188449604961547

cov:
0.05511016874740297 0.05730498002408796 0.05840346256191488 0.06025601810733239 0.06152153829233808
0.05730498002408796 0.06212926855581193 0.06454837188670934 0.06862837050761662  0.0714153548511519
0.05840346256191488 0.06454837188670934 0.06763101016798383 0.07283007799289495 0.07638145034738733
0.06025601810733239 0.06862837050761662 0.07283007799289495 0.07991696483992422  0.0847575788980479
0.06152153829233808  0.0714153548511519 0.07638145034738733  0.0847575788980479 0.09047925339931354

cov.inverse():
 1015068.932563423 -2227065.345725103  859615.4322262682   167814.475552322  184747.7405403322
-2227065.345782126  12397762.99841686 -12608567.39755149  1025015.103059719  1412530.535062012
 859615.4323335921 -12608567.39784165  16808181.35232865 -3752963.889156226  -1306163.35647676
 167814.4754778653    1025015.1034862 -3752963.889580072  4983026.385402069 -2422858.730710006
 184747.7405644847  1412530.534868681 -1306163.356235767 -2422858.730781816  2131769.988645058

cov*(cov_.inverse()):
     1.000000000021828  -2.91038304567337e-11   2.91038304567337e-11   2.91038304567337e-11                      0
   1.2732925824821e-11      1.000000000189175 -1.891748979687691e-10   2.91038304567337e-11                      0
 1.818989403545856e-11   2.91038304567337e-11      1.000000000014552   2.91038304567337e-11   2.91038304567337e-11
 3.637978807091713e-12  2.328306436538696e-10 -8.731149137020111e-11      1.000000000029104                      0
 1.455191522836685e-11  5.820766091346741e-11  1.455191522836685e-11                      0                      1
