5
2

0.0003040505399320284
0.0004141121745459883
0.0004790321874245666
  0.08232564661994614
   0.6015276869842461

   0.204363777625524  -0.8102375175431349   0.5154728588394768   0.1715927149365853  -0.0812051940500837
 -0.1267360395063412    0.126357298704048   0.5467682619588551  -0.7829665764178264   0.2366001210513304
 -0.4565698655127573   0.3136469042957056   0.4846962997297206   0.2762476376867445  -0.6180018746186724
 -0.7649998163188858  -0.2071844812047567 -0.01681720361467821    0.247042584354127   0.5572584812797412
  0.3853474557105654   0.4315659954206196   0.4473464856297069   0.4692296714630979    0.494937134581138

0.3993121941352736
0.3991320312274116
0.3990321797786267
0.3988850133771843
0.3987212312173138

0.001728385412668927
  0.3997839612201683

  0.855140121512009   3.080326508375305  0.3337656830454359  -1.017907342165134  -3.251360407337652
  1.766831528747984 -0.2444803187895265 -0.1715398035748047  -0.146150807954278 -0.2047234968568695

-1.904058215748433e-07  8.421001671715649e-08  5.657928700159565e-07   -0.02278128876427995     -0.100826267096319
 4.273679027116744e-08 -4.846482416028083e-08 -2.020181811142067e-07   -0.00981572047323471     0.1189329444333328

cov:
 0.0576963471673317 0.06124844581927658 0.06246174021080103 0.06414495078804572 0.06612106513770236
0.06124844581927658 0.06768259977083464 0.06987942606109006 0.07292608640020529 0.07650483198148918
0.06246174021080103 0.06987942606109006 0.07241217254989803 0.07592407468512234 0.08004986150293006
0.06414495078804572 0.07292608640020529 0.07592407468512234 0.08008143838928962 0.08496536125627693
0.06612106513770236 0.07650483198148918 0.08004986150293006 0.08496536125627693 0.09074100583011586

cov.inverse():
 1453934.464237835  -2508527.79352617 -228946.2089568177  408298.3444952067  875179.8285740111
-2508527.793570468  7623032.027885038 -3452429.175151809 -1703237.617102173  41331.05957101095
-228946.2089127683  -3452429.17530449  5641302.675577366 -956099.4924859898  -1003785.19159658
  408298.344522852 -1703237.617008472 -956099.4926744401  4225854.760746999 -1974926.952510875
  875179.828546615  41331.05958568618 -1003785.191516755 -1974926.952577976  2062181.233374604

cov*(cov_.inverse()):
    0.9999999999636202 -3.183231456205249e-12  5.820766091346741e-11  -2.91038304567337e-11                      0
-1.455191522836685e-11      1.000000000003638   2.91038304567337e-11                      0  -2.91038304567337e-11
-4.365574568510056e-11  2.864908310584724e-11                      1                      0  -2.91038304567337e-11
                     0 -9.549694368615746e-12  -2.91038304567337e-11     0.9999999999708962                      0
-1.455191522836685e-11  4.092726157978177e-12  -2.91038304567337e-11                      0                      1
