5
2

0.0001030275244913683
0.0002098481131639038
0.0007101780125061556
  0.08751950925987295
   0.5878046937942997

 -0.1313320155737759   0.5696601434111234  -0.7453044591157185   0.3202856762210821 -0.01332559657121938
 -0.5577450368516493    0.599819253200901   0.3672366369513328  -0.4397152559772234  0.03041518532617044
   0.313503240766602 0.004881522660004569  -0.3306983617604877  -0.6232239099038637   0.6355489284220593
  -0.645845954763295  -0.3758302087786479 -0.05419083127041729   0.3020475458240259   0.5894618653935049
  0.3953113915603848   0.4176505829090266    0.444252701779125   0.4737370762926551   0.4975033806980386

0.4006543517469038
0.4008039599224013
0.4009724894957496
0.4011453705686534
0.4013204703949648

-0.001386488017789195
   0.4005020212756125

  0.5231059385056331    -1.06874270107864    9.334994631849327   -8.610194285025091  -0.1790063332309396
   2.230270365578946   -1.070046162887929   0.5488024730716236  -0.6969436815478014 -0.01203457971503619

-1.102892991621582e-07  2.763682618614829e-07  1.172127301078883e-06   -0.02411458963175936   -0.09000621805996013
-1.628878759548312e-08 -6.068744824399404e-08  4.736825381167981e-07  -0.009847261139643591     0.1183032708520328

cov:
0.05718894722714279 0.05890432649196156 0.06094661343823889 0.06321143308069804 0.06503593172068524
0.05890432649196156 0.06135069799259257 0.06426356850725701 0.06749275886408113 0.07009496246883325
0.06094661343823889 0.06426356850725701 0.06821343440678077 0.07259131733728712 0.07611984188745566
0.06321143308069804 0.06749275886408113 0.07259131733728712 0.07824170528537408 0.08279639532523503
0.06503593172068524 0.07009496246883325 0.07611984188745566 0.08279639532523503 0.08817979663951997

cov.inverse():
 8884029.557896418  -14642228.4634387  4364594.276934078  1219042.300456188  174652.0288088765
 -14642228.4605592  38742319.06870684  -34999490.2075562  11193424.73145187  -294738.591324219
 4364594.271432919 -34999490.19981045  55610602.93914803 -25747049.56281617  772570.2555702754
 1219042.303104684   11193424.7264819 -25747049.56044562  14825073.66454217 -1491107.502468807
 174652.0287819238 -294738.5912203253  772570.2554442926 -1491107.502419768  838655.0711234198

cov*(cov_.inverse()):
    0.9999999999581632  -1.01863406598568e-10  2.619344741106033e-10 -1.309672370553017e-10 -1.455191522836685e-11
 9.094947017729282e-11     0.9999999995816324 -2.182787284255028e-10  1.455191522836685e-11 -1.455191522836685e-11
 4.911271389573812e-11  1.091393642127514e-11     0.9999999999272404  -2.91038304567337e-11  7.275957614183426e-12
 2.728484105318785e-11 -3.346940502524376e-10  3.637978807091713e-10     0.9999999997235136                      0
 9.822542779147625e-11 -1.818989403545856e-11  5.820766091346741e-11 -8.731149137020111e-11                      1
