6
2

0.0001624942253976631
0.0002815794249261966
0.0003949525442112714
0.0006597208314422764
  0.09228581003432004
   0.6131263309617005

 0.03664615874451814  0.05278322809317917  -0.6733618416780062   0.7272284014148424  -0.1124224395397778 -0.03090092744362632
  0.2056347402126959  -0.7475836501308376   0.4009895815094756   0.3709629828003559  -0.3073225307810392  0.07732866649416896
 -0.2348836525343162    0.368767756771911   0.1307462188255703  0.01022424246830817  -0.7513790601329448   0.4765190557155605
  0.6527102049502569  -0.1687077306723651  -0.4239288358465004  -0.4083378393661303 -0.08888889860890919    0.437207507653861
 -0.5807581340165977  -0.3532228634471631  -0.1755502995923719  -0.0252805477220703    0.364829041933985   0.6110616621038976
  0.3713360480298417   0.3861531675437834   0.3976971792790772   0.4074823741980717   0.4328303351448705    0.448829856314427

0.3953586437262346
0.3948680884839506
0.3945791854980374
0.3942332775275943
0.3933220162215998
0.3927566289418387

0.007270994615572905
  0.3964789131873085

  1.452004270259676  -4.465181010203379   4.563569073681926   3.955663691613124  -1.557217860576311  -3.949234332018978
  1.582944179295156 -0.7876082193307981  0.4351218901700548  0.2523195654321075 -0.1191046523947258  -0.363692544658101

-2.155582997953586e-09  5.635088789525304e-07 -3.217052614303679e-07 -1.495909486810909e-06   -0.02681508295407307   -0.07699894652716853
-1.807002592767865e-09  9.442060301958831e-08 -1.071003386967623e-07  3.177908819402786e-07  -0.008427777466487776      0.129596445037367

cov:
0.05470901960250672 0.05565171292037526 0.05638435217478467 0.05700706421276684 0.05861606554408386 0.05963171751351069
0.05565171292037526 0.05711828939324802 0.05825951330027301  0.0592279150710367 0.06173394343169628 0.06331577313942191
0.05638435217478467 0.05825951330027301 0.05971984045805753 0.06095806489047399 0.06416434768757477 0.06618813343483702
0.05700706421276684  0.0592279150710367 0.06095806489047399 0.06242465321787843 0.06622342672136673 0.06862117712399067
0.05861606554408386 0.06173394343169628 0.06416434768757477 0.06622342672136673 0.07156004223005766 0.07492824717215568
0.05963171751351069 0.06331577313942191 0.06618813343483702 0.06862117712399067 0.07492824717215568 0.07890942046093269

cov.inverse():
 1916768.420636877 -2673907.702142164 -727183.2838746022  1343646.969527219  45000.01790665016  95765.94903855062
-2673907.702059406  8091566.254373998 -4653507.488354214 -1861538.739365417  931073.7345627868  166141.9711718256
-727183.2838386188 -4653507.487508534  19722506.47530293 -16263280.71220279  769498.9866817207  1152663.114903808
 1343646.969281535 -1861538.740267097 -16263280.71027659  22148716.52421938 -4500070.525711431 -868231.2052954962
 45000.01810254101   931073.734592056  769498.9851897559 -4500070.524278452  5307371.143113144 -2552783.462161239
 95765.94896961217  166141.9712813392  1152663.115351194 -868231.2059496637 -2552783.461995012  2006514.826712686

cov*(cov_.inverse()):
    0.9999999999936335  7.639755494892597e-11  1.746229827404022e-10  8.731149137020111e-11  -2.91038304567337e-11 -1.455191522836685e-11
 1.182343112304807e-11     0.9999999999581632  1.309672370553017e-10 -1.309672370553017e-10   2.91038304567337e-11                      0
 7.275957614183426e-12  6.002665031701326e-11      1.000000000029104 -3.637978807091713e-11  5.820766091346741e-11                      0
 2.546585164964199e-11  1.036823960021138e-10  1.309672370553017e-10      1.000000000043656 -5.820766091346741e-11   2.91038304567337e-11
 2.182787284255028e-11  2.182787284255028e-11  -2.91038304567337e-11  2.837623469531536e-10     0.9999999999417923                      0
 9.094947017729282e-12  5.275069270282984e-11  1.455191522836685e-11  1.164153218269348e-10                      0                      1
