5
2

0.0003438839227641307
0.0004084327776054322
0.0005546237455647847
   0.1008196427484564
   0.5748934074494463

-0.3000376034466387  0.5943913415695699 -0.6771344300007391  0.3029871542442871 0.07977542012203744
-0.3205433059300071  0.4498910238231725  0.2545770307205742 -0.7193842551261699  0.3354502714455009
 0.4742631039721404 -0.2760789336681632 -0.5099548817766355 -0.2857763940743844   0.597605891652166
-0.6550549890795029  -0.447493975827449 0.08930845206617408  0.2897964897826359  0.5279148584567422
 0.3914165237112801  0.4096664054242878   0.456781696304473  0.4743784617149251  0.4952596270792823

0.3997960047081993
0.3997555083886555
0.3996705873337884
0.3995983750627987
0.3995119310537978

0.001024093862705462
  0.4001031400464449

   1.928155952952349  -0.9438902433314493     3.58467381288778  -0.3976233130109373   -4.171734294829298
   1.658739319701739  -0.5432428921300327   0.2892612180090067 -0.03276337885316877  -0.3720012846845774

-4.754065425403346e-07 -2.074365316680141e-07 -9.327896287790419e-07   -0.02884786432689265   -0.08238438849004251
-1.248850261846493e-07 -1.340672706072313e-07  1.772432710318999e-07   -0.01040360865680816     0.1186699997005892

cov:
0.05499694798121407 0.05597562685305519 0.05849644571641274 0.05943796168706481 0.06055383477395668
0.05597562685305519 0.05750265605852542 0.06144008353177188 0.06291064803589985 0.06465475277897846
0.05849644571641274 0.06144008353177188 0.06904039060471209 0.07187877455956651 0.07524723538387679
0.05943796168706481 0.06291064803589985 0.07187877455956651 0.07522835534281885 0.07920337681011017
0.06055383477395668 0.06465475277897846 0.07524723538387679 0.07920337681011017  0.0838992729864763

cov.inverse():
 2108433.901052725 -2798179.644560187  442595.5228303329  172956.6494247183  74363.15821943742
-2798179.644588692   4448708.31731041 -2259229.322624779 -160734.5163044103  769277.8043754708
 442595.5228871296 -2259229.322701939  5111185.488970614 -2358977.223697114 -935580.9136894065
 172956.6494368488 -160734.5163038686 -2358977.223731042  4144072.615077193 -1797381.109891282
 74363.15817901093  769277.8044235914 -935580.9136758464 -1797381.109912539  1889397.658074502

cov*(cov_.inverse()):
    0.9999999999608917                      0  -2.91038304567337e-11   2.91038304567337e-11                      0
 -4.82032191939652e-11       1.00000000003638  2.182787284255028e-11  1.455191522836685e-11 -1.455191522836685e-11
-2.728484105318785e-11                      0                      1                      0                      0
-1.637090463191271e-11                      0                      0                      1   2.91038304567337e-11
-9.094947017729282e-12                      0                      0                      0                      1
