5
2

0.0002057038243540274
0.0004153042176784135
0.0005963715858527291
   0.1101810636740225
   0.5815946461308124

-0.2731737759007141  0.7612852017022286 -0.5826739509049497 0.07760509021147288 0.01701313432113539
  0.206552524150652 -0.2088096556877599 -0.2811022643960678  0.7719903510198263 -0.4886174345459257
 0.6214286392656312 -0.2276286004255032 -0.6027056454573985 -0.1929074861904661  0.4019257061625307
-0.5862400619182622  -0.396210504233137 -0.1785141250946133  0.3546592072018942  0.5845420258852435
 0.3909746526690432  0.4099339287792682  0.4316841391152859  0.4847802558109742   0.507671057494965

0.3997195326287515
0.3996298421970081
0.3994849026700833
0.3991486295326515
0.3989735561115132

0.002035199560299715
  0.4001668151954701

 0.1563724205002265    2.16698682969322  0.3060130916825443  0.1503860268621617  -2.779911356688762
  1.472845899468095 -0.1474402530727373 -0.1025740893797477 0.01416917189357575 -0.2369234183015505

 5.894552216835727e-08  1.669928210045824e-07 -6.141727510011893e-07    -0.0312786291138498   -0.08686870776613473
-1.936930137137577e-08   8.46078782088264e-08  3.246076391560563e-07   -0.01117085580365842     0.1209978711088687

cov:
 0.0558779961831103 0.05703269294330622 0.05835972854629683 0.06158718029503178 0.06297848473818406
0.05703269294330622 0.05874769289548286 0.06071648370704354 0.06551426701977245 0.06758260303063321
0.05835972854629683 0.06071648370704354  0.0634207485616138  0.0700181309826656 0.07286235126703793
0.06158718029503178 0.06551426701977245  0.0700181309826656 0.08102042911571769 0.08576357337503288
0.06297848473818406 0.06758260303063321 0.07286235126703793 0.08576357337503288 0.09132590289516425

cov.inverse():
 3096757.463971154  -5562521.60171582  2371951.708227552  86422.14523924368  7256.933758411724
-5562521.601824752  14095009.00275796  -9756999.13660517  585061.7198604057  640373.6121855947
 2371951.708356022 -9756999.136708848  9503043.987185553 -1999921.766012152 -119048.5576384906
 86422.14527752085  585061.7196497819 -1999921.765800184  3702314.919822742 -2373778.718959265
 7256.933700578678  640373.6123909891 -119048.5578256793 -2373778.718919619   1845300.74717045

cov*(cov_.inverse()):
     0.999999999991303 -4.365574568510056e-11 -2.728484105318785e-12                      0                      0
-2.955857780762017e-11     0.9999999999126885  2.637534635141492e-11                      0  1.455191522836685e-11
 7.958078640513122e-13 -9.458744898438454e-11      1.000000000021828  -2.91038304567337e-11   2.91038304567337e-11
 1.693933882052079e-11 -5.820766091346741e-11 -4.911271389573812e-11      1.000000000029104   2.91038304567337e-11
-5.570655048359185e-12  3.637978807091713e-11  3.092281986027956e-11                      0                      1
