6
2

0.0001671165438795599
0.0002485155266273545
0.0006464140570814627
 0.001607653599742895
  0.09713582916890366
   0.7781947048341641

 -0.2204746237704547   0.6651472193022604  -0.6142243169988826   0.2145543324003266  -0.2282950382544865   0.1831568161211473
  0.4997752661564238  -0.4694790293767661  -0.2959663266369746   0.3525091107078751  -0.4397659223259357   0.3529324556335149
 -0.3312048155030627   0.1260442029811774   0.5998352819176451  0.08790939727277415  -0.6830665475603387   0.2007632763339399
  0.1875565625780691   0.1054767873644839 -0.04124700566942931  -0.7863442114530874 -0.03952451254984728   0.5762781114239813
 -0.6586351401788999  -0.4138487142785184    -0.11991060785207   0.1534518246573346   0.3079358801137451    0.512033662159035
  0.3506298358020234   0.3726732691541538   0.3990616332333941   0.4243713253871977    0.437630788815722   0.4553146565334127

0.3582368234378597
0.3498198163036697
0.3397463343340667
0.3298979248318692
0.3249718881905225
0.3182653889136812

0.09876823898661791
 0.3782091686986641

-2.111558651527343   3.14921463400802  6.382421818392296 -10.39233708270256  10.90875467654902 -7.894037316442517
 11.15199498059621 -62.61577460089606  71.86719073973885 -14.16374815246344  30.40994836760618 -35.76063263563042

-2.101852372210589e-07 -9.677497169047836e-07 -2.099752858000701e-06  7.403460686500548e-06   -0.02788539170028949    -0.1515430064728846
-2.926321698753665e-06 -1.067655743362481e-06  9.719050202909016e-07 -4.690858707225463e-05   -0.01103054081138666     0.1633487420856264

cov:
 0.0785448609089274 0.08170413924074055 0.08548057010407857 0.08915567400475496 0.09101155807975812  0.0934983346417556
0.08170413924074055 0.08572323588981975 0.09053090460587476 0.09517528663776267 0.09756470905150305  0.1007589468596705
0.08548057010407857 0.09053090460587476 0.09657568050215244  0.1023828287078959  0.1054121631441054  0.1094549801330589
0.08915567400475496 0.09517528663776267  0.1023828287078959  0.1092845706966659  0.1129142775494181  0.1177532298238615
0.09101155807975812 0.09756470905150305  0.1054121631441054  0.1129142775494181   0.116877366955591  0.1221566722411249
 0.0934983346417556  0.1007589468596705  0.1094549801330589  0.1177532298238615  0.1221566722411249  0.1280197450762419

cov.inverse():
 6060991.338237152 -9142297.243905021  1975477.257080117  1032046.862665333 -1217892.729082683  1292743.500372218
 -9142297.24243038  19452683.13759843 -12199604.76929371  2424705.872300657 -2301916.560164312  1763342.966178877
 1975477.254685957 -12199604.76619903  15788817.43855816 -6269284.682353853  6148451.448019758 -5440528.349984177
 1032046.863859117  2424705.870119686 -6269284.681316858   3918065.27577173 -4395600.220468909  3288445.947010063
-1217892.730457725 -2301916.557455577  6148451.446505285 -4395600.220305608  6114796.883780254 -4347267.808057596
 1292743.501472586  1763342.964031346  -5440528.34880576  3288445.946896176 -4347267.808074566  3443020.566723322

cov*(cov_.inverse()):
    0.9999999998835847  2.619344741106033e-10  1.746229827404022e-10 -5.820766091346741e-11 -1.746229827404022e-10  5.820766091346741e-11
-4.365574568510056e-11      1.000000000261934  2.328306436538696e-10  5.820766091346741e-11 -1.746229827404022e-10  1.746229827404022e-10
-2.328306436538696e-10  4.074536263942719e-10      1.000000000116415 -5.820766091346741e-11 -1.164153218269348e-10  1.164153218269348e-10
 -2.91038304567337e-11   2.91038304567337e-10  2.328306436538696e-10      1.000000000058208 -2.328306436538696e-10  1.746229827404022e-10
-8.731149137020111e-11  2.619344741106033e-10  2.328306436538696e-10 -5.820766091346741e-11                      1  5.820766091346741e-11
 -2.91038304567337e-11  1.164153218269348e-10                      0 -5.820766091346741e-11                      0      1.000000000058208
