5
2

 0.000115639876263956
  0.00025579411598382
0.0004730968192276576
  0.05780628308122347
   0.6206973815262111

  0.5162251501305901  -0.8157724437120601   0.2589512417711387  0.02886906880965239  0.01173651157505818
 -0.4308430123637028 -0.01291700128785883   0.8528848565001446  -0.2439259634229392  -0.1652119720117731
   0.186903926363459  0.08927357876848946 -0.02680918941133448  -0.8048462048843092   0.5555186804151777
  -0.585856698172068  -0.3823100830615411 -0.09670277457410963   0.2750527602009575   0.6523844588062349
  0.4119766311174275   0.4245205527193312   0.4421102992361632   0.4650110394640252   0.4882220521626461

0.4000522339348378
0.3999649992495453
0.3997250615004091
0.3994196955953742
0.3991173155743812

0.003657956952214005
  0.4011901276120107

  4.465509255681003 -0.6221972281238164 0.04236418259061744 -0.9735948552217475  -2.912546917098407
  4.310144609124935  -2.351057326917334 -0.4128911808607875 -0.1389900469434005 -0.4072699170719936

 3.692784586671188e-08 -7.597098631040913e-08   -1.2632525391009e-08   -0.01520500667124823    -0.1080370026515024
  5.38543483637879e-08 -1.359377973464932e-07  1.102057925965828e-07  -0.006316538186732398     0.1277513318105947

cov:
0.06653598726546227 0.06812845795494223 0.07036115808207756 0.07326818864497056 0.07621360718811825
0.06812845795494223 0.06992003259174522 0.07243200636442988 0.07570255621404215 0.07901676784208009
0.07036115808207756 0.07243200636442988 0.07533582509312468 0.07911631604949164 0.08294790726353198
0.07326818864497056 0.07570255621404215 0.07911631604949164 0.08356088366837292 0.08806575860169001
0.07621360718811825 0.07901676784208009 0.08294790726353198 0.08806575860169001 0.09325437980226745

cov.inverse():
 22921135.12430705 -31331800.04751373  4357974.583559823  2048482.896988727  2004722.032742035
-31331800.05198302  49803066.46094583 -15975951.25615238 -2034009.350827018 -461850.0393817491
 4357974.589547679 -15975951.26331057  16134944.85643234 -2524134.802976249 -1992817.873913869
 2048482.897356739 -2034009.351282288 -2524134.802955704  3865885.999082368 -1356310.664020681
 2004722.030855363 -461850.0362373388 -1992817.875104918 -1356310.664087404  1806375.206152834

cov*(cov_.inverse()):
    0.9999999996798579  3.565219230949879e-10   2.91038304567337e-11   2.91038304567337e-11                      0
 1.164153218269348e-10     0.9999999999417923  1.455191522836685e-10                      0                      0
 1.164153218269348e-10 -6.548361852765083e-11      1.000000000145519 -1.455191522836685e-11                      0
 1.164153218269348e-10  -3.92901711165905e-10  2.037268131971359e-10      1.000000000058208 -5.820766091346741e-11
-2.328306436538696e-10  3.201421350240707e-10   2.91038304567337e-11  4.365574568510056e-11     0.9999999999708962
