5
2

 0.000277238230100478
0.0007659907700842823
 0.001604405528020072
  0.08662064357484912
   0.7234891030580942

 -0.2279984088601315   0.4432581110302045  -0.3958704139249367   0.6281704734709961  -0.4474678135925616
 -0.3198892147953031   0.7559765080034432  0.02814324021981902  -0.5619167957538009  0.09812177273304903
  0.2327876640439461  0.02989707730340032  -0.7910808517702034 -0.03345167292615653   0.5639043711292276
 -0.8067015827861617  -0.2169072502917432  0.08525269913075199    0.255383014341753   0.4792653694748024
   0.375140074657664   0.4290444917400121   0.4576217178656196   0.4725588560943152   0.4924035330477928

0.3544721860230985
0.3353656726682774
0.3252321247430385
0.3201345389234397
 0.313203103434746

0.1021110301316101
0.3751142637462665

-1.997573905004469  10.00388187372252 -12.58392684018636  17.08874593906709  -12.4672348629035
 8.969497958940343 -23.35903600645111  29.49794960035508 -22.88070914434502  8.650099608193841

 2.012581771445171e-06 -1.747441055303847e-06  5.629605561770277e-06   -0.02432682236584519    -0.1462534339843337
-3.252767201447653e-06 -3.515840760588848e-06 -4.196432402364191e-05   -0.01014300467589469     0.1510180419264888

cov:
0.07854625581809691 0.08556079756687851 0.08934302703389636 0.09124689683601812 0.09378877698836621
0.08556079756687851 0.09670712221315102  0.1026327500750005  0.1057102428270943  0.1098028485636763
0.08934302703389636  0.1026327500750005  0.1096729874316807  0.1133582106223983  0.1182537595973956
0.09124689683601812  0.1057102428270943  0.1133582106223983  0.1173791575989428  0.1227165050845129
0.09378877698836621  0.1098028485636763  0.1182537595973956  0.1227165050845129  0.1286373327952492

cov.inverse():
 871869.2293934526 -1724296.251444161  1087405.816768726 -1560084.759861425  1324805.257379824
-1724296.251444896  3530650.065550691 -2255916.798986986  2898276.690479311 -2447590.714554833
 1087405.816780388 -2255916.799007172  2283385.661155718 -3252041.567212388  2136081.800767375
-1560084.759879674   2898276.69051063 -3252041.567208182  5672502.440530033 -3758350.062977716
 1324805.257387138 -2447590.714566689  2136081.800754634  -3758350.06296042  2745030.862581923

cov*(cov_.inverse()):
                     1  5.820766091346741e-11                      0  1.164153218269348e-10 -5.820766091346741e-11
  2.91038304567337e-11      1.000000000116415   2.91038304567337e-11  5.820766091346741e-11  5.820766091346741e-11
                     0  1.164153218269348e-10      1.000000000058208  5.820766091346741e-11 -5.820766091346741e-11
                     0  5.820766091346741e-11   2.91038304567337e-11                      1  5.820766091346741e-11
                     0                      0                      0                      0                      1
