5
2

0.0001470049993060081
0.0002575604810299413
0.0006114200515235181
   0.1095352290673126
   0.5648673502433539

 -0.1389094615525882   0.5316912765620773  -0.7374021867346386   0.3900996819405229 -0.04548407488159205
 -0.3922523472250796    0.638195004272895   0.2014239868713096  -0.6098194072900083   0.1624619974728357
  0.5962404717066797 -0.07414137103821944  -0.4551619944111808  -0.4968823270524443   0.4300417060078623
   -0.56049297739592  -0.3637242626625862  -0.1335348570318528   0.1277681726053847   0.7206913479895384
  0.3964683843340326   0.4149930611468565   0.4366490505119163   0.4612220460628411   0.5169191526110938

0.3977434798045167
 0.397846093203618
0.3979295580444582
0.3980095209677499
0.3982097546659574

-0.0005768595624323612
    0.3978573859113849

 0.1956761299140383   1.459725791348608   1.835442380367138  -1.214728223182034  -2.276734159369659
  1.471837135242994 -0.2078956347516327  0.0407810272379818 -0.1109768508090697 -0.1937688523165838

-2.106646876911448e-08  1.058359820396427e-07 -4.495334619278431e-07   -0.03217536086631319   -0.08051774031682039
-8.202017299570634e-09 -4.415414032358393e-08  3.163515625659704e-07   -0.01090147495835935     0.1160542721612642

cov:
0.05392385197684763 0.05494387908276487 0.05613538908381319 0.05748675572675148  0.0605455301906169
0.05494387908276487 0.05653818572410008 0.05840118316981395 0.06051465689576049 0.06530224548377243
0.05613538908381319 0.05840118316981395 0.06104966099347756 0.06405459782891325 0.07086444274185248
0.05748675572675148 0.06051465689576049 0.06405459782891325 0.06807148667768206 0.07717684184738516
 0.0605455301906169 0.06530224548377243 0.07086444274185248 0.07717684184738516 0.09149036618801976

cov.inverse():
 4163266.531250632 -7309519.793286749  2822967.820345818  305843.7419133969  17584.15613209903
-7309519.793352381  19235851.83138626 -16114546.45211841  3829593.535625444  358582.5922434564
 2822967.820640163 -16114546.45276631  26327748.97991658 -14557808.04033131  1521716.213097844
 305843.7416093912  3829593.536417025 -14557808.04088023    13308169.927964 -2886097.314503261
 17584.15620741063  358582.5920341166  1521716.213293227 -2886097.314564615  988349.0228738305

cov*(cov_.inverse()):
     1.000000000040018 -6.912159733474255e-11  8.731149137020111e-11 -1.164153218269348e-10 -7.275957614183426e-12
-3.637978807091713e-12      1.000000000014552 -2.182787284255028e-10  -2.91038304567337e-11 -2.182787284255028e-11
  6.02540239924565e-11 -7.275957614183426e-11     0.9999999997089617 -8.731149137020111e-11  -2.91038304567337e-11
-1.500666257925332e-11 -1.127773430198431e-10 -8.731149137020111e-11      1.000000000029104 -4.365574568510056e-11
 1.750777300912887e-11                      0  5.820766091346741e-11 -1.164153218269348e-10     0.9999999999854481
