5
2

0.0003393207424275668
0.0004062106867555081
0.0006717387128296172
  0.09802210257912036
   0.5957478338526518

 0.06839906926387418  -0.6986061198903116   0.6745994874895338   0.1377988146680959  -0.1822033883619215
-0.02358604395600874   0.1024801237846326   0.3814243444687145  -0.8374105025515898    0.377095004504829
  0.4275816138248564  -0.5392469326291209  -0.4423344633619515  -0.0207088206059383   0.5747156483343921
 -0.8217503332101506  -0.1459066837206975  0.01795951254158997    0.237202052888742   0.4968402877477529
  0.3696831335647855   0.4351681270228814   0.4510528565002469   0.4722938362363407   0.4974464140761766

0.3999662622325979
0.3992910011197104
0.3990813640081852
0.3988055649614745
0.3984778581570277

0.003582025494099603
  0.4006191453048012

  0.2396192927461908    3.790260435512048   0.5306354792802755    -0.64982118398362   -3.910665396289629
   1.260901300199748  0.03539908941633318  0.03225526490115695 -0.05504834143054496  -0.2734960468005907

-1.900420848832697e-07 -5.698575803042045e-08 -1.990032489395919e-06   -0.02726380370781837   -0.09757500515160682
  1.44522101360247e-08  -1.16899231076252e-08  1.578138669428113e-07   -0.01143077552129588     0.1185555090755535

cov:
0.05499308062904804 0.05824870386301706 0.05903907813673043 0.06009504719146149 0.06134531791650621
0.05824870386301706 0.06741554432432191 0.06963905091012325 0.07261223522340626 0.07613290755995972
0.05903907813673043 0.06963905091012325 0.07221034980548929 0.07564835582358095  0.0797196585533152
0.06009504719146149 0.07261223522340626 0.07564835582358095 0.07970869737577371 0.08451645025319179
0.06134531791650621 0.07613290755995972  0.0797196585533152 0.08451645025319179 0.09019687337811183

cov.inverse():
 449245.1139879333 -940630.9979449533 -72919.57148600194  181916.5022044813  382408.7633489705
-940630.9979699401  4946887.903437733  -3327646.82892385 -1331438.869216133  652901.8344894433
-72919.57146897336 -3327646.828927257  5267792.278612511 -1108059.184335078  -759235.520839446
 181916.5022349262 -1331438.869336728 -1108059.184257053  4415730.727802191 -2158181.238154709
 382408.7633264825  652901.8345884612 -759235.5209038504 -2158181.238166834  1882132.996456243

cov*(cov_.inverse()):
     0.999999999992724  2.182787284255028e-11 -2.182787284255028e-11   2.91038304567337e-11                      0
                     0     0.9999999999126885  7.275957614183426e-12                      0                      0
-3.637978807091713e-12 -7.275957614183426e-11      1.000000000007276 -5.820766091346741e-11   2.91038304567337e-11
-7.275957614183426e-12 -3.637978807091713e-11 -1.455191522836685e-11     0.9999999999708962  5.820766091346741e-11
                     0  -2.91038304567337e-11                      0                      0      1.000000000029104
