6
2

0.0001146324656751497
 0.000211351527086175
0.0003813366253981039
0.0004985516618689353
  0.07764136499462079
    0.666120865460144

  -0.0864439821645724    0.6067886028332985   -0.7581726702134851    0.2218713117426026   0.01678166952089072 -0.000853319522495323
   0.2583388179605225   -0.5418870385859565   -0.2478822199533127      0.74477060551529   -0.1258896591334024  -0.08742102986114947
   -0.532398762111267    0.2773233361462824    0.3942654676150257    0.4231380584845715   -0.5523147576793941  -0.01003286045209044
   0.3515855733741034  -0.02415169841800547    -0.136748639315389    -0.214509034973538   -0.6247734225968913    0.6486510109723147
  -0.6211562989489281   -0.3351267497289709   -0.1803224983466928   0.03654097259184561    0.3187645960565261    0.6053037255007891
   0.3645442196167078    0.3851811952736968    0.3963167350164177    0.4119401423564789    0.4322798635819227    0.4528967243803128

0.4003309408185362
0.4000606745872938
0.3999800868651006
0.3997541453219765
0.3994581316410571
0.3991717327800123

0.003612881065247829
  0.4011938260840368

  2.755717997010129  -1.822775600825297   2.007505517411427  0.8397624798826809 -0.9244400762313005  -2.855721958934937
  2.497595860322839 -0.9387359534495057 -0.3713417515558192 0.09348831837423094 -0.0388345337667676  -0.242060667361265

-3.538827398425637e-08  9.798160653610896e-08 -4.167386024015093e-08    -1.781056240857e-07   -0.02083002758156191    -0.1104597376805243
-6.355820443051159e-09  5.993040027894554e-08 -2.432868293095081e-07  1.985365454586744e-07  -0.007989292150423039     0.1392505847384906

cov:
0.06129261645045207 0.06355961264063111 0.06478116633490001 0.06649629072896586 0.06872959115680792 0.07099160089259089
0.06355961264063111 0.06650892953025461 0.06809937182954878 0.07033146776206821 0.07323759197377494 0.07618239489275651
0.06478116633490001 0.06809937182954878 0.06988933012053031  0.0724009942948886 0.07567097252054328 0.07898501325367549
0.06649629072896586 0.07033146776206821  0.0724009942948886 0.07530452795704369 0.07908442006530941 0.08291595410025991
0.06872959115680792 0.07323759197377494 0.07567097252054328 0.07908442006530941 0.08352824011364306 0.08803312240429913
0.07099160089259089 0.07618239489275651 0.07898501325367549 0.08291595410025991 0.08803312240429913 0.09322199656912679

cov.inverse():
 4509317.680826783 -8175065.618900436  1917077.712826449  995095.0164869018  299869.1110871875  454231.0000489658
 -8175065.61786985  35124343.91303352 -31237588.44791513  2038227.424368977  1309474.743047225  938909.0147248777
 1917077.711059293 -31237588.44296607  46264011.52738616 -15668963.25668107 -1423401.210030762  150262.9262972111
 995095.0171905163  2038227.419561291 -15668963.25200764  17580049.79057714 -2883532.831263378 -2060966.019104358
 299869.1111531392  1309474.743432485 -1423401.210628142 -2883532.831217472  4044451.770025338 -1347048.907437743
 454231.0000159281  938909.0152288274  150262.9254032731 -2060966.018581103 -1347048.907537993  1864682.684033887

cov*(cov_.inverse()):
    0.9999999999563443  8.294591680169106e-10 -5.402398528531194e-10  1.164153218269348e-10   2.91038304567337e-11  5.820766091346741e-11
-2.182787284255028e-11      1.000000000654836 -6.602931534871459e-10 -8.731149137020111e-11 -1.455191522836685e-11   2.91038304567337e-11
-5.820766091346741e-11 -1.455191522836685e-11     0.9999999998854037 -1.455191522836685e-10 -4.365574568510056e-11  5.820766091346741e-11
 4.365574568510056e-11   2.91038304567337e-11 -1.764419721439481e-10     0.9999999997671694                      0  5.820766091346741e-11
 3.637978807091713e-11   2.91038304567337e-10 -2.964952727779746e-10 -8.731149137020111e-11                      1  8.731149137020111e-11
 5.820766091346741e-11  3.055902197957039e-10 -1.982698449864984e-10   2.91038304567337e-11 -1.455191522836685e-11      1.000000000029104
