5
2

4.437326798351367e-09
8.933656654456301e-09
 0.003267061501330212
  0.03161042065647354
   0.8530235687174914

  0.2301930069263695  -0.6010299750896275  0.05594766736995919   0.6747343124540847  -0.3569000066110007
  -0.442352757106825   0.5894520146666249  -0.2533286760501502   0.4910668717355803  -0.3892920112973766
  0.3726149197440858  0.01972888183526615  -0.8527360036181636   0.1398040219957873   0.3377351571464875
 -0.6896518710811099  -0.3461271304498543 -0.03717886438190764   0.2408233886490073   0.5875356447091143
  0.3699643714476022   0.4136617848403434   0.4518334655413796   0.4754428104350257   0.5116746476469141

0.5981612172627589
0.6216103759621067
0.6410420534045833
0.6497487935217205
0.6692345042237247

-0.2187139056334903
 0.5342502407729626

 29.90754550236947 -15.87296856229861 -48.71391508499008   18.3286188076853  16.60928222018732
-8.389333941273787  10.72655635588457   15.4213921930529 -9.968315472588195 -6.595092787130386

 3.965205480380237e-16 -6.153918966791648e-16  0.0006462162426294218  0.0008512382179144245    -0.2176636294074159
-2.340639651733591e-16  3.032358889051673e-16 -0.0002101196062366938  -0.004772106383777422     0.1363666755766095

cov:
0.1000727230956763 0.1115981230314086 0.1216577327072493 0.1278258419802517 0.1373414709779225
0.1115981230314086 0.1246321891156731 0.1360148550474949 0.1430253437566832 0.1538112799727622
0.1216577327072493 0.1360148550474949 0.1485612612725969 0.1563040918016298 0.1682015780330736
0.1278258419802517 0.1430253437566832 0.1563040918016298 0.1645402547515048 0.1771585877257674
0.1373414709779225 0.1538112799727622 0.1682015780330736 0.1771585877257674 0.1908526729370059

cov.inverse():
     -3336892055561666       8734696062130431       -805315191510523      -9850940405805418       5215713475146758
      8922022387694497  -2.01775031854341e+16       2972357166118190  1.629643976457851e+16      -7905812810835471
    -757014405492408.6       2800715587183414      28515033482495.53      -4824202431578449       2740545524988930
-1.044309796365605e+16  1.729346806627555e+16      -5109702119848802      916082721888438.8      -2769109679346867
      5571844857945377      -8545227844612706       2901989486682389      -2643332498745942       2773222385177504

cov*(cov_.inverse()):
  1.25  -0.25 0.0625 0.1875 0.1875
  0.25   0.25 0.0625   0.25 0.1875
-0.125   -0.5 1.0625   0.25  0.125
-0.125   0.25 -0.125      1  0.125
 0.125      0      0  0.125      1
