5
2

0.0002190518259738374
0.0004047435798536749
0.0006601950771493183
  0.09670742559646842
    0.582017637046779

  0.2096983862434302   -0.728050639749052    0.645998271691737 -0.04786205401309305 -0.07977662267126266
-0.03857447185394355   0.1835352487676199   0.2159768910796332  -0.8335518090291043   0.4726226684839402
   0.502880767303833  -0.4213382440366217  -0.5773499851370026 0.009898811752474916   0.4859568151350858
 -0.7452610709221539  -0.2811570541331564   0.0119503304140411    0.279560141346154   0.5359477251119211
  0.3824074619721259   0.4238889871701139   0.4500715495964643   0.4739712505483454   0.4968596516939236

0.3992787806084047
0.3993020082536224
0.3992827343408518
 0.399295003823826
0.3992596231510213

0.000438594200038183
  0.3995230357564064

 0.9160996869604683   5.330063018543624  -5.381893047866897  0.8042331380366684   -1.66876220470346
  1.401537978562319 0.06462376318692606 -0.3953798939319842 0.07102933009375831 -0.1418274206785561

-3.392691909527364e-07 -2.749695744706996e-07  2.262885080097149e-07   -0.02726363402493025   -0.08824830040673573
-3.113877991306286e-11  -4.15822942348177e-08  3.650880970497088e-07   -0.01050791039786951     0.1180864036654154

cov:
0.05473099056363519 0.05686945903338461 0.05821815026969344 0.05944898830785735 0.06062700963142173
0.05686945903338461 0.06160565480249835 0.06459447474682879 0.06732244682306963 0.06993478294289872
0.05821815026969344 0.06459447474682879 0.06861909091721334 0.07229252456946794 0.07581065379733749
0.05944898830785735 0.06732244682306963 0.07229252456946794 0.07682956844106037 0.08117457829492962
0.06062700963142173 0.06993478294289872 0.07581065379733749 0.08117457829492962 0.08631219893321319

cov.inverse():
 1505777.347917864 -3711050.452812734  2106153.767536597 -1489.052372857535  100712.4059379914
 -3711050.45276952  11659558.21533975 -9001559.501142718 -217254.2952782952  1270166.403788943
 2106153.767504134 -9001559.501101211  9746509.492805725 -1756426.904398789  -1094627.87044566
-1489.052444226318 -217254.2951472083 -1756426.904428702  4289335.751287787 -2314217.949508235
 100712.4059986098  1270166.403659557 -1094627.870406699 -2314217.949478425  2038024.973018303

cov*(cov_.inverse()):
     1.000000000008185  -2.91038304567337e-11   2.91038304567337e-11                      0                      0
 1.000444171950221e-11                      1  1.455191522836685e-10  -2.91038304567337e-11   2.91038304567337e-11
 -3.54702933691442e-11  8.731149137020111e-11     0.9999999998544808  -2.91038304567337e-11   2.91038304567337e-11
-2.728484105318785e-11                      0  -2.91038304567337e-11                      1                      0
 -2.91038304567337e-11 -4.365574568510056e-11                      0                      0                      1
