6
2

0.0001256692249853794
0.0002001393296325425
0.0002733085338346055
0.0005597785268200226
  0.07506364561296931
   0.6089870439892113

0.007775010957013618  0.04240554376883635  -0.4856088921715511   0.7781907687959544  -0.3927439208230997  0.04996661809115416
 0.06326543094085565  -0.4243456149492604   0.6214210546981465  0.09158724707847528  -0.5998998938397504   0.2479839725520329
  -0.252306491969344   0.6747331294525902   -0.062531854020555  -0.3256722288027505  -0.4475365717968066   0.4132977397143616
   0.615929272192614  -0.2894525932898309   -0.446184666506145  -0.3209820502635071 -0.04196585327350649    0.482676871039551
 -0.6410634030832666   -0.355207742659127  -0.1116900812819869  0.08085999725852973   0.3215101238996999   0.5835095539910913
  0.3767589593442846   0.3910401881430052   0.4031801247240957   0.4127961811499506   0.4247981336128291   0.4378720170842524

 0.398903365591651
 0.398853998993654
0.3988895362377352
0.3988228262108302
0.3987349221499953
0.3986451927695195

0.001327431097796441
  0.3992599361581208

 0.8210325842419082  -1.817065324630802   4.212739555841136   5.656077685510387   -4.43506846135422  -4.437989590052191
  1.520579875515536 -0.5201084100161293  0.3283385451419844  0.4723322395783137   -0.41099345158861 -0.3901713944242531

 6.009440463658579e-08  2.210662146097987e-07 -2.530752850819713e-07 -1.447529694538443e-06   -0.02202882779868889   -0.07239078229888629
 5.366490784494788e-09  2.859983181328047e-08 -6.620190414440935e-08  1.936288400513747e-07  -0.006470313923779912     0.1303335108079465

cov:
0.05495903330589207 0.05592176969946965 0.05673841914204239 0.05738655683584413 0.05819435205559889 0.05907484183163782
0.05592176969946965 0.05742089459002818 0.05869404099374681 0.05970320087384635 0.06096209615853431 0.06233371921291539
0.05673841914204239 0.05869404099374681 0.06035607496850076 0.06167270503912735 0.06331580936850918 0.06510574609529597
0.05738655683584413 0.05970320087384635 0.06167270503912735  0.0632325790046418 0.06517957939029446  0.0673003873847606
0.05819435205559889 0.06096209615853431 0.06331580936850918 0.06517957939029446 0.06750637889263926 0.07004064603831209
0.05907484183163782 0.06233371921291539 0.06510574609529597  0.0673003873847606 0.07004064603831209 0.07302525377578388

cov.inverse():
  2166721.79126661 -3497311.771567059  76621.52696405329  996860.8401211952  288266.5246737591  -31034.3755667088
-3497311.771508391   10971502.4802562 -8039858.614557773 -1525981.240122026  1296903.887835806  794419.9826782822
 76621.52717643387 -8039858.615313123    25260253.493546 -21777909.61231044  3204029.232804665  1277499.299351378
 996860.8396627193 -1525981.238748464 -21777909.61341033  40303593.04785512 -18729996.59859509  732779.1083477392
 288266.5247796137  1296903.887479082  3204029.233201027 -18729996.59873491  21438443.66557335 -7497368.994119528
-31034.37548513435  794419.9824754505  1277499.299511919  732779.1083028143  -7497368.99411388  4723665.936248055

cov*(cov_.inverse()):
     1.000000000014779                      0 -1.600710675120354e-10  9.458744898438454e-11 -3.492459654808044e-10                      0
 7.958078640513122e-12     0.9999999999636202  1.309672370553017e-10 -9.458744898438454e-11 -1.746229827404022e-10  5.820766091346741e-11
-8.185452315956354e-12 -5.820766091346741e-11      1.000000000218279  2.692104317247868e-10 -5.820766091346741e-11                      0
 5.456968210637569e-12  1.091393642127514e-10 -1.309672370553017e-10      1.000000000392902 -3.492459654808044e-10 -5.820766091346741e-11
 1.318767317570746e-11 -1.455191522836685e-11  5.820766091346741e-11 -3.201421350240707e-10                      1 -5.820766091346741e-11
 1.500666257925332e-11                      0  1.164153218269348e-10  8.731149137020111e-11                      0                      1
