5
2

0.0001667824243039816
0.0002587728451661016
0.0004807312624795884
  0.08354129949592236
    0.637424748518696

  -0.1656401283197467     0.537412537715292    -0.738795783782214    0.3713668960481472 -0.004304716229553703
   -0.373429061977731    0.6204079779314197    0.2160324620124027    -0.632624939439712    0.1695887317755496
    0.538273872586555   -0.1340327315539392   -0.4554376192891914   -0.4660012953837438    0.5174126328180723
  -0.6266944029258688   -0.3709943886177486  -0.04930742270115226    0.1669410683499225    0.6628097364404723
   0.3881100964838608     0.413134476547032     0.444585332894876    0.4656670343897285    0.5139927549615134

0.3971917167107498
0.3960088302465691
0.3945656634302362
0.3935619181556609
0.3912716463215637

0.01513000522006274
 0.4003961082429958

   2.170682917840224   -2.415379049303048    4.094343201223557 -0.08091089228731349   -3.770789769713375
   2.550834409496384   -1.547883719929955   0.3846039063167055 -0.04753690229794186  -0.3400264220642262

-1.306342218886016e-07 -1.347907780712929e-07 -5.282786635074274e-07   -0.02218648903324798    -0.1263477267957571
-4.324629709654879e-08 -1.243764394079729e-07   2.89240968959941e-07  -0.008909650942695109      0.131889232041052

cov:
0.06394340623590486 0.06677108837583666 0.07032365613733911 0.07270228426887906 0.07815419545642302
0.06677108837583666   0.070309708514321 0.07475612847459705  0.0777349853585473 0.08456306103295425
0.07032365613733911 0.07475612847459705 0.08032675277769089 0.08406049275678557   0.092619307395175
0.07270228426887906  0.0777349853585473 0.08406049275678557  0.0883012638624948 0.09802234320539174
0.07815419545642302 0.08456306103295425   0.092619307395175 0.09802234320539174  0.1104086532374875

cov.inverse():
 4322599.662629011 -6972094.339234197  2133848.599427535  231097.4298250247  284978.1095525859
-6972094.339571811  16208575.79784348  -12007878.8529461   1583872.46643339  1187933.804154136
 2133848.600087022  -12007878.8539234  21216712.74437846 -10985982.07165546 -358230.6414925487
 231097.4295817055  1583872.466959084   -10985982.071978  11874267.86797558  -2702938.93392589
 284978.1094739528  1187933.804268275 -358230.6414878924 -2702938.933966062  1588652.002768414

cov*(cov_.inverse()):
     1.000000000050932                      0  1.527951098978519e-10 -2.037268131971359e-10 -1.455191522836685e-11
 5.456968210637569e-11     0.9999999998544808  8.003553375601768e-11 -8.731149137020111e-11  -2.91038304567337e-11
                     0 -7.275957614183426e-11      1.000000000211003 -8.731149137020111e-11                      0
-1.455191522836685e-11  1.309672370553017e-10 -1.818989403545856e-10                      1                      0
 2.546585164964199e-11   2.91038304567337e-11 -1.382431946694851e-10                      0      1.000000000029104
