5
2

0.0001279199511697093
0.0001665424739435821
0.0005056330482446629
  0.04278579209251637
   0.6023472848270283

  0.01286552306726567    0.1252982398762119   -0.5994779807326177    0.7397519735347839   -0.2784384988974479
  -0.1358711517208339    0.7018699717751749    -0.486374535894516   -0.3927925400872784    0.3131635421557664
   0.5631025907974742    -0.482439054891509   -0.4517022420516846   -0.1122323901553087    0.4832566664600368
   -0.691866611764667   -0.2533670824507585 -0.004782153121983239    0.2823044717815067      0.61433462321389
    0.430824293893359    0.4412896709079155    0.4472227375560595    0.4540805147937607    0.4620135963786881

0.4027371718896577
0.4029186370233446
 0.402916095298418
0.4029138987709134
 0.402911349945167

3.751158240508133e-05
   0.4029407340354704

-4.520357119810011  5.921434480982275  8.264183242383528  8.145574406045881  -17.8107814648886
0.9172602380554906 0.3893221080373057 0.6580385717928501 0.7982295721046994 -1.762879901486954

  1.09872890619662e-07  -2.22624331772648e-07 -4.769805438664306e-06    -0.0129142846718837    -0.0611564903484929
 1.223088078578986e-08 -2.876367540441801e-08 -2.326704806866981e-07  -0.002918132488773237     0.1484877793327946

cov:
 0.0682196464938017 0.06929998301300784 0.06991256042393308 0.07062095760822777 0.07144054939114393
0.06929998301300784  0.0707723522198825 0.07160696677500808 0.07257176973078727 0.07368786916530241
0.06991256042393308 0.07160696677500808 0.07256752357158903 0.07367771584192008 0.07496198138173038
0.07062095760822777 0.07257176973078727 0.07367771584192008 0.07495590807952061 0.07643444122293813
0.07144054939114393 0.07368786916530241 0.07496198138173038 0.07643444122293813 0.07813774494337229

cov.inverse():
 1916199.231584648 -4402185.781853498  916380.7144748766  2258475.316032981  -688855.927510459
-4402185.781640435  19630659.31408055 -16045659.35863548 -4063470.130915383  4880568.320167116
 916380.7135177312 -16045659.35244459  31288829.29344012 -20014697.97678306  3855285.595679696
  2258475.31726088 -4063470.141620898  -20014697.9643697  39054160.18127213 -17234433.33302165
-688855.9279942731  4880568.324894777  3855285.588500157 -17234433.33008599  9187352.426961539

cov*(cov_.inverse()):
    0.9999999999636202  -2.91038304567337e-10 -6.402842700481415e-10                      0                      0
-2.182787284255028e-11     0.9999999997089617 -5.820766091346741e-11  2.328306436538696e-10 -1.164153218269348e-10
-1.455191522836685e-11 -4.074536263942719e-10      1.000000000349246  2.328306436538696e-10  1.164153218269348e-10
 1.455191522836685e-11 -5.820766091346741e-10  5.820766091346741e-11      1.000000000465661 -1.164153218269348e-10
-7.275957614183426e-12  5.820766091346741e-11                      0                      0                      1
