5
2

9.071558920780924e-05
0.0001409517696681824
0.0003128707083797546
  0.08731864638068418
   0.5606305987352795

-0.03793719304616641    0.205119971416771  -0.6015158823022004   0.7173451155974845  -0.2829862102230396
 -0.2711197704927355   0.7443189103549911  -0.3512275774303211  -0.4086119004774837   0.2866337966404721
   0.620499786715078  -0.3009464021953189  -0.5589063011003302  -0.1831206071105502   0.4224948136179261
  -0.611705426386141  -0.3657928809240457 -0.07908001079437886   0.2608912386214648   0.6462926218814165
  0.4072484812102264   0.4237239529279909    0.442931067632133   0.4656768243950219   0.4914914554849034

0.3996933903106743
 0.399810684291164
0.3999089775737584
0.4000123333928937
0.4001136797169101

-0.0007612671207277923
    0.3997789312352771

 0.5124573111473882 0.06373354922063554 -0.9774849979131622   8.667952202560141  -8.266537364235731
  1.475617176014497 -0.3036474995325424 -0.2217331166131192  0.7865339888176452 -0.7367470090144368

 7.520637094669598e-08 -1.124391000729777e-07 -4.145293976689046e-07   -0.02547129028979166   -0.07031782118700253
 6.483193510450347e-09 -2.147198252825065e-08  6.613587200257977e-08  -0.007967579000594013     0.1188812921279825

cov:
0.05498119621449952 0.05594307987647962  0.0570643765919279 0.05839025914887858 0.05989708599076137
0.05594307987647962 0.05745146241083851 0.05920979831802434 0.06129087037264676 0.06365394844092188
 0.0570643765919279 0.05920979831802434 0.06171089207263679 0.06467245755165867 0.06803386160862795
0.05839025914887858 0.06129087037264676 0.06467245755165867 0.06867791236335426 0.07322288865048779
0.05989708599076137 0.06365394844092188 0.06803386160862795 0.07322288865048779 0.07910987716750344

cov.inverse():
 7808033.631105285 -13010555.07083693  4023177.945320118  1108345.285926137  71118.36133168354
-13010555.07138412  33923376.34532806 -26433296.14529735  3134795.701470552  2386021.936164748
 4023177.946087347 -26433296.14474211  53367721.46981228 -44164574.47066107  13205084.04067659
 1108345.285919064  3134795.698639309 -44164574.46669857  71277054.93074335 -31353279.44799592
 71118.36111869708  2386021.937893508  13205084.03803662 -31353279.44687165  15690156.20083241

cov*(cov_.inverse()):
    0.9999999999445208 -1.746229827404022e-10                      0  2.328306436538696e-10  1.164153218269348e-10
-7.912603905424476e-11     0.9999999998544808                      0 -4.656612873077393e-10                      0
 3.001332515850663e-11  -2.91038304567337e-10      1.000000000232831                      0                      0
-3.728928277269006e-11 -5.238689482212067e-10                      0     0.9999999995343387                      0
-1.082298695109785e-10                      0                      0                      0                      1
