6
2

0.0001086814151959104
0.0001927497150536913
0.0002794765595155687
0.0005713988173585386
  0.07898944041030727
   0.6384818145065037

-0.01422848518519853   0.1225593536514602  -0.6249209232396148   0.7413510618129612  -0.2108466671118611 -0.01388815523509078
  0.1879484800016829  -0.5896378915297352    0.463587252419618   0.3462127837223385  -0.5194576202894281   0.1113098119750842
  -0.295034064636635   0.5554707509171863   0.1354862874854067  -0.1566843817466259  -0.6358063723782077   0.3965487017288628
  0.5729043567071924  -0.1909983835618671  -0.4537539772871119  -0.3598791840926308  -0.1055720402789444   0.5373537576001143
 -0.6434373093891177  -0.3798942325176906 -0.08628753825388583  0.07259573674806312    0.295081183672068   0.5847052383694452
   0.367691238310609   0.3846538653867268   0.4035665420138422   0.4137658128888013   0.4280646678813387   0.4466957526950071

0.4005083683174933
0.4003178011892998
0.4000649814108626
 0.399994279102557
   0.3997780393953
0.3994973210096521

0.003404862548252035
  0.4011383478958028

   0.21243849454704   2.872348206835733 -0.5794217851874079   3.014217365014226  -2.222579532724278  -3.297102298060214
  1.491243813216492   -0.13941741477112 -0.1316423520727162   0.265819763238642 -0.2019162647651665 -0.2840221695939435

 4.086961608654167e-08 -3.389558649548248e-09  8.495815376908298e-08 -9.095588636713242e-07     -0.022104314659755     -0.092902596590346
 3.396377247539852e-09  1.734119596876628e-08 -4.382939872630522e-08  2.330321063664866e-07   -0.00687295142701831     0.1378889550002015

cov:
0.05769748584761619 0.05918186608361469 0.06083798640643062 0.06172894963297156  0.0629791014041749 0.06460913479495754
0.05918186608361469 0.06121716454661234 0.06348685850448391 0.06470956909940689  0.0664243653003736 0.06865936066601162
0.06083798640643062 0.06348685850448391 0.06644031278861262 0.06803270364498995 0.07026528457153207 0.07317442316793431
0.06172894963297156 0.06470956909940689 0.06803270364498995 0.06982503842329754  0.0723376341078116 0.07561134576344063
 0.0629791014041749  0.0664243653003736 0.07026528457153207  0.0723376341078116 0.07524250174338018 0.07902685198011004
0.06460913479495754 0.06865936066601162 0.07317442316793431 0.07561134576344063 0.07902685198011004 0.08347630937019032

cov.inverse():
 3087717.193815893 -5563808.167116358  1790038.488218014  818750.2111669233 -157513.0066196416   24781.7995198711
-5563808.167056113  14691768.61496652 -12612773.01734055  1293939.804011534   1596524.12301166  595054.7727693815
 1790038.488129963 -12612773.01628579  39713054.27004185 -34674390.69969594  3717355.853919489  2064761.486407663
 818750.2111881324  1293939.802495847 -34674390.69820055  50467693.66582001  -16682526.8090142 -1222190.390622152
-157513.0066537822  1596524.123503413  3717355.854414742 -16682526.81050746  16236443.86333797 -4710098.743538034
 24781.79956060402  595054.7727987717  2064761.485383697 -1222190.389127882 -4710098.744078424  3247529.710455593

cov*(cov_.inverse()):
      1.00000000004502 -1.309672370553017e-10 -5.820766091346741e-11  5.820766091346741e-11                      0                      0
 4.001776687800884e-11      0.999999999825377  8.731149137020111e-11 -3.055902197957039e-10  3.492459654808044e-10 -8.731149137020111e-11
   5.3887561080046e-11 -4.365574568510056e-11      1.000000000232831  4.220055416226387e-10  5.820766091346741e-11 -5.820766091346741e-11
 4.297362465877086e-11 -1.673470251262188e-10  1.164153218269348e-10     0.9999999994324753   2.91038304567337e-10 -5.820766091346741e-11
-1.818989403545856e-12 -9.458744898438454e-11   2.91038304567337e-10  4.220055416226387e-10      1.000000000116415                      0
 4.547473508864641e-13  -2.91038304567337e-11  1.164153218269348e-10 -1.891748979687691e-10  5.820766091346741e-11                      1
