5
2

 0.000150686863380041
0.0003737512296481401
0.0006938481283711819
   0.1016825332556801
   0.5868048446543721

 -0.0622843565282785   0.6565709581679748   -0.743834569229042  0.09153409414243499  0.05802481410237498
-0.08150927103509027   0.2580272872570843   0.1705385151289186  -0.8206313997087519   0.4735597939392205
  0.5524230587938224  -0.5097107603499128   -0.465153628358824 -0.04310939267774887   0.4656150633129984
 -0.7353368577563568   -0.247834895817303 -0.07765908586434017   0.2969589258520102   0.5510372335693564
  0.3789265989674922   0.4255693846129889   0.4418460330078851   0.4776427451991235   0.5019310934270672

0.4001995000656049
0.4000249541767906
0.3998955899141438
0.3996365386399853
0.3994580368188898

0.002029851298673018
  0.4006542281903265

0.03003950127458152   2.036543880408777   2.120842124033341 -0.8579871965608638  -3.329975089884166
   1.31175700218256 -0.2653485035727686  0.2996979906188879  -0.066555356592087 -0.2796063512701518

-1.167223262354056e-08  1.658061175625064e-09 -1.695324719553772e-06   -0.02875623785756105   -0.09161860211123873
-1.137969531409906e-08 -2.822720654876169e-08  2.855672065991322e-07   -0.01133121754782987     0.1185985845643229

cov:
0.05503301233267632 0.05741222826435353 0.05824218397733017 0.06006486368815513 0.06130238626155458
0.05741222826435353 0.06299837165247273 0.06494745860004369 0.06923306153283672 0.07214114765875541
0.05824218397733017 0.06494745860004369 0.06728724304604305 0.07243261273043777 0.07592387601038539
0.06006486368815513 0.06923306153283672 0.07243261273043777  0.0794704687374363 0.08424516153690659
0.06130238626155458 0.07214114765875541 0.07592387601038539 0.08424516153690659 0.08989081133224364

cov.inverse():
 852351.6467387347 -2536405.160489989  1407094.206007737  178272.4872594436  98757.02172555309
-2536405.160645411  20001363.03868056 -20700862.75105249  1176567.828965303  2059565.285801972
 1407094.206194159 -20700862.75097027   25024625.1776634 -3958735.798671413 -1772555.349606205
 178272.4872868434  1176567.827974939 -3958735.797469068  5193791.710933866 -2589772.354543183
 98757.02166715515  2059565.286554689 -1772555.350539913 -2589772.354303778  2204036.380507544

cov*(cov_.inverse()):
    0.9999999999763531 -1.891748979687691e-10 -2.037268131971359e-10   2.91038304567337e-11                      0
 2.819433575496078e-11     0.9999999995052349  4.365574568510056e-10  -2.91038304567337e-11                      0
 3.637978807091713e-12                      0      1.000000000087311 -5.820766091346741e-11                      0
  -1.2732925824821e-11  -2.91038304567337e-11  8.731149137020111e-11     0.9999999999417923  5.820766091346741e-11
-1.818989403545856e-12  8.731149137020111e-11  1.164153218269348e-10                      0                      1
