5
2

 0.000115176144424966
0.0002208351892520879
0.0003797809144854783
  0.05697584042119056
    0.594352812121906

-0.08541636057917497   0.6065374750755201  -0.7587657063523788   0.2209361722017923  0.01667775017250279
  -0.305897218822399    0.541784367886378   0.2661332534477518   -0.707119904000039   0.2050637047528616
  0.5259775313365561  -0.2757171515079676  -0.3902777270796082  -0.4225284649760747   0.5625661569308728
 -0.6731777484999603  -0.2738603425190219 -0.05775004515199414   0.2449953227729285   0.6391200637002563
  0.4114733190812692    0.433084928394728   0.4447425348484307   0.4611026320507679   0.4824060456648775

0.4002353777558824
0.3999731933010029
0.3998970529110973
0.3996770408564452
0.3993905921558134

0.003508128196455813
  0.4010756733050825

  3.428262217303644   -0.42559447398566   2.285819483410648  -2.232232610025429   -3.05608373593744
  2.551797473665915 -0.8054198873185193 -0.3617281561687267  -0.167417002500965 -0.2171069208197551

  -3.7535118024096e-08  1.369510595182919e-08  3.639887744343225e-08   -0.01565785898722499   -0.09207265366381517
-6.269627911254453e-09 -6.044115703329837e-08  2.385669097956505e-07  -0.005376188721260193     0.1265979804361305

cov:
 0.0612808926861658 0.06354954776459704 0.06477177146311687 0.06648821655404528 0.06872355695150792
0.06354954776459704 0.06650095716870429  0.0680923092265715 0.07032607015264938 0.07323486865150845
0.06477177146311687  0.0680923092265715  0.0698833105161665 0.07239683019598056 0.07566983081078736
0.06648821655404528 0.07032607015264938 0.07239683019598056 0.07530249263332904 0.07908590163156357
0.06872355695150792 0.07323486865150845 0.07566983081078736 0.07908590163156357 0.08353406493182146

cov.inverse():
 4386951.908651046 -8309204.547679614  1793134.483127436  1471904.272801273  657737.7129424857
-8309204.549010066  34278550.37603478 -30990235.25378723  3053835.388876097  1965228.091120916
 1793134.485652864 -30990235.25901452  45908420.31704808 -15352684.13081912 -1357126.611722342
  1471904.27141798  3053835.393688953  -15352684.1345199  15170440.11210351 -4343553.192616697
 657737.7131308608  1965228.090204951 -1357126.610723749 -4343553.192887651  3077583.564649553

cov*(cov_.inverse()):
     1.000000000021828   2.91038304567337e-11  1.455191522836685e-11 -1.164153218269348e-10 -5.820766091346741e-11
-2.182787284255028e-11      1.000000000087311 -1.600710675120354e-10 -1.164153218269348e-10   2.91038304567337e-11
-8.003553375601768e-11  5.238689482212067e-10     0.9999999994033715   2.91038304567337e-10  -2.91038304567337e-11
-8.003553375601768e-11  3.492459654808044e-10 -5.820766091346741e-11     0.9999999998835847  -2.91038304567337e-11
  2.91038304567337e-11  1.455191522836685e-10  2.182787284255028e-10                      0     0.9999999999708962
