8
2

9.000468396805906e-05
0.0001611424896158289
0.0002356761835177987
0.0003442386234796957
0.0004526871140604106
 0.000786652061904267
   0.1156543710141922
   0.7934428898529069

-0.006319541370713549    0.0540009464618505   -0.4964638394671237    0.7781809121379896    -0.379493845884135   0.02525801431774062  0.007957777315322741   0.01688824125625594
  0.06955609167593267   -0.2934028348267764    0.5559824398401315   0.02389003562168642   -0.6996271477181468    0.3285439801935197   0.03801249981910235  -0.02291891196508039
  -0.2315553384010472    0.6486844144562541   -0.2441150095360985   -0.3396532119583762   -0.2504588846177101    0.5275144918041221  -0.01312392487314715  -0.09726656195059047
    0.290062782993307   -0.4653789461954252   -0.2853828701494074   -0.0165570104895263    0.2961859065727357     0.648496652555671   -0.2332304389457764   -0.2343033587255762
 -0.09032244926580717   0.09077512931298422    0.1318207605697107   0.08340338440241318   0.02284309662066412   0.05172919078322079   -0.8211350959972051    0.5308562248756584
    0.648461991069483  -0.02597487676186501   -0.3558658433697151   -0.3704988410015505   -0.2963712662584469   -0.1431279364087632    0.1003684407998816    0.4433024979647783
  -0.5846617608363177   -0.4082802848222088   -0.2207937472744048   -0.1306962761182203   0.01476068741595979    0.1731512536736811    0.3284556778343576     0.536250009017476
   0.2947494654794002    0.3130847039977067    0.3325726567316749    0.3419331263385432    0.3570362986528545     0.373441516630875    0.3894910095165495    0.4110245180467253

0.3981808933452787
0.3971180384204032
0.3959462282977259
0.3954507792257447
0.3945143135808454
0.3935189874414089
0.3925590586059657
0.3912510969816974

0.01497238484921935
 0.4002918285791291

  0.3719299112932575    1.133632452807424   -3.444308145349866    2.604816227467668    3.247133619638805   0.3422281613665535  -0.5124932645045547   -3.745117062472882
   1.384278925138566 -0.00514343128293783  -0.8874011610351462   0.6283178950951952   0.2262204254130347  0.02057363170472803 0.006399248910077052  -0.3732529747020741

 2.029187928261023e-08 -1.104237221623403e-07  1.908343775972001e-08  3.200506930984897e-07 -3.366689343589675e-07 -1.392738611787908e-06   -0.03116210333525165    -0.1523894620679419
 6.714785226300696e-09 -1.358815783745998e-08 -1.834265527585867e-08  9.634953004342562e-08  -7.93551721572572e-08  4.616278124721244e-07   -0.01183201234016596     0.1659817639162721

cov:
0.05926627375194002 0.06128887559476024 0.06343872713336471 0.06447106239173087 0.06613611513881058  0.0679416552549478 0.06970534696745917 0.07207618427186385
0.06128887559476024 0.06393965400547717 0.06675685652487212 0.06810978468157719 0.07029229426289373 0.07266081920721892 0.07497609567948056 0.07808563972011615
0.06343872713336471 0.06675685652487212 0.07028346747796173 0.07197717891053126  0.0747097382312438 0.07767670522920643 0.08057830588486285 0.08447308978810406
0.06447106239173087 0.06810978468157719 0.07197717891053126 0.07383466070708768 0.07683152463870076 0.08008604377624218 0.08326937077098212 0.08754145508765619
0.06613611513881058 0.07029229426289373  0.0747097382312438 0.07683152463870076 0.08025503795560811 0.08397371036970287 0.08761179565629547 0.09249291437078393
 0.0679416552549478 0.07266081920721892 0.07767670522920643 0.08008604377624218 0.08397371036970287  0.0881974762472099 0.09233030085643287 0.09787408899484734
0.06970534696745917 0.07497609567948056 0.08057830588486285 0.08326937077098212 0.08761179565629547 0.09233030085643287 0.09694821301589683  0.1031410481420345
0.07207618427186385 0.07808563972011615 0.08447308978810406 0.08754145508765619 0.09249291437078393 0.09787408899484734  0.1031410481420345   0.110203801689967

cov.inverse():
 2585950.091238442 -4738718.140419151  1764713.126815134  407385.6033496395 -129499.9700952404  75771.29283934749  46512.20232825855 -12059.57189689149
-4738718.140404102  13120056.65799386 -11248470.14644187  1068234.535280176  1309702.864012046  99023.43858801927   18261.0840235711  372268.4335181693
 1764713.128762026 -11248470.15048867  44379887.78881247 -45380275.41628453  8850202.212664139  1721935.806074274  359635.0604149963 -447423.1823510381
 407385.5990035559  1068234.544723277 -45380275.41986357  77110475.22121644 -35421561.14715663 -481078.4468800293  517959.6217258298  2179397.936454757
-129499.9671285688  1309702.857025065   8850202.21373724 -35421561.14184159  38642103.28305031 -10718710.64251004 -2060334.329629596 -473810.4493692301
 75771.29238212797    99023.440033558  1721935.806633047 -481078.4519376953 -10718710.63807975  12840708.93198895 -1125730.840498233 -2411853.178077556
 46512.20246960784  18261.08354876571  359635.0603404092     517959.6236641 -2060334.332158217  -1125730.83947242   3832172.98277001 -1588047.802677824
-12059.57216366872  372268.4341534206 -447423.1824291731  2179397.935776795 -473810.4489030705 -2411853.178183417 -1588047.802650494  2381804.384140801

cov*(cov_.inverse()):
    0.9999999999846523  1.164153218269348e-10 -8.731149137020111e-11  9.604264050722122e-10 -1.309672370553017e-10  1.746229827404022e-10  1.455191522836685e-11  5.820766091346741e-11
 4.774847184307873e-12      1.000000000141881   2.91038304567337e-11  3.492459654808044e-10  2.764863893389702e-10  8.731149137020111e-11  4.365574568510056e-11                      0
-1.466560206608847e-11   8.36735125631094e-11     0.9999999997526174  1.426087692379951e-09 -8.731149137020111e-11  1.164153218269348e-10                      0  8.731149137020111e-11
-1.818989403545856e-11 -3.637978807091713e-12  1.091393642127514e-10     0.9999999991559889  2.619344741106033e-10   2.91038304567337e-11  5.820766091346741e-11                      0
 1.227817847393453e-11  4.365574568510056e-11 -5.456968210637569e-10  6.402842700481415e-10      1.000000000167347 -1.164153218269348e-10   2.91038304567337e-11                      0
-5.115907697472721e-11  1.091393642127514e-10 -2.619344741106033e-10  6.984919309616089e-10  6.693881005048752e-10     0.9999999999417923   2.91038304567337e-11  5.820766091346741e-11
-1.250555214937776e-11  1.091393642127514e-10 -7.785274647176266e-10    7.8580342233181e-10 -2.037268131971359e-10                      0      1.000000000087311  5.820766091346741e-11
 2.273736754432321e-13  5.820766091346741e-11  -2.91038304567337e-11  2.619344741106033e-10  3.565219230949879e-10 -5.820766091346741e-11                      0                      1
