5
2

0.0002513653459732845
0.0003918465316724087
0.0004767991366919932
   0.0875656144013694
   0.6498051873686018

-0.4222753123663617  0.7522025315569362  -0.488731838310763 0.03243628039786935  0.1263486842850421
-0.3935126759377186  0.2832111041057012  0.7142774987084572 -0.4921442706048823 -0.1119862319088576
-0.2678341961302667 0.05609031874296262  0.1927887522357826  0.6756941113162388 -0.6568018608914675
-0.6722221893265115 -0.4333180987607206 0.06941039514926646  0.2676378103704948  0.5328273200285206
 0.3784356035081174  0.4038218957167546  0.4571252991432058  0.4780683790185087  0.5061634680644423

0.3972970136070795
0.3961061271642013
0.3936447860352854
 0.392669026824967
0.3913407230202479

0.01521495400354157
 0.4005195239020335

     1.700853789504785 -5.285812068714368e-05       2.07663809270467    -0.1591789405662983     -3.619999802807801
     2.509566948139788     -1.334604451777528     0.1665563644566179   0.002125786455234174    -0.3436250908131485

-1.387363646526204e-07  1.992540501917331e-07  5.035226033989607e-07   -0.02277797515199386    -0.1332120944570014
-1.382711479696853e-07 -1.856525575824867e-07 -1.108874763136313e-07  -0.009811954075289318     0.1325812307657415

cov:
0.06393641073641769 0.06676146335201173 0.07268770909920269  0.0750125528460272 0.07813511426135257
0.06676146335201173 0.07029645741370755  0.0777149650937931 0.08062737608549465  0.0845368333594668
0.07268770909920269  0.0777149650937931 0.08827122537311577 0.09241902556292403 0.09798305056122568
 0.0750125528460272 0.08062737608549465 0.09241902556292403 0.09705361904141918  0.1032689557541358
0.07813511426135257  0.0845368333594668 0.09798305056122568  0.1032689557541358  0.1103572498576311

cov.inverse():
 4146279.424162102 -5819001.975970143  1208558.002529821  248441.8162598019  216346.9733663363
-5819001.976027591    9491105.7164745 -4453233.572307576 -354912.7466295824  1135523.412368087
 1208558.002797488 -4453233.572708508  7266610.637718337 -1967313.211824664 -2055241.952691485
 248441.8160012908 -354912.7461898956 -1967313.212069145  3602404.826784603 -1528327.907356384
 216346.9734145962  1135523.412271942 -2055241.952580318  -1528327.90741967   2231940.85169092

cov*(cov_.inverse()):
     1.000000000003638  -2.91038304567337e-11   2.91038304567337e-11                      0  -2.91038304567337e-11
 1.818989403545856e-11      1.000000000130967                      0  -2.91038304567337e-11                      0
 1.164153218269348e-10 -7.275957614183426e-11      1.000000000058208   2.91038304567337e-11  -2.91038304567337e-11
 4.001776687800884e-11  1.455191522836685e-11  -2.91038304567337e-11                      1   2.91038304567337e-11
                     0 -1.455191522836685e-11                      0                      0                      1
