5
2

0.0003192818088404923
0.0004031134032544371
 0.000609260531106426
  0.09808770022165171
   0.5640883908779946

-0.1797488208308442  0.6621156298761253 -0.6529753714181333  0.2954961814666917 -0.1248936553377233
 -0.271610738323347  0.4320091736380933 0.09910389250332115 -0.7197168899130839  0.4601974549956856
 0.6216387836932781 -0.2443543893855812 -0.5878114835900499 -0.1998103061827287  0.4103774558856405
-0.5879979671949119 -0.3736340071992237 -0.1699470464450748  0.3569871981675091  0.5986101911828839
 0.4021710847641344  0.4191175582322031  0.4351979365487633  0.4767867311493867  0.4958589113696521

  0.39670058548322
0.3963156085854343
0.3960402396811372
0.3950031096592933
0.3945308139338025

0.005762104233554401
  0.3976216955806366

    1.34931726953191    -3.41563531354701    6.269215783022834  -0.5865553878924986   -3.616710555519569
   1.596308571905166  -0.7122429518381739   0.4939247413651151 -0.04483057235398197  -0.3331788382588458

-6.441998441286994e-07 -4.002415038624188e-07 -1.254175539657325e-06   -0.02845012534716595   -0.07432624026387685
-1.073108949671166e-07 -1.321750607744494e-07  2.777532456923297e-07  -0.009350814809397819     0.1183199090519919

cov:
0.05479208461556213 0.05574775423822607 0.05665319867171261  0.0589943924811315  0.0600682186457874
0.05574775423822607 0.05723734767666116 0.05864955344004382 0.06230163850115353 0.06397654258752575
0.05665319867171261 0.05864955344004382 0.06054344374980519 0.06544083373486709 0.06768675088883011
 0.0589943924811315 0.06230163850115353 0.06544083373486709 0.07356025905787257 0.07728342108745308
 0.0600682186457874 0.06397654258752575 0.06768675088883011 0.07728342108745308 0.08168441019788086

cov.inverse():
 1812010.593443694 -2298758.018271664  1336.466124746767  347290.3334607664  138240.5232706236
-2298758.018240244  5609874.885584977 -3590713.344850949  137419.2079352586  142075.9832964247
 1336.466079468478 -3590713.344781023  5173862.824880114 -2015309.402341635  430794.4074284569
 347290.3334783515  137419.2078671425 -2015309.402282618  4151761.400565765 -2621128.022704315
 138240.5232668944  142075.9833260378  430794.4073940874 -2621128.022695829  1910012.870404016

cov*(cov_.inverse()):
    0.9999999999836291 -5.093170329928398e-11  3.637978807091713e-11                      0 -1.455191522836685e-11
-1.818989403545856e-11      1.000000000045475  1.455191522836685e-11                      0 -1.455191522836685e-11
-2.364686224609613e-11  2.728484105318785e-11      1.000000000003638                      0 -1.455191522836685e-11
 7.275957614183426e-12 -4.365574568510056e-11  7.275957614183426e-12      1.000000000058208                      0
 1.818989403545856e-12 -9.094947017729282e-12 -7.275957614183426e-12  -2.91038304567337e-11                      1
