5
2

0.0003023998115467229
 0.000391680884393496
0.0005609726969325889
  0.08373875352096213
   0.5597625918862426

0.005936115066788206   0.2288698758647613  -0.6025672154811292   0.6922433877469147  -0.3244921962198097
 -0.2803392618414167   0.7167906990400081  -0.3695413671259578  -0.4000811522363127   0.3331594838030103
  0.6032249254025287  -0.3407505521815492  -0.5458472337821518  -0.1598554292035636   0.4432897355991911
 -0.6251461011929629  -0.3708252714516057 -0.07725983269738675   0.3384826406933015   0.5925718440973566
  0.4082728283200768   0.4245083661510067   0.4432083532989212   0.4696912895183101   0.4858625246301814

0.3994022676535412
0.3993575414143841
0.3993949577729774
0.3992697726663246
0.3992036348682364

0.000978097139333412
  0.3996978377739598

  2.669254074849118  -4.856315165770659   7.847605269218262  -1.337860690928778  -4.323270072076969
  1.718457428187891 -0.8582998929402927  0.6503777786155293 -0.1203935674463641 -0.3901676958450557

-4.890135224205797e-07 -1.232582411716076e-06 -8.563473575937248e-07   -0.02446426342405547   -0.06972773008305166
-4.891149926202619e-08 -2.177150307094542e-07  2.581605962804258e-07   -0.00756059624736005     0.1188730836882021

cov:
 0.0549691774302855 0.05593105000662438 0.05703638449364078 0.05860184742215831 0.05955681375070786
0.05593105000662438 0.05742949398055461 0.05915336378857802 0.06159486789926872 0.06308514021064014
0.05703638449364078 0.05915336378857802 0.06159137501563367 0.06504375326045388 0.06715174568936956
0.05860184742215831 0.06159486789926872 0.06504375326045388 0.06992808511923744 0.07291095227377412
0.05955681375070786 0.06308514021064014 0.06715174568936956 0.07291095227377412 0.07642876612066542

cov.inverse():
 1669028.727493986 -1948108.520842216 -410156.0595791799  469566.4791428701  219823.2841293551
-1948108.520811826  4290841.011809704 -2643644.388846665  36334.94352670003  264441.6608307146
-410156.0596595017 -2643644.388686899  5807474.165904313 -3320448.030981865   566766.504393609
 469566.4792393841  36334.94325117311 -3320448.030761037  6364854.582786161 -3550388.408565613
 219823.2840827677  264441.6609768713  566766.5042522264 -3550388.408523804  2499445.375035859

cov*(cov_.inverse()):
     1.000000000010914  2.000888343900442e-11  1.455191522836685e-11   2.91038304567337e-11   2.91038304567337e-11
 2.182787284255028e-11      1.000000000003638 -5.820766091346741e-11  5.820766091346741e-11                      0
   1.2732925824821e-11 -3.637978807091713e-12      1.000000000043656 -5.820766091346741e-11   2.91038304567337e-11
 2.000888343900442e-11  3.274180926382542e-11 -5.093170329928398e-11      1.000000000058208                      0
 1.455191522836685e-11 -7.275957614183426e-12  7.275957614183426e-12                      0                      1
