5
2

0.0001988309809060219
0.0005198388659368987
 0.001632164457761772
    0.114116743622895
   0.6880679619548347

 -0.4960639662216257   0.7710003910358517  -0.3894780693801446  0.08220446886092414  0.03206551434552393
  0.4266919433613462  -0.1718389979402289  -0.7975407744493661   0.3216431030163606   0.2210877012186074
  0.1487358681243132   0.1086013940724551 -0.08751137149823657  -0.7709902911679415   0.6033233871831071
 -0.6367354720031593  -0.4515938490578727  0.01815917481194404   0.2570657017634108   0.5694017944589249
  0.3798685392516848   0.4003729367827913   0.4519375518711272   0.4788312181582969   0.5117367664185251

0.3618939498482644
0.3544731020751956
0.3353697072010855
0.3252620752509342
0.3132345587110338

0.1021110301316101
0.3751142637462665

   33.70067279606376    -45.9690294674702    19.04959809047997   -5.147552644483797   -1.577466167738892
  -7.540898776065331    7.043446198124386 -0.00312399677335401    10.60059853266653   -9.215442878966302

-2.374119399679611e-06  1.373270797564375e-06  3.649979469284859e-06   -0.03352844599797202    -0.1258196172764344
 3.853910269037036e-07 -8.251006347917068e-07  -3.75332137418681e-05   -0.01174010226696251      0.148687671083206

cov:
0.07359699494882922 0.07574928944098602 0.08112757142703297 0.08398307940749217 0.08731159750261294
0.07574928944098602  0.0785471781942903 0.08555867949332605 0.08925118585675583 0.09365205508330648
0.08112757142703297 0.08555867949332605  0.0967029465388673  0.1025136357046829  0.1096278081795059
0.08398307940749217 0.08925118585675583  0.1025136357046829  0.1094116233975624  0.1179139685805422
0.08731159750261294 0.09365205508330648  0.1096278081795059  0.1179139685805422  0.1282043820912468

cov.inverse():
 6906614.141965822 -9939647.513929699  3622926.857231165 -566680.1226606725 -19602.49657052034
-9939647.513943283  15150018.19982435 -7092146.598108775  1367208.557192012  509340.3439857273
 3622926.857268967 -7092146.598157851  6193722.343712915 -1733802.540360975 -988219.6875940615
-566680.1226829642  1367208.557226139 -1733802.540375414   776907.920901129  155225.0515185823
-19602.49657242272  509340.3439870575 -988219.6875908864  155225.0515159827  343552.3117397019

cov*(cov_.inverse()):
    0.9999999999295142  1.673470251262188e-10                      0 -7.275957614183426e-12  1.091393642127514e-11
 -8.86757334228605e-12     0.9999999998981366  1.309672370553017e-10 -3.637978807091713e-12                      0
-1.259650161955506e-10  7.275957614183426e-12                      1                      0                      0
-1.300577423535287e-10   2.91038304567337e-11 -8.731149137020111e-11       1.00000000003638  7.275957614183426e-12
 5.638867150992155e-11  5.820766091346741e-11 -1.455191522836685e-11 -3.637978807091713e-12                      1
