7
2

 9.00723647458465e-05
0.0001666940032998366
0.0002782568790579004
0.0004418860957976543
0.0005095759276607053
  0.09149049129947455
   0.7585555846954994

-0.03922830167470537   0.4870999978372813  -0.7822260482869187   0.3851342818802567 -0.02477433418407122 -0.00873076861031798 -0.01728388850514542
 -0.1663706355027654   0.5485004881748535 -0.02251739549403743  -0.7334555501311166   0.3615929580379806  0.03915436415490101 -0.02685921557581882
  0.3523582722499826  -0.4440733677896238  -0.3327550382537807  -0.0414863796988614   0.7262164503880809 -0.08043243061269059  -0.1798214339411921
 -0.2919805483389576   0.1132224506131084   0.1948083207315255   0.2350451442729833   0.2901553940885938  -0.8082777926075989   0.2668864770927509
  0.5523640486057778 -0.04690719835122764  -0.2234267044104307  -0.3357220531449204  -0.2958139859488243  -0.2618438796288032   0.6115527383285361
  -0.591822405444419  -0.3597232215765187  -0.2481918153930992 -0.06791441889373671   0.1283705268867389   0.3209289023111019   0.5784976631232042
  0.3255966178888048   0.3467841488267037   0.3569600951090418   0.3733972898858532   0.3912433680894765   0.4087184432987438   0.4321566984104355

0.3972659691399941
0.3960889403123157
0.3955901863167247
0.3946514399957841
0.3936540924335389
0.3926895972847161
0.3913769295218414

0.01505463241659043
 0.4004557201980956

   1.991840065803141     -2.8843768400849    1.509364956594427    3.251851304047337  0.06525311140781309  -0.4647122375993232   -3.471302859990606
   2.548637004868061    -1.65647275708461   0.2140045481777101   0.2668229850332564 -0.03347047870168485 -0.01011174160489293  -0.3294141101216482

-1.094401882510191e-08 -1.176470592905369e-07  1.590766754974471e-07 -7.452805087989486e-08 -5.748878305087543e-07   -0.02415395599458119    -0.1514801853285088
-7.828042687250582e-09 -4.270197399319404e-08  1.228834729556903e-07 -1.790079892189238e-07   3.01000971284088e-07  -0.009892361942526554      0.156409710962245

cov:
0.06393257678016277 0.06675214986970718 0.06810608348608889 0.07029252338720006 0.07266364526084797 0.07498374883403558 0.07809901930241481
0.06675214986970718  0.0702811400769305 0.07197582541271698 0.07471289288282888 0.07768289518490605 0.08059009658465587 0.08449146881754332
0.06810608348608889 0.07197582541271698 0.07383424941864306 0.07683587168339549 0.08009360742256745 0.08328287732172517 0.08756192478502785
0.07029252338720006 0.07471289288282888 0.07683587168339549 0.08026503441582668 0.08398774736100822 0.08763284968942943 0.09252223457188864
0.07266364526084797 0.07768289518490605 0.08009360742256745 0.08398774736100822 0.08821629572493161 0.09235715035726262 0.09791041635983591
0.07498374883403558 0.08059009658465587 0.08328287732172517 0.08763284968942943 0.09235715035726262  0.0969843786745663  0.1031882590015248
0.07809901930241481 0.08449146881754332 0.08756192478502785 0.09252223457188864 0.09791041635983591  0.1031882590015248  0.1102639782376494

cov.inverse():
 4400963.961982283 -7929287.033241586  1636182.758258318  1274859.441250223  196561.0000280681  93362.79052266289  327819.3860860175
-7929287.030753423  42693323.51264076 -45346910.37639356  9079962.472985826    1706790.2393254  288623.0118703549 -492298.4239846711
 1636182.752989315 -45346910.36678516  77254036.07199386  -35837085.6920616 -481411.1421830459  574624.1697392096  2201069.191517383
 1274859.444437187  9079962.466435377  -35837085.6887176  38382053.63971739 -10377970.11059218 -2039288.863457959 -484580.4178796467
 196560.9998458982  1706790.238455719 -481411.1421227284 -10377970.10894316  12360707.70789794 -1121005.094354051  -2283444.17372961
 93362.79069052466  288623.0102962346  574624.1723010206 -2039288.864988175 -1121005.094016863  3757978.319350129 -1553857.639422326
 327819.3856941153 -492298.4221106814  2201069.189891067 -484580.4180184598 -2283444.173409012 -1553857.639459851  2285525.072063599

cov*(cov_.inverse()):
     0.999999999996362  1.891748979687691e-10  4.656612873077393e-10  1.455191522836685e-10  3.783497959375381e-10 -8.731149137020111e-11 -5.820766091346741e-11
 7.639755494892597e-11      1.000000000160071  7.275957614183426e-10  5.093170329928398e-11  1.746229827404022e-10                      0 -5.820766091346741e-11
-5.820766091346741e-11  2.182787284255028e-11      1.000000000814907 -4.292814992368221e-10  8.731149137020111e-11  -2.91038304567337e-11 -5.820766091346741e-11
 3.637978807091713e-12 -2.037268131971359e-10   -7.8580342233181e-10      1.000000000494765 -1.455191522836685e-10  -2.91038304567337e-11  -2.91038304567337e-11
-3.637978807091713e-12  2.255546860396862e-10  5.529727786779404e-10  4.074536263942719e-10     0.9999999999126885                      0  -2.91038304567337e-11
 7.275957614183426e-11 -4.292814992368221e-10  7.566995918750763e-10 -4.365574568510056e-11 -1.746229827404022e-10     0.9999999998835847                      0
  1.01863406598568e-10 -4.365574568510056e-11  -2.91038304567337e-11  2.182787284255028e-10   2.91038304567337e-11                      0     0.9999999999708962
