6
2

0.0001108486978706419
0.0002779409486598437
0.0004208726234040467
 0.000485305055883351
  0.09125301674395628
   0.7038191512096701

-0.09772872675761578   0.6788849503644879  -0.7134906193703983   0.1401844355920114  0.01624686609372452 -0.02407944279398072
  0.3650857215249726  -0.4632680338485484  -0.3486897284533321   0.7023063567830481 -0.07947086029380986  -0.1759567606263403
 -0.4504868535706851   0.2078035854758717    0.337602074746083   0.4817204199246004  -0.6358917279990136  0.05908680936207965
  0.4091448772232027 -0.06305438519769753  -0.2000161368227455  -0.2519159060667527  -0.5468305480553987   0.6527885468847121
 -0.6032242857732553  -0.3711573753390285  -0.2596486653573317   0.1169152128567067    0.309459379426623   0.5670193646168594
  0.3506337650031235   0.3736067050855247    0.384639524824722   0.4218160162212611   0.4407645359679522    0.466180545486043

0.3972933302463049
0.3961063409554084
0.3956029920056494
0.3936510313831065
 0.392678291518519
0.3913543682764711

0.01517202457111196
 0.4005075564558343

    1.877893693158565    -3.721632871217357     4.649931452442953    0.9165617674952569   -0.3038926858508553    -3.420768670387363
    2.531040216359638    -1.698738357573758    0.4466145970806712   0.05386248498841109 -0.005733767968682524   -0.3270353511249012

-7.153555461998887e-08  1.589896711578936e-07  6.786676303361515e-08 -5.239924756929019e-07   -0.02402665728895732    -0.1413994864521135
-2.093688058122197e-08  1.275506145437297e-07 -2.359699871341809e-07  1.953473720049505e-07  -0.009935586068917746     0.1448085243647611

cov:
0.06393188192559221 0.06675624028004849 0.06811239557559717 0.07267808418256605 0.07500212778001288 0.07812294902161568
0.06675624028004849 0.07029067536372101 0.07198787759476177 0.07770428459931311 0.08061599339993593 0.08452372102299641
0.06811239557559717 0.07198787759476177 0.07384894992063416 0.08011819154376454 0.08331222348350359 0.08759798883892594
0.07267808418256605 0.07770428459931311 0.08011819154376454 0.08825295413287437 0.09239960731554202 0.09796105187561134
0.07500212778001288 0.08061599339993593 0.08331222348350359 0.09239960731554202 0.09703312055735772  0.1032458695128199
0.07812294902161568 0.08452372102299641 0.08759798883892594 0.09796105187561134  0.1032458695128199  0.1103314309675611

cov.inverse():
  4359155.27598764 -8226927.393177876  2820853.863464594  541359.5105844935   162433.606470476  343660.7214800767
-8226927.391066836  40547483.97319406 -36879925.87337145  4166139.604773894  774616.7140523937 -380675.3259636392
 2820853.860787063 -36879925.86974294  43817238.25019746 -10178001.79653678 -1332262.811738704  1750648.828807804
 541359.5109093467  4166139.605138835 -10178001.79756266  9563650.139123624 -1681554.551944721 -2411909.267846265
 162433.6068073692  774616.7113586913 -1332262.808893109 -1681554.552432375  3655659.597694354 -1578558.676051749
  343660.721384977 -380675.3251530548  1750648.827939692 -2411909.267694829 -1578558.676050529  2277037.642401044

cov*(cov_.inverse()):
     1.000000000043656 -1.346052158623934e-10  7.566995918750763e-10   2.91038304567337e-11  1.455191522836685e-11                      0
 1.091393642127514e-11      1.000000000352884  3.201421350240707e-10   2.91038304567337e-11                      0                      0
 4.365574568510056e-11 -8.731149137020111e-11     0.9999999999708962 -8.731149137020111e-11 -5.820766091346741e-11                      0
-7.275957614183426e-12  4.001776687800884e-10  1.455191522836685e-10      1.000000000087311  -2.91038304567337e-11                      0
 1.600710675120354e-10  -2.91038304567337e-10  8.149072527885437e-10 -1.746229827404022e-10     0.9999999999126885   2.91038304567337e-11
  2.91038304567337e-11  2.037268131971359e-10  5.820766091346741e-11                      0  -2.91038304567337e-11                      1
