5
2

0.0003016995752776017
0.0003951478817645494
0.0005825372122128908
   0.1010333154704301
   0.5855819656442496

-0.1521954994570897  0.6228128370642226 -0.7428882837304078  0.1342959628149068  0.1379213261273537
-0.1555900105488315  0.3419551307914597   0.242826813801699 -0.8094891495506974  0.3802905368286387
 0.5033411702948716 -0.4745693916011908 -0.4263676644274036  -0.162140687290704  0.5597790377435403
-0.7459166725915131 -0.3057669952867114 0.04295045571020152  0.2729073599909299  0.5232510806108375
 0.3780003470879575  0.4200729646883052  0.4533409417645964  0.4753145080038956  0.4992119298858602

0.4001379193828918
0.4000965330583551
0.4000730016696488
0.4000018457580017
0.3999299127032324

0.0008447413490330028
   0.4004416522105499

    1.094767514741011     1.057138679958329     1.414023610818815   -0.7056371146396132    -2.860465310163549
    1.437181762137615    -0.320809572353606    0.1513355322086965 -0.008737444676342215   -0.2588671268208939

-9.538845300073722e-08  2.798007883377687e-09    -6.923933464391e-07   -0.02825934364535968   -0.09067993985014923
-5.168620229088588e-08 -6.057322082629734e-08  2.265575598162146e-07   -0.01128221644335608     0.1178622842924431

cov:
0.05467549335479913 0.05677734956089549 0.05843435496342021 0.05953167941092503 0.06072317969455731
0.05677734956089549 0.06146416515424535 0.06516776929398958  0.0676151781560439 0.07027607544803727
0.05843435496342021 0.06516776929398958 0.07049235932934936 0.07400890752679225 0.07783354167803797
0.05953167941092503  0.0676151781560439 0.07400890752679225 0.07823107701194609 0.08282328610222041
0.06072317969455731 0.07027607544803727 0.07783354167803797 0.08282328610222041 0.08825146098647657

cov.inverse():
  1156157.46058691 -2086011.813649753  367773.1869296922  341562.0419010233  220696.4707261389
-2086011.813616939   5674102.69691285 -3955076.983391041 -627157.5281230991  993711.5669736747
  367773.186898247 -3955076.983357418  6976477.038040901 -2151239.025480442 -1237557.980722604
 341562.0418526792   -627157.52802124 -2151239.025528518   4472270.46685599 -2035503.384638478
 220696.4707731133  993711.5668710044 -1237557.980672345 -2035503.384633032  2058618.150052658

cov*(cov_.inverse()):
    0.9999999999890861  4.365574568510056e-11  4.365574568510056e-11  -2.91038304567337e-11 -1.455191522836685e-11
 7.275957614183426e-12      1.000000000058208 -1.455191522836685e-11 -5.820766091346741e-11                      0
-1.455191522836685e-11 -1.455191522836685e-11      1.000000000014552 -5.820766091346741e-11                      0
-3.637978807091713e-12  5.820766091346741e-11 -4.365574568510056e-11     0.9999999999417923   2.91038304567337e-11
-3.637978807091713e-12  1.455191522836685e-11 -1.455191522836685e-11                      0                      1
