6
2

 0.000233762189577737
0.0003290417017517156
0.0004029670308708172
0.0006469530846797541
    0.102228581608764
   0.6245434899067532

-0.03312283700121896   0.3065923929938716  -0.6768820334646224   0.6459431141799061   -0.115068481245969  -0.1274811078842297
  0.2707160803792911  -0.6557808209648635   0.2484244817633192   0.5180260007162766  -0.4073388907758919  0.02595546537273981
 -0.2758645647687824   0.3871680212179551   0.1820304383887916 -0.04277533461558736  -0.7201102129655039   0.4695488650634664
  0.5911280761879615  -0.1465184357548223  -0.5047594488024147  -0.3470075468674308 -0.08879011481811387    0.496003953914277
 -0.6075007176021423   -0.402065335530115  -0.1911135538232656   0.1273278575702823    0.324470149701954   0.5579145922647427
  0.3619736165153431   0.3780599908852171   0.3945559751456473   0.4194641887904134    0.434868935808212   0.4531116084442933

0.3992800028671339
 0.399208242452432
0.3992104562882846
0.3990290301139097
0.3989261835644087
0.3988031085031239

0.001539398105341417
  0.3996572133002054

  0.6498898285747013   -1.792392148974835    4.407566871811258    1.685005178543504   -1.082591535169807   -3.868070757645564
   1.515316659318547  -0.5355694942146565   0.3071529281452722   0.1628556172714042 -0.09358702683286083  -0.3562141516366383

-1.010035853817396e-07  3.962365212101606e-07 -1.915571656738492e-07 -1.667973080075552e-06    -0.0293796830824691   -0.08581621966503827
-1.425815492762806e-08  1.029611735786837e-07 -1.098191629903243e-07  2.487401246128672e-07    -0.0101610979248308     0.1300541472136358

cov:
0.05496392632081012 0.05593064530174244  0.0569203631938608 0.05841547513463379 0.05933891512316613 0.06043260094523156
0.05593064530174244  0.0574397550823511 0.05898585846579361 0.06132085780262069 0.06276413458844958 0.06447338028461465
 0.0569203631938608 0.05898585846579361 0.06110336666933062 0.06430060571839857 0.06627755390625113 0.06861874414946059
0.05841547513463379 0.06132085780262069 0.06430060571839857 0.06879971498246187 0.07158236449825418 0.07487768631682941
0.05933891512316613 0.06276413458844958 0.06627755390625113 0.07158236449825418 0.07486396981848205 0.07874975464911418
0.06043260094523156 0.06447338028461465 0.06861874414946059 0.07487768631682941 0.07874975464911418 0.08333526465313498

cov.inverse():
 2000537.766038761  -2690216.75331697  9336.512916620708  486315.9871089163  149177.2426317978  44964.40166354462
-2690216.753414704  6666669.204517217 -4691729.477933275  505960.8734170627  135752.0444636293  73427.03701771295
 9336.513215525198 -4691729.478500356  9767308.852818444 -6442113.511542303 -209469.9732775486  1566842.394541193
 486315.9868453722  505960.8739772263 -6442113.511706465  10413079.74519409 -3045857.840100214 -1917643.998321442
 149177.2425607624  135752.0447619846 -209469.9738144989 -3045857.839639095  4987126.586488958 -2016699.693022122
  44964.4017969578  73427.03662852546  1566842.394974133 -1917643.998650101 -2016699.692870616  2249206.145362718

cov*(cov_.inverse()):
                     1  3.728928277269006e-11 -1.455191522836685e-10  1.455191522836685e-11  8.731149137020111e-11                      0
 2.728484105318785e-11     0.9999999999745341  4.365574568510056e-11 -8.731149137020111e-11                      0  8.731149137020111e-11
-9.094947017729282e-13  3.001332515850663e-11     0.9999999999854481 -1.455191522836685e-10  5.820766091346741e-11   2.91038304567337e-11
 1.682565198279917e-11  9.822542779147625e-11 -1.455191522836685e-10      1.000000000058208  5.820766091346741e-11   2.91038304567337e-11
 2.455635694786906e-11  1.455191522836685e-11 -1.309672370553017e-10  5.820766091346741e-11                      1   2.91038304567337e-11
 6.821210263296962e-12  3.001332515850663e-11  -2.91038304567337e-11                      0                      0      1.000000000029104
