6
2

0.0001722475643647864
0.0003136801382532045
0.0003873072024751463
0.0006689858097177795
   0.1035549936592464
   0.6455083303308752

-0.05205356121517101   0.5221086995333359  -0.8129594344236813   0.2346024819430703  0.09214695756980597  0.01614014543723521
 -0.1297417882525882    0.520501957197933   0.1253536337672531  -0.8068729221711695    0.105216789038562   0.1855175522878096
-0.07468408056400384    0.207755294919096  0.09685481425918914    0.156132347425824  -0.8422561559827594   0.4561868348545959
  0.5687836017533157  -0.4212273410613969  -0.3811852936221624  -0.3016327435965308  0.02326959685094043   0.5120807820040518
 -0.7299526603286898  -0.2985351606246648 -0.08135228843796936  0.07206031234844183   0.2844136696323195   0.5341758630135797
  0.3442878320704093   0.3830956027820739    0.402594270363828   0.4163717718518942   0.4354426754612614   0.4578708609199396

0.3993778511242038
0.3992272721815596
0.3991812171925611
0.3991001181395606
0.3989874157564968
0.3988544323398532

0.001532798477390198
  0.3997607472184782

   0.790764506487281  -0.6794247892703923    3.953416594588991   0.1713782902801178  -0.9287387859529356   -3.307755841255339
   1.399793113928069   -0.456024231118498   0.3792266912096816  0.02299467754833008 -0.07076260445353333  -0.2752131806400299

-1.100320344872234e-07 -7.973045902484154e-08  -7.75933332589281e-08  -1.13593366811178e-06   -0.02911175381899484    -0.1016666718004164
 -1.85379918961994e-08 -4.412945295061664e-08 -3.373833851558955e-08  3.106835136929747e-07   -0.01160271204442948     0.1302772047801349

cov:
0.05510494478557811 0.05729494624092862 0.05839215592269855 0.05916780630404195 0.06024151788303138 0.06150405867007674
0.05729494624092862 0.06210888385218685 0.06452609264863912 0.06623419965929776 0.06859859025581104 0.07137913836975304
0.05839215592269855 0.06452609264863912 0.06760761033959987 0.06978494739049988 0.07279884532685256 0.07634329701994177
0.05916780630404195 0.06623419965929776 0.06978494739049988  0.0722938854281879 0.07576653186308711 0.07985065304769759
0.06024151788303138 0.06859859025581104 0.07279884532685256 0.07576653186308711 0.07987457525936956 0.08470556431895003
0.06150405867007674 0.07137913836975304 0.07634329701994177 0.07985065304769759 0.08470556431895003 0.09041546718673378

cov.inverse():
 1022503.948206497 -2241097.813292238  728353.0557154705  191238.4400741165  148484.4376423818  150711.4041387106
-2241097.813139445  12625500.34419808 -13150152.44232277  360302.0840545982  989747.5930113669  1415220.072034409
 728353.0554002345 -13150152.44168594  22822613.37530311 -7098508.632216674  -2954493.02830038 -347519.3106593122
  191238.440216848  360302.0834732042  -7098508.63182527  8837487.474916238 -1026511.510854235 -1263991.135169732
 148484.4376457692  989747.5932909179 -2954493.028496726 -1026511.511105701  5129006.377419665 -2286243.257522154
 150711.4041550387  1415220.071852188 -347519.3105327158 -1263991.134965559 -2286243.257687026  2331827.363333951

cov*(cov_.inverse()):
     1.000000000001819 -2.328306436538696e-10  1.818989403545856e-11 -1.309672370553017e-10  -2.91038304567337e-11  -2.91038304567337e-11
-1.818989403545856e-11     0.9999999999854481 -1.309672370553017e-10 -1.455191522836685e-10                      0                      0
-3.637978807091713e-11   2.91038304567337e-11     0.9999999997635314 -1.455191522836685e-10  5.820766091346741e-11 -5.820766091346741e-11
-1.455191522836685e-11 -1.309672370553017e-10  2.546585164964199e-11     0.9999999998690328  -2.91038304567337e-11 -8.731149137020111e-11
 7.275957614183426e-12 -2.328306436538696e-10 -4.729372449219227e-11 -1.455191522836685e-10     0.9999999999708962 -8.731149137020111e-11
-7.275957614183426e-12 -4.365574568510056e-11 -7.275957614183426e-11  -2.91038304567337e-11   2.91038304567337e-11     0.9999999999708962
