5
2

0.0001602819350953972
0.0003070961373883545
0.0006251143665793459
  0.08885384363638871
   0.5621717545244053

-0.03157166912481046   0.2105922123275194  -0.7213832547064993   0.6501157585980517  -0.1077490142284939
 -0.3405752118597204   0.7607700556470923  -0.2068819503961933  -0.4528371342359621   0.2395325363174162
  0.5820048869334804  -0.2371766816001459  -0.4863057922107792  -0.3526244115389367   0.4941459644070307
 -0.6163180834031623   -0.377442438329088 -0.01361843738477238   0.1874565741806381   0.6651043502925704
   0.405504730467081   0.4220950959097447   0.4473558684702466   0.4613069341151488   0.4944393623694185

0.3988422760936111
0.3987798406913994
0.3987528501416389
0.3986617880188189
0.3984692596227676

0.001354052953371486
  0.3991961321448587

  0.6032453051336722  -0.7192204689769763    5.461540071113318  -0.9616259653090787     -4.3844237903256
   1.492864417924693   -0.417254831912494   0.3856290829593044 -0.07082100091552257  -0.3904707027366326

-1.095208801083515e-07 -2.355115070479999e-07 -1.548127770423547e-06   -0.02582509007550245    -0.0717862540652363
-1.071691923337267e-08 -9.120599657146036e-08  2.392701745492507e-07  -0.008217287126943924     0.1188367356863074

cov:
0.05496631401977153  0.0559298932588042 0.05739684347076518 0.05820637518027604 0.06012846184806354
 0.0559298932588042 0.05743133818288306  0.0597168529926918 0.06097868501232231 0.06397509445715746
0.05739684347076518  0.0597168529926918 0.06324921336351581 0.06519996444389946  0.0698327457725829
0.05820637518027604 0.06097868501232231 0.06519996444389946 0.06753149177305161 0.07306861751018154
0.06012846184806354 0.06397509445715746  0.0698327457725829 0.07306861751018154 0.08075424054109355

cov.inverse():
 2135600.264791293 -3359395.484719312  909350.0770869921  311176.1666447114  3314.492929576243
-3359395.484805815  8007297.914834585 -7287150.392588058  1890264.215621112  749067.4198038711
 909350.0775531348 -7287150.393408922  21315467.93028213 -16823023.94139878  1885173.596046027
 311176.1661711493   1890264.21655547 -16823023.94193994   18944343.7717839 -4322738.083821533
 3314.493023501324  749067.4196038762  1885173.596232464   -4322738.0839019  1685232.774939377

cov*(cov_.inverse()):
    0.9999999999760405 -4.365574568510056e-11  1.600710675120354e-10 -1.455191522836685e-10 -1.455191522836685e-11
-3.029754225281067e-11      1.000000000029104  1.891748979687691e-10 -1.746229827404022e-10  -2.91038304567337e-11
 -1.77067249751417e-11  -2.91038304567337e-11                      1 -1.746229827404022e-10 -5.820766091346741e-11
-3.694822225952521e-11 -5.093170329928398e-11  8.731149137020111e-11      0.999999999825377 -1.455191522836685e-11
-7.901235221652314e-12 -7.275957614183426e-12  -2.91038304567337e-11 -1.164153218269348e-10                      1
