5
2

0.0002022660574278812
0.0004167036275163446
0.0005913701968645844
    0.111865325305566
   0.5796548363325504

-0.2694008819536427  0.7598106982374652 -0.5862061179661474 0.07858318761883405 0.01726086698916483
 0.2200815783743301 -0.2146321976673235  -0.290679178123921  0.7672405372570532 -0.4820214642310744
 0.6201942424704421 -0.2261428784897063 -0.5941179238563641 -0.2091216256539851  0.4092805130364049
-0.5847998548848875 -0.3974461039981744 -0.1816415464518727  0.3547337404865842  0.5841370097042788
 0.3903274202461215  0.4092880593096426  0.4311591861707657  0.4853851662931234  0.5085575542981488

  0.40014656758002
0.4001885134832877
0.4001975658210953
0.4002262889861556
0.4002144392118831

0.0002351264707052487
   0.4003657962747311

 0.03442222714350308    1.777825599710012    1.009078574193575 -0.06699896410441579    -2.75457898069363
   1.451631243414672  -0.1311247759896576 -0.07011596085655189  -0.0688048625177905  -0.1814684427750269

 2.852345986865568e-08  1.057550139456111e-07 -7.321677212126072e-07   -0.03182058181571622   -0.08642921957942007
-1.874312084897997e-08   6.99228112780701e-08   3.18845720427183e-07    -0.0114435735816809     0.1199614879491968

cov:
0.05547117376531023 0.05658657514701425 0.05787562457483562 0.06106222640896473 0.06242257435193574
0.05658657514701425 0.05826235108085281  0.0601967518334065 0.06498619001493719 0.06703191243314671
0.05787562457483562  0.0601967518334065 0.06287478940823665 0.06951112371010021    0.07234658727882
0.06106222640896473 0.06498619001493719 0.06951112371010021 0.08073593051518453 0.08553322748967938
0.06242257435193574 0.06703191243314671    0.07234658727882 0.08553322748967938 0.09116989979203255

cov.inverse():
 3152820.450642542 -5676380.597479856    2438117.6817924  84094.07820196185    1197.1776428685
-5676380.597311236  14522772.75446121 -10143552.27731739  646308.5513545253   651701.847366626
  2438117.68149042 -10143552.27683465  9895442.831607316 -2055100.027019228 -135725.2190950715
 84094.07848853813  646308.5506022689 -2055100.026492462  3666071.367928176  -2341388.00630213
 1197.177489666689  651701.8478047473 -135725.2194410955 -2341388.006240999  1824365.033828381

cov*(cov_.inverse()):
    0.9999999999862155  6.548361852765083e-11  5.093170329928398e-11                      0  4.365574568510056e-11
-4.268940756446682e-11      1.000000000101863 -6.548361852765083e-11   2.91038304567337e-11  1.455191522836685e-11
-3.011280114151305e-11  1.891748979687691e-10     0.9999999999618012                      0  5.820766091346741e-11
 4.321520918892929e-11  2.182787284255028e-11 -3.456079866737127e-11      1.000000000029104                      0
-2.086153472191654e-11  5.820766091346741e-11  2.364686224609613e-11                      0                      1
