5
2

0.0001410112432215373
0.0002781790226516879
0.0006889435850749455
   0.1042943882592677
   0.5669583755742796

-0.03247848477230234   0.2203661117060746  -0.7411030258894662   0.6288332718877231 -0.07562371336359647
 -0.3670201943676644   0.7934899596069396  -0.1371400686249723  -0.4404704431697131   0.1511563799537227
  0.6163420992660468  -0.1229733749110358   -0.479933043087197  -0.4394498923965192   0.4260845361674868
 -0.5693993183765942  -0.3635145304848197 -0.07805130448063317  0.09344675847460039   0.7271982532694451
  0.4001851544695399   0.4177884584378974   0.4421890711188475   0.4568435183562697   0.5109476208548112

 0.400193613886504
0.4000971696723287
0.4000069768335109
0.3998732253527928
0.3994228039570676

0.002086128480931636
  0.4006533916393834

 0.0188251168027455  0.2334671579546539   1.727847895786617   1.786728675615604  -3.767420848452185
  1.451524936915114 -0.3332163362837607 0.02299390671778306  0.1939598206612069  -0.335315807740641

 3.554978101529065e-09 -1.095042034263952e-07 -1.536314075450165e-06   -0.03049071826390589   -0.07701437976354317
 1.931238623905863e-10 -7.246312355442119e-08  3.305741414404539e-07   -0.01014722490202949     0.1186483208154541

cov:
0.05500509928738228 0.05599411733867615 0.05736481552855988 0.05818774822340635 0.06122256905817163
0.05599411733867615 0.05754418126651137 0.05969227330027535  0.0609821582693492 0.06574214003776445
0.05736481552855988 0.05969227330027535 0.06291827905374009 0.06485560746518601 0.07200761804196598
0.05818774822340635  0.0609821582693492 0.06485560746518601 0.06718193083708772 0.07577101003948385
0.06122256905817163 0.06574214003776445 0.07200761804196598 0.07577101003948385  0.0896702005224819

cov.inverse():
 2594152.510889858 -4283028.062263981  1237736.821535512  491321.3198079927 -40143.14127509967
 -4283028.06247109  10610512.67924326 -9495151.597778879    2566313.4635015  601440.1315396487
 1237736.822613725 -9495151.599713946  28349978.75589704  -22212293.7156137  2119853.031615274
 491321.3187944712   2566313.46553644 -22212293.71673805  22800780.78926047 -3646459.124623645
-40143.14113266477  601440.1312326341  2119853.031882787 -3646459.124726578  965415.8005365527

cov*(cov_.inverse()):
    0.9999999999768079 -5.093170329928398e-11  5.820766091346741e-11  -2.91038304567337e-11 -1.455191522836685e-11
-5.456968210637569e-12     0.9999999998617568  5.820766091346741e-11 -3.201421350240707e-10  4.365574568510056e-11
 5.002220859751105e-12  -2.91038304567337e-11     0.9999999997671694  1.746229827404022e-10  -2.91038304567337e-11
-1.728039933368564e-11 -8.003553375601768e-11  2.037268131971359e-10      0.999999999825377                      0
-3.910827217623591e-11 -7.275957614183426e-12                      0                      0      1.000000000029104
