5
2

0.0002396944834160073
0.0003658265364845598
0.0004575266794312891
  0.08656063355809626
   0.5901961378193553

 -0.4715606784904752   0.8144676726284152   -0.330603730272664 -0.05566045143837134  0.04331309756103052
  0.2608967771490536  -0.1000285228667575  -0.7300457096716764   0.6214688532156515 -0.05231531858961845
  0.3369057734363055 -0.03724844587048681  -0.3937451029026922  -0.5553008747083219   0.6493941681242907
  -0.664290026220691  -0.3897928498962969  0.01476380363944905   0.2816329964686716   0.5720534770767586
  0.3934166481782875   0.4163061281152411   0.4499791765871197   0.4722310583567643   0.4964162736968709

0.4002536618525972
0.4001843155355359
0.4001338054725256
0.4000351203851846
0.3999393468722257

0.001096707925117434
  0.4006070084294831

   3.025737718120493   -1.281389592255653    1.576947296174415  -0.6049670774395084   -2.716307672497386
   2.604992312059005   -1.435789916513502    0.102560212719652 -0.02577366698421588  -0.2458840166481209

-1.767149021023192e-07 -6.256863965648506e-08 -2.055234845143896e-07   -0.02406265348143861   -0.09320823715895896
-1.402403340932407e-07  9.973294061727792e-08  1.560291735722476e-07  -0.009869539686688862     0.1180973334143788

cov:
0.05722003557487078 0.05899045263457175 0.06159134907040251 0.06331245941376849 0.06518131993307175
0.05899045263457175 0.06150808063492114 0.06520949687815804 0.06765687168473944 0.07031582799959095
0.06159134907040251 0.06520949687815804 0.07053234022007483 0.07404954022743608 0.07787246851979997
0.06331245941376849 0.06765687168473944 0.07404954022743608 0.07827309644467785 0.08286404371061938
0.06518131993307175 0.07031582799959095 0.07787246851979997 0.08286404371061938 0.08829107211747997

cov.inverse():
 4921331.340889353 -6939824.427622113  656577.3949172203   774634.528665862  587624.2633480972
-6939824.427922042  11627415.52439403 -4070957.608840892 -1154760.997528122  537531.7016641331
 656577.3955013754 -4070957.609653618  6625457.683655536 -2025357.890649235 -1185343.249462876
 774634.5285383157 -1154760.997245432 -2025357.890854198  4412953.098818079 -2007555.701821914
 587624.2631914449  537531.7018942202 -1185343.249486519 -2007555.701871717  2067725.219997812

cov*(cov_.inverse()):
    0.9999999999708962 -5.093170329928398e-11  -2.91038304567337e-11                      0   2.91038304567337e-11
-6.548361852765083e-11      1.000000000080036  1.455191522836685e-11  -2.91038304567337e-11                      0
 2.182787284255028e-11  -2.91038304567337e-11      1.000000000029104                      0  -2.91038304567337e-11
 4.365574568510056e-11 -8.731149137020111e-11  5.820766091346741e-11                      1                      0
-4.365574568510056e-11                      0                      0  -2.91038304567337e-11                      1
