5
2

0.0001452378324096156
0.0002186305835292342
0.0006444215710311509
  0.06057437526189351
   0.5475520929775358

-0.01836554579930813   0.3437632009766499  -0.7738810527022596   0.5259279187356738 -0.07744358556127245
 -0.1398907839218454    0.692604050587779  -0.1525206261991019  -0.6458468276385052     0.24566141637678
  0.6421774008737592  -0.3790355485760686  -0.4181859746937033  -0.2809628392901996    0.436028224121018
  -0.623423780548337  -0.2590949932361163 -0.07188110186207962   0.1477134249578997   0.7191845560140293
  0.4231362085133667   0.4374109374024666   0.4447461889851868   0.4533457031326513   0.4757162197360347

 0.399794008900723
0.3999871555088068
0.3999942870618772
0.4000026895760764
0.4000255353500938

-0.0002028762121930531
    0.3999573249443878

  -2.315210484697777    4.828037765856032    1.391000177651148    3.908747548871264   -7.812673023486534
  0.9810293812463784   0.6552780901323829 -0.02542504211395002  0.07917141031148239  -0.6900815686226167

 6.932581851702908e-08 -4.722983267640486e-08 -3.489686020653423e-06   -0.01815888238038989   -0.05809548298697524
 6.792280340553787e-09  4.771812762652724e-09  2.870174463929379e-08   -0.00463848886642475     0.1193365412960994

cov:
0.05510610133236932 0.05608333956623406 0.05658564695051457 0.05717431405407991 0.05870522423595466
0.05608333956623406 0.05760917936044527  0.0583931246254011 0.05931208493483851 0.06170241350776645
0.05658564695051457  0.0583931246254011 0.05932186661212668 0.06041057335304226 0.06324262965762835
0.05717431405407991 0.05931208493483851 0.06041057335304226  0.0616984447881356 0.06504864303349581
0.05870522423595466 0.06170241350776645 0.06324262965762835 0.06504864303349581 0.06974744154189298

cov.inverse():
 1418551.775106643 -2912377.716390528  473491.9483334533  997754.0062105501  22608.91503937342
-2912377.716642259  15983895.17976604 -14440016.14163355 -530883.4352904815  1899492.143508936
 473491.9487078834 -14440016.14371507  29299323.44138965 -16951099.13542379  1618226.112715965
 997754.0061231685 -530883.4330005265 -16951099.13810737  22029262.87687615 -5545123.191507308
 22608.91500404852  1899492.143048767  1618226.113692496  -5545123.19198835  2004838.458593063

cov*(cov_.inverse()):
    0.9999999999861302                      0                      0  5.820766091346741e-11                      0
 3.865352482534945e-12      1.000000000014552  2.037268131971359e-10                      0  -2.91038304567337e-11
 6.821210263296962e-13 -8.731149137020111e-11      1.000000000247383  5.820766091346741e-11  -2.91038304567337e-11
-8.412825991399586e-12 -1.309672370553017e-10  2.764863893389702e-10                      1                      0
-1.750777300912887e-11  -2.91038304567337e-11   2.91038304567337e-11 -5.820766091346741e-11                      1
