5
2

0.0002503301974859516
0.0003503347851940525
0.0004923421853639078
  0.09224917761365542
   0.5711061847544693

-0.2400990793268998  0.5496903334747034 -0.7319795881572142  0.2983378405884619  0.1240700801364005
-0.2980571851751885  0.4631078676997574  0.2090532388559605 -0.7269738976218019  0.3528437511710058
 0.5086641176920593 -0.3537293760710662 -0.4498336944563886 -0.2828302028345104  0.5777482735354904
-0.6611043455315609 -0.4312826777911881 0.09960001348312751  0.2845397500493201  0.5348394750881622
  0.397134997404742  0.4150209880243291  0.4563245670472995  0.4706885297689336  0.4901648404248314

0.4008421642730162
0.4008678763783383
 0.400915091205856
0.4009075807290842
0.4008709200915048

0.0003908608301537879
   0.4010709212497564

  1.069301636548095  0.7335067805278217   2.830193753486073 -0.3682775737702359  -4.265009452286527
  1.599166067977484 -0.4077333523162111   0.173601216590863 0.02940993717553686 -0.3944362165248857

-1.606868784047054e-07 -7.664924906639724e-08 -8.117048317033603e-07   -0.02661275816034456   -0.07936733520443219
-4.858568701725853e-08 -9.692710787212547e-08  1.559536926204543e-07  -0.009077252770044042     0.1192415251048858

cov:
0.05516048643958683  0.0561841581808437 0.05854753261692412 0.05936768288512725 0.06048235649323747
 0.0561841581808437  0.0577619389930006 0.06140448063578743  0.0626700531861992  0.0643877854524039
0.05854753261692412 0.06140448063578743 0.06800196642139654 0.07029650221741399 0.07340736834812724
0.05936768288512725  0.0626700531861992 0.07029650221741399 0.07294957572503101 0.07654551444633743
0.06048235649323747  0.0643877854524039 0.07340736834812724 0.07654551444633743 0.08079864525668358

cov.inverse():
 2711206.972435126 -3973006.187807779  1352911.589342807  28842.53811555958 -119909.9673105138
-3973006.187831518  7085438.477796099 -4975584.681966111  286635.8138973824   1576573.16302652
 1352911.589557263 -4975584.682316574  9740962.565041749 -4198212.061927593 -1920385.256306071
 28842.53783425946  286635.8143933973  -4198212.06225566  6056317.072620409 -2173359.666292004
 -119909.967219948  1576573.162857254 -1920385.256114021  -2173359.66640536  2637083.131224736

cov*(cov_.inverse()):
     1.000000000056389  1.455191522836685e-11                      0   2.91038304567337e-11   2.91038304567337e-11
 4.092726157978177e-11     0.9999999999708962  1.455191522836685e-11   2.91038304567337e-11  5.820766091346741e-11
 5.275069270282984e-11  4.365574568510056e-11      1.000000000029104                      0   2.91038304567337e-11
 9.094947017729282e-12  7.275957614183426e-11 -1.455191522836685e-10      1.000000000029104   2.91038304567337e-11
 1.637090463191271e-11  1.455191522836685e-11                      0                      0      1.000000000029104
