5
2

0.0001271133333389989
0.0002258266757539895
0.0005440450781461867
  0.06946366389183763
   0.5610869308297608

 -0.0207953860124861   0.4597924102443156  -0.7922287150373518   0.3981406829162205 -0.04490157101468351
-0.09197783101922076   0.5095067327086227 -0.09725140021297747  -0.7394472564271398    0.419169283278934
  0.4941453417821676  -0.5473194362981073  -0.4019966532837448  -0.0814951066900554    0.536674066989968
  -0.762225167824522  -0.1950433854098529  0.01243540020880727   0.2726144219608098   0.5536222621096124
  0.4073583253739346   0.4374852469106738    0.448508505824803   0.4623220480292193   0.4772465794460152

0.3997408162166473
0.3998618436219852
0.3998409428655904
0.3998127092223575
0.3997869464276527

0.0003725491759414686
   0.3999781709173509

  0.1486871278041783    2.930117339620631    5.612926483875251   -4.318229916820997   -4.373770071462054
   1.343891820259554 -0.03035639381757682   0.3974362503037784  -0.3496126564287544  -0.3613921302414074

-7.473695946561774e-08  1.169441655010304e-07 -1.711382329218082e-06   -0.02033176597413765   -0.07048232712834791
-7.751425528099881e-09 -3.605058872254744e-09  1.052127453751864e-07  -0.006315556723369921     0.1190995663795793

cov:
0.05504469522072535 0.05682210364893376 0.05747271047565132 0.05828735359724882 0.05916790391874489
0.05682210364893376 0.06043783824367194 0.06176074304891011  0.0634183407152204 0.06520933716958577
0.05747271047565132 0.06176074304891011 0.06332966507851616 0.06529568200170616 0.06741979562000036
0.05828735359724882  0.0634183407152204 0.06529568200170616 0.06764847792523888 0.07019028864347791
0.05916790391874489 0.06520933716958577 0.06741979562000036 0.07019028864347791 0.07318343122162072

cov.inverse():
 1017746.132333262 -2424406.976835704  523880.0485894516  685131.4174499913  197676.0124647629
-2424406.977081604  19186477.50359869  -22772224.7875055  4092671.032629149  1917682.404222745
 523880.0490304514 -22772224.78842778  39574987.46255326 -18000334.70836722   673320.744487558
 685131.4172558183  4092671.033253718 -18000334.70875902  20554655.72004543 -7331939.443721984
 197676.0124638454  1917682.404274535  673320.7443980939 -7331939.443683392  4543240.451390076

cov*(cov_.inverse()):
     0.999999999998181 -1.164153218269348e-10  3.274180926382542e-10 -1.746229827404022e-10                      0
 1.818989403545856e-12     0.9999999997235136 -7.275957614183426e-12  5.820766091346741e-11                      0
 1.818989403545856e-12 -3.201421350240707e-10      1.000000000232831 -5.820766091346741e-11 -5.820766091346741e-11
-9.094947017729282e-12  8.731149137020111e-11 -3.201421350240707e-10      1.000000000174623 -1.164153218269348e-10
-5.456968210637569e-12   2.91038304567337e-11  1.091393642127514e-10 -1.164153218269348e-10     0.9999999999417923
