5
2

0.0001469029774929061
0.0002757179268555306
 0.000667667521943528
   0.1002059697055527
    0.564539740085889

 -0.1557190867788283   0.5843937105522601  -0.7269142187714677   0.3242737497266258 -0.02603480105222494
 -0.4596368626377859   0.5909169726059504   0.3147300653364939  -0.5701621936117012   0.1241416325810581
  0.5189722318524452 -0.03121190422046382  -0.4077331517651692  -0.5692560602011383   0.4892799346764014
 -0.5778235528327986  -0.3643667119542873  -0.1153449197419159   0.1767393097846791   0.6991534930742099
  0.4015884521186265   0.4190033875850328   0.4393061927204361   0.4631116091346014   0.5056684514970926

0.3994752040074973
0.3995232979819033
0.3995371524011818
0.3995426812358156
0.3995661414468079

0.0002005944110182221
   0.3996915199058982

 0.1587575996475961   1.934366544981367   3.856281463094533  -4.778554136085472  -1.171124516763112
  1.473954765724597 -0.1953810871688114  0.2440946467100054 -0.4199992383761119 -0.1026918098680617

-6.941461011409757e-08  3.696819526802117e-07  2.660837612868519e-07   -0.02916687255484042   -0.07548687994722864
-1.412786733774118e-08 -3.720396585721169e-08  3.835296071601601e-07  -0.009586149515095824     0.1181935885750156

cov:
0.05475132653691708 0.05574157794604498  0.0568951862157698 0.05824729983209021 0.06066321940021065
0.05574157794604498 0.05728623401247297 0.05908632283232527 0.06119659244520858 0.06496822967127812
 0.0568951862157698 0.05908632283232527 0.06164056492148461 0.06463523871691658 0.06998835195335408
0.05824729983209021 0.06119659244520858 0.06463523871691658 0.06866726699843102 0.07587530586935175
0.06066321940021065 0.06496822967127812 0.06998835195335408 0.07587530586935175 0.08640150541234762

cov.inverse():
 4506914.892913383 -7825967.358887277  2867618.740552847  444727.9018003555  6845.974995764106
-7825967.358763689  20420703.24215886 -17209647.63510735  4389146.970254177  225672.4964507177
 2867618.740373481 -17209647.63480403  26161224.85248299 -12762639.40127397  943380.6815375776
 444727.9018284049  4389146.970083381 -12762639.40109493  9875842.601402439 -1947075.039189654
 6845.975023495711  225672.4964417797  943380.6814824938 -1947075.039153363  771206.6265809315

cov*(cov_.inverse()):
    0.9999999999960778  1.764419721439481e-10 -2.037268131971359e-10 -5.820766091346741e-11 -7.275957614183426e-12
-4.661160346586257e-11       1.00000000003638 -1.236912794411182e-10 -4.365574568510056e-11                      0
 5.854872142663226e-12  1.291482476517558e-10     0.9999999998981366  -2.91038304567337e-11                      0
 6.514255801448599e-11 -5.456968210637569e-11  -2.91038304567337e-11     0.9999999998544808  1.455191522836685e-11
 -8.29913915367797e-12  7.639755494892597e-11 -1.455191522836685e-11 -8.731149137020111e-11                      1
