5
2

0.0001909127085016352
 0.000383391977645779
0.0006434083404749016
   0.1029998190621705
   0.5882751572551698

-0.07230017780108706   0.6238800379550876  -0.7600342403757097   0.1597621698888062  0.04868660041558979
 -0.1087580458546913   0.3124362841118009   0.1278136997228452  -0.8057837623352059   0.4742693774136783
  0.5670196259304907  -0.5041545743146404  -0.4532598188649004 -0.07181233469105953   0.4622936666190089
 -0.7197758891415268  -0.2853927988000329  -0.0671134981381807   0.3010727125446083   0.5525618697777626
  0.3786235399073486   0.4213506641768539   0.4427899350593801   0.4789434076971851   0.5036448336469564

0.4004112939506296
 0.400341188857876
0.4003378841182353
0.4002076628743789
0.4001182571781845

0.001057918784937813
  0.4007319336760087

 0.7697581207305335 -0.6236124587967514   4.125508779779896  -1.111856862761116  -3.160172875227201
  1.402115591006506 -0.3985123469613074  0.3124457288400073 -0.0659470166207495 -0.2499996312150519

-1.425734753021622e-07  -5.20514518999572e-08 -1.034995838625872e-06   -0.02900381085207719   -0.09298785135902971
-2.223941687776015e-08 -4.446346681022769e-08  3.077825795518449e-07   -0.01139870323567089     0.1189823663925985

cov:
 0.0551071992613754 0.05738846501067765 0.05853086031917781 0.06045663110559092  0.0617729581949386
0.05738846501067765 0.06230382415486106 0.06476906990346573 0.06892595193583967 0.07176631672094044
0.05853086031917781 0.06476906990346573 0.06789893196737337 0.07317665449170341 0.07678264980923828
0.06045663110559092 0.06892595193583967 0.07317665449170341 0.08034509460565366 0.08524238315297089
 0.0617729581949386 0.07176631672094044 0.07678264980923828 0.08524238315297089 0.09102217079253437

cov.inverse():
 1000585.000498681   -2159265.2298529  792264.2853387468  180905.8939404156  185673.6233959914
-2159265.229908226  11957140.24525623 -12185941.37129697  1109371.353314571  1278454.433661141
 792264.2854019677  -12185941.3713226  16456223.29916866 -3953519.880284323 -1109019.418346147
 180905.8939689826  1109371.353097865 -3953519.880049932   5129996.85220158 -2466673.898712432
 185673.6233595305  1278454.433848161 -1109019.418542959 -2466673.898666183  2111573.859084449

cov*(cov_.inverse()):
    0.9999999999690772 -4.365574568510056e-11  -2.91038304567337e-11                      0  1.455191522836685e-11
-3.637978807091713e-11      1.000000000014552   2.91038304567337e-11   2.91038304567337e-11                      0
-1.818989403545856e-11 -1.746229827404022e-10      1.000000000232831  -2.91038304567337e-11                      0
-1.455191522836685e-11 -1.891748979687691e-10  1.600710675120354e-10     0.9999999999417923                      0
-7.275957614183426e-12  1.455191522836685e-11   2.91038304567337e-11                      0                      1
