5
2

0.0001738608317086682
0.0002680920793487952
0.0004565228403975142
  0.08435274103807766
   0.5857900665314191

 -0.2008442876615934   0.6638454897563814   -0.693647526391993   0.1902451606279758  0.04038100830493358
 -0.3758689569796861   0.5145896340765863   0.4308381154015634  -0.6355671274044693  0.06597712148910449
  0.5282009683056224  -0.0856549411177366  -0.3640979923267598  -0.5768013346164251   0.4983972717736859
 -0.6156686535168927   -0.329185057256108 -0.06043484074057809   0.1294350381538903   0.7015579149854638
  0.4004247063436636   0.4228558896035922   0.4438602363985569   0.4587025143851712    0.503421339454422

0.3994411698582041
0.3993453059679875
0.3993149143881253
0.3992393581316251
 0.399006463332195

0.00144048425206896
  0.399854436755853

  2.307358709747855  -2.021786257069723   2.958373023136726  0.2605346053945765  -3.504587085063639
  2.551403497080698  -1.414606480465261  0.1014769086025744 0.03510496232345911 -0.2733271624689458

-1.193867319766814e-07 -7.402127708041126e-08 -3.297441144462617e-07   -0.02389889807303047   -0.09013613382128095
-4.613524533864699e-08 -1.210031177227224e-07  2.658101127327014e-07  -0.009239296034823459     0.1190785024145449

cov:
0.05771779377667774  0.0595448659405063 0.06125364428014173 0.06246129180783152 0.06609970550836998
 0.0595448659405063  0.0621287348173423 0.06454701534526849 0.06625592837646181 0.07140469671618313
0.06125364428014173 0.06454701534526849 0.06763068066518253 0.06980963482021764 0.07637470835809387
0.06246129180783152 0.06625592837646181 0.06980963482021764  0.0723208110621657 0.07988647429574655
0.06609970550836998 0.07140469671618313 0.07637470835809387 0.07988647429574655 0.09046767716020856

cov.inverse():
 4638858.047150705 -7319009.590697785  1433000.625174768   597843.813792453  649733.3835888488
-7319009.590969255  18298604.46363455 -11999291.08225723 -135315.9295513828  1154338.756537682
 1433000.625555267 -11999291.08228566  19136174.43470109 -7167825.517543514 -1401855.506407962
 597843.8137747658 -135315.9301385187 -7167825.516718712  8413948.203663571 -1708623.294273217
 649733.3834975112  1154338.756881795 -1401855.506880725  -1708623.29405324  1306442.321928695

cov*(cov_.inverse()):
    0.9999999999636202  2.473825588822365e-10 -2.473825588822365e-10 -4.365574568510056e-11                      0
-4.365574568510056e-11       1.00000000037835 -8.731149137020111e-11  4.365574568510056e-11   2.91038304567337e-11
 5.093170329928398e-11   1.01863406598568e-10     0.9999999999417923 -7.275957614183426e-11                      0
 5.093170329928398e-11  7.275957614183426e-11  1.309672370553017e-10     0.9999999999708962                      0
 1.455191522836685e-11  1.455191522836685e-11  4.365574568510056e-11  -2.91038304567337e-11      1.000000000014552
