5
2

0.0003386502042619937
0.0004203995634358754
0.0006245492273265109
  0.09861778007208673
   0.5971813508100522

 0.07518145968202303  -0.7120574255852764    0.654339869904958   0.1630290259831898  -0.1805071802690513
-0.02998974613480541  0.09151683241138792    0.409901786780906  -0.8321907445478511    0.360783001809772
  0.4263303953752087  -0.5237006425044312   -0.447607953621654 -0.03988062221407358   0.5848390264390005
 -0.8219476350050718  -0.1447906900676395  0.01506662092753929   0.2366682301663246   0.4971909966432126
  0.3689076341520158   0.4351691454646537   0.4508214465118584   0.4725227890563835     0.49801326236081

0.3992985441427916
0.3990672841650166
0.3989712445859364
0.3988317091819417
0.3986760883354595

0.001667179621054849
  0.3996992171975705

  0.5423813991823205    3.234323073383921   0.5605276441860764  -0.9107104853538861   -3.426500517163107
   1.277140033441361  0.05058551050358967 -0.02782925205556763 -0.07065446755092689  -0.2292522674422707

-1.634745829830738e-07  5.505691039085768e-09 -1.435860767656406e-06   -0.02747274265491276   -0.09861054569046696
 8.217177554928477e-09 -1.219322629653472e-08  1.557089855424597e-07   -0.01155569883711818     0.1187767916390531

cov:
0.05510476358648816 0.05840901448767839 0.05919041235688875 0.06027410791643976 0.06154520425713494
0.05840901448767839 0.06773901730534715 0.06994290996890719 0.07299868121074646 0.07658767280218033
0.05919041235688875 0.06994290996890719 0.07248293631050516 0.07600423102341895 0.08014057388749647
0.06027410791643976 0.07299868121074646 0.07600423102341895 0.08017143426630584 0.08506638439892056
0.06154520425713494 0.07658767280218033 0.08014057388749647 0.08506638439892056 0.09085356231451015

cov.inverse():
 520415.5560476633 -1054703.472538106 -129828.4067380693  204477.7771261082   459624.691994061
-1054703.472501021  5171586.838456494 -3249491.765062979 -1389607.006815589   522347.362999176
 -129828.406779347 -3249491.764861924  5197722.479956956 -954150.4581759743 -864258.9561434241
 204477.7771111069 -1389607.006999857 -954150.4578895754  4154350.445173524 -2015190.838367984
 459624.6920132541  522347.3630194832 -864258.9562700598  -2015190.83828085  1897505.594253883

cov*(cov_.inverse()):
     1.000000000010914  4.001776687800884e-11 -3.637978807091713e-11  5.820766091346741e-11  -2.91038304567337e-11
 7.275957614183426e-12      1.000000000029104 -5.820766091346741e-11  5.820766091346741e-11  -2.91038304567337e-11
 7.275957614183426e-12   1.01863406598568e-10     0.9999999999563443                      0                      0
 1.455191522836685e-11  -2.91038304567337e-11  4.365574568510056e-11      1.000000000029104                      0
 7.275957614183426e-12 -3.637978807091713e-11 -1.455191522836685e-11                      0                      1
