5
2

0.0002894837271863248
0.0005667701762639146
 0.001640527817537752
    0.111175403056361
   0.7078683863087387

 -0.3874950578367136   0.6000738644050524  -0.3348217163334714   0.4912300852923132   -0.369251078516129
  0.3378520887830949  -0.5839382017300707  -0.1781266592936589   0.6720794189072371  -0.2478957252462068
  0.1710014611877861  0.05676044243910573  -0.7870111353094178 -0.02783918259348354   0.5893854471033938
 -0.7573577834567039  -0.3574700311384358   0.1386425768209299   0.2736786098510829   0.4522196579958302
  0.3645150674062904   0.4097816038211584    0.466430080839372   0.4809649222214891   0.5003234214827446

0.3654014044679668
0.3498223916823672
0.3299088724360636
0.3249818855645498
0.3182848310404911

0.09876823898661791
 0.3782091686986641

 7.754566214385509 -7.892604955567544 -2.363341779971077  2.004420413141528 0.5424687952224493
-6.155201170498224  5.564356024612609  10.31110428689011  6.260582553670896 -15.11073599640131

-5.166639060518526e-07  2.846828561398177e-06  8.079249356012311e-06   -0.03195533221822483    -0.1375237863784986
 9.156744790344249e-07  2.531361513675027e-07 -4.826096857306079e-05   -0.01258031479834099     0.1487107469700943

cov:
0.07366849949788304  0.0781929465977938 0.08389542679972586 0.08528657410351889  0.0871513146007738
 0.0781929465977938 0.08572100682509746 0.09516053902923155 0.09754837872055964  0.1007346781997906
0.08389542679972586 0.09516053902923155   0.109252227980656  0.1128789978909843  0.1177081422296833
0.08528657410351889 0.09754837872055964  0.1128789978909843  0.1168388475078775  0.1221079241012606
 0.0871513146007738  0.1007346781997906  0.1177081422296833  0.1221079241012606  0.1279601371293495

cov.inverse():
 2158025.039701295 -3385270.266336187  1310857.802384444 -1566373.632946894  1484113.662644076
-3385270.266329193  5359665.303795484 -2090361.001593182  2295238.956060962 -2181052.365697581
 1310857.802442773 -2090361.001690855  1666679.780642055 -2327218.623207615  1440440.128954802
-1566373.633080977  2295238.956279753 -2327218.623255404  4285960.093629057 -2689241.768581324
 1484113.662712866 -2181052.365811757  1440440.128963241 -2689241.768544365   1947421.71480054

cov*(cov_.inverse()):
    0.9999999999854481  1.455191522836685e-10  4.365574568510056e-11   2.91038304567337e-11 -8.731149137020111e-11
 5.820766091346741e-11      1.000000000058208  5.820766091346741e-11                      0 -5.820766091346741e-11
                     0  8.731149137020111e-11      1.000000000087311                      0  -2.91038304567337e-11
 -2.91038304567337e-11  1.164153218269348e-10  5.820766091346741e-11     0.9999999999417923 -5.820766091346741e-11
                     0  1.164153218269348e-10   2.91038304567337e-11                      0     0.9999999999708962
