6
2

0.0002361471178163778
0.0003238962210895416
0.0003875248198485336
 0.000615615248046832
   0.1130302325997996
   0.6414511240587869

  0.2101828557737766  -0.5114356760699655   0.7534762024492063  -0.3335380664396645  -0.1235285711485656 0.004835190797105558
  0.3526532721905888   -0.580038740601766  -0.2020112674554259   0.6793498414055091 -0.07193718027405877  -0.1780196952923146
  -0.133379853843057   0.1649317228250934   0.1275908992056859   0.2669273638278676  -0.8362173208971677   0.4101442167166389
  0.5260885943677178  -0.1710047445736838  -0.4565945999741113  -0.4130346321262532 -0.04479088912132707    0.559379753298259
 -0.6450466914300589  -0.4603789885697637 -0.04503199677453698  0.09674733036957013   0.2931386545747399   0.5240684643112833
  0.3475833829344957   0.3655060870446505   0.4058067435918731   0.4195572432798624   0.4385998539461771   0.4609922633041408

0.4004230964297999
 0.400429664143164
0.4004197270271384
0.4003799844018129
0.4003244457064116
0.4002573308252607

0.0007357330041148498
   0.4007043763147556

  0.6988139378285531  -0.2637238910495225    3.633866055282867   0.2817314951437195   -1.022166934565612   -3.328914677713589
   1.551601754463172  -0.4584558437771207   0.2617608486539316 0.003768935721105926 -0.08035689587493397  -0.2782645620654729

 1.693034282312572e-07  5.485318679747968e-08 -1.628434808139398e-08 -1.204850944877605e-06   -0.03206675432055427    -0.1002204005771519
 4.266867272422858e-08  8.582571053390133e-08 -4.431599988730644e-08  2.355550241238241e-07    -0.0124002305408034     0.1300318539782248

cov:
0.05502611777554128 0.05606732404795633 0.05840807718553657  0.0592062465628216 0.06031126158889061 0.06161074401729267
0.05606732404795633 0.05767670207295428 0.06129455842235371 0.06252858032588994  0.0642372856983372 0.06624663062640758
0.05840807718553657 0.06129455842235371 0.06778481815414421 0.06999914324854205 0.07306569795870417 0.07667169516325345
 0.0592062465628216 0.06252858032588994 0.06999914324854205   0.072548228440297 0.07607815598753236 0.08022915735247559
0.06031126158889061  0.0642372856983372 0.07306569795870417 0.07607815598753236  0.0802503414090017 0.08515609832091933
0.06161074401729267 0.06624663062640758 0.07667169516325345 0.08022915735247559 0.08515609832091933 0.09094986001775061

cov.inverse():
 2826433.830260831 -4261285.399210863  1413678.663412983  216090.8593676999 -26900.67965153006 -167983.3430985106
-4261285.399189305   8155814.07333191 -5447201.979399792   -217649.92316781  632459.9303995559  1137945.908810119
 1413678.663327179 -5447201.979302834  11228105.22752301   -5090350.3407642 -2187034.564037182  82649.61363443882
 216090.8593799486 -217649.9231295341  -5090350.34093188  7318729.595740031 -1164508.029269913 -1062340.316369869
-26900.67955465445  632459.9301989324 -2187034.563747941 -1164508.029457971  4984544.726966351  -2238532.35175958
-167983.3431433937  1137945.908897074  82649.61352403117 -1062340.316298968 -2238532.351762143  2248315.279210995

cov*(cov_.inverse()):
     1.000000000016371  -2.91038304567337e-11 -6.002665031701326e-11                      0  -2.91038304567337e-11  -2.91038304567337e-11
 -2.91038304567337e-11      1.000000000058208 -3.365130396559834e-11  5.820766091346741e-11                      0  -2.91038304567337e-11
 2.364686224609613e-11  5.820766091346741e-11       0.99999999981992  1.164153218269348e-10  -2.91038304567337e-11                      0
 3.274180926382542e-11 -1.455191522836685e-11  5.002220859751105e-11     0.9999999999708962 -5.820766091346741e-11  -2.91038304567337e-11
 5.456968210637569e-12  1.455191522836685e-11  -1.39152689371258e-10  5.820766091346741e-11     0.9999999999708962  -2.91038304567337e-11
-5.456968210637569e-12  1.455191522836685e-11  3.456079866737127e-11 -1.455191522836685e-11                      0                      1
