5
2

0.0003366787927969504
0.0004064931137089344
0.0005700637610388744
   0.1002649070827505
   0.5742763284169862

-0.2290580623492872  0.5057484722762103  -0.726409545377567    0.40228203929919 0.04742594337185585
-0.3333766269206991  0.5183737222118867  0.1143520071164112 -0.6798973199729654  0.3805416685531266
 0.5035568806921251 -0.3277130499099585 -0.4923203988367111 -0.2580029037340977  0.5745343778925375
-0.6551461867450116 -0.4471962725591253 0.09064314173586545  0.2906837180781286  0.5273383778023574
 0.3919264862150225  0.4100327031328234  0.4567901450319586  0.4741795787040106   0.494735588275702

0.3993168790867062
0.3992382499768428
0.3990508824602214
0.3989403666199434
0.3988107674813718

0.001570382882119341
  0.3996983509090958

  1.512571852219182 -0.7453899170523044   4.449809292257111 -0.6610492904045163   -4.55641670694374
  1.617388332349734 -0.5296945173899533  0.3872797790084052 -0.0554571563639728 -0.4195424207680543

-5.030420087122568e-07 -2.753276854769466e-07  -1.18031944363772e-06   -0.02864320541171175   -0.08174448489380601
-1.090336905206352e-07 -1.472987532845281e-07   1.85441005639556e-07      -0.01030443257822      0.118643674495365

cov:
0.05497339466727721  0.0559439032588891 0.05844522323329542 0.05937543164647158 0.06047382086756913
 0.0559439032588891 0.05745766109307614 0.06136243926398825 0.06281459535893477 0.06453035960780545
0.05844522323329542 0.06136243926398825 0.06889649732767113 0.07169829126844544 0.07501054396195266
0.05937543164647158 0.06281459535893477 0.07169829126844544 0.07500236392897591 0.07890829932662688
0.06047382086756913 0.06453035960780545 0.07501054396195266 0.07890829932662688 0.08351703951735907

cov.inverse():
 1915804.233053235 -2575623.858484838  474310.2669115667  159023.5615052385   26621.8952361072
-2575623.858498283  4213229.881670836 -2385832.609632475 -77907.20897457797  826019.5054964538
 474310.2670266781 -2385832.609803333  5480111.412015821 -2657642.337171261 -910961.6340765263
 159023.5613481989 -77907.20872649192  -2657642.33729967  4430085.121954201 -1853617.759089639
 26621.89529148076  826019.5054057789 -910961.6340038677 -1853617.759126993  1912008.497168342

cov*(cov_.inverse()):
     1.000000000027512                      0  7.275957614183426e-12                      0                      0
 2.842170943040401e-11      1.000000000014552  5.820766091346741e-11                      0  1.455191522836685e-11
 2.478373062331229e-11                      0                      1  5.820766091346741e-11                      0
-1.318767317570746e-11  5.093170329928398e-11  5.820766091346741e-11      1.000000000029104  5.820766091346741e-11
-1.045918907038867e-11                      0 -1.455191522836685e-11                      0                      1
