6
2

0.0001180167425323329
0.0002493283694899816
0.0004543717023520036
0.0007355631890663678
    0.113500226922088
   0.6796147676864744

-0.02756649068653215   0.1788949179289799  -0.7395106288641111   0.6466137500853616 -0.04570417962337586 -0.01274805447586073
  0.3197828151108895  -0.8141332656259165   0.1810543327188663   0.4387540238223965 -0.09244631889686093 -0.03307401195557666
 -0.1120070146704227   0.1132041009817365    0.157920312653623  0.09854774524511205  -0.8021903191985312   0.5444992825782065
  0.6665800231536878 -0.09989537739694825  -0.4554189900347038  -0.4584684866317393 -0.01031677274078345   0.3577509479913901
 -0.5663512863534725  -0.3847985469952738  -0.1918298746560601 -0.09909112076061614   0.3735386838467373   0.5873903296122489
  0.3454717956560278   0.3664961902481789   0.3888436394713503     0.39957665502293   0.4541122259329682   0.4788016165400206

0.3983492674191267
0.3972844763804516
0.3961126961921494
0.3956165302154361
0.3927245289700804
0.3914143110583148

0.01497327425128241
 0.4004598875077615

  0.3613353615359711   0.9828096301418464     -4.5660094000246    6.720521657347655  -0.1454759709490358    -3.35508060016827
   1.386147683974672 -0.03505568233534403  -0.9103820080419258   0.8748122820498057  0.02848964144793784  -0.3439960343822022

  1.10552735004854e-07  9.708783640181381e-08 -3.505844975718308e-07  -1.11338016857675e-06   -0.03089119579751109    -0.1281953278031283
  1.66787706272155e-08  4.348718235036659e-08  -8.81440315919187e-08  4.423936783560534e-07   -0.01127230717964944      0.143097157056483

cov:
0.05925757636828335 0.06128744198473408 0.06344532663840395 0.06448133397818488 0.06973522245463552  0.0721146511180889
0.06128744198473408 0.06394649603156016 0.06677278451005612  0.0681298999132272 0.07501856762694491 0.07813781254756914
0.06344532663840395 0.06677278451005612 0.07030957709746885  0.0720080117861118 0.08063436508067369 0.08454000240343242
0.06448133397818488  0.0681298999132272  0.0720080117861118 0.07387047907129868 0.08333181676386101  0.0876153180084555
0.06973522245463552 0.07501856762694491 0.08063436508067369 0.08333181676386101 0.09704476886012944  0.1032520484013997
 0.0721146511180889 0.07813781254756914 0.08454000240343242  0.0876153180084555  0.1032520484013997  0.1103304601396014

cov.inverse():
 2581585.564820403 -4726548.725217993  1748275.510096242  358919.7193036667  37387.83487512839  413.1609857779356
-4726548.725352661  13040529.34060975 -11698981.56989661   2697893.81564401  185707.2544826383  501905.1503228683
  1748275.51049173 -11698981.56936076  40296095.74034344 -32593079.63712649  1552501.709974664  695896.4470213819
 358919.7190962312  2697893.814608749 -32593079.63545476  33551671.23308097 -3148499.671432525 -868510.5181135954
 37387.83471211368  185707.2551272517  1552501.709177052 -3148499.671166052  3404631.358017653   -2031477.3374096
 413.1610953955497  501905.1500431187   695896.447078274 -868510.5179507998 -2031477.337459178  1701899.625475373

cov*(cov_.inverse()):
    0.9999999999563371  5.093170329928398e-11 -7.275957614183426e-11  7.275957614183426e-11                      0  -2.91038304567337e-11
-1.091393642127514e-11       1.00000000003638  -2.91038304567337e-11  -2.91038304567337e-11                      0   2.91038304567337e-11
-1.818989403545856e-11 -5.820766091346741e-11      1.000000000130967 -3.637978807091713e-10   2.91038304567337e-11                      0
-2.962963208119618e-12 -5.093170329928398e-11 -2.037268131971359e-10      1.000000000218279  -2.91038304567337e-11                      0
  -1.2732925824821e-11 -1.091393642127514e-10 -1.455191522836685e-10  7.275957614183426e-11                      1                      0
-2.086864014927414e-11  3.637978807091713e-11 -1.455191522836685e-11 -7.275957614183426e-11                      0                      1
