5
2

 0.000236686971180848
0.0004984570419410369
 0.001618749200661639
   0.1207600800994413
   0.7015630678336491

 -0.5859892061298148   0.6980880169780482   -0.186503480797891   0.2937177046301892  -0.2196272580715998
  0.2413485381994468  -0.3245049454055968  -0.3100434304245961   0.7723501123742943  -0.3792041649062739
  0.1287859710332609  0.09484469475653916  -0.7886884610024857 -0.02581836146927807   0.5930620382676092
 -0.6674183803250461  -0.4960650753828886   0.1598256931910275   0.2848456865555901   0.4492113413932722
  0.3692349017599114   0.3902481080298464    0.470654631527575    0.485181987468521   0.5044349892297442

0.3618909291981642
0.3544712305186746
 0.325265659486361
0.3201357112690857
0.3132314588344792

0.1021110301316101
0.3751142637462665

 25.51337858930593 -27.37709243695965 0.7504156407369653 -2.544340712795149  3.709940805382242
-17.23446628693243  18.01048490032706   9.46829010647637  4.735903161361625 -14.10620769197209

-2.003539779792561e-06  2.841632959647644e-06  6.192578673067764e-06   -0.03478831790676182    -0.1345090480525244
 1.422667092577718e-06 -9.771108463746995e-07 -4.314933695828024e-05   -0.01321458446712916     0.1493286840078306

cov:
0.07359856891419432 0.07574952048215114 0.08397809252894785 0.08540169897986123 0.08730101625117365
0.07574952048215114 0.07854616149632515 0.08924532055413358 0.09113139633555127 0.09364063206221132
0.08397809252894785 0.08924532055413358  0.1094021838602721  0.1130571965709396  0.1178990983368655
0.08540169897986123 0.09113139633555127  0.1130571965709396  0.1170458444170897  0.1223259891124306
0.08730101625117365 0.09364063206221132  0.1178990983368655  0.1223259891124306  0.1281839012350231

cov.inverse():
 6370378.947207791 -7612688.992592905   1610928.10071229  -2323388.54514401  1958126.425101117
-7612688.992595674   9126322.40958995  -1947679.93827551  2650402.934284119 -2220111.593961647
 1610928.100663152  -1947679.93821701  1245183.311838874 -1933854.187855019  1025877.317711095
-2323388.545041597  2650402.934162345 -1933854.187852324  3941121.735265573 -2336121.551746904
 1958126.425050602  -2220111.59390113  1025877.317717792 -2336121.551763633  1574032.252455782

cov*(cov_.inverse()):
     1.000000000087311 -8.731149137020111e-11 -1.455191522836685e-11 -5.820766091346741e-11                      0
-5.820766091346741e-11      1.000000000145519 -4.365574568510056e-11                      0                      0
                     0                      0     0.9999999999563443                      0                      0
  2.91038304567337e-11                      0 -1.455191522836685e-11     0.9999999999417923                      0
  2.91038304567337e-11                      0  -2.91038304567337e-11 -5.820766091346741e-11      1.000000000029104
