5
2

0.0003037057726086933
0.0004004366744025427
0.0004914600288738936
  0.08166346247035984
    0.600020181160711

  0.1907144672621954  -0.7972724019129752   0.5415917278978301   0.1600563804038648 -0.09510554394706836
   -0.08563549678538     0.11223853577393   0.4866692824682429  -0.8095815771206319   0.2963102297700184
  0.4717830540283634  -0.3490736376949151  -0.5189427262672358  -0.1941674808238438   0.5903945982501542
 -0.7645339366026104  -0.2087794950611762 -0.01349933208005803   0.2477103895890186   0.5570963230429409
  0.3862682531373809   0.4316456256510407   0.4476020829511518   0.4689330201202109   0.4941994419799008

0.3999544324131655
0.3995791867173465
0.3994037161555138
 0.399171887118268
 0.398896889372331

0.002990532642729079
  0.4006814207724417

 0.4861489391885636    3.65524580351914  0.3261889475427374 -0.8057324831317676  -3.661764303933738
  1.786017162896105 -0.3109521882987104 -0.1346346119705558 -0.1204743211706343 -0.2199767826499435

-2.237266941943524e-07  1.517899507075579e-08 -7.780514085588276e-07   -0.02253271591049844    -0.0993374597808946
 4.771008138253109e-08 -3.544003551994703e-08  2.208926611303963e-07  -0.009677430212354289     0.1188767761053198

cov:
0.05761487582747748 0.06109162973989745 0.06231496963699627 0.06394961605916805 0.06588594390540814
0.06109162973989745 0.06736975368922005 0.06957746048485541 0.07252863570125906 0.07602431436424895
0.06231496963699627 0.06957746048485541 0.07213134222640127 0.07554509475480248 0.07958884018402868
0.06394961605916805 0.07252863570125906 0.07554509475480248 0.07957799377892014 0.08435456352743673
0.06588594390540814 0.07602431436424895 0.07958884018402868 0.08435456352743673 0.08999966750044822

cov.inverse():
 1361680.821202198 -2390240.228555224 -153726.5329411884  384009.6026733487  798255.1977433357
-2390240.228419268  7474464.270018913 -3590717.893914895 -1669546.641699651  176191.3519928842
-153726.5330557062 -3590717.893744902  5772114.969532594 -1100138.982814763 -927602.4096157734
 384009.6025480054 -1669546.641432398 -1100138.982883166   4521301.53080988 -2135655.978241441
  798255.197847244  176191.3516915938    -927602.4094919 -2135655.978167937  2088802.204838414

cov*(cov_.inverse()):
     1.000000000014552 -5.275069270282984e-11  3.637978807091713e-11                      0                      0
 2.182787284255028e-11       1.00000000003638 -4.365574568510056e-11  -2.91038304567337e-11                      0
-1.455191522836685e-11  4.729372449219227e-11      1.000000000029104  5.820766091346741e-11                      0
 -2.91038304567337e-11  1.000444171950221e-10   2.91038304567337e-11     0.9999999999708962                      0
                     0  1.637090463191271e-11  -2.91038304567337e-11                      0     0.9999999999708962
