5
2

0.0001574421353158744
0.0003187292030642419
0.0004635840760788278
   0.0686534797375698
    0.580975925743436

 -0.1428126571910097   0.6844967179267029  -0.7054494722017499   0.0823099305130935  0.08145492988651741
 -0.3601125148902715   0.4741980396412004   0.4653259070900212  -0.6509997554644145  0.07159828486750361
  0.4141446958935044  -0.2268026018549817  -0.2924184652761485  -0.5331230225050049   0.6382131577269127
 -0.7178573417277129  -0.2619155901647362 -0.01007281828308938   0.2638405899776005   0.5885301538310398
  0.4038422084878518    0.431927384832778   0.4474402997702596   0.4643192648163567   0.4843087892420185

0.3989473162249709
0.3989079964287949
0.3988207082743975
0.3987335962883858
0.3986263440484147

0.001360162058438006
  0.3993507931070293

 0.1696791089691126   5.189808624139325 -0.3146253217684816  -1.080897863865371   -3.96400546950574
   1.99185110035437 -0.3423031248418371 -0.3112517804682913 0.04060716613317164 -0.3789368673654085

 8.274913578387719e-08  2.715799209140326e-07 -6.379430897027325e-07   -0.01930591124572888    -0.0851651134703597
-8.098704496025058e-09 -1.095132067091012e-07  1.569004462158521e-07  -0.007302679908729178     0.1190172159291952

cov:
0.05747666936317095 0.05976220305280715 0.06102466489788448 0.06239867487261162 0.06402494668373288
0.05976220305280715 0.06329396548161818 0.06524467218948518  0.0673672812360943 0.06988070186456051
0.06102466489788448 0.06524467218948518  0.0675755952630724 0.07011169999517719 0.07311518101169154
0.06239867487261162  0.0673672812360943 0.07011169999517719 0.07309775424671675 0.07663416315078708
0.06402494668373288 0.06988070186456051 0.07311518101169154 0.07663416315078708 0.08080268350546757

cov.inverse():
  2897520.82457277 -6061599.252041264  1851342.540191775  806062.4380497885  506691.4456534758
-6061599.252109645  21354546.19565044 -16999618.18769199 -203246.0830647698  1909944.577334333
 1851342.540288566 -16999618.18831328  22605896.35956703 -4598994.266865061  -2858580.60983337
 806062.4380504967 -203246.0821946694 -4598994.268102758  5767583.199755535 -1771509.720552914
 506691.4456243654  1909944.577017116 -2858580.609120144 -1771509.720919807  2213486.428094079

cov*(cov_.inverse()):
     1.000000000047294 -8.731149137020111e-11  8.731149137020111e-11 -7.275957614183426e-11  -2.91038304567337e-11
 7.275957614183426e-12      1.000000000058208   2.91038304567337e-11 -4.365574568510056e-11                      0
 3.637978807091713e-11   2.91038304567337e-11      1.000000000291038 -4.365574568510056e-11 -5.820766091346741e-11
 1.455191522836685e-11  4.074536263942719e-10 -8.731149137020111e-11     0.9999999999708962   2.91038304567337e-11
                     0 -1.455191522836685e-10  1.164153218269348e-10                      0                      1
