5
2

0.0001681669860827643
0.0002869487298773336
0.0005607705364955902
  0.06726347199165454
   0.5487462511137289

 0.03985101690910064  0.04254821803092511  -0.6566486310366686   0.7346310702204747   -0.160409823945084
 -0.2264961689052401   0.7922240600814112  -0.4021648932816542   -0.351941508405024   0.1883642677705231
  0.6234050279251426  -0.3040920524258304  -0.4540476349960948  -0.3222583368943716   0.4570388432788019
 -0.6184832510141902  -0.2995179929790152 -0.05063306848286717   0.1599791877441964   0.7068312330121369
  0.4194711209310243   0.4340364999672102   0.4453683997545041   0.4549841635915446    0.479888210713807

 0.395334241709036
0.3948342545470048
0.3945392712758756
0.3941884892747254
0.3932636969724675

0.007365140103531005
  0.3964648503245694

  1.565678089096889  -3.418794362593526   5.907225932402954   2.390611240582147  -6.444962113052131
  1.588043543487335 -0.6774848448137489  0.5435368453145988  0.1176115405439882 -0.5717017098982246

-3.314400833379341e-08 -6.170614941508876e-07 -1.378128718567571e-06   -0.01998194005132469   -0.06064730061312533
-4.082115506775467e-09 -1.040836078695177e-07  2.044105438985351e-07  -0.005393333286229509     0.1184368390673043

cov:
0.05471510509947552 0.05566214440647494 0.05639705113045793 0.05702231986639954 0.05863791709909916
0.05566214440647494 0.05713372750134325  0.0582774494078622 0.05924879681296591 0.06176261243645175
0.05639705113045793  0.0582774494078622 0.05974023392787187 0.06098151408400803 0.06419601934233811
0.05702231986639954 0.05924879681296591 0.06098151408400803 0.06245138736020195 0.06625909132351002
0.05863791709909916 0.06176261243645175 0.06419601934233811 0.06625909132351002 0.07160679397015421

cov.inverse():
 1915139.939219438 -2722061.587576917 -719174.3559444736  1364433.789008739  161769.6459260973
-2722061.587546837  7980422.617821462 -4418268.519755333 -1969287.122358342  1128980.849997543
-719174.3556647175  -4418268.52023384  17866861.91253019 -14873452.77430384  2144695.171124307
 1364433.788565896 -1969287.121622679  -14873452.7745064  20918004.71141897 -5440416.181104135
 161769.6460591168  1128980.849770435  2144695.171128101 -5440416.181013834  2005151.887948948

cov*(cov_.inverse()):
     1.000000000016371  -2.91038304567337e-11  4.365574568510056e-11  3.492459654808044e-10 -1.455191522836685e-11
 7.275957614183426e-12     0.9999999999854481  5.820766091346741e-11  1.164153218269348e-10                      0
 1.455191522836685e-11  -2.91038304567337e-11      1.000000000261934 -5.820766091346741e-11   2.91038304567337e-11
   1.2732925824821e-11  -2.91038304567337e-11                      0      1.000000000174623                      0
-1.818989403545856e-12  -2.91038304567337e-11 -8.731149137020111e-11  1.164153218269348e-10                      1
