6
2

0.0001651480097184477
0.0002426213057660838
 0.000391277623897197
0.0006494228729239308
   0.1142902307004469
   0.6335410830982671

 -0.1176304321920799   0.4361581565986312  -0.7311397916795419   0.5056611374033724 -0.07243435394254823 -0.02058706794174655
  0.3042447646340208  -0.6769816268336336 0.006059827621074616   0.6294836903393045  -0.2270812813860045 -0.03575826970897383
 -0.1832740202971227   0.1944519397947984   0.2368589458502205  0.03962256750906176  -0.7878657244082394    0.500194530969264
  0.6252931516309129   -0.118679174106138  -0.4692542779356096  -0.4209123185924694 -0.05714672962467615    0.440784779848863
 -0.5855824704746244   -0.401078450501926  -0.1871510240927838  0.01303656464911178    0.350732826912755   0.5813951092886572
  0.3551203780347444   0.3724267883070039   0.3925183309131862   0.4112785162149727   0.4429172515658962   0.4645335883638989

0.4005147394586534
0.4005331415905499
0.4005151256116247
 0.400547798130869
0.4004756405291504
0.4004263657544277

0.0006211208275946907
   0.4007797837818257

  0.1074510019050385    1.708188447353502   -1.883504355507503    4.213242216113701   -1.055292652587583   -3.090354884192782
   1.461243047357385  -0.1573099541422752  -0.2813834279303679   0.3077587147382093 -0.07392559793946932  -0.2562826460122303

 1.194606048059996e-07  1.099114811013108e-07 -1.042701945555739e-07 -9.814022714215964e-07   -0.03275303448154186   -0.09437986268740098
 3.586088689684882e-09  4.527001499809978e-08 -6.472973223654793e-08  3.484223849403684e-07   -0.01189763880003821      0.130311111356908

cov:
0.05509682024521544 0.05615210742952685 0.05737946478201827 0.05852225508726551 0.06044897731160728 0.06176584372994894
0.05615210742952685 0.05777259315337314 0.05965514214791175 0.06141066320853684 0.06437089898967105 0.06639373306991561
0.05737946478201827 0.05965514214791175 0.06229762412689981 0.06476380806969273 0.06892276065187122 0.07176441151598072
0.05852225508726551 0.06141066320853684 0.06476380806969273 0.06789479591823645 0.07317500763079368 0.07678256562627385
0.06044897731160728 0.06437089898967105 0.06892276065187122 0.07317500763079368  0.0803468154537048 0.08524625022358648
0.06176584372994894 0.06639373306991561 0.07176441151598072 0.07678256562627385 0.08524625022358648 0.09102857289666666

cov.inverse():
 3226317.582316735 -5788823.449531115  2205420.305625075  401124.2461202203 -2853.742877243016 -41321.05829013607
-5788823.449471807  15041006.09298494 -11329041.29984703   1015784.25865638  468598.7424988056  593266.4213560596
 2205420.305413052 -11329041.29962454  20489095.12304389 -12961005.91501213  763063.6436177623  831615.9924823054
 401124.2462088575  1015784.258749147 -12961005.91541259  16536845.12922212  -3918143.57731866 -1074529.345394966
-2853.742641803642  468598.7418289254  763063.6444795531  -3918143.57780947  5130599.698275585 -2441165.796231213
 -41321.0584614915  593266.4217699852  831615.9920314499 -1074529.345123238 -2441165.796294637  2132176.408013483

cov*(cov_.inverse()):
     1.000000000069122  7.275957614183426e-11 -1.746229827404022e-10  8.731149137020111e-11 -5.820766091346741e-11   2.91038304567337e-11
 1.909938873723149e-11     0.9999999999490683 -4.365574568510056e-11 -8.731149137020111e-11  -2.91038304567337e-11   2.91038304567337e-11
 8.185452315956354e-12 -4.365574568510056e-11     0.9999999997962732 -1.455191522836685e-11  -2.91038304567337e-11   2.91038304567337e-11
 5.547917680814862e-11 -1.455191522836685e-10 -1.309672370553017e-10     0.9999999998690328  -2.91038304567337e-11  -2.91038304567337e-11
 5.275069270282984e-11 -2.692104317247868e-10   2.91038304567337e-11 -2.182787284255028e-10                      1                      0
 1.909938873723149e-11 -6.548361852765083e-11   2.91038304567337e-11 -4.365574568510056e-11                      0                      1
