7
2

0.0001094072177366521
0.0002291125956261855
0.0003289016122749403
0.0004527351557340198
0.0007487079804277586
   0.1156529794038536
    0.741260033515757

-0.02057243508554665   0.1354347734625011  -0.6860924844345219   0.7008102694334201  -0.1363183080393141 -0.01627174243554347  0.02299598665734203
 -0.2506915204167917    0.721838419913039  -0.3397617978815767  -0.4074334771897248   0.3596438174629268 -0.01156489565521996 -0.07201053563965559
  0.2414568061846403  -0.4091347212256695  -0.2039183306893069  0.04307032196255197     0.78998004802455  -0.2187522896206927  -0.2427933522946393
 -0.0976849269097774  0.09872453108323782   0.1418042354345011  0.09024903135421307   0.0503781912797473  -0.8161883482279286   0.5326879116610734
  0.6553414013163531 -0.07708679576106059  -0.4213148535073019  -0.4269792054022438  -0.1866982622892708  0.04753701224699607    0.409453070977611
 -0.5829618086940984  -0.4064262099246978  -0.2188091744621017  -0.1286565905321266   0.1754346837323194   0.3308473460373072    0.538800517574013
  0.3155471115892792   0.3351780516831833   0.3560396552489646    0.366059049190336   0.3997919904430424   0.4169721401676186   0.4400259414343887

 0.398218960630278
0.3971463107857882
0.3959642887536533
0.3954641838686971
0.3935166192637446
0.3925489826817519
0.3912299464166722

0.01509187054545943
 0.4003449433892264

  0.3739124472720102    1.045385451522727   -4.233796048582668     5.62938102867149    1.215095788364874  -0.3295002264363476   -3.702464576004339
   1.382181976860238 -0.01576986089010261   -0.915924687324535   0.8137371668384925  0.09554543403868909  0.01135084628298254  -0.3711166037834449

 8.065791397262196e-08  2.693789907866539e-08  2.920004494792912e-07 -3.418380713404383e-07 -1.241041822494658e-06   -0.03118452208834116    -0.1423796545491318
 1.372198276006773e-08 -1.665467716869469e-08  7.843986923840401e-08 -8.099530635990278e-08   4.35113496339218e-07   -0.01181160649796063     0.1550915811108187

cov:
0.05925624193843375 0.06128307033933243 0.06343706217097943 0.06447129402880424  0.0679489531783616  0.0697159475162198 0.07209167163242089
0.06128307033933243 0.06393890156097169 0.06676100564269996 0.06811616886093813 0.07267561668734021  0.0749948181616354 0.07811015139980076
0.06343706217097943 0.06676100564269996 0.07029320325066175 0.07198944978292457  0.0776986200685157 0.08060470450960468 0.08450609920021941
0.06447129402880424 0.06811616886093813 0.07198944978292457 0.07384959684678284 0.08011116801621411 0.08329922319409766 0.08757828076508527
 0.0679489531783616 0.07267561668734021  0.0776986200685157 0.08011116801621411 0.08823497849518747 0.09237353728950112 0.09792576290747326
 0.0697159475162198  0.0749948181616354 0.08060470450960468 0.08329922319409766 0.09237353728950112 0.09699763982963182  0.1031995836335396
0.07209167163242089 0.07811015139980076 0.08450609920021941 0.08757828076508527 0.09792576290747326  0.1031995836335396  0.1102724251826526

cov.inverse():
 2584270.172749962 -4730458.686091549  1786507.423969897  295295.3597897606  37725.42218587344  39469.08210651119 -12761.39205678107
 -4730458.68595589  13064122.46975796  -11537505.6257778    2265945.1668629  465308.3416745299  84537.34514614168  388476.1754027074
 1786507.424612206 -11537505.62720298  42323714.64457492 -37229709.69834264  4171682.918501828  819479.0281938702 -333530.1791610718
 295295.3586247257  2265945.169310092 -37229709.70027015  44575209.78057101 -10293640.91674896 -1345586.518875495  1731278.291710949
 37725.42263417616  465308.3405233254  4171682.920555369 -10293640.91829687  9860044.462399555 -1707844.786777331 -2533741.095278362
 39469.08210595504  84537.34522685822  819479.0277789352 -1345586.518353801 -1707844.787078707  3721131.724912803 -1610853.118695831
-12761.39211741542  388476.1755867708 -333530.1796551257  1731278.292091979 -2533741.095174322 -1610853.118810304  2371380.839575379

cov*(cov_.inverse()):
     1.000000000029672  9.094947017729282e-11  -3.41970007866621e-10  7.275957614183426e-11 -8.731149137020111e-11  1.455191522836685e-11                      0
 6.366462912410498e-12      1.000000000200089 -3.637978807091713e-11  1.164153218269348e-10 -5.820766091346741e-11 -1.455191522836685e-11                      0
-1.182343112304807e-11  6.548361852765083e-11      1.000000000771252 -2.328306436538696e-10  -2.91038304567337e-11   2.91038304567337e-11  -2.91038304567337e-11
 2.501110429875553e-12  8.731149137020111e-11  4.329194780439138e-10                      1   2.91038304567337e-11                      0 -8.731149137020111e-11
 3.797140379901975e-11   2.91038304567337e-11 -5.820766091346741e-11  1.455191522836685e-10                      1                      0  -2.91038304567337e-11
 3.478817234281451e-11  1.309672370553017e-10  1.527951098978519e-10  4.074536263942719e-10 -8.731149137020111e-11      1.000000000029104                      0
-6.821210263296962e-12  5.093170329928398e-11  4.001776687800884e-10  2.619344741106033e-10                      0                      0                      1
