6
2

0.0001089580575197536
0.0001921866651752458
0.0002901923659663587
0.0006832821897253299
   0.0938207726644805
   0.6441715512635969

 -0.01406459857284672    0.1238206469765399    -0.621457482342384    0.7400442085223319   -0.2249092808412808 -0.003408359425735874
   0.1870631912300316   -0.5842435273188988    0.4826358576526686    0.3514979579426293   -0.5114949874404588   0.07450876167355569
  -0.3331652813657876    0.5981738484343085    0.2221432136086651   -0.1114822124888425   -0.6344071678049209    0.2587288092302256
   0.6132456548307681  -0.07230820874715109   -0.3955822736069752   -0.3846267379438293   -0.2582263388315046    0.4975915845141104
  -0.5882401880799877   -0.3682564077880076   -0.1232136911342628  0.009376573648521071    0.1950227672690437    0.6819510874550332
    0.362923811295263    0.3803613233340396    0.3997982870413037    0.4102801769749697    0.4249723718465504    0.4635100431855202

0.4005901653482933
0.4003981664130772
0.4001433890803966
0.4000719086437883
0.3998543281327025
0.3992970747070955

0.003426917342011608
  0.4012228808307675

 0.2177572414692762   2.204821522677758  -1.727702023367555   2.361032479845049  0.3455140261526327     -3.401683349272
  1.489984003729357 -0.2009529152906547 -0.2391682859675946  0.2071765587555957 0.05004289577317667 -0.3070289821574976

 3.590983516905102e-08 -6.210943862938692e-08 -4.210606052105509e-08 -9.488878678922835e-07   -0.02603218075365639   -0.09721190980453519
  2.91936047268236e-09  1.126703684603153e-08 -6.770837775505247e-08  3.629876894704743e-07  -0.008544200939842114     0.1380367498608177

cov:
 0.0577015455558428 0.05918831673781497  0.0608466017562687 0.06173862476382807 0.06299002631879837 0.06627264849178656
0.05918831673781497 0.06122754755363913 0.06350101097842221   0.064725599323956 0.06644273244541361 0.07094689207603955
 0.0608466017562687 0.06350101097842221 0.06645989720471174 0.06805500936626933 0.07029104376468763 0.07615618729997409
0.06173862476382807   0.064725599323956 0.06805500936626933 0.06985049159089296 0.07236710256431715 0.07896814261509071
0.06299002631879837 0.06644273244541361 0.07029104376468763 0.07236710256431715 0.07527672368514118 0.08290839718991848
0.06627264849178656 0.07094689207603955 0.07615618729997409 0.07896814261509071 0.08290839718991848  0.0932437191442137

cov.inverse():
 3087698.353761165  -5567127.72508994  1782123.977415181  839295.3399431885 -153347.0827103294  11334.39948924499
-5567127.724964004  14793072.23241519  -12476708.9335638  1426229.814930213   1278650.00528348  546598.1049070337
 1782123.977333746 -12476708.93389668  39759239.49441784 -34114368.82511134  3634968.542251278  1412904.639345185
 839295.3395907701  1426229.816119815 -34114368.82682755  49940874.54195736 -17834991.31041012 -255847.7481750642
-153347.0823604742  1278650.004519212  3634968.543691613  -17834991.3116018  16266285.87949694 -3191576.093595949
 11334.39944733835  546598.1049404728    1412904.6392068 -255847.7478624969 -3191576.093761663   1476574.00816885

cov*(cov_.inverse()):
    0.9999999999672582 -8.731149137020111e-11  3.637978807091713e-10  1.164153218269348e-10 -1.164153218269348e-10  1.455191522836685e-11
-4.217781679471955e-11     0.9999999999636202 -2.328306436538696e-10 -3.310560714453459e-10  1.164153218269348e-10  1.455191522836685e-11
-1.193711796076968e-11  7.275957614183426e-12      1.000000000509317  5.456968210637569e-11  -2.91038304567337e-11   2.91038304567337e-11
-3.365130396559834e-11 -7.275957614183426e-11  6.257323548197746e-10      1.000000000196451 -1.455191522836685e-10                      0
 -6.45741238258779e-11                      0  8.731149137020111e-11  9.094947017729282e-11      1.000000000232831 -1.455191522836685e-11
  1.70530256582424e-11 -8.003553375601768e-11                      0  1.928128767758608e-10  5.820766091346741e-11                      1
