5
2

9.954573296519163e-05
0.0001383415397316986
0.0003336686872884274
    0.116525005736777
   0.5739201115040615

-0.07479139512218333   0.3140431775697362  -0.5143936560884601    0.682244266221156  -0.4070934261590136
 -0.2832835055666594   0.7175172609177658  -0.3424866370953494  -0.4223101511159838   0.3305699251814135
  0.6556715148037644  -0.2471965305022905  -0.6300125291774803 -0.09841589778450167   0.3199800995768836
 -0.5754412432397159  -0.3973671333003683  -0.1897737379716704    0.335838017956829   0.6018018702384251
  0.3913041565626532   0.4093154035548235   0.4303164085213577   0.4834501362403892   0.5103388205848857

0.3998436091481027
0.3999473863188638
0.4000316686210381
0.4001970649424976
0.4002699866396436

-0.0005880931684532692
    0.3999491822821062

  0.4257061533235219  0.04609810820018631 -0.04599491361480823    7.172207387623905   -7.598091536195299
   1.462759423629588   -0.288551520547859  -0.1480247282237884   0.6554154710065853  -0.6816012051717252

 7.920176802903485e-08 -1.074115493779455e-07 -3.162344369324202e-07   -0.03283727438568042   -0.08054748633405789
 5.953067010112243e-09 -2.053213977998357e-08   9.36407919844257e-08   -0.01207166335185937     0.1184436062658117

cov:
0.05493116869259571 0.05586119500520092 0.05694597404155449  0.0596875817243501 0.06107519845033812
0.05586119500520092 0.05732875275727205 0.05904007869572249 0.06336773709082984 0.06555791743384259
0.05694597404155449 0.05904007869572249 0.06148186910013744 0.06765859584091234 0.07078442922812085
 0.0596875817243501 0.06336773709082984 0.06765859584091234 0.07851646813386316  0.0840110322406977
0.06107519845033812 0.06555791743384259 0.07078442922812085  0.0840110322406977  0.0907042530494494

cov.inverse():
 8619010.558554232  -14446612.7293031  5241598.006953237  522092.5694810257  63911.06424962891
-14446612.72905706  37401837.80327307 -27743301.96071364  6007076.659642147 -1218507.051608459
 5241598.009047714 -27743301.96568472  36396091.77822806 -27300979.80091874  13405858.39946855
 522092.5623229096  6007076.675526636 -27300979.81032327  56377265.41833623 -35605015.47006445
 63911.06906714772 -1218507.062275691  13405858.40599647 -35605015.47074275  23353573.84026521

cov*(cov_.inverse()):
    0.9999999999740794  1.455191522836685e-10 -1.164153218269348e-10                      0  2.328306436538696e-10
 6.548361852765083e-11     0.9999999999854481 -1.164153218269348e-10                      0  2.328306436538696e-10
 1.637090463191271e-11  1.455191522836685e-10      1.000000000232831 -9.313225746154785e-10                      0
-7.457856554538012e-11  7.275957614183426e-11 -2.328306436538696e-10     0.9999999986030161  2.328306436538696e-10
 5.275069270282984e-11                      0                      0                      0                      1
