5
2

0.0001052581559050625
0.0002093200085860615
0.0007154292707828103
  0.08757932428604029
    0.590233530325376

 -0.1291684023595741   0.5676785074137981  -0.7468512803343835   0.3211020410805501  -0.0127781191540249
 -0.5574091986620205   0.6017035398373911   0.3639561464025349  -0.4401858400688086  0.03194033645489293
  0.3149819990516679  0.00280688130777813  -0.3308350290591641  -0.6224550692961118   0.6355126528604559
 -0.6459993264146767  -0.3759898817829931 -0.05434302613714173   0.3019041530665784   0.5892513868800018
  0.3950717904685669   0.4175137034658029   0.4442342936068635   0.4738496327797958   0.4977177972428696

0.3999298757496078
0.3999978644410838
0.4000717061794711
0.4001387474745517
0.4002269251078688

-0.0004572329516681344
    0.3999591894694965

 0.5686832247452149  -1.031640815236669   9.167678520557724  -8.557993197736849 -0.1466526646176707
  2.179503199331879  -1.089282126691327  0.7338608578493138 -0.8283849009054971 0.00428464889468505

-1.135859222868297e-07  2.699576311701585e-07  1.216644841635013e-06   -0.02414399026950478   -0.09115243273173496
-1.899011477714777e-08  -5.42615006441321e-08  4.908614413595777e-07  -0.009862622971588847     0.1191022533655589

cov:
0.05757599512666445 0.05932680095324939 0.06141067069538508 0.06372153044750382 0.06558300039481588
0.05932680095324939  0.0618123687988101 0.06477131071868826 0.06805151494064714 0.07069451064772675
0.06141067069538508 0.06477131071868826 0.06877259509220972 0.07320741405958517 0.07678128630998489
0.06372153044750382 0.06805151494064714 0.07320741405958517 0.07892129970517374 0.08352638398417975
0.06558300039481588 0.07069451064772675 0.07678128630998489 0.08352638398417975 0.08896406637308474

cov.inverse():
 8791124.520490713 -14271376.35965434  3873398.517155009  1473343.423509735  133672.8021875822
 -14271376.3607762  37349775.31715924 -33270708.67228498  10404140.29469674 -212634.3488363148
 3873398.519451938 -33270708.67586165   53582155.5460679 -24899555.10153328  715910.9184898487
 1473343.422133743   10404140.2978847 -24899555.10367351  14485562.23885404 -1464059.130811162
 133672.8023885515 -212634.3495695371  715910.9193503504 -1464059.131139392  827136.4465435881

cov*(cov_.inverse()):
     1.000000000092768 -2.728484105318785e-10  5.020410753786564e-10 -2.182787284255028e-10  7.275957614183426e-12
-2.364686224609613e-11     0.9999999998581188  1.891748979687691e-10 -8.731149137020111e-11  1.455191522836685e-11
 -7.09405867382884e-11  1.728039933368564e-10     0.9999999997453415  1.455191522836685e-11  7.275957614183426e-12
-1.764419721439481e-10  7.676135282963514e-10 -5.675246939063072e-10      1.000000000116415                      0
-1.800799509510398e-10  2.510205376893282e-10 -2.328306436538696e-10  1.455191522836685e-11                      1
