5
2

0.0001178405354989514
0.0001452936288353441
0.0002609608882384655
  0.04338261476455028
   0.5524816517359139

 -0.0269259299790957   0.2275182931171602  -0.6468518048196079   0.6865506224718925   -0.240294415201201
 -0.3150664918571787   0.7579730434629922  -0.2726484430785874   -0.429640588652008   0.2593872821898508
  0.6049460456394666  -0.2466816852152821  -0.5517824026642093  -0.2567911349248806   0.4503142471415102
 -0.5910849608768921  -0.3491715073853717 -0.06608481120610474   0.2659887500092881   0.6734839345164371
  0.4297289272249498   0.4369664704414724   0.4454374781340292   0.4553740278701689   0.4675610127362099

0.3996052438262648
0.3996120402355341
0.3996221219844489
0.3996319889097776
0.3996456654721571

-0.0002554048021462481
    0.3995661047375677

 -2.676159677956802   3.059828764018896   5.678024230050897   7.202571447286085  -13.26448947705869
  2.307470298939878 0.07440844911698022 -0.4567572343225457 -0.2475901309448287  -0.677591952881156

 7.259385624655245e-08 -1.038797985318785e-07 -9.077477630579272e-07   -0.01294741363134866   -0.06283893664246622
 3.375658878219214e-09 -1.299243967689368e-08  9.452497942667413e-08  -0.003541853107640904     0.1193723714929335

cov:
0.05702457769101073 0.05770475756107124 0.05850096306270985  0.0594349243907978 0.06058018167849238
0.05770475756107124 0.05851114253664707 0.05945494063563397 0.06056202836524947 0.06191970987580459
0.05850096306270985 0.05945494063563397 0.06057150519773378 0.06188118989829348 0.06348747111542156
 0.0594349243907978 0.06056202836524947 0.06188118989829348  0.0634285823718907 0.06532649750472007
0.06058018167849238 0.06191970987580459 0.06348747111542156 0.06532649750472007 0.06758232206858633

cov.inverse():
 10128518.08519152  -13944966.1531402   421953.451204978  2799884.930671455  594613.4726228307
-13944966.15493863  31836721.92109581 -18389018.64762773 -3247692.172336088  3745071.721318704
 421953.4538096439 -18389018.65752439  38123638.83333715  -24351060.8673174  4194540.411546732
 2799884.930457699 -3247692.159955798  -24351060.8840711  43655913.13970685 -18857327.90362332
  594613.472030354  3745071.717036567  4194540.421008589 -18857327.90821057  10323230.29186624

cov*(cov_.inverse()):
     1.000000000007276 -1.164153218269348e-10 -8.731149137020111e-11 -6.984919309616089e-10                      0
-1.455191522836685e-11     0.9999999999708962 -8.731149137020111e-11 -4.656612873077393e-10                      0
-7.275957614183426e-11                      0     0.9999999997671694  2.328306436538696e-10                      0
 1.455191522836685e-11  1.164153218269348e-10 -5.238689482212067e-10     0.9999999997671694                      0
 -2.91038304567337e-11                      0 -1.164153218269348e-10                      0                      1
