5
2

0.0002371619449912623
0.0003291384309543229
0.0006448668801265156
   0.1063182780727354
   0.5746667117865746

-0.1672248764161091  0.4266796290285038 -0.7493655349341525  0.4777916357898719 0.01211539111233863
-0.3832955269779228  0.6621890624290756 0.08675488711321383  -0.595259606746709   0.229629646900712
 0.5348045509164078 -0.1823113497194681 -0.4762306695944075 -0.4104775577607279  0.5342838084716924
-0.6210890450075534 -0.4219816395237813 0.02266270713789304  0.1788952069642443  0.6353446314456662
 0.3916029496786746  0.4100539079678277  0.4512378925330508  0.4657100308614798  0.5079384351086302

0.4001859209738871
0.4000793584703324
 0.399824540719031
0.3996950016069311
0.3993328614234805

0.002229411689307769
  0.4006652241062532

    0.26305073573548  0.08290633766625725    3.870971888450772  -0.1744099748834455   -4.043057695596366
   1.503533975768627  -0.4401834511775689   0.3099043633220684 -0.01246075558804149   -0.360852525327646

-1.710829237121795e-07 -5.792381997499083e-08 -1.582928282701054e-06   -0.03063916057171356   -0.08292774079912933
-3.834853349983049e-08 -9.926924308017872e-08  2.283360975397906e-07   -0.01099330166432902     0.1185687126048996

cov:
0.05500404150865822 0.05599213975795102 0.05819653575397558 0.05897132271985735 0.06122811969034593
0.05599213975795102 0.05754113318645798 0.06099718586306948 0.06221172061937061 0.06575291995859391
0.05819653575397558 0.06099718586306948 0.06724833227331124 0.06944488685621916  0.0758544322205154
0.05897132271985735 0.06221172061937061 0.06944488685621916 0.07198664950138227 0.07940403333465754
0.06122811969034593 0.06575291995859391  0.0758544322205154 0.07940403333465754 0.08976582984932371

cov.inverse():
 2541151.292886364 -3845927.412921921  1308540.551561981  157692.1642747534 -161408.3291266559
-3845927.412897556   7364412.82560405 -4945597.501001817  165893.9176507879  1261282.843882423
 1308540.551586064 -4945597.501020922  10598685.84334471 -6372264.990775134 -589375.2238984985
  157692.164185982  165893.9177435164 -6372264.990753126  7734688.404270488 -1686210.861145322
 -161408.329086333  1261282.843833166 -589375.2239155332 -1686210.861119353  1175830.103663177

cov*(cov_.inverse()):
     0.999999999998181 -5.820766091346741e-11  1.455191522836685e-11  -2.91038304567337e-11  1.455191522836685e-11
 9.094947017729282e-12                      1  -2.91038304567337e-11 -1.455191522836685e-11 -1.455191522836685e-11
-3.637978807091713e-12  5.820766091346741e-11     0.9999999999490683  1.455191522836685e-11                      0
-5.456968210637569e-12 -1.455191522836685e-11  3.637978807091713e-11     0.9999999998835847   2.91038304567337e-11
-1.818989403545856e-12  -2.91038304567337e-11  7.275957614183426e-11                      0                      1
