5
2

0.0002447444245792728
0.0003526429785732053
0.0005140056920309287
    0.092194673122714
   0.5679921325120092

-0.1938941620976194  0.4848224302327906 -0.7577202522137436  0.3821634305730463 0.08463685228914132
 -0.308472382509238  0.5139041773416798  0.1012043203659627 -0.6934630310151587  0.3867996844548588
 0.5222839530839933 -0.3777022141075865 -0.4449978270214257 -0.2629267948038319   0.563388803873113
-0.6603476733083233  -0.430660812273872 0.09811386172595873  0.2873497684861189  0.5350476575185482
 0.3980078715814267  0.4155983756991566  0.4560354251676432  0.4704888394776936  0.4894278978506896

0.4001483982556727
0.4000205805916672
0.3997220339372587
0.3995810490080144
0.3993859368981909

0.002462143282184302
  0.4006534840135501

 0.4775173383289717   1.004535234857646   4.230457427879618  -1.046673504884531   -4.66639069131041
  1.487464550869457  -0.278909826620385  0.2476342521263438 -0.0628184928833965 -0.3934488535950336

-2.159999274147066e-07 -3.507547807273974e-08 -1.153598721563127e-06   -0.02660776521316709    -0.0772768460467536
-4.004765831320316e-08 -8.527619368628285e-08  1.497704830955649e-07  -0.009064219721045621     0.1183732333227177

cov:
0.05481206387780604 0.05578137915184881 0.05800571321478826 0.05879946727879524 0.05984108766920182
0.05578137915184881 0.05729926450998173 0.06078533033674231  0.0620304750812037 0.06366305778876485
0.05800571321478826 0.06078533033674231 0.06717561944561415 0.06945979296024107  0.0724526796010071
0.05879946727879524  0.0620304750812037 0.06945979296024107 0.07211590811056019 0.07559543483775513
0.05984108766920182 0.06366305778876485  0.0724526796010071 0.07559543483775513 0.07971251286253711

cov.inverse():
 2425329.507242134 -3590737.556220041  1321983.960009413 -36676.85652402531 -119751.5942689248
-3590737.556148394  6587785.065339861 -5078512.491845403  603324.6522693976  1478040.828643788
 1321983.959826795  -5078512.49157927  10416879.51723734 -4955786.895190347 -1704767.391272295
-36676.85648118885  603324.6521456537 -4955786.895034057  6566904.454441921 -2177608.767708903
-119751.5942007816  1478040.828573027 -1704767.391345055 -2177608.767633518   2524104.52303266

cov*(cov_.inverse()):
     1.000000000015461 -1.455191522836685e-11   2.91038304567337e-11 -1.455191522836685e-11  -2.91038304567337e-11
-1.364242052659392e-11      1.000000000014552  5.820766091346741e-11   2.91038304567337e-11   2.91038304567337e-11
-2.182787284255028e-11  5.820766091346741e-11     0.9999999999708962  8.731149137020111e-11  -2.91038304567337e-11
  -1.2732925824821e-11 -4.365574568510056e-11  8.731149137020111e-11     0.9999999999708962                      0
 2.728484105318785e-11 -4.365574568510056e-11                      0                      0                      1
