7
2

0.0001598951888284407
0.0002186448702738935
0.0003419391599324647
0.0004494344067950638
0.0007232070407120883
   0.1145308211778994
   0.7456959146230669

 -0.06883419742962013    0.2940316736259351   -0.5757691441682656    0.6884443462607898   -0.3185691815519209  -0.03854973793335612   0.01921190164605206
  -0.2017008851415595    0.6053848855614152   -0.4221106616305845   -0.3984586506817287    0.4987096030200686  0.002821925479672681  -0.08461651667223856
   0.2939969198988593   -0.4766816266954202   -0.2860854927842262      0.28629703556268    0.6446104400057481   -0.2217959669203054   -0.2404443091464289
  -0.1102802941428912    0.1156408258545522    0.1629178853866679   0.05688102737491924   0.08934540670921338   -0.8233181762047017    0.5087753399058111
   0.6253287620670797   -0.1096478111501716   -0.4461823062891287   -0.3710924078616622   -0.2100012779349072   0.04970963957420547    0.4621487706601478
  -0.6058214580306085   -0.4286897292142076   -0.2404273100380974 -0.003767401119176424    0.1553193551507293    0.3112741331752288     0.519971445623835
   0.3129328591445683    0.3326541973001922    0.3536119250582974    0.3799340383112398    0.3975833856409671    0.4148458147072476    0.4380106678579818

0.3981872349449384
0.3971216749411117
0.3959464204264988
 0.394510166096994
0.3935105397353374
0.3925471138904278
0.3912338578963302

0.01501649874625246
 0.4003044329185173

    0.3592374124152469      1.160950812496767     -2.143230067428538      4.684176194320711     0.3414275874633352     -0.552965129326376     -3.851775221703326
     1.381718193863256   -0.01896727739443992    -0.5052820453018946     0.4997116037614298     0.0333472643619523 -0.0009581808346696974    -0.3895748749172718

 1.179631181659985e-07  7.803299881786047e-09  3.244940300032239e-07  -2.95313335030496e-07 -1.341006293599609e-06   -0.03068904772759231    -0.1447704846437789
 1.319720925329111e-08 -1.082382340008809e-08  9.567310545434303e-08 -8.138286081081647e-08  3.760702119950565e-07   -0.01189778041338086     0.1554094537649336

cov:
0.05926803725211129 0.06129184975415738 0.06344254106836535 0.06614222480927336 0.06794922635081925 0.06971381158547614 0.07208637274234811
0.06129184975415738 0.06394389314391548 0.06676190586559669 0.07030005032869903 0.07267016909888112 0.07498633888694801 0.07809774018807396
0.06344254106836535 0.06676190586559669 0.07028920294596175 0.07471850019279604 0.07768712342841919 0.08058954033251017 0.08448622026536885
0.06614222480927336 0.07030005032869903 0.07471850019279604  0.0802678248080181 0.08398863454757372 0.08762783418220312  0.0925114278297003
0.06794922635081925 0.07267016909888112 0.07768712342841919 0.08398863454757372 0.08821473130127395 0.09234874281806996 0.09789522450062195
0.06971381158547614 0.07498633888694801 0.08058954033251017 0.08762783418220312 0.09234874281806996 0.09696779901909716  0.1031633882256071
0.07208637274234811 0.07809774018807396 0.08448622026536885  0.0925114278297003 0.09789522450062195  0.1031633882256071  0.1102291329289881

cov.inverse():
 2583460.989405965 -4738682.279491394  1989405.104018968  72784.97014290502  74538.51036855104   43107.7725854901 -24556.31910609489
-4738682.279553844  13080432.61452083 -10613961.89336977  1814857.022064069  118791.4657781102  14844.72556876578  324053.6043546586
 1989405.104361483 -10613961.89459777  17905749.74554971 -12323873.91412789  1444830.622890946  679465.4803918634  918899.6925556088
 72784.96966875264    1814857.0244751 -12323873.91694725  22839656.53288631 -10982491.63289214 -1871781.530162976  449228.4369400661
 74538.51043554577  118791.4648676049  1444830.624652514 -10982491.63388019  12849737.87927923 -1097136.900312136 -2408224.209501078
 43107.77269437043  14844.72524595881  679465.4806555504  -1871781.53030751 -1097136.900150784  3839612.720945703 -1607688.463867535
-24556.31908782918  324053.6043422811   918899.692464507  449228.4371900356 -2408224.209732431  -1607688.46380094  2348548.226082956

cov*(cov_.inverse()):
     1.000000000034333  7.275957614183426e-11 -5.820766091346741e-11 -2.692104317247868e-10                      0   2.91038304567337e-11  -2.91038304567337e-11
 3.069544618483633e-11     0.9999999999417923  1.455191522836685e-11 -3.637978807091713e-11  -2.91038304567337e-11   2.91038304567337e-11  -2.91038304567337e-11
 3.319655661471188e-11 -9.822542779147625e-11     0.9999999998981366  7.275957614183426e-11 -2.328306436538696e-10  5.820766091346741e-11 -5.820766091346741e-11
                     0  5.820766091346741e-11 -7.275957614183426e-11     0.9999999999417923 -1.164153218269348e-10                      0  -2.91038304567337e-11
-1.455191522836685e-11  4.729372449219227e-11 -4.365574568510056e-11 -1.309672370553017e-10     0.9999999998544808                      0  -2.91038304567337e-11
 6.548361852765083e-11 -1.236912794411182e-10  7.275957614183426e-11 -1.164153218269348e-10 -5.820766091346741e-11                      1                      0
-5.911715561524034e-12  -2.91038304567337e-11 -1.455191522836685e-11 -5.820766091346741e-11                      0   2.91038304567337e-11                      1
