6
2

0.0001595164515690528
0.0002182908797213942
 0.000340899508262797
0.0006708055949856133
   0.1082035244636025
   0.6271567999414636

-0.09493937048496352   0.3731813139123399  -0.6913269350632524   0.5930850343593475  -0.1440455518205949  -0.0359209236281575
  0.2464978108848359  -0.6231129203208853   0.2155588540930249   0.5834320714326864  -0.4047193961923368 -0.01768407616299357
 -0.3101104438340844   0.4188007869285396   0.3650277269882751 -0.04409227564196175  -0.7152938249344143   0.2856620157848166
  0.6026354259600065 -0.07137710206961634  -0.4000949742280389  -0.3621450940133263  -0.2805767594003206     0.51165171478468
 -0.5839344769499297  -0.3870598158613402  -0.1587341817751404  0.05529972107692267   0.2065205431137283   0.6620422125753003
  0.3604274237528869   0.3770436375134883   0.3963378343554476   0.4143741099566223    0.427122676421577   0.4655177815723199

0.3994148759423363
 0.399372395350703
0.3992875698035771
0.3992551704673054
0.3991816106718533
 0.398961099077711

0.001384691671515762
  0.3997794176313456

  0.08957127013396277     1.850230516763359    -1.864256690963916     3.526129152004111   0.02940746336676738    -3.631338712412323
     1.46926777118123   -0.1778688326021147   -0.3070930801387546    0.3332126125668322 -0.002887515504687882    -0.314624860225333

 1.065728191678012e-07  2.748940294866081e-08 -1.333247551768734e-07 -1.113884292985578e-06    -0.0313255186001278    -0.0887851599397974
 5.490476930842595e-09  2.896919963953643e-08 -8.654661750899519e-08  3.330552695865674e-07   -0.01089814571610637     0.1302558346048171

cov:
0.05508848667863325 0.05609789540889058 0.05727207389160643 0.05836573213117244 0.05913922125036186 0.06146823193579375
0.05609789540889058  0.0576700064421073 0.05949662411798121  0.0612014639115665 0.06240678828277515 0.06603654470898507
0.05727207389160643 0.05949662411798121 0.06208014344822598  0.0644939990122876 0.06620029273585101 0.07133903241880074
0.05836573213117244  0.0612014639115665  0.0644939990122876 0.06757222437704691 0.06974789567524124 0.07630048756186851
0.05913922125036186 0.06240678828277515 0.06620029273585101 0.06974789567524124 0.07225534382778222 0.07980689079541256
0.06146823193579375 0.06603654470898507 0.07133903241880074 0.07630048756186851 0.07980689079541256 0.09036808893439423

cov.inverse():
 3263989.716963957 -5828863.493928548  2184598.451793224  437892.5254180169 -23190.19690588008 -34541.92433911673
-5828863.493925744  15141843.48015099 -11578779.52763507  967354.7280516032  646562.7594277065  652708.6836875156
 2184598.451410817 -11578779.52635039   21260046.3268958 -13290706.51098388  85435.26039205653  1338272.383420428
 437892.5259911257  967354.7261327228 -13290706.50948325  21275315.81712878 -7815557.212480339 -1573926.714824005
-23190.19698666192  646562.7596764672  85435.26030589825 -7815557.212628011  8830510.761423692 -1723738.577793163
-34541.92445183611  652708.6840757449  1338272.382908162 -1573926.714521354 -1723738.577859028  1341271.476394635

cov*(cov_.inverse()):
    0.9999999999768079 -2.037268131971359e-10 -1.455191522836685e-11  7.275957614183426e-11  4.365574568510056e-11 -1.455191522836685e-11
-5.002220859751105e-12     0.9999999999345164  2.328306436538696e-10 -7.275957614183426e-11  1.455191522836685e-11                      0
 -4.18367562815547e-11 -1.091393642127514e-10      1.000000000058208  1.455191522836685e-11  8.731149137020111e-11 -1.455191522836685e-11
 1.728039933368564e-11 -1.455191522836685e-11  1.455191522836685e-10      1.000000000203727  5.820766091346741e-11  -2.91038304567337e-11
-1.455191522836685e-11 -1.891748979687691e-10   1.01863406598568e-10  3.201421350240707e-10                      1                      0
-1.091393642127514e-11 -3.637978807091713e-11  1.455191522836685e-11                      0                      0     0.9999999999854481
