6
2

0.0001391442383641559
0.0002600625887723234
0.0003720122006671471
0.0004891405778321293
  0.08719227547965261
   0.6488694075817182

 -0.143051386435929  0.6907440959559634 -0.7026774446103633 0.06260865484269375 0.06145670230982138 0.03092787830708712
 -0.290225539340745  0.4656970424308859  0.4541297278870078 -0.6776270649842038 -0.1031231847557177  0.1511580656184247
 -0.119651814544798  0.1076530740645972  0.1078507762343722  0.3989261854040959  -0.830883764240546  0.3360841232587778
 0.5646584491334008 -0.1930148589751474 -0.3329430412841248 -0.4521210509999389 -0.1419503022868323  0.5554202897094521
-0.6581485093148461 -0.3310325934890304 -0.1349760973585957 0.05032075587803126   0.297202567129322  0.5900659882555676
 0.3591521348094402  0.3841514811637163  0.3991355578661046  0.4132964946732472  0.4321360880566668  0.4545025840612409

0.4001664698182472
0.4000880214262414
0.3999666837737307
0.3998580296780803
0.3997211792404515
0.3995531781795566

0.001919129002634409
  0.4006827127780278

  0.5694337149547483    1.124616098950424    2.449414968060546  -0.1142915596429419  -0.8764610911669886   -3.153017364754415
   2.184099491009615  -0.9241960040419558  0.04301789052361291  0.03763421388983439 -0.09285479890046619  -0.2477533381777044

-2.292978355573678e-08  7.859205613754115e-08 -8.293865766380283e-09  -5.46995188717503e-07   -0.02436139054375693    -0.1030922694128553
-1.920742861530569e-08 -7.426848614929837e-08 -4.806192853495888e-08  3.004822682319674e-07  -0.009953358048797951     0.1302614004472799

cov:
0.05760213806954958  0.0597455279032867  0.0610303384460085 0.06224452902755191 0.06385810690258935 0.06577494993207705
 0.0597455279032867 0.06296574868024415 0.06489584879627779 0.06671988983189223 0.06914566801577907 0.07202617367245195
 0.0610303384460085 0.06489584879627779 0.06721274802792331 0.06940229968904786 0.07231490348161383  0.0757730097271047
0.06224452902755191 0.06671988983189223 0.06940229968904786 0.07193742580193666 0.07531003950718462 0.07931406847219287
0.06385810690258935 0.06914566801577907 0.07231490348161383 0.07531003950718462 0.07929572141608968 0.08402670623975886
0.06577494993207705 0.07202617367245195  0.0757730097271047 0.07931406847219287 0.08402670623975886 0.08962068364827772

cov.inverse():
 3738486.667014644 -7650597.204871948  2364038.874032476  1033322.038363476  371776.9209896452  143024.6175440921
-7650597.203490904  28089698.46064429 -21589839.11320839 -1757201.808335689   950682.659408925  1957576.334650927
 2364038.871922608 -21589839.10890068   29099120.6909142  -5882266.64960644 -3372885.502083558 -618495.9882485612
 1033322.038527624 -1757201.809934899 -5882266.647781285  8996062.123337964 -894877.9780761934 -1495254.973287176
 371776.9215670173  950682.6575776247 -3372885.500891396 -894877.9778876716  5425002.161093981 -2479590.619243435
 143024.6175314306  1957576.335154711 -618495.9890680555 -1495254.973085564 -2479590.619116665  2492825.441820606

cov*(cov_.inverse()):
     1.000000000040018 -3.637978807091713e-10  3.565219230949879e-10                      0 -8.731149137020111e-11  5.820766091346741e-11
-8.549250196665525e-11     0.9999999999417923   2.91038304567337e-11 -4.365574568510056e-11  -2.91038304567337e-11  5.820766091346741e-11
-9.458744898438454e-11  1.164153218269348e-10     0.9999999999126885 -5.820766091346741e-11 -5.820766091346741e-11  8.731149137020111e-11
-3.274180926382542e-11   2.91038304567337e-11  4.292814992368221e-10     0.9999999999417923 -5.820766091346741e-11   2.91038304567337e-11
  -1.2732925824821e-11 -5.820766091346741e-11 -1.891748979687691e-10 -5.820766091346741e-11     0.9999999999708962  5.820766091346741e-11
-4.729372449219227e-11 -8.731149137020111e-11  1.309672370553017e-10   2.91038304567337e-11                      0      1.000000000029104
