5
2

0.0002138201416525105
0.0004090665346396107
0.0006200499737149049
  0.09886887539133404
   0.5712598789648925

   0.326737120893169  -0.7820795462878775   0.5280769199677133 -0.04272392192451569 -0.03006443416051349
 -0.1042520467951043   0.1460321047830261   0.2452177588074928   -0.801714820121336   0.5147113104206235
  0.6025167406877145  -0.2108960523976588  -0.6712840999196505 -0.08676922941953005   0.3665312951101764
 -0.6002571778647123  -0.3859564507368857  -0.1384311149960034   0.3461704420816515   0.5930698019511992
  0.3987972695272859   0.4166373493440754   0.4372842336042672   0.4775616604671454   0.4980877597794541

0.3998021436875746
0.3997720108515001
0.3996955027114143
0.3995691478942859
0.3994672131768374

0.00122093501016706
 0.4001430248752295

 0.4187035993488132   5.290311423103513  -4.212754791034583   1.281832057069116  -2.777470410721882
  1.498120774824344  0.1123933081362136  -0.485066113939303  0.1153214918785289 -0.2406109212621665

-2.833007973049471e-07 -4.620795328615967e-07  3.211303317432251e-07   -0.02847947251898187   -0.07907891818213614
 6.754797446371714e-09 -7.948701701362141e-08  4.253529303903815e-07  -0.009562609422449365     0.1198931739980284

cov:
0.05542271403394344 0.05648684031294329 0.05772142514780038 0.06011995884185006 0.06134266838113818
0.05648684031294329 0.05810406814092126 0.05997745503784169 0.06362542587634915 0.06548475400624475
0.05772142514780038 0.05997745503784169 0.06258902513981282 0.06768075376633106 0.07027571743403602
0.06011995884185006 0.06362542587634915 0.06768075376633106 0.07559778131500339 0.07963197585617483
0.06134266838113818 0.06548475400624475 0.07027571743403602 0.07963197585617483  0.0843999127229027

cov.inverse():
 3344302.063584212 -6010697.830954958  2569189.900675179  58143.55153473379  38849.64949765885
-6010697.831042534    13621557.334097 -8451155.422172826  78779.07435314197  762389.2916536687
  2569189.90081069 -8451155.422399288  7630977.631723292 -1516837.939144622 -232971.2815999842
 58143.55148047726  78779.07460088494 -1516837.939387662  3900588.246223349 -2520620.894988465
 38849.64950396546  762389.2915448369 -232971.2814478938 -2520620.895038047  1952457.348652523

cov*(cov_.inverse()):
    0.9999999999740794  1.382431946694851e-10 -1.455191522836685e-11  -2.91038304567337e-11                      0
 5.002220859751105e-12     0.9999999999345164  1.073203748092055e-10                      0 -1.455191522836685e-11
  1.13686837721616e-11  5.820766091346741e-11       1.00000000003638   2.91038304567337e-11  -2.91038304567337e-11
-3.410605131648481e-11  5.820766091346741e-11  9.822542779147625e-11     0.9999999999417923   2.91038304567337e-11
-2.273736754432321e-11 -7.275957614183426e-12 -6.912159733474255e-11  -2.91038304567337e-11                      1
