5
2

 0.000301863080343582
0.0004455524661131054
0.0006523608880836413
   0.1016442070946809
   0.6444429175340389

  0.1094541865912795  -0.5052903213227932   0.8028653134200864  -0.1523287984949125  -0.2547640042688757
-0.09056437942668524   0.2749858464884481   0.1757903107877388  -0.8205938798338652   0.4603306729107294
  0.5340426983979115   -0.616658177152997  -0.3232920551429194 -0.06856456511461788   0.4746706609116799
 -0.7522145190001678   -0.349797737229371  0.08610019433091563   0.2578624010914169   0.4877587508944424
  0.3588726625279845   0.4079690073867068   0.4610575438680753   0.4818998900625655   0.5098726687144605

0.3977485549539341
0.3954374684459833
0.3929250678796861
0.3919311571116728
0.3905765439076678

0.01544863607493249
 0.3999226259811811

 0.6292801047968651   1.033997067824076   2.432615976246931 -0.2073972422554976  -3.890264016957924
  1.363343457908407 -0.2891358124460636  0.2887440662746997 0.03197617594830862 -0.3948916416775391

  2.29822859250315e-07 -1.916968353200926e-07 -1.242839844379687e-06    -0.0266201037208238    -0.1305050859942602
 5.675737904279858e-08 -7.151384164650805e-08  2.653020133330709e-07   -0.01119829088974179     0.1322754816367777

cov:
0.05933316323056708 0.06352291950997205 0.06804783656424747  0.0698194356994167 0.07220201168897783
0.06352291950997205 0.07038745947126529 0.07780691333459003 0.08071746151633036 0.08462605031826448
0.06804783656424747 0.07780691333459003 0.08836012492087356 0.09250367413537124 0.09806437579377091
 0.0698194356994167 0.08071746151633036 0.09250367413537124 0.09713274569277201  0.1033433601189677
0.07220201168897783 0.08462605031826448 0.09806437579377091  0.1033433601189677    0.11042544069326

cov.inverse():
 843002.7894443568 -1506202.988665921  478502.2254078048  105324.3815762793  79591.39715260535
-1506202.988666731  4076421.235420933 -3740134.492325599 -192644.2079889241  1362565.640649448
  478502.225448864 -3740134.492445053  7475264.142299425 -2016723.245798999 -2197665.387197259
 105324.3815074807 -192644.2077845503 -2016723.246012775  3657727.105946945 -1553401.245076163
 79591.39718114759  1362565.640563737 -2197665.387061892 -1553401.245154369  2309179.656628752

cov*(cov_.inverse()):
    0.9999999999854481  5.820766091346741e-11 -1.455191522836685e-10  1.455191522836685e-11                      0
 4.547473508864641e-12      1.000000000043656                      0 -5.820766091346741e-11                      0
-4.547473508864641e-12  5.820766091346741e-11     0.9999999999417923   2.91038304567337e-11 -8.731149137020111e-11
-1.091393642127514e-11  1.164153218269348e-10 -5.820766091346741e-11     0.9999999999708962  -2.91038304567337e-11
 5.456968210637569e-12                      0                      0                      0                      1
