5
2

0.0002939867243737836
0.0008542932689728858
 0.001636703398137249
   0.1033504910169937
   0.7178095407658144

 -0.1600419396815511   0.3674905200065822  -0.4141152668857043   0.6718853991801415  -0.4652051712405849
 -0.2744575696844739   0.8072954620505908 -0.07493647464019389  -0.5139352422040385  0.05658772821550221
  0.2178028224062555 -0.03675765943986375  -0.7750838608282656 0.004142255109038081   0.5919785937266088
  -0.850755737185264  -0.1571568113409581  0.09744424827460101   0.2405113073568865   0.4291565469699604
  0.3575419222749776   0.4326376841878897   0.4611319742356071   0.4760018171659761   0.4957499172251197

 0.361890046374973
0.3353686072916724
0.3252611365648634
0.3201748816406589
0.3132344445763441

0.1021110301316101
0.3751142637462665

 1.251959151328123  3.311559407596631 -7.893379756276476  9.683464606261511 -6.310015904409692
 5.696825684159871 -19.39273100227776  28.70531559863675 -20.93744036373125   6.80709030879612

 1.186399845923595e-06 -1.760642562360128e-06  6.894431446724737e-06   -0.02919966260628984    -0.1434455582560053
-3.211666451392854e-06 -6.002445192338114e-06 -4.380501021834493e-05    -0.0119216740476371     0.1505157212114542

cov:
0.07359885398243085 0.08113002760619285 0.08406549681252186 0.08550532271563005 0.08742937797435493
0.08113002760619285  0.0967065087813687  0.1026305085523308  0.1057047869660092  0.1097905443827541
0.08406549681252186  0.1026305085523308  0.1096673155879539  0.1133476441607984  0.1182349003356592
0.08550532271563005  0.1057047869660092  0.1133476441607984  0.1173623973583826  0.1226901723644394
0.08742937797435493  0.1097905443827541  0.1182349003356592  0.1226901723644394  0.1286002801409443

cov.inverse():
 417345.1549897637 -987064.5313580871  731985.2384784105 -1050562.091809113  888252.8655232306
-987064.5313607226  2456066.719381045 -1833065.181133507  2288284.553467427 -1923574.436823873
 731985.2384702151 -1833065.181105599  2216165.861345138 -3167722.542902443  2051912.210421141
-1050562.091786527   2288284.55340051 -3167722.542871373  5585103.839751045 -3655388.695280295
  888252.865511469 -1923574.436787484  2051912.210409754 -3655388.695293503  2639220.708363327

cov*(cov_.inverse()):
     1.000000000014552  -2.91038304567337e-11   2.91038304567337e-11 -5.820766091346741e-11                      0
 -2.91038304567337e-11      1.000000000029104 -5.820766091346741e-11 -1.164153218269348e-10                      0
                     0                      0                      1 -5.820766091346741e-11 -5.820766091346741e-11
                     0   2.91038304567337e-11   2.91038304567337e-11     0.9999999999417923                      0
                     0                      0                      0                      0                      1
