5
2

 0.000259963079615739
0.0003743981706344729
0.0004617389457137806
  0.08477434104524606
   0.6006141345494787

 -0.4291676905425481   0.7957724624024751  -0.4211881823729064 -0.01561280235576729  0.07012871671636273
  0.3016285082274073  -0.1848817179468966  -0.6894406677815077   0.6295117958669109 -0.05679311460836162
  0.3562087168431171 -0.07651264774701322  -0.3790562257313371  -0.5497255812124824   0.6491373721136642
 -0.6661741358102404  -0.3922283807882371  0.02211082472941796   0.2795487214150663   0.5689749923034441
  0.3926355908999391      0.4157735567468   0.4506656962788432   0.4723615532437171   0.4967339685218434

0.3996322174267403
0.3994663205842011
0.3992783850545579
0.3991026259171072
0.3989163622574532

0.002152276924853533
  0.4001849683535011

   3.362550677972981   -2.102522305676819    2.322732796365628  -0.5385119240728092    -3.04423611421867
    2.65022880677197   -1.506967130813568   0.1682230123952098 -0.07263505189220729  -0.2386985793672378

-2.905714844802236e-07 -5.109837139590045e-08 -2.562486311217242e-07   -0.02333268057895591   -0.09872945435479955
-1.637519786584619e-07  1.303404008685772e-07  1.877361664962254e-07  -0.009535569167507172     0.1215503424128361

cov:
0.05880166312140023 0.06076725779341784 0.06372562804825553 0.06556611764129108 0.06763259185291162
0.06076725779341784 0.06346548752500468 0.06753079022618808 0.07005916279782662  0.0728988219422879
0.06372562804825553 0.06753079022618808 0.07326922102684651 0.07683714126385613 0.08084537007244598
0.06556611764129108 0.07005916279782662 0.07683714126385613 0.08105141799259612 0.08578570457954876
0.06763259185291162  0.0728988219422879 0.08084537007244598 0.08578570457954876 0.09133665881207435

cov.inverse():
 3969649.514838427 -5579131.582685982  557870.7200461146  535261.5790765366  516937.8703641611
-5579131.582812979  9641649.853735197 -3914177.703966281 -816867.1573678607  667693.3857564611
 557870.7203457383 -3914177.704328313  6689916.816409056 -2021560.214131084 -1311840.549382366
 535261.5789321987 -816867.1572257865 -2021560.214054831  4248133.874144137 -1944978.617354279
 516937.8703358802  667693.3858494306 -1311840.549521071 -1944978.617280269   2072253.23319769

cov*(cov_.inverse()):
     1.000000000021828  1.455191522836685e-11                      0                      0  -2.91038304567337e-11
-5.820766091346741e-11      1.000000000101863  1.455191522836685e-11                      0  -2.91038304567337e-11
  2.91038304567337e-11  3.637978807091713e-11      1.000000000014552 -5.820766091346741e-11                      0
-2.182787284255028e-11  5.093170329928398e-11  4.365574568510056e-11     0.9999999999708962  -2.91038304567337e-11
                     0 -3.637978807091713e-11  1.455191522836685e-11                      0                      1
