5
2

 0.000341948214947146
0.0004816813782741736
0.0009108602669300674
   0.1010898453026636
   0.5981300893393136

-0.02253593871177485 0.003976143914640584   0.4907298146337197  -0.8049234084172228   0.3328045633063114
 -0.2142157373807554   -0.193667269108567   0.7425181880123097   0.2259601181584819  -0.5605473862281137
  0.3543370657409457  -0.8691297424672985  0.06065098798143231   0.1489772971901437   0.3052637501892739
 -0.8349245047635271    -0.13029304843459  0.01767852875059288   0.2324739856957987   0.4812152413119563
  0.3618702315917595   0.4360210905953389   0.4515084902618796   0.4741328321055552   0.5002736099223917

0.3976746375694739
0.3977984527790904
0.3978418140591617
0.3978259449840975
0.3978241799432389

-3.273695746493381e-05
    0.3978566454391619

  2.172459919248094  -3.296026082071209   3.651262682935516  0.8406130060574961  -3.368368037930627
  1.393878277619097 -0.4846966365824147   0.252633287274465 0.06963424495554624 -0.2314263902855164

-7.941529451887888e-09  1.151305492053507e-06  2.449923363341875e-06   -0.02805496971915174    -0.1033766495242791
 -4.96185095674213e-09  2.977335285661555e-08  7.219900721307443e-07   -0.01217451174239834     0.1160466755949559

cov:
0.05397252134208622 0.05755984617553821 0.05830258325666252  0.0593989602638353 0.06066097785175706
0.05755984617553821 0.06818936802944413 0.07040752460627706 0.07365067423352767  0.0773971212154779
0.05830258325666252 0.07040752460627706 0.07293619597772782 0.07662938580235679 0.08089681997772399
 0.0593989602638353 0.07365067423352767 0.07662938580235679 0.08097744557293479 0.08600239266608427
0.06066097785175706  0.0773971212154779 0.08089681997772399 0.08600239266608427 0.09190440828613622

cov.inverse():
 353523.8996829593 -193138.0657479007 -754226.9232821494  10118.57013380449  583732.2086171682
-193138.0657337727  1072263.884419091 -666636.9684807515 -372048.7250004304  159423.2282407315
-754226.9232940852 -666636.9683860013  4440208.646004376 -2644103.379992343 -374863.6008648683
 10118.57012131611 -372048.7251022278 -2644103.379822577  5787821.721118184 -2782078.336308583
 583732.2086274639  159423.2282619144 -374863.6009518168 -2782078.336253121  2413845.052488683

cov*(cov_.inverse()):
     1.000000000007276  3.637978807091713e-12 -4.365574568510056e-11   2.91038304567337e-11  -2.91038304567337e-11
 1.455191522836685e-11      1.000000000009095 -7.275957614183426e-11  5.820766091346741e-11                      0
 7.275957614183426e-12  3.637978807091713e-12      1.000000000007276  -2.91038304567337e-11  -2.91038304567337e-11
 7.275957614183426e-12 -1.455191522836685e-11  1.455191522836685e-11     0.9999999999417923   2.91038304567337e-11
 7.275957614183426e-12 -5.456968210637569e-12 -7.275957614183426e-12                      0                      1
