5
2

0.0001786634025030366
 0.000288385390085251
0.0007079106062208734
   0.1039559666508114
   0.6111236250964954

 -0.1285844593929527   0.4986654621048539  -0.7332556581162062   0.4376963856874914 -0.07454399709601861
 -0.3210653507111693   0.6567641849454776  0.09838608484529932  -0.6422747842833516   0.2082813619318933
  0.6407034993737741  -0.1398994994157615  -0.4922676409961936  -0.4088489040876135   0.4005524924498912
 -0.5661073595061519  -0.3647257353636969  -0.1506155820623679   0.1184996468072005    0.713982055532887
  0.3865288615077913   0.4091415773339162   0.4331787555010521   0.4633631219279409   0.5299522543946372

0.3982554742234241
0.3971978341202981
 0.396032151521686
0.3946068847306691
0.3913521566845019

0.01490871237597945
 0.4003590037372994

  0.3430148318520756    1.232465165055639   -2.067332960657612     4.49684437475067   -4.007084657966395
   1.399640351707965 -0.06594953533979686  -0.4533473783893642   0.4937105926194283  -0.3740412746146782

 1.389606890421047e-07 -2.683686950087863e-07  -1.19197891138343e-06   -0.02875089793579486    -0.1115107516924505
 1.160437598818568e-08 -7.753545976176039e-08  3.896207296850124e-07  -0.009818732917885917     0.1300360731982796

cov:
0.05926199815063937  0.0612940201614997   0.063453989464455 0.06616497601246119 0.07213480980657229
 0.0612940201614997 0.06395567567910218 0.06678467980328599 0.07033618585393914 0.07816406980595768
  0.063453989464455 0.06678467980328599 0.07032502725019033 0.07477017203501966 0.08457353850300171
0.06616497601246119 0.07033618585393914 0.07477017203501966 0.08033834267170087 0.09262416511330762
0.07213480980657229 0.07816406980595768 0.08457353850300171 0.09262416511330762  0.1103985006259245

cov.inverse():
 2576622.378356821 -4723052.768293965  1944565.415595219  193648.5970149758  8274.962028660657
-4723052.768355142  13015722.09807194 -10540572.97596052  1879794.751453671  368427.4447639801
 1944565.415734696 -10540572.97629353  17443732.10765254  -10412627.5530893  1565293.090138933
 193648.5969232871  1879794.751805649 -10412627.55339267  11295418.81558899 -2957442.276417254
  8274.96204205186  368427.4446838124  1565293.090248816 -2957442.276460362  1015906.414830485

cov*(cov_.inverse()):
    0.9999999999666898  8.731149137020111e-11 -2.182787284255028e-10  1.164153218269348e-10                      0
-5.059064278611913e-11     0.9999999999672582 -4.365574568510056e-11  5.820766091346741e-11                      0
-3.922195901395753e-11                      0                      1  8.731149137020111e-11  -2.91038304567337e-11
 3.183231456205249e-12 -1.455191522836685e-11 -1.455191522836685e-10                      1 -1.455191522836685e-11
-3.842615114990622e-11  2.182787284255028e-11  -2.91038304567337e-11                      0     0.9999999999854481
