5
2

0.0001963212671740078
0.0003371463369359575
 0.001249910183289643
  0.08777800705151255
   0.5557508017798838

 0.02809567442984128   0.2808390782860578  -0.8085081920828207   0.5161200526578961 -0.01657225890302411
 -0.4402914389533851   0.8022466511878714 0.006232328699640729  -0.4017237830441303  0.03350999340338505
    0.56764584325349 -0.00491946323017806  -0.3755012588696722  -0.6030944102231173   0.4159686676463549
 -0.5600196529233393  -0.3068075400206224  -0.1014427153635377  0.06293041009594584   0.7602606531387415
  0.4117162455373208   0.4282226699198722   0.4415697470399346    0.452277557727453   0.4975703441750998

 0.394177926187137
0.3935488732634711
0.3931340915159697
0.3927054153409675
 0.390876449938169

0.008732926647645571
  0.3954492469790966

0
0
0
0
0

0
0

0
0
0
0
0

0
0

0
0
0
0
0

0
0

0
0
0
0
0

0
0

0
0
0
0
0

0
0

0
0
0
0
0

0
0

0
0
0
0
0

0
0

0
0
0
0
0

0
0

0
0
0
0
0

0
0

0
0
0
0
0

0
0

0
0
0
0
0

0
0

0
0
0
0
0

0
0

0
0
0
0
0

0
0

0
0
0
0
0

0
0

0
0
0
0
0

0
0

0
0
0
0
0

0
0

0
0
0
0
0

0
0

0
0
0
0
0

0
0

0
0
0
0
0

0
0

0
0
0
0
0

0
0

0
0
0
0
0

0
0

0
0
0
0
0

0
0

0
0
0
0
0

0
0

0
0
0
0
0

0
0

0
0
0
0
0

0
0

0
0
0
0
0

0
0

0
0
0
0
0

0
0

0
0
0
0
0

0
0

0
0
0
0
0

0
0

0
0
0
0
0

0
0

0
0
0
0
0

0
0

0
0
0
0
0

0
0

0
0
0
0
0

0
0

0
0
0
0
0

0
0

0
0
0
0
0

0
0

0
0
0
0
0

0
0

0
0
0
0
0

0
0

0
0
0
0
0

0
0

0
0
0
0
0

0
0

0
0
0
0
0

0
0

0
0
0
0
0

0
0

0
0
0
0
0

0
0

0
0
0
0
0

0
0

0
0
0
0
0

0
0

0
0
0
0
0

0
0

0
0
0
0
0

0
0

0
0
0
0
0

0
0

0
0
0
0
0

0
0

0
0
0
0
0

0
0

0
0
0
0
0

0
0

0
0
0
0
0

0
0

0
0
0
0
0

0
0

0
0
0
0
0

0
0

0
0
0
0
0

0
0

0
0
0
0
0

0
0

0
0
0
0
0

0
0

0
0
0
0
0

0
0

0
0
0
0
0

0
0

0
0
0
0
0

0
0

0
0
0
0
0

0
0

0
0
0
0
0

0
0

0
0
0
0
0

0
0

0
0
0
0
0

0
0

0
0
0
0
0

0
0

0
0
0
0
0

0
0

0
0
0
0
0

0
0

0
0
0
0
0

0
0

0
0
0
0
0

0
0

0
0
0
0
0

0
0

0
0
0
0
0

0
0

0
0
0
0
0

0
0

0
0
0
0
0

0
0

0
0
0
0
0

0
0

0
0
0
0
0

0
0

0
0
0
0
0

0
0

0
0
0
0
0

0
0

0
0
0
0
0

0
0

   1.598446531524089  -0.2982068017557878    11.52403972294331    -12.0256556679308  -0.7981255159519556
   1.573355017980125  -0.4361582172418451    1.040448406283324   -1.098663096091079 -0.07885843281641522

-5.993123217264944e-07  4.470606265959879e-07  5.471303696676585e-06   -0.02570582803122631    -0.0670171318686526
-5.724387314993504e-08 -6.790963048988211e-08  1.772181780310152e-06  -0.007565759543881784      0.118693027198217

cov:
0.05477173998255654 0.05577756943154183 0.05658838701974553 0.05724057624899574 0.05999205245539423
0.05577756943154183 0.05736225662444713 0.05864199367461454 0.05966962283560458 0.06401164054612633
0.05658838701974553 0.05864199367461454 0.06030203979252861 0.06163401629645462 0.06726554802278527
0.05724057624899574 0.05966962283560458 0.06163401629645462 0.06320975032485171 0.06987382753659854
0.05999205245539423 0.06401164054612633 0.06726554802278527 0.06987382753659854 0.08091985996169376

cov.inverse():
 1932241.581870441 -2904544.536095889 -749941.2445862717  1713172.475616442  9204.330795763393
-2904544.536061387  7708498.735624866 -5846073.698946971  927342.4584281788  114413.4714197638
-749941.2447005046 -5846073.698738149  17050921.71103224 -10703878.11614738  249489.0992661815
 1713172.475704803  927342.4582354751 -10703878.11604414  8563999.701389549 -500923.4551333404
 9204.330787128289  114413.4714381584  249489.0992575307 -500923.4551344501  127835.5823650406

cov*(cov_.inverse()):
     0.999999999990564 -5.456968210637569e-12  2.182787284255028e-11  4.001776687800884e-11  1.818989403545856e-12
  3.19460013997741e-11     0.9999999999827196 -2.237356966361403e-10  1.164153218269348e-10 -3.637978807091713e-12
 3.751665644813329e-12 -6.366462912410498e-11     0.9999999998726707                      0 -3.637978807091713e-12
-2.955857780762017e-12                      0  1.236912794411182e-10      1.000000000065484                      0
 -1.48929757415317e-11  1.818989403545856e-12  8.731149137020111e-11   1.01863406598568e-10      1.000000000001819
