5
2

0.0001962607015735124
0.0003370685575257333
  0.00125010158115632
  0.08777861497372001
   0.5557508811117191

  0.02788664582210446    0.2812375296747627   -0.8085100064717073     0.515912172241797  -0.01655254829625927
  -0.4403007803302935    0.8021067914647823  0.006629494191274892   -0.4019853287849647   0.03352257709393527
   0.5676527475895834 -0.004929111786669288   -0.3754900432223569   -0.6030985547212308    0.4159632468680698
  -0.5600155134544885   -0.3068074873045979   -0.1014476599397392    0.0629285009032307    0.7602632218455452
   0.4117165780845243    0.4282230920669074    0.4415690421389521      0.45227708657595    0.4975707595245991

 0.394179440329608
0.3935488205394652
0.3931321553050961
0.3927030963198954
 0.390873613527718

0.008732926647645571
  0.3954492469790966

   1.596784203096273   -0.301019704741083    11.53532542962318   -12.03222988400373  -0.7983646253668244
   1.573240830264581  -0.4374234420020471    1.043556667488458   -1.100355851712684 -0.07889528720588632

-5.993793779918674e-07  4.478682975309033e-07  5.471253144789025e-06   -0.02570599857102258   -0.06701723250124543
 -5.73634982521962e-08 -6.782363389770229e-08  1.772430123318171e-06  -0.007565821961025257     0.1186930174744207

cov:
  0.054771837408992 0.05577769097872416  0.0565883828217861 0.05724058551885782 0.05999214227992573
0.05577769097872416 0.05736239420524644 0.05864198969566146 0.05966963905885311 0.06401174847827366
 0.0565883828217861 0.05864198969566146 0.06030187358062532  0.0616338696939454 0.06726547644715106
0.05724058551885782 0.05966963905885311  0.0616338696939454 0.06320963548562578 0.06987382804403011
0.05999214227992573 0.06401174847827366 0.06726547644715106 0.06987382804403011 0.08092010131010557

cov.inverse():
  1932751.86101863 -2906614.958281714 -747425.4327478962  1712281.128856566  9143.237149501801
-2906614.958305751  7716214.827826294 -5855268.677378432  930827.6497282385   114466.015152407
-747425.4326968734 -5855268.677493554  17061479.42617558 -10707699.69500855  249444.3676267634
   1712281.1288303  930827.6498249948 -10707699.69508814  8565133.626940908 -500833.1727838519
 9143.237148782591  114466.0151467373  249444.3676422439 -500833.1727929431  127798.2162123507

cov*(cov_.inverse()):
     1.000000000001251  7.275957614183426e-12  3.819877747446299e-11   1.01863406598568e-10 -2.728484105318785e-12
 4.433786671143025e-12     0.9999999999681677 -1.236912794411182e-10 -1.818989403545856e-11  9.094947017729282e-13
 -1.70530256582424e-12  2.364686224609613e-11     0.9999999998763087  9.458744898438454e-11  3.637978807091713e-12
 9.777068044058979e-12 -2.728484105318785e-12 -2.255546860396862e-10      1.000000000094587  1.818989403545856e-12
-2.273736754432321e-13 -2.546585164964199e-11 -8.731149137020111e-11  -2.91038304567337e-11      1.000000000001819
