5 
11 
12 
13 
15 
inputFileName = /Users/demattia/RemoteProjects/extracted_endcaps.root
eventsFractionStartBuild = 0
eventsFractionEndBuild = 0.2
eventsFractionStartTest = 0.8
eventsFractionEndTest = 1
var name = R
var name = z
par name = cotTheta
firstOrderChargeOverPtCoefficientsFileName = 
firstOrderCotThetaCoefficientsFileName = 
pT > 2, pT regions = 1
0 < phi < 0.8, phi regions = 1
-3 < eta < 3, eta regions = 1
-15 < z0 < 15, eta regions = 1
charge regions = 1
endcap regions = 0
Training
Requested running from track number 0 to track number 1000000 for a total of 1000000 tracks.
Analyzed 10% of 1000000 tracks
Analyzed 20% of 1000000 tracks
Analyzed 30% of 1000000 tracks
Analyzed 40% of 1000000 tracks
Analyzed 50% of 1000000 tracks
Analyzed 60% of 1000000 tracks
Analyzed 70% of 1000000 tracks
Analyzed 80% of 1000000 tracks
Analyzed 90% of 1000000 tracks
Analyzed 100% of 1000000 tracks
Evaluating eigenvalues:
geomIndex = 0
Sqrt(eigenvalues) of cov:
 0.266352 0.563152 0.791817 1.25024 1.73755 1.98009 2.31785 2.85798 5.7364 24.7969
Analyzed 10% of 1000000 tracks
Analyzed 20% of 1000000 tracks
Analyzed 30% of 1000000 tracks
Analyzed 40% of 1000000 tracks
Analyzed 50% of 1000000 tracks
Analyzed 60% of 1000000 tracks
Analyzed 70% of 1000000 tracks
Analyzed 80% of 1000000 tracks
Analyzed 90% of 1000000 tracks
Analyzed 100% of 1000000 tracks
opening GeometricIndex.txt for writing
Matrices built:
geomIndex = 0

V_0:
    0.283795   -0.0781384    -0.790864     0.262121     0.437081       -0.133    0.0939845   -0.0376591  4.43491e-05    0.0142179
    0.585901    -0.117523    -0.129881    0.0426317     -0.65877     0.247877     0.283043    -0.149306     0.155287   -0.0477623
    0.561377   -0.0542932      0.19116   -0.0531643     0.155204   -0.0713631    -0.693399     0.241388     0.250692    -0.106962
     -0.4997   -0.0964302    -0.363528     0.151344    -0.297121     0.183872    -0.340635    0.0700358     0.515703    -0.277429
   0.0199005    0.0100984    -0.113683    -0.509159      0.28991     0.678806    -0.129445    -0.401895   -0.0421349   -0.0495866
   0.0421782    0.0358417      0.21316     0.358931    0.0942398    -0.124926    -0.033119    -0.544958    -0.130442    -0.695046
  -0.0353625   -0.0590903     0.140429     0.504682 -0.000789523     0.128876     -0.26606    -0.467651    0.0899822     0.637685
   0.0324391    0.0632182     0.142745     0.509984     0.155145      0.62351     0.107181     0.483773    -0.201048    -0.125346
  -0.0827597    -0.793462   -0.0736687   -0.0287459    -0.152594  -0.00709918    -0.228244    0.0433761    -0.528477   -0.0267428
  0.00314496     0.573916    -0.291695   0.00740417    -0.349755   -0.0125752    -0.402486  -0.00146194    -0.548173    0.0221916
corrPV_0:
 -0.0127191  -0.0053422   0.0276753  -0.0604283   0.0224126 -0.00102217    0.135645   0.0675843    0.973686     13.4122
D_0:
-0.0195197  0.0054571   0.161754 -0.0435104 -0.0576806  0.0224114 -0.0613725 0.00781991 -0.0387595  0.0188284
opening matrixVD_0.txt for writing
