5
2

0.5153188546841859
 1.571994423052938
 1.939416864158536
 6.446477467406186
 14.00022915430168

 -0.3823191556588251   0.8663792399414181  -0.2775112032975556  -0.1545747588625349 -0.04809627617378858
 -0.2402352131728341  0.04889902665074305   0.7957636511057609   -0.553296310382875 -0.02278885780243409
 -0.3593384762451146  -0.1956663423595583  -0.1807097024746087  -0.1574350609338477   0.8804253216359498
 -0.7501271945278329  -0.1833398834042883   0.1776252454527969   0.5735211310398238  -0.2078905087100882
  0.3229615411899199   0.4184460149315255   0.4749115909646173   0.5623678072923831   0.4228477333376286

33.38363046225835
78.16394897520757
106.0206656879241
131.3850764023101
78.66345273930494

 1.569787520307897
-1.322612596982106

  -0.03506608226619807    0.03495116309840468  2.955710659162478e-05   2.00611401952606e-05  6.182449701296272e-05
     1.776189279635608    -0.7725140034307547 -0.0006305881172398026 -0.0005741755092920076  -0.002386001731230589

0.01159755088084304 0.02506800046695117 0.02184494177840072  0.8269850043271443  0.6569429539830588
 -0.357961573410344  -1.148124027594392  -1.839273511421845  -49.48119649326527   48.75740638873598

cov:
44.49517955970047 32.35143552656049 24.32598627508317  18.2778339205045 32.07635746495978
32.35143552656049 36.06626864175573  37.7633168265093 41.76808931989501 35.60331793595339
24.32598627508317  37.7633168265093  47.2267648800234 55.61227066434093 37.18682066115003
 18.2778339205045 41.76808931989501 55.61227066434093 76.51381854365997 41.16647430833867
32.07635746495978 35.60331793595339 37.18682066115003 41.16647430833867 39.75951424667995

cov.inverse():
   0.6221836017859295    -1.229393840159402    0.3370146415287038    0.2819459486470709 -0.008202000256594007
   -1.229393840159401     2.839446173120906   -0.8800144052643019    -0.508394840745121    -0.201347217523602
   0.3370146415287029   -0.8800144052642996    0.5568506113583617 -0.005259258394394545 0.0007603677448091291
   0.2819459486470712   -0.5083948407451216 -0.005259258394394011    0.2299773765405407  -0.00540848022820023
-0.008202000256593477   -0.2013472175236033  0.000760367744809725 -0.005408480228200072    0.2169566671023779

cov*(cov_.inverse()):
    0.9999999999999961  7.993605777301127e-15  4.926614671774132e-16 -1.942890293094024e-16                      0
-5.384581669432009e-15      1.000000000000004  9.194034422677078e-16  3.164135620181696e-15                      0
-1.443289932012704e-15  1.865174681370263e-14      0.999999999999996                      0                      0
 4.385380947269368e-15  3.552713678800501e-15 -2.095545958979983e-15      1.000000000000002  -1.77635683940025e-15
-3.774758283725532e-15  -1.77635683940025e-15  6.279698983036042e-16 -1.054711873393899e-15                      1
