5
2

0.5156357624633353
 1.572430585094367
 1.941136560049702
 6.448648801465657
 14.00334893405125

 -0.3825578010338082   0.8662302941517076  -0.2777891839946076  -0.1545530416001396 -0.04734060571834402
  -0.241276641822822  0.04861670480292479   0.7953539317435711  -0.5535444925455857 -0.02055763014796664
 -0.3589539292420649  -0.1966575383416119  -0.1823824761603394  -0.1555614085316853   0.8803494589425056
 -0.7498939212976012  -0.1832940930556398   0.1775508213110592   0.5736197187892189   -0.208562955291113
  0.3228719474675191   0.4183426604737793   0.4748237891650389   0.5625503697416003   0.4228741830767104

33.38312946475388
78.16392189276495
106.0206609895062
131.3851716341291
78.62434763693379

 1.569787520307897
-1.322612596982106

0
0
0
0
0

0
0

0
0
0
0
0

0
0

0
0
0
0
0

0
0

0
0
0
0
0

0
0

0
0
0
0
0

0
0

0
0
0
0
0

0
0

0
0
0
0
0

0
0

0
0
0
0
0

0
0

0
0
0
0
0

0
0

0
0
0
0
0

0
0

0
0
0
0
0

0
0

0
0
0
0
0

0
0

0
0
0
0
0

0
0

0
0
0
0
0

0
0

0
0
0
0
0

0
0

0
0
0
0
0

0
0

0
0
0
0
0

0
0

0
0
0
0
0

0
0

0
0
0
0
0

0
0

0
0
0
0
0

0
0

0
0
0
0
0

0
0

0
0
0
0
0

0
0

0
0
0
0
0

0
0

0
0
0
0
0

0
0

0
0
0
0
0

0
0

0
0
0
0
0

0
0

0
0
0
0
0

0
0

0
0
0
0
0

0
0

0
0
0
0
0

0
0

0
0
0
0
0

0
0

0
0
0
0
0

0
0

0
0
0
0
0

0
0

0
0
0
0
0

0
0

0
0
0
0
0

0
0

0
0
0
0
0

0
0

0
0
0
0
0

0
0

0
0
0
0
0

0
0

0
0
0
0
0

0
0

0
0
0
0
0

0
0

0
0
0
0
0

0
0

0
0
0
0
0

0
0

0
0
0
0
0

0
0

0
0
0
0
0

0
0

0
0
0
0
0

0
0

0
0
0
0
0

0
0

0
0
0
0
0

0
0

0
0
0
0
0

0
0

0
0
0
0
0

0
0

0
0
0
0
0

0
0

0
0
0
0
0

0
0

0
0
0
0
0

0
0

0
0
0
0
0

0
0

0
0
0
0
0

0
0

0
0
0
0
0

0
0

0
0
0
0
0

0
0

0
0
0
0
0

0
0

0
0
0
0
0

0
0

0
0
0
0
0

0
0

0
0
0
0
0

0
0

0
0
0
0
0

0
0

0
0
0
0
0

0
0

0
0
0
0
0

0
0

0
0
0
0
0

0
0

0
0
0
0
0

0
0

0
0
0
0
0

0
0

0
0
0
0
0

0
0

0
0
0
0
0

0
0

0
0
0
0
0

0
0

0
0
0
0
0

0
0

0
0
0
0
0

0
0

0
0
0
0
0

0
0

0
0
0
0
0

0
0

0
0
0
0
0

0
0

0
0
0
0
0

0
0

0
0
0
0
0

0
0

0
0
0
0
0

0
0

0
0
0
0
0

0
0

  -0.03506387395218066    0.03494693815441031  3.025855607357501e-05  2.097624699150822e-05  6.182577289131188e-05
     1.776078312381863    -0.7723041060755486 -0.0006683292834049337 -0.0006185836309682557  -0.002388958768042362

0.01161138375455516 0.02514640992774305 0.02170141955840633  0.8272571830711822  0.6571035971564048
-0.3584202486069579  -1.152729641990083  -1.837040568222285  -49.49816133103162   48.76510297486121

cov:
44.49538571611315 32.35139587738217 24.32624449059625 18.28522044844963 32.10378795865948
32.35139587738217 36.06668227475998 37.76531169847078 41.78931522185691 35.61423625848026
24.32624449059625 37.76531169847078 47.23173077953177 55.64411183926674 37.19197094821517
18.28522044844963 41.78931522185691 55.64411183926674 76.59469332832455 41.18735733790135
32.10378795865948 35.61423625848026 37.19197094821517 41.18735733790135  39.7967899639422

cov.inverse():
   0.6222314460836581    -1.228378236561334    0.3370345818009535    0.2817942539669053  -0.00928654506383806
   -1.228378236561333     2.835073919822447   -0.8796413377975397   -0.5076228447889811   -0.1987637539852139
   0.3370345818009512   -0.8796413377975357    0.5568127493819285 -0.005245021638438129 0.0003701971954546395
   0.2817942539669063   -0.5076228447889839 -0.005245021638436509    0.2297143566372572 -0.005887853092752083
-0.009286545063838372   -0.1987637539852133 0.0003701971954545349 -0.005887853092752277    0.2162407903097914

cov*(cov_.inverse()):
     1.000000000000004   1.77635683940025e-15 -3.469446951953614e-16  6.106226635438361e-16                      0
 2.109423746787797e-15                      1 -1.942890293094024e-15  9.992007221626409e-16                      0
-2.331468351712829e-15  9.769962616701378e-15     0.9999999999999991  -1.77635683940025e-15                      0
  3.05311331771918e-15  1.243449787580175e-14 -8.760353553682876e-16      1.000000000000004                      0
 2.386979502944087e-15  2.042810365310288e-14 -4.170275236248244e-15  7.771561172376096e-16                      1
