5 
6 
11 
14 
15 
inputFileName = /Users/demattia/RemoteProjects/extracted_endcaps.root
eventsFractionStartBuild = 0
eventsFractionEndBuild = 0.2
eventsFractionStartTest = 0.8
eventsFractionEndTest = 1
var name = R
var name = z
par name = cotTheta
firstOrderChargeOverPtCoefficientsFileName = 
firstOrderCotThetaCoefficientsFileName = 
2 < pT < 10, pT regions = 1
0 < phi < 0.8, phi regions = 1
-3 < eta < 3, eta regions = 1
-15 < z0 < 15, eta regions = 1
charge regions = 1
endcap regions = 0
Training
Requested running from track number 0 to track number 1000000 for a total of 1000000 tracks.
Analyzed 10% of 1000000 tracks
Analyzed 20% of 1000000 tracks
Analyzed 30% of 1000000 tracks
Analyzed 40% of 1000000 tracks
Analyzed 50% of 1000000 tracks
Analyzed 60% of 1000000 tracks
Analyzed 70% of 1000000 tracks
Analyzed 80% of 1000000 tracks
Analyzed 90% of 1000000 tracks
Analyzed 100% of 1000000 tracks
Evaluating eigenvalues:
geomIndex = 0
Sqrt(eigenvalues) of cov:
 0.182491 0.320218 1.00836 1.17376 1.87829 2.34608 2.67958 3.02886 6.36742 16.4534
Analyzed 10% of 1000000 tracks
Analyzed 20% of 1000000 tracks
Analyzed 30% of 1000000 tracks
Analyzed 40% of 1000000 tracks
Analyzed 50% of 1000000 tracks
Analyzed 60% of 1000000 tracks
Analyzed 70% of 1000000 tracks
Analyzed 80% of 1000000 tracks
Analyzed 90% of 1000000 tracks
Analyzed 100% of 1000000 tracks
opening GeometricIndex.txt for writing
Matrices built:
geomIndex = 0

V_0:
  -0.458361    0.158509    0.774931   -0.275486    -0.27681    0.100976  -0.0166247  -0.0100263  -0.0304114    0.015722
  -0.528875    0.167895  -0.0440269   0.0167593    0.755194    -0.27592   -0.126652   0.0637302   -0.145968   0.0449943
  -0.647279  -0.0267309   -0.531574  0.00635586   -0.363292    0.196691    0.278766   -0.178226  -0.0589076      0.1187
   0.230536   0.0409149    0.173907   0.0223098    0.161974  -0.0140925    0.535502   -0.407352   -0.474726    0.458194
 -0.0189963  -0.0188681   0.0117113   0.0113134   -0.154568   -0.443803    0.476293    0.352784   -0.345963   -0.554224
  0.0407013   0.0687099  -0.0108332 -0.00612725    0.205631    0.718551    0.161631    0.594889    -0.23275   0.0260339
-0.00781712 -0.00525466   0.0610476   0.0961769    0.220096    0.401099   0.0152081   -0.559551  -0.0709609   -0.677678
   0.183195    0.518153   -0.283626   -0.720632  -0.0560427  -0.0181651   -0.176547  -0.0808612   -0.226243  -0.0764123
 -0.0491937   -0.705751  -0.0173191     -0.2477  -0.0397595  0.00444162   -0.391146  -0.0121106   -0.531831   0.0159522
 0.00451986    0.415483 -0.00178563    0.577241   -0.274777  -0.0166949   -0.426422 -0.00244375   -0.485804   0.0226826
corrPV_0:
-0.0076921  -0.010555 -0.0239447  0.0148574 -0.0152691  0.0358161 -0.0526201   0.055418    1.16408    3.84842
D_0:
   0.178201  -0.0634826   -0.162867   0.0579428 -0.00849137  0.00373303  -0.0033928   0.0011338  -0.0047224  0.00173638
opening matrixVD_0.txt for writing
