10
1

0.1816755419723608
0.3192897892724931
 1.006255549234843
 1.172003630129913
 1.876895747231312
 2.349134520384224
 2.675562065955611
 3.034302162017462
  6.36787248223231
 16.38187471130142

  -0.4556244999281608    0.1574134639101142    0.7750712099910316   -0.2753758099560552    -0.281153733703883    0.1025693940628144  -0.01553317602393247  -0.01070828066509194  -0.02982010606175832   0.01571658510437769
  -0.5314946500490568    0.1688416923614539  -0.03965904651193035   0.01519145421815256    0.7537185364776958   -0.2753032972503553   -0.1269633315122946   0.06354709577930129   -0.1455567674692536   0.04443049003188599
  -0.6460682242221294  -0.02588771727546939   -0.5318959298993735  0.005294563864503741   -0.3622596297774164    0.1976418720470251    0.2787887827623349   -0.1805818034951725  -0.06006557172153253    0.1214461530393748
   0.2332915514809938   0.04319592174142154    0.1741054336439177   0.01967785359286255    0.1645857705050227  -0.01194873589689293    0.5319837079050338   -0.4077476417778851   -0.4737516057827226    0.4605134172099131
  -0.0202420474410077  -0.02139152686716078   0.01232725142305439   0.01432745530372033   -0.1540775581909613   -0.4413827622674238    0.4808442972418265     0.354122804367429   -0.3484060706949167   -0.5497415750746344
  0.04215549546977317   0.07562345097936209  -0.01332736138294443  -0.01175338979741365    0.2075574776482372    0.7237806468058836    0.1579556795620654    0.5879013810339347    -0.232953298795949   0.02011084196722708
-0.009429602697123968 -0.009096139669064933   0.06384769730278297    0.1033961196089508    0.2181084849649664      0.39353979828502   0.01753749977698914   -0.5638609138372747  -0.06614733809142205     -0.67822858123106
   0.1827483917217609    0.5170701365813393   -0.2824220049387371   -0.7200848004475278  -0.05670869011206771  -0.02420395437956707   -0.1777388393562007   -0.0885546468866054    -0.223847432597154  -0.08726276380347572
 -0.04896859188215174   -0.7067058025553316  -0.01713272074881346   -0.2494323921665551   -0.0375120348211414  0.007068370866111807   -0.3897684036584478  -0.01258482761787855   -0.5309493356486481   0.01472546216688394
 0.004473514810170004    0.4136708373976573 -0.001992503733281996    0.5759768388454206   -0.2748201058964465  -0.01720460469745306   -0.4277030274886356 -0.002957075374126269    -0.487679363794266   0.02261110519748524

22.69210822792367
62.10708209373271
35.46782126003004
 97.9370106600888
47.62865042407277
131.0580208772817
 79.3303891819162
220.0496662996422
  94.053126511096
261.4760828567397

2.804352237328556

0
0
0
0
0
0
0
0
0
0

0

0
0
0
0
0
0
0
0
0
0

0

0
0
0
0
0
0
0
0
0
0

0

0
0
0
0
0
0
0
0
0
0

0

0
0
0
0
0
0
0
0
0
0

0

0
0
0
0
0
0
0
0
0
0

0

0
0
0
0
0
0
0
0
0
0

0

0
0
0
0
0
0
0
0
0
0

0

0
0
0
0
0
0
0
0
0
0

0

0
0
0
0
0
0
0
0
0
0

0

0
0
0
0
0
0
0
0
0
0

0

0
0
0
0
0
0
0
0
0
0

0

0
0
0
0
0
0
0
0
0
0

0

0
0
0
0
0
0
0
0
0
0

0

0
0
0
0
0
0
0
0
0
0

0

0
0
0
0
0
0
0
0
0
0

0

0
0
0
0
0
0
0
0
0
0

0

0
0
0
0
0
0
0
0
0
0

0

0
0
0
0
0
0
0
0
0
0

0

0
0
0
0
0
0
0
0
0
0

0

0
0
0
0
0
0
0
0
0
0

0

0
0
0
0
0
0
0
0
0
0

0

0
0
0
0
0
0
0
0
0
0

0

0
0
0
0
0
0
0
0
0
0

0

0
0
0
0
0
0
0
0
0
0

0

0
0
0
0
0
0
0
0
0
0

0

0
0
0
0
0
0
0
0
0
0

0

0
0
0
0
0
0
0
0
0
0

0

0
0
0
0
0
0
0
0
0
0

0

0
0
0
0
0
0
0
0
0
0

0

0
0
0
0
0
0
0
0
0
0

0

0
0
0
0
0
0
0
0
0
0

0

0
0
0
0
0
0
0
0
0
0

0

0
0
0
0
0
0
0
0
0
0

0

0
0
0
0
0
0
0
0
0
0

0

0
0
0
0
0
0
0
0
0
0

0

0
0
0
0
0
0
0
0
0
0

0

0
0
0
0
0
0
0
0
0
0

0

0
0
0
0
0
0
0
0
0
0

0

0
0
0
0
0
0
0
0
0
0

0

0
0
0
0
0
0
0
0
0
0

0

0
0
0
0
0
0
0
0
0
0

0

0
0
0
0
0
0
0
0
0
0

0

0
0
0
0
0
0
0
0
0
0

0

0
0
0
0
0
0
0
0
0
0

0

0
0
0
0
0
0
0
0
0
0

0

0
0
0
0
0
0
0
0
0
0

0

0
0
0
0
0
0
0
0
0
0

0

0
0
0
0
0
0
0
0
0
0

0

0
0
0
0
0
0
0
0
0
0

0

0
0
0
0
0
0
0
0
0
0

0

0
0
0
0
0
0
0
0
0
0

0

0
0
0
0
0
0
0
0
0
0

0

0
0
0
0
0
0
0
0
0
0

0

0
0
0
0
0
0
0
0
0
0

0

0
0
0
0
0
0
0
0
0
0

0

0
0
0
0
0
0
0
0
0
0

0

0
0
0
0
0
0
0
0
0
0

0

0
0
0
0
0
0
0
0
0
0

0

0
0
0
0
0
0
0
0
0
0

0

0
0
0
0
0
0
0
0
0
0

0

0
0
0
0
0
0
0
0
0
0

0

0
0
0
0
0
0
0
0
0
0

0

0
0
0
0
0
0
0
0
0
0

0

0
0
0
0
0
0
0
0
0
0

0

0
0
0
0
0
0
0
0
0
0

0

0
0
0
0
0
0
0
0
0
0

0

0
0
0
0
0
0
0
0
0
0

0

0
0
0
0
0
0
0
0
0
0

0

0
0
0
0
0
0
0
0
0
0

0

0
0
0
0
0
0
0
0
0
0

0

0
0
0
0
0
0
0
0
0
0

0

0
0
0
0
0
0
0
0
0
0

0

0
0
0
0
0
0
0
0
0
0

0

0
0
0
0
0
0
0
0
0
0

0

0
0
0
0
0
0
0
0
0
0

0

0
0
0
0
0
0
0
0
0
0

0

   0.1786546785401578   -0.0636004169351906   -0.1633377442274694   0.05810991043699567 -0.008385565412796751  0.003759048149017361 -0.003403869613768237  0.001203432735550404 -0.004678595898525405  0.001709789926066454

-0.007626429212049356   -0.0106453449103617  -0.02378197478686344   0.01499159590348419  -0.01523364237661781   0.03581366211124532  -0.05343609565428227   0.05367822633037291     1.162328478920371     3.836944423668517

cov:
   0.955028760919569    2.808906007641899 -0.05761562942211469 -0.02939101157837309 -0.05320152953674925 -0.02187854686522117 -0.04209783388602557 0.006204515826307072 -0.03689393505719765  0.00622157662646369
   2.808906007641899    68.67795087255641   -1.057775663794553     67.6491265243166    -29.5893808290749   -1.928164412993574   -37.10761473316688  -0.1522638532525579   -40.08599341818402    1.791731639633785
-0.05761562942211469   -1.057775663794553    1.126124952857604     1.78120007369365   0.6224262702591955  0.06913428982580692   0.9561229106150209 -0.04577782685004644    1.102345354765138 -0.08581309977525398
-0.02939101157837309     67.6491265243166     1.78120007369365    96.40817618519405   -41.57781987371736   -2.348939384169758   -60.94763940767951  -0.1921007183073966     -68.592015560527    3.406616916843784
-0.05320152953674925    -29.5893808290749   0.6224262702591955   -41.57781987371736    21.24781033925402    2.856502563394392    32.18547890578184  -0.1367108464517958    36.61501565549462   -2.319165499430186
-0.02187854686522117   -1.928164412993574  0.06913428982580692   -2.348939384169758    2.856502563394392    4.820534032876377    1.885873361472603   0.2075419313236116    1.574049929233761   -1.040784488234772
-0.04209783388602557   -37.10761473316688   0.9561229106150209   -60.94763940767951    32.18547890578184    1.885873361472603    56.96675642892536     1.37499717653918    63.57148293097169   -3.313867223928038
0.006204515826307072  -0.1522638532525579 -0.04577782685004644  -0.1921007183073966  -0.1367108464517958   0.2075419313236116     1.37499717653918    4.967871061472358   0.1924606903060524    1.882945369855401
-0.03689393505719765   -40.08599341818402    1.102345354765138     -68.592015560527    36.61501565549462    1.574049929233761    63.57148293097169   0.1924606903060524    76.79091445906194   -2.434164238245952
 0.00622157662646369    1.791731639633785 -0.08581309977525398    3.406616916843784   -2.319165499430186   -1.040784488234772   -3.313867223928038    1.882945369855401   -2.434164238245952    4.882339245158898

cov.inverse():
   9.516507808426198   -3.017545983484839   -10.12943715599329    3.707841048222093   0.2118171184365405   -0.101685165750501   0.7841714479883271  -0.1360557288138474    1.124867508167867  -0.4454141686202117
  -3.017545983484843    1.075566987338808    3.633985789176065   -1.323274154759794 -0.07760352902842008  0.03838466907741912  -0.2793806540881273  0.04783396338213346  -0.4017134407931062   0.1592714631321957
  -10.12943715599322    3.633985789176038    18.52701007971116   -6.449583754985237   -6.681650381582132    2.411329051587912  -0.3873113377964917  -0.2354913526835087  -0.6662815304250017   0.3410078897384752
   3.707841048222078   -1.323274154759785   -6.449583754985238    2.360755407283357    2.464659400112743  -0.8917593286439978   0.1370091535128168   0.0910662047208014   0.2378544792923885   -0.122565516905995
   0.211817118436452 -0.07760352902838741   -6.681650381582032    2.464659400112706    8.138601113041485   -2.922580145228255   -0.855025765737216   0.5667930912258872   -0.850576572225461   0.2109777189464226
 -0.1016851657504702  0.03838466907740724    2.411329051587879  -0.8917593286439846   -2.922580145228255    1.272810803607782   0.3062413376540565  -0.2346156541039678   0.3027923879762083 -0.01698031464920375
  0.7841714479883646  -0.2793806540881397  -0.3873113377965304   0.1370091535128317   -0.855025765737215    0.306241337654056    0.526281326427341  -0.2161218896832388 -0.04889342631916318   0.0744448033175959
 -0.1360557288138662  0.04783396338213927  -0.2354913526834918  0.09106620472079507   0.5667930912258886  -0.2346156541039683  -0.2161218896832395   0.3398289226938127   0.0179799198472244  -0.1346290874556264
   1.124867508167859  -0.4017134407931029  -0.6662815304250006   0.2378544792923886  -0.8505765722254452   0.3027923879762027 -0.04889342631917003  0.01797991984722736   0.4599090058845015  -0.1819955956283799
 -0.4454141686202047   0.1592714631321931    0.341007889738472  -0.1225655169059938   0.2109777189464155 -0.01698031464920122  0.07444480331759885  -0.1346290874556276  -0.1819955956283792   0.3467616074964073

cov*(cov_.inverse()):
                     1  1.439386804191756e-15 -6.714247213768232e-15 -5.484870370386918e-15  3.818993732362941e-15  1.301313657525727e-16  -2.92111170321907e-15  2.655861641720492e-15 -1.780259967221198e-16  1.335737076502141e-16
 4.118927421359331e-14      1.000000000000005 -3.663735981263017e-15   1.82354131794682e-14  1.321165399303936e-14 -1.162264728904461e-15  8.049116928532385e-16 -7.216449660063518e-16 -6.106226635438361e-16                      0
 -6.50868248186498e-15  1.242062008799394e-15                      1 -3.165870343657673e-15 -3.726186026398182e-15 -1.646035738267493e-15 -2.473715676742927e-15  2.393918396847994e-16 -1.257674520083185e-15 -5.204170427930421e-17
 2.642330798607873e-14   3.33066907387547e-16  1.665334536937735e-14     0.9999999999999807 -1.532107773982716e-14 -1.152550277438991e-14 -4.718447854656915e-15  -1.27675647831893e-15 -1.165734175856414e-14  4.440892098500626e-16
-2.287059430727822e-14  3.885780586188048e-16  2.875477633779155e-14 -3.885780586188048e-15      1.000000000000013  5.828670879282072e-16  6.661338147750939e-16  1.998401444325282e-15  -1.27675647831893e-15                      0
 -1.77635683940025e-15 -4.440892098500626e-16   1.77635683940025e-15 -2.026157019940911e-15 -2.414735078559715e-15                      1  8.326672684688674e-17 -2.775557561562891e-17  2.498001805406602e-16                      0
-2.176037128265307e-14  -1.13242748511766e-14  9.103828801926284e-15  1.265654248072678e-14  4.451994328746878e-14  3.538835890992686e-15                      1  5.384581669432009e-15  1.665334536937735e-15  8.881784197001252e-16
 5.551115123125783e-16 -1.110223024625157e-16  1.110223024625157e-16 -2.775557561562891e-16  -1.27675647831893e-15  2.775557561562891e-16  2.220446049250313e-16     0.9999999999999997  5.551115123125783e-17  1.110223024625157e-16
-2.065014825802791e-14 -9.825473767932635e-15  2.742250870824137e-14 -1.892930256985892e-14  1.409983241273949e-14  8.382183835919932e-15 -8.604228440844963e-16  2.997602166487923e-15     0.9999999999999898  2.109423746787797e-15
 4.440892098500626e-16  5.551115123125783e-16 -1.332267629550188e-15 -2.220446049250313e-16  -1.77635683940025e-15  4.163336342344337e-16   3.33066907387547e-16 -2.220446049250313e-16  2.220446049250313e-16                      1
