5
2

0.06304352151168786
  1.150890451116756
  4.236777754906147
  7.680764560987389
  28.98401119712056

   -0.4823858555279399     0.8115463388319614    -0.3296908950950636   0.000583096707438261 -2.159360229111972e-06
   -0.4714963877839637    0.05581255040372501     0.8269081606143024    -0.1956152983052526    -0.2292022349422539
    0.1412214872709487     0.1039850343988411    0.04793150123626576    -0.7916127675359037     0.5833484392860231
   -0.7190703186268352    -0.5355278219234265    -0.2660410332256349    0.04415155033867443      0.351312735406476
   0.08938350572748183     0.2016793586683926     0.3666763524286253     0.5771777732588254     0.6955215998203031

63.25107348899814
102.3596156624172
159.6671285958119
227.1090104473363
269.1812871816758

 2.922004854267735
-1.348897503478861

0
0
0
0
0

0
0

0
0
0
0
0

0
0

0
0
0
0
0

0
0

0
0
0
0
0

0
0

0
0
0
0
0

0
0

0
0
0
0
0

0
0

0
0
0
0
0

0
0

0
0
0
0
0

0
0

0
0
0
0
0

0
0

0
0
0
0
0

0
0

0
0
0
0
0

0
0

0
0
0
0
0

0
0

0
0
0
0
0

0
0

0
0
0
0
0

0
0

0
0
0
0
0

0
0

0
0
0
0
0

0
0

0
0
0
0
0

0
0

0
0
0
0
0

0
0

0
0
0
0
0

0
0

0
0
0
0
0

0
0

0
0
0
0
0

0
0

0
0
0
0
0

0
0

0
0
0
0
0

0
0

0
0
0
0
0

0
0

0
0
0
0
0

0
0

0
0
0
0
0

0
0

0
0
0
0
0

0
0

0
0
0
0
0

0
0

0
0
0
0
0

0
0

0
0
0
0
0

0
0

0
0
0
0
0

0
0

0
0
0
0
0

0
0

0
0
0
0
0

0
0

0
0
0
0
0

0
0

0
0
0
0
0

0
0

0
0
0
0
0

0
0

0
0
0
0
0

0
0

0
0
0
0
0

0
0

0
0
0
0
0

0
0

0
0
0
0
0

0
0

0
0
0
0
0

0
0

0
0
0
0
0

0
0

0
0
0
0
0

0
0

0
0
0
0
0

0
0

0
0
0
0
0

0
0

0
0
0
0
0

0
0

0
0
0
0
0

0
0

0
0
0
0
0

0
0

0
0
0
0
0

0
0

0
0
0
0
0

0
0

0
0
0
0
0

0
0

0
0
0
0
0

0
0

0
0
0
0
0

0
0

0
0
0
0
0

0
0

0
0
0
0
0

0
0

0
0
0
0
0

0
0

0
0
0
0
0

0
0

0
0
0
0
0

0
0

0
0
0
0
0

0
0

0
0
0
0
0

0
0

0
0
0
0
0

0
0

0
0
0
0
0

0
0

0
0
0
0
0

0
0

0
0
0
0
0

0
0

0
0
0
0
0

0
0

0
0
0
0
0

0
0

0
0
0
0
0

0
0

0
0
0
0
0

0
0

0
0
0
0
0

0
0

0
0
0
0
0

0
0

0
0
0
0
0

0
0

0
0
0
0
0

0
0

0
0
0
0
0

0
0

0
0
0
0
0

0
0

0
0
0
0
0

0
0

0
0
0
0
0

0
0

0
0
0
0
0

0
0

  -0.06416855587987932    0.05669393203125822   0.007482125718092543  -2.93715814880342e-05   1.40562858843658e-05
     2.380475575839761     -1.185975725043115     -0.194517646176543  0.0007995163040307313 -0.0004497539992551897

0.0002960870586124435   0.05246409417628759  -0.04984037343641471    0.8137425058407534     7.085786255889495
-0.008134384304275535    -1.787451502945521     3.637298374556554    -60.46778037163346    -81.98098670893872

cov:
37.86870070502852 38.08861219458505 38.42466279214898 39.58200921091935  38.9446799201173
38.08861219458505  51.2893704304861 70.67884464021569 94.90162172639991 107.8118868991893
38.42466279214898 70.67884464021569 118.0719473147897 176.2025816037129 208.9819624024098
39.58200921091935 94.90162172639991 176.2025816037129 291.2712455644909 329.9237909963737
 38.9446799201173 107.8118868991893 208.9819624024098 329.9237909963737 419.8445943618786

cov.inverse():
    58.72520188232473    -98.51039775846274     39.72410082218386  -0.00784277628465487   0.08223196257463181
   -98.51039775846371     165.7167192342509    -67.28163811226203    0.1059713039187695 -0.009741628003052998
    39.72410082218548    -67.28163811226406     27.86618822669861   -0.1725514144516515   -0.1426335300723224
-0.007842776285150026    0.1059713039196012   -0.1725514144519875   0.06431483673260349  0.008864248068696909
   0.0822319625744764 -0.009741628002791271    -0.142633530072429  0.008864248068697254   0.06128714022305316

cov*(cov_.inverse()):
      1.00000000000084  1.094679902280404e-12 -4.813927034774679e-13  7.216449660063518e-16 -4.440892098500626e-16
   9.2192919964873e-13     0.9999999999990106 -3.161915174132446e-13 -5.662137425588298e-15                      0
  -1.4210854715202e-14  1.070699084948501e-12     0.9999999999993392  2.664535259100376e-15  3.552713678800501e-15
 9.237055564881302e-14  6.972200594645983e-13  7.815970093361102e-14      1.000000000000003                      0
-4.618527782440651e-13  1.658229109580134e-12  2.984279490192421e-13 -1.332267629550188e-15                      1
