6 
11 
12 
13 
14 
inputFileName = /Users/demattia/RemoteProjects/extracted_endcaps.root
eventsFractionStartBuild = 0
eventsFractionEndBuild = 0.2
eventsFractionStartTest = 0.8
eventsFractionEndTest = 1
var name = R
var name = z
par name = cotTheta
firstOrderChargeOverPtCoefficientsFileName = 
firstOrderCotThetaCoefficientsFileName = 
pT > 2, pT regions = 1
0 < phi < 0.8, phi regions = 1
-3 < eta < 3, eta regions = 1
-15 < z0 < 15, eta regions = 1
charge regions = 1
endcap regions = 0
Training
Requested running from track number 0 to track number 1000000 for a total of 1000000 tracks.
Analyzed 10% of 1000000 tracks
Analyzed 20% of 1000000 tracks
Analyzed 30% of 1000000 tracks
Analyzed 40% of 1000000 tracks
Analyzed 50% of 1000000 tracks
Analyzed 60% of 1000000 tracks
Analyzed 70% of 1000000 tracks
Analyzed 80% of 1000000 tracks
Analyzed 90% of 1000000 tracks
Analyzed 100% of 1000000 tracks
Evaluating eigenvalues:
geomIndex = 0
Sqrt(eigenvalues) of cov:
 0.229659 0.810962 0.93728 1.2125 1.42001 1.57602 1.96786 2.75583 4.44066 9.72874
Analyzed 10% of 1000000 tracks
Analyzed 20% of 1000000 tracks
Analyzed 30% of 1000000 tracks
Analyzed 40% of 1000000 tracks
Analyzed 50% of 1000000 tracks
Analyzed 60% of 1000000 tracks
Analyzed 70% of 1000000 tracks
Analyzed 80% of 1000000 tracks
Analyzed 90% of 1000000 tracks
Analyzed 100% of 1000000 tracks
opening GeometricIndex.txt for writing
Matrices built:
geomIndex = 0

V_0:
   0.494736   -0.192768   -0.765565    0.314602   0.0658653   -0.018345   0.0989979 -0.00875549    0.128142  -0.0451734
  -0.129817   0.0252069  -0.0794163  -0.0492414     0.27435    0.447226    0.403671   -0.668708   -0.160851    0.250015
  -0.684532   0.0597197   -0.326383    0.250067    0.420842   -0.390586    0.033164    0.118047   -0.118498  0.00694674
  -0.479885  -0.0640185   -0.225342    0.164812   -0.540138    0.510805   0.0686976    0.185328    0.309135  -0.0191917
 -0.0702845  -0.0161971  -0.0224978  0.00196623   -0.581429   -0.592414    0.341038   -0.432428   0.0139109  -0.0421768
   0.134912   0.0427325    0.159203    0.402433   -0.164725  0.00430433    0.333371    0.379563   -0.441944    0.561252
 -0.0079618  0.00681319   -0.218109   -0.523657  -0.0370176   0.0836695    0.461776    0.335406   -0.422631   -0.406669
  0.0564502   0.0992575     0.30449    0.608384   0.0606486      0.1313    0.171415   -0.091072   -0.130273   -0.669738
   -0.11332   -0.761714  0.00235051   0.0431364   -0.122113    0.049489   -0.353167   -0.145047   -0.488314  -0.0592258
  0.0166625    0.601951   -0.290095   0.0272068   -0.257647   0.0922527   -0.476067   -0.177706   -0.467498   -0.028551
corrPV_0:
  0.0101031 -0.00824047  -0.0302777  -0.0337037   -0.011473   0.0470718  -0.0129132  -0.0780682     0.54246    0.866358
D_0:
   0.130427  -0.0534167   -0.131084   0.0530263  0.00102619  -0.0033369 -0.00181001  0.00223916  0.00014036  0.00564115
opening matrixVD_0.txt for writing
