6 
11 
12 
13 
14 
inputFileName = /Users/demattia/RemoteProjects/extracted_endcaps.root
eventsFractionStartBuild = 0
eventsFractionEndBuild = 0.2
eventsFractionStartTest = 0.8
eventsFractionEndTest = 1
var name = R
var name = z
par name = cotTheta
firstOrderChargeOverPtCoefficientsFileName = 
firstOrderCotThetaCoefficientsFileName = 
2 < pT < 10, pT regions = 1
0 < phi < 0.8, phi regions = 1
-3 < eta < 3, eta regions = 1
-15 < z0 < 15, eta regions = 1
charge regions = 1
endcap regions = 0
Training
Requested running from track number 0 to track number 1000000 for a total of 1000000 tracks.
Analyzed 10% of 1000000 tracks
Analyzed 20% of 1000000 tracks
Analyzed 30% of 1000000 tracks
Analyzed 40% of 1000000 tracks
Analyzed 50% of 1000000 tracks
Analyzed 60% of 1000000 tracks
Analyzed 70% of 1000000 tracks
Analyzed 80% of 1000000 tracks
Analyzed 90% of 1000000 tracks
Analyzed 100% of 1000000 tracks
Evaluating eigenvalues:
geomIndex = 0
Sqrt(eigenvalues) of cov:
 0.229698 0.811742 0.934541 1.2141 1.41745 1.58128 1.97036 2.76624 4.4359 9.69853
Analyzed 10% of 1000000 tracks
Analyzed 20% of 1000000 tracks
Analyzed 30% of 1000000 tracks
Analyzed 40% of 1000000 tracks
Analyzed 50% of 1000000 tracks
Analyzed 60% of 1000000 tracks
Analyzed 70% of 1000000 tracks
Analyzed 80% of 1000000 tracks
Analyzed 90% of 1000000 tracks
Analyzed 100% of 1000000 tracks
opening GeometricIndex.txt for writing
Matrices built:
geomIndex = 0

V_0:
    0.494351    -0.192494     -0.76569     0.314747     0.064996   -0.0185509    0.0994494  -0.00880321     0.128853   -0.0455772
  -0.0821213    0.0234869   -0.0569717   -0.0650446     0.254549     0.471731     0.399751    -0.671608     -0.15579     0.250547
    0.688365   -0.0610325     0.330694    -0.240558    -0.439551     0.369113   -0.0592134   -0.0697627     0.130921   -0.0154263
    -0.48991   -0.0622354    -0.233208     0.153728    -0.539863     0.502928    0.0769528     0.173021     0.311191   -0.0317759
  -0.0660487   -0.0185854   -0.0254116    -0.024687    -0.566657    -0.593454     0.328969    -0.455233    0.0263404   -0.0678056
    0.119032    0.0405595     0.152849      0.40831    -0.197156   -0.0182589     0.349184       0.3637    -0.435819     0.557456
-0.000692952  -0.00503267     0.214249     0.525762    0.0313475   -0.0834438    -0.456507    -0.335872     0.429013     0.405512
   0.0566942    0.0959423     0.304462      0.60739    0.0586933     0.131674     0.168356   -0.0928462     -0.13297    -0.671217
   -0.113893    -0.761364   0.00029804    0.0422072    -0.123341    0.0519301    -0.356789    -0.146804    -0.485727   -0.0536769
    0.017238     0.603242    -0.290034    0.0273306    -0.258286    0.0917925     -0.47612    -0.177667    -0.465671    -0.026318
corrPV_0:
  0.0100907 -0.00676433    0.030706  -0.0353929  -0.0125686   0.0451375   0.0103629  -0.0776172    0.543369    0.863791
D_0:
   0.130352  -0.0533304   -0.130883   0.0528995  0.00102263  -0.0033876 -0.00191871  0.00237676  0.00014627   0.0055859
opening matrixVD_0.txt for writing
