10
1

0.2296981228255582
0.8117419348903893
0.9345414391892278
 1.214095203628083
 1.417453982952316
 1.581276534056224
 1.970364371088885
 2.766238185727051
 4.435904804974248
 9.698530303723137

    0.4943507076237738    -0.1924939651065012    -0.7656900267048991     0.3147468705472502    0.06499597642049625   -0.01855088405051261    0.09944936041636722  -0.008803214814253946     0.1288529234869579   -0.04557720631497768
  -0.08212130874748398    0.02348692743589812     -0.056971738259495   -0.06504460827192647     0.2545492017821625     0.4717309913725459     0.3997509479621262    -0.6716080277753923    -0.1557899290724996     0.2505469719334459
    0.6883654868372084   -0.06103250651553011     0.3306941156532648    -0.2405577905049127    -0.4395511566893611     0.3691134099386555   -0.05921339663797617   -0.06976268400142299     0.1309212841911713   -0.01542631392310832
   -0.4899101125848068   -0.06223535566394494    -0.2332078629943201     0.1537276755740797    -0.5398634067495401      0.502927801559325    0.07695279749573494     0.1730211461101667     0.3111914355813282   -0.03177586098532408
  -0.06604872628370569   -0.01858537924401144   -0.02541163331774251   -0.02468696424632095    -0.5666568150378758     -0.593454187562252     0.3289688718805003    -0.4552331233228807    0.02634038205588634    -0.0678056221530076
    0.1190315428627526    0.04055952066939127       0.15284909691842     0.4083100953348085    -0.1971561768780751   -0.01825889101101781     0.3491835323357403      0.363699639369357    -0.4358191311847343     0.5574563745129052
-0.0006929523744668921  -0.005032668341972088     0.2142490818919161     0.5257616087448292    0.03134753067093753   -0.08344381049600613    -0.4565069301167084    -0.3358717985810213     0.4290132870616084     0.4055118663536127
   0.05669424238349331    0.09594226738880469     0.3044623554807138     0.6073903977227387    0.05869330162899308     0.1316735711550232     0.1683561369486917   -0.09284621887620137    -0.1329701277543877    -0.6712170483371721
   -0.1138933594599223     -0.761363826232857  0.0002980402568654214    0.04220722761217724    -0.1233411307460148    0.05193010059454525    -0.3567894660646858    -0.1468041395419326    -0.4857270129345851   -0.05367688913401986
   0.01723802681584174     0.6032417574523139    -0.2900341655619726    0.02733062222098905    -0.2582855002666718    0.09179248044958595    -0.4761200456018903    -0.1776672346838726    -0.4656711421129416   -0.02631798960976688

35.55511594688975
85.46696926819082
54.14701472251912
130.6910266285348
65.39062542320329
157.6785789649169
 76.3211823368497
185.0695452982084
90.47760635442886
220.3099782333243

2.437965576979485

   0.1303522622195383  -0.05333041901113321   -0.1308830153007725   0.05289945698060611  0.001022629196415447  -0.00338760241578734 -0.001918709428160434  0.002376763637275627 0.0001462699623491657  0.005585900188920377

 0.01009074859232886 -0.00676432716052639  0.03070598799960521 -0.03539285596096005 -0.01256856682553676   0.0451374542881103  0.01036293378952139 -0.07761716214766361   0.5433686170655119   0.8637905751763426

cov:
    1.136951910467372     2.742548420295419   0.05976617052209941    0.0927079714127433   0.01304599192452813 -0.004163381485232032   0.05193763240145506   0.03943724981820325  0.007238791750413563  -0.04082095028611314
    2.742548420295419     45.72206611497644    -16.21508238191592     1.390955249355903    -12.68787123114764     4.490764011962917    -21.51373726547531    -7.911984220220651    -19.33651719017173    -1.122724840698573
  0.05976617052209941    -16.21508238191592     9.068436370451062     1.131756774721386      7.20842091410485    -2.326444320277732     13.05355381767038     4.458590117235622     12.51177662092433    -0.293394132655581
   0.0927079714127433     1.390955249355903     1.131756774721386     4.512996018163882   -0.6426427672731201    0.7474549551624599    -1.315061506122189    -1.219368055050661    -1.737289617548672     -1.84714766193778
  0.01304599192452813    -12.68787123114764      7.20842091410485   -0.6426427672731201     7.988105848211928    -2.085324445194483     11.93540193475672     4.705506514076569     12.34598122831635    0.3930143864572344
-0.004163381485232032     4.490764011962917    -2.326444320277732    0.7474549551624599    -2.085324445194483     2.352233136819737    -4.404019427117575    -1.245536142704688    -4.577124210593614    -0.984961288690913
  0.05193763240145506    -21.51373726547531     13.05355381767038    -1.315061506122189     11.93540193475672    -4.404019427117575     25.49359776536496     9.326009096983592     22.95840193488023     0.476934805031493
  0.03943724981820325    -7.911984220220651     4.458590117235622    -1.219368055050661     4.705506514076569    -1.245536142704688     9.326009096983592     4.989836639501827     8.440145721545624    0.9939293679104489
 0.007238791750413563    -19.33651719017173     12.51177662092433    -1.737289617548672     12.34598122831635    -4.577124210593614     22.95840193488023     8.440145721545624     26.54042169252277     2.370737388124938
 -0.04082095028611314    -1.122724840698573    -0.293394132655581     -1.84714766193778    0.3930143864572344    -0.984961288690913     0.476934805031493    0.9939293679104489     2.370737388124938     5.037197782048647

cov.inverse():
   5.356393921658904   -1.826164044029431   -6.818667941171903    2.740874805078099   0.4205865190937065 -0.08948748987085793   0.8188467680603703 -0.07880316916231003    1.206526326598726  -0.4358356564325859
   -1.82616404402943   0.7453917012251363    2.782630665088393   -1.127992657067341  -0.1686927546277172  0.04299886238073788  -0.3316178147608282   0.0196712568695354  -0.4916765439065726   0.1802703955130645
  -6.818667941171893     2.78263066508839    11.31350428014587   -4.599133833620526   -1.046299306123229   0.2953652665614819   -1.512250572060292   0.1383411589946944   -1.863313156566517   0.6696430176989291
   2.740874805078108   -1.127992657067341   -4.599133833620526    2.152822733741357   0.4107039068530823  -0.2028482734414909   0.5817548734978147  0.06280347972768795   0.7553198703364659  -0.2023097715231716
  0.4205865190936964  -0.1686927546277138   -1.046299306123217   0.4107039068530773   0.7748945898619027 -0.04201159010421281   0.1593912810431717   -0.200853991883227 -0.04761287291640086   0.0337478146467969
-0.08948748987086083    0.042998862380739   0.2953652665614863  -0.2028482734414927 -0.04201159010421317   0.8515431056931345   0.1640340521981725  -0.3112983075184784 -0.01317144531377665   0.1735567789475823
  0.8188467680603592  -0.3316178147608236   -1.512250572060275   0.5817548734978077   0.1593912810431722   0.1640340521981732   0.6068894261367798  -0.3930103229868593  0.05697467871935407  0.07088111397304069
-0.07880316916230033  0.01967125686953151   0.1383411589946796  0.06280347972769387  -0.2008539918832265  -0.3112983075184785  -0.3930103229868576   0.8995474494154674  0.06300103212182868  -0.1803024554220703
   1.206526326598737  -0.4916765439065757    -1.86331315656653   0.7553198703364707  -0.0476128729163979 -0.01317144531377589   0.0569746787193588  0.06300103212182576   0.5771611349250613  -0.2196883794563549
 -0.4358356564325914   0.1802703955130664   0.6696430176989371  -0.2023097715231748  0.03374781464679566    0.173556778947582  0.07088111397303849  -0.1803024554220691  -0.2196883794563555   0.3635523633862808

cov*(cov_.inverse()):
     1.000000000000001 -1.058181320345852e-16  1.321859288694327e-15 -1.104498437154433e-14  2.000569848670253e-15  2.732189474663471e-16 -2.367897544708342e-16  -2.96637714392034e-16 -3.221381494888931e-15  1.044303532538038e-15
 8.215650382226158e-15     0.9999999999999994  7.771561172376096e-15 -8.354428260304303e-15  2.164934898019055e-15  3.608224830031759e-16   1.65145674912992e-15 -8.326672684688674e-17 -1.360023205165817e-15  5.551115123125783e-16
 6.578071420904053e-15  3.406996906818449e-15      1.000000000000001  7.632783294297951e-17 -3.799044412389208e-16  -5.48172618408671e-16 -1.186550857568136e-15  5.828670879282072e-16 -2.012279232133096e-15 -9.575673587391975e-16
 3.441691376337985e-15  1.942890293094024e-15  9.325873406851315e-15     0.9999999999999953  -3.95516952522712e-16  1.110223024625157e-16 -2.498001805406602e-16  1.665334536937735e-16 -1.110223024625157e-16   3.33066907387547e-16
 3.774758283725532e-15  2.137179322403426e-15   1.02695629777827e-14 -1.984523656517467e-15      1.000000000000001  -1.52655665885959e-16 -4.579669976578771e-16  7.216449660063518e-16  -4.08006961549745e-15  1.387778780781446e-16
-9.992007221626409e-16 -2.220446049250313e-16 -1.332267629550188e-15  1.637578961322106e-15 -2.844946500601964e-16     0.9999999999999998  1.110223024625157e-16 -2.498001805406602e-16  8.326672684688674e-16 -2.220446049250313e-16
 6.356026815979021e-15  1.133815263898441e-14  4.035660694512444e-14 -1.969258089928871e-14  1.731254029024853e-15 -1.249000902703301e-16     0.9999999999999982  -3.33066907387547e-16  -1.77635683940025e-15 -1.082467449009528e-15
 4.829470157119431e-15 -1.942890293094024e-16  4.662936703425657e-15 -2.775557561562891e-17  7.147060721024445e-16 -5.551115123125783e-17  1.346145417358002e-15                      1 -4.163336342344337e-16  1.665334536937735e-16
 1.287858708565182e-14  2.997602166487923e-15 -8.659739592076221e-15 -1.609823385706477e-15  1.970645868709653e-15  5.551115123125783e-16  2.747801985947262e-15 -4.440892098500626e-16     0.9999999999999994 -4.440892098500626e-16
 -1.77635683940025e-15                      0 -3.108624468950438e-15  6.661338147750939e-16  5.551115123125783e-17 -1.110223024625157e-16  -3.33066907387547e-16  2.220446049250313e-16 -4.440892098500626e-16     0.9999999999999998
