10
1

0.2296592794152719
0.8109622412279537
0.9372796993578684
 1.212504179910545
 1.420005922703378
 1.576022905890282
 1.967857445292859
 2.755832418656501
 4.440664029913229
    9.728744273074

   0.4947355239923082   -0.1927678255254714   -0.7655650353249294    0.3146021284256635    0.0658653394693665  -0.01834499732407556   0.09899788008014633 -0.008755492523479916    0.1281418901730378  -0.04517343714147347
  -0.1298172812073887   0.02520685727114739  -0.07941634652790915  -0.04924139685293832    0.2743504293807486    0.4472263985232293    0.4036705016401228   -0.6687077911515222   -0.1608513228996252    0.2500153495875994
  -0.6845322721633703   0.05971970777687267   -0.3263830870581718    0.2500668352886297    0.4208418869488678   -0.3905855139440227   0.03316395316898599    0.1180465186427928   -0.1184979332641475  0.006946739238961348
  -0.4798849468222964  -0.06401849090849496   -0.2253419210121588    0.1648122217657765   -0.5401381885572775    0.5108052974488984    0.0686975857382065    0.1853284492737394    0.3091349087574338  -0.01919171637999292
 -0.07028445275103344  -0.01619712453657044  -0.02249780092209333  0.001966230482612312   -0.5814290932685099   -0.5924139761390457    0.3410381429172442   -0.4324282725096057   0.01391087093244982  -0.04217681834248044
   0.1349118929224985    0.0427325071287297    0.1592030702849113    0.4024326410060363   -0.1647253989587791  0.004304333492743603    0.3333705372727294    0.3795631067396995   -0.4419435934979383     0.561252059724602
-0.007961796359734393  0.006813194761587585   -0.2181092224451529   -0.5236567333946817  -0.03701759128403954   0.08366949470144459    0.4617764091894422     0.335405760393135   -0.4226309143470339   -0.4066693134132189
  0.05645018204109938   0.09925745111289391    0.3044902916476946    0.6083839776774642   0.06064861276969923    0.1313002915951796    0.1714150133011473  -0.09107200909679376   -0.1302733135266236   -0.6697384255787588
  -0.1133201971010494   -0.7617137945731774  0.002350506402268052   0.04313643890076767   -0.1221127886017677   0.04948896841735331   -0.3531674545403525   -0.1450468404850203   -0.4883135499836785  -0.05922583668088484
  0.01666245795140518    0.6019514839564919   -0.2900949078678907   0.02720675240976543    -0.257647249956081   0.09225268889885692   -0.4760668019383471   -0.1777063110471508    -0.467498186802187  -0.02855098831747024

35.55912403871307
85.54859270563722
54.13049281694133
130.6893720753575
65.39379914887675
157.6886623771186
76.33825776969231
185.0690887103586
90.53338060726078
220.3173578335149

2.437766379587178

0
0
0
0
0
0
0
0
0
0

0

0
0
0
0
0
0
0
0
0
0

0

0
0
0
0
0
0
0
0
0
0

0

0
0
0
0
0
0
0
0
0
0

0

0
0
0
0
0
0
0
0
0
0

0

0
0
0
0
0
0
0
0
0
0

0

0
0
0
0
0
0
0
0
0
0

0

0
0
0
0
0
0
0
0
0
0

0

0
0
0
0
0
0
0
0
0
0

0

0
0
0
0
0
0
0
0
0
0

0

0
0
0
0
0
0
0
0
0
0

0

0
0
0
0
0
0
0
0
0
0

0

0
0
0
0
0
0
0
0
0
0

0

0
0
0
0
0
0
0
0
0
0

0

0
0
0
0
0
0
0
0
0
0

0

0
0
0
0
0
0
0
0
0
0

0

0
0
0
0
0
0
0
0
0
0

0

0
0
0
0
0
0
0
0
0
0

0

0
0
0
0
0
0
0
0
0
0

0

0
0
0
0
0
0
0
0
0
0

0

0
0
0
0
0
0
0
0
0
0

0

0
0
0
0
0
0
0
0
0
0

0

0
0
0
0
0
0
0
0
0
0

0

0
0
0
0
0
0
0
0
0
0

0

0
0
0
0
0
0
0
0
0
0

0

0
0
0
0
0
0
0
0
0
0

0

0
0
0
0
0
0
0
0
0
0

0

0
0
0
0
0
0
0
0
0
0

0

0
0
0
0
0
0
0
0
0
0

0

0
0
0
0
0
0
0
0
0
0

0

0
0
0
0
0
0
0
0
0
0

0

0
0
0
0
0
0
0
0
0
0

0

0
0
0
0
0
0
0
0
0
0

0

0
0
0
0
0
0
0
0
0
0

0

0
0
0
0
0
0
0
0
0
0

0

0
0
0
0
0
0
0
0
0
0

0

0
0
0
0
0
0
0
0
0
0

0

0
0
0
0
0
0
0
0
0
0

0

0
0
0
0
0
0
0
0
0
0

0

0
0
0
0
0
0
0
0
0
0

0

0
0
0
0
0
0
0
0
0
0

0

0
0
0
0
0
0
0
0
0
0

0

0
0
0
0
0
0
0
0
0
0

0

0
0
0
0
0
0
0
0
0
0

0

0
0
0
0
0
0
0
0
0
0

0

0
0
0
0
0
0
0
0
0
0

0

0
0
0
0
0
0
0
0
0
0

0

0
0
0
0
0
0
0
0
0
0

0

0
0
0
0
0
0
0
0
0
0

0

0
0
0
0
0
0
0
0
0
0

0

0
0
0
0
0
0
0
0
0
0

0

0
0
0
0
0
0
0
0
0
0

0

0
0
0
0
0
0
0
0
0
0

0

0
0
0
0
0
0
0
0
0
0

0

0
0
0
0
0
0
0
0
0
0

0

0
0
0
0
0
0
0
0
0
0

0

0
0
0
0
0
0
0
0
0
0

0

0
0
0
0
0
0
0
0
0
0

0

0
0
0
0
0
0
0
0
0
0

0

0
0
0
0
0
0
0
0
0
0

0

0
0
0
0
0
0
0
0
0
0

0

0
0
0
0
0
0
0
0
0
0

0

0
0
0
0
0
0
0
0
0
0

0

0
0
0
0
0
0
0
0
0
0

0

0
0
0
0
0
0
0
0
0
0

0

0
0
0
0
0
0
0
0
0
0

0

0
0
0
0
0
0
0
0
0
0

0

0
0
0
0
0
0
0
0
0
0

0

0
0
0
0
0
0
0
0
0
0

0

0
0
0
0
0
0
0
0
0
0

0

0
0
0
0
0
0
0
0
0
0

0

0
0
0
0
0
0
0
0
0
0

0

0
0
0
0
0
0
0
0
0
0

0

0
0
0
0
0
0
0
0
0
0

0

0
0
0
0
0
0
0
0
0
0

0

0
0
0
0
0
0
0
0
0
0

0

0
0
0
0
0
0
0
0
0
0

0

   0.1304268665713747  -0.05341666690575034   -0.1310843619088216   0.05302629514170255  0.001026190363843333  -0.00333690140526237 -0.001810011706327804  0.002239164866163258 0.0001403604476946053  0.005641152843590131

  0.01010314182808455 -0.008240468573806916  -0.03027773286417116  -0.03370368080644847  -0.01147296247234528   0.04707180656127432  -0.01291318780241263  -0.07806819948160693    0.5424602022735442    0.8663581193226416

cov:
   1.133326945826834    2.712491336831338  0.07310564557507286   0.1038174616278771  0.02718353960641012 0.009854341241402683  0.06074093898685758  0.03808284884794334  0.03126474231838758 -0.00637820972783963
   2.712491336831338    45.82846493276615   -16.31114834882071    1.383176004565153   -12.72188902841084    4.572653001403862   -21.65193021820846   -7.973547020235253   -19.49636938886512    -1.18491839231378
 0.07310564557507286   -16.31114834882071     9.12087594821951    1.126767496460617    7.242611034794237   -2.349005063115137    13.12039098334824     4.48841788207689    12.62858729045868  -0.2071141764372325
  0.1038174616278771    1.383176004565153    1.126767496460617    4.483603638190413  -0.6252233599053501   0.7417818412931537   -1.323635269223122   -1.211892896723773    -1.74960554449007   -1.844846089603693
 0.02718353960641012   -12.72188902841084    7.242611034794237  -0.6252233599053501    7.993558699703827   -2.096965652514433    11.96716527020977    4.720247078602714    12.42345669897691   0.4712421736265268
0.009854341241402683    4.572653001403862   -2.349005063115137   0.7417818412931537   -2.096965652514433    2.368738925490298   -4.425899835730805   -1.252733847858969   -4.621346116615277  -0.9935375374507589
 0.06074093898685758   -21.65193021820846    13.12039098334824   -1.323635269223122    11.96716527020977   -4.425899835730805    25.58571146042452    9.360138995662055    23.16975848457952   0.5999853977611498
 0.03808284884794334   -7.973547020235253     4.48841788207689   -1.211892896723773    4.720247078602714   -1.252733847858969    9.360138995662055    4.994184345028024    8.514853116765908    1.036117671078703
 0.03126474231838758   -19.49636938886512    12.62858729045868    -1.74960554449007    12.42345669897691   -4.621346116615277    23.16975848457952    8.514853116765908    26.86477994007648    2.508333945768074
-0.00637820972783963    -1.18491839231378  -0.2071141764372325   -1.844846089603693   0.4712421736265268  -0.9935375374507589   0.5999853977611498    1.036117671078703    2.508333945768074    5.021120349273327

cov.inverse():
   5.367173588386647   -1.830692329033854   -6.825406077822297     2.73919643697576   0.4245522470703563  -0.1013233032446175    0.809148007469244 -0.06748144971629304     1.20329178751538   -0.444080554435077
  -1.830692329033866   0.7477720594031163    2.787166929144917    -1.12943582527432  -0.1724396167927132  0.04076516325647081  -0.3304220252078465  0.02020015840587543   -0.490290131702899   0.1786237634950824
  -6.825406077822334    2.787166929144921    11.31332764400128   -4.599061146855672   -1.061500889130436   0.2862492833284088   -1.508697805728702   0.1427096232949643   -1.852427416256813    0.658435662893921
   2.739196436975775   -1.129435825274322   -4.599061146855676     2.15472886509044   0.4138396781007347  -0.1973690945198622   0.5821401213503578  0.06027837748578602   0.7512269358848459  -0.1962464723987902
  0.4245522470703616  -0.1724396167927148   -1.061500889130441   0.4138396781007366   0.7776247589397502 -0.04089585411745385   0.1626623625805614  -0.2044663716579474 -0.04482714963962698  0.03218726493918102
 -0.1013233032446199   0.0407651632564717   0.2862492833284119  -0.1973690945198633 -0.04089585411745391   0.8399901015844489   0.1611703295363233  -0.3069483480085027 -0.01177748179031652   0.1687945961433245
  0.8091480074692448   -0.330422025207846   -1.508697805728699   0.5821401213503559   0.1626623625805604   0.1611703295363239   0.6081277679754786  -0.3945311067920136  0.05255688488593115  0.07382457246699857
-0.06748144971628844  0.02020015840587358   0.1427096232949571  0.06027837748578888   -0.204466371657947   -0.306948348008503  -0.3945311067920126    0.902900671527031  0.06423669529923004  -0.1800933543429185
   1.203291787515386  -0.4902901317028996   -1.852427416256813   0.7512269358848458 -0.04482714963962781 -0.01177748179031609  0.05255688488593189  0.06423669529922886   0.5731431510808522  -0.2185461135444535
   -0.44408055443508    0.178623763495083   0.6584356628939223  -0.1962464723987907  0.03218726493918127   0.1687945961433243  0.07382457246699817  -0.1800933543429181  -0.2185461135444537   0.3636988335265144

cov*(cov_.inverse()):
    0.9999999999999973  1.262943742641465e-14  2.975571178343017e-14 -1.073164994369602e-14 -1.742014735586772e-15   2.59991680962024e-16 -2.175885339961159e-15 -1.348747502571968e-16 -4.533049283161894e-15  1.853985714950213e-15
 7.216449660063518e-15                      1  6.439293542825908e-15  2.636779683484747e-15  3.747002708109903e-16 -8.881784197001252e-16 -2.192690473634684e-15  3.608224830031759e-16 -3.774758283725532e-15  1.165734175856414e-15
  9.71445146547012e-15  7.029099524658022e-15     0.9999999999999977  3.032296636007459e-15  5.915407053080912e-16 -4.649058915617843e-16 -2.792904796322659e-16  5.620504062164855e-16 -8.049116928532385e-16  5.273559366969494e-16
 8.881784197001252e-16  9.436895709313831e-16 -4.440892098500626e-15      1.000000000000002   2.42861286636753e-16 -2.775557561562891e-16  9.436895709313831e-16  2.220446049250313e-16 -2.220446049250313e-16  1.110223024625157e-16
 7.494005416219807e-16  6.328271240363392e-15  1.282307593442056e-14  1.831867990631508e-15     0.9999999999999981  -1.52655665885959e-16  2.220446049250313e-16  1.124100812432971e-15 -2.969846590872294e-15   1.02695629777827e-15
-4.996003610813204e-16 -2.498001805406602e-15 -7.771561172376096e-16 -5.551115123125783e-17  4.024558464266192e-16     0.9999999999999999 -3.608224830031759e-16  5.551115123125783e-17  1.110223024625157e-16 -2.775557561562891e-16
  1.23789867245705e-14  7.355227538141662e-15  7.327471962526033e-15  2.914335439641036e-16  -2.26554885962571e-15  6.938893903907228e-17      1.000000000000004 -5.551115123125783e-17   6.38378239159465e-16 -8.049116928532385e-16
 2.775557561562891e-16   1.27675647831893e-15  2.442490654175344e-15 -1.221245327087672e-15 -5.967448757360216e-16  -3.05311331771918e-16  1.221245327087672e-15     0.9999999999999998  6.938893903907228e-16 -5.551115123125783e-17
 2.220446049250313e-15  8.604228440844963e-15  1.976196983832779e-14 -7.494005416219807e-15  -1.27675647831893e-15 -9.436895709313831e-16  8.049116928532385e-16   1.27675647831893e-15     0.9999999999999996  1.221245327087672e-15
 4.440892098500626e-16  4.440892098500626e-16  2.220446049250313e-15 -4.440892098500626e-16 -5.551115123125783e-17  1.110223024625157e-16  2.220446049250313e-16 -1.110223024625157e-16                      0                      1
