5
1

0.001619292700161273
0.002756800118868295
0.005353828684562942
 0.09302542310279339
  0.5812223375836569

  0.1358060127182414  -0.1456424234382753   0.3137885410282894  -0.7906349743777196   0.4865985000127718
 -0.3165269388516582  0.03105734000881014   0.8117542141047156 -0.03843731570730004  -0.4882866036020532
   0.402185834698155  -0.8493534740497868    0.187692561499127    0.284581009017944 -0.02510741229064269
 -0.7560832291257611  -0.2744727328807789   0.0468050806123274   0.2652092521712907   0.5296000439306419
   0.384645458693694   0.4255433246464086   0.4529598593576954   0.4712712721151522   0.4936511965394418

0.4003057221815607
0.4001056118691806
0.3999434765512577
0.3998242808897358
0.3996143034006321

0.002176768479485653

   5.093351146741697   -4.984900164928131 -0.05520382791547551    1.873313420444289   -1.927825330214274

-2.671366997772437e-06 -7.162846458788606e-06  0.0001964470839241478   -0.02604355732916358   -0.08648048464438207

cov:
0.05493355338677927 0.05708133815692257 0.05855200122147267 0.05950516257123496 0.06068129950466614
0.05708133815692257 0.06184741560450966  0.0650003870438718 0.06711188295020831  0.0697081102904181
0.05855200122147267  0.0650003870438718 0.06933653110766935 0.07222134797725514 0.07574959135500729
0.05950516257123496 0.06711188295020831 0.07222134797725514 0.07564118536974937 0.07980591909197246
0.06068129950466614  0.0697081102904181 0.07574959135500729 0.07980591909197246  0.0847533351182841

cov.inverse():
 25926.33746906991 -20729.76930394837 -14926.46200826382 -35377.82948034193  45140.67541100586
-20729.76930392355  33393.68014506938 -19674.42301134006  35317.46240486576  -28295.2174020819
-14926.46200835974 -19674.42301130526  125484.9482898359  -96855.4871214717  5916.363937977784
-35377.82948024222  35317.46240492276 -96855.48712183215  241425.9013959997  -144485.090344125
 45140.67541097731 -28295.21740214896  5916.363938277177 -144485.0903443289  121727.5350390558

cov*(cov_.inverse()):
     1.000000000000455                      0 -6.821210263296962e-13                      0  9.094947017729282e-13
                     0      1.000000000000455  5.115907697472721e-13                      0                      0
-9.094947017729282e-13  1.364242052659392e-12      1.000000000000682  1.818989403545856e-12 -1.818989403545856e-12
-4.547473508864641e-13                      0   -1.4210854715202e-12      1.000000000001819                      0
                     0                      0  -1.13686837721616e-13                      0                      1
