5
1

0.001462074664930012
 0.00248156041039844
0.004805787810804628
 0.08524252907007658
  0.5692016264046209

  0.1388912437190308  -0.1486941152959448   0.3100043737186886  -0.7894365131290696   0.4891692575258976
 -0.3156113270423804  0.03008756270331757   0.8135118967217497 -0.04267005811731259  -0.4856561426004699
  0.4017026978130681  -0.8488837599480937   0.1864586430781539   0.2873313068122373 -0.02655558722973137
 -0.7506508326686789  -0.2683060278622412  0.05323437092367352   0.2718069702787573     0.53649070400786
  0.3952935398463411   0.4294101025314892   0.4522111877666005   0.4674729392300015   0.4861317454621015

0.3998675685631813
0.3997678063405207
0.3996708853005573
0.3995907512595494
0.3994468373793781

0.001529478869865728

0
0
0
0
0

0

0
0
0
0
0

0

0
0
0
0
0

0

0
0
0
0
0

0

0
0
0
0
0

0

0
0
0
0
0

0

0
0
0
0
0

0

0
0
0
0
0

0

0
0
0
0
0

0

0
0
0
0
0

0

0
0
0
0
0

0

0
0
0
0
0

0

0
0
0
0
0

0

0
0
0
0
0

0

0
0
0
0
0

0

0
0
0
0
0

0

0
0
0
0
0

0

0
0
0
0
0

0

0
0
0
0
0

0

0
0
0
0
0

0

0
0
0
0
0

0

0
0
0
0
0

0

0
0
0
0
0

0

0
0
0
0
0

0

0
0
0
0
0

0

0
0
0
0
0

0

0
0
0
0
0

0

0
0
0
0
0

0

0
0
0
0
0

0

0
0
0
0
0

0

0
0
0
0
0

0

0
0
0
0
0

0

0
0
0
0
0

0

0
0
0
0
0

0

0
0
0
0
0

0

0
0
0
0
0

0

0
0
0
0
0

0

0
0
0
0
0

0

0
0
0
0
0

0

0
0
0
0
0

0

0
0
0
0
0

0

0
0
0
0
0

0

0
0
0
0
0

0

0
0
0
0
0

0

0
0
0
0
0

0

0
0
0
0
0

0

0
0
0
0
0

0

0
0
0
0
0

0

0
0
0
0
0

0

0
0
0
0
0

0

0
0
0
0
0

0

0
0
0
0
0

0

0
0
0
0
0

0

0
0
0
0
0

0

0
0
0
0
0

0

0
0
0
0
0

0

0
0
0
0
0

0

0
0
0
0
0

0

0
0
0
0
0

0

0
0
0
0
0

0

0
0
0
0
0

0

0
0
0
0
0

0

0
0
0
0
0

0

0
0
0
0
0

0

0
0
0
0
0

0

0
0
0
0
0

0

0
0
0
0
0

0

0
0
0
0
0

0

0
0
0
0
0

0

0
0
0
0
0

0

0
0
0
0
0

0

0
0
0
0
0

0

0
0
0
0
0

0

0
0
0
0
0

0

0
0
0
0
0

0

0
0
0
0
0

0

0
0
0
0
0

0

   5.097362219713665   -4.989871874130838 -0.04275004440894839     1.84738018646853   -1.913160946380768

 -2.0469357278681e-06 -5.80950170043992e-06 0.0001583685724559274   -0.0219010631201876  -0.06918075341808608

cov:
0.05472454229638034 0.05645061325307849 0.05762517332846961 0.05838984752169985 0.05933413143132617
0.05645061325307849 0.06028137252356382  0.0628063980472356 0.06450177243829126 0.06658731583399063
0.05762517332846961  0.0628063980472356 0.06628009784962763 0.06859609351348617 0.07142949521094627
0.05838984752169985 0.06450177243829126 0.06859609351348617 0.07134202608599961 0.07468666241346833
0.05933413143132617 0.06658731583399063 0.07142949521094627 0.07468666241346833 0.07866013290923574

cov.inverse():
 32264.51705707853 -25939.61561909922 -18313.16792601303  -44135.4517902833  56156.68379686724
-25939.61561908042  41701.43516484052 -24443.68493203858  44133.76412689529 -35442.16663653917
-18313.16792601579 -24443.68493204826  153931.0236042812 -117798.7933622585  6572.817276605108
-44135.45179033536  44133.76412700434 -117798.7933623019   295419.278778006 -177594.1798607638
 56156.68379690339 -35442.16663661983   6572.81727663597 -177594.1798607501   150310.122636535

cov*(cov_.inverse()):
                     1  4.547473508864641e-13 -1.477928890381008e-12                      0 -1.818989403545856e-12
 4.547473508864641e-13                      1 -1.477928890381008e-12 -3.637978807091713e-12  1.818989403545856e-12
 4.547473508864641e-13  4.547473508864641e-13     0.9999999999987494                      0 -1.818989403545856e-12
                     0  9.094947017729282e-13 -1.762145984685048e-12                      1                      0
                     0                      0  2.273736754432321e-13  1.818989403545856e-12                      1
