5
1

0.0009791967929596147
 0.002094564787938398
 0.002973442908849263
  0.07802049533268456
   0.5458821026225729

 0.06618435390341623 -0.09641197414174497  -0.6082430284575654   0.7734346795336774  -0.1347723167712351
 -0.7015584587676841   0.6196683699403015    0.136341376199856   0.1999913944353921  -0.2554237880753439
   0.165620841985753   0.5737955121122972  -0.6364510366430602  -0.3926299626150254   0.2900004092973228
 -0.5478939145935354  -0.3006284596888301  -0.1015748487498124  0.06394388853790499   0.7713809154993393
  0.4193058016307449   0.4325472020976772   0.4427912324404424   0.4511708437188746   0.4873051989545596

0.3962790798757026
0.3960268796682659
0.3956705848865721
0.3953240231447995
0.3940383661300818

0.007143951824158922

0
0
0
0
0

0

0
0
0
0
0

0

0
0
0
0
0

0

0
0
0
0
0

0

0
0
0
0
0

0

0
0
0
0
0

0

0
0
0
0
0

0

0
0
0
0
0

0

0
0
0
0
0

0

0
0
0
0
0

0

0
0
0
0
0

0

0
0
0
0
0

0

0
0
0
0
0

0

0
0
0
0
0

0

0
0
0
0
0

0

0
0
0
0
0

0

0
0
0
0
0

0

0
0
0
0
0

0

0
0
0
0
0

0

0
0
0
0
0

0

0
0
0
0
0

0

0
0
0
0
0

0

0
0
0
0
0

0

0
0
0
0
0

0

0
0
0
0
0

0

0
0
0
0
0

0

0
0
0
0
0

0

0
0
0
0
0

0

0
0
0
0
0

0

0
0
0
0
0

0

0
0
0
0
0

0

0
0
0
0
0

0

0
0
0
0
0

0

0
0
0
0
0

0

0
0
0
0
0

0

0
0
0
0
0

0

0
0
0
0
0

0

0
0
0
0
0

0

0
0
0
0
0

0

0
0
0
0
0

0

0
0
0
0
0

0

0
0
0
0
0

0

0
0
0
0
0

0

0
0
0
0
0

0

0
0
0
0
0

0

0
0
0
0
0

0

0
0
0
0
0

0

0
0
0
0
0

0

0
0
0
0
0

0

0
0
0
0
0

0

0
0
0
0
0

0

0
0
0
0
0

0

0
0
0
0
0

0

0
0
0
0
0

0

0
0
0
0
0

0

0
0
0
0
0

0

0
0
0
0
0

0

0
0
0
0
0

0

0
0
0
0
0

0

0
0
0
0
0

0

0
0
0
0
0

0

0
0
0
0
0

0

0
0
0
0
0

0

0
0
0
0
0

0

0
0
0
0
0

0

0
0
0
0
0

0

0
0
0
0
0

0

0
0
0
0
0

0

0
0
0
0
0

0

0
0
0
0
0

0

0
0
0
0
0

0

0
0
0
0
0

0

0
0
0
0
0

0

0
0
0
0
0

0

0
0
0
0
0

0

0
0
0
0
0

0

0
0
0
0
0

0

 4.802095178864897 -5.394790712906358  4.607005064763924 -1.649741438543207 -2.361615885846468

-2.801613455438709e-06 -2.549195568379588e-05 -4.658906983683846e-05   -0.02072303213516284   -0.05219448045348284

cov:
0.05422104187315688 0.05504738185846601 0.05566316240642369 0.05615839720471479 0.05831624822194371
0.05504738185846601 0.05630729871842534  0.0572560167553195 0.05803448015027004 0.06139967571373115
0.05566316240642369  0.0572560167553195 0.05849142061186016 0.05949259707873028 0.06381938949477262
0.05615839720471479 0.05803448015027004 0.05949259707873028 0.06068383901636422 0.06581377558188185
0.05831624822194371 0.06139967571373115 0.06381938949477262 0.06581377558188185 0.07438505482653426

cov.inverse():
 119907.2464185426 -94969.99716927188 -75699.77699304919  14046.69595937282  36905.71642953528
-94969.99716927763  134473.4344126761  39118.20240080691 -75006.55166155564 -3742.240618982726
-75699.77699310523  39118.20240075092  435901.0478489635 -456159.1234893146  56668.60745746211
 14046.69595945023 -75006.55166149704 -456159.1234895035  650443.0161247455 -133226.8504933456
 36905.71642951955 -3742.240618991052  56668.60745753902 -133226.8504933984  43425.06107259619

cov*(cov_.inverse()):
                     1  1.051603248924948e-12 -2.273736754432321e-12  9.094947017729282e-13 -4.547473508864641e-13
 1.364242052659392e-12     0.9999999999997158 -1.364242052659392e-12  6.366462912410498e-12                      0
 1.364242052659392e-12  1.307398633798584e-12      0.999999999994543  3.637978807091713e-12 -1.364242052659392e-12
 4.547473508864641e-13  1.989519660128281e-13  1.364242052659392e-12                      1                      0
 9.094947017729282e-13 -7.389644451905042e-13 -2.728484105318785e-12  5.456968210637569e-12                      1
