5
2

0.0001864268115564789
0.0006379331578424488
0.0008180565422157754
  0.01868718734479608
   0.5201123794751288

 -0.4733339358824609   0.8481589818883342 -0.06084853925267623  -0.1146529466685901  -0.1993325956164421
  0.1532897330609636   0.1283241749035328  -0.2469181401562634   -0.687604182773372   0.6528913261544843
  0.1503691297158209   0.1139624765786909  -0.8531906233811499   0.4720499391597723   0.1167745429205282
 -0.7295890078380374  -0.2278877679191346  0.08438146032053608   0.3003389917037912   0.5643078097025299
  0.4444617501546469   0.4463619234907455   0.4475202974852047   0.4483531361040958    0.449354909388432

0.4006895035488973
0.4008461840706429
0.4009417915236104
0.4009915843927473
0.4010219737690831

-0.0003510563359807295
    0.4008277697526307

0
0
0
0
0

0
0

0
0
0
0
0

0
0

0
0
0
0
0

0
0

0
0
0
0
0

0
0

0
0
0
0
0

0
0

0
0
0
0
0

0
0

0
0
0
0
0

0
0

0
0
0
0
0

0
0

0
0
0
0
0

0
0

0
0
0
0
0

0
0

0
0
0
0
0

0
0

0
0
0
0
0

0
0

0
0
0
0
0

0
0

0
0
0
0
0

0
0

0
0
0
0
0

0
0

0
0
0
0
0

0
0

0
0
0
0
0

0
0

0
0
0
0
0

0
0

0
0
0
0
0

0
0

0
0
0
0
0

0
0

0
0
0
0
0

0
0

0
0
0
0
0

0
0

0
0
0
0
0

0
0

0
0
0
0
0

0
0

0
0
0
0
0

0
0

0
0
0
0
0

0
0

0
0
0
0
0

0
0

0
0
0
0
0

0
0

0
0
0
0
0

0
0

0
0
0
0
0

0
0

0
0
0
0
0

0
0

0
0
0
0
0

0
0

0
0
0
0
0

0
0

0
0
0
0
0

0
0

0
0
0
0
0

0
0

0
0
0
0
0

0
0

0
0
0
0
0

0
0

0
0
0
0
0

0
0

0
0
0
0
0

0
0

0
0
0
0
0

0
0

0
0
0
0
0

0
0

0
0
0
0
0

0
0

0
0
0
0
0

0
0

0
0
0
0
0

0
0

0
0
0
0
0

0
0

0
0
0
0
0

0
0

0
0
0
0
0

0
0

0
0
0
0
0

0
0

0
0
0
0
0

0
0

0
0
0
0
0

0
0

0
0
0
0
0

0
0

0
0
0
0
0

0
0

0
0
0
0
0

0
0

0
0
0
0
0

0
0

0
0
0
0
0

0
0

0
0
0
0
0

0
0

0
0
0
0
0

0
0

0
0
0
0
0

0
0

0
0
0
0
0

0
0

0
0
0
0
0

0
0

0
0
0
0
0

0
0

0
0
0
0
0

0
0

0
0
0
0
0

0
0

0
0
0
0
0

0
0

0
0
0
0
0

0
0

0
0
0
0
0

0
0

0
0
0
0
0

0
0

0
0
0
0
0

0
0

0
0
0
0
0

0
0

0
0
0
0
0

0
0

0
0
0
0
0

0
0

0
0
0
0
0

0
0

0
0
0
0
0

0
0

0
0
0
0
0

0
0

0
0
0
0
0

0
0

0
0
0
0
0

0
0

0
0
0
0
0

0
0

   4.401180917282482   -3.068008601686535  -0.1387557497888113  -0.4042428827002831  -0.7901089836361043
     1.4224043348266  -0.1379226708543131 -0.07334452074976544 -0.03837636889166113  -0.1725816644161397

-1.554624684029376e-07  3.146656951736746e-08   9.86837012209371e-08  -0.001079367309091353  -0.003155465026575884
 -2.59615550185296e-08  5.378445333950064e-08  1.488845061030546e-07 -0.0003916204420299575     0.1198555221363253

cov:
0.05362551345043323 0.05372612902272265  0.0537857395509705 0.05383096039777949 0.05388420317850637
0.05372612902272265 0.05391568101896849  0.0540305820485459 0.05411403638482603 0.05421403247865614
 0.0537857395509705  0.0540305820485459 0.05418061034638216 0.05428708661747529 0.05441620977352207
0.05383096039777949 0.05411403638482603 0.05428708661747529 0.05441129135902985 0.05455999201947204
0.05388420317850637 0.05421403247865614 0.05441620977352207 0.05455999201947204 0.05473411300950245

cov.inverse():
 6539471.141104553 -11476808.59450684   543817.453296465  1407918.207392036  2985731.977456609
-11476808.59451488  20758468.40798561 -1708151.669620795 -2934614.719265252 -4639115.994142883
 543817.4532389169 -1708151.669516951  1344110.116446007  16182.17563080908 -195886.2013408949
 1407918.207520401 -2934614.719492717  16182.17566026877  1873247.658949486  -362702.562156812
 2985731.977393832 -4639115.994027299 -195886.2013240584 -362702.5622264564  2211981.222176432

cov*(cov_.inverse()):
     1.000000000029104   2.91038304567337e-11 -2.546585164964199e-11 -1.091393642127514e-11  1.455191522836685e-11
 5.820766091346741e-11     0.9999999998544808 -5.456968210637569e-12  7.275957614183426e-12                      0
  2.91038304567337e-11  -2.91038304567337e-11     0.9999999999909051 -2.546585164964199e-11   2.91038304567337e-11
 1.455191522836685e-10                      0  9.094947017729282e-12      1.000000000025466  5.820766091346741e-11
                     0  -2.91038304567337e-11 -3.637978807091713e-12                      0      1.000000000014552
