5
2

0.0001864678813321705
0.0006379407028550654
0.0008180958039084787
  0.01868719860860067
   0.5201125118875188

 -0.4733344211357643   0.8481583818847513 -0.06084068648424096  -0.1146607041597266  -0.1993319312012869
  0.1532891270982428   0.1283196016358154  -0.2469085637248026  -0.6876085778546651   0.6528913601584299
  0.1503671548389017   0.1139731131072199  -0.8531940933862188   0.4720407398179508   0.1167785391126848
 -0.7295892466477832  -0.2278869875457665   0.0843801590449384    0.300340448168029   0.5643072354994345
  0.4444617184900223    0.446362060966915   0.4475202786443325   0.4483531216893999   0.4493548372942409

0.4006895029015354
0.4008462210867761
0.4009418035562529
 0.400991578103684
0.4010219817585752

-0.0003510563359807295
    0.4008277697526307

   4.401443634242119   -3.068493925883315  -0.1384785262586464  -0.4045967363086013  -0.7898086759445432
   1.422841706584086    -0.13871048261924 -0.07324576985297684 -0.03833846020699389   -0.172368024440743

-1.555508234115788e-07   3.16141122775517e-08  9.840900989120767e-08  -0.001079367875100758  -0.003155467152130259
-2.600530181393951e-08  5.380779012022667e-08  1.488520871527785e-07 -0.0003916207750210568      0.119855552258694

cov:
0.05362553339625846 0.05372616894063839 0.05378576114099926 0.05383098178658821 0.05388421810005135
0.05372616894063839 0.05391574157274136 0.05403062403675545 0.05411407882542451 0.05421406825601849
0.05378576114099926 0.05403062403675545 0.05418063334580933 0.05428711011899588 0.05441622619288052
0.05383098178658821 0.05411407882542451 0.05428711011899588 0.05441131590995826 0.05456000957044062
0.05388421810005135 0.05421406825601849 0.05441622619288052 0.05456000957044062 0.05473412320836969

cov.inverse():
  6536639.05597435 -11471727.95562681  543372.7103709668  1407329.505684065  2984521.258010049
-11471727.95565311  20749320.36272845 -1707297.584222007 -2933559.898955059 -4636965.328079727
 543372.7104282941 -1707297.584322932  1343924.990594469  16125.10227931042 -196052.7957450016
 1407329.505658311 -2933559.898899714  16125.10225745355  1873074.665714158 -362937.6185158963
 2984521.258004776 -4636965.328060448 -196052.7957667432 -362937.6185081607  2211444.826920149

cov*(cov_.inverse()):
    0.9999999998835847  1.164153218269348e-10  1.455191522836685e-11                      0  1.455191522836685e-11
 -2.91038304567337e-11      1.000000000116415 -1.818989403545856e-12  7.275957614183426e-12  -2.91038304567337e-11
  2.91038304567337e-11 -1.746229827404022e-10      1.000000000012733   2.91038304567337e-11   2.91038304567337e-11
-1.164153218269348e-10  1.455191522836685e-10  1.091393642127514e-11      0.999999999992724 -1.455191522836685e-11
-8.731149137020111e-11                      0  3.637978807091713e-12 -7.275957614183426e-12      1.000000000029104
