5
2

0.0007614016226299307
 0.002360628410567346
 0.002735469239958052
  0.09216531188996216
   0.5802759870445121

 0.4556850583218439 -0.8587617062512585  0.1151394887066992  0.1359002072191919  0.1521627132933214
 0.2374044201379852 0.09897107468843715 -0.5711110366832666 -0.4212050088146338  0.6559438939436754
0.08063145629567443  0.0373328192351623  -0.673201762721615  0.7162188099602042 -0.1610429501446499
-0.7621098968413703 -0.2626371784649847 0.04878735061604767  0.2639353388858967  0.5274164852670442
 0.3855870100421435  0.4270375057853225  0.4527629214139574  0.4706232329301442  0.4924237361850956

0.4003238571539469
0.4000593718334783
0.3998981999344975
 0.399766977485024
   0.3995707560843

0.002176768479485653
  0.4007848658188977

0
0
0
0
0

0
0

0
0
0
0
0

0
0

0
0
0
0
0

0
0

0
0
0
0
0

0
0

0
0
0
0
0

0
0

0
0
0
0
0

0
0

0
0
0
0
0

0
0

0
0
0
0
0

0
0

0
0
0
0
0

0
0

0
0
0
0
0

0
0

0
0
0
0
0

0
0

0
0
0
0
0

0
0

0
0
0
0
0

0
0

0
0
0
0
0

0
0

0
0
0
0
0

0
0

0
0
0
0
0

0
0

0
0
0
0
0

0
0

0
0
0
0
0

0
0

0
0
0
0
0

0
0

0
0
0
0
0

0
0

0
0
0
0
0

0
0

0
0
0
0
0

0
0

0
0
0
0
0

0
0

0
0
0
0
0

0
0

0
0
0
0
0

0
0

0
0
0
0
0

0
0

0
0
0
0
0

0
0

0
0
0
0
0

0
0

0
0
0
0
0

0
0

0
0
0
0
0

0
0

0
0
0
0
0

0
0

0
0
0
0
0

0
0

0
0
0
0
0

0
0

0
0
0
0
0

0
0

0
0
0
0
0

0
0

0
0
0
0
0

0
0

0
0
0
0
0

0
0

0
0
0
0
0

0
0

0
0
0
0
0

0
0

0
0
0
0
0

0
0

0
0
0
0
0

0
0

0
0
0
0
0

0
0

0
0
0
0
0

0
0

0
0
0
0
0

0
0

0
0
0
0
0

0
0

0
0
0
0
0

0
0

0
0
0
0
0

0
0

0
0
0
0
0

0
0

0
0
0
0
0

0
0

0
0
0
0
0

0
0

0
0
0
0
0

0
0

0
0
0
0
0

0
0

0
0
0
0
0

0
0

0
0
0
0
0

0
0

0
0
0
0
0

0
0

0
0
0
0
0

0
0

0
0
0
0
0

0
0

0
0
0
0
0

0
0

0
0
0
0
0

0
0

0
0
0
0
0

0
0

0
0
0
0
0

0
0

0
0
0
0
0

0
0

0
0
0
0
0

0
0

0
0
0
0
0

0
0

0
0
0
0
0

0
0

0
0
0
0
0

0
0

0
0
0
0
0

0
0

0
0
0
0
0

0
0

0
0
0
0
0

0
0

0
0
0
0
0

0
0

0
0
0
0
0

0
0

0
0
0
0
0

0
0

0
0
0
0
0

0
0

0
0
0
0
0

0
0

0
0
0
0
0

0
0

0
0
0
0
0

0
0

0
0
0
0
0

0
0

   4.245149731238862   -2.751766134864573  -0.2235497635051225  -0.4540269325142638  -0.8154857318278267
   1.625598979980718   -0.502605393602341 -0.02165968123854661 -0.03996039711479876 -0.06126025573799318

2.368806657228527e-06  2.89477736896328e-06 1.468132096021739e-06  -0.02610678648042711  -0.08575858364821282
6.696682904398067e-07 1.812194717097691e-06 8.091682955185592e-07 -0.009775369235264137    0.1189967580253517

cov:
0.05499682181997636  0.0571445513450349 0.05846748222457333 0.05939461325033707 0.06052028237296458
 0.0571445513450349 0.06199107160266511 0.06499435712419159 0.06708300452753718 0.06963027185705069
0.05846748222457333 0.06499435712419159 0.06905114858038396 0.07185571934689691  0.0752894870503982
0.05939461325033707 0.06708300452753718 0.07185571934689691 0.07517546810542312 0.07921365011734413
0.06052028237296458 0.06963027185705069  0.0752894870503982 0.07921365011734413  0.0840137908386948

cov.inverse():
 369232.1890701009 -670366.7295669822  58914.01771815939  96571.37795338106  145766.5894977444
 -670366.729566329  1274042.412258662 -184059.7404158326 -205224.9381756691 -214569.0092744513
 58914.01771694126 -184059.7404136561  141965.2081834523  5724.895318355472 -22512.26571227049
 96571.37795363416 -205224.9381764242  5724.895318920187  132256.6098682861 -29307.23697908145
 145766.5894980561 -214569.0092752193 -22512.26571187657 -29307.23697901889    120648.44763615

cov*(cov_.inverse()):
     1.000000000009095  1.818989403545856e-12 -4.547473508864641e-13 -4.547473508864641e-13 -9.094947017729282e-13
 7.275957614183426e-12      0.999999999996362 -1.591615728102624e-12  9.094947017729282e-13                      0
 1.818989403545856e-12  9.094947017729282e-12     0.9999999999977263  4.547473508864641e-13 -1.818989403545856e-12
 1.091393642127514e-11 -7.275957614183426e-12 -2.273736754432321e-13      1.000000000000455                      0
 9.094947017729282e-12                      0  1.364242052659392e-12  9.094947017729282e-13                      1
