5
2

0.0007613829284033959
 0.002360610255935314
 0.002735641861711722
   0.0921654138376688
   0.5802755961050873

 0.4556828425596312 -0.8587627007110783  0.1151659890778727  0.1358632907557421  0.1521766475150675
 0.2373943564988423 0.09897602100314072 -0.5710622176403012  -0.421259069154208  0.6559545769395604
0.08067235472403873 0.03730065017153329 -0.6732388204159795  0.7161931985757768 -0.1609888992407799
-0.7621098715727671 -0.2626361192171782 0.04878570150515651  0.2639375280367413  0.5274161062732013
 0.3855873199858812  0.4270378221107838  0.4527628347788789  0.4706232532376648  0.4924232794131227

0.4003238530419055
0.4000593725213417
0.3998981782275879
0.3997669171592086
0.3995706982840747

0.002176768479485653
  0.4007848658188977

   4.244947472590909   -2.751356098925643  -0.2237307609189371  -0.4539710028873286  -0.8155721996340558
   1.625566640858589  -0.5025407482693947 -0.02167938152248394 -0.03996666973846616 -0.06126723198985576

2.368413304407846e-06 2.894533552110601e-06 1.471406573663158e-06  -0.02610681317469807  -0.08575855747838039
6.695904865121009e-07 1.812109115579149e-06 8.099504248748076e-07 -0.009775383625077296    0.1189966662029441

cov:
0.05499684545172018 0.05714455912891524 0.05846744884242714 0.05939456498298747 0.06052018326322373
0.05714455912891524 0.06199107637257665 0.06499430918029779 0.06708296240995007 0.06963016627099074
0.05846744884242714 0.06499430918029779 0.06905102830142616 0.07185560900102574 0.07528929488689876
0.05939456498298747 0.06708296240995007 0.07185560900102574 0.07517538561952154 0.07921348754004429
0.06052018326322373 0.06963016627099074 0.07528929488689876 0.07921348754004429 0.08401353111887859

cov.inverse():
 369246.3644589433 -670397.4731305249    58938.426850727  96547.93110349118  145782.4564146456
-670397.4731306767  1274107.684939893 -184104.2334146324 -205185.4760294229 -214598.9664759418
  58938.4268506868 -184104.2334144945  141966.7772031513  5734.502339949416 -22503.33330680529
 96547.93110401671 -205185.4760304112  5734.502340165252  132235.9773898519 -29312.17416942767
  145782.456414312 -214598.9664752431 -22503.33330692345 -29312.17416967472  120658.6634812122

cov*(cov_.inverse()):
     1.000000000001819    1.2732925824821e-11 -9.094947017729282e-13 -2.728484105318785e-12  9.094947017729282e-13
 3.637978807091713e-12      0.999999999998181  9.094947017729282e-13  2.273736754432321e-12  3.637978807091713e-12
-1.818989403545856e-12  3.637978807091713e-12                      1  9.094947017729282e-13  1.818989403545856e-12
 5.456968210637569e-12 -3.637978807091713e-12 -6.821210263296962e-13                      1                      0
 7.275957614183426e-12 -7.275957614183426e-12   1.13686837721616e-12                      0      1.000000000001819
