5
1

0.000876354189248771
0.001269277143682235
0.002320500982093205
 0.06551041500006237
  0.5493887356688544

 0.01739896798672351  -0.3255344963513989   0.7860063752693992  -0.5233049487736493  0.04550248590029742
-0.07889496845444079  -0.2832328686043237   0.3454863135801186   0.6384259071432177  -0.6217767238421832
  0.5799137399928229  -0.7235572510589126  -0.2408405185914512   0.1298628826012755   0.2555316710990927
 -0.6955836854445863  -0.3196777377074047  0.04898172789993351   0.2986759393610018   0.5677701596036582
  0.4163367033741247   0.4336790083480557   0.4499220155773866   0.4609692035772871   0.4729311159079271

0.3995086554403719
0.3996827723192239
 0.399661859633581
0.3996652357225685
0.3996873282429381

0.0001567861406176667

0
0
0
0
0

0

0
0
0
0
0

0

0
0
0
0
0

0

0
0
0
0
0

0

0
0
0
0
0

0

0
0
0
0
0

0

0
0
0
0
0

0

0
0
0
0
0

0

0
0
0
0
0

0

0
0
0
0
0

0

0
0
0
0
0

0

0
0
0
0
0

0

0
0
0
0
0

0

0
0
0
0
0

0

0
0
0
0
0

0

0
0
0
0
0

0

0
0
0
0
0

0

0
0
0
0
0

0

0
0
0
0
0

0

0
0
0
0
0

0

0
0
0
0
0

0

0
0
0
0
0

0

0
0
0
0
0

0

0
0
0
0
0

0

0
0
0
0
0

0

0
0
0
0
0

0

0
0
0
0
0

0

0
0
0
0
0

0

0
0
0
0
0

0

0
0
0
0
0

0

0
0
0
0
0

0

0
0
0
0
0

0

0
0
0
0
0

0

0
0
0
0
0

0

0
0
0
0
0

0

0
0
0
0
0

0

0
0
0
0
0

0

0
0
0
0
0

0

0
0
0
0
0

0

0
0
0
0
0

0

0
0
0
0
0

0

0
0
0
0
0

0

0
0
0
0
0

0

0
0
0
0
0

0

0
0
0
0
0

0

0
0
0
0
0

0

0
0
0
0
0

0

0
0
0
0
0

0

0
0
0
0
0

0

0
0
0
0
0

0

0
0
0
0
0

0

0
0
0
0
0

0

0
0
0
0
0

0

0
0
0
0
0

0

0
0
0
0
0

0

0
0
0
0
0

0

0
0
0
0
0

0

0
0
0
0
0

0

0
0
0
0
0

0

0
0
0
0
0

0

0
0
0
0
0

0

0
0
0
0
0

0

0
0
0
0
0

0

0
0
0
0
0

0

0
0
0
0
0

0

0
0
0
0
0

0

0
0
0
0
0

0

0
0
0
0
0

0

0
0
0
0
0

0

0
0
0
0
0

0

0
0
0
0
0

0

0
0
0
0
0

0

0
0
0
0
0

0

0
0
0
0
0

0

0
0
0
0
0

0

0
0
0
0
0

0

0
0
0
0
0

0

1.584812516222966 6.661812260241463 -2.93007328762844 -8.68125573770407 3.363171947780137

 1.934160375186901e-07 -1.717017532439323e-05 -1.864969061553593e-05   -0.01741921851250511   -0.05452329560328273

cov:
0.05439599244221218 0.05544906761699134 0.05639112603132106 0.05703505995107891 0.05773548490542794
0.05544906761699134 0.05720865345374483 0.05882658377047956  0.0599288070474869 0.06112534283217952
0.05639112603132106 0.05882658377047956 0.06111025986612342 0.06266183787739894 0.06434229969950321
0.05703505995107891  0.0599288070474869 0.06266183787739894 0.06452001602710968 0.06652780622404407
0.05773548490542794 0.06112534283217952 0.06434229969950321 0.06652780622404407 0.06889243935005271

cov.inverse():
 66825.46556486665  -71376.7375295276 -25056.62897862863 -29181.69543938965   58908.0927063468
-71376.73752954381  285030.0007997845 -361547.2477289141  92105.93875221661  55646.00986077151
-25056.62897838399 -361547.2477292967  889299.7830846201 -404472.9342132908 -98189.87610096473
-29181.69543980878  92105.93875287836 -404472.9342134035  612720.6918484335 -271197.1389907504
 58908.09270653748  55646.00986047608 -98189.87610099018 -271197.1389906197  254867.5091962232

cov*(cov_.inverse()):
    0.9999999999986358  2.728484105318785e-12  4.547473508864641e-12  9.094947017729282e-12 -3.637978807091713e-12
-4.547473508864641e-13      1.000000000001364  7.275957614183426e-12  3.637978807091713e-12 -1.818989403545856e-12
-1.364242052659392e-12 -4.547473508864641e-13      1.000000000005457  7.275957614183426e-12 -3.637978807091713e-12
                     0 -9.094947017729282e-13  2.728484105318785e-12      1.000000000003638 -3.637978807091713e-12
                     0                      0  3.637978807091713e-12                      0                      1
