5
2

6.606869096297449e-05
0.0001098065567589569
0.0002214914133718644
  0.09100243684380149
   0.5922105559376912

-0.03267877865833967   0.2226875551918613  -0.6070926832476178   0.7054346393628937   -0.288344921443438
  -0.276554200390888   0.7298063005642945  -0.3482956240950837  -0.4158569452988477   0.3108917772887245
  0.6021388013161237  -0.3216996511630039  -0.5560228457720405  -0.1678206789464414   0.4434106596471273
 -0.6362845438899454  -0.3754446035224466 -0.06958416441533155   0.2784053911253696   0.6097801334477762
  0.3937267006794204   0.4163456503277108   0.4428603292524693   0.4730239196319153   0.5017556027148552

0.3992536223245726
0.3992898627797589
0.3993189793317105
0.3993415685172303
0.3993562125975167

-4.784187917013137e-05
    0.3993630717725444

0
0
0
0
0

0
0

0
0
0
0
0

0
0

0
0
0
0
0

0
0

0
0
0
0
0

0
0

0
0
0
0
0

0
0

0
0
0
0
0

0
0

0
0
0
0
0

0
0

0
0
0
0
0

0
0

0
0
0
0
0

0
0

0
0
0
0
0

0
0

0
0
0
0
0

0
0

0
0
0
0
0

0
0

0
0
0
0
0

0
0

0
0
0
0
0

0
0

0
0
0
0
0

0
0

0
0
0
0
0

0
0

0
0
0
0
0

0
0

0
0
0
0
0

0
0

0
0
0
0
0

0
0

0
0
0
0
0

0
0

0
0
0
0
0

0
0

0
0
0
0
0

0
0

0
0
0
0
0

0
0

0
0
0
0
0

0
0

0
0
0
0
0

0
0

0
0
0
0
0

0
0

0
0
0
0
0

0
0

0
0
0
0
0

0
0

0
0
0
0
0

0
0

0
0
0
0
0

0
0

0
0
0
0
0

0
0

0
0
0
0
0

0
0

0
0
0
0
0

0
0

0
0
0
0
0

0
0

0
0
0
0
0

0
0

0
0
0
0
0

0
0

0
0
0
0
0

0
0

0
0
0
0
0

0
0

0
0
0
0
0

0
0

0
0
0
0
0

0
0

0
0
0
0
0

0
0

0
0
0
0
0

0
0

0
0
0
0
0

0
0

0
0
0
0
0

0
0

0
0
0
0
0

0
0

0
0
0
0
0

0
0

0
0
0
0
0

0
0

0
0
0
0
0

0
0

0
0
0
0
0

0
0

0
0
0
0
0

0
0

0
0
0
0
0

0
0

0
0
0
0
0

0
0

0
0
0
0
0

0
0

0
0
0
0
0

0
0

0
0
0
0
0

0
0

0
0
0
0
0

0
0

0
0
0
0
0

0
0

0
0
0
0
0

0
0

0
0
0
0
0

0
0

0
0
0
0
0

0
0

0
0
0
0
0

0
0

0
0
0
0
0

0
0

0
0
0
0
0

0
0

0
0
0
0
0

0
0

0
0
0
0
0

0
0

0
0
0
0
0

0
0

0
0
0
0
0

0
0

0
0
0
0
0

0
0

0
0
0
0
0

0
0

0
0
0
0
0

0
0

0
0
0
0
0

0
0

0
0
0
0
0

0
0

0
0
0
0
0

0
0

0
0
0
0
0

0
0

0
0
0
0
0

0
0

0
0
0
0
0

0
0

0
0
0
0
0

0
0

 0.8715807321895638  -1.650120991589006   3.027177171981386   4.511145402368834  -6.759787638189228
  2.172471081894381  -1.072727604586572 0.08739477318077547  0.4456902517865229 -0.6328455310546357

 1.264887822529251e-08  -7.80988789976979e-08 -2.149716151972778e-07   -0.02494159550196961   -0.09157863716368191
 5.846997271994574e-10 -2.165786778752058e-08  6.128504941198779e-08   -0.01033073090683397     0.1194973073562904

cov:
0.05772066060736056 0.05946951415949769  0.0615191088020162  0.0638505856035349 0.06607189079877269
0.05946951415949769 0.06196130144679881  0.0648819261711267 0.06820436987653643 0.07136938977047563
 0.0615191088020162  0.0648819261711267  0.0688238660558563 0.07330823990319862 0.07757978526733272
 0.0638505856035349 0.06820436987653643 0.07330823990319862 0.07911457824758407 0.08464504917600144
0.06607189079877269 0.07136938977047563 0.07757978526733272 0.08464504917600144 0.09137444519893777

cov.inverse():
 13978427.34436223 -22354685.48401404  5709005.763899209  2197208.373927026  470294.3395378837
-22354685.48977546  57643315.86217164 -48406578.91080528  11918083.58035344  1199605.508263184
 5709005.783417854   -48406578.940768  100797101.6006207 -84196989.39526899  26096837.01043456
 2197208.351040215  11918083.62011749  -84196989.4109579  128921354.7019728 -58838443.32685568
 470294.3486672254  1199605.492700931  26096837.01567889 -58838443.32566694  31071144.25590746

cov*(cov_.inverse()):
     1.000000000207365   4.94765117764473e-10 -6.984919309616089e-10  2.328306436538696e-09                      0
 4.365574568510056e-10     0.9999999995779945 -2.328306436538696e-10                      0  4.656612873077393e-10
 3.128661774098873e-10                      0      1.000000000232831 -9.313225746154785e-10  4.656612873077393e-10
 1.673470251262188e-10    7.8580342233181e-10 -1.396983861923218e-09                      1  9.313225746154785e-10
 1.891748979687691e-10  -1.01863406598568e-10 -4.656612873077393e-10                      0                      1
