5
2

6.591285005815898e-05
0.0001097924133782418
 0.000221495738269719
  0.09100273210581115
   0.5922117924726118

-0.03271983358165265   0.2229299354402781  -0.6072813979749835   0.7052601017416663  -0.2881824924242748
  -0.276591973337365   0.7297487059554479  -0.3480207292237024  -0.4161088379058745    0.310964167532076
  0.6021201086770031   -0.321662043631887  -0.5559889084055271  -0.1679288634698378   0.4434649196465392
 -0.6362842860564102  -0.3754461058645978 -0.06958658912398923   0.2784052650661052   0.6097792583438325
  0.3937257609303842   0.4163445944390418   0.4428599282485065   0.4730243430365478    0.501757171057624

0.3992536293308407
0.3992897144587798
0.3993185277170706
0.3993405568253776
0.3993543518038399

-4.784187917013137e-05
    0.3993630717725444

 0.8708540239368097  -1.648557523777514   3.025539382955472   4.512590417416054  -6.760413113969565
  2.172501899207396  -1.072861964229853  0.0869268536822541  0.4469368542278184 -0.6335186550902498

 1.258786033560556e-08 -7.807412373755174e-08 -2.150477311549699e-07   -0.02494166649012587   -0.09157894434703701
 5.853337203276072e-10 -2.166224705166816e-08  6.127044550637095e-08   -0.01033077758637686     0.1194975088303066

cov:
0.05772064715497689 0.05946949117315645 0.06151917784936873 0.06385075267182913  0.0660722163921755
0.05946949117315645 0.06196126387721216 0.06488198347551619 0.06820453627838413 0.07136972175710275
0.06151917784936873 0.06488198347551619 0.06882403177523025 0.07330853939741869 0.07758026970897149
0.06385075267182913 0.06820453627838413 0.07330853939741869 0.07911505000893836 0.08464573794338216
 0.0660722163921755 0.07136972175710275 0.07758026970897149 0.08464573794338216 0.09137537703722795

cov.inverse():
 13982823.83106898 -22371048.01279173  5735418.112988394  2175211.149542159  477827.5562667322
-22371048.00553132  57725793.55216184 -48584676.20010453  12099652.47425306  1130054.669530183
 5735418.090370086 -48584676.17044674  101235284.0966834 -84665802.71254104  26279089.81087616
 2175211.174327169  12099652.44075065 -84665802.70941471  129426209.0224404 -59033967.23453256
 477827.5468398047  1130054.680634815  26279089.81478969 -59033967.24012398  31146388.93219992

cov*(cov_.inverse()):
    0.9999999997489795  1.600710675120354e-10  1.862645149230957e-09 -1.862645149230957e-09  6.984919309616089e-10
-4.365574568510056e-11      0.999999999825377  1.862645149230957e-09                      0  9.313225746154785e-10
-2.983142621815205e-10  6.402842700481415e-10     0.9999999995343387                      0                      0
-6.548361852765083e-11  1.164153218269348e-10  1.396983861923218e-09     0.9999999990686774  4.656612873077393e-10
 -1.01863406598568e-10  2.037268131971359e-10                      0                      0                      1
