5
2

0.001040558923193604
 0.00245940572599183
0.007458126366755619
 0.05882566302550389
  0.5650120936055717

-0.0726436652456199  0.6148973620752863  -0.767624325666479  0.1440615603240946 0.08138361932605039
-0.2095032407790307  0.4618954968901038   0.270893817739742 -0.7775334459996623   0.254596193840373
 0.4473874589462761 -0.4218921975134079 -0.3679213616397256 -0.2919404424496509  0.6334477760371209
-0.7586242403635295 -0.1925774536113701 0.02915341232365777  0.2816570482746689  0.5542766204707779
 0.4185271956673998   0.439857570246741  0.4485012646075016  0.4583973084654621   0.469125598982306

0.4006358986284347
0.4007637378052936
0.4007377664559743
0.4006969642331472
0.4006605642399232

0.0007283744870847229
   0.4009138484685729

0
0
0
0
0

0
0

0
0
0
0
0

0
0

0
0
0
0
0

0
0

0
0
0
0
0

0
0

0
0
0
0
0

0
0

0
0
0
0
0

0
0

0
0
0
0
0

0
0

0
0
0
0
0

0
0

0
0
0
0
0

0
0

0
0
0
0
0

0
0

0
0
0
0
0

0
0

0
0
0
0
0

0
0

0
0
0
0
0

0
0

0
0
0
0
0

0
0

0
0
0
0
0

0
0

0
0
0
0
0

0
0

0
0
0
0
0

0
0

0
0
0
0
0

0
0

0
0
0
0
0

0
0

0
0
0
0
0

0
0

0
0
0
0
0

0
0

0
0
0
0
0

0
0

0
0
0
0
0

0
0

0
0
0
0
0

0
0

0
0
0
0
0

0
0

0
0
0
0
0

0
0

0
0
0
0
0

0
0

0
0
0
0
0

0
0

0
0
0
0
0

0
0

0
0
0
0
0

0
0

0
0
0
0
0

0
0

0
0
0
0
0

0
0

0
0
0
0
0

0
0

0
0
0
0
0

0
0

0
0
0
0
0

0
0

0
0
0
0
0

0
0

0
0
0
0
0

0
0

0
0
0
0
0

0
0

0
0
0
0
0

0
0

0
0
0
0
0

0
0

0
0
0
0
0

0
0

0
0
0
0
0

0
0

0
0
0
0
0

0
0

0
0
0
0
0

0
0

0
0
0
0
0

0
0

0
0
0
0
0

0
0

0
0
0
0
0

0
0

0
0
0
0
0

0
0

0
0
0
0
0

0
0

0
0
0
0
0

0
0

0
0
0
0
0

0
0

0
0
0
0
0

0
0

0
0
0
0
0

0
0

0
0
0
0
0

0
0

0
0
0
0
0

0
0

0
0
0
0
0

0
0

0
0
0
0
0

0
0

0
0
0
0
0

0
0

0
0
0
0
0

0
0

0
0
0
0
0

0
0

0
0
0
0
0

0
0

0
0
0
0
0

0
0

0
0
0
0
0

0
0

0
0
0
0
0

0
0

0
0
0
0
0

0
0

0
0
0
0
0

0
0

0
0
0
0
0

0
0

0
0
0
0
0

0
0

0
0
0
0
0

0
0

0
0
0
0
0

0
0

0
0
0
0
0

0
0

0
0
0
0
0

0
0

0
0
0
0
0

0
0

0
0
0
0
0

0
0

0
0
0
0
0

0
0

0
0
0
0
0

0
0

0
0
0
0
0

0
0

 -6.025804511644519   26.58706124836975  -7.815491722048615  -10.98083136384993   -1.76747809559519
 0.2378898045769746   3.366363372928935 -0.9972391178943046   -1.38911280212203 -0.2182418488034169

 2.280260978480983e-05  0.0001180318867435859 -0.0004978935673454285   -0.01678009531313664    -0.0623963421218386
 2.815522055943803e-06   1.36666314011449e-05 -3.780264164205862e-05  -0.004740992168503088     0.1257392846390147

cov:
 0.0579223809117253 0.05926381730488503 0.05983831055980032 0.06050079982998656 0.06124025541538736
0.05926381730488503 0.06190453471721721 0.06296779484748319 0.06418501757210621 0.06549092946673939
0.05983831055980032 0.06296779484748319 0.06422749063046058 0.06566583876381898 0.06721221218819297
0.06050079982998656 0.06418501757210621 0.06566583876381898  0.0673639524826264  0.0691797315895423
0.06124025541538736 0.06549092946673939 0.06721221218819297  0.0691797315895423 0.07134352089721194

cov.inverse():
 15895.38463438376 -60602.93440460638  39152.92576094848  14856.31951514226 -9304.360851797624
-60602.93440454388  387681.1586258816 -412455.3754402533  24636.48817981475   60824.4769082735
 39152.92576083371   -412455.37543994  558773.6077519881 -135020.6668845351 -50479.23094800422
 14856.31951519126  24636.48817951779 -135020.6668842359   120672.065862645   -25178.105916901
 -9304.36085179449  60824.47690831998 -50479.23094810519 -25178.10591684966   24136.5337338655

cov*(cov_.inverse()):
    0.9999999999995453  1.818989403545856e-12  3.183231456205249e-12  1.591615728102624e-12  6.821210263296962e-13
 5.684341886080801e-13      0.999999999996362  5.002220859751105e-12  1.818989403545856e-12                      0
-6.821210263296962e-13  4.092726157978177e-12      0.999999999996362  1.364242052659392e-12  9.094947017729282e-13
  1.13686837721616e-13 -9.094947017729282e-13  8.185452315956354e-12      1.000000000001819 -2.273736754432321e-13
-2.273736754432321e-13 -9.094947017729282e-13 -1.364242052659392e-12  2.273736754432321e-13                      1
