6
2

0.0002262576399162439
0.0007814562339597197
 0.002381922015754084
 0.002736553901680273
   0.1025512676253669
   0.6260305717155962

 -0.3752701659723212   0.8003967568653427  -0.4668219241106676  0.01009327331007127   0.0133965609106601  0.01825604803393607
 -0.5605093082920227   0.1936436723001771   0.7702172868145587  -0.1134660448628847  -0.1357556867102048  -0.1542485811187082
  0.1669685871313377   0.1149809660415923  0.06388584499490799  -0.5643498379411962  -0.4441216520135328   0.6626346548417991
-0.06065006238160905 -0.04409655382191255 -0.02648751183292506   0.6916528656897268  -0.7034332673721767   0.1430853847474696
 -0.6192435809357871  -0.4052413016016502  -0.1635155376257103    0.120646787434509   0.3169371180987501   0.5572923467570591
  0.3605302569319253   0.3774672418143286    0.396638754716173   0.4190387917338069   0.4346025603004904   0.4535870578548475

0.4003395070559195
0.4002341847838758
0.4000740981001062
 0.399913116313565
0.3997786617749893
0.3995842978109644

0.00218594027436767
 0.4008012801731617

0
0
0
0
0
0

0
0

0
0
0
0
0
0

0
0

0
0
0
0
0
0

0
0

0
0
0
0
0
0

0
0

0
0
0
0
0
0

0
0

0
0
0
0
0
0

0
0

0
0
0
0
0
0

0
0

0
0
0
0
0
0

0
0

0
0
0
0
0
0

0
0

0
0
0
0
0
0

0
0

0
0
0
0
0
0

0
0

0
0
0
0
0
0

0
0

0
0
0
0
0
0

0
0

0
0
0
0
0
0

0
0

0
0
0
0
0
0

0
0

0
0
0
0
0
0

0
0

0
0
0
0
0
0

0
0

0
0
0
0
0
0

0
0

0
0
0
0
0
0

0
0

0
0
0
0
0
0

0
0

0
0
0
0
0
0

0
0

0
0
0
0
0
0

0
0

0
0
0
0
0
0

0
0

0
0
0
0
0
0

0
0

0
0
0
0
0
0

0
0

0
0
0
0
0
0

0
0

0
0
0
0
0
0

0
0

0
0
0
0
0
0

0
0

0
0
0
0
0
0

0
0

0
0
0
0
0
0

0
0

0
0
0
0
0
0

0
0

0
0
0
0
0
0

0
0

0
0
0
0
0
0

0
0

0
0
0
0
0
0

0
0

0
0
0
0
0
0

0
0

0
0
0
0
0
0

0
0

0
0
0
0
0
0

0
0

0
0
0
0
0
0

0
0

0
0
0
0
0
0

0
0

0
0
0
0
0
0

0
0

0
0
0
0
0
0

0
0

0
0
0
0
0
0

0
0

0
0
0
0
0
0

0
0

0
0
0
0
0
0

0
0

0
0
0
0
0
0

0
0

0
0
0
0
0
0

0
0

0
0
0
0
0
0

0
0

0
0
0
0
0
0

0
0

0
0
0
0
0
0

0
0

0
0
0
0
0
0

0
0

0
0
0
0
0
0

0
0

0
0
0
0
0
0

0
0

0
0
0
0
0
0

0
0

0
0
0
0
0
0

0
0

0
0
0
0
0
0

0
0

0
0
0
0
0
0

0
0

0
0
0
0
0
0

0
0

0
0
0
0
0
0

0
0

0
0
0
0
0
0

0
0

0
0
0
0
0
0

0
0

0
0
0
0
0
0

0
0

0
0
0
0
0
0

0
0

0
0
0
0
0
0

0
0

0
0
0
0
0
0

0
0

0
0
0
0
0
0

0
0

0
0
0
0
0
0

0
0

0
0
0
0
0
0

0
0

0
0
0
0
0
0

0
0

0
0
0
0
0
0

0
0

0
0
0
0
0
0

0
0

0
0
0
0
0
0

0
0

0
0
0
0
0
0

0
0

0
0
0
0
0
0

0
0

0
0
0
0
0
0

0
0

0
0
0
0
0
0

0
0

0
0
0
0
0
0

0
0

0
0
0
0
0
0

0
0

  0.7383578253487076    7.294822087556906   -6.835425085237374  -0.1641199698659683  -0.3616556170254188  -0.6712114891831449
   1.513850810727852    0.233781445881926   -0.634313584539872 -0.01989585290169327 -0.03738411509423148 -0.05591477831542704

 4.471072473615267e-07 -2.500569302522007e-06  1.894022005071269e-06 -1.052604790202178e-06   -0.02949081086619836   -0.08694215338176343
-4.433070583041143e-09 -7.791337683670479e-07  1.304364097612636e-06  -6.04992517750307e-07   -0.01024195770107876     0.1303091153313666

cov:
0.05497499744979612   0.055974127844038 0.05710855085717819 0.05842239045650003 0.05934393011418329  0.0604617535550236
  0.055974127844038 0.05756775471618719 0.05937367250301476 0.06147563505355401 0.06294203934890871 0.06472659539197023
0.05710855085717819 0.05937367250301476 0.06193844809907133 0.06493103970699333 0.06701316075803379 0.06955116692944781
0.05842239045650003 0.06147563505355401 0.06493103970699333 0.06897607868018313 0.07177352058245856 0.07519710128116289
0.05934393011418329 0.06294203934890871 0.06701316075803379 0.07177352058245856 0.07508576333693236  0.0791132289546924
 0.0604617535550236 0.06472659539197023 0.06955116692944781 0.07519710128116289  0.0791132289546924 0.08390182107806667

cov.inverse():
 3270850.238512718 -6041333.040078197  2717226.896005618  7939.108262114693  19008.04757216377  26060.11254515861
-6041333.040102448  12578240.03286462 -7053084.404222197  106314.6134655389  161537.4411616876  249087.4123753135
 2717226.896040997  -7053084.40426794   5229183.58857577 -243952.5537077516 -295902.8852073849 -354076.0514892868
 7939.108263391788  106314.6134621037 -243952.5537050955  143090.9130174471  7077.815514819772 -20430.79980099661
 19008.04756086439  161537.4411863793 -295902.8852221909  7077.815515280055  134535.5300891479 -26225.99718194985
 26060.11254404887  249087.4123755526 -354076.0514874993 -20430.79980095856 -26225.99718290499  125627.1009205386

cov*(cov_.inverse()):
    0.9999999999961346  4.365574568510056e-11  5.456968210637569e-11 -2.728484105318785e-12 -6.821210263296962e-13  9.094947017729282e-13
-2.182787284255028e-11     0.9999999998981366   1.01863406598568e-10 -4.320099833421409e-12  1.818989403545856e-12 -9.094947017729282e-13
-4.547473508864641e-11  5.093170329928398e-11     0.9999999999818101  2.273736754432321e-12  9.094947017729282e-13  3.637978807091713e-12
 6.480149750132114e-11   -1.2732925824821e-10  3.274180926382542e-11     0.9999999999961346 -2.273736754432321e-13                      0
-5.547917680814862e-11  1.491571310907602e-10  -2.91038304567337e-11 -1.364242052659392e-12      1.000000000002274  7.275957614183426e-12
 2.864908310584724e-11 -8.731149137020111e-11   2.91038304567337e-11 -1.591615728102624e-12 -1.364242052659392e-12      1.000000000001819
