5
1

0.0006695530948803822
0.0009749803803272724
 0.002708734928517139
  0.05539621482075473
   0.5496946043427412

 -0.03119849399906085    0.5915069807974335   -0.7876715839486236   0.07582131660830967    0.1515610419195642
-0.005524788632161615   -0.2116644810046792   -0.1662133855310189    0.8452011945785939   -0.4617095140289229
   0.5470580785550528    -0.601769689820514   -0.3891521724366074    0.0125743344651647    0.4324386336829801
  -0.7232832387044559    -0.223715277141886  0.001063717064862087    0.2655324058218802    0.5969122559865673
   0.4202201161053669    0.4394796404107658    0.4477790096733634    0.4574062704007266    0.4696234257134709

0.3990083682961624
0.3991973357185582
0.3992001669767887
0.3991604050425733
0.3991656266657894

0.0002807701331437716

  0.86238894535432   2.15232766510649  5.605461011377445 -2.591464320679985 -6.031371846039908

-1.918577337181081e-06 -7.581931780894472e-07 -4.142307784032143e-05   -0.01653319284126913   -0.06028790956867109

cov:
0.05496521462940479  0.0562972572483286 0.05685303352511418 0.05749004805105461 0.05830749770713093
 0.0562972572483286 0.05851713927518513 0.05946362412634127 0.06055876374525321  0.0619520697594662
0.05685303352511418 0.05946362412634127 0.06058715823384107 0.06188900478386266 0.06354208232878386
0.05749004805105461 0.06055876374525321 0.06188900478386266 0.06343598698538797  0.0653935579628334
0.05830749770713093  0.0619520697594662 0.06354208232878386  0.0653935579628334 0.06773613566917262

cov.inverse():
 43162.49040117076 -84748.41175563146  26767.76023971609 -9313.316833856754   24238.0878398352
-84748.41175625983  876960.5830572078 -970358.3856428999 -89206.84242368209   267273.733246042
 26767.76024038298 -970358.3856407664  1433653.191719983  -281671.591952494 -208498.0512216437
-9313.316833500212  -89206.8424300206 -281671.5919445548  764367.9728495426 -384095.6805442437
 24238.08783943976  267273.7332496192 -208498.0512267828 -384095.6805422864  301100.1449299472

cov*(cov_.inverse()):
     1.000000000000455  5.456968210637569e-12 -9.094947017729282e-12                      0  3.637978807091713e-12
-4.547473508864641e-13      1.000000000003638  3.637978807091713e-12  3.637978807091713e-12                      0
-4.547473508864641e-13                      0                      1 -3.637978807091713e-12  3.637978807091713e-12
-4.547473508864641e-13  3.637978807091713e-12 -5.456968210637569e-12      0.999999999992724  3.637978807091713e-12
 2.273736754432321e-13                      0  1.818989403545856e-12                      0                      1
