5
1

0.0006025502613273845
0.0008899641078669179
 0.002433817350990378
  0.05024737715225913
   0.5423072795167563

   -0.0323066805008785     0.5874899877807653    -0.7906354921031226    0.09552079369109956     0.1399395914380421
-0.0007390562734405541    -0.2299578665794952    -0.1507015867816133     0.8432843711157525    -0.4618217562733976
    0.5468048236924603    -0.5990870710264234    -0.3895027766436677   0.006435483896621149     0.4362858439710463
   -0.7205724965175372    -0.2205793675590667   0.004180114540840181      0.268546294946208     0.5999878615295614
    0.4251299733493047      0.440924390107631     0.4477216367316375      0.455619050767429     0.4656251760250561

0.3995123140658929
0.3996703917254244
  0.39966937978956
0.3996330003366506
 0.399626260764866

0.0003238502225873792

0
0
0
0
0

0

0
0
0
0
0

0

0
0
0
0
0

0

0
0
0
0
0

0

0
0
0
0
0

0

0
0
0
0
0

0

0
0
0
0
0

0

0
0
0
0
0

0

0
0
0
0
0

0

0
0
0
0
0

0

0
0
0
0
0

0

0
0
0
0
0

0

0
0
0
0
0

0

0
0
0
0
0

0

0
0
0
0
0

0

0
0
0
0
0

0

0
0
0
0
0

0

0
0
0
0
0

0

0
0
0
0
0

0

0
0
0
0
0

0

0
0
0
0
0

0

0
0
0
0
0

0

0
0
0
0
0

0

0
0
0
0
0

0

0
0
0
0
0

0

0
0
0
0
0

0

0
0
0
0
0

0

0
0
0
0
0

0

0
0
0
0
0

0

0
0
0
0
0

0

0
0
0
0
0

0

0
0
0
0
0

0

0
0
0
0
0

0

0
0
0
0
0

0

0
0
0
0
0

0

0
0
0
0
0

0

0
0
0
0
0

0

0
0
0
0
0

0

0
0
0
0
0

0

0
0
0
0
0

0

0
0
0
0
0

0

0
0
0
0
0

0

0
0
0
0
0

0

0
0
0
0
0

0

0
0
0
0
0

0

0
0
0
0
0

0

0
0
0
0
0

0

0
0
0
0
0

0

0
0
0
0
0

0

0
0
0
0
0

0

0
0
0
0
0

0

0
0
0
0
0

0

0
0
0
0
0

0

0
0
0
0
0

0

0
0
0
0
0

0

0
0
0
0
0

0

0
0
0
0
0

0

0
0
0
0
0

0

0
0
0
0
0

0

0
0
0
0
0

0

0
0
0
0
0

0

0
0
0
0
0

0

0
0
0
0
0

0

0
0
0
0
0

0

0
0
0
0
0

0

0
0
0
0
0

0

0
0
0
0
0

0

0
0
0
0
0

0

0
0
0
0
0

0

0
0
0
0
0

0

0
0
0
0
0

0

0
0
0
0
0

0

0
0
0
0
0

0

0
0
0
0
0

0

0
0
0
0
0

0

0
0
0
0
0

0

0
0
0
0
0

0

 0.903745161606206    2.3051206277232   5.44866191272185 -2.849422561004647  -5.81040278550356

-1.477010892675711e-06 -8.485666055641915e-07  -3.29486839304816e-05   -0.01360430564943889   -0.04812727784420054

cov:
0.05446650964468108 0.05552792164285276 0.05596956806888236 0.05647728791816464 0.05712674970306615
0.05552792164285276 0.05730184156581408 0.05805704709608635 0.05893251376850412 0.06004419010618274
0.05596956806888236 0.05805704709608635 0.05895434020816637 0.05999572530125394 0.06131591786048011
0.05647728791816464 0.05893251376850412 0.05999572530125394 0.06123390611102239 0.06279856170661295
0.05712674970306615 0.06004419010618274 0.06131591786048011 0.06279856170661295 0.06467246536769111

cov.inverse():
 53558.13001601897 -107301.0010661946  34537.35610739331 -8768.492531828915  28082.41246753501
-107301.0010655866  1078012.034750146 -1196204.345459762 -90945.57241833105   316348.175304112
 34537.35610657627 -1196204.345460648  1776020.936891365 -368886.3375401121 -245555.9431192379
-8768.492531865055 -90945.57241431945 -368886.3375455561  923015.8521917058 -454347.8386463915
  28082.4124677802  316348.1753015943 -245555.9431154967 -454347.8386478602  355495.2136654428

cov*(cov_.inverse()):
     1.000000000000682 -1.091393642127514e-11  7.275957614183426e-12 -3.637978807091713e-12  3.637978807091713e-12
-2.273736754432321e-13                      1 -1.455191522836685e-11  3.637978807091713e-12  7.275957614183426e-12
 2.273736754432321e-13  3.637978807091713e-12     0.9999999999854481  3.637978807091713e-12  7.275957614183426e-12
-2.273736754432321e-13                      0 -1.637090463191271e-11      0.999999999996362  7.275957614183426e-12
 4.547473508864641e-13                      0  5.456968210637569e-12                      0      1.000000000003638
