5
2

3.594570918456159e-05
5.723902597211503e-05
9.382078378687689e-05
   0.0172223986574534
   0.5178119955349006

0.0003072375675937694 -0.007633558811043344   -0.4252556642184506    0.8185924689805316   -0.3860124663316424
 -0.05789529465249606     0.634205390488597    -0.678489362367373   -0.2027496826571316    0.3049203320033862
   0.6714436010515172   -0.5352592435528223   -0.3959194220895939  -0.06010006098273019    0.3198387510611335
  -0.5893499030963748   -0.3347889459725803  -0.04667787096681973    0.2905727458604729    0.6737742270968606
   0.4455089480464363    0.4462501039786027    0.4470780611690613    0.4480562441745087    0.4491652604411762

0.4002964856906567
 0.400358634196299
 0.400386854370718
0.4004033368826755
0.4004095810839169

6.313749536991875e-05
   0.4004861452291884

0
0
0
0
0

0
0

0
0
0
0
0

0
0

0
0
0
0
0

0
0

0
0
0
0
0

0
0

0
0
0
0
0

0
0

0
0
0
0
0

0
0

0
0
0
0
0

0
0

0
0
0
0
0

0
0

0
0
0
0
0

0
0

0
0
0
0
0

0
0

0
0
0
0
0

0
0

0
0
0
0
0

0
0

0
0
0
0
0

0
0

0
0
0
0
0

0
0

0
0
0
0
0

0
0

0
0
0
0
0

0
0

0
0
0
0
0

0
0

0
0
0
0
0

0
0

0
0
0
0
0

0
0

0
0
0
0
0

0
0

0
0
0
0
0

0
0

0
0
0
0
0

0
0

0
0
0
0
0

0
0

0
0
0
0
0

0
0

0
0
0
0
0

0
0

0
0
0
0
0

0
0

0
0
0
0
0

0
0

0
0
0
0
0

0
0

0
0
0
0
0

0
0

0
0
0
0
0

0
0

0
0
0
0
0

0
0

0
0
0
0
0

0
0

0
0
0
0
0

0
0

0
0
0
0
0

0
0

0
0
0
0
0

0
0

0
0
0
0
0

0
0

0
0
0
0
0

0
0

0
0
0
0
0

0
0

0
0
0
0
0

0
0

0
0
0
0
0

0
0

0
0
0
0
0

0
0

0
0
0
0
0

0
0

0
0
0
0
0

0
0

0
0
0
0
0

0
0

0
0
0
0
0

0
0

0
0
0
0
0

0
0

0
0
0
0
0

0
0

0
0
0
0
0

0
0

0
0
0
0
0

0
0

0
0
0
0
0

0
0

0
0
0
0
0

0
0

0
0
0
0
0

0
0

0
0
0
0
0

0
0

0
0
0
0
0

0
0

0
0
0
0
0

0
0

0
0
0
0
0

0
0

0
0
0
0
0

0
0

0
0
0
0
0

0
0

0
0
0
0
0

0
0

0
0
0
0
0

0
0

0
0
0
0
0

0
0

0
0
0
0
0

0
0

0
0
0
0
0

0
0

0
0
0
0
0

0
0

0
0
0
0
0

0
0

0
0
0
0
0

0
0

0
0
0
0
0

0
0

0
0
0
0
0

0
0

0
0
0
0
0

0
0

0
0
0
0
0

0
0

0
0
0
0
0

0
0

0
0
0
0
0

0
0

0
0
0
0
0

0
0

0
0
0
0
0

0
0

0
0
0
0
0

0
0

0
0
0
0
0

0
0

0
0
0
0
0

0
0

0.07976141554648424  0.4502435352929611   1.407605448584383   4.602518736224193  -6.540183631220386
 0.6848358136335901  0.7744542013077804 -0.3481060065719212  0.7523883534384838 -0.8634786663121721

 7.352240955048623e-09 -1.179965058403276e-08 -2.740305486951471e-08 -0.0009885121591733999  -0.002593041027060313
 1.410379512139583e-09  8.907024028950276e-10 -1.217150006646461e-09 -0.0002995189602813087     0.1191399860285842

cov:
0.05332084640716583 0.05336487396550043 0.05341341379765806 0.05347130955588439 0.05353680155867357
0.05336487396550043 0.05342828397102886 0.05349873788211128 0.05358228983409982 0.05367693320631789
0.05341341379765806 0.05349873788211128 0.05359400272586382 0.05370658992717222 0.05383422565090206
0.05347130955588439 0.05358228983409982 0.05370658992717222 0.05385317335641424 0.05401943243632865
0.05353680155867357 0.05367693320631789 0.05383422565090206 0.05401943243632865 0.05422958064561913

cov.inverse():
 52242112.23061138 -52037777.09238355 -18312288.81103892 -807599.6138895913  18915998.21168546
-52037777.12149081  155359153.1545819 -104749642.0853999 -40428803.78773765  41855204.05997177
-18312288.80568474 -104749642.1134721  298276903.1499206 -224725651.7396807    49512958.301643
-807599.5473456639 -40428803.83090796 -224725651.7959172  531568100.0371084 -265606795.1458557
 18915998.16889535  41855204.10210647  49512958.33516125 -265606795.1787187  155322545.7337238

cov*(cov_.inverse()):
    0.9999999994179234 -4.656612873077393e-10 -1.396983861923218e-09 -1.862645149230957e-09  9.313225746154785e-10
-2.328306436538696e-10     0.9999999995343387 -1.862645149230957e-09  1.862645149230957e-09                      0
 2.328306436538696e-10 -1.862645149230957e-09     0.9999999990686774                      0 -9.313225746154785e-10
 1.164153218269348e-10 -1.862645149230957e-09                      0      1.000000001862645                      0
 1.164153218269348e-10 -4.656612873077393e-10                      0                      0                      1
