5
2

3.598119271663522e-05
5.728467413068021e-05
9.384028288796634e-05
  0.01722231107232044
   0.5178117414318069

0.0002571954570404552  -0.00715654647937261   -0.4257568229431468    0.8184420652197133   -0.3857880652498647
 -0.05776471537602095     0.634102455485825   -0.6782518974967064   -0.2033697104322498    0.3052743651622173
   0.6714550407282281   -0.5353857309278069    -0.395788444309712  -0.06005160063393909    0.3197742328764957
   -0.589349702419486   -0.3347919357439543  -0.04667429714083837    0.2905731631279044    0.6737729846729774
   0.4455089539467655    0.4462503094330016    0.4470777433475992    0.4480562340697198    0.4491653768921728

0.4002961735645341
0.4003587094880296
0.4003868216789339
0.4004033384909382
0.4004096211824458

6.313749536991875e-05
   0.4004861452291884

0.08044233672154592  0.4572585584188487     1.4030440223574   4.590471908716703  -6.531268569678469
 0.6842371584072825  0.7742509441753425 -0.3422142676677429  0.7438207173414365 -0.8600006892980013

 7.348558948070447e-09  -1.17928714223211e-08  -2.73893108393378e-08 -0.0009885071422850284  -0.002593033420235288
 1.399366596412782e-09  8.851293444507541e-10 -1.226831055510424e-09 -0.0002995166020316742     0.1191399294919563

cov:
0.05332079446996791 0.05336484680178403 0.05341332341458099 0.05347125698961873 0.05353676497623835
0.05336484680178403 0.05342828099238532 0.05349867161914462 0.05358226068400111 0.05367691934401991
0.05341332341458099 0.05349867161914462 0.05359387382580574 0.05370649816317181 0.05383414931446342
0.05347125698961873 0.05358226068400111 0.05370649816317181 0.05385311791853619 0.05401939163319662
0.05353676497623835 0.05367691934401991 0.05383414931446342 0.05401939163319662 0.05422955373879579

cov.inverse():
 52216319.71242043 -51985855.28416366 -18324008.73233158 -836992.9379480316  18930987.35681893
-51985855.30450259  155120107.0106132  -104644387.227976 -40171357.50762489  41679467.18428195
-18324008.83470563 -104644387.1213387     297989219.0618 -224419556.3609987  49401259.81427394
-836992.6919446981 -40171357.77515373 -224419556.4177668  530411466.8583856 -264984371.8542215
  18930987.2335282  41679467.32483517  49401259.87530646 -264984371.9325176   154972537.372195

cov*(cov_.inverse()):
     1.000000000116415 -4.656612873077393e-10  1.396983861923218e-09 -3.725290298461914e-09                      0
                     0     0.9999999995343387  1.396983861923218e-09 -1.862645149230957e-09                      0
-1.164153218269348e-10  9.313225746154785e-10     0.9999999995343387                      0 -9.313225746154785e-10
 4.656612873077393e-10 -9.313225746154785e-10 -9.313225746154785e-10      1.000000001862645 -9.313225746154785e-10
 1.164153218269348e-10  4.656612873077393e-10                      0                      0                      1
