5
2

2.536087126177499e-05
3.792694644488883e-05
8.745470684488726e-05
  0.02184312943272115
   0.5185827174042743

-0.0005487925144821087    0.01424417929952077    -0.4152312887788753     0.8118183712506831    -0.4102812585310005
  -0.04021823268941822     0.6064992969669457     -0.694729671254871    -0.2000113322388866     0.3284619420755859
    0.5757521033242377    -0.6062387969940007    -0.3804679029920746     0.0160165976262144      0.394932500473533
   -0.6850720142184636    -0.2556163185648553    0.01155470974440222     0.3155308076510929     0.6046845715939672
    0.4444862691225562     0.4461956127499478     0.4472631486861733     0.4484753918549409     0.4496297704246198

0.3988471256006627
 0.398954192188828
0.3989813097826914
0.3990002789865665
0.3990141171689544

-4.994416679010418e-05
    0.3990204964950849

 0.2531053989295805  0.7167755947707792   1.570519980592525   2.633607646646903  -5.173978815787243
   0.85435074885938  0.4242607062767952  0.1374790335772387  0.2612837610770565 -0.6773273213120384

 2.327478437198337e-09 -4.161084092421477e-09 -2.208480530399084e-08  -0.001257746339723214  -0.002825619877434503
 2.820307112481388e-10 -2.118746457065665e-10 -6.189722336696805e-10 -0.0004863200395205098     0.1191815249002136

cov:
0.05335551298490387 0.05341946058731953  0.0534597410111465 0.05350528941453946 0.05354876577969384
0.05341946058731953  0.0535722019593665 0.05366771397964756 0.05377610210836548 0.05387935462688986
 0.0534597410111465 0.05366771397964756 0.05379759258425967 0.05394507697906063 0.05408552028312635
0.05350528941453946 0.05377610210836548 0.05394507697906063 0.05413704589668365 0.05431980315815225
0.05354876577969384 0.05387935462688986 0.05408552028312635 0.05431980315815225 0.05454281339855511

cov.inverse():
  44467504.0216094 -62605677.24385171  -8862453.94479252  6104747.855561528  20895424.85889902
-62605677.29336106  304088753.1992786 -271959429.5200141 -67621980.99500948   98099650.2214846
  -8862453.8684569 -271959429.6935807  622532227.9884325 -428305062.5771101   86593246.2187241
 6104747.846278753  -67621980.8598069 -428305062.7530248  1052527265.134487 -562703733.3548778
 20895424.84135488  98099650.21033977  86593246.29740837 -562703733.4048733   357114805.582658

cov*(cov_.inverse()):
     1.000000000698492                      0  3.725290298461914e-09 -3.725290298461914e-09                      0
 4.656612873077393e-10                      1  2.793967723846436e-09 -7.450580596923828e-09  3.725290298461914e-09
 4.656612873077393e-10  9.313225746154785e-10      1.000000006519258                      0  3.725290298461914e-09
 2.328306436538696e-10  1.862645149230957e-09  4.656612873077393e-09       1.00000000372529  3.725290298461914e-09
 2.328306436538696e-10  9.313225746154785e-10 -3.725290298461914e-09                      0       1.00000000372529
