5
2

2.526425422034114e-05
3.781520794410911e-05
8.740905665490142e-05
  0.02184323480163962
   0.5185830161428496

-0.0003471517554430529    0.01220663709998731     -0.413028671084792     0.8124632315872731    -0.4112927080280708
  -0.03983203747087729     0.6061303928649298    -0.6963270733291785    -0.1973720387888324     0.3274022615827291
    0.5757772684355497    -0.6066517335823843    -0.3799446615760697    0.01605068178214619     0.3947640321110314
   -0.6850735460696153    -0.2556161296580347    0.01155843187655612     0.3155316037874444      0.604682429377709
    0.4444862898955118     0.4461961600644389      0.447263211770377     0.4484751478607889     0.4496293873700465

0.3988472293716128
0.3989542986234975
 0.398981329528957
0.3990002528784936
0.3990140946412704

-4.994416679010418e-05
    0.3990204964950849

0
0
0
0
0

0
0

0
0
0
0
0

0
0

0
0
0
0
0

0
0

0
0
0
0
0

0
0

0
0
0
0
0

0
0

0
0
0
0
0

0
0

0
0
0
0
0

0
0

0
0
0
0
0

0
0

0
0
0
0
0

0
0

0
0
0
0
0

0
0

0
0
0
0
0

0
0

0
0
0
0
0

0
0

0
0
0
0
0

0
0

0
0
0
0
0

0
0

0
0
0
0
0

0
0

0
0
0
0
0

0
0

0
0
0
0
0

0
0

0
0
0
0
0

0
0

0
0
0
0
0

0
0

0
0
0
0
0

0
0

0
0
0
0
0

0
0

0
0
0
0
0

0
0

0
0
0
0
0

0
0

0
0
0
0
0

0
0

0
0
0
0
0

0
0

0
0
0
0
0

0
0

0
0
0
0
0

0
0

0
0
0
0
0

0
0

0
0
0
0
0

0
0

0
0
0
0
0

0
0

0
0
0
0
0

0
0

0
0
0
0
0

0
0

0
0
0
0
0

0
0

0
0
0
0
0

0
0

0
0
0
0
0

0
0

0
0
0
0
0

0
0

0
0
0
0
0

0
0

0
0
0
0
0

0
0

0
0
0
0
0

0
0

0
0
0
0
0

0
0

0
0
0
0
0

0
0

0
0
0
0
0

0
0

0
0
0
0
0

0
0

0
0
0
0
0

0
0

0
0
0
0
0

0
0

0
0
0
0
0

0
0

0
0
0
0
0

0
0

0
0
0
0
0

0
0

0
0
0
0
0

0
0

0
0
0
0
0

0
0

0
0
0
0
0

0
0

0
0
0
0
0

0
0

0
0
0
0
0

0
0

0
0
0
0
0

0
0

0
0
0
0
0

0
0

0
0
0
0
0

0
0

0
0
0
0
0

0
0

0
0
0
0
0

0
0

0
0
0
0
0

0
0

0
0
0
0
0

0
0

0
0
0
0
0

0
0

0
0
0
0
0

0
0

0
0
0
0
0

0
0

0
0
0
0
0

0
0

0
0
0
0
0

0
0

0
0
0
0
0

0
0

0
0
0
0
0

0
0

0
0
0
0
0

0
0

0
0
0
0
0

0
0

0
0
0
0
0

0
0

0
0
0
0
0

0
0

0
0
0
0
0

0
0

0
0
0
0
0

0
0

0
0
0
0
0

0
0

0
0
0
0
0

0
0

0
0
0
0
0

0
0

0
0
0
0
0

0
0

 0.2508310508132084  0.7053407905190235   1.577430451443707   2.663611017250313  -5.197187584974397
 0.8535499271326439  0.4236658337041422  0.1452382195252708   0.250702849655649 -0.6731115388085888

 2.335252502902931e-09 -4.158644522141992e-09 -2.209373036080624e-08  -0.001257752395188148   -0.00282563000523169
 2.715384076082035e-10 -2.119176061041444e-10 -6.298830838806843e-10  -0.000486323822705486     0.1191815902772178

cov:
0.05335558232517757 0.05341959088593971 0.05345981138958374 0.05350532303221021 0.05354878277543661
0.05341959088593971 0.05357239524735233 0.05366784874899575 0.05377620040462672 0.05387943660736436
0.05345981138958374 0.05366784874899575 0.05379766977658365 0.05394511797028922 0.05408554524524723
0.05350532303221021 0.05377620040462672 0.05394511797028922 0.05413705005360799  0.0543197907228854
0.05354878277543661 0.05387943660736436 0.05408554524524723  0.0543197907228854 0.05454278384430886

cov.inverse():
 44501335.98553269 -62607246.13339593 -9012027.536081551  6264994.603153517   20852584.3836167
-62607246.20687829  305323120.0219052  -272883238.631491 -69397066.33981776  99565453.47690904
-9012027.292285752 -272883239.0277126  625235745.2808768 -430428676.7310387  87086822.23901981
 6264994.321692985 -69397065.85482508 -430428676.8224553  1061451906.927317 -567889674.8200752
 20852584.49476285   99565453.3146565  87086822.17801253 -567889674.7079624  360384061.6421756

cov*(cov_.inverse()):
                     1  9.313225746154785e-10  2.793967723846436e-09 -3.725290298461914e-09                      0
 2.328306436538696e-10     0.9999999990686774  7.450580596923828e-09                      0                      0
 4.656612873077393e-10                      0      1.000000001862645  3.725290298461914e-09                      0
 2.328306436538696e-10 -2.793967723846436e-09  3.725290298461914e-09                      1                      0
                     0 -9.313225746154785e-10 -1.862645149230957e-09                      0                      1
