5
1

0.0008288920626599628
 0.001021018878328964
 0.004644913706526916
  0.06156109851846509
   0.5605560152290294

 0.01183216781557784   0.6190357821361712  -0.7500572939530342 -0.09359578371336459   0.2128581342086217
-0.01300270679081517  0.04501426865049956   0.2814184937777181  -0.8160756750809618   0.5026218948026502
  0.6353463353372097  -0.5872619338260097  -0.3867994805044195  0.02025536910498454   0.3184875777113533
 -0.6453949979860191   -0.280723391604972  -0.1090516312867788   0.3365954430477429   0.6160121130413054
  0.4236640888358372   0.4371340921704194   0.4435218041347411   0.4599495076137691   0.4702737341125476

0.4009931298951848
0.4011080457936972
0.4010732940457792
0.4010094138716224
 0.400956100074394

0.0008203266156440865

0
0
0
0
0

0

0
0
0
0
0

0

0
0
0
0
0

0

0
0
0
0
0

0

0
0
0
0
0

0

0
0
0
0
0

0

0
0
0
0
0

0

0
0
0
0
0

0

0
0
0
0
0

0

0
0
0
0
0

0

0
0
0
0
0

0

0
0
0
0
0

0

0
0
0
0
0

0

0
0
0
0
0

0

0
0
0
0
0

0

0
0
0
0
0

0

0
0
0
0
0

0

0
0
0
0
0

0

0
0
0
0
0

0

0
0
0
0
0

0

0
0
0
0
0

0

0
0
0
0
0

0

0
0
0
0
0

0

0
0
0
0
0

0

0
0
0
0
0

0

0
0
0
0
0

0

0
0
0
0
0

0

0
0
0
0
0

0

0
0
0
0
0

0

0
0
0
0
0

0

0
0
0
0
0

0

0
0
0
0
0

0

0
0
0
0
0

0

0
0
0
0
0

0

0
0
0
0
0

0

0
0
0
0
0

0

0
0
0
0
0

0

0
0
0
0
0

0

0
0
0
0
0

0

0
0
0
0
0

0

0
0
0
0
0

0

0
0
0
0
0

0

0
0
0
0
0

0

0
0
0
0
0

0

0
0
0
0
0

0

0
0
0
0
0

0

0
0
0
0
0

0

0
0
0
0
0

0

0
0
0
0
0

0

0
0
0
0
0

0

0
0
0
0
0

0

0
0
0
0
0

0

0
0
0
0
0

0

0
0
0
0
0

0

0
0
0
0
0

0

0
0
0
0
0

0

0
0
0
0
0

0

0
0
0
0
0

0

0
0
0
0
0

0

0
0
0
0
0

0

0
0
0
0
0

0

0
0
0
0
0

0

0
0
0
0
0

0

0
0
0
0
0

0

0
0
0
0
0

0

0
0
0
0
0

0

0
0
0
0
0

0

0
0
0
0
0

0

0
0
0
0
0

0

0
0
0
0
0

0

0
0
0
0
0

0

0
0
0
0
0

0

0
0
0
0
0

0

0
0
0
0
0

0

0
0
0
0
0

0

0
0
0
0
0

0

0
0
0
0
0

0

-6.098924270528137  12.32949080806172  1.681397960109585 -1.311174923614429 -6.613139361682422

 3.445030553960071e-06 -1.195107582489149e-06  -0.000299867442856749   -0.01600582310073935   -0.05077145853837471

cov:
0.05798757021685984 0.05887206014082172 0.05930526638885324 0.06040779754188284 0.06110285847727685
0.05887206014082172 0.06035005370182461 0.06104170580382515 0.06281913245064384 0.06393639211155561
0.05930526638885324 0.06104170580382515 0.06186008122199057 0.06396128988076383 0.06528238601306659
0.06040779754188284 0.06281913245064384 0.06396128988076383 0.06690507743535574  0.0687526221320595
0.06110285847727685 0.06393639211155561 0.06528238601306659  0.0687526221320595 0.07093333724915973

cov.inverse():
 19186.08309852604 -7146.066560447236 -27798.41535342693  9106.729222838878  6671.116575785607
-7146.066560377404  575694.7815600043 -653105.0948415615 -120142.6088737861  204772.2081747918
-27798.41535348874 -653105.0948400467  901735.9495814821 -118495.3140604143 -102418.1999490429
 9106.729222775404 -120142.6088774019 -118495.3140558331  651641.5689866174 -422105.7844265013
 6671.116575841189  204772.2081769627 -102418.1999521714  -422105.784425599  313082.1745328712

cov*(cov_.inverse()):
    0.9999999999996589                      0 -2.728484105318785e-12                      0                      0
-5.684341886080801e-14      1.000000000005457  3.637978807091713e-12                      0 -3.637978807091713e-12
-5.684341886080801e-14  3.637978807091713e-12     0.9999999999918145 -7.275957614183426e-12  3.637978807091713e-12
  1.13686837721616e-13 -3.637978807091713e-12  9.094947017729282e-13                      1 -3.637978807091713e-12
 -1.70530256582424e-13  1.818989403545856e-12 -1.818989403545856e-12                      0                      1
