5
1

0.001497388290241394
 0.00232813329067123
0.003883698591303262
  0.0719185952995824
  0.5730684089862867

 0.2095990903279334 -0.2265439764776541  0.3351647314161734  -0.768238334925075  0.4496893501314745
-0.5167939403355492  0.3073635387842732  0.7018176783291806 -0.1346778388273183 -0.3574430085648723
 0.2808258501629496 -0.7371091785706533  0.4390684929008372  0.3125464652029702 -0.2955342050898161
-0.6661625427003801 -0.3595396399080812  0.0211948793406549  0.2791254452909798  0.5904222869426419
 0.4078683036831633  0.4261534793350454  0.4493174655306489  0.4648391478356705  0.4838130224681597

0.4001007043702643
0.3998049603046754
0.3997087062847076
0.3996290882098608
0.3994848569630636

0.001527556882635014

0
0
0
0
0

0

0
0
0
0
0

0

0
0
0
0
0

0

0
0
0
0
0

0

0
0
0
0
0

0

0
0
0
0
0

0

0
0
0
0
0

0

0
0
0
0
0

0

0
0
0
0
0

0

0
0
0
0
0

0

0
0
0
0
0

0

0
0
0
0
0

0

0
0
0
0
0

0

0
0
0
0
0

0

0
0
0
0
0

0

0
0
0
0
0

0

0
0
0
0
0

0

0
0
0
0
0

0

0
0
0
0
0

0

0
0
0
0
0

0

0
0
0
0
0

0

0
0
0
0
0

0

0
0
0
0
0

0

0
0
0
0
0

0

0
0
0
0
0

0

0
0
0
0
0

0

0
0
0
0
0

0

0
0
0
0
0

0

0
0
0
0
0

0

0
0
0
0
0

0

0
0
0
0
0

0

0
0
0
0
0

0

0
0
0
0
0

0

0
0
0
0
0

0

0
0
0
0
0

0

0
0
0
0
0

0

0
0
0
0
0

0

0
0
0
0
0

0

0
0
0
0
0

0

0
0
0
0
0

0

0
0
0
0
0

0

0
0
0
0
0

0

0
0
0
0
0

0

0
0
0
0
0

0

0
0
0
0
0

0

0
0
0
0
0

0

0
0
0
0
0

0

0
0
0
0
0

0

0
0
0
0
0

0

0
0
0
0
0

0

0
0
0
0
0

0

0
0
0
0
0

0

0
0
0
0
0

0

0
0
0
0
0

0

0
0
0
0
0

0

0
0
0
0
0

0

0
0
0
0
0

0

0
0
0
0
0

0

0
0
0
0
0

0

0
0
0
0
0

0

0
0
0
0
0

0

0
0
0
0
0

0

0
0
0
0
0

0

0
0
0
0
0

0

0
0
0
0
0

0

0
0
0
0
0

0

0
0
0
0
0

0

0
0
0
0
0

0

0
0
0
0
0

0

0
0
0
0
0

0

0
0
0
0
0

0

0
0
0
0
0

0

0
0
0
0
0

0

0
0
0
0
0

0

0
0
0
0
0

0

0
0
0
0
0

0

0
0
0
0
0

0

 6.235460530030126 -6.286120287567396 0.5515820230255279  4.344391864432469 -4.854886526692968

-5.840450879786325e-06 -1.960602073581237e-05   0.000142074299882701   -0.01828833366282464   -0.07132476687791091

cov:
0.05693077666197066  0.0583167009114687   0.060111735658259 0.06130338569502606 0.06277090058543887
 0.0583167009114687 0.06031845028981973 0.06283956106678601 0.06453276611095768 0.06661506735780631
  0.060111735658259 0.06283956106678601  0.0663090701696339 0.06862286365982295 0.07145280011991767
0.06130338569502606 0.06453276611095768 0.06862286365982295 0.07136664450949649 0.07470775440806339
0.06277090058543887 0.06661506735780631 0.07145280011991767 0.07470775440806339 0.07867748958807733

cov.inverse():
 74182.43269511215 -64160.32754710392 -27411.41194176531 -53190.45813087387  70539.97634887371
-64160.32754707927  76367.09910863564 -15524.40557886943  54691.00389992078  -51302.8284083053
-27411.41194181521 -15524.40557877845  153755.7084970862 -123176.2851659176  12338.29519527354
 -53190.4581308583  54691.00389985458 -123176.2851658427  273061.1234055916 -151287.5521811063
  70539.9763488834 -51302.82840830533  12338.29519523957 -151287.5521810819  119620.3784536081

cov*(cov_.inverse()):
                     1  4.547473508864641e-13 -1.818989403545856e-12                      0 -1.818989403545856e-12
                     0                      1  -1.70530256582424e-12                      0 -9.094947017729282e-13
 9.094947017729282e-13  4.547473508864641e-13      1.000000000000341 -1.818989403545856e-12                      0
 9.094947017729282e-13 -9.094947017729282e-13  2.160049916710705e-12      0.999999999996362 -1.818989403545856e-12
                     0                      0 -1.023181539494544e-12                      0                      1
