5
1

0.001657576257252735
0.002586167067734714
0.004322367076931245
 0.07847581958556908
  0.5856511332572818

 0.2050415202714006 -0.2223194216535219  0.3389408508634077 -0.7700418799544912  0.4479806384795873
 -0.519058932929693  0.3113553818139972  0.6980141795447137 -0.1301890494678851 -0.3598092090462904
 0.2797783709765286 -0.7367621794766016  0.4421923989156804   0.309951793142269 -0.2954679716918494
-0.6710481721988556  -0.364548375885293 0.01594784512245784  0.2736389580507078  0.5845222143775579
 0.3999427619459771   0.421803121732624  0.4495629581578707   0.468121694732915  0.4907984711023102

0.4005795854901258
0.4001928438939047
0.4000426720295104
0.3999323992355467
0.3997297237651901

0.002107997059458522

  6.25799561737885 -6.324789514146231 0.5579487591315848  4.343562854281178 -4.846418814345699

-7.246530356589678e-06 -2.441059659444636e-05  0.0001762857391442513    -0.0217337894640831   -0.08898521409748766

cov:
0.05763882220862274 0.05936243874974404 0.06160309199304515 0.06308551154655481 0.06490976099795531
0.05936243874974404 0.06185291868532689 0.06499901957154688 0.06710621179951434 0.06969609263365015
0.06160309199304515 0.06499901957154688 0.06932886757309771 0.07220983731224954 0.07573206219173988
0.06308551154655481 0.06710621179951434 0.07220983731224954 0.07562618478499702 0.07978517820345152
0.06490976099795531 0.06969609263365015 0.07573206219173988 0.07978517820345152  0.0847270295694193

cov.inverse():
 59847.74678240291 -51747.38951831982 -22256.36567025578 -42749.81331118716  56867.44690911227
-51747.38951831278   61559.8705397158 -12369.49805215245  44008.86814763797 -41380.64987634697
-22256.36567029473 -12369.49805212202  125126.1955979235 -101242.6095024093  10720.96917742835
-42749.81331113742   44008.8681476106 -101242.6095024735  223504.1356734772 -123424.2689039184
 56867.44690909446  -41380.6498763431  10720.96917748406 -123424.2689039602  97127.48630559193

cov*(cov_.inverse()):
    0.9999999999986358 -4.547473508864641e-13  7.958078640513122e-13  1.818989403545856e-12  1.818989403545856e-12
-9.094947017729282e-13                      1                      0                      0  1.818989403545856e-12
-1.818989403545856e-12 -4.547473508864641e-13      1.000000000000682  1.818989403545856e-12  9.094947017729282e-13
-9.094947017729282e-13                      0  9.094947017729282e-13                      1  2.728484105318785e-12
-1.818989403545856e-12                      0 -2.273736754432321e-13                      0      1.000000000001819
