5 
11 
13 
14 
15 
inputFileName = /Users/demattia/RemoteProjects/extracted_endcaps.root
eventsFractionStartBuild = 0
eventsFractionEndBuild = 0.2
eventsFractionStartTest = 0.8
eventsFractionEndTest = 1
var name = R
var name = z
par name = cotTheta
firstOrderChargeOverPtCoefficientsFileName = 
firstOrderCotThetaCoefficientsFileName = 
2 < pT < 10, pT regions = 1
0 < phi < 0.8, phi regions = 1
-3 < eta < 3, eta regions = 1
-15 < z0 < 15, eta regions = 1
charge regions = 1
endcap regions = 0
Training
Requested running from track number 0 to track number 1000000 for a total of 1000000 tracks.
Analyzed 10% of 1000000 tracks
Analyzed 20% of 1000000 tracks
Analyzed 30% of 1000000 tracks
Analyzed 40% of 1000000 tracks
Analyzed 50% of 1000000 tracks
Analyzed 60% of 1000000 tracks
Analyzed 70% of 1000000 tracks
Analyzed 80% of 1000000 tracks
Analyzed 90% of 1000000 tracks
Analyzed 100% of 1000000 tracks
Evaluating eigenvalues:
geomIndex = 0
Sqrt(eigenvalues) of cov:
 0.0434681 0.0466581 0.0595952 0.844959 1.12164 1.32238 1.61995 3.0562 3.58668 7.23101
Analyzed 10% of 1000000 tracks
Analyzed 20% of 1000000 tracks
Analyzed 30% of 1000000 tracks
Analyzed 40% of 1000000 tracks
Analyzed 50% of 1000000 tracks
Analyzed 60% of 1000000 tracks
Analyzed 70% of 1000000 tracks
Analyzed 80% of 1000000 tracks
Analyzed 90% of 1000000 tracks
Analyzed 100% of 1000000 tracks
opening GeometricIndex.txt for writing
Matrices built:
geomIndex = 0

V_0:
  0.00241103 -0.000647581   -0.0555564    0.0116519     0.510225    -0.104023    -0.772235     0.159561     0.315402   -0.0658514
   0.0482747   -0.0100773    -0.503226     0.107795     0.645568    -0.136612     0.275843   -0.0604374    -0.455472     0.100468
   -0.657972     0.138577     0.594625    -0.133203     0.302643   -0.0558423    0.0408991  -0.00744127    -0.276517    0.0603872
   -0.706558     0.050694    -0.480059     0.337273    -0.139385     0.110554    0.0606453   -0.0553846     0.335767   -0.0534807
    0.131218    0.0439153     0.172698     0.429948     0.133412     0.695194    -0.160289    -0.460581     -0.14774   -0.0736547
   0.0864838     0.104932      0.18846     0.714484   -0.0800542      -0.1744    0.0212285     0.570888    -0.196766    -0.183304
  -0.0820279   -0.0760516    -0.137311    -0.329298     0.011953     0.280527   0.00833708     0.233604    -0.208701    -0.826536
    0.105987     0.277201     0.132356     0.154587    0.0911103    -0.507738     0.146194    -0.533472     0.226549    -0.497115
   -0.148728    -0.360028    -0.120193     0.081514    -0.367629    -0.321504    -0.465367    -0.299916    -0.530033   -0.0346819
   0.0270641     0.867722    -0.208519    -0.149757    -0.209974    0.0400934    -0.240961    0.0245718     -0.25982    0.0924683
corrPV_0:
   7.388e-05 -4.78301e-06  0.000248872    -0.108325    0.0428395    0.0573241  -0.00531115    -0.346531     0.902716      1.02112
D_0:
 0.0547134 -0.0114977   0.108358 -0.0244991  0.0295035 -0.0100068  -0.084701  0.0160378  -0.118719  0.0205214
opening matrixVD_0.txt for writing
