5 
11 
13 
14 
15 
inputFileName = /Users/demattia/RemoteProjects/extracted_endcaps.root
eventsFractionStartBuild = 0
eventsFractionEndBuild = 0.2
eventsFractionStartTest = 0.8
eventsFractionEndTest = 1
var name = R
var name = z
par name = cotTheta
firstOrderChargeOverPtCoefficientsFileName = 
firstOrderCotThetaCoefficientsFileName = 
pT > 2, pT regions = 1
0 < phi < 0.8, phi regions = 1
-3 < eta < 3, eta regions = 1
-15 < z0 < 15, eta regions = 1
charge regions = 1
endcap regions = 0
Training
Requested running from track number 0 to track number 1000000 for a total of 1000000 tracks.
Analyzed 10% of 1000000 tracks
Analyzed 20% of 1000000 tracks
Analyzed 30% of 1000000 tracks
Analyzed 40% of 1000000 tracks
Analyzed 50% of 1000000 tracks
Analyzed 60% of 1000000 tracks
Analyzed 70% of 1000000 tracks
Analyzed 80% of 1000000 tracks
Analyzed 90% of 1000000 tracks
Analyzed 100% of 1000000 tracks
Evaluating eigenvalues:
geomIndex = 0
Sqrt(eigenvalues) of cov:
 0.0433863 0.0465192 0.059542 0.844877 1.12142 1.31711 1.61693 3.04936 3.59396 7.21014
Analyzed 10% of 1000000 tracks
Analyzed 20% of 1000000 tracks
Analyzed 30% of 1000000 tracks
Analyzed 40% of 1000000 tracks
Analyzed 50% of 1000000 tracks
Analyzed 60% of 1000000 tracks
Analyzed 70% of 1000000 tracks
Analyzed 80% of 1000000 tracks
Analyzed 90% of 1000000 tracks
Analyzed 100% of 1000000 tracks
opening GeometricIndex.txt for writing
Matrices built:
geomIndex = 0

V_0:
  0.00199028 -0.000622949   -0.0530595    0.0111978     0.506696     -0.10334     -0.77368     0.159984     0.317878   -0.0664336
   0.0505977   -0.0105465    -0.505594     0.108297     0.647243    -0.137036     0.271705   -0.0594628     -0.45266     0.100057
   -0.657829     0.138533     0.592814    -0.132968     0.304982   -0.0564726    0.0418845  -0.00773082    -0.277935    0.0607929
   -0.705679    0.0506837    -0.479415     0.337193    -0.137641     0.118389    0.0593101   -0.0632815     0.335451   -0.0538502
    0.137676    0.0425553     0.177959     0.433675     0.132362     0.694715    -0.162546    -0.448736    -0.158166   -0.0808703
   0.0803673     0.105548     0.183064     0.708515   -0.0818135    -0.183806    0.0252777     0.576419    -0.192526    -0.190926
  -0.0839125   -0.0764732    -0.140896    -0.338474   0.00976632     0.275305   0.00724906     0.232628    -0.208932    -0.824006
    0.105792     0.274884      0.13171     0.152755    0.0905455    -0.505569     0.143482    -0.539069     0.224407    -0.497217
   -0.149437    -0.361737    -0.120607    0.0816199    -0.368287    -0.322551    -0.465206    -0.296478    -0.529844    -0.029693
   0.0271242     0.867706    -0.208243    -0.148792    -0.210319    0.0386046    -0.241262    0.0238919    -0.259709    0.0943136
corrPV_0:
7.84042e-05 1.87457e-06 0.000255345   -0.108369   0.0456771   0.0541977 -0.00565746   -0.341997    0.906995     1.01728
D_0:
 0.0537195 -0.0112749   0.107932 -0.0243874  0.0334514 -0.0108686  -0.085772  0.0163444  -0.119946  0.0208023
opening matrixVD_0.txt for writing
