10
1

0.0434681010669348
0.0466580694641241
0.0595951728102069
0.8449585676927307
 1.121637128575149
  1.32237648018084
 1.619952036497701
 3.056197262518838
  3.58667882973759
 7.231009812402825

 0.002411034191986236  -0.00064758081832134  -0.05555636034072169   0.01165185517205328    0.5102252467997133   -0.1040232685050688   -0.7722345910810013    0.1595608628111906    0.3154021485183117   -0.0658513621315799
   0.0482747247046128  -0.01007730779798352   -0.5032262394717183    0.1077951466016523     0.645567806548441   -0.1366115491849993    0.2758433790084864  -0.06043736279339917   -0.4554722749781558    0.1004679602560522
  -0.6579720750688375      0.13857650028594    0.5946250457898907   -0.1332027565775114    0.3026429586065843  -0.05584229627213499   0.04089906649947272 -0.007441269622770625   -0.2765168060703473   0.06038716698991007
   -0.706558408967057   0.05069399910240652   -0.4800593433871934    0.3372727653511768   -0.1393845565270121     0.110554333967774   0.06064525257134124    -0.055384625744007      0.33576723674854  -0.05348070392849338
    0.131217504733806   0.04391528394880859    0.1726981397011173    0.4299476397930242    0.1334120498427203    0.6951944932610998   -0.1602894226068683   -0.4605809146116305   -0.1477400994825005  -0.07365473823379327
  0.08648376486740959    0.1049324807318209     0.188459933772238    0.7144839370574657  -0.08005421534676554   -0.1744000961941611    0.0212284954715435     0.570888218014078   -0.1967657441981356   -0.1833042673447963
  -0.0820279050574118  -0.07605164288781066   -0.1373110832611343   -0.3292983700469981   0.01195302823971093    0.2805273585154959  0.008337083106564693    0.2336037208687618   -0.2087009539108191   -0.8265355727507907
   0.1059866517618522    0.2772008700102999    0.1323558092790859     0.154587463149397   0.09111033377902991   -0.5077375295096316    0.1461935767442863   -0.5334721444060749    0.2265487302143495    -0.497114929977816
  -0.1487279791445197   -0.3600284327742143   -0.1201934085497604   0.08151397365951087   -0.3676287256055866   -0.3215035977589072   -0.4653665925065517   -0.2999161350792918   -0.5300325502069851  -0.03468185995401826
  0.02706411908693686    0.8677215427353634   -0.2085192583195398   -0.1497566378349611    -0.209974497380497   0.04009343205012183   -0.2409607935295048   0.02457183878964292   -0.2598201213037096   0.09246825675522929

22.39694703315174
103.7706199960914
27.98702564642057
130.2262913122377
39.65278002082194
185.7261897214743
46.92589566186458
220.3677503837181
55.42592627116156
260.9512471879301

4.771090795840131

 0.05471338251656143 -0.01149766499252274    0.108357576313478  -0.0244991349325854  0.02950349890954912 -0.01000682842474397 -0.08470104524132083  0.01603775615011559  -0.1187190480469605  0.02052139736045026

 7.388000072655657e-05 -4.783014184199765e-06   0.000248872439668433    -0.1083248754112712    0.04283945507682177    0.05732407455345245  -0.005311151686962962    -0.3465308849785974     0.9027160859902414      1.021120427994504

cov:
 0.8381429420222358   2.204767396146554  0.3932020785964572  -0.134748031548733   0.573451536448888  0.1415744977181471  0.6384044978016891 0.06845127706639935  0.6926959862958408 -0.1300223627164675
  2.204767396146554   41.79333685492917  -8.506905082065785  -6.539172358023066  -7.602794884919201    1.94791109023126  -8.403181649411895   1.153349277167374  -8.737471059220654   3.194246086275915
 0.3932020785964572  -8.506905082065785   2.938399796740021   2.029397519468963   3.016351810990549 -0.6130833835486869    3.47571111794291 -0.4407684240441641   3.795472271064427  -1.329334654161059
 -0.134748031548733  -6.539172358023066   2.029397519468963   2.972448737999059   1.318506647153562  -1.441873547942332   1.557165710280051  -1.028259815956291   1.741288639362336  -1.045702671682874
  0.573451536448888  -7.602794884919201   3.016351810990549   1.318506647153562   4.171039615728172  0.7867476315154239    4.93481409757324  0.5503016737947659   5.514192981125208  -1.281402020691201
 0.1415744977181471    1.94791109023126 -0.6130833835486869  -1.441873547942332  0.7867476315154239   4.698197141908365  0.5905741590932981    3.41255802919733  0.3768727179566433   2.073589545672356
 0.6384044978016891  -8.403181649411895    3.47571111794291   1.557165710280051    4.93481409757324  0.5905741590932981    6.05873056403754  0.8739497845097208   6.787666204549893  -1.648398159376046
0.06845127706639935   1.153349277167374 -0.4407684240441641  -1.028259815956291  0.5503016737947659    3.41255802919733  0.8739497845097208   4.829149528932702  0.3304256005210618   2.084715306031412
 0.6926959862958408  -8.737471059220654   3.795472271064427   1.741288639362336   5.514192981125208  0.3768727179566433   6.787666204549893  0.3304256005210618   7.914016015676097   -1.55523037943989
-0.1300223627164675   3.194246086275915  -1.329334654161059  -1.045702671682874  -1.281402020691201   2.073589545672356  -1.648398159376046   2.084715306031412   -1.55523037943989   4.631215465290858

cov.inverse():
   123.6932040299691    -25.9274539683558   -120.8816651752145    26.84001783799643   -40.94878796911696    7.126996412532923   -2.514588939841696   0.2671104140002955    41.18789490589602   -8.986735759234907
  -25.92745396835576    5.500214044504999    25.54076637526258   -5.609121362330566    8.644477366587706   -1.502717896481838   0.5966938421888047 -0.06481807870461057   -8.758720669912901    1.908035889383701
  -120.8816651751959    25.54076637525866    217.8916027876382   -47.63336845926612   -113.4521982187596    25.27137197388297   -34.26347930326808    8.051635962733137    49.46943288661669   -11.13519425016044
   26.84001783799251   -5.609121362329737   -47.63336845926637    11.04824644629909    23.70700350003997   -5.138770777365758     7.34424741762369   -1.719990388133296   -10.18231511226704     2.27352883505421
  -40.94878796919691    8.644477366604656   -113.4521982187516    23.70700350003743    355.0643354744195   -73.29426203823076   -123.2600111693716    24.47083920736346   -73.51531815929742    17.15975004524752
   7.126996412549337   -1.502717896485307    25.27137197388141   -5.138770777365265   -73.29426203823061    15.66201597896265    24.48468029157038   -5.133386564025097    15.53418104113727   -3.719849055091069
  -2.514588939756496   0.5966938421707614   -34.26347930320984    7.344247417612246   -123.2600111696544    24.48468029162857     351.083697672615   -72.89265716837726   -189.7345571175398    40.33233559822334
  0.2671104139823409 -0.06481807870081292     8.05163596272167   -1.719990388131046    24.47083920742195   -5.133386564037128   -72.89265716837797    15.58547941978211    39.80355014224896   -8.549743454172496
   41.18789490587045   -8.758720669907509    49.46943288656983   -10.18231511225735   -73.51531815908517    15.53418104109369   -189.7345571176778    39.80355014227707    169.7152654237787   -36.65525999489551
  -8.986735759229619    1.908035889382585   -11.13519425015071    2.273528835052196    17.15975004520259   -3.719849055081847    40.33233559825366   -8.549743454178676    -36.6552599948963      8.2729807039261

cov*(cov_.inverse()):
     1.000000000000079 -1.459943277382081e-14  1.576516694967722e-14  -1.02695629777827e-14  1.039168751049147e-13 -7.732703366514215e-14 -2.575717417130363e-14  2.331468351712829e-14 -7.993605777301127e-15  6.217248937900877e-15
   1.4210854715202e-14     0.9999999999999742  2.344791028008331e-13 -3.907985046680551e-14  4.263256414560601e-13  2.486899575160351e-14 -2.842170943040401e-14  3.197442310920451e-14    1.4210854715202e-14 -3.552713678800501e-14
 7.460698725481052e-14  -8.43769498715119e-15      1.000000000000039 -4.440892098500626e-16  7.105427357601002e-15 -6.039613253960852e-14 -6.394884621840902e-14   1.77635683940025e-15 -4.263256414560601e-14 -3.552713678800501e-15
  1.77635683940025e-15  1.354472090042691e-14  2.486899575160351e-14     0.9999999999999902  2.842170943040401e-14  1.687538997430238e-14 -9.947598300641403e-14 -5.329070518200751e-15 -6.394884621840902e-14  2.131628207280301e-14
  1.77635683940025e-15   1.06581410364015e-14  1.598721155460225e-14 -2.753353101070388e-14      1.000000000000099 -8.704148513061227e-14  2.486899575160351e-13 -3.730349362740526e-14 -2.629008122312371e-13  6.572520305780927e-14
-7.105427357601002e-15 -4.440892098500626e-15   -1.4210854715202e-14  9.769962616701378e-15   1.84741111297626e-13     0.9999999999999298 -1.989519660128281e-13  5.329070518200751e-14  5.684341886080801e-14 -2.131628207280301e-14
 3.232969447708456e-13 -3.153033389935445e-14  7.105427357601002e-14  8.881784197001252e-16 -3.197442310920451e-14 -1.332267629550188e-14     0.9999999999997442  1.296740492762183e-13  5.329070518200751e-13 -6.394884621840902e-14
 -1.06581410364015e-14  2.220446049250313e-15   -1.4210854715202e-14  2.664535259100376e-15   1.20792265079217e-13 -3.197442310920451e-14 -5.684341886080801e-14                      1 -2.842170943040401e-14 -3.552713678800501e-15
 1.616484723854228e-13  1.154631945610163e-14 -2.486899575160351e-14  3.108624468950438e-15  2.486899575160351e-13 -1.385558334732195e-13 -4.334310688136611e-13  2.131628207280301e-14      1.000000000000178  5.329070518200751e-15
-5.684341886080801e-14 -3.552713678800501e-15  4.263256414560601e-14 -1.243449787580175e-14 -1.989519660128281e-13  4.618527782440651e-14    1.4210854715202e-13 -2.842170943040401e-14  2.842170943040401e-14     0.9999999999999858
