10
1

0.04338634175942517
0.04651917186183176
0.05954195926362885
 0.8448774164756805
  1.121424205745432
  1.317112992596576
  1.616927726900273
  3.049360979207302
  3.593957817579473
  7.210141583020873

  0.001990276890246523 -0.0006229487566044207   -0.05305953918816911    0.01119775675818009     0.5066959612836575    -0.1033395222721139    -0.7736796986490905     0.1599844448637228     0.3178779240751884   -0.06643356770805223
   0.05059773697101798   -0.01054653740608172    -0.5055944159227193      0.108297175217044     0.6472433780977203      -0.13703602522239     0.2717048721722223   -0.05946278303398716    -0.4526598793781798      0.100057277410937
    -0.657829243345734     0.1385325043682909      0.592813591358015    -0.1329684133762447     0.3049819917696398   -0.05647255252207531    0.04188447114456612  -0.007730818181057701     -0.277935002640895    0.06079287886016478
   -0.7056788034409849    0.05068367055083326    -0.4794151336028326     0.3371929119502841    -0.1376407022136288     0.1183891313154571    0.05931010334610993   -0.06328145110393839     0.3354513900538673   -0.05385022651163144
    0.1376756742080792    0.04255526915697228     0.1779589881359351     0.4336749128133878     0.1323622778948539     0.6947150588049378    -0.1625463152996588    -0.4487364621720562    -0.1581664135194598   -0.08087032416531133
   0.08036734417366971     0.1055481942748464     0.1830636853279196     0.7085150380056195   -0.08181345208973947    -0.1838059246326895    0.02527768846718209     0.5764188172223738    -0.1925258418542624    -0.1909264876148723
  -0.08391248075697849   -0.07647319196297044    -0.1408957152188594    -0.3384736034213394   0.009766317316173214     0.2753053785906414   0.007249061051783359     0.2326279523749915    -0.2089324119157433    -0.8240055008360351
    0.1057922582083495     0.2748841123375133     0.1317101907127681     0.1527549277329461    0.09054546782076205    -0.5055694936563406     0.1434816814773238    -0.5390694342141042     0.2244069229539234     -0.497217026107689
   -0.1494372485265286    -0.3617374709721671    -0.1206070658548439    0.08161990504430089    -0.3682866139462989    -0.3225514327605332    -0.4652063072686038    -0.2964782307174543    -0.5298436172099542   -0.02969297081891943
    0.0271241946538718     0.8677058826577718    -0.2082431076404375    -0.1487915559274717     -0.210319109585076    0.03860457605867636    -0.2412622489620375    0.02389187062057368     -0.259709194178619    0.09431362215610224

22.39901794460351
103.8123352357069
27.97896037412385
130.2261779285227
39.64313611023854
185.7211328748823
 46.9218658465545
220.3843366619725
55.42330731258476
260.9592352056325

4.773170770564904

0
0
0
0
0
0
0
0
0
0

0

0
0
0
0
0
0
0
0
0
0

0

0
0
0
0
0
0
0
0
0
0

0

0
0
0
0
0
0
0
0
0
0

0

0
0
0
0
0
0
0
0
0
0

0

0
0
0
0
0
0
0
0
0
0

0

0
0
0
0
0
0
0
0
0
0

0

0
0
0
0
0
0
0
0
0
0

0

0
0
0
0
0
0
0
0
0
0

0

0
0
0
0
0
0
0
0
0
0

0

0
0
0
0
0
0
0
0
0
0

0

0
0
0
0
0
0
0
0
0
0

0

0
0
0
0
0
0
0
0
0
0

0

0
0
0
0
0
0
0
0
0
0

0

0
0
0
0
0
0
0
0
0
0

0

0
0
0
0
0
0
0
0
0
0

0

0
0
0
0
0
0
0
0
0
0

0

0
0
0
0
0
0
0
0
0
0

0

0
0
0
0
0
0
0
0
0
0

0

0
0
0
0
0
0
0
0
0
0

0

0
0
0
0
0
0
0
0
0
0

0

0
0
0
0
0
0
0
0
0
0

0

0
0
0
0
0
0
0
0
0
0

0

0
0
0
0
0
0
0
0
0
0

0

0
0
0
0
0
0
0
0
0
0

0

0
0
0
0
0
0
0
0
0
0

0

0
0
0
0
0
0
0
0
0
0

0

0
0
0
0
0
0
0
0
0
0

0

0
0
0
0
0
0
0
0
0
0

0

0
0
0
0
0
0
0
0
0
0

0

0
0
0
0
0
0
0
0
0
0

0

0
0
0
0
0
0
0
0
0
0

0

0
0
0
0
0
0
0
0
0
0

0

0
0
0
0
0
0
0
0
0
0

0

0
0
0
0
0
0
0
0
0
0

0

0
0
0
0
0
0
0
0
0
0

0

0
0
0
0
0
0
0
0
0
0

0

0
0
0
0
0
0
0
0
0
0

0

0
0
0
0
0
0
0
0
0
0

0

0
0
0
0
0
0
0
0
0
0

0

0
0
0
0
0
0
0
0
0
0

0

0
0
0
0
0
0
0
0
0
0

0

0
0
0
0
0
0
0
0
0
0

0

0
0
0
0
0
0
0
0
0
0

0

0
0
0
0
0
0
0
0
0
0

0

0
0
0
0
0
0
0
0
0
0

0

0
0
0
0
0
0
0
0
0
0

0

0
0
0
0
0
0
0
0
0
0

0

0
0
0
0
0
0
0
0
0
0

0

0
0
0
0
0
0
0
0
0
0

0

0
0
0
0
0
0
0
0
0
0

0

0
0
0
0
0
0
0
0
0
0

0

0
0
0
0
0
0
0
0
0
0

0

0
0
0
0
0
0
0
0
0
0

0

0
0
0
0
0
0
0
0
0
0

0

0
0
0
0
0
0
0
0
0
0

0

0
0
0
0
0
0
0
0
0
0

0

0
0
0
0
0
0
0
0
0
0

0

0
0
0
0
0
0
0
0
0
0

0

0
0
0
0
0
0
0
0
0
0

0

0
0
0
0
0
0
0
0
0
0

0

0
0
0
0
0
0
0
0
0
0

0

0
0
0
0
0
0
0
0
0
0

0

0
0
0
0
0
0
0
0
0
0

0

0
0
0
0
0
0
0
0
0
0

0

0
0
0
0
0
0
0
0
0
0

0

0
0
0
0
0
0
0
0
0
0

0

0
0
0
0
0
0
0
0
0
0

0

0
0
0
0
0
0
0
0
0
0

0

0
0
0
0
0
0
0
0
0
0

0

0
0
0
0
0
0
0
0
0
0

0

0
0
0
0
0
0
0
0
0
0

0

0
0
0
0
0
0
0
0
0
0

0

0
0
0
0
0
0
0
0
0
0

0

0
0
0
0
0
0
0
0
0
0

0

0
0
0
0
0
0
0
0
0
0

0

0
0
0
0
0
0
0
0
0
0

0

 0.05371948183974939 -0.01127487722816731   0.1079317219924583 -0.02438741334219192  0.03345137614441787 -0.01086859386540999 -0.08577204844018729  0.01634438625547455  -0.1199456447211636  0.02080231793678448

7.840424818245524e-05 1.874572311076744e-06  0.000255345067966683   -0.1083690406974965   0.04567711655873904   0.05419774198565753 -0.005657455039286146   -0.3419974413773909    0.9069951699136984      1.01728390974478

cov:
 0.8412224766148158   2.205181110249828   0.396024028036877  -0.138490857115712  0.5814379493205791  0.1544283295798313  0.6427363566897851 0.05918532914779431  0.7004863483919551 -0.1316701314411421
  2.205181110249828   41.57265738068036  -8.439220311445844  -6.469958597204853  -7.549694401598416    1.90897296500158   -8.34600893180385   1.117838382700709  -8.655842464993537   3.245734981684848
  0.396024028036877  -8.439220311445844    2.91931442223978   2.001668123432149   3.008510326004485 -0.5794077060513694   3.460831885478522 -0.4383693498266737   3.777294864245554  -1.340455753545051
 -0.138490857115712  -6.469958597204853   2.001668123432149   2.942083292637971   1.297062429783741   -1.41894186193522    1.52985503240895   -1.02040707553725   1.711802529193728  -1.029642921442035
 0.5814379493205791  -7.549694401598416   3.008510326004485   1.297062429783741   4.176867020854966  0.8233945680432341   4.935068855994771  0.5509613191689474    5.51104686088854   -1.31054587705468
 0.1544283295798313    1.90897296500158 -0.5794077060513694   -1.41894186193522  0.8233945680432341   4.671825904357783  0.6396735262966015   3.403597377062518  0.4325877368053025   2.042996995692549
 0.6427363566897851   -8.34600893180385   3.460831885478522    1.52985503240895   4.935068855994771  0.6396735262966015   6.051045073269155  0.8810866807423461   6.773861230945439  -1.677438198433265
0.05918532914779431   1.117838382700709 -0.4383693498266737   -1.02040707553725  0.5509613191689474   3.403597377062518  0.8810866807423461   4.841194835803365  0.3362652852924528   2.079155892087811
 0.7004863483919551  -8.655842464993537   3.777294864245554   1.711802529193728    5.51104686088854  0.4325877368053025   6.773861230945439  0.3362652852924528   7.891905433460788  -1.590801838711765
-0.1316701314411421   3.245734981684848  -1.340455753545051  -1.029642921442035   -1.31054587705468   2.042996995692549  -1.677438198433265   2.079155892087811  -1.590801838711765   4.621404643643376

cov.inverse():
   123.9691041860332   -25.98264693753984   -121.3663706934976    26.97511956057811   -40.76946772024009    7.104957579350994    -2.30560998415709   0.2432968939556907    40.98130144702965   -8.954333885939988
  -25.98264693753984    5.511280542259282    25.63717384535393    -5.63594477214877    8.594209919754292   -1.497235622755432   0.5818108677363377 -0.06388161375579933   -8.729604787736282    1.903500591753584
  -121.3663706935158    25.63717384535778     219.124753878369    -47.9219082851597   -114.3966214101335    25.46660353195394   -34.72124729900271    8.112660005420935    50.07497644188817   -11.29706233728033
   26.97511956058208     -5.6359447721496   -47.92190828515942    11.11885488051879    23.91195259567031   -5.180193474521286     7.40534838266354   -1.724237462568029   -10.28431527693255    2.298727263433145
  -40.76946772022018    8.594209919750115   -114.3966214101635    23.91195259567706    356.2696613319412   -73.59709685506496   -123.4048152571474    24.55639251197948   -73.78472116357339    17.27689195509188
   7.104957579346875   -1.497235622754571    25.46660353195992   -5.180193474522647   -73.59709685506466    15.73790258201801    24.52289228052079   -5.152547998894911    15.60813030316974   -3.749635726100281
  -2.305609984137379   0.5818108677321621   -34.72124729901374    7.405348382666103   -123.4048152571688    24.52289228052507    352.6472161458777   -73.24876177377904   -190.7003894575159    40.57980369809285
  0.2432968939503285 -0.06388161375465111    8.112660005425147    -1.72423746256898    24.55639251198325   -5.152547998895647    -73.2487617737789    15.66398332788128    40.00400346341631   -8.601731587681519
   40.98130144700374   -8.729604787730858    50.07497644191682   -10.28431527693901   -73.78472116356336    15.60813030316793   -190.7003894575289    40.00400346341907    170.3982148815772   -36.85338277369052
  -8.954333885934421    1.903500591752415   -11.29706233728665    2.298727263434558    17.27689195509005   -3.749635726099959    40.57980369809551   -8.601731587682087   -36.85338277369058    8.330163861965435

cov*(cov_.inverse()):
     1.000000000000068  2.886579864025407e-15 -8.659739592076221e-15 -3.341771304121721e-14    1.4210854715202e-14  5.495603971894525e-15 -3.996802888650564e-14  -5.52891066263328e-14  1.891820033961267e-13 -2.664535259100376e-14
 6.039613253960852e-14      1.000000000000001 -4.263256414560601e-14 -3.463895836830488e-14 -4.973799150320701e-14 -5.329070518200751e-15 -5.684341886080801e-14 -4.973799150320701e-14   -1.4210854715202e-13  7.460698725481052e-14
 1.048050535246148e-13 -1.376676550535194e-14      0.999999999999762  -8.43769498715119e-15  4.902744876744691e-13 -4.352074256530614e-14  7.105427357601002e-15 -3.730349362740526e-14                      0  5.329070518200751e-15
 4.085620730620576e-14 -3.774758283725532e-15 -2.486899575160351e-14      0.999999999999996  3.907985046680551e-14  3.996802888650564e-15  -1.56319401867222e-13 -8.881784197001252e-15   1.56319401867222e-13    1.4210854715202e-14
 8.881784197001252e-15  9.325873406851315e-15  1.598721155460225e-14 -4.085620730620576e-14     0.9999999999999361 -2.753353101070388e-14   1.77635683940025e-13 -9.237055564881302e-14  4.973799150320701e-14                      0
                     0  4.440892098500626e-16    1.4210854715202e-14 -1.598721155460225e-14 -3.552713678800501e-14     0.9999999999999956 -7.105427357601002e-14   1.77635683940025e-14   1.13686837721616e-13 -2.486899575160351e-14
 1.048050535246148e-13  3.108624468950438e-15 -2.131628207280301e-14 -1.953992523340276e-14  3.694822225952521e-13 -6.128431095930864e-14     0.9999999999993463 -2.664535259100376e-14  4.263256414560601e-13 -8.881784197001252e-14
                     0 -8.881784197001252e-16  7.105427357601002e-15 -1.154631945610163e-14  -1.13686837721616e-13  1.865174681370263e-14  8.526512829121202e-14     0.9999999999999929    1.4210854715202e-14  -1.06581410364015e-14
-3.375077994860476e-14  1.376676550535194e-14  2.486899575160351e-14 -2.309263891220326e-14  5.329070518200751e-14                      0  3.410605131648481e-13 -1.580957587066223e-13     0.9999999999999503  -1.77635683940025e-15
-2.131628207280301e-14                      0 -2.842170943040401e-14  2.131628207280301e-14  2.842170943040401e-14 -7.105427357601002e-15 -8.526512829121202e-14  2.131628207280301e-14 -5.684341886080801e-14      1.000000000000007
