5
2

8.972746693385759e-05
0.0003866807769529773
0.0006972859466775146
  0.01652315130560102
   0.5204893207137012

 -0.5628703078473952   0.7878843045003683  -0.2491867691814829 0.008227392125723862  0.01592492855410688
 -0.2393843540215671  0.08210883327642549   0.7783402747624867  -0.5725286691203174 -0.04848309257499463
  0.2450417798667619   0.2437760414946543   0.1680488495819266   0.2365322047840625  -0.8923787693390665
 -0.6065675093274648  -0.3380502676319359   0.3207401266955162   0.6435398226035293  -0.0279310048694154
  0.4448623723596557   0.4458606512881892    0.448305393709563   0.4495022201030115   0.4475218177751659

0.4013570893544559
0.4013810590387095
0.4013292533977412
0.4013452745185798
0.4013787082185444

0.0005699053594544493
   0.4016141249458174

0
0
0
0
0

0
0

0
0
0
0
0

0
0

0
0
0
0
0

0
0

0
0
0
0
0

0
0

0
0
0
0
0

0
0

0
0
0
0
0

0
0

0
0
0
0
0

0
0

0
0
0
0
0

0
0

0
0
0
0
0

0
0

0
0
0
0
0

0
0

0
0
0
0
0

0
0

0
0
0
0
0

0
0

0
0
0
0
0

0
0

0
0
0
0
0

0
0

0
0
0
0
0

0
0

0
0
0
0
0

0
0

0
0
0
0
0

0
0

0
0
0
0
0

0
0

0
0
0
0
0

0
0

0
0
0
0
0

0
0

0
0
0
0
0

0
0

0
0
0
0
0

0
0

0
0
0
0
0

0
0

0
0
0
0
0

0
0

0
0
0
0
0

0
0

0
0
0
0
0

0
0

0
0
0
0
0

0
0

0
0
0
0
0

0
0

0
0
0
0
0

0
0

0
0
0
0
0

0
0

0
0
0
0
0

0
0

0
0
0
0
0

0
0

0
0
0
0
0

0
0

0
0
0
0
0

0
0

0
0
0
0
0

0
0

0
0
0
0
0

0
0

0
0
0
0
0

0
0

0
0
0
0
0

0
0

0
0
0
0
0

0
0

0
0
0
0
0

0
0

0
0
0
0
0

0
0

0
0
0
0
0

0
0

0
0
0
0
0

0
0

0
0
0
0
0

0
0

0
0
0
0
0

0
0

0
0
0
0
0

0
0

0
0
0
0
0

0
0

0
0
0
0
0

0
0

0
0
0
0
0

0
0

0
0
0
0
0

0
0

0
0
0
0
0

0
0

0
0
0
0
0

0
0

0
0
0
0
0

0
0

0
0
0
0
0

0
0

0
0
0
0
0

0
0

0
0
0
0
0

0
0

0
0
0
0
0

0
0

0
0
0
0
0

0
0

0
0
0
0
0

0
0

0
0
0
0
0

0
0

0
0
0
0
0

0
0

0
0
0
0
0

0
0

0
0
0
0
0

0
0

0
0
0
0
0

0
0

0
0
0
0
0

0
0

0
0
0
0
0

0
0

0
0
0
0
0

0
0

0
0
0
0
0

0
0

0
0
0
0
0

0
0

0
0
0
0
0

0
0

0
0
0
0
0

0
0

0
0
0
0
0

0
0

0
0
0
0
0

0
0

0
0
0
0
0

0
0

0
0
0
0
0

0
0

0
0
0
0
0

0
0

0
0
0
0
0

0
0

   1.063331512659873    3.912579107807282   -4.760035736808633 -0.04814753383723009  -0.1675808174155152
   1.293919325323514   0.2054987435563639  -0.3979712988474072  -0.1130522723143686  0.01165342824218449

 2.952481530633371e-08 -5.386567468889707e-07  2.686746192541842e-07 -0.0009611938932769199  -0.003545372082846538
-3.767674474244965e-09 -8.051270477205208e-08  1.279414555616976e-07 -0.0002880420196680843     0.1200737168615214

cov:
0.05371409185915552 0.05378991701740051 0.05397542464288289 0.05406626205634815 0.05393863280266874
0.05378991701740051 0.05388572705706737 0.05412021341865521 0.05423497648368798 0.05405761268618763
0.05397542464288289 0.05412021341865521 0.05447489247848018 0.05464836144968947 0.05434901177503246
0.05406626205634815 0.05423497648368798 0.05464836144968947 0.05485094215458265 0.05449163089175877
0.05393863280266874 0.05405761268618763 0.05434901177503246 0.05449163089175877 0.05425713773752506

cov.inverse():
 39860014.10250606 -55091147.61887267  16259239.74642427  459195.5635883381 -1485420.623277762
-55091147.61816762  77271232.24460319 -23874498.18070121  608541.9394642621  1084424.649782754
 16259239.74468441 -23874498.17856913  11822698.94984031 -3152446.811300024  -1053738.28033022
 459195.5648154439  608541.9377523181 -3152446.810786294  2317240.539833536 -232274.5577718922
-1485420.623469827  1084424.650067317 -1053738.280451573 -232274.5577430387  1685083.425642429

cov*(cov_.inverse()):
     1.000000000902219 -6.257323548197746e-10  2.546585164964199e-10 -1.818989403545856e-12 -1.455191522836685e-11
 5.529727786779404e-10     0.9999999995052349  2.837623469531536e-10 -5.456968210637569e-12 -1.455191522836685e-11
-1.455191522836685e-10  5.165929906070232e-10      1.000000000152795 -1.637090463191271e-11 -1.455191522836685e-11
 3.201421350240707e-10  1.673470251262188e-10   2.91038304567337e-11      1.000000000020009                      0
 4.074536263942719e-10  2.692104317247868e-10  -2.91038304567337e-11 -1.818989403545856e-12     0.9999999999854481
