5
2

8.982967725764136e-05
0.0003869250960655113
0.0006976830089672498
   0.0165232415296457
   0.5205196516179301

 -0.5628741750655443   0.7878652560244397  -0.2492345922136873 0.008243189310479836  0.01597401852684606
 -0.2398974234480429  0.08166633935649949   0.7780004856392292  -0.5729856149959451 -0.04671792580949478
  0.2446288759263597   0.2440535778807581   0.1696037557678598    0.235413997748788  -0.8924177160276331
 -0.6065471153553698   -0.338035649284483   0.3207464952675655   0.6435611877324543 -0.02798535482827369
  0.4448361486933806    0.445834832984225   0.4482785007026438   0.4494761196615866   0.4476267487263487

0.4013569485736435
0.4013812179456943
0.4013292898990012
0.4013452830044684
0.4013660912231768

0.0005699053594544493
   0.4016141249458174

   1.069483780309788     3.90395774857297   -4.759511784292424 -0.04715248897140027  -0.1665913063485213
    1.29153426316606   0.2088807722378778  -0.3958654506686096  -0.1146455527312133    0.010142880691212

 2.950963319455013e-08 -5.398349853858078e-07  2.651580530809209e-07 -0.0009611989113423062  -0.003545544354266658
-3.748392554913742e-09 -8.017689303803171e-08  1.283802289875422e-07   -0.00028803982555897     0.1200807232137201

cov:
0.05371401355137756 0.05378989648749549 0.05397529547711474  0.0540662352950079  0.0539543948232975
0.05378989648749549 0.05388576398285669  0.0541201406501458  0.0542350072807968 0.05407346217703557
0.05397529547711474  0.0541201406501458 0.05447470715043428 0.05464828248051272 0.05436482486779047
 0.0540662352950079  0.0542350072807968 0.05464828248051272 0.05485097327935202 0.05450758689568803
 0.0539543948232975 0.05407346217703557 0.05436482486779047 0.05450758689568803 0.05428891180905963

cov.inverse():
 39771656.20204374 -54964531.25783318  16223065.48150365  460036.7607522056 -1487831.385702238
 -54964531.2572033  77091750.12674893 -23825363.29845298  609512.8551793759  1086756.251627265
  16223065.4799883 -23825363.29663371  11800476.79022285  -3149443.97384186 -1047139.464802474
  460036.761828103  609512.8536945059 -3149443.973377074  2316767.297848031 -236547.3842562039
-1487831.385892377  1086756.251922313 -1047139.464963111 -236547.3842004762  1682342.611439822

cov*(cov_.inverse()):
    0.9999999997817213 -8.949427865445614e-10  1.455191522836685e-11 -1.091393642127514e-11 -1.455191522836685e-11
-4.656612873077393e-10     0.9999999995634425 -1.964508555829525e-10  1.818989403545856e-12 -1.455191522836685e-11
 -6.83940015733242e-10 -5.311449058353901e-10     0.9999999997453415 -3.637978807091713e-12                      0
-3.201421350240707e-10 -4.511093720793724e-10  1.455191522836685e-11     0.9999999999836291 -1.455191522836685e-11
-2.328306436538696e-10 -4.220055416226387e-10 -7.275957614183426e-12   -1.2732925824821e-11     0.9999999999854481
