5
1

0.001964935964182937
0.002231705960579332
0.008467812590006138
 0.09073384141104732
  0.5646654625473444

   0.449695777977253  -0.8085543553187485   0.3722069802680801 -0.05807983810998535  0.04585038723228933
  0.1372582138775501    0.111380145308933  -0.1180920592092576  -0.7531348359150977   0.6225727511198689
  0.4945465572811713  -0.1081728617718014   -0.800645401854869   0.2977025199960244   0.1185853478896614
 -0.6090503216933197  -0.3797925356817989  -0.1091392074987684   0.3427646153638415   0.5961680864711499
  0.4042465810853359    0.421770766581246    0.441102939535241   0.4725465896382616   0.4907362219083721

0.4001029679274433
0.4003446015084206
0.3999677111658247
0.3998403800148346
0.3997261920044732

0.00175508601027912

  5.843875657100046 -0.0156927026791491  -5.887564961479967  0.9799942371804651 -0.9219513002412948

1.351619073009743e-06  9.14407929764926e-07 0.0005584320770331563  -0.02572220032528497  -0.07353128485608877

cov:
0.05517673378381975 0.05626238233506617 0.05737441958598297  0.0591991636462198 0.06026785954862414
0.05626238233506617 0.05791081169394956 0.05966591790530038 0.06247397985184282 0.06412964204387038
0.05737441958598297 0.05966591790530038 0.06218328297651394  0.0661363187374807 0.06847652792225524
 0.0591991636462198 0.06247397985184282  0.0661363187374807  0.0721750677671552 0.07562176209569439
0.06026785954862414 0.06412964204387038 0.06847652792225524 0.07562176209569439 0.07971436368447032

cov.inverse():
 59616.22401953569 -91821.95768154519  34583.75764641835 -25491.85339078218  23272.22099600366
-91821.95768149836  171997.3008183388 -79373.99479724388 -5143.884875591268  4115.101836335596
 34583.75764638989 -79373.99479723029  47623.76167496652  8930.380219731338 -11672.97919783097
-25491.85339088313 -5143.884875407195  8930.380219648783  116010.9771286048 -94315.00999699511
 23272.22099608611  4115.101836184974 -11672.97919776338  -94315.0099969943  78607.23074595348

cov*(cov_.inverse()):
     1.000000000001137 -1.335820343228988e-12   1.13686837721616e-13 -9.094947017729282e-13                      0
 2.046363078989089e-12     0.9999999999988631  4.547473508864641e-13 -1.818989403545856e-12                      0
 6.821210263296962e-13 -7.389644451905042e-13     0.9999999999998863 -1.818989403545856e-12                      0
 4.547473508864641e-13 -5.115907697472721e-13 -5.684341886080801e-13     0.9999999999990905 -9.094947017729282e-13
 9.094947017729282e-13  -1.13686837721616e-12 -3.410605131648481e-13 -9.094947017729282e-13                      1
