5
1

0.001773217508732768
0.002013980378614013
 0.00759157358564152
  0.0826407591415308
  0.5554539087731228

  0.4485969704733119  -0.8092963249666966   0.3730289055144444 -0.05358565322709868   0.0421690632630863
  0.1399663634668173   0.1065015896122762  -0.1159061612678107  -0.7534402037098441   0.6228647122142676
  0.4943256134627736  -0.1085738697826536  -0.8006615819255293   0.2978174240200909   0.1187422243922463
 -0.6043081813519777  -0.3743376099166603  -0.1034113178843469   0.3484955057420896   0.6021129109759529
  0.4118543249812482   0.4263565859791061   0.4423373463690218   0.4683076997333022   0.4833442323688134

0.4002861646108798
0.4004955459385296
0.4001952325003416
0.4001191436461173
 0.400026759387295

0.001430254651644769

0
0
0
0
0

0

0
0
0
0
0

0

0
0
0
0
0

0

0
0
0
0
0

0

0
0
0
0
0

0

0
0
0
0
0

0

0
0
0
0
0

0

0
0
0
0
0

0

0
0
0
0
0

0

0
0
0
0
0

0

0
0
0
0
0

0

0
0
0
0
0

0

0
0
0
0
0

0

0
0
0
0
0

0

0
0
0
0
0

0

0
0
0
0
0

0

0
0
0
0
0

0

0
0
0
0
0

0

0
0
0
0
0

0

0
0
0
0
0

0

0
0
0
0
0

0

0
0
0
0
0

0

0
0
0
0
0

0

0
0
0
0
0

0

0
0
0
0
0

0

0
0
0
0
0

0

0
0
0
0
0

0

0
0
0
0
0

0

0
0
0
0
0

0

0
0
0
0
0

0

0
0
0
0
0

0

0
0
0
0
0

0

0
0
0
0
0

0

0
0
0
0
0

0

0
0
0
0
0

0

0
0
0
0
0

0

0
0
0
0
0

0

0
0
0
0
0

0

0
0
0
0
0

0

0
0
0
0
0

0

0
0
0
0
0

0

0
0
0
0
0

0

0
0
0
0
0

0

0
0
0
0
0

0

0
0
0
0
0

0

0
0
0
0
0

0

0
0
0
0
0

0

0
0
0
0
0

0

0
0
0
0
0

0

0
0
0
0
0

0

0
0
0
0
0

0

0
0
0
0
0

0

0
0
0
0
0

0

0
0
0
0
0

0

0
0
0
0
0

0

0
0
0
0
0

0

0
0
0
0
0

0

0
0
0
0
0

0

0
0
0
0
0

0

0
0
0
0
0

0

0
0
0
0
0

0

0
0
0
0
0

0

0
0
0
0
0

0

0
0
0
0
0

0

0
0
0
0
0

0

0
0
0
0
0

0

0
0
0
0
0

0

0
0
0
0
0

0

0
0
0
0
0

0

0
0
0
0
0

0

0
0
0
0
0

0

0
0
0
0
0

0

0
0
0
0
0

0

0
0
0
0
0

0

0
0
0
0
0

0

0
0
0
0
0

0

0
0
0
0
0

0

   5.854090026907994 -0.02687064161352822   -5.884288008074095   0.9688567011322061  -0.9127072266177043

1.139680014489443e-06 8.115091340690682e-07 0.0004488513601695878  -0.02138331589414874  -0.05883440383591106

cov:
0.05484277333736053 0.05571747609383353  0.0566118149965892  0.0580770996538009 0.05893688249329727
0.05571747609383353 0.05704418343596754 0.05845493969841349 0.06070978821814462 0.06204083386086571
 0.0566118149965892 0.05845493969841349 0.06047798262101744 0.06365221207677355 0.06553291852668267
 0.0580770996538009 0.06070978821814462 0.06365221207677355 0.06850101262718977 0.07126991490219602
0.05893688249329727 0.06204083386086571 0.06553291852668267 0.07126991490219602 0.07455742022809872

cov.inverse():
 73125.15515941089 -112684.6892251322  42362.60586845307 -31120.12821791681  28475.59760425162
-112684.6892251305  211322.9518591138 -97540.80658628473 -6570.467391015507  5244.850506510786
 42362.60586844702 -97540.80658627974  58692.46967583586  11030.74252997309 -14454.03904296751
-31120.12821790704 -6570.467391020406  11030.74252996312  142425.2802617332 -115773.2350921296
 28475.59760424626  5244.850506512282 -14454.03904295857 -115773.2350921347  96512.27342778564

cov*(cov_.inverse()):
    0.9999999999990905 -3.979039320256561e-13 -9.094947017729282e-13                      0                      0
-6.821210263296962e-13      1.000000000000057 -7.958078640513122e-13  9.094947017729282e-13                      0
-4.547473508864641e-13  4.547473508864641e-13     0.9999999999990905  9.094947017729282e-13  9.094947017729282e-13
-1.364242052659392e-12   1.13686837721616e-12 -1.591615728102624e-12      1.000000000001819                      0
                     0   1.70530256582424e-13 -2.273736754432321e-13                      0                      1
