5 
11 
12 
14 
15 
inputFileName = /Users/demattia/RemoteProjects/extracted_endcaps.root
eventsFractionStartBuild = 0
eventsFractionEndBuild = 0.2
eventsFractionStartTest = 0.8
eventsFractionEndTest = 1
var name = R
var name = z
par name = cotTheta
firstOrderChargeOverPtCoefficientsFileName = 
firstOrderCotThetaCoefficientsFileName = 
2 < pT < 10, pT regions = 1
0 < phi < 0.8, phi regions = 1
-3 < eta < 3, eta regions = 1
-15 < z0 < 15, eta regions = 1
charge regions = 1
endcap regions = 0
Training
Requested running from track number 0 to track number 1000000 for a total of 1000000 tracks.
Analyzed 10% of 1000000 tracks
Analyzed 20% of 1000000 tracks
Analyzed 30% of 1000000 tracks
Analyzed 40% of 1000000 tracks
Analyzed 50% of 1000000 tracks
Analyzed 60% of 1000000 tracks
Analyzed 70% of 1000000 tracks
Analyzed 80% of 1000000 tracks
Analyzed 90% of 1000000 tracks
Analyzed 100% of 1000000 tracks
Evaluating eigenvalues:
geomIndex = 0
Sqrt(eigenvalues) of cov:
 0.0788428 0.380521 1.0705 1.25639 1.5108 2.15736 2.30186 2.82734 5.93241 15.4031
Analyzed 10% of 1000000 tracks
Analyzed 20% of 1000000 tracks
Analyzed 30% of 1000000 tracks
Analyzed 40% of 1000000 tracks
Analyzed 50% of 1000000 tracks
Analyzed 60% of 1000000 tracks
Analyzed 70% of 1000000 tracks
Analyzed 80% of 1000000 tracks
Analyzed 90% of 1000000 tracks
Analyzed 100% of 1000000 tracks
opening GeometricIndex.txt for writing
Matrices built:
geomIndex = 0

V_0:
  -0.203373   0.0652178    0.747118   -0.244901    -0.54752     0.19026 -0.00288111  -0.0139508  0.00667971 0.000443963
   0.634134   -0.170284   -0.279957   0.0742495   -0.604169    0.185313    0.179442  -0.0367312    0.210645  -0.0877982
  -0.667638  -0.0479302   -0.361216    0.257426   -0.348842   0.0366641    0.409448   -0.249746 -0.00557977   0.0461545
  -0.313354  -0.0618659   -0.204692  -0.0583755   -0.101982      0.1261   -0.462698    0.398881    0.528142   -0.417426
 -0.0621216  -0.0145854   -0.251647   -0.588343     0.16564    0.665584    0.204613     0.16263   -0.137525     0.16967
  0.0358006   0.0564021   0.0101394    -0.23862    0.151601   0.0677251   0.0563625    -0.61039  -0.0480643   -0.729974
 -0.0109447  -0.0078915  -0.0616152  -0.0116591   0.0190082    0.207617   -0.490748   -0.611987    0.330844    0.477074
   0.045156    0.101873    0.200943    0.678788    0.188837     0.64796  -0.0186169   0.0451914   -0.090056   -0.142973
 -0.0723064   -0.805285 -0.00764727   0.0282518  -0.0816229   0.0405169   -0.323798  -0.0236792   -0.477356  -0.0620708
 0.00736266    0.546175   -0.288793 -0.00782038   -0.331676  0.00521935   -0.441574    0.028671   -0.556739   -0.048702
corrPV_0:
 0.00107499   0.0213666  -0.0385599  -0.0166603  -0.0074401  -0.0678608  -0.0572358 -0.00586268     1.04824      4.4481
D_0:
   0.0819269   -0.0260935    0.0977542   -0.0337211    -0.182768    0.0531131   0.00299007    0.0111404 -0.000162414  -0.00774648
opening matrixVD_0.txt for writing
