10
1

0.0788428272004023
0.3805207836262482
 1.070500035501002
 1.256392882625355
 1.510797934027418
 2.157364646645374
 2.301860472357182
 2.827339882342909
 5.932412430382389
 15.40309407261367

  -0.2033728587552114   0.06521776423531744    0.7471176057251794   -0.2449007826052056   -0.5475200791759531    0.1902604408360005 -0.002881113247379562  -0.01395079038505809  0.006679710162785651 0.0004439628271069698
   0.6341338553103946   -0.1702839842082883   -0.2799568699653099   0.07424952119715737    -0.604168637532824    0.1853126325422176     0.179441744506042  -0.03673123746504594    0.2106447520263651  -0.08779822572932576
  -0.6676381269343458  -0.04793023835491982   -0.3612163556832416    0.2574256259854783   -0.3488416962246969   0.03666410501316436    0.4094481212934873    -0.249745664159743 -0.005579766393421315   0.04615446864648396
  -0.3133544552111732  -0.06186592955783929   -0.2046923002058049  -0.05837551647096925   -0.1019820213075416    0.1261002093665934   -0.4626975380813446    0.3988809660867601    0.5281418391763079   -0.4174260639428379
 -0.06212162743854794  -0.01458541043460789   -0.2516469247373252   -0.5883427195353099    0.1656396678138074    0.6655840190775402    0.2046130566257332    0.1626302124119261   -0.1375251871515906    0.1696702295927338
  0.03580063249924263   0.05640207572734316   0.01013936622028489   -0.2386203632996971    0.1516007424656831   0.06772506775321911   0.05636246239545079   -0.6103897829881133  -0.04806429442223348   -0.7299743662468482
 -0.01094465921446657 -0.007891501746329313  -0.06161522270260152  -0.01165908662684913   0.01900823966605076     0.207617313634314   -0.4907478537438313   -0.6119869287131412    0.3308443256356317    0.4770742938935797
  0.04515599461239725    0.1018726199749335    0.2009430685254917    0.6787877959047542    0.1888371768238853     0.647959947497171  -0.01861692161832327   0.04519143167394227  -0.09005603853581474   -0.1429734189873605
 -0.07230636657535761   -0.8052846805047718  -0.00764726962562064   0.02825178659802995  -0.08162287999225502   0.04051688637432617   -0.3237979703713341  -0.02367918669126265   -0.4773564667703682  -0.06207084687795914
 0.007362661799314532    0.5461754804653388   -0.2887927044284819 -0.007820384671695527   -0.3316757255093185  0.005219354186586511   -0.4415735298763528   0.02867100118157776   -0.5567392801710851   -0.0487020325064925

22.68242198692785
71.24481814183441
42.10976081008702
131.0667445073539
50.02716988608312
155.7127095822842
70.97392526030593
221.0345994930315
83.68122429654616
261.2916780292058

3.139455109943969

   0.08192692460176654   -0.02609348186331889    0.09775422158765344   -0.03372112955427672    -0.1827676001254936    0.05311307557602735   0.002990068682721307    0.01114035761648184 -0.0001624143197353021  -0.007746484119743369

 0.001074993654069461   0.02136660435699527  -0.03855993251996993   -0.0166602888480022 -0.007440102949818575  -0.06786082044490351  -0.05723579228040355 -0.005862681945654289     1.048238553336868     4.448095884405622

cov:
  0.9528544769799375      3.1035473778869 -0.02057036244717268  0.04285507008179239 -0.04028028009772775 -0.02887338751620952 -0.01318176512666619   0.0277994956765634 -0.03563152897183108  0.01101366354728346
     3.1035473778869    93.70896795372997   -36.98161411399218   -1.314227722935441   -40.43522594101911   0.0238464079756747   -48.01212963617066    4.258771574747753   -58.76697067311798   -4.845076931935413
-0.02057036244717268   -36.98161411399218    20.50783488205262    1.857210280061443    23.15603130422597    0.162864222408301    30.33087539307036    -1.83200312345914    37.92212166900159    2.955667461000963
 0.04285507008179239   -1.314227722935441    1.857210280061443    4.864096033853017    1.067747416413713    2.565561243359875   0.2546484731282938   0.5549735393174773   0.2392735421824935  -0.1426271054275524
-0.04028028009772775   -40.43522594101911    23.15603130422597    1.067747416413713    27.00178797050093   0.7195305895211148    35.61308198769679   -2.511878945229527    44.89231305637399    3.448498044955822
-0.02887338751620952   0.0238464079756747    0.162864222408301    2.565561243359875   0.7195305895211148    4.713209505113991   -1.386282966157288  -0.3148421232246256   -1.586134200884855  -0.4203951868172512
-0.01318176512666619   -48.01212963617066    30.33087539307036   0.2546484731282938    35.61308198769679   -1.386282966157288    51.87552614964896   -1.642938768497284     62.4603143340184    4.802402177150163
  0.0277994956765634    4.258771574747753    -1.83200312345914   0.5549735393174773   -2.511878945229527  -0.3148421232246256   -1.642938768497284    4.332794309427421   -4.076160544055122 -0.01700873603307829
-0.03563152897183108   -58.76697067311798    37.92212166900159   0.2392735421824935    44.89231305637399   -1.586134200884855     62.4603143340184   -4.076160544055122    82.70433389675796     8.17409969288536
 0.01101366354728346   -4.845076931935413    2.955667461000963  -0.1426271054275524    3.448498044955822  -0.4203951868172512    4.802402177150163 -0.01700873603307829     8.17409969288536    4.892069796112933

cov.inverse():
    9.884422794579024    -2.836164749801078    -25.40997028770661     8.217094960012933     15.48838097588046    -5.473943404847049    0.7298572447576848    0.3543247320978953    0.6055335923949157   -0.3549625582749288
   -2.836164749801078    0.9106964421360684     8.194716059453787    -2.656327104611405     -5.01099257806058     1.775328192493469   -0.2339850097717842   -0.1146975882098383   -0.1898117058711911    0.1111855835256713
   -25.40997028770603     8.194716059453643      90.5108631335181       -29.56995510074    -64.52754055440771     22.42162815709553   -0.7788708432827594    -1.589752681671935    0.3385557136750983    0.2333289834630869
     8.21709496001283     -2.65632710461136    -29.56995510073999     9.968047679044524      21.1518496805644    -7.517575366316973    0.2582335742700764     0.454473294858654   -0.1467578986589334  -0.05625515312873974
     15.4883809758801    -5.010992578060431    -64.52754055440708      21.1518496805642     50.88122922839916    -17.48415323709932   -0.5738554448536611     1.423104956250363    -1.510295474452735    0.3272383665391856
   -5.473943404846826     1.775328192493417     22.42162815709535    -7.517575366316917    -17.48415323709935     6.327534140203354    0.1569720043622649   -0.4319323905647632    0.4803467169857009  -0.08476065831015125
   0.7298572447576849    -0.233985009771784   -0.7788708432827424    0.2582335742700705   -0.5738554448536803    0.1569720043622712    0.5739537313325317   -0.1812788893409091   0.06323240540328166   -0.0069863608491656
   0.3543247320978934   -0.1146975882098389     -1.58975268167198     0.454473294858669     1.423104956250412   -0.4319323905647792    -0.181278889340909    0.3584477038443961    0.0242838542252463  -0.04231446107008699
   0.6055335923949948   -0.1898117058712157    0.3385557136748181   -0.1467578986588419    -1.510295474452527     0.480346716985629   0.06323240540327836   0.02428385422525356    0.5285861311242523   -0.2374649109971273
  -0.3549625582749553    0.1111855835256799    0.2333289834631941  -0.05625515312877477    0.3272383665391022  -0.08476065831012253 -0.006986360849164052  -0.04231446107008967   -0.2374649109971258     0.338246475284852

cov*(cov_.inverse()):
     1.000000000000145  -1.09198674408395e-14 -1.752998787796223e-13 -2.504767226962912e-14 -5.902656835532483e-14 -6.970216504670335e-14 -7.080111236873465e-16  4.253921433855501e-15 -3.352786798194174e-15 -1.535230276239474e-16
-3.597122599785507e-14      1.000000000000029  1.512123759539463e-13 -7.466249840604178e-14 -1.010302952408892e-13  3.347322419244847e-14 -3.760880495917718e-15  5.273559366969494e-16  8.659739592076221e-15 -2.664535259100376e-15
-1.865174681370263e-14  3.835820550079916e-14      1.000000000000223 -2.336186799567486e-13 -3.752553823233029e-13 -1.354472090042691e-14 -6.002143226879753e-16  8.049116928532385e-16 -5.773159728050814e-15  4.662936703425657e-15
 1.462024945553253e-14 -6.106226635438361e-15 -5.502542865798432e-15     0.9999999999999993  2.821354261328679e-14 -9.913944665207453e-15  1.652324110867909e-16  4.510281037539698e-16 -5.065392549852277e-16  6.938893903907228e-18
 1.021405182655144e-13   2.23709939461969e-14 -2.314815006343451e-13 -1.112998582186719e-14     0.9999999999996845  2.359223927328458e-14  8.569533971325427e-16  1.193489751472043e-15 -4.662936703425657e-15  2.664535259100376e-15
 2.498001805406602e-16  -1.27675647831893e-15  2.831068712794149e-15  -2.01574867908505e-15  1.135203042679223e-14     0.9999999999999977  4.224051664003525e-16 -1.249000902703301e-16 -1.387778780781446e-17  2.775557561562891e-17
 1.909583602355269e-13  9.214851104388799e-15 -1.971756091734278e-13 -6.888933867799096e-14 -4.314326673693358e-13 -2.021161016330097e-13      0.999999999999999 -1.554312234475219e-15  6.661338147750939e-16  3.996802888650564e-15
-1.159922852211892e-14 -2.999553730398397e-15 -1.747560429699035e-14  4.393620883780258e-15  2.817190924986335e-14  1.278057520925913e-15   6.63789227577094e-16     0.9999999999999996 -3.469446951953614e-17 -4.076600168545497e-16
 1.252331571777177e-13  2.220446049250313e-16  2.420286193682841e-13 -4.196643033083092e-14 -8.504308368628699e-13 -4.196643033083092e-14 -1.686845108039847e-14  -1.27675647831893e-15     0.9999999999999936   8.43769498715119e-15
 1.287858708565182e-14  4.773959005888173e-15  5.551115123125783e-14 -2.736699755701011e-14  -4.04121180963557e-14  -3.83026943495679e-15 -6.314393452555578e-16  -1.02695629777827e-15  1.554312234475219e-15                      1
