5
2

0.0001304499025591104
0.0005802315396394352
0.0009529514200086741
  0.02164160056469605
   0.5173445906526684

  -0.624529601574368   0.7750413957184665 -0.01820579255825586 -0.07577492796684453 -0.05657138047704788
-0.05145730887499751 -0.05884504390832978   0.1538684554437138  -0.7180890166023628   0.6742121838302741
 0.05934955747061076  0.08516511489672454  -0.8473566492890382   0.2407668609941183   0.4617819407310815
 -0.6372067137158438  -0.4360119514166024    0.239198045849374   0.4680262392388593   0.3572071058407325
  0.4447023230703906   0.4455205687246249   0.4480670165323342   0.4489867287099252   0.4487740331584013

0.4009147967207273
0.4010454622846099
0.4013015868845955
0.4013869003179362
0.4014396776524601

-0.0008657331538220468
    0.4009879335337264

0
0
0
0
0

0
0

0
0
0
0
0

0
0

0
0
0
0
0

0
0

0
0
0
0
0

0
0

0
0
0
0
0

0
0

0
0
0
0
0

0
0

0
0
0
0
0

0
0

0
0
0
0
0

0
0

0
0
0
0
0

0
0

0
0
0
0
0

0
0

0
0
0
0
0

0
0

0
0
0
0
0

0
0

0
0
0
0
0

0
0

0
0
0
0
0

0
0

0
0
0
0
0

0
0

0
0
0
0
0

0
0

0
0
0
0
0

0
0

0
0
0
0
0

0
0

0
0
0
0
0

0
0

0
0
0
0
0

0
0

0
0
0
0
0

0
0

0
0
0
0
0

0
0

0
0
0
0
0

0
0

0
0
0
0
0

0
0

0
0
0
0
0

0
0

0
0
0
0
0

0
0

0
0
0
0
0

0
0

0
0
0
0
0

0
0

0
0
0
0
0

0
0

0
0
0
0
0

0
0

0
0
0
0
0

0
0

0
0
0
0
0

0
0

0
0
0
0
0

0
0

0
0
0
0
0

0
0

0
0
0
0
0

0
0

0
0
0
0
0

0
0

0
0
0
0
0

0
0

0
0
0
0
0

0
0

0
0
0
0
0

0
0

0
0
0
0
0

0
0

0
0
0
0
0

0
0

0
0
0
0
0

0
0

0
0
0
0
0

0
0

0
0
0
0
0

0
0

0
0
0
0
0

0
0

0
0
0
0
0

0
0

0
0
0
0
0

0
0

0
0
0
0
0

0
0

0
0
0
0
0

0
0

0
0
0
0
0

0
0

0
0
0
0
0

0
0

0
0
0
0
0

0
0

0
0
0
0
0

0
0

0
0
0
0
0

0
0

0
0
0
0
0

0
0

0
0
0
0
0

0
0

0
0
0
0
0

0
0

0
0
0
0
0

0
0

0
0
0
0
0

0
0

0
0
0
0
0

0
0

0
0
0
0
0

0
0

0
0
0
0
0

0
0

0
0
0
0
0

0
0

0
0
0
0
0

0
0

0
0
0
0
0

0
0

0
0
0
0
0

0
0

0
0
0
0
0

0
0

0
0
0
0
0

0
0

0
0
0
0
0

0
0

0
0
0
0
0

0
0

0
0
0
0
0

0
0

0
0
0
0
0

0
0

0
0
0
0
0

0
0

0
0
0
0
0

0
0

0
0
0
0
0

0
0

0
0
0
0
0

0
0

0
0
0
0
0

0
0

  3.660565619764474  -1.363533339580793 -0.1230854176748449 -0.9268964081095999  -1.247185774007325
  1.214671355651562  0.1214571564590466 0.05511398235218773 -0.1842181058676007 -0.2071574559360609

-5.445317939540023e-08 -1.017878422584613e-07 -5.391206353899828e-07  -0.001239641689617365  -0.002847588337540486
-1.088740254361963e-08 -2.307986400946737e-08 -9.470043729928545e-08 -0.0004561756336940684     0.1186459380277523

cov:
0.05311978073743789 0.05315711221018179 0.05325864075829809 0.05329988979265324 0.05330763483432079
0.05315711221018179   0.053213615689868 0.05337928657735182  0.0534423261256599 0.05343958412602065
0.05325864075829809 0.05337928657735182 0.05376103743129294 0.05389608543700303 0.05385806525204574
0.05329988979265324  0.0534423261256599 0.05389608543700303 0.05405721545401758 0.05400707566505376
0.05330763483432079 0.05343958412602065 0.05385806525204574 0.05400707566505376 0.05396339684218811

cov.inverse():
 22932818.41701286 -28428829.01530653  588930.7641678147  2905790.101365881   2002812.99546748
-28428829.01536481  35317669.00208069 -935759.4277356343 -3303485.912214356 -2651391.689315816
 588930.7642634585 -935759.4278531689  880585.3732885952 -471540.2310077285 -62042.55500800833
 2905790.101052856 -3303485.911819386 -471540.2310246032  1933346.911554448 -1063351.384156829
 2002812.995743022 -2651391.689651381 -62042.55501303196 -1063351.384091754  1773332.326483957

cov*(cov_.inverse()):
    0.9999999997962732 -1.455191522836685e-10  5.002220859751105e-12                      0  1.455191522836685e-11
-2.764863893389702e-10      1.000000000058208  5.456968210637569e-12 -2.182787284255028e-11  4.365574568510056e-11
                     0 -1.164153218269348e-10      1.000000000009095  2.182787284255028e-11  5.820766091346741e-11
-8.731149137020111e-11  -2.91038304567337e-11  9.549694368615746e-12      1.000000000021828  1.455191522836685e-11
 -2.91038304567337e-11 -1.164153218269348e-10  9.094947017729282e-13                      0      1.000000000029104
