5
2

0.0004617525183679277
 0.002779581604657756
 0.003403362098059301
   0.1071458099517906
   0.5783989917105362

   -0.6218289002555387     0.7778672181537573   -0.04260723281343515   -0.05712080662543306   -0.05633157987456507
  -0.09792270257304093   -0.07980229831744784     0.7805996330996212    -0.6120640487615846    0.00919513579879435
  0.006832942475954847 -0.0009069166339465246     0.3622296600354253     0.4487238723715795    -0.8169388276693758
    -0.675550385619951    -0.4753368253913849     0.1958047093971039     0.4245062663353374     0.3148674713836337
    0.3838293247182078      0.403247150063144     0.4682937386782514     0.4904652177982884     0.4798037410203675

0.3993321802105301
0.3994946176515097
0.4000262069298515
0.4001445421262371
0.4000981625974019

-0.001618359400628296
   0.3993051039974846

   2.558401051723403  0.05695040271178545  -0.4126023440113506  -0.9110754616799784   -1.291591505106066
   1.691244210680713  -0.4515005046659636 -0.02779142828843609 -0.07544714702047159   -0.136421773887229

-2.993990228618816e-07 -2.425012181701985e-07   5.95710537462953e-06   -0.03018870070314778   -0.08525083750755992
-2.963040172210223e-07 -8.216705475328771e-07  9.207466680075451e-07   -0.01157585624287835     0.1176289708564729

cov:
 0.0545262514774394 0.05546671186303048 0.05861370428214945 0.05968808124830809 0.05916878890021363
0.05546671186303048 0.05699392438511972  0.0621059284141033 0.06384979720352185 0.06300944264323098
0.05861370428214945  0.0621059284141033 0.07381185270910329 0.07779141690330912 0.07587311259292369
0.05968808124830809 0.06384979720352185 0.07779141690330912 0.08255097287455794  0.0802577742235038
0.05916878890021363 0.06300944264323098 0.07587311259292369  0.0802577742235038 0.07816213891862553

cov.inverse():
 1814809.128077188 -2267560.132678899  114570.3753794505  174586.9271570801  163670.9656438687
-2267560.132678351  2838713.834938647 -163541.3581255111 -202122.2374745763 -205556.2603195096
 114570.3753777299 -163541.3581233947  98713.69381948715 -36384.18794278654 -13356.10577353175
 174586.9271591732 -202122.2374772432 -36384.18794249618   81190.9494909067  -17273.2071067016
 163670.9656429478 -205556.2603184106 -13356.10577342632 -17273.20710698522  72521.69824098701

cov*(cov_.inverse()):
      1.00000000001819    1.2732925824821e-11  -1.13686837721616e-12 -2.728484105318785e-12                      0
 1.455191522836685e-11      1.000000000016371 -1.477928890381008e-12 -2.046363078989089e-12  9.094947017729282e-13
  2.91038304567337e-11 -1.637090463191271e-11     0.9999999999995453 -2.955857780762017e-12                      0
 2.182787284255028e-11 -2.182787284255028e-11                      0     0.9999999999972715  1.818989403545856e-12
  4.18367562815547e-11 -5.456968210637569e-12 -9.094947017729282e-13 -2.273736754432321e-12      1.000000000000909
