5
2

0.0004702257562634341
 0.002382516731711298
 0.002748489962488933
   0.1009355143906368
     0.57354354825988

  0.6111280140853136  -0.7850845141485011    0.052915571694704  0.05639691856503259  0.06468528343405537
  0.1798168905630129   0.1272811710111269  -0.4915438381124614  -0.4963440036334189   0.6808029631582874
 0.08769211338881119   0.0600658254766602  -0.7343136125462802   0.6657416876992025 -0.07920677715865206
 -0.6582072626240384  -0.4420800316473406   0.0886098381132224   0.2873783880780089   0.5299909468121985
  0.3914865629198073   0.4103646565906251   0.4566359737303589   0.4739870092720059   0.4951353574641995

0.3999611656295014
0.3998482445921062
0.3995654809268155
0.3994555117977979
0.3992724822059248

0.001990382269072795
  0.4003893381498667

0
0
0
0
0

0
0

0
0
0
0
0

0
0

0
0
0
0
0

0
0

0
0
0
0
0

0
0

0
0
0
0
0

0
0

0
0
0
0
0

0
0

0
0
0
0
0

0
0

0
0
0
0
0

0
0

0
0
0
0
0

0
0

0
0
0
0
0

0
0

0
0
0
0
0

0
0

0
0
0
0
0

0
0

0
0
0
0
0

0
0

0
0
0
0
0

0
0

0
0
0
0
0

0
0

0
0
0
0
0

0
0

0
0
0
0
0

0
0

0
0
0
0
0

0
0

0
0
0
0
0

0
0

0
0
0
0
0

0
0

0
0
0
0
0

0
0

0
0
0
0
0

0
0

0
0
0
0
0

0
0

0
0
0
0
0

0
0

0
0
0
0
0

0
0

0
0
0
0
0

0
0

0
0
0
0
0

0
0

0
0
0
0
0

0
0

0
0
0
0
0

0
0

0
0
0
0
0

0
0

0
0
0
0
0

0
0

0
0
0
0
0

0
0

0
0
0
0
0

0
0

0
0
0
0
0

0
0

0
0
0
0
0

0
0

0
0
0
0
0

0
0

0
0
0
0
0

0
0

0
0
0
0
0

0
0

0
0
0
0
0

0
0

0
0
0
0
0

0
0

0
0
0
0
0

0
0

0
0
0
0
0

0
0

0
0
0
0
0

0
0

0
0
0
0
0

0
0

0
0
0
0
0

0
0

0
0
0
0
0

0
0

0
0
0
0
0

0
0

0
0
0
0
0

0
0

0
0
0
0
0

0
0

0
0
0
0
0

0
0

0
0
0
0
0

0
0

0
0
0
0
0

0
0

0
0
0
0
0

0
0

0
0
0
0
0

0
0

0
0
0
0
0

0
0

0
0
0
0
0

0
0

0
0
0
0
0

0
0

0
0
0
0
0

0
0

0
0
0
0
0

0
0

0
0
0
0
0

0
0

0
0
0
0
0

0
0

0
0
0
0
0

0
0

0
0
0
0
0

0
0

0
0
0
0
0

0
0

0
0
0
0
0

0
0

0
0
0
0
0

0
0

0
0
0
0
0

0
0

0
0
0
0
0

0
0

0
0
0
0
0

0
0

0
0
0
0
0

0
0

0
0
0
0
0

0
0

0
0
0
0
0

0
0

0
0
0
0
0

0
0

0
0
0
0
0

0
0

0
0
0
0
0

0
0

0
0
0
0
0

0
0

0
0
0
0
0

0
0

   4.401744271451551   -2.068768675393551  -0.4770225747244797  -0.6844830772641743   -1.171588322062032
   1.803975990899426  -0.5712870865605021 -0.05062084648345908 -0.07391062177655339  -0.1081360917258435

9.230460288875801e-07 1.730096857181986e-06 1.881969153030356e-06  -0.02896039195620606  -0.08160724136523517
3.398776572393189e-07 1.360171926044086e-06 9.096079902348737e-07  -0.01037006224992389    0.1184577782265487

cov:
0.05482991441485618 0.05581147541604466 0.05821056723461544 0.05911306061317038 0.06021035023431492
0.05581147541604466 0.05738661210912255 0.06124166573640014 0.06268928542192567 0.06445191642020211
0.05821056723461544 0.06124166573640014 0.06867737144530488 0.07145538137822971 0.07485197224984337
0.05911306061317038 0.06268928542192567 0.07145538137822971 0.07474974885344113 0.07875043894435939
0.06021035023431492 0.06445191642020211 0.07485197224984337 0.07875043894435939 0.08350998468842349

cov.inverse():
 1695842.407943807 -2165121.957654782  122151.8120425012   147861.356854165  199395.8374138064
  -2165121.9576545  2790884.167846826 -204746.7094582594 -206091.5836727444  -215059.122924883
 122151.8120422259 -204746.7094579455  126609.6333124828 -8233.642904579958 -35768.93657794942
 147861.3568535365 -206091.5836719351 -8233.642904670352   116464.744552758 -49995.60132810619
 199395.8374144286 -215059.1229257246 -35768.93657782038 -49995.60132801574   101434.941460307

cov*(cov_.inverse()):
    0.9999999999890861 -1.091393642127514e-11 -9.094947017729282e-13  1.364242052659392e-12                      0
-9.094947017729282e-12     0.9999999999890861                      0                      0 -1.818989403545856e-12
-3.274180926382542e-11  5.456968210637569e-12     0.9999999999977263  9.094947017729282e-13 -1.818989403545856e-12
 -2.91038304567337e-11  3.637978807091713e-12 -1.364242052659392e-12     0.9999999999990905 -1.818989403545856e-12
-3.637978807091713e-12 -1.818989403545856e-11  9.094947017729282e-13  1.818989403545856e-12                      1
