5
2

0.0004703685171321861
 0.002382419918284162
 0.002748393852772322
   0.1009378207217158
   0.5735476439710531

  0.6111302418676087  -0.7850832243674412  0.05291385389204488  0.05642017353009996  0.06466101125705934
  0.1798620693135315   0.1272798987598162  -0.4917931170528213  -0.4961157456183068   0.6807776144696642
 0.08762042472168709  0.06003804684808662  -0.7341473839071535   0.6659089857010323 -0.07944139706200648
 -0.6582046385632423  -0.4420892246047246  0.08860627251784382   0.2873776463573182   0.5299875358032936
  0.3914827945676739     0.41036168023778   0.4566357424233649   0.4739886518738354   0.4951394445872769

0.3999620081442998
0.3998485226812487
0.3995660287372688
0.3994563931384171
0.3992740331953496

0.001990382269072795
  0.4003893381498667

   4.401642189221786   -2.068693074777711   -0.476861118438365  -0.6846766221474707   -1.171503957913636
   1.803560362049558  -0.5707533899660822 -0.05063935621474433 -0.07396869189247662  -0.1081732186171757

9.235848661298679e-07 1.731427346966216e-06   1.8785476069158e-06  -0.02896096210467359  -0.08160887123276368
3.399346370199589e-07 1.360552511493782e-06 9.085218325805315e-07  -0.01037043211213493    0.1184582489708487

cov:
0.05482983041735077 0.05581152339770083 0.05821081059483595 0.05911348083340351 0.06021104809268143
0.05581152339770083  0.0573867735586008 0.06124205742005055 0.06268987428544195 0.06445279444731858
0.05821081059483595 0.06124205742005055 0.06867827796592404 0.07145660978590145 0.07485361071796112
0.05911348083340351 0.06268987428544195 0.07145660978590145  0.0747513507500961  0.0787525031369072
0.06021104809268143 0.06445279444731858 0.07485361071796112  0.0787525031369072 0.08351256170480215

cov.inverse():
 1694831.297693335 -2163808.888937952  122054.0598691903  147829.7241429149  199225.2725778697
-2163808.888936943  2789182.956871209 -204629.0366564577 -206048.6638035221 -214834.3202479255
 122054.0598666571 -204629.0366532507  126620.4488541868 -8237.331672833274 -35795.53625477981
 147829.7241434727 -206048.6638044045 -8237.331672391163  116465.0840304277 -50003.17613831416
 199225.2725788365 -214834.3202492413 -35795.53625454807 -50003.17613819666  101414.8059137087

cov*(cov_.inverse()):
     0.999999999994543 -1.818989403545856e-12  9.094947017729282e-13 -4.547473508864641e-13 -1.818989403545856e-12
   1.2732925824821e-11     0.9999999999909051 -9.094947017729282e-13  9.094947017729282e-13 -9.094947017729282e-13
-1.818989403545856e-12 -3.092281986027956e-11      1.000000000001819 -9.094947017729282e-13 -9.094947017729282e-13
 2.364686224609613e-11 -2.546585164964199e-11  2.273736754432321e-12      1.000000000000455 -9.094947017729282e-13
 1.091393642127514e-11 -2.546585164964199e-11  9.094947017729282e-13  9.094947017729282e-13      0.999999999998181
