11 
12 
13 
14 
15 
inputFileName = /Users/demattia/RemoteProjects/extracted_endcaps.root
eventsFractionStartBuild = 0
eventsFractionEndBuild = 0.2
eventsFractionStartTest = 0.8
eventsFractionEndTest = 1
var name = R
var name = z
par name = cotTheta
firstOrderChargeOverPtCoefficientsFileName = 
firstOrderCotThetaCoefficientsFileName = 
2 < pT < 10, pT regions = 1
0 < phi < 0.8, phi regions = 1
-3 < eta < 3, eta regions = 1
-15 < z0 < 15, eta regions = 1
charge regions = 1
endcap regions = 0
Training
Requested running from track number 0 to track number 1000000 for a total of 1000000 tracks.
Analyzed 10% of 1000000 tracks
Analyzed 20% of 1000000 tracks
Analyzed 30% of 1000000 tracks
Analyzed 40% of 1000000 tracks
Analyzed 50% of 1000000 tracks
Analyzed 60% of 1000000 tracks
Analyzed 70% of 1000000 tracks
Analyzed 80% of 1000000 tracks
Analyzed 90% of 1000000 tracks
Analyzed 100% of 1000000 tracks
Evaluating eigenvalues:
geomIndex = 0
Sqrt(eigenvalues) of cov:
 0.0457796 0.319807 0.861856 1.0822 1.17933 1.41075 1.63374 1.91902 3.23956 7.41095
Analyzed 10% of 1000000 tracks
Analyzed 20% of 1000000 tracks
Analyzed 30% of 1000000 tracks
Analyzed 40% of 1000000 tracks
Analyzed 50% of 1000000 tracks
Analyzed 60% of 1000000 tracks
Analyzed 70% of 1000000 tracks
Analyzed 80% of 1000000 tracks
Analyzed 90% of 1000000 tracks
Analyzed 100% of 1000000 tracks
opening GeometricIndex.txt for writing
Matrices built:
geomIndex = 0

V_0:
   0.424896   -0.122604   -0.782326    0.230338     0.35791   -0.105971 -0.00265862  0.00134483 0.000467484  0.00168522
   0.557514   -0.178327  -0.0394567  0.00624462    -0.74456    0.228232    0.135814  -0.0124586    0.167902  -0.0503055
  0.0828581  -0.0542294   0.0516012    0.101532  -0.0245713    0.161129   -0.260602   -0.560429   -0.272475    0.703149
  -0.113862    0.332618   -0.273994   -0.396717  -0.0208937    0.233444    0.697992  -0.0107504   -0.226356    0.224645
  -0.304422   -0.181646   -0.026575    0.510388   -0.100652  -0.0679784    0.422066    -0.55125  -0.0448851   -0.338152
  0.0362458    0.639662   -0.189546    -0.23358   -0.142721   -0.186821   -0.287702   -0.475955    0.266013   -0.252373
  -0.519926   0.0504985   -0.353715     0.25871   -0.251829    0.193088   -0.110195    0.218739    0.513256    0.333107
  0.0620688    0.250228   0.0478094    0.266889   -0.282299   -0.763996     0.15801    0.222348   -0.172581    0.304049
  -0.184816   -0.572252   -0.156027   -0.565923  -0.0831136   -0.438956   0.0355862   -0.205272    0.203407   0.0968989
   0.294096   0.0692291    0.346836   0.0756809    0.368744  -0.0551638    0.356583   -0.125759    0.662542    0.248493
corrPV_0:
-1.74468e-05    0.0300882    0.0292795   -0.0275571   -0.0481799   -0.0214404    -0.132141    0.0352209     -0.12684     -1.31281
D_0:
    0.198113   -0.0568482    0.0179129  -0.00713272    -0.215512    0.0630081 -0.000227942  -0.00450651  -0.00269071   0.00135637
opening matrixVD_0.txt for writing
