10
1

0.04577959643975412
 0.3198072260575716
 0.8618558925535958
  1.082200780044021
  1.179326633252297
  1.410745570992729
  1.633738021581023
  1.919024256691142
  3.239557315551225
  7.410951794290447

    0.424896396720942   -0.1226043954760965   -0.7823261441847833    0.2303381279484751    0.3579100542736849   -0.1059708587864129 -0.002658620553921795  0.001344825876299072 0.0004674838736604693  0.001685223570030618
   0.5575138122882107   -0.1783265524449434  -0.03945670825351017  0.006244620676172567   -0.7445600396247329    0.2282323322491732    0.1358141570567465  -0.01245863100345438    0.1679022645667328  -0.05030546100913955
  0.08285805457987526  -0.05422941669800803   0.05160119753099909    0.1015318786501821  -0.02457128105186555    0.1611291176339245   -0.2606022330821198   -0.5604291306015451   -0.2724751564711307    0.7031492882573294
  -0.1138618682983939    0.3326177129501837   -0.2739938943986168   -0.3967168153635475   -0.0208937186395506    0.2334436101088899     0.697992433593438  -0.01075040860643659   -0.2263563496264238    0.2246449954597675
  -0.3044221927475314   -0.1816464894419204  -0.02657498914814104    0.5103879781508013   -0.1006518849422539  -0.06797840076183553    0.4220660756815922   -0.5512500165649613  -0.04488511128768274   -0.3381518475701734
   0.0362457761511756    0.6396622303539671   -0.1895459429126143   -0.2335798847869414   -0.1427205527473971   -0.1868208004840699   -0.2877024579476243   -0.4759545554802391    0.2660126966558652    -0.252372506573957
  -0.5199259068688589   0.05049847929236634   -0.3537151797614955    0.2587096331145304   -0.2518286955823397     0.193088491679956   -0.1101948635487677    0.2187390919044217    0.5132556313486436    0.3331065195505056
  0.06206877738279213    0.2502283302673627   0.04780943467460595    0.2668885774700572   -0.2822990973308531   -0.7639958026019332    0.1580100029838808    0.2223480494804348    -0.172580540328852    0.3040489581955717
  -0.1848160530889018   -0.5722518954850201   -0.1560265720517277   -0.5659232778300445  -0.08311361255539093   -0.4389564863427987    0.0355861904137925   -0.2052717430427372    0.2034070016838715    0.0968989359586174
   0.2940957938082222   0.06922910273871893     0.346836097310721   0.07568093084312368    0.3687440062282089  -0.05516379768781407    0.3565831778766499   -0.1257590500635349    0.6625416822806517    0.2484925448095975

38.80089749501967
131.1456253462902
46.09992569567368
155.7879423107749
54.70551053215751
184.9278489758773
65.62757060584882
221.6570266969591
77.14962626906615
261.2013297086058

3.38233627105906

    0.1981129240624482   -0.05684820604958124    0.01791291609551516  -0.007132724852727295    -0.2155120191856683    0.06300813118420513 -0.0002279415668442423  -0.004506505481092963  -0.002690708856031464   0.001356370063030537

-1.744676152207492e-05    0.03008817986760204    0.02927946970171142   -0.02755711016695085   -0.04817988554622932   -0.02144043806640809    -0.1321411200538227    0.03522089190086415    -0.1268398282308708     -1.312809693950734

cov:
   6.028481141711762    2.280351674545276    6.440996111038109    1.848842088585571    6.393705033053815  -0.4752056211501897    5.578857657803133   -1.720599030717683    9.616576305554245    3.568458506860294
   2.280351674545276    4.932606435352827     1.90968340561962    3.382184074996276    1.457186162478671    1.608117399167861    1.079874400971124   0.5409626537198079    1.477410135123386   0.5122111456794793
   6.440996111038109     1.90968340561962    7.368556732192038    2.371104690103337    7.414089523063555  -0.6453447415619415    6.724558808957108   -2.044886628167224    11.73556123319958    4.376680932393716
   1.848842088585571    3.382184074996276    2.371104690103337    4.779649336843171    1.577434526951946    1.702573725499937     1.43949735293848   0.8586802183947737     1.65981507978512   0.8121328210688249
   6.393705033053815    1.457186162478671    7.414089523063555    1.577434526951946    8.115691500951304 -0.03336764869008617    7.100333191581076   -2.522233257319767     13.0034060466287    4.512540149976071
 -0.4752056211501897    1.608117399167861  -0.6453447415619415    1.702573725499937 -0.03336764869008617     4.60267280427829   -1.515761973928457   0.9725721957186655   -2.379517436399112   -1.612821249663783
   5.578857657803133    1.079874400971124    6.724558808957108     1.43949735293848    7.100333191581076   -1.515761973928457    8.156497195728376   -2.426065027095058    12.49139662403181    4.974534101328899
  -1.720599030717683   0.5409626537198079   -2.044886628167224   0.8586802183947737   -2.522233257319767   0.9725721957186655   -2.426065027095058    2.727527968977173   -4.957506473402848    -1.27879089767741
   9.616576305554245    1.477410135123386    11.73556123319958     1.65981507978512     13.0034060466287   -2.379517436399112    12.49139662403181   -4.957506473402848    25.61742692532393    9.196921629851692
   3.568458506860294   0.5122111456794793    4.376680932393716   0.8121328210688249    4.512540149976071   -1.612821249663783    4.974534101328899    -1.27879089767741    9.196921629851692    4.838922992727687

cov.inverse():
    89.37722054994433    -25.81101111661265    -158.7146964175884     46.63115934770538     68.57046507302643    -20.27671324548925   0.03217908529881381    0.2193371492999916    0.9133781251899756    0.1333205163193799
   -25.81101111661267     7.860373833036537     45.70200152685671    -13.69369548333161    -19.69566191416626      5.78042159477139 -0.004441462305941057  -0.06978638201858114   -0.2854036922706782  -0.01336839903438174
   -158.7146964175894     45.70200152685698     292.1863646422171    -85.89441634779512    -133.2642873460046     39.41593335308743    0.7963494553438124   -0.5015990966317704   -0.2988279909493848   -0.6229465353077395
    46.63115934770566    -13.69369548333169    -85.89441634779509     25.75396629019198     39.23470370636925    -11.70604173315218   -0.3679698660023771   -0.0241398429912362   0.08055586133001773    0.1571286448086957
    68.57046507302768    -19.69566191416661    -133.2642873460059     39.23470370636966     66.61042263159399    -19.70663497418451    -1.456088388015745    0.3762171643660628    -1.177604834203721    0.6154821145507593
   -20.27671324548961     5.780421594771496     39.41593335308784     -11.7060417331523    -19.70663497418452     6.160853483261075    0.4838797188303466   -0.1694846200677776    0.2877974182132275 -0.003226882243842486
  0.03217908529873422 -0.004441462305917905    0.7963494553439548   -0.3679698660024193    -1.456088388015807    0.4838797188303647    0.8745822337365421   0.07247793344869337    0.1073769038219955   -0.2466468314496549
   0.2193371493001797  -0.06978638201863548   -0.5015990966321142  -0.02413984299113504    0.3762171643662183   -0.1694846200678235   0.07247793344869272    0.7932819404616003    0.1678245463943317   -0.2877956682832911
   0.9133781251899702   -0.2854036922706768   -0.2988279909493705   0.08055586133001347    -1.177604834203729    0.2877974182132297    0.1073769038219955    0.1678245463943314    0.5751635009197513   -0.3516957395113772
   0.1333205163192237  -0.01336839903433666    -0.622946535307446    0.1571286448086096    0.6154821145506206 -0.003226882243801402   -0.2466468314496531   -0.2877956682832924   -0.3516957395113768    0.9177199599138054

cov*(cov_.inverse()):
    0.9999999999999023 -2.081668171172169e-17 -3.037570195374428e-13 -2.176037128265307e-14 -1.505462421391712e-13  3.049990815462422e-14 -4.440892098500626e-16 -2.220446049250313e-16 -2.664535259100376e-15 -4.440892098500626e-16
   4.1661118999059e-14      1.000000000000008 -1.622590950489666e-13 -5.676015213396113e-15 -7.011058400507864e-14  5.483460907562687e-15 -7.771561172376096e-16  4.996003610813204e-16  8.326672684688674e-17 -7.216449660063518e-16
 1.046940312221523e-13  -2.34187669256869e-14      1.000000000000044  4.796163466380676e-14  2.220446049250313e-15  3.894454203567932e-15 -1.554312234475219e-15  1.554312234475219e-15 -2.664535259100376e-15 -8.881784197001252e-16
-2.049749259214195e-14  2.463307335887066e-15 -1.465494392505207e-14     0.9999999999999805 -8.787415239908114e-14  2.258176284852809e-15  2.498001805406602e-16  5.551115123125783e-17  -3.33066907387547e-16 -4.440892098500626e-16
-1.043609643147647e-14  -3.88786225435922e-14  -3.68594044175552e-13 -1.215694211964546e-13     0.9999999999999081  1.256113268954806e-14  2.220446049250313e-16  2.220446049250313e-16 -8.881784197001252e-16  -1.77635683940025e-15
 2.386979502944087e-15  4.347217030797879e-15 -5.684341886080801e-14 -1.665334536937735e-15  3.552713678800501e-14     0.9999999999999933                      0                      0  5.551115123125783e-16  2.220446049250313e-16
-3.430589146091734e-14 -1.895705814547455e-14 -2.526867604046856e-13  3.486100297322992e-14 -1.434408147815702e-13  1.779479341657009e-14     0.9999999999999991  4.440892098500626e-16 -2.442490654175344e-15 -8.881784197001252e-16
  2.21767049168875e-14 -1.116814973833868e-14 -5.406786129924512e-14  3.996802888650564e-14  1.196820420545919e-13 -9.233933062624544e-15  6.661338147750939e-16                      1  9.992007221626409e-16                      0
-1.354472090042691e-14   4.04121180963557e-14  5.684341886080801e-14   6.59472476627343e-14 -1.838529328779259e-13 -1.800642968063926e-15 -8.881784197001252e-16 -8.881784197001252e-16     0.9999999999999956                      0
-2.831068712794149e-14  1.711131236703523e-14  -1.56319401867222e-13 -2.986499936241671e-14  -1.70086167372574e-13  1.798214355197558e-14                      0  4.440892098500626e-16 -1.332267629550188e-15                      1
