10
1

0.0457471816324066
0.3201329594453838
0.8643907489481096
 1.082152096171927
 1.178216037631949
 1.409852043127763
 1.634664992510784
  1.91519831978964
  3.24100572411843
 7.422141126591478

   0.4247681622881684   -0.1224018355468577   -0.7823968042709255    0.2303891265003268    0.3579013175301101   -0.1061185226627514  -0.00256563157159862  0.001265750091392816 0.0004952944823068396   0.00172225751834588
   0.5577363269493633   -0.1789187484219483  -0.03916102138443529  0.006887618056993339   -0.7443595022002649     0.228623542576222    0.1355998591687604  -0.01312454169903459    0.1673636009307818  -0.04926766822107605
  0.08124466499242343  -0.05897249819955677   0.05447080199896944    0.1098679240300183  -0.02531276011044448    0.1547862733160492   -0.2726285827586715   -0.5613387203116721   -0.2667190165770344    0.6997981543072606
  -0.1083450576566747    0.3413136616245876   -0.2755355342641675   -0.4051437134274644  -0.02206213965039646    0.2363177087273401     0.682492081925681  -0.01432165322059983   -0.2257405611119235    0.2416876572361757
  -0.3089182491569464   -0.1773749745315658  -0.03237286297750454      0.50471413233192     -0.10187713865321  -0.06378657602312707    0.4355357550709243   -0.5474880475234418  -0.04840146563510192   -0.3333141752941725
  0.03820256906945734    0.6374048584239186   -0.1858703910352677   -0.2272420410332485   -0.1426927958553257    -0.188084965517427   -0.2925138709307064    -0.476530799056817    0.2656134604873909   -0.2591046061461171
  -0.5196408326251823   0.04741738342584252   -0.3540573547108827     0.252459255131771   -0.2464190425249861    0.2058370249938981   -0.1170190716427632    0.2170100947459623    0.5192739926507494    0.3242054313557871
  0.05219964756799081    0.2516428384438895   0.04083583124825729    0.2706875370594006   -0.2873342485433929   -0.7605722073535507    0.1553303777661386    0.2281252408116163   -0.1625349383590125    0.3088599357254268
  -0.1843644961413571   -0.5698117684921956   -0.1564167726668467   -0.5668931308083907   -0.0832037653768825   -0.4396621392352597    0.0354427893851099   -0.2062200337900207    0.2057654006864154   0.09561535177929842
    0.294161969462802   0.07091042184799629    0.3469129131742444   0.07687965452722138    0.3684585970187548  -0.05548732642867116     0.356582908119879   -0.1266250446225158     0.662265541164373    0.2481126695152524

38.78732432691815
131.1369986705507
46.09212469784913
155.7994481870151
54.69726018924534
184.9329413333286
65.62570260639779
221.6667610064307
77.16185759187761
 261.197699719167

3.384475807173474

0
0
0
0
0
0
0
0
0
0

0

0
0
0
0
0
0
0
0
0
0

0

0
0
0
0
0
0
0
0
0
0

0

0
0
0
0
0
0
0
0
0
0

0

0
0
0
0
0
0
0
0
0
0

0

0
0
0
0
0
0
0
0
0
0

0

0
0
0
0
0
0
0
0
0
0

0

0
0
0
0
0
0
0
0
0
0

0

0
0
0
0
0
0
0
0
0
0

0

0
0
0
0
0
0
0
0
0
0

0

0
0
0
0
0
0
0
0
0
0

0

0
0
0
0
0
0
0
0
0
0

0

0
0
0
0
0
0
0
0
0
0

0

0
0
0
0
0
0
0
0
0
0

0

0
0
0
0
0
0
0
0
0
0

0

0
0
0
0
0
0
0
0
0
0

0

0
0
0
0
0
0
0
0
0
0

0

0
0
0
0
0
0
0
0
0
0

0

0
0
0
0
0
0
0
0
0
0

0

0
0
0
0
0
0
0
0
0
0

0

0
0
0
0
0
0
0
0
0
0

0

0
0
0
0
0
0
0
0
0
0

0

0
0
0
0
0
0
0
0
0
0

0

0
0
0
0
0
0
0
0
0
0

0

0
0
0
0
0
0
0
0
0
0

0

0
0
0
0
0
0
0
0
0
0

0

0
0
0
0
0
0
0
0
0
0

0

0
0
0
0
0
0
0
0
0
0

0

0
0
0
0
0
0
0
0
0
0

0

0
0
0
0
0
0
0
0
0
0

0

0
0
0
0
0
0
0
0
0
0

0

0
0
0
0
0
0
0
0
0
0

0

0
0
0
0
0
0
0
0
0
0

0

0
0
0
0
0
0
0
0
0
0

0

0
0
0
0
0
0
0
0
0
0

0

0
0
0
0
0
0
0
0
0
0

0

0
0
0
0
0
0
0
0
0
0

0

0
0
0
0
0
0
0
0
0
0

0

0
0
0
0
0
0
0
0
0
0

0

0
0
0
0
0
0
0
0
0
0

0

0
0
0
0
0
0
0
0
0
0

0

0
0
0
0
0
0
0
0
0
0

0

0
0
0
0
0
0
0
0
0
0

0

0
0
0
0
0
0
0
0
0
0

0

0
0
0
0
0
0
0
0
0
0

0

0
0
0
0
0
0
0
0
0
0

0

0
0
0
0
0
0
0
0
0
0

0

0
0
0
0
0
0
0
0
0
0

0

0
0
0
0
0
0
0
0
0
0

0

0
0
0
0
0
0
0
0
0
0

0

0
0
0
0
0
0
0
0
0
0

0

0
0
0
0
0
0
0
0
0
0

0

0
0
0
0
0
0
0
0
0
0

0

0
0
0
0
0
0
0
0
0
0

0

0
0
0
0
0
0
0
0
0
0

0

0
0
0
0
0
0
0
0
0
0

0

0
0
0
0
0
0
0
0
0
0

0

0
0
0
0
0
0
0
0
0
0

0

0
0
0
0
0
0
0
0
0
0

0

0
0
0
0
0
0
0
0
0
0

0

0
0
0
0
0
0
0
0
0
0

0

0
0
0
0
0
0
0
0
0
0

0

0
0
0
0
0
0
0
0
0
0

0

0
0
0
0
0
0
0
0
0
0

0

0
0
0
0
0
0
0
0
0
0

0

0
0
0
0
0
0
0
0
0
0

0

0
0
0
0
0
0
0
0
0
0

0

0
0
0
0
0
0
0
0
0
0

0

0
0
0
0
0
0
0
0
0
0

0

0
0
0
0
0
0
0
0
0
0

0

0
0
0
0
0
0
0
0
0
0

0

0
0
0
0
0
0
0
0
0
0

0

0
0
0
0
0
0
0
0
0
0

0

0
0
0
0
0
0
0
0
0
0

0

0
0
0
0
0
0
0
0
0
0

0

0
0
0
0
0
0
0
0
0
0

0

0
0
0
0
0
0
0
0
0
0

0

    0.1990338498183401   -0.05722110102955242    0.01695962247673254  -0.006758330333146128    -0.2154336331356791    0.06297843925642428 -0.0001850178696193253  -0.004408929306765836  -0.002580255900323323   0.001228990793236518

-1.479700176389687e-05    0.03021614086516531    0.02914058045816764   -0.02643926935261784   -0.04902621360319104   -0.02074955058388908    -0.1327422459560299    0.03161667873254179    -0.1280047367756343     -1.318255073860745

cov:
    6.04174104496896    2.302167929932907    6.459130306834392    1.869912190812058    6.410982884038516  -0.4737009956935471    5.597580414441055   -1.744635571695051    9.644215739832847    3.576686217018985
   2.302167929932907    4.919386690319481    1.945067498784496    3.396077449932486    1.491040123162359    1.599725210919083    1.113808633170717   0.5280390866689565    1.538109344562009   0.5435459260941037
   6.459130306834392    1.945067498784496     7.39055139670902    2.398411358912948    7.434126030042828  -0.6450368764019135    6.746971601346956   -2.069738228231003    11.76807936899369    4.385466915176457
   1.869912190812058    3.396077449932486    2.398411358912948    4.797971252861798    1.605522077553338     1.70772776914788    1.465604386613105   0.8569552354950412    1.699892909658708   0.8330507290113536
   6.410982884038516    1.491040123162359    7.434126030042828    1.605522077553338    8.129656355872337 -0.04013548075348069    7.118732037300586   -2.548714403202477    13.02163865481934    4.518465637950212
 -0.4737009956935471    1.599725210919083  -0.6450368764019135     1.70772776914788 -0.04013548075348069    4.599762495000552   -1.520035968876025   0.9798174351855995   -2.419987062229433   -1.610264145879958
   5.597580414441055    1.113808633170717    6.746971601346956    1.465604386613105    7.118732037300586   -1.520035968876025    8.179115990018936   -2.453249454398252    12.52338339305407    4.983052938223716
  -1.744635571695051   0.5280390866689565   -2.069738228231003   0.8569552354950412   -2.548714403202477   0.9798174351855995   -2.453249454398252    2.749869603889502   -4.999642873455972   -1.290144081833486
   9.644215739832847    1.538109344562009    11.76807936899369    1.699892909658708    13.02163865481934   -2.419987062229433    12.52338339305407   -4.999642873455972    25.68278391682171    9.205683370755551
   3.576686217018985   0.5435459260941037    4.385466915176457   0.8330507290113536    4.518465637950212   -1.610264145879958    4.983052938223716   -1.290144081833486    9.205683370755551    4.840250759523639

cov.inverse():
     89.4436981005386    -25.79863538252371    -158.9039822723639     46.69650534055395     68.65737736836034     -20.3321393176583   0.04813243324706705    0.2024297480240148    0.9157302378165053    0.1453600655540365
    -25.7986353825237     7.851576885403744     45.69377442420148    -13.69700367146681    -19.68933588380888     5.787168790236876 -0.008574699194471751  -0.06331878024751628   -0.2867796382631866  -0.01793454610879835
   -158.9039822723628     45.69377442420118     292.6534985248136    -86.04250084348236    -133.4652083393484     39.53035404749809    0.7630395573761753   -0.4723523574778095    -0.308664537970494   -0.6382687110553416
    46.69650534055364    -13.69700367146672    -86.04250084348236     25.80348288548275     39.29371043241121    -11.74054713793211   -0.3587508570890853  -0.03541133695087964   0.08357275217708877    0.1626188547601348
    68.65737736835894    -19.68933588380848    -133.4652083393467     39.29371043241071     66.68025750530163    -19.75619444539627    -1.437495250666277    0.3683667771305801    -1.165457153832904    0.6139787691334351
   -20.33213931765786     5.787168790236747     39.53035404749753    -11.74054713793195    -19.75619444539625     6.183403238204693    0.4784389906419451   -0.1642170370860947    0.2889443422936266  -0.00697904734135398
  0.04813243324725633 -0.008574699194526204    0.7630395573758363   -0.3587508570889854    -1.437495250666128    0.4784389906419011    0.8736182597793779   0.07455708697306257    0.1076768766571541   -0.2474191597148558
    0.202429748023971  -0.06331878024750381   -0.4723523574777284  -0.03541133695090352     0.368366777130543   -0.1642170370860837   0.07455708697306267    0.7906660030360182      0.16392052719364   -0.2846878739720961
   0.9157302378167268   -0.2867796382632505   -0.3086645379709008   0.08357275217720882    -1.165457153832718    0.2889443422935714    0.1076768766571526    0.1639205271936399    0.5694437405882345   -0.3452768373504846
   0.1453600655540145  -0.01793454610879206   -0.6382687110553059    0.1626188547601242    0.6139787691334224 -0.006979047341350156   -0.2474191597148561   -0.2846878739720958   -0.3452768373504853    0.9115480250873328

cov*(cov_.inverse()):
    0.9999999999999566  -5.10702591327572e-14  3.153033389935445e-14  -4.54081217071689e-14  7.949196856316121e-14  4.075906279155106e-14 -1.665334536937735e-15  8.881784197001252e-16  6.661338147750939e-16 -4.440892098500626e-16
  3.50414142147315e-14     0.9999999999999716 -7.327471962526033e-14  3.250177904590146e-14  2.242650509742816e-14  5.398025776370829e-15  -6.38378239159465e-16  4.440892098500626e-16  2.498001805406602e-16  6.661338147750939e-16
-2.016165012719284e-13 -2.910172103298692e-14      1.000000000000127 -5.373479439185758e-14 -7.016609515630989e-14  9.967721092962734e-14 -6.661338147750939e-16 -4.440892098500626e-16  1.998401444325282e-15                      0
 9.607592499349948e-14 -2.801578413702543e-14 -2.313704783318826e-13      1.000000000000042   6.94999613415348e-14  9.050052374171003e-15 -8.604228440844963e-16  6.661338147750939e-16                      0  4.440892098500626e-16
-1.906252933281394e-13  2.983724378680108e-14 -1.127986593019159e-13  -1.98729921407903e-14      0.999999999999992  5.081352005831263e-14  6.661338147750939e-16  1.110223024625157e-15  1.554312234475219e-15  8.881784197001252e-16
-1.448841047135829e-14  9.652001420334955e-15 -1.332267629550188e-15 -6.716849298982197e-15  7.771561172376096e-16     0.9999999999999986  4.996003610813204e-16 -5.551115123125783e-17 -2.220446049250313e-16                      0
 4.218847493575595e-14 -8.232303727595536e-14  1.252331571777177e-13  4.374278717023117e-14  5.417888360170764e-14  2.557676292980204e-14     0.9999999999999978  1.554312234475219e-15  2.220446049250313e-15                      0
  6.80566714095221e-14 -7.993605777301127e-15 -1.080247002960277e-13  1.521005543736464e-14  2.731148640577885e-14  -3.26631083291673e-14  1.665334536937735e-16                      1  5.551115123125783e-17                      0
-1.099120794378905e-13 -7.427392034742297e-14 -2.779998453661392e-13  9.081624341433781e-14   1.06581410364015e-13 -3.169686735304822e-14 -8.881784197001252e-16  4.440892098500626e-16      1.000000000000001   1.77635683940025e-15
 2.253752739989068e-14 -3.576305918073786e-14 -1.647570968543732e-13 -1.332267629550188e-15 -7.549516567451064e-14  3.623490396620355e-14  4.440892098500626e-16  6.661338147750939e-16  6.661338147750939e-16     0.9999999999999996
