5
2

0.03654278382036954
 0.5232695133086704
  1.561820573866601
  7.414625258386633
   21.0034005440438

   -0.4330177439642433     0.8159460133063346    -0.3830505418564956 -1.013474412804022e-05   0.000138066461964026
   -0.4731582394839551     0.1268236011610475     0.8049727705638974    -0.2827720818619602    -0.1791531271486013
    0.1873844474608708    0.07559666922064809   -0.05056843496338111    -0.7894287264196695     0.5774230093625478
   -0.7032185948402947    -0.4559503522767278    -0.1761088160690561     0.1598065035633358     0.4909587054439372
    0.2428736102197751     0.3233300131746417     0.4143906844057152     0.5208686177329362     0.6272530237296922

31.28640020651917
50.69413357931369
72.65034151998668
 98.4033251214311
121.8397340399226

  1.450019314979861
-0.7713654103683268

0
0
0
0
0

0
0

0
0
0
0
0

0
0

0
0
0
0
0

0
0

0
0
0
0
0

0
0

0
0
0
0
0

0
0

0
0
0
0
0

0
0

0
0
0
0
0

0
0

0
0
0
0
0

0
0

0
0
0
0
0

0
0

0
0
0
0
0

0
0

0
0
0
0
0

0
0

0
0
0
0
0

0
0

0
0
0
0
0

0
0

0
0
0
0
0

0
0

0
0
0
0
0

0
0

0
0
0
0
0

0
0

0
0
0
0
0

0
0

0
0
0
0
0

0
0

0
0
0
0
0

0
0

0
0
0
0
0

0
0

0
0
0
0
0

0
0

0
0
0
0
0

0
0

0
0
0
0
0

0
0

0
0
0
0
0

0
0

0
0
0
0
0

0
0

0
0
0
0
0

0
0

0
0
0
0
0

0
0

0
0
0
0
0

0
0

0
0
0
0
0

0
0

0
0
0
0
0

0
0

0
0
0
0
0

0
0

0
0
0
0
0

0
0

0
0
0
0
0

0
0

0
0
0
0
0

0
0

0
0
0
0
0

0
0

0
0
0
0
0

0
0

0
0
0
0
0

0
0

0
0
0
0
0

0
0

0
0
0
0
0

0
0

0
0
0
0
0

0
0

0
0
0
0
0

0
0

0
0
0
0
0

0
0

0
0
0
0
0

0
0

0
0
0
0
0

0
0

0
0
0
0
0

0
0

0
0
0
0
0

0
0

0
0
0
0
0

0
0

0
0
0
0
0

0
0

0
0
0
0
0

0
0

0
0
0
0
0

0
0

0
0
0
0
0

0
0

0
0
0
0
0

0
0

0
0
0
0
0

0
0

0
0
0
0
0

0
0

0
0
0
0
0

0
0

0
0
0
0
0

0
0

0
0
0
0
0

0
0

0
0
0
0
0

0
0

0
0
0
0
0

0
0

0
0
0
0
0

0
0

0
0
0
0
0

0
0

0
0
0
0
0

0
0

0
0
0
0
0

0
0

0
0
0
0
0

0
0

0
0
0
0
0

0
0

0
0
0
0
0

0
0

0
0
0
0
0

0
0

0
0
0
0
0

0
0

0
0
0
0
0

0
0

0
0
0
0
0

0
0

0
0
0
0
0

0
0

0
0
0
0
0

0
0

0
0
0
0
0

0
0

0
0
0
0
0

0
0

0
0
0
0
0

0
0

0
0
0
0
0

0
0

0
0
0
0
0

0
0

  -0.03759376988588885   0.004770576592244365    0.03275628679418913  3.238758402699564e-05  3.346838537547289e-05
     1.659843436462872     0.2182827651538736    -0.8763270835184747 -0.0008506280001763372 -0.0009853806490669609

 1.018089037791228e-05    0.01225183355366876   -0.02035953960777483       1.01786157885753      2.657311608052952
-0.0002736948264516576    -0.4004999206283383      0.907284945448338     -61.19176157127268      48.30805580254928

cov:
53.35601749470967 52.28718150548865  51.0799207900749 49.30446288038438 48.51148933580936
52.28718150548865 57.56645788389118 63.53916427826527 70.13274651403799 77.26163445458884
 51.0799207900749 63.53916427826527  77.6418100608104 93.70546223725951 109.8011766757397
49.30446288038438 70.13274651403799 93.70546223725951 122.6299176383626 147.3439486319399
48.51148933580936 77.26163445458884 109.8011766757397 147.3439486319399 187.6397289216313

cov.inverse():
    141.2544251037284    -264.7915117666079     122.8181244720436    0.4295289556343634    0.3032373556945869
   -264.7915117666128     498.6275835425973    -233.6799756470695   -0.1625758183402114   0.01566494092374393
    122.8181244720515      -233.67997564708     112.2460631689779   -0.8120673294826916   -0.5792477141433097
   0.4295289556326795   -0.1625758183370359   -0.8120673294841847     0.548589980074948 0.0003108007583458584
   0.3032373556933511   0.01566494092606968    -0.579247714144398 0.0003108007583443037    0.2591961285693834

cov*(cov_.inverse()):
      1.00000000000025 -3.284483796051063e-12  5.329070518200751e-13  -3.87363752185621e-15                      0
  1.06581410364015e-12     0.9999999999938765 -3.552713678800501e-14 -6.945832797811136e-15 -7.105427357601002e-15
-1.179500941361766e-12 -4.084510507595951e-12      1.000000000001457  8.396061623727746e-16 -3.552713678800501e-15
 1.321609488513786e-12 -2.124078690712849e-12                      0     0.9999999999999855 -7.105427357601002e-15
-3.744560217455728e-12  8.535394613318203e-13 -1.676880856393836e-12 -1.006139616066548e-15     0.9999999999999929
