5 
6 
12 
14 
15 
inputFileName = /Users/demattia/RemoteProjects/extracted_endcaps.root
eventsFractionStartBuild = 0
eventsFractionEndBuild = 0.2
eventsFractionStartTest = 0.8
eventsFractionEndTest = 1
var name = R
var name = z
par name = cotTheta
firstOrderChargeOverPtCoefficientsFileName = 
firstOrderCotThetaCoefficientsFileName = 
pT > 2, pT regions = 1
0 < phi < 0.8, phi regions = 1
-3 < eta < 3, eta regions = 1
-15 < z0 < 15, eta regions = 1
charge regions = 1
endcap regions = 0
Training
Requested running from track number 0 to track number 1000000 for a total of 1000000 tracks.
Analyzed 10% of 1000000 tracks
Analyzed 20% of 1000000 tracks
Analyzed 30% of 1000000 tracks
Analyzed 40% of 1000000 tracks
Analyzed 50% of 1000000 tracks
Analyzed 60% of 1000000 tracks
Analyzed 70% of 1000000 tracks
Analyzed 80% of 1000000 tracks
Analyzed 90% of 1000000 tracks
Analyzed 100% of 1000000 tracks
Evaluating eigenvalues:
geomIndex = 0
Sqrt(eigenvalues) of cov:
 0.105147 0.363576 0.969798 1.18494 1.70355 2.17502 2.7304 3.11687 6.38941 11.8366
Analyzed 10% of 1000000 tracks
Analyzed 20% of 1000000 tracks
Analyzed 30% of 1000000 tracks
Analyzed 40% of 1000000 tracks
Analyzed 50% of 1000000 tracks
Analyzed 60% of 1000000 tracks
Analyzed 70% of 1000000 tracks
Analyzed 80% of 1000000 tracks
Analyzed 90% of 1000000 tracks
Analyzed 100% of 1000000 tracks
opening GeometricIndex.txt for writing
Matrices built:
geomIndex = 0

V_0:
    0.444481    -0.150216    -0.762701     0.260734     0.341966    -0.113293  -0.00310972   -0.0162307  -0.00700091  -0.00887817
    0.513518    -0.150714   -0.0415431     0.017585    -0.755782     0.247586     0.164226   -0.0375476     0.210155   -0.0806147
   -0.699791   -0.0117585    -0.570823    0.0178592    -0.342139     0.126424      0.20359   -0.0913113    0.0339271   0.00398308
   -0.117214   -0.0274583   -0.0854418 -0.000453924   -0.0724924    -0.108353    -0.555969     0.462388     0.446319    -0.488985
 -0.00182855   -0.0113037    0.0617603    0.0339983    -0.160074    -0.737816     0.287447    -0.227806    -0.163066    -0.513605
   0.0260351     0.032211  -0.00962636    0.0343475 -0.000445889     0.116337     0.412659     0.782213    -0.423521    -0.148199
  -0.0166995   -0.0100727    0.0728566    0.0831276     0.275915     0.580066     0.124625    -0.315553   -0.0628063     -0.67509
     0.17777     0.509468    -0.271933    -0.733327   -0.0565327    0.0301801    -0.159294   -0.0625518    -0.228301    -0.107747
  -0.0514102    -0.727848   -0.0158424     -0.25833   -0.0986212    0.0288033    -0.361908   -0.0505022    -0.505399   -0.0331307
  0.00915963     0.404031  -0.00281312     0.563597    -0.273611    0.0449265    -0.444605   -0.0799779    -0.487832  -0.00969194
corrPV_0:
 0.00130682   0.0180746  -0.0259379 -0.00563831  -0.0346507   0.0475421   -0.101391   0.0563426     1.16239     2.17141
D_0:
    0.142744   -0.0488408   -0.0836444    0.0286682   -0.0624162    0.0211916 -0.000393262   0.00544125  0.000450294    0.0018875
opening matrixVD_0.txt for writing
