5 
6 
12 
14 
15 
inputFileName = /Users/demattia/RemoteProjects/extracted_endcaps.root
eventsFractionStartBuild = 0
eventsFractionEndBuild = 0.2
eventsFractionStartTest = 0.8
eventsFractionEndTest = 1
var name = R
var name = z
par name = cotTheta
firstOrderChargeOverPtCoefficientsFileName = 
firstOrderCotThetaCoefficientsFileName = 
2 < pT < 10, pT regions = 1
0 < phi < 0.8, phi regions = 1
-3 < eta < 3, eta regions = 1
-15 < z0 < 15, eta regions = 1
charge regions = 1
endcap regions = 0
Training
Requested running from track number 0 to track number 1000000 for a total of 1000000 tracks.
Analyzed 10% of 1000000 tracks
Analyzed 20% of 1000000 tracks
Analyzed 30% of 1000000 tracks
Analyzed 40% of 1000000 tracks
Analyzed 50% of 1000000 tracks
Analyzed 60% of 1000000 tracks
Analyzed 70% of 1000000 tracks
Analyzed 80% of 1000000 tracks
Analyzed 90% of 1000000 tracks
Analyzed 100% of 1000000 tracks
Evaluating eigenvalues:
geomIndex = 0
Sqrt(eigenvalues) of cov:
 0.104372 0.363116 0.973168 1.19051 1.70249 2.1771 2.73659 3.11199 6.39489 11.8344
Analyzed 10% of 1000000 tracks
Analyzed 20% of 1000000 tracks
Analyzed 30% of 1000000 tracks
Analyzed 40% of 1000000 tracks
Analyzed 50% of 1000000 tracks
Analyzed 60% of 1000000 tracks
Analyzed 70% of 1000000 tracks
Analyzed 80% of 1000000 tracks
Analyzed 90% of 1000000 tracks
Analyzed 100% of 1000000 tracks
opening GeometricIndex.txt for writing
Matrices built:
geomIndex = 0

V_0:
   0.444026   -0.150169   -0.763123    0.260623    0.341741   -0.113163 -0.00281655  -0.0167185 -0.00699641 -0.00889783
   0.513526   -0.150643    -0.04149   0.0176089   -0.755601    0.248106    0.163944  -0.0369757    0.210451  -0.0808882
  -0.701141  -0.0121658   -0.570481   0.0185632   -0.343559    0.123017    0.201293  -0.0861859   0.0366182 -0.00268243
  -0.110383  -0.0245269  -0.0828527 -0.00488483  -0.0670121  -0.0998665   -0.562184    0.465335    0.446988   -0.483193
0.000690892 -0.00852662   0.0612394   0.0282475   -0.160124   -0.739611    0.273634   -0.231531   -0.154711   -0.519901
  0.0271572    0.030216 -0.00699244   0.0367396 -0.00143357    0.106565    0.415106    0.780545   -0.424952   -0.153115
 -0.0168453  -0.0107285   0.0730976   0.0833201    0.276141    0.581367     0.12424   -0.314453  -0.0642579   -0.674262
   0.177734    0.509915    -0.27238   -0.733468  -0.0552156   0.0367671   -0.156716   -0.061115   -0.230483   -0.102041
 -0.0514766    -0.72558  -0.0162949   -0.255705   -0.100561   0.0286716   -0.364815  -0.0509258   -0.507528  -0.0320992
 0.00937738    0.407953 -0.00302643    0.564753   -0.273314   0.0446016   -0.443024  -0.0795092    -0.48494 -0.00907969
corrPV_0:
 0.00126095   0.0180489  -0.0262672 -0.00516351  -0.0346472   0.0473984    -0.10157   0.0567967     1.16833     2.15311
D_0:
    0.141749   -0.0484942   -0.0817916    0.0280563   -0.0633452    0.0215576 -0.000376558   0.00550077  0.000518584   0.00190557
opening matrixVD_0.txt for writing
