10
1

0.1051467046169578
0.3635757418388206
0.9697979185416067
   1.1849427519634
 1.703553309226539
  2.17501725005149
 2.730400872898291
 3.116873087505617
 6.389411887239259
 11.83660619681939

    0.4444807954881362    -0.1502155687885511    -0.7627011624490169     0.2607336300521939     0.3419658876406143    -0.1132934506743172  -0.003109724498225064   -0.01623074177995539  -0.007000908817052431  -0.008878171518776257
    0.5135178568705416    -0.1507143394539409   -0.04154310534794393    0.01758498133728172    -0.7557822903324732     0.2475856713030634     0.1642259476230048   -0.03754757218648796     0.2101553811591425   -0.08061473868195582
    -0.699791303241315   -0.01175848231217977    -0.5708234708541349    0.01785924830880537    -0.3421388165605412     0.1264238782601193     0.2035899286412761   -0.09131125875171496    0.03392706355692173    0.00398307934445294
   -0.1172138452511541   -0.02745829816749491   -0.08544184632596041 -0.0004539240312361333   -0.07249237779953877    -0.1083526460956333    -0.5559690947010758     0.4623877369666003      0.446318756808359      -0.48898518811803
 -0.001828553784244558   -0.01130367999137809    0.06176030887569414    0.03399827118233367    -0.1600741473183212    -0.7378164861145089     0.2874474044761036    -0.2278059831241026    -0.1630659031838047    -0.5136046145854953
    0.0260350689271621    0.03221104363135361  -0.009626364321184057    0.03434745968927826 -0.0004458885517510364     0.1163367520839837     0.4126588397830923     0.7822134252562042    -0.4235205507101163    -0.1481990306950904
  -0.01669953755544688   -0.01007266158165282    0.07285661357865593    0.08312758412883552      0.275914971913676     0.5800658321462939     0.1246247566543404    -0.3155527005878873   -0.06280633012025791    -0.6750899734676215
    0.1777704298923113     0.5094681380016666    -0.2719326750851379    -0.7333266316417794   -0.05653273132843484    0.03018012954900023    -0.1592937276785886    -0.0625518117478583    -0.2283006655003776    -0.1077467286433234
   -0.0514102316087034    -0.7278477123470447   -0.01584238025547531    -0.2583302933843875   -0.09862121057400353    0.02880333083987052     -0.361907721217632   -0.05050223903968085    -0.5053989293532211   -0.03313074955378924
  0.009159632682209722     0.4040314241488344  -0.002813119209173202     0.5635967254742166    -0.2736114957463264    0.04492647004842932     -0.444604684767231   -0.07997785208921507    -0.4878321148793047  -0.009691937861212167

22.68984140793417
 64.9700360230253
35.43167711579504
102.2044537119556
53.88498036284709
 155.562994316371
75.98246024364863
220.3322735606286
90.08214373366236
261.7646828094174

2.922004854267735

0
0
0
0
0
0
0
0
0
0

0

0
0
0
0
0
0
0
0
0
0

0

0
0
0
0
0
0
0
0
0
0

0

0
0
0
0
0
0
0
0
0
0

0

0
0
0
0
0
0
0
0
0
0

0

0
0
0
0
0
0
0
0
0
0

0

0
0
0
0
0
0
0
0
0
0

0

0
0
0
0
0
0
0
0
0
0

0

0
0
0
0
0
0
0
0
0
0

0

0
0
0
0
0
0
0
0
0
0

0

0
0
0
0
0
0
0
0
0
0

0

0
0
0
0
0
0
0
0
0
0

0

0
0
0
0
0
0
0
0
0
0

0

0
0
0
0
0
0
0
0
0
0

0

0
0
0
0
0
0
0
0
0
0

0

0
0
0
0
0
0
0
0
0
0

0

0
0
0
0
0
0
0
0
0
0

0

0
0
0
0
0
0
0
0
0
0

0

0
0
0
0
0
0
0
0
0
0

0

0
0
0
0
0
0
0
0
0
0

0

0
0
0
0
0
0
0
0
0
0

0

0
0
0
0
0
0
0
0
0
0

0

0
0
0
0
0
0
0
0
0
0

0

0
0
0
0
0
0
0
0
0
0

0

0
0
0
0
0
0
0
0
0
0

0

0
0
0
0
0
0
0
0
0
0

0

0
0
0
0
0
0
0
0
0
0

0

0
0
0
0
0
0
0
0
0
0

0

0
0
0
0
0
0
0
0
0
0

0

0
0
0
0
0
0
0
0
0
0

0

0
0
0
0
0
0
0
0
0
0

0

0
0
0
0
0
0
0
0
0
0

0

0
0
0
0
0
0
0
0
0
0

0

0
0
0
0
0
0
0
0
0
0

0

0
0
0
0
0
0
0
0
0
0

0

0
0
0
0
0
0
0
0
0
0

0

0
0
0
0
0
0
0
0
0
0

0

0
0
0
0
0
0
0
0
0
0

0

0
0
0
0
0
0
0
0
0
0

0

0
0
0
0
0
0
0
0
0
0

0

0
0
0
0
0
0
0
0
0
0

0

0
0
0
0
0
0
0
0
0
0

0

0
0
0
0
0
0
0
0
0
0

0

0
0
0
0
0
0
0
0
0
0

0

0
0
0
0
0
0
0
0
0
0

0

0
0
0
0
0
0
0
0
0
0

0

0
0
0
0
0
0
0
0
0
0

0

0
0
0
0
0
0
0
0
0
0

0

0
0
0
0
0
0
0
0
0
0

0

0
0
0
0
0
0
0
0
0
0

0

0
0
0
0
0
0
0
0
0
0

0

0
0
0
0
0
0
0
0
0
0

0

0
0
0
0
0
0
0
0
0
0

0

0
0
0
0
0
0
0
0
0
0

0

0
0
0
0
0
0
0
0
0
0

0

0
0
0
0
0
0
0
0
0
0

0

0
0
0
0
0
0
0
0
0
0

0

0
0
0
0
0
0
0
0
0
0

0

0
0
0
0
0
0
0
0
0
0

0

0
0
0
0
0
0
0
0
0
0

0

0
0
0
0
0
0
0
0
0
0

0

0
0
0
0
0
0
0
0
0
0

0

0
0
0
0
0
0
0
0
0
0

0

0
0
0
0
0
0
0
0
0
0

0

0
0
0
0
0
0
0
0
0
0

0

0
0
0
0
0
0
0
0
0
0

0

0
0
0
0
0
0
0
0
0
0

0

0
0
0
0
0
0
0
0
0
0

0

0
0
0
0
0
0
0
0
0
0

0

0
0
0
0
0
0
0
0
0
0

0

0
0
0
0
0
0
0
0
0
0

0

0
0
0
0
0
0
0
0
0
0

0

0
0
0
0
0
0
0
0
0
0

0

0
0
0
0
0
0
0
0
0
0

0

0
0
0
0
0
0
0
0
0
0

0

0
0
0
0
0
0
0
0
0
0

0

0
0
0
0
0
0
0
0
0
0

0

    0.1427441765531039   -0.04884082406585415   -0.08364441005713123    0.02866816259325935    -0.0624162204647098    0.02119161077366407 -0.0003932617905967311    0.00544124526973391  0.0004502937783826492   0.001887496698662188

  0.00130682169661819    0.0180746423692476  -0.02593792555930741 -0.005638306022008582  -0.03465074668630924    0.0475421295451919    -0.101391442780876   0.05634258382120565     1.162390713487431     2.171408009621329

cov:
  0.9488703960325101    2.932539323558381  -0.0673907197517848  -0.0165198818555183 -0.08784182506785114 -0.05377338296861119 -0.08367552741498301  0.01353363942888454 -0.08462026728868274  0.01187447633481487
   2.932539323558381    47.03035436029809   -1.031674992986525    35.94688652873572   -12.83213918709804    1.833066523738887   -15.14235099603383   -3.201947393625456   -13.80339714313674 -0.03207694882424168
 -0.0673907197517848   -1.031674992986525    1.104190707634001    1.920098113502398   0.6358104845027822  0.00618087947283188    0.887063242593482 -0.02451846803791139    1.005359265675246 -0.08504907894674647
 -0.0165198818555183    35.94688652873572    1.920098113502398    52.51352314076557   -20.01366096743188    3.336774629088631   -29.97886344068485   -5.429935267499196   -31.68718292423119  -0.1412496541679116
-0.08784182506785114   -12.83213918709804   0.6358104845027822   -20.01366096743188    11.75303342817638  -0.3739018693367588    18.68484838301488    2.744690663844661    20.73104803347882  -0.5291219915864716
-0.05377338296861119    1.833066523738887  0.00618087947283188    3.336774629088631  -0.3739018693367588    4.517575897993597    -3.00607636406515   -1.109865845410564   -3.944365418287915   -1.960528086168466
-0.08367552741498301   -15.14235099603383    0.887063242593482   -29.97886344068485    18.68484838301488    -3.00607636406515    34.92637887286276    6.489438946299083    36.84968804021594   0.2957168018348362
 0.01353363942888454   -3.201947393625456 -0.02451846803791139   -5.429935267499196    2.744690663844661   -1.109865845410564    6.489438946299083    5.133990807409888    5.621208190900126    1.304262383651103
-0.08462026728868274   -13.80339714313674    1.005359265675246   -31.68718292423119    20.73104803347882   -3.944365418287915    36.84968804021594    5.621208190900126    45.51810394910118    2.132502112572134
 0.01187447633481487 -0.03207694882424168 -0.08504907894674647  -0.1412496541679116  -0.5291219915864716   -1.960528086168466   0.2957168018348362    1.304262383651103    2.132502112572134    4.774430126625796

cov.inverse():
   20.39846380837004   -6.603138470400337   -30.39784044679558    10.52433942079259    11.07128731240977   -3.677652389769947   0.4072121038383728  -0.7649837026171238   0.4667835905255201  -0.6331551105478457
  -6.603138470400326     2.25463729829285    10.40460390148666   -3.595089174816465   -3.780632833056385    1.261650927354876  -0.1383261213174299   0.2594655213960362  -0.1601736535185916   0.2188698006340591
  -30.39784044679568    10.40460390148667    52.99032788633679   -17.98131417752227   -23.14046741153103    7.656626600827733  0.08428701694024707    1.151030579923062   0.3725438449972552   0.6509489622916808
    10.5243394207926   -3.595089174816469    -17.9813141775223    6.212485612000947    7.962678453700851    -2.64007886823365 -0.02716590504712725  -0.3854423029281835  -0.1238646223884403  -0.2261842473125454
   11.07128731240985   -3.780632833056405   -23.14046741153111    7.962678453700871    15.04682738924392   -4.898408285295783    -1.08911959071743   -0.276551983169141   -1.443282543616654   0.2141876296304988
  -3.677652389769967    1.261650927354882    7.656626600827764   -2.640078868233656   -4.898408285295782    1.885746642672868   0.3556034467511517   0.1003846759475689   0.4604115794089508  0.05230113068407832
  0.4072121038383864   -0.138326121317434  0.08428701694022576 -0.02716590504711973   -1.089119590717418   0.3556034467511479   0.5429009338311878  -0.2028169416090886  0.04930522680068362  0.02383328325029566
 -0.7649837026171296   0.2594655213960378     1.15103057992307  -0.3854423029281862  -0.2765519831691446   0.1003846759475701  -0.2028169416090879    0.356716729374969  0.04207301310141208 -0.08035770369594371
  0.4667835905254892  -0.1601736535185823   0.3725438449972992  -0.1238646223884561   -1.443282543616675   0.4604115794089582  0.04930522680068487  0.04207301310141254   0.5425681456254928  -0.2270421890360466
  -0.633155110547835   0.2188698006340556   0.6509489622916615  -0.2261842473125387   0.2141876296305097  0.05230113068407458   0.0238332832502953 -0.08035770369594405  -0.2270421890360476   0.3844961537804338

cov*(cov_.inverse()):
    0.9999999999999756 -9.454242944073599e-15  5.527262675331102e-14  1.171545499500937e-14 -2.127551607111755e-14  1.272528089846237e-15 -1.637741591647979e-15  7.859381548347422e-16  3.519320251887947e-15 -5.004677228193088e-16
-3.168992845914431e-14     0.9999999999999863  2.907396545737129e-15  3.962975780869016e-15  4.328135072562134e-16  7.897328624384414e-16 -4.436555289810684e-16  1.316655118266397e-15  5.811323644522304e-17  1.127570259384925e-16
 1.494637746901617e-14 -9.197503869629031e-15     0.9999999999999653  2.216629657603164e-14  1.071365218763276e-14 -9.883587004377858e-15 -5.364632349458276e-16 -5.516420653606247e-16   2.10248485288389e-15 -1.873501354054952e-16
  3.90659726789977e-14 -5.363764987720288e-15 -8.797129691373584e-14     0.9999999999999918  2.750924488204021e-14 -3.081996463594194e-14  2.029626466892864e-15  -3.86843335142828e-16  -2.05391259555654e-15    2.8796409701215e-15
-4.729550084903167e-14  -1.51684220739412e-14  4.946043574705072e-14  2.814415367424772e-14                      1  3.438221929386032e-15 -1.356553758213863e-15  4.163336342344337e-16  1.443289932012704e-15 -1.554312234475219e-15
 6.439293542825908e-15  1.332267629550188e-15 -6.883382752675971e-15 -1.554312234475219e-15  4.496403249731884e-15     0.9999999999999994 -6.245004513516506e-17 -1.942890293094024e-16 -6.106226635438361e-16 -1.110223024625157e-16
 2.314815006343451e-14 -1.354472090042691e-14  2.212119376565624e-14   3.24462678946702e-14 -2.142730437526552e-14 -1.888246503600755e-14     0.9999999999999961 -1.380839886877538e-15  6.730727086790012e-15 -1.457167719820518e-15
-9.880984919163893e-15  1.332267629550188e-15  2.320366121466577e-14 -1.498801083243961e-15 -8.604228440844963e-15  2.969846590872294e-15 -2.081668171172169e-16     0.9999999999999999  9.992007221626409e-16 -4.440892098500626e-16
-5.573319583618286e-14  -3.83026943495679e-15  8.526512829121202e-14   2.09277040141842e-14  -1.88182802673964e-14  4.829470157119431e-15  4.718447854656915e-16 -1.665334536937735e-16     0.9999999999999993  1.332267629550188e-15
-4.440892098500626e-16  4.440892098500626e-16 -4.440892098500626e-16 -1.332267629550188e-15 -2.220446049250313e-15  4.996003610813204e-16  1.387778780781446e-17 -2.220446049250313e-16                      0     0.9999999999999999
