5
2

0.1288442546065417
 0.136412635974427
 2.759411610747674
 6.060737254989109
 18.75049786752773

  -0.4055526497703862    0.7875813550527391   0.07538921632416125   -0.4577743986659247 -0.001312793048926033
  0.04697622900097481    0.3533304676509458   -0.8296769792082747    0.4296357785525091 0.0001499927454164361
   0.4787025378103855  -0.05218846165269362   -0.2864479296232029   -0.5627982709499478    0.6077219220947618
  -0.7303742688741494   -0.3030050239881922   -0.1159353080750581    0.1049575218429559    0.5918482117524684
    0.265927790637825     0.400421664887273    0.4587582851458742    0.5273497155948461    0.5295167737923341

74.87051478196265
 132.231775632241
157.1575746826849
186.4803197521144
222.6524213622807

  3.383329800861032
0.07148213195252864

0
0
0
0
0

0
0

0
0
0
0
0

0
0

0
0
0
0
0

0
0

0
0
0
0
0

0
0

0
0
0
0
0

0
0

0
0
0
0
0

0
0

0
0
0
0
0

0
0

0
0
0
0
0

0
0

0
0
0
0
0

0
0

0
0
0
0
0

0
0

0
0
0
0
0

0
0

0
0
0
0
0

0
0

0
0
0
0
0

0
0

0
0
0
0
0

0
0

0
0
0
0
0

0
0

0
0
0
0
0

0
0

0
0
0
0
0

0
0

0
0
0
0
0

0
0

0
0
0
0
0

0
0

0
0
0
0
0

0
0

0
0
0
0
0

0
0

0
0
0
0
0

0
0

0
0
0
0
0

0
0

0
0
0
0
0

0
0

0
0
0
0
0

0
0

0
0
0
0
0

0
0

0
0
0
0
0

0
0

0
0
0
0
0

0
0

0
0
0
0
0

0
0

0
0
0
0
0

0
0

0
0
0
0
0

0
0

0
0
0
0
0

0
0

0
0
0
0
0

0
0

0
0
0
0
0

0
0

0
0
0
0
0

0
0

0
0
0
0
0

0
0

0
0
0
0
0

0
0

0
0
0
0
0

0
0

0
0
0
0
0

0
0

0
0
0
0
0

0
0

0
0
0
0
0

0
0

0
0
0
0
0

0
0

0
0
0
0
0

0
0

0
0
0
0
0

0
0

0
0
0
0
0

0
0

0
0
0
0
0

0
0

0
0
0
0
0

0
0

0
0
0
0
0

0
0

0
0
0
0
0

0
0

0
0
0
0
0

0
0

0
0
0
0
0

0
0

0
0
0
0
0

0
0

0
0
0
0
0

0
0

0
0
0
0
0

0
0

0
0
0
0
0

0
0

0
0
0
0
0

0
0

0
0
0
0
0

0
0

0
0
0
0
0

0
0

0
0
0
0
0

0
0

0
0
0
0
0

0
0

0
0
0
0
0

0
0

0
0
0
0
0

0
0

0
0
0
0
0

0
0

0
0
0
0
0

0
0

0
0
0
0
0

0
0

0
0
0
0
0

0
0

0
0
0
0
0

0
0

0
0
0
0
0

0
0

0
0
0
0
0

0
0

0
0
0
0
0

0
0

0
0
0
0
0

0
0

0
0
0
0
0

0
0

0
0
0
0
0

0
0

0
0
0
0
0

0
0

0
0
0
0
0

0
0

0
0
0
0
0

0
0

0
0
0
0
0

0
0

  -0.03886090673371806    0.01008295588959372    0.01337083639108019    0.01538023210566033 -6.955718942990626e-05
     1.856564800585895     -0.212173540250488    -0.3004398622386791     -0.343517837421139   0.001826263681705097

 0.0002933156853422999 -5.114541051424244e-05    -0.2410499650430837     0.9311981383622049      2.781411451314372
  -0.01303892131346313   0.002120014802437378      8.987347907063201     -47.45255323944991      31.90142794674397

cov:
46.20546537841333 45.37145422401448 44.95673135724643 44.44086867465614 35.84404079353209
45.37145422401448 59.77749762548902 65.98405679995447 73.29296430835929 67.71688262177408
44.95673135724643 65.98405679995447 75.12488082375258 85.82999429960414  81.5602114964589
44.44086867465614 73.29296430835929 85.82999429960414 100.5972694577806 97.85320781050144
35.84404079353209 67.71688262177408  81.5602114964589 97.85320781050144 114.2581547554669

cov.inverse():
    10.07091525389637    -18.34531544251247    -3.951576551430569     12.23079450501344   0.05928870633500432
   -18.34531544251368     44.07687324533413    -12.17356387265776    -13.55647059810664  -0.06787820161221871
    -3.95157655142837    -12.17356387266227      37.3461954908027    -21.21315601281538  -0.03668860420882208
    12.23079450501244    -13.55647059810333     -21.2131560128177     22.58553175290609 -0.002769256455823808
  0.05928870633499842  -0.06787820161221192  -0.03668860420881234  -0.00276925645583447   0.05894252680109521

cov*(cov_.inverse()):
    0.9999999999999938  5.773159728050814e-14  8.149037000748649e-14  3.753941602013811e-14  8.881784197001252e-16
 7.638334409421077e-14     0.9999999999999671  7.416289804496046e-14 -8.559819519859957e-14  1.332267629550188e-15
 2.398081733190338e-13 -1.092459456231154e-13     0.9999999999998259 -2.636779683484747e-14  8.881784197001252e-16
 6.750155989720952e-14 -1.074695887837152e-13 -2.318145675417327e-13      1.000000000000012   1.77635683940025e-15
 2.309263891220326e-14  3.108624468950438e-14 -2.398081733190338e-14   5.05095965053215e-13      1.000000000000002
