5
1

 0.00198374327726444
 0.00276511528562283
0.005111388365612532
 0.09717436079695035
  0.5644725102086142

   -0.44665582038944   0.8127226273562203  -0.3735958953677914  0.01708735051959274 -0.01070693756389148
  -0.262840225316017  -0.1216011131365367    0.101077098482433   0.7995195709656526  -0.5164107483825751
  0.4757053567000401  -0.1127412684817499  -0.8028738809670423   0.3189467275702831   0.1210798753763004
 -0.5857183220956803  -0.3679232996323815  -0.1102475677061455   0.2066748950032073   0.6831525849613197
  0.4025568963964846   0.4202581971073308   0.4398278438235908   0.4647956011439217   0.5018441091439426

0.4003465440783359
0.4005413578203932
0.4001430159838364
0.3999859280693815
0.3996624949819771

0.00219175381677411

 5.345043193438852 0.0435665700366704 -5.278962544022755 0.6939805301901598 -0.805201628809987

 -1.41396560116304e-06 -7.440238738489464e-06  0.0001802699496961871   -0.02805825163067164   -0.07435789525737746

cov:
0.05488126707740194 0.05593734560199063 0.05701536707259125 0.05847689137684361  0.0605938753608613
0.05593734560199063 0.05755662161915621 0.05927992778708414 0.06151950268325223 0.06482685645423622
0.05701536707259125 0.05927992778708414 0.06177059590876099 0.06491612857370641 0.06961531693441196
0.05847689137684361 0.06151950268325223 0.06491612857370641 0.06924594013241668 0.07565292949689653
 0.0605938753608613 0.06482685645423622 0.06961531693441196 0.07565292949689653  0.0846553538307311

cov.inverse():
 68430.20640574422 -90094.51033460941  24317.76565042373 -23629.23643280897  21130.67165853798
-90094.51033460081    170282.43147632 -75294.75310721678 -10570.51357491295  5453.396463596278
 24317.76565041573 -75294.75310721213  61478.54894404465 -855.8452898708564 -9538.522242605979
-23629.23643281442 -10570.51357489819  -855.845289881635  87577.95798511905 -52553.19085044881
 21130.67165854289  5453.396463585324 -9538.522242598454 -52553.19085045027  35519.48129306645

cov*(cov_.inverse()):
    0.9999999999993179  8.526512829121202e-13  -1.13686837721616e-13 -4.547473508864641e-13                      0
-2.273736754432321e-13     0.9999999999997726  4.547473508864641e-13                      0                      0
-4.547473508864641e-13 -5.684341886080801e-14     0.9999999999998863                      0                      0
                     0  2.842170943040401e-13  -1.13686837721616e-13                      1 -4.547473508864641e-13
-6.821210263296962e-13   1.13686837721616e-13                      0 -9.094947017729282e-13     0.9999999999995453
