5
2

 0.00049986639526148
0.002324095700582313
 0.00272111494523244
 0.07641438026791168
  0.5845980685468699

 0.5621563001755989   -0.81334662059231 0.06072121677027074 0.07798082670163918  0.1126032568126609
  0.249193851624934  0.1703846215909544 -0.5889844893524766 -0.4385663081914827    0.60797069802675
0.08595353389491529  0.0525204983339137 -0.6687873570716628  0.7134545121777274 -0.1831931148817385
-0.6735145731545192 -0.3570210968575578 0.01500396671376607  0.2722158006386262  0.5870157536324192
 0.4010895514030179  0.4233366144686292   0.449342360722971  0.4673968345230156  0.4894332687336836

0.4003133459576427
0.4001358983731835
0.3999963518609555
 0.399871855822664
  0.39968380723701

0.002107997059458522
  0.4008488851067789

   8.775623221381572    -7.61052309433187  -0.1573319677234666  -0.3232179360892021  -0.6834776783607774
   3.022881604619581   -1.877624930505133  -0.0269796543498757 -0.04321233177730474 -0.07475275692812461

2.751415281617602e-06  3.82960432884591e-06 2.624262180101919e-06  -0.02151700710847733  -0.08827049703648336
8.028373904518466e-07 2.283502949087902e-06 1.200422248985181e-06 -0.008301250122613442    0.1191603482154138

cov:
0.05762831630247596 0.05943280463603978 0.06153308179475901 0.06299741930448931 0.06478085945218229
0.05943280463603978 0.06199185035035969 0.06497757458967639 0.06705411057838881 0.06958662696582177
0.06153308179475901 0.06497757458967639 0.06900974014603273 0.07179748590253907 0.07521020103787648
0.06299741930448931 0.06705411057838881 0.07179748590253907 0.07509720722535099 0.07911036330927161
0.06478085945218229 0.06958662696582177 0.07521020103787648 0.07911036330927161 0.08388000099002386

cov.inverse():
 1277327.102719049 -1821377.480112412  101674.8219566339  163461.3694380224  279192.8392619889
-1821377.480112238  2653315.178989958 -220978.4946702139 -262627.1921197113 -348694.3859884585
 101674.8219556103 -220978.4946686977  139387.4402570459  2333.427031087224 -22381.85403989489
 163461.3694393588 -262627.1921217666  2333.427031534724  128704.2296939575 -31845.05728903511
  279192.839261502 -348694.3859877451 -22381.85403984972 -31845.05728930696  123768.8573404318

cov*(cov_.inverse()):
                     1 -3.637978807091713e-12  4.547473508864641e-13 -3.183231456205249e-12  2.728484105318785e-12
-1.091393642127514e-11                      1 -9.094947017729282e-13 -4.092726157978177e-12  1.818989403545856e-12
 3.637978807091713e-12 -1.455191522836685e-11      1.000000000000455 -2.728484105318785e-12  3.637978807091713e-12
 1.455191522836685e-11 -4.001776687800884e-11  4.547473508864641e-13     0.9999999999995453  3.637978807091713e-12
                     0 -1.091393642127514e-11 -2.273736754432321e-13 -4.547473508864641e-12                      1
