5 
6 
7 
12 
13 
inputFileName = /Users/demattia/RemoteProjects/extracted_hybrid.root
eventsFractionStartBuild = 0
eventsFractionEndBuild = 0.2
eventsFractionStartTest = 0.8
eventsFractionEndTest = 1
var name = R
var name = z
par name = cotTheta
firstOrderChargeOverPtCoefficientsFileName = 
firstOrderCotThetaCoefficientsFileName = 
2 < pT < 10, pT regions = 1
0 < phi < 0.8, phi regions = 1
-3 < eta < 3, eta regions = 1
-15 < z0 < 15, eta regions = 1
charge regions = 1
endcap regions = 0
Training
Requested running from track number 0 to track number 1000000 for a total of 1000000 tracks.
Analyzed 10% of 1000000 tracks
Analyzed 20% of 1000000 tracks
Analyzed 30% of 1000000 tracks
Analyzed 40% of 1000000 tracks
Analyzed 50% of 1000000 tracks
Analyzed 60% of 1000000 tracks
Analyzed 70% of 1000000 tracks
Analyzed 80% of 1000000 tracks
Analyzed 90% of 1000000 tracks
Analyzed 100% of 1000000 tracks
Evaluating eigenvalues:
geomIndex = 0
Sqrt(eigenvalues) of cov:
 0.109398 0.382484 0.964289 1.12374 1.93432 2.03907 2.46634 2.68947 6.9006 16.5961
Analyzed 10% of 1000000 tracks
Analyzed 20% of 1000000 tracks
Analyzed 30% of 1000000 tracks
Analyzed 40% of 1000000 tracks
Analyzed 50% of 1000000 tracks
Analyzed 60% of 1000000 tracks
Analyzed 70% of 1000000 tracks
Analyzed 80% of 1000000 tracks
Analyzed 90% of 1000000 tracks
Analyzed 100% of 1000000 tracks
opening GeometricIndex.txt for writing
Matrices built:
geomIndex = 0

V_0:
   -0.385529     0.193929     0.728542    -0.365328     -0.34551     0.173596    0.0014533   0.00146254   0.00199555  -0.00102812
   -0.517537     0.215826    0.0744021   -0.0300626      0.72374    -0.322207    -0.115808    0.0185149    -0.161817     0.107607
    0.676792   -0.0112076     0.555061    -0.021041     0.412939   -0.0372434    -0.183949     0.112855    0.0930647   -0.0784322
    0.199193    0.0331118     0.134929    0.0159037    0.0619225   0.00262159      0.57804     -0.47134    -0.446784     0.425462
   -0.112785    -0.186341    0.0731468     0.106622     0.197676      0.26031     0.542422     0.359244       -0.246    -0.587543
     0.21792     0.409856    -0.106434     -0.17847    -0.279461    -0.457956    0.0110011     0.487875    -0.463948   -0.0116654
    -0.15363    -0.333173     0.345894     0.699728    -0.234485    -0.414424   -0.0211526     0.118865   -0.0430667     0.113882
   0.0331734     0.149186    0.0279162    0.0426833    -0.101505    -0.318345    -0.136759      -0.6188    -0.137314    -0.664773
  -0.0296921    -0.684849   -0.0165505    -0.363598  -0.00303534   0.00662067    -0.365743   -0.0224099    -0.512734    0.0200906
  0.00196628     0.331067    0.0042476     0.445051 -0.000922597     0.560387    -0.413953   -0.0116386    -0.454053    0.0247147
corrPV_0:
-0.000115204   -0.0151381    0.0165276     0.010762    -0.022726     0.018058    0.0179679   -0.0525517      1.08811      2.32973
D_0:
   0.0712665    -0.036122  -0.00412606   0.00217909   -0.0661443    0.0334405 -0.000548481  0.000232306 -0.000635612  0.000459135
opening matrixVD_0.txt for writing
