5 
6 
7 
12 
13 
inputFileName = /Users/demattia/RemoteProjects/extracted_hybrid.root
eventsFractionStartBuild = 0
eventsFractionEndBuild = 0.2
eventsFractionStartTest = 0.8
eventsFractionEndTest = 1
var name = R
var name = z
par name = cotTheta
firstOrderChargeOverPtCoefficientsFileName = 
firstOrderCotThetaCoefficientsFileName = 
pT > 2, pT regions = 1
0 < phi < 0.8, phi regions = 1
-3 < eta < 3, eta regions = 1
-15 < z0 < 15, eta regions = 1
charge regions = 1
endcap regions = 0
Training
Requested running from track number 0 to track number 1000000 for a total of 1000000 tracks.
Analyzed 10% of 1000000 tracks
Analyzed 20% of 1000000 tracks
Analyzed 30% of 1000000 tracks
Analyzed 40% of 1000000 tracks
Analyzed 50% of 1000000 tracks
Analyzed 60% of 1000000 tracks
Analyzed 70% of 1000000 tracks
Analyzed 80% of 1000000 tracks
Analyzed 90% of 1000000 tracks
Analyzed 100% of 1000000 tracks
Evaluating eigenvalues:
geomIndex = 0
Sqrt(eigenvalues) of cov:
 0.110012 0.381779 0.96492 1.12376 1.92427 2.0206 2.49289 2.68777 6.88936 16.5793
Analyzed 10% of 1000000 tracks
Analyzed 20% of 1000000 tracks
Analyzed 30% of 1000000 tracks
Analyzed 40% of 1000000 tracks
Analyzed 50% of 1000000 tracks
Analyzed 60% of 1000000 tracks
Analyzed 70% of 1000000 tracks
Analyzed 80% of 1000000 tracks
Analyzed 90% of 1000000 tracks
Analyzed 100% of 1000000 tracks
opening GeometricIndex.txt for writing
Matrices built:
geomIndex = 0

V_0:
    -0.38545     0.193597     0.728612    -0.365152    -0.345718     0.173799   0.00149278   0.00135416   0.00203848  -0.00113598
   -0.518046     0.214858    0.0751668   -0.0296097      0.72429    -0.321404     -0.11539    0.0188723     -0.16096      0.10706
    0.674129   -0.0145007     0.556008    -0.017544     0.412376   -0.0372385    -0.186942     0.115629    0.0964132   -0.0826673
    0.203569    0.0327684     0.139203    0.0166173    0.0640837  0.000535051     0.575192    -0.471083    -0.445953     0.426716
   -0.141175    -0.240127    0.0888126      0.13688     0.225478     0.309661     0.538421     0.297139    -0.189657    -0.578702
    0.204609     0.387556   -0.0973534    -0.168796    -0.250168    -0.421621    0.0762995     0.524687    -0.490768   -0.0874411
    -0.15273    -0.325393     0.341728      0.69722    -0.242999    -0.426725    -0.030271     0.108688   -0.0457306     0.109248
    0.034053     0.153283     0.022323    0.0319713   -0.0961144    -0.309589    -0.135751    -0.623119    -0.133768    -0.666439
  -0.0296917    -0.684132   -0.0170637    -0.363798  -0.00330845   0.00629944    -0.366616   -0.0229503    -0.512901    0.0197429
  0.00182689     0.331357   0.00437834      0.44552 -0.000945242     0.559887    -0.414028   -0.0121297    -0.453919    0.0246601
corrPV_0:
-0.000124702   -0.0151355    0.0165537    0.0108939    -0.023727    0.0139188    0.0179496   -0.0536749       1.0845      2.31669
D_0:
   0.0717533   -0.0363393   -0.0046595   0.00243472   -0.0661344    0.0334361 -0.000529971  0.000220018 -0.000580537  0.000441962
opening matrixVD_0.txt for writing
