10
1

0.1100119595502887
0.3817785259215017
0.9649195129189475
 1.123755754600817
 1.924268184548833
 2.020602810377108
  2.49288758663313
 2.687767826143772
 6.889358388209009
 16.57928715876529

   -0.3854503936693827     0.1935965204731025      0.728612362103647    -0.3651519359452751    -0.3457178165839498     0.1737991773513184   0.001492782014727119   0.001354161045542059   0.002038478896447553  -0.001135978840916988
   -0.5180458540126999     0.2148578004641012     0.0751668189748947   -0.02960965238729102     0.7242900443704046    -0.3214042575589733    -0.1153901490655392    0.01887230378550667    -0.1609603705864158     0.1070597035709806
    0.6741291761968434   -0.01450065909726769      0.556007658857158   -0.01754404273720305     0.4123756432046635   -0.03723847317851797    -0.1869421048203462     0.1156294106588935    0.09641324014837521   -0.08266725778388608
    0.2035693197101935    0.03276840193420039     0.1392027784164001    0.01661731443875335     0.0640837479358491  0.0005350506105409714     0.5751915708352143    -0.4710826131426199    -0.4459530121572834     0.4267164651187371
   -0.1411745402751695    -0.2401274109167054    0.08881258224810379     0.1368800167436352     0.2254775367479654     0.3096608845942265     0.5384213166476381     0.2971391330214913     -0.189656830766496     -0.578701898113252
    0.2046087141223182     0.3875564517072873   -0.09735336591811275    -0.1687960146791216    -0.2501681925019633    -0.4216206353269332    0.07629947418470093     0.5246874897380328    -0.4907676660453114   -0.08744106621559852
   -0.1527296808402774    -0.3253934852138627     0.3417280148311113     0.6972203735284831    -0.2429992894806932    -0.4267247404151915   -0.03027096468565537     0.1086879851373432   -0.04573057952665061      0.109247814150218
     0.034052969782589     0.1532834853603838    0.02232301445788991     0.0319713281749225   -0.09611444712384618    -0.3095886633256723    -0.1357510484464885    -0.6231191390363202    -0.1337678981055487    -0.6664392688070254
  -0.02969172683027379    -0.6841322048518578   -0.01706368490557324     -0.363797692445577  -0.003308448226237898   0.006299444037229015    -0.3666157240672988   -0.02295031356413146    -0.5129009475873718    0.01974285653447628
  0.001826886373431236     0.3313573267758564   0.004378336403001958     0.4455199141606538 -0.0009452423170509759     0.5598870492274448    -0.4140281389154587    -0.0121297437505783    -0.4539194507630335    0.02466011112796988

22.67131034489471
43.51420834081703
35.56605472671461
69.01062876016795
50.50163041666059
98.55472953066426
79.72989627553635
155.6945020529844
94.69510226684466
 185.431529197828

1.974420216384107

0
0
0
0
0
0
0
0
0
0

0

0
0
0
0
0
0
0
0
0
0

0

0
0
0
0
0
0
0
0
0
0

0

0
0
0
0
0
0
0
0
0
0

0

0
0
0
0
0
0
0
0
0
0

0

0
0
0
0
0
0
0
0
0
0

0

0
0
0
0
0
0
0
0
0
0

0

0
0
0
0
0
0
0
0
0
0

0

0
0
0
0
0
0
0
0
0
0

0

0
0
0
0
0
0
0
0
0
0

0

0
0
0
0
0
0
0
0
0
0

0

0
0
0
0
0
0
0
0
0
0

0

0
0
0
0
0
0
0
0
0
0

0

0
0
0
0
0
0
0
0
0
0

0

0
0
0
0
0
0
0
0
0
0

0

0
0
0
0
0
0
0
0
0
0

0

0
0
0
0
0
0
0
0
0
0

0

0
0
0
0
0
0
0
0
0
0

0

0
0
0
0
0
0
0
0
0
0

0

0
0
0
0
0
0
0
0
0
0

0

0
0
0
0
0
0
0
0
0
0

0

0
0
0
0
0
0
0
0
0
0

0

0
0
0
0
0
0
0
0
0
0

0

0
0
0
0
0
0
0
0
0
0

0

0
0
0
0
0
0
0
0
0
0

0

0
0
0
0
0
0
0
0
0
0

0

0
0
0
0
0
0
0
0
0
0

0

0
0
0
0
0
0
0
0
0
0

0

0
0
0
0
0
0
0
0
0
0

0

0
0
0
0
0
0
0
0
0
0

0

0
0
0
0
0
0
0
0
0
0

0

0
0
0
0
0
0
0
0
0
0

0

0
0
0
0
0
0
0
0
0
0

0

0
0
0
0
0
0
0
0
0
0

0

0
0
0
0
0
0
0
0
0
0

0

0
0
0
0
0
0
0
0
0
0

0

0
0
0
0
0
0
0
0
0
0

0

0
0
0
0
0
0
0
0
0
0

0

0
0
0
0
0
0
0
0
0
0

0

0
0
0
0
0
0
0
0
0
0

0

0
0
0
0
0
0
0
0
0
0

0

0
0
0
0
0
0
0
0
0
0

0

0
0
0
0
0
0
0
0
0
0

0

0
0
0
0
0
0
0
0
0
0

0

0
0
0
0
0
0
0
0
0
0

0

0
0
0
0
0
0
0
0
0
0

0

0
0
0
0
0
0
0
0
0
0

0

0
0
0
0
0
0
0
0
0
0

0

0
0
0
0
0
0
0
0
0
0

0

0
0
0
0
0
0
0
0
0
0

0

0
0
0
0
0
0
0
0
0
0

0

0
0
0
0
0
0
0
0
0
0

0

0
0
0
0
0
0
0
0
0
0

0

0
0
0
0
0
0
0
0
0
0

0

0
0
0
0
0
0
0
0
0
0

0

0
0
0
0
0
0
0
0
0
0

0

0
0
0
0
0
0
0
0
0
0

0

0
0
0
0
0
0
0
0
0
0

0

0
0
0
0
0
0
0
0
0
0

0

0
0
0
0
0
0
0
0
0
0

0

0
0
0
0
0
0
0
0
0
0

0

0
0
0
0
0
0
0
0
0
0

0

0
0
0
0
0
0
0
0
0
0

0

0
0
0
0
0
0
0
0
0
0

0

0
0
0
0
0
0
0
0
0
0

0

0
0
0
0
0
0
0
0
0
0

0

0
0
0
0
0
0
0
0
0
0

0

0
0
0
0
0
0
0
0
0
0

0

0
0
0
0
0
0
0
0
0
0

0

0
0
0
0
0
0
0
0
0
0

0

0
0
0
0
0
0
0
0
0
0

0

0
0
0
0
0
0
0
0
0
0

0

0
0
0
0
0
0
0
0
0
0

0

0
0
0
0
0
0
0
0
0
0

0

0
0
0
0
0
0
0
0
0
0

0

0
0
0
0
0
0
0
0
0
0

0

0
0
0
0
0
0
0
0
0
0

0

   0.07175325813155238   -0.03633926733828344  -0.004659498834549083   0.002434718221145281   -0.06613435264437433    0.03343609458192674 -0.0005299710003680226  0.0002200181780361075 -0.0005805371872040365  0.0004419620909773979

-0.0001247016003454768    -0.0151355435779722    0.01655365348082519    0.01089388007366503   -0.02372696572628563    0.01391880781583503    0.01794956930923668   -0.05367486677210496      1.084502674307954      2.316692675303669

cov:
   0.9571955380828532     1.908549076349078  -0.04466767199283293   -0.1328450085838605    0.1065596698521638   0.08727106231301746    0.1256059597345064  0.002834210789386204    0.1525495412496772 -0.003879334358996091
    1.908549076349078     54.05816248403855   0.05585574061207567     50.62723327941938   -0.1710877606568871     50.35905575604976    -26.23010561971987   -0.7237850544676951    -25.37737068650786     1.044423639203393
 -0.04466767199283293   0.05585574061207567     1.135861032975421     2.419035001929615   -0.1267896556708186  -0.03918536798282675   -0.1377120488140973 0.0007510037829495051   -0.1471045354869779   0.01604770531674231
  -0.1328450085838605     50.62723327941938     2.419035001929615     64.05707650490741   -0.8540119967112364      66.9840256236555    -44.29864500846133   -0.9849844440372896    -46.72848105990592     2.775241359388199
   0.1065596698521638   -0.1710877606568871   -0.1267896556708186   -0.8540119967112364     1.119657145918883     1.353169434566682     0.639293011409641 -0.004292084434001235    0.6872685086519528  -0.09149569261575663
  0.08727106231301746     50.35905575604976  -0.03918536798282675      66.9840256236555     1.353169434566682     89.08878464639521    -62.94541341400393    -1.335929466496535    -68.95882082867186     4.486926264761829
   0.1256059597345064    -26.23010561971987   -0.1377120488140973    -44.29864500846133     0.639293011409641    -62.94541341400393     55.18620078854738     2.763637714334554     59.85399448358537    -3.375414734611369
 0.002834210789386204   -0.7237850544676951 0.0007510037829495051   -0.9849844440372896 -0.004292084434001235    -1.335929466496535     2.763637714334554     4.687472695614571     1.658628853628082      1.88353144188808
   0.1525495412496772    -25.37737068650786   -0.1471045354869779    -46.72848105990592    0.6872685086519528    -68.95882082867186     59.85399448358537     1.658628853628082     70.64399716881267    -2.613130127419669
-0.003879334358996091     1.044423639203393   0.01604770531674231     2.775241359388199  -0.09149569261575663     4.486926264761829    -3.375414734611369      1.88353144188808    -2.613130127419669     4.977595995415045

cov.inverse():
    14.65774068544014     -6.89689780421243    -23.06389273516936     11.69431754216225     8.729588137197222    -4.443679075905491    0.3035748491046541  -0.09305213042927341    0.4885334844229332   -0.3235591056497969
   -6.896897804212371     3.497525204030309     11.72864146264201     -5.93894600340807    -4.494902068921709     2.263198331971756   -0.1525656039343476   0.04739577662675697   -0.2456218817430627    0.1611186697202708
    -23.0638927351693     11.72864146264197     44.27396683502526    -21.96120211899119    -20.18862319468508     10.26833443814043 -0.008734276286949252    0.1070546589302029   0.05253333872265464  -0.02336063840905531
     11.6943175421622     -5.93894600340805    -21.96120211899119     11.11758105294128     10.26769985340925    -5.197251748784121  0.004384528233154409  -0.05418363387270132  -0.02573814179004615   0.01111634264858393
    8.729588137197187    -4.494902068921657    -20.18862319468495     10.26769985340919     13.70050745579707    -6.512768247305685   -0.6385235462270782   0.07239257093397702   -0.8158813912570698    0.5242071388201398
   -4.443679075905446     2.263198331971729     10.26833443814036    -5.197251748784087    -6.512768247305682     3.319198389535166    0.3277570329172232  -0.03711374340721992    0.4228617032465359   -0.2671584333548426
   0.3035748491046865   -0.1525656039343617 -0.008734276287004794  0.004384528233182417    -0.638523546227049    0.3277570329172083    0.4769288435781198   -0.1881709762748479    -0.124168318131913   0.05208129839087759
 -0.09305213042928309   0.04739577662676119    0.1070546589302203  -0.05418363387271011   0.07239257093396724   -0.0371137434072149   -0.1881709762748476    0.3396193462106984   0.09043625586985379   -0.1540049513700699
   0.4885334844229383    -0.245621881743065   0.05253333872264788  -0.02573814179004302   -0.8158813912570696    0.4228617032465359   -0.1241683181319116   0.09043625586985329    0.4233738308616935   -0.2262361400377694
  -0.3235591056498017     0.161118669720273  -0.02336063840904876   0.01111634264858057     0.524207138820138   -0.2671584333548417   0.05208129839087672   -0.1540049513700696   -0.2262361400377693    0.3860017113816168

cov*(cov_.inverse()):
      1.00000000000005 -5.212171839963364e-14  8.066260875384812e-15  5.811208448041477e-15 -6.210396780170768e-14  9.262339159543664e-15 -4.541993951084899e-15  1.336170757371136e-15 -5.646524914304507e-16  4.521123059264553e-16
 2.636779683484747e-14     0.9999999999999772 -1.610170330401672e-14 -3.792452463180496e-14 -8.326672684688674e-14  1.715294573045867e-14  8.743006318923108e-16  5.551115123125783e-17   3.33066907387547e-16  3.885780586188048e-16
-4.375839968151496e-15 -3.480288973678469e-15      1.000000000000013 -4.661283295112617e-15  2.674943599956237e-15  1.162264728904461e-16  1.633892673935655e-16 -4.206704429243757e-17  6.323067069935462e-16  9.454242944073599e-17
-1.172395514004165e-13  6.317169010117141e-14  2.862987624752122e-14     0.9999999999998251  2.020605904817785e-14  6.772360450213455e-15  4.968248035197576e-15  9.436895709313831e-16 -4.884981308350689e-15  6.661338147750939e-16
 1.386044057305469e-14 -8.815864704914134e-15  -9.43472730496886e-15  6.974455735164753e-15     0.9999999999999933 -1.592476150946709e-15 -5.924080670460796e-16  1.266348137463069e-16 -3.989863994746656e-16  2.706168622523819e-16
-1.589839371263224e-13  1.105782132526656e-13   1.78981829357383e-13 -2.159869505469203e-13 -2.220446049250313e-14      1.000000000000024  4.773959005888173e-15 -1.110223024625157e-16 -8.881784197001252e-16 -8.881784197001252e-16
 5.262457136723242e-14  3.563815909046752e-14  3.227973444097643e-14  5.122985369254707e-14 -6.927791673660977e-14 -1.965094753586527e-14     0.9999999999999956 -6.661338147750939e-16  7.771561172376096e-16  2.664535259100376e-15
 2.997602166487923e-15  -1.77635683940025e-15 -2.324529457808922e-15  3.469446951953614e-15  4.440892098500626e-16 -9.992007221626409e-16 -6.938893903907228e-17     0.9999999999999998  1.110223024625157e-16  2.220446049250313e-16
-9.159339953157541e-14  3.813616089587413e-14   2.08603967433163e-13 -3.261974024226788e-14  -1.35003119794419e-13  6.128431095930864e-14 -2.498001805406602e-15 -2.220446049250313e-16      1.000000000000005  6.661338147750939e-16
 1.332267629550188e-15 -3.774758283725532e-15 -1.321165399303936e-14  -8.81239525796218e-16  6.217248937900877e-15 -3.774758283725532e-15 -1.665334536937735e-16  1.110223024625157e-16  2.220446049250313e-16                      1
