10
1

 0.109397885300019
0.3824835339647934
0.9642886052396309
 1.123742741631415
 1.934317970040105
 2.039073875165108
 2.466344470767995
 2.689473552447573
 6.900603625533664
 16.59605283090944

   -0.3855286166100697       0.19392881345851      0.728541901450618    -0.3653276002293367    -0.3455095908224791       0.17359601297169   0.001453304401707747   0.001462542770370558   0.001995546418601793  -0.001028117774601079
   -0.5175366710971903     0.2158259201419273    0.07440211359945263   -0.03006259171236553     0.7237401498178611    -0.3222071635940088      -0.11580790855619    0.01851489703438954     -0.161817023641538     0.1076069206406454
    0.6767921561952945   -0.01120763295506648     0.5550606220465317   -0.02104095993061357     0.4129387484453159   -0.03724344724587469    -0.1839491168370857     0.1128554040549676     0.0930646770379519   -0.07843221202102903
    0.1991932347999548    0.03311182476202956     0.1349289560779422    0.01590365902936318    0.06192246617102218   0.002621592095534182     0.5780403218414059    -0.4713399191088468    -0.4467839173856805     0.4254619210877648
   -0.1127848066514875    -0.1863410971483878    0.07314675144187392     0.1066224856007066     0.1976756750758717     0.2603099562343595     0.5424220828194145      0.359243704738175    -0.2460004367707254    -0.5875430751638259
    0.2179201959709546     0.4098564250708741    -0.1064339426765043    -0.1784704108604215    -0.2794611651972937    -0.4579556825895012    0.01100109448606946     0.4878747919419245    -0.4639480126337418   -0.01166542417744775
    -0.153630484861965    -0.3331729300111914     0.3458944870775467     0.6997284830422043    -0.2344845987962928    -0.4144241109347052   -0.02115261394490096     0.1188650429035348    -0.0430666869838567      0.113881889833487
   0.03317341402590591     0.1491860348451221    0.02791623284422516    0.04268333507218548    -0.1015047265484087    -0.3183451367812275     -0.136759136317769    -0.6187996332261846    -0.1373143500158128    -0.6647734611644217
  -0.02969209344199229    -0.6848485120550825   -0.01655053639471435    -0.3635984756853425  -0.003035336533001396   0.006620671438105903    -0.3657433629681576   -0.02240993811397635    -0.5127338784883293    0.02009063856480519
  0.001966279064875122     0.3310669586692177   0.004247597640460747     0.4450512623759117 -0.0009225967114325715     0.5603869531349249    -0.4139529960685305   -0.01163856299245433    -0.4540532920172592    0.02471466918973675

22.67149398305894
43.46543252876172
35.56332566628409
68.93915399544719
50.51464073329384
98.50539191201794
79.75424134566613
155.6938092381618
 94.6952878541472
185.4306432428511

1.972611576483488

   0.07126654079213578   -0.03612200899940356  -0.004126064303304176   0.002179087136987371   -0.06614425390772392    0.03344054542647635 -0.0005484809540483322  0.0002323057005161812 -0.0006356119256399153  0.0004591352972543025

-0.0001152036851764886      -0.01513811150924    0.01652756218947213    0.01076196137576486    -0.0227259992449151     0.0180579681294672    0.01796793300278739   -0.05255173259142989      1.088113014716104      2.329734226094301

cov:
   0.9566066278791263     1.928781861661938  -0.04389293374784285   -0.1005293332507328   0.08417752667609184   0.08104953467213649    0.0993559312605241  0.007322643868859608    0.1282088378766573  0.005930807531852099
    1.928781861661938     54.19564795243032   0.02769767800739087      50.6882014587572    -0.213177598385192     50.40840887047055    -26.26081057903935   -0.6784673301545144    -25.38686082225072     1.062043530074831
 -0.04389293374784285   0.02769767800739087      1.13517341974072     2.384589127026853    -0.106229828945512  -0.03272130804770514    -0.122276573162918  -0.01024122879414114   -0.1373043671912579 -0.004008157569641984
  -0.1005293332507328      50.6882014587572     2.384589127026853     64.01861027217592   -0.8121986605605392     67.16050190719019    -44.31821559165173   -0.9542406760647627     -46.7700661957228      2.74502860947074
  0.08417752667609184    -0.213177598385192    -0.106229828945512   -0.8121986605605392     1.122033981927338     1.357207651706064    0.6393390585013693 -0.001766578482454559    0.6925278910621729  -0.08998732302331384
  0.08104953467213649     50.40840887047055  -0.03272130804770514     67.16050190719019     1.357207651706064     89.41615487682942    -63.11828915637511    -1.263596503315469    -69.17182914099379     4.513650771134803
   0.0993559312605241    -26.26081057903935    -0.122276573162918    -44.31821559165173    0.6393390585013693    -63.11828915637511     55.26125357112281     2.701828987045881     59.98012958913202    -3.395589278160394
 0.007322643868859608   -0.6784673301545144  -0.01024122879414114   -0.9542406760647627 -0.001766578482454559    -1.263596503315469     2.701828987045881     4.681843586005491     1.589615419287734     1.882583863990111
   0.1282088378766573    -25.38686082225072   -0.1373043671912579     -46.7700661957228    0.6925278910621729    -69.17182914099379     59.98012958913202     1.589615419287734     70.83533033040999    -2.636968772746828
 0.005930807531852099     1.062043530074831 -0.004008157569641984      2.74502860947074  -0.08998732302331384     4.513650771134803    -3.395589278160394     1.882583863990111    -2.636968772746828      4.99108847457433

cov.inverse():
    14.79301266231105    -6.976963703523445    -23.32323676241987      11.8322339615387     8.864928553188197    -4.501824399998754    0.3045233360275246  -0.09590485883121427    0.4893041251813428   -0.3263697143124791
   -6.976963703523434     3.543103363058713     11.87970561687113    -6.018063658343928    -4.560891903637594     2.296736742231238   -0.1527562735047376   0.04853067835214588   -0.2463552149164442    0.1620969076735642
   -23.32323676241983     11.87970561687113     44.75728215075372    -22.21861002472413    -20.41429764136095     10.37380531820116 -0.009757884253195525    0.1143658304239727   0.05125566384731039  -0.01650226424862387
    11.83223396153876    -6.018063658343931    -22.21861002472414     11.25364729849847     10.37968662270933     -5.25366067342091  0.004745711795297054   -0.0574696667232297  -0.02507407977739019  0.009225950902093402
      8.8649285531882    -4.560891903637594    -20.41429764136096     10.37968662270933     13.78133563071061    -6.557116502212208    -0.637546551645386   0.06666960383233199    -0.816919016662595    0.5227439411308747
   -4.501824399998788      2.29673674223124     10.37380531820116     -5.25366067342091    -6.557116502212207     3.341120068791535    0.3278041298716744  -0.03469645573989448     0.422655851912662   -0.2659290307027883
   0.3045233360274953   -0.1527562735047218 -0.009757884253135727  0.004745711795267465   -0.6375465516454132    0.3278041298716883    0.4775921825227298   -0.1877118920424026   -0.1241093181034049   0.05173519247847859
 -0.09590485883119963   0.04853067835213877    0.1143658304239469  -0.05746966672321658   0.06666960383234381  -0.03469645573990052   -0.1877118920424027    0.3391576297378557   0.09092925731908193   -0.1535254447265564
   0.4893041251813668    -0.246355214916456   0.05125566384726783  -0.02507407977736841   -0.8169190166625757    0.4226558519126522   -0.1241093181034048   0.09092925731908176    0.4238334196038941   -0.2260892594040197
   -0.326369714312492    0.1620969076735705  -0.01650226424860099  0.009225950902081616    0.5227439411308641   -0.2659290307027829    0.0517351924784785   -0.1535254447265563   -0.2260892594040196    0.3847350745582805

cov*(cov_.inverse()):
    0.9999999999999493 -2.641116492174689e-15 -1.950390261622192e-14 -5.904550123576185e-14 -1.160963686297478e-14   3.29250515740398e-14 -1.411197547707133e-15 -6.590865006539381e-16 -7.702172233337023e-16  3.365363543395006e-16
-1.709743457922741e-14       1.00000000000002 -3.828534711480813e-14 -5.478083264787159e-14   5.10702591327572e-14  4.407585407761871e-14  2.400857290751901e-15 -5.828670879282072e-16 -8.604228440844963e-16  1.221245327087672e-15
 4.986245791260835e-15 -3.319827052150615e-15     0.9999999999999915  1.398019747926929e-14  1.160920318210579e-14 -3.883829022277574e-15 -1.496795309224863e-15 -5.355958732078392e-17 -4.840962700147777e-16   4.19152559882896e-16
 1.622035838977354e-13 -1.837419105754634e-14  1.092112511535959e-13      1.000000000000173  2.009503674571533e-13 -1.050270981295398e-13  1.970645868709653e-15  5.551115123125783e-17 -6.217248937900877e-15  1.998401444325282e-15
-8.004014118156988e-15  2.947295185684595e-15  9.302237799491131e-15 -1.178647023730717e-14     0.9999999999999907  5.866834795753562e-15  5.030698080332741e-17  5.204170427930421e-18  3.191891195797325e-16 -2.636779683484747e-16
 9.525713551283843e-14 -3.286260152890463e-14  1.834504770314993e-13  6.953465581105434e-14  3.241851231905457e-14     0.9999999999999316  3.219646771412954e-15 -8.881784197001252e-16 -5.995204332975845e-15  3.108624468950438e-15
-5.773159728050814e-15  4.662936703425657e-15 -1.973282648393138e-13 -1.465494392505207e-14 -4.773959005888173e-14  4.030109579389318e-14     0.9999999999999947  2.220446049250313e-15  3.885780586188048e-15  -5.10702591327572e-15
-1.887379141862766e-15 -5.551115123125783e-17 -1.249000902703301e-16 -2.359223927328458e-15 -2.331468351712829e-15  1.110223024625157e-15 -1.804112415015879e-16                      1   3.33066907387547e-16                      0
-1.998401444325282e-15 -9.936496070395151e-15 -2.811015309411857e-13  6.404599073306372e-15  1.176836406102666e-14  1.998401444325282e-14  2.914335439641036e-15 -1.498801083243961e-15     0.9999999999999956  5.773159728050814e-15
-2.220446049250313e-15 -7.771561172376096e-16  7.618905506490137e-15 -2.685351940812097e-15 -2.664535259100376e-15  4.440892098500626e-16 -1.665334536937735e-16  1.110223024625157e-16                      0                      1
