5
2

0.0001313351957970993
 0.000358877304713116
  0.00165746074773132
  0.05546640143964931
   0.5490651990981292

 -0.04273745177836668    0.5157363465766045   -0.7930138436438424    0.3214289450696163 -0.001417073026228332
  -0.3867923596338827    0.6883048222190957    0.2396370405564495   -0.5644972621220559   0.02334677898217571
    0.368404618872458   -0.1451488578675904   -0.3363165269871019   -0.5449660136789185    0.6581132755562802
  -0.7320765218646663   -0.2142222238889186  0.007720336219441625    0.2680259999551344      0.58845158227617
   0.4206033567059553    0.4396511576029067    0.4478110345520296    0.4573842822081844     0.469110404562137

0.4012541156620801
0.4013958132193527
0.4013847511628108
0.4013714320270764
0.4013447372387587

0.0002144195768489513
   0.4014694779209908

  -2.110960489022011    10.84510851905222    8.144175373910178   -16.45385690187972  -0.4247056740988004
   1.126521973605377   0.7091619031748767   0.7778392654693617   -1.589210227138956 -0.02436138998308468

-1.045829432592466e-07  2.512895611604023e-06  9.880012575858312e-06   -0.01653625194713964   -0.05961027595987339
-1.397206851941201e-08  1.462217736901013e-07  2.473872395268205e-06  -0.004340659855235413     0.1192685331686719

cov:
0.05498187834143147 0.05623023611841815 0.05676487151824629 0.05739231782277696 0.05815870491068036
0.05623023611841815 0.05841389284914848 0.05934917707838983 0.06044650683721306 0.06178910967405685
0.05676487151824629 0.05934917707838983 0.06045623514584109 0.06175498537766661 0.06334456587332228
0.05739231782277696 0.06044650683721306 0.06175498537766661 0.06329005114302716 0.06516932572926692
0.05815870491068036 0.06178910967405685 0.06334456587332228 0.06516932572926692 0.06740995028786813

cov.inverse():
 1317088.179708367 -3364371.204190908  1200056.815851445  825759.6698620243  21511.35857589669
-3364371.204389534  19106489.41053144 -22412346.74813871  6622546.166103798  47589.54881489823
 1200056.816225698 -22412346.74891453  36945592.37791521 -15761193.86573317  28023.57617842427
 825759.6696812717  6622546.166691386 -15761193.86613431  8572049.403511344 -259235.3346346987
 21511.35858101504  47589.54880452024  28023.57617798683 -259235.3346290016  162119.4206898074

cov*(cov_.inverse()):
    0.9999999999613465  2.346496330574155e-10 -2.955857780762017e-12 -5.456968210637569e-12  1.818989403545856e-12
-4.024514055345207e-11       1.00000000022419 -1.059561327565461e-10   -1.2732925824821e-10  3.637978807091713e-12
-2.160049916710705e-11 -1.414264261256903e-10      1.000000000327418 -2.219167072325945e-10  3.637978807091713e-12
-2.592059900052845e-11  2.137312549166381e-10   1.70530256582424e-11     0.9999999999527063                      0
-1.978150976356119e-11 -7.867129170335829e-11  7.935341272968799e-11  -8.36735125631094e-11                      1
