5
2

0.1273994718113652
 1.347792261407401
 1.389805498279607
 8.154812271934791
 53.46865127893671

  -0.627935912536847   0.7733408095893222 -0.03297227656055084  -0.0479263203756179  -0.0652409285948367
 -0.2404226604010031  -0.1953135045561086   0.7926171506825062   0.1415891719724448  -0.5057273357529897
   0.003656457220476 0.001308427733945169  -0.4072880031445769   0.8148577819267611  -0.4124417486935117
 -0.7196283643115827  -0.5498738200330562  -0.1340491183842036    0.129815962946036   0.3807262125797231
  0.1732486124361498   0.2478582199985733   0.4322247075044185   0.5448028865499918   0.6518610573562464

9.129809835506796
14.69222505527697
 28.3594606568895
36.73916745994136
44.71216171401936

  0.4155939506518818
-0.05834872902815977

0
0
0
0
0

0
0

0
0
0
0
0

0
0

0
0
0
0
0

0
0

0
0
0
0
0

0
0

0
0
0
0
0

0
0

0
0
0
0
0

0
0

0
0
0
0
0

0
0

0
0
0
0
0

0
0

0
0
0
0
0

0
0

0
0
0
0
0

0
0

0
0
0
0
0

0
0

0
0
0
0
0

0
0

0
0
0
0
0

0
0

0
0
0
0
0

0
0

0
0
0
0
0

0
0

0
0
0
0
0

0
0

0
0
0
0
0

0
0

0
0
0
0
0

0
0

0
0
0
0
0

0
0

0
0
0
0
0

0
0

0
0
0
0
0

0
0

0
0
0
0
0

0
0

0
0
0
0
0

0
0

0
0
0
0
0

0
0

0
0
0
0
0

0
0

0
0
0
0
0

0
0

0
0
0
0
0

0
0

0
0
0
0
0

0
0

0
0
0
0
0

0
0

0
0
0
0
0

0
0

0
0
0
0
0

0
0

0
0
0
0
0

0
0

0
0
0
0
0

0
0

0
0
0
0
0

0
0

0
0
0
0
0

0
0

0
0
0
0
0

0
0

0
0
0
0
0

0
0

0
0
0
0
0

0
0

0
0
0
0
0

0
0

0
0
0
0
0

0
0

0
0
0
0
0

0
0

0
0
0
0
0

0
0

0
0
0
0
0

0
0

0
0
0
0
0

0
0

0
0
0
0
0

0
0

0
0
0
0
0

0
0

0
0
0
0
0

0
0

0
0
0
0
0

0
0

0
0
0
0
0

0
0

0
0
0
0
0

0
0

0
0
0
0
0

0
0

0
0
0
0
0

0
0

0
0
0
0
0

0
0

0
0
0
0
0

0
0

0
0
0
0
0

0
0

0
0
0
0
0

0
0

0
0
0
0
0

0
0

0
0
0
0
0

0
0

0
0
0
0
0

0
0

0
0
0
0
0

0
0

0
0
0
0
0

0
0

0
0
0
0
0

0
0

0
0
0
0
0

0
0

0
0
0
0
0

0
0

0
0
0
0
0

0
0

0
0
0
0
0

0
0

0
0
0
0
0

0
0

0
0
0
0
0

0
0

0
0
0
0
0

0
0

0
0
0
0
0

0
0

0
0
0
0
0

0
0

0
0
0
0
0

0
0

0
0
0
0
0

0
0

0
0
0
0
0

0
0

0
0
0
0
0

0
0

0
0
0
0
0

0
0

0
0
0
0
0

0
0

  -0.0696022811056658   0.06838740131207932 0.0002788911892761402 0.0004035311166661411 0.0005392278914748312
    2.526343745149159    -1.496351590941308 -0.006757398203228959 -0.009928323082936556   -0.0134565235849595

   0.00156672320107982    0.00614440527449625 -0.0003325883431773638     0.8448037612311294      15.96342482729695
  -0.04450429641848429    -0.5723731204633553    0.01447060101756845     -66.54953113126869       142.090107234077

cov:
120.3599647044181 149.1563254883525 220.1471912932928 263.5727409919588 304.8653009317396
149.1563254883525 195.8189111070634 310.8940095573147 381.2521161360278 448.1649233241952
220.1471912932928 310.8940095573147 536.7505509280155 671.6107869754447 801.6978379063636
263.5727409919588 381.2521161360278 671.6107869754447 850.9893331319404 1017.804096214916
304.8653009317396 448.1649233241952 801.6978379063636 1017.804096214916 1225.243206835978

cov.inverse():
    24.33342155234973    -29.88745224411506     1.171444125701051     1.835620854616038     2.586135710588933
   -29.88745224411494     36.87294816147764     -1.65538211073394    -2.299243735504046    -3.057530856618972
    1.171444125700791    -1.655382110733622    0.4990434842620661  -0.01285840065449029 -0.001830835430909075
    1.835620854616107    -2.299243735504149  -0.01285840065445084    0.4966718906474796  -0.01990041197488711
    2.586135710588997    -3.057530856619061 -0.001830835430890426  -0.01990041197488189    0.4934347193412761

cov*(cov_.inverse()):
    0.9999999999998863  1.364242052659392e-12  6.206146707654625e-14 -3.197442310920451e-14  8.526512829121202e-14
-1.818989403545856e-12      1.000000000001592 -3.907985046680551e-14 -5.861977570020827e-14                      0
                     0  9.094947017729282e-13      1.000000000000091                      0  2.273736754432321e-13
-1.364242052659392e-12  3.183231456205249e-12  9.325873406851315e-14      1.000000000000014  2.273736754432321e-13
-4.547473508864641e-13  4.547473508864641e-13  3.952393967665557e-14  3.552713678800501e-15      1.000000000000227
