5
2

8.119091749598311e-05
0.0001380585075514447
0.0001534916845879027
 0.008886359461314653
    0.575210186587219

  0.03530644462708385   0.05248683496850371    0.1938681822196989   -0.8186024686517844    0.5369392082562209
  -0.4799505790487714  -0.08217060947741681    0.8318783958643552 -0.003561339082355271   -0.2661974529685551
   0.5166192074333744    -0.823444772433254    0.2276886426135501   0.04548191575824798   0.03365380553542854
   -0.549502219608847   -0.3357162936896848    -0.136607677866674    0.3570968271709374    0.6626930504905999
   0.4467133329042308    0.4469075967095505    0.4470902445699868    0.4475383408653992    0.4478175352469829

0.4040375832772046
0.4042449012693942
0.4042611769709862
0.4043077223846173
0.4043355414880644

-0.0005887444697894471
    0.4041501147298728

-0.6534491676853598   1.867651327481547   4.962838961472269   4.829828975599412  -11.00689375492096
 0.9384153931453728  0.8105150800311425 -0.2656753343682753   1.014426788924481  -1.497563719406789

-5.818496882125236e-08  1.372605793404991e-07 -2.111570929038519e-08 -0.0005145014526362595  -0.001967462761985899
-1.061534106676773e-08 -6.537025290504253e-09 -5.827794788479133e-09  -0.000109105101297829     0.1475688086017488

cov:
0.06604924383079522 0.06606865981966288 0.06608702024096834 0.06613183202667189 0.06615983959274487
0.06606865981966288 0.06609174277923988 0.06611345007518638 0.06616662474268865  0.0661998079005216
0.06608702024096834 0.06611345007518638 0.06613834109785978  0.0661992853926623 0.06623728673348871
0.06613183202667189 0.06616662474268865  0.0661992853926623 0.06627956480216211 0.06632951686566661
0.06615983959274487  0.0661998079005216 0.06623728673348871 0.06632951686566661 0.06638688283993573

cov.inverse():
 23606956.10866928 -15703992.68524479  -14915311.6435742 -3299894.979980626   10312264.3225593
-15703992.68205715  29554148.81300735 -10000161.20972239 -8093734.254487466  4243785.501633627
-14915311.64887138  -10000161.2184938  44209562.40653007 -23791410.23119763  4497193.568017423
-3299894.976536603 -8093734.218905899 -23791410.28087503  101745658.6312265 -66560404.01028962
 10312264.32122485  4243785.478011177  4497193.603626157 -66560404.02094156  47507020.47167693

cov*(cov_.inverse()):
    0.9999999997671694                      0 -4.656612873077393e-10                      0 -4.656612873077393e-10
-2.328306436538696e-10      1.000000000349246 -3.492459654808044e-10 -9.313225746154785e-10                      0
-3.492459654808044e-10 -5.820766091346741e-11     0.9999999994179234  9.313225746154785e-10 -4.656612873077393e-10
                     0  1.746229827404022e-10  -2.91038304567337e-10                      1  9.313225746154785e-10
                     0 -5.820766091346741e-11  1.164153218269348e-10                      0                      1
