5
2

8.118277505837394e-05
0.0001380684383741858
0.0001534642316168197
 0.008886213260144344
   0.5752099769658808

  0.03526845434876386   0.05247482911543185     0.193948979677568   -0.8186045473308045    0.5369105296122566
  -0.4797712518438423  -0.08247156625186469    0.8319410292757246 -0.003466561391412739   -0.2662331561318456
    0.516794859365834   -0.8234131359974743    0.2273905434121862   0.04548666820980785   0.03373995527166703
  -0.5494960379780084   -0.3357218769575767    -0.136608181102142    0.3570924283753985    0.6626976143245712
   0.4467133976181601    0.4469076659312939    0.4470902176433219    0.4475383097049678    0.4478174596354524

0.4040378273007762
0.4042449427713138
0.4042611950526042
0.4043077657700547
0.4043355992012134

-0.0005887444697894471
    0.4041501147298728

0
0
0
0
0

0
0

0
0
0
0
0

0
0

0
0
0
0
0

0
0

0
0
0
0
0

0
0

0
0
0
0
0

0
0

0
0
0
0
0

0
0

0
0
0
0
0

0
0

0
0
0
0
0

0
0

0
0
0
0
0

0
0

0
0
0
0
0

0
0

0
0
0
0
0

0
0

0
0
0
0
0

0
0

0
0
0
0
0

0
0

0
0
0
0
0

0
0

0
0
0
0
0

0
0

0
0
0
0
0

0
0

0
0
0
0
0

0
0

0
0
0
0
0

0
0

0
0
0
0
0

0
0

0
0
0
0
0

0
0

0
0
0
0
0

0
0

0
0
0
0
0

0
0

0
0
0
0
0

0
0

0
0
0
0
0

0
0

0
0
0
0
0

0
0

0
0
0
0
0

0
0

0
0
0
0
0

0
0

0
0
0
0
0

0
0

0
0
0
0
0

0
0

0
0
0
0
0

0
0

0
0
0
0
0

0
0

0
0
0
0
0

0
0

0
0
0
0
0

0
0

0
0
0
0
0

0
0

0
0
0
0
0

0
0

0
0
0
0
0

0
0

0
0
0
0
0

0
0

0
0
0
0
0

0
0

0
0
0
0
0

0
0

0
0
0
0
0

0
0

0
0
0
0
0

0
0

0
0
0
0
0

0
0

0
0
0
0
0

0
0

0
0
0
0
0

0
0

0
0
0
0
0

0
0

0
0
0
0
0

0
0

0
0
0
0
0

0
0

0
0
0
0
0

0
0

0
0
0
0
0

0
0

0
0
0
0
0

0
0

0
0
0
0
0

0
0

0
0
0
0
0

0
0

0
0
0
0
0

0
0

0
0
0
0
0

0
0

0
0
0
0
0

0
0

0
0
0
0
0

0
0

0
0
0
0
0

0
0

0
0
0
0
0

0
0

0
0
0
0
0

0
0

0
0
0
0
0

0
0

0
0
0
0
0

0
0

0
0
0
0
0

0
0

0
0
0
0
0

0
0

0
0
0
0
0

0
0

0
0
0
0
0

0
0

0
0
0
0
0

0
0

0
0
0
0
0

0
0

0
0
0
0
0

0
0

0
0
0
0
0

0
0

0
0
0
0
0

0
0

0
0
0
0
0

0
0

0
0
0
0
0

0
0

0
0
0
0
0

0
0

0
0
0
0
0

0
0

0
0
0
0
0

0
0

0
0
0
0
0

0
0

0
0
0
0
0

0
0

-0.6547429735176175   1.868065003201923   4.964043823902835   4.830518088210451  -11.00790888350886
 0.9391116820670369  0.8104604871087921 -0.2661924348748212   1.013198490365177  -1.496460090830309

-5.817455364640691e-08  1.373249184017459e-07 -2.118348742715661e-08 -0.0005144930217082859  -0.001967446850561265
-1.060336931225217e-08 -6.556876017644398e-09 -5.815958832021584e-09 -0.0001091023618317613     0.1475687579919976

cov:
0.06604921351619306 0.06606863107841665 0.06608697742836982 0.06613178966653223 0.06615979083635699
0.06606863107841665  0.0660917150830722 0.06611340810605204  0.0661665824235433 0.06619975887897463
0.06608697742836982 0.06611340810605204 0.06613828489034397 0.06619922870467206  0.0662372234349312
0.06613178966653223  0.0661665824235433 0.06619922870467206 0.06627950669308229 0.06632945200570256
0.06615979083635699 0.06619975887897463  0.0662372234349312 0.06632945200570256 0.06638681140930931

cov.inverse():
 23607581.46357837 -15709707.29101427  -14909582.6105018 -3297698.439798709  10309428.23578841
-15709707.28321781  29564675.61670252 -10004569.10207837 -8094597.017126605  4244240.808579311
-14909582.62488585 -10004569.09765499  44210731.70794587 -23802562.13455902  4505860.605118115
-3297698.427659396 -8094596.997766743  -23802562.1771483  101766582.3584652   -66571514.877259
  10309428.2302367  4244240.792592638  4505860.637746595 -66571514.88834918  47511847.67722479

cov*(cov_.inverse()):
                     1  -2.91038304567337e-10  4.074536263942719e-10                      0 -4.656612873077393e-10
-1.164153218269348e-10      1.000000000116415                      0                      0                      0
-1.164153218269348e-10  1.746229827404022e-10     0.9999999994761311  9.313225746154785e-10 -4.656612873077393e-10
 1.164153218269348e-10  5.820766091346741e-11 -1.746229827404022e-10     0.9999999990686774 -4.656612873077393e-10
                     0 -1.164153218269348e-10  5.820766091346741e-11                      0     0.9999999995343387
