5
2

6.600016106144091e-05
0.0004111800230282747
0.0006906336230458781
  0.01540119089646005
   0.5207958959880994

   0.3071674526472817   -0.7999629080004059    0.5152225773105032  -0.01023833249726076  -0.01218089630991037
  -0.3276732797085165    0.3004876421181638    0.6495196596484485   -0.6167908598063725 -0.005535854840076009
   0.2980481568715513    0.2447219312003832    0.1844975611951927    0.1631518985380793   -0.8891684770005469
  -0.7154246251643768   -0.1015616524677673    0.2790102244747974    0.6252635142098731  -0.09514025905404357
   0.4445371522079192    0.4467246690024762     0.448089111797236    0.4493230548373091     0.447379850565416

0.4013707365547666
0.4013544269223192
 0.401305525925038
0.4013075364099568
0.4014437345149086

0.0007099487942432813
   0.4016442423163826

   1.756594532149639    5.469972021949201   -7.006523770134616 -0.04050701912397887   -0.179259671663615
   1.488602756577841  -0.1109498080459712  -0.2385437605789903  -0.1240207447382906 -0.01502432193752881

-3.242416196963175e-08 -5.844425457432141e-07  3.445039141449049e-07  -0.000895515884179919  -0.003662110139088678
 1.849373620595659e-09 -1.013526830339548e-07  1.743999445189405e-07 -0.0002837790731351258     0.1201106047276156

cov:
0.05371979268826943 0.05387932979609878 0.05397923434932629 0.05406932069761308 0.05395709287315254
0.05387932979609878 0.05412962049340148 0.05428578049794374  0.0544268842032259 0.05420869983673893
0.05397923434932629 0.05428578049794374 0.05447682968092351 0.05464956933375456 0.05436570099580863
0.05406932069761308  0.0544268842032259 0.05464956933375456 0.05485143232054727 0.05450762662648335
0.05395709287315254 0.05420869983673893 0.05436570099580863 0.05450762662648335 0.05428853717576865

cov.inverse():
 22483562.38933728 -56839013.40289403  35186839.02971181  573506.3808583799  -1403542.86012391
-56839013.40340681  147569104.4763709 -93369275.50133856  867436.2432575127  1770960.565948533
 35186839.03037116 -93369275.50227749   63506606.6628029 -3516679.261572632  -1806050.88720089
 573506.3805100902  867436.2441898447 -3516679.262133856  2331671.973963232 -255569.6074347332
-1403542.859922505   1770960.56544311 -1806050.886919654 -255569.6074119563  1691855.090356983

cov*(cov_.inverse()):
     1.000000000334694  1.324224285781384e-09 -9.458744898438454e-10  9.094947017729282e-12                      0
 2.328306436538696e-10      1.000000001193257 -6.984919309616089e-10  9.094947017729282e-12   2.91038304567337e-11
 7.275957614183426e-10  9.167706593871117e-10      0.999999999650754  2.728484105318785e-11   2.91038304567337e-11
-1.455191522836685e-10  6.402842700481415e-10 -6.111804395914078e-10      1.000000000005457  1.455191522836685e-11
 2.619344741106033e-10  6.111804395914078e-10 -2.764863893389702e-10  2.364686224609613e-11      1.000000000029104
