5
2

9.626518564762283e-05
0.0001542965587021998
0.0003630769067628205
   0.1096123871630424
   0.5691970229232605

 -0.0896759314113228   0.3897288548398425  -0.7316306057451984   0.5411025165294208  -0.1095188128733096
 -0.3355017544198773    0.724545380289032 -0.02244995266983065  -0.5672066962554476   0.2006118840724768
  0.6376405841326731  -0.1408850186071105  -0.5053463372991863  -0.3945397309544053   0.4031493235461775
  -0.560313128805679  -0.3602025633101671  -0.1337012741164881    0.131894040169236   0.7218249389846817
  0.3985730588758227   0.4165944509038813    0.436991653284089   0.4608980290636637   0.5140037762310042

0.3990247892632035
0.3990840953253846
0.3991139622844426
0.3991324183247656
0.3991431454878985

4.769321775168014e-05
   0.3992140418432136

 0.4661908298743453 0.08641178448245244  -2.026660551046016   6.199833070197432  -4.725799929260419
  1.477889395029655   -0.32230492592121 -0.2798310199036282  0.5185128760787053 -0.3942626011065876

 4.955008495085909e-08 -1.074414611317599e-07 -4.010151137698865e-07   -0.03141710545525925   -0.07627006015228427
 2.505219333107195e-09  -2.60994780537783e-08  1.009331577137318e-07   -0.01070251252215281     0.1194928007412076

cov:
0.05524058965840933 0.05622048718331927 0.05732956313500244 0.05862863669178096 0.06151486913052852
0.05622048718331927 0.05778684090050566 0.05955960070452473 0.06163680786793865 0.06625141453983559
0.05732956313500244 0.05955960070452473 0.06208359283964365 0.06504156090530594 0.07161249495642505
0.05862863669178096 0.06163680786793865 0.06504156090530594 0.06903225480925861 0.07789702883604863
0.06151486913052852 0.06625141453983559 0.07161249495642505 0.07789702883604863 0.09185701301572058

cov.inverse():
 8680096.057096818 -14663345.72596808  4951938.373250959  848640.5482244701  182731.6570918218
-14663345.72600485   38591381.6785415 -30912329.57079913  5915922.230589587  1068578.715662753
 4951938.373780544 -30912329.57184322  59720800.34830316 -40672844.39187915  6911894.015580448
 848640.5475238906  5915922.232023856 -40672844.39264322  46289560.55570228 -12380955.58025966
 182731.6572995728  1068578.715235837  6911894.015829991 -12380955.58029004  4217719.479133224

cov*(cov_.inverse()):
     1.000000000029104  1.600710675120354e-10                      0 -3.492459654808044e-10  1.164153218269348e-10
 1.346052158623934e-10     0.9999999998690328 -5.820766091346741e-11  1.164153218269348e-10  1.164153218269348e-10
 9.276845958083868e-11   2.91038304567337e-10     0.9999999995343387 -1.164153218269348e-10  1.164153218269348e-10
-7.275957614183426e-12  5.093170329928398e-10 -2.328306436538696e-10      1.000000000465661                      0
 1.091393642127514e-11 -1.455191522836685e-11 -1.164153218269348e-10                      0      1.000000000058208
