5
2

0.1363655598686559
 1.137340253571097
 4.201605559047223
 5.504308028548672
 23.25163878457956

  -0.4413896218593312    0.8154552986920393   -0.3744433809282554 5.475047384244699e-05 9.503345455785103e-05
  -0.5844094560813452   0.04192306577799354    0.7801306867099888   -0.1313874624462388   -0.1756174551797765
    0.322850843844653    0.2344918786685875    0.1300253909280773   -0.8810215388436307    0.2183468279478179
  -0.5182846039879149   -0.3876875185301734   -0.2331921322343161   -0.1516343736563743    0.7097238219440422
    0.301312447893327    0.3577527906323648    0.4241498477076625    0.4284219841858773    0.6463553664162535

132.2358862815734
157.1703928385244
186.5039728226719
222.6718359618718
263.8853505683732

 3.384475807173474
0.0298897197026742

0
0
0
0
0

0
0

0
0
0
0
0

0
0

0
0
0
0
0

0
0

0
0
0
0
0

0
0

0
0
0
0
0

0
0

0
0
0
0
0

0
0

0
0
0
0
0

0
0

0
0
0
0
0

0
0

0
0
0
0
0

0
0

0
0
0
0
0

0
0

0
0
0
0
0

0
0

0
0
0
0
0

0
0

0
0
0
0
0

0
0

0
0
0
0
0

0
0

0
0
0
0
0

0
0

0
0
0
0
0

0
0

0
0
0
0
0

0
0

0
0
0
0
0

0
0

0
0
0
0
0

0
0

0
0
0
0
0

0
0

0
0
0
0
0

0
0

0
0
0
0
0

0
0

0
0
0
0
0

0
0

0
0
0
0
0

0
0

0
0
0
0
0

0
0

0
0
0
0
0

0
0

0
0
0
0
0

0
0

0
0
0
0
0

0
0

0
0
0
0
0

0
0

0
0
0
0
0

0
0

0
0
0
0
0

0
0

0
0
0
0
0

0
0

0
0
0
0
0

0
0

0
0
0
0
0

0
0

0
0
0
0
0

0
0

0
0
0
0
0

0
0

0
0
0
0
0

0
0

0
0
0
0
0

0
0

0
0
0
0
0

0
0

0
0
0
0
0

0
0

0
0
0
0
0

0
0

0
0
0
0
0

0
0

0
0
0
0
0

0
0

0
0
0
0
0

0
0

0
0
0
0
0

0
0

0
0
0
0
0

0
0

0
0
0
0
0

0
0

0
0
0
0
0

0
0

0
0
0
0
0

0
0

0
0
0
0
0

0
0

0
0
0
0
0

0
0

0
0
0
0
0

0
0

0
0
0
0
0

0
0

0
0
0
0
0

0
0

0
0
0
0
0

0
0

0
0
0
0
0

0
0

0
0
0
0
0

0
0

0
0
0
0
0

0
0

0
0
0
0
0

0
0

0
0
0
0
0

0
0

0
0
0
0
0

0
0

0
0
0
0
0

0
0

0
0
0
0
0

0
0

0
0
0
0
0

0
0

0
0
0
0
0

0
0

0
0
0
0
0

0
0

0
0
0
0
0

0
0

0
0
0
0
0

0
0

0
0
0
0
0

0
0

0
0
0
0
0

0
0

0
0
0
0
0

0
0

0
0
0
0
0

0
0

0
0
0
0
0

0
0

0
0
0
0
0

0
0

0
0
0
0
0

0
0

0
0
0
0
0

0
0

0
0
0
0
0

0
0

 -0.06031940198182759 -0.002100690072467382    0.0620996267880761 0.0002144119486652734 0.0002549931503713215
    3.158562595434808     0.434990976845531    -2.581596080379409  -0.01018342837449976  -0.01053427404790243

 3.08422512779923e-05      0.10805743935631   -0.2122913457426126    0.5376076947092866     4.146540915848985
-0.001353404753253941    -4.965202199098597     13.99471721648054    -36.64772242570907    0.6369750271204668

cov:
59.50809048337961 65.66416976933347 72.91064785939949 67.24949950022253 95.52469523708398
65.66416976933347 74.73384863931838 85.35088393448854 80.99012592543328 117.5728094725451
72.91064785939949 85.35088393448854  99.9984282558396 97.15865539135127 143.5266185949787
67.24949950022253 80.99012592543328 97.15865539135127 113.6533233438746 143.0831180000365
95.52469523708398 117.5728094725451 143.5266185949787 143.0831180000365 242.0080500114254

cov.inverse():
    10.75591772860423    -19.36369862370823     8.542042550425421   0.04478034295942327   0.06929890016236288
   -19.36369862370822     35.76912830772875     -16.3898669466095   -0.0113360942143686 -0.007277906897943923
    8.542042550425414     -16.3898669466095     8.013432722873434  -0.08532762297056593   -0.1111750920783643
  0.04478034295941345  -0.01133609421435019  -0.08532762297057452   0.05841241296841855  0.003901286968175936
  0.06929890016236996 -0.007277906897956988   -0.1111750920783583  0.003901286968175892   0.04394194480996606

cov*(cov_.inverse()):
     1.000000000000182 -4.285460875053104e-13  2.007283228522283e-13 -1.387778780781446e-15 -8.881784197001252e-16
 1.172395514004165e-13     0.9999999999999249  7.993605777301127e-14 -1.942890293094024e-15  -1.77635683940025e-15
 1.882938249764265e-13  -6.17284001691587e-14      1.000000000000137 -1.221245327087672e-15                      0
  1.77635683940025e-15 -1.754152378907747e-14 -1.367794766338193e-13     0.9999999999999999                      0
 1.527666881884215e-13  2.464695114667848e-13  1.172395514004165e-13 -1.110223024625157e-16                      1
