5
2

3.744989992843474e-05
8.461790920066042e-05
0.0003642943919259066
  0.02094485062794276
   0.5225146585724949

 0.005125535609265245    0.4247833502783105   -0.8173032493180941    0.3892873898181164 -0.001887059547540676
  -0.4624868230127087     0.738075648036993    0.1597757601948611   -0.4637011888468995   0.02834061097631292
   0.3223161359829473   -0.1088100475077642   -0.3253947909018626   -0.5653907162887667    0.6772918499692643
  -0.6964094074896446   -0.2529420524539111   0.02252049102655993     0.335275179160537    0.5814788362297614
   0.4440787239547443    0.4460763777234434    0.4473233312114357    0.4487320222180662    0.4498348160801331

0.4027790496704605
 0.402819893846088
 0.402806117436447
0.4027781996079842
0.4027840210729982

0.0003646899894625301
   0.4030107676902497

0
0
0
0
0

0
0

0
0
0
0
0

0
0

0
0
0
0
0

0
0

0
0
0
0
0

0
0

0
0
0
0
0

0
0

0
0
0
0
0

0
0

0
0
0
0
0

0
0

0
0
0
0
0

0
0

0
0
0
0
0

0
0

0
0
0
0
0

0
0

0
0
0
0
0

0
0

0
0
0
0
0

0
0

0
0
0
0
0

0
0

0
0
0
0
0

0
0

0
0
0
0
0

0
0

0
0
0
0
0

0
0

0
0
0
0
0

0
0

0
0
0
0
0

0
0

0
0
0
0
0

0
0

0
0
0
0
0

0
0

0
0
0
0
0

0
0

0
0
0
0
0

0
0

0
0
0
0
0

0
0

0
0
0
0
0

0
0

0
0
0
0
0

0
0

0
0
0
0
0

0
0

0
0
0
0
0

0
0

0
0
0
0
0

0
0

0
0
0
0
0

0
0

0
0
0
0
0

0
0

0
0
0
0
0

0
0

0
0
0
0
0

0
0

0
0
0
0
0

0
0

0
0
0
0
0

0
0

0
0
0
0
0

0
0

0
0
0
0
0

0
0

0
0
0
0
0

0
0

0
0
0
0
0

0
0

0
0
0
0
0

0
0

0
0
0
0
0

0
0

0
0
0
0
0

0
0

0
0
0
0
0

0
0

0
0
0
0
0

0
0

0
0
0
0
0

0
0

0
0
0
0
0

0
0

0
0
0
0
0

0
0

0
0
0
0
0

0
0

0
0
0
0
0

0
0

0
0
0
0
0

0
0

0
0
0
0
0

0
0

0
0
0
0
0

0
0

0
0
0
0
0

0
0

0
0
0
0
0

0
0

0
0
0
0
0

0
0

0
0
0
0
0

0
0

0
0
0
0
0

0
0

0
0
0
0
0

0
0

0
0
0
0
0

0
0

0
0
0
0
0

0
0

0
0
0
0
0

0
0

0
0
0
0
0

0
0

0
0
0
0
0

0
0

0
0
0
0
0

0
0

0
0
0
0
0

0
0

0
0
0
0
0

0
0

0
0
0
0
0

0
0

0
0
0
0
0

0
0

0
0
0
0
0

0
0

0
0
0
0
0

0
0

0
0
0
0
0

0
0

0
0
0
0
0

0
0

0
0
0
0
0

0
0

0
0
0
0
0

0
0

0
0
0
0
0

0
0

0
0
0
0
0

0
0

0
0
0
0
0

0
0

0
0
0
0
0

0
0

  0.0426046541197034     1.76664677158713    5.221889033703041   -7.000941352327493 -0.03033856135956897
   0.465876211518945   0.9374647765925272   0.8329640103683817  -0.9204718951778015  -0.3157185287047037

-8.755113359414611e-09  3.840748536525631e-08  2.733896621273884e-07  -0.001194900780234237  -0.003369605123129086
 -8.94664494988047e-10  7.356537500425552e-09  1.110843959643036e-08 -0.0004540412893691094     0.1208405584009706

cov:
0.05405423997537376 0.05416093747973229 0.05422795924273544 0.05430319676605497 0.05436173780831267
0.05416093747973229 0.05435503332900044 0.05447633125463572 0.05461319048038982 0.05472016315095935
0.05422795924273544 0.05447633125463572 0.05463135186534059 0.05480649188212898 0.05494355460550855
0.05430319676605497 0.05461319048038982 0.05480649188212898 0.05502509651809884 0.05519632041387745
0.05436173780831267 0.05472016315095935 0.05494355460550855 0.05519632041387745  0.0553946747762337

cov.inverse():
  30675330.1747012 -46384809.00379333 -14097372.55539522   30000092.2014872 -193428.0249455568
-46384808.89161411  204827595.6764133 -230805742.2093708  70571009.03942141  1794165.953658108
 -14097372.7668974 -230805741.8315608  480646202.3239174 -235817958.8709646   71456.0601935592
 30000092.30147375  70571008.76392552 -235817958.6882921   140492395.575065 -5244198.257430476
-193428.0256075871  1794165.963521852  71456.04382628505 -5244198.250264787  3572065.871999445

cov*(cov_.inverse()):
     1.000000000241926  1.542503014206886e-09  1.078205968951806e-09  1.164153218269348e-10 -5.820766091346741e-11
 1.746229827404022e-10       1.00000000205182  6.320988177321851e-11 -1.164153218269348e-10 -5.820766091346741e-11
 1.127773430198431e-10  3.637978807091713e-10     0.9999999986121111  5.238689482212067e-10                      0
 3.856257535517216e-10  9.167706593871117e-10  3.996774466941133e-09     0.9999999986612238                      0
-5.820766091346741e-11  8.731149137020111e-11  6.202753866091371e-10  1.164153218269348e-10                      1
