5
2

8.148557543025586e-05
0.0001070906049881723
0.0001507916019308164
 0.007011222769071864
   0.5217152052610285

 0.03440228619463175   0.1091557851012443   0.2397828188249145  -0.8458610795428226   0.4625199792382411
-0.08035011105217715  -0.4942435505958517   0.8228494283127613  0.01969395315617305  -0.2679517473030412
  0.6694300794796573  -0.6570774743588755  -0.2517831172033162 0.001280027352384341   0.2381516004552122
 -0.5870540074342452  -0.3350980467106227 -0.04537560068962598   0.2897028767105508   0.6760844544387968
  0.4467564251376118   0.4469528152436488   0.4471793095338567   0.4474391434366713    0.447739606902851

0.4025373971662674
0.4025601119180334
0.4025894597798991
0.4026208601509962
 0.402659114455111

-0.0008113488293527572
    0.4024098728588646

0
0
0
0
0

0
0

0
0
0
0
0

0
0

0
0
0
0
0

0
0

0
0
0
0
0

0
0

0
0
0
0
0

0
0

0
0
0
0
0

0
0

0
0
0
0
0

0
0

0
0
0
0
0

0
0

0
0
0
0
0

0
0

0
0
0
0
0

0
0

0
0
0
0
0

0
0

0
0
0
0
0

0
0

0
0
0
0
0

0
0

0
0
0
0
0

0
0

0
0
0
0
0

0
0

0
0
0
0
0

0
0

0
0
0
0
0

0
0

0
0
0
0
0

0
0

0
0
0
0
0

0
0

0
0
0
0
0

0
0

0
0
0
0
0

0
0

0
0
0
0
0

0
0

0
0
0
0
0

0
0

0
0
0
0
0

0
0

0
0
0
0
0

0
0

0
0
0
0
0

0
0

0
0
0
0
0

0
0

0
0
0
0
0

0
0

0
0
0
0
0

0
0

0
0
0
0
0

0
0

0
0
0
0
0

0
0

0
0
0
0
0

0
0

0
0
0
0
0

0
0

0
0
0
0
0

0
0

0
0
0
0
0

0
0

0
0
0
0
0

0
0

0
0
0
0
0

0
0

0
0
0
0
0

0
0

0
0
0
0
0

0
0

0
0
0
0
0

0
0

0
0
0
0
0

0
0

0
0
0
0
0

0
0

0
0
0
0
0

0
0

0
0
0
0
0

0
0

0
0
0
0
0

0
0

0
0
0
0
0

0
0

0
0
0
0
0

0
0

0
0
0
0
0

0
0

0
0
0
0
0

0
0

0
0
0
0
0

0
0

0
0
0
0
0

0
0

0
0
0
0
0

0
0

0
0
0
0
0

0
0

0
0
0
0
0

0
0

0
0
0
0
0

0
0

0
0
0
0
0

0
0

0
0
0
0
0

0
0

0
0
0
0
0

0
0

0
0
0
0
0

0
0

0
0
0
0
0

0
0

0
0
0
0
0

0
0

0
0
0
0
0

0
0

0
0
0
0
0

0
0

0
0
0
0
0

0
0

0
0
0
0
0

0
0

0
0
0
0
0

0
0

0
0
0
0
0

0
0

0
0
0
0
0

0
0

0
0
0
0
0

0
0

0
0
0
0
0

0
0

0
0
0
0
0

0
0

0
0
0
0
0

0
0

0
0
0
0
0

0
0

0
0
0
0
0

0
0

0
0
0
0
0

0
0

0
0
0
0
0

0
0

0
0
0
0
0

0
0

 0.7539353759525336    3.04338351706618    4.38659157027036   2.716063965540239  -10.89995516076651
 0.9331035608069218  0.7408539541103043  0.8854877084197186 0.01178353478756758  -1.571104876111182

-3.936723427478729e-08  5.755879806000092e-08  -1.18053218611971e-07 -0.0004052481754675123     -0.001742270392251
-2.731259366777367e-09  8.127632243308982e-09 -1.044242496592881e-08 -9.315328810704009e-05     0.1213395187705523

cov:
0.05434306073036614 0.05435965127189041 0.05437883743259012 0.05440076820591078 0.05442615890482885
0.05435965127189041 0.05437941491429578 0.05440218311660413 0.05442827352115271 0.05445846066537734
0.05437883743259012 0.05440218311660413 0.05442911523963073 0.05445998309482211 0.05449569056499938
0.05440076820591078 0.05442827352115271 0.05445998309482211 0.05449640526300439 0.05453849286146125
0.05442615890482885 0.05445846066537734 0.05449569056499938 0.05453849286146125 0.05458795734438147

cov.inverse():
 20456821.68296949 -15312611.25834942 -11934889.93655934  -4486283.75175543  11277033.68140438
-15312611.25976947  42084705.58305709 -24243499.83527494 -14793123.99119535  12264596.71805931
-11934889.92952083 -24243499.84009969  70486084.71590814 -29147503.64770305   -5160351.4337562
-4486283.761184572 -14793123.98682801 -29147503.63732426    107790395.85443 -59363467.69310877
 11277033.68521507  12264596.71709662 -5160351.441921226 -59363467.68779174   40982212.8857642

cov*(cov_.inverse()):
     1.000000000232831  1.164153218269348e-10  -2.91038304567337e-10  9.313225746154785e-10  4.656612873077393e-10
                     0      1.000000000116415 -3.492459654808044e-10  4.656612873077393e-10  4.656612873077393e-10
 1.164153218269348e-10  2.328306436538696e-10      1.000000000116415  4.656612873077393e-10                      0
                     0  4.656612873077393e-10  -2.91038304567337e-10      1.000000000931323                      0
 1.164153218269348e-10 -1.164153218269348e-10  -2.91038304567337e-10                      0                      1
