5
2

8.149469362256585e-05
0.0001070968948152758
0.0001508111935171557
  0.00701123887295914
    0.521717346061095

 0.03436693459792756   0.1091390296842401   0.2398678406241826  -0.8458593875724089    0.462485568959557
-0.08029154019977157  -0.4943137092062098   0.8228045262712068  0.01977018539534638  -0.2679721567256493
  0.6694374578916668  -0.6570283062832902   -0.251848702523491 0.001243134220261271   0.2381973559227704
  -0.587055982032599  -0.3350970264662109 -0.04537479936235175   0.2897023379147089   0.6760835301963967
  0.4467560254881561   0.4469523651200383   0.4471794820896495   0.4474394330511392   0.4477399932466806

0.4025372056677475
0.4025600037725225
0.4025893217570626
0.4026206520905083
0.4026589173008185

-0.0008113488293527572
    0.4024098728588646

 0.7548509650978311   3.042076889313822   4.385944975383318   2.717692773289726  -10.90053651998913
 0.9325489260906997  0.7403332964092184  0.8852522546016857 0.01536660023502331  -1.573378705942086

-3.938426629772007e-08  5.756890324936346e-08 -1.180664661717225e-07 -0.0004052489434071511  -0.001742269207969033
-2.759304742402951e-09  8.137581668921809e-09 -1.045865216348059e-08 -9.315309918595109e-05     0.1213400184715813

cov:
0.05434340957162539 0.05435999400077256 0.05437925602240052  0.0544012012241616 0.05442660387704613
0.05435999400077256 0.05437975162336837 0.05440259577124728 0.05442870065698615  0.0544588998276507
0.05437925602240052 0.05440259577124728 0.05442960393171666 0.05446048631810002 0.05449620588716851
 0.0544012012241616 0.05442870065698615 0.05446048631810002 0.05449692301769209 0.05453902272827712
0.05442660387704613  0.0544588998276507 0.05449620588716851 0.05453902272827712 0.05458849936230963

cov.inverse():
 20450843.33746386    -15309585.14815 -11930897.18385705 -4482304.087322513  11272013.99082253
-15309585.14742226  42079524.31701051 -24243062.49656295 -14790078.60042016  12263306.23986902
-11930897.19111024 -24243062.49466808  70477638.50899807 -29145801.90592029  -5158075.82375911
-4482304.075676689 -14790078.60158422 -29145801.92466794  107766107.5784962 -59347932.41403867
 11272013.98570218  12263306.23986599 -5158075.810369818 -59347932.42230462  40970739.56158362

cov*(cov_.inverse()):
     1.000000000116415 -5.820766091346741e-10 -6.984919309616089e-10 -9.313225746154785e-10                      0
-1.164153218269348e-10     0.9999999998835847 -8.149072527885437e-10 -4.656612873077393e-10                      0
                     0 -4.656612873077393e-10     0.9999999997671694 -4.656612873077393e-10                      0
 1.164153218269348e-10 -1.164153218269348e-10 -5.238689482212067e-10     0.9999999986030161                      0
-1.164153218269348e-10 -1.164153218269348e-10 -2.328306436538696e-10                      0                      1
