5
2

0.9067853301834546
 2.349551051748112
 4.439805411950039
 9.094176857406445
  41.1418381935178

   0.084927404911426  -0.7603724326968365   0.6356930374019478  0.06905448755006433 -0.07580857100347911
-0.05479087209032699    0.307533429787232   0.4801639283806029  -0.8066263184003865   0.1456630847017498
  0.3948084935681229  -0.4268714692039678  -0.4564118682392497  -0.3582707576863112   0.5702957766837744
  -0.867416038989367  -0.1772218290919908 -0.04630321272768902  0.04690446319903542   0.4602584300372911
  0.2854837384879557   0.3370906780540392   0.3935494671604138   0.4626310578981094   0.6602728458704328

74.22658419396717
140.1084795099011
166.7396779413316
197.9631977572076
279.3037071978211

  3.366353550229852
-0.1978170079204114

0
0
0
0
0

0
0

0
0
0
0
0

0
0

0
0
0
0
0

0
0

0
0
0
0
0

0
0

0
0
0
0
0

0
0

0
0
0
0
0

0
0

0
0
0
0
0

0
0

0
0
0
0
0

0
0

0
0
0
0
0

0
0

0
0
0
0
0

0
0

0
0
0
0
0

0
0

0
0
0
0
0

0
0

0
0
0
0
0

0
0

0
0
0
0
0

0
0

0
0
0
0
0

0
0

0
0
0
0
0

0
0

0
0
0
0
0

0
0

0
0
0
0
0

0
0

0
0
0
0
0

0
0

0
0
0
0
0

0
0

0
0
0
0
0

0
0

0
0
0
0
0

0
0

0
0
0
0
0

0
0

0
0
0
0
0

0
0

0
0
0
0
0

0
0

0
0
0
0
0

0
0

0
0
0
0
0

0
0

0
0
0
0
0

0
0

0
0
0
0
0

0
0

0
0
0
0
0

0
0

0
0
0
0
0

0
0

0
0
0
0
0

0
0

0
0
0
0
0

0
0

0
0
0
0
0

0
0

0
0
0
0
0

0
0

0
0
0
0
0

0
0

0
0
0
0
0

0
0

0
0
0
0
0

0
0

0
0
0
0
0

0
0

0
0
0
0
0

0
0

0
0
0
0
0

0
0

0
0
0
0
0

0
0

0
0
0
0
0

0
0

0
0
0
0
0

0
0

0
0
0
0
0

0
0

0
0
0
0
0

0
0

0
0
0
0
0

0
0

0
0
0
0
0

0
0

0
0
0
0
0

0
0

0
0
0
0
0

0
0

0
0
0
0
0

0
0

0
0
0
0
0

0
0

0
0
0
0
0

0
0

0
0
0
0
0

0
0

0
0
0
0
0

0
0

0
0
0
0
0

0
0

0
0
0
0
0

0
0

0
0
0
0
0

0
0

0
0
0
0
0

0
0

0
0
0
0
0

0
0

0
0
0
0
0

0
0

0
0
0
0
0

0
0

0
0
0
0
0

0
0

0
0
0
0
0

0
0

0
0
0
0
0

0
0

0
0
0
0
0

0
0

0
0
0
0
0

0
0

0
0
0
0
0

0
0

0
0
0
0
0

0
0

0
0
0
0
0

0
0

0
0
0
0
0

0
0

0
0
0
0
0

0
0

0
0
0
0
0

0
0

0
0
0
0
0

0
0

0
0
0
0
0

0
0

0
0
0
0
0

0
0

0
0
0
0
0

0
0

0.04324920975378942 -0.1451741330187507 0.06137621114017101 0.03163792437228543 0.01514655810934139
0.04734357618474283   3.215649507342104  -1.367231570340592 -0.7015295217514912 -0.3325252020249619

 0.1267203923343052 -0.2255554480693467  0.9527949142891086 -0.5105865093087738   20.65410108833641
 -2.740957731676748   4.677238727626643  -13.17259401521257  -60.67128315266831   25.89981208177154

cov:
203.2751487063593 172.1358816134421 189.8415726610237 217.6502832825301 290.4304073356078
172.1358816134421 199.5230481549476 229.4870436230611 264.8811407554616  365.486364494531
189.8415726610237 229.4870436230611 268.0483446455169 309.1195283899111 433.2885097497983
217.6502832825301 264.8811407554616 309.1195283899111 368.5816898880005 514.1467088748045
290.4304073356078  365.486364494531 433.2885097497983 514.1467088748045  761.981193136349

cov.inverse():
  0.02636895312537272  -0.08822189141228887    0.0523026414184587  0.007548522222650556 -0.002569130140699671
 -0.08822189141228892    0.7299664545196164   -0.5510370053824561   -0.1010429964610327    0.0650127084554326
   0.0523026414184586   -0.5510370053824549    0.5439074199718105 -0.008397282226782763  -0.05924708704152518
 0.007548522222650678   -0.1010429964610342 -0.008397282226781343    0.1303263686272148  -0.03757430080285783
-0.002569130140699756   0.06501270845543311   -0.0592470870415257  -0.03757430080285772   0.03015124311228491

cov*(cov_.inverse()):
     0.999999999999998  7.105427357601002e-15                      0  5.329070518200751e-15  3.552713678800501e-15
                     0                      1   1.06581410364015e-14   1.77635683940025e-15   1.77635683940025e-15
-5.329070518200751e-15  2.131628207280301e-14     0.9999999999999822 -7.105427357601002e-15  3.552713678800501e-15
                     0    1.4210854715202e-14 -2.842170943040401e-14      1.000000000000007  5.329070518200751e-15
 4.440892098500626e-16                      0    1.4210854715202e-14  3.552713678800501e-15                      1
