5
1

0.0005255686675881865
0.0008353697434600671
 0.001094249620128485
  0.04374884126146907
   0.5524441607519469

  0.1734267589764913    -0.66965049412401   0.7052307080986076   -0.138425468907042 -0.07056495520426993
  0.1048337112256316    0.179552289158746  0.03295414920534953  -0.8314694049253176   0.5141434830587707
  0.6527536949401996   -0.454296690371608  -0.5464728002998399   0.1099243182673458   0.2383511142101722
 -0.5901877100067481  -0.3493086525974485 -0.06709958603180287   0.2646539964526609   0.6746242212473115
  0.4295627229642704   0.4369521409894692   0.4454534728697261   0.4553810762933584     0.46770500573165

0.4014214582088458
0.4014257793890744
0.4014289558764377
0.4013981307043743
0.4013984790987785

0.0002490940984032591

-0.02575123132309284    3.805932456069903    6.021855697306714   -3.748069096849219   -6.058300141634642

 7.292324361964152e-07  6.145750960932557e-07 -8.253099043901216e-06   -0.01300982257124139   -0.06283709881247598

cov:
0.05698295989655523 0.05767871780938817 0.05847444490729145 0.05940161747958837 0.06055438833221054
0.05767871780938817 0.05850386133630234 0.05944866282165084 0.06055045492426459 0.06191991281254466
0.05847444490729145 0.05944866282165084 0.06056850044668897 0.06187493834596498 0.06349768550889022
0.05940161747958837 0.06055045492426459 0.06187493834596498 0.06342334075145305 0.06534301709625544
0.06055438833221054 0.06191991281254466 0.06349768550889022 0.06534301709625544 0.06763202087690848

cov.inverse():
 480666.6927812074 -641019.7834183549  149842.2717304455 -151974.1959964917   162662.987526007
-641019.7834192289    1842070.9489172 -1493874.071125504   79899.2998158079  212804.1244381405
 149842.2717320758 -1493874.071128274  2051506.693330597 -442859.0141673239 -264685.8298817467
 -151974.195997261  79899.29981811893  -442859.014169206  1070182.778628757 -555256.2514661308
  162662.987526019  212804.1244377267 -264685.8298810048  -555256.251466471  444512.6048543439

cov*(cov_.inverse()):
     1.000000000005457 -1.637090463191271e-11  5.456968210637569e-12                      0 -7.275957614183426e-12
 7.275957614183426e-12     0.9999999999854481  1.091393642127514e-11 -7.275957614183426e-12 -3.637978807091713e-12
 9.094947017729282e-12 -5.456968210637569e-12                      1                      0 -3.637978807091713e-12
 1.091393642127514e-11 -3.637978807091713e-12  3.637978807091713e-12                      1                      0
 3.637978807091713e-12 -1.818989403545856e-12  3.637978807091713e-12                      0                      1
