5
2

2.870617682122267e-05
5.228097405966127e-05
9.062265434034044e-05
  0.02377743469118438
   0.5182766983786068

 0.007774579891981271 -0.007697884701690513   -0.2716543462499341       0.8025751551389   -0.5309965489491568
 -0.08857547856055745    0.6791843323131068   -0.6942349960639251  -0.09572176494230573    0.1993442783092091
   0.7096091055034184   -0.4634250316819213   -0.4732696416064954  -0.01279962537466909    0.2398836662242283
  -0.5389109217073992   -0.3537194961285989   -0.1440799229491674    0.3810639037197661    0.6469071135857352
   0.4451110831650811    0.4458353321358233    0.4466525590884531    0.4487058445599096     0.449746080339187

0.3988383299667218
0.3989105335612434
0.3989516617289602
0.3990044890971438
  0.39902230383787

-8.387091776130332e-05
    0.3990079817731239

0
0
0
0
0

0
0

0
0
0
0
0

0
0

0
0
0
0
0

0
0

0
0
0
0
0

0
0

0
0
0
0
0

0
0

0
0
0
0
0

0
0

0
0
0
0
0

0
0

0
0
0
0
0

0
0

0
0
0
0
0

0
0

0
0
0
0
0

0
0

0
0
0
0
0

0
0

0
0
0
0
0

0
0

0
0
0
0
0

0
0

0
0
0
0
0

0
0

0
0
0
0
0

0
0

0
0
0
0
0

0
0

0
0
0
0
0

0
0

0
0
0
0
0

0
0

0
0
0
0
0

0
0

0
0
0
0
0

0
0

0
0
0
0
0

0
0

0
0
0
0
0

0
0

0
0
0
0
0

0
0

0
0
0
0
0

0
0

0
0
0
0
0

0
0

0
0
0
0
0

0
0

0
0
0
0
0

0
0

0
0
0
0
0

0
0

0
0
0
0
0

0
0

0
0
0
0
0

0
0

0
0
0
0
0

0
0

0
0
0
0
0

0
0

0
0
0
0
0

0
0

0
0
0
0
0

0
0

0
0
0
0
0

0
0

0
0
0
0
0

0
0

0
0
0
0
0

0
0

0
0
0
0
0

0
0

0
0
0
0
0

0
0

0
0
0
0
0

0
0

0
0
0
0
0

0
0

0
0
0
0
0

0
0

0
0
0
0
0

0
0

0
0
0
0
0

0
0

0
0
0
0
0

0
0

0
0
0
0
0

0
0

0
0
0
0
0

0
0

0
0
0
0
0

0
0

0
0
0
0
0

0
0

0
0
0
0
0

0
0

0
0
0
0
0

0
0

0
0
0
0
0

0
0

0
0
0
0
0

0
0

0
0
0
0
0

0
0

0
0
0
0
0

0
0

0
0
0
0
0

0
0

0
0
0
0
0

0
0

0
0
0
0
0

0
0

0
0
0
0
0

0
0

0
0
0
0
0

0
0

0
0
0
0
0

0
0

0
0
0
0
0

0
0

0
0
0
0
0

0
0

0
0
0
0
0

0
0

0
0
0
0
0

0
0

0
0
0
0
0

0
0

0
0
0
0
0

0
0

0
0
0
0
0

0
0

0
0
0
0
0

0
0

0
0
0
0
0

0
0

0
0
0
0
0

0
0

0
0
0
0
0

0
0

0
0
0
0
0

0
0

0
0
0
0
0

0
0

0
0
0
0
0

0
0

0
0
0
0
0

0
0

0
0
0
0
0

0
0

 0.1252088748417576  0.4646759583916248   1.025993329154481   3.756390141934776  -5.372248241857012
 0.6975463565572517  0.5102502067821878  0.1037421423615168  0.2756171044772429 -0.5871150073844902

 4.603204992981704e-09 -5.024531611503613e-09 -1.600494218107714e-08  -0.001370214843940737  -0.002543747438938995
 4.171913293367391e-10  1.894899886478889e-10  5.342818586054348e-10 -0.0004783729641130489     0.1192438833818481

cov:
0.05338240094681996 0.05341256178429312 0.05344639760131262 0.05353189233656944 0.05357526832470849
0.05341256178429312 0.05346226615894563 0.05351820765119325 0.05365908172999566 0.05373049234116398
0.05344639760131262 0.05351820765119325 0.05359918089871617 0.05380274490021984 0.05390589160187915
0.05353189233656944 0.05365908172999566 0.05380274490021984 0.05416335953723016 0.05434600871936029
0.05357526832470849 0.05373049234116398 0.05390589160187915 0.05434600871936029 0.05456890671082124

cov.inverse():
 64258974.27045311 -62124835.99532855 -20958909.08906564  9567655.835716534  9257121.688126428
-62124836.03105593  194990132.8333555 -143262913.6674589 -30560715.86265515  40957517.41005984
-20958908.99457955 -143262913.7360778  293157006.8321536  -239526704.326891  110592221.0183037
 9567655.689058268 -30560715.81785038  -239526704.163699  785037522.3791293 -524516700.5288331
  9257121.77602667  40957517.39814559  110592220.8809795 -524516700.4674953  363708909.4247947

cov*(cov_.inverse()):
    0.9999999998835847  9.313225746154785e-10 -9.313225746154785e-10                      0  3.725290298461914e-09
-2.328306436538696e-10     0.9999999995343387                      0 -3.725290298461914e-09                      0
  2.91038304567337e-10                      0                      1 -3.725290298461914e-09                      0
-5.820766091346741e-11 -9.313225746154785e-10 -2.793967723846436e-09     0.9999999962747097                      0
 4.656612873077393e-10 -4.656612873077393e-10 -9.313225746154785e-10  3.725290298461914e-09                      1
