5
2

2.877548375014762e-05
5.231677721606114e-05
9.064066542965878e-05
  0.02377735507137484
    0.518276551193654

   0.0079153713460505 -0.008084622110591059   -0.2713919642448882    0.8026188443955088   -0.5310568502018428
 -0.08841633711282532    0.6790788488724989   -0.6944674421647741  -0.09534477321267064    0.1991452091808714
   0.7096285115121918   -0.4635720904113425   -0.4730791647045932   -0.0128918945505731    0.2399128917293745
  -0.5389095132927229   -0.3537205219809549   -0.1440808824455073    0.3810631634320836    0.6469079483210717
   0.4451110090298791    0.4458354687780113    0.4466521876724052    0.4487059497847923    0.4497462821359123

 0.398838091241226
0.3989105988862209
0.3989516228730064
0.3990045030520719
0.3990222981790077

-8.387091776130332e-05
    0.3990079817731239

 0.1260908932848643  0.4663971410189771   1.029771798178967   3.734738941013921  -5.356976452100981
 0.6981317217950358  0.5099532352298923  0.1028158719914647  0.2768850227998353 -0.5877444999659689

 4.603992705258656e-09 -5.015567085996866e-09 -1.599808199556782e-08  -0.001370210266067363  -0.002543742197364887
 4.205214358756526e-10  1.908374357417679e-10  5.405702816980236e-10 -0.0004783705279290616     0.1192438510894728

cov:
0.05338235103656192 0.05341253827457158 0.05344631385187532 0.05353186681720102 0.05357525453582084
0.05341253827457158 0.05346226850092533 0.05351814926590377 0.05365908071791845 0.05373050274737797
0.05344631385187532 0.05351814926590377 0.05359906142035679 0.05380268224321691 0.05390584022983293
0.05353186681720102 0.05365908071791845 0.05380268224321691 0.05416335331886308 0.05434601393895983
0.05357525453582084 0.05373050274737797 0.05390584022983293 0.05434601393895983 0.05456892363547536

cov.inverse():
 64226057.81363655 -62054364.35973945 -21022314.02852565   9638558.78156762  9212075.617734414
-62054364.35711336   194720097.971754 -142958578.6801063 -30765007.86535288  41056837.94521193
-21022314.11628706 -142958578.7384235  292397955.0806454 -238129814.2067397   109713743.474689
 9638559.032807417 -30765007.68012126 -238129814.8177239  781330771.9592113 -522073596.0723659
 9212075.451630158  41056837.82092401  109713743.9395926 -522073596.2468755  362090055.0375845

cov*(cov_.inverse()):
     1.000000000407454 -9.313225746154785e-10 -9.313225746154785e-10                      0  3.725290298461914e-09
 2.328306436538696e-10     0.9999999990686774 -9.313225746154785e-10                      0  3.725290298461914e-09
 6.402842700481415e-10                      0     0.9999999990686774  3.725290298461914e-09                      0
 7.566995918750763e-10                      0                      0                      1  7.450580596923828e-09
 7.566995918750763e-10 -4.656612873077393e-10  9.313225746154785e-10 -3.725290298461914e-09       1.00000000372529
