5
2

0.1997909167494323
 1.291594860234228
 1.434805388888616
 5.321261973865654
 9.136583167982179

 0.5839208705020482 -0.8015222607656756 0.05265944147014574 0.09061048476680299 0.07493467664297578
 0.2531143887054067  0.1783341331920442 -0.8738599094530677  0.3551903362553484  0.1197444230451664
-0.1860223612450347 -0.0969606374179631  0.1499041078019176  0.7538069174502104 -0.6043990449832353
-0.5102805619268241 -0.2556385167804875 0.06097016194256628  0.4013587944615474  0.7137621833068682
  0.547703343479739  0.5010055747848484  0.4554198499094403  0.3692097160066657  0.3244863748917023

43.45815855757203
62.35281015452023
84.92999286532184
109.7650302258915
130.1192082993745

 1.258643052688569
-1.285380691656618

 -0.06537485600216374    0.0646716719856382 0.0001825847530838147 0.0002582112605198966 0.0002255041107532738
    3.313972075117029    -2.284047127818723 -0.006558568729078285  -0.01190544888494832  -0.01030344967616875

-0.003590865033991506 -0.008432816077705791   0.01230319979739123    0.4842763312041893   -0.2632451301676385
   0.1502300353852198    0.7202682271180708   -0.8208735383719865    -31.70516460718038     55.09720781887911

cov:
32.60616748156104 26.69381003281364 19.51599560056174 10.94470680161917  4.80635522363256
26.69381003281364 22.90183662948774 18.31388500407553 12.48830084305252 8.558057070802148
19.51599560056174 18.31388500407553 18.73929996796603 14.44424095364619  13.2073780462839
10.94470680161917 12.48830084305252 14.44424095364619 17.32119700125989 17.24592120687655
 4.80635522363256 8.558057070802148  13.2073780462839 17.24592120687655   23.991280097072

cov.inverse():
    8.609942835357165    -11.68142826310106    0.6260888059898052     1.306470991605205      1.15823743369357
   -11.68142826310106     16.12352749784277    -1.155696523810476    -1.818400996707526    -1.467918902467171
   0.6260888059898154     -1.15569652381049    0.5407547167938904 -0.008753836606227935  -0.00457134400601669
    1.306470991605204    -1.818400996707523 -0.008753836606229746    0.5646500387255694   -0.0141584364874359
    1.158237433693568    -1.467918902467167 -0.004571344006018056  -0.01415843648743602    0.3459666978144442

cov*(cov_.inverse()):
     1.000000000000006 -7.371880883511039e-14    2.8796409701215e-16  4.107825191113079e-15   1.77635683940025e-15
 7.105427357601002e-15     0.9999999999999378  1.630640067418199e-15  2.414735078559715e-15   1.77635683940025e-15
 7.105427357601002e-15 -6.039613253960852e-14      1.000000000000003  4.274358644806853e-15  7.105427357601002e-15
                     0 -7.105427357601002e-15 -2.498001805406602e-16     0.9999999999999986 -8.881784197001252e-16
 -1.06581410364015e-14    1.4210854715202e-14  1.915134717478395e-15 -2.997602166487923e-15      1.000000000000001
