5
2

 0.067044486476542
0.9074924853125824
 3.505211386373059
 8.467802168919237
 28.38576382750484

   -0.4154902131481226     0.8163631161656757    -0.4011452822032897  0.0009310206480067427 -0.0008608768734236388
   -0.5666484135968718    0.09610361221662771      0.782639442168817    -0.1244799921050867    -0.2040928862412042
    0.1950236989578962     0.1503590386627349     0.1010603460375201    -0.8576543163893269     0.4399702221454673
   -0.6606590553686947    -0.4788567279468601    -0.2913281493247388   -0.01242193052792004     0.4991988098066269
     0.178249340953621     0.2690794527191332     0.3625916187634859     0.4987771385967753     0.7180334982364396

60.78558575204568
95.74485559598025
131.6717892152959
186.3933594216407
261.7740287233661

   2.71905608876368
-0.8973685091829495

  -0.06855893429235924    0.05926399081941246   0.009281117448009753 -3.583749916889582e-07  4.075992086100769e-05
     2.515951212893545     -1.263363237237243    -0.2518404264018528 -4.201827329759072e-05  -0.001266778080113053

0.0003287768463946343   0.04265933374851884  -0.04304635206380561     1.020459508284173     5.737338873789881
 -0.00888065649676735     -1.43618420620032     3.375590496830748    -70.59080477188166     13.11423749885934

cov:
57.63005205231203 61.64461317937113 65.75549302132231 70.22817042084152 80.62893383768385
61.64461317937113 75.06973364580004 88.86407170970396 106.9727165351047 139.3339572613583
65.75549302132231 88.86407170970396 112.6506108003844 144.8364373765766 199.7666303744221
70.22817042084152 106.9727165351047 144.8364373765766 209.5152018558124 283.5108887597519
80.62893383768385 139.3339572613583 199.7666303744221 283.5108887597519 435.7042077257523

cov.inverse():
    38.80479149919969    -75.51948159725951     36.54557587437068  -0.01379733470251618    0.2225463979628469
   -75.51948159725882     148.2820153312398    -72.76029301684419    0.1443170009342186   -0.1778765970644765
    36.54557587436966    -72.76029301684282     36.54546892950866   -0.2081642964841927   -0.1152148627637733
 -0.01379733470228894    0.1443170009337737   -0.2081642964839756   0.07918731489062683 0.0003167736136858527
   0.2225463979629476   -0.1778765970646757   -0.1152148627636741 0.0003167736136851904   0.07061407019966372

cov*(cov_.inverse()):
    0.9999999999994209  1.588063014423824e-12 -1.161737372967764e-12 -1.373900992973631e-15 -8.881784197001252e-16
 4.121147867408581e-13      1.000000000001013 -2.948752353404416e-13  1.137978600240785e-15   1.77635683940025e-15
 4.192202140984591e-13   1.49213974509621e-13     0.9999999999995204 -2.234323837058128e-15                      0
 8.029132914089132e-13 -1.001865257421741e-12  2.771116669464391e-13     0.9999999999999952                      0
 7.105427357601002e-14  4.973799150320701e-13   -1.4210854715202e-14 -1.443289932012704e-15                      1
