5
2

2.066285220849256
2.418487450070242
3.463770312306703
5.712286922295719
11.82460685202224

  0.5752531140479413  -0.6840560278109022  -0.3097578386226003   0.1745503271780147   0.2733742312062697
  0.1262358073129526   0.1418244477204958  0.01560205625610097  -0.7754130865451333   0.6020311188268874
-0.01011703335738791   0.4713077113399351  -0.8576048210935967   0.1638029133440952   0.1242950654071382
 -0.7930948162012138  -0.4118028341521369  -0.1355386118644301   0.1131814061053879   0.4125994332338582
  0.1550697710097027   0.3467573270460571   0.3872336669032275   0.5732584961329326   0.6141152221586444

71.98121320805517
133.1193393806318
154.4996027135662
183.9372397299012
218.6192597801808

2.109738415855739
-3.04391981303571

-0.01944630075142035 0.003693017368887028  0.00604651878120181 0.004667805583981237 0.005071604963323824
   1.692438387235203  -0.1312969231721989  -0.2150885274372828  -0.1662637744782695  -0.1808422138406832

-0.05714566863433265 -0.01405496115433154 -0.02223488550141003   0.5124014673462429   0.8944191448527212
   4.489677216481737    1.238366699394509   0.6688116288352447   -44.13159943858304   -10.17084576415715

cov:
25.39391571192704 16.54282676306233 11.25844108107068 9.336707327540056 3.738536026473154
16.54282676306233 27.12625655382307 16.66412607111692 26.04627323086667 24.63445050686479
11.25844108107068 16.66412607111692  30.8008658876519 28.55064892882391 29.84006678101581
9.336707327540056 26.04627323086667 28.55064892882391 50.33566943957464 48.46495070079052
3.738536026473154 24.63445050686479 29.84006678101581 48.46495070079052 60.91116243101001

cov.inverse():
 0.09968791659731475 -0.07910875903104747 -0.03695133054975466 0.004529558049845088  0.04037386920438546
-0.07910875903104748   0.1376083903551726  0.01898852263121608 -0.04033977252022873 -0.02800323889291956
-0.03695133054975464  0.01898852263121608  0.08545243783394606 -0.02532336900142245 -0.02712538221013045
0.004529558049845108 -0.04033977252022878 -0.02532336900142241   0.1149119388100669 -0.06298904930488891
 0.04037386920438547 -0.02800323889291955 -0.02712538221013049  -0.0629890493048889  0.08867159003852956

cov*(cov_.inverse()):
                     1 -8.326672684688674e-17 -1.249000902703301e-16                      0  1.110223024625157e-16
  3.33066907387547e-16                      1  1.110223024625157e-16  2.220446049250313e-16  4.440892098500626e-16
                     0 -1.110223024625157e-16     0.9999999999999999 -2.220446049250313e-16  4.440892098500626e-16
-6.661338147750939e-16  4.440892098500626e-16  6.661338147750939e-16     0.9999999999999996                      0
                     0  4.440892098500626e-16                      0 -4.440892098500626e-16      1.000000000000001
