6
2

0.03481502936834321
0.06325589146540937
 0.9830724314717527
  3.177018355919908
  5.501996166001345
  10.62659984188366

  -0.4095650210588344    0.8007052619585778   -0.4349881146602143   0.04373642045776709 0.0001053511624992437 0.0001775611104145795
   0.3085175551868856   -0.2458976773904609   -0.6811051099568448    0.6168034003145303 0.0005360207201361692 0.0005980203834863691
  -0.4879374748386236    -0.056426819140455    0.4248965804968101    0.6911678924655762   -0.1882151507447315   -0.2550645645062175
   0.1662895476233262    0.1354349612818871    0.1010913130278328   0.08252090949613669   -0.7573622868021641     0.602808734234863
  -0.5880783840769307   -0.4964150835826993    -0.394242485996572   -0.3387103742819903   -0.3640383362010982   -0.0711344736255223
   0.3542626608145225     0.174501764637689  -0.02640973007616485   -0.1356215954793059   -0.5083829412153696    -0.752664065416377

48.77730306768786
 78.3012042630065
111.2537029423237
129.1196252486486
187.0138577076768
221.0056752932555

 2.265226095513791
-2.427396647001931

  -0.04278130898968197    0.01414287163899348    0.02521431740431345   0.003397646459648364  -1.14443217400801e-05 -1.405426574615544e-05
     1.823314347418162   -0.07408378088470723    -0.6205883598899645    -0.1272722447899697 -0.0001160862421074049  3.857675686880224e-05

 2.184987709110677e-05  -0.000127059205481913    0.03203152499590321   -0.02391262886364303      0.213472452587431     -1.558152666091006
-0.0006565906831241608   0.003700911322365708     -1.195594942987207      2.220931943213255     -22.63329255282514       75.2851371192352

cov:
 25.15119086531616  16.07148890037601  5.930583832418022 0.4176000023954417 -15.03956159111362 -27.71189959403445
 16.07148890037601  11.08774610293087  5.519314039997168  2.492009342698344 -5.572447464029826 -12.92473442590215
 5.930583832418022  5.519314039997168  5.063558144500878  4.813115825721359   5.01069721352828  3.603972580384506
0.4176000023954417  2.492009342698344  4.813115825721359  6.081924250395461  10.76199194381068   12.5881542324754
-15.03956159111362 -5.572447464029826   5.01069721352828  10.76199194381068  39.02130322489445   39.4318559167729
-27.71189959403445 -12.92473442590215  3.603972580384506   12.5881542324754   39.4318559167729  67.85595385562448

cov.inverse():
   162.4420032705963   -289.4778423679528    94.26153459362382    32.43809817021027  0.09375790765251985   0.1238422287411821
  -289.4778423679355    544.0716024468744   -245.5137049886301   -9.046822705405448  0.04266527047394322   0.1035304512411266
   94.26153459357528   -245.5137049885536    272.2376921347866   -120.3794460715326  -0.2145250005598305  -0.2705183102803497
   32.43809817024148   -9.046822705464535   -120.3794460715048    97.15762246616814 -0.04968575166583851 -0.07719548888355372
 0.09375790765248135  0.04266527047400374  -0.2145250005598296 -0.04968575166586151   0.1002316009954154 0.008782178356202552
   0.123842228741327     0.10353045124085  -0.2705183102802151 -0.07719548888355679 0.008782178356202507    0.108618305073523

cov*(cov_.inverse()):
    0.9999999999999303  1.713740260811392e-12  -9.85878045867139e-14  8.704148513061227e-14 -3.885780586188048e-16  4.440892098500626e-16
 2.398081733190338e-14      1.000000000000899  -2.90434343241941e-13  1.838529328779259e-13  4.163336342344337e-17  4.440892098500626e-16
 2.367550600013146e-13 -9.070522111187529e-14      1.000000000000304  2.159383782895929e-14 -2.983724378680108e-16 -2.220446049250313e-16
 5.062616992290714e-14 -1.223465773136923e-13 -9.592326932761353e-14      1.000000000000244  1.665334536937735e-16  2.220446049250313e-16
-1.580957587066223e-13  8.926193117986259e-13 -4.227729277772596e-13 -1.083577672034153e-13     0.9999999999999997                      0
 4.956035581926699e-13 -6.767919558114954e-13  5.648814749292796e-13  1.190159082398168e-13                      0                      1
