6
2

0.03514376769689079
  0.476040898775419
  1.456326900671286
   1.72064931133152
  5.385495052682893
  7.013078185727585

    -0.439982548940993     0.8155106890206058    -0.3759750027751604  0.0006729382107491879 -0.0001276432678076664  2.949750834231437e-05
   -0.5193115416709934    0.09322884380179726     0.8095421738337215    -0.2308423496280103    -0.0669650752491015   -0.09215672775414144
   -0.2750832024915243    -0.1252695857142126    0.05178773025654396     0.8934238269120568   -0.04801649416424776    -0.3247199953665654
   0.02129891706429582  -0.005885995253292374   -0.03830683641725961    -0.1694959754443067     0.7780553212790018    -0.6032788151535574
   -0.1806143171471928   -0.05659964978141173    0.08884830237177531     0.2271514706592789     0.6185899468662951     0.7225161688606072
     0.654205575943091     0.5543645590908625     0.4373109448859259     0.2611102180377267     0.0720171740464499   0.009440243142755975

33.73368379586861
56.40168527266484
82.93139198914551
112.8868672950542
153.6949400955277
182.6218010015246

 1.764868049500157
-6.333054344129058

  -0.04115485732119453   0.009799089101303143    0.03131012623415273  4.438362529103537e-05 -5.082141410067253e-06  4.229592799033863e-07
     1.789381300937233    0.05161182714154589     -0.841658868641417 -0.0008576449722600965   0.001115074937994218  0.0002624968250994255

 1.769491432934659e-05    0.01079200917676006    0.02493045051270092  -0.006351612145770698     0.2803955600347507    -0.3830383643887039
-0.0005295604293473322    -0.3638742184822646       -1.1520382905252     0.2099207499158016     -11.60735220692083       40.8726315287508

cov:
  22.21902315102688    18.1950094424837   13.47777905249255   6.706786273413441 -0.8382776106692015  -3.318869437067023
   18.1950094424837   15.24409344129359   11.78126419555243   6.507110223904826  0.9458931842206659 -0.8338451535644401
  13.47777905249255   11.78126419555243   9.793526076713174   6.276412029084659   3.037227466528786   2.080755262191574
  6.706786273413441   6.507110223904826   6.276412029084659    6.63980045963443   4.522336144153632   4.573574786831355
-0.8382776106692015  0.9458931842206659   3.037227466528786   4.522336144153632   13.15158631084876    11.6411154795692
 -3.318869437067023 -0.8338451535644401   2.080755262191574   4.573574786831355    11.6411154795692   16.44816527800254

cov.inverse():
    157.9737012660559    -290.7046510614438     132.0792630052574    0.1742341794169398    0.2078595848361304    0.2340815839210492
   -290.7046510614438     538.5235671934639    -247.9167453068791    0.2994316138092686   -0.1109367034811485 0.0006390647718164597
    132.0792630052573     -247.916745306879     117.3493194238698    -1.002468462226092    -0.209069019167849   -0.3360192481510098
   0.1742341794169304    0.2994316138092859      -1.0024684622261    0.6247388079844306  0.008601247984082209  -0.00264991018456416
   0.2078595848361067   -0.1109367034811045   -0.2090690191678694  0.008601247984082263     0.238660465450602   -0.1085371047105406
   0.2340815839210816 0.0006390647717564341   -0.3360192481509821 -0.002649910184564181   -0.1085371047105406     0.228123038846502

cov*(cov_.inverse()):
    0.9999999999999131  6.224014359457186e-14 -2.395861287141088e-13  1.377370439925585e-15  6.661338147750939e-16 -4.440892098500626e-16
 -8.26116952623579e-13     0.9999999999989909 -2.475242233401787e-13  1.615894917872396e-15  1.165734175856414e-15 -1.249000902703301e-15
-4.451994328746878e-13 -4.562806295987931e-13      1.000000000000164  1.666201898675723e-15  5.273559366969494e-16 -8.326672684688674e-16
-4.003464226798314e-13 -2.303010213089429e-13 -9.370282327836321e-14                      1                      0 -4.440892098500626e-16
-8.704148513061227e-14 -5.009447717752025e-14  4.662936703425657e-14 -1.283695372222837e-16     0.9999999999999996                      0
  1.06581410364015e-13 -3.619483185390848e-13  1.918465386552271e-13 -4.440892098500626e-16 -2.220446049250313e-16     0.9999999999999996
