5
2

0.1261079976155594
 1.474880326630841
 3.142510716844229
 4.170667453596793
 13.34147518732076

   -0.3124580655886411     0.8092815799836208    -0.4974266474470077 -0.0001074230952861288  2.043839913659123e-05
   -0.6281785421860447     0.1928720028048775     0.7083992379830896     -0.130228181273388    -0.2222684190303566
   -0.1554094683806453    -0.1024675449231625   -0.06929777120512634     0.8965710770758971    -0.3958616198017089
   -0.6850685162542228    -0.4764284784867109    -0.3447739325313257   -0.01007849839991966     0.4297980831052687
    0.1195437223801525     0.2652923330168203     0.3564631879836899     0.4232012959378469     0.7804895484316379

109.6366501203855
155.2041093752528
183.6601929597282
220.1296876546624
262.6869792006061

 3.273260194062689
-5.140931735809654

 -0.05192046823846892   0.02059852706870119   0.03118010425019617 8.741939986964264e-05 3.556978613825958e-05
    2.817590782707198   -0.7099949307136466    -1.102655991573785 -0.002711123621454495 -0.001473222205701147

0.0002764482485239085    0.1275946560620007   0.03813708447324125    0.2612592036847395      1.85776587881282
 -0.01441586265290066    -5.845670084154364    -2.869435645243809    -21.08939541015116    -43.94417482677672

cov:
11.80566849740096 11.21193772518778 10.83417883862031 7.927013411556521 12.39701053361988
11.21193772518778 16.67057888460018   20.050586919658  19.1054999139243 33.60075264201599
10.83417883862031   20.050586919658 25.82774633833642 26.09775727336315 46.87183893134631
7.927013411556521  19.1054999139243 26.09775727336315 39.85565478027707 55.27514885515721
12.39701053361988 33.60075264201599 46.87183893134631 55.27514885515721 113.2963274921985

cov.inverse():
   6.349921604501352   -15.93547329731727    9.583507609854131  0.02628985303655797  0.05361207186502787
  -15.93547329731729    41.21423642810068   -25.23948544216377 -0.02540938212100761 -0.02516877249260816
   9.583507609854141    -25.2394854421638    15.79741429664043 -0.04429425567656627 -0.07720130648548862
 0.02628985303655938 -0.02540938212101102  -0.0442942556765643  0.09020761916912717  -0.0210265207540648
 0.05361207186501992   -0.025168772492588 -0.07720130648550091 -0.02102652075406485  0.05262193116597012

cov*(cov_.inverse()):
    0.9999999999999185   8.89843754237063e-14  1.113553693699032e-13 -2.775557561562891e-16  1.221245327087672e-15
-2.753353101070388e-14       1.00000000000011  1.141309269314661e-13  2.220446049250313e-16  2.220446049250313e-16
 1.731947918415244e-14 -5.417888360170764e-14      1.000000000000132  -3.33066907387547e-16  4.440892098500626e-16
-8.615330671091215e-14  1.803002191991254e-13  3.197442310920451e-14                      1  4.440892098500626e-16
 2.664535259100376e-14 -6.306066779870889e-14 -3.197442310920451e-14 -4.440892098500626e-16                      1
