6
2

 0.0350402034148054
0.09065009594470362
 0.1084218606856243
 0.5438244921066289
  1.093462216358424
  1.496395487951978

   0.4514420045254357    -0.814842802103149    0.3497940551974382  0.005497155993670513   0.09056249643380966  -0.04054206303252406
   -0.148440576002053  -0.05213440263173923    0.3335369051000405 0.0004211901819640237   -0.8642387509088626    0.3421866981941529
  -0.5269705109942896    0.0686849040292113    0.7392251704312993  0.007790768356694126    0.2376234842994025   -0.3385335958801648
 0.006725727061000573  -0.02837353121342255  -0.08514036078862075    0.9447801945655039   -0.1430140774508883   -0.2807813809610722
  -0.1398400775760677 -0.008440613884272214    0.1458875829123732    0.3222983615165896    0.4093238479078057    0.8292575447895734
   0.6905556529257235    0.5724677236710861    0.4375058072784896   0.05850690492340268   0.02063629233645135     0.012383443772146

 26.3137308577064
 49.3925859517711
76.10478302523603
 107.521616613602
133.7147913323776
181.2682303991774

 1.774356861374475
-13.43198709953122

 -0.04015926283834974   0.01420492940684352   0.02402038456100552 -0.001468128550937823   0.00715274442446454 -0.001168760042328865
    1.650645062561125   0.09763467544914639   -0.6506729169873724    0.0639895218838297   -0.1574138625306713     -0.01951019827997

-2.531153567707528e-05  5.464722366185243e-05  0.0004934730424791433  -0.001419601312937651    0.01253728300062363   -0.02025142610261033
 0.0005216977742390587  -0.002775376877194964   -0.01615684723467106    0.04500548231522267    -0.4621990106161172      2.040662149754378

cov:
   1.094891089751333    0.885743467871144   0.6471575010867635  0.03841363306217383 -0.03718175829667617  -0.1184056450388198
   0.885743467871144   0.7350451650347173   0.5601714494629715  0.06381819001134641  0.02399367689028786 0.009481765408632424
  0.6471575010867635   0.5601714494629715   0.4636875410153088  0.08981794821772787  0.09495188872465442   0.1618292580724255
 0.03841363306217383  0.06381819001134641  0.08981794821772787   0.3958511803460639   0.1204994503454335   0.2426999410693904
-0.03718175829667617  0.02399367689028786  0.09495188872465442   0.1204994503454335   0.2141419697847185   0.4149163639384331
 -0.1184056450388198 0.009481765408632424   0.1618292580724255   0.2426999410693904   0.4149163639384331    0.848187762874077

cov.inverse():
 192.5198330048039 -301.5609011170516  89.56455126149496  1.666166940622716  38.21258117653546 -6.011409536520549
-301.5609011170515   541.653505235479 -229.8195035461715 -3.683310663927959 -53.21445127107291  22.78111288798239
  89.5645512614949 -229.8195035461713  159.8047178999557  1.851874493741768  5.759921893292172 -18.76515109772494
 1.666166940622649 -3.683310663927837  1.851874493741714  3.136375459927466 0.1726574660385248 -1.061458562708925
 38.21258117653556 -53.21445127107303  5.759921893292182 0.1726574660385297  102.5857399851757 -45.40194929642214
-6.011409536520606  22.78111288798246 -18.76515109772495 -1.061458562708928 -45.40194929642216  26.17885933771516

cov*(cov_.inverse()):
     1.000000000000017  6.217248937900877e-15 -5.329070518200751e-15 -2.775557561562891e-17                      0                      0
 2.958050471235651e-14     0.9999999999999796 -3.430589146091734e-14 -7.632783294297951e-17  4.440892098500626e-16 -2.414735078559715e-15
  1.69864122767649e-14 -2.664535259100376e-15                      1  3.885780586188048e-16 -8.881784197001252e-16  -1.77635683940025e-15
 8.881784197001252e-16                      0 -3.552713678800501e-15                      1                      0 -8.881784197001252e-16
 3.996802888650564e-15                      0  -1.77635683940025e-15                      0     0.9999999999999964                      0
  1.77635683940025e-15   1.06581410364015e-14  -1.77635683940025e-15                      0 -7.105427357601002e-15      1.000000000000004
