5
2

0.3577916387184104
 1.303893922705339
 1.818002460335565
  2.26247887653469
 2.928555032355119

 -0.6551265175894112   0.7466837134112304 -0.07625067510278288 -0.03294131488656121 -0.07983346665090219
-0.02535999301206469  0.04306137035240948  -0.0434671050644413  -0.5048200647157832   0.8606799069197968
  0.6146841917376691   0.4740527141707048  -0.0682340226978134  -0.5366024859030512  -0.3237889109965575
 -0.3738280136092445  -0.3336152472138183   0.5372321614190885  -0.5990475591266672  -0.3185547201169462
  0.2293078223139674   0.3233945601330344   0.8360754560487561   0.3118835777352585   0.2157321182251423

77.30832926007778
112.3663924074505
186.6425169386399
217.4213522165149
257.7088485634256

  2.48445240292579
-11.52619984925511

  -0.07039907445271265    0.07068844406228809 -1.424165046353797e-05 -4.408409374793195e-06 -4.871710891108478e-05
     3.530138978144516     -2.535483681863898  -0.001420532172379392  0.0004255984248843422 -0.0003958021141289444

 0.01266160778326901 0.008143966708497215  -0.0322053410936283  0.01405068615989549  0.05740557554127601
 -0.5384005487548287  -0.3386668509203968      3.1992510656949   -2.429801404779767 -0.09960217107448882

cov:
 2.471143725885078  2.173006595530705  0.485883012306819 0.6940338313211752 0.3456129888665201
 2.173006595530705  2.283952107530029  1.284096869993043  1.007173669558115 0.6904135916750826
 0.485883012306819  1.284096869993043   7.49184564722094 0.7476448148389645  0.681091569147335
0.6940338313211752  1.007173669558115 0.7476448148389645  4.056262931594079  1.389769662179258
0.3456129888665201 0.6904135916750826  0.681091569147335  1.389769662179258  2.525327996258936

cov.inverse():
  3.500791797546123  -3.700683119659222  0.3612972998788652  0.1284007873843194  0.3645303680550981
 -3.700683119659224   4.458270128756109 -0.4591294152913595 -0.2310875511494414 -0.4613968951153159
 0.3612972998788655 -0.4591294152913599  0.1858267549575058 0.01113832756160191 0.01982926700711295
 0.1284007873843195 -0.2310875511494415 0.01113832756160192  0.3269392773490925 -0.1373237473568378
 0.3645303680550979 -0.4613968951153156 0.01982926700711291 -0.1373237473568379  0.5424685787073829

cov*(cov_.inverse()):
    0.9999999999999998  1.137978600240785e-15  1.379105163401562e-16 -2.775557561562891e-17  1.110223024625157e-16
 5.551115123125783e-17      1.000000000000002  1.249000902703301e-16 -1.942890293094024e-16 -1.110223024625157e-16
-2.220446049250313e-16  1.665334536937735e-16                      1                      0                      0
  3.33066907387547e-16  4.440892098500626e-16  1.630640067418199e-16                      1                      0
 -3.33066907387547e-16                      0  1.387778780781446e-16 -2.775557561562891e-16                      1
