5
2

0.03507287023031654
0.09053838293241888
 0.1085762348923384
  1.050957287382742
  1.494465340166738

 -0.4521845684267866   0.8147547525522948  -0.3491426251637692 -0.09101401909243112  0.03898313600166062
  0.1515374257610943  0.05184451297144004  -0.3381496214085777   0.8627829437687417  -0.3400132064368013
 -0.5254171442765637  0.06821321398713462   0.7382304712922241   0.2440189448970995  -0.3387540519680512
 -0.1253172955830396 0.009299310121747431   0.1689682997326025   0.4330633302388834   0.8764216815819277
  0.6933959363872818   0.5733649099282305   0.4361418872065853  0.01526259493339814 0.001436274477248563

26.31373066454739
49.39258313017454
76.10477544439922
133.7147751178285
181.2681977103759

 1.774356861374475
-13.43198709953122

-0.03944399123046986  0.01251560299891407   0.0249285937381219 0.007403495913373258 -0.00178228995193291
    1.61348695742799   0.1798879306128447  -0.6923373531702538  -0.1666878120080256 0.005538726684868591

 2.286297001500099e-05 -5.544878689276054e-05  0.0004997469554897759    0.01205649977973937   -0.02052844063887009
-0.0004009137997620879   0.002805448942732361     -0.016376277279524    -0.4250602884391927      2.049019925590239

cov:
   1.094866823886334   0.8858425065144282   0.6472445784902096 -0.03669488481102622  -0.1174308473830813
  0.8858425065144282   0.7352220037346723   0.5603450755864022  0.02446455080571655  0.01046330532125772
  0.6472445784902096   0.5603450755864022   0.4638879318271476   0.0954598498303373   0.1629409538910337
-0.03669488481102622  0.02446455080571655   0.0954598498303373   0.2144786594404925   0.4158783113480887
 -0.1174308473830813  0.01046330532125772   0.1629409538910337   0.4158783113480887    0.850698557767533

cov.inverse():
 192.6704361303193 -301.4070350932645  89.30683067152887  38.48627538413856 -5.616773341392737
 -301.407035093267  540.5186376098981 -229.0065744213322 -53.40634841252736  21.71744201578979
   89.306830671532  -229.006574421336  159.3869015848514  5.591258115646582 -18.11733911276829
 38.48627538413822  -53.4063484125265  5.591258115645977  102.7657454716932 -45.34015769665614
-5.616773341393107  21.71744201579037 -18.11733911276846 -45.34015769665621  25.76850031816694

cov*(cov_.inverse()):
     1.000000000000005  9.370282327836321e-14 -1.376676550535194e-14 -1.154631945610163e-14 -4.440892098500626e-16
 2.143424326916943e-14      1.000000000000101 -1.351696532481128e-14 -1.110223024625157e-14   1.77635683940025e-15
 3.463895836830488e-14 -4.440892098500626e-15     0.9999999999999982 -8.881784197001252e-16 -8.881784197001252e-16
 2.220446049250313e-15 -5.329070518200751e-15   1.77635683940025e-15      1.000000000000007  -1.77635683940025e-15
-4.440892098500626e-15   1.06581410364015e-14 -5.329070518200751e-15                      0      1.000000000000004
