6
2

0.05143292113136898
 0.1120489595316325
  1.396279824145452
  3.314370773187875
  8.372625564722668
  20.19530317785443

    -0.463510931406432     0.8439963309651657     -0.174547787925153    -0.2058172698495791  0.0003484212710557904  9.771796110363561e-05
   -0.1759544181756511   -0.06723628037061646     0.8051851430894245    -0.5623131794377566 -0.0003067596725470153  6.930771686776249e-05
   -0.5386805863571128   -0.05675526054920743     0.3529109014703045       0.68072122048077    -0.1385962071236424    -0.3153817896827229
    0.1492943288509815      0.121228431003384    0.09660437596973458    0.07765255748660839    -0.8916227328760845     0.3907191420538055
   -0.6517776332969714     -0.461943897455077    -0.3006507240567672    -0.1712598617750281  -0.003834407337954743      0.491994158021332
    0.1300692322569084     0.2276835950166913     0.3113528342083237     0.3777590498055938     0.4310279288062553     0.7112064488527805

63.83029634529004
100.1583331269736
131.1079005819616
155.7200378033892
186.7705229565125
261.4716718300297

   2.82725682136476
-0.3083923785029192

  -0.06222337201278036    0.04951881368063881    0.00532066196961967   0.007360298290153471  4.620844950539108e-06 -6.801901134858429e-06
     2.333183078863291    -0.9833181658919845    -0.1397781369081478    -0.2092993174561728 -3.097156166519122e-05  1.223560662511058e-07

 0.000180389605871829 9.748104714991732e-05   0.07330019089522603  -0.02425215265152114     1.038708231929633     3.105964126518041
-0.004877745509489849 -0.004259583707879619    -2.715460425054285     2.190383872213437    -69.30237992124131    -17.54097787866728

cov:
37.49137360411729 33.44216509201731 30.03990504737229 27.27849090221936 21.72398544800327 16.22132952353653
33.44216509201731  36.2715194541456 38.73687871660549 40.65296748567617 38.97773540127087 50.66634768508931
30.03990504737229 38.73687871660549 46.22727354628334 52.12448699061298  53.7734845355486 80.14122419400196
27.27849090221936 40.65296748567617 52.12448699061298 61.23079038326996  65.5096287770771 103.5830777861856
21.72398544800327 38.97773540127087  53.7734845355486  65.5096287770771 84.54399339866077 121.1525009912826
16.22132952353653 50.66634768508931 80.14122419400196 103.5830777861856 121.1525009912826 225.1360301902141

cov.inverse():
    83.83817135421528    -146.9189732094774     19.20608574181743      43.7581434036212  -0.03040039633824894   0.07001039653169809
   -146.9189732094829     269.6429100282808    -60.00850086300045    -62.67214873012519    0.1072673326484248   0.04145369309949899
    19.20608574182945    -60.00850086302033     63.22220928026092    -22.35734375672282  -0.07524712878432886  -0.05722349087180621
    43.75814340361449    -62.67214873011063    -22.35734375673062     41.43724968329731  -0.06765569223722434   -0.1186069071816189
 -0.03040039633820421    0.1072673326483423  -0.07524712878430972  -0.06765569223720574   0.08273212733708118 -0.008557188347910546
   0.0700103965316992   0.04145369309949951  -0.05722349087181149   -0.1186069071816152 -0.008557188347910525   0.06961295764445385

cov*(cov_.inverse()):
    0.9999999999997966  3.168576512280197e-13  2.753353101070388e-14  3.081979116359435e-13 -1.665334536937735e-16  8.881784197001252e-16
-3.947953075567057e-13      1.000000000000248  4.103384299014579e-13  2.273736754432321e-13  1.110223024625157e-16  4.440892098500626e-16
 1.598721155460225e-13  5.191402863147232e-13     0.9999999999999805 -6.750155989720952e-14  6.661338147750939e-16                      0
-5.151434834260726e-14  4.245492846166599e-13  3.517186542012496e-13     0.9999999999995381  1.554312234475219e-15  8.881784197001252e-16
 6.536993168992922e-13 -2.399858090029738e-12   1.35003119794419e-13 -1.687538997430238e-13                      1                      0
 2.842170943040401e-14 -7.105427357601002e-13 -1.811883976188255e-13   1.35003119794419e-13  1.998401444325282e-15      1.000000000000002
