6
2

0.0589418835531364
0.5609762985209314
 1.058168694193795
 1.576167847798161
 2.299947529830096
 3.088321310007203

   0.2669642642680077   -0.8021872628818649    0.5340623598639319 -8.33545796822232e-05  -0.00010157188239171  0.001747966154494277
    0.725771311779136   -0.1817978351351936   -0.6362856095757632   0.04686707304830338    0.1187467712691039    0.1380175893225076
  0.05193605159902483   0.04492353984925748   0.04026274836282138   -0.9373478615446688  -0.05244030879909275     0.335100632163951
   0.2644312089459356    0.1249287300546261   0.05838657616777776   -0.3029952426212589   0.05741627228091618   -0.9033034985496194
  -0.4880162647106865   -0.4011765639693758   -0.3581084750317906   -0.1453040770305951    0.6591045535319551   -0.1308576429624561
   0.3020016428096998    0.3806273701487247    0.4202930617455498   0.07913952944455971    0.7385348787973235    0.1886126261987128

 77.2982526829001
112.3675092166959
129.2470657028737
157.7707426903571
186.6417895114186
257.7067224986482

 2.484540080977479
-11.52888388946802

  -0.06674136898169102    0.05939100025193537   0.007651240739206958  6.834945611320221e-05  -4.22980605794699e-05 -4.046956275857716e-05
     3.368956855282341     -2.037816789775826    -0.3368423487334196  -0.002885934817918465 -0.0002338184702598139 -1.504346332623085e-05

-0.0002132225507961528   -0.02017565811406578 -0.0006332914650394483   -0.02426845780337339    0.03159100713986199    0.05371780355158891
  0.008178858600447713     0.9534377527470597    0.08126321288347295      1.534016125138328     -3.732919761684554     0.9519153332807861

cov:
  2.472440196660919   2.174411045785862   2.030936355227726  0.3602027987101419  0.4876023029241121   0.338695639769327
  2.174411045785862   2.286816221894723   2.340810469543813  0.4517862790263484   1.290803251130291  0.6910258138751626
  2.030936355227726   2.340810469543813   2.501853614350815  0.4968999769992892   1.694161205210051  0.8604152721063545
 0.3602027987101419  0.4517862790263484  0.4968999769992892   1.383995566392621 0.06442320527347831  0.5732178902018373
 0.4876023029241121   1.290803251130291   1.694161205210051 0.06442320527347831   7.515876349658058  0.7289754680676858
  0.338695639769327  0.6910258138751626  0.8604152721063545  0.5732178902018373  0.7289754680676858   2.588699827802553

cov.inverse():
    22.27334027125839    -61.99742012282201     39.62600917542223    0.0418661446196801    0.2323145020767545    0.3900649243202994
   -61.99742012282201     185.3853873285875    -122.9000171268384  -0.04649349480352531  -0.06487658030512244    -0.497870110837935
    39.62600917542224    -122.9000171268385     83.43073213050742   -0.1350767436544211   -0.2683221374580305 -0.002363964762449021
   0.0418661446196691  -0.04649349480349246   -0.1350767436544429    0.8332628428924678   0.04260681627412802   -0.1446788349130876
    0.232314502076755  -0.06487658030512401   -0.2683221374580294   0.04260681627412803    0.1879052812474199   0.01375772410776042
   0.3900649243202985   -0.4978701108379321 -0.002363964762451071   -0.1446788349130876   0.01375772410776044    0.4971087184963832

cov*(cov_.inverse()):
      1.00000000000001 -2.220446049250313e-15  2.562837095321235e-15 -3.469446951953614e-17 -7.719519468096792e-17                      0
 7.216449660063518e-15      1.000000000000022  3.417210091283263e-14  -9.71445146547012e-17 -1.023486850826316e-16  1.665334536937735e-16
 1.365574320288943e-14 -4.091171845743702e-14       1.00000000000004  1.387778780781446e-17 -1.006139616066548e-16  2.220446049250313e-16
 2.886579864025407e-15  9.436895709313831e-15  1.858105683205657e-15     0.9999999999999999  -2.42861286636753e-17                      0
 -7.66053886991358e-15  3.064215547965432e-14  4.040387815984481e-15                      0     0.9999999999999999                      0
 6.661338147750939e-16  6.883382752675971e-15  2.364428097756388e-15                      0  2.775557561562891e-17                      1
