6
2

0.0664736520066834
0.8811272398672003
 1.054629724466148
 1.639945997544938
 2.426511729758321
  3.02373537128203

   -0.1548964953729282     0.7720981856535154    -0.6163359901213213 -0.0001757708932359412  0.0008704103937506235 -0.0007913300476708427
   -0.6467006617720624      0.331626746156414      0.578052158423225    -0.1647090315492458    -0.2072456790744059    -0.2599573443290929
   0.09461213246904944    0.01183738371727797  -0.009192772842622886    -0.9251056338504196   -0.02639241813061958     0.3664790855523474
    0.3288011365081006    0.01528208934742629   -0.06204134951758511    -0.3156317488133335     0.1693922376213585    -0.8714872404693379
   -0.6224908136500773    -0.3858072756935105    -0.3259258954850613    -0.1080612512324143     0.5843248740139521   -0.06570731455584802
    0.2307138351435956     0.3803513810387942     0.4193141113213132    0.07582766890810906     0.7656517632698049     0.1852219514307998

44.36230661288604
112.3599423661964
 129.248092487322
157.7716632841785
186.6493270441627
257.7094116087267

 2.484574431400293
-11.53219518472857

  -0.03589083603921964    0.03430963588927459   0.001849930368556019 -5.346839455392885e-05 -7.149370507562262e-05  1.460221298290026e-06
     1.799867690730406    -0.7216595341223619   -0.08225569583726099   0.003022505907918485  0.0008303753584802537  -0.001771099604661298

0.0001365814175629274   0.02770237194578713 -0.003286338303787076  -0.03062688858755355   0.04984613598256637   0.05016187202789895
-0.003469981795855344    -1.126577511262934    0.1768865843495282     1.577624823488099    -4.798070703721562    0.9766172208376929

cov:
  3.393741343557276   2.064103241288235   1.733448230905892  0.2622575415311823 -0.2755247050338792 0.02998380420190668
  2.064103241288235   2.287897077187652   2.342619441037067  0.4416071275807058   1.288482569548186  0.6954522733583658
  1.733448230905892   2.342619441037067   2.504570970533838  0.4862844205646877   1.692991001242311   0.861195697019883
 0.2622575415311823  0.4416071275807058  0.4862844205646877    1.36219875897491 0.06890329625752903  0.5661531746858476
-0.2755247050338792   1.288482569548186   1.692991001242311 0.06890329625752903   7.481468426329816  0.7045997296301145
0.02998380420190668  0.6954522733583658   0.861195697019883  0.5661531746858476  0.7045997296301145   2.583528883451601

cov.inverse():
   6.088361161768669   -27.28840847650741    21.16046242207897  0.03941453638854069   0.1181248300263466   0.1805239772125403
   -27.2884084765074     135.093539797668   -107.4086097364047  -0.1024710895190208  0.05781086197135292  -0.2383506268152978
   21.16046242207897   -107.4086097364048    86.43699672758173 -0.07372950869454709  -0.2766303538259205 -0.05396615486697572
 0.03941453638854214  -0.1024710895190279  -0.0737295086945414   0.8440585250181967  0.04163003092873862  -0.1446167040906338
  0.1181248300263466   0.0578108619713535  -0.2766303538259212  0.04163003092873865   0.1888943401774526   0.0146398471773595
  0.1805239772125399  -0.2383506268152959 -0.05396615486697709  -0.1446167040906338  0.01463984717735944   0.4948208986567807

cov*(cov_.inverse()):
     1.000000000000002  2.212639793608417e-14  6.544461153557002e-15 -5.290906601729262e-17  3.577867169202165e-18 -5.030698080332741e-17
 2.636779683484747e-15     0.9999999999999283    4.0314973581701e-14  2.775557561562891e-17  1.301042606982605e-16                      0
-3.302913498259841e-15 -4.887756865912252e-14      1.000000000000006 -4.163336342344337e-17  2.255140518769849e-16  5.551115123125783e-17
-1.318389841742373e-15 -5.190292640122607e-15  5.169475958410885e-16                      1 -8.673617379884035e-18  5.551115123125783e-17
-2.775557561562891e-17 -4.773959005888173e-15  1.511984981661385e-14                      0                      1 -5.551115123125783e-17
-1.720845688168993e-15  4.662936703425657e-15  2.831068712794149e-15  5.551115123125783e-17 -2.775557561562891e-17                      1
