5
2

1.145240706050114
1.619713876264463
1.841983509182316
3.684401703368152
5.851078425145408

  0.5032907852167616  -0.8447222221693598   0.1209479424521247 0.004731566275333772   0.1359851476681695
  0.3274125239361865   0.2029678936660385  -0.5345940602507605  -0.5209213530187667   0.5426372711344213
   0.358155555981189  0.07233058788261947  -0.6487242910807981   0.5860637045335851  -0.3196545200156669
 -0.6539158982613131  -0.3638095579904401  -0.3585041361597683   0.3032526930400589   0.4685607666420558
  0.2891678066565111   0.3281147559702023   0.3875723990163101   0.5414662451547663   0.6044209025065378

82.93556986275858
112.8968691866251
130.6102408606311
153.6878446270229
182.6182868431474

 1.765053562616899
-6.335548633773572

 -0.0260975471858545 0.007742139259385591 0.007848922140044755 0.004797580133856337 0.006859179850899965
   2.321200764020698  -0.3912082723743832  -0.3981673644785601  -0.2429768980988065  -0.3480249787945378

-0.02330651951412497  -0.0260940087538761 -0.04498872565617722    0.218607306405076   0.1636207456879337
   1.838918945319921    2.180541382240254    3.495380067276693   -19.94893013354288    1.596016785010421

cov:
9.716029617825487 6.182327393346376 5.851536443605445 2.936291278259674 1.991694434090838
6.182327393346376 6.544165790200084 5.546279570971066 4.445861376733351 4.535269147673154
5.851536443605445 5.546279570971066 9.084075308246151 5.150052632154124 5.703605611926919
2.936291278259674 4.445861376733351 5.150052632154124 13.16291221607916 11.75676855251364
1.991694434090838 4.535269147673154 5.703605611926919 11.75676855251364 16.63070428049075

cov.inverse():
   0.3057384811186291   -0.2708825586664925  -0.06824288314321426  -0.01136550570371173    0.0686946128001476
  -0.2708825586664925    0.5741840410695024   -0.1197631730640216  -0.03379297948804152  -0.05917883698913066
 -0.06824288314321421   -0.1197631730640217    0.2579812548240306 -0.007348205032291256  -0.04244889336562987
 -0.01136550570371167  -0.03379297948804168 -0.007348205032291226    0.2200225577124628   -0.1424441269721772
  0.06869461280014748  -0.05917883698913041   -0.0424488933656299   -0.1424441269721772    0.1832975683476585

cov*(cov_.inverse()):
    0.9999999999999999  5.551115123125783e-17 -2.775557561562891e-17                      0                      0
-2.775557561562891e-16                      1   3.05311331771918e-16   3.33066907387547e-16 -4.440892098500626e-16
 5.551115123125783e-17 -5.551115123125783e-17     0.9999999999999999                      0                      0
-2.220446049250313e-16                      0 -1.665334536937735e-16                      1                      0
                     0 -1.110223024625157e-16 -2.220446049250313e-16                      0     0.9999999999999996
