6
2

 0.135607020564937
0.1614579347264759
0.1626313284930255
 3.070527212821559
 6.734200901719059
 22.09917478255937

   0.5964969389655609   -0.6613962783283193   -0.3006196522533953   0.02601891951462791    0.3401419110561185 0.0008280504789057952
  0.01754497458313551    0.3758969610255459   -0.8045793272331712    0.4570978114068301  -0.04590546688600262  0.000183479474772076
  0.04411741503210472     0.394102782297739   -0.2492663359750829   -0.7120071701792549    0.5231141653743093 0.0005513834348921938
   0.4546671163855528    0.1277849332961657  -0.07220859963191925   -0.3091622211090405   -0.5904248363595684     0.572321566855592
  -0.6098574977559557   -0.3771452160112381   -0.2348117578970284  -0.06674144717655194    0.1321618366558269    0.6393571654283123
   0.2515728027251139    0.3276765654616151    0.3738924726577504    0.4282460700525003    0.4924220750325327    0.5134875030333536

90.69846391773831
131.5272815512246
156.3773308929943
  185.58247729869
220.0532337598497
262.8307998906785

 3.992866987286762
0.1223749127430142

  -0.04377600146371605   0.006913587519949818    0.00986191850556312    0.01235857640074258    0.01455228939191963  5.980249778862919e-05
     1.977416735401701    -0.1403919371253879    -0.2120812980683145    -0.2794844723625036    -0.3437786558796855 -0.0007805216398742362

-0.0005218525314776066 -2.927220358608744e-05 -7.542493222764369e-05    -0.3027448740554177      1.038986327346874      3.628104693236471
    0.0222864544332837   0.001058035541723709   0.002748929808725017       11.1758808904045     -51.26644845307618      40.43361995698932

cov:
49.73087033676276 51.23057679160542 52.11761893459484 53.13519102303029  54.3179192272838 47.85868800276845
51.23057679160542 59.05783654715469 63.75571630573261 69.29737339492991 75.83072503964878 71.92704286393845
52.11761893459484 63.75571630573261  70.8422140953237 79.11352391879264 88.90612342664774 86.56450504109063
53.13519102303029 69.29737339492991 79.11352391879264 90.68714121249226 104.2978799781935 103.7894930572768
 54.3179192272838 75.83072503964878 88.90612342664774 104.2978799781935 122.5087590953732 124.1325973951095
47.85868800276845 71.92704286393845 86.56450504109063 103.7894930572768 124.1325973951095 150.3952108101127

cov.inverse():
     19.4643674349923    -20.53210412063735    -10.70869022140772  -0.04981220542438564     11.84493757261385   0.04716925640971235
   -20.53210412064333     35.08573070022103    -4.502379783623685    -4.957305084509355    -5.109729878861408    -0.016136084691473
   -10.70869022140074    -4.502379783635064     32.09806233571437    -7.819838887092851    -9.069511446549138  -0.03169664835853352
 -0.04981220542202301    -4.957305084510591    -7.819838887095901      27.2296237692203    -14.38632202217906     -0.02971240031092
     11.8449375726105     -5.10972987885479    -9.069511446550498    -14.38632202218098     16.75650599121462 -0.007561308995859094
  0.04716925640968857  -0.01613608469144099  -0.03169664835852528   -0.0297124003109285 -0.007561308995867121   0.04434587152919143

cov*(cov_.inverse()):
     1.000000000000099  4.279909759929978e-13  2.664535259100376e-14  4.019007349143067e-14  -2.21767049168875e-13                      0
 4.529709940470639e-14      1.000000000000074 -7.460698725481052e-14 -7.238654120556021e-14 -9.736655925962623e-14  4.440892098500626e-16
 5.710987238671805e-13  -3.97459842815806e-14     0.9999999999995941  3.730349362740526e-13 -1.606492716632602e-13 -4.440892098500626e-16
 4.076738946423575e-13  9.725553695716371e-14  2.073896609999792e-13     0.9999999999999383 -3.586020369539256e-14  8.881784197001252e-16
 2.424727085781342e-13  4.440892098500626e-14 -1.514344205588714e-13   2.69562150378988e-13     0.9999999999999684                      0
 7.549516567451064e-14 -9.414691248821327e-14  2.664535259100376e-15 -5.773159728050814e-14   -4.6074255521944e-13      1.000000000000001
