5
2

0.3609785287707583
  1.05593564779113
 1.569740943763955
 2.083050547569345
 2.859548042050996

  0.6564843311600965  -0.7443682449579067  0.03538914881757142   0.0778569108388617  0.08735072077644276
 0.08018519679844595  0.06154917084870804  -0.9328086811200211 -0.04799256514815596   0.3425590633742702
 -0.3243627214709729  -0.1745358760254708   0.2874681655254018 -0.05441120242074592   0.8824553970374674
 -0.6440137821095295  -0.5668337942741751  -0.2073902137348007   0.3935525440428787  -0.2570046545223134
  0.2064793707095178   0.3006065420360751  0.05446949265036541   0.9131214767234621   0.1739086526694129

77.30319799407084
112.3684965421796
157.7719812327594
186.6426975933578
257.7085750512984

 2.484510673321922
-11.52686398703925

  -0.07039996238577836    0.07067463639066474  6.068293366286463e-05 -1.412200513877145e-05 -3.678308769782066e-05
     3.529980911566749     -2.534721094576826  -0.002836016585479064  -0.001426725043107875 -5.024622626285773e-05

-0.01287764834592458 -0.00152041163353729  0.02583746912658207  0.02286308174998405  0.05472983661353651
  0.5477948305100161   0.1446589447562546   -1.733180440655678   -3.629878954303783   -0.282528084434893

cov:
  2.470850991875473   2.172848726773283  0.3613719293590786  0.4877994664985911  0.3445987112568135
  2.172848726773283   2.284552332129445  0.4528951327575531   1.289105087758601  0.6951113645572169
 0.3613719293590786  0.4528951327575531   1.384875861007474 0.06428285338130069  0.5779311684226621
 0.4877994664985911   1.289105087758601 0.06428285338130069   7.500628683775784  0.7238712411238623
 0.3445987112568135  0.6951113645572169  0.5779311684226621  0.7238712411238623   2.584598940776992

cov.inverse():
  3.456657831570203  -3.631034825190783  0.1055243569028082  0.3606032536415457  0.3910848923143602
 -3.631034825190783   4.353051709016838 -0.2449192817981644  -0.461394462564753  -0.502619227569465
 0.1055243569028082 -0.2449192817981645  0.8338107504496307 0.04222008462806107 -0.1464693425181129
 0.3606032536415457  -0.461394462564753 0.04222008462806108  0.1874488510849647  0.0140710351988271
 0.3910848923143599 -0.5026192275694646 -0.1464693425181129 0.01407103519882706  0.4987514880756549

cov*(cov_.inverse()):
    0.9999999999999999  6.106226635438361e-16 -6.938893903907228e-18 -1.474514954580286e-17                      0
-7.216449660063518e-16      1.000000000000002 -5.551115123125783e-17 -4.683753385137379e-17 -1.665334536937735e-16
-1.110223024625157e-16  2.220446049250313e-16                      1 -5.204170427930421e-18  5.551115123125783e-17
  3.33066907387547e-16 -4.996003610813204e-16                      0     0.9999999999999999  5.551115123125783e-17
                     0  2.220446049250313e-16 -1.110223024625157e-16 -7.632783294297951e-17                      1
