5
2

0.2140719283566712
 1.058806372883759
 1.316927140840333
 1.722193752578792
 2.632248332682912

  -0.7145455343361012    0.6984727416877837   0.00246699142034404 -0.009519367742396211  -0.03825969250535122
 -0.03713302807581562  -0.05754887124192519    0.9554347934351368  -0.05485586009305247   -0.2818589288131743
  0.08714449037172783    0.0510166523638488   -0.2109112921991734    0.4996361804736799   -0.8340762872567385
  -0.5215397351311956    -0.510382545008516   0.06497191931417784    0.6240707283062623    0.2716989845432562
   0.4565610146118382    0.4957125330977099    0.1960442449305676     0.598163547438492    0.3867662718126601

   112.3595030749
129.2481125019863
157.7689887324036
217.4185693325032
257.7104913963129

 2.484620745251948
-11.53824540986486

   -0.1287882922059845     0.1290104569938356 -9.270411064147329e-05  0.0003526081445629223   0.001005692373665598
      7.47666951409293     -6.479638503193429   0.005640135814622201   -0.01750572460284082   -0.05313757567008268

  0.00834475260703863 -0.003400752582502432 -0.009165074203126067  0.005370748467511598   0.03973002554756053
  -0.4521297776460861    0.1307066431498121    0.6163099084114143    -1.830827275834386     1.188973136887379

cov:
 2.289143985293341  2.344856802623015 0.4479312622314972   1.00498030487022 0.6901399336386806
 2.344856802623015  2.505789102746701 0.4947693571339588  1.157229585716152 0.8602829588902943
0.4479312622314972 0.4947693571339588  1.379338587859179 0.6912527695947279 0.5809011430642705
  1.00498030487022  1.157229585716152 0.6912527695947279  4.070550737028148  1.400471786137156
0.6901399336386806 0.8602829588902943 0.5809011430642705  1.400471786137156  2.551055013457516

cov.inverse():
   11.26881773665458   -10.76392275130482 -0.07921729711405652   0.1050287791730566   0.5416918717894292
  -10.76392275130482     10.7735762387212 -0.01480403752760786  -0.1921719229595679  -0.6122878826389977
-0.07921729711405666 -0.01480403752760773   0.8470234499796147 -0.07742968304483162  -0.1239456306243756
  0.1050287791730576  -0.1921719229595688 -0.07742968304483164   0.3315542620862123  -0.1279924269387792
  0.5416918717894282  -0.6122878826389966  -0.1239456306243756  -0.1279924269387793   0.5504183848592914

cov*(cov_.inverse()):
     1.000000000000002 -2.164934898019055e-15  5.551115123125783e-17 -5.551115123125783e-17  -3.33066907387547e-16
-3.608224830031759e-15                      1  5.551115123125783e-17 -2.775557561562891e-17 -4.440892098500626e-16
-4.440892098500626e-16 -6.106226635438361e-16                      1                      0 -5.551115123125783e-17
 6.661338147750939e-16  1.110223024625157e-16                      0                      1  -3.33066907387547e-16
-1.332267629550188e-15   1.77635683940025e-15  1.110223024625157e-16                      0     0.9999999999999999
