5
2

0.1444917739878089
0.1514317004673964
 2.275605191007576
 7.178425096117257
 38.53396099921763

    0.4386779653870685    -0.8108251463348601   -0.01376425532594979     0.3872121360346532   0.001237633919116464
  -0.09074479275474522    -0.2836585023986096     0.8356725633309354    -0.4614698021538555 -0.0004745533285572225
    0.5915637439031368    0.02235561883872468    -0.2783691087692722    -0.6345884629987748     0.4115345491176842
     -0.63110317637657    -0.3787596244634884    -0.2458188590364395   -0.08887405157114232      0.624439283792295
    0.2260268633115724     0.3437176301423096     0.4044077645103393     0.4759320003884434     0.6638622890335699

84.10588201420302
  132.43618719236
   157.3815888199
186.7664177593901
264.0638069632229

  3.704308198300258
0.06926682716276912

  -0.04164773085374594   0.002159236418779836    0.01227365963510713    0.02719509680590333 -0.0002437052242906523
     1.922852199325463   -0.01032796510599784    -0.2696725816213827    -0.6423612399134981   0.005640576180597073

-0.0002016734215747241  2.004193692249705e-05    -0.2349099751797358      1.024410570318961      13.47286623546924
    0.0126702761405486  -0.002304382117787141      8.400799292464214     -55.79152000180845      29.74626060416534

cov:
 98.1992839266881   127.73752867302 142.8667628577491 160.6829100352741 203.7587567020097
  127.73752867302 182.8353366794998 211.1597982848436 244.5612135311468 326.6786903299528
142.8667628577491 211.1597982848436  246.374458181943 287.8246456466072 390.1405905358517
160.6829100352741 244.5612135311468 287.8246456466072 338.8392889264279 464.9363058067165
203.7587567020097 326.6786903299528 390.1405905358517 464.9363058067165 675.3697578532292

cov.inverse():
   9.651773228991299   -15.90701260182006   -3.624861596777877    9.890751006005511  0.06734850025204836
  -15.90701260180925    35.00142975291063   -9.801835983746143   -9.331687753279096 -0.04485485236929251
  -3.624861596797931   -9.801835983708751    30.47892475043285   -17.03750841199576 -0.04303012579727796
   9.890751006014796    -9.33168775330577   -17.03750841197837    16.54603375605266 -0.01879238898799997
 0.06734850025201805 -0.04485485236926958 -0.04303012579721577 -0.01879238898805498  0.04065230939546097

cov*(cov_.inverse()):
    0.9999999999997744  1.261213355974178e-13  4.405364961712621e-13  2.935429677108914e-13                      0
 3.055333763768431e-13     0.9999999999999343  1.882938249764265e-13  6.616929226765933e-13  -1.77635683940025e-15
-8.526512829121202e-14 -2.060573933704291e-13      1.000000000000423  5.826450433232822e-13                      0
 6.679101716144942e-13   1.06581410364015e-14   1.70530256582424e-13      1.000000000000041                      0
 2.344791028008331e-13  5.790923296444817e-13  -1.06581410364015e-13  4.387601393318619e-13      1.000000000000004
