5
2

0.06134299230642162
  1.349913092383355
  2.216446474230285
  4.907482891395467
  7.918837493923402

   0.1738974421556996   -0.7783564675798499    0.6032582672452522 0.0004698251281443396 0.0003622884605606179
  -0.3808166035492015       0.4583508945141    0.7015490597137461   -0.3089137610169732   -0.2393624386333044
   0.1586990493207207  -0.00858441740422378  -0.05655921966368974   -0.7917399405739161    0.5871029217212063
  -0.8124445824010201   -0.4209759075969629   -0.3087155352120637   -0.2281372407435048   -0.1239403221506851
   0.3734793251906826  -0.08234840542163935   -0.2130825023430573   -0.4750508745436114   -0.7633180513850025

 48.7515596447258
111.2487824088023
129.1198393662074
155.1578926461604
187.0219680350013

  2.26592527430039
-2.467597287666771

  -0.03524509471577865    0.03170363293676938    0.00349269631221085   3.32120318620021e-05 -8.174447426487902e-06
      1.78541870141199    -0.6627666346957501    -0.1210387162687382 -0.0007869976437883675   -0.00025121641643433

-0.0001079923221478523     0.0553883032859367   -0.02993837841419994     0.3420661721449973     -1.036426826374192
  0.002834754105575642     -1.946740872313001      1.455884816352564     -27.30978578035323      46.88999791616816

cov:
  25.0316751565286  5.983105708811459 0.5194962336702241 -7.064821684969179 -14.82811607797658
 5.983105708811459   5.07878782969312  4.816835906020976  4.541463704810418  4.973587616966918
0.5194962336702241  4.816835906020976  6.056428128689117  7.868870899446732  10.65179096688675
-7.064821684969179  4.541463704810418  7.868870899446732  18.65836933683348  21.27100709097753
-14.82811607797658  4.973587616966918  10.65179096688675  21.27100709097753  38.70477842558285

cov.inverse():
   8.150647706470451   -36.05246671138482    27.73902631319575  0.06555893551012458  0.08536511351436198
  -36.05246671138483    161.1232469319796   -124.5997555498643  -0.1688871060285956  -0.1330016028342706
   27.73902631319577   -124.5997555498644    96.98659297720782  -0.0299540621384521 -0.03664815124302558
 0.06555893551012196  -0.1688871060285839  -0.0299540621384613   0.1857861653781681 -0.04704080947667328
 0.08536511351435554  -0.1330016028342418 -0.03664815124304795 -0.04704080947667328   0.1115694999702368

cov*(cov_.inverse()):
     1.000000000000033 -6.861178292183467e-14  1.773026170326375e-13                      0  2.220446049250313e-16
 1.815214645262131e-14      1.000000000000015  3.747002708109903e-14  2.775557561562891e-17                      0
 1.587618925213974e-14 -9.103828801926284e-14      1.000000000000144   3.33066907387547e-16                      0
  1.13242748511766e-14 -2.335909243811329e-13   6.59472476627343e-14                      1  4.440892098500626e-16
 9.325873406851315e-15 -1.385558334732195e-13  1.496580637194711e-13  8.881784197001252e-16                      1
