6
2

                  nan
                  nan
 3.08975091044307e-08
1.285079662048063e-06
3.311035549133897e-06
    295.8335986140031

                    0   -0.5425030067280675    0.1922090202670158   -0.2034703290504631    0.6685214587936695   -0.4247647166932306
                   -0     0.239990603150865   -0.2011490872876177   -0.6635384634048399    0.3997293926511976    0.5494330489838514
  -0.9999722215163562 0.0003112390286269738  0.002378769496101222  0.004728628300725234  0.003489968446761724  0.003906529947285988
                    0   -0.2885631988795273      -0.8921447193063    0.3066271610823149    0.1528496022133281   0.05853087438373709
                    0    0.7503883282935615   -0.1575433681498601    0.1477237052285917    0.3881973224464368   -0.4894670465636531
 0.007453602863272005   0.04175569702167938    0.3191347139264503    0.6343907816582537    0.4682126972348932    0.5240984127363194

40.25690363534402
83.57469301862008
228.4547133738796
 342.147625377892
327.1838213037353
377.3912469727073

 2.439964797375706
-13.10051679611206

 -0.009253003899061963  0.0001044938250901618  -0.001628238431586468  0.0002291330266256158 -0.0002897448177073677  0.0008396713787788987
    0.4323011352956836  -0.004881960465016673    0.07607143908998583    -0.0107051146443407    0.01353690271908716    -0.0392295187899152

 4.522355143327571e-15 -1.130588785831893e-15  8.832724889311662e-18  2.473162969007265e-15 -1.695883178747839e-15     -11.76798143983175
-2.112848199349593e-13  5.282120498373982e-14 -4.126656639354674e-16 -1.155463859019309e-13  7.923180747560973e-14      549.8011015745418

cov:
4.862140356059177 27.23811065718143 208.1782193209089 413.8263169629725 305.4248921233427 341.8803080679808
27.23811065718143 152.5901388774781 1166.231527481822 2318.289104970891 1711.015396490141 1915.241638605136
208.1782193209089 1166.231527481822 8913.393655042604 17718.45719470488 13077.12355511942 14638.00477618499
413.8263169629725 2318.289104970891 17718.45719470488 35221.57076311563 25995.31254968933 29098.10461428336
305.4248921233427 1711.015396490141 13077.12355511942 25995.31254968933 19185.86422794336 21475.88275205425
341.8803080679808 1915.241638605136 14638.00477618499 29098.10461428336 21475.88275205425 24039.23714357597

cov.inverse():
  2595835322603928  211193201471292.5   7889334714873.84 -2823938645979.403  -25299368861947.7  -32527553435893.3
   281474976710656                  0      4398046511104 -2273599853086.837     -4398046511104                  0
   -35184372088832                  0                  0  7641479420.633911       549755813888                  0
    52776558133248      4398046511104       274877906944  -415006593826.795      -549755813888      -274877906944
   -35184372088832     -4398046511104      -274877906944  208311963225.2582       549755813888       274877906944
   -70368744177664     -4398046511104      -549755813888   532891622906.241       549755813888       549755813888

cov*(cov_.inverse()):
      0     0.5       0 -0.0625 -0.0625       0
    -16       0   0.125   -0.25       0   0.125
    128      -8       1      -1      -1      -1
   -256      16      -2      -2      -2       2
      0      16       0      -4      -2       0
   -256       0      -2      -4      -4       2
