6
2

0.03498934414225058
 0.7350915784386839
  1.051221470840952
  1.328317032069243
   2.14113805148745
   2.85852207346763

  -0.4214954290922213    0.8161607477782253   -0.3952482267337208 -0.001157717191132915 0.0004734628686562806 0.0007154216367235915
  -0.5975520163879827   0.06325770046423257    0.7675262898894201  -0.04497174533879684  -0.07548937785066077   -0.2052129170498701
  0.01880621916516228   0.02921599099636478    0.0436732012033014   -0.9490901311159158   0.05631059291021717    0.3048646316513965
  0.07091881096664011  -0.01571810994185818   -0.1081629426590615   -0.2201175957914459    0.5731585924195933   -0.7784996551475476
  -0.3910498264390159   -0.2400056884149426  -0.07736738325627127    0.1750574996130047    0.7304611930610778    0.4682658518828725
    0.554048799817151    0.5207463235938308    0.4848607541681388    0.1345631475653639    0.3592296203796529     0.199022818067127

44.36774868125377
77.28568283813942
112.3558219709685
157.7747170229411
217.4225766309536
257.7094522904034

 2.484351045085119
-11.52677426390948

   -0.0435118545517085    0.01401731886670196    0.02970167373131428 -6.797016386210915e-05  8.863185840178654e-06 -1.631242917791401e-05
     1.897437812117892    -0.1515946997654582    -0.7489826292163573     0.0034261444549918 -0.0006317167275901037  -0.001513202568901875

 2.208673408744843e-05    0.02685038911540646   0.001048088664957487   -0.01144409354639567    0.05198820354244763   -0.01974359059234605
-0.0007681684618385463    -0.9283740701712432  -0.005751254127064774     0.3846815627552721     -2.971804140268116       4.97713980815092

cov:
  3.411783189591919    2.76559617570207   2.073517978801287   0.262614747376506  0.4140351849536875 0.03671491591551179
   2.76559617570207   2.484260398996093   2.178506436440296  0.3538876676180638  0.7081727986957989  0.3560478307852979
  2.073517978801287   2.178506436440296   2.289661654821568  0.4485833203246238   1.026158687877133  0.7005898979267026
  0.262614747376506  0.3538876676180638  0.4485833203246238   1.370444208383428  0.7013860098155031  0.5822347622124591
 0.4140351849536875  0.7081727986957989   1.026158687877133  0.7013860098155031    4.08682282165203   1.392362356032301
0.03671491591551179  0.3560478307852979  0.7005898979267026  0.5822347622124591   1.392362356032301   2.523724927921343

cov.inverse():
   145.8505028712514    -281.008256011578    135.2661361270034   0.4175119900493256 -0.09348210553801728  -0.0719280033861623
  -281.0082560115779    544.1554207077905   -263.3690823751211  -0.8007881354702878   0.2878368172281815   0.4560835470260586
   135.2661361270034   -263.3690823751212    128.7337924874077    0.290904299247871  -0.2840032307054862  -0.4587774413433782
  0.4175119900493267  -0.8007881354702904   0.2909042992478721   0.8563277255133541 -0.08022253128522436  -0.1271531559540548
-0.09348210553805825   0.2878368172282609  -0.2840032307055245 -0.08022253128522443   0.3319641569075897  -0.1250483909916923
 -0.0719280033861691    0.456083547026072  -0.4587774413433847  -0.1271531559540548  -0.1250483909916923   0.5586241820753953

cov*(cov_.inverse()):
    0.9999999999999755 -1.207436928218897e-13 -2.118444308862877e-14  1.994931997373328e-16  3.469446951953614e-18 -6.938893903907228e-17
-4.451647384051682e-14     0.9999999999999203  1.060818100029337e-13  4.926614671774132e-16 -1.665334536937735e-16                      0
-4.345135362626706e-14 -2.259303855112194e-14     0.9999999999999671  2.359223927328458e-16 -2.775557561562891e-17  2.220446049250313e-16
-3.011479954295737e-15  1.554312234475219e-15  7.327471962526033e-15     0.9999999999999999  -9.71445146547012e-17  5.551115123125783e-17
 2.434163981490656e-14 -6.583622536027178e-14  2.997602166487923e-14 -2.775557561562891e-17                      1  2.220446049250313e-16
 6.550315845288424e-15 -1.199040866595169e-14  1.576516694967722e-14  1.110223024625157e-16                      0                      1
