6
2

0.03453476496985902
0.06930284631873289
  1.022262548810832
  1.341292934033316
  2.118335327418221
  3.159047456584652

  -0.3967307761456149    0.7952113704552956   -0.4551022810675066   0.05590228244796105 0.0003863248596574383 0.0005166186919801565
   0.3008884277066662   -0.2725188873684932   -0.6609472180681801    0.6311476572457553 0.0007647706238261405 0.0006594745408157052
  -0.5772810089641378   -0.1281154111172121    0.3510955616210104    0.5880585752705605  -0.04391715054703057   -0.4234659144160609
   0.1991160811637643   0.03976398109318713   -0.1308277985639586   -0.2146763096479919    0.5772254579413363    -0.749920363727275
  -0.3795902204476782   -0.2272933737971255  -0.06319781130229675   0.01522468239040717     0.756964346046357     0.476474775067606
   0.4848520730933549    0.4729855407894184    0.4600572997732141    0.4543093359629456     0.303127529739302    0.1768252083772362

44.36201919675637
77.28373187666001
112.3563076301391
129.2464376639568
217.4227345133946
257.7088156767205

 2.484395895607872
-11.52830868829696

  -0.04294738278443878     0.0137855804322939    0.02761089288842732   0.001761876010455932  6.598854989193532e-06 -3.080599636707355e-05
      1.87108528443651    -0.1410983247178501    -0.6492156059089337   -0.08377381728003966 -0.0004338223813648012 -0.0008753452574754433

 1.852626479097107e-05 -0.0001624170115632162    0.03528979255969347   -0.02152932241030825     0.0513407332702161  -0.008015248006686761
-0.0006723497223412696   0.004695600358051232     -1.399153190349078      0.846061985595436     -2.868161903704007      5.024122361401055

cov:
   3.41279815567047   2.766520712059666   2.074279789777236   1.741522617053702  0.4106126017308602 0.03081219677938467
  2.766520712059666   2.485519604300912   2.180087986894606    2.03403964403058  0.7059335085794618  0.3517192366400183
  2.074279789777236   2.180087986894606   2.292083254650615   2.345751891748325   1.025068663813041  0.6978468238322719
  1.741522617053702    2.03403964403058   2.345751891748325   2.507005617125635   1.176118758244371  0.8636451684628793
 0.4106126017308602  0.7059335085794618   1.025068663813041   1.176118758244371   4.089658052170137   1.394048835144206
0.03081219677938467  0.3517192366400183  0.6978468238322719  0.8636451684628793   1.394048835144206   2.529943696512564

cov.inverse():
   151.2175717021978   -281.4794639919834    109.8007709695859    20.61626536662428 -0.04175782717708382 -0.01132363992368381
  -281.4794639919793    545.7285946916705   -265.9623611866086    1.405589917600406   0.2083596198911256   0.3266280130509156
   109.8007709695744   -265.9623611865899    264.7676695247075   -107.9529503599438  -0.3060781938906564  -0.3741860316410253
   20.61626536663193    1.405589917585575   -107.9529503599367    85.93672819279107  0.04138279216522744 -0.02826609805321903
-0.04175782717707241   0.2083596198911083  -0.3060781938906605  0.04138279216523739    0.324192456416298  -0.1367943112067992
-0.01132363992367049   0.3266280130508972  -0.3741860316410348 -0.02826609805320437  -0.1367943112067991   0.5382340783288477

cov*(cov_.inverse()):
      1.00000000000001 -2.160684825502912e-13   7.27681803702751e-14 -1.174884842192192e-14 -2.949029909160572e-17  2.775557561562891e-17
 4.788010266043585e-14      0.999999999999875 -6.292188992063075e-14  9.702308401138282e-15  1.040834085586084e-16  8.326672684688674e-17
-1.194530585557629e-14  8.471001677889944e-14      1.000000000000015 -2.772435059306133e-14  1.665334536937735e-16  1.665334536937735e-16
 1.865174681370263e-14  6.605826996519681e-14  3.058664432842306e-14     0.9999999999999443  5.551115123125783e-17 -5.551115123125783e-17
 1.585190312347606e-14 -3.641531520770513e-14  9.214851104388799e-15 -6.918077222195507e-15                      1 -1.110223024625157e-16
-4.891920202254596e-16  4.996003610813204e-14 -1.498801083243961e-14  1.054711873393899e-15  2.220446049250313e-16                      1
