5
2

0.2750752671307299
 2.406621885908661
 2.512519039156706
  8.12588373696031
 11.02038020857315

  0.6311182723029467  -0.7716588860689165  0.02309481088236697  0.05242750308945682  0.05431644821171724
-0.08700937111925534 -0.07667835141610051    0.568241629239802  -0.7221378423820513   0.3770519687791476
 -0.2623429834650183  -0.2151231440833869   0.6829805011607635   0.2899651131184472  -0.5782352982262067
 -0.7174570107378525  -0.5645811320072704  -0.2426602515388489   0.1157240849767895    0.306965016905643
  0.1027165637692081   0.1833934901681522    0.388872367064694   0.6150580971339957   0.6529149673386274

44.83428322109399
72.01937337838471
133.1190135589241
183.9451041330875
218.6276870576154

 2.109677730324422
-3.001775710068721

 -0.07730345699420818   0.07706457038642586 4.353470541894073e-05 9.828313109249299e-05 7.093448142977445e-05
    2.751478286813375    -1.744539194774314 -0.001099438373532009 -0.002740948491823443 -0.002321340804702306

-0.008190522890302169  0.004618701013136332   0.02347625370691385     0.790728156257697    0.7671298249622497
   0.2332342869354874   -0.6090494757949523    -2.188906702132385     -65.3628490735821    -4.972569537894231

cov:
 35.77839956590395  29.39213956892687  14.93046688573882  2.076659412992643 -5.626876913604526
 29.39213956892687  25.50313930203275  16.52631239102678  9.308893813135411  3.713515101908908
 14.93046688573882  16.52631239102678  27.06867740644469  26.06738196786049  24.66544032352867
 2.076659412992643  9.308893813135411  26.06738196786049  50.37924503216954  48.48182706015565
-5.626876913604526  3.713515101908908  24.66544032352867  48.48182706015565  60.92955236800243

cov.inverse():
    5.284122764550863    -6.419870278949991    0.1586751114917208    0.4353483108381259    0.4686251499586263
   -6.419870278949992     7.882959336717304   -0.2636600584949158   -0.5350462182217285   -0.5408541088081018
   0.1586751114917221   -0.2636600584949174    0.1388286808799286  -0.02193214308200156  -0.00802581384345186
   0.4353483108381253   -0.5350462182217278  -0.02193214308200167    0.1430002429352005  -0.03209269449676623
   0.4686251499586265   -0.5408541088081019 -0.008025813843451982  -0.03209269449676618    0.1214392416774233

cov*(cov_.inverse()):
     1.000000000000019  3.774758283725532e-14 -1.457167719820518e-16  8.326672684688674e-17 -5.551115123125783e-16
-1.998401444325282e-15      1.000000000000011 -6.696032617270475e-16  7.355227538141662e-16  -2.05391259555654e-15
  1.06581410364015e-14  3.552713678800501e-15                      1  1.443289932012704e-15  8.881784197001252e-16
  1.06581410364015e-14 -3.552713678800501e-15  3.885780586188048e-16                      1   1.77635683940025e-15
 3.552713678800501e-15 -7.105427357601002e-15  2.775557561562891e-16  8.881784197001252e-16      1.000000000000002
