5
2

0.06302660966929625
  1.131131150701182
  4.243010771373237
  7.578597448991562
  28.22606330816087

  -0.4802123235242597    0.8118215131521104   -0.3321772367090068 0.0004827682819749408 7.393242580387807e-05
  -0.4775080442080092   0.05537264054630581    0.8253101654713669   -0.1903904924602871    -0.227012179289846
   0.1484401212317046     0.110147664647216   0.05357510875635779   -0.7946018589408503    0.5758216875656655
  -0.7137447301615524   -0.5312203812790622   -0.2663024205733588   0.04201250374240345    0.3683630505444392
  0.09958003126833789    0.2086913988377081    0.3670614971643135    0.5749730972946083    0.6936883393215539

65.00104609730818
102.2239391987865
156.1016017996111
221.1497952923071
262.4952637361037

 2.922065919159742
-1.319332774270898

  -0.06698708991841175    0.05874714920032192   0.008231971655279828 -8.250875471690379e-06  5.315064878743531e-06
     2.464324905209785     -1.236018929884807    -0.2278719221073535  0.0001836908412073401 -0.0003283690862632554

0.0003063707388940316    0.0537809202178649  -0.05440666036744315    0.8278365945184073     6.859703427880901
-0.008386162711568454    -1.833721358014254     3.908783928168345    -59.83195731421616     -76.7345056575996

cov:
37.84893962315615 38.59268112126119  39.6777556678374 41.88690860811331 41.61161232352745
38.59268112126119 51.13130058049828 69.31880596475612 92.72783928518632 105.2239963689585
 39.6777556678374 69.31880596475612 112.3408513600111 166.5361307345246  197.544991687419
41.88690860811331 92.72783928518632 166.5361307345246 274.9026057460337 310.4765807329924
41.61161232352745 105.2239963689585  197.544991687419 310.4765807329924 397.2086623000699

cov.inverse():
   58.24052103877747   -98.15310982644253    39.85222858412806 0.005692788582117301  0.07604277033713581
  -98.15310982644336    165.9182889310931   -67.84775643210659  0.08532303848715436 0.005582450160779417
   39.85222858412936   -67.84775643210823    28.31134305885393  -0.1654755003328675  -0.1522906649354394
0.005692788581870882  0.08532303848756974  -0.1654755003330359  0.06390674778292996 0.009144791998755576
 0.07604277033690071 0.005582450161177107  -0.1522906649356024 0.009144791998756022  0.06166367130792262

cov*(cov_.inverse()):
    0.9999999999985203  1.179112363303148e-12 -3.739231146937527e-13 -1.110223024625157e-15                      0
-1.154631945610163e-12      1.000000000001303 -8.526512829121202e-14 -4.773959005888173e-15                      0
-1.056932319443149e-12   2.90434343241941e-13      1.000000000000124 -6.661338147750939e-16   1.77635683940025e-15
-3.375077994860476e-13  1.505462421391712e-13   1.49213974509621e-13     0.9999999999999996                      0
-9.379164112033322e-13  4.038103185166619e-12 -3.268496584496461e-13 -1.332267629550188e-15                      1
