5
2

0.3690070727435148
 2.731406012609124
 2.879310708288945
 6.125274048905309
 16.65712148112977

 0.5923188870661562 -0.7964419822918685 0.06371777682874752 0.05997415291342181 0.08474462086780597
 0.2163654724542186  0.1559192603816528 -0.2772494231471182 -0.6695535894098709   0.635378560265177
 0.2081898525541809  0.1301236310308479 -0.8350817651550299  0.4898603257830355 0.04899114889563713
-0.7278644277467093 -0.5008615827379576 -0.1659429029100663  0.1172975693985253  0.4219659736817195
 0.1709230191308256  0.2712468777140352   0.440652017764508  0.5425672615700396  0.6392628714183598

73.89920262387804
105.9099041315029
154.8782815037327
185.0252432372229
219.5477207669657

 2.156682195811031
-2.849434787163933

  -0.0674490869503854   0.06731756737729101 2.922552216409616e-05 3.663038865896326e-05 5.150793007875545e-05
    3.403442103341636    -2.397302425228575 -0.001455145303162056 -0.001842472465471333 -0.002418362804382332

-0.01273936849379003 -0.03056934848857092 -0.04382775414937415   0.5777243866333409    1.885826472388356
  0.5344288791179097    2.705968599610074    3.289730117948508   -47.93135760798359   -19.89969949609241

cov:
28.73931544127682 26.95361625644731  23.5455438684525 22.29712367270285 19.91023402144718
26.95361625644731 30.23428037403052 35.05158293149761 38.37251005494943 40.96422825297426
 23.5455438684525 35.05158293149761 61.26413090782902  63.5997581946767 73.87846158935027
22.29712367270285 38.37251005494943  63.5997581946767 87.52906564663765 95.11777974524796
19.91023402144718 40.96422825297426 73.87846158935027 95.11777974524796 123.0990610218533

cov.inverse():
   2.602297742290204   -3.446824966546056   0.2516499211050691   0.2518279774257375   0.3805012006228847
  -3.446824966546056      4.6706752571731   -0.388943329136036  -0.3581311941718303   -0.486635204761434
  0.2516499211050686  -0.3889433291360355   0.1256695183342258 0.003946313783573496  0.01025774845525926
  0.2518279774257382   -0.358131194171831 0.003946313783573565   0.1168772308413966 -0.01423273466321348
  0.3805012006228845  -0.4866352047614337  0.01025774845525931 -0.01423273466321359   0.1133617672118771

cov*(cov_.inverse()):
     1.000000000000017 -3.552713678800501e-15   3.33066907387547e-16  6.106226635438361e-16  1.332267629550188e-15
 8.881784197001252e-15     0.9999999999999929 -5.551115123125783e-17   3.33066907387547e-16   1.77635683940025e-15
 3.552713678800501e-15                      0     0.9999999999999983  1.110223024625157e-15  -1.77635683940025e-15
                     0  7.105427357601002e-15 -4.440892098500626e-16      1.000000000000002  -1.77635683940025e-15
-7.105427357601002e-15                      0 -8.881784197001252e-16 -6.661338147750939e-16     0.9999999999999982
