6
2

0.3566161143952601
 1.049988891527853
  1.31918247368897
 1.821724588658929
 2.300515317904346
 2.938935648889921

  0.6535165270522831  -0.7481202506536615  0.02616430623496796  0.07708415985276208   0.0303573411357737  0.07539318702395212
 0.07041770443266472  0.05767167448178687   -0.941803037227302 -0.04645457890189423  0.04901913577041404   0.3164829542988047
 0.04194517428519608 -0.02752349629571204  -0.2413758420777412  0.03009276373702623   0.5428356948212008  -0.8022746389895159
  0.6252523233175131   0.4834568979872534 -0.05384119412547209 -0.07593503866586351  -0.5147774452079605  -0.3188544144240701
 -0.3470754234639533  -0.3081655871383988  -0.2079223971595133   0.5567737792518092   -0.576668986418941  -0.3143194822638497
  0.2340860541328991   0.3279267057868556  0.08904815317859244   0.8217245637134024   0.3232058579345198   0.2237072553463196

77.30532764033848
112.3651715483173
157.7714692400415
186.6427014847542
217.4204500034588
257.7077260857553

 2.484437468262497
-11.52671328809463

  -0.07038268838595453    0.07066900968200092  7.619412579768859e-05 -1.273997870267825e-05 -1.229423019634066e-05 -5.585800647810797e-05
     3.529343649305392     -2.534490695395432  -0.003314385292031962  -0.001529891885716271  0.0007669227159125941 -0.0001671697179426977

 -0.01257363729644177 -0.001069442076544919 -0.008488741353062764   -0.0325911508647066   0.01403566208519524   0.05768446354637713
   0.5344397114163826    0.1163523139804516    0.3812895157685643     3.256841638792424    -2.352236577719743  -0.05440548909313547

cov:
  2.471069865746973   2.172553826718655  0.3616858301117186  0.4861492926770687  0.6905224275541501  0.3403148631962098
  2.172553826718655   2.283260156682379   0.454133167483826   1.285846017904094   1.004256942707923  0.6860578346709202
 0.3616858301117186   0.454133167483826   1.386275816684525 0.06876423058961471  0.6963238154732423  0.5835524764956186
 0.4861492926770687   1.285846017904094 0.06876423058961471   7.496669789782234  0.7506561538948189  0.6844443938080541
 0.6905224275541501   1.004256942707923  0.6963238154732423  0.7506561538948189   4.057237990943614   1.388034533674113
 0.3403148631962098  0.6860578346709202  0.5835524764956186  0.6844443938080541   1.388034533674113    2.52377445757976

cov.inverse():
   3.510650229654219   -3.721175447489594  0.07438301813124144   0.3653220100938526   0.1218042067251464   0.3549040102003899
  -3.721175447489595    4.505168859295231  -0.1917189742106977   -0.468645753630789  -0.2137434985573312  -0.4339182043435534
 0.07438301813124162  -0.1917189742106979   0.8533683501590014  0.03919885678916046 -0.07658278386554364  -0.1237426128036956
  0.3653220100938526   -0.468645753630789  0.03919885678916048   0.1876881654975867 0.007581665314353062  0.01400016751764584
  0.1218042067251461  -0.2137434985573309 -0.07658278386554369 0.007581665314353048   0.3335324802563477  -0.1261068060315625
    0.35490401020039  -0.4339182043435534  -0.1237426128036956  0.01400016751764581  -0.1261068060315626   0.5605027198256899

cov*(cov_.inverse()):
                     1 -5.273559366969494e-16 -1.387778780781446e-17 -6.505213034913027e-17  2.081668171172169e-17 -2.775557561562891e-17
-8.049116928532385e-16     0.9999999999999991  4.163336342344337e-17  -1.52655665885959e-16 -1.387778780781446e-16 -1.110223024625157e-16
 -3.33066907387547e-16 -1.110223024625157e-16     0.9999999999999998 -6.765421556309548e-17  1.387778780781446e-17                      0
-8.326672684688674e-16  2.775557561562891e-16                      0     0.9999999999999999                      0 -5.551115123125783e-17
 -3.33066907387547e-16 -6.661338147750939e-16  1.942890293094024e-16  1.040834085586084e-17     0.9999999999999998                      0
-5.551115123125783e-16  2.220446049250313e-16  1.665334536937735e-16 -1.249000902703301e-16 -2.775557561562891e-16                      1
