5
2

0.2424788353771557
 2.359807373502373
 3.416626078092025
  8.00069242555716
 9.915659170554152

 -0.6197274403233249     0.77919481773086 -0.04572431117460424 -0.05791604101125607 -0.05786497466397586
 -0.3107513782572184  -0.2194607388491732   0.7155239042096299   0.3065583887812846  -0.4993175961123804
0.002332529012061795  0.01486078665953337  -0.5150228447171646   0.8224414401918289  -0.2410710750025763
  -0.677852778197213  -0.5018619294835043  -0.1244604768175602  0.08424510650927833   0.5158125304458975
  0.2447072761898736   0.3043126367407393   0.4529855284686273   0.4681458383301472   0.6505042299261348

44.82415469994023
72.00025198934208
133.1178042033586
 154.492695882026
218.6062024853109

 2.108866363192777
-2.993499153403144

 -0.07703023967302385   0.07669261865726015  0.000104350382758172 0.0001239691774613631 0.0001092089672213433
    2.743314836337699    -1.733463215223043 -0.002870479820137925 -0.003548819823886648 -0.003387453822974562

0.006319273397466445   0.0398961806199919   0.0114623360334206   0.8820626896162745    0.458666016257572
 -0.1793442328683278   -2.636842775246663  -0.2332972045883053   -63.45375978185283    13.63005774794136

cov:
 35.86006670481183  29.44928636089179  15.04848754639313  7.102053526867367 -5.870616853023594
 29.44928636089179  25.53372362102361    16.585748167846  11.06599548294683   3.45857200237194
 15.04848754639313    16.585748167846   27.1139636107762  16.45605922002384  24.32247930356897
 7.102053526867367  11.06599548294683  16.45605922002384  30.42172050003975  29.55650695690532
-5.870616853023594   3.45857200237194  24.32247930356897  29.55650695690532  60.70272222145148

cov.inverse():
    6.557243001868449    -8.194627110575732    0.4443619477019944     0.593782958416722    0.6338864773258296
   -8.194627110575732     10.33983723025612    -0.632438657503667   -0.7777792512569071   -0.7495161979496416
   0.4443619477019942   -0.6324386575036668    0.1525484069872864   0.05013711035179293 -0.006527218797956509
   0.5937829584167217   -0.7777792512569066   0.05013711035179291    0.1342102144893842   0.01630295614118547
   0.6338864773258297   -0.7495161979496417 -0.006527218797956475    0.0163029561411855    0.1151589224658105

cov*(cov_.inverse()):
    0.9999999999999787  4.440892098500626e-15  1.124100812432971e-15 -1.915134717478395e-15 -2.442490654175344e-15
-1.021405182655144e-14      1.000000000000036 -3.122502256758253e-17 -2.171873791922962e-15 -1.998401444325282e-15
  1.77635683940025e-15  3.197442310920451e-14      1.000000000000002 -9.436895709313831e-16 -2.220446049250313e-15
                     0    1.4210854715202e-14  5.828670879282072e-16     0.9999999999999997 -8.881784197001252e-16
   1.4210854715202e-14   -1.4210854715202e-14  1.609823385706477e-15  1.332267629550188e-15      1.000000000000001
