5
2

0.05409778198215006
0.08944232724383959
  1.026607384616624
  1.339339815113954
  2.680907939765507

   0.6215210186643761   -0.7569864956899182    0.2015925148990887  0.001603722591738573 -0.006399586861887908
  -0.1285015508332265    0.1302649579693447    0.8707641511092383  0.009778710119957769   -0.4562812314024081
  0.04647873331307265    0.1493461312615522    0.4458993214840637  -0.06112322193794742    0.8791889485581558
  -0.7702707449924069   -0.6213641595270072   0.04517561141091748   0.04967272240053171    0.1268122448626609
  0.04149315064328466   0.04005996007043879   0.01622375768339285    0.9968442091377578   0.05207619844032763

26.29644833215347
49.38384479225241
133.7123890996661
155.2191710425492
181.2641341188708

  1.77440963887752
-13.43104538285588

  -0.0557609855975059   0.05107846029176474  0.004485017597645537 8.018741467579138e-06    0.0015870857160082
    2.075484870296682    -0.901723069890897  -0.09050735581670155 -0.001588926000421216  -0.08324063728155283

-0.0002119665703203998  0.0001360021694184095   0.008886038612629368    0.02083894531922918 -0.0007481315040383327
   0.00572095918282664  -0.003400057411006857    -0.1598244728471952     -1.889102343311256     0.3062370950579826

cov:
   1.080224093727332   0.8763126912103539 -0.03626855699375355   0.2256454133290081  -0.1161662293157676
  0.8763126912103539   0.7294402595846083  0.02496248590307818   0.2220325822715665  0.01156848919248404
-0.03626855699375355  0.02496248590307818   0.2212848559022173  0.09160646302346971   0.4263356679795168
  0.2256454133290081   0.2220325822715665  0.09160646302346971     7.15034027472654     0.32773160273873
 -0.1161662293157676  0.01156848919248404   0.4263356679795168     0.32773160273873   0.8646582599740821

cov.inverse():
  134.3906963109135  -162.5813977793711   28.82598973989021  0.1652415858851074   5.954698343036924
 -162.5813977793711   198.1598588034468  -37.91740328469142 -0.2759009480114093  -5.693480803270526
  28.82598973988997  -37.91740328469113   108.8558410465979   1.152488975580473  -49.73014559761911
 0.1652415858850954 -0.2759009480113948   1.152488975580471  0.1560103603704686 -0.6014970973770424
  5.954698343037038  -5.693480803270666  -49.73014559761908 -0.6014970973770417   26.78105946146105

cov*(cov_.inverse()):
    0.9999999999999878 -1.942890293094024e-14  -1.77635683940025e-15  1.387778780781446e-17 -4.440892098500626e-16
-8.507083926190262e-15     0.9999999999999906  7.771561172376096e-16 -4.683753385137379e-17  1.554312234475219e-15
-1.332267629550188e-15 -8.881784197001252e-16                      1 -5.551115123125783e-17                      0
-4.440892098500626e-16 -8.881784197001252e-16                      0                      1   1.77635683940025e-15
 8.881784197001252e-16   1.77635683940025e-15                      0                      0                      1
