5
2

                  nan
                  nan
2.602568362062852e-08
   0.2904653498952357
     2.32397968952357

                   0   0.6222505682975962  0.08460724658055575   0.6791247073706678  -0.3800466759729397
 -0.9057310849907864  -0.0154891582538663  -0.4194723027776221  0.05527775610879405 -0.01996608474425379
                  -0   0.7763746593178569  -0.1154471717052207  -0.5885194090914891   0.1938020743876373
 -0.4190531526502428  0.04673009656841878   0.8875341021992448 -0.05393239368671369   0.1777224456088757
 0.06360547881515333  0.08730980857666033  -0.1258561440976999   0.4318219581634398   0.8865784611819497

32.45825933821834
 60.4673458775965
128.5015556171852
158.1303773184911
215.2246926990365

2.075431582203335
-13.8324712117513

 -0.1028984191618783    0.211557601102188 -0.01570676463913502   0.1250115879868121 -0.07799810010937806
   5.447747538679769   -12.69754723537743    1.187623846269984   -7.459540136129404    4.812229812372765

-6.917749952393285e-17 -5.580521591927614e-18  5.240775288685742e-17   0.001557602128751066   -0.00683613122820562
  4.15182128235681e-15  3.053525761001674e-16 -3.164824610898209e-15   -0.04763913396057563     0.7217872515910786

cov:
 0.03666597488424429  0.02834099067143882 -0.07461408421988881   0.1502487334167696   0.2982789736384746
 0.02834099067143882  0.04135517404902223 -0.05584824389504483   0.2034129826341551   0.4187667115127675
-0.07461408421988881 -0.05584824389504483   0.1520084760056731  -0.2975626550486088  -0.5893295431444341
  0.1502487334167696   0.2034129826341551  -0.2975626550486088    1.007348898439892    2.066886681686004
  0.2982789736384746   0.4187667115127675  -0.5893295431444341    2.066886681686004    4.247873193428994

cov.inverse():
-9.791649167125613e+16  7.804427619325232e+16 -5.064556144097485e+16 -1.185549878516734e+16      -2076066515355933
 2.265247996585649e+17       3662772410784217  1.044378886362318e+17 -1.694069698903429e+16       6464741537306519
-6.424027571794608e+16  4.084149979419089e+16  -3.23529747200333e+16      -4254322895228218      -1933884831296350
-6.928785256968039e+16  2.623499118724068e+16 -3.280656226588224e+16       5273587755543311      -4838425053899675
      9345107713867192  -1.29402321396525e+16       4734669985834879     -653658986506418.9       1594400060162774

cov*(cov_.inverse()):
    1.5       0      -1  -0.125   0.125
     -2       2    -0.5 0.03125  -0.125
      3      -1     4.5  -0.125   0.125
     -8       4      -4     0.5     0.5
     -8       0      -8       1       1
