5
2

0.1084939709921344
0.1313154421182804
 1.895648311114822
 4.068005140375516
 9.271142531507724

    -0.590559137221178     0.7177917439063096     0.1890224418230864    -0.3166785171957788 -0.0003886623699192712
     0.023069374844011     0.4088916604474658    -0.8237269465220531     0.3921087763626115 -0.0001975694598236618
    0.5239334579847725     0.1872539040804888    -0.2176106671211782    -0.6830301954968511     0.4201726509488014
   -0.5565126988509402    -0.4140036427093972    -0.2435136259549917   -0.04675763312900218     0.6763205139276929
    0.2578663549411707     0.3333460388641487     0.4231916180526514     0.5265443001588808     0.6050167896373693

 109.618846279228
130.4458218185195
155.1875692505161
183.6482239787474
220.1157714006266

 3.272717197727348
-5.150862094906512

 -0.05742906154404565  0.008268332562975513    0.0194286529325038   0.02964656553809259 7.912009593533543e-05
     3.00261519786631   -0.2772128941635074   -0.6706891134321915     -1.05191233925229 -0.002681416811447554

 0.0004017915399886534 -4.006139974080529e-05     -0.190400192394781     0.3718989583465257      1.016607770036488
   -0.0207858255239434   0.001654012810071061      8.568916738402176     -22.26677543078996     -13.53477215835859

cov:
 11.8312970454725 11.54901238881588 11.21120291194686 10.81768029251208 7.972473490140938
11.54901238881588 12.52255654202447 13.64320087074217 14.94761465349722 12.98432970847908
11.21120291194686 13.64320087074217 16.55722090947053 19.86934107659843 18.95349619822726
10.81768029251208 14.94761465349722 19.86934107659843 25.54715510943734 25.82761629027678
7.972473490140938 12.98432970847908 18.95349619822726 25.82761629027678 39.66701726176107

cov.inverse():
   29.75564496636274   -35.42302594890307   -10.60771655012864    16.31620129812553   0.0595680376579754
  -35.42302594890484    53.48815904124939   -8.009616438594866   -10.04556423771791 -0.02106394585064676
  -10.60771655012531   -8.009616438599483    42.40335483693436   -23.77158857566807 -0.02922117081688591
   16.31620129812399   -10.04556423771508   -23.77158857566935    17.56915303575729 -0.07210508362507584
 0.05956803765797749 -0.02106394585064539 -0.02922117081689394 -0.07210508362507126  0.08104320972804277

cov*(cov_.inverse()):
     1.000000000000014 -4.996003610813204e-16  3.155808947497007e-14  3.375077994860476e-14 -2.220446049250313e-16
 3.497202527569243e-14      0.999999999999962 -3.136380044566067e-14  -2.19824158875781e-14 -2.220446049250313e-16
 4.951594689828198e-14 -1.175726183078041e-13      1.000000000000006  1.130207039068409e-13 -2.220446049250313e-16
 4.285460875053104e-14 -8.171241461241152e-14  5.551115123125783e-14      1.000000000000051 -4.440892098500626e-16
 4.796163466380676e-14 -7.471800955727304e-14 -7.371880883511039e-14  1.159072837708663e-13                      1
