5
2

0.1135403570516191
0.7991348157377007
 4.181855190173992
 6.135528554038089
 29.23185715478578

   -0.3805101309648369     0.8159716613645065    -0.4352025929335841 -0.0005160259282118681 -0.0008514131173603638
   -0.6127688227045935     0.1165312491667451     0.7547102288314185    -0.1259743015808772    -0.1596176172209814
    0.2142996449660405     0.1612130232005853     0.1149152217069498    -0.8228019178088284     0.4877268899580106
   -0.6264613035350806    -0.4619446630677939    -0.3194602287014243    0.02181564483261436      0.540020928626735
    0.2033428324158641     0.2850056231574999     0.3546136315755364     0.5537610411983704      0.667099219625841

102.2342657701191
131.3686912091268
156.1052073898622
221.1464273691193
262.4936747113297

 2.923386849344776
-1.354642992875586

  -0.05886850623815527   0.009042608776563665    0.04979026565694281 -5.942970881067308e-05  7.134398969445288e-05
     3.075498092928378    -0.2959038846779274     -1.776788588454174   0.001393996492838466   -0.00297944892503188

0.0001045453957136753   0.04770455547479345   -0.0936015878210233    0.6336687984230609      7.07330353799684
-0.008230426362403202    -2.081705687154416     7.075511506106315    -46.07541633732841    -77.11267278470194

cov:
51.15077670396798 60.97023716612596 69.28778890530678 92.67096414076383 105.0680009990593
60.97023716612596 77.91449378466491 92.29270271016162 132.1532462038097 154.4361354742053
69.28778890530678 92.29270271016162 111.8932186940368 165.8228985011284 196.5519228844589
92.67096414076383 132.1532462038097 165.8228985011284 273.9013994383166 309.1028143627389
105.0680009990593 154.4361354742053 196.5519228844589 309.1028143627389 395.4257154322179

cov.inverse():
   11.83241639058286   -24.18675887596181    12.12832768349969   0.1257928627827398   0.1754366878985899
  -24.18675887596167    51.67605380716929    -27.4036622563437 -0.06331739056694974 -0.08492504482944205
   12.12832768349951   -27.40366225634349    15.58757325782928  -0.1368165898768381  -0.1609924441396151
  0.1257928627827551 -0.06331739056698139  -0.1368165898768219  0.06395464060606997 0.009318293553075984
  0.1754366878986123  -0.0849250448294914  -0.1609924441395878 0.009318293553075683  0.06182141519427459

cov*(cov_.inverse()):
     1.000000000000068 -4.032330025438569e-13 -5.329070518200751e-14 -2.331468351712829e-15  -1.77635683940025e-15
 2.273736754432321e-13     0.9999999999992344  2.202682480856311e-13  -3.33066907387547e-15  -1.77635683940025e-15
 -1.20792265079217e-13 -7.496225862269057e-13      1.000000000000092 -6.217248937900877e-15 -8.881784197001252e-15
  -1.4210854715202e-13 -3.375077994860476e-13   1.06581410364015e-13     0.9999999999999938 -3.552713678800501e-15
-2.842170943040401e-14   1.84741111297626e-13  3.552713678800501e-14 -1.332267629550188e-15                      1
