5
2

0.3140927208163957
 1.308259434616934
 1.455588130602981
 5.923949160628416
 9.386509783414052

   0.491730104987726  -0.8456172171705161  0.09499618410253179   0.1458616236918781   0.1132834392728254
  0.2120284340982901   0.1200355978116152  -0.8428812749793967   0.4743960369004234  0.07165859930332322
  -0.211707475812513 -0.06432833512645238   0.2626525512570204   0.6760418235751363  -0.6519378038435384
 -0.5262237171382509  -0.1186860541779616   0.1573658768966416   0.4389143624109773   0.7011364940742885
  0.6257107887745611   0.5022932043401801   0.4321764678945327   0.3224816617324323   0.2557667377304672

 27.2893838267182
62.36445157215381
84.93803767819765
109.7703718740119
130.1219093368947

   1.2584842632815
-1.265962557609244

 -0.03574005015929109   0.03557006064272922 6.006319213249477e-05 4.758035759707411e-05 4.416388254904822e-05
    1.807719312448071   -0.8013034591903709 -0.001129465022825404 -0.002557504524329429 -0.002421564027081963

-0.004699440501454249 -0.005704782262410035   0.01122384504635294    0.5140059388887208   -0.3915224856651379
   0.1544680050737401     0.490644817897076   -0.7025902927952183    -30.15062798852349     64.02598088152999

cov:
44.40841369595984 29.91418887557623 20.50041867330238 9.548787151538665 1.476361740687464
29.91418887557623   22.827459925796 18.25378221824546 12.43657644192096 8.492885602239888
20.50041867330238 18.25378221824546 18.68830177755925 14.39641515831569 13.14587052441679
9.548787151538665 12.43657644192096 14.39641515831569 17.27876058160949 17.19257779014945
1.476361740687464 8.492885602239888 13.14587052441679 17.19257779014945 23.92573738239963

cov.inverse():
    2.510724115748881    -4.188231831982762    0.3435444585967539      0.71395598130505    0.6299702215422849
   -4.188231831982762     7.261865269025567   -0.8794188549876066    -1.237157382715038    -0.947105388782286
   0.3435444585967538   -0.8794188549876067    0.5419521325209637 -0.005815461372954581 -0.002626542059813753
   0.7139559813050499    -1.237157382715038 -0.005815461372954535    0.5695286738894919  -0.01096049392728324
    0.629970221542285   -0.9471053887822865 -0.002626542059813752  -0.01096049392728307    0.3484348666209369

cov*(cov_.inverse()):
     1.000000000000011 -3.819167204710538e-14  2.292003392634356e-15 -2.036565360796772e-15   7.66053886991358e-15
                     0     0.9999999999999787   1.60288449180257e-15  -9.71445146547012e-16  8.881784197001252e-16
 3.552713678800501e-15                      0      1.000000000000003 -7.494005416219807e-16   1.77635683940025e-15
-5.329070518200751e-15 -3.552713678800501e-15  1.422473250300982e-15     0.9999999999999992  8.881784197001252e-16
                     0   -1.4210854715202e-14  2.123301534595612e-15  1.720845688168993e-15      1.000000000000003
