5
2

0.522614744975151
2.586714481184865
4.123253253996194
6.451367275544144
12.01184751394291

   -0.5473466410506308     0.8198607695198901   -0.06386524480142777     -0.103851347811255    -0.1156550958543787
   -0.4659676393097409    -0.2648224705348426      0.698955725935187     0.3219999332326066     -0.347160127889916
  -0.04323796648190192 -0.0008384592797802571    -0.5250153477728668     0.8145676001693282    -0.2428338621318361
   -0.6489706491404407    -0.3696915381592484    -0.2597001807312657   -0.01982059493834396     0.6118236864588702
     0.245465656366515     0.3478862476464995     0.4053354467844549     0.4707629013916181     0.6578808680121242

86.37784190493024
 131.187814215813
157.9181775190623
183.7172675377087
259.7129532284481

 2.496441914465207
-2.392636442520505

 -0.05517480875618412    0.0546134722599212 0.0001165307563800412 0.0001752801080535755 0.0001980647535073251
    2.966209587132317    -1.945798851034893 -0.004280064278529932 -0.006433543351559132 -0.007006952593586909

0.02046442554625502 0.07571593035741553 0.04034993436827758  0.6536083505398271  0.8247023485935588
-0.8786679599871171  -5.817884664729879  -2.174682310445587  -50.30566191048906   6.032916045923719

cov:
27.78890625012066 23.01023123164667 19.58654395507291 15.62111101212078 8.052764283948163
23.01023123164667 23.80315937488247  23.0962188088618 23.32928631517455 24.20087794816855
19.58654395507291  23.0962188088618 34.46872690822522 21.98313640387473 32.40813470007784
15.62111101212078 23.32928631517455 21.98313640387473 43.96970554024664 40.07343476223168
8.052764283948163 24.20087794816855 32.40813470007784 40.07343476223168 79.83955772413053

cov.inverse():
    1.139983023293666    -1.618205657491887   0.08538533655728173     0.184733023902655    0.2481466247071899
   -1.618205657491888     2.475633789295558   -0.2160620316214976   -0.3232106958616803   -0.3372657998680444
  0.08538533655728156   -0.2160620316214973    0.1069192002544109   0.03421141972303551 -0.003691379070240513
   0.1847330239026548   -0.3232106958616799   0.03421141972303553   0.09555667228124957   0.01748955998157322
     0.24814662470719   -0.3372657998680447 -0.003691379070240472   0.01748955998157331   0.08244817905948654

cov*(cov_.inverse()):
     1.000000000000003  4.884981308350689e-15  2.914335439641036e-16 -2.775557561562891e-16  7.771561172376096e-16
 3.552713678800501e-15                      1  4.579669976578771e-16 -6.106226635438361e-16 -2.220446049250313e-16
                     0  5.329070518200751e-15     0.9999999999999999  4.440892098500626e-16  4.440892098500626e-16
 5.329070518200751e-15  3.552713678800501e-15  9.159339953157541e-16     0.9999999999999998 -4.440892098500626e-16
                     0   -1.4210854715202e-14  4.996003610813204e-16 -6.661338147750939e-16                      1
