5
2

0.06653149170637386
  1.010727241284432
  1.339977720942737
  2.025869376653163
  2.805560293913397

   0.1558642204596072   -0.7727939879229937     0.615219095482284 0.0008824639230442314 0.0006948539268637286
   0.6590338164787675   -0.3069248062912461   -0.5530172201150539   0.04072124843424849    0.4049510170411802
   0.2187957734727479   -0.1087851315672785    -0.192044637470705    0.5729187156311093   -0.7584043823440749
  -0.5192683406415317   -0.2089266221161881   -0.1323686190929598    0.6919258026283793    0.4363797535576157
   0.4731485743778602    0.5030925135938381    0.5111504912531607    0.4374286571774351    0.2653482513634324

44.36131974597049
112.3549155116264
129.2475355711127
217.4205076299482
257.7123549466883

 2.484534392560581
-11.53475718316986

  -0.03583209407015294    0.03438000495964415   0.001674873072427519  3.941383782112679e-06 -2.505729741896759e-05
     1.798601109381942    -0.7207587017841102   -0.08098306307548631 -0.0005352992290365288 -0.0008012660223357809

-0.0001377649698178626    -0.0358600112759263   -0.02133161629562956    0.04594044664564354   0.009395075945444944
  0.003485875000576028      1.482293784505548     0.8758421370682383     -3.174029539231932      3.514917088796036

cov:
   3.39851235602125     2.0689811131878   1.738401171047115  0.4069768711172596 0.03291538664455056
    2.0689811131878    2.29148354479755   2.346422655703964   1.014204508473445  0.6977437623729374
  1.738401171047115   2.346422655703964   2.508770375663962   1.163474605037078  0.8632641245358605
 0.4069768711172596   1.014204508473445   1.163474605037078   4.062060925072911   1.389506052322719
0.03291538664455056  0.6977437623729374  0.8632641245358605   1.389506052322719   2.536024380774837

cov.inverse():
   6.034263886327984   -27.36628147019573    21.33046574180543  0.06590664485536329   0.1540318589766304
  -27.36628147019572    135.0605444365947   -107.1913958960188  -0.2082759679989407  -0.2022825322813666
    21.3304657418054   -107.1913958960187    85.86504810217053  0.04542006078493947 -0.03836701608614039
 0.06590664485536461  -0.2082759679989474  0.04542006078494484   0.3255678406164674  -0.1373938207392357
  0.1540318589766305  -0.2022825322813676 -0.03836701608613957  -0.1373938207392357   0.5363125769905028

cov*(cov_.inverse()):
     1.000000000000001 -1.517883041479706e-15 -2.311519031739095e-14  6.071532165918825e-18 -3.816391647148976e-17
 -1.36279876272738e-14     0.9999999999999707 -1.381186831572734e-14  5.551115123125783e-17 -1.110223024625157e-16
-3.858025010572419e-15 -3.719247132494274e-15      0.999999999999978 -5.551115123125783e-17 -1.110223024625157e-16
-2.470246229790973e-15 -1.443289932012704e-15 -8.014422459012849e-15                      1  -3.33066907387547e-16
-4.496403249731884e-15 -1.054711873393899e-14 -1.472433286409114e-14                      0                      1
