5
2

0.836679396586639
2.758271558643072
3.653449434700083
6.733714046690813
18.95172793809259

  -0.4100831313847261    0.8692995911426549   -0.1065106823840758   -0.1623848614083961   -0.1960527416701061
  -0.2907816462599067   -0.1253830969598425    0.8143086348254188    0.1029853279783037   -0.4754162204480424
 -0.04651706034181344 -0.007120766463533119   -0.3678468877440897    0.8281225278554728   -0.4203417702505623
  -0.8596698847456287     -0.34153515758069   -0.1682194338863308   0.04540372782015429    0.3375828031176447
  0.07798533138141756    0.3345150679076763    0.4024273984544182    0.5245729304537858    0.6670032886278674

53.79866188239227
130.7896341984587
157.3245754398196
185.6931924275201
220.3234855351905

  2.376056339573489
-0.1053875428884504

  -0.03089979808059222    0.03072514308551031 -5.170453515829579e-07  7.370899076098933e-05   2.04427682237978e-05
     1.701608107744939    -0.6973864663493681 -1.344113754742776e-05  -0.001701017170329555 -0.0007077677310218106

0.02755671870695444 0.03903035959248271 0.01696783429481322  0.7291249755025552   2.844748916734134
-0.9125777521669095  -3.098045240396515  -1.005002285849132  -55.54293418071146   -36.6191913531325

cov:
36.48412522675058  22.7149815240256 16.28659472285623 12.22797272907065 6.892723512142465
 22.7149815240256 46.12938177289337 50.14892541080006 62.04702109452223 75.28479713517005
16.28659472285623 50.14892541080006 66.30850405234224 72.05907737460124 92.96618889303315
12.22797272907065 62.04702109452223 72.05907737460124 108.1809815040829 121.3684847953568
6.892723512142465 75.28479713517005 92.96618889303315 121.3684847953568 169.0636913218134

cov.inverse():
   0.2678206464870456    -0.497875962403414   0.03583020736472357   0.08755694082354425    0.1282287516877806
  -0.4978759624034138     1.084449653615088   -0.1438467906792285   -0.2036418122717042   -0.2373204110208197
  0.03583020736472329   -0.1438467906792279    0.1145754820395006   0.01332700640795632 -0.009976215029474041
  0.08755694082354409   -0.2036418122717041   0.01332700640795648   0.09125237805261284   0.01427570206387107
   0.1282287516877808   -0.2373204110208202 -0.009976215029473916   0.01427570206387125    0.1016043355952434

cov*(cov_.inverse()):
     1.000000000000001  8.881784197001252e-16 -6.938893903907228e-17 -2.081668171172169e-16 -8.881784197001252e-16
 3.552713678800501e-15                      1 -2.220446049250313e-16 -1.110223024625157e-15                      0
                     0 -7.105427357601002e-15                      1  2.220446049250313e-16  -1.77635683940025e-15
 5.329070518200751e-15 -3.552713678800501e-15  1.332267629550188e-15      1.000000000000001                      0
-3.552713678800501e-15 -7.105427357601002e-15                      0  4.440892098500626e-16                      1
