5
2

0.08799301548096244
 0.5259549977237439
 0.8533959341816959
   1.09595634255934
   2.68049462674088

-0.02794205403611599  0.01314562058993856   0.8917578218079075  0.01042805031168145  -0.4513376533003446
 -0.1331337780143937   0.9268028627768377   -0.171656049532341  0.04606862740069623  -0.3028592625769257
 -0.9888768425257919   -0.107629702522683  0.01980916833124706  0.02417405207506493  0.09778368732766581
-0.05051577197174012  -0.3587232132203221  -0.4178910944566814  0.04419413197706011  -0.8319733919733112
 0.03264024917453395 -0.02443664542710334   0.0166378462304678   0.9976128664172186  0.05319036873087633

49.38373768854623
107.4938001696615
133.7103573225691
155.2164479691267
181.2600467378512

  1.77440963887752
-13.43104538285588

  -0.01604241255341507  -0.002140224409298599    0.01562544790512105 -2.354570053861782e-05   0.005010462959001558
     1.597800257932032    0.08255152722375134    -0.5048285122574108 -0.0002360861556406774    -0.2106758633117321

9.363009543570697e-05 -0.001119939873417119   0.01230307338327442  -0.01095566445771218 0.0002275091929285931
-0.003086747837348745  0.003938897628740114    -1.179470979276102    0.3313919218075146     0.217668313732282

cov:
  0.7278021795068876  0.05941224408683536  0.02112038030992696   0.2121718719288926 0.003784029971271562
 0.05941224408683536   0.4049053596786959   0.1316641815960453  -0.1842840765801463   0.2637752198803374
 0.02112038030992696   0.1316641815960453   0.2263383183314691  0.09530890935989572   0.4366328281649947
  0.2121718719288926  -0.1842840765801463  0.09530890935989572    7.154148500335167   0.3349255182632908
0.003784029971271562   0.2637752198803374   0.4366328281649947   0.3349255182632908   0.8856334418124202

cov.inverse():
   1.509896790775969  -0.3323673187200007   -3.144802001957451  -0.0899548887486169    1.677001655103739
      -0.33236731872    3.250557077511465    1.060734247949592   0.1518863164123465   -1.547119443694268
  -3.144802001957452    1.060734247949601    102.9588737511374      1.1600341990331   -51.50171901489143
-0.08995488874861689   0.1518863164123466    1.160034199033099   0.1626593640832605  -0.6782842777390584
   1.677001655103739   -1.547119443694273   -51.50171901489142  -0.6782842777390585    27.23052309276645

cov*(cov_.inverse()):
                     1 -3.903127820947816e-17  1.665334536937735e-16  8.673617379884035e-19  3.885780586188048e-16
                     0                      1                      0 -2.775557561562891e-17  8.881784197001252e-16
-1.110223024625157e-16  1.110223024625157e-16      1.000000000000004  5.551115123125783e-17   1.77635683940025e-15
-1.110223024625157e-16                      0                      0                      1  -1.77635683940025e-15
-4.440892098500626e-16  2.220446049250313e-16  7.105427357601002e-15 -1.110223024625157e-16                      1
