5
2

0.5727139303575527
 2.306877390806758
 3.416503583634865
 7.289335662811337
 10.14252058291251

     0.474769781451443    -0.8512998488197775     0.1066168355735931     0.1376570947097569     0.1398770769937508
    0.3963270977790094     0.1608722283808613    -0.7046591864614866      -0.30856897941154      0.474642574557108
-4.088569000717408e-06    0.02740935096654157     -0.517572937625255     0.8193503425265458    -0.2450142810173981
   -0.7601335544424332    -0.3563957341664468    -0.1867288516077886    0.04591502127797974     0.5081369961702759
    0.1992873944348026     0.3487685503062919     0.4351308671226501     0.4608606473150689     0.6609944212851278

44.80725852717006
103.5678977680456
133.1216624103261
154.4975510535707
218.6138439727063

2.109059941122437
-3.01296598761187

  -0.03584267924189419    0.03579274101823282  1.832618694661481e-05  1.919545579582953e-05  1.726480950257035e-05
     1.813059473771481    -0.8113081542338608   -0.00042268050570584 -0.0006313984974915532 -0.0007650728914672181

-0.01557361881160714  -0.0450108465857199  0.01147657254709128   0.7701873314592093   0.5522739179954849
  0.5087999154780014    3.130092717604338  -0.2609498416704559   -57.88247394561852    7.960189348652984

cov:
 35.69662169232737  21.75133455249503  14.99279783622592  6.964142673978434 -5.949457270362557
 21.75133455249503  19.64636631175796   18.3490918551264  15.62483721713935  14.38157806493365
 14.99279783622592   18.3490918551264   27.1031298433572  16.38553465003833  24.25120158923923
 6.964142673978434  15.62483721713935  16.38553465003833  30.31006527552384  29.46043392351599
-5.949457270362557  14.38157806493365  24.25120158923923  29.46043392351599  60.57113633620165

cov.inverse():
   0.7279883621357759    -1.214470334760745    0.1053596261960577    0.1765088958863433    0.2318267450753339
   -1.214470334760746      2.21797809540303   -0.2965042866482835   -0.3634268970990371   -0.3504336629037534
   0.1053596261960578   -0.2965042866482835    0.1534083265819577   0.05106096590539491 -0.005507281959967972
   0.1765088958863434   -0.3634268970990371   0.05106096590539491    0.1352830217753525   0.01738448686346317
    0.231826745075334   -0.3504336629037536  -0.00550728195996794   0.01738448686346319    0.1162341751851981

cov*(cov_.inverse()):
    0.9999999999999971 -6.217248937900877e-15 -4.926614671774132e-16 -1.554312234475219e-15  5.551115123125783e-16
-2.664535259100376e-15                      1 -5.689893001203927e-16 -6.661338147750939e-16 -4.440892098500626e-16
 -1.77635683940025e-15   1.77635683940025e-15     0.9999999999999991  -3.33066907387547e-16 -4.440892098500626e-16
-2.664535259100376e-15                      0   3.05311331771918e-16     0.9999999999999998 -4.440892098500626e-16
-3.552713678800501e-15 -3.552713678800501e-15  2.775557561562891e-16  6.661338147750939e-16      1.000000000000001
