5
2

0.1280019304327663
0.1360094699162022
  2.65256383089242
  6.02719846790299
 17.78207902039853

  -0.4136592444515106    0.7733325098369477    0.1081642790338259   -0.4681262939666149 -0.001058464580387157
  0.03282051911948559    0.3822896659167808   -0.8267001293092393     0.411514567395892 0.0002861451077749656
   0.4799952273492981  -0.05257044383754427   -0.2938725588878286   -0.5802196136627361     0.586365968666672
   -0.724876376143694   -0.3131024961524941   -0.1272927861470572    0.0925459236619509    0.5930875692680968
   0.2682678960204045    0.3937189554749991    0.4497808918449284    0.5160368064902701    0.5517434945180283

76.32501221078809
131.4023671951433
156.0723750627824
185.1960938909382
221.6356315524883

   3.363872957896962
0.003523207928309842

  -0.03971524420756332    0.01039540936108001    0.01335669450728725    0.01594314204241408 -6.105653977044219e-05
     1.893315074965769    -0.2195854190314898    -0.2997306703264754    -0.3735646186628424   0.001501578843154022

  0.000302278578453944 -3.349316464337573e-05    -0.2309324449351741     0.9180903889763994      2.415688202009806
  -0.01328038864611319   0.001336612350472315      8.626523316514808     -47.19599230659595      29.94530180930699

cov:
43.46818284842707 41.46024260948398 40.51176520457006 39.38069072650558 33.16546544468352
41.46024260948398 52.60919380496318 57.54747331500442  63.4028949975991 61.72647778983176
40.51176520457006 57.54747331500442 65.17773742140091 74.15632397261804 74.51494717894472
39.38069072650558  63.4028949975991 74.15632397261804 86.88937078572019 89.62921301982489
33.16546544468352 61.72647778983176 74.51494717894472 89.62921301982489 111.4559487457384

cov.inverse():
    10.54932035987792     -18.8430611854518    -4.214695914458894     12.50790822463298   0.05586557477678887
   -18.84306118545204     44.40449793270378    -11.97539605724619    -13.58661717870639   -0.0528509323913282
   -4.214695914458442    -11.97539605724711     37.67259369983131    -21.45630928350525  -0.04555919931110341
    12.50790822463277    -13.58661717870571    -21.45630928350572     22.57834874454626 -0.009335085708907551
  0.05586557477679561  -0.05285093239134345  -0.04555919931110033 -0.009335085708902104   0.05958436409268874

cov*(cov_.inverse()):
     1.000000000000025  5.218048215738236e-14 -9.325873406851315e-14 -8.160139230994901e-15                      0
 3.419486915845482e-14      1.000000000000133  1.594280263361725e-13  5.417888360170764e-14  4.440892098500626e-16
 3.197442310920451e-14  7.505107646466058e-14     0.9999999999997509  2.853273173286652e-14                      0
 3.632649736573512e-13 -3.161915174132446e-13 -2.717825964282383e-13      1.000000000000426                      0
-3.197442310920451e-14 -1.660893644839234e-13 -4.840572387365683e-13  3.179678742526448e-13                      1
