5
2

0.7338242288145239
 1.048964320221814
  1.32762747121813
 2.001701871351346
 2.496406946199906

  0.5596939223093499  -0.7983174151226926  0.04570889138546161  0.07545538928432685   0.2040813551455932
 -0.0408987045412785 -0.05661692448112907    0.949458095053843  -0.0582164054712118   -0.300436342175647
 0.05618047684804529  -0.1171128669151516  -0.2151467081299707   0.5767990119191424  -0.7772664435404235
 -0.6797515949464498  -0.3260445437865791   0.1007037154530537   0.5343849154812476   0.3686790588503915
  0.4688832823696162   0.4893499365934741   0.2000266948680284   0.6104531073859512   0.3578008274071863

44.36705017333359
112.3546835585817
157.7729616924036
 217.420336371249
257.7129722060524

 2.484489763976515
-11.53322767530437

  -0.03625489287009386    0.03647153842086083 -5.241852774434859e-05  4.211714879693478e-06 -1.213413652444709e-05
     1.818807656978462    -0.8220600801114278   0.003293888553604379 -0.0007103259009800245  -0.001440454798278812

  -0.02660829651319421 -0.0006915517204103908   -0.01107784627946109    0.05106869546746329   0.005208597022847662
    0.9014690540756251   -0.02667502712146205     0.3497984228574742     -3.882151090570822      2.805937728019673

cov:
  3.397613092330763   2.068300299777687  0.2599627524774934  0.4108152305614491 0.03944493416509914
  2.068300299777687   2.289183562836865  0.4440653889473135   1.015674586954002   0.700954816787887
 0.2599627524774934  0.4440653889473135   1.364606482219423  0.6989069392648295  0.5806937270662945
 0.4108152305614491   1.015674586954002  0.6989069392648295   4.059810263374255   1.387935090065475
0.03944493416509914   0.700954816787887  0.5806937270662945   1.387935090065475   2.529063468272003

cov.inverse():
   0.735631805045503   -0.739237952670036 0.003324727575420737  0.05424505440284846   0.1628809232386276
  -0.739237952670036     1.25914705329656 -0.09481002203139485  -0.1427413717788233  -0.2373505700648423
0.003324727575420745 -0.09481002203139489   0.8583682482076901 -0.08121078278054512  -0.1262947206264383
 0.05424505440284844  -0.1427413717788233 -0.08121078278054511   0.3334739598330402  -0.1256457431090475
  0.1628809232386277  -0.2373505700648423  -0.1262947206264383  -0.1256457431090475   0.5565988768284914

cov*(cov_.inverse()):
    0.9999999999999998  1.561251128379126e-17  6.938893903907228e-18  -2.42861286636753e-17 -5.898059818321144e-17
-1.249000902703301e-16     0.9999999999999997 -4.163336342344337e-17  1.387778780781446e-17                      0
-2.775557561562891e-17 -1.110223024625157e-16     0.9999999999999997  4.163336342344337e-17                      0
-5.551115123125783e-17 -2.220446049250313e-16 -1.110223024625157e-16                      1                      0
-1.110223024625157e-16                      0 -1.110223024625157e-16  5.551115123125783e-17                      1
