6
2

0.2705094583605226
 1.254013368950341
 1.685889375245855
 2.038640229323935
 4.893701515400817
 6.135204507001762

  -0.569638799021644   0.8115748235650494 -0.08615505329462382 -0.07003214723547478 -0.04107279059396503 -0.05332706088612842
  0.2287353600751775   0.1003682750778248  -0.9109449861575094   0.2999176849361466  0.04904445241489332   0.1242159432341165
  0.1249897795228049    0.077852698495708  0.01428316522474361   -0.245691287227307  -0.6810048638655221   0.6737808770772813
  0.3078551248249733   0.1523953507407582  -0.1505001644450472  -0.8286675298673236   0.4131960060339244  0.04392909326195133
 -0.5875462706718381  -0.3653304548439349 -0.09483441899459616 -0.02533632790046421   0.4260548487643022   0.5745996936042039
  0.4093701633655222   0.4105128357144555   0.3618130230567014   0.3967982704458639    0.424130132616972    0.442324971693679

56.41244632584829
 82.9414912937137
112.9007625650446
130.6102178479151
153.6920590047331
182.6258328897397

 1.765030071686164
-6.329115294203998

  -0.06629129931369351    0.06600186143164452  3.877133390179162e-05  9.496984647871841e-05  6.776007117989545e-05  8.398172066243159e-05
     3.361596830884872     -2.351305770662141 -0.0006426831147182399  -0.004454995192664873  -0.002105945880006899  -0.003236578118288036

 0.006681664154966164   -0.0134166018481473 -0.008980432739524398  -0.04323370688107381    0.3570156765882116  0.002805341855107397
  -0.2797150424405103    0.8360672728120797    0.6748816880472717      2.82334391405674    -26.79033855953175     15.30363718849858

cov:
  15.11950642165291   11.69097469608871   6.398006475315746    5.43403125014563  0.8466061125958573 -0.9267933680721753
  11.69097469608871   9.717327359438634   6.179391978487459   5.816962798306737   2.942401869253331   2.000959145193516
  6.398006475315746   6.179391978487459   6.543072125848514   5.540655184054247   4.452473382552942     4.5412674046352
   5.43403125014563   5.816962798306737   5.540655184054247   9.109163544273009   5.152051612679618   5.694881404754108
 0.8466061125958573   2.942401869253331   4.452473382552942   5.152051612679618   13.14982256630702   11.70536811038119
-0.9267933680721753   2.000959145193516     4.5412674046352   5.694881404754108   11.70536811038119   16.59415871380438

cov.inverse():
    4.514831683114913    -6.275022510913266    0.5339201024882979    0.5215446382247914     0.321686845042809    0.4567937498088393
   -6.275022510913264     9.025207059702117    -1.013406114146687   -0.7899732778896141   -0.4577770511991797   -0.5673875266753861
    0.533920102488299    -1.013406114146689    0.6385035048162881  -0.05859401842272693  0.003952407723079738 -0.005398026807178093
   0.5215446382247899   -0.7899732778896122  -0.05859401842272729    0.3148989729883389   0.02916462527326202   0.01177911431248777
   0.3216868450428081   -0.4577770511991786   0.00395240772307959     0.029164625273262    0.2411930463942808   -0.1080597718453256
   0.4567937498088396   -0.5673875266753865 -0.005398026807178238   0.01177911431248796   -0.1080597718453255    0.2278503764474442

cov*(cov_.inverse()):
    0.9999999999999978 -5.551115123125783e-16   3.05311331771918e-16 -6.557254739192331e-16 -2.359223927328458e-16 -2.220446049250313e-16
-1.554312234475219e-15     0.9999999999999956  3.295974604355933e-16 -1.578598363138894e-15   3.05311331771918e-16 -1.110223024625157e-16
 6.217248937900877e-15 -4.440892098500626e-15      1.000000000000002 -6.175615574477433e-16  1.665334536937735e-16                      0
  1.77635683940025e-15  6.217248937900877e-15 -1.804112415015879e-16      1.000000000000001                      0 -2.220446049250313e-16
-8.881784197001252e-16   1.77635683940025e-15  3.608224830031759e-16 -1.942890293094024e-16                      1                      0
  1.77635683940025e-15  5.329070518200751e-15  2.081668171172169e-16 -2.775557561562891e-17                      0                      1
