5
2

0.632216262385745
  1.3058808358027
1.974528515525434
2.327770278762943
2.873869247855589

 -0.5540460683065089   0.8008663280355935   -0.144858095754745 -0.06922488528685637  -0.1608419291236418
  -0.023387214232073  0.09845443552899388 -0.05404941920750533   -0.523016361512549   0.8445663432843131
  0.5811859252478448    0.292867465400622   0.1408057955862154  -0.6302181961885081  -0.3993123102608508
 -0.5866094542993889  -0.4179850105140383   0.4324027837663162  -0.4860152751420816  -0.2408212283663123
  0.1029478548826643   0.2973836368041229    0.877095406953037   0.2971127367997986   0.2083083782986929

44.36855801945769
112.3590437257926
186.6499407786637
217.4190857821992
257.7138571003636

 2.484486045320135
-11.52949035550733

  -0.03633912578045635    0.03659775665329622 -6.123528484465023e-05  -8.36927200295861e-06 -3.042482535588588e-05
     1.819678034318169    -0.8229903652342333  0.0003799856026482917 -0.0001831159500317141   -0.00075504290404858

 0.01976815583875736 0.007563240822262996 -0.04051865333407962  0.03253534700077055  0.05847464552218044
 -0.6663801688211837  -0.2117104428647307    3.185346040267596   -3.917626969117193  -0.4731678983631109

cov:
  3.392640313017099   2.063771241087752 -0.2753689720420311  0.4056215619183126  0.0397095604171221
  2.063771241087752    2.28438205300243   1.280258745863501   1.000934366132934  0.6914286811640002
-0.2753689720420311   1.280258745863501    7.45749267875017  0.7198177242818563  0.6570123490698749
 0.4056215619183126   1.000934366132934  0.7198177242818563   4.025885573012101   1.377673813342049
 0.0397095604171221  0.6914286811640002  0.6570123490698749   1.377673813342049   2.521023325045202

cov.inverse():
 0.9197460032835667  -1.018866631094602   0.186648874517242 0.06550314232221241  0.1805133326797136
 -1.018866631094602   1.675316098848961 -0.2845672303327833 -0.1680516437191645 -0.2774342920419994
 0.1866488745172421 -0.2845672303327834  0.1869489196029765 0.01167256207200052 0.02000674392234057
0.06550314232221242 -0.1680516437191644 0.01167256207200053  0.3285499674678164 -0.1375271204912538
 0.1805133326797136 -0.2774342920419994 0.02000674392234054 -0.1375271204912538  0.5398525046352773

cov*(cov_.inverse()):
    0.9999999999999999  3.122502256758253e-17 -5.854691731421724e-18  1.994931997373328e-17  3.122502256758253e-17
 5.551115123125783e-17     0.9999999999999998   4.85722573273506e-17 -6.938893903907228e-17                      0
-2.220446049250313e-16                      0                      1  1.387778780781446e-17  5.551115123125783e-17
 1.110223024625157e-16 -1.665334536937735e-16   1.35308431126191e-16                      1  1.110223024625157e-16
-5.551115123125783e-17 -2.220446049250313e-16  3.469446951953614e-17 -5.551115123125783e-17                      1
