6
2

                  nan
2.285503121592937e-09
6.717394315316625e-09
2.841556816782172e-08
    2.203291224434987
    2.807237434542858

                   0   0.7709279283143405  -0.2380981193207579   0.5131339652482827  0.01817842620000946  -0.2921343756738362
 -0.9962548822830047 0.006137433527938834   0.0069106392272561  0.03225192638034928 -0.04709768206793755  0.06428379337765702
                  -0   0.6285907760087681   0.1916255949051452  -0.7079937373429442  -0.0231887332895666   0.2576051595475908
                   0 -0.05484299547183651  -0.9417057136691959  -0.2146030604086368  0.04728265352879312   0.2487819764954641
-0.08577004796152465 -0.07647127297080884 -0.09362784023548201  -0.3969869365056034   0.4324154909374801  -0.7958942682649093
-0.01094113339440734  0.04062619634231463    0.104715502167861    0.175342845715598   0.8987184373794261    0.385777817075026

32.45814797468067
60.46748493735123
93.53179966631626
158.1303784401465
 183.248834446536
215.2246999763846

2.075431582203335
-13.8324712117513

  -0.1950972478153966   0.03935082741400924  -0.06080746427656747  -0.02245842081560059 -0.004408498153783055   0.03021409717318809
    10.71747197551754     3.895672465729702     5.431805612071028    -6.176887059897519   0.04445015967930991     1.136983194846566

-2.201947104514831e-17  1.021791703396949e-18  1.663665716926668e-18  5.428654758713962e-17    0.01155240024531756    0.00884029316949597
 1.617273181649737e-15 -5.612210903750445e-17  3.679684058766088e-16 -3.002297693631026e-15    -0.7731620879144716    0.04174686743625744

cov:
0.03665544935018752 0.02833745408489534 0.02995499441034249  0.1501749645186432 -0.2575346007585421  0.2981237932980381
0.02833745408489534 0.04139517416363633 0.06828290149930107  0.2035105701728528  0.1272067057279781  0.4189690744338995
0.02995499441034249 0.06828290149930107  0.1289685488031502  0.3251330302109134  0.5451000268962571  0.6800976025097643
 0.1501749645186432  0.2035105701728528  0.3251330302109134    1.00735070108034  0.4085142813251339    2.06689275849209
-0.2575346007585421  0.1272067057279781  0.5451000268962571  0.4085142813251339   7.272813627448766   1.061534675552934
 0.2981237932980381  0.4189690744338995  0.6800976025097643    2.06689275849209   1.061534675552934    4.24789073272491

cov.inverse():
-1.097253891645053e+17      -9446074615070384   1.15071305915878e+17  1.164385038387969e+16  -1.11495719139954e+16 -1.267012103541682e+16
 4.446663699493226e+16  6.466727547980349e+16 -1.187462783155675e+17     -985776896388569.9       8241076139939118       7932928905613316
      5520974185004288  -4.20363718107565e+16 -5.042144386385282e+16       1036107755898928       3111874156161430  1.054938226744627e+16
     -7989130874949232       9828222141669830      421843872044561.1      -2272036293292650     -467710946569775.2        746177529166635
     -5760574103555914       1746581645658193       8539563120270537      464398297733269.2     -728565337760746.5      -1179079293959147
      7757856822293221      -4203637181075650       9369374421200306        103610775589893     -118900371211287.1      -1650615032624060

cov*(cov_.inverse()):
       0.5       0.75       -1.5 -0.1328125  -0.015625          0
      -0.5       1.25       -1.5 -0.0078125  0.0234375          0
         0       -0.5         -3   0.140625     0.0625       0.25
         2          1         -8      0.625    0.15625          0
        -9         -1          6   0.859375     0.9375       2.25
         4         -2          0     -0.125     0.1875          2
