6
2

                  nan
                  nan
1.969904630697141e-09
 1.52779015235397e-08
   0.3262088353240328
    2.346918086696856

                   0  -0.8552354331451149  -0.1220517920070826  0.03097369227857518  -0.4009271069969458   0.3032718239840941
  0.9239511670908505 0.008857441295777677   0.1745755848767594   0.3344277274424671  -0.0599080531709538 -0.01811827842311925
                  -0   0.1131885382388382  -0.8522725573304668   0.4745013886209369    0.145626319189574   0.1202549383137342
                  -0   0.4968841868479205 -0.07601844925817468 -0.09707102102668182  -0.7911498971126326   0.3346436274731255
  0.3773739506010143 -0.03601519600111806  -0.4505398158623828  -0.7983370754875112  0.07589835232147628  -0.1010100757568619
 0.06247513296695355  0.08655209388349012   0.1396183474664263  -0.1236215534604976   0.4275309762031032   0.8780929824128674

32.45813892073055
60.46749767074641
93.53179843332587
128.5015526875097
158.1303631639533
215.2246697259661

2.075431582203335
-13.8324712117513

 2.107961801982179 0.8122475011522443 -4.376255586231601   3.41669315891808  0.549530753765203 0.6778456475353877
-56.24320780072961 -47.30147715750443  270.6369018735799 -176.0988064946634 -36.62937017648009 -41.17531174613269

 2.850948714142691e-17 -1.782768049521161e-16   2.17482651699572e-17  4.590855820659201e-17  -0.001757884901285305  -0.006789451691844677
-1.710078346515654e-15  4.759428058622155e-15 -1.280011308297873e-15 -2.750179395671968e-15    0.05441592403706538     0.7253989213606528

cov:
 0.03665288201276073  0.02833756678661743  0.02995229192913138 -0.07459895363692207   0.1501675000575586   0.2981083020483208
 0.02833756678661743  0.04140009762211404  0.06828707616060584 -0.05587464146551123   0.2035264158316411   0.4190013098376562
 0.02995229192913138  0.06828707616060584   0.1289696812445201 -0.05679298274682387   0.3251416284891185   0.6801149081535629
-0.07459895363692207 -0.05587464146551123 -0.05679298274682387   0.1519961956892088  -0.2975581285379301  -0.5893216824308897
  0.1501675000575586   0.2035264158316411   0.3251416284891185  -0.2975581285379301    1.007384780844895    2.066962411158709
  0.2981083020483208   0.4190013098376562   0.6801149081535629  -0.5893216824308897    2.066962411158709    4.248033072494796

cov.inverse():
 -1.37631952565139e+17  3.292360084593478e+17 -8.990978434963662e+16 -3.309476112407433e+16 -3.556147023390806e+16       4291081369734734
     -2180644737273565  1.399008886900029e+18 -5.327494713360864e+17  2.296889818537797e+17 -6.026469845755997e+16       8643984876723291
-2.462112490259802e+16 -2.361405491363422e+17  1.164381266550228e+17 -6.778282911459986e+16      -9376168862766528       1536229335434804
-5.278435804224118e+16  2.222499285989103e+17 -8.426976459375347e+16  1.152509931045454e+16      -9260413691621260       1379105386285840
     -5729880971690655 -9.723434376202325e+16  2.245650320218156e+16 -1.097744548307409e+16       4051430990084302       2903234850775565
      9280670846571682 -4.514451674665366e+16  1.759767989335903e+16      -2540491169655080       6684861133639098      -2620977956347120

cov*(cov_.inverse()):
   0.5     -2     -3      0  -0.25      0
   0.5     12     -3  1.875      0 -0.125
    -1    -16     -4   1.75      2      0
     1    -16     10    0.5    0.5   0.25
    -4     32      0     -1      4      0
     0      0      0      0      4      0
