6
2

0.1278933483616589
0.1359818711313975
  1.91758043544957
 4.383210590617147
 7.442969633946136
  22.0238930708631

   0.4137680247097946   -0.7729472977513711   -0.1092630581593092     0.468410913189692  0.001111084346785541 0.0002502891464833366
  0.03229613433955712    0.3831879895506152   -0.8265713839596222    0.4109788123198125 0.0002931125948186698 3.871894910332383e-05
  -0.5389448296520279   0.06035132020004492    0.3319409149725005    0.6539189885354302   -0.2815046436071084   -0.2980880906193866
   0.2024839398982253   0.09517278481746325   0.04725834052458592 -0.009044851434946554   -0.8447672403733207    0.4837308596924609
  -0.6810304570953427   -0.3916768919193351   -0.2608820444913095   -0.1060994464026493   0.09035128052210389    0.5434214214474993
   0.1802476702141341    0.2993468073650049    0.3526524754214357    0.4156184389525638    0.4460479468670115    0.6179328767594803

76.31318979412016
131.4086695970091
156.0868328294425
185.2139099317581
221.6373452414585
261.4901283528525

   3.363550515352467
0.001250345825638755

  -0.03957680469706244    0.01028077465848844    0.01324580296306011     0.0159441365641157 -3.653453292902118e-05  6.905607838032183e-05
     1.890430300161047    -0.2176665748481534    -0.2972138692643738    -0.3731590732001702  0.0009507661958013391  -0.001569413583995502

-0.0002993442210051436 -3.207490170269805e-05       0.13518129082882     -0.124673739346976     0.9868140822024946      3.525409566401851
   0.01321831056630169   0.001293535321154738     -5.053999930452702      6.721175430887021     -60.15219439996663      7.342307657358242

cov:
43.31118291548135 41.19439603346333 40.19945344156226 39.01249267580552 32.86054344885905 35.99612976783022
41.19439603346333 52.16330007297056 57.02091987341535 62.77498638346579 61.19799999943215 78.75024202653341
40.19945344156226 57.02091987341535 64.55412015713831 73.40971724476131 73.88221786939739 97.92202589563466
39.01249267580552 62.77498638346579 73.40971724476131 85.99149545373795 88.86057107572259 120.5782287895717
32.86054344885905 61.19799999943215 73.88221786939739 88.86057107572259 110.9596212720012 128.8712407473904
35.99612976783022 78.75024202653341 97.92202589563466 120.5782287895717 128.8712407473904 206.3944406832751

cov.inverse():
   10.61286936083689   -18.88653481038473   -4.252465200926649     12.4725000535984  0.06002979522909169  0.04873625906316744
    -18.886534810385    44.47131616432696   -11.95788594831563   -13.60671958917962   -0.055599392827866 -0.01698216939461562
  -4.252465200926123    -11.9578859483167    37.71010620711648    -21.4403921758513 -0.04811565973569465 -0.03123173700925761
   12.47250005359816   -13.60671958917882   -21.44039217585186    22.66517972053289 -0.01112142524370089 -0.04572131771163542
 0.06002979522909837 -0.05559939282787715 -0.04811565973569884 -0.01112142524369223  0.05933255394355471 0.003023095648131058
 0.04873625906316437 -0.01698216939461434 -0.03123173700924859 -0.04572131771164264 0.003023095648131044  0.04246584159930428

cov*(cov_.inverse()):
    0.9999999999999589  3.086420008457935e-14  6.372680161348399e-14 -4.196643033083092e-14  1.942890293094024e-16 -6.661338147750939e-16
-3.375077994860476e-14     0.9999999999998588  2.393640841091838e-13 -9.325873406851315e-15 -3.885780586188048e-16 -8.881784197001252e-16
 7.993605777301127e-15  -1.06581410364015e-14      1.000000000000011 -5.062616992290714e-14  1.110223024625157e-16 -8.881784197001252e-16
-1.785238623597252e-13  3.428368700042483e-13 -1.803002191991254e-13     0.9999999999997797  2.775557561562891e-16 -8.881784197001252e-16
 4.085620730620576e-14  2.335909243811329e-13  8.881784197001252e-16 -8.260059303211165e-14     0.9999999999999987                      0
-1.882938249764265e-13  1.122657522500958e-12  3.108624468950438e-14  2.504663143554353e-13 -1.110223024625157e-16     0.9999999999999991
