5
2

0.1956325975199463
 1.055174581418477
 1.479763529160222
 2.006431792223574
 2.987025462433732

  0.7046746505065962  -0.7077049797977986  0.00780003736577973  0.03515329620902052  0.03592636476932794
 0.08183305641914915  0.08354137228133597  -0.9420513046636593 -0.06411450980882755   0.3078195234352802
  -0.363563440220475  -0.3132034204357524   0.2131860662839139  0.06824336692011405   0.8483040648117842
 -0.5118047624916274   -0.506072495390737   -0.250587342483832   0.5204415348035261  -0.3850884406706107
  0.3203349775414003   0.3714414456184014  0.06508597182090343   0.8480194733143639   0.1898513729005399

112.3658843406029
129.2478248025937
157.7686040020292
186.6430582825376
257.7083681781957

 2.484674686436924
-11.53521023763514

  -0.1270635597403478    0.1270430725843842 0.0001629820724054849 0.0006267428746168681  0.001151377196105949
    7.378793252571687    -6.368044464489635 -0.007787347006160393   -0.0338954579072065  -0.05961739570060248

-0.006865359462504785 0.0004186902099522554   0.01633423112453027  0.002337723449082888   0.06465870965435447
   0.3713524476067373   0.07013476996553604    -1.626319005671374    -2.200245946763667   -0.3768732284674523

cov:
  2.285977527157035    2.34220900839648  0.4469977915388464   1.292207791378621  0.6897438520422973
   2.34220900839648   2.503779173467047  0.4921887883144846   1.696408154420957  0.8596160724391307
 0.4469977915388464  0.4921887883144846    1.37820407931107 0.06655069235719405  0.5718766284410827
  1.292207791378621   1.696408154420957 0.06655069235719405   7.521610560787757  0.7344832711026014
 0.6897438520422973  0.8596160724391307  0.5718766284410827  0.7344832711026014   2.599883922066826

cov.inverse():
   13.11757225903726   -12.89460503637598  0.07317485922224501   0.5954885556034661    0.599035030145215
  -12.89460503637598    13.21660454316263  -0.2112012199609487  -0.6947258467655519   -0.706256756461324
 0.07317485922224512  -0.2112012199609489   0.8354953308408524   0.0418470553405286  -0.1451819282560166
  0.5954885556034657  -0.6947258467655516  0.04184705534052859   0.1859886817876962  0.00997198571199589
  0.5990350301452122  -0.7062567564613212  -0.1451819282560166 0.009971985711995748   0.4883413502051364

cov*(cov_.inverse()):
    0.9999999999999974 -2.720046410331634e-15  1.387778780781446e-17  3.061786935099065e-16  1.110223024625157e-16
 6.661338147750939e-16      1.000000000000003 -1.387778780781446e-17  1.752070710736575e-16 -1.665334536937735e-16
-7.771561172376096e-16 -4.996003610813204e-16     0.9999999999999998  1.301042606982605e-17                      0
-4.329869796038111e-15  1.665334536937735e-15 -4.163336342344337e-17                      1 -5.551115123125783e-17
 2.220446049250313e-16                      0                      0  -2.42861286636753e-17     0.9999999999999998
