5
2

0.03530641851910007
 0.6789277218737537
   2.91648810298734
  8.295935759875874
  14.17337580960987

  -0.4358680194999625    0.8157934787593751   -0.3801315980692217 0.0001607468287561656 0.0001090901213248102
  -0.5499306386466926   0.07794267486834619    0.7977220511009465   -0.1384531805193417   -0.1896614829199293
   0.1742813241812247    0.1296199902676995   0.07812515801623603   -0.8405361867486996    0.4901224914401845
  -0.6764043635850744   -0.5073554492251368   -0.3131187421622707  0.004565560303088852    0.4324388905157202
   0.1403514133150475    0.2327982940500339    0.3391056035047117     0.523744943068293    0.7326698160494662

46.02581700948401
73.91144007905942
105.9149911046829
 154.875546664812
219.5431580765719

 2.156229760409357
-2.819829593339363

  -0.04342877946754536    0.01387338709172365     0.0295459827272474  3.282680706346609e-06   3.08506713924718e-06
      1.84397866300054   -0.05196694001888293    -0.7910785451752843 -0.0003976073930100337 -0.0004430365171124717

 2.370385896098324e-05    0.02237074934558936   -0.02946036019189164     0.9006549422583271      1.437851120924317
-0.0006798793384811611    -0.7601097560760702      2.151559738493568     -66.99196570833419     -4.436498893531249

cov:
35.84301396523298 30.35391351531672 24.05096386232855 13.34322562953895 1.301015053346024
30.35391351531672 28.74907131878379 26.90620431819371 23.40212760422303 19.69761490664057
24.05096386232855 26.90620431819371 30.19325763998339 34.97022166804727 40.84732557492251
13.34322562953895 23.40212760422303 34.97022166804727 61.12410169907808 73.72970668284812
1.301015053346024 19.69761490664057 40.84732557492251 73.72970668284812 122.7657795989272

cov.inverse():
  153.0726308707762  -285.3366638388788   131.9705295617933 0.09207436239170837  0.1944362921487874
  -285.336663838877   533.9108150280616  -248.6362960033382 0.06955280005034777  0.0444528685017858
  131.9705295617908  -248.6362960033352   117.3038751890425 -0.2954877338857111 -0.3577299171914392
0.09207436239192453 0.06955280004994421 -0.2954877338855239  0.1260337436564211 0.01048857685858418
 0.1944362921491925 0.04445286850102774 -0.3577299171910862 0.01048857685858401  0.1116794168264998

cov*(cov_.inverse()):
    0.9999999999993013 -2.881583860414594e-13  3.206879206629765e-13 -1.266348137463069e-16 -5.273559366969494e-16
-1.169286889535215e-12     0.9999999999997359  5.613287612504791e-13   1.02695629777827e-15  1.332267629550188e-15
-1.538325022920617e-12  2.893241202173158e-13       1.00000000000052  7.771561172376096e-16   1.77635683940025e-15
-1.143973804573761e-12 -1.052935516554498e-12  2.557953848736361e-13      1.000000000000002   1.77635683940025e-15
-7.709388682997087e-13  1.379341085794294e-12 -4.263256414560601e-13 -4.440892098500626e-16     0.9999999999999964
