5
2

0.7094249818742713
 3.443372232695683
 4.074602070301078
 7.441711247759435
 32.26551561527398

     0.504955387393512    -0.8389041388626755    0.09727487524404704     0.1154065960155767     0.1359368190877415
    0.3034513311418247     0.1543922431251602      -0.78867334307985      -0.12532891022527     0.4963540541468719
 -0.003271870963920625 -0.0007627260532284003    -0.3911911785692937      0.823187921699689    -0.4114848970335089
   -0.7935980960882696     -0.413786518554708    -0.1541473580889645     0.1231854163793384       0.40005840090303
    0.1520812385404325     0.3180927795049679     0.4378812742802191     0.5274096895365499     0.6370143558260708

61.01536347445616
131.6444798023391
186.4122327256364
220.6309127421038
261.7358569253927

  2.721607503508593
-0.7310293923045134

 -0.03834824213144692   0.03809502748844964 -0.000191487256158791  0.000210395714354317 0.0001931789395027321
    1.870979724497501   -0.8646534931942021  0.004169260277832171 -0.004941146542980935 -0.004567448335156991

-0.02581358408620526 -0.06562402961071194 0.004400088637317888   0.8197542188562672    6.700158529318319
  0.8401503397840663    5.090360839219952  -0.1540891062761453   -62.58402637387457    6.049602399599019

cov:
60.17638275843296 68.89016160592631 73.31102039148305 77.62262781267604 85.11678708159833
68.89016160592631 115.4567401403908 147.0589198751939 171.5428564791539 202.6394101209136
73.31102039148305 147.0589198751939  210.849848370256 235.2058269567256 285.0133055913247
77.62262781267604 171.5428564791539 235.2058269567256 301.8669540861067 346.1392997644214
85.11678708159833 202.6394101209136 285.0133055913247 346.1392997644214 437.0551170284401

cov.inverse():
  0.5257941023053504  -0.8317627756304032   0.0797634830809026   0.1107318947952304   0.1435326955596258
  -0.831762775630403    1.403535977883574  -0.1711097847020916  -0.1947958079875508  -0.2229002106132918
 0.07976348308090263  -0.1711097847020916  0.08109172239352007   0.0111249691550761 0.002108122081303806
  0.1107318947952297  -0.1947958079875497  0.01112496915507602  0.06914524856136534 0.006734876780877874
  0.1435326955596262  -0.2229002106132927 0.002108122081303876 0.006734876780878198  0.07097337549161938

cov*(cov_.inverse()):
    0.9999999999999964   1.06581410364015e-14 -1.082467449009528e-15  1.221245327087672e-15  2.664535259100376e-15
-2.131628207280301e-14      1.000000000000021 -3.275157922644212e-15 -6.883382752675971e-15   1.77635683940025e-15
-7.105427357601002e-15                      0      1.000000000000006   1.77635683940025e-15  7.105427357601002e-15
-7.105427357601002e-15    1.4210854715202e-14   1.77635683940025e-15      1.000000000000002   1.06581410364015e-14
                     0                      0  6.661338147750939e-16 -3.552713678800501e-15                      1
