5
2

0.1280469274578741
 1.781226042673319
  4.37710283275605
 7.147742801890819
 20.62945261463251

   -0.4059557458485347     0.8164927202632422    -0.4105344276945245 -0.0009921647522452544 -0.0002635456789382858
   -0.4622987915184713     0.1632188940495654     0.7825790488075199    -0.2646020299821241    -0.2778402744071742
    0.2253515834479581     0.1109928698567137 -0.0003791679534187503    -0.8369415671090539     0.4862364817197214
   -0.7329710434614176     -0.442798595048916    -0.1562517320627284    0.02943629004267053     0.4913265255669685
    0.1828930645423715     0.3135430073308051     0.4411539056883741     0.4781705756443078     0.6670659949211469

76.31655710758928
131.4075146691294
185.2132034927696
221.6367329659261
261.4889826884233

   3.363538564200321
0.004557575837320531

  -0.03808809847568329    0.01448187977488976    0.02348460299906416 -2.269976168336844e-05  7.884273666381152e-05
     1.856932161123457    -0.3117426819030353    -0.5424661648905317  0.0006336197002703112  -0.001774678562437671

0.0002893109016955839    0.1216262709613504   -0.1327222191790886    0.9131599848227295     3.394681351078246
 -0.01288180899066677    -4.231001219495072     7.331659615165275    -58.19842577373804    0.7163942806647551

cov:
43.33720075767047 41.22063671980909  39.0415301130738 32.89049688178615  36.0286443913468
41.22063671980909 52.18665159984428 62.79954027814864 61.22236151174049 78.78550016265325
 39.0415301130738 62.79954027814864 86.01710885639638 88.88765473393852 120.6218658277091
32.89049688178615 61.22236151174049 88.88765473393852  110.993088925135 128.9213713980006
 36.0286443913468 78.78550016265325 120.6218658277091 128.9213713980006 206.4786836415535

cov.inverse():
   10.13183224290503   -20.23187108366861    10.05299047214519  0.05305910986924223  0.04596590972745231
   -20.2318710836686    40.67300871355999   -20.40195609476536 -0.06777160558452273 -0.02836722343444076
   10.05299047214518   -20.40195609476535    10.47319845054249 -0.04000074816792853 -0.06275267895441644
 0.05305910986924559 -0.06777160558452955 -0.04000074816792504  0.05924240993540701 0.002979117144096395
  0.0459659097274525 -0.02836722343444113 -0.06275267895441627 0.002979117144096412  0.04244559133001944

cov*(cov_.inverse()):
     1.000000000000011 -9.903189379656396e-14 -4.085620730620576e-14  6.938893903907228e-17  2.220446049250313e-16
-7.860379014346108e-14      1.000000000000232  7.105427357601002e-15  2.498001805406602e-16                      0
-7.993605777301127e-15  2.491340467258851e-13     0.9999999999999352 -8.326672684688674e-16                      0
-4.884981308350689e-14 -4.440892098500626e-14   -1.4210854715202e-13     0.9999999999999994                      0
  1.63424829224823e-13 -9.414691248821327e-14 -2.433608869978343e-13                      0      1.000000000000001
