5
2

0.1435817660201077
0.1934247416397679
0.1955239985304521
 5.570793776262075
 22.30239706349257

 -0.7118721092111473   0.5548621442337688   0.3759882715144796 -0.01072254930461229  -0.2094849580364679
0.009455583244884635   0.5576357047793843  -0.7978048521017075   0.2290390937564429 0.001234582884572856
-0.02244681488053545  -0.2555305946071998  0.04658417775113178   0.7883297359992486  -0.5572848440824638
 -0.6631054220928623  -0.4746266854639342  -0.2882115480519867   0.1764857258940111   0.4699016926567813
   0.230078316591411   0.3010050602842325   0.3700057507651135   0.5429688171181257   0.6517212056975257

103.8936945195523
130.4651922989601
 156.265957135993
220.8922227002234
261.4611203369656

 4.773638924504027
-3.064522461083281

-0.04362075770974159 0.004442611196140365  0.00917807193781741  0.01403699928240237  0.01606276337377601
   1.958887831254246 -0.08460555980321777  -0.1953278438702424  -0.3167471328509512  -0.3643809140591646

 0.0006896550213143309 -7.567026408936226e-05  9.120544264536279e-05      1.061248583970985      6.360260983002519
  -0.02958633310892271    0.00202702519542879  -0.002985271579101787     -44.36651910228274     -28.10297404811231

cov:
39.98649880139448 44.20653965259645  48.2687112687337 58.50520943395408 64.91674796399852
44.20653965259645   52.077636819051 59.62928345645023 78.69016029400476 90.65672302663691
 48.2687112687337 59.62928345645023 70.70041059005042 98.34377452527981  115.737000579688
58.50520943395408 78.69016029400476 98.34377452527981 147.6324771756975 178.5679263917982
64.91674796399852 90.65672302663691  115.737000579688 178.5679263917982 218.1298931773416

cov.inverse():
   24.61117455460738   -18.85843953733708   -13.20573433645336 -0.03825205517534943    7.551416098565353
  -18.85843953733697    24.96073213328456   -2.078332318867818   -2.146450649283569   -1.901630339285592
  -13.20573433645034   -2.078332318869437    23.92951219376313   -4.120258337606056    -4.52985072204262
-0.03825205518344404   -2.146450649279009   -4.120258337599658    17.66539996086638   -11.37182107929723
   7.551416098570341   -1.901630339288444   -4.529850722047634   -11.37182107929434    10.26038206775178

cov*(cov_.inverse()):
                     1  5.684341886080801e-14  -1.13686837721616e-13  4.547473508864641e-13                      0
 4.547473508864641e-13     0.9999999999998863 -3.410605131648481e-13                      0  3.410605131648481e-13
 3.410605131648481e-13 -8.526512829121202e-14     0.9999999999997726                      0  2.273736754432321e-13
 6.821210263296962e-13  -1.70530256582424e-13 -4.547473508864641e-13      1.000000000000455  4.547473508864641e-13
 4.547473508864641e-13  -1.70530256582424e-13 -5.684341886080801e-13                      0                      1
