6
2

0.05457227214239738
 0.1314256640454324
  2.028842926078696
  3.170528752094874
   5.72839205079567
  13.34475040824116

   -0.4986016551718643     0.8339007458343252    -0.1677494068387154    -0.1669312653835334 -0.0001507755302299489 -4.434281278633305e-05
    0.1638037981835826    0.05367480866090006    -0.7966146612886361     0.5793896438679761  0.0001152701740958078 -0.0001983107826929882
   -0.4581084743989101    -0.0561270650345274     0.4006900912793129     0.6855678868821784     -0.230433722507531    -0.3214510865004439
   0.08648626915058674      0.050184174018997   0.009160460339746232    -0.0161694911987719    -0.8754496320269086     0.4724873006030219
   -0.7121280590719913    -0.5309437055973223    -0.3260666829941087    -0.1977181193277291    0.03625162145188292     0.2534685235720147
  0.009751080718747316    -0.1189900993671207    -0.2651589577657336    -0.3564889318559209    -0.4232895288533702    -0.7804989532480648

69.29345894155682
109.6381522175283
155.2058492202297
183.6608586774079
220.1268463455202
262.6868093592057

 3.272887731233624
-5.115509010064309

  -0.06716599628337579    0.05780058459236301   0.004494912275070721   0.004826901168489163  1.764476534166833e-05  6.766483047261976e-06
     2.455258164120793     -1.194973077232098    -0.1205002636614302    -0.1390502372909928   9.31858126734797e-06 -0.0002995847238544957

 0.0002386355396415171 -0.0001499903984654222     0.1343081393595164   -0.02972838028789812     0.4831695836896634     -1.862383848442313
 -0.006484166729716708   0.006105361181997906     -4.944473209974555      1.541736165035136     -34.36615790547256      44.14356587931726

cov:
 17.59825242923183  12.34890428295637  6.409505119773998  2.696333526264357 -1.908750198394337 -6.261491616315808
 12.34890428295637  11.81224926296119  11.21056497102475  10.83236413601414  7.949526449930262  12.43532945475233
 6.409505119773998  11.21056497102475   16.6824150005946   20.0703255081179  19.13923131631039  33.65656066570893
 2.696333526264357  10.83236413601414   20.0703255081179  25.85742021099282  26.12910426058543  46.92107852675515
-1.908750198394337  7.949526449930262  19.13923131631039  26.12910426058543  39.87359477357283  55.28274187229488
-6.261491616315808  12.43532945475233  33.65656066570893  46.92107852675515  55.28274187229488  113.2616142931349

cov.inverse():
    85.09693128073631    -139.0851907777354     20.49269345549999     33.37019137458522   0.04364002209555476   0.03984051357145543
   -139.0851907777352     233.6752797442991    -49.44659906478228    -44.94761600710079  -0.04339228842178788 -0.009870237067610253
    20.49269345549945    -49.44659906478142     46.23122836904142    -17.24940556561866  -0.01978271674828088  -0.02057368071888251
    33.37019137458554    -44.94761600710139    -17.24940556561837     28.90784546728666  -0.02402450758365176  -0.05843016588036663
  0.04364002209556495  -0.04339228842180747  -0.01978271674827084  -0.02402450758365238   0.09019756275318702   -0.0210172311773321
  0.03984051357145721  -0.00987023706761056  -0.02057368071888885  -0.05843016588036178  -0.02101723117733208   0.05269337391648122

cov*(cov_.inverse()):
     1.000000000000018 -9.440365156265784e-14  4.202194148206218e-14 -7.960299086562372e-14 -2.775557561562891e-17                      0
 2.177147351289932e-13      0.999999999999943  4.013456234019941e-14  5.773159728050814e-15  1.665334536937735e-16  1.110223024625157e-16
 1.261213355974178e-13  5.617728504603292e-14     0.9999999999998734   1.06581410364015e-14   3.33066907387547e-16  2.220446049250313e-16
 2.753353101070388e-13  4.765077221691172e-13 -3.730349362740526e-14      1.000000000000009   3.33066907387547e-16                      0
 1.505462421391712e-13 -9.536815781530095e-14 -4.218847493575595e-15  -5.46229728115577e-14      1.000000000000001                      0
 6.430411758628907e-13 -1.223465773136923e-13 -1.252331571777177e-13 -3.552713678800501e-14  8.881784197001252e-16      1.000000000000001
