5
2

              nan
              nan
0.175656654577081
2.176337923259375
3.445963219244832

                    0  -0.05706211274294812   -0.8914035192086103  -0.01316446292943664    0.4494111459984003
   0.5881154526358692   -0.8048204527197529   0.06175557169576922   0.04584708828114306    0.0216459491718029
   0.8066741567944726    0.5808486374040641  -0.07593940365816226  -0.01258517357712457  -0.07724302922493777
 -0.04179826769428492 -0.009829913602361939   -0.2282212229708571     0.873266156865013   -0.4283428186350556
  0.04061925588424944    0.1073600828878907     0.379123061372904    0.4847396972522109    0.7798185807588761

60.60928041979849
93.32317084236882
158.1449882818481
182.8087759074885
215.2552505327089

2.078709359182596
-13.9990656375885

-0.9922093147663551   1.195137550974199  -2.526117353542204 -0.1106418354832761   1.183775416516383
  47.25061426236342  -55.74363803716096   119.0959229466427   5.219819430052159  -55.87761676520551

-7.626549338307014e-17  4.463328920734487e-17 -0.0001360624829790692    0.01210945776728231  -0.002428446438787101
 3.597418295458088e-15 -2.098743514973312e-15    0.02911576120657954    -0.5408470237009709     0.5047204656790915

cov:
0.04794554693331855 0.06818754187220769  0.2261582159875629 0.06061097430285434  0.4590163541611231
0.06818754187220769  0.1477373612528088  0.4925953439081706  0.5770937202357763   1.012722007473635
 0.2261582159875629  0.4925953439081706   1.953671669510061   1.238343690689057   3.973912258612524
0.06061097430285434  0.5770937202357763   1.238343690689057   6.402209742161153   2.717057141299407
 0.4590163541611231   1.012722007473635   3.973912258612524   2.717057141299407   8.090400205044993

cov.inverse():
-1.240708294305986e+16  1.694681461962206e+16      -1801934941101272     -974576817557870.9     -205014071983714.1
 1.705720702046743e+16 -2.329049809399132e+16       2600914890522404       1341669914243363      219527040971031.2
    -77425106515553.12      229376912111984.9       1919934330233394         22438375691105     -974905119208644.9
    -949108838915596.4       1298211916101490     -109323108724335.8     -74131341858159.66     -30061771852597.73
     -1074445170634457       1405257460060735      -1129672123484805     -98776448068445.81      473110328950040.8

cov*(cov_.inverse()):
     1.25     0.125     0.125  -0.03125  -0.03125
    0.375      0.75         0 -0.015625    0.0625
      1.5         0         1   -0.0625     -0.25
       -1        -2       0.5    1.1875         0
        1        -2         0     -0.25         1
