5
2

0.05221582015451732
0.09363155682684395
 0.5428869327371673
  1.067530698761517
  1.344642042448936

  -0.6189633480592936    0.7542147853005697 -0.002084497643808096   -0.2188377072727649   0.01225333172722139
   0.1386958225204639   -0.1457619219699056 -0.002600621800185123   -0.8693529684379361    0.4513707832297215
  0.02787749169148747   0.05972150260085705   -0.9395231750104345    0.1526917832667362    0.2993954083235458
-0.005356874081545413   -0.1121827677767758   -0.3411230663592461   -0.4150379239889775   -0.8359215906785765
   0.7725554944026138    0.6275044927956234   0.03033395542626402  -0.02764444098715525  -0.08781660219084968

26.29645986389426
 49.3838899236971
107.4951393434056
 133.713281823755
181.2659072079286

  1.77440963887752
-13.43104538285588

 -0.05376954350115419   0.04878319526976707 -0.001731625187368131  0.006585161235015905  0.001459279494373248
    2.021463095426232   -0.8418881361123165   0.06954972165087571   -0.1392448617032023  -0.09122615101907594

0.0001871867347995331  -0.00017209356950822  0.001321478492492548 -0.009740159178146551  -0.02041483266382086
-0.005063004944646182  0.004232459639145689  -0.03178425310784216    0.2210198588317021     1.893717485701863

cov:
   1.080602414609542   0.8762415914483135  0.03673484140489794 -0.03551402250400257  -0.1145735248738065
  0.8762415914483135   0.7290764957629566  0.06148913088774091  0.02504495204302705  0.01195354466455104
 0.03673484140489794  0.06148913088774091   0.3944317411752177   0.1175707328127625   0.2372356450195017
-0.03551402250400257  0.02504495204302705   0.1175707328127625   0.2113168102598632   0.4097947939349014
 -0.1145735248738065  0.01195354466455104   0.2372356450195017   0.4097947939349014   0.8384761353569172

cov.inverse():
  143.0429541616338  -173.2522232824191  0.3577732339012899   35.93117268447156    4.35388609403684
 -173.2522232824191   211.2988097595718 -0.6796560851137172  -46.01944025811986  -4.002644613099596
 0.3577732339012922   -0.67965608511372   3.099978229307323 0.06221696421523143 -0.8489280170382686
  35.93117268447139  -46.01944025811967 0.06221696421522989   104.0034004587281  -45.28209450244628
  4.353886094036904  -4.002644613099673 -0.8489280170382681  -45.28209450244626    24.2158930742575

cov*(cov_.inverse()):
    0.9999999999999887  -4.54081217071689e-14  1.387778780781446e-17  8.881784197001252e-15  4.440892098500626e-16
-7.965850201685498e-15     0.9999999999999805 -1.561251128379126e-17  8.548717289613705e-15  5.551115123125783e-17
-1.554312234475219e-15  1.332267629550188e-15                      1  -1.77635683940025e-15                      0
-1.554312234475219e-15  2.220446049250313e-15                      0     0.9999999999999964                      0
 2.220446049250313e-15  2.220446049250313e-15  1.110223024625157e-16                      0                      1
