7
2

                  nan
                  nan
                  nan
8.629791630403303e-09
3.972166933838252e-08
    2.236203987510269
    2.808238177119569

                   -0    0.8648050983055228    0.1331346509039905    0.1550536431898488    0.3753401119253685  -0.01963724137258083   -0.2628304653919121
                    0   -0.4208588168850058    0.1903514891591516   -0.2798438136548882    0.7418099611432879   0.03060788307543627    -0.396374501988169
  -0.9963681847483884  0.005956563489398684  0.006709284308091447  -0.01478147334253871   0.03129326239645033  -0.04562357681530053   0.06237526985641541
                    0   -0.2569283191280115   0.03115279274471346    0.9312282388760444    0.2327509554151644  -0.09048881593795424   0.05890735435881498
                    0  -0.03982900213487138    0.9620139318360148   0.01742156207294298   -0.2633299129784707  -0.05717584386659232 -0.005254952538759372
 -0.08435520624866744   -0.0758606150488448  -0.09354525626686737    0.1707218584971416   -0.3933089494928599    0.4148559311291437   -0.7889457047098984
 -0.01160343052490802   0.04001467293044823    0.1039444288801553   0.02813927974394194    0.1721944644578759    0.9016835802867629    0.3794518552358174

32.45814104559935
60.46750912147082
93.53180864940867
128.5015595456771
158.1303741030013
183.2489256208018
215.2246921414762

2.075431582203335
-13.8324712117513

 -6.507679549249672 0.01655683847482087  0.1107439784042324 -0.5038015023516983  0.3832139577838538 -0.2559146577041555  0.2435037765701566
  383.0154604481813 -0.1467379732445964  -6.255224163194186    24.9641448383593  -22.55513758035417   15.57062070952899  -15.16385935129441

-3.217098528029705e-17 -8.321023017330067e-17 -1.755582851068834e-17 -2.556393927760429e-17  1.505489863308721e-17     0.0116548407351349   0.008988451213544859
  1.68460383062698e-15  4.560038929234967e-15  1.033262140433223e-15  1.157180369522267e-15 -7.068428733471803e-16      -0.78500177532388      0.032026050904917

cov:
 0.03664512749769674   0.0283384592332452  0.02994830470374235 -0.07459008871889058   0.1501514712037615  -0.2575079279904279   0.2980763715540919
  0.0283384592332452  0.04140484653980851  0.06828741682502518 -0.05588346624812689   0.2035397790309842   0.1271634054369692   0.4190271989157638
 0.02994830470374235  0.06828741682502518   0.1289649242106552 -0.05679429458370783   0.3251357169309913   0.5450715028045297   0.6801023600815268
-0.07459008871889058 -0.05588346624812689 -0.05679429458370783   0.1519919383823902  -0.2975609935623118   0.5542623967061834  -0.5893283801351945
  0.1501514712037615   0.2035397790309842   0.3251357169309913  -0.2975609935623118    1.007386985477788    0.408518477113393    2.066966322918702
 -0.2575079279904279   0.1271634054369692   0.5450715028045297   0.5542623967061834    0.408518477113393    7.272376298887733    1.061535356069207
  0.2980763715540919   0.4190271989157638   0.6801023600815268  -0.5893283801351945    2.066966322918702    1.061535356069207    4.248039812192591

cov.inverse():
-1.204185181560925e+16 -1.648884506231099e+16 -3.093504748363112e+16   1.02205522784156e+16       9335339711780398        259016708805198       4234926926504460
-8.426199746223014e+16 -3.147457335046346e+17  2.663543842625867e+16 -8.602633806370962e+16  1.025173202967953e+16       4361023484000488  1.468243797907843e+16
-7.081026804189474e+16 -1.084074629203512e+17  4.031774298013643e+16 -2.654217685528736e+16   1.43777606761244e+16      -2287066771844083       -899297557222795
-1.671643531625701e+16 -1.742609530609809e+17  1.688399392496948e+16  -3.25605802283343e+16       9107303202960768       2262722021196135       6145113516406350
      4326954660281144 -1.879366924485436e+16       2342586394416872      -1131405623994710      -2017479571813888        222001607619827       1944362058382513
      5230539098735072   2.31876473486205e+16      -5363692750474786       5423246899361841      -1303137797317587     -102380144230605.1     -383517954898468.8
 1.476166701785094e+16  2.873433011644104e+16      -4368659505170243       6696030099457711      -1397389514718359        149278707666531      -1599180245945606

cov*(cov_.inverse()):
        0        -2      0.25      0.25         0  0.015625    0.0625
       -1        -2      0.75        -1     0.125 0.0234375      0.25
        0         0         2        -2      0.25 -0.046875       0.5
        2         0      -0.5         3      -0.5  0.015625         0
       -4        -8         2        -4         2         0         0
       12         8         4        10     -1.75   0.53125      1.25
        0       -16         4         0         2         0         2
