5
2

0.05960440579655141
 0.1166202148445496
  1.949385994815459
  7.061461921381565
  22.38237514035278

    0.4541339630743247    -0.8457951530282645     0.1688033998682241      0.223378454196406  -0.000617324918528357
   -0.1741108133844811   -0.07897582843678391     0.8087464714950336    -0.5562170330627395 -1.267021539665527e-05
     0.513302621307602    0.03992124510806779    -0.3279938711096679    -0.6432634568721625     0.4621242892503444
   -0.6881978273243359    -0.4405253373019562    -0.2468264260913654   -0.08092701604275512     0.5146345413188286
    0.1623327991190027     0.2876405726260429     0.3859161734557388     0.4694545999976977     0.7222132987669457

65.01077081713085
102.2432802927047
131.3634640347333
156.1009916260526
221.1458370667068

 2.923307553028776
-1.339496304916416

  -0.06607623784654579    0.05534558515217845   0.003983407908359102   0.006757028598076949 -1.954424549729071e-05
     2.440873655295643     -1.148769550956251    -0.1012986771311777    -0.1909937896284065  0.0004549528708026329

-0.0002651606701666168  8.971852234007928e-05     -0.142009025844097     0.9749604732802712       4.95387886308564
  0.007177644805435091  -0.004215383663836084      5.180841693014311     -56.49858097140316     -31.37380045694741

cov:
37.82046081385293 38.58604096550867 39.21302006381762 39.70197007026751 41.97424152794638
38.58604096550867 51.13432994523064 60.98109852850233 69.32819522752985 92.83598579495181
39.21302006381762 60.98109852850233 78.06592222656856 92.55274786362651 132.7174252166032
39.70197007026751 69.32819522752985 92.55274786362651 112.3111373066986 166.6459087432856
41.97424152794638 92.83598579495181 132.7174252166032 166.6459087432856 275.3203698147365

cov.inverse():
   60.35905845712191   -107.0940025983588    11.18351307115749    35.58917823814158 -0.02319625946789575
  -107.0940025983392    201.8232947648833   -44.88475337094545   -49.95603359146729   0.1477642912357302
   11.18351307111505   -44.88475337087379    56.14288106150614   -22.40573983765666  -0.0719630547353583
   35.58917823816449   -49.95603359151941   -22.40573983762749    36.90247034302966  -0.1166813126117921
-0.02319625946789169   0.1477642912356993  -0.0719630547353059  -0.1166813126118176  0.06265797360234174

cov*(cov_.inverse()):
    0.9999999999997012 -4.698463840213662e-13  1.105782132526656e-13 -1.953992523340276e-14  -1.77635683940025e-15
-6.279421427279885e-13     0.9999999999989484  3.819167204710538e-13  1.723066134218243e-13 -4.440892098500626e-15
-2.085887018665744e-12  1.140421090894961e-12      1.000000000000476  -8.93507490218326e-13  -1.77635683940025e-15
  1.70086167372574e-13  1.392663762089796e-12  1.527666881884215e-13     0.9999999999999254  -1.77635683940025e-15
-1.195488152916369e-12 -8.384404281969182e-13 -7.105427357601002e-14 -1.918465386552271e-13                      1
