5
2

0.2607480067848107
 2.351243783284321
  3.10960024522013
 7.706017436800685
 10.87008479445723

  -0.611577061599441   0.7843373823003977  -0.0467426434099188 -0.06408012586793287  -0.0670613987876548
 -0.1997676549264796  -0.1385497579211606   0.7166431291986243   0.2972641147095173  -0.5821971488280697
 0.03432607306617955  0.04195035668651446  -0.5186881634946964   0.8180445225746844  -0.2425440916983652
 -0.7472253987652705   -0.548034701184442 -0.07743731864022421    0.114049693964585     0.34972603381241
  0.1629180957368054   0.2520257311817603   0.4573880206036974   0.4746826413161301   0.6895022215665197

45.28541283131006
71.80764113883333
133.1410714375307
155.3834114393447
184.4887723663236

2.058185821487671
-1.38355882575441

 -0.07697794638855775    0.0765922305912986 0.0001210263180019709 0.0001434834665971301 0.0001194436651098712
    2.743250163784803    -1.732439254571595 -0.003336174318875151 -0.003868536039877643 -0.003574918749415891

0.007283665545224812  0.02667822435838503 0.005766487373785345   0.9259807224605362   0.8233223553017043
 -0.2064081805733264   -1.710709093316082   0.2023022012230924   -65.42919849454806   0.5291923013222922

cov:
 36.54973288009143  29.30340923548993  11.27920974420663  4.022987023445062 -1.679829349984448
 29.30340923548993   25.5051729666731  15.37887224669285  10.52471430875104  9.495280632289207
 11.27920974420663  15.37887224669285  30.51621944570714  22.20449142883504   34.5656537255648
 4.022987023445062  10.52471430875104  22.20449142883504  34.35603701637254  38.16623735725678
-1.679829349984448  9.495280632289207   34.5656537255648  38.16623735725678  65.88023640267068

cov.inverse():
   5.518204949946617   -7.042846164276741   0.3943256150623575   0.5677930536066682   0.6199552176048938
  -7.042846164276742    9.057483804212733  -0.5577504900072774  -0.7431790290640167  -0.7618487038475263
  0.3943256150623583  -0.5577504900072783   0.1547288467112616  0.04039746714497874  -0.0141427223138894
  0.5677930536066687   -0.743179029064017  0.04039746714497869   0.1477118329001533  0.01482264173319411
  0.6199552176048932  -0.7618487038475256 -0.01414272231388953  0.01482264173319401   0.1396247902929794

cov*(cov_.inverse()):
    0.9999999999999891  1.465494392505207e-14  6.314393452555578e-16 -1.259409243559162e-15 -1.054711873393899e-15
 3.019806626980426e-14     0.9999999999999973  1.942890293094024e-16  -3.83026943495679e-15  1.332267629550188e-15
  1.06581410364015e-14 -3.552713678800501e-15     0.9999999999999994 -6.661338147750939e-16 -8.881784197001252e-16
  1.77635683940025e-14 -3.552713678800501e-15  7.771561172376096e-16     0.9999999999999997  8.881784197001252e-16
   1.4210854715202e-14                      0  4.440892098500626e-16  -3.33066907387547e-16     0.9999999999999982
