6
2

0.2169634885232416
 2.294611303371293
 2.459178676261836
 3.462894601487253
 8.132999199181009
 11.84967894496747

    0.621558331767459   -0.7793150629185563   0.03215340051729548   0.04957907269052166   0.03685831135382304   0.03850730046584615
   0.2547717421360999     0.179942745554628   -0.7562941620022665   -0.3053168069481342    0.4776509062004922   0.09675932747457495
   0.1709999502865136    0.1269525063098169   -0.1772850383501778   -0.1129166949739879   -0.6360094206339069    0.7113043864492296
-0.004940767053488547   0.01748127936637745   -0.4650239496750358    0.8601897515524788   -0.1644234722806117   -0.1283013367371511
  -0.7128034446456706   -0.5578107742148168    -0.228145156429516  -0.04093115828327186    0.1362205880602703    0.3293581162488469
   0.1067822772916435    0.1808680381210191    0.3567321521254018    0.3872616874259188    0.5660317718172861    0.5985506565262938

44.80771414429297
71.98902574927274
133.1200651277981
154.4988529852043
183.9351121849242
218.6180133453688

  2.10935485593671
-3.021406111988334

 -0.07668090380856962   0.07626759114136504 9.077351546558487e-05 0.0001334049019526525 0.0001018879070412613  8.29528840777128e-05
    2.733383795423673    -1.721351753865385 -0.002474220256620327 -0.003796438338052422 -0.002862402982552314  -0.00268184944709174

-0.005040671369993329  -0.03088072620786626  -0.02096702418449269   0.02107246945988312    0.8023840112665146    0.8140659722404451
   0.1431003337484552     2.043165316800311     1.509826520476853   -0.5383861956107125    -65.40022502116314     -3.51582754532079

cov:
 35.74602326703082  29.36087805833344  14.93620074087641  7.160543264387712  2.058173009118704 -5.680192183596514
 29.36087805833344    25.475050360814  16.52627309869079  11.14788454118511  9.277591712973525  3.658351764796837
 14.93620074087641  16.52627309869079  27.10669031034929  16.55598796544451   25.9939374610973  24.57901887532996
 7.160543264387712  11.14788454118511  16.55598796544451  30.61003640124668  28.38097792179299  29.69123760023517
 2.058173009118704  9.277591712973525   25.9939374610973  28.38097792179299  50.18701733037607  48.30052072475109
-5.680192183596514  3.658351764796837  24.57901887532996  29.69123760023517  48.30052072475109  60.78726237456941

cov.inverse():
    8.232041692940685    -10.27171061596022    0.3858698806449795    0.6370615458716178    0.4908394397313512    0.5302074636056539
   -10.27171061596022     12.91565221923878   -0.5601753784433069   -0.8315083242804706     -0.60789088052565   -0.6214586653641879
    0.385869880644983    -0.560175378443311    0.1555193098403731   0.04879837911897632  -0.01744410673964213  -0.00308787088427254
   0.6370615458716185   -0.8315083242804711   0.04879837911897607    0.1348281039631456   0.01268031556822942   0.01390894291941136
   0.4908394397313502   -0.6078908805256487  -0.01744410673964237   0.01268031556822929    0.1438960868198423   -0.0310270615751386
   0.5302074636056529   -0.6214586653641865 -0.003087870884272807   0.01390894291941126  -0.03102706157513863    0.1225049581629947

cov*(cov_.inverse()):
    0.9999999999999973  4.307665335545607e-14   -2.3037127760972e-15 -1.873501354054952e-15 -3.025357742103552e-15  1.332267629550188e-15
-3.730349362740526e-14     0.9999999999999796  8.985867605559861e-16 -1.061650767297806e-15   1.52655665885959e-16   1.27675647831893e-15
 -1.77635683940025e-15 -1.598721155460225e-14      1.000000000000001 -2.775557561562891e-16  7.771561172376096e-16  8.881784197001252e-16
-5.329070518200751e-15 -7.105427357601002e-15 -4.996003610813204e-16     0.9999999999999978  -3.33066907387547e-16 -4.440892098500626e-16
 3.552713678800501e-15 -3.552713678800501e-15 -1.665334536937735e-16  7.771561172376096e-16                      1  8.881784197001252e-16
 7.105427357601002e-15 -7.105427357601002e-15 -2.220446049250313e-16 -4.440892098500626e-16 -8.881784197001252e-16      1.000000000000001
