5
2

0.3248024250213206
 3.476990689507761
 4.045578525907409
 8.080682205131669
 31.60571597404853

    0.622499198196286   -0.7771026319347567    0.0433796445065017   0.05395856680317542   0.06174890441208485
   0.2427519170039009    0.1833731420957765   -0.7815254632286058   -0.1351382633015044    0.5276375627890991
   -0.002184864795484 0.0006056600621829701    -0.411121301074882    0.8200456368722112   -0.3981196915389393
  -0.7285688339144291   -0.5541363027343038   -0.1291393790783856     0.110877289603577    0.3648967794622735
   0.1508275029638412    0.2354110901504899    0.4490417055703716    0.5422706915899241    0.6527914879078063

60.65214103277897
95.56447658450162
186.3796610896674
220.6606816374774
261.7432616543542

 2.715004159139263
-0.938424156581269

   -0.077473404044403   0.07724705504132688 6.591139420357222e-05 8.514594073632436e-05 8.570356735872805e-05
    2.757093274984274    -1.750566801081761 -0.001934541374808123 -0.002364779057924368 -0.002479178753766501

-0.01141929924841384 -0.05633182142899776 0.003676945236028271   0.8927145357091987    6.624255613612964
  0.3245385851658774    4.216878886817132  -0.1185114811587048   -67.88298330967578 -0.02674296147433819

cov:
58.13846084496537 62.31755974179325 71.52238957921026  76.0038910391963 82.55999311364842
62.31755974179325  75.8795186945467  108.527921776679  123.211001127457 141.4659806436425
71.52238957921026  108.527921776679 212.6604448727667 238.0637382258553 287.4312902865365
 76.0038910391963  123.211001127457 238.0637382258553  305.770336675752 350.0446721711373
82.55999311364842 141.4659806436425 287.4312902865365 350.0446721711373 440.3316125240337

cov.inverse():
    3.686179988038937    -4.575514616356402    0.2418391866715515    0.3144126668297387    0.3710340904978247
   -4.575514616356404     5.731784761681037   -0.3302081070006423   -0.4002988327550328   -0.4498052725669512
   0.2418391866715511   -0.3302081070006419   0.07914368760414686   0.01034896410193938 0.0008539021136570381
   0.3144126668297397    -0.400298832755034   0.01034896410193939   0.07067952447879128  0.006711197092141595
   0.3710340904978245    -0.449805272566951 0.0008539021136571266  0.006711197092141413   0.07132105476964794

cov*(cov_.inverse()):
     1.000000000000078  5.684341886080801e-14  2.775557561562891e-15  6.217248937900877e-15 -3.552713678800501e-15
 4.973799150320701e-14      1.000000000000114  2.414735078559715e-15  4.773959005888173e-15 -5.329070518200751e-15
   1.4210854715202e-14   1.13686837721616e-13      1.000000000000008  5.773159728050814e-15  -1.06581410364015e-14
-2.842170943040401e-14  8.526512829121202e-14  3.885780586188048e-16      1.000000000000004 -3.552713678800501e-15
-2.842170943040401e-14  5.684341886080801e-14   2.55351295663786e-15  2.664535259100376e-15      1.000000000000004
