7
2

0.03524354466546393
0.08819539256880719
 0.1104360503222944
 0.5261024689959464
  1.107173869148124
  1.485790219253845
  2.683831977589648

   -0.4478636078178203     0.8150821750419917     -0.356068539543989   -0.00505301909375485   -0.08221702609265816 -0.0002143127522917902    0.03859032983526289
  -0.04193416688151811   -0.05574011260470217     0.1757586023973567   -0.01180801850678596    -0.8904878565112447   -0.01074496939471369     0.4135456116509461
   -0.5495183800534303    0.06112797264090875     0.7895905477681002    0.01353974593081751    0.05715168059817358  0.0005971614081243557    -0.2595952463022454
 -0.004522563057248799    0.03563865873855608    0.09408529696995654     -0.935514767770195     0.1649501958892825   -0.04962699680440502     0.2915443408281598
     0.123769217096235  -0.001307490719111557    -0.1476149036258165    -0.3458059557933045    -0.4115444342783779    0.04248710712393718    -0.8198375307800647
   -0.6913976762018409    -0.5704602208331229    -0.4314108128781464   -0.06443806231619484   -0.01172045803218138    0.07753716066336683    0.01128964243230941
   0.04815854118725921    0.04583417562043241    0.04597154945227954   -0.02701498332041366    0.01704892329110188     0.9947884894457122    0.05331028094089843

26.31371913829483
49.39254476107108
76.10466260675399
107.5212875214776
133.7138792070405
155.2071211477202
181.2664189817849

 1.774356861374475
-13.43198709953122

  -0.04102619367287655    0.01489567111069628    0.02468817274314098  -0.001742960537552905   0.004211328898332463 -0.0001157090233005551  0.0001210483390673234
     1.678068763564615    0.07378936176727552    -0.6683859235142149    0.07171712872711315   -0.07405482525719803   0.003253964764777836   -0.05546047274758784

 2.657105539442522e-05  1.206447736264456e-05   0.000526071518410863   0.001496143096439011   -0.01222913673558572    0.02047000723607023  -0.001064924263611911
-0.0005587310953720598  -0.001165428784553666    -0.0174920715819352    -0.0452494938875429     0.4382895482208051     -2.026739282934775     0.3641027233554598

cov:
   1.094722663204565   0.8855106755972741   0.6467485961301163   0.0376025493810225 -0.03888999107250074   0.2332380954801667   -0.121906699479356
  0.8855106755972741   0.7347793534108797   0.5597833357034264  0.06356640568347413  0.02302067929083054   0.2302231320617377 0.007238617167149015
  0.6467485961301163   0.5597833357034264   0.4632483082517626  0.09075195372554676  0.09494201039613848   0.2465718538436499   0.1608920835809131
  0.0376025493810225  0.06356640568347413  0.09075195372554676   0.4032517764817261    0.130184022145078  -0.2097624254043626   0.2599779739604212
-0.03888999107250074  0.02302067929083054  0.09494201039613848    0.130184022145078   0.2237621326038165  0.09653144856629881   0.4301116622205967
  0.2332380954801667   0.2302231320617377   0.2465718538436499  -0.2097624254043626  0.09653144856629881    7.144240519606226   0.3371827703183074
  -0.121906699479356 0.007238617167149015   0.1608920835809131   0.2599779739604212   0.4301116622205967   0.3371827703183074   0.8703563463339758

cov.inverse():
   186.7001260816558   -296.1676393961693    91.98176844129419      1.2759266873481    31.82995023141368  0.09576273216920911   -4.538064496903019
  -296.1676393961691    535.7224266899603   -230.8333520869363   -3.266966923369957   -47.25906973815617 -0.08078426082606391    21.09458457009862
   91.98176844129405   -230.8333520869362    157.2970480236795    1.794350280846345    7.255672995167582  -0.1734818869841735   -18.32868550513531
   1.275926687348059   -3.266966923369886    1.794350280846316    3.315037202440432    1.308568869348098   0.1676029917826002   -1.827624577075182
   31.82995023141313    -47.2590697381553     7.25567299516732    1.308568869348103    107.8910558541295     1.20519031531183   -50.66519696877439
 0.09576273216919273 -0.08078426082603447  -0.1734818869841859   0.1676029917826002     1.20519031531183   0.1653917707567578  -0.6635626967264335
  -4.538064496902826    21.09458457009832   -18.32868550513522   -1.827624577075184   -50.66519696877435  -0.6635626967264335    29.56674073764369

cov*(cov_.inverse()):
     1.000000000000003  6.217248937900877e-15 -4.884981308350689e-15 -8.326672684688674e-17  8.881784197001252e-16 -1.387778780781446e-17                      0
 2.220446049250313e-15     0.9999999999999711 -7.077671781985373e-15 -1.370431546021678e-16  8.881784197001252e-15 -3.816391647148976e-17 -4.718447854656915e-16
 1.443289932012704e-15 -3.153033389935445e-14      1.000000000000007                      0  3.552713678800501e-15  4.163336342344337e-17 -8.881784197001252e-16
-2.442490654175344e-15   1.77635683940025e-15  -1.77635683940025e-15     0.9999999999999998                      0 -2.775557561562891e-17   1.77635683940025e-15
-1.554312234475219e-15  7.105427357601002e-15 -3.552713678800501e-15 -2.220446049250313e-16                      1                      0                      0
 6.439293542825908e-15 -8.881784197001252e-15  3.552713678800501e-15                      0                      0                      1   1.77635683940025e-15
-8.881784197001252e-16                      0  3.552713678800501e-15                      0    1.4210854715202e-14  1.110223024625157e-16                      1
