5
2

0.05894518021274774
 0.6366263695842932
  1.066396777046327
  1.584573370071366
  2.685209249187763

  -0.2672789631584484    0.8023113694573438    -0.533718126912017 7.445900402217031e-05 -0.001837866646945485
   0.7474827879312435   -0.1623427082389723    -0.618982075598468   0.01121193881915539     0.177903932907342
-0.002840515382942412  -0.04456168071828261  -0.06435728233424888    0.9467440864165373   -0.3123138855859397
  -0.2976534492635647   -0.1370555648231558  -0.06002287398739545    0.2850583025491126    0.8987531446613255
   0.5303072630214887    0.5560317799224123      0.56943967714077    0.1493040048589034    0.2510968632497834

77.29410682437035
112.3643942976258
129.2472380673892
157.7716098424789
257.7070290947125

 2.484558495863643
-11.53207365533178

  -0.06666082831696656    0.05943079812519703   0.007493595756239732  6.944180449747141e-05 -3.369269209195632e-05
     3.367337326308341     -2.036444765138691     -0.336407838576026  -0.002594472975213924 -0.0002031423013195977

0.0002136826113435656  -0.02598723182231009 -0.003258068382272606   0.02821274456910427    0.0141593194459185
-0.008180214430387822     1.238492265352458    0.1142204233353651    -1.767462264628023     3.326805065857233

cov:
 2.476900308670877  2.178747284899163  2.035409089976493 0.3581881336265177 0.3433245543334432
 2.178747284899163  2.291574306155189  2.346143811295834 0.4517758730360394 0.7015223310756292
 2.035409089976493  2.346143811295834  2.508068254517733 0.4979576084138544 0.8737475031810098
0.3581881336265177 0.4517758730360394 0.4979576084138544  1.384112806139616 0.5781514780469561
0.3433245543334432 0.7015223310756292 0.8737475031810098 0.5781514780469561  2.606535556394604

cov.inverse():
   22.01334558572563   -61.96005297352303    39.96389832452389 -0.01022580384514849   0.3821909951233305
    -61.960052973523    185.3803899929929   -122.9442277363956 -0.02844221726593424  -0.5131024672027824
   39.96389832452386   -122.9442277363956    82.97904700485881 -0.07716271744023143  0.02662931428955942
-0.01022580384515175 -0.02844221726592457  -0.0771627174402378   0.8239498213265346  -0.1478911171127123
  0.3821909951233448  -0.5131024672028257  0.02662931428958821  -0.1478911171127122   0.4952832712032049

cov*(cov_.inverse()):
    0.9999999999999929 -1.076916333886402e-14  1.592823095641904e-14 -1.387778780781446e-17  2.775557561562891e-17
-1.271205363195804e-14      1.000000000000054  1.243449787580175e-14 -4.163336342344337e-17  4.440892098500626e-16
 2.187139358511558e-14 -2.109423746787797e-14     0.9999999999999998 -2.775557561562891e-17  1.665334536937735e-16
-4.746203430272544e-15  9.270362255620057e-15  -9.80118763926896e-15                      1 -5.551115123125783e-17
-6.661338147750939e-16 -1.598721155460225e-14   3.58046925441613e-15                      0                      1
