6
2

0.4216309216705379
 1.282256622904312
 1.689104102942579
 2.116315168689969
 5.427994318625726
 6.203698545408782

   -0.4651110199901253     0.8585246290718322    -0.1559138266364211    -0.1116837079495576   -0.06363188630773517   -0.07599875951595576
    0.2126248604024129    0.01572837617986048     -0.896415441813573     0.3601452456753545    0.06866802988092584     0.1286963336287681
    0.1048390643414689    0.04307660683532319 -0.0002114386412790662    -0.1777923417372772    -0.6943400668446007     0.6880660481516813
     0.311125503810944     0.0682351483962038    -0.2021969358537737    -0.8195173985813859     0.4058562793648076     0.1460588869450695
   -0.5375947738686727    -0.1705070184921485    0.05296026947745416     0.1325885054060335     0.5056177971446911     0.6370913255221961
    0.5845202805703856     0.4765540961649988     0.3583877768893444     0.3701669302790889     0.2979242856870384     0.2775031533734634

33.74186273220879
 82.9412591880881
112.8970657382638
130.6131125212751
153.6900441660329
182.6201224105216

 1.764882651952614
-6.324672376216259

  -0.03586434729034364    0.03582550389117589  3.913867029446726e-05  7.443553241546531e-06  -5.84050070843241e-06  1.141178547097539e-06
     1.816664793220927    -0.8171187098101333  -0.000776420498145719 -0.0005194134270228856   0.001185319518256234  0.0001693188232194387

 0.008431992814601018  -0.01166519667054638 -0.006314519292528803  -0.03909971085617075    0.3881123927100473   -0.1491438859974269
   -0.274903437885158    0.6149705549578015    0.4412126680413581     2.286614786804337     -24.6520248856688     25.87812365659286

cov:
  22.24200995087425   13.46363233964014   6.641053728502307   5.167082874331248 -0.9194265401118149  -3.387768357323292
  13.46363233964014   9.754443899660407    6.19819552649292    5.84296725284764   2.954817495731975   2.009968777922523
  6.641053728502307    6.19819552649292    6.53446363169056     5.5270996265125   4.431615818293042   4.501404646862224
  5.167082874331248    5.84296725284764     5.5270996265125    9.10508063520286    5.12392813676759   5.634733841916377
-0.9194265401118149   2.954817495731975   4.431615818293042    5.12392813676759   13.06989685094109   11.59044383831325
 -3.387768357323292   2.009968777922523   4.501404646862224   5.634733841916377   11.59044383831325   16.39692024186644

cov.inverse():
    1.288530211687769    -2.227473681433428    0.2824204065106889    0.2785154196327234     0.173340138282994      0.24350039181817
   -2.227473681433428      4.15483611989398    -0.760488604491447   -0.5472670516149943   -0.3101802653792232    -0.353429643344245
   0.2824204065106894   -0.7604886044914481    0.6380333484642569  -0.05770561210266811  0.003781710191615988 -0.006427362251436945
   0.2785154196327231   -0.5472670516149939   -0.0577056121026683    0.3142405976227981   0.02916412598874884   0.01186835246456896
    0.173340138282994   -0.3101802653792234  0.003781710191615928   0.02916412598874892     0.242383651827959   -0.1085569904970049
     0.24350039181817    -0.353429643344245 -0.006427362251437013   0.01186835246456898   -0.1085569904970049     0.229042177918271

cov*(cov_.inverse()):
    0.9999999999999967  -1.77635683940025e-15 -7.632783294297951e-17 -2.844946500601964e-16 -4.440892098500626e-16  2.220446049250313e-16
 5.662137425588298e-15     0.9999999999999974   1.35308431126191e-15  3.122502256758253e-17  2.775557561562891e-16  7.771561172376096e-16
 2.220446049250313e-16 -2.442490654175344e-15      1.000000000000001 -3.191891195797325e-16 -1.665334536937735e-16  2.220446049250313e-16
 4.440892098500626e-16  1.332267629550188e-15  3.608224830031759e-16                      1 -2.220446049250313e-16                      0
-4.440892098500626e-16                      0 -2.081668171172169e-16 -2.775557561562891e-16     0.9999999999999998 -4.440892098500626e-16
                     0  -1.77635683940025e-15 -1.942890293094024e-16 -5.273559366969494e-16                      0                      1
