5
2

0.3201154128459646
 2.279496027056826
 2.394805717962815
 6.272826471005805
 12.40136166671262

  0.5916709627244185  -0.7964211213615193  0.05920892403040232  0.06512672914611366  0.08883513822756184
  0.2416659670198517   0.1652646826344686  -0.4594833066383117  -0.5812411659873562   0.6044162000976392
  0.1454282598004067  0.09461566992786193  -0.7621243738479699   0.6201384250133744 -0.06703184962612134
 -0.6783894476952965  -0.4287640287112772 -0.05584708585937888   0.2156955080256738    0.553448927867338
  0.3319057257117062   0.3815891308860423   0.4487949821730858   0.4762572810486627   0.5621302257073663

62.89653777267156
 89.8170593578489
 129.751875379373
155.6235717077325
 184.885212342955

  1.794865369370347
-0.9302245851606102

 -0.06647342801808206   0.06624550276700221 5.155584977798583e-05 9.481989247511432e-05 9.766595176886319e-05
    3.367352881005535    -2.358213972185101 -0.002189561211790772 -0.003465954410705588 -0.004055559703958739

-0.00943495545528718 -0.02668767247230504 -0.01942069047464924   0.6595889302447943   0.5134943503819431
  0.3965514328502809     2.20634022169173    1.527688490252761   -50.21358060970518    32.73681570471533

cov:
35.51136431256452 31.16159774200422 23.19047049749051 18.34419439446947 14.62892009504779
31.16159774200422 29.88595456819663 26.46724478231266 24.14267677198815 24.12727598359414
23.19047049749051 26.46724478231266 35.52791478256795 31.07576662029893  36.4335504305599
18.34419439446947 24.14267677198815 31.07576662029893 40.67576840819185 43.80746131328929
14.62892009504779 24.12727598359414  36.4335504305599 43.80746131328929 62.57479149413626

cov.inverse():
   3.443571402275546   -4.580131712825055   0.3031002907688345   0.3620346702074667    0.531005068642507
  -4.580131712825052    6.202175584343662  -0.4856336659859329  -0.5155857283829079  -0.6769397012554422
   0.303100290768834  -0.4856336659859323   0.1775080284646385 0.007702974626648696  0.00764352657761751
   0.362034670207467  -0.5155857283829084 0.007702974626648821   0.1761222343228499 -0.01362548337566141
  0.5310050686425072  -0.6769397012554426 0.007643526577617589 -0.01362548337566139   0.1579405550708474

cov*(cov_.inverse()):
    0.9999999999999991 -5.506706202140776e-14  1.207367539279858e-15 -8.604228440844963e-16  -1.77635683940025e-15
                     0     0.9999999999999609  5.551115123125783e-16 -2.775557561562891e-16 -3.996802888650564e-15
                     0 -4.973799150320701e-14      1.000000000000002 -1.221245327087672e-15                      0
 -1.06581410364015e-14                      0 -1.110223024625157e-16      0.999999999999998                      0
                     0 -2.131628207280301e-14  4.996003610813204e-16 -1.554312234475219e-15                      1
