5
2

0.2588080803837337
 1.354263458065951
 1.998342707178691
 6.098019027406011
  11.0981097658279

 -0.5746890456711879   0.8066633755310184 -0.09195678101720151 -0.06129178789521651 -0.08254675356430033
 -0.3195735524711779  -0.1666057280207052   0.8793288671320468  -0.1436194776299013   -0.276169268792217
 -0.1027446285409739  -0.0734007173755009 -0.08160650861944194   0.8342429014753602  -0.5305045099560015
  -0.638203373560712      -0.379678473894 -0.06852291844338967   0.2689026710660587   0.6095380821399019
  0.3869693019196676   0.4147207748809786   0.4549392061057951   0.4553535958059782   0.5137556420987709

52.78522618681668
75.51229440025486
102.5753754393715
130.8476579235206
155.5593863559986

 1.514001840970212
-1.041023210090834

 -0.06612683623831447   0.06571669974255062 0.0001229159702606988 0.0001223858024447407 0.0001550178956008076
    3.350134873093571    -2.333248909672603 -0.005604841470244759  -0.00466127607084027 -0.006468257023276081

 0.00609412350482986  0.01876451490170093 0.007908298813298678   0.6459228184534567   0.2286386082221192
 -0.2549385670664355   -1.255126505833093  -0.6906380850773461   -46.74241041014971    39.50701887106248

cov:
33.84133286889879 28.87381649366599 22.83126260372878 15.06579295796352 10.40382270820903
28.87381649366599 26.66064047297339 23.95616762371582 19.25911535168025  17.8723793894166
22.83126260372878 23.95616762371582 27.11191976926055  24.3269766425977 26.96262517334053
15.06579295796352 19.25911535168025  24.3269766425977 31.04468296035045 33.21472426027781
10.40382270820903  17.8723793894166 26.96262517334053 33.21472426027781 47.58968507314601

cov.inverse():
     5.001215208507268     -6.882273666795554     0.6404558120393349      0.526248135080899       0.76115849316666
    -6.882273666795554      9.736448427830453     -1.183588564393559    -0.7416400539603266     -0.963770202820139
    0.6404558120393345     -1.183588564393558     0.5513145074906627 -0.0005749751937059592  -0.007468711594046028
    0.5262481350808987    -0.7416400539603265 -0.0005749751937058459      0.245238845074866  -0.007357847799193512
    0.7611584931666602    -0.9637702028201394  -0.007468711594045991   -0.00735784779919341     0.2259244547169186

cov*(cov_.inverse()):
     1.000000000000003  5.329070518200751e-15 -2.137179322403426e-15  5.967448757360216e-16 -2.220446049250313e-15
 5.329070518200751e-15      1.000000000000039 -5.856426454897701e-15  -3.05311331771918e-15 -2.664535259100376e-15
  1.77635683940025e-14   1.77635683940025e-14      0.999999999999999 -1.443289932012704e-15  -1.77635683940025e-15
-7.105427357601002e-15  7.105427357601002e-15 -3.691491556878645e-15                      1 -8.881784197001252e-16
   1.4210854715202e-14 -2.131628207280301e-14  1.443289932012704e-15 -1.054711873393899e-15     0.9999999999999982
