5
2

0.3328484653169971
 2.725244866025619
 2.938674963007045
 8.271015797851019
 12.81582947980616

  0.6316097957815971  -0.7713253617239169  0.02155657080375349  0.05394196094083843  0.05245790063696693
 0.01419934528427924  0.01945902673952681  -0.3627134481800031   0.7687109628767587  -0.5262529191693923
  0.2859363975084969   0.2354173989205074  -0.8108320212548494 -0.08972944705042678   0.4442061283966773
 -0.7111646278285204  -0.5586935581731753  -0.2517805117586512   0.1275842522057939   0.3200550150660963
  0.1155538539885713    0.192662110912132   0.3835782527345392   0.6179357614866262     0.64849960412658

54.18498824967882
86.33164442702049
157.9207564011032
218.7129953676836
259.6994966577938

 2.496025278007319
-2.426849969819478

 -0.07765591930570014   0.07747269729603115 1.222800619034032e-05 8.317364764407961e-05  5.85583588051863e-05
    2.763387431881034     -1.75821743622062 -0.000499126483157258  -0.00252237321747111 -0.001299000773262017

-0.01205342116451083 0.003220068258866233 -0.03417707453905122   0.8187903097017258   0.9931389183454519
  0.3435899409714295  0.02934212804255921     3.24958716522409   -67.28303116755801   -3.615755143481646

cov:
 37.54343217047927  31.36672042255847  17.49034686422199  5.384153313582579 -2.217804891942084
 31.36672042255847  27.99721152636705   20.0582714906157  14.60167236565184  9.111065437640645
 17.49034686422199   20.0582714906157   35.1572887821045  35.29066145500296  33.65077949021215
 5.384153313582579  14.60167236565184  35.29066145500296  68.28837373037197  65.26334259201299
-2.217804891942084  9.111065437640645  33.65077949021215  65.26334259201299  79.84243959331407

cov.inverse():
    3.617815386351416    -4.383597916919417   0.09824208081319932    0.3051335479798784    0.3098965711111825
   -4.383597916919417     5.381354069121961   -0.1706283610453349   -0.3763021234316681   -0.3563433477774354
  0.09824208081319928   -0.1706283610453348   0.09986132871038977  -0.01764768967579884 -0.005462964390391054
   0.3051335479798786   -0.3763021234316684  -0.01764768967579879    0.1093227994950063  -0.03050599241281235
   0.3098965711111821    -0.356343347777435 -0.005462964390391112  -0.03050599241281237   0.08903427514858325

cov*(cov_.inverse()):
     1.000000000000017 -8.659739592076221e-15 -1.908195823574488e-17 -5.273559366969494e-16 -7.494005416219807e-16
 2.797762022055394e-14     0.9999999999999991 -2.498001805406602e-16  2.220446049250313e-16  1.110223024625157e-16
   1.4210854715202e-14 -5.329070518200751e-15                      1 -4.440892098500626e-16   1.77635683940025e-15
                     0                      0 -1.665334536937735e-16     0.9999999999999998                      0
-7.105427357601002e-15  7.105427357601002e-15  1.665334536937735e-16                      0      1.000000000000001
