6
2

0.1075386704104893
0.7225514326813215
 3.246258544106215
 4.428256558374732
 6.385623031863401
 22.90787677176829

   -0.3653925647812135     0.8152554411279029    -0.4492721058844418  -0.001021627716804557 -0.0002239049819447095 -0.0005659783400637493
    0.5986653304563556    -0.1504798670101076    -0.7603357278443226    0.05543360540780847     0.1190120376190789     0.1536504571776285
   -0.2449176330832858    -0.1915449766841659    -0.1499739022869636      0.871626344351259    0.06664913441581719    -0.3415539668328368
    0.1025172598946788    0.06904153047386474    0.04114739592774513     0.2832936529298022    -0.8487785261538696     0.4270246948967142
   -0.6341947294771758    -0.4476717133373207    -0.2969933788911349    -0.1265429642369021    0.09823790794804931     0.5324642774120675
    0.1881241750656451     0.2661732544612345     0.3281063991659051     0.3754000158670577     0.5013165712720768     0.6275856974523807

100.1143545453225
131.1212838931547
155.7280262863592
186.7657087960249
220.5201871302858
 261.454610832309

  2.826211539491104
-0.3186593632697847

  -0.05827109486878417    0.01670882374523959    0.04127624810956754 -2.954635687029252e-05  0.0001540730956032491  5.698119014136121e-05
      3.06187873435088    -0.5680849250016574     -1.483375731405137   0.001323381543517393  -0.005330701105308006  -0.002570666581828439

0.0001893059351721464  -0.03589699576982704   0.05106620101771449  -0.06346780780826651    0.7040250864486626     3.741694520000835
 -0.01058714490725375     1.589961673000093     -4.39390445542509     4.263854042231953    -50.93022393707233     -34.4719625821302

cov:
   35.99918893071 38.43667740229073 40.30566013493172 38.66985442121847 45.10944871377656 49.97504089899252
38.43667740229073 45.85064391382581 51.66524093166528 53.36558272683284 66.93758945404227 79.19685516529269
40.30566013493172 51.66524093166528 60.66462562895273 64.99811003815235 84.28989557171843 102.4332207819959
38.66985442121847 53.36558272683284 64.99811003815235 84.18794741171699 94.15242573793692 120.1256252469277
45.10944871377656 66.93758945404227 84.28989557171843 94.15242573793692 146.4593791421036   159.89807257933
49.97504089899252 79.19685516529269 102.4332207819959 120.1256252469277   159.89807257933 223.0665104887512

cov.inverse():
    12.24754123659279    -25.91939188585501      13.3317120410401   0.07917079291252671    0.1362100143006958    0.1961862773365806
   -25.91939188585468     57.52438256633631    -31.44642917649218    -0.101264127735967  -0.05511146351618847  -0.08200186066788055
    13.33171204103967    -31.44642917649164     18.56569281468425   -0.0516955596782897   -0.1677571491503951   -0.1995111783865109
  0.07917079291255941   -0.1012641277360399  -0.05169555967824946   0.08282326278122749  0.005960529714780506 -0.006920330237996966
   0.1362100143007229  -0.05511146351624798   -0.1677571491503629  0.005960529714780504   0.06500975045149975    0.0162754709005237
   0.1961862773366198  -0.08200186066796952   -0.1995111783864607 -0.006920330237997068   0.01627547090052341   0.07332045212267869

cov*(cov_.inverse()):
     1.000000000000302 -2.779998453661392e-13  2.060573933704291e-13  2.220446049250313e-16  9.992007221626409e-16 -8.881784197001252e-16
 1.243449787580175e-13     0.9999999999997984  1.989519660128281e-13  1.110223024625157e-16  8.881784197001252e-16  -1.77635683940025e-15
-2.131628207280301e-13  6.163958232718869e-13     0.9999999999994778  8.881784197001252e-16  3.108624468950438e-15  8.881784197001252e-16
  1.56319401867222e-13 -2.895461648222408e-13 -4.263256414560601e-14                      1  1.110223024625157e-15                      0
  1.77635683940025e-13 -1.794120407794253e-13  1.669775429036235e-13  4.440892098500626e-16      1.000000000000004   1.77635683940025e-15
                     0   1.06581410364015e-14 -7.105427357601002e-14 -4.440892098500626e-16  2.664535259100376e-15                      1
