6
2

0.03521372708869565
0.08844109948302822
 0.1106282544336543
  1.054434787517113
  1.483452191849444
  2.682954146915571

   0.4490671101312311   -0.8151610831639629    0.3550457876334949   0.08066422698159049  3.61917492369435e-05  -0.03587351324683021
  0.04847674518656099   0.05364978501924678   -0.1819472312032137    0.8915988115972956   0.01020031586861547   -0.4081843009174422
  -0.5479684014287131    0.0602649762962789    0.7896614209641614   0.06800942355532959 4.356849483940705e-05   -0.2605922491517914
   0.1039766751217391  -0.02448016658239686   -0.1758702451118996   -0.4399911866487363   0.05992901380643842   -0.8720524630632218
  -0.6946711877698061   -0.5711927649364935   -0.4291654407740843 -0.003909558278512315   0.07896177351641576   0.02715776664389761
  0.04837518706193391   0.04627946005144984   0.04646735748375727   0.01766439857250982     0.995022362550437    0.0545646826267998

26.31371890429146
49.39254332548425
76.10465824562037
133.7138633417956
155.2070975547458
181.2663870469786

 1.774356861374475
-13.43198709953122

  -0.04031781774334887    0.01309610231619328    0.02567675636931174    0.00497138502810519 -3.015323126960575e-05  -0.000883550380147066
     1.645622310356425       0.15330382596496    -0.7111413921887062    -0.1046329405769439 -0.0002617233643504163   -0.01472863847836297

-2.384744284723233e-05 -8.845419299413455e-06  0.0005351505873334997   -0.01161548900040039    0.02082201027879918  -0.001019038504429395
 0.0004385010576864472   0.001017682891621631   -0.01783592661756517     0.3905735779048411     -2.036786268360893     0.3652739896429585

cov:
   1.094762486298946   0.8856381906920614    0.646753672904067 -0.03881051018124605   0.2327047131375822  -0.1217566164688337
  0.8856381906920614   0.7349546037023598   0.5598678694773238  0.02311719742525137   0.2305920309798942 0.007448455506724438
   0.646753672904067   0.5598678694773238   0.4632974035177753  0.09505978717030586   0.2465116706105387   0.1611685555615105
-0.03881051018124605  0.02311719742525137  0.09505978717030586   0.2238045278679585  0.09659447231648804   0.4302423502757696
  0.2327047131375822   0.2305920309798942   0.2465116706105387  0.09659447231648804    7.144475609539464    0.337395395353043
 -0.1217566164688337 0.007448455506724438   0.1611685555615105   0.4302423502757696    0.337395395353043   0.8707118954864219

cov.inverse():
  187.6935653224591  -297.3972083472888   92.21507007540937   31.65343003516008 0.06173942124730299  -3.943397432698558
 -297.3972083472888   536.6880807139192  -230.6455747194734  -46.56624443260891 0.03096898218230826    19.5122643237643
  92.21507007540933  -230.6455747194733   156.9535685696862   6.814931701856156 -0.2425560250164903  -17.45751578780227
     31.65343003516  -46.56624443260861   6.814931701855888    107.431473000325   1.143901091330446   -49.9648714826054
0.06173942124730668 0.03096898218230313 -0.2425560250164896   1.143901091330447  0.1569099937089001 -0.5727686618523664
 -3.943397432698508   19.51226432376412  -17.45751578780212  -49.96487148260542 -0.5727686618523661   28.57246468980448

cov*(cov_.inverse()):
    0.9999999999999878 -2.176037128265307e-14 -6.661338147750939e-15 -2.664535259100376e-15                      0                      0
 4.961309141293668e-15     0.9999999999999691 -1.479372180313021e-14 -2.442490654175344e-15  3.469446951953614e-18  2.525757381022231e-15
 1.165734175856414e-14 -4.929390229335695e-14      1.000000000000005                      0                      0 -2.664535259100376e-15
 4.440892098500626e-16  -1.06581410364015e-14  2.664535259100376e-15      1.000000000000004 -2.775557561562891e-17  -1.77635683940025e-15
 4.440892098500626e-15 -4.440892098500626e-15 -5.329070518200751e-15                      0                      1  -1.77635683940025e-15
 3.996802888650564e-15   -1.4210854715202e-14   1.77635683940025e-15  7.105427357601002e-15 -5.551115123125783e-17     0.9999999999999929
