6
2

0.03516141251881442
 0.6521489060957653
  2.409617954861488
  2.540006206676903
  8.598142062759612
  11.48638755911453

   -0.4386500017025228     0.8157303981270935    -0.3770544404272069 -0.0001362753085876041  0.0001493619183198473 -4.064447222226455e-05
   -0.5545942486454531     0.0747616794170836     0.8069156988505947   -0.04726119416606449    -0.1260553323982772    -0.1326627238848048
  -0.04957231239003404    -0.0469061648021006   -0.04433270536494675     0.5173855764083203    -0.7370371147926682     0.4271597658085521
    0.2174542230764891     0.1805408059270285     0.1377229968571159    -0.7453678916904226    -0.2490062750096399     0.5325163241074519
   -0.6460794277498167    -0.4861891093913426     -0.300112808113126    -0.1394432335020619     0.2398697527315954     0.4232634070046102
    0.1812429726216619      0.240457039552143     0.3093804998392051     0.3937776237257929     0.5668727361704599     0.5806975007383894

44.82062179974973
72.01257903277285
103.6026797617445
133.1229427176071
183.9468896718991
 218.633545959097

  2.10971666586074
-3.012824344006497

  -0.04325976734191304    0.01375277794392226    0.02948148608808856  7.255055418326894e-06  4.001477804392844e-06  1.020194385743063e-05
     1.842539427913789   -0.05355957823120273    -0.7879119282584783  -0.000100319018876055  -0.000195180292541168 -0.0005728642403426271

 2.358701500802917e-05    0.02075738961877713   0.001147112793633875   -0.01848246784540244     0.9181338218910656     0.6067087652441592
-0.0006859556012244249    -0.7066495964156668    -0.3138233548450711      1.821315029223127     -68.61998179613522      10.13556003709862

cov:
35.64333891385553 29.22072214955892 21.74837516456115 14.89308296515553 1.990983203586355 -5.67503920927515
29.22072214955892 25.32991482256312   20.799885396486 16.49408113162729 9.269197559562514 3.709096381931097
21.74837516456115   20.799885396486 19.69793570998759 18.35562375029672 17.74232162222243 14.63019410614364
14.89308296515553 16.49408113162729 18.35562375029672 27.03533098426795 25.96432590792516 24.53126440172344
1.990983203586355 9.269197559562514 17.74232162222243 25.96432590792516 50.21180540174829 48.26066315508221
-5.67503920927515 3.709096381931097 14.63019410614364 24.53126440172344 48.26066315508221 60.63124499615483

cov.inverse():
    156.3705463562182    -289.5088349780764     132.7353398901817   0.08219930369874145    0.1079661340312295    0.1988149292453349
   -289.5088349780746      538.243242974031    -248.6329039329253   -0.1216258772476039   0.07483224639348991   -0.0404119462952626
    132.7353398901792    -248.6329039329223     116.5302610487147  -0.06647946216380236   -0.2840489344925789   -0.2315548762455735
  0.08219930369882994   -0.1216258772477686  -0.06647946216372599    0.1389221325881503  -0.02167712229686287 -0.007777664143602304
   0.1079661340315154   0.07483224639295866   -0.2840489344923338  -0.02167712229686279    0.1437627353977912  -0.03159220385551586
   0.1988149292455705  -0.04041194629570091   -0.2315548762453706 -0.007777664143602314  -0.03159220385551594    0.1217412532588481

cov*(cov_.inverse()):
    0.9999999999991536  1.609268274194164e-13 -8.095746295566641e-13 -4.024558464266192e-16  8.604228440844963e-16  -3.33066907387547e-16
 1.587618925213974e-14     0.9999999999994228 -5.968558980384842e-13  1.040834085586084e-17  1.817990202823694e-15  8.881784197001252e-16
-1.389111048410996e-12  5.585532036889163e-13     0.9999999999991447 -4.718447854656915e-16  8.881784197001252e-16 -2.220446049250313e-16
-5.764277943853813e-13  2.148281552649678e-13 -4.547473508864641e-13                      1                      0  4.440892098500626e-16
-3.304023721284466e-13  2.924327446862662e-13  1.403321903126198e-13                      0      1.000000000000001                      0
-1.971756091734278e-13  6.479261571712414e-13  2.664535259100376e-13 -1.665334536937735e-16 -4.440892098500626e-16                      1
