7
2

0.05170009432474257
 0.1279708641406577
 0.1315951166173009
  2.046502025605978
  3.171912277530749
  6.226742118613831
   13.5853478184681

     0.460598498652153    -0.8575763821822098     0.1324252909653773     0.1340619776069564     0.1300103448720865  0.0001014786857443795  1.279921613961373e-05
    0.3184146611780641     0.1047047813313292    -0.8618125493540756    0.06299219978107468     0.3754464428814599   0.000278793878063954   0.000125129611751312
    -0.095555610405423   -0.02910381948272046     -0.199408622046225     0.8318923560764252    -0.5081469844337358 -5.004776762203679e-05  0.0002051168581450012
   -0.4972451611458471   -0.09067123460500708     0.1195021295803324     0.3711534608440762     0.6593139626794049    -0.2295249830912561    -0.3242124414861541
   0.07427398960666928    0.04136158904904037     0.0243697971942577   0.004171963957535896   -0.01879267080754097    -0.8773736539070679      0.471193811583274
   -0.6515754039744108    -0.4762495587660865    -0.3857768641511781    -0.2778985820859753    -0.1536434058105566    0.07740950063588595     0.3049359161089676
   0.00322009733092055     0.1265184932047434     0.1904742466538455     0.2664855683208254     0.3539343992262305     0.4141756055700195      0.761496364983992

69.28608140661264
 109.635503139444
130.4628219382235
155.2070149531715
183.6619656868292
220.1282075049515
262.6866621071106

 3.273135582930899
-5.127228764025443

  -0.06682600519769069    0.05541267813711066   0.002775720196502674    0.00415325679538005   0.004445358308408736  1.551288969371244e-05  5.319516875815743e-06
     2.445599551480296     -1.126600198943936   -0.07945520827371048    -0.1110179325693307    -0.1278953382753153  6.260049806161572e-05 -0.0002618609159479868

-0.0002052740184601312 -0.0002610082829634704  9.378246445672616e-05     0.1382237564068573   -0.02697513243350561     0.5523794347047142      1.848361109505734
  0.005480920810853253     0.0110413707693687  -0.003678600113219965      -5.23045843273897       1.35695265927283     -37.83676816455832     -41.49307779565698

cov:
 17.55614591151511  12.32599936019172  9.624456184561067  6.408240368895637  2.707715257643352 -1.887094764918613 -6.223762316467821
 12.32599936019172  11.80216044926363  11.53422733507051  11.21421568086874  10.84401351998824  7.963854685261979  12.46976267012985
 9.624456184561067  11.53422733507051  12.54490576070238  13.70782618583354  15.06229027155056  13.07218247655595  22.16202338395293
 6.408240368895637  11.21421568086874  13.70782618583354  16.69007313798786  20.08023423771024  19.14272507081114  33.68288598036953
 2.707715257643352  10.84401351998824  15.06229027155056  20.08023423771024  25.86618522471245  26.12604108444753  46.94213568267942
-1.887094764918613  7.963854685261979  13.07218247655595  19.14272507081114  26.12604108444753  39.85777013014538  55.27702101723445
-6.223762316467821  12.46976267012985  22.16202338395293  33.68288598036953  46.94213568267942  55.27702101723445  113.3023168998477

cov.inverse():
   86.15994192845365   -145.5634984796854     7.15603335461647    19.69687138261535    32.43162391330277   0.0426636956146872  0.04036647903538026
  -145.5634984796889     275.872262199489   -47.66004720953832   -44.01238059551521   -38.47044527028265 -0.02999673362680524 0.002081302511548904
   7.156033354620243   -47.66004720954582    54.21726145029399   -6.238639182451926   -7.444630488819839 -0.01808458090484777 -0.01867039728350001
   19.69687138261727   -44.01238059551498   -6.238639182456354    46.96427265808647   -16.38553176861222 -0.01690307288224818 -0.01864551615987349
   32.43162391330058   -38.47044527027886   -7.444630488819134   -16.38553176861453    29.94701562832748 -0.02121005309646313 -0.05419419617685477
 0.04266369561468516 -0.02999673362680532 -0.01808458090484633 -0.01690307288224238 -0.02121005309646828  0.09018296262099935 -0.02100296236875509
 0.04036647903538686 0.002081302511533875 -0.01867039728350007 -0.01864551615986085 -0.05419419617685894 -0.02100296236875511  0.05270906425026029

cov*(cov_.inverse()):
    0.9999999999999347 -9.220575691859523e-14 -1.329492071988625e-14 -4.661548924644876e-14 -1.795785742331191e-13                      0                      0
 1.110223024625157e-14      1.000000000000051 -1.814104422237506e-13 -8.473777235451507e-14 -2.964295475749168e-14  5.551115123125783e-17  2.220446049250313e-16
 2.617905892066119e-13 -1.731600973720049e-13      1.000000000000019  -5.71209746169643e-14 -5.617728504603292e-14  2.220446049250313e-16  2.220446049250313e-16
-4.174438572590589e-14 -2.385175390529071e-13 -2.864375403532904e-14     0.9999999999999193  9.170442183403793e-14  2.220446049250313e-16 -2.220446049250313e-16
 3.250733016102458e-13 -3.462924391683941e-13 -1.002531391236516e-13 -5.140332604014475e-14     0.9999999999999458   3.33066907387547e-16                      0
 1.216804434989172e-13 -5.544731340734188e-13   4.75175454539567e-14  2.287059430727822e-14  1.030286966852145e-13     0.9999999999999998  4.440892098500626e-16
 3.650413304967515e-13  -7.21922521762508e-13  3.463895836830488e-14   1.49213974509621e-13 -8.970602038971265e-14                      0                      1
