5
2

0.03501098827906735
 0.7449408993935843
  1.058397531013926
  1.688656108072269
  2.760765319397843

    0.4215711728504528    -0.8162048844631841     0.3950767310646891  0.0009666029273100551 -0.0008803692151109956
    0.5970935000659814   -0.05886776443839591    -0.7583993077793527    0.07669047612811483     0.2428229793903838
   -0.0305594117793551   -0.03199592827461105   -0.03655099231258861     0.9376181918542774    -0.3428972647753646
     -0.26328123978636   -0.07898771538826105     0.1189674240075561     0.3218328674257712     0.8981727490097956
    0.6288928442339814     0.5684024756104212     0.5032451127601824     0.1068333669713992     0.1293963074271564

44.36625157187156
77.28360034025908
112.3592111547576
157.7749774579052
257.7078813645297

 2.484425709203986
-11.52692712000977

   -0.0437483158794301    0.01445952146687777    0.02948662105197748 -7.694547264268039e-05  1.043263814689221e-05
     1.904714348329799    -0.1650467470539757    -0.7426625639740576   0.003441725166449749  -0.001993027182695548

-2.279387464571363e-05    -0.0273800535318643 -0.0003127737293115062    0.03954696732674331   -0.03400894561271471
 0.0007897398781553284     0.9489550808559594   -0.02449961300957082     -1.646701340375206      5.567108672977845

cov:
 3.411251212614195  2.764998739291951  2.073054612861478 0.2637801823532541 0.0381198101801559
 2.764998739291951  2.484147271975619  2.179084929051005 0.3542289312475619 0.3626347096627749
 2.073054612861478  2.179084929051005  2.291499762138244 0.4482882553304955 0.7128609650814088
0.2637801823532541 0.3542289312475619 0.4482882553304955  1.370412500889127 0.5798196162248164
0.0381198101801559 0.3626347096627749 0.7128609650814088 0.5798196162248164  2.592441899048441

cov.inverse():
  145.7078240651772  -280.7205175601059   135.0917950299459  0.3684762604238373 -0.1044067205396232
  -280.720517560106   543.5393340880161    -262.95461950309 -0.6794970294665335  0.5550187160326884
  135.0917950299459    -262.95461950309   128.4127107295404  0.1966241035447241 -0.5583989741944606
 0.3684762604238436 -0.6794970294665457    0.19662410354473   0.833972507413116 -0.1509604919790347
-0.1044067205396283  0.5550187160326983 -0.5583989741944655 -0.1509604919790347  0.4969452160392026

cov*(cov_.inverse()):
    0.9999999999999258  1.449257380770064e-13  2.210037708394452e-14  1.266348137463069e-16  1.006139616066548e-16
-5.736383590360106e-14      1.000000000000205  3.699818229563334e-14                      0  8.326672684688674e-17
 3.121114477977471e-14  1.713629238508929e-13      1.000000000000047  5.551115123125783e-17                      0
  3.95516952522712e-16 -3.219646771412954e-15 -5.662137425588298e-15     0.9999999999999997  5.551115123125783e-17
-1.426636586643326e-14 -2.153832667772804e-14  7.327471962526033e-15 -5.551115123125783e-17                      1
