5
2

 1.28151490976976
1.686961837805171
2.106274508412958
5.143694202592599
 5.66372418962426

  0.2212197755339924  -0.8926569519436173   0.3639044083024976  0.06949400106906201   0.1302671965340607
  0.1367172076276983 0.006501420310078271  -0.1845182961649891  -0.6837575592226288   0.6925999821388386
  0.3511263540527851  -0.1869109282921397  -0.8020277652317976   0.4238951394079031    0.137255101756594
 -0.8838906470896906   -0.232972941367997  -0.1811953850802756   0.1856746545430354     0.31169550472159
 -0.1667867606500622  -0.3375043868692627  -0.3967950052877164  -0.5598964345912606  -0.6223685978795664

33.73904200954167
  112.89540626899
130.6089026459956
153.6862667156844
182.6161797220984

 1.765000364161656
-6.331623776092338

-0.01663610632120848 0.006521603909705425 0.004774262885169231 0.002677522570317595 0.003056274494597219
   1.377916060212346   -0.148814673008575  -0.1090744048788505 -0.06012344984454517 -0.06957112121990783

 -0.01179192090447205 -0.008045138581849581  -0.04141349023672238    0.3643168408643705   -0.1514730319038758
   0.6318329586877274    0.5705012070823222     2.502495267449531    -31.65232497127716    -1.903834539050462

cov:
  22.24318646967337    6.64097945953657   5.171348243879558 -0.9270573692211161  -3.428820370758914
   6.64097945953657   6.553713829410256   5.540881956425775   4.451149149642387   4.524773960000586
  5.171348243879558   5.540881956425775   9.087251653360097   5.128720640733243   5.653220204164933
-0.9270573692211161   4.451149149642387   5.128720640733243   13.10358963277307   11.63436701081671
 -3.428820370758914   4.524773960000586   5.653220204164933   11.63436701081671   16.47213317166635

cov.inverse():
 0.09455356607843315  -0.1251865037085977 -0.01520700277565974 0.006770711901385422  0.05450680882771861
 -0.1251865037085977   0.4986933215244035  -0.1586599220302783 -0.05293863166809685  -0.0712032637428838
-0.01520700277565979  -0.1586599220302781   0.2437422661954386 -0.01124694859015695 -0.03529108023557606
0.006770711901385428 -0.05293863166809686 -0.01124694859015696    0.218802739868881  -0.1347305161712308
 0.05450680882771857 -0.07120326374288372 -0.03529108023557603  -0.1347305161712308   0.1988865204324001

cov*(cov_.inverse()):
                     1  7.771561172376096e-16  1.387778780781446e-16                      0                      0
-5.551115123125783e-17                      1 -2.775557561562891e-16                      0 -2.220446049250313e-16
-1.665334536937735e-16  6.661338147750939e-16                      1  1.110223024625157e-16 -4.440892098500626e-16
-1.110223024625157e-16                      0 -1.665334536937735e-16                      1                      0
-1.110223024625157e-16 -4.440892098500626e-16  -3.33066907387547e-16                      0                      1
