6
2

0.05430462220913607
0.08908461875721808
 0.5272608539782806
  1.080546033762168
  1.339857648262754
  2.681691701759983

  -0.6219047488047286    0.7575750247601211 -0.000925597731569901   -0.1982136006346225 -0.001452800675373841  0.004792330990722809
   0.1264990595938572   -0.1265973719677735  -0.01326484839404836   -0.8694923576690623  -0.01035401006769356     0.460077136533016
 -0.03280157245819598  -0.06916513820395405     0.930386051772933   -0.1736166143220907   0.04595992244458687   -0.3102692249129642
   0.0295376474892205     0.128105212429562    0.3643807755791916    0.4154443113987313  -0.04554956949153836    0.8217508704972905
  -0.7704436960971589   -0.6223327103384383  -0.02840971304233153   0.04139273553234879    0.0491147066050857    0.1191040890652381
  0.04123792799375826   0.03950219131862547   -0.0249904046676589   0.01563154763519027    0.9966400311490781   0.05078181643116568

26.29644914974601
49.38385191292095
 107.494838299966
133.7124369513589
155.2192308921308
181.2642294402304

  1.77440963887752
-13.43104538285588

  -0.05541550068892784     0.0509077355804589  -0.001979740274410541   0.003529111027420601 -7.839426137920887e-05    0.00274367928636703
     2.069734112577127    -0.9036717612961139    0.07599438758505783    -0.0565500791270486   0.001730611924558152    -0.1247770515845289

   0.00021334532480716  -0.000120897703294125   -0.00139359024913734   0.009209476876827853    0.02071364529518714 -0.0007796645572051559
 -0.005783676524034399    0.00291220974594399    0.03167250129124131    -0.1786945523511073     -1.887681791220191      0.303910298134228

cov:
   1.080427005380315   0.8760046710115038  0.03595352944610226 -0.03721369338536584   0.2256358933112775  -0.1180521023840592
  0.8760046710115038   0.7288169654940775  0.06126391272574813  0.02410401306043111   0.2205626958467135 0.009786358748645167
 0.03595352944610226  0.06126391272574813   0.4016103628258107    0.127013715886155  -0.1891089366820778   0.2541078498980596
-0.03721369338536584  0.02410401306043111    0.127013715886155   0.2208457470560509  0.09144528592676722   0.4249591365866934
  0.2256358933112775   0.2205626958467135  -0.1891089366820778  0.09144528592676722    7.150566401881226   0.3267653609636471
 -0.1180521023840592 0.009786358748645167   0.2541078498980596   0.4249591365866934   0.3267653609636471   0.8608912187685207

cov.inverse():
  133.5036348199342  -161.5021184211122 -0.1047503346681834   27.95453555507968  0.1193982719575488   6.329452184971717
 -161.5021184211122   196.8823436105212 -0.2079584668215695  -36.97487533962389 -0.2360292014109775  -5.981760072437744
 -0.104750334668194 -0.2079584668215565   3.250405044725581    1.06344456528288   0.153118974547293  -1.554480647924332
  27.95453555507971  -36.97487533962393   1.063444565282887   108.8433704158713   1.190444565113833  -50.24010971882525
 0.1193982719575537 -0.2360292014109834   0.153118974547293   1.190444565113835  0.1630639470329445 -0.6756690988491879
  6.329452184971753  -5.981760072437789  -1.554480647924334  -50.24010971882523 -0.6756690988491877   27.61269822412558

cov*(cov_.inverse()):
    0.9999999999999986  1.165734175856414e-14                      0   1.77635683940025e-15 -1.387778780781446e-17  8.881784197001252e-16
 1.187938636348917e-14     0.9999999999999777 -2.602085213965211e-17  2.664535259100376e-15   2.34187669256869e-17  2.220446049250313e-16
-6.661338147750939e-16  2.220446049250313e-16     0.9999999999999999  3.552713678800501e-15  2.775557561562891e-17  -1.77635683940025e-15
 1.332267629550188e-15  -1.77635683940025e-15  1.110223024625157e-16      1.000000000000007  5.551115123125783e-17 -5.329070518200751e-15
-5.329070518200751e-15  4.218847493575595e-15 -1.110223024625157e-16                      0     0.9999999999999999                      0
  1.77635683940025e-15  -1.77635683940025e-15                      0  7.105427357601002e-15                      0     0.9999999999999964
