6
2

0.03503110836851375
 0.6386059072348462
  1.055590538335089
  1.641366891234846
  2.619518645346516
  2.915131035785198

   -0.4210121348744275     0.8161295095614507    -0.3958275651324337 -0.0009781741424188077  0.0003747233846274445  0.0009205164439708364
   -0.5907156477360379    0.06608178302450134     0.7642629019336805    -0.1034389254020249    -0.1486155487104825    -0.1726390616087856
   0.06349601148223254    0.03046330995840656   -0.00160801443058621    -0.9265361212401941   -0.03008660143737391     0.3683249516567429
    0.1942640573883738    0.06492642801023742   -0.07383568527102474     -0.346641073724325      0.161418803261519    -0.8979856694258883
   -0.5602965341494057    -0.4229976258579526    -0.2753861926308536   -0.06736790421794649     0.6531168126636687    0.01425628788686673
    0.3436587437579445     0.3814385609584237     0.4218185702261939    0.07830567931335605     0.7241481020119327     0.1671829321575526

44.36840210117263
 77.2877936575121
112.3623680875751
157.7743855388283
186.6483396568155
257.7076735723917

 2.484406689220984
-11.52367481671647

  -0.04379671606260814    0.01440627331897971    0.02963695104446642 -7.262952339907394e-05 -5.982318982024554e-05  1.650342859467935e-06
     1.904953881625864    -0.1639188915898932    -0.7445465763117781   0.003127038086672539  0.0005059511792448179  -0.001812716028139254

 2.266017312495996e-05    0.02018286318771529  -0.002585119691657204   -0.02625926714120593    0.07033127482216125    0.02461585107356661
-0.0007867199026498214    -0.6954239281911515     0.1265594993771242      1.118101995732993      -5.44057693815849      2.365616566275076

cov:
  3.406474941060477   2.760043981736729    2.06798964485044  0.2656388659912216 -0.2780672683009902 0.03110678209009056
  2.760043981736729   2.479182329256038   2.173862922038665  0.3544912076686718  0.4747970839209001  0.3513149245891102
   2.06798964485044   2.173862922038665   2.285530744201433  0.4463726556286515   1.283239175836392  0.6965043806253569
 0.2656388659912216  0.3544912076686718  0.4463726556286515   1.367902491445957 0.06654628944297282  0.5702907781148329
-0.2780672683009902  0.4747970839209001   1.283239175836392 0.06654628944297282   7.463490988609839  0.7003047668788044
0.03110678209009056  0.3513149245891102  0.6965043806253569  0.5702907781148329  0.7003047668788044   2.574686734115667

cov.inverse():
  145.3709154269366  -280.0315393074537   134.7249583169848  0.4162886408915433 0.07258945827000478 -0.1039063255509559
 -280.0315393074535   542.8195163672078  -263.0853942648364 -0.6933082752330042  0.2204371675958624  0.5792651565271315
  134.7249583169848  -263.0853942648364   129.1408120266707  0.1390910438384525 -0.3940246475734389 -0.5886389006016951
 0.4162886408915468 -0.6933082752330112  0.1390910438384561  0.8434313145274583 0.04190501748309233 -0.1462720711243044
0.07258945826999993  0.2204371675958718 -0.3940246475734434 0.04190501748309239  0.1886279324683476 0.01504801183128184
-0.1039063255509541  0.5792651565271284 -0.5886389006016937 -0.1462720711243044 0.01504801183128189  0.4981564053464666

cov*(cov_.inverse()):
     1.000000000000023 -1.239841562750144e-13  6.285597042854363e-14  2.489328188026718e-16  1.056012916000881e-16 -8.673617379884035e-17
-2.620126338115369e-14     0.9999999999996979  2.206568261442499e-14 -6.245004513516506e-17 -6.765421556309548e-17 -5.551115123125783e-17
-2.549349620295516e-14 -8.787415239908114e-14     0.9999999999999959 -2.775557561562891e-17 -3.295974604355933e-17  5.551115123125783e-17
-8.715250743307479e-15 -1.509903313490213e-14 -6.661338147750939e-16     0.9999999999999997 -5.377642775528102e-17                      0
-2.997602166487923e-14  7.649436639667329e-14 -1.676436767183986e-14 -5.551115123125783e-17                      1  1.665334536937735e-16
 8.770761894538737e-15  4.440892098500626e-16  -1.77635683940025e-15                      0   9.71445146547012e-17                      1
