5
2

                  nan
                  nan
1.010231758447923e-09
1.996926545869585e-09
    1.625805217396462

   -0.7448836620583971     0.3946802308128621   -0.03771073751470125    -0.5364859633956508   -0.01168575027609394
                     0    -0.5744075994637634    0.02039914520312119    -0.4085682670237945    -0.7090216891847749
                    -0    0.05652136633426525      0.997992736238156   -0.02855602685156493 -0.0006220080699829442
                     0     0.5629630180156661    -0.0199927096354743     0.4309197621434615    -0.7049688578244766
    0.6671943719775157      0.440637493386778   -0.04210184233961174    -0.5989553357181895   -0.01304645966025942

39.12062445447915
71.93253269864874
134.1513693307417
187.5835715544993
 221.366165043378

 2.439964797375706
-13.10051679611206

-0.01784918583987655  -0.1244653411151794    0.750235983677754  -0.1096225937858673  -0.6295161070606055
  0.8339154924018261    5.815031405586173   -35.05108946473548    5.121576978098132    29.41104648154396

-2.199555514428197e-19 -2.415198211921158e-18  7.605448387204851e-19  1.242101937559453e-18   -0.06467299763360129
 1.027634221714299e-17  1.128382674823544e-16 -3.553272005596683e-17  -5.80311089909251e-17      3.021527992959693

cov:
     1.17663503135808    0.7770891551617729   -0.0742489814994594    -1.056291629283424  -0.02300816990701263
   0.7770891551617729    0.5132156862379409  -0.04903651239963638   -0.6976103446936288  -0.01519536546028419
  -0.0742489814994594  -0.04903651239963638   0.00468531966734326   0.06665497418530537  0.001451880265531811
   -1.056291629283424   -0.6976103446936288   0.06665497418530537    0.9482566610365345   0.02065494960646986
 -0.02300816990701263  -0.01519536546028419  0.001451880265531811   0.02065494960646986 0.0004499066136582323

cov.inverse():
     -2194418305877083  1.127223529832602e+16 -1.468007242837697e+17  1.026412596488604e+16  2.710079202581455e+17
 1.127223529832602e+16                     -0                     -0                     -0  5.764607523034235e+17
 3.355504048944666e+16                     -0  1.152921504606847e+18 -1.441151880758559e+17  4.611686018427388e+18
     -1008109333439984                     -0 -1.441151880758559e+17       9007199254740992                     -0
 2.064889229179866e+17  5.764607523034235e+17 -4.611686018427388e+18  5.764607523034235e+17  1.844674407370955e+19

cov*(cov_.inverse()):
        2         0       -16         0         0
      0.5         1        -8         1         0
        0         0         2     0.125        -4
     -0.5         0        32         2         0
-0.015625         0         0   0.03125         0
