5
2

2.147499066537645e-09
5.944188608784689e-09
2.443825855529718e-08
   0.1937058270875142
     2.32914722873016

  0.7608859215505112  0.03169223039575237   0.6122855093454841   -0.205358151835826 -0.05461411391652391
                   0   0.2146882459480835  -0.2546436911483794  -0.8400084562077426   0.4283122005144716
                   0    0.971181936054261 -0.01102219557405322   0.1631339814160133  -0.1734112522127228
 -0.6458983158735498  0.04573865638937315   0.7349187306882722  -0.2004550843148275  0.02087005796066178
 0.06219308593357922  0.08728219737077002   0.1415486350769102   0.4306029334012414   0.8849061734095306

32.45815437233549
60.46750972712812
93.53182181307217
158.1303942268375
215.2247326324483

2.075431582203335
-13.8324712117513

-0.4030603681168866  0.2525543038031809 -0.5736263620785127 -0.8344756986384725  0.4998702114413461
   27.5385166352225  -14.84667211950969   37.91571024545172   48.18812125384586   -29.8359660236746

 -2.33278865166723e-18   3.94093635263266e-17  1.719082601979968e-17    0.00105158883806097  -0.006561719106408962
  1.63403728716488e-16 -2.335534180445728e-15 -1.076039598317131e-15   -0.03314744945420246     0.7143979876938242

cov:
0.03663708800761652 0.02833990420898223 0.02994648809930971  0.1501404911112652  0.2980553015788048
0.02833990420898223 0.04140657651924671 0.06828448265009582   0.203546266088193  0.4190384769673984
0.02994648809930971 0.06828448265009582  0.1289597326409131  0.3251284453990221  0.6800869778225773
 0.1501404911112652   0.203546266088193  0.3251284453990221   1.007391603622051   2.066974466965421
 0.2980553015788048  0.4190384769673984  0.6800869778225773   2.066974466965421   4.248053759759218

cov.inverse():
 2.370337884297929e+16  2.912980088564253e+16  1.819798424608735e+16      -3604082534892362      -5696276937008811
-5.373704696008902e+16 -1.260040124690358e+17 -5.246030273944249e+16 -4.318544144604179e+16  4.561098463705777e+16
  2.58423567003063e+16  2.349305154573301e+16    2.2183444790202e+16       2496136726734130      -8896560378340431
      5763139207312626 -3.406492474131284e+16  1.024050376459146e+16  1.079212055382109e+16      -3934670285250220
     -3303710373618704  2.319938840141134e+16      -4636158855452404      -1137944684246442     -760737575713102.5

cov*(cov_.inverse()):
      1       0       0  0.4375 0.03125
  -0.25      -2       0   0.125       0
      0       0     1.5    0.25   -0.25
     -1       0      -2       0    2.25
      0     -16       0       2     0.5
