5
2

0.1421961478651811
0.1931593532370788
0.1956391749971407
 5.442334161882957
 21.26377733778379

 -0.7245335133736009    0.523267006908662   0.3350625351072044    0.132172991127161  -0.2674064798455514
0.005020496974839131    0.454723412682788  -0.8213401215861792   0.3439624904195588   0.0170769559764094
-0.03337655084180867   -0.473831457558301  0.06531085239901452   0.8006857404448685  -0.3591748784217068
 -0.6422802630243784  -0.4385547756693296   -0.237057173613593 -0.00581598282907713   0.5821647904580162
  0.2477661239795932   0.3202681938700272   0.3907325059904578   0.4723225857323144   0.6784391760304802

103.8928207466201
130.4647898237122
156.2656080993846
186.1503649005089
261.4614387215292

 4.773640012503321
-3.066369444719354

-0.04701673755392649 0.004799251834821916 0.009982775573391802  0.01288653869245249  0.01943502846379329
   2.033310767007672 -0.09223346951813127  -0.2138937699880072  -0.2862523217278849  -0.4428257400418853

 0.0007365556736949271 -5.554017443236161e-05  0.0001257207645962246      1.094900159419507      5.905316178751226
  -0.03058342842872185   0.001414997234191038  -0.004144292611182938     -43.56758421813198     -20.32991125478664

cov:
39.98570378076005  44.2146484062481 48.27715436087284 53.02063549436782 64.93296607196295
 44.2146484062481 52.09609506219817 59.64915747059653 68.46467777257912 90.68580551291156
48.27715436087284 59.64915747059653 70.72240028178408 83.47795616181411 115.7683346151872
53.02063549436782 68.46467777257912 83.47795616181411 100.8994333246717  144.775559447719
64.93296607196295 90.68580551291156 115.7683346151872  144.775559447719 218.1594003180362

cov.inverse():
 26.00603248907961 -18.26614475852331 -12.16840355236787 -5.387701868142922  9.885224239246959
-18.26614475852682  24.95623032164534 -2.143769064362102 -2.299316210835363 -2.273729784452949
-12.16840355236661 -2.143769064362439  23.74669285959076 -4.014892523116788 -5.424092716794613
-5.387701868138593 -2.299316210842187 -4.014892523114728  20.78535857009959 -9.103708967083367
 9.885224239244867 -2.273729784449281 -5.424092716795744 -9.103708967083822   6.92727805475405

cov*(cov_.inverse()):
     1.000000000000114   1.13686837721616e-13  -1.13686837721616e-13 -3.410605131648481e-13  2.273736754432321e-13
                     0     0.9999999999998295  -1.70530256582424e-13   1.13686837721616e-13   1.13686837721616e-13
 2.273736754432321e-13  -1.13686837721616e-13     0.9999999999996589                      0  3.410605131648481e-13
                     0   1.13686837721616e-13  -1.13686837721616e-13                      1   1.13686837721616e-13
                     0                      0 -2.273736754432321e-13                      0      1.000000000000227
