6
2

0.1419170067703399
0.1931727509541315
0.1940337267769211
 0.196474980713036
 5.582218478785991
 24.46082044012967

  -0.7248501361353658    0.5250766458647026    0.3421216076327839    0.1454342606294605  -0.04750716224911233   -0.2417261820179481
-0.004862052109690043   -0.4249923365181488    0.7962575853458808   -0.4153636310762788    0.1008396205290408  -0.05134351994130348
 0.007052278453994762    0.3130255595989949   -0.2392456458371817   -0.5924539801397907    0.6817220925129945   -0.1702352940800448
 -0.03546835649957376   -0.3922558577092917  -0.03062142599192776    0.5321566181203174     0.491024915826636   -0.5653702608719173
  -0.6548189898209242   -0.4647984833607701   -0.2767189003975469  -0.06094350675762812    0.1919530257506484    0.4878944921675781
   0.2108862068025212    0.2752975496882071    0.3379011138644714    0.4103844953280301    0.4948514898319661    0.5935214176175153

103.8932293837941
130.4649000863544
156.2653968694163
   186.1503284392
220.8926343557626
261.4609631725019

4.773670594621557
-3.06617590779849

 -0.0461888549210585 0.003754388835618652 0.007904426790113338 0.009529662398648768  0.01172756838192372  0.01335098473004807
   2.015630489270154   -0.069345727089691  -0.1672768031299536  -0.2103046267810452  -0.2658484115944892  -0.3045443536407003

 0.0007201641814756766  5.454765001227569e-05 -3.634527907329206e-05  0.0001237233906892683       1.07497424520606      6.941977647656431
  -0.03019072253898703  -0.001393476953225663   0.001044134353367554  -0.004224666043883472     -44.50287426897067     -29.41392584125472

cov:
39.98176592460328 44.21422843732889  48.2775990297915 53.02289257074762  58.5237141855762 64.93929762285315
44.21422843732889  52.1007141043869 59.65535900753851 68.47400104587967 78.72988654400602 90.70272321866688
 48.2775990297915 59.65535900753851 70.73014240733845   83.489166381633 98.38832949046537 115.7883095388289
53.02289257074762 68.47400104587967   83.489166381633 100.9150458162904 121.1374838343075 144.8025749477722
 58.5237141855762 78.72988654400602 98.38832949046537 121.1374838343075 147.6936696776331 178.6362806907802
64.93929762285315 90.70272321866688 115.7883095388289 144.8025749477722 178.6362806907802 218.2052694726079

cov.inverse():
 26.13558370287612 -18.41311669703673  -12.4273791593189 -5.778531607926167  1.369312734537724  9.183902527559763
-18.41311669703756  25.12495827036112 -1.823001574502968 -1.810011530059997 -1.711134978165166 -1.394649552524132
-12.42737915931361 -1.823001574505916  24.34966868434874 -3.049273488859507 -3.378254873980955 -3.675479317117844
 -5.77853160793466 -1.810011530056429 -3.049273488851751  22.33308949983825 -5.424198811407049 -6.289642714384882
 1.369312734542468  -1.71113497816733 -3.378254873984435 -5.424198811408303  18.97614266119581 -9.839105998516537
 9.183902527559043 -1.394649552523406 -3.675479317119795 -6.289642714380783 -9.839105998518702  12.03022107318293

cov*(cov_.inverse()):
    0.9999999999997726  4.263256414560601e-14 -2.842170943040401e-14  3.410605131648481e-13  -1.13686837721616e-13   1.13686837721616e-13
 -1.13686837721616e-13     0.9999999999998153  2.273736754432321e-13  -1.13686837721616e-13                      0  2.273736754432321e-13
                     0  -1.13686837721616e-13      1.000000000000227                      0                      0  2.273736754432321e-13
-2.273736754432321e-13 -2.842170943040401e-13  4.547473508864641e-13      1.000000000000227                      0  2.273736754432321e-13
 2.273736754432321e-13 -1.989519660128281e-13  3.410605131648481e-13 -2.273736754432321e-13     0.9999999999997726  4.547473508864641e-13
 2.273736754432321e-13                      0                      0 -2.273736754432321e-13                      0                      1
