5
2

0.4093274836742159
  1.05615111933162
 1.324125665764083
 1.826213035398273
 2.531268285300729

 -0.6680825179068931   0.7369962966575986 -0.01059145305982606 -0.03626424949667689 -0.09526244438757488
  0.0425065470502488  0.06676190081709214  -0.9474625116185863  0.04489153293608861   0.3066522157187223
 0.05770518857315374 -0.02792220434485074  -0.2332467198641364   0.5455064354295648  -0.8024395044449225
 -0.6041390145124985  -0.4780225849303978  0.06971667094834837   0.5450158755394874   0.3234311992404789
  0.4284216440385051   0.4723283456593085   0.2072152592450233   0.6340741902915995   0.3851916228945742

 77.3011840326962
112.3620616145946
157.7723266948119
217.4226609210156
257.7080281822506

 2.484456143498271
-11.52991182109299

   -0.0702849408871374    0.07053861731925322  5.386467966481264e-05  2.006337458187405e-06 -4.688109400384347e-05
      3.53005481668156     -2.535381881658176  -0.002222965715268824  0.0001843107652453324  -0.000269331996379088

 0.01657841329933443 0.001847641240944788 -0.01051853681899355  0.02912338843803389  0.02050453637300486
 -0.7082115561325333 -0.01916866586387462   0.4827404253363013   -3.070970040535252    2.014279476021172

cov:
 2.475909847848808  2.177538307790534 0.3610089981110401 0.7038169929261838 0.3497194419742555
 2.177538307790534  2.288858598388402 0.4555167338142728  1.022213593924673 0.7004613231598219
0.3610089981110401 0.4555167338142728   1.38806174926888 0.6981115792963096 0.5908608550294169
0.7038169929261838  1.022213593924673 0.6981115792963096  4.090928408583361  1.401259216320089
0.3497194419742555 0.7004613231598219 0.5908608550294169  1.401259216320089  2.534927533230088

cov.inverse():
     2.805506828575106     -2.818888831404117 -0.0003230290975640275     0.1079324004311578     0.3322903323683068
    -2.818888831404117      3.349594696862411   -0.09429862727203224    -0.1968924305305074    -0.4058603610469696
 -0.000323029097563993    -0.0942986272720323     0.8446279803036562   -0.07650889433218531    -0.1284783498756246
    0.1079324004311586    -0.1968924305305083   -0.07650889433218531     0.3311942162361919    -0.1257287868913793
    0.3322903323683066    -0.4058603610469693    -0.1284783498756246    -0.1257287868913795     0.5602418713511461

cov*(cov_.inverse()):
    0.9999999999999996 -8.326672684688674e-17 -1.387778780781446e-17 -1.387778780781446e-17 -5.551115123125783e-17
-2.775557561562891e-17     0.9999999999999992  1.387778780781446e-17  2.498001805406602e-16 -2.220446049250313e-16
-2.775557561562891e-17 -1.110223024625157e-16                      1                      0 -5.551115123125783e-17
-3.885780586188048e-16   3.33066907387547e-16  5.551115123125783e-17     0.9999999999999999                      0
                     0 -2.220446049250313e-16 -1.110223024625157e-16 -1.665334536937735e-16                      1
