5
2

              nan
              nan
0.682957394866534
2.202581269433332
3.450330170936847

                    0  0.008722567415848655   -0.8954292014793722  -0.01733858904208867    0.4447806597478349
   0.9767330081452419    0.2043394818874505  -0.02525571681857764  -0.02225933123390738  -0.05571963641764013
   0.2058997775566716   -0.9577246759133955 -0.003816359056719551    0.1999928522614187   0.01889500454053034
 -0.04573740176691382    0.1587116848345015   -0.2380432676374895    0.8450418603765077   -0.4493977615881991
   0.0388072477930571    0.1254724639242379    0.3753525436732917    0.4950868699115362    0.7724960307436513

60.60915490741574
128.8102963577271
158.1456280702744
 182.809170660853
215.2565310610219

2.078709359182596
-13.9990656375885

  0.01174283289247799  0.003529623821054866  0.008792737813709754  0.001834397263823059 -0.006823825874265151
 -0.06804497295290088   -0.2471159012720613    -1.253330238461324  -0.05628630154809453    0.7398445876187041

 1.223921839807324e-17 -1.258501653528656e-17 -0.0003536418992664313    0.01235549515532037  -0.001955220252769145
-1.626926948498494e-15  1.280922574576948e-16     0.1073556814075722    -0.5715389211071169     0.4711057227219282

cov:
 0.04785144519408951 -0.06922707120498973   0.2258623711116045  0.06042760776654671   0.4584177063313556
-0.06922707120498973   0.7374512950201448   0.3790913710226666    1.300838172110343   0.7994315977765318
  0.2258623711116045   0.3790913710226666    1.952166036840858    1.236050561335839    3.970836320092244
 0.06042760776654671    1.300838172110343    1.236050561335839    6.400986685015377    2.712422785539012
  0.4584177063313556   0.7994315977765318    3.970836320092244    2.712422785539012     8.08411787806806

cov.inverse():
 3.920898543010964e+16       8395046638948379 -2.074941232402337e+16      -1275704714981222       7566368133108010
      8331827083199783       1782966110782610      -4310279019295256     -269168996212087.1       1558697718209492
-1.425950704464538e+16      -2954179434205388      -2609428025818672      267301069714472.3       2292773713234366
     -1150037827665834     -244319337799644.8      411953848716119.8      33609908962421.18     -124249955404611.2
      4342680155215762      880672816514329.9       2746358991440798     -43614560564032.47      -1667694640234621

cov*(cov_.inverse()):
         1     0.0625        0.5  0.0078125       0.25
         0      1.125         -1 0.04296875      -0.25
         4        1.5          4          0          1
         0        0.5          1     1.0625          1
         4          1          4          0          2
