6
2

0.03516149224989582
 0.6521308271501378
  2.409471687400235
  2.540023598710023
  8.597980078453428
  11.48562015422086

   -0.4386517689601152     0.8157300594708855    -0.3770531175065708 -0.0001357254100906352   0.000148986051316007 -4.030053107952506e-05
   -0.5545927360259517     0.0747615451855827     0.8069189646923665   -0.04727936962892142    -0.1260302267930002    -0.1326666351066067
  -0.04963869097017881    -0.0469503452258903   -0.04434910156404738     0.5175837662164453    -0.7369952243760465     0.4269776420709869
    0.2174405286956798      0.180526071114135     0.1377058539471437    -0.7452209376433485      -0.24920616083153     0.5326434974904917
   -0.6460499083435992      -0.48615406559443    -0.3000689902613224    -0.1393619065985664     0.2399440869203793     0.4233644241784401
    0.1813467824471883     0.2405315128509374     0.3094213746027833     0.3938219151120033     0.5668134821439217     0.5806402710784125

44.82091002209448
72.01255378360761
103.6027450194547
133.1228159108987
183.9467773125496
218.6330828395861

 2.109708646025287
-3.012565426964901

  -0.04326002131238654    0.01375315474844896    0.02948132715145586  7.299119067677266e-06  3.974341451133331e-06   1.02102245185965e-05
     1.842544174688235   -0.05355991915465261    -0.7879157206289249 -0.0001013508368015378 -0.0001945843757773652 -0.0005728673677064672

 2.358785078805948e-05    0.02075626850050824    0.00115758949831958   -0.01848365525673927     0.9181375299883533      0.606329581817289
-0.0006859651543536698    -0.7066127664663697    -0.3144120815874156      1.821275985693987     -68.61618162003332      10.15460765762356

cov:
 35.64373717042113  29.22141589913598  21.74931060069817  14.89386053820258  1.992897834831893 -5.673406973072558
 29.22141589913598   25.3304345226647  20.80013388903607  16.49427309034881  9.268699588973012  3.708623505962708
 21.74931060069817  20.80013388903607  19.69735516959209  18.35514942229685  17.73909058640214  14.62738735699884
 14.89386053820258  16.49427309034881  18.35514942229685  27.03510761335817  25.96168232793204  24.52896918127846
 1.992897834831893  9.268699588973012  17.73909058640214  25.96168232793204  50.19965863210116  48.25007707985898
-5.673406973072558  3.708623505962708  14.62738735699884  24.52896918127846  48.25007707985898  60.62222328903313

cov.inverse():
    156.3711309122436    -289.5085732511608     132.7347427612553   0.08202958075527249     0.108078020553599    0.1987058838668169
   -289.5085732511588     538.2403557032613    -248.6307917050146   -0.1212663654934792   0.07458796595134073  -0.04018708242628648
    132.7347427612524     -248.630791705011     116.5290293862645  -0.06668548614705293   -0.2839015994342391   -0.2316813297441676
  0.08202958075537645   -0.1212663654936735  -0.06668548614696231    0.1389322660949432  -0.02168567302574661 -0.007769047830726437
   0.1080780205538954   0.07458796595079012   -0.2839015994339852  -0.02168567302574638    0.1437661898732357  -0.03159752077308337
   0.1987058838670936   -0.0401870824268012   -0.2316813297439296 -0.007769047830726373  -0.03159752077308343    0.1217444660788594

cov*(cov_.inverse()):
    0.9999999999996652  2.030653423190643e-12  9.103828801926284e-14 -5.551115123125783e-16  4.996003610813204e-16  5.551115123125783e-16
  4.21995771660022e-13      1.000000000002717 -2.211564265053312e-13 -1.630640067418199e-16    1.1518563880486e-15                      0
-5.471179065352771e-13  3.225308908838542e-12     0.9999999999993077 -2.636779683484747e-16  1.387778780781446e-15  2.220446049250313e-16
-3.801403636316536e-13  3.678168880583144e-13    1.4210854715202e-14     0.9999999999999999 -1.110223024625157e-16 -4.440892098500626e-16
 1.367794766338193e-13  3.130828929442941e-14 -2.486899575160351e-14   3.33066907387547e-16     0.9999999999999989 -8.881784197001252e-16
-5.151434834260726e-13 -4.698463840213662e-13  2.504663143554353e-13  1.110223024625157e-16  2.220446049250313e-16     0.9999999999999982
