6
2

0.4663377905300647
 2.564859551679263
  2.76141381880748
 4.188342570026918
 6.609204542824028
 14.22246813446074

   -0.548242780493322    0.8238208142488026   -0.0423514701687726  -0.09144709319585428  -0.07103874188636752  -0.07447414933495949
   0.4380983070361765    0.2525386462637528   -0.7441410985655771   -0.3279501065028202    0.2256825162325551    0.1790649615437221
   0.1430814666418225    0.0855575060487857   0.05026668276139747   -0.0345170893599971   -0.7569237285380455    0.6289323551739722
   0.0624767224205512 -0.003014758168382144    0.4869429609317083   -0.8474519309041321    0.1713363963019697    0.1069728343877293
   -0.671407261515478   -0.4152754842813639   -0.3055299249236663   -0.1218457151505357    0.2063895161969697    0.4753598801105747
   0.1798231610568696    0.2788558672513247     0.333873713819349    0.3871350847433541    0.5469319656963225    0.5739540315459206

86.37195882075746
131.1846697833679
157.9207981432912
183.7227771824613
218.7256930211127
259.7268699891742

 2.497045055255953
-2.421651382536105

 -0.05496018615067756   0.05429489944313604  0.000101815930116915 0.0001945862786037406 0.0001217270601113945 0.0001692197590594234
    2.958301644859529    -1.934084338999225 -0.003791395671027226 -0.007081501365268713 -0.004384743636705535 -0.006014353682192932

 0.01627061803508086 -0.06873360402862724 -0.02444519784255905 -0.06444630427236454   0.6291927595659573    1.118673980457786
 -0.6988730559066701    5.333016613409049    1.962725072712221    3.392948047091229   -51.75350942906451   -3.482646134600832

cov:
27.78463842895263 23.04210978541051 19.55400536846803 15.75459493369297 13.86212068601555 8.264192260363949
23.04210978541051 23.88547692024446 23.13814538103012 23.50831496188005 26.96599412012261 24.44061197756371
19.55400536846803 23.13814538103012 34.44791518079321 22.12557561096743 34.25214300720474 32.69705202899784
15.75459493369297 23.50831496188005 22.12557561096743 44.28153550590454 38.89791283909803 40.27513175161063
13.86212068601555 26.96599412012261 34.25214300720474 38.89791283909803 67.58919219521212 64.74203058817157
8.264192260363949 24.44061197756371 32.69705202899784 40.27513175161063 64.74203058817157 79.93502151084715

cov.inverse():
    1.424678725051429    -2.051803343663634   0.06488177920490704    0.2072486458010099       0.1778389906586    0.2050596018553291
   -2.051803343663634     3.135775674397927   -0.1851565507023785     -0.35755786854694   -0.2701748231656323   -0.2719377374443754
   0.0648817792049068   -0.1851565507023781    0.1089590046204928   0.03264548709461623  -0.01246853937073182 -0.001014036961476397
   0.2072486458010097   -0.3575578685469397   0.03264548709461625   0.09697948631857596   0.01424149831983335   0.01414766832025622
      0.1778389906586   -0.2701748231656323  -0.01246853937073175    0.0142414983198334    0.1102099544309834  -0.02711661962000497
   0.2050596018553293   -0.2719377374443757 -0.001014036961476377   0.01414766832025628  -0.02711661962000492   0.08970554387095388

cov*(cov_.inverse()):
     1.000000000000001 -2.220446049250313e-15  2.654126918244515e-16 -6.938893903907228e-16 -4.718447854656915e-16  1.110223024625157e-16
 8.881784197001252e-16     0.9999999999999991  2.081668171172169e-16 -7.216449660063518e-16                      0  8.881784197001252e-16
 6.217248937900877e-15                      0      1.000000000000001 -2.775557561562891e-16 -6.661338147750939e-16                      0
 5.329070518200751e-15  1.598721155460225e-14  2.567390744445674e-16     0.9999999999999983 -2.220446049250313e-16 -8.881784197001252e-16
 1.243449787580175e-14  3.552713678800501e-15  6.938893903907228e-16 -1.110223024625157e-15     0.9999999999999989                      0
 3.552713678800501e-15  7.105427357601002e-15 -4.440892098500626e-16 -1.554312234475219e-15 -4.440892098500626e-16                      1
