5
2

0.2397359826801781
 2.384223303919404
 2.835505231407713
 8.032849496670917
 22.73888821795263

   0.621171118415457   -0.778163978389203  0.04374417410655616  0.05361088173015231  0.06180279100357111
  0.2048348986278107   0.1537683066601535  -0.7159952633308885  -0.2487415337712326   0.5998969948548422
 0.02409351306676204   0.0193826797601876  -0.5253687759031274   0.7908831404459158  -0.3123064549731105
 -0.7389829149694463  -0.5586297357029247 -0.08148813439348812    0.119398748638299   0.3477652837021249
  0.1597274552542178   0.2416055891699393   0.4503160705311171   0.5436003308675086   0.6463961604326004

42.55257467884286
67.36903874972886
131.9374419529535
 156.254846781166
 185.552291207561

 1.927091493181711
-1.159782431648538

  -0.0766892388155751    0.0762791200062176  0.000129437139688428  0.000130182584492761 0.0001492487528955882
    2.735743699835402    -1.724204892828054  -0.00361722788180321 -0.003737680173896754 -0.004174748930987496

-0.006148092209718129  -0.02282247350326119 -0.003062259529364356    0.9109328346565508      3.31206754414786
   0.1747455385942795     1.684112786616384    0.2632492406697685    -68.40337382651434     7.257722147177436

cov:
48.69469540277018 46.74655186806232  40.1425787636937 39.06704007747117 37.44204259872104
46.74655186806232 50.49119328940194 58.48290984516811 63.50817570141754 68.68751876534971
 40.1425787636937 58.48290984516811 110.4131022727326 123.6154258422252 147.5553980269435
39.06704007747117 63.50817570141754 123.6154258422252 159.0918581590338 181.5294940242837
37.44204259872104 68.68751876534971 147.5553980269435 181.5294940242837 226.6749433224568

cov.inverse():
     6.72957490839783    -8.398314844114147    0.4464844107916193    0.5716331484876803    0.6848613906142755
   -8.398314844114143     10.54515627153319   -0.6119956113705491   -0.7314695489125667   -0.8240169877673009
   0.4464844107916177   -0.6119956113705473    0.1583025894468973   0.02077814052715779 -0.007989745989768796
   0.5716331484876745   -0.7314695489125593   0.02077814052715744    0.1394819493622444  0.002001549774550429
   0.6848613906142814   -0.8240169877673084 -0.007989745989768185  0.002001549774551492    0.1445799976834208

cov*(cov_.inverse()):
     1.000000000000036 -2.842170943040401e-14  -2.55351295663786e-15 -7.854827899222983e-15 -3.552713678800501e-15
 8.526512829121202e-14     0.9999999999999289  1.221245327087672e-15 -2.914335439641036e-15  -1.77635683940025e-15
 8.526512829121202e-14   -1.4210854715202e-14      1.000000000000006  2.664535259100376e-15  3.552713678800501e-15
                     0  5.684341886080801e-14 -1.998401444325282e-15     0.9999999999999998                      0
 5.684341886080801e-14                      0  2.220446049250313e-15 -7.216449660063518e-16      1.000000000000004
