6
2

0.07353424987228632
0.08846620953629018
   0.52572756425336
  1.025181214535656
  1.151902107672252
  2.680296456407669

   0.6036160361865336    -0.786043014474777  -0.01384504959280671   0.03036989631266621 0.0007924920096304216    0.1291100933699917
-0.001019554420309268   0.03821344724350113  -0.01370469069666871   -0.8939063174786941  -0.01073478159211564      0.44628145205387
 -0.02969604006415761  -0.09388269011787878    0.9349397819275342   -0.1655996531307793   0.04932183283666111   -0.2938297152410421
   0.6615784463033251    0.4103132108936579   -0.1558095692235616   -0.2559687308855649  -0.01141030784974602   -0.5513893544266076
  -0.4423066349915833   -0.4493128627536575   -0.3170129556619541   -0.3267484667594951   0.06632433762388013   -0.6251576598411638
  0.03799456015077471   0.04028861714744019   -0.0270973117636597   0.01735995771182431     0.996454906325291   0.05454565015634649

49.39256511692491
 76.1046560878672
107.5211920489443
133.7136112875607
155.2068811969334
181.2658879103664

 1.774356861374475
-13.43198709953122

   -0.0502918521234129    0.04496722444900661   -0.00136678487905338    0.01202677606980187 -7.198906024111534e-05  -0.001370311420921655
      2.74729392113987     -1.505488448364351     0.0562655689528653    -0.3876906131021527   0.001552473702446329    0.00425526251778549

-0.0003541552949370396 -7.492263477101106e-05   -0.00154738831009959    -0.0177938787992863 -0.0008020828254726858  1.383849845220005e-06
   0.01530092581470431   0.002248796154171147    0.04847543903033625      1.353614769346834    -0.5737792009094491     0.2676202190103555

cov:
  0.7321751978430454   0.5581950983867418  0.06259880380467368  0.01998904611903084   0.2247240399648844 0.001224674569190543
  0.5581950983867418   0.4622648260946138  0.08975884331067784  0.09334381594410265    0.242658492777531   0.1579251749136013
 0.06259880380467368  0.08975884331067784   0.4057351509154883   0.1332809541402198  -0.2072604718934127   0.2666542305495644
 0.01998904611903084  0.09334381594410265   0.1332809541402198   0.2265281141258079  0.09640373980910552   0.4365267641852195
  0.2247240399648844    0.242658492777531  -0.2072604718934127  0.09640373980910552    7.139790477880654   0.3380195382465748
0.001224674569190543   0.1579251749136013   0.2666542305495644   0.4365267641852195   0.3380195382465748   0.8849933436182413

cov.inverse():
  67.94915060272825  -87.33270463930924  -1.636739446925661   3.472325030690548 0.06054387181804533   14.24760177736033
 -87.33270463930923   114.7960548578035   1.674494115102297  -8.712421098157199 -0.2056961910322049  -16.49279017039572
 -1.636739446925663   1.674494115102301   3.320999439704782   1.043346443386681  0.1656962146563249  -1.875105694163522
  3.472325030690512  -8.712421098157151   1.043346443386687   102.5134438890101   1.189866621802149  -49.78411986430292
0.06054387181804151 -0.2056961910321999  0.1656962146563254   1.189866621802147  0.1652941997924129 -0.6633433299422273
  14.24760177736036  -16.49279017039576  -1.875105694163526  -49.78411986430289  -0.663343329942227   29.42791254763866

cov*(cov_.inverse()):
    0.9999999999999994   2.14064876935538e-15  2.168404344971009e-17  1.804112415015879e-16 -1.593777193553692e-17  3.400058012914542e-16
 2.220446049250313e-15     0.9999999999999951  5.551115123125783e-17  2.664535259100376e-15                      0   1.77635683940025e-15
                     0  -1.77635683940025e-15     0.9999999999999998   1.77635683940025e-15 -1.110223024625157e-16   1.77635683940025e-15
                     0 -2.664535259100376e-15                      0      1.000000000000007  1.110223024625157e-16  -1.77635683940025e-15
  1.77635683940025e-15 -3.552713678800501e-15  1.110223024625157e-16  3.552713678800501e-15                      1                      0
  1.77635683940025e-15  -1.77635683940025e-15                      0  7.105427357601002e-15  1.110223024625157e-16     0.9999999999999964
