6
2

0.03587852021923279
   0.42627111389533
  1.436056836764629
  2.059584171824715
  8.415031524819254
  16.13031743335522

    0.4390713440777413    -0.8155890812965401     0.3768696599641586 -0.0002304835137516804 -0.0001058016906525812  -1.90127177651186e-05
    0.5178823647249789   -0.09865658057553425    -0.8167214897281773     0.1731445621066054     0.1018434852956526     0.1211594352410898
   -0.2189897413333551    -0.1218120584255293   -0.00801624710076999     0.8918104381364372    -0.2317512008763701    -0.2968275235192318
   0.07667475647657847    0.06028893462325403    0.04097133312689995     0.0285808556737791    -0.7817857323969938     0.6138418194066823
    -0.660965495492817    -0.4798581582022365    -0.2683327673850452   -0.01812461326558494     0.2379872433020443     0.4515438607064018
    0.2197801169227376     0.2763051652971678     0.3423300793187675     0.4165929464166243     0.5177764139541187     0.5626012573553922

34.33721727125162
54.53320044853675
 78.1090284017027
105.8026379001073
131.3971527956611
155.7270465853609

 1.570091821369431
-1.289452020799445

  -0.03898051024732913   0.005849953510600065    0.03305344376734233  1.220558883983838e-05  2.887940946712589e-05  2.919437701700417e-05
     1.710806629728391     0.1902148085403086      -0.89890157612535 -0.0003672907475791298  -0.000832891214574763 -0.0008789967840159979

-1.213835939586964e-05  -0.008676752341162176    0.01557892278619363  -0.005455906291170526     0.9990360261432834      1.145052885308505
 0.0003311632687474845     0.2909362578348832    -0.8052861682815924     0.4492812133637432     -69.49875392658211      31.15969465282159

cov:
43.67706665550534 38.32475881847976 32.07535108188767 24.29358846738888 18.32953663760236 11.38245535763171
38.32475881847976 36.21812979915164 33.75517471028174 30.34535611079708 28.99312450028696 25.33187649608615
32.07535108188767 33.75517471028174 35.71863498643775 37.41480703849738 41.44904480634364 41.62448086745259
24.29358846738888 30.34535611079708 37.41480703849738 46.82773841047324 55.29964052003643 59.93433492909393
18.32953663760236 28.99312450028696 41.44904480634364 55.29964052003643 76.47012669591774 81.51105823450831
11.38245535763171 25.33187649608615 41.62448086745259 59.93433492909393 81.51105823450831 98.57534004702325

cov.inverse():
    151.2688407291786     -278.449840878734     126.2222544702246    0.3212003516516979     0.262870153240579    0.3777068667463491
   -278.4498408787351     516.8071609107152    -238.3309020921104  0.000317025933133242   0.01325349003550115  -0.02994178686763476
    126.2222544702265     -238.330902092113     114.0078263590211   -0.8482871807862321   -0.4956035014801524   -0.5440315271998833
   0.3212003516509916 0.0003170259344459539    -0.848287180786839    0.5515486011129099 -0.007655356522969965 -0.007986463710117429
     0.26287015324052   0.01325349003561247   -0.4956035014802054 -0.007655356522969795     0.229048109156252 -0.009228881719190216
   0.3777068667462909  -0.02994178686752846   -0.5440315271999305  -0.00798646371011795 -0.009228881719190654    0.2164354623498167

cov*(cov_.inverse()):
     1.000000000000036   7.76823050330222e-13 -4.289901767151605e-13  8.465450562766819e-16 -4.024558464266192e-16                      0
-1.037392394209746e-12      0.999999999999431 -2.646771690706373e-13  4.579669976578771e-15  2.470246229790973e-15 -8.881784197001252e-16
 5.044853423896711e-13 -3.576028362317629e-12     0.9999999999993001  5.939693181744587e-15  3.996802888650564e-15                      0
-8.597567102697212e-13   1.34647848426539e-12 -7.176481631177012e-13      1.000000000000002  7.771561172376096e-16                      0
-1.435296326235402e-12 -2.451372438372346e-13 -7.034373084024992e-13  5.440092820663267e-15      1.000000000000001                      0
-1.591615728102624e-12  1.649791414592983e-12 -2.842170943040401e-13 -2.220446049250313e-16   3.33066907387547e-15     0.9999999999999964
