5
2

0.03517700040274769
  0.748646725891595
  2.533415091591714
  8.023141066965968
  9.845654629402505

   -0.4388337289658911     0.8157578976627019    -0.3767810990485662 -0.0001177984723268496 -1.568738371960909e-05
   -0.5515748269757453    0.07185539457023343     0.7980234010002364   -0.08942778875952063    -0.2139236652907568
    0.2273235171073403     0.1871652882061727     0.1407216441022039    -0.8715070171173643     0.3660138132052059
   -0.5113050062865998     -0.322303070318437    -0.1023633229882339     0.1094947419627447       0.78244525239718
    0.4359832309674033     0.4364238082713792     0.4369368648257436     0.4695626447225206     0.4561249617446644

44.83824191001457
72.02398851989166
 103.606227791665
133.1205014818104
218.6220957078116

 2.109199851569375
-2.983318357057513

  -0.04324051668007553    0.01371586990069489    0.02949973089153844  7.279015022805465e-06  1.365172540794897e-05
     1.843119560509576   -0.05445947350265357    -0.7877050962177876 -0.0001351111889001111 -0.0006681422093360312

 2.357199120180944e-05    0.02711218120612704    -0.0199769304422568     0.9449770060626761   0.003194728600047943
-0.0006885709805819557    -0.9242090300873282      1.911450178201573     -54.37718006972569      42.19239480760434

cov:
 35.75695924350264  29.30293711921645  21.79411643659708  14.99736443725464 -5.875406600531188
 29.30293711921645   25.3785041663094  20.80939057910622  16.54293145134019  3.494376793048032
 21.79411643659708  20.80939057910622   19.6652945112942  18.33986383750276  14.39851451010812
 14.99736443725464  16.54293145134019  18.33986383750276  27.02453498392349  24.24017949238247
-5.875406600531188  3.494376793048032  14.39851451010812  24.24017949238247   60.4623161247314

cov.inverse():
   156.1829779638192   -289.3563959764821    132.8424175205576   0.1001583203616115   0.2248911986866911
  -289.3563959764832    537.7986449176788    -248.280351353976  -0.1129714042722708 -0.02895843906337576
   132.8424175205591   -248.2803513539777    115.8671486432647  -0.1086284682215426  -0.2909801323020731
  0.1001583203615289  -0.1129714042721171  -0.1086284682216136   0.1350802680499194 -0.01202477682285303
  0.2248911986864525 -0.02895843906293222  -0.2909801323022781 -0.01202477682285304   0.1141815891074278

cov*(cov_.inverse()):
    0.9999999999998783  2.114919350759692e-12 -1.139088823265411e-13 -9.159339953157541e-16  4.440892098500626e-16
 1.011857264643368e-12      1.000000000001863  3.419486915845482e-14  -8.81239525796218e-16  6.106226635438361e-16
 1.303845920119784e-12  9.330869410462128e-13      1.000000000000471  8.326672684688674e-17  2.220446049250313e-16
 1.008082506359642e-12  4.758415883543421e-13  1.108446667785756e-12     0.9999999999999993                      0
 5.861977570020827e-14 -9.992007221626409e-14  4.298783551348606e-13   3.33066907387547e-16      1.000000000000002
