5
2

0.03658879589384041
 0.4919761387778326
   1.50387322844702
  7.844026740565017
  21.57355129562185

  -0.4389221754324588      0.81561099079564   -0.3769959971324381   0.00019766728385027 0.0001211641719023423
  -0.4942809557304332    0.1073980130914235    0.8076368354213097   -0.2439519174158769   -0.1798949906083933
   0.2153098935024166    0.1086029493211888  -0.01598547979168469   -0.8218244907866306    0.5159418765111474
  -0.6814129860845723   -0.4656802966897698   -0.2139199856590949   0.08752041677106426    0.5151665944663598
   0.2288048357686791    0.3075575379519041     0.399473984620042    0.5073776758079506    0.6603371394078479

32.16573537760384
50.83804926088264
72.62176759758422
98.33579885309538
132.3430692093719

  1.451246874779287
-0.7611309584878025

 -0.03837698647286554  0.004671069774424059   0.03363432144393844 3.419669638089849e-05 3.615426066681197e-05
     1.69688773656455    0.2164913660242129   -0.9107237208638684 -0.001173046165020085 -0.001450300460316738

 1.067550465734479e-05    0.01128396486298422   -0.01877781876309495      1.033801018926026      2.854429632226818
-0.0003010694087104793    -0.3752778991873441     0.9128917473003353     -65.41275264296171      41.64392492678314

cov:
53.09890179872615 52.31567446344735 51.40468054557812 49.99017764624229 48.99287848324874
52.31567446344735  57.3980312456429 63.32789220957955 69.91158967916456 79.88366059683824
51.40468054557812 63.32789220957955 77.24548347295462 93.16294972090382 115.9369244389834
49.99017764624229 69.91158967916456 93.16294972090382 121.8267673223314  157.759677481693
48.99287848324874 79.88366059683824 115.9369244389834  157.759677481693 219.8827011202225

cov.inverse():
     144.943518208801    -267.6116508062232     121.9544548390725    0.3544183283532995    0.3713833464842111
   -267.6116508062232     496.9576355043774    -229.3207290667748  -0.02761060990493438    0.0153076254554829
    121.9544548390727    -229.3207290667754     108.8601015327469   -0.8637389181349382   -0.6392621601627939
   0.3544183283528973  -0.02761060990418122   -0.8637389181352915    0.5452167652776628 -0.004694888949737533
   0.3713833464843554   0.01530762545521222   -0.6392621601626653 -0.004694888949739755    0.2566676883495638

cov*(cov_.inverse()):
    0.9999999999995097  4.500844141830385e-13  2.486899575160351e-13  6.938893903907228e-16                      0
-2.707167823245982e-12      1.000000000001963 -8.455458555545192e-13 -5.551115123125783e-16 -3.552713678800501e-15
-1.087130385712953e-12 -3.139710713639943e-12      1.000000000000597  4.107825191113079e-15                      0
-4.618527782440651e-13 -3.208100451956852e-12   1.27897692436818e-12     0.9999999999999946 -7.105427357601002e-15
-3.652189661806915e-12 -3.866684750164495e-12 -2.074784788419493e-12 -1.310063169057685e-14                      1
