5
2

 0.107506639135437
0.9330046251425091
 3.247729242080328
   6.3653719552201
 20.03640640476223

  -0.3655187493803791    0.8151423510204228   -0.4493747944123028 -0.001020587873082659 -0.000493934809011409
   -0.615973125219798    0.1334443983761839    0.7434927856369364  -0.07551092844256223   -0.2104430539137464
   0.2282452016516823    0.1852866083000303    0.1521358682087252   -0.8922651895318486    0.3070675981957801
  -0.6210046700880019   -0.4337925222214778   -0.2821728076462671  -0.09723711383152174    0.5806037355308343
    0.221879427866204    0.3085910895737537    0.3775102065933169    0.4344016958179894    0.7241010078116009

100.1560502835086
131.1106568616213
155.7214502871838
186.7721153836631
261.4693421410286

  2.827607520985004
-0.3233097112205416

  -0.05861190470198649    0.01673562780055588    0.04180313830972992 -7.496417104139617e-05  2.668274548404351e-05
      3.07393016686107    -0.5683957915155859     -1.502604458908164   0.002911619367254033   -0.00147673276647358

0.0001881642563255791   0.06042734364987811  -0.04052612721204623    0.7036166156744486     3.182578084429028
 -0.01053681397985038    -2.686697159527808     3.846153606793655    -50.22223605647253    -24.25326526601018

cov:
36.27089618967286 38.77390095067012 40.69627489273719  39.0334633819139 50.74246584394324
38.77390095067012 46.23999008268309 52.10735640574135 53.77288178555558 80.07689825624273
40.69627489273719 52.10735640574135 61.16706854942185 65.46650294900734 103.4591156534308
 39.0334633819139 53.77288178555558 65.46650294900734 84.54250114589912 121.1151754865502
50.74246584394324 80.07689825624273 103.4591156534308 121.1151754865502 225.1848863152813

cov.inverse():
    12.01020670409707    -25.86298267171911     13.69348013740494   0.06813150608386716    0.1626788751015053
   -25.86298267171906      57.5191271890918    -31.57364309818146  -0.09785480862854173   -0.0673619171368247
    13.69348013740488    -31.57364309818139     18.11170230100765  -0.03659637176710267   -0.1594683810459192
  0.06813150608386312  -0.09785480862853244  -0.03659637176710799   0.08282305794645285 -0.008287199175885711
   0.1626788751015176  -0.06736191713685223   -0.1594683810459038 -0.008287199175885765   0.06946100885215045

cov*(cov_.inverse()):
    0.9999999999999876  2.113864638886298e-13 -2.380318164796336e-13 -2.775557561562891e-16 -1.332267629550188e-15
-1.012523398458143e-13      1.000000000000768 -2.717825964282383e-13  1.110223024625157e-16 -8.881784197001252e-16
 1.101341240428155e-13  4.272138198757602e-13     0.9999999999996732 -7.771561172376096e-16  -1.77635683940025e-15
-6.750155989720952e-14  9.041656312547275e-13  9.237055564881302e-14     0.9999999999999996                      0
-4.263256414560601e-14  1.527666881884215e-13                      0                      0     0.9999999999999982
