5
2

 1.74674647053588
2.406229539345762
3.463989454985623
4.773283410520657
12.04664111518548

  0.7305959968961455  -0.5708820249220209  -0.3183505699984673  0.03135846009149924   0.1949173273534239
 0.08355333724270701   0.2259774107212014  0.04635972582182268   -0.796555470651512    0.552542494000435
-0.02153755080646139   0.4919940203806359  -0.8471967684950359   0.1652942964829581   0.1114156578615886
  -0.630324163708466  -0.5143308392766743  -0.1842013343085504   0.1461723828261339   0.5318446571622725
  0.2479433639067922   0.3412236731871413   0.3805669379936931   0.5619852837975134   0.6011920156259496

103.5629078967846
133.1237280605661
154.5044548861939
183.9409264158053
218.6266858307186

 2.109940313761664
-3.063759755258259

-0.02442491611393195 0.003382703056015496 0.007437551363276403 0.006455906034738728 0.007828277426307231
   2.237189300836845  -0.1708635772930877   -0.376302906675732  -0.3271220033952397   -0.396761006230056

  -0.062289610886681 -0.01012427432251179 -0.02605547036085896    0.396283505347208   0.9089211183747214
   5.382874292196537   0.9970945242284484    1.059271962935996   -34.44497777600058   -10.03982929097502

cov:
19.64843769271915 18.37402206738237 15.87065543279541 17.76390226811771 14.66699262479487
18.37402206738237 27.11883774649248 16.61755385692154 25.99495087315439  24.5790602899396
15.87065543279541 16.61755385692154 30.72521821575444 28.49951419588225 29.79718930204134
17.76390226811771 25.99495087315439 28.49951419588225  50.3247569737059 48.49349550446328
14.66699262479487  24.5790602899396 29.79718930204134 48.49349550446328 60.92883281915827

cov.inverse():
    0.194048183889804   -0.1195086939464992  -0.06829374374788402 -0.007366456600542054   0.04076058636689427
  -0.1195086939464991    0.1482205537309247   0.03169062766735921  -0.03215723122355189    -0.020928742905067
 -0.06829374374788405   0.03169062766735925   0.09589044921503311   -0.0210283613100767  -0.02650287327588762
-0.007366456600542056  -0.03215723122355191   -0.0210283613100767    0.1153000788396212  -0.06673818148859294
  0.04076058636689426  -0.02092874290506697  -0.02650287327588761  -0.06673818148859297   0.08112173204997546

cov*(cov_.inverse()):
    0.9999999999999998 -5.551115123125783e-17  5.551115123125783e-17 -1.110223024625157e-16                      0
                     0                      1 -2.220446049250313e-16                      0 -2.220446049250313e-16
-2.220446049250313e-16 -1.110223024625157e-16                      1  4.440892098500626e-16                      0
 8.881784197001252e-16 -2.220446049250313e-16 -6.661338147750939e-16     0.9999999999999996  4.440892098500626e-16
 4.440892098500626e-16  2.220446049250313e-16 -4.440892098500626e-16  8.881784197001252e-16                      1
