5
2

0.1966819459626791
0.1974715796845908
0.1997053882993402
 4.391486772571191
 26.20280737274779

 -0.3101611736763287   0.7377656694849295  -0.5733102216558144    0.173442980310471 -0.02710692898796707
 -0.3316931235498819    0.377072773270631   0.4392479480661425  -0.7099184026048516   0.2255502099541864
  0.4996136422943227 -0.07717976111609029  -0.5248342850171809  -0.4297580329705695   0.5331852391760632
 -0.6821395777363205  -0.4323652296571309  -0.1647099431792423   0.1597436013318643   0.5432297130318517
  0.2808051335936725   0.3473061088507492   0.4192806193386951   0.5056910214298757   0.6074597079597627

130.1890847810963
156.9828708309649
186.0205933775383
220.8229016058019
 261.817576631403

 4.853997453125896
-1.893259061826481

  -0.02943362131624559   -0.01412359549305786 -0.0008007579337721811    0.01453672829446043    0.02997554262350279
     1.349147294692418     0.7759565773021045     0.2405059559119057    -0.3665383067758322     -1.005647595803553

 3.392931557101664e-05  2.053767323442401e-05  -0.000137987640333264     0.8663284978800333      8.276095056879837
-0.0007805222420437191 -0.0006192710690985972    0.00435772548909524     -36.64694444272366      -32.3136002291306

cov:
63.13006734077543 72.63221097910869 82.99365029987767 95.39289025198329 109.9782762240788
72.63221097910869 86.44918910215185 101.3450387224771 119.2488623193245 140.3236776479406
82.99365029987767 101.3450387224771 121.2538496359942 145.0601951984109 173.1388066368668
95.39289025198329 119.2488623193245 145.0601951984109  176.096698998907 212.5685336420939
109.9782762240788 140.3236776479406 173.1388066368668 212.5685336420939 259.0600262639321

cov.inverse():
  11.59123591013086  -10.07410895403707  -5.708255884210771 -0.7411663986579482   4.959163934317112
 -10.07410895403699   17.87587918547814   -5.66701718681206  -2.728553825896018  0.6203554818131066
 -5.708255884210519  -5.667017186812954   20.35275183222902  -4.912777656111594  -4.078392183607774
-0.7411663986586516  -2.728553825894126  -4.912777656112993   18.33459751999102  -9.968242402748567
  4.959163934317472  0.6203554818121851  -4.078392183607003  -9.968242402748773    8.46758102428131

cov*(cov_.inverse()):
   0.9999999999998863 3.552713678800501e-13 2.842170943040401e-13                     0  1.13686837721616e-13
                    0     1.000000000000043 3.410605131648481e-13 2.273736754432321e-13 2.273736754432321e-13
 1.13686837721616e-13 8.526512829121202e-14    0.9999999999997726 2.273736754432321e-13 2.273736754432321e-13
                    0 2.557953848736361e-13 -1.13686837721616e-13     1.000000000000455 2.273736754432321e-13
                    0  1.13686837721616e-13 2.273736754432321e-13                     0                     1
