7
2

0.05128792571231348
  0.112000275153827
  1.066212502208595
  3.320702199940316
  4.445713319038069
  8.460051245977775
  23.03164560553893

    0.4643421663273479    -0.8438390076422688     0.1732188155511213     0.2057113032183536 -0.0002538984973990605  0.0003422359761040888 -4.276797851747397e-05
   -0.1753174937155109   -0.06817279603088464     0.8053968709688649    -0.5620960713930635 -0.0003544489123021627 -7.099457469360415e-05  4.860482119531205e-05
    0.5304885537694963     0.0459639947522253    -0.3683432967858921    -0.6988762167634558    0.09471428021947553     0.1822233597978394     0.2240274695829941
    -0.151784628381679    -0.1223221859388987   -0.09659456158849859   -0.07682353278328886     0.8878466992995458    0.01063081982910783    -0.3979718194910901
   0.06269462535464804     0.0409169864946578    0.02314254973315864   0.008634705491822766      0.246530273825191    -0.8359782862178964     0.4838886002796714
   -0.6593333031249472    -0.4772675179376549    -0.3223368467964103    -0.1982814256552618   -0.04659946695803193     0.1424147248839262     0.4145181310448373
    0.1026763323084175     0.1917141351440111     0.2681178997125154      0.328650213459496     0.3739098385090102     0.4975337795129897     0.6208515612657659

  63.803921888655
100.1174899075995
131.1186314114018
155.7267992241002
 186.764242588652
220.5229844611608
261.4571443771009

  2.825868811208758
-0.3032417812913745

  -0.06200877725373261    0.04921590898134776   0.005322862526902917   0.007411779452021978  1.119764729634121e-05  3.054363423218159e-05 -3.991559593846151e-06
     2.328616044719678    -0.9771463907624315    -0.1399439567973098    -0.2098401376338211 -0.0002125124564669005 -0.0007580779304398981 -6.349651573382686e-05

-0.0001785468268126131  9.579794089161582e-05    -0.0429345647481329    0.02558364666654439   -0.03382418330906684      1.017194900037503      3.685875436775425
  0.004835877590017266  -0.004219725858347277       1.57836600510022     -2.254531793791092      2.006278469758895     -70.31148614140044     -29.29211491663334

cov:
37.35891937684207 33.24635925205011  29.7809025552616 26.97627300160626 21.44074001756145 19.43400659888897 15.65453933086833
33.24635925205011 36.00207030723789   38.405991191098 40.26967808818937 38.62369633139839 45.05157098166202 49.91836830655701
 29.7809025552616   38.405991191098 45.84543300039342  51.6895339667095 53.38177794049924 67.00613698343298 79.28887967866834
26.97627300160626 40.26967808818937  51.6895339667095 60.73492556416517 65.06147524443503 84.41988150386973 102.5950745772699
21.44074001756145 38.62369633139839 53.38177794049924 65.06147524443503 84.22155445447116 94.25772790904112  120.244626883439
19.43400659888897 45.05157098166202 67.00613698343298 84.41988150386973 94.25772790904112 146.6123212861315 160.0850609680678
15.65453933086833 49.91836830655701 79.28887967866834 102.5950745772699  120.244626883439 160.0850609680678 223.1973560230545

cov.inverse():
     84.6745028455672    -147.9787526509563     19.15376936445246     43.84610128292074 -0.006604943532626739    0.1424258698825203   0.09962730287743699
    -147.978752650956     271.0774655572608    -59.95654313733801    -62.96256281554327    0.0783129896365093    -0.104652910463816   0.02539031845152511
    19.15376936445217    -59.95654313733751     63.23935744276532    -22.31506081913867  -0.07725577136170092  -0.04252654535383977  -0.06978421116767097
    43.84610128292083    -62.96256281554361    -22.31506081913836     41.70572253279371   -0.0679175759953867   -0.0826056397566886   -0.1410276816332468
 -0.00660494353263108   0.07831298963652428  -0.07725577136171859  -0.06791757599537965   0.08277991506539159  0.005837447812774564 -0.007171479067789027
   0.1424258698825294   -0.1046529104638256  -0.04252654535385193  -0.08260563975667583  0.005837447812774552   0.06537404742182513   0.01646065625569992
  0.09962730287746153   0.02539031845149043  -0.06978421116768393   -0.1410276816332237 -0.007171479067789004   0.01646065625569996   0.07348662903025543

cov*(cov_.inverse()):
     1.000000000000057 -4.730105196415479e-13 -7.949196856316121e-14  2.078337502098293e-13   9.71445146547012e-17  4.440892098500626e-16                      0
 -4.46753745109163e-13     0.9999999999986493  -3.82804898890754e-13 -1.785238623597252e-13 -1.110223024625157e-16  4.440892098500626e-16  8.881784197001252e-16
-2.859934511434403e-13  5.022648963404208e-13     0.9999999999998996  1.385558334732195e-13 -1.110223024625157e-16  1.110223024625157e-15                      0
-5.364597654988756e-13  3.286260152890463e-14 -1.027622431593045e-12     0.9999999999997442  1.110223024625157e-16  6.661338147750939e-16  -1.77635683940025e-15
 1.509903313490213e-13  1.175504138473116e-12 -3.517186542012496e-13 -8.171241461241152e-14     0.9999999999999999  2.220446049250313e-16                      0
-3.748112931134528e-13  2.237321439224615e-12 -8.117950756059145e-13 -2.309263891220326e-13 -2.220446049250313e-16                      1  -1.77635683940025e-15
 1.069366817318951e-12  5.426770144367765e-13 -6.519229600598919e-13  8.384404281969182e-13 -2.220446049250313e-16 -8.881784197001252e-16      1.000000000000002
