5
2

0.3835222348352444
 3.033596970234386
 4.391914866072962
 5.042176308808227
 22.64006850547285

 -0.6254406844067172   0.7737775004533948 -0.02350927946901352 -0.05786651665193542 -0.07868360763445922
 -0.4287598423369008  -0.3349337064333167   0.7946943721922112   0.1428512504044441  -0.2281201108144379
  -0.215105604081328   -0.149719122032288  -0.4037810256075313   0.8377000821382039   -0.257940340651991
 -0.5520280585481998  -0.3933200691977515   -0.246085211028844  -0.1205880629909815   0.6822499056201868
  0.2719991719774261   0.3346211286680727   0.3798830357585017   0.5098647643818782   0.6401343233081761

131.0724173027149
155.6914454613788
186.7797116369285
220.4406012742697
261.4039903217677

    2.82812579893155
-0.07667395482764901

  -0.1068444533043587    0.1048580466458382 0.0003917148952771749 0.0007666279893153642  0.001026634182472104
     5.92301418553344    -4.822734489872372  -0.01946232586455816  -0.03791094868127211  -0.05314275886297194

0.0217438169556179 0.1000953819073619 0.1447211293324665 0.4639781556933326  3.702303045964903
-1.092783029385431  -8.58625399462874  -10.8444176433553 -35.58501135488209 -32.53569194383065

cov:
48.31121477579198 54.04430340058514 54.95857599950319 68.74332962296967 81.64964778461207
54.04430340058514 62.87928008159064 66.33132549820027 85.79053374328942 104.4112096419612
54.95857599950319 66.33132549820027 84.46633935948637  94.5546175335038 120.7179866302003
68.74332962296967 85.79053374328942  94.5546175335038 147.3432796946703 160.7357400594205
81.64964778461207 104.4112096419612 120.7179866302003 160.7357400594205 223.6348460233321

cov.inverse():
    2.693951567951538    -3.264198930211037   0.07298665042434202    0.2329466573653506    0.3336023370857105
   -3.264198930211038     4.090186759679326   -0.1454066020930546   -0.3139152200675559   -0.4137551391184925
  0.07298665042434446   -0.1454066020930575   0.08349881013284412  0.005593891344119967 -0.007852987256480879
   0.2329466573653495   -0.3139152200675543  0.005593891344119723   0.06244244592895823   0.01361254438618656
   0.3336023370857107   -0.4137551391184927  -0.00785298725648117   0.01361254438618674   0.07030270971616523

cov*(cov_.inverse()):
    0.9999999999999858 -3.552713678800501e-14  4.440892098500626e-16  8.881784197001252e-16  8.881784197001252e-16
-5.684341886080801e-14     0.9999999999999929 -1.443289932012704e-15 -3.108624468950438e-15 -8.881784197001252e-16
-4.263256414560601e-14 -4.263256414560601e-14     0.9999999999999988 -2.220446049250313e-15  -1.77635683940025e-15
-9.947598300641403e-14                      0 -1.332267629550188e-15     0.9999999999999978 -3.552713678800501e-15
-2.842170943040401e-14   -1.4210854715202e-14  6.661338147750939e-16  4.440892098500626e-15                      1
