5
2

0.05514785399387103
  1.060305199140428
   2.18324240046802
  4.067285132708016
  7.568795377146699

   0.2849345259548079   -0.8056419379816523    0.5193773292797014 0.0005626376409855857  0.000506905560281535
  -0.5100791570206467    0.3025715026245913    0.7496006420592514   -0.2055967700395204   -0.2099966307974475
   0.1817349238211489   0.07427435084547901   0.01588725459083261   -0.8248759513067425    0.5298896096052139
  -0.7866972059113468   -0.4850297888724535   -0.3208258414425363   -0.1106597360018475    0.1751536822573619
  0.08192370332825961   -0.1364587053928443   -0.2552732689861956   -0.5148434124780068   -0.8027697972174801

78.27361805044654
111.2495315989297
129.1206622749898
 155.160268964583
187.0225169394389

 2.266398307204777
-2.494727758408951

  -0.06218798751315472    0.05005926363174659    0.01206100766264653  5.336529223442295e-05  8.752699030917244e-06
     3.184976862590813     -1.687432534436759    -0.4957811257368329  -0.001392240155646929 -0.0009006268819823915

-0.0001574932847202583     0.0628402783922551   -0.03542200267843586     0.3435780282259907    -0.8615367997815087
  0.006111395608212978     -2.817725044961812      2.127229841142664     -25.27909255657288      35.47129529699224

cov:
  11.0728808704073  5.561977030492124   2.56160366053733 -1.572730371684674 -5.467549331905222
 5.561977030492124   5.08968759645853  4.829106451833771  4.550602541218502  4.986236391251691
  2.56160366053733  4.829106451833771  6.069531030703541  7.880525781548505  10.67306033625609
-1.572730371684674  4.550602541218502  7.880525781548505  18.67797119654548  21.32109370659999
-5.467549331905222  4.986236391251691  10.67306033625609  21.32109370659999  38.81323689807578

cov.inverse():
   26.97106843579844   -75.59123171850599    48.33525564414099   0.1190696383877816   0.1534941005039624
  -75.59123171850599    213.5130963552005   -137.3719605996762  -0.2127591651579864  -0.1857633638509578
   48.33525564414096   -137.3719605996762    89.20417632013762 -0.03930760000254651 -0.05150333915152065
  0.1190696383877786  -0.2127591651579778 -0.03930760000255207   0.1858189156817481  -0.0471602901431575
  0.1534941005039629  -0.1857633638509594 -0.05150333915151953 -0.04716029014315751   0.1113203682202181

cov*(cov_.inverse()):
     1.000000000000036  -3.68594044175552e-14  7.527312106958561e-14  1.110223024625157e-16                      0
 2.176037128265307e-14     0.9999999999998896  1.411648575810887e-13 -5.551115123125783e-17 -2.220446049250313e-16
 3.996802888650564e-14 -6.128431095930864e-14      1.000000000000078 -1.110223024625157e-16 -6.661338147750939e-16
 1.598721155460225e-14  2.620126338115369e-14  1.021405182655144e-14     0.9999999999999993                      0
 1.865174681370263e-14 -2.264854970235319e-13 -6.461498003318411e-14  2.220446049250313e-16     0.9999999999999991
