5
2

0.08846096395854747
 0.5248727284389841
 0.6386899046446908
  1.127258942762268
  2.676563639902947

-0.03710775079987063  0.01307546567903902   0.8943036007643378  0.01072356334058857  -0.4455986107216576
 -0.1877815173554415   0.9282869031949004  -0.1587165172758271   0.0500315337546229  -0.2744584483496579
  0.9540183189404126  0.09908874490028373 -0.09428397225904914 -0.01707575876565184  -0.2661755413215646
 -0.2276131104036935  -0.3571402680889216  -0.4072513191461424  0.04949237092412571  -0.8076756583900282
  0.0374491077160468 -0.02728932204283911  0.01694203153561675   0.9973167874363326  0.05408373414284427

76.10422087125993
 107.519997991349
133.7111761042193
 155.203681271293
181.2609817646298

 1.774356861374475
-13.43198709953122

 -0.01971773582035482 -0.002858091878590444   0.01574811244699549 1.409610377311295e-05  0.008664672529418296
     2.03488816981157    0.1435058438882619    -0.578023467953929 -0.003315198495774673   -0.5559530894994106

8.542995453758637e-05 -0.001054409044232329 -0.009335622076804285  -0.01004146691398832  0.000638060464755762
-0.002683042292656892 -0.001305212924713513    0.8803329032168952    0.2158274799987448     0.208625181340887

cov:
 0.4568780430666651 0.08651070345460721 0.09359373613954144  0.2440138657173138  0.1588553996633928
0.08651070345460721  0.4088155000980501  0.1371988111389854 -0.2053310025037171  0.2749748838652071
0.09359373613954144  0.1371988111389854    0.22963328793298 0.09397881394857624  0.4436555970177786
 0.2440138657173138 -0.2053310025037171 0.09397881394857624   7.129521509787577  0.3336544232449601
 0.1588553996633928  0.2749748838652071  0.4436555970177786  0.3336544232449601   0.901098819101244

cov.inverse():
  2.576101001525227 -0.3991772530022507  -4.280066818604787 -0.1285408792284686   1.822552601788855
-0.3991772530022503   3.274323299330117   1.050990468171594  0.1646458328897247  -1.507224060388881
 -4.280066818604788   1.050990468171601   102.4474933660663   1.187140220001954  -50.44572438783632
-0.1285408792284686  0.1646458328897248   1.187140220001954  0.1652626535736936 -0.6732625341255748
  1.822552601788854  -1.507224060388885  -50.44572438783631 -0.6732625341255749    26.3346160584961

cov*(cov_.inverse()):
                     1 -2.775557561562891e-17                      0 -1.387778780781446e-17                      0
                     0                      1                      0  2.775557561562891e-17                      0
-1.110223024625157e-16  1.110223024625157e-16      1.000000000000004                      0 -3.552713678800501e-15
-1.110223024625157e-16   3.33066907387547e-16  3.552713678800501e-15                      1  -1.77635683940025e-15
                     0 -2.220446049250313e-16                      0                      0     0.9999999999999964
