6
2

0.1084078297462919
0.1313862881474715
 1.506649536790122
 3.157558816113631
 4.826388269175634
 13.57883167931948

    0.5908833989569399    -0.7166867236420845     -0.191307525475439     0.3172036850523918  0.0003044837325548801  0.0003304051643629652
   0.02131446802378624     0.4106537001387696    -0.8230846747085749     0.3917151868230898 -8.415278420966257e-05 -0.0002358082708771846
     -0.52599038211799    -0.1719588787567309     0.2556088312162149     0.7458186866712798    -0.1381886339237197    -0.2304056757256719
   0.08838661253162003    0.07103487401057935     0.0503849266727994    0.02665506465833919    -0.8962800399516969     0.4249409489280917
   -0.5916259693271413      -0.49699995735068    -0.3837213689258963    -0.2527906607977543    0.07754936824112478     0.4310575868020611
    0.1261076498561198     0.1899971362993759     0.2661135933289336     0.3536692106400515     0.4142124903136654     0.7619236225533109

109.6338963597739
130.4603698303532
155.2050353317774
 183.660659948106
220.1307487190673
262.6866074350166

 3.273499138416532
-5.152381306250167

 -0.05738187828000979  0.008261286367772727    0.0193418029492892   0.02965534946428551 8.112755466061893e-05 3.421189499387516e-05
    3.000255644657294    -0.276223123806892   -0.6682420333841774     -1.05142270788168 -0.002528800253680671  -0.00143470728597625

-0.0004009889533374367   -3.6838596360494e-05     0.1266748396391418   -0.02769839784180343     0.3481368851485193      1.849064517620193
   0.02074379259647233   0.001530806640638532     -5.640718446435958      1.849694676626937     -26.00433539247543     -41.66192634784731

cov:
11.79572886081455  11.5302940454744 11.21352985862125 10.84275791920776 7.937834819431234 12.42551079010212
 11.5302940454744 12.53629835343728  13.6967169266548  15.0443837287298 13.03229002263422 22.09261464606782
11.21352985862125  13.6967169266548 16.67307494113093 20.05298716196188 19.10068245403223 33.61232032952406
10.84275791920776  15.0443837287298 20.05298716196188 25.82533582544377 26.08249038775203 46.87050395581673
7.937834819431234 13.03229002263422 19.10068245403223 26.08249038775203 39.82790252651508 55.24513586435564
12.42551079010212 22.09261464606782 33.61232032952406 46.87050395581673 55.24513586435564 113.2895381109751

cov.inverse():
   29.87269958974919   -35.47350484911735   -10.68376178154007    16.26620522281149  0.03759340349328546  0.06304956498289621
   -35.4735048491201    53.49899452395615   -7.924392891796899   -10.07604899445557 -0.01771552412986293 -0.01368908058994136
  -10.68376178153499    -7.92439289180394     42.3953323146414   -23.75209796957676  -0.0217135840491877 -0.02393303724826918
   16.26620522280913   -10.07604899445131   -23.75209796957866    17.69889086328164  -0.0415372037049636 -0.07421445411553386
 0.03759340349328436 -0.01771552412986506  -0.0217135840491808 -0.04153720370496729   0.0901814642469819 -0.02101790389679654
  0.0630495649828872 -0.01368908058991228 -0.02393303724830017 -0.07421445411552294 -0.02101790389679655  0.05263553341082337

cov*(cov_.inverse()):
      0.99999999999983 -8.354428260304303e-15  9.353628982466944e-14  1.142419492339286e-13                      0                      0
-3.463895836830488e-14     0.9999999999999428  1.443289932012704e-13  1.045830089196897e-13                      0 -4.440892098500626e-16
-1.194599974496668e-13  1.187938636348917e-14      1.000000000000155  1.296740492762183e-13  2.220446049250313e-16  6.661338147750939e-16
-1.523225989785715e-13  2.797762022055394e-14 -1.909583602355269e-14      1.000000000000167  5.551115123125783e-16 -4.440892098500626e-16
-6.039613253960852e-14 -3.896882816434299e-14  2.211564265053312e-13 -3.819167204710538e-14                      1 -4.440892098500626e-16
-4.440892098500626e-14  -6.94999613415348e-14  5.684341886080801e-14  6.039613253960852e-14                      0                      1
