5
2

0.09040268599516857
 0.1079135921096739
 0.5434101819032223
  1.093213750110953
  1.227324475322591

    0.1759292340491951    -0.3085737530829121 -0.0003300889751735747     0.8689089817688905    -0.3447146877604837
   -0.4882379332921639     0.7685573967235958    0.00870012191793108     0.2376031059364201    -0.3382489029753454
   0.01360209907064966    0.09875341546946582    -0.9435595966615531      0.143567155267764     0.2813298869835826
   -0.1647452068200599     0.1301112033958403     0.3204172841193245     0.4083849335054812     0.8285436631246548
    0.8386576326679126      0.536116222972012    0.08338015654437278    0.03394353347489958    0.03359102058512609

26.31373274965188
76.10478012899387
107.5215965819582
133.7147363742579
181.2681186385154

 1.774356861374475
-13.43198709953122

 -0.03226331994325644   0.03006654103462295 -0.001368155003271088   0.00856756244109445 -0.001784463724312348
    1.705439237791251   -0.6100643255360967    0.0648096552008165   -0.1482211850799994  -0.02336009378958568

-5.634052031948045e-05  0.0004831351158366021   0.001343371473227367    0.01291824869619492   -0.01630133970598993
  0.003003667220135989   -0.01546830014187915   -0.03722240165721068    -0.5013024882469185      1.661179006109871

cov:
    1.09498905528081   0.6472365894780548  0.03840669863854224 -0.03705117077304879  -0.1181389107870401
  0.6472365894780548   0.4637176235103784  0.08972241360867499  0.09503659150875907   0.1620097648184999
 0.03840669863854224  0.08972241360867499   0.3960747180855935    0.120668376535055   0.2430783373477512
-0.03705117077304879  0.09503659150875907    0.120668376535055   0.2139692279316601   0.4146457657080189
 -0.1181389107870401   0.1620097648184999   0.2430783373477512   0.4146457657080189   0.8478036611423323

cov.inverse():
  24.74708779091876  -38.57966752849436 -0.4130730603629258   8.712216719624077   6.678199752289833
 -38.57966752849436   62.61124836001452  0.3356558450266619  -17.02166936922491  -9.111804314729607
-0.4130730603629262  0.3356558450266625   3.112005052868961  -0.204957097509633 -0.9137209272376926
  8.712216719624108  -17.02166936922496 -0.2049570975096314   97.43968569651092  -43.13050967613822
  6.678199752289805  -9.111804314729563 -0.9137209272376935  -43.13050967613824   25.20765888636533

cov*(cov_.inverse()):
    0.9999999999999977 -2.664535259100376e-15  2.775557561562891e-17  8.881784197001252e-16  2.220446049250313e-15
-1.998401444325282e-15      1.000000000000001  2.775557561562891e-17  -1.77635683940025e-15                      0
 2.220446049250313e-16 -4.440892098500626e-16                      1                      0                      0
 8.881784197001252e-16 -1.332267629550188e-15                      0     0.9999999999999964   1.77635683940025e-15
                     0                      0                      0                      0                      1
