5
2

0.07979896940195029
  1.002917997817956
  3.735340605496077
  7.740701146913453
  33.12569626502943

   -0.4370823226728738     0.8159166955257119    -0.3784666042009626   0.001211447339246867 -0.0007423403700002569
   -0.5130100936428816    0.09715623005215517     0.8017346763382568    -0.1913719769634899    -0.2190424296168442
    0.1401307891443085    0.09645180891064652    0.04241443184972724    -0.8022174653828433     0.5707088265457695
   -0.7052653579647216    -0.4920072990827424     -0.246687477771118     0.1122998895318829     0.4325085150910323
    0.1695400360271723     0.2710470053913615     0.3890126508780546     0.5542663365876405     0.6627576349125121

59.28859300344469
92.97713587189727
131.9485709511134
187.5950852897544
222.0158532014952

 2.619493079762847
-0.140030324463763

   -0.0691442241586713    0.06129568351293813   0.007825978616978105 -4.924537343358078e-06  3.510927229292016e-05
     2.539899604483757      -1.33324813798626    -0.2057259359617663  4.171450295299434e-05  -0.001047022871575775

0.0004920583882032854   0.04797330417850353  -0.04773567503318778     1.000108711687277     8.730477116152889
 -0.01350055459542155    -1.606578861633605     3.041245853872052    -65.01353239536039    -12.57413702701888

cov:
61.88424793374226 71.35274273550907 82.46614358263983 96.89937837401231 106.2500512609937
71.35274273550907 95.26369773005831 123.1072222634266 160.4426607001714 185.1155519911858
82.46614358263983 123.1072222634266 170.3759805198703 234.3096478186481 276.6782687806586
96.89937837401231 160.4426607001714 234.3096478186481 346.8782590698034 399.6555687322444
106.2500512609937 185.1155519911858 276.6782687806586 399.6555687322444  497.793003860268

cov.inverse():
   30.27212167612045   -56.04616410803156    25.57191502423855 0.005160171725077074   0.1634146234905078
  -56.04616410803063    104.5576675933403   -48.41311804271603   0.1304072223689667  -0.1157164279839786
   25.57191502423717   -48.41311804271425    23.13400862740522  -0.2272433520029873  -0.1302842697154733
0.005160171725316602   0.1304072223685221  -0.2272433520027836  0.08325500825045806 0.009866141249669613
  0.1634146234907385  -0.1157164279844109  -0.1302842697152713 0.009866141249668647  0.07465325131482099

cov*(cov_.inverse()):
     1.000000000000739 -7.123190925995004e-13 -6.039613253960852e-13 -4.440892098500626e-15 -8.881784197001252e-16
 1.669775429036235e-13     0.9999999999997584 -3.765876499528531e-13  1.554312234475219e-15   1.77635683940025e-15
-1.691091711109038e-12 -1.456612608308205e-12     0.9999999999981455  3.552713678800501e-15                      0
 7.247535904753022e-13  6.465938895416912e-13 -1.051603248924948e-12     0.9999999999999987 -3.552713678800501e-15
-4.263256414560601e-13  9.166001291305292e-13   -1.4210854715202e-14 -4.440892098500626e-15                      1
