5
2

0.06135970424433444
 0.9805595674501433
  3.128136581348747
  4.757000840388839
  10.47665966962792

   0.1746650321373367   -0.7787776267792651    0.6024922351459838 0.0005087707722277463 0.0006183183780260397
   -0.520818838141349    0.4085170012839774    0.6794541037793506   -0.1872959175104214   -0.2551939608226866
   0.2806333661011928    0.1673701750765794    0.1349951242693545   -0.7272228746220167    0.5883496795066195
  -0.7095519910551106   -0.4439653590060746   -0.3678796127805057   -0.4016437282335795   0.05270330220613636
   0.3406181883076722  -0.03874599576013865   -0.1476012681861607   -0.5241652283711236   -0.7654689259552206

48.77805505742821
111.2506510070306
 129.119665769235
187.0137944410961
 221.005183591413

 2.265163556811528
-2.425433827358447

  -0.03525325659630846    0.03158004848043415   0.003655980213893922 -1.330387758940055e-05 -1.681223291492666e-05
     1.784274649317369    -0.6552396898914563    -0.1278469080909342 -9.710995725892291e-05  7.208367614874867e-05

-0.0001074860993420072    0.03245283330586501   -0.04025998305280965     0.2184398173862477     -1.509346563074881
   0.00280459465054961     -1.234395620192966      3.658835123654377     -21.00105094992685      71.56492115407939

cov:
 25.15896030012541  5.934479415882052 0.4194321109319545 -15.05086417358483 -27.72090940636405
 5.934479415882052  5.061939430302145  4.809828049924223   4.99969449475277  3.589218102585075
0.4194321109319545  4.809828049924223  6.077339944523008  10.75248357298016  12.57291723854838
-15.05086417358483   4.99969449475277  10.75248357298016  39.01572998415728  39.41962569021719
-27.72090940636405  3.589218102585075  12.57291723854838  39.41962569021719  67.82598571975579

cov.inverse():
   8.416460657656334   -36.33143132361409    27.59749074595937   0.1151672047939526   0.1797623585998426
    -36.331431323614    161.2721275373924   -124.3247960582085  -0.1891883827555322  -0.2270228584109233
   27.59749074595927   -124.3247960582083    96.90136311797713 -0.05373777285064035 -0.07310098654683586
  0.1151672047939688  -0.1891883827556037 -0.05373777285058533    0.100231241418384 0.008789265117088923
  0.1797623585998454  -0.2270228584109367 -0.07310098654682513 0.008789265117088727   0.1086697619683053

cov*(cov_.inverse()):
      1.00000000000011 -4.405364961712621e-13  1.292299600663682e-13   3.33066907387547e-16  8.881784197001252e-16
-9.547918011776346e-15      1.000000000000024 -1.157962614684038e-13  1.734723475976807e-16 -1.110223024625157e-16
 1.687538997430238e-14  2.176037128265307e-14     0.9999999999999878 -2.775557561562891e-17                      0
 -1.06581410364015e-14 -1.083577672034153e-13  1.234568003383174e-13                      1                      0
  -1.4210854715202e-14  5.329070518200751e-14 -4.529709940470639e-14   3.33066907387547e-16      1.000000000000001
