5
2

                  nan
                  nan
3.121931541202036e-08
    2.219415540822755
     2.79121039927941

                  -0  -0.8197792148494525    0.443211547541182  0.08890544159326418  -0.3515983297486949
 -0.9963265142763896 -0.01494539633342486  0.03189831778534189  -0.0452204397039942  0.06362170410904397
                   0   0.5454192477715054   0.7834198988522664 -0.04253267570376086  -0.2948933328173904
-0.08455485478983026   0.1709504791343818  -0.4022273275004078   0.3858869306889329  -0.8080413751476777
 0.01356294515692842 -0.03213178914007075  -0.1643546791022386  -0.9161512880027168  -0.3639202544424957

32.45813826725531
 128.501555066138
 158.130366921532
 183.248875978488
215.2246774734336

2.075431582203335
-13.8324712117513

   -0.112930504062659    0.0259674954571378   -0.1065976373069357 -0.007540647123401835   0.06391704714517697
    6.647549489404524    -6.001358612773332     9.369718221376294    0.9953498163207574    -5.958149556243399

  1.53303884874911e-17 -1.048109164817214e-18 -8.564749914594201e-17    0.01136385799868281  -0.009337857113564479
 -1.88224661630496e-15  6.168729196616256e-17  5.635255846802079e-15    -0.7795115789115226  -0.004378512373059751

cov:
 0.03665031589056476 -0.07459627173118728   0.1501611288165354  -0.2575291066381888   0.2980955014203923
-0.07459627173118728   0.1519957453491106  -0.2975594914170764   0.5542872701825693  -0.5893247589721908
  0.1501611288165354  -0.2975594914170764     1.00738057367744    0.408543059908798    2.066953762089512
 -0.2575291066381888   0.5542872701825693    0.408543059908798    7.272618920157734    1.061589841939864
  0.2980955014203923  -0.5893247589721908    2.066953762089512    1.061589841939864    4.248015280816233

cov.inverse():
 5.639031333877221e+16   -1.1004465032464e+16 -3.040153509699809e+16       3305120819590892       8482780743152608
-5.000208514994922e+16      -8768118712543657     -897458793943515.8      -1505201882591432       3105224248271796
-2.592867400527945e+16      -8894138176229584       3617954512364574       -282339178340899      -1104217083699668
      7278427720921466      219357818992184.7      -1294887565856980      302951453536719.6      74027269690320.02
     -96633400437086.2       3828615325317438      572069730587562.1     -379076447941286.5      354303294807266.4

cov*(cov_.inverse()):
0.73046875       0.25      -0.25   -0.03125    0.03125
-1.4765625        0.5     0.9375    0.03125   -0.03125
     0.875         -1       0.25          0          0
   10.0625          0       1.75       1.25    -0.1875
      0.75         -2       -0.5          0        0.5
