5
2

0.2846535554557317
  1.25544355992071
 1.948033542680845
 4.299301773630296
 5.758310482121917

  0.5686555995983046  -0.8100901303476303  0.09494168149729042  0.07183666686766457  0.07880583840466908
 -0.2321355051639735 -0.09912603819971112   0.9054970638768738  -0.3010805297518206  -0.1603518559537731
  0.3142255181746685   0.1734245201700964   -0.106371281167954  -0.8345565052844937   0.4042113921720337
 -0.4322768134941873  -0.1926394788936326  0.08569039692866581   0.1997630246771825   0.8536853504265678
  0.5806401609697108   0.5164706925272233    0.390388845693269   0.4096342043297448   0.2755202261739267

56.42514870439427
82.95875763816215
 112.912684867898
130.5955544701341
182.6244246574383

 1.765216949985318
-6.322787360099801

 -0.06633493668384277   0.06607287721581515 2.637356088877607e-05 9.371264284217611e-05 0.0001262429391314789
    3.359654414546708    -2.349099204487211  5.81590145554145e-06 -0.004793916796529296 -0.005462229537717911

-0.007391952410543858   0.01390875162574056  -0.03573010610858819    0.2971406277964682   -0.1428637454621814
   0.3089336297624204   -0.8585442157542551     2.466984183036386    -18.58365465160322     24.33949863335406

cov:
   15.1188421547445   11.68855054157342   6.377685004762017    5.40883396082745 -0.9722469465397758
  11.68855054157342   9.713403047690154   6.162659765026442   5.796853272328178   1.964481727336717
  6.377685004762017   6.162659765026442   6.525123639371591   5.526674729748427   4.527232606128746
   5.40883396082745   5.796853272328178   5.526674729748427   9.087888664320989   5.690888474273043
-0.9722469465397758   1.964481727336717   4.527232606128746   5.690888474273043   16.64887870531821

cov.inverse():
    4.071335434251084    -5.642739515918554    0.5289665342120742    0.4818936395348449    0.5950097174999596
   -5.642739515918555     8.123250325392966    -1.005820289593893   -0.7331068260941921   -0.7639254103784957
   0.5289665342120743    -1.005820289593893    0.6394313983265765  -0.05965737437936977 -0.003913148457479709
   0.4818936395348447   -0.7331068260941918  -0.05965737437936982    0.3119562755869418   0.02423400566820798
   0.5950097174999596   -0.7639254103784955 -0.003913148457479726   0.02423400566820798    0.1777306840213227

cov*(cov_.inverse()):
      1.00000000000001 -4.329869796038111e-15  9.593020822151743e-16  9.298117831235686e-16 -2.164934898019055e-15
-6.661338147750939e-16      1.000000000000006  3.035766082959412e-16 -5.134781488891349e-16 -1.110223024625157e-15
 -1.77635683940025e-15 -8.881784197001252e-16     0.9999999999999997  2.775557561562891e-17 -1.221245327087672e-15
 3.996802888650564e-15 -5.329070518200751e-15  1.318389841742373e-16      1.000000000000001                      0
 -1.77635683940025e-15                      0  1.249000902703301e-16 -4.996003610813204e-16                      1
