5
2

0.05530030171355663
 0.1279962530697461
  1.965482532104823
  5.951876513323559
  12.00783735893427

   0.4657201682166354   -0.8434980846822799    0.1735739762717425    0.2036854948560103 2.701742519101356e-07
   0.3251453178305087    0.1055986585376629   -0.8440601521959638    0.4131487663538629 4.408119170524586e-05
   0.4529411670870361   0.02216764129992651    -0.200909635135738   -0.7726269191775985     0.396277500129378
  -0.6871635998607964   -0.5082807152694708   -0.4159994150445332   -0.1792040146184654    0.2535494218860231
 0.005977741492473432   -0.1360853210920421   -0.2097959471209438    -0.398439306485067     -0.88242667208627

69.29845946340696
 109.651095757674
130.4743388350902
183.6776249916236
262.6781089396986

 3.273979227860778
-5.139294192457533

  -0.06861403075538097     0.0592725417061842   0.003417777043210442   0.005881268007637911 -1.298483767333755e-06
     2.494176341705231     -1.231392876580713   -0.09619442078521473    -0.1656779125584342 -5.741235707679149e-05

-0.0002451393136919684 -0.0002704086545915004     -0.135191452652592     0.5152862761783789     -1.663282224535231
  0.006574423108427926     0.0113645971325233      4.827854755192537     -36.07387113954954      38.74746610074041

cov:
 17.52747650172322  12.29375762664715  9.589909631849943  2.669453098477764 -6.239253815606926
 12.29375762664715  11.82648886938029  11.58786584868458  10.97886187081991  12.78346644591752
 9.589909631849943  11.58786584868458  12.64450706718411  15.28776335244625  22.64943615554456
 2.669453098477764  10.97886187081991  15.28776335244625  26.33708844863594  47.90322452715706
-6.239253815606926  12.78346644591752  22.64943615554456  47.90322452715706  115.1599939297254

cov.inverse():
     77.44372369339577     -126.3477139659864      9.666400084903787      39.13157852673879    0.04242364504601309
    -126.3477139659848      233.3436297830477     -53.31100978783311     -53.51945717715127 -0.0003215687030637057
      9.66640008490155     -53.31100978782965       53.3536907045172     -9.681858171339416   -0.02455850267750742
     39.13157852673942      -53.5194571771531     -9.681858171338208      24.14176870224587   -0.07697032748618068
   0.04242364504601199 -0.0003215687030614949   -0.02455850267750811   -0.07697032748618109    0.04786528360954909

cov*(cov_.inverse()):
    0.9999999999997926 -1.755548831305909e-13  5.254130464038553e-14 -4.990452495690079e-14                      0
-1.512123759539463e-13     0.9999999999995466  3.291811268013589e-14  8.659739592076221e-15                      0
-1.250111125727926e-13 -2.993725059519114e-13     0.9999999999999314  3.352873534367973e-14                      0
-4.352074256530614e-14   3.22519788653608e-14 -1.179056852151916e-13      1.000000000000033                      0
 2.362554596402333e-13  -3.78093389930001e-13  -2.97539770599542e-14  2.806643806252396e-13                      1
