5
2

0.05567573884811965
  1.283587950373535
  3.293758684852711
  7.933900477856213
  19.25428777982111

   -0.4904830319165489      0.810625599788423    -0.3198631933701762  0.0002635594249045499 -2.081039409914233e-05
   -0.4615387487880283    0.04712550714345004     0.8270686238150097    -0.1337294387279853      -0.28781087307796
    0.1869760875924844     0.1503365423188452    0.09353400863431596    -0.8787459670678908     0.4018653770890634
   -0.7047545317361876     -0.515822766335848    -0.2266458873467475   -0.06759863057289328     0.4258051087298216
    0.1215293027835103     0.2280156163892717     0.3918265687844307     0.4531581603154849      0.757864848757138

63.82980343223837
100.1529668023166
155.7165379862186
186.7642823687291
261.4710606859528

  2.826657212315163
-0.2953355347824544

  -0.06399972651237915    0.05482130854507408   0.009139720769968324  2.376933750062628e-06 -2.062914876365361e-06
     2.379112867570803     -1.121477743695522    -0.2565289818007673 -1.829456168471813e-05  -0.000116756487655939

0.0002259958530812209   0.06537881147416708  -0.03116673386131988    0.9286852122658933     3.078140665972802
-0.006180849615152827    -2.245732136781722     2.736221166779554    -65.47182775654396     -24.9107286616277

cov:
37.47074267674166  33.4239051797886 27.26921907599676 21.73469818410172 16.28950142567173
 33.4239051797886 36.27388072846625 40.69677537626858 39.05750906556358 50.87104888939845
27.26921907599676 40.69677537626858 61.37281804557257 65.71665151002479 104.0289382141268
21.73469818410172 39.05750906556358 65.71665151002479 84.82429575402303 121.7403865474011
16.28950142567173 50.87104888939845 104.0289382141268 121.7403865474011 226.2321815841751

cov.inverse():
    77.75014148536978    -128.2709885530162     50.38491657641353  -0.01848141265618804   0.08632392585415524
   -128.2709885530163     211.9945165047931    -83.62037994471875   0.05375397167790476  -0.01112862482685429
    50.38491657641363    -83.62037994471886     33.42349066189131   -0.1011802850447957   -0.1395966383687427
 -0.01848141265620841   0.05375397167793836   -0.1011802850448089   0.08268081065867706 -0.008722826866731299
  0.08632392585413544  -0.01112862482682158   -0.1395966383687556 -0.008722826866731277    0.0695920508586599

cov*(cov_.inverse()):
    0.9999999999996221  3.357869537978786e-13 -1.216804434989172e-13 -8.326672684688674e-17  6.661338147750939e-16
 7.993605777301127e-15        1.0000000000006 -8.970602038971265e-14  7.216449660063518e-16  8.881784197001252e-16
-9.912071163853398e-13 -1.741717881031946e-12     0.9999999999996891  1.110223024625157e-16  8.881784197001252e-16
-8.899547765395255e-13  4.527489494421388e-13 -9.592326932761353e-14                      1   1.77635683940025e-15
-9.698908343125368e-13 -8.566480858007708e-13  3.694822225952521e-13 -1.998401444325282e-15                      1
