5
2

                  nan
8.977861527957709e-09
 1.45880645408686e-08
   0.3260061093475372
    2.338034754136554

                   0  -0.6949446636147656   0.2917873944642993  -0.5183785873984139    0.403974839652076
                   0   0.5130315972339513  -0.3872208429349584  -0.7334880231619694   0.2210292263802867
  0.9238929279822368   0.1748578928149384   0.3346499532998181 -0.05960844697298855 -0.01740163068872025
  0.3774728446827853  -0.4512666043327354  -0.7984463788193757  0.07456950238059487  -0.1039012646988708
 0.06273841846504369   0.1401201765887531  -0.1241487983636219   0.4291447102889078    0.881392149078468

32.45811788390415
 93.5317964907039
128.5015674949311
158.1303907273243
215.2247256427672

2.075431582203335
-13.8324712117513

 -1.013749505856902 -0.5162074894713654 -0.1988572194084803   -0.10082576494294  0.1739007219233135
  34.10342027493882   26.16245760287552   2.609826648563335   7.171836357609431  -9.561012137198963

-7.504507513011189e-17 -6.080409943537865e-18 -2.320546079181792e-16  -0.001756373884310305  -0.006769341595180337
 4.432902107295256e-15  4.060623009577913e-16   7.80909595953763e-15    0.05433739992874866     0.7228261593347227

cov:
 0.03665975566865111  0.02995090606921417 -0.07460920788997838   0.1501683308474011   0.2981084070405522
 0.02995090606921417   0.1289686084658192 -0.05679827641196677   0.3251286425976812   0.6800888739026988
-0.07460920788997838 -0.05679827641196677   0.1520085645857613   -0.297565996969939  -0.5893378990232968
  0.1501683308474011   0.3251286425976812   -0.297565996969939    1.007312733713441    2.066816276945624
  0.2981084070405522   0.6800888739026988  -0.5893378990232968    2.066816276945624     4.24773683244862

cov.inverse():
  -1.4868372571168e+17  1.787578010227185e+17 -1.642551142433841e+17  1.107125445648417e+16 -4.636147284799522e+16
 8.109222514584771e+16       2239020469343836  3.276336586798827e+16 -2.874084708620797e+16  1.248046639809088e+16
-1.176736408104194e+17  7.564734052098392e+16  -9.26981953127219e+16  2.241402682103226e+16 -2.762027234225294e+16
-2.556599934273993e+16 -5.047533774345741e+16  1.669321414844835e+16  1.173234216413408e+16       6483100067915569
     -6435277231819810  2.215136244422329e+16 -1.470160205110146e+16       1225767091775202      -5731082809036685

cov*(cov_.inverse()):
   1.75      -4     0.5 -0.4375   -0.25
   -0.5       0      -2  -0.875    -0.5
      3       2       3  -0.125       1
      6      -8       0    -2.5      -4
      4     -16      -8       1       0
