6
2

0.05895114573107392
 0.5575837834748298
  1.307790519025546
  1.919404598001702
  2.361002786330866
  3.173756974980089

   -0.2671338375812828     0.8023385601665799    -0.5337505598428265  7.555764370427944e-05 -0.0008305051699561384  -0.001411420769861329
    0.7251932813593708    -0.1833654568546719    -0.6389745198635667     0.1170542229310692    0.04104086122107464     0.1296045272089899
   0.06823009417441465   -0.01274596747146639   -0.05181343578029888    0.04871981064845009     0.5030122169366941     -0.858546825803706
    0.4143364850712499      0.300558025440655     0.2466124073177743   -0.04895669435806747    -0.7134265547473154    -0.4071833298378691
    -0.368898176468307    -0.2975188288394573    -0.2614272295193588     0.7298632493392935    -0.3735566961864115    -0.1865677291183257
    0.3005300056174677     0.3789655713184573     0.4183006035472556      0.669945940040571     0.3110813612216197     0.2132891011620184

77.30337619633046
 112.365397164725
129.2463906257674
186.6416067804506
217.4205642126998
257.7070239464417

 2.48448175457481
-11.5282237074651

   -0.0667184389484034    0.05935655419454353   0.007682337530293622 -4.338059658250473e-05 -2.230019043797339e-06 -5.127000191372912e-05
      3.36837310507875     -2.036866995449655    -0.3379158947451729 -0.0002099247697081308  0.0003816739924297555 -0.0004017987328861945

0.0002131933977214487  -0.01995613330831816 -0.009690698423065833  -0.02904792739383425   0.02744234796245155   0.05656879637913093
-0.008179667860135301    0.9426699696821856     0.468321407244616     2.578918435010042    -3.057303924765323    0.9965629455808774

cov:
 2.472523220918743  2.174211624273633  2.030680332077979 0.4845158168300917 0.6887941360904535 0.3367945551432288
 2.174211624273633  2.285793781554437  2.339453659046544  1.284930443456085  1.003720487374405 0.6840416028476809
 2.030680332077979  2.339453659046544   2.50003151778721  1.687102784793524  1.154187846172334 0.8509529491876587
0.4845158168300917  1.284930443456085  1.687102784793524  7.507519600327206 0.7515018740887618 0.6868810786363354
0.6887941360904535  1.003720487374405  1.154187846172334 0.7515018740887618  4.061023904782604  1.390079642700092
0.3367945551432288 0.6840416028476809 0.8509529491876587 0.6868810786363354  1.390079642700092  2.528980433586972

cov.inverse():
   22.30824770201448    -62.0374146686809    39.59322752610571   0.2353537460753406   0.1334029473282703   0.3494695753308117
  -62.03741466868086    185.4012176698316    -122.801541371771 -0.06969989827411674  -0.2462566271150953  -0.4111368181268503
    39.5932275261057   -122.8015413717711     83.3379889615388   -0.263340540174567   0.0106485176816533 -0.03323331318485888
  0.2353537460753432 -0.06969989827412483  -0.2633405401745614   0.1862328492810661  0.01102251378918217  0.01947827913161876
  0.1334029473282685  -0.2462566271150902  0.01064851768165007  0.01102251378918214   0.3263498066055681  -0.1371162742183434
  0.3494695753308139  -0.4111368181268567 -0.03323331318485469  0.01947827913161872  -0.1371162742183433   0.5413400932958622

cov*(cov_.inverse()):
     1.000000000000001 -1.407207683712386e-14  2.892824868538924e-14 -5.811323644522304e-17  1.387778780781446e-17                      0
 2.145505995088115e-14      1.000000000000048   4.87214435462846e-14 -7.459310946700271e-17 -2.775557561562891e-17 -5.551115123125783e-17
 2.209343819004062e-14  1.182387521225792e-14      1.000000000000022 -1.630640067418199e-16  4.163336342344337e-17                      0
 2.581268532253489e-15   1.02695629777827e-14  3.627306788267504e-14     0.9999999999999997  5.551115123125783e-17  1.665334536937735e-16
 4.385380947269368e-15  2.708944180085382e-14  1.304512053934559e-14 -1.491862189340054e-16                      1 -1.110223024625157e-16
 5.440092820663267e-15   1.84297022087776e-14  9.228728892196614e-15 -1.734723475976807e-16  1.665334536937735e-16     0.9999999999999999
