5
2

 0.108408286905516
0.1314468666451166
 1.565038184546073
 4.808275452972203
 12.54413898824819

   -0.5908342067055977     0.7164086780002366     0.1918384621028948    -0.3176026433001233 -0.0003342144390084512
   0.02093449920359875     0.4111682669580806    -0.8229759705288721     0.3914241594526168  -0.000286912280009216
    0.5357080560859839     0.1823491525658686     -0.243957802398314    -0.7329125298331071     0.2882524578658543
   -0.5859163136450534    -0.4898397849551073    -0.3748164684867982    -0.2418312938274031     0.4666790104092696
    0.1421113611884356     0.2109621624042706     0.2930968474585275     0.3876500190958154     0.8361345751491031

109.6503226266761
130.4735621125908
155.2170755581601
183.6774137420916
262.6775466841527

 3.274426477228309
-5.165674938748248

  -0.05760162347307955   0.008434689228353756    0.01945239465593018    0.02964845290078224  1.555638905998379e-05
     3.006853117232713     -0.281257649126995     -0.671780137301085     -1.051258788441989 -0.0009473423857719043

 0.0004041750553552531 -3.700180831344198e-05    -0.1366499036255504     0.3505922173532353      1.699630742564147
  -0.02083736883720921   0.001532131302553538      6.107690427646721       -25.857179447678     -37.33036609057256

cov:
11.82180481214886 11.58739370163982 11.30979604064707 10.98516574115654 12.75418333836777
11.58739370163982 12.64087058366089 13.86120595583626 15.27991220998054 22.60002294175113
11.30979604064707 13.86120595583626 16.92364606143157 20.40583276468961 34.34656333024763
10.98516574115654 15.27991220998054 20.40583276468961 26.31780721343833 47.87656198442363
12.75418333836777 22.60002294175113 34.34656333024763 47.87656198442363 115.2491822719716

cov.inverse():
   29.86091815314086   -35.46583821270224   -10.68514300483755    16.28748589187681  0.06842777847465867
  -35.46583821269936    53.48009779851346   -7.899819358555001   -10.09491840930881 -0.01450770825251862
  -10.68514300484303   -7.899819358547501    42.36127345267543   -23.75050894322199 -0.02650844136976346
    16.2874858918794   -10.09491840931342      -23.75050894322    17.67324331563262 -0.08654259289883209
  0.0684277784746455 -0.01450770825252031 -0.02650844136972616 -0.08654259289885455  0.04780051079010846

cov*(cov_.inverse()):
     1.000000000000071 -1.185163078787355e-14  1.874611577079577e-13 -1.503241975342462e-13                      0
 2.813305144400147e-13     0.9999999999999576 -3.885780586188048e-15 -5.773159728050814e-15                      0
 1.638689184346731e-13 -4.413136522884997e-14     0.9999999999999483  1.154631945610163e-14 -4.440892098500626e-16
 1.998401444325282e-14  -3.97459842815806e-14  2.671196597248127e-13     0.9999999999998463  8.881784197001252e-16
 5.329070518200751e-14 -6.883382752675971e-15 -1.509903313490213e-14 -8.526512829121202e-14      1.000000000000001
