5
2

                 nan
                 nan
                 nan
   4572818240.660572
4.76906688415965e+17

                   0  -0.3497275474099552   -0.120907999296558  -0.7669162355062216    0.524319927149147
                   0   0.3684679852037262  -0.8726130462820144   0.1596224937442601   0.2780260326465718
 -0.9998813825382594 0.001013406572548396  0.00567513492940207 0.007111239913718237  0.01238616045916851
                   0   0.8588321823763354   0.2969159326213945  -0.4161542960887055  0.03261615117058721
 0.01540197563233148  0.06578937592304598   0.3684242784665889   0.4616548270316609   0.8040975742265473

-4.477081467026714e+17
-1.927860481414984e+18
-1.125805768208986e+19
-1.549745222598983e+19
-2.362301224428132e+19

 2.439964797375706
-13.10051679611206

-4.991162031197582e-18 -1.081275419206383e-19  1.162915765304546e-19 -1.905745231704771e-19  5.684862622813569e-20
 2.331875179205494e-16    5.0517280268046e-18 -5.433152423564515e-18  8.903658057831657e-18 -2.655972690221652e-18

    -2.545859617290887     0.6364649043227217   -0.07955811304034022     0.4773486782420413 -1.897089811334583e+16
     118.9427795410156     -29.73569488525391      3.716961860656738     -22.30177116394043  8.863219859671244e+17

cov:
5.395350839121982e+31 2.304618401334184e+32 1.290599522703388e+33 1.617188481444794e+33 2.816774046007518e+33
2.304618401334184e+32 9.844153112816783e+32 5.512782203537621e+33 6.907803484694009e+33 1.203182052918338e+34
1.290599522703388e+33 5.512782203537621e+33 3.087189652106617e+34 3.868409570588224e+34 6.737888503896056e+34
1.617188481444794e+33 6.907803484694009e+33 3.868409570588224e+34  4.84731885376952e+34 8.442925544351273e+34
2.816774046007518e+33 1.203182052918338e+34 6.737888503896056e+34 8.442925544351273e+34 1.470565355774481e+35

cov.inverse():
 nan  nan  nan  nan  nan
 nan  nan  nan  nan  nan
 nan  nan  nan  nan  nan
 nan  nan  nan  nan  nan
 nan  inf -inf  nan  inf

cov*(cov_.inverse()):
nan nan nan nan nan
nan nan nan nan nan
nan nan nan nan nan
nan nan nan nan nan
nan nan nan nan nan
