5
2

0.3651674551316461
 2.192012188365075
 3.416874131927305
 6.337445406677119
 10.31918178652174

 -0.5774986826184161   0.8046431277686116 -0.05806020577829381 -0.08282452803138032 -0.09388193953099232
 -0.4179098429229708  -0.2598969250510947    0.697705547655419    0.343399774569849  -0.3912652746325845
0.005080725868956405  0.02198558857730466  -0.5247214270076734   0.8167604382720642   -0.238873670864351
 -0.6494252513051315  -0.4081186837507099  -0.2271310994997328  0.04413425576230289   0.5984560251590804
  0.2647029730736005   0.3434513053581671   0.4276854790087071   0.4540608398922867   0.6502979483399683

71.98600935844026
  103.56772045306
133.1216301802948
154.4992403893041
218.6160882990455

 2.109252390319451
-3.025302839041885

 -0.06667113996933691   0.06642339966081087 8.367572695132429e-05 7.499371030762064e-05 9.559158640791866e-05
    3.375254932624989    -2.365076831602059 -0.003336707692157347 -0.003028297082305828 -0.004022951515243865

0.01225855904356983 0.05115324941893676 0.01303086028750751  0.6518812261830613  0.5640703689837279
-0.5135771260228162  -3.832738381176073 -0.4040778283965732  -49.34159638533042    8.06447594063591

cov:
25.28409914470633 20.78705385048983 16.55178350111954 11.01274532688492 3.499166767878656
20.78705385048983 19.66705673203129 18.35235272550405 15.65468909306652 14.39078974533715
16.55178350111954 18.35235272550405 27.10371064696739 16.42464550752402 24.30918005819714
11.01274532688492 15.65468909306652 16.42464550752402 30.38839294035045 29.58091743185705
3.499166767878656 14.39078974533715 24.30918005819714 29.58091743185705 60.81876109950176

cov.inverse():
    2.548533127819587    -3.454671235201159    0.1952705867583389    0.3295985874884196    0.4324489355937481
   -3.454671235201158     4.874725718800447   -0.3853859066346724   -0.5157994895655116   -0.5497718794711068
   0.1952705867583391   -0.3853859066346728    0.1531764368318976   0.05079188312253963 -0.005974157852621106
    0.329598587488419   -0.5157994895655109   0.05079188312253952    0.1351096067712847   0.01706819421788599
   0.4324489355937483   -0.5497718794711072 -0.005974157852621109   0.01706819421788608    0.1157336073433487

cov*(cov_.inverse()):
    0.9999999999999944 -6.217248937900877e-15 -2.012279232133096e-16   1.27675647831893e-15  5.551115123125783e-17
-8.881784197001252e-15     0.9999999999999964  5.551115123125783e-16  1.054711873393899e-15 -2.220446049250313e-16
                     0 -8.881784197001252e-15                      1  7.771561172376096e-16   1.77635683940025e-15
 -1.06581410364015e-14    1.4210854715202e-14 -5.273559366969494e-16     0.9999999999999992 -4.440892098500626e-16
 3.552713678800501e-15                      0  6.106226635438361e-16  6.661338147750939e-16                      1
