5
2

0.3032792690742894
 1.354249212740461
 1.721551223564651
 4.884619906905968
 5.716954046741415

  0.5738971009044869   -0.805288549369397   0.1270888925183732  0.04344601192572798  0.06413522646845478
  0.3405567956992753   0.1233633536826833  -0.8961496958675239  0.03445560918802504   0.2540296940580558
0.003025895987243728 -0.02800973467453425  -0.1467499490016194   0.7755526322843648   -0.613342372367792
  -0.602775071389007  -0.3798160298594864  -0.1071171669380647   0.4104390102014464   0.5589881288773264
  0.4373971236095627   0.4373180461036719   0.3843884766875593   0.4764275270226113   0.4926448957363549

56.39837125272217
82.92628224344182
112.8876656161291
153.6947182754103
182.6219324038098

1.765049616014582
-6.34421675728929

 -0.06644094756105405   0.06621094766974829 5.736378370176027e-05 6.331848873742974e-05  8.06371523178685e-05
    3.369115708572747     -2.36202887851239 -0.001522034701710029 -0.001777150029841024 -0.003074401747054728

 -0.008409942707781034   -0.02657022287905395  -0.006118235206384027     0.3570787448598962 -0.0004541367286783954
    0.3527527252336735      1.570830095115683     0.2284602116489021     -27.10362883920584      14.30681624283962

cov:
  15.16498399063789   11.74854028125161   6.481328501841009  0.9387315866744828 -0.8400734955509674
  11.74854028125161   9.782496992393295   6.264844927176461   3.030337545785164   2.079391367983475
  6.481328501841009   6.264844927176461   6.641070360473591   4.543031389146513   4.610551977921816
 0.9387315866744828   3.030337545785164   4.543031389146513    13.2229831206718   11.75176595473028
-0.8400734955509674   2.079391367983475   4.610551977921816   11.75176595473028   16.62124860393389

cov.inverse():
    3.665144452813903    -4.986256964006253    0.6342619439785814    0.2742773707836583    0.4391865766022942
   -4.986256964006254     7.070922813332157    -1.164732819055284   -0.3855494152022532   -0.5409395346493161
    0.634261943978581    -1.164732819055284    0.6257590235785374  0.008553299914317677 -0.001855989583428294
   0.2742773707836582   -0.3855494152022531  0.008553299914317759    0.2381214602596805    -0.108635751206641
   0.4391865766022948    -0.540939534649317 -0.001855989583428184   -0.1086357512066409    0.2273591563754941

cov*(cov_.inverse()):
     1.000000000000006  2.020605904817785e-14   8.31799906730879e-16  1.387778780781446e-17  4.163336342344337e-16
 8.881784197001252e-16       1.00000000000001  1.563419532724097e-15  1.387778780781446e-16   3.33066907387547e-16
 4.884981308350689e-15  -1.77635683940025e-15      1.000000000000002                      0  6.661338147750939e-16
                     0  8.881784197001252e-16  6.938893903907228e-17     0.9999999999999996  4.440892098500626e-16
 2.664535259100376e-15  -1.77635683940025e-15 -2.255140518769849e-16                      0      1.000000000000001
