5
2

0.1537304099633803
0.1780357355433918
0.1793190696009123
 4.919564514363633
 35.66260652061708

   -0.626276531900782    0.6347127629015414    0.3217472606317581  -0.01702185888774689   -0.3179722799178971
-0.009255179092707242    0.2485875094184018   -0.6824292841255436    0.6540972995092631   -0.2111056293984259
 -0.03589543194492017   -0.5031313635448772    0.4792495342796594    0.5366350461057077   -0.4774024090500744
  -0.7352892755363454   -0.3954922279074209   -0.1403205461731882    0.1575690284261326    0.5083480348624988
   0.2564239585081994    0.3546670092542365    0.4259096155973069    0.5089811466711359    0.6066277752664565

96.96119930059844
131.9884261375956
157.4478138704187
187.1786516546102
 222.043916531927

 4.361475737384938
-1.408470241611189

 -0.03946602913376571 -0.004036736520460332  0.005995683300733956   0.01343294924808943   0.02376708732629634
    1.862481174869982    0.1138654920002433   -0.1171863132552058   -0.3018522099531076   -0.5509242478426766

 0.0003851628939433248 -3.045285097709481e-05  7.020196177372755e-05      1.064232275781692      15.58843599632328
  -0.02248787689210143  0.0003138548923204868  -0.002549186485578763     -41.76499744547171     -25.16258576426883

cov:
96.72058758825179  122.695074805742 141.3919552648147 163.1871454992277 188.7957727579236
 122.695074805742  163.785929110809 193.4511916333241 228.0757240723426 268.7689998429495
141.3919552648147 193.4511916333241 231.2082793995561 275.1642992700239 326.8671588813601
163.1871454992277 228.0757240723426 275.1642992700239 330.1040959738272 394.6163795384568
188.7957727579236 268.7689998429495 326.8671588813601 394.6163795384568 474.2922118737023

cov.inverse():
  16.66151825527075  -16.31876111206786  -8.857696164896394 -0.3436485170541752   9.005528859216147
 -16.31876111206374   26.87509150009719  -4.207270552380862  -3.726385556488605  -2.733688150338478
 -8.857696164911568  -4.207270552370926   26.21682919347316  -6.317057158210095  -6.901919693277625
-0.3436485170366946  -3.726385556492406   -6.31705715823825   22.46733324391901  -12.09111751542566
  9.005528859209729  -2.733688150340537    -6.9019196932546  -12.09111751544026   12.78302404652225

cov*(cov_.inverse()):
     1.000000000000227  4.547473508864641e-13                      0  4.547473508864641e-13  4.547473508864641e-13
                     0      1.000000000000227                      0                      0  4.547473508864641e-13
                     0  7.958078640513122e-13     0.9999999999995453  9.094947017729282e-13 -9.094947017729282e-13
 9.094947017729282e-13 -2.273736754432321e-13 -4.547473508864641e-13      1.000000000000909  9.094947017729282e-13
                     0  4.547473508864641e-13  4.547473508864641e-13  9.094947017729282e-13                      1
