5
2

0.08833037672774322
 0.5253099344225883
  1.006843956973789
  1.119129793734148
  2.679369589115483

 0.02171023560073991 -0.01298877524432832  -0.8904225353025618 -0.01039127473113635   0.4543123236526088
 -0.1086003982786322   0.9244637396658125  -0.1778525997476017  0.04635669197170785  -0.3158991253696061
  0.8315505328083643   0.2858679723152052   0.2285201092908278 -0.04624921351208085   0.4152623070900375
 -0.5432052595482338   0.2506526175893355   0.3507850287595647 -0.01722296033492575   0.7202461693964108
 0.03444381728473903 -0.02551182981990006  0.01563920190536721   0.9976509702324342  0.05109527324656715

26.29641904120344
107.4940244079467
133.7108755574152
155.2171322093284
181.2610869901907

  1.77440963887752
-13.43104538285588

 -0.01366156850900246 -0.001882207122775517   0.01317913674444623 -1.95250083524364e-05  0.004188569654398134
    1.327820539131408   0.07314067937230311   -0.2319014904092905  0.001254165532042766   -0.1485949317530316

-7.883419941816591e-05  -0.001082938811794068  -0.007244545348748571    0.01827256232890105 -0.0001571478722236131
  0.001301775587812698   0.003216892574653091      1.024176649667017     -1.116360491072199     0.2433775984875606

cov:
  1.082312128561586 0.03643481737054655 -0.0369702198281765  0.2180317182218094 -0.1177782451560479
0.03643481737054655  0.4020406372964201  0.1282004617023375 -0.1897023787084883  0.2564557239613957
-0.0369702198281765  0.1282004617023375  0.2237236728814643 0.09152671042925023  0.4307172931584018
 0.2180317182218094 -0.1897023787084883 0.09152671042925023   7.148467266363516  0.3268688260850799
-0.1177782451560479  0.2564557239613957  0.4307172931584018  0.3268688260850799  0.8724167215478911

cov.inverse():
   1.021018201075971  -0.2743058579277716   -2.372273031501255 -0.07283911290045528    1.416970655114522
 -0.2743058579277713    3.249542244410138    1.021090725012288   0.1525645244437227   -1.553547700421156
  -2.372273031501256    1.021090725012302    101.8827686468195    1.142937655824878   -51.34877247332206
-0.07283911290045528   0.1525645244437228    1.142937655824877   0.1626147820931093  -0.6798833746599338
   1.416970655114522   -1.553547700421161   -51.34877247332204  -0.6798833746599341      27.400141347899

cov*(cov_.inverse()):
                     1  2.775557561562891e-17 -8.881784197001252e-16                      0                      0
 5.551115123125783e-17     0.9999999999999996                      0                      0  8.881784197001252e-16
                     0  1.110223024625157e-16                      1                      0  -1.77635683940025e-15
-5.551115123125783e-17 -2.220446049250313e-16 -3.552713678800501e-15     0.9999999999999999   1.77635683940025e-15
                     0                      0                      0  1.110223024625157e-16                      1
