7
2

0.03455931472085193
 0.0692582735105592
 0.8892674296322762
  1.056919473864079
  1.656010660386497
  2.647907300881861
  3.230709633139194

   -0.3962538046971057     0.7950378073831477    -0.4557614344189437    0.05636893559464492  -0.001030852582162243  0.0002222574390475307  0.0008677761020037412
   -0.3002743503473964     0.2733925595747477     0.6597779670878757     -0.632284162433792 -0.0005739562834503363  0.0009391730577849837 -0.0006192750254724801
   -0.5744463168600065    -0.1170053953746997     0.3704538375465634     0.6088902210035655    -0.1840064049456728    -0.2109782178184273     -0.264513995957806
  -0.08334160169285815   -0.03787332502592949   0.007368230258345992    0.03046058360869584     0.9199842703172428     0.0218191662213722      -0.37919720075718
    0.2552196369319285     0.1095251683560203   -0.04662477060210408    -0.1210572916629402    -0.3315492947424865     0.1941346317966545    -0.8708761377000706
   -0.4523185161209572    -0.3161352168102434    -0.1697078170621341   -0.09777682528356066   -0.04841654376207631     0.8076975840117138    0.04884552183899975
    0.3823018966186656     0.4075653372088714     0.4344071823369953     0.4484963291047913    0.08660309850607116      0.514730552489339     0.1594664858969311

 44.3630399705496
77.28258961735048
 112.361379007778
129.2467940055196
157.7731563049257
186.6475225509281
257.7059048691946

  2.48443638518649
-11.52572390446558

   -0.0432312572487741    0.01423381666499174    0.02732146985909072   0.001933210808224457 -7.087245570419932e-05 -6.740701459851273e-05  6.632117057573392e-07
     1.879931049946958    -0.1559140177231447    -0.6428940444857656   -0.08501716496688069   0.003228547791702625  0.0008120975722568091  -0.001841168754566837

1.923367048107062e-05 0.0001615358699426567    0.0272778525475511  0.003638497676502844  -0.03009082559549332   0.07136087566423262   0.02054901595187771
-0.000693530738298954 -0.004688941165642947    -1.069065033613153   -0.1724904210881915       1.3812671851623    -4.790275775083267     3.529460396340088

cov:
  3.407930070904452   2.761449937467275   2.069272335110894   1.736428831580983  0.2650041228715182   -0.27792713502883 0.02733799073847449
  2.761449937467275   2.480935203597034   2.175955522950257   2.029847733457096  0.3542417515379778  0.4762454698182348  0.3490373014625745
  2.069272335110894   2.175955522950257   2.288471602207962   2.341953531963179  0.4463375300683138    1.28632974185964  0.6956574858134627
  1.736428831580983   2.029847733457096   2.341953531963179   2.502853132822666  0.4913706018641857   1.690525234130489   0.861854414067869
 0.2650041228715182  0.3542417515379778  0.4463375300683138  0.4913706018641857   1.368411236631436 0.06769663116441023  0.5681818525840546
  -0.27792713502883  0.4762454698182348    1.28632974185964   1.690525234130489 0.06769663116441023   7.478546034074976  0.7045938074574601
0.02733799073847449  0.3490373014625745  0.6956574858134627   0.861854414067869  0.5681818525840546  0.7045938074574601   2.577988225118602

cov.inverse():
    150.754606103477   -280.7544523172466    109.6608022998998    20.44614707569162   0.4184081936903508 0.003912798431105586  -0.1070604654467244
  -280.7544523172464    544.8664383095032   -265.8133942335936    1.411363237753744  -0.7305608758227529   0.2233896418220175   0.5635912853869319
   109.6608022998992   -265.8133942335926    264.8659014318471   -108.1712669931048   0.2447082095132149 -0.05574949953650101  -0.5224761365390207
   20.44614707569222    1.411363237752596   -108.1712669931043    86.50138546536088 -0.07055701485728717  -0.2728761381845584 -0.04680711655362331
  0.4184081936903407  -0.7305608758227338   0.2447082095132076   -0.070557014857289   0.8425753465577691  0.04197945777517798  -0.1451454081342108
0.003912798431073531   0.2233896418220795 -0.05574949953653098  -0.2728761381845583   0.0419794577751779   0.1891106885211741  0.01504490538181667
 -0.1070604654467447   0.5635912853869718  -0.5224761365390418 -0.04680711655362162  -0.1451454081342108  0.01504490538181662   0.4972428575969682

cov*(cov_.inverse()):
     1.000000000000135 -4.854623647521095e-14 -4.361094818605693e-14 -2.597206304189026e-14  1.040834085586084e-17   -1.1817803680092e-17 -1.734723475976807e-17
-3.719247132494274e-15     0.9999999999999594 -4.332645353599673e-14 -1.130345816946488e-14 -1.457167719820518e-16  5.898059818321144e-17 -1.665334536937735e-16
 8.965050923848139e-15  1.426636586643326e-14     0.9999999999999539  1.950523076388322e-14  4.163336342344337e-17 -5.204170427930421e-18 -2.220446049250313e-16
  6.39349684306012e-14 -2.251532293939817e-13  8.215650382226158e-14     0.9999999999999946  1.387778780781446e-16 -2.602085213965211e-17 -2.220446049250313e-16
 1.030425744730223e-14 -1.798561299892754e-14  2.131628207280301e-14 -1.786765180256111e-15                      1 -2.775557561562891e-17 -5.551115123125783e-17
 1.079691891447965e-14  2.570166302007237e-14 -1.354472090042691e-14  1.543210004228968e-14  4.163336342344337e-17     0.9999999999999999                      0
-4.107825191113079e-15  1.976196983832779e-14  1.554312234475219e-15  2.377265051478616e-14 -5.551115123125783e-17                      0                      1
