6
2

0.03457452783933945
0.06925295410282549
 0.8965178275644666
   1.60033062600415
  2.645256975374225
  3.219482538615792

   -0.396251302416395    0.7950723875190462   -0.4557307695315493   0.05615802767516867 0.0002591011064784036 0.0006916896036765899
   0.3001184685121023   -0.2732727069762177   -0.6597720981793463    0.6324162095231138 -0.000983983473982514    0.0006932912828389
  -0.5821892720591673   -0.1228264746150017    0.3658573049785389    0.6049261470622473   -0.2050015382379512   -0.3227328104596845
   0.2399799771966208    0.0931826335046753  -0.06460364993662362   -0.1396803478325314    0.2026978625919026   -0.9321780692028571
  -0.4581306676769605   -0.3210957441866883   -0.1738198459652467   -0.1014853996285135    0.8023897240445889   0.05169061769379717
   0.3827471274471564    0.4078113574174151    0.4344786601474567    0.4484980318263398    0.5225491758787258    0.1556107364713324

44.36243147197865
77.28585137369137
112.3626142233584
129.2460939291275
186.6470459539799
 257.707040858881

 2.484451574536201
-11.52520252131662

  -0.04319880982965421    0.01417612346105604    0.02734319124013261   0.001925594477544009 -6.437108900014116e-05 -1.264292868757611e-05
     1.878962362487296    -0.1542026306761097    -0.6432497581371744   -0.08486953763783223  0.0007003669598996398  -0.001179093880533062

 1.916893281352452e-05 -0.0001614379269290195    0.02780513370747307   -0.02838313388453349    0.07164127548653325    0.02026389179562681
-0.0006918504086420714   0.004684583011910707     -1.094227046677875      1.257982306759837      -4.83080433477797      3.512952059654503

cov:
  3.407607948252258   2.761185784366191   2.069245420277871   1.736586678586213 -0.2786731201499458 0.02973175435540749
  2.761185784366191   2.480740218110324   2.175978020943732   2.029989632378339  0.4745903491664782  0.3510249259878871
  2.069245420277871   2.175978020943732   2.288653175486909    2.34216237435694   1.283498340410776  0.6972353469683416
  1.736586678586213   2.029989632378339    2.34216237435694   2.503014835804321    1.68719106107856  0.8632375367578028
-0.2786731201499458  0.4745903491664782   1.283498340410776    1.68719106107856   7.474384476717985  0.7023145809476616
0.02973175435540749  0.3510249259878871  0.6972353469683416  0.8632375367578028  0.7023145809476616   2.578845325141212

cov.inverse():
   150.6185355229621   -280.5179729355829    109.5356071971894    20.53147605017416 -0.01321414231542843 -0.03711352009885111
  -280.5179729355873    544.4353393496312   -265.5511819647379    1.241257519075036   0.2508405182622609   0.4396999736546285
   109.5356071972031   -265.5511819647603    264.6959533256136   -108.1095715492444 -0.05987043646409561   -0.477224629440248
    20.5314760501649    1.241257519092931    -108.109571549253    86.51496423999933  -0.2719529204412141 -0.06216061964367903
-0.01321414231541465   0.2508405182622421 -0.05987043646410668  -0.2719529204411981   0.1869421330964221  0.02231741956152154
-0.03711352009886772   0.4396999736546541  -0.4772246294402439  -0.0621606196436922  0.02231741956152156   0.4721032310823681

cov*(cov_.inverse()):
    0.9999999999999895  2.867150961094467e-14 -1.114559833315099e-14  1.491038195688965e-14 -5.507747036226363e-17  8.673617379884035e-17
-4.353635507658993e-14     0.9999999999998048  7.277511926417901e-14  4.638650574761982e-15  3.469446951953614e-17  8.326672684688674e-17
 8.455389166606153e-14 -1.981748098955904e-14      1.000000000000043  3.266137360569132e-14  1.561251128379126e-16  1.110223024625157e-16
-8.047729149751603e-14  7.455147610357926e-14 -3.669287096386142e-14      1.000000000000012 -3.469446951953614e-18 -1.110223024625157e-16
 1.283348427527642e-14  6.661338147750939e-15  3.774758283725532e-15  1.676436767183986e-14                      1                      0
 6.286637876939949e-15  3.752553823233029e-14 -1.687538997430238e-14    4.6074255521944e-15  1.318389841742373e-16     0.9999999999999998
