5
2

0.7489177688226785
 2.743182334259675
   4.1291444113778
  7.38885326540131
 11.83238382002893

  -0.4424417534034015    0.8614087308159442   -0.1094281384811983   -0.1586691024031814   -0.1583347459356164
  -0.4308774079861014   -0.1606085608061927    0.7196681455074859    0.2743066321691441   -0.4420216978529229
 -0.04531471203810462   0.01382454244176838   -0.5030035091600569    0.8191838038742285   -0.2714421193219613
  -0.7664797853457859   -0.3296968338503408   -0.2203799976834933 -0.004756537594723177    0.5051918134495769
   0.1704267281317227    0.3511250040158976    0.4105159792797937    0.4780117763307203    0.6713027143832008

54.23835602487506
131.1836434873335
157.9157259848893
183.7124004739974
259.7038505770248

  2.49629793928535
-2.383866199132398

 -0.03231713390476765   0.03210567253820949 4.993690975650189e-05 6.451486115360014e-05 6.051536659688189e-05
    1.734371074273676   -0.7294746302460311 -0.001319491549432833 -0.001458186516336429 -0.001183898140943968

0.02351719960058653 0.06618403370903857 0.03272873296401145  0.7754996388710154  0.8200620298971573
-0.7825203539069175  -4.748063212168144  -1.515502296879863  -59.46259776083782   5.238011314740687

cov:
 37.68253753394782  22.47089839014014  17.09956261552806  10.12177423809163 -3.440371121929888
 22.47089839014014  23.80912843885016  23.10629860219782  23.36927477944326  24.30118071757555
 17.09956261552806  23.10629860219782  34.46363571656992  22.00050955608666  32.44827954330886
 10.12177423809163  23.36927477944326  22.00050955608666  44.01361752312365  40.10566182150603
-3.440371121929888  24.30118071757555  32.44827954330886  40.10566182150603  79.76730094308783

cov.inverse():
   0.3847752852688024   -0.6652962576961913    0.0500441177419763    0.1079291210477926    0.1446562674306934
  -0.6652962576961916     1.329281559475769   -0.1814696412741563   -0.2476503719139635   -0.2353272267870877
  0.05004411774197652   -0.1814696412741566    0.1071088980580751   0.03444354336707511 -0.003444816107237911
   0.1079291210477927   -0.2476503719139638   0.03444354336707509   0.09587705527291994    0.0178853512429551
   0.1446562674306933   -0.2353272267870874  -0.00344481610723801   0.01788535124295502   0.08287700775063805

cov*(cov_.inverse()):
    0.9999999999999968  1.332267629550188e-15 -1.127570259384925e-16  4.232725281383409e-16 -8.881784197001252e-16
-1.332267629550188e-15     0.9999999999999982  2.359223927328458e-16  7.771561172376096e-16 -4.440892098500626e-16
                     0  -1.77635683940025e-15     0.9999999999999998  1.221245327087672e-15 -4.440892098500626e-16
                     0 -5.329070518200751e-15 -3.608224830031759e-16                      1                      0
 3.552713678800501e-15                      0 -6.661338147750939e-16  8.881784197001252e-16                      1
