5
2

0.4232016608068289
 1.420318436540292
 2.054812715744245
 7.267044059286671
 15.55507057771053

 -0.4607064927058356   0.8562608417513319   -0.173325470642432  -0.1010935993181434  -0.1196046147331722
 -0.2939177503015855 -0.04879390103582245   0.8779912445004611  -0.2227884232489408  -0.3012112287517563
 -0.1095932863709926 -0.06098304790616719 -0.04904605856623592   0.7839773698060584  -0.6060068871073758
 -0.8076704213296459   -0.381561727413441  -0.1117450340689054   0.1626393207409435   0.4039067186768829
   0.192405004425405   0.3393055292009727   0.4291819978833766    0.546875980112541   0.6038058853592668

 34.3322320828614
78.10760650063251
105.8028059006086
131.3974691637359
155.7267052917464

 1.570221711216158
-1.297706411784401

  -0.03583054106707043    0.03575507913547268  1.219336386019303e-05  2.645808963142428e-05  3.020288384400754e-05
     1.813279541176265    -0.8112506941926273 -0.0003440872733996396 -0.0006978798273816825 -0.0009604806112715886

 0.00843821470414787  0.01771660502948466 0.007381238601715081   0.8086065299765164    1.276548196654715
 -0.2739842724236942  -0.9949916012397034  -0.6299558968064088   -61.01939299815616    17.54524658036977

cov:
43.66986862012288 32.05740762131882 24.26297168227306 18.30006897155042 11.35083601769664
32.05740762131882 35.69683618023227 37.38648854776901  41.4250056477172 41.60004625976331
24.26297168227306 37.38648854776901 46.79844105612628 55.27673622089799 59.91436090935269
18.30006897155042  41.4250056477172 55.27673622089799 76.45779856454202 81.49765031208472
11.35083601769664 41.60004625976331 59.91436090935269 81.49765031208472 98.56586501981634

cov.inverse():
      1.2432704682329    -2.187802823473796    0.3212548577765817    0.2701062186495327    0.3615829658543645
   -2.187802823473796     4.099007127408303   -0.8477739323098028   -0.4896629224001803   -0.5578532086073766
   0.3212548577765817   -0.8477739323098028    0.5514329521080331 -0.007610699891401276 -0.008091798920160541
   0.2701062186495319   -0.4896629224001787 -0.007610699891401814    0.2289709957187494 -0.009136419511580746
   0.3615829658543651   -0.5578532086073779 -0.008091798920160105 -0.009136419511580533    0.2164224096354046

cov*(cov_.inverse()):
     1.000000000000003  8.881784197001252e-16 -4.163336342344337e-16  1.318389841742373e-15                      0
  1.77635683940025e-15      1.000000000000021 -9.992007221626409e-16 -3.552713678800501e-15   1.77635683940025e-15
 7.105427357601002e-15    1.4210854715202e-14     0.9999999999999951 -7.771561172376096e-16                      0
  1.77635683940025e-14  2.131628207280301e-14 -4.218847493575595e-15     0.9999999999999957                      0
   1.4210854715202e-14  2.842170943040401e-14 -5.551115123125783e-16  1.110223024625157e-15      1.000000000000004
