5
2

0.8804753224739367
 2.745307673511977
 2.900988046114623
 7.471541595149587
 13.07836741384138

 0.4890421086527607  -0.846666409138955  0.0461939854573642   0.145650317127887  0.1436868415280954
0.01686012874340275 0.03136120395024904 -0.3737528943475036  0.7631331726370457 -0.5259931042640462
 0.3591802252622929  0.2138513925126637 -0.7982671144913676 -0.1206011588165437  0.4165118511094926
-0.7881955623984205 -0.3897831726640059 -0.2961206549889216  0.1295033018889692  0.3497974931474014
 0.1014439412640478  0.2907045351399172  0.3650439169264257  0.6042333996341352  0.6378439758369518

54.28944218582298
131.1614416372327
157.9166218961933
218.7481106014312
 259.744917445832

 2.497659260855928
-2.360499291391443

  -0.03240844566966269     0.0322660081117777  4.031072419232763e-06  4.576044730868721e-05  3.357767901066098e-05
     1.736176478240778    -0.7326988635750946  -0.000182234570802537  -0.001398480817966403 -0.0004977736680833768

 -0.0334560910953931 0.003626993656264698 -0.03984927355104424   0.7248137074249744    1.050682630986463
   1.138924631146186  0.04187812610607969    3.930301425424358    -60.4659268285837   -6.517334705780782

cov:
 37.71420008627392  22.52406002291941  16.92041173046367  4.573736744337675 -3.077045450202673
 22.52406002291941  23.88414310613043  23.03918632287663  27.09423911972722  24.63527294576982
 16.92041173046367  23.03918632287663  34.10506505734496  34.25240190075984   32.7322980320901
 4.573736744337675  27.09423911972722  34.25240190075984  67.91196275223859  65.01842340270123
-3.077045450202673  24.63527294576982   32.7322980320901  65.01842340270123  79.97993967691974

cov.inverse():
   0.3350584439492578   -0.5192288684834057 -0.001367802604325124   0.08697032605144966    0.1026811576740609
  -0.5192288684834057    0.9334578292201647  -0.06960213399403356   -0.1588367876817847   -0.1498891343883241
-0.001367802604324994  -0.06960213399403378   0.09935614340635368  -0.01712352218995521 -0.005355739268665063
  0.08697032605144947   -0.1588367876817844  -0.01712352218995524    0.1087991594140136  -0.02916804296092139
   0.1026811576740611   -0.1498891343883243 -0.005355739268665114  -0.02916804296092128   0.08852570001790994

cov*(cov_.inverse()):
     0.999999999999998 -5.162537064506978e-15 -3.816391647148976e-17                      0 -5.551115123125783e-17
-2.220446049250313e-15     0.9999999999999969                      0  1.110223024625157e-16  4.440892098500626e-16
-8.881784197001252e-16 -4.440892098500626e-15     0.9999999999999999 -1.110223024625157e-16                      0
                     0  -1.77635683940025e-15 -5.551115123125783e-17     0.9999999999999996                      0
  1.77635683940025e-15 -3.552713678800501e-15 -3.885780586188048e-16  4.440892098500626e-16     0.9999999999999991
