5
2

0.03517304853799718
 0.4961499873990178
  1.458379008208265
  4.361712265304125
  7.001509957936626

  -0.4398406549831332    0.8154963490008378   -0.3761720646689162  0.000692913984333471 2.496491733530026e-05
   -0.514717026327193   0.09345332696843242    0.8039618339465043   -0.2497041889609788   -0.1327631201054607
   0.2753554069461389    0.1249651592959289   -0.0526503510909891   -0.8813329624518644    0.3592259158990141
   -0.166797024540845  -0.02317311008053864    0.1454281570650309    0.3123447594583099    0.9235438061863203
    0.661789040029183    0.5568472828129569    0.4338416058687353    0.2516749856865027  -0.01993822253900716

 33.7456866501835
56.41453864715591
82.94898243288559
112.8989105821361
182.6203698070803

1.765054883895378
-6.32658628959398

  -0.04084391538017416   0.009282502078116534    0.03149781572697752  3.589686087716003e-05  1.283357941951144e-05
     1.761843030675336    0.09674157822580787    -0.8574304038193648 -0.0004407299822776767 -0.0006766467172597788

 1.693165250191958e-05    0.01161969626854001   -0.02503750912964781     0.2130989972798116    -0.4013497183847405
-0.0004620690127648289    -0.3906515448912319      1.153851505350878     -8.020155142636002      41.55778463829122

cov:
  22.22553470071892   18.19948123004434   13.48056570606708   6.689099587731736  -3.350250431336284
  18.19948123004434   15.24682399637079   11.78270873651211   6.492356966582428 -0.8589882323566396
  13.48056570606708   11.78270873651211   9.794224808098063   6.265913944630822   2.064635913468888
  6.689099587731736   6.492356966582428   6.265913944630822   6.628422945545335   4.576707628645956
 -3.350250431336284 -0.8589882323566396   2.064635913468888   4.576707628645956   16.52494041057908

cov.inverse():
    157.4985121145211    -290.1043183583151     132.0569007117018    0.1623237518801869    0.3068655142198895
    -290.104318358315     537.6055527534754    -247.6570747398183    0.3126511951037671  -0.01419046720137322
    132.0569007117017    -247.6570747398182     117.0127346403197   -0.9997799394798481   -0.4431978515333668
   0.1623237518801864    0.3126511951037685   -0.9997799394798493    0.6253098349596122 0.0008901813563289254
    0.306865514219907  -0.01419046720140585   -0.4431978515333514  0.000890181356328715    0.1771174301124684

cov*(cov_.inverse()):
    0.9999999999997591  7.120345979494402e-13  5.777600620149315e-13  5.360295540768334e-16  -3.33066907387547e-16
  -7.7143846866079e-13      1.000000000001536 -1.759703494030873e-14 -7.426784881525705e-16  -9.71445146547012e-16
-1.866284904394888e-13  3.168645901219236e-13        1.0000000000003 -2.380691130343671e-15 -8.326672684688674e-16
-2.640110352558622e-13  4.621303340002214e-13 -6.661338147750939e-15                      1                      0
 1.465494392505207e-13  -1.83325576941229e-13  3.019806626980426e-14 -3.365363543395006e-16                      1
