6
2

0.06637023515895757
 0.7196670851825658
   3.49562162532838
  4.058360222288843
   8.59602671111562
  32.91391023683848

   -0.4179719883893511     0.8169678037155562    -0.3973133730464128   0.001233720117486184  -0.001340916178467679  -0.001337195194696771
     0.559540458842271    -0.1008143587091751    -0.7964997940426232    0.09577058798488673     0.1186451468320129     0.1381678026782558
    0.2044459721411467      0.153438270436982    0.09666591586226495    -0.8021411755000488    -0.1352581275441447     0.5134092089666208
  0.005244432732484673   0.001137255143081914 -0.0005278444124253773     0.3996397525170073    -0.8220987477188438     0.4054782869200084
   -0.6697182897028966    -0.4969532093380858    -0.3194691941461177   -0.06802915724551603     0.1657477436099027      0.412739716298692
    0.1478703644360002     0.2278003167575986     0.3103627196861087     0.4278505684835668     0.5141090395019327      0.618507994925234

60.75197322564687
95.69963908759712
 131.674081775712
186.3826717630544
 220.670485033677
261.7590137836544

  2.717943907306338
-0.9054601913433045

  -0.06824357218957902    0.05891113007402977    0.00924719487618327 -7.299138508212386e-06  5.768606442332035e-05  5.052633875727479e-05
      2.50713886068637     -1.253239719721585    -0.2511963700617316  0.0001145243744741947  -0.001582628246181502  -0.001498020784272751

0.0003214696072965706   -0.0266606886719621  -0.04881662814426375 -0.005363322757346565    0.9978783679977995     6.777871066871348
-0.008686510253111729    0.8954249709537587     3.608996961458531    0.2074480610880593    -72.18582292944254     6.055747556185634

cov:
57.50381872636278 61.43695367612062 65.53834176681828 69.96301849436236 73.77919832004721 80.01244742178534
61.43695367612062 74.76137438992923 88.54442172171505 106.5823898830233 120.5112294999441 138.4434546128656
65.53834176681828 88.54442172171505  112.336229475781 144.4689963994316 168.7414967012674 198.7598720734654
69.96301849436236 106.5823898830233 144.4689963994316 209.1488836925843 233.3775296978149 282.2481045694527
73.77919832004721 120.5112294999441 168.7414967012674 233.3775296978149 299.7239062948151 343.2011000693879
80.01244742178534 138.4434546128656 198.7598720734654 282.2481045694527 343.2011000693879 432.9549336803307

cov.inverse():
   40.27355441172423   -77.62032103727974    36.84338045095853 -0.02621430035906532   0.2514561712486064   0.2812141519670698
  -77.62032103728038    151.5425712385861   -73.52862299715612   0.2006706119401078  -0.2745472238581698  -0.2710663585514437
   36.84338045095932   -73.52862299715709    37.06316614340046  -0.2645018123483985 -0.06312990478229633 -0.08943479066385202
-0.02621430035913021   0.2006706119402342  -0.2645018123484593  0.08063999289973209  0.01054538285365592 0.001174745393671854
  0.2514561712485701  -0.2745472238580954  -0.0631299047823352  0.01054538285365634   0.0707346257858653 0.007355773753963206
  0.2812141519669628  -0.2710663585512337 -0.08943479066395442 0.001174745393672048 0.007355773753962668   0.0714778754036345

cov*(cov_.inverse()):
      1.00000000000027  1.787014980436652e-12  5.080380560684716e-13 -6.356026815979021e-15 -2.442490654175344e-15 -5.329070518200751e-15
 4.689582056016661e-13      1.000000000001187  3.979039320256561e-13 -7.771561172376096e-15  -5.10702591327572e-15 -7.105427357601002e-15
-3.907985046680551e-13  4.526157226791838e-12     0.9999999999996128 -4.468647674116255e-15 -5.329070518200751e-15 -5.329070518200751e-15
-2.273736754432321e-13  4.249045559845399e-12 -9.379164112033322e-13     0.9999999999999998 -2.220446049250313e-15                      0
-8.668621376273222e-13  4.774847184307873e-12 -1.886490963443066e-12 -2.109423746787797e-15     0.9999999999999942 -3.552713678800501e-15
 1.051603248924948e-12  6.963318810448982e-13 -2.984279490192421e-13 -2.664535259100376e-15  -1.77635683940025e-15     0.9999999999999964
