6
2

0.08800349393298121
 0.1100007013042478
 0.5256251317851425
  1.107439782197599
  1.219874474431266
  2.681400847422702

  -0.07037363884463668     0.1475226071693702   -0.01207432287982069    -0.8942798167611896   -0.01074170977139239     0.4162776321897088
      0.51486379641002    -0.8156053532174633   -0.01389949312718051   -0.05482590279701872 -0.0004076194417095031     0.2578835730886488
  -0.02105489383519712    -0.1102986693030084     0.9340874389716427    -0.1654660006160545    0.04986653964805133    -0.2915576824826078
    0.1196984845055201    -0.1501023919589321    -0.3461122777881034    -0.4116313592911021     0.0427529225195613    -0.8198046398769744
   -0.8446931488406756    -0.5259209221383565   -0.08113932957930407    -0.0122958969475089    0.05388327684507042     0.0162012514602741
   0.04105204813794607    0.04166110070919662   -0.02764726990049693    0.01694601199718509     0.9963265317322333    0.05348817946272924

26.31371822255597
76.10465087827977
107.5212600414323
133.7138258766107
155.2070492994356
181.2663117130086

 1.774356861374475
-13.43198709953122

  -0.03281109819466076     0.0311441677453022  -0.001648363504142303   0.005452955658693529   -0.00012039339347595 -0.0004413983101063475
     1.720114681260842    -0.6390425617274853    0.07252348297887143   -0.06392789071564305    0.00364193225006651   -0.05977862563704488

 1.443974838000527e-05 -0.0005164881718980617  -0.001398988984969145   -0.01216565901186922    0.01694789977390867 -0.0003957657124591727
 -0.001424651573297468    0.01686653530617268     0.0359720001450974     0.4319374180371173     -1.670763099945804     0.2971857399751612

cov:
    1.09482177125058   0.6468150256246502  0.03750704934686764 -0.03886199037251325    0.232335355966835  -0.1218494635834878
  0.6468150256246502   0.4632862880196801  0.09059369865481288  0.09503750421038995   0.2468709250060877   0.1610747774750245
 0.03750704934686764  0.09059369865481288   0.4032751708740697   0.1302361891198759  -0.2098347671571947   0.2600770624423768
-0.03886199037251325  0.09503750421038995   0.1302361891198759   0.2238895833577146  0.09661867804039245   0.4303603951165175
   0.232335355966835   0.2468709250060877  -0.2098347671571947  0.09661867804039245    7.144433842865731   0.3374238644054302
 -0.1218494635834878   0.1610747774750245   0.2600770624423768   0.4303603951165175   0.3374238644054302   0.8708470011502236

cov.inverse():
  23.04001784709237  -35.75213981308546 -0.5407750483717233   5.772785836510637 0.05573844859123049   7.123684277325816
 -35.75213981308547   58.03409327047805  0.4048578067111815  -13.21821276220663 -0.2155479168518482  -9.241779162118561
-0.5407750483717239  0.4048578067111815   3.295076581744075    1.01456013433525  0.1669755352055787  -1.700697593569435
  5.772785836510609  -13.21821276220659   1.014560134335246   103.7493590602084   1.199893212579494   -48.7867788363988
0.05573844859122878 -0.2155479168518454  0.1669755352055785   1.199893212579493  0.1654181548525084 -0.6592639387289202
  7.123684277325821  -9.241779162118567  -1.700697593569432   -48.7867788363988 -0.6592639387289199   28.72754437174486

cov*(cov_.inverse()):
    0.9999999999999996  9.547918011776346e-15  1.942890293094024e-16 -8.881784197001252e-16                      0  -1.77635683940025e-15
-1.554312234475219e-15      1.000000000000005  1.110223024625157e-16  8.881784197001252e-16 -4.163336342344337e-17 -8.881784197001252e-16
-4.440892098500626e-16   1.77635683940025e-15     0.9999999999999998   1.77635683940025e-15  8.326672684688674e-17  -1.77635683940025e-15
-8.881784197001252e-16  2.220446049250313e-15  1.110223024625157e-16                      1                      0                      0
-4.440892098500626e-16  3.108624468950438e-15  2.220446049250313e-16  3.552713678800501e-15                      1  -1.77635683940025e-15
                     0   1.77635683940025e-15  2.220446049250313e-16                      0  1.110223024625157e-16                      1
