5
2

0.03509353024907383
 0.5809652490003554
  2.328371926126852
  8.111375706200141
  11.97140123620997

   -0.4391257988903015     0.8156748972953932    -0.3766204722124007 -2.508946041720066e-05  0.0001181191376982016
   -0.5621445193907337    0.06457467186084177     0.7952487038362782    -0.1318459301744796    -0.1732622313609378
   0.08019655361692023    0.06305067725051414    0.04328225447884997     -0.808855492236745     0.5774708339058348
   -0.5556293501179166    -0.3759425016342601    -0.1661893262356044     0.3558207136080961     0.6290596063691399
    0.4195314173496729     0.4303445378292136     0.4429946650353835       0.44917820796742      0.490705240296556

39.82158957297058
62.91501085202547
89.82527761402254
155.6200794814761
184.8791812453892

  1.794229950431884
-0.8902284965385978

  -0.04107831449927849   0.009683834584541721    0.03135353198370617  1.710776760795245e-05  1.593944965219663e-05
     1.773739783233999    0.07623773362482156    -0.8488520178803755 -0.0005364130623482788 -0.0004127412105744965

 1.740068716217175e-05    0.01641906799486971  -0.007217660783867699     0.9204141368975028     0.1201971422885755
-0.0004889457593494584    -0.5626743155395841     0.5991094165529131     -57.47689950332208      57.39280186676228

cov:
45.67836697637068 39.63259342195346  32.5785850411143 13.67230227390017 6.790825319216168
39.63259342195346 35.86400812453745  31.4639424180821 18.62233104229136 14.89792055973231
 32.5785850411143  31.4639424180821 30.16559417168838 24.40137207662812 24.36431716290904
13.67230227390017 18.62233104229136 24.40137207662812 40.79814760982014 43.79091496709088
6.790825319216168 14.89792055973231 24.36431716290904 43.79091496709088 62.36281452583395

cov.inverse():
   157.5188583234073   -290.9407072490517    132.9673250016371   0.2148816393170104   0.2511200097741959
  -290.9407072490497    540.2482437618693   -249.2855320721565 -0.05193335192379863  0.04967831600361462
   132.9673250016346   -249.2855320721535    117.0496677622255  -0.3089440126989466  -0.4398151709291318
  0.2148816393172596 -0.05193335192426111  -0.3089440126987335   0.1755162271457847 -0.01353901358163083
  0.2511200097745284  0.04967831600299681  -0.4398151709288466 -0.01353901358163089   0.1581594169404024

cov*(cov_.inverse()):
    0.9999999999991012  1.937505711424592e-12 -7.371880883511039e-14 -5.689893001203927e-16  1.110223024625157e-15
 -7.87370169064161e-13       1.00000000000046 -1.825206652483757e-12 -4.440892098500626e-16   1.77635683940025e-15
-2.136069099378801e-12   2.02127203863256e-12     0.9999999999991225 -8.326672684688674e-16  8.881784197001252e-16
-4.973799150320701e-14  1.886935052652916e-12 -6.430411758628907e-13      1.000000000000001  8.881784197001252e-16
 3.694822225952521e-13  7.003286839335487e-13 -2.344791028008331e-13  1.110223024625157e-15     0.9999999999999964
