5
2

0.4736100156043819
 1.437982868408856
 1.717468863560728
 5.348252021617196
 5.866438914035619

 -0.4649591595725547   0.8471244886540578  -0.2313690760293254 -0.06649435955750714 -0.09077406819438266
 -0.3520807140026301 0.008054830228579486   0.8773056840925142 -0.04778523923113245  -0.3225299956716832
 0.01825722812886115 -0.04039529472793581  -0.1715934041797457   0.7778588691724668  -0.6029313203646258
 -0.3559039016958182 -0.03211479961073492    0.150169231455643   0.5892744983500297   0.7088764489824712
   0.729966600013813   0.5288214067550552   0.3532817471683609   0.2024505280376225   0.1473175937790062

33.72565524906159
82.92449146624807
112.8829488637055
 153.692322440855
182.6156286206979

 1.764893335229102
-6.340436599338723

  -0.03587071608201575    0.03583264353126814  3.808317822267572e-05 -4.776932119139208e-06  8.852533008858569e-07
     1.817081301121707    -0.8178107274547701 -0.0008508260157949477   0.001212091633872675  0.0001708019588871623

  0.01054791058857627    0.0267807674446928 -0.006233170022611726     0.332356163344585   -0.2485713003364807
  -0.3448835742495894    -1.338289263055914    0.1982092438278477    -17.72677387809208      30.7637595209515

cov:
  22.26710675541166   13.51553282353927    6.72253135746316 -0.8293828431342455  -3.303803253395511
  13.51553282353927   9.819670867563946   6.282679806935953   3.037060648358793   2.079141924536466
   6.72253135746316   6.282679806935953   6.630687846849511   4.515667556749513   4.560822595415031
-0.8293828431342455   3.037060648358793   4.515667556749513    13.1335267325781   11.62470134813503
 -3.303803253395511   2.079141924536466   4.560822595415031   11.62470134813503   16.40971349045935

cov.inverse():
    1.043774818906139    -1.745988203258322    0.3347841754913303    0.1477474159585249     0.233652653365295
   -1.745988203258322     3.208029920539347   -0.8627702204736135   -0.2595146505357873   -0.3343525033715117
   0.3347841754913302   -0.8627702204736134    0.6252666560713714  0.008235501884152351 -0.002899670262433254
   0.1477474159585246   -0.2595146505357867  0.008235501884152148    0.2392743839804796   -0.1091644735093301
   0.2336526533652952   -0.3343525033715121 -0.002899670262433038     -0.10916447350933    0.2284828427925069

cov*(cov_.inverse()):
     1.000000000000003  5.329070518200751e-15  -2.96637714392034e-16 -3.885780586188048e-16 -5.551115123125783e-16
 1.998401444325282e-15                      1  8.586881206085195e-17 -3.608224830031759e-16  2.220446049250313e-16
 1.332267629550188e-15 -1.998401444325282e-15     0.9999999999999991  5.551115123125783e-17 -2.220446049250313e-16
                     0 -1.332267629550188e-15  6.245004513516506e-17                      1                      0
-8.881784197001252e-16 -2.664535259100376e-15 -9.020562075079397e-17 -4.440892098500626e-16                      1
