5
2

0.08825620435892195
 0.1102289267823978
  1.053826896551187
  1.217582357825182
   2.68049303730773

   0.07612872501438266    -0.1551688039712108     0.8952198446551443    0.01018937346894544    -0.4106149849990359
   -0.5137710671559452      0.815218099946142    0.06620188063233293 -0.0001399494128346896    -0.2589904081014363
    0.0462837678427515    -0.2112655729869268       -0.4400001613087    0.06257075658513482    -0.8693154944975188
   -0.8522925009337546    -0.5147176794905181     0.0170120651850496    0.05259067671169439    0.07488667193251608
   0.04121909105609452    0.04212671224708316    0.01758375451431015     0.9966018654537236    0.05478923251058784

26.31371767459977
76.10464543492186
133.7138061257421
155.2070199707761
181.2662719975764

 1.774356861374475
-13.43198709953122

  -0.03308942231601207    0.03135428746699223    0.00602607247131967 -3.757969220894137e-05  -0.001332241767993553
     1.732275969346051    -0.6482181264174268   -0.08779554812772307  5.543971267158582e-05   -0.02142242565063622

-1.123934655890306e-05  0.0005261731812412941    -0.0107182293235274    0.01788501072301465 -0.0003416227949840316
   0.00126698289059184   -0.01723775256919657     0.3047116896904943     -1.698732505701806     0.2977000398438011

cov:
  1.094735523272295  0.6467970298179154 -0.0387862690138506  0.2319277594853995  -0.121705055927666
 0.6467970298179154  0.4633477520371891 0.09514797860916305  0.2468290550174626  0.1613305540741093
-0.0387862690138506 0.09514797860916305  0.2239490679726758 0.09673326990669687  0.4305238532458566
 0.2319277594853995  0.2468290550174626 0.09673326990669687   7.144743419655312  0.3377247195170623
 -0.121705055927666  0.1613305540741093  0.4305238532458566  0.3377247195170623  0.8712646600070241

cov.inverse():
  22.96062261701666  -35.70009652601117   5.922278364590976 0.08359598166927036   6.859024537676247
 -35.70009652601117    58.0063952342294   -13.3141504671984 -0.2366926820947057  -9.057052532960656
   5.92227836459102  -13.31415046719848   103.4242604383069   1.148569742771948  -48.25831111456583
0.08359598166927093 -0.2366926820947067   1.148569742771949  0.1569555292409302 -0.5728851877147069
  6.859024537676219  -9.057052532960606  -48.25831111456586 -0.5728851877147068   27.85122583728922

cov*(cov_.inverse()):
     1.000000000000002 -7.105427357601002e-15  8.881784197001252e-16  1.387778780781446e-17                      0
 2.664535259100376e-15     0.9999999999999902   1.77635683940025e-15  2.775557561562891e-17                      0
-1.332267629550188e-15  4.440892098500626e-16     0.9999999999999964 -8.326672684688674e-17                      0
-4.440892098500626e-16 -3.108624468950438e-15 -3.552713678800501e-15                      1                      0
-2.664535259100376e-15   1.77635683940025e-15 -7.105427357601002e-15 -1.110223024625157e-16                      1
