5
2

0.1875029024687141
  1.29167206585092
 2.042597723651061
  4.65867078338202
 6.480486566888288

 -0.6168577967939449   0.7810712780206226  -0.0694598031561835 -0.04817636290156023 -0.04762867821841983
 -0.1563713377087426 -0.07732436525602211   0.8952671611920876  -0.3720951231663601   -0.172078112169455
  0.2357384864059534   0.1521463502239931  -0.1787463286073442  -0.7951935759970638    0.506947512907348
 -0.1959768429491768 -0.05255329385364624    0.291169538801439    0.403917220442216    0.843150287337434
  0.7078523195783162   0.5983629672762477   0.2773843822570358   0.2524724006631721 -0.01491457150638902

33.75869860355768
56.42338053819534
112.9119219819144
130.5941142410939
182.6221504950394

 1.765158721907472
-6.318724783628845

 -0.07657158193522857   0.07599914106360775 0.0002648110943251343 0.0001619549047482496 0.0001523080201103848
    2.731340310190931     -1.71542499752549 -0.006730545702303914 -0.005249350858193669 -0.004503076629033822

0.003746403714901775    0.010423634579417 -0.02748141714466261   0.2448815146885349  -0.3617692159469789
 -0.1063081583662158  -0.4967822363278372    1.610391472850054   -9.831664661560705    37.95719750447087

cov:
 22.16224371912059  18.16421868661549  6.599627415894415  5.103382034770308 -3.485031766828805
 18.16421868661549  15.22437219771539  6.407496474812784  5.425653191667825 -0.993773919729942
 6.599627415894415  6.407496474812784  6.542020633973926  5.530944916326458  4.519411160816047
 5.103382034770308  5.425653191667825  5.530944916326458  9.087131720596629  5.658173530329258
-3.485031766828805 -0.993773919729942  4.519411160816047  5.658173530329258  16.55993086494854

cov.inverse():
    10.86483719728137    -13.67798716871189     1.126754458033251    0.8358371914414672    0.8725819826007766
   -13.67798716871189       17.370416167631    -1.587913507502569    -1.079441611251607     -1.03393253184976
     1.12675445803325    -1.587913507502569    0.6310244840108514  -0.06332947232493621 -0.008742905018746352
   0.8358371914414678    -1.079441611251608   -0.0633294723249362    0.3095956416418431   0.02262475039199166
   0.8725819826007762     -1.03393253184976 -0.008742905018746357   0.02262475039199159    0.1766298897132516

cov*(cov_.inverse()):
     1.000000000000009  1.865174681370263e-14   6.83481049534862e-16 -1.859623566247137e-15  1.221245327087672e-15
 5.562217353372034e-14      1.000000000000022  4.305583667374435e-15  9.194034422677078e-16  1.249000902703301e-15
 2.131628207280301e-14  9.769962616701378e-15      1.000000000000001  3.608224830031759e-16   3.33066907387547e-16
 8.881784197001252e-15  6.217248937900877e-15   9.71445146547012e-16     0.9999999999999987  6.661338147750939e-16
                     0   -1.4210854715202e-14  -3.33066907387547e-16  9.436895709313831e-16                      1
