5
2

0.03572042836963665
 0.6994045065976775
     2.432553061508
  8.292050762367536
  20.64796158069332

  -0.4386525583699782     0.815656348414348   -0.3772116582331193 8.312867021865233e-05  0.000110948138622498
  -0.5359576072792661   0.08143429965061015    0.7992487281423934   -0.1261170563888841   -0.2267462385365386
   0.1628291961880248    0.1299149443339352   0.09151467436845077   -0.8575577257388544    0.4613334710470427
  -0.6738235458189483   -0.4804519438416154   -0.2551634287716656   0.04016413749656794    0.4984036771889203
   0.1994538999460748    0.2834805337749142    0.3813522314717863    0.4970674705331138    0.6981055321771144

42.57154097620835
67.38393744998714
 96.2596936587541
131.9345902495491
185.5692650070456

 1.926486090578028
-1.125226434610253

  -0.04207599402822876     0.0114671436224124    0.03059716484407576  9.212752623323234e-06   7.36696853140522e-06
     1.804807540461451    0.01957284631620625    -0.8238207712296696 -0.0003143744286446364 -0.0003251704313027917

 2.075762989451481e-05    0.02344902615538078   -0.01518299571381195      1.034063350669268      2.786764787461755
-0.0005932703415256426    -0.7944217061310868      1.308590758335925     -69.82326437790964       21.7327089233831

cov:
48.47698182417751 46.46882771182727 44.12900510122869 39.61401264495559 36.77578264160216
46.46882771182727 50.23674240298182 54.62081429241982   58.083795353132 68.25293524382664
44.12900510122869 54.62081429241982 66.84112495085225 79.59739386936377  104.918437393881
39.61401264495559   58.083795353132 79.59739386936377 109.8083182964648  146.991139440853
36.77578264160216 68.25293524382664  104.918437393881  146.991139440853  226.141012818895

cov.inverse():
    151.4007194179698    -280.4915007935198     128.8093340166174   0.08584345590044899    0.2184301565839064
   -280.4915007935167     521.4320779965961    -240.9972098972284    0.0133671167391933   0.04028655975211123
    128.8093340166132    -240.9972098972231     112.8245211449834   -0.2436050529744816   -0.3973705687462636
  0.08584345590089619   0.01336711673836152   -0.2436050529740967    0.1574041747681182 -0.007285996956650846
   0.2184301565846712   0.04028655975069009   -0.3973705687456075 -0.007285996956650608    0.1458375895987964

cov*(cov_.inverse()):
     1.000000000000046 -8.040235144335384e-13  -1.20259358027397e-12  5.551115123125783e-17                      0
 6.767919558114954e-13     0.9999999999960536 -5.115907697472721e-13 -1.165734175856414e-15                      0
-5.684341886080801e-13  1.425526363618701e-12     0.9999999999990052  -3.33066907387547e-16   1.77635683940025e-15
  1.27897692436818e-13 -6.972200594645983e-13 -1.683986283751437e-12      1.000000000000001  7.105427357601002e-15
-6.892264536872972e-13   2.33946195749013e-12 -3.794298208958935e-12  1.998401444325282e-15                      1
