6
2

0.03528768701459035
 0.5976569906247935
  2.764234270705875
  2.945241539646566
  8.386633347244537
  16.69476001449319

    0.4357161036318184    -0.8157714501668323     0.3803529591695823 -0.0001429528539046724 -0.0001128989276550927 -0.0001067607868402082
    0.5489698477004417   -0.08325546263069138    -0.8073321875389522     0.1101197157996607    0.09924616402553228     0.1339373746938945
   0.08455567652999013    0.07061297389296746    0.05451964179772512   -0.03238611225053806    -0.7710706258516064     0.6239334770830157
    0.1577194224293045     0.1114983807021699    0.05829652618583682    -0.8886541531889708     0.2985091636141545     0.2836904742538873
   -0.6837134783733735    -0.5267829263440049    -0.3464863880038039   -0.05861819279373968     0.1290295588809019     0.3389662097314439
   0.09640738663279091     0.1807405227559225     0.2777096902081411     0.4400937070483602     0.5383715522780143     0.6303882993165739

46.01835431260951
73.90414673773724
 105.909209702229
154.8765671816354
185.0220208652813
219.5464562007141

 2.156278773269931
-2.828371955412625

  -0.04343159090078213    0.01385520083521362    0.02957259593652325  6.184097372725125e-06   -4.7717434221526e-06 -4.079646930901792e-07
     1.843502375221005   -0.05073427685200695    -0.7918752870749813 -0.0004873436649771128 -4.598145990931599e-05 -0.0003025814472473604

-2.363241996713709e-05   -0.01745639016957501  -0.008240952170153961   -0.03112590515169456     0.8544696224630077      1.819886938883233
  0.000676701881209911     0.5913197404546676     0.8327593966134692      2.075528830371394     -67.48051277949668     -14.43295307300242

cov:
 35.8481568074315 30.37061029182962 24.08131658777546 13.42918949248999 8.190867872555764 1.455470884823056
30.37061029182962 28.77221706421504 26.93695094491472 23.46141788673848 22.20949642806185 19.80367419623492
24.08131658777546 26.93695094491472 30.22442149227023 34.99798535070084 38.32758310871572 40.89726284829966
13.42918949248999 23.46141788673848 34.99798535070084 61.08650288412147 63.39869320085009 73.59036140608711
8.190867872555764 22.20949642806185 38.32758310871572 63.39869320085009 87.27427455407172 94.73069807376952
1.455470884823056 19.80367419623492 40.89726284829966 73.59036140608711 94.73069807376952 122.5189359700271

cov.inverse():
    153.315920229124   -285.5671239889135    131.8539128118053   0.1034278990455125   0.1088532517331676   0.1774766941212979
  -285.5671239889139    534.4552946241696   -248.9853497415393  0.05698729013160998   0.0469240239790635  0.04600546295426174
   131.8539128118056   -248.9853497415396    118.0063898549345  -0.2980343553688955  -0.2623966714349684  -0.3300196235486632
  0.1034278990454705  0.05698729013168867  -0.2980343553689322   0.1258845900719896 0.004039612199183288  0.01030965192508374
  0.1088532517331224  0.04692402397914841  -0.2623966714350081 0.004039612199183248   0.1169453838481253 -0.01413650498743052
  0.1774766941212997  0.04600546295425834  -0.3300196235486615  0.01030965192508379 -0.01413650498743058   0.1135169824425541

cov*(cov_.inverse()):
     1.000000000000077  4.011235787970691e-13  1.199040866595169e-13 -1.370431546021678e-16  2.463307335887066e-16 -8.049116928532385e-16
-8.246736626915663e-13     0.9999999999989285  5.062616992290714e-14 -1.110223024625157e-16   3.33066907387547e-16 -8.881784197001252e-16
-5.240252676230739e-14 -1.936006910341348e-12     0.9999999999996501  5.551115123125783e-16 -9.992007221626409e-16 -2.664535259100376e-15
-1.076472244676552e-12  -1.98463467881993e-12 -9.094947017729282e-13      1.000000000000001  2.220446049250313e-16  -1.77635683940025e-15
-1.474376176702208e-12 -2.392752662672137e-12 -4.618527782440651e-13  1.110223024625157e-15      1.000000000000002 -3.552713678800501e-15
-1.762145984685048e-12 -1.452171716209705e-12 -4.902744876744691e-13  2.220446049250313e-15                      0     0.9999999999999964
