5
2

0.06647052735369312
 0.8872108463404103
   1.58997553757167
  2.415832412163068
  3.015352605011623

    0.1548195822227011    -0.7720543912444152      0.616410146334465 -0.0008984316696960339  0.0007988974041482576
   -0.6557129078211452     0.3252679008633585     0.5721976658610249    -0.2015374040273099    -0.3101836248834065
    0.3007656847956652   -0.01209597061464307   -0.08921781134402655     0.1826042778139467    -0.9317132338908322
   -0.6358307622891122    -0.3948307147838492    -0.3339243910633054     0.5702121754802555   -0.05639613796347662
    0.2265628479106114     0.3769551747705873     0.4161286410127288     0.7751745740519282     0.1803202873573006

44.36169197884022
112.3614139689522
 129.247379242882
186.6491097273126
257.7105321470802

 2.484589364066579
-11.53167383759456

  -0.03588856437458065    0.03430199523799483    0.00184657238396668 -6.919049094697167e-05 -8.944849228006589e-06
     1.799773433980351    -0.7210910957115247   -0.08222504659514049  0.0007311818623741279  -0.001148931496426715

-0.0001365306592090557     0.0281507999368922   -0.02876386744369278    0.05030848686571184    0.05012125273434449
  0.003466957374367318     -1.150427267221179      1.412083221699991     -4.854027764313475     0.9282035586106472

cov:
  3.393429402127587   2.064078024565755   1.733620267027357 -0.2762666018121182 0.03241393304349083
  2.064078024565755   2.288082112106408   2.342841369546007    1.28570274245053  0.6970575996262719
  1.733620267027357   2.342841369546007    2.50475284275537   1.689713934564978  0.8626040201535158
-0.2762666018121182    1.28570274245053   1.689713934564978   7.477429269960089  0.7023480644716991
0.03241393304349083  0.6970575996262719  0.8626040201535158  0.7023480644716991   2.584487576205638

cov.inverse():
   6.081849298043263   -27.27299548647573    21.15866470223523   0.1153240136413394   0.1861743449366665
  -27.27299548647569    135.0847568902234   -107.4341273364491  0.06639865989374093  -0.2520252635588224
   21.15866470223519   -107.4341273364491    86.45385218762439  -0.2754376038962209 -0.06966487683691447
  0.1153240136413431  0.06639865989372265  -0.2754376038962061   0.1867723462191059  0.02181964182659644
  0.1861743449366683  -0.2520252635588314 -0.06966487683690721  0.02181964182659644   0.4698841322781112

cov*(cov_.inverse()):
    0.9999999999999988 -6.413272690686256e-15  2.619389080638079e-14 -1.615461237003402e-17  1.994931997373328e-16
-5.273559366969494e-16      1.000000000000005  1.292715934297917e-14 -1.561251128379126e-16 -5.551115123125783e-17
 5.939693181744587e-15  5.273559366969494e-15      1.000000000000032 -3.122502256758253e-16  5.551115123125783e-17
 7.216449660063518e-15  4.218847493575595e-15  8.673617379884035e-16                      1  5.551115123125783e-17
 5.773159728050814e-15  6.994405055138486e-15  3.247402347028583e-15  -4.85722573273506e-17                      1
