6
2

0.05895632598169466
  0.632568833307471
  1.060135440291551
  1.327547841549519
  1.935226455066816
   2.87332544374405

    -0.267491620977571     0.8024519542709221    -0.5334001546042256  0.0003581197975443207 -0.0008771841678264828  -0.001571992336097456
   -0.7455353048629556     0.1659117034493478     0.6240151174900624   0.002936929646039552   -0.04266464640701657    -0.1594573654508259
 -0.005757968383064684    0.04105488890550309    0.06308602406031118      -0.95408685945236    0.05053725098370247     0.2854220495138049
   0.09949035518766827 -4.926059531386229e-05   -0.04863219684549341    -0.2157902348681017     0.5420999479828754    -0.8045488158965491
   -0.4097635228213967    -0.3064257400360095    -0.2577541385930321      0.129958560701089     0.7017933385640485     0.4029352400748475
    0.4413476093731813     0.4826612966242979     0.5032964089365817     0.1620335084199192     0.4574261701105445     0.2888763165096812

77.29622246539934
112.3610566111656
129.2472719789055
157.7710897283216
217.4218502796917
257.7061553341772

 2.484485458211018
-11.53194119326571

  -0.06663693487975263    0.05940143438993175   0.007506865051844057  7.818927399169998e-05  4.793857569945726e-06 -5.316262934123802e-05
     3.366583812725025     -2.035696930505385    -0.3366866629351545  -0.002797578345211257  8.181625972550344e-05 -0.0002411179740662989

0.0002137214466241496   0.02570059791001199  0.003603699248405254  -0.01228246425508385   0.02681655809114427   0.02508506364224871
-0.008183863854548877    -1.223527804534968   -0.1366599239246507    0.6208149192271042    -2.506724582973567     2.752078513286249

cov:
 2.477132160354078  2.178431985455894  2.034848820160807 0.3584379398561078 0.6972308576111486 0.3389049124310565
 2.178431985455894  2.290133399905845  2.344213521004716 0.4527316993573107  1.016850268909985 0.6913714972336875
 2.034848820160807  2.344213521004716  2.505562461787156 0.4994145057765938  1.169721050052527 0.8607642582480164
0.3584379398561078 0.4527316993573107 0.4994145057765938  1.385135478691568 0.6930856995945565 0.5822882264458955
0.6972308576111486  1.016850268909985  1.169721050052527 0.6930856995945565  4.093503519872523  1.400251380440651
0.3389049124310565 0.6913714972336875 0.8607642582480164 0.5822882264458955  1.400251380440651  2.539523118056433

cov.inverse():
    22.0485434419751   -62.00447587214025    39.93838355402049   -0.045882919475395   0.1250085182997987   0.3425478847897245
  -62.00447587214033    185.3817020807471   -122.8319055118567  0.04788845306335513  -0.2490493304936649  -0.4346653236356923
   39.93838355402058   -122.8319055118568    82.88148793732317 -0.09704331739805426  0.03553974323811649  0.02066693553499137
-0.04588291947539431   0.0478884530633529 -0.09704331739805272   0.8441105947319006 -0.07635099935977355  -0.1254693891869764
  0.1250085182998128  -0.2490493304937068  0.03553974323814423 -0.07635099935977353   0.3306426970907183  -0.1257308255730507
  0.3425478847897225  -0.4346653236356856  0.02066693553498681  -0.1254693891869764  -0.1257308255730507   0.5574860868061264

cov*(cov_.inverse()):
    0.9999999999999986 -2.498001805406602e-15  4.888450755302642e-15 -1.387778780781446e-17  1.387778780781446e-17  5.551115123125783e-17
 4.218847493575595e-15     0.9999999999999727  6.973241428731569e-14  2.775557561562891e-17  2.498001805406602e-16  5.551115123125783e-17
 4.440892098500626e-15 -3.269606807521086e-14      1.000000000000065  4.163336342344337e-17  6.938893903907228e-17  5.551115123125783e-17
 2.220446049250313e-16  -1.77635683940025e-15  9.279035872999941e-15                      1  4.163336342344337e-17                      0
-1.887379141862766e-15 -4.440892098500626e-16  1.288899542650768e-14  8.326672684688674e-17                      1  1.110223024625157e-16
 -7.66053886991358e-15  4.884981308350689e-15  1.476596622751458e-14                      0  1.665334536937735e-16                      1
