5
2

0.07391059238916242
0.08879195242569081
  1.011002027625063
  1.109107019380031
  2.679254963702884

  -0.6031012917381253    0.7876753324904628  -0.04652044049896906 -0.001625138149102015   -0.1169171075233277
 -0.01059951275850674  -0.02137260780254433    0.8948953680589214   0.01007068078690779   -0.4455240998870624
   0.5420446078003772    0.2893279224841965   -0.3409721059498477   0.01324580058530853   -0.7113645817416653
  -0.5838484393204625   -0.5419821414099474   -0.2835748627950628   0.07913822987360071   -0.5279193082839299
   0.0382769550863493   0.04068776087994886   0.01792899878290321    0.9967234469268854    0.0556803571533485

49.39256672210117
76.10466093260391
133.7136239048358
155.2069030892518
181.2659133520177

 1.774356861374475
-13.43198709953122

  -0.05093748855251744    0.04562804432751957    0.01236652864632055 -4.333742277382738e-06  -0.002084964997469821
     2.774297232978183     -1.533173400522396    -0.4023724166839664  -0.001236297250164296    0.03421447591461639

0.0003623406050578136 9.114176657970862e-05  -0.01752173066560578  0.003202861283597606 5.799675103457873e-05
 -0.01565688766648811 -0.002932657453881935     1.198999155804166   -0.8523171963668827    0.2675317053558808

cov:
   0.7321396415241923    0.5581379075133528   0.01975772302033872    0.2243731693755641 0.0007520715157119592
   0.5581379075133528    0.4621801296081127   0.09311014822632435    0.2422631708735688    0.1574283249777579
  0.01975772302033872   0.09311014822632435    0.2263870161731559   0.09612920513340459    0.4361290109159131
   0.2243731693755641    0.2422631708735688   0.09612920513340459     7.139327568004777    0.3373286205031885
0.0007520715157119592    0.1574283249777579    0.4361290109159131    0.3373286205031885     0.883963071999237

cov.inverse():
  67.16259895190581  -86.52129764519309   3.886690272927384  0.1406570963833325   13.38047505772593
  -86.5212976451931    113.953437484869   -9.10519126192067 -0.2870972560035598  -15.61891536196608
  3.886690272927471  -9.105191261920774   102.1527756518572   1.136765903919324  -49.21558617064006
 0.1406570963833338 -0.2870972560035613   1.136765903919324  0.1570054956000361  -0.569760883222964
  13.38047505772587    -15.618915361966  -49.21558617064009 -0.5697608832229641   28.40089023568416

cov*(cov_.inverse()):
     1.000000000000002  5.176414852314792e-15 -1.804112415015879e-16  1.089623183347932e-17 -5.793976409762536e-16
 7.549516567451064e-15     0.9999999999999987 -2.664535259100376e-15  1.387778780781446e-17                      0
 8.881784197001252e-16                      0                      1  2.775557561562891e-17                      0
  1.77635683940025e-15 -3.552713678800501e-15 -7.105427357601002e-15                      1  3.552713678800501e-15
 -1.77635683940025e-15  -1.77635683940025e-15                      0                      0                      1
