5
2

0.07155636971330075
0.09265692148399257
 0.5433398694887737
  1.014735965493361
  1.153783476338179

   0.6018778179604343   -0.7865534245739845  -0.01192938922620046   0.09380072578761808    0.1006772866764363
  0.03915804973212077  -0.01956834319043628 -0.003349842382828961   -0.8941187573948484    0.4456726975221396
  0.02011089853003077   0.08328906783387117   -0.9439637948144716    0.1442621861967156     0.284216921827126
  -0.6202366865538035   -0.3658826868611471    0.1805834381824192    0.2828737799478629    0.6072959398680777
    0.501110510567716    0.4900444682580871    0.2759863115489237    0.3015359311394922    0.5845103193252215

49.39259791097736
76.10476390988823
107.5215010255326
133.7144939490374
181.2676388474158

 1.774356861374475
-13.43198709953122

 -0.04886882048832011   0.04286727174826455 -0.001041132349194201   0.01561675926335548 -0.002744818362576465
    2.699157792865045    -1.435343770675685   0.04632765029920691   -0.5002082320530794   0.04496182610131155

-0.0003170985700374149 -0.0001539816498839755   0.001488831052739871    0.01769879648122129 -0.0008846053320375307
   0.01387908147197929   0.005158992986623707   -0.04970878440262829     -1.292026985467338     0.7154352600897228

cov:
  0.7323862276926262   0.5586372789622215  0.06313465439450155  0.02133792477085291 0.004216330512699215
  0.5586372789622215    0.462746675718621  0.08884512226164744  0.09345675449597265   0.1590204963474121
 0.06313465439450155  0.08884512226164744   0.3980354492528136     0.12320012383512   0.2484479322055537
 0.02133792477085291  0.09345675449597265     0.12320012383512   0.2164851423586412   0.4202480621251249
0.004216330512699215   0.1590204963474121   0.2484479322055537   0.4202480621251249   0.8601757278355687

cov.inverse():
  71.49116974326381  -92.13575583301007  -1.486733542214901   6.900818612624485   13.74063818162403
 -92.13575583301007   121.2043528579649   1.611270337829803  -12.31999560438583   -16.4017230448205
   -1.4867335422149   1.611270337829802   3.136323240681569 -0.2188247658806025  -1.089555027669497
  6.900818612624532  -12.31999560438588 -0.2188247658806065   95.05309661357323  -44.13223505136659
  13.74063818162399  -16.40172304482046  -1.089555027669495  -44.13223505136661    26.0033598890653

cov*(cov_.inverse()):
     1.000000000000002 -1.615374500829603e-14   2.42861286636753e-17  1.665334536937735e-15  1.013078509970455e-15
-4.884981308350689e-15     0.9999999999999938 -2.775557561562891e-17  8.881784197001252e-16                      0
 4.440892098500626e-16  -1.77635683940025e-15                      1   1.77635683940025e-15                      0
 8.881784197001252e-16                      0  5.551115123125783e-17                      1  -1.77635683940025e-15
  1.77635683940025e-15 -7.105427357601002e-15                      0  7.105427357601002e-15                      1
