5
2

0.03529161157466146
 0.6928401288950616
  2.763246459418219
  8.373010985161899
  15.00436983571028

  -0.4359416266242058    0.8158329219554592   -0.3799625294860745 0.0001151885672129913 6.743883581019846e-05
  -0.5631878892012844   0.06940532633722728    0.7951145953521254   -0.1300578151984645   -0.1699413048580395
   0.0778100912468358   0.06614159564419993   0.05261357273295237   -0.7814178583081183    0.6133423364706095
  -0.6903150563493666   -0.5358395730883102   -0.3584178085535923    0.1058269388750026    0.3109315172347367
   0.1009208219881985    0.1951942247296692    0.3036276385978143    0.6010588499996458    0.7058701851176521

46.03848911964484
73.92008394390147
105.9224438051612
185.0176499767963
219.5450345254258

 2.155952913019901
-2.800869139399035

  -0.04346612000073252    0.01391234901677815    0.02954167915474604  -5.52808002439887e-06  3.046375285534891e-06
     1.845607130330917   -0.05379478941737333    -0.7911286241626163 -1.858325828003188e-05 -0.0003447254775297073

 2.375676523734879e-05    0.02348985738072973  -0.006882944839831185      0.838667719746168      1.642887900071295
-0.0006823650854498384     -0.802670279908674     0.7500211760311684     -67.42778187434739     -14.56671715015161

cov:
35.90026365832336 30.38754755813513 24.06109215953706 8.105596547139102 1.400124384002041
30.38754755813513 28.74371231888361 26.85979867016576 22.03861330772764 19.64252046787384
24.06109215953706 26.85979867016576  30.0857913179013 38.06324623827105 40.61902260916608
8.105596547139102 22.03861330772764 38.06324623827105 86.78914611515492 94.17422430876411
1.400124384002041 19.64252046787384 40.61902260916608 94.17422430876411  121.836317651693

cov.inverse():
   153.2540430797038   -285.6282985102375    132.0635278002084   0.1035359077019266   0.1792826809830489
  -285.6282985102379    534.4062872652106   -248.7667466978301   0.0495902681154177  0.02315149773906135
   132.0635278002089   -248.7667466978307    117.2343391040135  -0.2556822847535809  -0.2984745622093004
  0.1035359077018499  0.04959026811556144  -0.2556822847536481    0.116982817650238 -0.01436552453068321
  0.1792826809829998  0.02315149773915299  -0.2984745622093428 -0.01436552453068331   0.1130273432754203

cov*(cov_.inverse()):
    0.9999999999994826  1.427309659352005e-12  1.922351167138459e-13  6.279698983036042e-16 -1.387778780781446e-16
-1.379341085794294e-12      1.000000000000883 -6.910028105266974e-13 -4.440892098500626e-16  4.440892098500626e-16
-7.185363415374013e-13  4.736211423050918e-13      1.000000000000149  6.661338147750939e-16  8.881784197001252e-16
-7.567280135845067e-13  1.031619234481695e-12 -6.039613253960852e-14                      1                      0
-5.897504706808832e-13  1.075584066256852e-12   1.06581410364015e-13 -2.220446049250313e-16                      1
