5
2

0.1504690512190478
0.1939573844488606
0.1964664284443187
 5.334933361944993
 23.03605484519667

 -0.6683935101671827   0.6690129906863054   0.2295573286682938 -0.00165797863800751  -0.2301573762034823
0.003552791632021956   0.1794160998641312   -0.686408938309316   0.6817910610426027  -0.1783282346479182
-0.03651899732279684  -0.4094058438939585   0.5235854817611254   0.4872048106462154  -0.5652812871413393
 -0.7096316002939498  -0.5185081027242238  -0.1117370349714295   0.1430418833348088   0.4411645882223533
  0.2198336824437915   0.2894264739053971   0.4353381221171866    0.526620064452974   0.6332910037359745

103.8923863712059
130.4649336673988
186.1501347441547
220.8922740284832
261.4603590020179

 4.773660354846746
-3.065829017256923

-0.04209838173202015  0.00428788591356224  0.01048521007427922  0.01283428391862919  0.01455637358894711
   1.928604180128342 -0.08047298861818379  -0.2302178911354111  -0.2891598323096071  -0.3302663270612102

 0.000680187077183188 -1.59094712360083e-05 0.0001272336168142044    0.9886690006923265     6.648217140985735
 -0.02986927008854117 0.0004584541280859129 -0.004331200682794138    -42.35678043188826    -32.35620907142298

cov:
39.98784740660862 44.22647947025931 53.03766747692799 58.54425116204749 64.97173826762726
44.22647947025931 52.12185512753926 68.50180903768619 78.76792982069887  90.7590116590881
53.03766747692799 68.50180903768619 100.9551139441096 121.1952279540278 144.8896304198917
58.54425116204749 78.76792982069887 121.1952279540278 147.7761944538883 178.7579089791098
64.97173826762726  90.7590116590881 144.8896304198917 178.7579089791098 218.3791853350191

cov.inverse():
  19.78462440526094  -19.33290609569173  -7.334096307097522 -0.3509637258534406   7.301822533475871
 -19.33290609569099   24.97624350648807  -2.041700440729557  -1.967288019622976  -1.663332268657304
 -7.334096307099517  -2.041700440727889   21.95487109625645     -5.848176874112  -6.748873926042354
-0.3509637258521055  -1.967288019623211  -5.848176874114348   18.50730015231506  -10.34729682246141
    7.3018225334758  -1.663332268657998  -6.748873926040333  -10.34729682246267   11.47111744584729

cov*(cov_.inverse()):
    0.9999999999998863  2.273736754432321e-13 -2.273736754432321e-13 -3.410605131648481e-13                      0
 -1.13686837721616e-13      1.000000000000227   1.13686837721616e-13 -4.547473508864641e-13                      0
-2.273736754432321e-13  2.273736754432321e-13      1.000000000000114 -2.273736754432321e-13                      0
                     0  5.684341886080801e-14 -4.547473508864641e-13     0.9999999999993179  4.547473508864641e-13
-2.273736754432321e-13  5.684341886080801e-14                      0 -4.547473508864641e-13                      1
