5
2

1.039256655082441
1.284081111066918
1.339190115834108
2.214895089996367
2.887630477142148

  0.252526938186048 -0.9291223375357379 -0.0717096631644768 0.02932229970876442  0.2587658291412009
-0.7189092000020645 -0.0177314883440884 0.09301163828800708 -0.1227545298639759   0.677595245714099
 0.5503323154881313  0.2775823755590657 -0.1094134108242819 -0.6006196717571538  0.4973601137391132
-0.2107089704639916 -0.2316107833944577  0.4382556320620553 -0.7293092399795496 -0.4218983387354713
 0.2685810491048243 0.07564222370886041  0.8844022081889573  0.3023831518395893  0.2203171298110582

112.3632709039155
157.7685699820988
186.6427635268921
217.4153993718113
257.7088618870511

 2.484573217456248
-11.53306785046779

-0.00388552264335657  0.00155005677858992  0.00738232661264015 0.002353647931716571 0.007372791386037865
   1.204405747230437 -0.07766526246050826  -0.3725319474886608  -0.1179953044749313  -0.3727172780034984

 -0.001051902585530808    0.01345364921686855 -0.0004707765856519358  -0.005553589425396831    0.06619591409665207
    0.3273787192543546     -1.875085275873249      1.017808348648337    -0.7640787371742995     -1.081142234615462

cov:
  2.283531538213259  0.4503930451626947   1.289831738110017  0.9917843174279058  0.6877718123748895
 0.4503930451626947   1.381955173246987 0.07463909869174512  0.6945454240461236  0.5864493624767361
  1.289831738110017 0.07463909869174512   7.505558945207778  0.7586885262992366   0.703940970283383
 0.9917843174279058  0.6945454240461236  0.7586885262992366   4.044505713039542   1.400286045294379
 0.6877718123748895  0.5864493624767361   0.703940970283383   1.400286045294379   2.550967523782401

cov.inverse():
   0.5590658353011324    -0.111943202298792  -0.08123131668926352  -0.08286453232839175  -0.05709386797183905
   -0.111943202298792    0.8540574071808175   0.03108562599269706  -0.07969167640792016   -0.1309939632862137
 -0.08123131668926355   0.03108562599269707    0.1496374062718087 -0.005309727665929841    -0.023623310955379
 -0.08286453232839175  -0.07969167640792017 -0.005309727665929839    0.3304698992584615   -0.1392756386582095
 -0.05709386797183907   -0.1309939632862137    -0.023623310955379   -0.1392756386582095    0.5204864494068846

cov*(cov_.inverse()):
    0.9999999999999998 -1.387778780781446e-17  4.510281037539698e-17  1.387778780781446e-17                      0
-1.387778780781446e-17                      1  1.734723475976807e-18  2.775557561562891e-17                      0
  4.85722573273506e-17 -1.387778780781446e-17     0.9999999999999997 -2.775557561562891e-17  5.551115123125783e-17
 4.163336342344337e-17  8.326672684688674e-17 -6.938893903907228e-18                      1  1.110223024625157e-16
-2.775557561562891e-17                      0 -6.938893903907228e-18                      0                      1
