5
2

0.5638630337890177
 2.361663944206344
 2.835002065112134
 7.230419192961429
 23.31513030347014

-0.4793656798610831  0.8494703017945689 -0.1027905900666947 -0.1264885091474123 -0.1484705458593443
-0.2620469771789137 -0.1253056921464808  0.7184613867691557  0.2493804060321647 -0.5807344608993509
 0.0295320512646334 0.01584913201547699 -0.5195404848532166  0.7917521290771612  -0.319504168459078
-0.8229035394581525 -0.3931973382794426 -0.1059086159364902  0.1212933324358107  0.3772226272299151
 0.1532891040422092  0.3283951096911359   0.438301699727921  0.5293643015441223   0.629542817272346

 42.5433726421365
96.23851198029875
131.9388396121289
156.2614068815909
185.5609718358451

  1.92680654210558
-1.162171340967328

   -0.0358872437069852    0.03586269574112871  9.857168410009731e-06  1.534384624017875e-05  7.151353522757455e-06
     1.814630088261973    -0.8135429022969448 -0.0003469295493628627 -0.0005748165477654108 -0.0003052911040361938

 0.01515417138781051  0.02742490749617775 -0.00391163376488821   0.8068807177515309    3.420821011742388
 -0.4962425614891905    -2.08480911638171   0.3256565620940317    -61.3509696616017    5.626737982829708

cov:
48.63798034132128 44.33725502120821 39.92099454184238  38.7350814508737 37.02530910951661
44.33725502120821 67.02470150938825 79.82399259052043 91.89806475947339 104.9531309241002
39.92099454184238 79.82399259052043 110.0674048329212 123.1514501082023 146.9173622546244
 38.7350814508737 91.89806475947339 123.1514501082023 158.4892414174113 180.7142679922531
37.02530910951661 104.9531309241002 146.9173622546244 180.7142679922531 225.5875694881231

cov.inverse():
   0.7481641201194764    -1.268533117896979    0.1211050900091207    0.1801413741942146    0.2442020975036526
    -1.26853311789698     2.275601222391719   -0.2907384639956442    -0.342583524594029   -0.3867207014440656
   0.1211050900091211   -0.2907384639956448    0.1599329287618234    0.0220186881098972 -0.006410177894427881
   0.1801413741942153     -0.34258352459403   0.02201868810989721    0.1402648131781922  0.003114723172987165
   0.2442020975036521   -0.3867207014440646 -0.006410177894428109  0.003114723172986839    0.1459512235039823

cov*(cov_.inverse()):
                     1  -1.77635683940025e-15 -4.163336342344337e-16 -2.581268532253489e-15   1.77635683940025e-15
 3.552713678800501e-15     0.9999999999999929  1.332267629550188e-15  1.110223024625157e-15   1.77635683940025e-15
 7.105427357601002e-15  2.131628207280301e-14                      1  1.443289932012704e-15  3.552713678800501e-15
 7.105427357601002e-15    1.4210854715202e-14 -2.886579864025407e-15     0.9999999999999979  7.105427357601002e-15
   1.4210854715202e-14                      0 -1.554312234475219e-15  1.887379141862766e-15                      1
