6
2

0.1118466203149147
 1.061830338200527
 3.281674993574978
 4.457471860699616
 7.509562993122489
 22.76631656166787

   -0.2132372398770953     0.7891081201369687    -0.5760538933250285 -0.0003895091841768123 -0.0001125217827270639  4.324369706822491e-05
     0.555492196910605    -0.3532759112645744    -0.6896454731922734    0.09764554154143672     0.1782298982599994     0.2229643975623223
   -0.2166952708912911    -0.1335045836956796    -0.1032944452315199     0.8785249525243116    0.01814503316640543    -0.3904031363263508
   0.07530970565406997    0.03353521298936724    0.01808740855061831     0.2554701352636459    -0.8361570076416127     0.4779677310616025
   -0.7625901515050033    -0.3976386739923595    -0.2623430173906762   -0.09923571736880613     0.1141196063556546     0.4106639439286827
     0.108564116245897     0.2746632589584613     0.3357532989459267     0.3788751597538475     0.5056906391199302      0.633067326527729

 64.0991602469086
131.0691229381411
155.6890835164407
186.7773317069583
220.4434286309127
 261.405455957435

   2.827644884685042
-0.05691628000572056

  -0.03534712504244385      0.016302615920735    0.01894739348432383  -3.79683806302775e-06  4.719145633068442e-05 -1.700176950998264e-05
      1.79934088749736    -0.3568689355565367    -0.4399629788629701  0.0001039236432102963  -0.001124519149285699  0.0002223821602717752

 0.000118680777480725  -0.04335976159461413   0.03801679591010937   -0.0361838622517232    0.8741495933359855     3.635191659284777
-0.005152133368591038     1.611028495961702    -3.196734413631565     2.317834236268596    -62.87207388170847    -26.32080895717957

cov:
39.87100262843616 32.69400568051766 30.01244613489873  23.9799365958879 22.36526193181937 19.72753316921712
32.69400568051766 48.38043952678549 54.11005245735643 55.02993721313445 68.77653982282904 81.70521937630515
30.01244613489873 54.11005245735643 62.97170808689803  66.4396057869852 85.85403157737014 104.5252135371336
 23.9799365958879 55.02993721313445  66.4396057869852 84.57556777218284 94.61232643276297 120.7761353075884
22.36526193181937 68.77653982282904 85.85403157737014 94.61232643276297 147.2079747158979 160.5988579802814
19.72753316921712 81.70521937630515 104.5252135371336 120.7761353075884 160.5988579802814 223.4704528895298

cov.inverse():
    3.923461064161503     -13.6167821342825     9.485286124881453   0.03946024870349358   0.08475722164757762    0.1133601148118579
   -13.61678213428244     49.89219006076952    -36.11797773534057  -0.06472468972565835  -0.06511577096752021  -0.06404766727999521
    9.485286124881375    -36.11797773534044     26.95081266584314  -0.04927696254822139   -0.1049745311743641   -0.1356921236708461
  0.03946024870349256  -0.06472468972565464  -0.04927696254822408   0.08387168234265463  0.006337067353217999 -0.006653437960090529
  0.08475722164758605  -0.06511577096755104   -0.1049745311743419  0.006337067353218059   0.06411836847725186   0.01592169986778481
   0.1133601148118671  -0.06404766728002965   -0.1356921236708208 -0.006653437960090562   0.01592169986778475   0.07350650154280365

cov*(cov_.inverse()):
    0.9999999999999531  1.110223024625157e-15 -6.084022174945858e-14 -8.326672684688674e-17  5.551115123125783e-17  4.440892098500626e-16
 3.552713678800501e-14      1.000000000000028 -1.030286966852145e-13  7.771561172376096e-16  2.220446049250313e-15   1.77635683940025e-15
-4.618527782440651e-14   5.03597163969971e-13      1.000000000000007  5.551115123125783e-16  4.440892098500626e-16                      0
 3.907985046680551e-14 -5.284661597215745e-13  3.907985046680551e-14     0.9999999999999996 -4.440892098500626e-16  -1.77635683940025e-15
 7.815970093361102e-14  2.096101070492296e-13 -1.918465386552271e-13  2.220446049250313e-16      1.000000000000004   1.77635683940025e-15
 -1.13686837721616e-13  3.339550858072471e-13 -2.451372438372346e-13  1.110223024625157e-15  2.220446049250313e-15                      1
