6
2

0.03453362744082582
0.06928610121955472
  1.025680636979458
  1.063559074352173
  1.725405350950886
  3.081815276687564

    0.3966981854047729    -0.7951614198255567     0.4551744288476195   -0.05624316454105179   0.001034522577781605 -0.0008611888602302621
   -0.3009292577895769     0.2727415443750301     0.6607307953511262    -0.6312584356889955  -0.000761316939522353 -0.0008097041470333647
    0.5594934211020307     0.1289762383396401    -0.3298514167075922    -0.5566863572461734    -0.1442356767697678     0.4804442254685234
    0.1412768165939056    0.01344296338461632    -0.1261910299703835    -0.1945058070787079     0.9418849335800874    -0.1973733383490289
   -0.3756639393932425    -0.1564569279254345    0.07882057031975834     0.1925609872584417     0.2854312939928323     0.8423980025105625
     0.527215998409535     0.5020318842227655      0.474670664717536     0.4621012342210209      0.102840497911729     0.1434619100042466

44.36088522488818
77.27863936747451
112.3582169580922
129.2469186564369
157.7740130091524
257.7061368211482

 2.484455379890923
-11.52897905673016

  -0.04322320995051591    0.01429313430935381    0.02740068863407545   0.001740663003884584 -6.334574903543402e-05  7.264080947297737e-06
     1.879907144184797    -0.1573614953464316    -0.6426058584468349   -0.08328443942488423   0.003265599408305238    -0.0019994953951189

-1.924547592294168e-05  0.0001627927500279726   -0.03401620736322666    -0.0110533173145085    0.04907355965964941   -0.01716370789899672
 0.0006953586654777033  -0.004707694135709867      1.355419232713474     0.4120047658451904     -2.229889497060078      5.400836377037169

cov:
   3.41256170633648   2.766082254886717   2.073603210099101   1.740654395192676  0.2613598862709304 0.02749730684234079
  2.766082254886717   2.485423221804719   2.180318529547259   2.034385088070361   0.352155499026269  0.3538585277138583
  2.073603210099101   2.180318529547259   2.293235059099858   2.347348359570128  0.4462077002782916  0.7058790901867956
  1.740654395192676   2.034385088070361   2.347348359570128   2.509210565513049  0.4922197848525565  0.8746020339151074
 0.2613598862709304   0.352155499026269  0.4462077002782916  0.4922197848525565   1.368378991493432  0.5727524243569032
0.02749730684234079  0.3538585277138583  0.7058790901867956  0.8746020339151074  0.5727524243569032   2.594971289425124

cov.inverse():
   151.2140827920528   -281.4825693874533    109.8161846016532    20.54342734231495    0.402468488528943  -0.1031838263712111
  -281.4825693874556    545.7298940958181   -265.9749685180632    1.579935096393941  -0.7490885121769314   0.5480724721180871
   109.8161846016605    -265.974968518075    264.8123047504019   -108.1260988681609   0.2429112926957867  -0.5392850977896629
   20.54342734231015    1.579935096403218   -108.1260988681654    86.02387721285885 -0.01084881913664931 -0.01173593947086426
  0.4024684885289407  -0.7490885121769211   0.2429112926957667 -0.01084881913663743   0.8335559246855819  -0.1485157938934172
  -0.103183826371235   0.5480724721181308  -0.5392850977896771 -0.01173593947086979  -0.1485157938934172   0.4951477868848698

cov*(cov_.inverse()):
     1.000000000000026 -1.804025678842081e-13  1.163132090642449e-14  4.666406150377611e-15  2.090341788552053e-16  -1.35308431126191e-16
 4.850980728221543e-14      1.000000000000125  -6.38378239159465e-16 -8.900866155236997e-15   9.71445146547012e-17  2.775557561562891e-17
 5.140332604014475e-14 -3.040345752935991e-13     0.9999999999999737 -4.934941344458821e-14  2.220446049250313e-16  1.110223024625157e-16
 6.150635556423367e-14  1.714184350021242e-13 -2.614575222992244e-14     0.9999999999999457  8.326672684688674e-17  5.551115123125783e-17
-2.123301534595612e-15 -9.825473767932635e-15  1.332267629550188e-15 -1.565327728547672e-14                      1  5.551115123125783e-17
-2.581268532253489e-14  1.043609643147647e-14 -2.087219286295294e-14 -1.566802243502252e-14                      0                      1
