6
2

0.06653186493357946
  1.007446105181002
  1.057460395663567
  1.347915215762401
  2.042379382953667
  2.834395299799489

   -0.1559197063941394     0.7728151377980669    -0.6151784579813679 -7.923205173168934e-05 -0.0008718192797191242 -0.0007116440211493691
    0.6303691288113755    -0.2820740159527467    -0.5146903616263933    -0.2366681078685003    0.05707672701506107     0.4459745469933918
   -0.2012771254004056     0.1378820039304591     0.2241263724818426    -0.9333044040430583    0.05183495790116215      0.128450252915349
     0.209367943931073   -0.09785259986382938    -0.1759779062072449    -0.1686780144982643     0.5987872229204784    -0.7270648515593251
   -0.5331823996801583    -0.2262166053821677    -0.1504979240409111     0.1410016504883069     0.6632039159979932     0.4268161798064299
    0.4579223931142541     0.4933867463317427     0.5027910271961707     0.1568354290922639     0.4423449465924592     0.2716824981578159

44.36192945336816
112.3536847771399
 129.248240181685
157.7717478016877
217.4195891603727
257.7112274460118

 2.484519399211551
-11.53528156196372

  -0.03583066976478122    0.03437889058451154    0.00168017719075299 -3.951383756630646e-05  5.607660355969588e-06  -1.62107780910559e-05
     1.798527792237012    -0.7209886140706749   -0.08109920241810892   0.003157720177988474 -0.0007583997156387079  -0.001421481185525125

0.0001377595789789628  -0.03364172766744021   0.01382546062828732   -0.0202394878196428   0.04615796979950643   0.01117565476961822
-0.003486855802928524     1.398014239089393   -0.5398323553095845    0.8383482838735622    -3.271573504645989     3.429286779445929

cov:
 3.398822885852316  2.068962155863128  1.738157628019968 0.2578558652807579 0.4049376655685581 0.0300596367116887
 2.068962155863128  2.291188214619193  2.346049586281066 0.4424520188364401  1.012732951910349 0.6955202717627188
 1.738157628019968  2.346049586281066  2.508390730726128  0.488646969130239  1.162158253895549 0.8611577550599843
0.2578558652807579 0.4424520188364401  0.488646969130239  1.363120873273699 0.6961031567546019 0.5749923052898535
0.4049376655685581  1.012732951910349  1.162158253895549 0.6961031567546019  4.064418205719707  1.388529283392228
0.0300596367116887 0.6955202717627188 0.8611577550599843 0.5749923052898535  1.388529283392228  2.533641410425233

cov.inverse():
    6.038275253531972    -27.37607320865547     21.33680078201487 -0.004728956265628981   0.06627178347098434    0.1560808311773128
   -27.37607320865548     135.0680541168356      -107.18403441574  -0.05206928679763862   -0.2027307672459595   -0.1996554786837514
    21.33680078201489      -107.18403441574       85.855286932921  -0.03496889314017718   0.04836664887342142  -0.02948544862537212
-0.004728956265627786  -0.05206928679764458  -0.03496889314017244    0.8576421011104567  -0.08109446851672478   -0.1239577292024685
  0.06627178347098522   -0.2027307672459638   0.04836664887342493  -0.08109446851672479    0.3329260570226326   -0.1256250962907725
   0.1560808311773123   -0.1996554786837489  -0.02948544862537411   -0.1239577292024685   -0.1256250962907725    0.5546456503569807

cov*(cov_.inverse()):
    0.9999999999999974  1.105365798892421e-14   1.30819834132101e-15   2.34187669256869e-17 -2.818925648462312e-17 -6.938893903907228e-18
-1.064426324859369e-14     0.9999999999999997  3.290423489232808e-14                      0 -4.163336342344337e-17 -1.110223024625157e-16
-1.582067810090848e-14  1.074418332080995e-13      1.000000000000012                      0 -4.163336342344337e-17                      0
-2.359223927328458e-15  2.081668171172169e-15  1.850949948867253e-14                      1                      0  5.551115123125783e-17
-5.273559366969494e-15  2.498001805406602e-14  1.057487430955462e-14                      0     0.9999999999999998  1.110223024625157e-16
-4.218847493575595e-15   3.33066907387547e-15  1.812439087700568e-14 -5.551115123125783e-17 -5.551115123125783e-17                      1
