5
2

0.4007612974009387
   2.3847380444185
 2.443104918006521
 6.473608437637071
  11.3889890603013

 0.6010217927319362 -0.7908352255453723 0.02024870128240762 0.07598662825832582 0.08466683601148367
  0.267499685592552  0.2142999251028965 -0.8175930482025422  0.4503868590808037 -0.1058902498201908
-0.2460996574086441 -0.1856667505045748  0.3053784694752015   0.639710867165345 -0.6344106029945946
-0.6857708656980234   -0.46543582866961 -0.3049004046498737  0.1773915626429465  0.4343452381434078
 0.1907092059977879  0.2784825583141562  0.3806722097193043   0.592182361631039  0.6248889363582966

72.00629242875493
103.6010487033072
133.1231332543207
183.9498733603139
218.6375648075263

  2.11005551615889
-3.032757919357883

 -0.06673454897245472   0.06654402183447619 4.587463324338351e-05 5.439463019916947e-05 7.307963866143904e-05
    3.377895504421072    -2.370001261109366 -0.001788132930777077 -0.002320352211297552 -0.003094112139538358

-0.01489220960848441 -0.02054043748379364   0.0242975203071954    0.621072451478907   0.7652573211920874
  0.6270191118183455    2.254541386421562   -2.335791113305369    -50.9005235762414   -2.567783749047801

cov:
25.25235110909374 20.78730621767742 16.48872308524177 9.303401481183776 3.754022518236595
20.78730621767742 19.70510929202182 18.36029882426655 17.76088141190822 14.66327452423543
16.48872308524177 18.36029882426655  27.0504190077887 26.04546321236701 24.64127163227533
9.303401481183776 17.76088141190822 26.04546321236701 50.40222660382813 48.53501012600609
3.754022518236595 14.66327452423543 24.64127163227533 48.53501012600609 61.02291880515529

cov.inverse():
    2.283332369742343    -2.933645728961962   0.03027381472692969    0.2771284376230945    0.3318221272628717
   -2.933645728961962     3.913658429881252   -0.1358084360225822    -0.377781186739336   -0.4046343574195594
  0.03027381472693043   -0.1358084360225832     0.139054350525236   -0.0219936067508891 -0.007886681071557166
   0.2771284376230941   -0.3777811867393354  -0.02199360675088919    0.1436356838870569  -0.03163149379966132
   0.3318221272628719   -0.4046343574195596 -0.007886681071557284  -0.03163149379966124    0.1215472775580938

cov*(cov_.inverse()):
                     1  4.662936703425657e-15 -2.289834988289385e-16 -1.443289932012704e-15 -1.942890293094024e-15
  1.77635683940025e-14     0.9999999999999858  2.775557561562891e-17 -2.775557561562891e-16                      0
 1.243449787580175e-14 -1.598721155460225e-14      1.000000000000001 -7.771561172376096e-16 -8.881784197001252e-16
-3.552713678800501e-15                      0 -2.220446049250313e-16     0.9999999999999989 -8.881784197001252e-16
 3.552713678800501e-15                      0 -3.885780586188048e-16 -8.881784197001252e-16     0.9999999999999991
