5
2

0.7103024842396443
 3.153848673916848
  4.40786171587652
 5.670386978517829
 22.13225505405043

  0.5207202347364166  -0.8302311863849868  0.05561095042131907   0.1174404576927374   0.1506046990634311
   0.384473389273546   0.2332338773665023  -0.8283061272244716 -0.07984479607497946   0.3245241740321391
 -0.1674727150243281 -0.07798932857572709  -0.3315034619710525   0.8414473984369002  -0.3846326620499966
 -0.7196291734207386  -0.3704565360284203  -0.2240501844479188 -0.01781933245001624   0.5425677781766052
  0.1873963515139194   0.3361513872416654   0.3882310540717932   0.5210386689022933   0.6554999667868848

100.1087817022279
155.7246589890524
186.7598194567107
220.5229253961829
261.4547384108932

  2.825610031050651
-0.3055204454772503

  -0.05081410553864524    0.05046958964227359 -2.722872423792334e-05  0.0001825604484180813  7.976185741856521e-05
     2.808999052935295     -1.796777646872558   0.001258146759042095  -0.006261126790732111  -0.003375143816462117

-0.03447421724159188  -0.0769042956420601  0.09143109701807624   0.5760791236298526    3.712902775271691
   1.490012101608918    6.557685386666574   -6.502745104294933   -43.65809543954624   -40.45040664906274

cov:
36.00495311856286 40.35593617779081 38.74692034388091 45.22788061601702 50.14871311066827
40.35593617779081  60.7701271303847 65.15201949565061 84.49666099283687 102.7440298355325
38.74692034388091 65.15201949565061 84.40498973620724 94.45568829319615 120.5555305023587
45.22788061601702 84.49666099283687 94.45568829319615 146.8186464797288 160.4513218460004
50.14871311066827 102.7440298355325 120.5555305023587 160.4513218460004 223.8718217821747

cov.inverse():
   0.5699129201450301   -0.8387664143404719   0.03339938738299779    0.1114681260118561    0.1594043978327748
  -0.8387664143404724     1.376471893831481   -0.1067546823177476   -0.1979416530341375    -0.244476260451777
  0.03339938738299781   -0.1067546823177476   0.08263101582633137  0.005773954457934158 -0.007122801753507067
   0.1114681260118562   -0.1979416530341375   0.00577395445793413    0.0649835550190667   0.01619033856067006
    0.159404397832775   -0.2444762604517772 -0.007122801753507037   0.01619033856067007   0.07319135821947463

cov*(cov_.inverse()):
    0.9999999999999938  1.598721155460225e-14 -3.885780586188048e-16 -1.443289932012704e-15  -1.77635683940025e-15
   1.4210854715202e-14                      1  2.220446049250313e-15  8.881784197001252e-16  3.552713678800501e-15
                     0   1.77635683940025e-14      1.000000000000001 -1.110223024625157e-15 -3.552713678800501e-15
  1.06581410364015e-14                      0  2.220446049250313e-16                      1  -1.77635683940025e-15
 7.105427357601002e-15 -7.105427357601002e-15 -6.661338147750939e-16  -1.77635683940025e-15                      1
