5
2

0.1097288841868486
 1.440958286170499
 3.151530465039694
 4.429151049097807
  13.1014992953222

    0.570600436252883   -0.7910594872303039    0.2205444528783335 0.0002823473081889047 0.0003072385755448028
    0.448718252465561   0.08678878001459371   -0.8501272379077627     0.136714344757269    0.2229630123422719
  -0.1231987400276159   -0.1005127175568478  -0.04233472585629423    0.8918999308570228   -0.4212381136469671
  -0.6657104282662955   -0.5665487010470128   -0.3103024840223003  0.005887900808295992    0.3735370076352678
   0.1213209306153977    0.1887123691700867    0.3613363572465093    0.4310324282219348     0.795811508002839

109.6337238279247
130.4592753148778
183.6604215826566
220.1300745256549
 262.686648105897

 3.273452149519799
-5.151885522364068

 -0.05247190371989773   0.01182265143938002    0.0404994379894008 9.298659543707007e-05 4.602214095464525e-05
    2.830468301033827   -0.3991065632657864    -1.426105394791769 -0.002948472901371652 -0.001837585010265069

-0.00036555877245485  -0.1181983511348604  0.03600562656896148   0.3076720659971471    1.815322479763456
  0.0194604916930871     5.08086115972021   -2.483798301587318   -23.86137689152012   -42.90516040462207

cov:
11.79304802529794 11.52712497744778 10.83834960036162 7.935232221608672  12.4174681408206
11.52712497744778  12.5330885922354 15.04026068101872 13.03095507043065 22.08733506527268
10.83834960036162 15.04026068101872 25.81912785909512 26.08179276204072 46.86843126982912
7.935232221608672 13.03095507043065 26.08179276204072 39.83090649307994 55.25414329599896
 12.4174681408206 22.08733506527268 46.86843126982912 55.25414329599896 113.3110373139254

cov.inverse():
   27.16214663695674   -37.44924660335361    10.27927621835721  0.03196729709415835  0.05585590566931051
  -37.44924660335362    51.99404364534598   -14.51557906080566 -0.02155797890646914 -0.01651603968901301
   10.27927621835723   -14.51557906080568    4.393629643712806 -0.05379079071433042 -0.08809813880108536
 0.03196729709413641 -0.02155797890643864 -0.05379079071433893  0.09018449940386075 -0.02102859458227959
   0.055855905669316 -0.01651603968902065 -0.08809813880108323 -0.02102859458227958  0.05261751243773838

cov*(cov_.inverse()):
    0.9999999999999176  1.207089983523701e-13 -2.842170943040401e-14 -4.440892098500626e-16  4.440892098500626e-16
-3.796962744218035e-14     0.9999999999999979 -1.532107773982716e-14 -1.221245327087672e-15  4.440892098500626e-16
 -1.13242748511766e-13  1.003641614261142e-13     0.9999999999999307 -2.220446049250313e-16  8.881784197001252e-16
-4.440892098500626e-14 -7.061018436615996e-14 -7.993605777301127e-15     0.9999999999999996                      0
 3.552713678800501e-14 -3.530509218307998e-14                      0                      0                      1
