5
2

0.1360787782431135
 1.139479914592463
 4.139180881254903
 5.605193606024011
 21.68824833264475

  -0.4419499923246004    0.8154934232390575   -0.3736985948839149 -0.000139736764360158 0.0001469474535346451
  -0.5856614600392367   0.04019779027924227    0.7803298748406785   -0.1346051490279683   -0.1683791322214991
   0.3375164508075614    0.2473300414845692    0.1409846728649582      -0.8668703862961    0.2314509697398555
  -0.5090917544354048   -0.3832708125058582   -0.2339712198933498   -0.1539221344125803    0.7179794667304038
   0.2976391935030472    0.3539575527811928    0.4204942768834045    0.4546703687612833    0.6344953744502686

 131.408663303403
156.0865202392102
185.2138226700137
221.6370278580019
261.4848121931191

   3.364158054171821
-0.02779738037143403

 -0.06013799524650529 -0.002775169424506922   0.06262638453433171 0.0001965384763001976 0.0002371652768513111
    3.153144074815207    0.4622532788582941    -2.603890901020986 -0.009602206283277272  -0.00971706543251066

 1.687807819966175e-05     0.1089522963944292    -0.2102208189646772     0.5393453374091505      3.618239200033248
-0.0008054566374892538      -5.00806072742976      14.00664879918815     -37.03171478915068     -1.568809162370341

cov:
 52.2140360435877 57.07860668793774  62.8379349113381 61.20700208328702 78.81414203413011
57.07860668793774 64.60970672457726 73.45993200492313 73.87328262562372 97.96635147615858
 62.8379349113381 73.45993200492313 86.02413038990238 88.83142795921742 120.6088287958031
61.20700208328702 73.87328262562372 88.83142795921742 110.8819840634659 128.8180107433586
78.81414203413011 97.96635147615858 120.6088287958031 128.8180107433586 206.5182041553408

cov.inverse():
     10.8271411873342    -19.46995959853374      8.57381121268636   0.04975437857591987    0.0657688904357349
   -19.46995959853385     35.92345455650474    -16.42803198143732   -0.0206154994708101 -0.003681369361016337
     8.57381121268649    -16.42803198143746      8.01382259769778  -0.08365659714726613   -0.1070341516934157
  0.04975437857591319  -0.02061549947079764  -0.08365659714727196   0.05901008865884565  0.002839645917232495
  0.06576889043571509   -0.0036813693609798   -0.1070341516934323  0.002839645917232438   0.04222677524625382

cov*(cov_.inverse()):
     1.000000000000004  2.443045765687657e-13  -1.13686837721616e-13 -1.942890293094024e-16                      0
-1.030286966852145e-13      0.999999999999972  3.907985046680551e-14 -5.551115123125783e-16                      0
-6.838973831690964e-14 -1.512123759539463e-13     0.9999999999999787  5.551115123125783e-16                      0
 2.842170943040401e-14 -1.310618280569997e-13  1.172395514004165e-13     0.9999999999999996   1.77635683940025e-15
-8.881784197001252e-15  1.101341240428155e-13  3.552713678800501e-15 -6.661338147750939e-16      1.000000000000003
