5
2

0.04930076261487489
  1.002254320827154
  2.993310807130595
  8.379123315826126
  11.09798203762374

   -0.4743029421030431     0.8129481164226492    -0.3378637926314654 -7.761679406135261e-05  -0.000361554394303391
   -0.5139095774659956       0.03971682651837      0.817284182430024   -0.09118867708196637    -0.2409371498996366
    0.2346047736476017     0.1954363667491281     0.1407389024584232    -0.8777223914498403     0.3414105909546883
   -0.6010861741649767    -0.4193561865674862    -0.1659082511017392   -0.02417634826065227     0.6593373616112086
    0.3075543475722435     0.3514014072761418     0.4129910850484915     0.4697909395465466     0.6250297681264483

54.31647912581354
86.46960674037294
 131.166109909508
157.9171335228662
259.7334971504849

 2.496706220204134
-2.312236524214367

  -0.06062410060655977    0.04831484310778572    0.01224874315170924  6.403089820031932e-06  2.926573313742631e-05
     2.289168991837645    -0.9457214180213895    -0.3418543361346197 -0.0003438582455097122 -0.0005553160824509906

0.0001552966660650833   0.04327172607803675  -0.02734546342881072    0.9946015271524399      0.42031603602436
-0.004226951215072287    -1.499953867103332     2.725798321918941    -64.80602275565157      28.3310289081051

cov:
 37.77623643931926  31.39816295651905  22.52009598278639  17.01803934801895 -3.307249852724092
 31.39816295651905  27.90127260394104  23.03763187180239  19.50396238314381  8.226995508510518
 22.52009598278639  23.03763187180239  23.78853832130737  22.99638467221645  24.34535994031708
 17.01803934801895  19.50396238314381  22.99638467221645  34.13506923982442  32.38334976639039
-3.307249852724092  8.226995508510518  24.34535994031708  32.38334976639039  79.74065012174387

cov.inverse():
    92.83092747377545    -158.6502490679792     65.51909494069406   0.04019633292176764    0.1986730293106535
   -158.6502490679792     271.9150856338542    -112.9673291731564  -0.04722624140783063    -0.125162849124139
    65.51909494069406    -112.9673291731564      47.6341238932583  -0.07555748618953226   -0.1398704461782656
  0.04019633292176764  -0.04722624140783056  -0.07555748618953231   0.09606337519552305 -0.009404366380263622
   0.1986730293106581   -0.1251628491241469   -0.1398704461782623 -0.009404366380263634   0.08021651162593602

cov*(cov_.inverse()):
    0.9999999999999887    7.3568928726786e-13 -3.708700013760335e-13 -2.775557561562891e-17 -3.885780586188048e-16
 2.278177646530821e-13      0.999999999999736 -6.032951915813101e-13  1.110223024625157e-16  -3.33066907387547e-16
  4.60964599824365e-13  1.123545700920658e-13     0.9999999999997997  8.326672684688674e-17 -4.440892098500626e-16
 7.105427357601002e-15  5.293543381412746e-13 -4.094502514817577e-13                      1                      0
 1.385558334732195e-13  1.723066134218243e-13  2.255973186038318e-13  -3.33066907387547e-16                      1
