6
2

0.1948416600994892
   1.0496117162237
 1.314224153758566
 1.663372237273041
 2.273156568029852
 3.076281140537592

  -0.7034169079807161    0.7090586254704319 -0.005386571637889576  -0.03521111059672572 -0.008896699852698385  -0.03305344885329228
  0.07159486622979302     0.074606027457191   -0.9505347352559106  -0.06031122662106975    0.0532374526751612    0.2816383540015333
 -0.08191813493446989  -0.04740111626131985    0.2090884485366195 -0.004952412021248318   -0.5032050727303932     0.833117460162827
   0.5690812904744862    0.5356427480208485 -0.000332248228137653   -0.2265677763648837   -0.5313358091239065   -0.2357594570561225
  -0.2418892520823708   -0.2351850355778173   -0.2103458297901882    0.6026684011394575   -0.6005825993184439   -0.3435455724079151
   0.3331731117965103    0.3836636365661395   0.09214794684369022    0.7619422866794192    0.3175753083621834    0.2278080831172819

112.3625791382111
129.2478962025797
157.7683333508745
186.6433375026273
217.4164834315932
257.7100309472182

 2.484602588332781
-11.53508964661929

  -0.1268107883317422    0.1266929166805845 6.438361324546873e-05 0.0006405811761902008  0.000368031529128426  0.001018993923020742
    7.366516443368248    -6.350718884336402 -0.002608252066559544  -0.03461036151357624  -0.01838607208392447  -0.05403237868583102

 0.006794427348095458 0.0006387585047473087  0.008733949158431911  -0.01351432382550169  0.003510104877437646   0.06814246141114941
  -0.3675445347122978   0.04624108206824264   -0.5847513536850178     2.270941260571691    -1.441619372926174     -0.25526967689441

cov:
  2.284889157754645   2.340690204745346  0.4485162494052853   1.289262155327356  0.9910040950679078  0.6816818854282162
  2.340690204745346   2.501750254266184  0.4943132023739104   1.692787410188006   1.140799484264768  0.8492734207848845
 0.4485162494052853  0.4943132023739104   1.379883972383039 0.07098559042903799  0.6927328234868566  0.5782227782012135
  1.289262155327356   1.692787410188006 0.07098559042903799   7.517009987493066  0.7534859202311952  0.6947918634333833
 0.9910040950679078   1.140799484264768  0.6927328234868566  0.7534859202311952   4.039848044180133   1.389827106895565
 0.6816818854282162  0.8492734207848845  0.5782227782012135  0.6947918634333833   1.389827106895565   2.541005375724964

cov.inverse():
   13.18216783074037   -12.99627672433543  0.04114077834180213    0.600749928060707   0.1221810797871529   0.5668433881526987
  -12.99627672433542    13.37974516092441   -0.157470750250799  -0.7020061494917295   -0.211406989147945  -0.6419171864379103
 0.04114077834180296  -0.1574707502507998   0.8556583017376856   0.0393463480159136 -0.07798330011328868  -0.1212215220195808
  0.6007499280607076  -0.7020061494917302  0.03934634801591356   0.1861650888330592 0.005811756012278127  0.01042915569161045
  0.1221810797871543  -0.2114069891479464 -0.07798330011328872 0.005811756012278182   0.3337629397888759  -0.1285181512962366
  0.5668433881526989  -0.6419171864379105  -0.1212215220195808  0.01042915569161043  -0.1285181512962367   0.5510501125686667

cov*(cov_.inverse()):
    0.9999999999999962  3.885780586188048e-16 -6.938893903907228e-17  -2.34187669256869e-17 -1.804112415015879e-16 -1.110223024625157e-16
-1.554312234475219e-15     0.9999999999999996  1.387778780781446e-17 -1.734723475976807e-16 -6.938893903907228e-17 -2.220446049250313e-16
 -1.27675647831893e-15  8.326672684688674e-16                      1 -1.734723475976807e-17 -1.387778780781446e-17  5.551115123125783e-17
 -5.10702591327572e-15  2.220446049250313e-16  4.163336342344337e-17                      1                      0                      0
-1.110223024625157e-15                      0 -2.775557561562891e-17 -5.204170427930421e-18                      1 -1.110223024625157e-16
-8.881784197001252e-16  2.220446049250313e-16  5.551115123125783e-17  3.122502256758253e-17 -5.551115123125783e-17                      1
