6
2

0.05545466418955326
 0.9745758728469425
  3.300466427222016
  4.442603558436446
  7.967936721859909
   22.2343468426701

   -0.4912017046205168     0.8106940901394321    -0.3185839010450999  0.0001170953492873656 -0.0005012144530944497 -0.0001032401765805429
   -0.4511498768476121    0.05900585508278593     0.8460423334402201   -0.08966265083459482    -0.1670107885203101    -0.2031316648789619
   -0.1885085610333636    -0.1511338875047979   -0.09349353319230505     0.8765864718018405   0.004833939755788631    -0.4055302950415363
   0.07197699326610385    0.04826235687230085    0.01308465459047239      0.253048262897928    -0.8339060306792808     0.4825827989110444
   -0.7107789512936477    -0.5268450276718106    -0.2450525319458529   -0.09758835645287224    0.09077695010513108     0.3733803875630797
   0.09623820059460285     0.1911988782740489     0.3372738882189184     0.3872981307948206     0.5181158708770374     0.6496026664407387

63.80336716687815
 100.111791109764
155.7233754554924
186.7584191542971
220.5256355305862
261.4576296248182

  2.825270484999791
-0.2902399794169507

  -0.06370370117919334    0.05439154884119833   0.009237117641030124  1.381632845541027e-05  3.645388560334032e-05  7.422413385374527e-07
     2.372789638743328     -1.112608670908157    -0.2581192819740667 -0.0002980284070608907 -0.0008899335376521128  -0.000186942340436369

0.0002227795614782066   0.03776098336243863   0.03198929526451019  -0.03682511486794663    0.9118143592190879     3.662775176428384
-0.006105143145328099    -1.286312269718069    -2.779865105176144     2.255675635829332    -65.85137624765864    -35.65931042682712

cov:
37.33668919193398 33.22342844663586 26.95319921394002 21.42809752883635 19.43095743850838 15.66227201425765
33.22342844663586 35.99475793125694 40.28949589392994 38.66534138130238 45.12549480244073 50.02888062495919
26.95319921394002 40.28949589392994 60.82723439306115 65.19567706651526 84.62220348602042 102.8780589083658
21.42809752883635 38.66534138130238 65.19567706651526 84.40120562368286  94.5352828842921 120.6193735976286
19.43095743850838 45.12549480244073 84.62220348602042  94.5352828842921 146.9844842809719 160.6086806957086
15.66227201425765 50.02888062495919 102.8780589083658 120.6193735976286 160.6086806957086 223.8925020691787

cov.inverse():
    78.68494011267769     -129.510636954634     50.48968854907723   0.01080697607267505    0.1553476325715997     0.117701121449054
   -129.5106369546344     213.7267288089165    -83.92951669950709   0.01471495851835301   -0.1451655327638928  -0.03587649592355103
    50.48968854907776    -83.92951669950774     33.75998130415208    -0.098713594522623  -0.09743342558965847   -0.1674436760120148
  0.01080697607260512   0.01471495851846825  -0.09871359452266812   0.08270713390818896  0.005710734373562119 -0.007339450370506171
   0.1553476325715201    -0.145165532763761  -0.09743342558971076  0.005710734373562212   0.06535728246695696   0.01638001175190516
   0.1177011214489703  -0.03587649592341283   -0.1674436760120692 -0.007339450370506104   0.01638001175190506   0.07339317749814907

cov*(cov_.inverse()):
     1.000000000000054  2.001732113399157e-13 -1.318944953254686e-13  1.110223024625157e-16 -3.885780586188048e-16 -4.440892098500626e-16
 3.854694341498544e-13     0.9999999999992144 -2.167155344068306e-13 -1.110223024625157e-16  2.220446049250313e-16                      0
 7.638334409421077e-13 -1.006306149520242e-12       1.00000000000016  1.110223024625157e-16  6.661338147750939e-16   1.77635683940025e-15
-2.131628207280301e-13 -1.302069563280384e-12 -2.842170943040401e-14     0.9999999999999991 -1.554312234475219e-15                      0
 1.239897073901375e-12  5.453415496958769e-13  3.659295089164516e-13 -1.998401444325282e-15                      1 -3.552713678800501e-15
 2.735589532676386e-13 -5.773159728050814e-13  4.050093593832571e-13  1.554312234475219e-15  1.332267629550188e-15      1.000000000000002
