5
2

0.1365760583797594
 1.314540817851681
 1.464335342280383
 6.139307836669803
 9.763954657209812

  0.625723165566334 -0.7751531848691713 0.04127097700081749 0.06063323188161127 0.04720569573489425
 0.1627314515700727   0.131039372433113  -0.825767126493075  0.5218251903307716 0.04641423361271624
-0.1744341691107699 -0.1139273550459915  0.3174317572428715   0.644370755530447 -0.6637896408725308
  -0.38019350805977 -0.2124666212134926  0.2379733763215205  0.4844217215183772  0.7204270255776335
 0.6379769680947617  0.5690735589551346  0.3987619727564373  0.2722939717770802  0.1896985890722698

27.29225100124068
43.47264101040662
84.94189851073489
109.7719658369066
130.1212807248357

 1.258501527581348
-1.263947372286723

 -0.07355714138650946   0.07237934220210508 0.0003394421252040322 0.0004583452020062489 0.0003687018315588775
    2.642885799666685    -1.609249692805736 -0.008710480069147652  -0.01368071602645951  -0.01108825080987075

-0.001903956253822508 -0.004336508239838032   0.01017083656484219    0.4958711566886008   -0.5156172472324249
  0.05408289122910369    0.3779948660946415   -0.6044552363996162     -25.6142898140981     72.55139333907729

cov:
44.36910864010434 37.72690031896537 20.49267226174026 9.526012630581437  1.47596413889937
37.72690031896537 32.64384049180268 19.46299900175173 10.85320611253247  4.69436009468696
20.49267226174026 19.46299900175173 18.68820692322014 14.39054186545786 13.15540642964469
9.526012630581437 10.85320611253247 14.39054186545786 17.27420849978014  17.2029809977273
 1.47596413889937  4.69436009468696 13.15540642964469  17.2029809977273 23.94149528270922

cov.inverse():
   21.02775832352707   -25.97527069213514    1.281132750314333    2.027625097031937    1.635906132049296
  -25.97527069213514    32.23319522399313   -1.793521414976311   -2.515471711340494   -1.925842208046035
   1.281132750314332    -1.79352141497631   0.5360856375451155 -0.01562161593036785 -0.01065750969964457
   2.027625097031939   -2.515471711340496 -0.01562161593036739   0.5553154919790033  -0.0222101858153937
   1.635906132049295   -1.925842208046034 -0.01065750969964468 -0.02221018581539379   0.3403439594959016

cov*(cov_.inverse()):
    0.9999999999999636  9.769962616701378e-15 -7.212980213111564e-15 -1.439126595670359e-14 -1.110223024625157e-16
-6.750155989720952e-14      1.000000000000023 -2.518818487118324e-15  1.484923295436147e-15   8.43769498715119e-15
  -1.4210854715202e-14  6.750155989720952e-14     0.9999999999999938 -4.440892098500626e-15   1.77635683940025e-15
  1.06581410364015e-14  7.815970093361102e-14 -1.887379141862766e-15     0.9999999999999949 -8.881784197001252e-16
   1.4210854715202e-14  7.105427357601002e-15 -5.551115123125783e-17 -1.887379141862766e-15     0.9999999999999982
