5
2

0.2974108537310767
 1.988925875570284
 2.629286348502499
 3.772670208863012
 10.55399476086869

 -0.6330257275061225    0.768912859512314 -0.01375404295060001 -0.04424280493132457 -0.07684297824955938
 -0.4449149544674051  -0.3732504999638599   0.7854677409461722  -0.1880822613218302  -0.1019815594947384
  0.5224498712089138   0.4144018650568289   0.3592401812768113  -0.6365948395445336   0.1449507803796987
 -0.3508383536015725   -0.261381825267568  -0.3641584058684408  -0.5182478207008669   0.6382788127739245
 0.07271652716224974   0.1714867761972945   0.3481183732970573   0.5374326411671949   0.7451740378247114

111.2487404464411
129.1222025200837
155.1672261739743
187.0246855466813
221.0085224135515

 2.266522800753297
-2.496228207351023

  -0.1216902033773843    0.1204770797741695 0.0001180706557888378 0.0004276289739501733 0.0007464242292437567
    7.121989440950237    -6.059838664326555 -0.003606829773806774  -0.02216384035172558  -0.03869212197259986

0.01500091396728988 0.03603698589197535 -0.0952128368007242  0.1624685085125799   1.407759614758654
-0.8105752759700962  -3.566415946393183   8.412464682240445  -13.18878938367256  -62.74367487823533

cov:
5.046357681886043 4.804788733581894  4.55390064455306 4.975158676890709 3.555734685635469
4.804788733581894 6.038631883792441 7.872768225935298 10.64467908963502 12.41988766488283
 4.55390064455306 7.872768225935298 18.71879616432402 21.36017667446882 25.62966504200599
4.975158676890709 10.64467908963502 21.36017667446882 38.93668422308015 39.33845058558509
3.555734685635469 12.41988766488283 25.62966504200599 39.33845058558509 67.83680202105529

cov.inverse():
    4.62854097819371   -5.422961873321754  0.04644282379123233   0.3027983567361212   0.5571132518096243
  -5.422961873321755    6.749187305931589  -0.1649168904073129   -0.394666114239111  -0.6602495269376663
 0.04644282379123162  -0.1649168904073121   0.1871739080777208 -0.04860730022645882 -0.01477012133944188
  0.3027983567361213  -0.3946661142391113 -0.04860730022645879   0.1111559250612442  0.01029124489171007
  0.5571132518096245  -0.6602495269376665 -0.01477012133944176  0.01029124489171004   0.1060337377602443

cov*(cov_.inverse()):
     1.000000000000002                      0   4.85722573273506e-17  1.457167719820518e-16  4.440892098500626e-16
 2.664535259100376e-15                      1 -2.775557561562891e-17 -5.551115123125783e-17  6.661338147750939e-16
                     0  7.105427357601002e-15     0.9999999999999998 -1.665334536937735e-16 -4.440892098500626e-16
 -1.06581410364015e-14 -3.552713678800501e-15  5.551115123125783e-16                      1  8.881784197001252e-16
-7.105427357601002e-15  7.105427357601002e-15  8.881784197001252e-16 -1.110223024625157e-16     0.9999999999999991
