5
2

2.224119153985708
2.432363612535878
3.463467879612146
6.686378407058331
11.70799759664586

   0.4467330975885916   -0.7380901230033916   -0.2932801136517876    0.3394188745161507    0.2333111921925803
   0.1826662884848947  0.003300111573648617  -0.03136435949797983    -0.720022311286153    0.6687348387202372
-0.006595293889510815    0.4567839217529049    -0.864108975286106    0.1629281868162026    0.1344434293572118
  -0.8740880536497986   -0.3584934729037846   -0.1256578371769383    0.0580534943224358    0.2971403777763283
  0.05467305675808369    0.3435738032822909    0.3879804617189969    0.5800404267032384    0.6260927752954096

44.80439464079303
133.1185912452108
154.4958689451537
183.9350337437468
218.6160600466882

 2.109573994366766
-3.031309141697889

-0.01602863991899974 0.003403823856819196 0.005027411967722093 0.003666943078786093 0.003782430371482591
   1.363774778132762 -0.07709931469798759  -0.1140553597274601 -0.08314410693983801 -0.08603724315652991

-0.04462017690353208  -0.0188447674836477 -0.01892589221601592   0.6033410853545498   0.9237352213996634
   3.221817384015721    1.507307689306456   0.3506361908257004   -52.77647769349979    -13.4709966144617

cov:
  35.7528809305236  14.92060564734214  7.204563310890468  2.037463850128978 -5.691903662379992
 14.92060564734214  27.12453727956824  16.62173683684053  26.02665043041678  24.62204341006312
 7.204563310890468  16.62173683684053  30.72823790730527  28.47467145687398  29.77222182539855
 2.037463850128978  26.02665043041678  28.47467145687398  50.22544003436359  48.35777021203822
-5.691903662379992  24.62204341006312  29.77222182539855  48.35777021203822   60.8124762815002

cov.inverse():
 0.06309875873136762 -0.05965957870078825 -0.02436765564743248 0.007428998867931605    0.036083421623771
-0.05965957870078827   0.1312608482407333  0.01281778081641232 -0.04385326760863756 -0.03013287018860654
-0.02436765564743248  0.01281778081641229  0.08125202999094412 -0.02656446175337324 -0.02612545524588598
0.007428998867931614 -0.04385326760863752 -0.02656446175337328   0.1156584177819341 -0.06051485094211276
   0.036083421623771 -0.03013287018860656 -0.02612545524588596 -0.06051485094211277   0.0929331059720212

cov*(cov_.inverse()):
                     1  2.220446049250313e-16  5.551115123125783e-17                      0 -1.110223024625157e-16
 2.220446049250313e-16     0.9999999999999996  2.220446049250313e-16 -4.440892098500626e-16  4.440892098500626e-16
-2.220446049250313e-16  2.220446049250313e-16                      1  2.220446049250313e-16 -4.440892098500626e-16
 2.220446049250313e-16 -8.881784197001252e-16  2.220446049250313e-16                      1 -8.881784197001252e-16
                     0  4.440892098500626e-16                      0  8.881784197001252e-16     0.9999999999999991
