5
2

0.04855524151230568
  1.190511806672775
  3.305214851204025
  7.155035455488169
  15.00027709745312

   -0.4893004726840607     0.8110701569345361    -0.3205460647792471  0.0001615078183956986 -0.0006650045899485502
    0.3922959515794646   -0.09048161730474993    -0.8282128240850287     0.2707148377134716     0.2805244338148618
    0.1544592124763833    0.08913164014957328   -0.01181588128705589    -0.8095835020068602     0.5591357980250778
   -0.7397847848932919    -0.4919407556570481    -0.1163375824268486     0.1044670233844067     0.4315842593332581
    0.1885464333448894      0.289876044384359     0.4445668568844581     0.5102691886254774     0.6499290624863369

53.81191479876541
84.38972948055472
130.7877407358309
157.3188753935586
 185.696494282814

    2.3750506661693
-0.0701292726321196

  -0.05734829690351322    0.04379665343297991    0.01344696845801464  1.252477223073322e-05  4.173011329042589e-05
     2.201148184321869    -0.8259666245102104    -0.3725274684063192 -0.0003437214764149075  -0.001089638527779892

0.0001397410755858369  -0.05326587340399908  -0.05571467118272797    0.9898447161946073     1.776299536444168
-0.003837075967930706     1.766502552988552     2.954391787219247    -60.36943850741374     2.046171045774723

cov:
36.49612867404156 31.02824626657833 22.78651777853975 16.47589340114931  12.3270120101487
31.02824626657833 31.39633787568841 32.02067697974277 29.82807545899029 32.03046293317546
22.78651777853975 32.02067697974277 46.13742008750076  50.2073954239901  62.0412937578903
16.47589340114931 29.82807545899029  50.2073954239901 66.40919361638656 72.09215163718417
 12.3270120101487 32.03046293317546  62.0412937578903 72.09215163718417 108.1078863019775

cov.inverse():
   101.6714055719093   -168.3465472385521    66.29902084721978  0.02888241376700795   0.2178747627837431
  -168.3465472385521    279.0375613992106    -110.220422910589  0.03132800220023443  -0.2454328334625646
   66.29902084721982   -110.2204229105891    44.06727442577444  -0.1785052896492426 -0.07381092490835628
 0.02888241376697856  0.03132800220028312  -0.1785052896492618   0.1130855157462548  0.01445441902656227
  0.2178747627837439  -0.2454328334625661 -0.07381092490835575  0.01445441902656232  0.08984411679850154

cov*(cov_.inverse()):
     1.000000000000378 -9.183764859699295e-13   5.88418203051333e-15 -2.220446049250313e-16  1.554312234475219e-15
 1.245226144419576e-12     0.9999999999988161  6.430411758628907e-13 -2.220446049250313e-16  1.332267629550188e-15
 2.255973186038318e-13 -6.323830348264892e-13       1.00000000000027  4.440892098500626e-16  8.881784197001252e-16
 3.197442310920451e-13 -8.313350008393172e-13  3.659295089164516e-13      1.000000000000001                      0
-9.947598300641403e-14 -7.673861546209082e-13  -1.49213974509621e-13  1.998401444325282e-15      1.000000000000002
