7
2

0.03500459792056732
 0.6295791458017427
   1.04778397035201
  1.320452158217049
  2.093179810200438
  2.625288753351673
  3.008996197347982

  -0.4209194961397739    0.8160819219685033    -0.396023590643465 -0.001179610148324134 0.0003815586062321399 0.0005464319109790955 0.0007445834974740843
  -0.5903407387539084      0.06962770621827    0.7706649561439453  -0.07792950238940717    -0.146855858156287  -0.06126500081352254   -0.1460557062348562
  0.05273078386114714   0.02729092441992623  0.003665495816072928   -0.9409226550330584  -0.03101564880036416   0.06363077143518493    0.3257528905776791
 -0.04870586467281416   0.01443017584923531   0.08147232686669861    0.2344809757672179  -0.04467372939398742   -0.5592830348636815    0.7880400913312189
   0.2955384778247633    0.1959441415365882   0.08857780920855118   -0.1939380968131514    0.2393311024876169   -0.7507232358075582   -0.4560045333585051
  -0.5171947078726136   -0.3827313957069174   -0.2381962925155197  -0.07009266950126319    0.7191460035372563  -0.08487501155788822  0.001055846714828725
   0.3381396684661158    0.3785919000321674    0.4219077660680493    0.1052799254972701    0.6332654638839783    0.3295614791801315    0.2088152191551902

44.36990741832321
77.28988152105319
112.3589824442591
157.7738761326048
186.6483196164093
217.4204742694862
257.7092537484334

 2.484331779888428
-11.52351000502559

  -0.04353780935032901    0.01391950188662858    0.02987399882883267 -6.373796149335343e-05 -5.998149286469412e-05  5.142777011087063e-07 -2.580367358624746e-05
     1.896712895289705    -0.1486314030395291    -0.7517417804707633    0.00305722369171817   0.000463219245282781  -0.000331101037734316   -0.00137376127856096

 2.187762180390673e-05    0.01970421465806524  -0.001924471499324726   0.008233989705790999   -0.03279081964774431    0.06916594119885953    0.02808667613873454
-0.0007620962820538737    -0.6775872685015618     0.0986351389698335     -0.271953926779026      2.038374884604341      -5.13379304931699      2.427725750685458

cov:
  3.407034647954253   2.760712903795776   2.068619490122993  0.2648961545248989 -0.2784227528631644  0.4049320513673798 0.03117460556610156
  2.760712903795776   2.479456806032647   2.173613613532256  0.3548295505932925   0.473074034889421  0.6951961781911965  0.3470629892081576
  2.068619490122993   2.173613613532256    2.28429165026584  0.4476886996774825   1.280002678141838   1.008995838924363  0.6876028791532315
 0.2648961545248989  0.3548295505932925  0.4476886996774825   1.369247010066315 0.07117030395111634  0.7005539198748607  0.5762043050666426
-0.2784227528631644   0.473074034889421   1.280002678141838 0.07117030395111634   7.459368481845805  0.7266528208178091  0.6603589413263068
 0.4049320513673798  0.6951961781911965   1.008995838924363  0.7005539198748607  0.7266528208178091   4.053636164971267   1.380194622016796
0.03117460556610156  0.3470629892081576  0.6876028791532315  0.5762043050666426  0.6603589413263068   1.380194622016796   2.513606484194719

cov.inverse():
   145.5477114430068   -280.3851308937364    134.9307327132722   0.4656490537826858  0.07323701002489495  -0.1097447393253608 -0.06765328765196088
  -280.3851308937363    543.5811266693133   -263.5864106960097   -0.821154613207085   0.2244333222229465   0.3350425729067371   0.4731458109547749
   134.9307327132721   -263.5864106960096    129.5265945589037   0.2409531857522592  -0.4015497671877147  -0.3185322983003833  -0.4862411170256769
  0.4656490537826962  -0.8211546132071054   0.2409531857522692   0.8649376750608352  0.03853630684927903 -0.08030406067718934  -0.1226116861289655
 0.07323701002491922   0.2244333222228994  -0.4015497671876918  0.03853630684927906   0.1889534460903078 0.008587636141430547  0.01475833585708236
 -0.1097447393253759   0.3350425729067666  -0.3185322983003978 -0.08030406067718933 0.008587636141430616    0.334471585551996  -0.1252666894756335
 -0.0676532876519563   0.4731458109547661  -0.4862411170256728  -0.1226116861289655  0.01475833585708233  -0.1252666894756335   0.5593693600950795

cov*(cov_.inverse()):
     1.000000000000069  3.053460262414376e-14  6.924842643751816e-14  1.942890293094024e-16  5.149960319306146e-18  4.293440603042598e-17  9.367506770274758e-17
 3.011133009600542e-14     0.9999999999999194  1.005862060310392e-13  8.326672684688674e-17 -7.025630077706069e-17 -5.551115123125783e-17  2.775557561562891e-17
-5.023759186428833e-15  7.216449660063518e-16      1.000000000000058 -1.387778780781446e-17 -1.231653667943533e-16   1.52655665885959e-16  1.665334536937735e-16
 1.200428645375951e-14 -3.608224830031759e-15  1.060262988517024e-14                      1 -1.734723475976807e-17 -6.938893903907228e-17 -5.551115123125783e-17
 2.713801405818117e-14 -3.963496197911809e-14  1.298960938811433e-14  8.326672684688674e-17     0.9999999999999998 -4.163336342344337e-17 -1.110223024625157e-16
-2.406408405875027e-14  1.332267629550188e-15 -1.232347557333924e-14 -1.110223024625157e-16 -1.908195823574488e-16                      1  1.110223024625157e-16
-1.348920974919565e-14  9.103828801926284e-15  -3.33066907387547e-15                      0 -2.567390744445674e-16  1.665334536937735e-16     0.9999999999999998
