5
2

0.1344272777747894
 1.913021404173183
  4.35266510529275
 6.784166861922982
  21.0381554601684

    -0.212814684629189     0.7890983781443626    -0.5762230872163221  -0.000767830628802609 -0.0001543085593396152
   -0.5101951830600494     0.3509389228383041     0.6694719511075183     -0.282506377926553    -0.2975570545803352
    0.2698652820929579    0.08427948231096673    0.01673593299729869    -0.8367102511851932     0.4687275994547409
   -0.7684006938117958    -0.3383308079751209    -0.1796695407354829   0.001681145770118931     0.5126486789266628
    0.1764763113251748     0.3641357649055147     0.4326812049509353     0.4691510270450815     0.6549393444911422

76.31612007963292
156.0884071006032
185.2130201534414
221.6362798580247
261.4913466946784

 3.363269086105089
0.0102403193467016

   -0.0352330575124067     0.0160250797987124     0.0190789898909328 -2.042694835697719e-05  7.200236855969041e-05
     1.798479135331956     -0.355923513271086    -0.4396963006763489  0.0006129275110833721  -0.001622209311237338

0.0001653419008704795    0.1330530308527397   -0.1475386020451368    0.8404284726155893      3.50108553853894
-0.007413293950156013    -4.891261030120556     8.463383926187189    -54.46420059093816    -1.433477139552744

cov:
43.29253120881817 40.18020652830833 38.98825304781693 32.83507984863367 35.97870044377814
40.18020652830833 64.55191953072136 73.41040798531846   73.887085789366 97.93871452516046
38.98825304781693 73.41040798531846 85.99850344087577  88.8740933291793 120.6054574056211
32.83507984863367   73.887085789366  88.8740933291793 110.9741100817902 128.9139263657954
35.97870044377814 97.93871452516046 120.6054574056211 128.9139263657954 206.4352560190896

cov.inverse():
   2.594142825170176   -9.334973227976107    6.696134861699623  0.03666781063910483  0.04167888441044911
  -9.334973227976077     34.4946103857818   -25.09615699665157 -0.06396825319083474 -0.03641675152112119
   6.696134861699581   -25.09615699665151    18.49772588007759 -0.02748292955261828 -0.05045956355194733
 0.03666781063910927  -0.0639682531908511 -0.02748292955260634  0.05929017483750885 0.002988687016146139
 0.04167888441045517 -0.03641675152114369 -0.05045956355193085 0.002988687016146118  0.04247081272811452

cov*(cov_.inverse()):
     1.000000000000025  9.281464485866309e-14 -4.551914400963142e-14  -1.52655665885959e-16  2.220446049250313e-16
-8.881784197001252e-15     0.9999999999999942 -1.509903313490213e-14 -1.165734175856414e-15 -8.881784197001252e-16
-6.306066779870889e-14  6.368239269249898e-13      0.999999999999857  2.220446049250313e-16   1.77635683940025e-15
 6.572520305780927e-14  2.566835632933362e-13  7.194245199571014e-14                      1                      0
 6.394884621840902e-14 -4.813927034774679e-13  9.201528428093297e-13   1.77635683940025e-15      1.000000000000002
