5
2

0.5942399951453501
 2.751128809091955
 2.919078908363113
 7.076985262000052
  16.4385879026244

  0.5014203539307818  -0.8420345972336085   0.1099273055556965  0.09897494426695259   0.1329485375105064
  0.1559099327271061  0.09301783747727443  -0.1184201436359181   -0.733028265043675   0.6447371611877113
  -0.218689370795243 -0.09438255830263055   0.8688036166658705  -0.3813209321229684  -0.2074644889676411
 -0.8189045709017581  -0.4474138825460839  -0.1457447287399261  0.07415572661754556   0.3201179840552475
 0.07641979061962267   0.2706255149943842   0.4447824263472436   0.5495168768919725   0.6489388580284189

46.01438332637506
105.9053738411737
154.8754535119083
185.0222329695528
219.5468068674118

 2.156354225872405
-2.834881941156688

    -0.036025571821254    0.03602185970674931  6.496226263647941e-06 -5.845223370683477e-06 -3.897082924055745e-07
     1.816306215283171    -0.8153712211971905 -0.0005085080096249167 -5.253436556494628e-05  -0.000315085253396935

-0.01708948391037597  -0.0171265128208771  0.03822980285152703   0.6702864731964815    1.890182900397974
  0.5640053808991687    1.568476520091827   -2.731894370246685   -56.22417012362447   -22.24456873718221

cov:
35.84478083991954 24.07529518330363  13.4233592827072 8.169602440042924 1.442748228329645
24.07529518330363 30.20842509393929 34.97819282040541 38.28585094682459 40.86511540213706
 13.4233592827072 34.97819282040541 61.06551715006636 63.34429202132539 73.55218228018586
8.169602440042924 38.28585094682459 63.34429202132539 87.18495037523755   94.654394626629
1.442748228329645 40.86511540213706 73.55218228018586   94.654394626629  122.450071741009

cov.inverse():
  0.7342357864613601   -1.183930737113519   0.1338649988896592   0.1341706744148128   0.2023375054441915
  -1.183930737113519    2.014328930727758  -0.2714581874780896  -0.2409077797552322  -0.3090104200039545
  0.1338649988896592  -0.2714581874780895   0.1258128419371846 0.004089256406028443  0.01028306049415145
  0.1341706744148134  -0.2409077797552332 0.004089256406028531   0.1170265674161104 -0.01410128131291412
  0.2023375054441911  -0.3090104200039538  0.01028306049415141 -0.01410128131291441   0.1136318738311522

cov*(cov_.inverse()):
    0.9999999999999988  4.496403249731884e-15 -5.030698080332741e-17 -4.926614671774132e-16  1.387778780781446e-16
-3.552713678800501e-15                      1  1.665334536937735e-15 -8.881784197001252e-16   1.77635683940025e-15
-3.552713678800501e-15  7.105427357601002e-15      1.000000000000002  8.881784197001252e-16   1.77635683940025e-15
                     0                      0  2.997602166487923e-15     0.9999999999999993  3.552713678800501e-15
-7.105427357601002e-15  7.105427357601002e-15   3.33066907387547e-15 -1.998401444325282e-15      1.000000000000002
