7
2

0.04924929839842457
 0.6725810865183005
  2.711891729606773
     2.856092775759
  4.199762076642406
  8.747661001192993
  14.32787576018303

   -0.4755140431307099     0.8130741975795064    -0.3358514456771175 -0.0003263299012834337 -0.0005126102849625107 -0.0001955633883829273 -0.0003780832839724191
   -0.4873948986019667    0.06339751812180851     0.8440180796002263   -0.07434943934056375    -0.1397999788658656     -0.102460540301105    -0.1024227185773351
    0.1358507583893072    0.09542679849066213     0.0394494212105069    -0.5941744838456908     -0.195031079517313     0.7100225907844805    -0.2750809373361617
   -0.2569847923190225    -0.1855634596779783   -0.08573162004965786     0.5467283903672294     0.2255212761332383     0.3465803778680415    -0.6498348798943381
   0.05436585512803496     0.0177447785048839   -0.03340457186155815      0.444121205764301    -0.8619904145696026     0.1817976708219119      0.149305384615126
   -0.6556064062000957    -0.5004518378515376    -0.2837106917580048    -0.1736388931122496   -0.01489258616782922     0.2152548405618365     0.4031495266192114
    0.1380600938347368     0.2014549907930545     0.2903850860414388     0.3392973528940668     0.3851096872849397     0.5346650560744856     0.5538347333554152

54.23243044309487
86.38097016881646
131.1823689596306
157.9213673422481
 183.723159113466
218.7216571423537
259.7247262255506

 2.496578988547667
-2.394523645928699

  -0.06052843007681788    0.04831832839165316    0.01207640380566259  1.527886165424868e-05  3.789856888394534e-05  4.665183425584625e-05  1.929282465577961e-05
     2.286581230040304    -0.9465429544505074    -0.3360831540710563 -0.0006028727700274506  -0.001021327125404512  -0.001558006259284199 -0.0002353373739987716

 0.000155262104608615   0.01933591359910776  -0.02297659567964088   0.04546837171288639  -0.05028964173617261    0.9251632572246407     1.014045351333347
-0.004230147823075888   -0.6594425160448935     1.519159055910127    -3.133261697799675     2.099569656440818    -71.19246599215468     5.305680424704184

cov:
 37.63797940584599  31.30277452792236  22.46472424271036  17.03003908055105  10.19858631668265  4.534373135370802 -3.275223636954017
 31.30277452792236  27.85324850430211  23.04460037349228  19.57394472083672  15.74498664005524  13.89614582309794  8.300184873276827
 22.46472424271036  23.04460037349228  23.88356570673885  23.15129911283625  23.52090180465346  27.01696987419097  24.51071647279203
 17.03003908055105  19.57394472083672  23.15129911283625  34.45666625474108  22.13258781711892  34.25186107242218    32.696848878718
 10.19858631668265  15.74498664005524  23.52090180465346  22.13258781711892  44.27210652810501  38.88610522222442  40.26142655968747
 4.534373135370802  13.89614582309794  27.01696987419097  34.25186107242218  38.88610522222442  67.50570767462092  64.63953409643196
-3.275223636954017  8.300184873276827  24.51071647279203    32.696848878718  40.26142655968747  64.63953409643196  79.80473772526976

cov.inverse():
     93.76537630255358     -159.4580970985443      64.93970760665995     0.1189683253082924     0.2381442571491048     0.1500073676096659     0.1972461598343628
    -159.4580970985435      272.5766668277295     -112.4613081847321    -0.1380436570353743    -0.1994825323186665   -0.07928764426285592    -0.1318249574500847
     64.93970760665876     -112.4613081847306      48.08183032081229    -0.1021849605231425    -0.1910413423214284    -0.1643105544270989    -0.1343869495351802
    0.1189683253083569    -0.1380436570354854    -0.1021849605230958       0.10904973084023    0.03288384835613607   -0.01229594994869062 -0.0006850019246797935
    0.2381442571492345    -0.1994825323188888    -0.1910413423213358    0.03288384835613614    0.09757125322811548    0.01453502222123884    0.01472575032610013
    0.1500073676097739   -0.07928764426304109    -0.1643105544270218   -0.01229594994869055    0.01453502222123881     0.1103689153678411   -0.02682269307337842
    0.1972461598344685    -0.1318249574502658    -0.1343869495351049 -0.0006850019246797321    0.01472575032610016    -0.0268226930733784    0.09018814544332167

cov*(cov_.inverse()):
    0.9999999999994583 -3.733124920302089e-13 -6.652456363553938e-13  1.808449223705821e-16  2.706168622523819e-16 -8.604228440844963e-16                      0
-7.016609515630989e-13     0.9999999999998497 -5.990763440877345e-13 -3.408731630294426e-16 -4.718447854656915e-16 -8.326672684688674e-17  1.110223024625157e-16
-7.371880883511039e-13  2.327027459614328e-13     0.9999999999995213 -5.412337245047638e-16 -9.992007221626409e-16  1.110223024625157e-16 -4.440892098500626e-16
 -5.17808018685173e-13  3.028688411177427e-13 -1.367794766338193e-13     0.9999999999999997 -7.216449660063518e-16  2.220446049250313e-16  4.440892098500626e-16
-5.906386491005833e-13 -6.146194664324867e-13 -3.375077994860476e-13 -4.302114220422482e-16     0.9999999999999996  1.110223024625157e-15                      0
-2.327027459614328e-13 -8.455458555545192e-13 -4.440892098500626e-14 -1.873501354054952e-16 -1.110223024625157e-16                      1                      0
 3.019806626980426e-14 -1.225686219186173e-13   1.06581410364015e-13 -5.551115123125783e-17  2.220446049250313e-16                      0      1.000000000000002
