6
2

0.5133251854946655
 2.256176922771304
 2.446354399059838
 3.464711694089145
 7.401403451709903
 12.06803791966035

 -0.4813070582456598   0.8556899527478957 -0.07438804663933073  -0.1182351918401351 -0.08869117932061329 -0.09358927870030481
 -0.3482881266098444  -0.1442822905125323   0.7602927891423553   0.3180516961803677  -0.3889310847830465  -0.1655554473023292
 -0.1747781565747679 -0.08374281150539951  0.07733534952407861   0.0780703899050789   0.6940196187344191  -0.6846172392302768
 0.01166580690432908 -0.03909117653220013   0.4704367049807913  -0.8554215185705022   0.1692500518284204   0.1289710858914813
 -0.7783657697594748  -0.4117919322969807   -0.258469582836354 -0.04949435010526876   0.1486937290181259   0.3649768375782249
  0.1024799002041442   0.2624190376942569   0.3497475065880082   0.3802274412264053   0.5553808150437806    0.587613855831333

44.78985219942605
103.5643436412461
133.1238559963507
154.5038581347163
183.9395147130687
218.6267731566686

 2.109568721817127
-3.042078637893742

  -0.03584514498087588    0.03579434659061652  1.925485437879884e-05  2.351638479526413e-05  7.482124397481527e-07  1.350414810028086e-05
      1.81295469230999    -0.8110255752457155 -0.0004125840461557152 -0.0007339073448212191 -0.0001779765333965785 -0.0006544821771747554

 0.01261541558077659  0.03736071299458659  0.01952209691219649 -0.02192686859987659   0.7208990842801295   0.8365038371748906
 -0.4127453848404199   -2.620420096434668   -1.488454055244338   0.6382971308480521   -59.01480398347972   -4.069682952974266

cov:
 35.58158730322306  21.70457107754836   14.8874587064024  7.034945156564322  1.947343595492887 -5.752787622526585
 21.70457107754836  19.67768408791023  18.36262035679324  15.75010081718222  17.70970986850551  14.60729234592344
  14.8874587064024  18.36262035679324  27.11093778170005  16.50679805696613  25.95722417395432  24.53573009859663
 7.034945156564322  15.75010081718222  16.50679805696613  30.52856559955204  28.31064636187028  29.64042158354586
 1.947343595492887  17.70970986850551  25.95722417395432  28.31064636187028  50.13130727729318  48.25012379337056
-5.752787622526585  14.60729234592344  24.53573009859663  29.64042158354586  48.25012379337056   60.7309442575312

cov.inverse():
   0.9192203026837087    -1.544664973609392    0.0859721407474212    0.1920631713556205    0.1667862642808756    0.1976220139960923
   -1.544664973609392     2.787695781123301   -0.2631562222158466   -0.3902175815378553   -0.2873682961747898    -0.291751058233004
  0.08597214074742104   -0.2631562222158463    0.1560523437189593   0.04951472969072993  -0.01681957998954401  -0.00241013040028078
   0.1920631713556205   -0.3902175815378554   0.04951472969072998    0.1359383561233916   0.01380367327597896    0.0147328806601268
   0.1667862642808758   -0.2873682961747901  -0.01681957998954391   0.01380367327597905    0.1449596699664771  -0.03019267020650792
   0.1976220139960921   -0.2917510582330037 -0.002410130400280807   0.01473288066012676  -0.03019267020650795    0.1231302453392053

cov*(cov_.inverse()):
    0.9999999999999929  5.773159728050814e-15 -4.076600168545497e-16 -1.040834085586084e-15 -4.718447854656915e-16  4.440892098500626e-16
                     0     0.9999999999999973  2.220446049250313e-16  8.326672684688674e-17  9.436895709313831e-16                      0
 -1.77635683940025e-15                      0     0.9999999999999997   1.27675647831893e-15 -2.220446049250313e-16  4.440892098500626e-16
                     0  -1.06581410364015e-14  7.216449660063518e-16                      1                      0  8.881784197001252e-16
-3.552713678800501e-15 -3.552713678800501e-15 -5.828670879282072e-16  2.220446049250313e-16     0.9999999999999998  -1.77635683940025e-15
-5.329070518200751e-15  7.105427357601002e-15 -6.661338147750939e-16  6.661338147750939e-16 -2.220446049250313e-16     0.9999999999999982
