5
2

0.5905126918684488
 2.746264511728668
 2.828028630220703
 6.561611716922088
 13.22300602769833

 0.5813654483074059 -0.8016443091627942 0.01861805844178505 0.09478853546704821  0.1002452918849849
0.01542325776814234 0.02646407953019783 -0.3630309836643422  0.7638785943039965 -0.5326910677665687
 0.3910094973701754  0.2910634777673096 -0.7869089253675715 -0.1495908683495334  0.3475493348570937
-0.6886487215592801 -0.4319059529066718 -0.3408312741135428  0.1732715121067774  0.4393531743562549
 0.1861473875595293  0.2922419440041149  0.3639646391650587  0.5959061854913285  0.6263939302069269

86.45330062855284
131.1656710887697
157.9191257218383
218.7544157920365
259.7537698553098

 2.497810869214209
-2.370051693553938

  -0.05555369366415673    0.05519544506739453  8.228071345073393e-06   9.40732991376301e-05  0.0001467760639167369
     2.980361595972458     -1.967585944283665 -0.0003957288014314973  -0.003297742638082293  -0.005193439488416413

-0.02668303948621179 0.004484190261619647  -0.0449967499323988   0.6241096276107629    1.038638848178655
   1.153915416688634 -0.04308259263394421    4.731922526794753   -51.89511103360746   -4.473820992352488

cov:
 27.8191995426199 23.06835275766547 19.45236961501797 13.89808462191505 8.406110818421112
23.06835275766547 23.87142134909532 23.02631711913652 27.00519989415592 24.51206985225718
19.45236961501797 23.02631711913652 34.11013873792191 34.23047862704721 32.68733280827212
13.89808462191505 27.00519989415592 34.23047862704721 67.96476987985307 65.06206626349174
8.406110818421112 24.51206985225718 32.68733280827212 65.06206626349174 80.02552716369149

cov.inverse():
   0.9996201685165111    -1.315007211854068 -0.002335111095079651    0.1501441733262706      0.17667198981231
   -1.315007211854068     1.858420246060255  -0.06868593407025984   -0.2214168392910909   -0.2230367498097073
-0.002335111095079603  -0.06868593407025991   0.09934922246276205  -0.01712094805913762 -0.005376699667963826
   0.1501441733262703   -0.2214168392910905  -0.01712094805913763    0.1086610454188716  -0.02930086963196232
   0.1766719898123102   -0.2230367498097076  -0.00537669966796383  -0.02930086963196223   0.08827299749819448

cov*(cov_.inverse()):
    0.9999999999999991  8.215650382226158e-15 -5.551115123125783e-17  -3.33066907387547e-16  4.440892098500626e-16
-2.664535259100376e-15      1.000000000000006  -3.05311331771918e-16  6.661338147750939e-16                      0
 2.664535259100376e-15  3.552713678800501e-15                      1  7.771561172376096e-16 -8.881784197001252e-16
                     0   1.77635683940025e-15 -1.110223024625157e-16      1.000000000000001                      0
-5.329070518200751e-15  3.552713678800501e-15 -5.551115123125783e-17  8.881784197001252e-16     0.9999999999999991
