5
2

0.03485354596247935
0.06326379843027836
  1.200736766692243
  5.137240126473687
  9.321136938804131

    0.4097868681891617     -0.800821689374157      0.434579615480538   -0.04358747140025632 -0.0001861004027479934
    0.3078175316225646    -0.2455709864384716    -0.6808407819507575     0.6175749366613223  0.0005339343335017647
     0.497795972201997    0.07076943713765843    -0.4057927936845867    -0.6676584761262878       0.36980430592013
   -0.5420210389908322    -0.4878630604328241    -0.4276847174318216    -0.3950203657213692     -0.359510112092881
    0.4424199964245258     0.2352888299088907   0.003791900630359832    -0.1220344208277905    -0.8567362108062563

48.75727818743268
78.28978444302284
111.2517224786141
129.1187006646209
 221.009532646098

 2.265902033755268
-2.462942649200334

  -0.04280626156221692    0.01423972250394427    0.02506981632510955    0.00344685513522251 -1.456466159582316e-05
     1.824945536487961   -0.07772063161742659    -0.6167638848911652    -0.1289893226748739  8.072653166413257e-05

-2.210920678969747e-05 -0.0001265259704813959   -0.04726248747813466     0.1102240697267746     -1.381535424800993
 0.0006652909290349947   0.003686500615009447      1.786898384498703     -16.79899761355498      69.71877284159642

cov:
 25.11745131816586  16.07305556799183  5.971755404555375 0.4812806766040986 -27.52405503649425
 16.07305556799183  11.09957717045487  5.542931897910691  2.522603638011952 -12.84749904031846
 5.971755404555375  5.542931897910691   5.06807910906613  4.807354844591069  3.559222618081866
0.4812806766040986  2.522603638011952  4.807354844591069  6.056245394451316  12.47573778742918
-27.52405503649425 -12.84749904031846  3.559222618081866  12.47573778742918  67.38046281759664

cov.inverse():
   162.0958156244271    -288.998073831279    94.10505426532107    32.57098947791542   0.1089887499030137
  -288.9980738312819    543.0123817953853   -244.7285914609135   -9.184061334912485   0.1124011792819114
   94.10505426533098   -244.7285914609297    271.4096959775248   -120.4558819292881  -0.2556999638719815
   32.57098947790809   -9.184061334898534   -120.4558819292948    97.17394980235092 -0.07559951430281245
   0.108988749903313   0.1124011792813404  -0.2556999638717026 -0.07559951430281983   0.1082975524456233

cov*(cov_.inverse()):
     1.000000000000001  8.113509863960644e-13  2.380318164796336e-13  1.127986593019159e-13 -4.440892098500626e-16
-7.571721027943568e-14      0.999999999999108 -1.918465386552271e-13  9.481304630298837e-14  4.440892098500626e-16
 1.482147737874584e-14 -6.439293542825908e-14      1.000000000000035 -2.625677453238495e-14 -4.996003610813204e-16
 3.352873534367973e-14  1.154631945610163e-14 -2.606803661819868e-13      1.000000000000086 -2.220446049250313e-16
 5.844214001626824e-13  4.218847493575595e-13 -6.359357485052897e-13   -1.4210854715202e-14                      1
