5
2

0.5131333050718645
 2.306007886001913
 2.411741126979281
 7.257560774955913
 12.24237815988889

  0.5028007454584391   -0.840154329452973    0.103044119149609   0.1073009514883989    0.138565971241963
  0.1919290154207104  0.09827145972968156  -0.2933641757301214  -0.6758028854828688   0.6408852421560737
   0.176332438487922  0.08260539226463773  -0.8344372094982651   0.5079560418762546  0.08819536967361605
 -0.7645513796581741  -0.3503631766072917 -0.01526780532543005   0.2108333908208014   0.4980190837467756
  0.3077705678029661   0.3935802542690316   0.4547535678058622   0.4788600073289946   0.5605926747581337

39.80726211284487
89.81955588086966
129.7531944382527
155.6218945510973
184.8824665902396

  1.794595077964539
-0.9154991552711068

  -0.03584706940070258    0.03579925429774738  1.563763433115269e-05  2.900296060064415e-05  1.104959666847478e-05
     1.814070298740765    -0.8124224823851863 -0.0006950209464055279  -0.000738818965683799 -0.0004006357092245783

-0.01266358058460593 -0.01796923408122594 -0.01955000595976077   0.7835285549609911   0.4622770868852528
  0.4198331168236273    1.429290423658495    1.471214372101936   -58.07907853291623    35.62091958035989

cov:
45.42888917294929 32.33794643147426 20.44982886032798  13.4436144546552 6.566038350814127
32.33794643147426 29.95921815715739 26.52981104276909  24.2234349507993 24.22432515199545
20.44982886032798 26.52981104276909 35.51710866379604 31.05971245892849 36.38348291983008
 13.4436144546552  24.2234349507993 31.05971245892849 40.64130952426974 43.72534896543104
6.566038350814127 24.22432515199545 36.38348291983008 43.72534896543104 62.39895931637108

cov.inverse():
  0.9841356435998518   -1.592388241336854   0.1620403440744102   0.1938293016756625   0.2843286554135651
  -1.592388241336853    2.687112071201712  -0.3447687457622445  -0.3477950563101445  -0.4308797227847413
    0.16204034407441  -0.3447687457622443   0.1776033343588025 0.007794753558473542 0.007775304103495274
  0.1938293016756627  -0.3477950563101448 0.007794753558473521   0.1763457632743382 -0.01349334072121685
  0.2843286554135649  -0.4308797227847411 0.007775304103495363 -0.01349334072121698   0.1583033779149169

cov*(cov_.inverse()):
     1.000000000000003  -8.43769498715119e-15  4.510281037539698e-16 -2.914335439641036e-16 -2.220446049250313e-16
 7.105427357601002e-15      0.999999999999984 -9.436895709313831e-16  -3.33066907387547e-16  1.332267629550188e-15
  1.77635683940025e-15 -7.105427357601002e-15      1.000000000000001 -1.387778780781446e-15 -2.664535259100376e-15
 5.329070518200751e-15  3.552713678800501e-15 -1.665334536937735e-16                      1 -8.881784197001252e-16
-3.552713678800501e-15 -3.552713678800501e-15 -2.386979502944087e-15 -2.664535259100376e-15     0.9999999999999964
