6
2

0.04858417847369432
 0.8393555813090983
  2.802647704656096
  3.650907753850346
  8.005786738579175
  19.27573761133891

   -0.4894278819950219     0.8110318582320111    -0.3204487145411282    9.4459265189519e-05 -0.0005166024940732756 -0.0001371380582104445
   -0.4502901070848596    0.06265548498456017     0.8466293430457336    -0.1053841249728817    -0.1626832968201553    -0.1973833739103431
   -0.1856683808368225    -0.1427937481267831   -0.07753410183675362     0.8345378555240726     0.1000484614078666    -0.4823510484832661
   0.03262899356440967    0.01944503723219955   0.000638735540103677     0.3571940041381347    -0.8295816176567211     0.4275086132193675
    -0.716801514539204    -0.5313144278939679    -0.2502749086131243   -0.08308117727984589     0.1044519273618275     0.3513550205090231
   0.09141858497090341     0.1877190183991214     0.3344875214875115      0.397430127655152     0.5142064934867752     0.6497409376900721

53.80491942917569
84.38927003468049
130.7886124209978
157.3234644809917
185.7018859739723
220.3298754318122

   2.375448404433488
-0.08587250174050391

  -0.05735933417141743    0.04389957734233481    0.01335511020375175  1.136330378752239e-05  4.012211549883973e-05  2.197159474297012e-05
     2.200331569643993    -0.8271583475131377    -0.3702324994527316 -0.0003187280671441972   -0.00104018416471173 -0.0007687641742473161

0.0001402033372857295   0.02809170055543058   0.02630310829394075  -0.01371901327636565    0.9267342076229684     2.787999412585211
-0.003845397765109943   -0.9551208945298549    -2.055708755810077    0.7450237894249367    -67.00320891672098    -29.39785691174841

cov:
36.46466459550145 30.98161647218347 22.70471230807879 16.28807317308142 12.21222794934273 6.879878823963691
30.98161647218347 31.35552831699872 31.97633952166722  29.7009460990471 31.97340244891263 33.99627326068424
22.70471230807879 31.97633952166722  46.1372310627948 50.15731578510238  62.0651656192394 75.29359248206896
16.28807317308142  29.7009460990471 50.15731578510238 66.30860572155746 72.09322452754238 92.96239633529963
12.21222794934273 31.97340244891263  62.0651656192394 72.09322452754238 108.2116988981102 121.4051086876373
6.879878823963691 33.99627326068424 75.29359248206896 92.96239633529963 121.4051086876373 169.0597929676445

cov.inverse():
   101.7819980428727    -168.196131376685    65.90786222565822  0.02994498090580881   0.2056574250871498    0.163270587168744
   -168.196131376685    278.6800544556068   -110.0259706212915 0.009323081582999463  -0.1956057486912046 -0.05786618624193722
   65.90786222565819   -110.0259706212914    44.52326536621062  -0.1470036444665052  -0.1263377173553481  -0.2145861242152362
 0.02994498090580226 0.009323081583010718  -0.1470036444665102     0.11453796020732  0.01312718769595098 -0.01003175409572002
  0.2056574250871737  -0.1956057486912443  -0.1263377173553319  0.01312718769595078  0.09146687881177079   0.0143292955370536
  0.1632705871687579 -0.05786618624196028   -0.214586124215227 -0.01003175409572007  0.01432929553705365   0.1017027107985798

cov*(cov_.inverse()):
    0.9999999999999467  -3.51385587293862e-13  2.087219286295294e-14   9.71445146547012e-17  3.191891195797325e-16  2.220446049250313e-16
-4.334310688136611e-13      1.000000000000694 -2.318145675417327e-13  6.106226635438361e-16  2.220446049250313e-16  4.440892098500626e-16
   1.4210854715202e-14  7.034373084024992e-13      1.000000000000224  1.332267629550188e-15 -1.110223024625157e-15                      0
 1.097788526749355e-12  2.895461648222408e-13  8.881784197001252e-14      1.000000000000001 -8.881784197001252e-16  -1.77635683940025e-15
 9.947598300641403e-13  2.406963517387339e-13  4.511946372076636e-13  8.881784197001252e-16      1.000000000000001  -1.77635683940025e-15
 2.486899575160351e-14  1.174171870843566e-12   1.27897692436818e-13  2.664535259100376e-15 -2.220446049250313e-15      1.000000000000004
