6
2

0.05135007890655648
 0.1120001385848731
   1.59579592725778
  3.813038045023449
  7.416268031156347
  18.41668617979417

   -0.4643626770133663     0.8438537930563924    -0.1734059751282623     -0.205446120204716  0.0003926942390717853 -0.0004305986521041702
   -0.1757048886869063   -0.06795771340162349     0.8054919464887962    -0.5618646675363729 -0.0005992875947493339 -4.063317195958549e-05
   -0.4710519470814298   -0.01816675919027296     0.3689441750068952      0.678759596264082    -0.2941600701115147    -0.3072710389399017
     0.169054668718011    0.09611605343068373    0.03233357968489791    -0.0172945987180268    -0.8264995428209403     0.5270067982998627
   -0.6872783200222489    -0.4476973491321795    -0.2437523391031929   -0.08053208922441536     0.1168334384768948     0.4976594436438972
    0.1751404843299638     0.2707236263184537     0.3528918027759649       0.41785269773788     0.4655295835583854     0.6165900049954698

63.80512463558212
100.1123518347408
131.1177499874773
155.7260711776055
186.7592418326502
220.5213212918564

  2.825553146149473
-0.2959941297029628

  -0.06195423265690644    0.04909961988959684   0.005345246398117601   0.007440769050557149   7.96590407705234e-06  3.290121756147242e-05
      2.32713052667561    -0.9738025131670626    -0.1402631229792839    -0.2113255496840491 -0.0001184118890369987 -0.0008128549610556513

0.0001786361709949341 9.626045117640448e-05   0.08989836411849149  -0.08286635336998879     1.029245224014924     2.530636255421164
-0.004837636808220104  -0.00422677611625523    -3.242827088812933     4.341470681917173    -61.19568560782193     1.894777046252627

cov:
37.36525411927931  33.2624080328992  29.8123115652655 27.01072928592188 21.55889094009467 19.47929723678318
 33.2624080328992 36.01963256688235 38.43256577124119 40.29574062780849 38.72782034680444 45.11324717757248
 29.8123115652655 38.43256577124119 45.87622306207905 51.71723088349644 53.48882599197049 67.08791210391703
27.01072928592188 40.29574062780849 51.71723088349644 60.75849966191957 65.15901243921655  84.5182200628946
21.55889094009467 38.72782034680444 53.48882599197049 65.15901243921655 84.40802347915394 94.45213854989025
19.47929723678318 45.11324717757248 67.08791210391703  84.5182200628946 94.45213854989025 146.8487331015542

cov.inverse():
   84.33611199641567   -147.6459325709415    19.19068880772707    43.92590577076127 -0.01717893829394695    0.133465438670172
  -147.6459325709424    270.4277639597803   -59.85831631008949   -62.70810317463611   0.1249741913807642  -0.1354652840601681
   19.19068880772907   -59.85831631009275    63.18186232337477   -22.46925803534905  -0.1087960436901886 -0.01920087366592271
   43.92590577076003   -62.70810317463354   -22.46925803535034    41.35540930555169  -0.0807731076684835 -0.04712604466318767
-0.01717893829392108   0.1249741913807238  -0.1087960436901937 -0.08077310766846395  0.08193665563484559 0.007376627573670269
  0.1334654386702173  -0.1354652840602452 -0.01920087366591776 -0.04712604466316087 0.007376627573670217  0.06187240018982518

cov*(cov_.inverse()):
     1.000000000000038  3.432809592140984e-13 -3.141931159689193e-14  4.618527782440651e-14 -2.775557561562891e-17 -1.332267629550188e-15
  5.32018873400375e-13       1.00000000000031  4.176659018639839e-13   1.06137321154165e-13 -4.996003610813204e-16 -8.881784197001252e-16
-2.522426711948356e-13 -3.019806626980426e-13      1.000000000000008 -6.883382752675971e-14  1.054711873393899e-15                      0
 3.623767952376511e-13  4.192202140984591e-13  9.325873406851315e-14     0.9999999999998703  4.440892098500626e-16                      0
 1.270095140171179e-12  4.263256414560601e-14  4.785061236134425e-13  3.881339694089547e-13                      1                      0
 8.810729923425242e-13 -1.424638185199001e-12  2.842170943040401e-13  4.272138198757602e-13 -2.220446049250313e-16                      1
