5
2

0.9700597122285162
 3.240797314708287
 4.452372306918119
 6.836504139996764
 21.94445444552074

 -0.4143593683502174   0.8672470809888931 -0.09374386631712968  -0.1635826307909145  -0.2015976805622856
 -0.2974480430740098  -0.1399238274882098   0.8562380010359169  0.01183550278698495  -0.3983244790723869
-0.09819459043965008 -0.02879973031920781  -0.2700306910453604   0.8328108732171297  -0.4722688569944212
 -0.8485217760804378  -0.3301531716919092  -0.1764134925429999  0.04208483743000827   0.3716407201133157
   0.100993036678478   0.3441994796228033   0.3924669140861172   0.5270251983417057   0.6629790995427063

64.09824867083788
155.6857971551511
186.7715072601142
220.4462014261513
261.4060335847066

   2.827032243074814
-0.04395387862590872

   -0.0309019965403215    0.03074768693516633  1.103971593735282e-05  7.136136960520434e-05  1.172497124531449e-06
      1.70200976923659    -0.6982919346650869 -0.0002240812064910891  -0.001637707201093949 -0.0001681521194708546

0.03713006566806797 0.05145552003815099 0.04370670975115958   0.751125904762399   3.614183093280333
 -1.233213055384264  -4.292439648722863  -2.938683264894543  -56.72756774105234  -33.47949181483801

cov:
39.84435548907656 29.98809238822833 23.97076807598056 22.36808475340396 19.74715040247091
29.98809238822833 63.07618283587958 66.59384249553176 86.07993197777283 104.8461922811175
23.97076807598056 66.59384249553176 84.78301545713128 94.92150173968341 121.1999113904828
22.36808475340396 86.07993197777283 94.92150173968341 147.6142888832737 161.1756431880605
19.74715040247091 104.8461922811175 121.1999113904828 161.1756431880605 224.2464293420874

cov.inverse():
   0.2067921239615171   -0.3717050967497008   0.02165163190330653   0.06691669458775154   0.09578209016059828
  -0.3717050967497007     0.803745437606719  -0.09588332572656905   -0.1520471222171872   -0.1819524576827317
  0.02165163190330634  -0.09588332572656864   0.08380755002198846  0.006187368266571843 -0.006819627527555205
  0.06691669458775164   -0.1520471222171874  0.006187368266571924   0.06405185303104304   0.01581581786788934
  0.09578209016059828   -0.1819524576827318   -0.0068196275275551   0.01581581786788929   0.07341482630031283

cov*(cov_.inverse()):
    0.9999999999999991 -4.440892098500626e-16 -8.326672684688674e-17  3.885780586188048e-16                      0
                     0      1.000000000000007 -7.771561172376096e-16  2.220446049250313e-16                      0
  1.77635683940025e-15                      0     0.9999999999999992  6.661338147750939e-16                      0
  1.77635683940025e-15  7.105427357601002e-15  6.661338147750939e-16      1.000000000000001                      0
                     0  7.105427357601002e-15 -1.332267629550188e-15 -8.881784197001252e-16                      1
