5
2

2.065860757043176
2.418383558779738
3.463490940383569
5.711278659633784
11.82085540575557

  0.5749969793619701  -0.6841102043027669  -0.3100728472409866   0.1751494539159026   0.2730369943620555
  0.1267234037793215   0.1413108895821954  0.01549885605587038  -0.7753312616615092   0.6021574807070019
-0.01054268262764958   0.4713627151687163  -0.8575977762013358   0.1636160676979443    0.124345805065444
 -0.7932230594373859  -0.4118713057049416  -0.1352843264907689   0.1129036309967478   0.4124440890925562
  0.1549376728849336   0.3467040223879686   0.3870901963693855   0.5732945630146385   0.6142354290282914

71.98216387003956
133.1197294845007
154.4992339038747
 183.936950727812
 218.619194782872

 2.109727050385565
-3.042564996819067

-0.01944728575590235 0.003695131771898483 0.006047248850434183 0.004665501996037543  0.00507145943723416
   1.692473265924356    -0.13136940253708  -0.2151069864222317  -0.1661812512355278  -0.1808387827261518

-0.05711673045756793 -0.01410695253236647 -0.02213660271399629   0.5122592730875591   0.8940942184816385
   4.486524771222873     1.24299983086386   0.6601626974041391   -44.12166653148265   -10.19106790222405

cov:
25.38443228050736  16.5291504502348 11.23981655855834 9.324961210647794 3.727149359604379
 16.5291504502348 27.10913905459983 16.63936654457624 26.02990760684402 24.61969099133441
11.23981655855834 16.63936654457624 30.76866122180099 28.52551421296948 29.81748003175616
9.324961210647794 26.02990760684402 28.52551421296948 50.30911178669135 48.44169311543866
3.727149359604379 24.61969099133441 29.81748003175616 48.44169311543866 60.89211130715557

cov.inverse():
 0.09968565375109886 -0.07912208265635795 -0.03696743859166318 0.004544726414063099  0.04037533716702817
-0.07912208265635791    0.137657388693776  0.01904820769730361 -0.04038308364739465  -0.0280155692345654
-0.03696743859166318   0.0190482076973036  0.08551373466707025 -0.02535731211014246 -0.02714030982504922
0.004544726414063131 -0.04038308364739469 -0.02535731211014246   0.1149463624030484  -0.0629773712211278
 0.04037533716702815 -0.02801556923456537 -0.02714030982504921  -0.0629773712211278  0.08866888938002664

cov*(cov_.inverse()):
     1.000000000000001 -4.718447854656915e-16 -1.942890293094024e-16  2.775557561562891e-17 -5.551115123125783e-17
 4.440892098500626e-16     0.9999999999999993  1.110223024625157e-16  2.220446049250313e-16 -4.440892098500626e-16
                     0                      0                      1  4.440892098500626e-16 -4.440892098500626e-16
 4.440892098500626e-16  2.220446049250313e-16  2.220446049250313e-16     0.9999999999999996 -8.881784197001252e-16
                     0  4.440892098500626e-16  4.440892098500626e-16                      0     0.9999999999999991
