6
2

 0.035174082832064
0.4453838541195655
 1.291588764972732
 2.044727099198992
  4.67178545701765
 7.166190799425934

    0.4398159852536304    -0.8154742327901093     0.3762488347898395  -0.000698921819132953 -1.207628993507923e-05 -2.127212097914551e-05
    0.5184098167965289   -0.09705341976895872    -0.8160183449981601      0.171234955449504     0.1144542842792716     0.1162960146734608
   -0.1625587604957925   -0.08084386733186742     0.0164399803463036     0.8926422208385747    -0.3737519494245619    -0.1739769853309012
     0.220083131182196     0.1387898607302448     0.0432008168628094    -0.1862943764997716     -0.802396455978814     0.5018852578698699
   -0.2520905839144171   -0.09903666792290984    0.08058613677019025     0.2666601860107078     0.3809360678846005     0.8390041763008249
    0.6319822491345526      0.538494003166764     0.4288591446790049     0.2608729913160237     0.2413655662742313    0.01975917954792382

33.76111299015707
56.42868272581985
82.96426824449323
112.9120819834844
130.5977185238407
 182.624388554245

 1.765035372708408
-6.311427295295826

  -0.04084669624081807   0.009302198384351467    0.03148283630455441  3.354334507762883e-05  1.645507694323029e-05  1.332997668755101e-05
     1.761011955585754    0.09628408370138442    -0.8553244619735416 -0.0001875002795222735  -0.001422108386478133 -0.0007731519143710439

-1.695651249615903e-05  -0.009473904673708422    0.01072155265157427   -0.02655419027416082     0.2605818305463052     -0.374399535561402
 0.0004629530912592538     0.3176361613186711    -0.5131634156776228      1.525068285976357      -11.4287003218755      40.95789906955285

cov:
  22.19813403988478   18.16093112896849   13.42681895854128   6.603585357507332   5.112401606936088  -3.453989125575427
  18.16093112896849   15.19970147956443   11.72365298141058   6.405999394734004   5.433909543389334 -0.9546629020085975
  13.42681895854128   11.72365298141058   9.727346232494938   6.177530131254921   5.812077033037286   1.977898286463598
  6.603585357507332   6.405999394734004   6.177530131254921   6.527024721183616   5.522916103024291   4.501699542481703
  5.112401606936088   5.433909543389334   5.812077033037286   5.522916103024291   9.086391141930259   5.647941132507084
 -3.453989125575427 -0.9546629020085975   1.977898286463598   4.501699542481703   5.647941132507084   16.48998675673648

cov.inverse():
    157.7424073532471    -290.1223222940546     131.6245445588628    0.1023850454273715     0.287573443817406    0.3302898812594621
   -290.1223222940527     537.5577159354135    -247.5892240971839    0.3289769844187154   -0.0557598634927646  -0.02138644672940855
      131.62454455886    -247.5892240971805     117.7820723264408   -0.9069200777207596   -0.4830535233213398   -0.4781399283062553
   0.1023850454276953    0.3289769844181191   -0.9069200777204882    0.6387393186278393  -0.05955162599376764 -0.004704297084545465
   0.2875734438176844  -0.05575986349328073   -0.4830535233211015  -0.05955162599376826    0.3115538914465226   0.02449485895015569
   0.3302898812597034  -0.02138644672985605   -0.4781399283060488 -0.004704297084546022   0.02449485895015575    0.1788324520742962

cov*(cov_.inverse()):
    0.9999999999993856  7.319006511963266e-13 -5.244693568329239e-13 -1.030425744730223e-15 -1.540434446667405e-15  2.220446049250313e-16
-4.611311332780588e-13      1.000000000000919 -5.785927292834003e-13  4.336808689942018e-17  9.367506770274758e-17  2.026157019940911e-15
-4.889422200449189e-13  7.231160115139801e-13     0.9999999999999533  -1.28196064874686e-15 -5.551115123125783e-17  5.551115123125783e-16
-3.066435994014682e-13   4.51541581902859e-13 -4.574118861455645e-14     0.9999999999999994 -4.163336342344337e-17  5.551115123125783e-16
-8.770761894538737e-14  3.549521787604704e-13  2.531308496145357e-14  -2.42861286636753e-17     0.9999999999999998  2.220446049250313e-16
 8.260059303211165e-14  5.939693181744587e-14 -1.163513729807164e-13  2.498001805406602e-16  6.106226635438361e-16                      1
