5
2

2.646961973052325
2.749865278274222
4.204790689556527
6.867607433530956
13.61828284988832

 -0.4227171122079693   0.7333691804966224    0.232754735274852  -0.4752846970010337 -0.05839159312809483
 -0.2899949172557701   0.1631644802878354  0.07421518610674908   0.6315785100637341   -0.696333965935193
 0.04628012771470943   0.4303246042599065  -0.8709244561291868   0.1778892216744103   0.1500829812984071
  -0.853619079019825  -0.3629770372861954  -0.1502791280785957  0.08482513419464867   0.3313653853513947
 0.08003629629380594   0.3444058693483659   0.3990289647861313   0.5799768649206983   0.6159395342502645

54.10613645079837
 157.918508409586
183.7470501271453
218.6801331701945
259.6638891188773

2.495590582681303
-2.49886116433913

-0.01613060853384001 0.003108709197013791 0.005288517261610432 0.003756403405838351 0.003621113720546407
   1.366323629118177 -0.07062712759579806   -0.119992621786478   -0.085610244231764 -0.08182585887452064

 0.05838186983232333   0.0410488039848546 -0.04955743495680768   0.6303378789604007     1.16818077023522
  -4.286701038527778   -3.128658801930387    1.941924990269047    -54.5700895873273   -11.66550521832882

cov:
 37.48057387031744  17.54790393341304  10.40844839715395  5.361975401263961 -2.375492672017063
 17.54790393341304  35.45569351004735  22.72106691540849  35.28305204539407  33.65161426518167
 10.40844839715395  22.72106691540849  44.42633745502325  39.15897539530161  40.43570212504456
 5.361975401263961  35.28305204539407  39.15897539530161  67.88085003285308  64.91774020435193
-2.375492672017063  33.65161426518167  40.43570212504456  64.91774020435193  79.62663625083543

cov.inverse():
 0.05223040973312536 -0.04265914480094679 -0.01627658849075423  0.00363485703248258  0.02488878990653191
 -0.0426591448009468  0.09419019299125737 0.006664022662354344 -0.03136676249377433 -0.01889058354722662
-0.01627658849075422 0.006664022662354305  0.05269941854789347 -0.01737560697815962 -0.01589760596755707
0.003634857032482584 -0.03136676249377433 -0.01737560697815965  0.08874854986971299 -0.05016642489993197
  0.0248887899065319  -0.0188905835472266 -0.01589760596755707 -0.05016642489993198  0.07025718817546414

cov*(cov_.inverse()):
                     1  6.938893903907228e-18  -4.85722573273506e-17   9.71445146547012e-17 -2.220446049250313e-16
-1.110223024625157e-16     0.9999999999999999  4.440892098500626e-16 -4.440892098500626e-16 -4.440892098500626e-16
 2.220446049250313e-16 -4.440892098500626e-16     0.9999999999999998  4.440892098500626e-16  4.440892098500626e-16
 4.440892098500626e-16 -2.220446049250313e-16                      0     0.9999999999999987  8.881784197001252e-16
                     0                      0                      0                      0                      1
