6
2

0.05520621214403323
 0.1279847675773879
  1.872211144685715
  3.171828455139588
  5.963045040483575
  13.10711296687092

   -0.4659901658350392     0.8434344293426964    -0.1731239682488315    -0.2037144871354882 -0.0001550650075907172 -6.362499461218524e-05
    0.3250283262820213      0.106027960742723    -0.8441722861879376     0.4129015891548569  0.0002803492192703009  9.468361926468437e-05
   -0.4465572629467106   -0.01268814092338418     0.2122136279517456     0.7888591035046408    -0.2106441811038244    -0.2978612796017028
   0.07611473870523891    0.04253540730886699    0.02517684810191196   -0.01887786299518771    -0.8767046029542261     0.4720127937293266
   -0.6869563294779457    -0.5107117009373987    -0.4197953158143989    -0.1864399039571866    0.03394687936344133      0.234785485773771
  0.009690784844623532    -0.1207466093549095    -0.1884267446556067    -0.3613831605423032    -0.4311212994814982    -0.7958381388993113

69.28581118019372
109.6353658229225
130.4614755072341
183.6615800429143
 220.127424469458
262.6864868008088

 3.273093149661984
-5.126872079942945

  -0.06848500306493599    0.05915975160531443   0.003341431641730621   0.005935814639074159  1.914556677338423e-05  7.837450971564033e-06
      2.49069121643473     -1.227931160268134   -0.09451763871916942    -0.1673648807708781  -4.43895135381206e-05 -0.0003233194114400928

 0.0002438882044215731 -0.0002679261738637555     0.1234420820510613   -0.02753908184785088     0.5093929255980315     -1.820393038654297
 -0.006539990218976614    0.01130282746645669      -4.37668601537036      1.388488251550821     -36.02275991418702      43.11647086264705

cov:
  17.5558855202613  12.32579059401578  9.623386493442435  2.705732395875275 -1.888583519233458 -6.232310130621658
 12.32579059401578  11.80030835049059  11.53153305716605  10.83922215558287  7.960841324482045  12.46030200305915
 9.623386493442435  11.53153305716605  12.54186742034453  15.05775047992026  13.07036513125324  22.15544671843478
 2.705732395875275  10.83922215558287  15.05775047992026  25.85998825734242  26.12488547113338  46.93933035989311
-1.888583519233458  7.960841324482045  13.07036513125324  26.12488547113338  39.86015046752136  55.28396185222631
-6.232310130621658  12.46030200305915  22.15544671843478  46.93933035989311  55.28396185222631   113.321214610901

cov.inverse():
   77.76904428149679   -126.8434564940502    9.700697589628271    39.24356329168023  0.04879492320486994  0.04854457721559736
  -126.8434564940513    234.1078810066185   -53.36951665800093   -53.70370246144126 -0.04422708076613771 -0.01673380591877386
    9.70069758962974   -53.36951665800321    53.35790665177389   -9.657311992858997 -0.02051477837774196 -0.02001664396037118
   39.24356329167982   -53.70370246144005     -9.6573119928598    24.20410864715725 -0.02760099551647704 -0.06083847387805605
  0.0487949232048727 -0.04422708076614105 -0.02051477837774324 -0.02760099551647519   0.0901846112051141 -0.02100655565971679
 0.04854457721560521 -0.01673380591879089 -0.02001664396036436  -0.0608384738780537 -0.02100655565971679  0.05269599069087027

cov*(cov_.inverse()):
     1.000000000000042 -8.028300246820663e-14  1.819377981604475e-14  -2.97539770599542e-14  5.551115123125783e-17                      0
-1.130207039068409e-13      1.000000000000219 -1.049438314026929e-13  7.149836278586008e-14                      0   3.33066907387547e-16
 7.860379014346108e-14 -3.266831249959523e-13     0.9999999999999947   8.37108160567368e-14                      0                      0
  4.39648317751562e-14 -3.618216837253385e-13  2.098321516541546e-14      1.000000000000143 -1.110223024625157e-16                      0
-2.029487689014786e-13 -3.590461261637756e-13 -4.640732242933154e-14  9.281464485866309e-14                      1  4.440892098500626e-16
-5.844214001626824e-13  2.955413691552167e-13 -7.327471962526033e-14  -1.77635683940025e-13                      0      1.000000000000001
