5
2

0.6489601134521416
 2.401060951565758
 2.482784844307661
 7.390129329826225
  11.2399046591454

 0.5114587346983902   -0.83843194590031 0.04826205772573424  0.1254655058879142  0.1317991479900717
-0.1431032574312389  -0.101293672446529  0.6449825026008091 -0.6734274004120607   0.315838815454837
-0.3067031905508511 -0.1880609140444151  0.6016705814730845  0.3895740914530733 -0.5973196666551834
-0.7833912338099664 -0.4200250773286774 -0.2728292962247407  0.1298470692447722   0.344355953825099
 0.1008104563471336  0.2738311359943068  0.3810840217514082  0.6017688169750902  0.6383596322867884

44.81675907235447
103.6012385653695
133.1231873284767
183.9492126265678
 218.636579429689

 2.109886812524575
-3.021991675655314

  -0.03586199848153568    0.03583441648648524  9.875245236129482e-06  2.082604968686296e-06  1.273542161297006e-05
     1.813661043817874    -0.8125901559679397 -0.0001132252038764502 -0.0001900306340754665 -0.0005985137005108977

-0.02037698346925315 0.008711969602164841  0.02625392148938177   0.7124170259928486   0.7846014100755843
  0.6775474643754965   -1.022523839237296   -2.485560648048657   -58.96662836531112    -5.08071403474185

cov:
 35.60871192336435  21.71642076282503  14.86700024715114  1.954775699896068 -5.705760108264827
 21.71642076282503  19.68135181309822  18.35076654337089  17.73668938103573  14.64597924080885
 14.86700024715114  18.35076654337089  27.04307764151064  25.98040470956117  24.56418080121581
 1.954775699896068  17.73668938103573  25.98040470956117  50.22677991076256  48.31945836674121
-5.705760108264827  14.64597924080885  24.56418080121581  48.31945836674121  60.74001047460997

cov.inverse():
   0.6512636556986142    -1.000107040407997   0.01688242207376179    0.1483201038241888    0.1775115134972073
   -1.000107040407998     1.680507416043832   -0.1228452561150664   -0.2495265027524888   -0.2509790321488476
  0.01688242207376198   -0.1228452561150667    0.1389291505330218  -0.02177164348382881 -0.007658389032745542
   0.1483201038241887   -0.2495265027524885  -0.02177164348382887    0.1438374460582017  -0.03151968485934374
   0.1775115134972074   -0.2509790321488478 -0.007658389032745579  -0.03151968485934365    0.1218275713573325

cov*(cov_.inverse()):
    0.9999999999999951 -8.215650382226158e-15  1.179611963664229e-16 -4.996003610813204e-16 -1.110223024625157e-16
-3.108624468950438e-15     0.9999999999999973 -3.885780586188048e-16  -3.33066907387547e-16  4.440892098500626e-16
 8.881784197001252e-16 -6.217248937900877e-15     0.9999999999999998  1.110223024625157e-16  4.440892098500626e-16
 5.329070518200751e-15 -5.329070518200751e-15  1.110223024625157e-16      1.000000000000001                      0
  1.77635683940025e-15                      0 -3.885780586188048e-16  6.661338147750939e-16                      1
