8
2

0.03453600477134708
0.06927535172202685
 0.8830993655135189
  1.048823282501711
  1.330453822135121
  2.096116609249088
  2.647512262357254
  3.322709865494678

    0.3962653815296978     -0.795083924965616     0.4557010897898852   -0.05611994763447959   0.001236222986640452 -0.0002303678426937189 -0.0005620461991699309  -0.000686069720633572
   -0.3003296960412937       0.27321475569249      0.660006673723374    -0.6320960618373251 -0.0003754611305158467  0.0009109969837083242 -0.0006151529655575798 -0.0004253213536085697
   -0.5791324698734085    -0.1164746278391729     0.3762760038220568     0.6177107257132304    -0.1381306846255625    -0.2113067117729608   -0.05769041183198628    -0.2466379443674828
  -0.06336123640305474   -0.03116272088505096 -0.0004172561651851753    0.01596580597556225     0.9384578393275491    0.02659740142473306   -0.06463984759143486    -0.3304093062110028
   -0.1103391439319449   -0.02036795129534011    0.07523741709502971     0.1219867700972394     0.2212605167762612   -0.07497546973679586    -0.5738315505519663     0.7635501248191131
    0.2773887193656679     0.1810409017982125    0.07719992367503055    0.02856764471668637    -0.1965033355485322     0.2334344822693463    -0.7611419014612543     -0.459414343649133
   -0.4448034245226927    -0.3095730158058891    -0.1641678552649764   -0.09268933588444864   -0.04901916838802864     0.8163804114115366     -0.017002407678903     0.0400390666215525
    0.3555241797045509     0.3868225455566109     0.4202050932592923     0.4372590503071576     0.1012051012348562     0.4775470805074844     0.2891091277374391        0.1852708937196

  44.364785314014
77.28466795031184
112.3579806903953
129.2470060028517
157.7728824959913
186.6474979759817
217.4199346429677
257.7074437857661

 2.484361403526709
-11.52556602128585

  -0.04295737001869872    0.01373523732840809    0.02751990381722741   0.001967967456758585 -6.298817016583681e-05 -6.742673470571054e-05  1.748735270357279e-06 -2.724512380614797e-05
     1.871130932822518    -0.1399942850800921    -0.6492746277585713   -0.08589282846162438   0.003180931176207227  0.0007657375326128868 -0.0003499463436468925  -0.001402112499490349

-1.85026951195332e-05 0.0001611212037733089   0.02720048978783503  0.002487967007055572   0.01193056851730412   -0.0318133756498386   0.07080924498291161   0.02674111766433791
0.0006699854579649307 -0.004676397742543369    -1.064456902377292   -0.1229873154937268   -0.4658187890457952     1.940138832494049    -4.724118485506115     3.323382358776952

cov:
  3.408493820198931   2.762137930215638   2.069940809200802     1.7370599867048  0.2643448371734193 -0.2781267500181505  0.4027856943772298 0.02775363587173149
  2.762137930215638   2.481237165711875   2.175751159424868   2.029411532213747  0.3546719293147888  0.4746575755122784  0.6942864031043161  0.3451157312603886
  2.069940809200802   2.175751159424868   2.287298167333471    2.34036427202151  0.4477701114844229   1.283217009977746   1.009311327393778  0.6870749298223355
    1.7370599867048   2.029411532213747    2.34036427202151   2.500792097460125  0.4934697241108282   1.686754357036251   1.158356271185485  0.8509788982771238
 0.2643448371734193  0.3546719293147888  0.4477701114844229  0.4934697241108282   1.369917878457976 0.07239711038145971  0.7007702810933554  0.5744271444787051
-0.2781267500181505  0.4746575755122784   1.283217009977746   1.686754357036251 0.07239711038145971   7.474298153027759   0.730093063784051  0.6643677540211859
 0.4027856943772298  0.6942864031043161   1.009311327393778   1.158356271185485  0.7007702810933554   0.730093063784051   4.060321301501451   1.381998842306519
0.02775363587173149  0.3451157312603886  0.6870749298223355  0.8509788982771238  0.5744271444787051  0.6643677540211859   1.381998842306519   2.517062235569776

cov.inverse():
   150.9448281211369   -281.1175102271289    109.8396687558231    20.46671214390267    0.462903560527989 0.004821724439717416  -0.1035635324981367 -0.07230596925214301
  -281.1175102271268    545.6146929008538   -266.2300177442898    1.350651196914716  -0.8563354011264567   0.2273907609741482   0.3362100205531536   0.4563271080446755
   109.8396687558168   -266.2300177442796    265.0821653625928   -108.0497182508384   0.3646290579765575 -0.06472113158311554  -0.3535108503812503  -0.4089948497354308
   20.46671214390679    1.350651196906724   -108.0497182508346    86.41185237033612  -0.0858753888523487  -0.2716660890597117  0.02801554418343622 -0.05540947670499712
  0.4629035605280054   -0.856335401126499   0.3646290579766043 -0.08587538885236956   0.8641098519719881   0.0386640588959182 -0.08037945945331854  -0.1214641274452777
0.004821724439725513   0.2273907609741247 -0.06472113158308404  -0.2716660890597278  0.03866405889591825   0.1894330827653185 0.008451784967857093  0.01481773184637553
 -0.1035635324981199   0.3362100205531184  -0.3535108503812259  0.02801554418343023 -0.08037945945331847 0.008451784967857104   0.3339019512792833  -0.1251476234575725
-0.07230596925212741   0.4563271080446462  -0.4089948497354187 -0.05540947670499561  -0.1214641274452777  0.01481773184637556  -0.1251476234575726   0.5584149698831455

cov*(cov_.inverse()):
     1.000000000000038 -4.020915544966641e-14 -9.976394710342618e-15  4.584874147006701e-15 -1.340073885192083e-16 -4.336808689942018e-18 -1.734723475976807e-17  -1.35308431126191e-16
 9.498651865058605e-14     0.9999999999997763  1.489641743290804e-13  2.358183093242872e-14 -1.387778780781446e-17 -7.112366251504909e-17 -1.040834085586084e-16 -1.110223024625157e-16
-9.776901510605285e-15 -4.990452495690079e-14      0.999999999999947  1.623701173514291e-14 -1.249000902703301e-16 -1.752070710736575e-16 -5.551115123125783e-17  5.551115123125783e-17
 6.147859998861804e-15 -2.365885265476209e-13  5.118128143521972e-14      1.000000000000013   9.71445146547012e-17 -1.908195823574488e-17 -5.551115123125783e-17  1.665334536937735e-16
  5.88418203051333e-15 -3.058664432842306e-14 -6.605826996519681e-15 -8.396061623727746e-16                      1 -3.295974604355933e-17                      0                      0
 2.327998904760875e-14 -4.385380947269368e-14   5.35682609381638e-14 -2.862293735361732e-14  2.220446049250313e-16     0.9999999999999999 -4.163336342344337e-17  1.110223024625157e-16
 1.762479051592436e-15 -1.277866701343555e-13  2.486899575160351e-14 -1.068589661201713e-15 -5.551115123125783e-17 -1.318389841742373e-16                      1                      0
 1.021405182655144e-14  6.439293542825908e-15  1.110223024625157e-14  1.443289932012704e-15 -5.551115123125783e-17 -1.179611963664229e-16 -1.110223024625157e-16                      1
