7
2

0.06649036028281401
 0.8754135062370159
  1.046683697731596
  1.329671697930258
  2.027877299537554
  2.469860495972281
  3.120047059006948

   -0.1550464496154879     0.7722513623078882    -0.6161061529444717  9.112037232884246e-05  0.0008408962136137031  -0.000800305152541323 -0.0005331805554928736
    0.6501226264397285    -0.3370737826224259    -0.5860878924619495     0.1223981748238305     0.2074944450707542    0.05410970586883929     0.2434331525585444
   0.07231528415041756    0.01609811981419119    0.00143746769341958    -0.9425123224947256   -0.03028903130418125    0.06657063165374869     0.3175385510970228
   -0.1219633220661758     0.0648764860554779     0.1120230455374529     0.2125053870479167   -0.07289492821831504    -0.5729202373947532     0.7678912803225409
    0.4583969028211975     0.2114238084156178     0.1510791888023217    -0.1609240349799025     0.1218690263070277    -0.7018954307103793    -0.4346740516415237
   -0.5168476862376447    -0.3054165007442261    -0.2513860695520588    -0.1250699753463274     0.6914169052895351    -0.2632353520293806    -0.1157652284919455
    0.2365108147977483     0.3841376379449817     0.4223068603688764    0.09995807696600874     0.6766127812034429     0.3200815608826463     0.2188815817456229

44.36405440991795
112.3568248778694
129.2480952679917
157.7711445132487
186.6495740567778
217.4174465798312
257.7110084645847

2.484500674959633
 -11.532061746754

  -0.03587438587054183    0.03426877861546809   0.001883954940417315 -4.396508739942784e-05 -7.119525370660306e-05 -3.679791986728291e-06 -2.393864833775397e-05
     1.799288465935648    -0.7204189594193102   -0.08302674918259251    0.00300396203357794  0.0007750698940664769 -0.0004334148321430004  -0.001306403013974479

0.0001364555770627403  -0.02759177603346875 -0.002195637544602142   0.01200351686818307  -0.03661357047107888   0.04612830541234034   0.05272184200743926
-0.003466757554813757     1.119973174170272    0.1260984012456549    -0.487373147164735      2.71581165648074    -4.200806252928309     1.111199653766189

cov:
  3.394236619516331   2.064730503727111   1.734064925451019  0.2616062041404841 -0.2757212111525849    0.39955249876501 0.03040868238010089
  2.064730503727111   2.286744109060247   2.341080038443892  0.4430305297257602    1.28545106766255  0.9985934346859129  0.6870566332137608
  1.734064925451019   2.341080038443892   2.502588183342882  0.4883765987261166   1.689312340844898   1.145794868432682  0.8505529368446865
 0.2616062041404841  0.4430305297257602  0.4883765987261166     1.3637107862864 0.07356879968588143  0.6978675806365975  0.5724238098998683
-0.2757212111525849    1.28545106766255   1.689312340844898 0.07356879968588143   7.477310643320947  0.7264549197498341  0.6647809001719904
   0.39955249876501  0.9985934346859129   1.145794868432682  0.6978675806365975  0.7264549197498341   4.033421015115154   1.377974395524762
0.03040868238010089  0.6870566332137608  0.8505529368446865  0.5724238098998683  0.6647809001719904   1.377974395524762   2.523522867606643

cov.inverse():
   6.102932375980385   -27.31398511675605      21.150841769501  0.01885344450311129   0.1210060907560018  0.06972557550186806   0.1598745891813377
  -27.31398511675602    135.0884826434533   -107.3220219562491 -0.04203822413515097  0.05085043095156996  -0.1939176512956864   -0.175279555502376
   21.15084176950099   -107.3220219562491    86.35011858561862 -0.09050008476755249   -0.275196246376834  0.03288223348385561 -0.06450124964593741
 0.01885344450311308 -0.04203822413516001 -0.09050008476754526   0.8658355221150793  0.03845679917003671 -0.08135655369233417  -0.1203866724057274
  0.1210060907560049  0.05085043095155467   -0.275196246376822  0.03845679917003674   0.1891905426700683 0.007889635021621582  0.01458146171859567
 0.06972557550186777   -0.193917651295685  0.03288223348385448 -0.08135655369233417 0.007889635021621546   0.3353473075225603  -0.1258678461833373
  0.1598745891813394  -0.1752795555023846 -0.06450124964593044  -0.1203866724057274  0.01458146171859569  -0.1258678461833374   0.5560038867457749

cov*(cov_.inverse()):
     1.000000000000001 -9.940832879085093e-15  3.425211503316206e-15 -3.339342691255354e-17   1.16009632455949e-17 -5.507747036226363e-17 -3.816391647148976e-17
-1.498801083243961e-15     0.9999999999999717 -2.726985304235541e-15 -1.387778780781446e-17  1.682681771697503e-16  4.163336342344337e-17 -1.110223024625157e-16
 5.023759186428833e-15 -1.260103132949553e-14      1.000000000000011 -4.163336342344337e-17  1.925543058334256e-16                      0 -1.665334536937735e-16
  3.05311331771918e-15 -1.422473250300982e-14    1.0845491171807e-14                      1  1.214306433183765e-17 -6.938893903907228e-17                      0
 3.677613769070831e-15  1.033895191682177e-14  4.300032552251309e-14  1.387778780781446e-17                      1  5.551115123125783e-17                      0
-2.775557561562891e-17  1.409983241273949e-14  7.119305145408816e-15 -8.326672684688674e-17  1.040834085586084e-16                      1                      0
 1.998401444325282e-15 -1.165734175856414e-14  1.934563620409335e-14  5.551115123125783e-17  1.665334536937735e-16                      0     0.9999999999999998
