5
2

1.300826314159609e-08
1.441150751317203e-08
   0.6774101429946791
    2.200553064631333
    3.466802697405617

 -0.9808720820959513  -0.1496618248247573   0.0431049475966168  0.07126333328427632  0.09249214873049309
                   0 0.008723587051017483  -0.8954294208795462 -0.01733918155453353    0.444780174957588
 -0.1627061258880463   0.9679951967085115 0.005622151647367354  -0.1904014471656943  -0.0150896015791309
-0.01557466215455398   0.1581322700111178  -0.2383370097113983   0.8458701436029417  -0.4499453133913835
    0.10570763956322   0.1245179567350358   0.3735130210965825   0.4928203315515517   0.7687244742228687

93.32331301123256
128.8103686682498
158.1457608072347
182.8093292375554
215.2567979999145

2.078709359182596
-13.9990656375885

  0.2718025830100381  0.04016400920281988   0.2415130463219309 -0.01291343671214075  -0.1531635453803945
  -13.52079925691332   -2.215165529603166   -8.946842832286977   0.7640413311120978    6.126729749307866

-4.692174743135981e-17  -5.89444634874612e-17  0.0003590126890172839    0.01234154364657474  -0.001965693674921642
 2.340101684293973e-15  2.223076792412324e-15    -0.1067263110758595     -0.570230925244868     0.4742617542783674

cov:
 0.1476212596456064 0.07399645078972561  0.4920927548737221  0.5765348479752097   1.011703047421421
0.07399645078972561  0.7374174484389863  0.3789715958279864   1.300673511548607  0.7991858123430594
 0.4920927548737221  0.3789715958279864   1.951842200038881   1.235607449746132   3.970175516911633
 0.5765348479752097   1.300673511548607   1.235607449746132   6.400388607239996   2.711519740629603
  1.011703047421421  0.7991858123430594   3.970175516911633   2.711519740629603   8.082769719465819

cov.inverse():
 -6.75052015329275e+16 -1.017438239475448e+16      -9924198272164344       4654840007645392  1.276858826662726e+16
-1.036803224296479e+16      -1562096508311212      -1583066558837900      713791513263256.9       1990328570021385
      9952919984609664       1441281445509642       7501022968105704     -569389716310282.4      -4881707485847035
      5039742440152697      758450819562878.9      857828500451524.1     -345252860762997.6      -1011340909827424
      2895171189023890      465578569535541.4      -2573485501354568       -257712502634367      942108290988453.4

cov*(cov_.inverse()):
       1    0.375        1 -0.03125   -0.625
    -2.5   1.0625     1.25  0.15625     -0.5
       2      0.5        2    0.125        1
      -6     0.75        4    0.625     -1.5
       0        2        4     0.25       -2
