5
2

0.6121076485297405
  2.68988893674147
 3.647924932503638
 5.607538872600925
 19.20439374651776

 -0.5161203169575926   0.8331614642272223 -0.06729257597985559  -0.1142085628094995  -0.1479523786538368
 -0.3488324512225022  -0.2027669047340353   0.8057023799181459   0.1497072528093381  -0.4069802412515816
-0.05804643492696431 -0.02300744429939768  -0.3847773776098873    0.832151644861909  -0.3944252508807691
 -0.7585314256043445  -0.3920459427633092  -0.1997005298452635   0.0693582201070599   0.4756460772639359
  0.1821988670672923   0.3324126849880542   0.3979716726997162   0.5169692639746293   0.6562520152597995

84.38398596643192
130.7909159472254
 157.324759466574
185.6999868492837
220.3288284410325

  2.375981061407671
-0.1116851347390593

  -0.05128983853123907    0.05087189042258055 -2.514736834284504e-05  0.0001903022022688799  9.493248015563904e-05
     2.827084778029099     -1.812141761340442   0.001131916460789001  -0.006778433564726252  -0.003730766376127459

0.02578598816951718 0.05459922495587637 0.02578104336450141  0.5982066647939119   2.845795831854064
  -1.11191503167505   -4.46662750166388  -1.690222603939276  -45.16877195906966  -34.22152645795484

cov:
31.36043683855745 32.05635364571661 29.78215841418797 32.08567250398757 34.11341584135692
32.05635364571661 46.15033022876587 50.16659816957613 62.01363215112961 75.26238217749841
29.78215841418797 50.16659816957613 66.33535081414693 72.05755087958579 92.98563773446473
32.08567250398757 62.01363215112961 72.05755087958579 108.1001447601206 121.3579129815594
34.11341584135692 75.26238217749841 92.98563773446473 121.3579129815594 169.2245033160045

cov.inverse():
   0.7464206549009929    -1.128192296769402   0.06054476819484496    0.1450585221858567    0.2139978993088296
   -1.128192296769402     1.863599594121151   -0.1687027157204673   -0.2599969468066106   -0.3222514138700253
  0.06054476819484547    -0.168702715720468    0.1146275156717434   0.01323860870559802 -0.009654294309897211
   0.1450585221858561   -0.2599969468066095   0.01323860870559787   0.09082530756125744   0.01398247650764218
   0.2139978993088301   -0.3222514138700259 -0.009654294309897305   0.01398247650764249    0.1013685131259868

cov*(cov_.inverse()):
    0.9999999999999822  3.552713678800501e-15 -2.164934898019055e-15 -1.998401444325282e-15 -8.881784197001252e-16
 -1.06581410364015e-14     0.9999999999999964 -9.992007221626409e-16 -6.661338147750939e-16   1.77635683940025e-15
 -1.06581410364015e-14 -3.552713678800501e-15                      1 -1.332267629550188e-15                      0
-2.486899575160351e-14    1.4210854715202e-14 -1.332267629550188e-15      0.999999999999996  -1.77635683940025e-15
-7.105427357601002e-15                      0  2.220446049250313e-16 -4.440892098500626e-16                      1
