5
2

                  nan
                  nan
1.693326078950644e-16
    2.193273055284093
    2.791927374161442

                    0   -0.5816954137560256   -0.7063215839710838 -0.009017710657062025    0.4033099881310783
   -0.996231104936676  0.006218398128575922   0.03264030466016658  -0.04672420156428693   0.06508745333192377
                    0   -0.8086766104503196     0.555477721712818   0.01115796901573162   -0.1932928868809262
 -0.08585017574495592  -0.07787437146275604   -0.4032715689459961    0.4108922313245906   -0.8093855357681989
  -0.0123827654911824   0.03961690446997189    0.1698851756005861    0.9103727829011738    0.3750167879748011

32.45811998854717
60.46753023151953
158.1304302297978
183.2489922337628
215.2248057375242

2.075431582203335
-13.8324712117513

     1.586628835015617      -1569018881175453       1077754719472350      21649029828505.46     -375032720365437.1
    -93.01227584232466   7.12776580162282e+16 -4.896042567848224e+16     -983475828756954.2  1.703705054656648e+16

 -7.23241216643812e-17  1.726748375806377e-17  5.563325644402475e-17    0.01135705854061873   0.009087911440706838
 4.417343170845378e-15 -1.012275134513024e-15  -2.52731708631548e-15     -0.770150664604035     0.0215899946206724

cov:
0.03664941573083439 0.02833647929739402  0.1501445219971072 -0.2575602409497625  0.2980608377151008
0.02833647929739402 0.04140658172592089  0.2035316982629529  0.1272059973013722  0.4190125760467883
 0.1501445219971072  0.2035316982629529   1.007280323382797  0.4084471960102158   2.066749081625969
-0.2575602409497625  0.1272059973013722  0.4084471960102158   7.272371298339687   1.061392894903905
 0.2980608377151008  0.4190125760467883   2.066749081625969   1.061392894903905   4.247597538447994

cov.inverse():
 1.680484246600714e+16 -1.249579826320477e+17      -4852475574499296       1122817254106888  1.322799522553872e+16
-2.966774202976745e+16  7.861287573578214e+16 -1.545728346088622e+16      -1896516329263104       2321849877468228
-1.387553612935976e+16      -7615506779424892       3642198894507558     -576914626158394.4      96894514401228.25
     677738714745014.2      -6291070817785782     -124165871403666.7       50404802413941.2      620857036961542.9
      8329460539995978       6291070817785782      124165871403666.7      376409205779347.8      -1359559487623386

cov*(cov_.inverse()):
     0.5      0.5 0.140625 -0.03125   0.0625
     0.5      1.5 -0.09375        0        0
      -2        0  1.15625   -0.125      0.5
       2       -1  -0.5625        1    -0.25
      -4        0    0.125        0        2
