5
2

0.2750620318724724
  2.40638873625503
 2.512548219218817
 8.125851734236161
 11.01877022958835

  0.6311169653826272  -0.7716606492068593  0.02310789420035275  0.05241070750475551  0.05431722964536659
-0.08715930999150384 -0.07678233733901622   0.5686271448103187  -0.7220101038003397   0.3766594052319023
 -0.2622883049472618  -0.2150714257170298   0.6826420027311327   0.2903791781373788  -0.5784712230867023
 -0.7174398823532059   -0.564550823713566  -0.2425546853776788   0.1158290640637316   0.3071045997259029
  0.1028566526041874   0.1834964970313698   0.3889682713526305   0.6149943809267318   0.6528668623094371

44.83439032268398
72.01929593641499
133.1189812106915
183.9447419048951
218.6267858178987

 2.109663723833284
-3.001347452527251

 -0.07730514009842908   0.07706671838933582 4.318577495248744e-05 9.847088668916721e-05 7.081451374876813e-05
    2.751504385260251     -1.74457197978748 -0.001094529929054285 -0.002743817546168086 -0.002319414244405776

-0.008189943582139187  0.004636227918999839   0.02347448373759083    0.7907946155205535    0.7665688730630313
   0.2332149716366967   -0.6102354134018403    -2.188568571061636    -65.36283736946238    -4.946347977070095

cov:
 35.77959986856319  29.39355532918031  14.93163356423795   2.07917862449186 -5.624782083139742
 29.39355532918031  25.50405694685295  16.52648557761094  9.307356879482356   3.71199148377166
 14.93163356423795  16.52648557761094  27.06828193209527  26.06265072721603  24.66117471833159
  2.07917862449186  9.307356879482356  26.06265072721603  50.35778026918926  48.46236903909531
-5.624782083139742   3.71199148377166  24.66117471833159  48.46236903909531  60.91230918780323

cov.inverse():
    5.284607473200341    -6.420491591759611    0.1588002914615165    0.4352535395995004     0.468673024022233
    -6.42049159175961      7.88375180973816   -0.2638161587869207   -0.5349261236370676    -0.540916647058885
   0.1588002914615163   -0.2638161587869205    0.1388491077870127  -0.02194677782682812 -0.008012976325422642
   0.4352535395995004   -0.5349261236370675  -0.02194677782682814    0.1430044470468674  -0.03209947979392221
   0.4686730240222329    -0.540916647058885   -0.0080129763254226  -0.03209947979392222    0.1214415929921176

cov*(cov_.inverse()):
                     1  3.996802888650564e-15 -1.033895191682177e-15 -1.054711873393899e-15  5.551115123125783e-16
-6.439293542825908e-15     0.9999999999999978   -2.8796409701215e-16  4.302114220422482e-16  1.498801083243961e-15
                     0  2.309263891220326e-14     0.9999999999999997 -7.771561172376096e-16 -4.440892098500626e-16
  1.06581410364015e-14  3.552713678800501e-15  1.110223024625157e-16      1.000000000000001  8.881784197001252e-16
 3.552713678800501e-15                      0  1.110223024625157e-16  4.440892098500626e-16     0.9999999999999991
