5
2

0.1731175615478895
 1.427188181597997
 2.005448316661318
 7.602120371708166
 10.95190799632788

 -0.6200250486293657   0.7788231599265607 -0.06951920220991578 -0.04020432188529166 -0.05053827915551267
 -0.2397588180561204  -0.1434708712383484   0.8819728405508553  -0.2064544656417535  -0.3184843487797711
-0.08575403199497754 -0.06734220798460362 -0.04840043541270938   0.8148037010201389  -0.5673302386406947
 -0.5923324668511116  -0.4089976978479092  0.06882998492052274   0.3303324313727968   0.6066350219269939
  0.4470717425057932   0.4483709455874511   0.4584875353621437   0.4274758235333815    0.454030783557517

33.32663918051799
52.80355862119012
102.5838620643318
130.8503497504487
155.5587232377906

 1.513706425710322
-1.011479394996989

 -0.07548195100114798   0.07474416126863948 0.0002847030070293914 0.0002132905000236926 0.0002439505579376796
    2.699796200443675    -1.678883182361351 -0.008328547332309671 -0.005767405897488642 -0.007113896311139151

0.003145992931246525  0.01528306372540187 0.005876102112114168    0.830951894402932  0.01196243715095072
 -0.0893193862171521  -0.8357634262903317  -0.4774667151044891   -53.12906780207532    53.34237519990781

cov:
44.40867986726939 38.12302621720248 21.81686333898356 11.43537974278125 3.932488204180863
38.12302621720248 33.85895854568509 22.78406552152313 15.02013288844785 10.32414452078374
21.81686333898356 22.78406552152313 27.08137769296232  24.2927589430474 26.91998960878098
11.43537974278125 15.02013288844785  24.2927589430474 30.98132506059362 33.13555645874746
3.932488204180863 10.32414452078374 26.91998960878098 33.13555645874746 47.49484048606943

cov.inverse():
    12.86511631961885     -16.0884209888101     1.336460072374592    0.8368991888657416     1.090616435668365
    -16.0884209888101     20.25510267325182    -1.866683781227155    -1.044631807501777    -1.284002992027452
    1.336460072374591    -1.866683781227153    0.5455757515498683 -0.003914074534990026  -0.01138858152235855
   0.8368991888657428    -1.044631807501778 -0.003914074534989812    0.2433473643890652 -0.009774744327748271
    1.090616435668365    -1.284002992027452  -0.01138858152235846 -0.009774744327748301    0.2231372537854827

cov*(cov_.inverse()):
    0.9999999999999813  2.486899575160351e-14  1.131733595727269e-14 -3.663735981263017e-15 -1.887379141862766e-15
-1.083577672034153e-13      1.000000000000114  5.606626274357041e-15  -9.96425164601078e-15   -1.4210854715202e-14
-6.394884621840902e-14  9.237055564881302e-14      1.000000000000001 -5.329070518200751e-15 -5.329070518200751e-15
                     0   -1.4210854715202e-14  2.109423746787797e-15                      1 -8.881784197001252e-16
  -1.4210854715202e-14  7.105427357601002e-15                      0 -1.110223024625157e-15                      1
