5
2

                  nan
                  nan
                  nan
1.981957014831466e-09
    1.612252267334379

                   0   0.6750522805106641   0.4739471472272006  -0.5649807791287482 -0.02179998687209408
 -0.8958574473421602 -0.02105792827140808  -0.3274250618054768  -0.2995767741716411  -0.0065255633548464
                  -0  -0.5160552544285965   0.3440378606922835   -0.354981638412278    0.699509085843099
                   0    0.525114708327206  -0.3376750187678041   0.3165975387677613   0.7141401285775728
 -0.4443415736138007  0.04245585600760008   0.6601366999700277   0.6039904886902748  0.01315648788385321

71.93253267331417
134.1513690798168
154.1376236444089
187.5835712603202
221.3661648864306

 2.439964797375706
-13.10051679611206

   -0.1573137588127 -0.1646068632290204 0.03507128083335252  -0.142993458541614   1.898326102318613
  7.349712296052948   7.690446759519985  -1.638533246708027    6.68066663990736  -88.68995821745639

  6.93506915137361e-18  -9.20255211551209e-18 -5.796475708610778e-18  4.761390760644568e-18    0.06413387406706667
-3.240070251993318e-16  4.299440236437029e-16  2.708118419576505e-16 -2.224525844652129e-16     -2.996340093719619

cov:
  0.5132156487005758 -0.04903662177020744  -0.7624595689995834  -0.6976105520380004 -0.01519577699880406
-0.04903662177020744 0.004685340910244314  0.07285132788677183   0.0666551475384789 0.001451922931581366
 -0.7624595689995834  0.07285132788677183    1.132749158820375    1.036406123202179   0.0225756280239257
 -0.6976105520380004   0.0666551475384789    1.036406123202179   0.9482572940769677  0.02065551665780716
-0.01519577699880406 0.001451922931581366   0.0225756280239257  0.02065551665780716 0.000449931016682819

cov.inverse():
 nan  nan  nan  nan  nan
 nan  nan  nan  nan  nan
 nan  nan  nan  nan  nan
 nan  nan  nan  nan  nan
 nan  nan -inf  inf  nan

cov*(cov_.inverse()):
nan nan nan nan nan
nan nan nan nan nan
nan nan nan nan nan
nan nan nan nan nan
nan nan nan nan nan
