6
2

0.06137073510870335
 0.9601128787983069
  2.119749277326989
  3.139637759578428
  5.010696458534998
  10.98067948742849

   0.1747089807029054   -0.7788891230730524    0.6023352812147705 0.0003995480144325123 0.0004566678672882608 0.0005889312437706131
     0.50884545386323   -0.4195495281043025   -0.6905274764216821   0.09280800609104826    0.1537370581567964    0.2365964767522565
  -0.1689387365811885   -0.1045705753001599  -0.08634704494378247     0.880404332253527    -0.386940606486767   -0.1680299517767469
   0.3057198450765627    0.1880239471565854    0.1544472185519146   -0.0893700510460794   -0.6858638542914137    0.6073978890777808
  -0.7029798798235697   -0.4108749526085194   -0.3271106702613141   -0.3237379774345181   -0.3153358729055424    0.1604888797047511
   0.3071928454837907  -0.04694348540475506   -0.1485020781769518   -0.3216853152673244   -0.5067501712785416   -0.7218717472579758

48.75293216972929
111.2502546372748
129.1212315540206
155.1653286266564
187.0237506271423
221.0104805153649

 2.266147169307277
-2.472802222364119

  -0.03523425785113429    0.03155526402078423    0.00364492867663775  3.898239537925268e-05 -1.212035314821815e-05 -1.629894272943237e-05
     1.783664582111973    -0.6539088515022148    -0.1280892943906725 -0.0009163879507420869 -0.0001000700537713284   5.94343458169555e-05

-0.0001074858039479154    -0.0310530683254431    0.01069278915911795   -0.04219712314991751      0.266134981646474     -1.548300211769757
  0.002801392363902706      1.171001845234424     -1.000523897920357      3.970084408604397     -23.67518227496634      72.09799938356105

cov:
 25.07416667356062  5.961765298584816 0.4804108845550971 -7.095387545741405 -14.90542448287728 -27.50165995081791
 5.961765298584816  5.066408797461615  4.807105859315732  4.545239984424899  4.972448443071721  3.543581487323225
0.4804108845550971  4.807105859315732  6.055076168359754  7.882069159873786  10.67158260153672  12.44686303818839
-7.095387545741405  4.545239984424899  7.882069159873786  18.67819660129502  21.30520750371102  25.51542719524595
-14.90542448287728  4.972448443071721  10.67158260153672  21.30520750371102  38.79131398335187  39.05606747021879
-27.50165995081791  3.543581487323225  12.44686303818839  25.51542719524595  39.05606747021879  67.29348414844034

cov.inverse():
   8.421339449035925   -36.34046621912476    27.57593213731933  0.04213595354632036   0.1068610069331132   0.1767433998665281
  -36.34046621912468      161.27889405041   -124.2389914569999  -0.1416376140382619  -0.1631300895868928  -0.2163236629429356
   27.57593213731921   -124.2389914569997    96.85410682887532  -0.0193289927876583 -0.04070910362647075 -0.07150437879289134
 0.04213595354633028  -0.1416376140383065 -0.01932899278762369   0.1877315907581299 -0.04865251264732642 -0.01469053821709331
  0.1068610069331084   -0.163130089586872 -0.04070910362648672 -0.04865251264732649   0.1128282204076905  0.01275581943484674
  0.1767433998665483  -0.2163236629430259 -0.07150437879282152 -0.01469053821709325  0.01275581943484681   0.1098761035461169

cov*(cov_.inverse()):
    0.9999999999999671  3.979039320256561e-13 -4.218847493575595e-14                      0 -1.665334536937735e-16 -4.440892098500626e-16
-1.798561299892754e-14      1.000000000000216 -8.404388296412435e-14  1.387778780781446e-16 -3.261280134836397e-16  6.661338147750939e-16
-1.643130076445232e-14  9.547918011776346e-14       1.00000000000004 -1.110223024625157e-16  1.665334536937735e-16  4.440892098500626e-16
 4.440892098500626e-15  2.664535259100376e-14 -8.326672684688674e-14     0.9999999999999998  1.665334536937735e-16  4.440892098500626e-16
-2.664535259100376e-15 -7.638334409421077e-14 -1.807443084089755e-13  1.110223024625157e-16                      1                      0
-3.730349362740526e-14 -2.682298827494378e-13 -4.707345624410664e-14 -1.110223024625157e-16 -2.220446049250313e-16     0.9999999999999991
