5
2

0.05510788532030757
  0.706512650546286
  3.061617959273729
  4.314611252377841
  10.06290232686259

   0.2866966538686203    -0.806195122916142    0.5175453539551292 0.0007187940627110743 0.0008616155288130204
  -0.6006239183421196    0.2509709192237647    0.7241543896542324   -0.1282901246448643   -0.1881663367407938
   0.3473197504230786    0.2537933368638584    0.2031056288530244    -0.721363130463485    0.5033301805631147
  -0.6454181432061531   -0.4680903470828489   -0.3715362027017189   -0.3902300910725096    0.2720444329364371
   0.1409267496335157  -0.05952638592735173   -0.1686895970537949   -0.5575812382811701   -0.7982751675824732

  78.293065904049
111.2517187287821
129.1203465697379
187.0141048757386
221.0037948629369

 2.265607280272009
-2.450900916353397

  -0.06212702691788695    0.04990204013677384    0.01214619004303056  2.968766563045573e-06  1.720306431326167e-05
     3.180437849100235     -1.678613380699107    -0.4987793417621453 -0.0007163896199869901   -0.00118967068641429

-0.0001571772298924491    0.02926627636063893   -0.06036219502749348     0.2276724514097488     -1.396420449779701
  0.006094920051504187     -1.343942552264314      5.410584377579617     -20.13676964030286      64.16148594808772

cov:
 11.07686735600798  5.524947822309473  2.501300981774769 -5.578363662402178 -12.96536732977552
 5.524947822309473  5.074879064892978  4.826979085014893  5.029248244838207  3.615055697275308
 2.501300981774769  4.826979085014893  6.100496348789601   10.8038205363532  12.64465766558477
-5.578363662402178  5.029248244838207   10.8038205363532  39.20270925295059   39.7044697257038
-12.96536732977552  3.615055697275308  12.64465766558477   39.7044697257038  68.29862300943476

cov.inverse():
   27.82376056247143    -76.3853099968678    48.00770411194021   0.2082498003462248   0.3158628041168433
  -76.38530999686778    214.1641130165619   -137.0128516491321  -0.2647109277006316  -0.3160823273674792
   48.00770411194021   -137.0128516491322    89.26281350085449 -0.07053280845010514  -0.1193383181639284
  0.2082498003461979  -0.2647109277005559 -0.07053280845015372  0.09990697144558984 0.008522716467821979
  0.3158628041168697  -0.3160823273675534  -0.1193383181638809 0.008522716467822133   0.1084726809223423

cov*(cov_.inverse()):
      1.00000000000011 -2.335909243811329e-13  2.136069099378801e-13  -1.52655665885959e-16                      0
 8.326672684688674e-14      1.000000000000013  1.323940956865499e-13 -5.238864897449957e-16  4.440892098500626e-16
 1.074695887837152e-13 -1.949551631241775e-13       1.00000000000028 -1.804112415015879e-16 -4.440892098500626e-16
-1.243449787580175e-14  3.197442310920451e-14  -1.35003119794419e-13                      1                      0
 -1.13686837721616e-13  4.334310688136611e-13 -1.314504061156185e-13  1.110223024625157e-16     0.9999999999999991
