7
2

0.03455660462138486
 0.0692696897717055
 0.8872281874445458
  1.316918497829003
  2.064977870895452
  2.644838151953643
  3.307287389508365

    0.3962884997251553    -0.7951303322985955     0.4556304878726753    -0.0558882913357024 -0.0002711525778932484 -0.0004476263428185256  -0.000512994864392659
    0.3001668830852678    -0.2730593133951252    -0.6600473315425658     0.6321981164394139 -0.0009441437620763658  0.0006466897186326489  0.0004535923481673155
     0.583843717989061     0.1200314880404107    -0.3732655434619418     -0.615038130180147     0.2067192047857055    0.07039201319173177     0.2818368715829508
    -0.107945136228783   -0.01627994741158388    0.08168316446557419     0.1293340469097502   -0.08654436545226453    -0.5361693604268492     0.8183616960596276
    0.2607036370371594     0.1665133640230994    0.06479883770040847     0.0172920684979486     0.2388303246552299    -0.7916118831848199     -0.464886771873224
    -0.452189647391061    -0.3158955059938705    -0.1694121512800673   -0.09742683579916185     0.8096137539564509   -0.01273754804230995    0.04365101401412231
    0.3576139877600774     0.3886091868607546     0.4217104539642491      0.438647739341848     0.4870953948454941     0.2841744958855328     0.1811809086019487

44.36418044423915
77.28793516185172
112.3594719894363
129.2463145095287
186.6472694297429
217.4206074709594
257.7085944620333

 2.484376706588229
-11.52504290204726

  -0.04292550897000496    0.01367528914155096    0.02754744222375174    0.00196036462624313 -6.509827644547413e-05  -3.19704938718697e-06 -3.765423146835786e-05
     1.870144714268563    -0.1380820649240493    -0.6499555177224771   -0.08569064273869828  0.0006720243088783329 -0.0001110033231341845 -0.0008124106270704784

-1.844090812200193e-05 -0.0001610412422205126   -0.02749820885740357     0.0119512387855129   -0.03023393782013367    0.07119918891810988    0.02626353274397212
 0.0006682034707460736   0.004672992037321407      1.078829011660071    -0.4586491155782941      1.797711564837037     -4.778201269514505      3.320795057519952

cov:
  3.408168362821836   2.761871855901914   2.069913179352042   1.737236892851624 -0.2788771681920637  0.4045887680015232 0.03016241481879485
  2.761871855901914    2.48103937696574   2.175774470102338   2.029571881731773  0.4729966840943949  0.6957938693686346  0.3471198539331748
  2.069913179352042   2.175774470102338   2.287491040793259   2.340602259595561   1.280389423756994   1.010545170768203  0.6886739089558093
  1.737236892851624   2.029571881731773   2.340602259595561   2.500999594304526   1.683429532245343   1.159437632308312  0.8523888565580926
-0.2788771681920637  0.4729966840943949   1.280389423756994   1.683429532245343   7.470214416064617  0.7276700176638672  0.6621199145399614
 0.4045887680015232  0.6957938693686346   1.010545170768203   1.159437632308312  0.7276700176638672   4.059028925046323   1.383177534548769
0.03016241481879485  0.3471198539331748  0.6886739089558093  0.8523888565580926  0.6621199145399614   1.383177534548769   2.517951253486581

cov.inverse():
    150.7847867972859    -280.8170092241992     109.6597453325564     20.55907634905266  -0.01214586765363946  -0.06079438648268495 -0.009085032017172076
   -280.8170092241958     545.0294631213482    -265.8522031966076     1.161964984536237    0.2566799406249067    0.2567761390931618     0.337370145390318
    109.6597453325461    -265.8522031965908     264.8430428001487    -107.9713282982147  -0.07288066879883397    -0.319146388605075   -0.3543632560807967
    20.55907634905952     1.161964984522911    -107.9713282982082     86.42004425376183   -0.2704478621579475   0.01953342137939321  -0.07063193527652116
 -0.01214586765361108    0.2566799406248575  -0.07288066879882574   -0.2704478621579349    0.1876242852178262   0.01205919660840528   0.02028459393540063
 -0.06079438648265828    0.2567761390931058   -0.3191463886050368   0.01953342137938432   0.01205919660840533    0.3266764031806276   -0.1366177227753512
-0.009085032017154913    0.3373701453902897   -0.3543632560807952  -0.07063193527651153   0.02028459393540064   -0.1366177227753511    0.5412926416630124

cov*(cov_.inverse()):
     1.000000000000063  5.310162032312604e-14 -4.680457410533023e-14  9.252581339991295e-15  8.716985466783456e-17 -4.076600168545497e-17 -2.081668171172169e-17
-2.534387630315216e-14      1.000000000000089  6.350475700855895e-14 -1.097039126207733e-14  2.411265631607762e-16  6.938893903907228e-18  5.551115123125783e-17
-2.345779820389637e-14  5.098699240591031e-14     0.9999999999999915 -3.788636071533347e-14 -1.318389841742373e-16 -1.387778780781446e-16  1.665334536937735e-16
 1.504352198367087e-14 -4.174438572590589e-14 -3.713696017371149e-14     0.9999999999999786 -9.367506770274758e-17  6.938893903907228e-17  5.551115123125783e-17
-4.883680265743706e-14  4.210520820890906e-14  6.497580251618729e-14 -1.763172940982827e-14     0.9999999999999999 -1.387778780781446e-17                      0
-2.785618957723557e-14   4.85722573273506e-14  6.772360450213455e-15 -3.136380044566067e-15  5.898059818321144e-17     0.9999999999999998  1.110223024625157e-16
-4.062722380737682e-15  7.216449660063518e-15  2.997602166487923e-15 -6.161737786669619e-15  -9.71445146547012e-17  1.110223024625157e-16     0.9999999999999999
