5
2

0.4425274886149205
 1.285440260161874
 2.014575755716936
 4.621145611649298
 6.065246310049159

  0.4617937815567487  -0.8550289159074385   0.1718587417772019   0.1140306149579344   0.1146021291457577
 -0.2172635872661174 -0.01145550635575821    0.887868306966493  -0.3632476671636763    -0.18001751805586
  0.3044661593316104  0.09275250588528798  -0.1520954507623269  -0.7985218694382731    0.487777744838844
  -0.364136815701113 0.004552958539536854   0.2182692123379288   0.3341354702109426   0.8414842176249556
  0.7171107126773996   0.5100691791873144   0.3337363737472966   0.3252144872667584  0.09185438648380004

33.75299592704216
82.95818077193869
112.9090635635004
130.5985661846308
 182.619058403342

 1.765082144715885
-6.319185354692359

  -0.03582887883756024    0.03577299028928779   2.95822773739695e-05  1.456754598740768e-05  1.386912028291125e-05
     1.812903780678953    -0.8110343298781082 -0.0002884585686513397  -0.001248367301412701 -0.0007952782355141047

-0.009228351499673828   0.01221585608553839  -0.03084477210416901    0.2825794752261662   -0.2733543318102406
   0.2996917593977581   -0.6349125163381005     1.937515757175527    -14.20078676918342     32.58588506311189

cov:
22.24530147539881 13.46187963388426 6.615700958916504 5.135038027181115  -3.4426043154869
13.46187963388426 9.749691797929573 6.180622415830815 5.822008532931942 1.973210227941981
6.615700958916504 6.180622415830815 6.516980248398306 5.514023381141702 4.488651460976214
5.135038027181115 5.822008532931942 5.514023381141702 9.083422911324176 5.633108917453141
 -3.4426043154869 1.973210227941981 4.488651460976214 5.633108917453141 16.45350584872697

cov.inverse():
    1.160565580371659    -1.997938705257715      0.27989564616598    0.2573989188547627    0.3179511445936676
   -1.997938705257715      3.74247108137504   -0.7553213626941946   -0.5090271147580399   -0.4865233695730197
   0.2798956461659798   -0.7553213626941944    0.6388621163898072  -0.05882283341864061 -0.005001739309751564
   0.2573989188547627     -0.50902711475804   -0.0588228334186405    0.3114681869335534   0.02431342702973912
   0.3179511445936676   -0.4865233695730199 -0.005001739309751489   0.02431342702973915    0.1786904128726454

cov*(cov_.inverse()):
    0.9999999999999987  6.661338147750939e-16  2.289834988289385e-16  1.804112415015879e-16  1.110223024625157e-16
 8.881784197001252e-16      1.000000000000001  1.249000902703301e-16  1.179611963664229e-16  3.885780586188048e-16
                     0 -1.332267629550188e-15      1.000000000000001  1.387778780781446e-17 -2.220446049250313e-16
-1.110223024625157e-15 -1.332267629550188e-15  1.006139616066548e-16     0.9999999999999999 -2.220446049250313e-16
                     0  -1.77635683940025e-15  -3.33066907387547e-16 -1.665334536937735e-16                      1
