7
2

0.05895170385765708
 0.5565795288918042
  1.052114786855551
  1.321828519548703
  1.930236388113245
   2.38451301428745
  3.188510075683803

   -0.2672135183410932     0.8023407319056466    -0.5337070271789786  0.0003765203532178962  7.159170487362003e-05 -0.0008736819196076464  -0.001477994457797443
   -0.7236714299892099     0.1848122168788822     0.6405232011664397   -0.03374417217582205    -0.1184254019694919   -0.03785498884799202    -0.1236037600926152
   0.04264451350992327    0.04131145175496981    0.03914622885943245    -0.9465774456752668     -0.050767208094338    0.05244318755306471     0.3059508525694133
  -0.07661905765202433   0.002953302585639573    0.04161479669661858      0.230337387827044   -0.03474583657124189    -0.5396184432537345     0.8043247832900882
    0.4339936385530754     0.3175115309367011     0.2621638996455343    -0.1187440432441753    -0.0703801319846207    -0.6809199754088474    -0.3992499410712653
   -0.3430064884838108    -0.2742184445617956    -0.2393752852927488    -0.1599800396030107     0.7396499066421928    -0.3742669488131926     -0.192610798944423
    0.3019993924805686     0.3799593514568373     0.4190372082320601     0.1005149506647521     0.6558624010356798     0.3176477961425046     0.2183488252895674

77.30012797304067
112.3641783111048
129.2471077228564
157.7704817717505
186.6420647838383
217.4199170579233
257.7058957216882

 2.484466807862912
-11.52873992538826

  -0.06671398136972356    0.05936017321694655   0.007664262628418466  8.052056747160925e-05 -4.025673669013317e-05 -9.489381275561148e-06 -5.977544135098178e-05
     3.368094018043523     -2.037171374163574     -0.336969481557881   -0.00324741139064387 -0.0003585788816020813   0.000687451826409273 -0.0001499518598240511

  0.000213257181734924    0.01987814378354311 -0.0002055205986350879    0.00975444809406085     -0.030078530164525    0.02697077311211169    0.05677136017238001
 -0.008183173413534698     -0.938505564895721    0.05464264360288233    -0.4880479971119623      2.707053758124708     -2.933698617366961       1.03232959082043

cov:
  2.472705702003733   2.174188082235274    2.03052023487347  0.3606598639333903  0.4861582863899863  0.6873780823389388   0.334945429581187
  2.174188082235274    2.28563302040785   2.339249386220479  0.4532144540956842   1.287740194024573   1.002512432624733  0.6825257355219717
   2.03052023487347   2.339249386220479   2.499860639565936  0.4990030236472464   1.690412078685245    1.15306119909844  0.8496024532931979
 0.3606598639333903  0.4532144540956842  0.4990030236472464   1.385658614641672 0.06900027641621466  0.6945731490275486  0.5793860244313335
 0.4861582863899863   1.287740194024573   1.690412078685245 0.06900027641621466   7.511634184267455  0.7537858462246848  0.6890900106059795
 0.6873780823389388   1.002512432624733    1.15306119909844  0.6945731490275486  0.7537858462246848   4.062009372688327    1.38877131236821
  0.334945429581187  0.6825257355219717  0.8496024532931979  0.5793860244313335  0.6890900106059795    1.38877131236821   2.528242033646393

cov.inverse():
    22.32162076196762    -62.05684760211577     39.59713828526385  0.002116541326599648    0.2373783822827003    0.1339905561616354    0.3505049158446303
   -62.05684760211577     185.4021008261236    -122.7833399953545   0.03321114500435758  -0.07323417824613455   -0.2513511175430149   -0.4187608499024728
    39.59713828526385    -122.7833399953545     83.33466752561866   -0.1530605590740644   -0.2675401551258856   0.02583990408921678 -0.009601275173144123
 0.002116541326598345   0.03321114500436127   -0.1530605590740667    0.8528039494074039   0.03965598315634951  -0.07658219892295345   -0.1219858807967646
   0.2373783822826993  -0.07323417824613115   -0.2675401551258881   0.03965598315634952    0.1881507367959785  0.007447267069595279   0.01376716007805762
   0.1339905561616244   -0.2513511175429818   0.02583990408919477   -0.0765821989229535  0.007447267069595275    0.3329904700879423   -0.1259722579581168
   0.3505049158446338   -0.4187608499024837 -0.009601275173136891   -0.1219858807967645   0.01376716007805765   -0.1259722579581168     0.558771290744585

cov*(cov_.inverse()):
    0.9999999999999943  5.162537064506978e-15  7.933757817379927e-15                      0  7.459310946700271e-17  6.938893903907228e-18  5.551115123125783e-17
-9.409140133698202e-15      1.000000000000079 -8.949438412564348e-15                      0  1.682681771697503e-16 -1.249000902703301e-16  1.110223024625157e-16
  2.55351295663786e-15  2.986499936241671e-14     0.9999999999999984 -1.387778780781446e-17    9.8879238130678e-17  4.163336342344337e-17                      0
 9.436895709313831e-16  8.604228440844963e-16 -1.247266179227324e-15                      1  6.071532165918825e-17                      0 -5.551115123125783e-17
 -1.63202784619898e-14  6.061817714453355e-14 -3.767212236605033e-14 -5.551115123125783e-17                      1  5.551115123125783e-17 -5.551115123125783e-17
-6.716849298982197e-15  3.841371665203042e-14 -2.086698869252501e-14                      0  1.491862189340054e-16                      1                      0
 3.552713678800501e-15  1.865174681370263e-14 -2.747801985947262e-15  5.551115123125783e-17  1.595945597898663e-16 -1.110223024625157e-16     0.9999999999999998
