5
2

                  nan
                  nan
4.591571581522245e-17
    2.196842750598051
    2.804956174781058

                  -0   0.6164305706670455   0.6671470959349858 -0.02271891008034282  -0.4176265736963792
 -0.9962363226369524 0.006981018118595181  0.03248314269463026 -0.04707402081534852  0.06475597925895461
                   0  -0.7746627419958048   0.6034070391830113  0.05077075723119751  -0.1822633024997191
-0.08592974301513881 -0.09474056750470353  -0.3995575849084934   0.4264694927314766  -0.8013225394594164
-0.01136964045843566   0.1043382861923504   0.1735317816213485   0.9015619721730534   0.3821740237235447

32.45815817530972
93.53179684076397
158.1303508751685
183.2488065913545
215.2246442283125

2.075431582203335
-13.8324712117513

     -3.22612696084853       5041872622373009      -3927259265323564     -330440173541362.3       1186256037781149
     189.8771418944274 -1.845869916009325e+17  1.437801045996624e+17  1.209767919709607e+16 -4.342978287686396e+16

-2.433081835813827e-17 -1.244629633220442e-17 -1.372151040431804e-17    0.01147497614082468   0.008925170562880195
 1.946089254191489e-15  7.325365920981804e-16  5.023554769144223e-16    -0.7710889648877085    0.03553915096066529

cov:
0.03665273106291594 0.02995612635895584  0.1501762807953585 -0.2575080828514752   0.298127208608012
0.02995612635895584  0.1289705548322669  0.3251434584259049  0.5451074821698271  0.6801187395238861
 0.1501762807953585  0.3251434584259049   1.007396348241364   0.408545059642776   2.066985847420375
-0.2575080828514752  0.5451074821698271   0.408545059642776    7.27279710632261   1.061595623556471
  0.298127208608012  0.6801187395238861   2.066985847420375   1.061595623556471   4.248080472838438

cov.inverse():
-5.219022254468558e+16 -4.673393302387722e+16       1283853199284132      48948326697732.43  1.050787044831022e+16
     -6742560385455245   6.36303900063587e+16      -5237862241302376      -3806623609455818      -6214194392244647
     -2398588428446976      -9794236082825154       3797765011707714      469218356860687.4     -228743009779126.9
     -2148735467150417      -5771603405950538      399764738074496.1      213337466601106.9      827005511318850.8
      6446206401451251     -699588291630368.6      -1199294214223488        324385898065282      162089938945301.1

cov*(cov_.inverse()):
     1.25  -0.40625   -0.1875         0 -0.015625
        0   -0.1875         0    0.0625         0
        2      0.25       0.5         0    -0.125
       -2     12.25      -0.5      0.25      0.25
        0         1         0         0     0.625
