5
2

0.08862144464076921
 0.8486562800212185
  3.931408796424646
  8.362093634663072
  36.74054028880309

   -0.4027953756328391     0.8169125486172863    -0.4128049026164669  -0.001013400419815931 -0.0009266476183477834
   -0.5860424681112005     0.1015760671034368     0.7735648977867881    -0.1393544392747057    -0.1685651723473146
    0.1030429295420648    0.07780668249801792    0.05404716715083929    -0.7933107835202186     0.5925075352293405
   -0.6805880325024706    -0.5087412793653914    -0.3438333386630184     0.1224513442892701     0.3804819893104977
    0.1431509539777452     0.2397177951920243      0.331733326988316     0.5798646241204142      0.689748650236077

62.08137616441987
97.90301437150116
132.0184472665815
221.5184780949226
262.9437547899748

 2.803640621824718
-1.540736728164101

 -0.07270499917086234   0.06647521045848315  0.006169208497767876 5.433890740391516e-05 4.088983567518151e-05
    2.629044026234289    -1.462199987970332   -0.1647641788280062 -0.001501602517723518 -0.001338379726852613

0.000636491511609019  0.03897696429350827 -0.03098880315933317   0.9484924338008816    10.30454393821776
-0.01716390709734424   -1.308114374821337    2.297201002038053   -69.18733140814359   -41.32866825395411

cov:
60.46356804888295 70.61120068854021 80.22627655780241 105.0179504267171 116.1911502639688
70.61120068854021 95.77358003818556  119.694969302825 182.3165310159039 210.3589528961935
80.22627655780241  119.694969302825 157.2928967632343 255.9766870939125 300.1200031737413
105.0179504267171 182.3165310159039 255.9766870939125 464.6729603782642 535.9038377728258
116.1911502639688 210.3589528961935 300.1200031737413 535.9038377728258 657.7729518061428

cov.inverse():
   21.14233445167476   -41.97410531508448    20.54579281442485   0.1589479656547859   0.1850067775258114
  -41.97410531508516    84.99000040794098   -42.82616157183246  -0.1298447279044454  -0.1198223179112428
   20.54579281442568   -42.82616157183346    22.53044221478066 -0.09964452040146915  -0.1319745715454589
  0.1589479656547402  -0.1298447279043513 -0.09964452040151794  0.06827625960206059 0.003286024855848616
   0.185006777525688  -0.1198223179109913   -0.131974571545587 0.003286024855848394  0.06469825556828608

cov*(cov_.inverse()):
    0.9999999999995133  1.080024958355352e-12 -3.268496584496461e-13  1.387778780781446e-15  8.881784197001252e-16
-4.902744876744691e-13       1.00000000000043 -2.593480985524366e-13  2.220446049250313e-15                      0
-1.989519660128281e-13 -6.181721801112872e-13      1.000000000000142 -1.110223024625157e-16 -3.552713678800501e-15
   1.4210854715202e-14   -1.4210854715202e-14  4.405364961712621e-13      1.000000000000004 -7.105427357601002e-15
 2.273736754432321e-13 -2.842170943040401e-14  6.963318810448982e-13  2.664535259100376e-15                      1
