5
2

0.1644440818649188
0.1937126429061803
0.1955628032221584
 4.882437701110871
 23.55378618336201

 -0.5827909831211465   0.6663742873272547    0.300328000488452 -0.03126244243168244  -0.3537311563851768
 0.01282560063897352    0.333124494925123  -0.7750749359699649    0.527697338869489 -0.09827480363931264
-0.04204740294153282  -0.4297734844423001   0.3297719015214448   0.6600939400815168  -0.5187034328118387
 -0.7826938168778993  -0.3722280347972227  -0.1375727977619589   0.1374854593447697   0.4593562374854694
  0.2140387322143222     0.34887594106114   0.4258945339360912   0.5156858704479714   0.6206085141572479

103.8963187538459
156.2657256252833
186.1503202285031
220.8938674221714
 261.462115607318

 4.773864227025214
-3.067889596167405

 -0.0434785846176098 0.008189269487975999 0.009793771198094766  0.01195501948207024  0.01359270217832813
   1.965694805530681  -0.1722838172425773  -0.2152264110279687  -0.2698865940426338  -0.3094370702752665

  0.000772193289298531 -1.679928733442847e-05  9.099189391527589e-05     0.8944645145617619      6.836471642100379
   -0.0326432624530815  0.0008490794930710683  -0.003718520027986252      -38.7143379317909     -34.53543503793824

cov:
40.02870873577199 48.36251401319316 53.13386936813828 58.66938651010894 65.12959080079168
48.36251401319316 70.85093686430172 83.64277462141526 98.58608089906745 116.0435271579086
53.13386936813828 83.64277462141526 101.1098725906059 121.3871341744949 145.1232089111637
58.66938651010894 98.58608089906745 121.3871341744949 148.0116687234472 179.0422845892406
65.12959080079168 116.0435271579086 145.1232089111637 179.0422845892406 218.7206658167239

cov.inverse():
 12.63637886734459 -13.76260626383431 -7.095294758133762 0.1240726463194441  8.145260877262661
-13.76260626383575   24.2139084856025 -3.183319521717546 -3.505330573185948 -3.767081137534496
-7.095294758133067 -3.183319521718522  22.18935380748043 -5.555488352260566 -6.373451849301288
0.1240726463218674 -3.505330573189708 -5.555488352260383  18.85129109670847 -9.922509140487714
  8.14526087726097 -3.767081137531195 -6.373451849301744  -9.92250914048887  11.92906191203699

cov*(cov_.inverse()):
    0.9999999999998863 -8.526512829121202e-14   1.13686837721616e-13  3.410605131648481e-13   1.13686837721616e-13
-4.547473508864641e-13                      1  4.547473508864641e-13  4.547473508864641e-13 -2.273736754432321e-13
-4.547473508864641e-13  -1.13686837721616e-13      1.000000000000341  2.273736754432321e-13                      0
-4.547473508864641e-13                      0  2.273736754432321e-13                      1  4.547473508864641e-13
-2.273736754432321e-13  -1.13686837721616e-13 -2.273736754432321e-13                      0                      1
