6
2

0.03508069279272644
 0.5153856513973838
  2.320610184305307
  2.427722864150724
  8.181538290075078
  13.07443996180728

   -0.4389788703415906     0.8156178823787915    -0.3769150627093544  0.0001686409403536835 -7.507381596418822e-05  0.0001508791408696903
   -0.5477429096909385    0.07843271537515802     0.8075781958165341    -0.1028889768847215    -0.1077503657078016    -0.1394531778388177
    0.1131964047954565    0.08591754311822641     0.0543980281102641       -0.1895463522165     -0.738358553055616     0.6290822138279399
    0.1363334440558003    0.09993880683490189    0.05707550548953202    -0.8752028261810958     0.4129702501919148      0.177885915953076
   -0.5901307035555824    -0.4126722441292572    -0.2054723683841488     0.1103078612081313     0.3087667923143866     0.5759546173063442
    0.3572405001832603     0.3754301648790115     0.3966318698566121     0.4187340434662289     0.4211117911002808     0.4705754311271638

39.81410018276836
62.90837499352945
89.82245070381677
129.7530892369239
155.6212667620758
184.8822738941169

  1.794437447366757
-0.9045354891490328

  -0.04102182035492052   0.009616181950487798    0.03135368406775452  1.815832581217953e-05  2.777976892230508e-05  1.281350290180112e-05
     1.772164312919962    0.07780404453669215    -0.8482484104096175 -0.0007137723419138042 -0.0007536512123307582 -0.0004026531143940248

 1.726999022204131e-05    0.01289265577103163   -0.01145782234729849   -0.01676342931262025     0.9247792663476623     0.2421808234235575
-0.0004858217879757048    -0.4381186465251796     0.8701606771555437      1.185890568008477      -60.5227996458377      55.56449673673464

cov:
45.38539370770924 39.34857903735708 32.29941571296754 20.40965224533616 13.41658634374381 6.532046247376242
39.34857903735708 35.59418799522025 31.20546012806812 23.22042054233172 18.39566446415462  14.6830247535008
32.29941571296754 31.20546012806812 29.92646964947313 26.50127133131157 24.20443397148527 24.19795165480594
20.40965224533616 23.22042054233172 26.50127133131157 35.49782195778911  31.0489326675048 36.38001282635271
13.41658634374381 18.39566446415462 24.20443397148527  31.0489326675048 40.63959520104128 43.71396788340479
6.532046247376242  14.6830247535008 24.19795165480594 36.38001282635271 43.71396788340479 62.38100355292947

cov.inverse():
   157.7262607921338   -291.0868982096398    132.7866860832498   0.1276873316708715   0.2411627648568785   0.2469925565231919
  -291.0868982096401    540.5811911929081   -249.5584143607203  0.06376115188687694 -0.08732782079560868  0.06935331403309178
   132.7866860832501   -249.5584143607208    117.8964501428775  -0.3742229517288926  -0.3080330021301603  -0.4627918383660144
  0.1276873316708004  0.06376115188700932   -0.374222951728954   0.1777191054580785 0.007931749948368641 0.007582615562656569
  0.2411627648569546 -0.08732782079575152  -0.3080330021300931 0.007931749948368443   0.1763464006127104 -0.01341177754593134
  0.2469925565230872  0.06935331403328646  -0.4627918383661047 0.007582615562656555 -0.01341177754593106   0.1583391914408984

cov*(cov_.inverse()):
     1.000000000000444  1.613653655141434e-12 -2.753353101070388e-13 -1.020017403874363e-15 -2.872702076217593e-15 -4.440892098500626e-16
 1.792788140164703e-12     0.9999999999972258  1.875832822406664e-12 -1.471045507628332e-15 -8.326672684688674e-17  8.881784197001252e-16
 1.243449787580175e-13  1.764366430734299e-12      1.000000000000828  -6.38378239159465e-16 -1.720845688168993e-15  1.332267629550188e-15
 5.080380560684716e-13  3.428368700042483e-13  3.588240815588506e-13      1.000000000000001  2.220446049250313e-16  8.881784197001252e-16
 1.099564883588755e-12 -5.413447468072263e-13   1.70530256582424e-13 -4.440892098500626e-16      0.999999999999999 -8.881784197001252e-16
 6.128431095930864e-13 -1.268318783331779e-12 -4.973799150320701e-14  2.775557561562891e-16 -5.551115123125783e-16                      1
