6
2

                  nan
                  nan
3.031158582738712e-08
    0.691247546786081
    2.203791213814778
     3.49030199298082

  0.9774428632071799 -0.03770188696709157   0.1987790530721341 -0.02364544128855927 -0.01957892399775008 -0.05223469905701496
                   0  -0.6829863729482302  -0.0979473140199545  -0.6126780372273519    0.037166840661722   0.3836407000016592
                   0    0.704038892559415    0.113415890010254  -0.6544136071675738 -0.06315261943315989   0.2433529351981392
  0.2025215072054861   0.1582524406620677  -0.9472365292768516  -0.0108671903564932   0.1911803455602458 0.004017635185342468
-0.04569891111909648 -0.01551231487245565   0.1591807427522388  -0.2372619104468901   0.8458638545774475  -0.4478321048307582
 0.03875690657286904   0.1056075421627222   0.1242356485457954   0.3733604646776102   0.4921498281416901   0.7683104599948389

60.60845405295892
93.32136324778206
128.8055594442205
158.1369626047734
182.7977931093664
215.2390863105884

2.078709359182596
-13.9990656375885

 0.06215711388541406 -0.05731114270807159 0.004549146581482092  0.09146760751511017 0.006416216841060087 -0.04476537248850899
  -2.864996621784146    5.839210678278478   0.0686333851072304    -2.50473414662469   -0.436969946410822   0.8791488375161234

-3.512975513875353e-17  4.790465601433472e-18 -1.019767140023272e-16 -0.0003525312111760511    0.01236267130210579  -0.001996429462124236
 1.641820318883896e-15  2.989558229871735e-16  5.512281971216622e-15     0.1080096890006679    -0.5720094028945125     0.4798432058306374

cov:
 0.04803944367094473  0.06861893732152544 -0.06833585533160196   0.2278878135425672  0.06313050196630618   0.4625369066338715
 0.06861893732152544   0.1490027934371814  0.07621392966708376   0.4973938132438003   0.5838972478888284    1.022499636772252
-0.06833585533160196  0.07621392966708376   0.7398178777248575   0.3865610422761524    1.312251808286963   0.8147765765228994
  0.2278878135425672   0.4973938132438003   0.3865610422761524    1.971631317580182    1.262782880057435    4.010568659479768
 0.06313050196630618   0.5838972478888284    1.312251808286963    1.262782880057435    6.443030846686013    2.767009962669612
  0.4625369066338715    1.022499636772252   0.8147765765228994    4.010568659479768    2.767009962669612    8.165204608131685

cov.inverse():
-1.700724353426136e+16  1.336560958168145e+17  1.668268613876557e+16       9420748604214298      -9027509446186132 -1.900660809900418e+16
 6.943175036643814e+16  -5.31105071584869e+16       6562788873642751 -1.337281177346495e+16       2001675808419901       7952947487677574
      6982155597364907  2.001371600514359e+16       4503953832486313     -73529071219244.81      -1593238640547838      -2775170811929050
      2432684911959903 -1.627698472499806e+16      -1975735361870375      880167405332226.5       1130483412092407       1282240572892062
     -4554662580139338      511393561894419.1     -881555111547982.4      766071630566938.4      79816730365057.44     -121389033471585.6
     -8079407050567007       4904080890358033     -947120083089033.5      456383099061155.1     -162611724077762.7       -230993993340327

cov*(cov_.inverse()):
        2         1   -0.0625  -0.03125 -0.046875   0.09375
        1         1      -0.5     0.125   0.09375   0.28125
       -4         3       0.5    0.4375 -0.046875  -0.21875
        8         4      -0.5      0.25     -0.25         1
        4         0      -1.5     -0.25         1         1
       -8         0         0       0.5     -0.25      1.75
