6
2

0.628303091989298
1.045726776232797
1.319881213031129
1.987761022342251
2.357445247051232
2.882714192582701

  0.5497991465147218  -0.8033666830831819  0.07771227945620891   0.1466366546451738  0.06087679111300399   0.1451736217209772
 0.07299480927217836  0.01622134209737845  -0.9416256585299183 -0.03006430815894873  0.06567113527082329   0.3202080330740333
 0.03502770622127525 -0.08962949940368764  -0.2286675061457316  0.04441571535076211    0.562906900067928  -0.7871555439380505
  0.6157102633580366   0.3191074518380568  -0.1220499690755113   0.1267437874633786  -0.5837857390220909  -0.3838037702779062
 -0.5476645741966227  -0.3902573749318006  -0.1829191108424037   0.4622177801671951  -0.4881261373315343  -0.2497816889227546
  0.1101367417054231    0.303603374325604  0.08159348252281548   0.8636618604268829   0.3099100274598556   0.2169823922769449

44.36917085555758
112.3578149910219
157.7723651404058
186.6503944611445
217.4181864861377
257.7127447613052

 2.484471014051692
-11.53001060345595

   -0.0363388757827984    0.03660730864052612 -4.604913276570332e-05 -6.366292731729319e-05 -5.211807146689087e-06 -2.237601052074243e-05
     1.819676092137335    -0.8234686741074067   0.002895744392851952  0.0004743121392323871 -0.0003989890796493086  -0.001298651261119317

 -0.01950321737553595 -0.002210011693344531 -0.007894404431749253  -0.04221207332963185    0.0311354575230906   0.05855791889936403
   0.6561327803270851    0.1271640617015978    0.2398900305486406     3.390346793604682    -3.751337872696355   -0.4101353345497874

cov:
  3.392900494270372   2.063469106042456  0.2622512203914146 -0.2759030030467722  0.4019139611019822 0.03416593820473303
  2.063469106042456   2.283808708789123  0.4430536397192277   1.282321776611855  0.9984690779006016  0.6878090328263921
 0.2622512203914146  0.4430536397192277   1.363210708428549 0.07236095056340117  0.6978863770467721  0.5744366155352179
-0.2759030030467722   1.282321776611855 0.07236095056340117   7.462287109713598  0.7229141463272141  0.6604227900191776
 0.4019139611019822  0.9984690779006016  0.6978863770467721  0.7229141463272141   4.027086119461215   1.376288028272598
0.03416593820473303  0.6878090328263921  0.5744366155352179  0.6604227900191776   1.376288028272598     2.5198856326885

cov.inverse():
  0.9226706496187688   -1.027381405789634  0.04086813143034172   0.1887588487508778  0.06172522673705252   0.1754166179973058
  -1.027381405789634    1.704012831329852  -0.1543827518880325  -0.2918121594087699  -0.1534232306803513  -0.2557167269199613
 0.04086813143034178  -0.1543827518880325    0.866716895973729  0.03827581201678038   -0.081309718415058  -0.1216154374993178
  0.1887588487508778  -0.2918121594087699  0.03827581201678041   0.1886958828972569 0.008044607074644345   0.0145181708742733
 0.06172522673705252  -0.1534232306803513   -0.081309718415058 0.008044607074644355   0.3359035505138918  -0.1259932632955217
  0.1754166179973057  -0.2557167269199613  -0.1216154374993178  0.01451817087427328  -0.1259932632955217   0.5569960129928954

cov*(cov_.inverse()):
    0.9999999999999999  5.204170427930421e-16  2.168404344971009e-17 -1.355252715606881e-17 -1.214306433183765e-17  4.163336342344337e-17
 2.775557561562891e-17                      1   9.71445146547012e-17  1.561251128379126e-17 -1.387778780781446e-17  5.551115123125783e-17
 5.551115123125783e-17 -2.775557561562891e-17     0.9999999999999998 -2.602085213965211e-17  1.387778780781446e-17  5.551115123125783e-17
-1.387778780781446e-16                      0   9.71445146547012e-17     0.9999999999999999 -4.163336342344337e-17 -5.551115123125783e-17
 2.775557561562891e-17 -4.996003610813204e-16  2.775557561562891e-17  1.734723475976807e-17                      1 -1.110223024625157e-16
 1.665334536937735e-16  -3.33066907387547e-16                      0 -1.387778780781446e-17                      0                      1
