6
2

0.03518100545518846
 0.5767677548844814
  2.371499547500191
  3.416550570187017
  8.221969682459752
  10.64586543702576

    0.4387120632781514     -0.815733405287691     0.3769757612194589  0.0001038911018722841 -4.103458429365744e-05 -2.790274100076982e-06
   -0.5281867808303571    0.09199115658341067     0.8137582388745932    -0.1061265708977302    -0.1382100658327312    -0.1413824917810989
    0.2790013514919125     0.1934420610606885    0.09406379461881044    -0.7295252629029597     -0.323563610039418     0.4888659309716904
   0.00480157410005603  -0.008727012761316962   -0.02470310727006556     0.5213839657017822    -0.8177775604852687     0.2422584621875447
   -0.5892870325019576    -0.4066104006763102    -0.1940378728189891   -0.01149762501689475     0.1899174525980466     0.6430841664326754
    0.3215998043643318     0.3511248053483273     0.3854579964947224     0.4296005072978263     0.4139755899112476     0.5184348415445108

44.81067114548318
71.99255040507917
103.5692057571681
133.1213614327075
154.4975151345539
 218.612381974391

  2.10888613185393
-3.004167353893133

   -0.0431770199484155    0.01362611079710985     0.0295074282426564  1.489406428059723e-05   1.65909541079151e-05  1.483227449179344e-05
     1.840575623974892   -0.05092362757190234    -0.7879549520717063  -0.000400388635395571 -0.0005910727681876643 -0.0007335297932280216

-2.343463077313357e-05     0.0159893380616593   -0.03736584508919685   -0.01234245243447446     0.9592618411529494     0.2599410428791314
 0.0006831909719481452    -0.5381887421563064      2.416519194270995     0.3366897425684072     -61.62538580702216      30.54677278957597

cov:
 35.72786960498318  29.28219110705109  21.78248050246487  15.01941357734861  6.993863725011568 -5.916481475701501
 29.28219110705109  25.36440055026359  20.80204921196749  16.56176485239838  10.98073650354415  3.457144592501091
 21.78248050246487  20.80204921196749  19.66155695258935  18.35319883689676  15.62085818887375  14.36325448886711
 15.01941357734861  16.56176485239838  18.35319883689676  27.09559509687947  16.36365716730734  24.21563210481241
 6.993863725011568  10.98073650354415  15.62085818887375  16.36365716730734   30.2625158024276  29.38440440965381
-5.916481475701501  3.457144592501091  14.36325448886711  24.21563210481241  29.38440440965381  60.45402500406198

cov.inverse():
    156.3629192318455    -289.2740254646522     132.3369376409613    0.1706714346750678    0.1880309167144606    0.2437098476299339
   -289.2740254646521     537.6613069116383    -248.2228901125972   -0.1219011101785727  -0.02155231304736356  -0.02288578602722364
    132.3369376409613    -248.2228901125973     116.8122165803948   -0.2397757800302335   -0.3534070531331186   -0.3391197511262584
   0.1706714346750454   -0.1219011101785315   -0.2397757800302521    0.1534155821697283   0.05106984051913764 -0.005633164201965348
   0.1880309167144556  -0.02155231304735446   -0.3534070531331226   0.05106984051913771    0.1353764464163293   0.01734246184016441
   0.2437098476299421  -0.02288578602723856   -0.3391197511262518 -0.005633164201965236   0.01734246184016453    0.1160998010842824

cov*(cov_.inverse()):
      1.00000000000023 -1.724426157423409e-12  2.944311461305915e-13 -2.289834988289385e-16 -4.996003610813204e-16   3.33066907387547e-16
-8.637535131583718e-14     0.9999999999989039  2.073896609999792e-13  5.793976409762536e-16 -2.914335439641036e-16 -5.551115123125783e-17
 1.305622276959184e-13  -2.09543493667752e-12      1.000000000000208  2.081668171172169e-16  8.604228440844963e-16 -2.220446049250313e-16
-7.105427357601002e-13 -1.650901637617608e-13  4.298783551348606e-13     0.9999999999999993  5.551115123125783e-17 -8.881784197001252e-16
-3.241851231905457e-13 -9.909850717804147e-13  2.149391775674303e-13 -6.661338147750939e-16     0.9999999999999996 -8.881784197001252e-16
-5.915268275202834e-13  1.151745365746137e-12 -6.750155989720952e-14 -1.665334536937735e-16  8.881784197001252e-16      1.000000000000001
