5
2

2.224604027429322
2.432408739576263
 3.46366620767123
6.687141497825902
11.71120241096746

   0.4469885736235046   -0.7381605280269798   -0.2930148298693245    0.3388954621249788    0.2336930147452061
   0.1823466153065307  0.003800480588296311  -0.03115980638938913   -0.7202257497738287    0.6686099042506415
-0.006318518936505605    0.4566528058488121   -0.8641410576648141    0.1630743469252981    0.1345187015313483
  -0.8740187213569247   -0.3584754095303793   -0.1257771588281485   0.05824030716136887    0.2972790413374293
  0.05479304675168349    0.3436105162573782    0.3880872514235448    0.5800341016789101    0.6260018061611832

44.80334064222671
133.1182913522409
154.4962215775853
183.9353125072282
218.6163365022179

 2.109585780708592
-3.032418252404817

-0.01602816975109635 0.003402314523190402 0.005026909887801662 0.003668678296087973 0.003782519811051517
   1.363763401829536 -0.07706781522882222  -0.1140477612688077 -0.08318128064963951 -0.08603750336734997

  -0.044646540820329 -0.01881267327362667 -0.01897828615751068   0.6034734742718724   0.9240690139462726
   3.224662555006924    1.504725999544575   0.3551679143065434   -52.78518158996748   -13.45801825194059

cov:
 35.75811857998201  14.92958201927168   7.21609093976862  2.042943139952428 -5.686432374555483
 14.92958201927168  27.13814979817102  16.64115174129065  26.04083353576465  24.63439896584488
  7.21609093976862  16.64115174129065  30.75343649224046  28.49667545549768  29.79147604677654
 2.042943139952428  26.04083353576465  28.49667545549768   50.2516382955185  48.38050796283793
-5.686432374555483  24.63439896584488  29.79147604677654  48.38050796283793  60.83123911006866

cov.inverse():
 0.06310055493696333 -0.05965137991534378 -0.02435735442969656 0.007420110555004456  0.03608254221874049
-0.05965137991534383   0.1312212405264098  0.01277329585319062 -0.04381791101858927 -0.03012206394549407
-0.02435735442969656   0.0127732958531906  0.08120894205627059 -0.02654119617455491 -0.02611202134575715
0.007420110555004478 -0.04381791101858927 -0.02654119617455495   0.1156255861482063 -0.06052320117691112
 0.03608254221874049 -0.03012206394549408 -0.02611202134575713 -0.06052320117691114  0.09293380892404372

cov*(cov_.inverse()):
                     1   3.05311331771918e-16 -5.551115123125783e-17 -5.551115123125783e-17                      0
-1.110223024625157e-16                      1 -1.110223024625157e-16  2.220446049250313e-16  4.440892098500626e-16
                     0                      0     0.9999999999999997  4.440892098500626e-16                      0
-2.220446049250313e-16                      0 -4.440892098500626e-16     0.9999999999999996                      0
                     0 -2.220446049250313e-16 -4.440892098500626e-16  4.440892098500626e-16                      1
