5
2

0.1948699346410319
 1.302837039610615
 1.662987759812802
 2.233941739964595
 3.064113474843956

  -0.7037811701922342    0.7086874687771108  -0.03497373002223181 -0.009397851332908108  -0.03380317558746811
  0.06247180258580742   0.02753783342424479   0.02137758484541274    0.4744748040567522   -0.8773571683148559
  -0.5687748618535461   -0.5353714749910117    0.2260490618560697    0.5320732830485029    0.2359499595028732
  -0.2609796169584683   -0.2553062948900603    0.5883434395368482   -0.6294370451574454   -0.3526603729640406
   0.3304150941168086    0.3810509400120256    0.7752894013608403    0.3090183948490508     0.221494971677004

112.3640317520176
129.2471624369668
186.6428788594574
217.4171020120335
 257.711116049237

  2.48461728611383
-11.53457350817358

  -0.1268891397994324    0.1267915915480032 0.0006314699349700015 0.0003725808690995941  0.001023467241446296
    7.370744554975996    -6.355842964634467  -0.03415731180624543  -0.01856195360275399  -0.05412020416673433

 0.006801105086937961 -0.008729807866088247   0.01347703369758139  0.002599331088273949   0.06778113271068814
  -0.3679138846982693    0.5489051129037807    -2.267524126292967    -1.448511189239596   -0.2882342095185282

cov:
 2.285012824258398  2.340710527604219  1.286467389452528 0.9920585512687303 0.6831615226625282
 2.340710527604219  2.501560091447085  1.689443285087187  1.141660903283815 0.8504851171846495
 1.286467389452528  1.689443285087187   7.51294089494457 0.7511004647733481 0.6925256506348941
0.9920585512687303  1.141660903283815 0.7511004647733481    4.0388031859798  1.391013323089731
0.6831615226625282 0.8504851171846495 0.6925256506348941  1.391013323089731  2.541857020142044

cov.inverse():
   13.18779665232622   -12.99628990736974   0.5989844547747677   0.1259966209949608   0.5718971657404432
  -12.99628990736973    13.35834961074711   -0.694736619010068  -0.2259476502759574  -0.6637246696742303
   0.598984454774768  -0.6947366190100684   0.1843381129957683 0.009433113832992673  0.01608255841027905
  0.1259966209949605  -0.2259476502759572 0.009433113832992663   0.3268852348395874  -0.1397188421261982
  0.5718971657404446  -0.6637246696742316   0.0160825584102791  -0.1397188421261982   0.5338628376091875

cov*(cov_.inverse()):
    0.9999999999999964 -3.219646771412954e-15 -3.764349942869671e-16 -4.163336342344337e-17  -3.33066907387547e-16
 1.609823385706477e-15     0.9999999999999979 -1.266348137463069e-16  4.163336342344337e-17                      0
 7.771561172376096e-16  1.665334536937735e-16     0.9999999999999998 -4.163336342344337e-17                      0
-2.220446049250313e-16  -1.77635683940025e-15  1.734723475976807e-17                      1 -1.110223024625157e-16
  1.77635683940025e-15 -1.332267629550188e-15  2.775557561562891e-17                      0                      1
