5
2

0.1615577547527313
0.1625617643301196
 2.369765875793723
 5.387953901021779
 21.41923429352378

   -0.4105721977726543     0.8028431802293847    -0.4305955449291793    0.03821984956423212 -0.0001347654677197712
   -0.4266961375406044       0.19633655107097     0.7286847048903398     -0.498398202588097 -0.0004443391941547995
    0.5424475882438946     0.1964373908546382    -0.2131190408727152    -0.6989415644963878     0.3649985333113551
   -0.4954859272185233    -0.3643825141761458    -0.2095206579218707   -0.02634787336037891     0.7596880693840357
    0.3310667403422534     0.3814872494718757     0.4407804962421802     0.5108081379001014     0.5381913157205956

131.5286111352933
156.3772074254892
185.5798935342995
220.0528386624294
262.8260822099106

  3.993851340837743
0.08656589602238417

 -0.03927971508320389  -0.01423495489407521   0.01214440103216624   0.04130454479513692  0.000173804240654345
    1.947432734879036    0.8759468350163258   -0.2730146038696393    -1.550707426915211 -0.005367817528728329

 2.73544715033434e-05 5.890195602962347e-05   -0.3116634011872413    0.6139495570322414     3.721006410880176
-0.000992408840509816 -0.002247586407221943     13.30115737468589    -34.54932833251547     29.15586179820995

cov:
59.07377552195788 63.77218666500157  69.3101838186973 75.84065304910663 71.92935063123296
63.77218666500157 70.85692954997316 79.12141671130584 88.90757335343525 86.56092545820574
 69.3101838186973 79.12141671130584 90.68421970288767 104.2838302614648 103.7770165811369
75.84065304910663 88.90757335343525 104.2838302614648 122.4782664316194 124.1116239369296
71.92935063123296 86.56092545820574 103.7770165811369 124.1116239369296 150.3887712953818

cov.inverse():
    13.40917543089421    -15.77357894928504    -5.009145292989139     7.379551382530956   0.03197285587341487
   -15.77357894928293     26.16527844930599    -7.835412592312332    -2.550971013608788  -0.00376709550065944
   -5.009145292993035    -7.835412592306924     27.20659874615883    -14.34624942299997  -0.02884658466772356
    7.379551382532757    -2.550971013612101    -14.34624942299845     9.543294879953296  -0.03733515543791847
  0.03197285587341172 -0.003767095500658023  -0.02884658466771809  -0.03733515543792219   0.04424290272088537

cov*(cov_.inverse()):
    0.9999999999999645  9.570122472268849e-14 -3.996802888650564e-15 -2.313704783318826e-13                      0
-2.531308496145357e-14      1.000000000000278 -2.078337502098293e-13 -1.394440118929197e-13                      0
-2.451372438372346e-13 -1.628697177125105e-13       1.00000000000033 -2.358113704303832e-13  8.881784197001252e-16
 1.216804434989172e-13  1.253441794801802e-13 -7.771561172376096e-14     0.9999999999999485                      0
-9.769962616701378e-14  4.096722960866828e-14  1.225686219186173e-13 -2.655653474903374e-13                      1
