7
2

0.03516550246954552
 0.5167662994402179
  2.302260117434283
  2.464998445987773
  3.464500338434191
  8.602822336158679
  12.29929405043758

   -0.4385188246562579      0.815705882628729    -0.3772600100765294 -0.0001217501430724317  3.382355605314943e-05  0.0001484500348423146  -1.61088589155213e-05
   -0.5341355442210414    0.09139071299112803     0.8184532057982867   -0.07392326237226554    -0.1187278809941406   -0.08942215589714321   -0.09446707091236653
   -0.2221949879292594    -0.1541913048702297   -0.07552422288528668     0.7571147408142895     0.3129190910289867    -0.4959693172090601   -0.06343397116362832
    -0.158368825661108    -0.1154685307452582    -0.0653617160618428     0.2144130440125947     0.1372631438036976     0.6216913648974337    -0.7113367010509497
   0.01628032372731296  -0.008050184360703162    -0.0364982712314422     0.4737336701913121    -0.8540112727711335     0.1689209253751968     0.1266684588423399
   -0.6495643023462379    -0.4910057763655171    -0.3064833904816463    -0.1499887138159364    0.02781240253207842     0.2264046822892413     0.4105097463919202
    0.1604690979484932       0.21911693828014     0.2873481861828603     0.3583565929503995     0.3728744791461984     0.5288899507499962     0.5445080816166594

44.79340279187576
71.98109900770565
103.5654058597759
 133.123687806983
154.5040294090365
183.9369424495753
218.6227276923521

 2.109388584405218
-3.032997789420616

  -0.04318690145317075    0.01364279329785774    0.02949867546932435  1.567145292965632e-05  2.076436185490297e-05  2.056544806764652e-06  1.098580306353129e-05
     1.839555264461351   -0.04920222803840765    -0.7884863275998609 -0.0003876860649722931 -0.0006932379614292758 -0.0001708589993853968  -0.000624878246413569

 2.341909775430606e-05    0.01293922770396766    0.02799192041577133     0.0202686556825196   -0.02278297602709539     0.9115135646940433     0.6892015825680303
-0.0006793328534972192    -0.4358807527394716     -1.812682545851914     -1.421531546057864     0.7132448324385156      -68.7797905628604      8.624442977201598

cov:
 35.61571655531667  29.20090367981359  21.73710137594552  14.91453026336321  7.063774142243141  1.986194532762486 -5.719415036969467
 29.20090367981359  25.31627450097843  20.79244602620761  16.51182870656728  11.07635490193306  9.254214311144469  3.667500866772326
 21.73710137594552  20.79244602620761  19.69344611156126  18.36719292902409  15.74562199850966  17.71243403840666  14.58905290303244
 14.91453026336321  16.51182870656728  18.36719292902409  27.10410473929491  16.48554277060438   25.9395805839961   24.5015047223846
 7.063774142243141  11.07635490193306  15.74562199850966  16.48554277060438  30.48078752363047  28.26564664931862  29.56442277193216
 1.986194532762486  9.254214311144469  17.71243403840666   25.9395805839961  28.26564664931862   50.1051911511104  48.18141931689333
-5.719415036969467  3.667500866772326  14.58905290303244   24.5015047223846  29.56442277193216  48.18141931689333  60.61333130761012

cov.inverse():
    156.5921405850441    -289.4286573505672     132.1520672933701    0.1560441564046934    0.2077773869287141      0.12960632837887    0.2130066434277993
   -289.4286573505702     538.1050386117259     -248.565747598728   -0.1305114371730598  -0.02910389037743465   0.06908385433937879  -0.02961164987519417
    132.1520672933744    -248.5657475987335     117.6048493702384   -0.2026518820228456   -0.3769439875065158   -0.3194187423370203   -0.2771056684404603
   0.1560441564043966    -0.130511437172506   -0.2026518820231034    0.1560388490230126   0.04952410766740532  -0.01670685614295825 -0.002553020545264294
   0.2077773869282914    -0.029103890376648   -0.3769439875068797   0.04952410766740507    0.1360547932789686   0.01389418238294173   0.01466874359764739
   0.1296063283785689   0.06908385433993779   -0.3194187423372777  -0.01670685614295852   0.01389418238294157    0.1448978686520671  -0.03027207179510351
   0.2130066434275093  -0.02961164987465511   -0.2771056684407091 -0.002553020545264472   0.01466874359764727  -0.03027207179510346    0.1230259835445504

cov*(cov_.inverse()):
    0.9999999999995757  2.171041124654494e-13 -4.591882429849647e-13 -4.510281037539698e-16  2.359223927328458e-16 -1.110223024625157e-16                      0
 -1.19115828312033e-12      1.000000000000019 -8.004708007547379e-13  2.289834988289385e-16 -8.465450562766819e-16  4.163336342344337e-17                      0
-3.796962744218035e-13 -2.111644192837048e-13      0.999999999999388   7.28583859910259e-16  2.498001805406602e-16  4.996003610813204e-16  6.661338147750939e-16
-1.158184659288963e-12   6.20281603858075e-13 -2.700062395888381e-13      1.000000000000001  6.106226635438361e-16  4.440892098500626e-16  4.440892098500626e-16
-5.551115123125783e-13  1.427746809667951e-13 -3.197442310920451e-14 -4.163336342344337e-17     0.9999999999999993 -2.220446049250313e-16  8.881784197001252e-16
-7.105427357601002e-14 -1.694200335577989e-13  5.559996907322784e-13 -4.996003610813204e-16  2.220446049250313e-16     0.9999999999999993 -8.881784197001252e-16
-2.540190280342358e-13  4.722888746755416e-13   1.13686837721616e-13   6.38378239159465e-16  1.221245327087672e-15  4.440892098500626e-16                      1
