5
2

0.1280947306476924
 1.264141986150687
 4.488967535939761
 7.497142981766767
 40.13545220577299

    -0.231484151160717     0.7933596193792197    -0.5630230901783343 -0.0007155835019797097  0.0002999435837999983
   -0.5978364949913548     0.3055032014604897     0.6764171047900043    -0.1999667444432888    -0.2274478415331834
    0.1841387026360712    0.09662631787277375    0.06176946077095442    -0.8113558565407357     0.5428098199728606
   -0.7248016116301244    -0.4037208841342587    -0.2707433475085109    0.08808722922052417     0.4802194824456454
    0.1725171730226679     0.3239152831282492     0.3851590240011249     0.5421762657681581      0.650395370091462

70.75343656494259
132.2262895993962
157.0669401193751
222.6728043766556
263.3433378080819

   3.119160400923815
-0.01482343665315232

  -0.03969211051969498   0.009896351680760345    0.02968239951918615 -0.0003064492928469111  0.0001858177805582123
      1.89369345073457    -0.1976603091799602    -0.6928814344593783    0.00664689111244683  -0.004400758025631528

5.379596342508369e-06   0.07486800864575315  -0.08402163949873732    0.9442503036979567     12.47632341074843
-0.003364900274111202    -2.655184267422155     5.622532538876777    -62.20373972944054    -5.571200626535651

cov:
78.72554548366215 106.5269315028762 117.6506465449261 144.2627042595531 163.4126583093269
106.5269315028762 178.5214994325114 207.5553140289489  279.220646201577 329.4122812485989
117.6506465449261 207.5553140289489 243.8995540686635 333.8186827949594 396.6500865591262
144.2627042595531  279.220646201577 333.8186827949594 487.2841975456533 561.6095592819412
163.4126583093269 329.4122812485989 396.6500865591262 561.6095592819412 700.3961728803404

cov.inverse():
   3.500427651081138   -11.30071017403993    7.694054469836417  0.07641134963491916   0.0796946311167088
  -11.30071017404009    38.42174850291666   -27.09123090614859 -0.07724162788353334 -0.02969464122860253
   7.694054469836606   -27.09123090614888    19.60712929208328  -0.0628686387971491  -0.1070588685695334
 0.07641134963489246 -0.07724162788344269 -0.06286863879721308  0.05804239283219249 0.007563501411530667
 0.07969463111669356 -0.02969464122854991  -0.1070588685695711 0.007563501411530833  0.05136499051234229

cov*(cov_.inverse()):
    0.9999999999998117 -1.465494392505207e-13  4.618527782440651e-13  4.440892098500626e-16                      0
-1.172395514004165e-13     0.9999999999997069 -5.329070518200751e-13  4.440892098500626e-16  3.552713678800501e-15
 3.907985046680551e-14  -7.65609797781508e-13     0.9999999999999787  -1.77635683940025e-15                      0
-2.344791028008331e-13 -7.460698725481052e-14 -3.126388037344441e-13     0.9999999999999991  3.552713678800501e-15
  1.63424829224823e-13 -7.105427357601002e-15 -3.268496584496461e-13 -2.664535259100376e-15                      1
