5
2

 0.0348183930025617
0.06321957682276691
  1.491417095282704
  5.473564641235234
  7.356037603335462

    0.4100462117111215    -0.8008430346497327     0.4342950927726268   -0.04359245454904005 -9.172987649623151e-05
    0.3074438733044425    -0.2454217766426494    -0.6808209935197247     0.6178422044098878  0.0004489430618362051
     0.401864247332115   0.004675494073921004    -0.4392113431774773    -0.6824039390641043     0.4241480006382058
    -0.515045722114076    -0.4575491209551932    -0.3935507039716381     -0.358767490391041    -0.4917117420675063
    0.5572911266807524     0.2984049715920741   0.009043594644551411    -0.1482614587295981    -0.7604721075117135

48.77632848852942
78.29770262238073
111.2522477404185
129.1183756367752
187.0119475052919

 2.264990572418125
-2.421491480715357

  -0.04276948150104545    0.01408817767618889    0.02540467773860107   0.003233941428630181 -9.149499597613242e-06
     1.820929373707412    -0.0661534700894803    -0.6332847996594111    -0.1200923009128626 -0.0002312786957576751

-2.173415511926318e-05 -0.0001275141383104553   -0.06782058876039525     0.1326757301369277     -1.075398649698922
 0.0006423436428428111   0.003729032805589505      2.427753576357591     -18.43028219596987      54.50635723813006

cov:
 25.11285384139366  16.06241671742067  5.952266913313437 0.4558602670926331 -14.96599576417771
 16.06241671742067  11.09157817258943  5.536550445066539  2.516381671516143 -5.534542821030249
 5.952266913313437  5.536550445066539  5.075849209832136  4.822551734490703  5.011129898680094
0.4558602670926331  2.516381671516143  4.822551734490703  6.083049138675215  10.74240296301248
-14.96599576417771 -5.534542821030249  5.011129898680094  10.74240296301248  38.93740272846191

cov.inverse():
   162.4280170962483   -289.7382320727957    94.44865749483884    32.66394942095777  0.08075949661330918
   -289.738232072783    544.1053994932157   -245.0781027877242   -9.139309903602488    0.037235069765212
   94.44865749480276   -245.0781027876671    271.6459602368631   -120.7233116228133  -0.1867556278326634
   32.66394942098108   -9.139309903646687   -120.7233116227924     97.2922377542002 -0.04945373840919436
 0.08075949661331382  0.03723506976521032  -0.1867556278326794  -0.0494537384091813  0.09969422192230713

cov*(cov_.inverse()):
     1.000000000000096  4.557465516086268e-13 -3.863576125695545e-14    1.2445600106048e-13  4.440892098500626e-16
 8.876233081878127e-14      1.000000000000033  1.036948304999896e-13  2.642330798607873e-14   3.33066907387547e-16
 4.457545443870004e-14 -3.564926132071378e-13      1.000000000000086 -5.440092820663267e-14  5.551115123125783e-17
 1.637578961322106e-13  8.409939411535561e-14  -2.97539770599542e-13      1.000000000000068                      0
 5.071498776487715e-13 -7.838174553853605e-14 -1.056932319443149e-13 -1.891820033961267e-13                      1
