5
2

               nan
               nan
0.1522109392081262
 0.822773128507264
 3.214790314323142

                   0  -0.2316581597718208 -0.02688917655679218  -0.8599116768547022   0.4540521745396288
  -0.944377470024489   0.2822512352453441  -0.1540178072153664 -0.04250918058909629  0.05437755914747123
 -0.2734664749938994  -0.9230102949828627 -0.08143643387201041   0.2578342179311686   0.0125580934895374
 -0.1758374484547812 -0.04920187281670019   0.9799553093276268 -0.05009973160120843 -0.06195140068088821
 0.04948204609218022   0.1109049515602837  0.09279647732254274   0.4356103884572629   0.8870648353410149

60.60866924353459
 93.3219167906271
 128.806924727616
158.1394592795892
215.2441132764468

2.078709359182596
-13.9990656375885

  0.08257310983371746   0.00139474641402122   0.01862150460681037 0.0008949286461456093 -0.008014918126217395
   -1.882223523015158  -0.08080396179230898   -0.6435433841695956    -0.735140210246256    0.6186248229220248

 3.885908064824323e-18  2.518594083270304e-17 -0.0005851056551252933   0.002783555504004971  -0.007764914044110718
 -7.04813344906706e-16 -5.971325069088594e-16    0.01065597381660209    -0.2011891899776413      0.689431614114811

cov:
 0.04796793300235829  0.06842041308330436 -0.06867691888094755   0.2270971802265946   0.4609316065017527
 0.06842041308330436   0.1484949031263719  0.07546393016800798   0.4954468892412063    1.018538860042824
-0.06867691888094755  0.07546393016800798   0.7392380797276288   0.3840459178070198   0.8096093978154133
  0.2270971802265946   0.4954468892412063   0.3840459178070198    1.964348450219007    3.995723981963962
  0.4609316065017527    1.018538860042824   0.8096093978154133    3.995723981963962    8.134951189998771

cov.inverse():
-2.409441030284317e+17  7.729692311974698e+16  -3.86819884661003e+16       8770937636357050       3515680351274286
 7.556863881287314e+16 -2.432706728759983e+16   1.21222966293178e+16      -3062697610179164     -937994772354335.6
-3.888259500598494e+16  1.246411757816127e+16      -6243476247198019       1379225076183884      586457508038359.8
      2355571746075284      -1067507173516155      341977790679763.7      -1243218421539733      576798703452328.2
      6903133866970622      -2049936611918571       1127363750253502      359879016761501.6     -423436343713029.8

cov*(cov_.inverse()):
       1     0.25  -0.0625  -0.0625 -0.03125
       0     0.25    -0.25  -0.1875   0.0625
      -3    -2.25     0.75    0.125        0
       0        3       -1     1.25        0
     -16        4       -2        0        1
