6
2

0.05511685727874269
 0.6957335041926962
  2.107823017225435
  3.066739212539894
  4.521013208865741
  10.61066008626219

   0.2867504509659893   -0.8063214016541723    0.5173187072212382 0.0004621217598826967 0.0006493110779802106 0.0008343277550030635
   0.5925870934556662    -0.258335369996724   -0.7316016094570444   0.05373067402674221    0.1102390540097531     0.178389528722824
  -0.1893827648263662   -0.1473525112106476   -0.1248095370170464    0.8832077377984439   -0.3557008525916918   -0.1423551216315263
   0.3626857769443253    0.2668714104341594    0.2150206568501732  -0.04678840733845603   -0.6992783429852502    0.5097307510769065
  -0.6201804086521597   -0.4312327374279395   -0.3283157398158197   -0.3122262878448234   -0.2983384914670894    0.3676033889552984
   0.1207649446388331  -0.06491415674805642   -0.1659455084818846   -0.3426112711549912   -0.5322854275411325   -0.7436086397559351

78.27811664216887
111.2516292480392
129.1216865254427
155.1679304632432
187.0242795662989
221.0092708118849

 2.266608795976974
-2.498968804971488

  -0.06207274090053799    0.04983291793870342    0.01214649587042468  5.604597145657773e-05  1.062288164400006e-05  2.046751465462071e-05
     3.178268397312308     -1.674946623444886    -0.4999660418041108  -0.001438508521434956 -0.0009666388434360074  -0.001291290524623012

-0.0001570488884012243   -0.02833390606419734    0.01305911816826466   -0.06208909889837769     0.2658304255008879     -1.439616670057387
  0.006085672927987196      1.297947860063844     -1.303747507198143      5.626939619276677     -22.16462687951002        65.016885717025

cov:
  11.0702193597234  5.543281230946655  2.534585024735676 -1.587776584756826 -5.509731780704152 -12.86061031671308
 5.543281230946655  5.075961998825741  4.818250458718919  4.553610478005325   4.98375533944878  3.544739405549492
 2.534585024735676  4.818250458718919   6.06751904556502   7.89289619621053  10.69090474731709  12.47267604749625
-1.587776584756826  4.553610478005325   7.89289619621053  18.69590314513773  21.35071659650071  25.55919029858181
-5.509731780704152   4.98375533944878  10.69090474731709  21.35071659650071  38.88492495628994  39.20350218866331
-12.86061031671308  3.544739405549492  12.47267604749625  25.55919029858181  39.20350218866331  67.56602964188193

cov.inverse():
   27.83342499444129   -76.39697166195859     47.9584909708188   0.0790541975356439    0.192925425148357   0.3109188662933865
  -76.39697166195863    214.1760795214678   -136.9007976132177   -0.175169062991697  -0.2326213765560032  -0.3047984246305434
   47.95849097081887   -136.9007976132178    89.21393902102145 -0.02287594941324012 -0.05646607151902407  -0.1167019309163198
 0.07905419753563687  -0.1751690629916776 -0.02287594941325236   0.1876522823942186 -0.04871815462859305 -0.01425834704565381
   0.192925425148356  -0.2326213765559997  -0.0564660715190268 -0.04871815462859297   0.1125870208126383  0.01245292883962864
  0.3109188662933797  -0.3047984246305243  -0.1167019309163322 -0.01425834704565377  0.01245292883962857   0.1096831672103609

cov*(cov_.inverse()):
     1.000000000000167 -1.496580637194711e-13 -1.121325254871408e-13  2.498001805406602e-16  1.110223024625157e-16  8.881784197001252e-16
 7.571721027943568e-14     0.9999999999999598 -7.482903185973555e-14  2.012279232133096e-16  6.938893903907228e-17  3.885780586188048e-16
  1.06137321154165e-13  1.909583602355269e-14     0.9999999999998541  1.665334536937735e-16  1.665334536937735e-16  2.220446049250313e-16
-8.881784197001252e-15  8.881784197001252e-14 -1.234568003383174e-13      1.000000000000001  1.110223024625157e-16                      0
-7.105427357601002e-15   1.35003119794419e-13 -1.643130076445232e-13                      0                      1                      0
-3.552713678800501e-14  2.486899575160351e-14  8.615330671091215e-14 -4.440892098500626e-16  9.992007221626409e-16      1.000000000000001
