7
2

0.03477208433259522
0.06324989664825989
 0.9620102536518784
  2.130832605131852
  3.203644943192837
  5.757526631754985
  11.09811164478838

    0.4100390902067374    -0.8010413644872323     0.4340087374753953   -0.04286090214019533  2.069343802415234e-05 -7.960018707424093e-05 -0.0001702386486459391
    0.3079935921417108    -0.2447631662690267    -0.6818339885703837     0.6167111311432321  0.0003949010719533578   0.000498361100368833  0.0005727837290338869
    0.4803492863129493    0.04839200143322723    -0.4335596264408456    -0.7004329255562798    0.09422911196097108     0.1537732386756116       0.23625666123801
   -0.1073071945975443   -0.08953903921943226   -0.06991855335814516   -0.05934216533687867      0.885989430182326     -0.402089425484695    -0.1593883724469408
    0.1886788913188417     0.1581569552590011     0.1242429706669101      0.105967944722524    -0.1456405075363978    -0.6964527393054376     0.6375449449909663
   -0.5973394963867761    -0.4900276120413015    -0.3702410441416348    -0.3051138373924129    -0.2961609769763534    -0.2894446203413499    0.03736399911605538
    0.3199115859974552     0.1514067911675126   -0.03689888229699603    -0.1392080777991166    -0.3118027677396735    -0.4958356824090307    -0.7147853904309376

48.75184674081898
 78.2862409053932
111.2531075731275
129.1210943628131
 155.166507823765
187.0238047222149
221.0111363719876

 2.266222888412283
-2.475394755478727

    -0.042666463384358    0.01395835835088366    0.02527970551916135   0.003384700696381444  3.622408085596825e-05 -9.810403441787643e-06 -1.328029157887135e-05
     1.819287856145252   -0.06769142378499893    -0.6220669830370472    -0.1276667271548624 -0.0008945530869589324 -0.0001303698791535468  2.206161243301086e-05

-2.158190656123586e-05 -0.0001268440898579435   -0.03068058537835628   0.006349271656802884   -0.02411950860583402     0.2733374533897487     -1.593427219569656
 0.0006477042396315249   0.003689746277297476      1.137990809149349    -0.6303742580450905      2.483466382400926     -25.98859689451109      75.47936339477587

cov:
 25.06530105605941  16.03974364343528  5.958619010743406 0.4799226345565853 -7.093381220240992 -14.89038665601134 -27.48719402770674
 16.03974364343528  11.07981411626628   5.53700915827838  2.524446917256473 -1.596199152267863 -5.504991459871333 -12.82634986119976
 5.958619010743406   5.53700915827838  5.068400402451202  4.810682814869659  4.547111211862284  4.983722889808557  3.558722556939401
0.4799226345565853  2.524446917256473  4.810682814869659  6.059659536860821  7.883416655507751  10.68031960790604  12.46097950721387
-7.093381220240992 -1.596199152267863  4.547111211862284  7.883416655507751  18.67213531494428  21.32067988567253  25.51034614597874
-14.89038665601134 -5.504991459871333  4.983722889808557  10.68031960790604  21.32067988567253  38.79257949534186  39.06173434335592
-27.48719402770674 -12.82634986119976  3.558722556939401  12.46097950721387  25.51034614597874  39.06173434335592  67.31376696217571

cov.inverse():
   163.0344636176109   -290.4600775772952    94.47713524038352    32.58884699448982  0.06723896705075384  0.09181423385664454   0.1219480044034004
  -290.4600775773073      545.68856361678   -245.8335461304848   -9.365497045156562 -0.04866501771672091  0.03115212139727076   0.1016312267363765
   94.47713524041829   -245.8335461305399    272.2068116014747   -120.1604609053113  -0.1160265489380048  -0.1844081082249717  -0.2594420913143409
   32.58884699446709   -9.365497045113532   -120.1604609053315    97.12441278706096 -0.02117876815114681 -0.03544627246005705 -0.07534692539605026
 0.06723896705068731 -0.04866501771657307  -0.1160265489381258 -0.02117876815110726   0.1880210082361456 -0.04903191421011877 -0.01456431509782402
 0.09181423385665101  0.03115212139725275  -0.1844081082249503 -0.03544627246006671 -0.04903191421011883   0.1130093859957295  0.01274204023893767
  0.1219480044034921   0.1016312267362136  -0.2594420913142895  -0.0753469253960307 -0.01456431509782404  0.01274204023893778   0.1098075461742539

cov*(cov_.inverse()):
    0.9999999999993743   3.04645197957143e-13   1.35003119794419e-13 -1.105782132526656e-13 -3.885780586188048e-16 -5.551115123125783e-17  4.440892098500626e-16
-1.572075802869222e-13     0.9999999999988394 -2.606803661819868e-13 -2.494671136332727e-13 -2.775557561562891e-16  2.775557561562891e-17  6.661338147750939e-16
-1.068034549689401e-13 -2.652877917341812e-13      1.000000000000133 -1.766919943690937e-13  4.163336342344337e-17 -1.942890293094024e-16  3.885780586188048e-16
-1.287858708565182e-13  3.153033389935445e-14  -2.41140440948584e-13     0.9999999999999369 -1.665334536937735e-16 -2.220446049250313e-16  2.220446049250313e-16
 7.105427357601002e-15  5.520028878436278e-13 -3.144151605738443e-13 -8.948397578478762e-14                      1 -2.220446049250313e-16 -4.440892098500626e-16
 4.929390229335695e-13 -3.952393967665557e-14 -1.332267629550188e-13 -8.881784197001252e-16   3.33066907387547e-16     0.9999999999999996                      0
 1.037392394209746e-12 -4.698463840213662e-13  2.131628207280301e-13 -4.973799150320701e-14  4.440892098500626e-16   3.33066907387547e-16     0.9999999999999991
