5
2

0.6489780313862676
 2.401200576479088
  2.48275076292029
 7.390162250042519
 11.24075560772032

 0.5114601005188485 -0.8384288537387964 0.04824416778583375  0.1254911302230184  0.1317956725598356
-0.1431100204825623 -0.1013238831629183  0.6450069737323536 -0.6733889805048647  0.3158580021299406
-0.3066987016358849 -0.1880574772254821  0.6016542269507207  0.3895915796230811 -0.5973281208461328
-0.7833993152654934 -0.4200425420012504 -0.2728762623202418  0.1298107872893892  0.3442927253314077
  0.100744761010927  0.2738049964623561  0.3810370595699955  0.6018029725417362  0.6383770504296677

44.81668320176728
103.6013832419341
133.1233140299712
183.9495332939191
 218.637044336326

2.109894716972854
-3.02224678894745

  -0.03586197660659127    0.03583441343978506  9.844163036582237e-06  2.099969520660133e-06  1.273626839654214e-05
     1.813659656742987    -0.8125888599020313 -0.0001125965599256748 -0.0001903252034909514 -0.0005987791195106625

-0.02037807662141024 0.008707944867634342  0.02625285161182457    0.712404684367048   0.7848995906134099
   0.677584090089599   -1.022568682502716   -2.485455696942404   -58.96716323229242    -5.09384235673661

cov:
 35.60822205149746  21.71544311123771  14.86617618238503  1.952885480778204 -5.707273399674034
 21.71544311123771  19.68190698179922  18.35115865959171  17.73984735196168  14.64875834337571
 14.86617618238503  18.35115865959171  27.04304711176199  25.98279795035031  24.56623973216439
 1.952885480778204  17.73984735196168  25.98279795035031  50.23846240800317  48.32958679043653
-5.707273399674034  14.64875834337571  24.56623973216439  48.32958679043653  60.74843420587413

cov.inverse():
   0.6512325846974945    -1.000049192088532   0.01685894262669939    0.1483401478068349    0.1775002536421002
   -1.000049192088532     1.680403775777871   -0.1228060199120591   -0.2495619664761449   -0.2509574829082743
  0.01685894262669941   -0.1228060199120591     0.138920248863013  -0.02176323288919876 -0.007667124049316343
   0.1483401478068347   -0.2495619664761445  -0.02176323288919878    0.1438351306582949  -0.03151457220089804
   0.1775002536421003   -0.2509574829082745 -0.007667124049316322  -0.03151457220089797    0.1218253071733496

cov*(cov_.inverse()):
    0.9999999999999982 -1.554312234475219e-14  2.151057110211241e-16 -1.387778780781446e-16  6.661338147750939e-16
 8.881784197001252e-16     0.9999999999999933 -1.387778780781446e-16 -3.885780586188048e-16 -4.440892098500626e-16
 -1.77635683940025e-15 -4.440892098500626e-15     0.9999999999999996 -5.551115123125783e-16 -4.440892098500626e-16
-3.552713678800501e-15  3.552713678800501e-15                      0     0.9999999999999998                      0
  1.77635683940025e-15 -3.552713678800501e-15  4.996003610813204e-16 -2.220446049250313e-16      1.000000000000001
