5
2

0.03572152764202039
 0.6991023041256409
  2.435811964398622
  8.295074213993729
  20.67603507441066

   -0.438654952238543    0.8156563092224172   -0.3772089590811098 8.607917023175358e-05   0.00010900269887971
  -0.5359760217660779   0.08141966173828812    0.7992477880821175    -0.126220844304929   -0.2266535119582866
   0.1633517224452181    0.1302921496146273   0.09171325948788066   -0.8573548307000106    0.4613800416494469
  -0.6735266568838968   -0.4801385354351124   -0.2548304930576283   0.04013056373016511    0.4992792674643436
   0.1999739838313778    0.2838425028904454    0.3815317447826629    0.4973937305428999    0.6974789200278455

 42.5608042369137
67.37198190181057
96.24650468350347
131.9375024744203
185.5675493340634

 1.926390671010938
-1.133414532082658

  -0.04207332175701854    0.01146243309107287    0.03059925135531613  9.522784979148612e-06  7.199713414673958e-06
     1.804711804728067    0.01973795947207081    -0.8238972066737595 -0.0003162819054245876 -0.0003200224327621695

 2.075173809710732e-05    0.02342897601097499   -0.01529437353025303      1.034896982643916      2.789127946386053
-0.0005930529813011454    -0.7937500034666877      1.316784431403652     -69.85529804405394      22.13348169090276

cov:
 48.6085060418858 46.62141528621431 44.30624692601832 39.86377680125184  36.9943155441803
46.62141528621431 50.40946583857421 54.81718222203189 58.36124977820384  68.4863555525109
44.30624692601832 54.81718222203189 67.06004398136211 79.90751356782704 105.1696956599152
39.86377680125184 58.36124977820384 79.90751356782704 110.2431612176884  147.354138443768
 36.9943155441803  68.4863555525109 105.1696956599152  147.354138443768 226.4087055194912

cov.inverse():
    151.3936385483093    -280.4758197255657      128.800346891872   0.08506291452472266    0.2192275321853728
   -280.4758197255653     521.3999460489475    -240.9805414182861   0.01521882436111871   0.03902911516837784
    128.8003468918711    -240.9805414182847     112.8171867493246   -0.2448136200955207   -0.3969658749124521
  0.08506291452516926    0.0152188243602871   -0.2448136200951352     0.157094424457864 -0.007025638723265963
   0.2192275321853746   0.03902911516837512   -0.3969658749124516 -0.007025638723265489    0.1457581004110221

cov*(cov_.inverse()):
    0.9999999999996323  1.780131597683976e-12 -7.407408020299044e-13  -1.27675647831893e-15 -8.881784197001252e-16
 -1.34470212742599e-12      1.000000000002112 -2.046363078989089e-12  2.498001805406602e-15                      0
-1.698197138466639e-12  2.864375403532904e-12     0.9999999999983231  8.881784197001252e-16   1.77635683940025e-15
 1.101341240428155e-12 -2.230216011867014e-12  5.115907697472721e-13      1.000000000000001                      0
-3.055333763768431e-13 -3.078426402680634e-12  7.815970093361102e-13  -1.77635683940025e-15                      1
