5
2

8.018561187306246e-05
0.0001104501306667746
0.0004938804900498923
 0.008455550468678873
   0.5152606566121802

   0.1180987616416074    0.2883991713885634    -0.842607447949723    0.4391831528528649 -0.003073654336621587
    -0.57438903396258    0.7754615541963387   0.05086495145826868   -0.2571424736945014  0.005207740618894329
   0.3525231172851512   0.05035363721623546   -0.2906757205717934   -0.6815607339613183    0.5693632885872015
  -0.5767615471121775   -0.3367727380372461  -0.05484619433314813    0.2758393442153114    0.6890825725830694
   0.4463221815175442    0.4466922095131962    0.4471296968554451     0.447642188111739    0.4482790267881505

 0.399150599136435
0.3991420501530449
0.3991369399583997
0.3991337253990798
0.3991112744518042

8.229654858668663e-05
    0.399166019375084

0
0
0
0
0

0
0

0
0
0
0
0

0
0

0
0
0
0
0

0
0

0
0
0
0
0

0
0

0
0
0
0
0

0
0

0
0
0
0
0

0
0

0
0
0
0
0

0
0

0
0
0
0
0

0
0

0
0
0
0
0

0
0

0
0
0
0
0

0
0

0
0
0
0
0

0
0

0
0
0
0
0

0
0

0
0
0
0
0

0
0

0
0
0
0
0

0
0

0
0
0
0
0

0
0

0
0
0
0
0

0
0

0
0
0
0
0

0
0

0
0
0
0
0

0
0

0
0
0
0
0

0
0

0
0
0
0
0

0
0

0
0
0
0
0

0
0

0
0
0
0
0

0
0

0
0
0
0
0

0
0

0
0
0
0
0

0
0

0
0
0
0
0

0
0

0
0
0
0
0

0
0

0
0
0
0
0

0
0

0
0
0
0
0

0
0

0
0
0
0
0

0
0

0
0
0
0
0

0
0

0
0
0
0
0

0
0

0
0
0
0
0

0
0

0
0
0
0
0

0
0

0
0
0
0
0

0
0

0
0
0
0
0

0
0

0
0
0
0
0

0
0

0
0
0
0
0

0
0

0
0
0
0
0

0
0

0
0
0
0
0

0
0

0
0
0
0
0

0
0

0
0
0
0
0

0
0

0
0
0
0
0

0
0

0
0
0
0
0

0
0

0
0
0
0
0

0
0

0
0
0
0
0

0
0

0
0
0
0
0

0
0

0
0
0
0
0

0
0

0
0
0
0
0

0
0

0
0
0
0
0

0
0

0
0
0
0
0

0
0

0
0
0
0
0

0
0

0
0
0
0
0

0
0

0
0
0
0
0

0
0

0
0
0
0
0

0
0

0
0
0
0
0

0
0

0
0
0
0
0

0
0

0
0
0
0
0

0
0

0
0
0
0
0

0
0

0
0
0
0
0

0
0

0
0
0
0
0

0
0

0
0
0
0
0

0
0

0
0
0
0
0

0
0

0
0
0
0
0

0
0

0
0
0
0
0

0
0

0
0
0
0
0

0
0

0
0
0
0
0

0
0

0
0
0
0
0

0
0

0
0
0
0
0

0
0

0
0
0
0
0

0
0

0
0
0
0
0

0
0

0
0
0
0
0

0
0

0
0
0
0
0

0
0

0
0
0
0
0

0
0

0
0
0
0
0

0
0

0
0
0
0
0

0
0

0
0
0
0
0

0
0

0
0
0
0
0

0
0

   3.469019054155564    4.881201604468543    2.515451133439272   -10.70533640844307  -0.1602706248418625
   1.937233580668237   0.7373576939624168  0.06417920024788842   -1.705450723173853 -0.03368561234622774

 -3.21694123500941e-08  5.700125033542803e-08  1.937342575190645e-06 -0.0004894644738598204  -0.002808494139189006
-2.324613953737101e-09 -1.211387552692181e-09  4.499265955493537e-07 -0.0001331838258284916     0.1179233209981862

cov:
0.05291105847153748 0.05294497361133702 0.05298516323856779 0.05303222448777144 0.05309075185774363
0.05294497361133702 0.05298308759340423 0.05302816955020755 0.05308098029640768 0.05314657242607543
0.05298516323856779 0.05302816955020755 0.05307902803172881 0.05313858975415579 0.05321248231958599
0.05303222448777144 0.05308098029640768 0.05313858975415579 0.05320608853077088 0.05328971407636261
0.05309075185774363 0.05314657242607543 0.05321248231958599 0.05328971407636261 0.05338604050560419

cov.inverse():
 29727882.83197682 -31139166.54319772 -18291261.68783652  19186794.21284509  515658.7854952803
-31139166.54265897  62241157.03758673 -34620752.66284347  3211492.048770186  307464.2614775369
-18291261.68868331 -34620752.66163378  110981051.7467723 -57814498.49840078 -254523.1871799558
 19186794.21302655  3211492.048236044 -57814498.49796496  37324119.47334592 -1907985.683709667
  515658.785621871  307464.2613407157 -254523.1872528311 -1907985.683626562  1339365.819270157

cov*(cov_.inverse()):
     1.000000000254659  -3.92901711165905e-10  4.711182555183768e-10 -5.529727786779404e-10                      0
 1.600710675120354e-10      1.000000000211003  2.401066012680531e-10  1.455191522836685e-10  1.455191522836685e-11
 3.492459654808044e-10 -2.091837814077735e-10     0.9999999998653948 -1.164153218269348e-10  1.455191522836685e-11
 2.946762833744287e-10  4.765752237290144e-10  1.637090463191271e-11     0.9999999997671694                      0
 2.219167072325945e-10  5.093170329928398e-11 -1.637090463191271e-11  7.275957614183426e-11                      1
