5
1

 0.000628671183270306
0.0007243217468526771
 0.002021028415003612
  0.04708637007605105
   0.5980046025353508

 0.1477715114362368   0.424652126623492 -0.5609974076858748 -0.4970363611031189  0.4858712957904535
 0.1263216268370349  0.1796264629857915 -0.6633716913738692  0.6519365393672615 -0.2944383264965182
 0.6818148637151044 -0.6882618678829816 -0.1603008019423907 -0.0207363048557909  0.1878769581213662
-0.5561930341209288 -0.3479689746608498 -0.1502766892041685  0.3459579733129453  0.6536795077496818
 0.4335714790130974  0.4388827850816962  0.4437797620802023   0.455869159673405  0.4632931097825994

0.4027502877605945
0.4028860767944931
 0.402843745547262
0.4028153324755931
0.4027450190891407

0.0008359230964893175

 1.007354058277451  7.307454135546424 -6.048956853871526   8.95910164074602 -11.22831764335845

-1.289660088424756e-06  7.659449003997508e-06 -2.315241138269222e-05     -0.014265615341723   -0.05662849635933695

cov:
0.06791273178080792 0.06847567859901493    0.06899252398029 0.07025552411491097 0.07102771103869879
0.06847567859901493  0.0691525410398335 0.06976686805023904  0.0712811844369777 0.07220844830140205
   0.06899252398029 0.06976686805023904 0.07047831627430065 0.07223100200613841 0.07330662930524434
0.07025552411491097  0.0712811844369777 0.07223100200613841 0.07458290722428007 0.07602868088784956
0.07102771103869879 0.07220844830140205 0.07330662930524434 0.07602868088784956 0.07770513900648314

cov.inverse():
 199617.6409245816  87222.63077894039 -396195.7147334444 -32413.26418029805  141966.3526647413
 87222.63077961147  633797.4817667911 -802852.8867595784 -307390.8405249522  389474.9170342339
 -396195.714734795 -802852.8867591679  1641383.276919411 -118027.5303778375 -324781.1200188553
-32413.26417895283 -307390.8405233833 -118027.5303818122  1435347.363251776 -977759.1497758296
 141966.3526640749  389474.9170329255 -324781.1200158187 -977759.1497768923   771382.997762817

cov*(cov_.inverse()):
     1.000000000001819 -1.091393642127514e-11  1.455191522836685e-11 -1.455191522836685e-11  7.275957614183426e-12
 1.818989403545856e-12                      1                      0                      0                      0
 1.818989403545856e-12 -7.275957614183426e-12      0.999999999996362 -1.455191522836685e-11 -7.275957614183426e-12
 1.818989403545856e-12 -3.637978807091713e-12  7.275957614183426e-12     0.9999999999708962  1.455191522836685e-11
 1.818989403545856e-12 -3.637978807091713e-12 -7.275957614183426e-12                      0      0.999999999992724
