5
1

0.0005624038210874065
0.0006522673018241286
 0.001804566617192671
  0.04247447706647375
   0.5941573819552614

  0.1465188285873755   0.4261342995982491  -0.5613195490765288   -0.496374707282722   0.4852569477810775
  0.1261945499591161   0.1792480187247182  -0.6628430444239598   0.6523835808435783  -0.2949234565923264
  0.6821595541454271   -0.687401771175131  -0.1614033839131374 -0.02176447093717797   0.1887124880330333
 -0.5542111968526813  -0.3461646541373263  -0.1483592955259503   0.3479905298649497    0.655676819831584
  0.4360223164027618   0.4403731868545708   0.4444073912253612   0.4543530701391136   0.4604577659001419

0.4034297308334243
0.4036023900019349
0.4035861921414496
0.4036080354695599
0.4035792587120114

0.0001359760865911928

0
0
0
0
0

0

0
0
0
0
0

0

0
0
0
0
0

0

0
0
0
0
0

0

0
0
0
0
0

0

0
0
0
0
0

0

0
0
0
0
0

0

0
0
0
0
0

0

0
0
0
0
0

0

0
0
0
0
0

0

0
0
0
0
0

0

0
0
0
0
0

0

0
0
0
0
0

0

0
0
0
0
0

0

0
0
0
0
0

0

0
0
0
0
0

0

0
0
0
0
0

0

0
0
0
0
0

0

0
0
0
0
0

0

0
0
0
0
0

0

0
0
0
0
0

0

0
0
0
0
0

0

0
0
0
0
0

0

0
0
0
0
0

0

0
0
0
0
0

0

0
0
0
0
0

0

0
0
0
0
0

0

0
0
0
0
0

0

0
0
0
0
0

0

0
0
0
0
0

0

0
0
0
0
0

0

0
0
0
0
0

0

0
0
0
0
0

0

0
0
0
0
0

0

0
0
0
0
0

0

0
0
0
0
0

0

0
0
0
0
0

0

0
0
0
0
0

0

0
0
0
0
0

0

0
0
0
0
0

0

0
0
0
0
0

0

0
0
0
0
0

0

0
0
0
0
0

0

0
0
0
0
0

0

0
0
0
0
0

0

0
0
0
0
0

0

0
0
0
0
0

0

0
0
0
0
0

0

0
0
0
0
0

0

0
0
0
0
0

0

0
0
0
0
0

0

0
0
0
0
0

0

0
0
0
0
0

0

0
0
0
0
0

0

0
0
0
0
0

0

0
0
0
0
0

0

0
0
0
0
0

0

0
0
0
0
0

0

0
0
0
0
0

0

0
0
0
0
0

0

0
0
0
0
0

0

0
0
0
0
0

0

0
0
0
0
0

0

0
0
0
0
0

0

0
0
0
0
0

0

0
0
0
0
0

0

0
0
0
0
0

0

0
0
0
0
0

0

0
0
0
0
0

0

0
0
0
0
0

0

0
0
0
0
0

0

0
0
0
0
0

0

0
0
0
0
0

0

0
0
0
0
0

0

0
0
0
0
0

0

0
0
0
0
0

0

0
0
0
0
0

0

  1.06973229888059  7.348273250293513 -6.125615906175941  8.787230858687131 -11.08276317667328

-9.530793732146178e-07  6.174888332298411e-06 -1.828664856705418e-05   -0.01161217760118122   -0.04606892683428486

cov:
0.06767078170275369 0.06812945312563759 0.06855372506627751 0.06958873510047012 0.07022123042738812
0.06812945312563759 0.06867902806777951 0.06918128697270812 0.07041728219520604 0.07117376557245914
0.06855372506627751 0.06918128697270812 0.06976139055687626 0.07118842365688528 0.07206379444772607
0.06958873510047012 0.07041728219520604 0.07118842365688528 0.07309563648131767 0.07426754632444439
0.07022123042738812 0.07117376557245914 0.07206379444772607 0.07426754632444439 0.07562423713664056

cov.inverse():
 248371.6018182679  106676.2634460623 -490392.1643837088 -41096.22123273033  176638.1427873786
 106676.2634469879  794800.6617304012 -1001404.705050487 -389358.9294182973  489550.2037631458
 -490392.164386684 -1001404.705054267  2036850.955243856 -134451.0278779267 -411087.4621585999
-41096.22122797321 -389358.9294047883 -134451.0279019065  1779543.382501481 -1214892.268026859
 176638.1427846707  489550.2037543408 -411087.4621413708 -1214892.268032579  960085.2021980211

cov*(cov_.inverse()):
                     1 -1.455191522836685e-11                      0  1.455191522836685e-11  1.455191522836685e-11
 1.818989403545856e-12                      1  3.637978807091713e-12 -1.455191522836685e-11  4.365574568510056e-11
                     0  7.275957614183426e-12     0.9999999999745341  1.455191522836685e-11  1.455191522836685e-11
 3.637978807091713e-12 -2.182787284255028e-11  3.637978807091713e-12      1.000000000014552                      0
 1.818989403545856e-12 -7.275957614183426e-12                      0                      0                      1
