5
2

  0.00010066783356431
0.0002357569854375751
0.0007079436031572215
  0.01876377988914518
   0.5182145492004058

 -0.4349162112269399   0.8019915771238492  -0.4082343470860351  0.01174337716347482  0.02939745544158581
 -0.5023838907220205   0.1427839499539574   0.7912365791400441  -0.1524995865904665  -0.2791267129800519
 0.06390470973602794  0.06643349875965987  0.08173769610349466   -0.799723972661712   0.5875910949818473
 -0.5967621746741989  -0.3647910736269251 -0.02622502815094937   0.3687489390176242   0.6116689033718286
  0.4452520752412997   0.4460227759908824   0.4471248043043172    0.448410254907355   0.4492459520802055

0.3944548123365313
0.3945148356972603
0.3946274491948782
0.3946254309246572
0.3946292190786462

-5.222510491171106e-05
    0.3946271257871832

0
0
0
0
0

0
0

0
0
0
0
0

0
0

0
0
0
0
0

0
0

0
0
0
0
0

0
0

0
0
0
0
0

0
0

0
0
0
0
0

0
0

0
0
0
0
0

0
0

0
0
0
0
0

0
0

0
0
0
0
0

0
0

0
0
0
0
0

0
0

0
0
0
0
0

0
0

0
0
0
0
0

0
0

0
0
0
0
0

0
0

0
0
0
0
0

0
0

0
0
0
0
0

0
0

0
0
0
0
0

0
0

0
0
0
0
0

0
0

0
0
0
0
0

0
0

0
0
0
0
0

0
0

0
0
0
0
0

0
0

0
0
0
0
0

0
0

0
0
0
0
0

0
0

0
0
0
0
0

0
0

0
0
0
0
0

0
0

0
0
0
0
0

0
0

0
0
0
0
0

0
0

0
0
0
0
0

0
0

0
0
0
0
0

0
0

0
0
0
0
0

0
0

0
0
0
0
0

0
0

0
0
0
0
0

0
0

0
0
0
0
0

0
0

0
0
0
0
0

0
0

0
0
0
0
0

0
0

0
0
0
0
0

0
0

0
0
0
0
0

0
0

0
0
0
0
0

0
0

0
0
0
0
0

0
0

0
0
0
0
0

0
0

0
0
0
0
0

0
0

0
0
0
0
0

0
0

0
0
0
0
0

0
0

0
0
0
0
0

0
0

0
0
0
0
0

0
0

0
0
0
0
0

0
0

0
0
0
0
0

0
0

0
0
0
0
0

0
0

0
0
0
0
0

0
0

0
0
0
0
0

0
0

0
0
0
0
0

0
0

0
0
0
0
0

0
0

0
0
0
0
0

0
0

0
0
0
0
0

0
0

0
0
0
0
0

0
0

0
0
0
0
0

0
0

0
0
0
0
0

0
0

0
0
0
0
0

0
0

0
0
0
0
0

0
0

0
0
0
0
0

0
0

0
0
0
0
0

0
0

0
0
0
0
0

0
0

0
0
0
0
0

0
0

0
0
0
0
0

0
0

0
0
0
0
0

0
0

0
0
0
0
0

0
0

0
0
0
0
0

0
0

0
0
0
0
0

0
0

0
0
0
0
0

0
0

0
0
0
0
0

0
0

0
0
0
0
0

0
0

0
0
0
0
0

0
0

0
0
0
0
0

0
0

0
0
0
0
0

0
0

0
0
0
0
0

0
0

0
0
0
0
0

0
0

0
0
0
0
0

0
0

0
0
0
0
0

0
0

   2.742241629616614    2.475264474641828    -3.96293174147482  -0.5897083485798104  -0.6650527628295655
  0.9927927701269246   0.8963018328203778  -0.7194243133515417 -0.08827596283467831 -0.08123627944991454

 2.415771028018382e-08   -2.1589367601765e-07  4.840764575808149e-08  -0.001077271141550175  -0.002716481153428707
 5.850505058832041e-09 -5.023905117681224e-08  4.362667848423765e-08 -0.0003460231522717267      0.119251403696408

cov:
0.05336455174968215 0.05340794276149428 0.05346856556266141 0.05353927712898969 0.05358821065187007
0.05340794276149428 0.05347047753003777 0.05355898797138997 0.05366219430574023 0.05373113805181955
0.05346856556266141 0.05355898797138997  0.0536882206827229 0.05383884325778029 0.05393699676556254
0.05353927712898969 0.05366219430574023 0.05383884325778029 0.05404527622533541 0.05417689304244587
0.05358821065187007 0.05373113805181955 0.05393699676556254 0.05417689304244587 0.05433043915044396

cov.inverse():
 23215139.41872288  -35700153.3288568  10378691.04558341  771820.3866524177  1335196.820477579
-35700153.33078185   63844475.5816762 -30263610.25899182  431208.2949010716  1686673.807233536
 10378691.04874404 -30263610.26299438   27722240.4670193 -2774448.654043624 -5061999.349640826
 771820.3860915862  431208.2958342704 -2774448.654409707  1708505.893527693 -137048.3835801333
 1335196.819802892  1686673.808377803 -5061999.350116732 -137048.3835738304  2176996.695680832

cov*(cov_.inverse()):
     1.000000000363798 -1.164153218269348e-10   2.91038304567337e-10  6.366462912410498e-12  4.365574568510056e-11
 2.182787284255028e-10      1.000000000247383  1.164153218269348e-10 -3.637978807091713e-12                      0
 2.473825588822365e-10 -1.891748979687691e-10     0.9999999997089617 -1.818989403545856e-12   2.91038304567337e-11
 5.820766091346741e-11   2.91038304567337e-11 -1.164153218269348e-10     0.9999999999972715  1.455191522836685e-11
 1.746229827404022e-10 -7.275957614183426e-11  5.820766091346741e-11  1.818989403545856e-12      1.000000000029104
