5
2

0.0001014744884325446
0.0002359954423447062
0.0007078034431812951
  0.01876495800064535
   0.5182132067525717

 -0.4348770023546296   0.8019934594955807  -0.4082675391019784  0.01161516596284302  0.02951589715106916
 -0.5024169194483975   0.1428258830020909   0.7912089000899885   -0.152462757801351  -0.2791443893375845
 0.06395477507453121  0.06629894314422385  0.08184033569334792  -0.7997302138114513   0.5875780641360053
 -0.5967566152495662  -0.3647930471733536 -0.02622985744513285   0.3687562591011205   0.6116685302040772
    0.44525336694525   0.4460243725884521   0.4471244200063484   0.4484089672320345   0.4492447544723066

0.3944561105226644
0.3945147984660765
 0.394625049418915
0.3946215404830342
0.3946251983922758

-5.222510491171106e-05
    0.3946271257871832

   2.790328836671015    2.370424509173759   -3.889629072141314  -0.6007685238341663   -0.670565532528352
  0.9997595410808506   0.8793361551870709  -0.7059857969530436 -0.09015444840702305 -0.08280193300730823

 2.315661144541885e-08 -2.150941081040474e-07  5.196528749705145e-08  -0.001077335734397692  -0.002716538822859987
 5.716824751364514e-09 -5.003688540670789e-08  4.404013941117399e-08 -0.0003460541928449605     0.1192510734049024

cov:
0.05336459828640071 0.05340802132826164 0.05346839935955865  0.0535389903667631 0.05358793013755424
0.05340802132826164 0.05347058970106388 0.05355885719457165 0.05366194697727401 0.05373089814212368
0.05346839935955865 0.05355885719457165 0.05368785045764814 0.05383836224439878 0.05393652536987543
 0.0535389903667631 0.05366194697727401 0.05383836224439878 0.05404469413815981 0.05417632479922593
0.05358793013755424 0.05373089814212368 0.05393652536987543 0.05417632479922593 0.05432988569491169

cov.inverse():
 22907696.87191616 -35150006.46898969  10115352.28951832  782113.7187048646  1345601.127581414
-35150006.46764101  62839156.71697292 -29758256.57746545  407450.7946369292  1660127.481146712
 10115352.28743258 -29758256.57483596  27440957.01373138 -2757144.457977318 -5039967.519803879
  782113.718760008  407450.7944414329 -2757144.457782475  1707478.090368336 -139861.2931568677
 1345601.128263261  1660127.480061461  -5039967.51945493 -139861.2931023862   2173911.93666613

cov*(cov_.inverse()):
                     1 -2.473825588822365e-10 -2.328306436538696e-10  4.547473508864641e-12   2.91038304567337e-11
 1.600710675120354e-10       1.00000000007276 -3.492459654808044e-10 -3.637978807091713e-11 -4.365574568510056e-11
-4.365574568510056e-11 -1.891748979687691e-10     0.9999999997089617 -9.094947017729282e-12   2.91038304567337e-11
 -2.91038304567337e-11  3.201421350240707e-10                      0      0.999999999994543  -2.91038304567337e-11
 1.164153218269348e-10  -3.92901711165905e-10 -5.820766091346741e-11  6.366462912410498e-12      1.000000000029104
