5 
11 
12 
13 
14 
inputFileName = /Users/demattia/RemoteProjects/extracted_endcaps.root
eventsFractionStartBuild = 0
eventsFractionEndBuild = 0.2
eventsFractionStartTest = 0.8
eventsFractionEndTest = 1
var name = R
var name = z
par name = cotTheta
firstOrderChargeOverPtCoefficientsFileName = 
firstOrderCotThetaCoefficientsFileName = 
pT > 2, pT regions = 1
0 < phi < 0.8, phi regions = 1
-3 < eta < 3, eta regions = 1
-15 < z0 < 15, eta regions = 1
charge regions = 1
endcap regions = 0
Training
Requested running from track number 0 to track number 1000000 for a total of 1000000 tracks.
Analyzed 10% of 1000000 tracks
Analyzed 20% of 1000000 tracks
Analyzed 30% of 1000000 tracks
Analyzed 40% of 1000000 tracks
Analyzed 50% of 1000000 tracks
Analyzed 60% of 1000000 tracks
Analyzed 70% of 1000000 tracks
Analyzed 80% of 1000000 tracks
Analyzed 90% of 1000000 tracks
Analyzed 100% of 1000000 tracks
Evaluating eigenvalues:
geomIndex = 0
Sqrt(eigenvalues) of cov:
 0.0459074 0.0617432 0.67866 1.00724 1.13014 1.37047 1.82583 3.07078 3.86153 8.56941
Analyzed 10% of 1000000 tracks
Analyzed 20% of 1000000 tracks
Analyzed 30% of 1000000 tracks
Analyzed 40% of 1000000 tracks
Analyzed 50% of 1000000 tracks
Analyzed 60% of 1000000 tracks
Analyzed 70% of 1000000 tracks
Analyzed 80% of 1000000 tracks
Analyzed 90% of 1000000 tracks
Analyzed 100% of 1000000 tracks
opening GeometricIndex.txt for writing
Matrices built:
geomIndex = 0

V_0:
   0.0205711   -0.0059733    -0.459073     0.132485     0.772661    -0.227651     -0.33546    0.0993427   0.00225687  -0.00186254
    0.393383    -0.115949    -0.689199     0.203879     -0.20303    0.0587029      0.49607    -0.156475 -5.62492e-05  -0.00272448
   -0.687555      0.10173   -0.0624769     0.060205     0.185625   -0.0743423     0.483594     -0.18893    -0.408253     0.182152
    0.389555    0.0279629     0.156804    -0.327355     0.305639     0.375239    0.0838731    -0.143293    -0.611378      -0.2831
   -0.436966   -0.0307765    -0.290181 -0.000111418    -0.117777     0.392764    -0.158005    0.0138887     0.134554    -0.715898
    0.119905   0.00929703        0.248     0.616257   -0.0953969     -0.47064  -0.00245812   -0.0470518    -0.296459     -0.47281
 -0.00608662    -0.021942     0.052152     0.314775    0.0152751     0.273102    -0.338952    -0.814095    0.0658875     0.202189
   0.0173663    0.0596822    -0.024847    -0.546401    0.0284294    -0.542179     0.108695    -0.493758      0.24738    -0.292216
   -0.114476     -0.47884    -0.269204    -0.223312    -0.372954     -0.22507     -0.42841  0.000829825    -0.492464       0.1395
   0.0397739     0.860828    -0.253474   -0.0530723     -0.26607   -0.0585962    -0.255487    0.0215433    -0.213281    0.0698122
corrPV_0:
 3.19235e-05 -0.000149314   -0.0618763    0.0267786   -0.0315979    0.0282996    0.0413303    -0.225361     0.720199     0.385607
D_0:
   0.094362  -0.0278818   0.0303954 -0.00752247  -0.0156381   0.0025014   -0.112227    0.030041 0.000949242 -0.00468339
opening matrixVD_0.txt for writing
