5 
11 
12 
13 
14 
inputFileName = /Users/demattia/RemoteProjects/extracted_endcaps.root
eventsFractionStartBuild = 0
eventsFractionEndBuild = 0.2
eventsFractionStartTest = 0.8
eventsFractionEndTest = 1
var name = R
var name = z
par name = cotTheta
firstOrderChargeOverPtCoefficientsFileName = 
firstOrderCotThetaCoefficientsFileName = 
2 < pT < 10, pT regions = 1
0 < phi < 0.8, phi regions = 1
-3 < eta < 3, eta regions = 1
-15 < z0 < 15, eta regions = 1
charge regions = 1
endcap regions = 0
Training
Requested running from track number 0 to track number 1000000 for a total of 1000000 tracks.
Analyzed 10% of 1000000 tracks
Analyzed 20% of 1000000 tracks
Analyzed 30% of 1000000 tracks
Analyzed 40% of 1000000 tracks
Analyzed 50% of 1000000 tracks
Analyzed 60% of 1000000 tracks
Analyzed 70% of 1000000 tracks
Analyzed 80% of 1000000 tracks
Analyzed 90% of 1000000 tracks
Analyzed 100% of 1000000 tracks
Evaluating eigenvalues:
geomIndex = 0
Sqrt(eigenvalues) of cov:
 0.0459709 0.0620161 0.679436 1.01499 1.12555 1.3708 1.82902 3.0714 3.85728 8.56117
Analyzed 10% of 1000000 tracks
Analyzed 20% of 1000000 tracks
Analyzed 30% of 1000000 tracks
Analyzed 40% of 1000000 tracks
Analyzed 50% of 1000000 tracks
Analyzed 60% of 1000000 tracks
Analyzed 70% of 1000000 tracks
Analyzed 80% of 1000000 tracks
Analyzed 90% of 1000000 tracks
Analyzed 100% of 1000000 tracks
opening GeometricIndex.txt for writing
Matrices built:
geomIndex = 0

V_0:
   0.0165085  -0.00480264    -0.452342     0.130688     0.774596     -0.22821    -0.340263     0.100725   0.00233671  -0.00186539
    0.393304    -0.115945    -0.693661     0.205004     -0.19529    0.0565096     0.493128    -0.155448 -8.05386e-05   -0.0024754
   -0.684343     0.102305   -0.0614766    0.0547901     0.189506   -0.0667115     0.483784    -0.191426    -0.414766     0.177038
    0.404751    0.0262649     0.163084    -0.322512     0.303772     0.367817    0.0789447     -0.14129     -0.61061    -0.279766
   -0.430326   -0.0320162    -0.289641  -0.00984479    -0.113741     0.400518    -0.157525    0.0147211     0.130713    -0.717173
    0.112294   0.00996343     0.244458     0.616498   -0.0977526    -0.473157 -0.000913106   -0.0454741    -0.290004    -0.477345
 -0.00574955   -0.0200188    0.0529882     0.316716    0.0154242     0.272407     -0.33817    -0.814703    0.0679375     0.198218
   0.0176766    0.0608252   -0.0257885    -0.549361    0.0287967    -0.540739     0.109011    -0.492493      0.24752    -0.290858
   -0.114818    -0.477576    -0.269287    -0.221075    -0.373579    -0.225459    -0.429733  -0.00203993    -0.492655     0.139897
   0.0396327     0.861437    -0.253388   -0.0522621    -0.265616    -0.057082    -0.255028    0.0224648    -0.212934    0.0687297
corrPV_0:
 3.12818e-05 -0.000148024   -0.0617952    0.0293879   -0.0304513    0.0266775    0.0410683    -0.225421     0.717845      0.38173
D_0:
  0.0943725  -0.0278974   0.0302708 -0.00742377  -0.0162802  0.00261559   -0.111569   0.0298541 0.000923054 -0.00465871
opening matrixVD_0.txt for writing
