5 
6 
7 
11 
12 
inputFileName = /Users/demattia/RemoteProjects/extracted_hybrid.root
eventsFractionStartBuild = 0
eventsFractionEndBuild = 0.2
eventsFractionStartTest = 0.8
eventsFractionEndTest = 1
var name = R
var name = z
par name = cotTheta
firstOrderChargeOverPtCoefficientsFileName = 
firstOrderCotThetaCoefficientsFileName = 
2 < pT < 10, pT regions = 1
0 < phi < 0.8, phi regions = 1
-3 < eta < 3, eta regions = 1
-15 < z0 < 15, eta regions = 1
charge regions = 1
endcap regions = 0
Training
Requested running from track number 0 to track number 1000000 for a total of 1000000 tracks.
Analyzed 10% of 1000000 tracks
Analyzed 20% of 1000000 tracks
Analyzed 30% of 1000000 tracks
Analyzed 40% of 1000000 tracks
Analyzed 50% of 1000000 tracks
Analyzed 60% of 1000000 tracks
Analyzed 70% of 1000000 tracks
Analyzed 80% of 1000000 tracks
Analyzed 90% of 1000000 tracks
Analyzed 100% of 1000000 tracks
Evaluating eigenvalues:
geomIndex = 0
Sqrt(eigenvalues) of cov:
 0.14165 0.520306 0.965514 1.14146 1.93831 2.29699 2.36663 2.48068 6.80693 22.1166
Analyzed 10% of 1000000 tracks
Analyzed 20% of 1000000 tracks
Analyzed 30% of 1000000 tracks
Analyzed 40% of 1000000 tracks
Analyzed 50% of 1000000 tracks
Analyzed 60% of 1000000 tracks
Analyzed 70% of 1000000 tracks
Analyzed 80% of 1000000 tracks
Analyzed 90% of 1000000 tracks
Analyzed 100% of 1000000 tracks
opening GeometricIndex.txt for writing
Matrices built:
geomIndex = 0

V_0:
   0.390235    -0.21088   -0.716376     0.38884    0.327724   -0.177337 0.000722411 -0.00126801 0.000798679 1.67019e-07
   0.516616   -0.193304  -0.0644204   0.0221962    -0.74262    0.305046   0.0804753   -0.103666    0.169528  -0.0244723
  -0.688415  0.00762618   -0.558337   0.0209103   -0.396699   0.0455289    0.159213   -0.130362    -0.07124   0.0835988
   -0.15206  -0.0307896    -0.13657  -0.0282963   -0.107782  -0.0114357   -0.571056    0.503024    0.448696   -0.405295
   0.212364    0.376886   -0.125777   -0.188245   -0.289269   -0.425606   0.0351464    0.539331   -0.397604    0.215831
   0.193735    0.413444   -0.347528    -0.65511    0.161029    0.201578   -0.122925   -0.330398  0.00122835   -0.225271
  0.0118432   0.0210138  -0.0363907  -0.0791379  0.00230293  -0.0207676    -0.48132   -0.155186     0.28236    0.809887
  0.0142577    0.135787    0.118567    0.223044   -0.250018    -0.58021   -0.369302   -0.541793   -0.119284   -0.272482
 -0.0284533   -0.702561  -0.0168272   -0.385237 -0.00162275  -0.0104934   -0.308588  0.00768508   -0.510823   -0.023848
 0.00136614    0.302829  0.00152238    0.421958  0.00155676    0.560656   -0.403044   0.0387638   -0.501866 -0.00933758
corrPV_0:
0.000204973   0.0258165  -0.0162154 -0.00262303   0.0164872  -0.0288889 -0.00504067   -0.049877     1.06357     4.50641
D_0:
   0.0646377   -0.0357252  -0.00342426   0.00185109   -0.0605028    0.0331839 -0.000480959  0.000596368 -0.000877335  5.47914e-05
opening matrixVD_0.txt for writing
