5 
6 
7 
11 
12 
inputFileName = /Users/demattia/RemoteProjects/extracted_hybrid.root
eventsFractionStartBuild = 0
eventsFractionEndBuild = 0.2
eventsFractionStartTest = 0.8
eventsFractionEndTest = 1
var name = R
var name = z
par name = cotTheta
firstOrderChargeOverPtCoefficientsFileName = 
firstOrderCotThetaCoefficientsFileName = 
pT > 2, pT regions = 1
0 < phi < 0.8, phi regions = 1
-3 < eta < 3, eta regions = 1
-15 < z0 < 15, eta regions = 1
charge regions = 1
endcap regions = 0
Training
Requested running from track number 0 to track number 1000000 for a total of 1000000 tracks.
Analyzed 10% of 1000000 tracks
Analyzed 20% of 1000000 tracks
Analyzed 30% of 1000000 tracks
Analyzed 40% of 1000000 tracks
Analyzed 50% of 1000000 tracks
Analyzed 60% of 1000000 tracks
Analyzed 70% of 1000000 tracks
Analyzed 80% of 1000000 tracks
Analyzed 90% of 1000000 tracks
Analyzed 100% of 1000000 tracks
Evaluating eigenvalues:
geomIndex = 0
Sqrt(eigenvalues) of cov:
 0.142643 0.517176 0.966616 1.14192 1.92121 2.31741 2.36682 2.47678 6.79963 22.1087
Analyzed 10% of 1000000 tracks
Analyzed 20% of 1000000 tracks
Analyzed 30% of 1000000 tracks
Analyzed 40% of 1000000 tracks
Analyzed 50% of 1000000 tracks
Analyzed 60% of 1000000 tracks
Analyzed 70% of 1000000 tracks
Analyzed 80% of 1000000 tracks
Analyzed 90% of 1000000 tracks
Analyzed 100% of 1000000 tracks
opening GeometricIndex.txt for writing
Matrices built:
geomIndex = 0

V_0:
   -0.390774     0.210965      0.71661    -0.388752     -0.32681     0.176983 -0.000754201   0.00122871   -0.0011042 -0.000160466
   -0.516229     0.191332    0.0649583   -0.0205715     0.743998    -0.304352   -0.0810678     0.104346    -0.167595    0.0233673
    0.687317   -0.0112586     0.560268   -0.0167741     0.395274   -0.0456933    -0.160205     0.129263    0.0730836   -0.0851022
    0.152029    0.0309894     0.137712    0.0289627     0.109777    0.0109569      0.57083    -0.502799    -0.448299     0.405372
   -0.220176    -0.392487     0.133193     0.207359     0.283516     0.427194    -0.019961    -0.520376     0.394532    -0.216833
   -0.189491    -0.411359     0.330481     0.629078    -0.153424    -0.169531     0.151769     0.387833  -0.00492076     0.253313
 -0.00900485   -0.0151651    0.0352934    0.0786975  -0.00848936    0.0108816     0.479944     0.159526    -0.288507    -0.808102
  0.00468126    -0.100693    -0.144493    -0.274673     0.259562     0.590239     0.361334     0.520931     0.113277     0.250995
  -0.0282283    -0.701586   -0.0173447     -0.38561  -0.00190964   -0.0109194    -0.308707   0.00691721    -0.511788   -0.0242192
  0.00132954     0.303222   0.00155766     0.422206   0.00156535     0.560342    -0.402833    0.0390366    -0.501919  -0.00933993
corrPV_0:
-0.000225797   -0.0255536    0.0164171   0.00242483    -0.014517      0.03393   0.00518196    0.0480684      1.06144      4.49367
D_0:
   0.0650766   -0.0359383   -0.0039774   0.00214684   -0.0603918    0.0331153 -0.000477815  0.000597714 -0.000851331  5.84139e-05
opening matrixVD_0.txt for writing
