10
1

0.1416496205582768
0.5203059641287843
0.9655143329028441
 1.141460256827739
 1.938312498921677
 2.296990306922157
 2.366626341273681
 2.480676411021453
 6.806934420620412
 22.11658912914732

   0.3902348224679824   -0.2108796625202066   -0.7163764623829925    0.3888402700701427    0.3277243269626164   -0.1773374119447831 0.0007224110499187038 -0.001268014249497618 0.0007986788406803211  1.67019221695118e-07
   0.5166164800639029   -0.1933036313576171   -0.0644204180558083   0.02219621258614083   -0.7426195858983589    0.3050460320925277   0.08047527565917424   -0.1036659112380151     0.169527997435638  -0.02447227818731116
   -0.688415011410123  0.007626175038660793    -0.558336663750603   0.02091032474708412   -0.3966985348919098   0.04552891148105895    0.1592127255675156   -0.1303623049512168  -0.07124003404420365   0.08359884807107222
  -0.1520598191959585  -0.03078960219232246    -0.136570146747423  -0.02829633002178299   -0.1077816058762032  -0.01143574922117037   -0.5710558387663084    0.5030241190707528    0.4486962586434592   -0.4052945912610684
   0.2123642200612673    0.3768862728388375    -0.125776888036207    -0.188245321559246   -0.2892685967124985   -0.4256059816652327    0.0351464452644504    0.5393309555652109    -0.397604291978946    0.2158308384162674
   0.1937349197652077    0.4134444251902709   -0.3475282104220833   -0.6551099530912621    0.1610293440119323    0.2015779587791555    -0.122924739188648   -0.3303975823545663  0.001228352585921029   -0.2252707139983922
  0.01184317275621044   0.02101376354015829   -0.0363906960071993  -0.07913790288399472  0.002302930645264456  -0.02076763845684096   -0.4813197737102056   -0.1551856271934886    0.2823595831248034    0.8098865566492978
  0.01425769856920179    0.1357866590152809    0.1185668569617315    0.2230440908167471   -0.2500183653395377    -0.580210216718683   -0.3693020063629824   -0.5417928248689292    -0.119284462933708   -0.2724823601163348
 -0.02845328052625701   -0.7025614577768755  -0.01682724669287761   -0.3852365871312092 -0.001622752717715542  -0.01049337708827425   -0.3085883018203571  0.007685083438365358   -0.5108230145409933  -0.02384800990204457
 0.001366136987273944    0.3028292646640258  0.001522383064344179    0.4219580484254949  0.001556761537365824    0.5606561121035804   -0.4030440975256454   0.03876376577401823   -0.5018661115393397 -0.009337575010772075

22.67775000165165
40.28548401019012
35.55471067247471
63.62109337735502
50.56648159549916
90.86833157009298
74.12469774418784
131.6320860658826
87.44722456786957
 155.785539266306

1.809567613178993

   0.06463771012605229   -0.03572516877028515  -0.003424255618274195   0.001851091566101973   -0.06050280276606149    0.03318388729824868 -0.0004809585316213659  0.0005963684998136086 -0.0008773352340181294  5.479143066761065e-05

 0.000204972935370933   0.02581650015040505  -0.01621542676987283 -0.002623032999238383   0.01648722854745678  -0.02888888579777565 -0.005040671441219596  -0.04987698530271383     1.063573272114171     4.506413814328397

cov:
   0.9551575740401603     1.837738805972384  -0.05364454504883114  -0.01732659355480587   0.08984130207185793    0.2169954985283257  -0.00221001868984121    0.0200207250565478   0.01090782246084137   0.02017846699124834
    1.837738805972384     69.29126320316041  -0.06021446481500328     73.52379971082402   0.05542871682849373     82.72525412008491    -50.22010131606474     5.048080515290558    -58.36536574102458   -0.9068526751656332
 -0.05364454504883114  -0.06021446481500328     1.131181584897082     2.071798772653255   -0.1051405535169203    -0.186354532355594 -0.004763293393110863 -0.009674093608971274   0.01987814222646585  -0.01214142894400984
 -0.01732659355480587     73.52379971082402     2.071798772653255     96.71100790886121   -0.3515801753336653     114.7244801147343     -77.5481790369993     7.927580088294087    -94.49497783310012    -1.592133885317692
  0.08984130207185793   0.05542871682849373   -0.1051405535169203   -0.3515801753336653      1.15048391845356     1.876220992271674    0.1407805778945114 -0.007939444723123414    0.2058311790751671   0.02931951369169651
   0.2169954985283257     82.72525412008491    -0.186354532355594     114.7244801147343     1.876220992271674     156.7570730870407    -109.1717607546422     11.34401057168909    -136.3496194429079    -2.247608865521742
 -0.00221001868984121    -50.22010131606474 -0.004763293393110863     -77.5481790369993    0.1407805778945114    -109.1717607546422     86.54243918894541     -6.21276736264192     105.3608310568063     1.105813010853556
   0.0200207250565478     5.048080515290558 -0.009674093608971274     7.927580088294087 -0.007939444723123414     11.34401057168909     -6.21276736264192      4.69623341131458    -10.05534902301344     0.573922744779373
  0.01090782246084137    -58.36536574102458   0.01987814222646585    -94.49497783310012    0.2058311790751671    -136.3496194429079     105.3608310568063    -10.05534902301344     136.6937633133271     3.770018613183821
  0.02017846699124834   -0.9068526751656332  -0.01214142894400984    -1.592133885317692   0.02931951369169651    -2.247608865521742     1.105813010853556     0.573922744779373     3.770018613183821     4.863095589353453

cov.inverse():
    9.120822030466124    -4.435026238771058    -13.64708223355628     7.558628074525568     5.251243317609985    -2.917216651076826    0.1124821978711133   -0.1681608717992058    0.3174936482842113  -0.05610883149028904
   -4.435026238771031     2.439287876175635     7.536681044334036    -4.161222716428832    -2.936712147553772     1.607375864168814  -0.06188996712012074   0.08997762373730192   -0.1745568317042053   0.02911425354436403
   -13.64708223355641     7.536681044334073     25.97080816156091    -13.84338291858049    -11.28104315590257     6.222834611222131  -0.07740099214794358   0.08956725987340577  -0.06393890299489229 -0.004661560400634712
    7.558628074525554    -4.161222716428857     -13.8433829185805      7.64193837016153     6.269076965542733    -3.434282386514421   0.04570639340240535  -0.05039600535972166   0.03330539201143747  0.004701123713042855
    5.251243317610073    -2.936712147553833     -11.2810431559027     6.269076965542808     7.605054713811404    -3.689257493295677   -0.2211105012203566    0.2478625648789896   -0.4231671179534203   0.05299732084074967
   -2.917216651076912     1.607375864168846       6.2228346112222    -3.434282386514459    -3.689257493295673     2.024756923058214    0.1246174083886026   -0.1384037233681212    0.2313766332811154  -0.03031013159185254
   0.1124821978711235  -0.06188996712012729  -0.07740099214796321   0.04570639340241629   -0.2211105012203493    0.1246174083885985    0.3705311399191021   -0.2150843930151782   -0.1754391648795629    0.1388257247225477
  -0.1681608717992049    0.0899776237373022   0.08956725987340547  -0.05039600535972159    0.2478625648789905   -0.1384037233681217    -0.215084393015178    0.4023263622491723   0.06362385266426976   -0.1121567343452319
   0.3174936482841788   -0.1745568317041842  -0.06393890299482113   0.03330539201139857   -0.4231671179534516    0.2313766332811326   -0.1754391648795635   0.06362385266427018    0.3309281713956156   -0.1377969903142385
 -0.05610883149027529    0.0291142535443567 -0.004661560400658169  0.004701123713055899   0.05299732084075974  -0.03031013159185811    0.1388257247225479   -0.1121567343452321   -0.1377969903142383    0.2869848585090266

cov*(cov_.inverse()):
    0.9999999999999939 -2.104078630077444e-14   5.33892727120136e-14  5.303826225867142e-14  2.008636312833545e-14  2.657498787000945e-14  1.702197410802242e-15 -1.321425607825333e-15  -5.72632219419944e-15 -3.851086116668512e-16
 9.124645483638005e-15      1.000000000000002  1.341426969503345e-13  1.164216292814935e-13  1.902644708451362e-14  6.210310043996969e-16 -9.159339953157541e-16 -1.679212324745549e-15  5.134781488891349e-16 -6.106226635438361e-16
 3.366230905132994e-15 -6.683726922612765e-15     0.9999999999999902  2.944544022671913e-15 -5.681978325344783e-15  -3.10737763645208e-15  -2.90132501357121e-16  2.651958513899544e-16 -4.590511998303626e-16 -1.769417945496343e-16
-3.365363543395006e-14  5.634381849972669e-14   1.42038290851243e-13      0.999999999999913  -1.06137321154165e-13 -3.872596687770624e-14 -4.579669976578771e-15  3.885780586188048e-15  1.154631945610163e-14 -2.997602166487923e-15
 1.814303915437243e-15 -2.168187504536512e-15  2.550124824848843e-15  6.838984673712689e-15      1.000000000000004  8.035022300290073e-16   3.33066907387547e-16 -2.411265631607762e-16 -7.884318198314588e-16  1.092875789865388e-16
-4.693467836602849e-14  1.973421426271216e-14  1.442995029021787e-13 -5.021157101214868e-14 -1.687538997430238e-14     0.9999999999998966 -4.996003610813204e-16  6.772360450213455e-15  1.049160758270773e-14 -4.551914400963142e-15
-1.130831539519761e-13  2.134403764841863e-14 -8.991418720682987e-14 -3.172288820518787e-14  3.164829509572087e-14  3.345240751073675e-14      1.000000000000002 -5.301314942585122e-15 -8.604228440844963e-15  5.551115123125783e-16
-4.218847493575595e-15  3.951700078275167e-15  3.728831479699046e-14 -6.687358999890591e-15 -9.135053824493866e-15  2.844946500601964e-15 -3.191891195797325e-16                      1  3.885780586188048e-16  -3.05311331771918e-16
-7.596701045997634e-14 -2.800537579616957e-14 -3.723410468836619e-14  6.020878240420302e-14  1.304512053934559e-13  2.046973701652632e-14  9.214851104388799e-15 -8.271161533457416e-15     0.9999999999999875  2.442490654175344e-15
 2.220446049250313e-16  2.775557561562891e-16  2.654126918244515e-15  5.065392549852277e-16  5.551115123125783e-16  1.637578961322106e-15  1.110223024625157e-16                      0 -6.661338147750939e-16                      1
