5
1

0.001049288828530175
0.001257643684329759
0.003305470709694681
 0.07328096760441018
  0.5725160201132428

-0.01792804977224792   0.6013783148394221  -0.5519094601546395  -0.4238380210994042   0.3921479148671026
 -0.1175709066175316  -0.1400208633778393   0.6167038368683261  -0.6903409936121085   0.3311750743437492
  0.6925796281679024  -0.5583100586831904   -0.309423733612835  -0.1331495571658615   0.3084663442316041
 -0.5801983337120049  -0.3543054019895468  -0.1666490017655102   0.3265157087601432   0.6351796421661033
  0.4117754474869987   0.4260232866335124   0.4376726958257182   0.4684541938851485   0.4877893189205011

0.3941233055844589
0.3936989121703516
0.3932912702484638
0.3924284158461586
0.3917968173395161

0.008503389193704967

-1.255986435532043  6.476675511443303 -2.531952971739299   3.22927109052055 -5.923702935970077

 1.787157682701137e-06 -1.029942157461262e-05 -6.511601962118619e-05   -0.02068702343125679   -0.07961314035172905

cov:
0.05739013906656051 0.05859986956345456 0.05958926486895477 0.06220883889457179 0.06385991599145081
0.05859986956345456 0.06016768149625816  0.0614349055066219 0.06479419828223378 0.06690448657439532
0.05958926486895477  0.0614349055066219 0.06293876601239717 0.06691132528846487 0.06940788091578547
0.06220883889457179 0.06479419828223378 0.06691132528846487 0.07250358058689652  0.0760115179596156
0.06385991599145081 0.06690448657439532 0.06940788091578547  0.0760115179596156 0.08015813514852857

cov.inverse():
 52995.42649667157 -34735.21307375709 -56449.86009947649   49742.2628239378 -11518.00278340213
-34735.21307360175  369425.8091480778 -340229.5775807819 -163606.6229122654  169072.6142255325
-56449.86009972582 -340229.5775801669  525885.3627975817 -52947.56047464262 -76201.81846836611
 49742.26282408719 -163606.6229132501 -52947.56047365276   466110.632593345 -299225.0047103255
-11518.00278345742  169072.6142260575 -76201.81846899023 -299225.0047101713   217799.176222869

cov*(cov_.inverse()):
    0.9999999999994316 -1.818989403545856e-12                      0 -3.637978807091713e-12  3.637978807091713e-12
 -1.13686837721616e-13      0.999999999998181 -1.818989403545856e-12                      0                      0
-1.250555214937776e-12 -1.818989403545856e-12      0.999999999998181 -7.275957614183426e-12  1.818989403545856e-12
  1.13686837721616e-13 -3.637978807091713e-12 -9.094947017729282e-13                      1                      0
-6.821210263296962e-13                      0  9.094947017729282e-13                      0                      1
