5
1

0.0009493792924167527
  0.00113742978594975
 0.002962473401203386
  0.06701051928684618
   0.5603460699796242

-0.00784100113797331   0.6099361101066577  -0.5987606468165766  -0.3687416519145785   0.3652830987825961
 -0.1176531714638267 -0.09330480113153403   0.5712381003326779  -0.7215589738528123   0.3612362458434906
  0.6927503089485597  -0.5588487710797486   -0.309561947548153  -0.1317928404419145   0.3075501720903058
 -0.5756760765301074  -0.3495782587885976   -0.161965470900866   0.3315100890363807   0.6405156852069952
  0.4180793158100922   0.4298316504385776   0.4394443166297223   0.4648805754934571   0.4808629545761688

0.3962819596857931
0.3959387809547162
0.3955996627114686
0.3948715403834097
0.3943495122639347

0.006973180865604257

0
0
0
0
0

0

0
0
0
0
0

0

0
0
0
0
0

0

0
0
0
0
0

0

0
0
0
0
0

0

0
0
0
0
0

0

0
0
0
0
0

0

0
0
0
0
0

0

0
0
0
0
0

0

0
0
0
0
0

0

0
0
0
0
0

0

0
0
0
0
0

0

0
0
0
0
0

0

0
0
0
0
0

0

0
0
0
0
0

0

0
0
0
0
0

0

0
0
0
0
0

0

0
0
0
0
0

0

0
0
0
0
0

0

0
0
0
0
0

0

0
0
0
0
0

0

0
0
0
0
0

0

0
0
0
0
0

0

0
0
0
0
0

0

0
0
0
0
0

0

0
0
0
0
0

0

0
0
0
0
0

0

0
0
0
0
0

0

0
0
0
0
0

0

0
0
0
0
0

0

0
0
0
0
0

0

0
0
0
0
0

0

0
0
0
0
0

0

0
0
0
0
0

0

0
0
0
0
0

0

0
0
0
0
0

0

0
0
0
0
0

0

0
0
0
0
0

0

0
0
0
0
0

0

0
0
0
0
0

0

0
0
0
0
0

0

0
0
0
0
0

0

0
0
0
0
0

0

0
0
0
0
0

0

0
0
0
0
0

0

0
0
0
0
0

0

0
0
0
0
0

0

0
0
0
0
0

0

0
0
0
0
0

0

0
0
0
0
0

0

0
0
0
0
0

0

0
0
0
0
0

0

0
0
0
0
0

0

0
0
0
0
0

0

0
0
0
0
0

0

0
0
0
0
0

0

0
0
0
0
0

0

0
0
0
0
0

0

0
0
0
0
0

0

0
0
0
0
0

0

0
0
0
0
0

0

0
0
0
0
0

0

0
0
0
0
0

0

0
0
0
0
0

0

0
0
0
0
0

0

0
0
0
0
0

0

0
0
0
0
0

0

0
0
0
0
0

0

0
0
0
0
0

0

0
0
0
0
0

0

0
0
0
0
0

0

0
0
0
0
0

0

0
0
0
0
0

0

0
0
0
0
0

0

0
0
0
0
0

0

0
0
0
0
0

0

0
0
0
0
0

0

 -1.27262802728707  6.585845149517008   -2.6073678993645  3.147798248178007 -5.857976304591435

 2.061833780942977e-06 -8.204456007862093e-06 -5.240685924061749e-05   -0.01731475947476034   -0.06298006532639031

cov:
0.05637437665228347 0.05732504123930181 0.05810335286115807 0.06016804664060525 0.06146979683960975
0.05732504123930181 0.05856271648037018 0.05956358733245549 0.06222128967741209 0.06389135788134757
0.05810335286115807 0.05956358733245549 0.06075396116320239 0.06390319615405499 0.06588292010826897
0.06016804664060525 0.06222128967741209 0.06390319615405499 0.06835156569121982 0.07114269006503447
0.06146979683960975 0.06389135788134757 0.06588292010826897 0.07114269006503447 0.07444647916583819

cov.inverse():
 65523.95688594412 -40888.13828714386 -71153.26306599207  58381.44221986726 -11833.65223916476
-40888.13828724926  455094.9683064231 -426661.7002103823 -189126.6735735775  201506.4951490613
-71153.26306607937 -426661.7002101475  660914.1900680439 -68997.81032692071  -94033.9290497227
 58381.44222043131 -189126.6735746021 -68997.81032651081   555294.911400967 -355483.9967432117
-11833.65223953574  201506.4951497456 -94033.92904998531 -355483.9967432625  259773.2821908013

cov*(cov_.inverse()):
    0.9999999999997726 -1.818989403545856e-12 -1.818989403545856e-12                      0  3.637978807091713e-12
 4.547473508864641e-13                      1 -1.091393642127514e-11                      0  3.637978807091713e-12
 3.410605131648481e-13                      0     0.9999999999954525                      0 -3.637978807091713e-12
 9.094947017729282e-13 -1.818989403545856e-12 -4.547473508864641e-12      0.999999999996362                      0
-2.273736754432321e-13                      0  9.094947017729282e-13                      0                      1
