5
2

0.0001112398793671802
0.0003715733888861907
0.0004547191287227587
  0.07070174063342841
   0.6618467725322912

   0.6072771258701609   -0.7845595922739197   0.08284362041195763   0.09390101139152945 0.0005226686761053319
   0.1411209396364413   0.02175037895185779   0.08701514112854766   -0.8108205004428438    0.5609013127882422
  -0.3833607793972418   -0.2164272758634828    0.8749103259532792  -0.09992397246566626   -0.1753307398868188
  -0.5499025750728606   -0.4066248032877706   -0.1786724912174561    0.3130126236374033    0.6343206331227107
   0.4024189900330012    0.4144980950498149    0.4337895367501317    0.4751747186999475    0.5022807085439633

0.3978434697012598
0.3974020322591218
0.3965536960284785
0.3947923481905044
0.3936149690102899

0.01340503784235907
  0.401776579027156

 -4.452974486157816   8.188681000450824  0.7213104150108718 -0.3965236996624677  -4.059467346864469
   1.71504136141124  0.4072754254206922 0.09206905909578447 -0.9048465060362596 -0.3085621303140512

-1.127089042834652e-07 -3.234886951359296e-07   2.72376495870699e-07   -0.01854040134986764    -0.1367924022734789
 7.974916645484771e-09  1.131447953752366e-07 -1.076352308423015e-07  -0.008018571916761124     0.1375334031682137

cov:
0.07244846072028728  0.0741838474532692 0.07695778901538398 0.08290151358020333 0.08679646594564649
 0.0741838474532692 0.07608579483806849 0.07912509308912073 0.08563992231532781 0.08990839609721439
0.07695778901538398 0.07912509308912073 0.08258741438707368 0.09001200102002323 0.09487564877761631
0.08290151358020333 0.08563992231532781 0.09001200102002323 0.09939560881768729  0.1055402024506245
0.08679646594564649 0.08990839609721439 0.09487564877761631  0.1055402024506245  0.1125229648874705

cov.inverse():
 30657582.13489904 -38079214.60722578   2532436.38916471  3964724.913154924  923961.7079783105
-38079214.60678902  49972867.75373686 -6154527.659484272 -5976705.353004931  238692.2822601507
 2532436.388455999 -6154527.658586495  4311505.218026485 -305184.1899546999 -384903.4003839688
  3964724.91353319 -5976705.353666794 -305184.1896582723  5522546.806317234 -3205250.403768514
 923961.7078721055  238692.2824608567 -384903.4004913312 -3205250.403755636  2427457.234525954

cov*(cov_.inverse()):
     1.000000000014552  2.728484105318785e-10                      0 -5.820766091346741e-11   2.91038304567337e-11
 3.783497959375381e-10      1.000000000156433 -1.164153218269348e-10  5.820766091346741e-11                      0
 7.275957614183426e-11   7.09405867382884e-10     0.9999999999199645                      0   2.91038304567337e-11
 4.802132025361061e-10  1.091393642127514e-11 -1.455191522836685e-11                      1                      0
 4.220055416226387e-10  -2.91038304567337e-11  7.275957614183426e-12                      0                      1
