5
2

0.0001235943645272304
0.0002850901358901031
 0.000760348690721273
   0.1022751917427868
   0.6168702918217949

 -0.02504233420600763     0.192863325766176   -0.7542368009222031    0.6258957924921635  -0.03947054784483648
  -0.3513530365708469    0.8205030586162582    -0.133278709618333   -0.4220599880498739   0.08618541955355477
    0.654085811130096  -0.07773401867013151   -0.4570620482815293   -0.4780362944887295    0.3587544552919913
  -0.5428655546804791   -0.3349838570420429    -0.113959086441206 -0.007796612769330126    0.7616005150402032
   0.3916537583244923    0.4139102635093777    0.4375742729357968    0.4489324419205595    0.5312946881043042

0.3992310540505074
0.3981258724973196
 0.396914366469581
 0.396397868123628
0.3920741466706167

0.01530526871714488
 0.4014034527452997

-0.2262909386024989   1.579873242778442  -2.831813550577789    4.92251129986738  -3.444019229129743
  1.334803766214165  0.4892877816505632  -2.631805992863855   2.188679238883041 -0.3797418651774797

 8.650768779120702e-08 -5.048889156526425e-08 -1.483022529645561e-06   -0.02871351281197604    -0.1117784045428455
 5.240768614342404e-08 -5.471881242094936e-08  4.945546783449934e-07   -0.00936063887314386     0.1348997344529773

cov:
0.06145326553857943  0.0635895125629431 0.06586108944870844 0.06695101814106227 0.07485721261673439
 0.0635895125629431 0.06636671343208839 0.06931938863731918 0.07073634734754719 0.08101282421916324
0.06586108944870844 0.06931938863731918 0.07299632719143435 0.07476101551624166 0.08755775847411031
0.06695101814106227 0.07073634734754719 0.07476101551624166 0.07669272279662416 0.09069981039909158
0.07485721261673439 0.08101282421916324 0.08755775847411031 0.09069981039909158  0.1134808175016878

cov.inverse():
 2299981.466639392 -3951090.218744301   1295525.35827568  257623.9605857834  97981.62500783447
-3951090.218444789   10728639.4794578 -10806716.86365316  3705802.768115299  323460.0675196739
 1295525.356481353 -10806716.85902592  37820624.83549513 -29833805.08200772  1523910.117750095
  257623.962200845  3705802.763357293 -29833805.07845482  28232224.68235924 -2361446.558841598
  97981.6248876137  323460.0679498725  1523910.117030158 -2361446.558431631   416057.596694415

cov*(cov_.inverse()):
     1.000000000010004 -2.546585164964199e-11                      0  1.455191522836685e-10 -3.637978807091713e-12
-2.728484105318785e-11     0.9999999999163265 -3.055902197957039e-10  3.492459654808044e-10 -1.455191522836685e-11
-1.818989403545856e-12                      0      1.000000000407454  -2.91038304567337e-11  1.455191522836685e-11
 3.274180926382542e-11 -2.037268131971359e-10  7.566995918750763e-10                      1  1.455191522836685e-11
 5.456968210637569e-12                      0 -5.820766091346741e-11 -1.164153218269348e-10                      1
