5
2

0.0004724010795753678
0.0005658721948162066
0.0007530537700755606
  0.09156634145345573
   0.5805715433092024

 0.2002141923881917 -0.6577938544372129  0.2483131864916077  0.5756539066773627 -0.3663122484608635
-0.2561345672913076  0.4866315601134405 -0.4455547593250979  0.5953263235408705   -0.38033187229329
 0.4102496250489965 -0.2755434074639866 -0.7293098187595803  0.1438790705274121  0.4507516800582434
-0.7597818384837958 -0.2697317899529357 0.05180374121252371  0.2677531917899789  0.5249770662435012
 0.3856632775650022  0.4264007057429839  0.4530398200096684  0.4709736612347321  0.4923261179223226

 0.400384996991432
0.4003481867066823
0.4003417545085723
0.4003013141591034
0.4002297250935407

0.0007995195407948859
   0.4006723592884523

  2.775394297942584  -1.108918597761983  0.6652706287582648  0.3414719956140608    -2.6729258087579
  1.558693594566726 -0.4487545248361748 0.06477049774407048 0.03495917081384642 -0.2094859391411443

  5.86026305484326e-07 -1.047211338814612e-07 -1.115601232601005e-07   -0.02588191106541141    -0.0863585866809973
 1.607230760746403e-07 -1.748308878150763e-07  3.552653181675411e-07  -0.009729949859454173     0.1187995497132738

cov:
0.05497367663842199 0.05714722483919461 0.05856185176969071 0.05951759182892278  0.0606547737853069
0.05714722483919461   0.061894254566523 0.06499556345369954 0.06708468734566968 0.06957176537101879
0.05856185176969071 0.06499556345369954 0.06920346649433411 0.07203532435863097 0.07540759425978771
0.05951759182892278 0.06708468734566968 0.07203532435863097 0.07536739190293773 0.07933422289899567
 0.0606547737853069 0.06957176537101879 0.07540759425978771 0.07933422289899567 0.08401003264948452

cov.inverse():
 681361.5149349836 -1178714.785759938  51565.67372947432  144323.1907597114  301621.4560708318
-1178714.785771415  2812347.654073448 -1054682.232586886 -861983.6541546202  282710.7671584354
 51565.67373703482 -1054682.232600638  1834195.245336269  -372864.998021675 -458074.9968037666
 144323.1907812603 -861983.6541866431 -372864.9980263975  2628237.916657974 -1537632.138674828
 301621.4560532003  282710.7671927334 -458074.9968052363 -1537632.138690028  1411339.958325431

cov*(cov_.inverse()):
                     1  3.637978807091713e-12  2.182787284255028e-11 -1.455191522836685e-11                      0
                     0     0.9999999999854481  2.546585164964199e-11  1.455191522836685e-11                      0
 7.275957614183426e-12  2.182787284255028e-11     0.9999999999854481 -1.455191522836685e-11  1.455191522836685e-11
 1.818989403545856e-11  3.637978807091713e-12  1.455191522836685e-11                      1 -1.455191522836685e-11
                     0 -3.637978807091713e-12                      0                      0      1.000000000014552
