5
2

0.0001903391633027168
0.0003004294067095013
0.0006491718268473616
  0.06689050736980123
   0.5491282647319669

 0.05275608969408227   0.1400215089925644  -0.7432036559832631   0.6451920819090007 -0.09479596613082038
 -0.3030347993561321   0.8080827598456486  -0.2471278392972453  -0.4125461551131533   0.1546145677646756
   0.587112609989947  -0.2220097843672229  -0.4309740925153493  -0.4242475330771306   0.4901895562887399
 -0.6203290208948363  -0.2995352900575393 -0.04923977442369903   0.1625507765631069   0.7047149817473961
    0.41937738900163    0.434035132120719   0.4454356664802005   0.4551089134042346   0.4797906352217409

0.3965318652008341
0.3960669900424612
0.3957983947172448
0.3954708017660514
0.3946125936363754

0.006883030287105635
  0.3975991177598909

   1.98591767778829  -2.002521625021359   9.842775491744296  -6.640418663964696   -3.18562944385715
  1.650519514545208  -0.548555656353567  0.8616317186868749 -0.7081504439734999 -0.2554343772297898

-4.156615983184655e-07 -2.171147312947349e-07 -5.798060015704152e-07   -0.01987107414946491   -0.06107470976641278
-3.850350385815804e-08 -8.156830440592901e-08  3.770499655810607e-07  -0.005356226861163377     0.1185237491390118

cov:
0.05475631097410348 0.05571931312962494 0.05646628732871691 0.05710173536962404 0.05871838027121453
0.05571931312962494 0.05720793712736569 0.05836452266647703 0.05934670271516443 0.06185037174411234
0.05646628732871691 0.05836452266647703 0.05984075517943822 0.06109334582439541 0.06428892689990214
0.05710173536962404 0.05934670271516443 0.06109334582439541 0.06257492216241541 0.06635622121027016
0.05871838027121453 0.06185037174411234 0.06428892689990214 0.06635622121027016 0.07163681357129384

cov.inverse():
 1912272.677233426 -2818442.101648759 -852935.5930627263  1733547.316238709  25668.39852927859
-2818442.101621551  7892951.217479168 -4857911.894600132 -976455.0408685311  759612.1993044505
-852935.5932080986 -4857911.894388164  16363504.00491653 -11672085.64519124  1020006.805067817
 1733547.316390464  -976455.041096796 -11672085.64515389  13802788.13623473 -2888347.136330643
 25668.39849568043  759612.1993479617   1020006.80509707  -2888347.13636981  1083188.252233412

cov*(cov_.inverse()):
    0.9999999999881766  2.182787284255028e-11 -1.600710675120354e-10  1.455191522836685e-10                      0
 2.091837814077735e-11     0.9999999999345164 -1.455191522836685e-11  1.164153218269348e-10                      0
-6.139089236967266e-12 -7.275957614183426e-12     0.9999999999563443  1.455191522836685e-10                      0
 1.546140993013978e-11 -4.365574568510056e-11 -8.731149137020111e-11      1.000000000174623                      0
 6.821210263296962e-12 -7.275957614183426e-12 -1.455191522836685e-11   2.91038304567337e-11                      1
