6
2

0.0003934593619028222
0.0004844994914802096
 0.000675144103679895
0.0008683570506767053
   0.1006465396518298
   0.6444722319981793

   0.149874228751293  -0.6158942749020728   0.1265312390415968   0.1293754764630455   0.6263008466791491  -0.4161863029757163
  0.1741092592962595  -0.5688182267729917   0.2844153190747161   0.4148431593584471  -0.5686597557031831   0.2641419171030285
 -0.1404313294426147   0.1798647493771346  -0.5057420989264545    0.782391835089707  -0.0354525096196192  -0.2806399454150748
  0.4987143487075592  -0.2198983277769075  -0.6911981819539766   -0.145229469411619   0.1229256915018213   0.4347084916134617
 -0.7483621399232955  -0.2576136877073413 -0.08908690032773048  0.07033941528529357   0.2816952841537867   0.5304271421864538
  0.3445879118847824   0.3873611393931055   0.4020339521100228   0.4159217756744241   0.4343425980819342   0.4559986886308188

0.4000605615602646
 0.399621894288644
0.3993922997788877
0.3992047016252501
 0.398942216725462
0.3986219545810363

0.003551664757713114
  0.4007083507081312

   0.5120537972331329      1.92175535491295    0.5428097340108924    0.7523089899145705   -0.2278467078629429    -3.501260741844187
     1.35775913657783   -0.2131982452610823   0.04097423790620004    0.1077186516465341 -0.008167487569988058   -0.2850843345518384

 5.784244944875275e-08 -3.128529314910031e-07   7.19510122689874e-07 -1.660182177052334e-06    -0.0283131866707864    -0.1011543647399288
 7.236671777606201e-08  8.059820807289315e-08 -3.882095003277055e-08  4.185834429453776e-07   -0.01125172841763187     0.1300080767578315

cov:
0.05499166378084694 0.05739292538744434 0.05821530482175893 0.05899453198583742 0.06002886782106079 0.06124292587903381
0.05739292538744434 0.06299431938237944 0.06491506043588943 0.06673341427970783  0.0691455365644655 0.07198058488252362
0.05821530482175893 0.06491506043588943 0.06721355673120379  0.0693881380794942 0.07227335425692132 0.07566501113267139
0.05899453198583742 0.06673341427970783  0.0693881380794942 0.07190127740663727 0.07523367751388475 0.07915194938588721
0.06002886782106079  0.0691455365644655 0.07227335425692132 0.07523367751388475 0.07916014753621585  0.0837765210405421
0.06124292587903381 0.07198058488252362 0.07566501113267139 0.07915194938588721  0.0837765210405421 0.08921481833687397

cov.inverse():
 647397.7174707429 -1218988.123845726  32120.71184516223  95843.40091974931  276753.2246287228  166933.2470491909
 -1218988.12385804  3963723.745106695 -1190571.348773783 -1168867.163443546  -1163539.30715186  778158.0604156483
 32120.71185819475 -1190571.348813015  1642744.852113663 -126581.5630862182  -250451.397765275 -107228.0118496841
  95843.4009305291 -1168867.163481038 -126581.5630706427   2212159.19267095 -566086.2175530475 -446430.0003250814
 276753.2246153427 -1163539.307048123 -250451.3978513752 -566086.2175776127  3934154.467706567 -2230901.549420088
 166933.2470510753   778158.060376316 -107228.0118053578 -446430.0003116521 -2230901.549440394  1839510.905907482

cov*(cov_.inverse()):
                     1 -3.637978807091713e-11 -4.547473508864641e-12  7.275957614183426e-12   2.91038304567337e-11 -1.455191522836685e-11
-5.456968210637569e-12     0.9999999999781721    1.2732925824821e-11  1.091393642127514e-11                      0  -2.91038304567337e-11
                     0 -3.637978807091713e-11     0.9999999999936335  7.275957614183426e-12                      0                      0
 1.818989403545856e-12 -5.820766091346741e-11  2.364686224609613e-11      1.000000000021828   2.91038304567337e-11                      0
-7.275957614183426e-12 -3.637978807091713e-11  1.818989403545856e-12  2.182787284255028e-11                      1                      0
-5.456968210637569e-12                      0                      0  1.455191522836685e-11   2.91038304567337e-11                      1
