6
2

 0.000117393720722065
 0.000326856315197886
0.0004161830993328638
0.0005770677193652217
  0.08513042905072285
   0.7034576320876372

  -0.1160870321025984    0.6983957039061333   -0.7015119924652072   0.04603607007515027   0.06701684424789986  0.006130987657083519
  -0.4748700536469532    0.5085964918172934    0.5312678821489745   -0.3033924203233297   -0.3624272188590684    0.1009060373707084
  0.06159747511196065  -0.05627792662848612  -0.09559212734920185    0.6107616397260018   -0.7477948043223364    0.2273188098042223
   0.5407894808124017  0.002588076887746663   -0.1491146780419065   -0.6043355087209981   -0.2808893926310939    0.4911054816425929
  -0.5796651195724172   -0.3240276692350633   -0.2012731638350014 -0.006193084966810345      0.20695192462141    0.6896492433368753
   0.3588357155865761    0.3813203583328765    0.3921115062397432    0.4093216065383311    0.4280540085649028    0.4704315767326362

0.3989539302432827
0.3977853370774397
0.3972904429734287
0.3963597224859693
0.3953777741063501
0.3931260517523834

0.01479257696243144
  0.402117179704813

  1.024585414833221  -1.705451622925484   2.878364028842864  0.9641471282431789  0.7678510642693599  -3.929283039777365
  2.946237411382221  -3.008531237041708  0.9700250726632929  0.1141977440454867  0.5901740288178767 -0.6110655621304736

-4.489217887761507e-08 -8.461792415004308e-08  -1.72271086980723e-07 -8.683418438870436e-07   -0.02302816502036699    -0.1381414631261121
-4.248201325435864e-08 -2.910258630603595e-07 -4.372129917189625e-08  3.016971176012622e-07  -0.008901101606631613     0.1495763461251244

cov:
0.06615400811123184 0.06907255634547757  0.0704730377675632 0.07270949543612244 0.07514045970327915 0.08063782042541856
0.06907255634547757 0.07271510073453064 0.07446308696184185 0.07725243785555591 0.08028667735946317 0.08714971613064389
 0.0704730377675632 0.07446308696184185 0.07637793871920406  0.0794327419318348 0.08275662452677887 0.09027533706431991
0.07270949543612244 0.07725243785555591  0.0794327419318348 0.08291015267268403 0.08669469998160556 0.09525670883252646
0.07514045970327915 0.08028667735946317 0.08275662452677887 0.08669469998160556  0.0909824930149226  0.1006828069876161
0.08063782042541856 0.08714971613064389 0.09027533706431991 0.09525670883252646  0.1006828069876161  0.1129607636719938

cov.inverse():
 3988778.906408298 -8159395.378966101  3271643.303639418  196548.4290737265  324326.6476700668  378159.4314343058
-8159395.379357819  37832207.89667827 -32991547.79394104  685510.3353189743  1911634.654498379  720998.8136668893
 3271643.304231993 -32991547.79508361  38470643.21935665  -3918553.09480815 -4675174.130486694  -155685.191364614
 196548.4291836773  685510.3341793347 -3918553.093584343  4265747.891070108 -873999.3769566757 -355760.3504691072
 324326.6472405271  1911634.657219833 -4675174.133091952 -873999.3768020442  5020792.570593375  -1708130.06077622
 378159.4315530926   720998.812835736 -155685.1905330149 -355760.3504296446 -1708130.060934895  1120695.576792052

cov*(cov_.inverse()):
    0.9999999999490683  8.149072527885437e-10 -8.185452315956354e-10  5.820766091346741e-11  5.820766091346741e-11 -1.455191522836685e-11
 -2.91038304567337e-11      1.000000000589353 -7.876224117353559e-10  2.546585164964199e-11                      0                      0
-3.637978807091713e-11  4.001776687800884e-10     0.9999999994142854  7.275957614183426e-12  5.820766091346741e-11 -4.365574568510056e-11
-7.275957614183426e-11  4.802132025361061e-10 -7.839844329282641e-10      1.000000000050932  1.164153218269348e-10 -1.455191522836685e-11
-7.275957614183426e-12  8.731149137020111e-11 -9.149516699835658e-10  7.275957614183426e-12      1.000000000058208                      0
 2.182787284255028e-11   1.01863406598568e-10 -2.110027708113194e-10  3.637978807091713e-11   2.91038304567337e-11     0.9999999999854481
