5
2

0.0001277938766963633
0.0004019219672083542
0.0007731175532077676
  0.09791584498187531
   0.6373332230818523

-0.04684242087254775   0.6665751143457785  -0.7363479390382864   0.1056152168516477  0.01097921605394147
 -0.1232175465346922   0.3716612601151314   0.2314672361387101  -0.8221371338078651   0.3423430965626418
  0.6089719244908942  -0.4186436493535846  -0.4412187537026769  -0.2119925118686201   0.4628994235581408
  -0.686745247392191  -0.2533113773886872  -0.1460553147309271   0.2102180980490662   0.6314194386944124
  0.3743759930856472    0.422038346132083   0.4338300216539666   0.4730787306018244    0.519340232563506

0.3982203011345303
0.3959688329933282
0.3954698409915038
0.3935383081765412
0.3912617559546326

0.01487866634699136
 0.4003381695374243

 0.4268099772930114 -0.9719137703355324    3.46579289028517  0.8951870530355315  -3.815552471346677
  1.494331969347946  -1.718139513146349   1.300782775407324  0.5066193777987925 -0.5825575327796249

-5.172477644024679e-08 -2.671553718626894e-07 -1.684565261981834e-06   -0.02659710112601262    -0.1238518599808104
-3.472004869517872e-08 -1.837613296027406e-07  4.054269606864363e-07  -0.009993303380906636     0.1363856730973347

cov:
0.06145291530705069 0.06584669812038363 0.06693365070565961 0.07055650428898184 0.07481840901799576
0.06584669812038363 0.07296506733402219 0.07472600299902861 0.08058901500120637 0.08749655093693134
0.06693365070565961 0.07472600299902861 0.07665374634945228 0.08307111218103215 0.09063332297097654
0.07055650428898184 0.08058901500120637 0.08307111218103215 0.09133137596588732  0.1010697366061013
0.07481840901799576 0.08749655093693134 0.09063332297097654  0.1010697366061013  0.1133788205692982

cov.inverse():
 848836.9331253336 -2621915.601759619  1485965.766051454  108161.4079981641  178958.3171882252
 -2621915.60169383  28355158.55729122 -29213097.63920638  2567745.905830801  911525.5326313815
 1485965.765948189 -29213097.63885627  33857973.71821396 -5783528.417854023 -346213.5342555911
 108161.4080505955  2567745.905390392 -5783528.417441739  4942341.366240129 -1835458.465347998
 178958.3171732671  911525.5327875187 -346213.5344210766 -1835458.465323696  1091421.390001864

cov*(cov_.inverse()):
     1.000000000025466 -5.966285243630409e-10  4.365574568510056e-10  -2.91038304567337e-11   2.91038304567337e-11
 7.275957614183426e-12     0.9999999997235136  1.818989403545856e-11  -2.91038304567337e-11                      0
 1.637090463191271e-11 -2.037268131971359e-10      1.000000000043656  -2.91038304567337e-11  1.455191522836685e-11
 1.818989403545856e-11  1.600710675120354e-10  5.820766091346741e-11      1.000000000029104  4.365574568510056e-11
-7.275957614183426e-12  2.328306436538696e-10 -3.637978807091713e-11   2.91038304567337e-11                      1
