6
2

0.0001522925182357009
0.0002662596210398473
0.0004694916097813765
0.0006891860160306338
   0.1118917797252898
   0.6183142532038852

  -0.149087642826365   0.5619009856639796  -0.7283756217185656   0.3612009100689089 -0.02179102562777892  -0.0238362018765967
  0.4179548479901227  -0.6003469829311013  -0.2330741179936565   0.6233844347677077  -0.1173480463022008 -0.09052614631673818
 -0.2665331060815885    0.160714761264845   0.3693943369032615   0.3488938021771735  -0.7844558880924992   0.1719906020026919
  0.5084702497040137  0.02049842200776604  -0.3053766279095489  -0.4225677501089692  -0.3745595793938042    0.573519444343348
 -0.5875968259566121  -0.3962458347023771  -0.1722668479402448  0.08199225908945543   0.2150660284419605   0.6442571028456524
  0.3580987272417838   0.3749541319723849   0.3946675579506099     0.41702833222018   0.4287601564542733   0.4665450862766792

0.3963304931595178
0.3962013554401626
0.3960143429399623
0.3957798755985269
0.3957570803910364
0.3952706273449383

0.002557166419782286
  0.3968618019094804

  0.3430328829943513     1.27342283493771    2.357020922380625   -2.473364408555616   0.7650219687602976   -2.265216711684691
   1.533014401524094  -0.1685950770313736 -0.07002265558244453  -0.2318524765575063   0.1063025432761187  -0.1686025635526457

-4.426290901349114e-08 -1.841159749755872e-07 -1.914952590560945e-07 -5.033724758414755e-07   -0.03267457931317483    -0.0878261070626795
-8.217918639562576e-09  4.370783480016215e-08 -1.443414706237301e-07  3.604505659628261e-07   -0.01160204815249518      0.125531534882674

cov:
0.05334858301705194  0.0542483187935403 0.05529940334837508 0.05649023685979825 0.05711747967198109 0.05913324537006286
 0.0542483187935403 0.05571532383299711 0.05743006957555941 0.05937409903997069 0.06039567230364843 0.06368299405057583
0.05529940334837508 0.05743006957555941 0.05992157164534809 0.06274711882363965  0.0642302046862455  0.0690057205193465
0.05649023685979825 0.05937409903997069 0.06274711882363965 0.06657328430555078  0.0685802201842439 0.07504492565108833
0.05711747967198109 0.06039567230364843  0.0642302046862455  0.0685802201842439 0.07086181039460324 0.07821082609183702
0.05913324537006286 0.06368299405057583  0.0690057205193465 0.07504492565108833 0.07821082609183702 0.08841250237655329

cov.inverse():
 4289039.151614292 -7323673.918965319  2534438.611079669   479052.968865453 -4169.838784478167  25489.01603274408
-7323673.918878905  18815213.43890159 -15416597.57522867  3708071.133832676 -122341.7557495496  339244.2406901822
  2534438.61094235 -15416597.57523029  24456257.61764242 -12536587.22581954 -3672.295023495532   965681.329083383
 479052.9686750798  3708071.134640596 -12536587.22670357  12034942.73107335 -2279665.524810982 -1405227.196792237
-4169.838483370922 -122341.7565567503 -3672.294263508524 -2279665.525080561  3301872.000913278 -892110.6193470631
 25489.01597289364  339244.2407775595  965681.3290684376 -1405227.196789138 -892110.6193627458  966831.6539688191

cov*(cov_.inverse()):
     1.000000000063665 -1.964508555829525e-10 -2.182787284255028e-11                      0 -2.182787284255028e-11  2.182787284255028e-11
 7.048583938740194e-12     0.9999999997635314 -9.458744898438454e-11  1.164153218269348e-10  1.455191522836685e-11                      0
 4.729372449219227e-11  7.639755494892597e-11     0.9999999996216502  2.473825588822365e-10  1.455191522836685e-11  -2.91038304567337e-11
 4.547473508864641e-13 -1.091393642127514e-10 -7.275957614183426e-11      1.000000000043656   2.91038304567337e-11  1.455191522836685e-11
  9.00399754755199e-11 -1.637090463191271e-10  4.365574568510056e-11  4.365574568510056e-11      1.000000000014552  1.455191522836685e-11
 1.000444171950221e-11 -2.182787284255028e-11 -8.731149137020111e-11                      0                      0                      1
