5
2

0.0001030874603452313
0.0002098577823688033
0.0007462167753450518
  0.08673191303221754
   0.5874345908247363

 -0.1309649869559657   0.5700053971542387  -0.7456647041714076   0.3190175137856582 -0.01240944227785308
 -0.5587736447889458   0.5993952525673335   0.3684254382696041  -0.4380825895270932  0.02904627821437967
  0.3062135655387369 0.002166341113577554  -0.3286993280785475  -0.6214906838114352   0.6418213465619073
  -0.648296710823079  -0.3756371565003384 -0.05084842256353873   0.3088783639168478   0.5836237620412388
  0.3956827177132357   0.4179847031140036   0.4445425008166585   0.4739778021077575   0.4964382972158142

0.4006543517469038
0.4008039599224013
0.4009724894957496
0.4011453705686534
0.4013102160191379

-0.001386488017789195
   0.4005020212756125

   0.509020009980454   -1.031457942974131    9.224972844337218   -8.413013549187204  -0.2893679303753927
   2.225154283263345   -1.059407000361724   0.5190911314532819  -0.6418498638788441 -0.04294124433548968

-1.085406534477109e-07  2.718706737287624e-07  1.205155981539632e-06   -0.02391451978068448   -0.08974332109991048
-1.579793709520417e-08 -6.197255861192243e-08  4.899049137238546e-07  -0.009736406743317471     0.1183128795163396

cov:
0.05718894722714279 0.05890432649196156 0.06094661343823889 0.06321143308069804  0.0649385690999901
0.05890432649196156 0.06135069799259257 0.06426356850725701 0.06749275886408113 0.06995607689534308
0.06094661343823889 0.06426356850725701 0.06821343440678077 0.07259131733728712 0.07593150043304663
0.06321143308069804 0.06749275886408113 0.07259131733728712 0.07824170528537408 0.08255327081580034
 0.0649385690999901 0.06995607689534308 0.07593150043304663 0.08255327081580034 0.08760764983055225

cov.inverse():
 8872028.427284157 -14628387.39827983  4334145.543038464  1285006.873264905  137294.7230408769
-14628387.39831308  38731468.43802875 -34982423.89326493  11146447.40388706 -267816.7334198778
 4334145.543121121 -34982423.89319479  55597081.33641751 -25682432.65323527  734855.2164077731
 1285006.873190104  11146447.40357616    -25682432.65262  14628139.45063281 -1377771.816180728
 137294.7230662762 -267816.7332123462  734855.2159452779 -1377771.815951174  773466.6544467304

cov*(cov_.inverse()):
    0.9999999999054126  1.637090463191271e-10 -5.602487362921238e-10 -2.037268131971359e-10  -2.91038304567337e-11
-3.637978807091713e-11      1.000000000192813 -7.275957614183426e-12 -4.802132025361061e-10 -7.275957614183426e-12
-9.276845958083868e-11  5.093170329928398e-11     0.9999999994761311   2.91038304567337e-11                      0
 5.275069270282984e-11 -4.729372449219227e-11  -1.01863406598568e-10     0.9999999997235136 -1.455191522836685e-11
-2.546585164964199e-11   2.91038304567337e-11 -7.275957614183426e-11 -1.309672370553017e-10                      1
