6
2

0.0003611311692265846
0.0004501281076300549
0.0006651470462568788
0.0008391614480222284
   0.1112175282972768
   0.6378928604833355

 -0.4881356240066289   0.7715783293139664     -0.1238728937274  -0.1296733712235771  -0.2735909373205007    0.243677689417661
  0.1905658724949637  -0.2364339656088228   0.1638298418293739   0.2302614786488356   -0.793492679792835    0.445300381359054
 -0.1540039660523004  0.05805344912901338  -0.3909241947436775   0.8507269970646101   -0.059135204875708   -0.304725209751562
   0.402482505277524  0.01469644222503007  -0.7989377731217887  -0.1411978470322938   0.1151950982541828   0.4077787875089947
 -0.6460104713677616  -0.4585543137462323 -0.04277307255973818   0.1023164436000004   0.2954600304746585   0.5223060331383175
  0.3498132974670697    0.367297719315581   0.4060325874024973   0.4195504237560586   0.4375544005100468   0.4586765404818807

0.4000376791115339
0.3998534510370471
0.3994135560041993
0.3992421272689415
0.3989936626558538
0.3986932219333967

0.003332457542888191
  0.4006563397136305

 -0.2441839483828762    2.293725835088577   0.5145453560824795     0.73595174227757 -0.05892687987478173   -3.241355397137759
   1.462402518676391  -0.2478778595879338  0.01400875261927169  0.08221489623145524 -0.03850435172266087  -0.2722305248977122

 1.246889496069363e-07  -3.50870426889207e-07  7.020848204353819e-07 -1.343681830764167e-06   -0.03155605334489087   -0.09674826254223151
-1.269344565315501e-07  5.426955880562987e-08 -3.977689168520603e-08  3.145642791315122e-07   -0.01208253424341076     0.1297996349586019

cov:
0.05495523242877977 0.05594586161615527 0.05813692415719679  0.0589018091364092 0.05992127125713573 0.06111528129465813
0.05594586161615527 0.05749591031065655 0.06092662747485496 0.06212403612491239  0.0637193415028708 0.06558949048949836
0.05813692415719679 0.06092662747485496 0.06710689422178018 0.06926293335501325 0.07213530171276233 0.07550494367085359
 0.0589018091364092 0.06212403612491239 0.06926293335501325  0.0717547016059351 0.07507233354979971 0.07896528661611282
0.05992127125713573  0.0637193415028708 0.07213530171276233 0.07507233354979971 0.07898392063928651 0.08357344680894946
0.06111528129465813 0.06558949048949836 0.07550494367085359 0.07896528661611282 0.08357344680894946 0.08898146049329343

cov.inverse():
 2289967.334860112 -3122113.386008144  297179.5542779513  325085.0786868621  364134.5643141025 -154134.5137720139
-3122113.386026563  4848726.668351605 -992011.8302365232  -927200.628849846 -698076.6170252746  890550.1828541989
  297179.554242635  -992011.830170705  1501980.766919562 -282157.8951222108 -460176.4522153437 -64782.29745661759
 325085.0787392851  -927200.628923242 -282157.8950925778  2054784.133285697 -766533.9660871282 -403943.3091098497
 364134.5643846479 -698076.6171481836 -460176.4521675026 -766533.9660606863  3708222.597468904 -2147654.895811476
-154134.5138412557  890550.1829662779 -64782.29750358986 -403943.3091276347  -2147654.89578956  1880010.123346929

cov*(cov_.inverse()):
     1.000000000027285  1.455191522836685e-11 -4.547473508864641e-13                      0  -2.91038304567337e-11  1.455191522836685e-11
 7.275957614183426e-12      1.000000000007276 -1.000444171950221e-11  7.275957614183426e-12                      0  1.455191522836685e-11
 2.000888343900442e-11  1.455191522836685e-11     0.9999999999899956 -3.637978807091713e-12                      0                      0
 2.546585164964199e-11 -5.820766091346741e-11 -6.366462912410498e-12      1.000000000029104  -2.91038304567337e-11                      0
 3.274180926382542e-11  -2.91038304567337e-11  8.185452315956354e-12  7.275957614183426e-12                      1                      0
 3.637978807091713e-12  1.455191522836685e-11  9.094947017729282e-12                      0                      0                      1
