5
2

0.0002713765920274935
0.0006253265848734871
0.0007279203491249745
   0.0830957144996015
   0.5868544221981703

  -0.528236184776133   0.8297330730873492    -0.11154693652924  -0.1267663776673474 -0.06322283576541222
 -0.3012507614287091 -0.09614191926761523   0.0358271991540607   0.8262825640853764  -0.4647345975795572
  0.2952660378263992   0.1250425074192707  -0.8864270337488179   0.2705827689320304   0.1954850818884866
 -0.6186252302772577  -0.3281739840546452 -0.05786934549750357   0.1320192539469859     0.69916143779036
  0.4004189096464943   0.4230436931483161   0.4440404772570621   0.4588499662481752    0.502974645003419

0.4006304632336158
0.4006038012843093
0.4006451634857003
0.4006119232180125
0.4005027163509811

0.0006699822199760621
   0.4008845758098167

  2.098387075636837   0.261590187876007  0.1900529632858618  0.4023907693536972  -2.952244287471934
  2.601287508322903  -1.405469549972227 0.02264061600669698 0.01629941693876361 -0.2346135326445181

-5.721898574344874e-08  4.121558308733307e-07  8.257748749249875e-09   -0.02351761609205532   -0.09125788146976614
-1.863237857093217e-07 -2.053719614699732e-07  2.812571642466892e-07  -0.009053526829895263     0.1193536998449148

cov:
0.05786176295152007 0.05974102127278386 0.06148179631961077 0.06271304792538138 0.06637556138774379
0.05974102127278386 0.06237924847482658 0.06482574245804841 0.06655317457714365 0.07169683831032991
0.06148179631961077 0.06482574245804841  0.0679291872256011  0.0701175452549191 0.07663878377557887
0.06271304792538138 0.06655317457714365  0.0701175452549191 0.07263136526766069 0.08012082530134293
0.06637556138774379 0.07169683831032991 0.07663878377557887 0.08012082530134293 0.09050244124876607

cov.inverse():
 4185559.730091801 -5807659.632954934   278542.000778989  423462.8560247507  920380.0696423081
-5807659.632880561  9401449.660185857 -1474748.471828085  -1567535.01753706  -551945.543664822
 278542.0007538238 -1474748.471795612  1655160.258920507   -184951.44846053 -273855.4353162888
 423462.8559236201 -1567535.017407601 -184951.4484601779  2102380.053449192 -773352.0780888321
 920380.0696942309 -551945.5437523853 -273855.4353093316 -773352.0780601451  678794.5162356651

cov*(cov_.inverse()):
     1.000000000065484 -5.093170329928398e-11  7.275957614183426e-12  1.455191522836685e-11 -7.275957614183426e-12
 1.455191522836685e-11     0.9999999999563443  7.275957614183426e-12                      0                      0
                     0  -2.91038304567337e-11       1.00000000001819 -1.455191522836685e-11  7.275957614183426e-12
 1.455191522836685e-11 -3.637978807091713e-11 -1.091393642127514e-11     0.9999999999708962  7.275957614183426e-12
                     0 -6.548361852765083e-11  3.637978807091713e-12                      0                      1
