5
2

0.0003549624696320497
0.0005267485391543434
0.0007064461767188024
  0.07647279711561822
   0.5830904415947601

  0.5440117473048118  -0.8180096310468512   0.1413289430578828   0.1217288549393503  0.01093974580405807
  0.1494943797021276 0.003122912612972617  0.09606471187558231  -0.8089978821559887    0.560299630245884
  0.2900498557164531  0.07283803510136316  -0.8759675209778351   0.1803265466415222    0.332759583798464
 -0.6601683928180989  -0.3846295419596055  0.02764410985710615   0.2814282222530985    0.579889444192237
  0.4021833208310303   0.4214323516602916   0.4502381662726495   0.4679583366477011   0.4888189217008279

0.3999971762192203
0.3999749810035289
0.3997813896737712
0.3996665030558813
0.3995229468171695

0.001763905980946934
  0.4004765724528742

  1.044320516392223   1.996652387094305  0.9962447601895095 -0.3117321196611631  -3.725790409010082
  1.966680668508044 -0.4814454557151449  0.1064592962508844 -0.1562028128265519 -0.4356174919614684

-1.263846694081126e-07 -4.376464957176651e-07 -8.585669629262115e-07   -0.02151006169135646   -0.08741423433510204
 1.833263780845266e-07  5.133711537713943e-08  1.342436217570662e-07  -0.008227027809919622     0.1189868520653954

cov:
0.05754340138712432 0.05911160569125794 0.06145877349452319 0.06290215518080014 0.06460242878343325
0.05911160569125794 0.06125004633059387 0.06444999779214571 0.06641821741749267 0.06873589447202684
0.06145877349452319 0.06444999779214571 0.06892663286267646 0.07167975148510022 0.07492127689368219
0.06290215518080014 0.06641821741749267 0.07167975148510022 0.07491706824224653 0.07872697225381642
0.06460242878343325 0.06873589447202684 0.07492127689368219 0.07872697225381642 0.08320630548379669

cov.inverse():
 2598024.010154438 -3487787.610619765  152859.9058522134  194470.9807695536  542446.5002838942
-3487787.610605455  5321393.908605516 -1044305.558496388 -773096.0243571989 -16188.72804722179
  152859.905829441  -1044305.55846657  1729295.133855663 -460064.1075012818 -377800.5724730594
 194470.9807654595 -773096.0243529386 -460064.1074995334  2541558.776196087 -1502824.660701276
 542446.5002964506 -16188.72806698984  -377800.572467762 -1502824.660699362  1354326.710100691

cov*(cov_.inverse()):
     1.000000000021828 -2.273736754432321e-12                      0  -2.91038304567337e-11                      0
 -2.91038304567337e-11      1.000000000055934 -1.091393642127514e-11 -1.455191522836685e-11                      0
-1.455191522836685e-11  5.593392415903509e-11                      1 -4.365574568510056e-11  1.455191522836685e-11
  2.91038304567337e-11   2.97859514830634e-11 -2.546585164964199e-11     0.9999999999708962  1.455191522836685e-11
                     0  1.000444171950221e-11 -3.637978807091713e-12                      0      1.000000000014552
