6
2

0.0001248057031147344
0.0002379593768622584
0.0005216942882672063
0.0006278450842313494
  0.07866892233149239
   0.6375356365003119

 -0.0326842680573553   0.2327727497207104  -0.7401288636701883    0.626692876387099 -0.02809254216536914 -0.05852092387891621
  0.3336942104692254  -0.7719015975861191   0.1700464722500811   0.4890948445648883 -0.09862718854875938  -0.1223078309742881
 -0.3698856329468602    0.223831821018329   0.4011197777807669   0.3497276073361233  -0.7189233632045874   0.1141343805248108
  0.4465869067035451 -0.08646281318953283  -0.3037567301512094  -0.2622683086752023  -0.4496672819245112   0.6556148529551677
  -0.644909944877458  -0.3798385828879318 -0.08455213296807008  0.07526290594633794   0.2955089767751541   0.5828161720407263
   0.367988897685091   0.3848777980296018   0.4037067896494706   0.4138643517214591   0.4279094119135293   0.4461882039289123

0.3981698183627457
0.3979135411371252
0.3975935771530089
0.3974870850588709
0.3972315183344828
0.3968874042428842

0.004092787541354893
  0.3989109172191235

  0.0776101899476757    2.959215770050509    1.885494797734824  -0.9144354688349725  -0.6120227112012708   -3.396114933101212
   1.506183778871272  -0.1136918688342773  -0.1036785798497877  0.07459969819818778 -0.06562995445259753  -0.2974943139481282

-1.661002574048562e-08 -1.081087002652461e-07  3.055186440743773e-07 -9.876194025550805e-07   -0.02204753883127064   -0.09225061372738268
 1.044356396326781e-09  3.692373656639996e-08 -1.591710259480137e-07  2.084749568160033e-07  -0.006848316430710339     0.1376642569594858

cov:
0.05761409069118863 0.05908202630505882  0.0607196826224139 0.06160110733249519 0.06282283657600453 0.06441019472972258
0.05908202630505882 0.06110101694121587 0.06335234618758608 0.06456563869386567 0.06624498917962723 0.06842904606084078
 0.0607196826224139 0.06335234618758608 0.06628749398983608 0.06787057031853759 0.07005984454785244 0.07290877999855604
0.06160110733249519 0.06456563869386567 0.06787057031853759 0.06965368617015469 0.07211877085808507 0.07532734169078319
0.06282283657600453 0.06624498917962723 0.07005984454785244 0.07211877085808507  0.0749645929447344 0.07866880453098504
0.06441019472972258 0.06842904606084078 0.07290877999855604 0.07532734169078319 0.07866880453098504 0.08302034496703521

cov.inverse():
 3043781.287868519 -5439429.216758028  1665853.804819205  794848.1030421318 -54688.95923802144 -10388.31167912238
-5439429.216070903   14204081.0821753 -12981931.97003665  3043073.422826997  432026.4495988262  742783.7424495301
  1665853.80212864 -12981931.96441356  36503754.50798582 -27591536.62785103  325605.0518365906  2076372.884890725
 794848.1053652569  3043073.416976736 -27591536.62399903  30062379.31133198 -2606768.792536261 -3700459.118422295
-54688.95939429285    432026.44980795  325605.0523749341 -2606768.793262767  2634454.401578748 -730766.8165915968
-10388.31184239901  742783.7431543976  2076372.883432905 -3700459.117370704 -730766.8167268779  1622380.835989109

cov*(cov_.inverse()):
    0.9999999999670308 -8.731149137020111e-11  1.746229827404022e-10  1.455191522836685e-10                      0                      0
-2.353317540837452e-11     0.9999999998763087 -1.455191522836685e-10   2.91038304567337e-10 -4.365574568510056e-11  1.455191522836685e-11
-5.229594535194337e-12 -2.473825588822365e-10      1.000000000087311  5.820766091346741e-11 -2.182787284255028e-11  4.365574568510056e-11
 6.366462912410498e-12 -1.673470251262188e-10  1.455191522836685e-10                      1                      0  4.365574568510056e-11
 5.911715561524034e-12 -2.182787284255028e-10  2.328306436538696e-10 -1.746229827404022e-10     0.9999999999490683   2.91038304567337e-11
 -7.73070496506989e-12 -8.003553375601768e-11  1.164153218269348e-10  5.820766091346741e-11  -2.91038304567337e-11                      1
