5
2

0.0001293187521585904
0.0003647365983451703
0.0007557294581002307
   0.1027815459295521
   0.6423366392915663

-0.04821477292784638   0.6802662843812877  -0.7240712222124255   0.1025786282056209 -0.01056447844669138
-0.07524390323842976   0.2364230408810246   0.1058322612082298  -0.8011923932495146   0.5341655008072713
  0.6180838686431955  -0.4786032248263958  -0.4984614649358122 -0.01547486457832932   0.3744435619010713
 -0.6881220361834188  -0.2792845548760126  -0.1780597865658726    0.329019166103378   0.5554541398452688
  0.3694239912875296   0.4174697817424974   0.4293614771186593   0.4889532604835437   0.5155757238486487

0.3989408726860206
 0.396804009532859
0.3963322944857424
  0.39357158165312
0.3923259374621729

0.01416061364142773
 0.4009665990771168

 0.4062224736003483  -1.863806878711685   5.041719676808263  -0.131016106124919  -3.452593431785121
  1.464720122773686  -2.377231542673387    2.60545865388055 -0.7453917205712329 0.05353751114521141

-8.219520834910525e-08 -2.230857724847041e-07 -1.519639544273467e-06   -0.02765233970221483    -0.1268439313541335
-6.106253389227076e-08   3.05041623670864e-08  4.431554047330598e-07   -0.01081145701180992     0.1363651287261694

cov:
0.06131113154224515 0.06566203994342663 0.06673876460891012 0.07213596563146457 0.07454792980840905
0.06566203994342663 0.07273185375034785 0.07448149112108901  0.0832497437482413 0.08716723625276236
0.06673876460891012 0.07448149112108901 0.07639775422631233 0.08600062442178802  0.0902908509684722
0.07213596563146457  0.0832497437482413 0.08600062442178802 0.09978527623164153  0.1059429916482692
0.07454792980840905 0.08716723625276236  0.0902908509684722  0.1059429916482692   0.112935109492645

cov.inverse():
 850512.0212438263 -2612920.296141372  1488266.188576848  140646.9377916614   133525.813010847
-2612920.296039657  28492881.31279789 -28847723.64396425  2761755.926452222  205772.2640914918
  1488266.18846309 -28847723.64392011    31869383.756513 -5065227.491413676  555546.9309334003
 140646.9377852223  2761755.926867831 -5065227.491875724  5454828.967615068  -3291950.30875822
 133525.8130293339  205772.2637334651  555546.9313258156 -3291950.308811093   2397027.70593008

cov*(cov_.inverse()):
    0.9999999999890861 -5.093170329928398e-11 -9.458744898438454e-11  -2.91038304567337e-11   2.91038304567337e-11
-1.091393642127514e-11     0.9999999998544808  -3.92901711165905e-10 -5.820766091346741e-11  5.820766091346741e-11
-1.637090463191271e-11  1.091393642127514e-11      1.000000000327418 -5.820766091346741e-11                      0
-1.818989403545856e-12  2.255546860396862e-10 -4.656612873077393e-10     0.9999999999417923                      0
 1.091393642127514e-11  1.818989403545856e-11  -2.91038304567337e-11                      0                      1
