5
2

0.0004831022726307373
0.0005699588795412319
0.0007823346347707798
  0.08437072272685542
   0.5765597928512151

 0.1866992464651983  -0.754090577452335  0.3005823188282517  0.5012050721355392 -0.2343811802179751
-0.1970692251262247  0.3875373019955471 -0.3819712671998142  0.6644090153167774 -0.4729029197094467
 0.3764849746558221 -0.2460416786327864 -0.7480004141425937  0.1546474374702106  0.4629277554439469
-0.7956975781587898 -0.1764408864355466 0.03169001565806424  0.2548253876698294  0.5194167328962248
  0.389142056128759  0.4353094836194307  0.4508207448550908  0.4674423257624595  0.4871677757374256

0.3996869294245416
0.3996090165447129
0.3995091170691282
0.3994343827065278
0.3993185380325101

0.001347946858346961
  0.4000498860452971

  1.915851637434645   0.805962767889432  0.4246983762307822  0.2814193350695463  -3.427912280331396
  1.466387034374748 -0.2895126734071993 0.02685525071692954 0.04259732385597945 -0.2463383059631956

 1.918594506004326e-07  5.134660745459896e-07 -8.189443766972793e-07    -0.0239320302305317   -0.08329696359784067
 1.351902143400164e-07 -8.661835011618729e-08  3.034334690718428e-07  -0.008769643269712564     0.1185466718859386

cov:
0.05484607842876781 0.05731049473989341 0.05813812053725929 0.05902455949838839 0.06007766297566198
0.05731049473989341 0.06321376187210105 0.06519672078855915 0.06732167181442796 0.06984368310799717
0.05813812053725929 0.06519672078855915 0.06756862519567265  0.0701093812086072 0.07312511954658202
0.05902455949838839 0.06732167181442796  0.0701093812086072 0.07309726305771189 0.07664201022829868
0.06007766297566198 0.06984368310799717 0.07312511954658202 0.07664201022829868 0.08081505532024537

cov.inverse():
 500575.1400133905 -989658.8048906139  12055.24820486306  92982.07045050875  384088.7940302297
-989658.8048865792    2997744.0053759 -1126183.048942032 -888984.0705217157  7037.081137745879
 12055.24820007583 -1126183.048942726  1750408.175109804 -324721.0017904129 -311563.4304323146
 92982.07044871472 -888984.0705003525 -324721.0018160429  2474322.021358679 -1353559.370115314
 384088.7940327759  7037.081121113774 -311563.4304121672 -1353559.370121376  1273982.564167531

cov*(cov_.inverse()):
    0.9999999999890861  3.660716174636036e-11 -1.455191522836685e-11 -4.365574568510056e-11  1.455191522836685e-11
 7.275957614183426e-12      1.000000000014268  -2.91038304567337e-11 -1.455191522836685e-11  1.455191522836685e-11
                     0 -4.081357474206015e-11                      1                      0                      0
-7.275957614183426e-12 -7.958078640513122e-12 -1.818989403545856e-11     0.9999999999708962                      0
                     0   1.55750967678614e-11  7.275957614183426e-12                      0                      1
