5
2

0.0002132870815867906
0.0006251618133278951
0.0007423585296675115
  0.07844431298498643
   0.5616665718717877

-0.09766551029101181   0.6997865717525423  -0.7038289494096834  0.04056421249372791   0.0611519151952313
  0.2321082805204698  -0.3138265268412752  -0.3311089216283984   0.7777415497423709   -0.364861098209973
 -0.5542218202443615   0.3917282750625538   0.4351109485166303   0.2591927645056624  -0.5318690682775351
 -0.6812032081095751  -0.2681972922881898   -0.102121921801158    0.327649926467812   0.5884292994436814
  0.4066786906633743   0.4317763726414002   0.4418611405855203   0.4679073230701232   0.4837386443595061

0.4007027387910004
0.4008774967593424
0.4008748574499207
0.4008706365094201
 0.400881350218874

1.778342560755406e-05
   0.4008922935059735

  0.4872502305665833    11.65116794477399   -9.939808758671631 -0.05129565647323306   -2.147715735175282
   1.325757514021364    1.288263096190018   -1.513551878979724  0.03933138135958761   -0.139831705434939

 6.809263721410122e-07  1.921040275536132e-07  6.051783958879063e-07   -0.02290485195864509   -0.07132655380049736
 8.326535195431699e-08   1.90015341864065e-07 -4.431425538815524e-07  -0.007159278520455703     0.1190520013452998

cov:
0.05503035543716392  0.0565186775111358 0.05711633754715195  0.0586565608852777 0.05959464008979356
 0.0565186775111358 0.05925597841827068 0.06035553043107215 0.06319391210752587 0.06491992284856242
0.05711633754715195 0.06035553043107215 0.06165697739882455 0.06501736791985023 0.06706023503754147
 0.0586565608852777 0.06319391210752587 0.06501736791985023 0.06972887376683584 0.07259106401744267
0.05959464008979356 0.06491992284856242 0.06706023503754147 0.07259106401744267 0.07595165059165622

cov.inverse():
 904966.0498201746 -2082670.944806333  876842.3912394129  114106.7933072532   186846.770643145
-2082670.944833079  11295159.97186567 -10251724.58890972  183706.6543081804  855579.9631741011
 876842.3912884479 -10251724.58902316  11513484.12587596 -1081862.474208904 -1056953.208702371
 114106.7932652506  183706.6544784164 -1081862.474342858  1705789.160633763 -921658.3565826624
 186846.7706628545  855579.9630905734 -1056953.208632833 -921658.3565883822  936193.4804814119

cov*(cov_.inverse()):
    0.9999999999872671  7.275957614183426e-11  1.673470251262188e-10  7.275957614183426e-12 -7.275957614183426e-12
 3.637978807091713e-12     0.9999999999490683  1.600710675120354e-10 -1.455191522836685e-11 -7.275957614183426e-12
  -1.2732925824821e-11  1.891748979687691e-10     0.9999999999708962  7.275957614183426e-12                      0
-1.818989403545856e-12 -1.455191522836685e-11   2.91038304567337e-11                      1                      0
 1.818989403545856e-12 -2.182787284255028e-11  1.455191522836685e-11                      0     0.9999999999854481
