6
2

0.0001578444736543188
0.0002713654120143725
0.0005897847696898912
0.0007999451063155537
  0.08906762111140783
   0.6136539392286875

0.0001737427744557807    0.2247579327970702   -0.7581329458334658    0.6093938374085037  -0.02305420399800765  -0.05315950062466228
   0.2997923585836227   -0.7892490670774119    0.1710930922038949    0.4925919790353919  -0.07954604468143081  -0.09467404405616288
  -0.4410553690811935     0.238187650599346    0.4152540632020161    0.4065444345078713   -0.6407404407109134   0.02177562649138013
   0.4845034030484715  -0.01028581565045402     -0.20749239651517   -0.2283041992683872   -0.5976557366840983    0.5592694992794219
  -0.5849259388084697   -0.3458882790952559   -0.1427523757338792   0.01817744536372915    0.2163893616171975    0.6860684574988396
   0.3724416350201062    0.3874169914254066    0.4001178799390522    0.4101959153449464    0.4225823975021114    0.4519562077980611

0.4000009039563474
0.3999589594110122
0.4000018239322606
0.3999426044010954
0.3998619730542522
0.3996898589004443

0.001205045238790016
  0.4003405595207623

  0.9932425953757892   -1.270435586822372    5.048604415518974   -1.196261263260757  -0.1417906154171626   -3.433576862327095
   1.576627835366958  -0.4884211015089042   0.3258613012782439 -0.08209024836652512 -0.04209743569394189  -0.2899331519770035

-1.160056492245448e-07  1.407479599671076e-07  3.080266683094364e-07 -1.353856754034575e-06   -0.02594374640580544   -0.07707380580826854
-9.721557239251881e-09   6.65889949745558e-08 -2.397056336452868e-07  3.730957834864054e-07  -0.008006853921177646     0.1302417817295421

cov:
0.05494965100501917 0.05594048225309938 0.05677912497586459 0.05744582602465823 0.05826332213819034 0.06020385413814072
0.05594048225309938 0.05746945563793062 0.05876494979704792 0.05979364069289402 0.06105676796472931 0.06405338898739608
0.05677912497586459 0.05876494979704792 0.06044866795115617 0.06178488736318987 0.06342662931397233 0.06732051456892559
0.05744582602465823 0.05979364069289402 0.06178488736318987 0.06336486154126873 0.06530663419461587 0.06991159899544229
0.05826332213819034 0.06105676796472931 0.06342662931397233 0.06530663419461587 0.06761835817516684 0.07309835460476012
0.06020385413814072 0.06405338898739608 0.06732051456892559 0.06991159899544229 0.07309835460476012 0.08065429026310161

cov.inverse():
 2146607.113540952  -3521317.74173741  7633.908667323242  1321297.980697922  35908.69110567757  9986.747463158477
 -3521317.74166221  10649831.38003829 -8385194.341323469  499917.0025485035  215435.2577852875  541034.4006768872
 7633.908173724899 -8385194.340618378  24029695.19554149 -16839356.93059338 -54422.68501415561  1242260.716890403
 1321297.981185375  499917.0017649888 -16839356.93021374  18756863.90772815 -1631623.083780321  -2107610.39705576
 35908.69111829291  215435.2578587186 -54422.68534041998 -1631623.083512917  1845713.845009028 -410972.5980013895
 9986.747381473459  541034.4007570916  1242260.717048561 -2107610.397239633  -410972.597974194  725353.5444768099

cov*(cov_.inverse()):
     0.999999999969873 -1.455191522836685e-11   1.01863406598568e-10                      0                      0   2.91038304567337e-11
 2.034994395216927e-11     0.9999999999854481 -1.309672370553017e-10  8.731149137020111e-11  7.275957614183426e-12 -7.275957614183426e-12
-2.262368070660159e-11  9.458744898438454e-11     0.9999999998981366  2.037268131971359e-10  1.455191522836685e-11                      0
 1.296029950026423e-11  8.003553375601768e-11  -3.92901711165905e-10      1.000000000145519 -7.275957614183426e-12 -1.455191522836685e-11
 1.716671249596402e-11  1.964508555829525e-10  -3.92901711165905e-10  8.731149137020111e-11      1.000000000021828 -7.275957614183426e-12
-2.160049916710705e-11  5.093170329928398e-11 -7.275957614183426e-11   2.91038304567337e-11 -7.275957614183426e-12                      1
