5
2

0.0003580788357665608
0.0005866324933029128
0.0006817788091908555
  0.08303409494689236
   0.5594614521945206

  0.2388329977266098  -0.7226519770210897   0.6391807663844287 -0.08525327096944935 -0.07009099070248484
 -0.4149566107548109    0.353478059993186   0.4921727262419741  -0.6442431582322582   0.2134971496502989
 -0.4595610065332348   0.1878142369278731   0.3834697044268941   0.4919364954445221  -0.6037209321514977
 -0.6268331711767045  -0.3705266348418082 -0.07465436739690613   0.3392266259265054   0.5908825687701814
  0.4082323690920627     0.42457414722398   0.4433865882534968   0.4696875701700179   0.4856799832391908

0.3998075763822583
0.3997448397941422
0.3997604794260471
 0.399607018424025
0.3995136225137111

0.00122926480438416
 0.4001362089934022

   4.983004797605711   -5.338579962450556    3.979213506908199  -0.2703425329998437   -3.353771611093046
   1.936878415998449  -0.8770625796593263   0.2450794495979832 -0.01640517482362933  -0.2885078786626659

  1.00647860289323e-06 -8.734887723365834e-07  5.810398771828563e-08   -0.02424083401139373   -0.07008179081615663
 1.634390148583356e-07  -3.59330723989242e-07 -3.694176273054535e-07  -0.007470090657259231     0.1186745782705774

cov:
0.05487133097773225 0.05585142712645495  0.0569764759036378 0.05854850360151337 0.05950444787237594
0.05585142712645495 0.05736855810580835 0.05911260854417424 0.06155037375059276 0.06303272630349097
 0.0569764759036378 0.05911260854417424 0.06157125472220675 0.06500800750682661 0.06709783392826368
0.05854850360151337 0.06155037375059276 0.06500800750682661 0.06984282864453599 0.07278203224153679
0.05950444787237594 0.06303272630349097 0.06709783392826368 0.07278203224153679 0.07623874214544756

cov.inverse():
 1399634.060886751  -1957938.81514348  218008.7461349541  131622.1829003256    208845.58672914
-1957938.815121833  4511854.928694928 -2941951.493321189  17511.89602849262  370357.2733254617
 218008.7461091015 -2941951.493278801  4206568.743905739 -940525.6502792989 -542133.1519284728
 131622.1828860036  17511.89602111499 -940525.6502424357  1783390.031995957 -991981.8016906325
 208845.5867476696  370357.2733120933 -542133.1519487972 -991981.8016754668  954941.5382135157

cov*(cov_.inverse()):
                     1 -4.729372449219227e-11   2.91038304567337e-11                      0 -1.455191522836685e-11
-7.275957614183426e-12     0.9999999999745341                      0 -1.455191522836685e-11 -7.275957614183426e-12
-2.546585164964199e-11  3.637978807091713e-12     0.9999999999563443 -1.455191522836685e-11  1.455191522836685e-11
-5.456968210637569e-12 -1.455191522836685e-11  1.455191522836685e-11     0.9999999999854481                      0
-5.456968210637569e-12  1.091393642127514e-11 -1.455191522836685e-11                      0     0.9999999999854481
