5
2

0.0002355733286091102
0.0003765686839270129
0.0006584411262880516
   0.1123227309427766
   0.6327985469995359

-0.2446224156888996  0.7308010651043786 -0.6029142377056651    0.19210459040716 -0.0753652791484735
-0.1871858566883187  0.2915284324045975  0.1200187914362718  -0.760417498969165  0.5360348357329356
 0.6459425315346136 -0.2400657909769873   -0.63114957126074 -0.1125313256659032  0.3378070179829121
 -0.587918100016605 -0.4039590816805312 -0.2084018286775061  0.3562415863729522  0.5664185536712594
 0.3771364241569729  0.4001580346218719  0.4246278466789823  0.4952672879247474  0.5215775783506119

 0.399976518606856
0.3988840069085287
0.3976822615937701
0.3942196305962111
0.3928910362365118

0.01516437174837152
 0.4021338589425669

-0.2176322218778094    1.07472613231704   1.928391336754527  0.6829975851433887  -3.468297821284373
   1.31595706432956  0.1332049494126095 -0.1492742114957086 -0.3142136219187907 0.01551750099360155

  3.80640640071368e-09 -2.542541947837418e-07  -1.24174153183207e-06   -0.03064865515433161    -0.1216871266302811
-1.088242292047888e-08  3.097030947140377e-09  4.131116834964967e-07   -0.01134872397018196      0.135621485228754

cov:
0.06131549906763128 0.06342740925689781 0.06567218268719933  0.0721519948060035 0.07456645587159459
0.06342740925689781 0.06617892336768368 0.06910321025493055 0.07754448648525736 0.08068919275595704
0.06567218268719933 0.06910321025493055 0.07274991916084994 0.08327633764126371 0.08719731282033431
 0.0721519948060035 0.07754448648525736 0.08327633764126371  0.0998235425447503  0.1059859209078083
0.07456645587159459 0.08068919275595704 0.08719731282033431  0.1059859209078083  0.1129831436737357

cov.inverse():
 2287816.927489535 -3963873.291931375  1558886.274820157 -10703.60252556787  127904.6828659755
-3963873.291963935  10356073.98935317 -7343436.953188075   1028783.77069036 -77532.74780022321
 1558886.274878156 -7343436.953300454   7570669.43279745 -2566868.302358277  780693.8487193851
-10703.60258908879  1028783.770925877 -2566868.302558602  4771926.876476114  -3223017.49276075
 127904.6829040499 -77532.74795590824  780693.8488653244 -3223017.492789079  2391858.807278029

cov*(cov_.inverse()):
    0.9999999999454303  2.728484105318785e-12 -9.458744898438454e-11  5.820766091346741e-11   2.91038304567337e-11
 -7.09405867382884e-11      1.000000000019099 -2.182787284255028e-11                      0   2.91038304567337e-11
-4.729372449219227e-11  3.637978807091713e-11     0.9999999999417923  5.820766091346741e-11                      0
-2.364686224609613e-11 -9.822542779147625e-11 -5.820766091346741e-11                      1   2.91038304567337e-11
-1.818989403545856e-12 -7.821654435247183e-11                      0                      0                      1
