5
2

0.0002090440021860366
0.0005088672725502564
0.0007164809274107579
   0.1025409917923496
   0.5762091963877554

 -0.2853796104314567   0.7641017142129412  -0.5745299239809716  0.05168606628330518  0.04416973272968445
 -0.4494077928124752   0.3190321304050188   0.6037044072029724  -0.5681591885331184  0.09480116422149459
  0.4714641396686768 -0.04349750502877257  -0.3095002918600882  -0.6392945878139218   0.5209045319375659
  -0.580310862502342   -0.374008311438826   -0.137749020081532   0.2155515570116444    0.676697731319457
  0.3969281818889557    0.415442920431953   0.4366819574693063    0.468362726206121   0.5097062124467813

0.3999804372651968
0.3998906460691304
0.3997469187418222
0.3995737779821164
0.3992287938601311

0.0020088851287057
0.4004309046739774

   0.267669027337865    2.315472708329354  -0.3709262734714491   0.7142864291415463   -2.926369250677093
   1.458759938900989 -0.05252366397724528   -0.237932510298448  0.07568257116578303  -0.2438299179450483

 7.925494140039887e-08 -7.477420022772939e-08 -9.449230285662622e-07   -0.02940469989084159   -0.08327921423660539
-1.427189835413473e-08 -2.284138058891457e-07  3.019917102747854e-07  -0.009913223435625385     0.1210091817628702

cov:
0.05585103476502058 0.05703199756252399 0.05838934450417222 0.06040874582430841 0.06304367304104244
0.05703199756252399 0.05877462301574294 0.06077509001178003 0.06375550201111276 0.06764471948637786
0.05838934450417222 0.06077509001178003 0.06351237618329671 0.06759377815243123  0.0729200016698769
0.06040874582430841 0.06375550201111276 0.06759377815243123 0.07332129748367147 0.08079507827385168
0.06304367304104244 0.06764471948637786  0.0729200016698769 0.08079507827385168 0.09107317754206498

cov.inverse():
 3076668.552040177 -5583595.468731692  2419989.423083753  61369.67547148705  25389.06090663594
-5583595.468748822  13757390.00559023  -9275870.22639508  257918.7209370958  844963.2543977061
 2419989.423146682 -9275870.226479819  9147603.243819587 -1618700.768409012 -673761.1740204471
  61369.6753993606  257918.7210400827 -1618700.768430554  2103894.832489773 -804457.4285957101
 25389.06093295652  844963.2543623355 -673761.1740207142  -804457.428586393  607972.0326637324

cov*(cov_.inverse()):
     1.000000000035698  7.275957614183426e-12  3.637978807091713e-11  2.182787284255028e-11                      0
 1.591615728102624e-11       1.00000000007276  1.818989403545856e-10  -2.91038304567337e-11                      0
-3.160494088660926e-11 -6.548361852765083e-11      1.000000000130967 -2.182787284255028e-11                      0
 3.365130396559834e-11   2.91038304567337e-11  1.091393642127514e-10      1.000000000007276 -7.275957614183426e-12
  2.91038304567337e-11  1.455191522836685e-11 -7.275957614183426e-12                      0                      1
