6
2

0.0001299788616369982
0.0002334881584050568
0.0006319783112972237
0.0007322578882632245
  0.07217089234985798
   0.6102033819544029

 -0.03244540245077939    0.4564743851627184   -0.7931826015932882    0.4010207985851125 -0.008384924465929247  -0.02349051348285063
   0.1815156269861951   -0.6440725036237862  -0.00832552257933584    0.7201064409469408  -0.08898144753426172   -0.1602572575917095
  -0.4376874160715395    0.3255656199970063    0.3808615288402903    0.3368386168212277   -0.6637343392166699    0.0581181718621096
    0.423789427829996    -0.169868027548165   -0.2191879403433984   -0.1778883068550247   -0.5207010797596127    0.6638751062555863
  -0.6732904518147157   -0.2937638023732903   -0.1245708900285063   0.07424810040991975    0.3170642331557654    0.5820845135430882
    0.376180258901096    0.3945332108633616    0.4027099231685826    0.4123248099455361    0.4240393608753069    0.4368472818415423

0.4003958388611787
0.4006057269715152
0.4006201618863177
0.4006384835985969
0.4006439417148288
0.4006852931340841

-0.0004175087742536541
    0.4005276738855487

 -0.6682810450354184    4.558888726529393    5.297305133624704   -5.111376471390535  -0.8415639374359183   -3.235378021698315
   1.278670854997815   0.2316645851178721   0.4132031209194274  -0.5949125922628782 -0.05240296782338688  -0.2762566517986462

 -6.86887103363079e-08 -3.374050654046827e-07  9.757606141001956e-07 -1.618875706237273e-06   -0.02124490038949612    -0.0734469593939079
-8.364926755021037e-09 -1.635586341226719e-08 -2.031036932251201e-07  1.939334025005919e-07  -0.006260967857905811     0.1305493607029122

cov:
0.05505293458723495 0.05629238446894898 0.05684433588055467 0.05749387350071844 0.05828328201327634 0.05914802366119552
0.05629238446894898 0.05840797020180769 0.05935025572837226 0.06045847772090799  0.0618077799770558 0.06328378956668225
0.05684433588055467 0.05935025572837226 0.06046659060524326  0.0617792960310045 0.06337821704705295 0.06512675687666011
0.05749387350071844 0.06045847772090799  0.0617792960310045 0.06333237047539411 0.06522465477714109 0.06729350712919872
0.05828328201327634  0.0618077799770558 0.06337821704705295 0.06522465477714109 0.06747563765121271 0.06993503588291482
0.05914802366119552 0.06328378956668225 0.06512675687666011 0.06729350712919872 0.06993503588291482 0.07282230853969851

cov.inverse():
 1481354.678195625 -3512106.962329155  904968.7899711974   1117738.88455405  35624.28496149972 -27538.28141210252
-3512106.962207011  20261956.93609255 -20952821.38038491   2658650.24709332   448594.372021091  1095649.251003084
  904968.789954231 -20952821.38034153   37693308.7584665 -18543633.76722067 -12833.59336458561  911362.7201672634
 1117738.884358563  2658650.247200441  -18543633.7668937  19373851.80199838 -1761400.793037689 -2845633.318361128
 35624.28497766756  448594.3722787155 -12833.59392811527 -1761400.792737829  1758086.382511601 -468002.8095978386
-27538.28133795823  1095649.250717096  911362.7204302251 -2845633.318422371 -468002.8095877114  1334224.926475347

cov*(cov_.inverse()):
     1.000000000021828 -3.637978807091713e-11 -2.764863893389702e-10  2.037268131971359e-10  7.275957614183426e-12                      0
 -2.41016095969826e-11      1.000000000130967 -7.275957614183426e-12  2.619344741106033e-10  3.637978807091713e-12   2.91038304567337e-11
-1.750777300912887e-11 -4.365574568510056e-11      1.000000000225555  2.619344741106033e-10  4.001776687800884e-11  1.455191522836685e-11
-8.640199666842818e-12  2.037268131971359e-10 -2.182787284255028e-11      1.000000000232831 -1.091393642127514e-11                      0
 5.456968210637569e-12   2.91038304567337e-11 -3.128661774098873e-10                      0     0.9999999999890861                      0
 6.139089236967266e-12                      0   1.01863406598568e-10                      0  1.455191522836685e-11      1.000000000014552
