5
2

0.0002026967632411933
0.0005059238443488108
0.0008175115359571146
   0.1040407975918768
   0.5681275396255047

 -0.2813892782272107   0.7606032791344326   -0.580625027745022  0.04678396392364211  0.05466775781392077
 -0.5070428557837134   0.3438891414277662    0.655770704186964  -0.4377114524714701 -0.05496606873535578
  0.4341111359079752  0.05049541112606693  -0.1640357949756218   -0.764731202293406   0.4441578338175463
 -0.5612984941226157  -0.3546949715026224  -0.1151511438357654   0.1072236760600571   0.7310121579371452
  0.4002738296139752   0.4181681489831401   0.4389439972550677   0.4581585060063358   0.5121866956003082

0.4005241175286207
0.4005324871027658
0.4005037572413727
0.4005338623428363
0.4003604706111336

0.0007533960147167118
   0.4008065118757178

0.09397789193250829   1.939312455790001  0.4212987118839638  0.3598467656067805   -2.81435216911804
  1.477449189519871 -0.1448539528989126 -0.1533063717395069 0.05472673150032764 -0.2339307179651688

 4.383739076393973e-08  2.284991123017892e-07 -9.728056465056177e-07   -0.03039373888528953     -0.078466653041161
 -1.83707474104122e-08 -2.330695141501408e-07  3.431562190560806e-07   -0.01001693565405292     0.1190292114034049

cov:
0.05512427010820829 0.05618063462601627 0.05740928988903943 0.05854058893085955 0.06173111841385164
0.05618063462601627 0.05780272361409879 0.05968715044315151 0.06142668398855346 0.06632406583884791
0.05740928988903943 0.05968715044315151 0.06233214805029964 0.06477709884902297 0.07165408520008702
0.05854058893085955 0.06142668398855346 0.06477709884902297 0.06787705542621551 0.07659004122268366
0.06173111841385164 0.06632406583884791 0.07165408520008702 0.07659004122268366  0.0904581570156863

cov.inverse():
 3213611.759972504 -5857623.242377802  2570984.894708919  49935.83418924049  22943.01886572346
-5857623.242389346  14546505.39667502 -9880148.490717499  220225.2668339045  971722.1168732244
 2570984.894758169 -9880148.490839034  9925722.312011156 -1594874.626451242 -1022408.546205956
  49935.8341425327  220225.2669748403 -1594874.626560736  1676841.427861491 -351973.8048611638
 22943.01887472394  971722.1168422865 -1022408.546168748 -351973.8048764372  379773.1300878394

cov*(cov_.inverse()):
     1.000000000045702 -1.746229827404022e-10 -4.365574568510056e-11 -1.091393642127514e-11 -7.275957614183426e-12
 4.229150363244116e-11     0.9999999997598934  1.309672370553017e-10  1.818989403545856e-11  3.637978807091713e-12
 3.387867764104158e-11 -1.164153218269348e-10     0.9999999999708962  1.818989403545856e-11 -3.637978807091713e-12
-2.296474121976644e-11 -1.891748979687691e-10                      0     0.9999999999854481 -7.275957614183426e-12
 9.094947017729282e-13 -5.820766091346741e-11                      0 -3.637978807091713e-12      0.999999999992724
