6
2

0.0002517512475017019
0.0004856318434648981
0.0005750970106594239
0.0007763561109161473
  0.09449833996394325
   0.6223456768409967

 -0.3088203546217813   0.7313721301780043  -0.5993031999466476   0.0575478031039106  0.05109330856718525  0.06810429121167647
  -0.349863323249116   0.3380990047857655     0.55191449752851  -0.2939933885791181   -0.536576008218175   0.2903948696210527
  0.3043476718024652  -0.1780514626722587  -0.3389594808766552    0.396856125195885  -0.6335371617442667   0.4493467727891719
  0.3831869459725705 -0.01943970459409461  -0.2279507136960254  -0.7532433443348143   0.1624165910492766   0.4550534579741342
 -0.6408882976182825  -0.4180993516985054 -0.08100265873480961   0.1072728281414778   0.3091626860475234   0.5484566211301769
  0.3633567017366468   0.3793370227075333   0.4034966836031656   0.4169872399510831    0.431445953070763   0.4485998084312292

0.3996718630902775
0.3996292196626677
0.3996191457350045
0.3995283832189919
0.3994633678643296
0.3993590981784579

0.001198725485651458
  0.4000109886429149

  0.6798417153597719    2.219500091586257   0.1018122845557544   0.0381244703681515  0.01725927283328081    -3.05660414062483
    1.49388833143754  -0.1001958408893981  -0.1463030823171089 -0.01732322477365067  0.01519466329901695  -0.2452600842264731

 7.270949644979098e-08 -8.002951743306272e-08 -5.265547487007729e-07 -7.369446033504167e-07   -0.02713727572130754   -0.08435843434607164
-2.939931455367623e-08 -1.678135848782979e-07  1.307680245245431e-07  3.083839037520464e-07  -0.009245591645280103     0.1297820056349401

cov:
0.05480436388330814 0.05577806518815863 0.05724884009235079 0.05806990092899568 0.05894941547863623 0.05999413914775521
0.05577806518815863  0.0572942666510059 0.05958524956749826 0.06086429744921928  0.0622348632972353 0.06386172377236236
0.05724884009235079 0.05958524956749826 0.06311720733281941 0.06508917691678268 0.06720270582945387 0.06971036232043057
0.05806990092899568 0.06086429744921928 0.06508917691678268 0.06744872259839071 0.06997674196773468 0.07297635743558469
0.05894941547863623  0.0622348632972353 0.06720270582945387 0.06997674196773468 0.07295058130016482 0.07647741892488892
0.05999413914775521 0.06386172377236236 0.06971036232043057 0.07297635743558469 0.07647741892488892 0.08063016865529089

cov.inverse():
 2547505.817000319 -4241438.820513065   1644590.08843819  42034.34964222086  67292.65658983425 -59886.73394402006
-4241438.820555248  9021028.274787731  -5934727.09798388  53257.67673908707   156175.317705315  945608.7721636047
 1644590.088465344 -5934727.097959571  7392159.356452249 -1354025.816946387 -1150981.489253627 -597022.2605595198
 42034.34966679887  53257.67665015989 -1354025.816857147  1836282.670742768 -247880.4207800964 -329669.1246773152
  67292.6566434813  156175.3175956643 -1150981.489185013  -247880.420782387   2519339.02817991 -1343896.351133066
-59886.73400721403  945608.7722956887 -597022.2606659087 -329669.1246501342  -1343896.35112275  1384842.211284498

cov*(cov_.inverse()):
     1.000000000061391  7.275957614183426e-12 -3.637978807091713e-11  1.091393642127514e-11                      0                      0
 3.001332515850663e-11     0.9999999999490683  6.548361852765083e-11  7.275957614183426e-12 -1.455191522836685e-11 -1.455191522836685e-11
 3.819877747446299e-11  5.820766091346741e-11      1.000000000021828 -3.637978807091713e-12  -2.91038304567337e-11  1.455191522836685e-11
 9.094947017729282e-12 -1.455191522836685e-11 -4.365574568510056e-11     0.9999999999745341  -2.91038304567337e-11                      0
 3.365130396559834e-11  1.455191522836685e-10 -6.548361852765083e-11  1.455191522836685e-11     0.9999999999854481  1.455191522836685e-11
 2.728484105318785e-12 -4.365574568510056e-11  5.093170329928398e-11 -7.275957614183426e-12                      0                      1
