5
2

0.0002591192719725455
0.0005242955868353627
0.0007793362296927216
  0.08874064992729556
   0.5618206225764109

 -0.3184652344023441   0.7400032665664628  -0.5812860390338375  0.06719085690151957  0.09255803326138821
 -0.4453100060090689   0.3632104315545074   0.6397264014370293  -0.5079978848373573 -0.04965341139731955
  0.3937236879855126 -0.01605123974093508  -0.2292562922887968  -0.6991527906943635   0.5507730412176539
 -0.6172640319820583  -0.3769668624655489 -0.01414805063379153   0.1888396665137595   0.6640937527475834
  0.4052723348140145   0.4220328070027407   0.4473232133905395   0.4614634258149466   0.4945665717018087

0.3997330433790463
 0.399692274222006
0.3997020999680558
0.3996222091429162
0.3994745865728996

0.001053142679433994
  0.4000467726198241

  0.5760832689685942    2.460006755071643  0.01094123054308814 -0.05329902609397862   -2.993920606351454
   1.482428454889082 -0.07176102885071339  -0.1547976657501494 -0.02611454419965861  -0.2297561006836195

  9.06359239295175e-08  2.253233996687154e-07 -8.666390198742808e-07   -0.02584070848964839   -0.07219378531563972
-3.076778597022241e-08  -2.09066758451552e-07  3.109842094274272e-07  -0.008216037469160067     0.1185478879022396

cov:
0.05484350868426837 0.05581924860046542 0.05729074565615776 0.05811289012185462 0.06003756454142303
0.05581924860046542 0.05733873200501065  0.0596306120810812 0.06091158777518374  0.0639105122116741
0.05729074565615776  0.0596306120810812 0.06316117681817772 0.06513491499852765 0.06975584183068578
0.05811289012185462 0.06091158777518374 0.06513491499852765 0.06749676654068941 0.07302463851745521
0.06003756454142303  0.0639105122116741 0.06975584183068578 0.07302463851745521 0.08067808024713677

cov.inverse():
 2487187.389333064 -4108681.349754233  1572141.447155039  51014.71646753268 -1588.104083333153
-4108681.349860503  8636181.673524117  -5555209.04059329  87776.98511606526  939918.5967969467
 1572141.447355268 -5555209.040866625  6607795.393986161 -1500034.120558945 -1124768.574387545
 51014.71641455915  87776.98521964767 -1500034.120617858  1810852.557227321 -449606.4091442783
 -1588.10412432558  939918.5968604427 -1124768.574401748 -449606.4091525807  636073.5290134464

cov*(cov_.inverse()):
    0.9999999999917009  5.093170329928398e-11 -4.365574568510056e-11  2.182787284255028e-11  7.275957614183426e-12
 1.389821591146756e-11      0.999999999992724  4.365574568510056e-11  1.091393642127514e-11 -1.455191522836685e-11
-3.058175934711471e-11  1.455191522836685e-11     0.9999999999708962   2.91038304567337e-11 -7.275957614183426e-12
-3.382183422218077e-12  -2.91038304567337e-11  1.455191522836685e-11      1.000000000007276 -7.275957614183426e-12
 4.888534022029489e-12  1.455191522836685e-11  1.455191522836685e-11 -7.275957614183426e-12                      1
