5
2

0.0003588371970394125
0.0003822522997026466
0.0006784024803990687
   0.1012950781064106
   0.6537389431125101

 0.05851368572393167  -0.2038122718100217  -0.2293065276177727   0.8324126092781912   -0.457760276508559
 -0.1601476519981169   0.5753731877618373  -0.7554760590430425  0.08464442172515407   0.2557140403808118
   0.522092910317547  -0.5832072517089861  -0.3949811379055464 -0.02417202091469502   0.4803060572738437
 -0.7540044269644448  -0.3464069958966897  0.08953158822762579   0.2599400270565314    0.485690018792994
  0.3603126354385376   0.4089960237120915   0.4611381962199096   0.4814264902601822   0.5084064867739638

0.3989581108341972
0.3967289853072235
0.3943222193599517
0.3933608918983394
0.3920668565004209

0.01473809708468253
 0.4010606413682851

  0.3002659634328301    1.934004245845363    1.595492826239079 -0.01928875572270514   -3.810294225043139
    1.40128049328893  -0.4584191617568986    0.937393112151937  -0.6751434605195575  -0.2041480809131319

 1.269207574418911e-07 -1.631610190556136e-07 -1.579043945208867e-06   -0.02677161751968997    -0.1331408945300198
-6.542143434056597e-08 -1.907851108104039e-07  2.517298518138225e-07   -0.01116871585011489     0.1371244529424625

cov:
0.06131755783116038 0.06566053208107585 0.07031721578847207 0.07212307333416051 0.07453125007131854
0.06566053208107585 0.07272173224757984 0.08028624668327276 0.08322677679734729 0.08714024471621441
0.07031721578847207 0.08028624668327276 0.09096295221118389 0.09511769919983233  0.1006421974355578
0.07212307333416051 0.08322677679734729 0.09511769919983233 0.09974663212268783  0.1058997223838057
0.07453125007131854 0.08714024471621441  0.1006421974355578  0.1058997223838057  0.1128871592887136

cov.inverse():
 794442.9707289428 -1384815.465392967  275738.0321846569  258057.1433621634  56545.57653616725
-1384815.465398231  3327340.650048492 -2111409.460261528 -953638.9084583106   1122835.70142543
 275738.0322106269 -2111409.460264982  4653419.858488393 -1899276.084660699 -919147.5263952489
 258057.1433359796 -953638.9084811498 -1899276.084530811  5431550.924785104 -2836331.536805599
 56545.57654163635  1122835.701446462 -919147.5265026179 -2836331.536724716  2576149.144764053

cov*(cov_.inverse()):
     0.999999999994543   2.91038304567337e-11  7.275957614183426e-11  5.820766091346741e-11  5.820766091346741e-11
-4.547473508864641e-12      1.000000000029104                      0   2.91038304567337e-11  8.731149137020111e-11
 3.637978807091713e-12  5.820766091346741e-11      1.000000000058208 -5.820766091346741e-11  1.164153218269348e-10
-7.275957614183426e-12   2.91038304567337e-11  4.365574568510056e-11      1.000000000058208  5.820766091346741e-11
-6.366462912410498e-12  1.455191522836685e-11  4.365574568510056e-11                      0      1.000000000058208
