5
2

0.0001191581273716858
  0.00016127328062579
0.0004148290545382206
  0.04371429219823973
   0.5484363552043809

 -0.1914762582156709   0.6303621312365574   -0.699622814223702   0.2761703309318868  -0.0154367151075194
 -0.5145480485662189     0.53760843747452   0.4207386737374541  -0.5140624804117827  0.07025815488208345
  0.4011138985277583 0.003636140047946571  -0.3622407449475474  -0.6158181614862468   0.5732748499428175
  -0.594661169312301  -0.3507291165262085 -0.06170366691008264   0.2693071311344771   0.6686056439657387
  0.4290255031771569   0.4365737243185937   0.4455122741620612   0.4557536348178411   0.4681323944990934

0.3818688091092872
0.3810351712813947
0.3799084223208374
0.3786216638109832
0.3770795100385878

0.02635472492672489
  0.387270580094794

-0.5586668281744037   4.653301804680851   10.20846948534244  -11.86996868340548  -2.433060814993745
   2.55936676297149 -0.4048747778566927  0.5064140258072808  -1.441861372965317 -0.2190640219739663

-1.042524660059399e-07  3.385126458386533e-07  3.458590974353176e-07   -0.01290487218927487    -0.0628486462311303
-2.121836585788724e-08 -1.549353872183817e-08  2.760251719941769e-07  -0.003718636847488503     0.1164644814162401

cov:
0.05603866719159763 0.05673547610128993 0.05756047894436621 0.05850590273933368 0.05964962680538554
0.05673547610128993 0.05756319418371597 0.05854322330810888 0.05966619911506842 0.06102408758103618
0.05756047894436621 0.05854322330810888 0.05970696443177415 0.06104029572698089 0.06265193068253154
0.05850590273933368 0.05966619911506842 0.06104029572698089  0.0626146001271255 0.06451686964714361
0.05964962680538554 0.06102408758103618 0.06265193068253154 0.06451686964714361 0.06677016140892045

cov.inverse():
 13696824.35724271 -19127900.46846272  266792.3257840508  5010095.192793759  154282.9777267003
-19127900.46696305  39098016.10207205 -22371336.83305302  1622076.784835454  778903.2185185931
 266792.3223381164  -22371336.8276822  42041777.81620029 -20627459.49099956  690382.0518659212
 5010095.195267797  1622076.779757089 -20627459.48819092  17735758.51619986  -3740316.28994826
 154282.9771989336  778903.2197257638  690382.0509822267 -3740316.289743977  2116603.387047979

cov*(cov_.inverse()):
    0.9999999999745341  1.746229827404022e-10 -1.891748979687691e-10 -2.328306436538696e-10 -1.455191522836685e-11
 5.093170329928398e-11      1.000000000669388 -1.964508555829525e-10  -2.91038304567337e-10 -1.455191522836685e-11
 1.182343112304807e-10  2.328306436538696e-10      1.000000000130967 -1.164153218269348e-10   2.91038304567337e-11
 2.837623469531536e-10  1.455191522836685e-10 -7.275957614183426e-12     0.9999999999417923  -2.91038304567337e-11
  4.18367562815547e-11  1.527951098978519e-10  -1.01863406598568e-10 -8.731149137020111e-11                      1
