6
2

0.0001190147363498308
0.0002641948882108485
0.0004233807546783992
 0.000776330498652491
   0.1070745652690386
   0.6862547992527478

 -0.01822877856036352    0.1596575636597919   -0.7224703165511993    0.6678556359045583  -0.07815359157164191 -0.008641840995861877
   0.2943720364082542   -0.7632175764909293    0.2578803813726782    0.4389107827172447   -0.2651620013348889   0.03725831292294362
  -0.2593815722988311     0.334284614274009     0.254079872712913    0.1004406637643004   -0.7865718155319719    0.3572602230405425
   0.6305716373910838  -0.04671684919116188   -0.4059305568491666   -0.4289461454072825   -0.2060676856195126    0.4571199431433246
  -0.5705242972353296    -0.374889180482641   -0.1669036413349969  -0.06702626088148389     0.264711640343876    0.6569159238053285
   0.3501648927960977    0.3708609285431846    0.3928629868197393    0.4034235146345862    0.4385769768160883    0.4800053086862647

0.3990960541006389
0.3979704170193291
0.3967349143305611
0.3962085375944993
 0.394188380436248
0.3918086398694512

0.01558003878041767
 0.4013054735676671

-0.1411442028592438   1.459308513286563  -2.005533560871244   3.522950743135158   0.897774289031534  -3.733353149703074
  1.267687689004424  0.6846719457149517  -2.546108760210664   1.658867479394411  0.4939528560900053 -0.5579116675363758

  5.66498465117103e-08 -3.513675598330816e-08 -2.995693977034841e-07 -1.654873858272978e-06   -0.02961170482000405    -0.1286473594139731
 4.249060236425529e-08  -1.60288311938379e-08 -2.093808571039176e-07  4.414941028239547e-07   -0.01034026783351924     0.1486341400988789

cov:
0.06147729357592825 0.06361028469952706 0.06587806080606164 0.06696628285800073 0.07059359313849116 0.07486026397586232
0.06361028469952706 0.06638421184362771 0.06933299709860299 0.07074815261528969 0.07546202943878633 0.08101201330874501
0.06587806080606164 0.06933299709860299 0.07300587659008198 0.07476862287651609 0.08063771998104501 0.08755206482917684
0.06696628285800073 0.07074815261528969 0.07476862287651609  0.0766982941076754 0.08312209230136244 0.09069155210907447
0.07059359313849116 0.07546202943878633 0.08063771998104501 0.08312209230136244 0.09138980205507564   0.101136709954452
0.07486026397586232 0.08101201330874501 0.08755206482917684 0.09069155210907447   0.101136709954452  0.1134559997563466

cov.inverse():
 2300057.445229027  -3956862.60351089   1225000.85644155  397461.5340413994 -95145.96177018403  129525.8966702395
-3956862.603752523  10772059.89169804 -10457936.28746826  2949130.383425017  567588.7344433011  125988.6345469677
 1225000.857747393  -10457936.2903655  38436414.04902568 -32011542.37073798   2030467.60238615   776942.796825046
 397461.5328123879   2949130.38668909 -32011542.37366852  34610887.73653587 -5646414.664838498 -298333.7924184109
-95145.96160890925   567588.733747987  2030467.604259684 -5646414.666252965  4960568.952772731 -1817832.458982567
 129525.8966737342  125988.6346339434  776942.7962903682   -298333.79189923 -1817832.459057523  1083953.843108579

cov*(cov_.inverse()):
     0.999999999994543  7.275957614183426e-11 -1.309672370553017e-10 -2.546585164964199e-11   2.91038304567337e-11  -2.91038304567337e-11
 2.182787284255028e-11     0.9999999999708962 -2.255546860396862e-10 -5.165929906070232e-10   2.91038304567337e-11 -1.455191522836685e-11
 7.275957614183426e-12 -1.800799509510398e-10      1.000000000174623  -3.67435859516263e-10   2.91038304567337e-11                      0
 9.094947017729282e-12 -9.822542779147625e-11 -3.637978807091713e-10      1.000000000087311                      0  -2.91038304567337e-11
 2.364686224609613e-11 -1.073203748092055e-10   2.91038304567337e-10  -3.41970007866621e-10      1.000000000029104 -1.455191522836685e-11
-7.275957614183426e-12  4.911271389573812e-11 -8.731149137020111e-11 -1.309672370553017e-10  -2.91038304567337e-11     0.9999999999854481
