7
2

0.0001155452752494818
0.0003169957620643114
0.0003644876748593712
0.0004200083819097655
 0.000577350442623926
  0.09110519523932857
   0.7690357880470525

  0.1080579870049063   -0.690124818331519   0.7100475893575656 -0.04388342896347308 -0.05169840384087616 -0.05334560957922477  0.02096170451512758
  0.4539644158572313  -0.5001655590590102  -0.4910520861409138   0.2647029226553213    0.174385364962272   0.3631693582623193  -0.2650447052994809
   0.148689054742733  -0.1408144080685191    -0.17814119408403  0.06468447970958201   0.5565285652740781  -0.7308443994089645   0.2797979993165919
 0.07670360378322967  -0.0652549963430295  -0.1104626655472733   0.6320383050270136  -0.6345974192584914  -0.2410348604853431   0.3425963143686466
  0.5423876990227592 0.001505719360613673  -0.1503843311526361  -0.6167839242778801  -0.2903717732041129  0.04896428909077874   0.4648249048558938
 -0.5945201491460439  -0.3587628997441313  -0.2455157026083765 -0.06561698963689719   0.1309890039798001   0.3225601597925508   0.5762362784667751
  0.3265107639181151   0.3475084907783538   0.3575899561665045   0.3736604178753602   0.3911587979253418   0.4081523793263437   0.4307462307443375

0.3995755553993339
 0.398443522596014
0.3979659075519559
0.3970639331893919
0.3961120114093016
0.3951803511947913
0.3939283976843655

0.01434749762554023
 0.4026494189670929

  1.020437736367773  -1.918038655965704    3.20045044188342  0.9422094427147144   0.958789293282365 -0.5192302136986022  -3.684469883398423
   2.87077039987722  -3.260167980367821   1.499534979642815  0.1536125670012884  0.7465660421959162 -0.8139413917867928 -0.1953632276962543

 4.760830400327876e-08  1.060709984367526e-07 -2.726207781454842e-08 -2.293579783608429e-07 -8.427721187575835e-07   -0.02432902735033421    -0.1542372828885688
 4.831437187427013e-08  2.134866764356094e-07  2.104929659624324e-07  3.506217804984882e-09  2.948214657585939e-07  -0.009899356144342588     0.1618591870983838

cov:
0.06598428611402718 0.06887550468258544  0.0702634158273209 0.07247891536872418 0.07488779086248533 0.07722403522573743 0.08033527332278438
0.06887550468258544 0.07248902845129052 0.07422375396568009 0.07699084431458797 0.08000170720725379 0.08292381559933358 0.08681196302126443
 0.0702634158273209 0.07422375396568009 0.07612507193410994 0.07915708223056929 0.08245707096006609 0.08566055811331891  0.0899218356672668
0.07247891536872418 0.07699084431458797 0.07915708223056929 0.08261069656859951 0.08637035770022722 0.09002138071066179  0.0948761796055102
0.07488779086248533 0.08000170720725379 0.08245707096006609 0.08637035770022722 0.09063229152151786 0.09477165865103887  0.1002742279250169
0.07722403522573743 0.08292381559933358 0.08566055811331891 0.09002138071066179 0.09477165865103887 0.09938671710322304  0.1055196265620511
0.08033527332278438 0.08681196302126443  0.0899218356672668  0.0948761796055102  0.1002742279250169  0.1055196265620511  0.1124888646328426

cov.inverse():
 4007825.008610765  -8028816.66236714  3036479.760459505  184267.8837626605  243833.8646677163   365785.997201751  190697.0664252611
 -8028816.66100233  38336890.98763992   -34030574.919962  645733.3881215875  1447939.845871398  1813904.075655761 -185530.0435263267
 3036479.758792634 -34030574.91764121  40538897.42485216 -3831686.103913273 -3819601.870885208 -3503040.401374672  1610607.332184764
  184267.883815672  645733.3872323225 -3831686.102774796  4278783.308662442 -836101.7144155834 -178023.5088832291 -263479.6911562016
 243833.8650174536  1447939.845439714 -3819601.871130884 -836101.7141347212   5370000.55276906 -1400328.391625663 -1006372.880983996
 365785.9968228371  1813904.077444822 -3503040.402963274   -178023.50872132 -1400328.391687789  5882773.163812951 -2980697.316666621
 190697.0667034274  -185530.044950233   1610607.33353436 -263479.6912967858 -1006372.880968601 -2980697.316745263   2634856.67970837

cov*(cov_.inverse()):
     1.000000000080036 -9.276845958083868e-11 -2.473825588822365e-10  -2.91038304567337e-11 -4.365574568510056e-11  5.820766091346741e-11                      0
 -1.01863406598568e-10      1.000000000150976 -8.440110832452774e-10 -6.548361852765083e-11  5.820766091346741e-11                      0  -2.91038304567337e-11
 1.818989403545856e-11 -7.166818249970675e-10     0.9999999995052349 -8.731149137020111e-11  4.365574568510056e-11  1.164153218269348e-10  -2.91038304567337e-11
 7.275957614183426e-12 -4.001776687800884e-10 -6.402842700481415e-10      0.999999999996362   2.91038304567337e-11  5.820766091346741e-11  -2.91038304567337e-11
 4.001776687800884e-11  1.491571310907602e-10 -8.440110832452774e-10 -1.091393642127514e-11      1.000000000029104                      0                      0
 -2.91038304567337e-11 -4.620233085006475e-10 -8.731149137020111e-11 -3.637978807091713e-11   2.91038304567337e-11                      1                      0
-2.182787284255028e-11 -2.182787284255028e-11   2.91038304567337e-11 -1.455191522836685e-11                      0                      0                      1
