5
2

0.0001304747959242341
 0.000288810178752936
   0.0006596012260768
  0.05456444962512514
   0.5494768259788584

-0.04004704690128037   0.4991637125084474  -0.7921156168138949   0.3486264331438533 -0.01562951893717891
 -0.2433139252286935   0.6136324823611669  0.08438109235604219  -0.7036646759789028   0.2489766362801637
  0.4801685590117966  -0.3649813084484511  -0.4060976489816865   -0.317673539950651   0.6086008716117326
 -0.7289339716132202  -0.2187638650632884 0.006476625170671983   0.2706369141058256   0.5895009333499172
  0.4210558012769863   0.4395699950313763    0.447744830981095   0.4573344691048321   0.4688922918724761

0.3999836615266044
0.4002997494512371
0.4003615675708747
0.4004328091213114
 0.400511036857517

-0.001531962990007464
   0.3999810788473431

 -2.093535220288087    9.71195097903863   8.003822585625512  -13.44058992899723  -2.181768700925489
  1.119823596655654  0.7488771697093765  0.6291869637458514  -1.320853932176826 -0.1770798256367165

-1.031618268662327e-07  1.339484450513697e-06 -2.113749584782069e-06   -0.01628694276542041   -0.05996295661861213
-1.067620992830299e-08  9.388008052248341e-08  1.395264092118143e-07  -0.004281000746758344     0.1193520648263121

cov:
0.05510970399998588 0.05635597541057605 0.05690639638847984 0.05755224253399353 0.05832971895848838
0.05635597541057605 0.05848102314749898  0.0594192280476592 0.06051983891816225 0.06184597506496977
0.05690639638847984  0.0594192280476592  0.0605287095775919 0.06183014448363913 0.06339858829307057
0.05755224253399353 0.06051983891816225 0.06183014448363913 0.06336717859679764 0.06521983211424751
0.05832971895848838 0.06184597506496977 0.06339858829307057 0.06521983211424751 0.06741598163758807

cov.inverse():
 1334080.177550852 -3366994.878307257  1169065.993567385  881830.1998863299 -17968.91050166172
-3366994.878330993  19456860.16223582 -22264768.65304682  5312156.051236865  862768.0052599426
 1169065.993641807 -22264768.65317271  37321746.57280827 -16637000.93459577  411050.8801678911
 881830.1998104027  5312156.051368904 -16637000.93460708  13307643.32641262 -2864784.649384814
-17968.91047642562  862768.0052300509  411050.8801277498 -2864784.649340018  1608982.301846304

cov*(cov_.inverse()):
    0.9999999999863576  4.365574568510056e-11   1.01863406598568e-10  5.820766091346741e-11 -1.455191522836685e-11
-8.185452315956354e-12     0.9999999999417923  2.401066012680531e-10  -2.91038304567337e-11                      0
 -1.84172677109018e-11 -1.309672370553017e-10      1.000000000094587 -1.455191522836685e-10 -1.455191522836685e-11
                     0  1.091393642127514e-10  2.764863893389702e-10      1.000000000029104  1.455191522836685e-11
-2.728484105318785e-11 -7.275957614183426e-12 -5.093170329928398e-11  1.164153218269348e-10                      1
