5
2

0.0002644941396341149
0.0004986907060047461
0.0006378214492691967
  0.07905621597374012
   0.5523065136609318

 -0.2607979289168332   0.6418252433445999  -0.6875209138070912   0.1392175181403838   0.1672670708747841
 -0.4784231216852756   0.4841067321541632   0.5251053409422025  -0.5104947602161154 -0.02028470423246506
 -0.3194239344351567   0.1181540688220216   0.2043038513322395   0.6474014506746212  -0.6504915557683871
 -0.6586170192812925  -0.3995845618489904  0.07259686809976613   0.2906186932952031   0.5628732270187221
  0.4090082259962468   0.4243498825749979   0.4522930521959801   0.4652157770395456   0.4812948409807914

0.3834606454195968
 0.381693501230529
0.3785086192778755
0.3769900158533724
0.3750674888997339

0.02586834378607553
 0.3870098607302404

 0.5228676673837649   1.479104092417104   3.846199305302404 -0.9528237317800295  -4.895457643911945
  1.546765423238517 -0.3552281268965123  0.3674600614059485 -0.1003371526577194 -0.4586443419591877

 -1.94682181054949e-07  7.638006985012353e-07  1.367363538866991e-06   -0.02305335880360003    -0.0665917179382193
-6.818785383686799e-08 -1.637630568908088e-07 -9.258574785727081e-08  -0.007108771897669018     0.1161226027152485

cov:
0.05374102034018181 0.05458868218164752 0.05613138536279306 0.05684629914681144   0.057731835426528
0.05458868218164752 0.05592785971863212 0.05836569959243069 0.05949393364627849 0.06089536488412258
0.05613138536279306 0.05836569959243069 0.06243529509039911 0.06431700844652531 0.06665889702540324
0.05684629914681144 0.05949393364627849 0.06431700844652531 0.06654713635307563 0.06932302682597222
  0.057731835426528 0.06089536488412258 0.06665889702540324 0.06932302682597222 0.07264178427986194

cov.inverse():
 2143489.793563474 -3416735.124606723  1392459.095435774 -45288.42704679361 -73849.01871525233
-3416735.124651734  6865165.149114968 -5226186.157576427  471535.2388489698  1306151.948348733
 1392459.095542356 -5226186.157687004  7968123.914943616 -2120955.578987838  -2013359.09903961
-45288.42707960775  471535.2388461558  -2120955.57890056   2355228.44673902 -660649.1311760299
-73849.01874400956  1306151.948417119 -2013359.099130893 -660649.1311243783  1441764.340530128

cov*(cov_.inverse()):
     0.999999999994543  1.455191522836685e-11                      0  -2.91038304567337e-11                      0
 9.094947017729282e-12     0.9999999999708962  4.365574568510056e-11 -3.637978807091713e-11 -1.455191522836685e-11
-1.909938873723149e-11  1.455191522836685e-11                      1 -3.637978807091713e-11   2.91038304567337e-11
 9.094947017729282e-13  1.455191522836685e-11  8.731149137020111e-11     0.9999999999708962  1.455191522836685e-11
 9.094947017729282e-12 -1.455191522836685e-11   2.91038304567337e-11                      0                      1
