6
2

0.0001355471947065162
0.0002680841810240872
0.0005590391746715224
0.0006572301293377115
  0.08136135651607611
    0.601874314829161

-0.06679218208773437   0.5921107261289142  -0.7506196355503684   0.2820888652533745 -0.01561330512884485 -0.04118193711201443
  0.2388919207635213  -0.5300794328043855  -0.1385513116396699   0.7655190646762342  -0.1544682777058644  -0.1813011085306196
 -0.4315543838167671   0.2743305112083143   0.3701440821794298   0.2955058535562677  -0.6929125415336886    0.184514073055606
   0.499748924800011  -0.1421291993506657  -0.2747034580796214  -0.2488335101091815  -0.4550210932611338   0.6209879241228903
 -0.6005500853880379  -0.3474412055949211  -0.2171497192953493   0.1139302284889847   0.3269590185401241   0.5929484853145726
  0.3765911251158994    0.390188868226328   0.3971788825274516   0.4149512158247772   0.4264054297890491   0.4406524762240638

0.3833756990900972
 0.381609445445697
0.3807972428193843
0.3784249961832487
0.3769064086982866
0.3749849859498913

0.02586468894274945
 0.3869238399811999

 0.7768131898636258  -2.552658755281803   5.602541074580808   1.611348615080956 -0.8755410040109678  -4.562534162617923
  1.558217976371413 -0.5552391554565299  0.2820293124101043  0.2529401254993829 -0.0973106273263967 -0.4406153051481961

-9.393422450680065e-08    2.1261768487358e-07  3.997887961886878e-07  -1.56533372911626e-06   -0.02385887429108798   -0.07008264519422083
-1.016985084737709e-08  6.583477672673677e-08 -2.061132431425307e-07  2.107407518519192e-07  -0.007072315460733625     0.1273263210561822

cov:
0.05376261702590659 0.05461116890945678 0.05504675506353926 0.05615511743345671 0.05687090389043396 0.05775718971355494
0.05461116890945678 0.05595116823456399 0.05663950897479503 0.05839007711500194 0.05951910048422764 0.06092112572960853
0.05504675506353926 0.05663950897479503 0.05745797876581023 0.05953909743947606 0.06088082277609356 0.06254830060636343
0.05615511743345671 0.05839007711500194 0.05953909743947606 0.06246032419696357 0.06434263039665529 0.06668477430043659
0.05687090389043396 0.05951910048422764 0.06088082277609356 0.06434263039665529 0.06657325895774696 0.06934924657600877
0.05775718971355494 0.06092112572960853 0.06254830060636343 0.06668477430043659 0.06934924657600877 0.07266784872262831

cov.inverse():
 2211045.872463839 -4457716.273505251  1439293.538326003  823133.3270613931 -26341.08956122257  10681.57847393509
-4457716.272997348  23279293.14091295 -22753119.22746442   3786003.11090667  177600.1862067476 -32364.25450168728
 1439293.537634183 -22753119.22675943  31546313.28174301 -12492128.74063463  404362.2491646992  1855571.228909282
 823133.3271840425   3786003.11129748 -12492128.74130775  12907767.57978071 -2278096.964700505 -2746679.291167676
-26341.08947079713  177600.1856349673  404362.2497650319 -2278096.964818556   2360893.19408142  -638551.582676764
 10681.57844476898 -32364.25451777467  1855571.228995227 -2746679.291209287 -638551.5826758445   1551410.47366098

cov*(cov_.inverse()):
    0.9999999999498641  2.557953848736361e-10 -1.891748979687691e-10  -2.91038304567337e-11 -1.455191522836685e-11                      0
-6.446043698815629e-11      1.000000000367208 -2.473825588822365e-10 -5.820766091346741e-11                      0   2.91038304567337e-11
-6.912159733474255e-11  1.068656274583191e-10     0.9999999992287485  5.820766091346741e-11  1.455191522836685e-11 -1.455191522836685e-11
-6.639311322942376e-11  3.446984919719398e-10 -2.764863893389702e-10     0.9999999999417923  7.275957614183426e-12                      0
-4.479261406231672e-11  2.578417479526252e-10 -4.365574568510056e-10  5.820766091346741e-11      1.000000000021828  -2.91038304567337e-11
-2.194155968027189e-11  1.132320903707296e-10 -8.731149137020111e-11   2.91038304567337e-11 -7.275957614183426e-12      1.000000000014552
