5
2

0.0001578684913457699
0.0003285702811534272
0.0006131156165784676
  0.05814521044772666
   0.5458785716148344

 -0.1147725278448133   0.6712603552280237  -0.7116696032968072   0.1717247392160921 -0.01654666237609509
 -0.3525521370876091   0.4453288901133868   0.3004639509814761  -0.7014904228613874    0.308256015447697
  0.5558069492840312  -0.2537650446231804  -0.4365672255436935  -0.3948109359468233   0.5293536810987988
 -0.6106735534914749  -0.3106572836487857  -0.1288397031532424    0.333404574470781   0.6346743919486552
  0.4250772914197424   0.4361044248490022   0.4427834441083273   0.4597689801994775   0.4708264366157416

0.3999603715003658
0.4002328460052212
0.4002875276707096
0.4004290785490608
0.4005126063549147

-0.00162543600685541
  0.3999452447098671

 -3.583812146532602    5.08910688897646   9.981161201437001  -9.296864399986999  -2.189735797275788
  1.026380539628752  0.3020611212626873  0.8524268522570553 -0.9941280117753999 -0.1867834035815417

-1.205279838159241e-07  1.336033953022635e-06 -1.928209413122287e-06   -0.01747158609192417   -0.05659228344994555
 -1.71793173620323e-08  7.217901992929462e-08  1.561132517884141e-07  -0.004328998228553645     0.1193274472858266

cov:
0.05510376256783994 0.05588090836384602 0.05635150266652197 0.05754868470861354  0.0583274402739821
0.05588090836384602  0.0569989296493306 0.05767590685894607 0.05939768115987117 0.06051815488545309
0.05635150266652197 0.05767590685894607 0.05847800280038466 0.06051770661687979 0.06184530528527806
0.05754868470861354 0.05939768115987117 0.06051770661687979 0.06336589840863793 0.06522018468507979
 0.0583274402739821 0.06051815488545309 0.06184530528527806 0.06522018468507979 0.06741819581171851

cov.inverse():
  2501758.33980043 -4920706.857133495  1650698.793496495  916171.5211889293 -147881.5463937595
-4920706.856993088  20088015.01396482 -17633935.36727612  1998069.465337101  468483.1386761707
 1650698.793271331  -17633935.3669183  21665226.58041834 -6397504.558356066  715623.9172289732
 916171.5213190274  1998069.465010598    -6397504.558164  6156072.715376219 -2672898.493414584
-147881.5464390922   468483.138785244  715623.9171695716 -2672898.493418924  1636706.075314417

cov*(cov_.inverse()):
     1.000000000021828 -2.837623469531536e-10  2.328306436538696e-10  -2.91038304567337e-11                      0
 3.092281986027956e-11       1.00000000003638 -1.091393642127514e-10  -2.91038304567337e-11  -2.91038304567337e-11
-7.275957614183426e-12 -1.491571310907602e-10      1.000000000160071                      0                      0
 2.364686224609613e-11 -1.346052158623934e-10  1.091393642127514e-10      1.000000000087311  -2.91038304567337e-11
 1.818989403545856e-11 -4.365574568510056e-11  3.637978807091713e-11                      0                      1
