6
2

0.0001990616052293632
0.0004614595973290933
0.0006654520624010877
0.0008230019151155548
   0.1068950849781541
   0.6282145214109079

 -0.2700107839379137   0.7462525979141763  -0.6039033132804381  0.04468684525709993  0.04694334529268798  0.03607538033319464
 -0.4679524117853647   0.3824227532227708   0.6380785283521809  -0.2867636392977297  -0.3675026083629937   0.1016740763459842
  0.2037144162657834 -0.03642542278288922  -0.1455065515443683   0.4344851754265516  -0.7951854474821278   0.3389752278345009
  0.4389262006247318  0.05618538812126765  -0.1586909741160756  -0.7428283972002571 -0.06571199427899645   0.4721144706759847
 -0.5867098343571762  -0.3876347889816912  -0.1568360575262418  0.05779003952175557    0.208578007834769   0.6588389922272915
  0.3601812240257636   0.3769821733606625   0.3964896582714442   0.4145583397028929   0.4273118389973904   0.4652911485799145

0.4005282359481755
0.4005352508887984
0.4005077020555039
0.4005352663463998
0.4004942500820874
0.4003630918973874

0.0007508402383595489
   0.4008111644917037

 0.1029746742001678   1.952094275446019  0.2245609655318912  0.2236868857324798  0.4808858794021409  -2.984133467074635
  1.478785724810698 -0.1330679902013757 -0.1897524886178055 0.04179612174938772 0.05194295054684506 -0.2496258588608864

 4.827397306465551e-08  6.331800333359132e-08 -6.109037339076926e-07 -1.007444793028772e-06    -0.0309107800632524   -0.09007610909984555
-1.540234178881525e-08 -1.959991873425774e-07  1.000547729483302e-07  3.518068137339532e-07   -0.01071228504298497     0.1304747148777629

cov:
0.05513214442190755 0.05618550016278401 0.05741104955867813 0.05854054885775972 0.05934262225822167 0.06172289096186304
0.05618550016278401 0.05780341968895122 0.05968338148073897 0.06142085370241438 0.06265043439865244 0.06630657935070911
0.05741104955867813 0.05968338148073897 0.06232231875830476 0.06476488776749137 0.06649027348460729  0.0716261468843912
0.05854054885775972 0.06142085370241438 0.06476488776749137 0.06786323820193223 0.07004879778481582 0.07655971951049398
0.05934262225822167 0.06265043439865244 0.06649027348460729 0.07004879778481582 0.07255933578132823 0.08003683058486286
0.06172289096186304 0.06630657935070911  0.0716261468843912 0.07655971951049398 0.08003683058486286 0.09040095998068162

cov.inverse():
 3246388.151900262 -5905723.533838823  2543075.182670443  44177.39926294305  79318.17611089002 -7404.756452783433
-5905723.534049202  14748349.35333247 -10228363.50806486  229219.4054471333   284029.023910914  873245.6362348651
 2543075.183084357 -10228363.50864257  11200606.80120908 -1509041.691660557  -1539951.46021354 -467139.0745537491
 44177.39923084177  229219.4054609374 -1509041.691620321  1677526.370901776 -160300.3005562243 -281409.5123410941
 79318.17589282588  284029.0243571308 -1539951.460464936 -160300.3005400445  2124149.846120422 -787222.0162317957
-7404.756406174622  873245.6361421985 -467139.0745063729 -281409.5123353324 -787222.0162388787  669980.4113150187

cov*(cov_.inverse()):
     1.000000000021487 -5.820766091346741e-11 -5.456968210637569e-11  1.455191522836685e-11  2.182787284255028e-11                      0
  7.73070496506989e-12     0.9999999996944098  1.600710675120354e-10 -7.275957614183426e-12 -4.365574568510056e-11                      0
  3.26281224261038e-11 -6.548361852765083e-11      1.000000000050932 -1.455191522836685e-11 -7.275957614183426e-12                      0
 5.798028723802418e-11 -2.328306436538696e-10  2.182787284255028e-11     0.9999999999672582 -7.275957614183426e-12                      0
 1.568878360558301e-11  1.164153218269348e-10  6.548361852765083e-11  7.275957614183426e-12      0.999999999992724  7.275957614183426e-12
-1.818989403545856e-12 -8.731149137020111e-11   2.91038304567337e-11                      0                      0                      1
