6
2

0.0002957065627508651
0.0004425721777800902
0.0006298295813132917
0.0007342044507334576
  0.08595706309534248
    0.648417816730313

 -0.4475675962778739   0.8420251456405884  -0.1082015833351241  -0.1225316048797452  -0.2408470541962974  0.07712341100680463
  0.1793804003484946  -0.1484048276526579  0.08924559231005906   0.1464466777420797  -0.7969644653354538   0.5303158633534425
 -0.3158496833474253 -0.04780645509932145  0.03235097960228366   0.8566162630491236  -0.1505386770030059  -0.3747714224762611
  0.3189456843069531   0.1021022998487095  -0.8956065404067918   0.2368773735838126  0.09257131333537126   0.1451115344814161
 -0.6608166130475104  -0.3291312936290339   -0.132853827209952  0.05260398181548735   0.2984666421790314    0.587787666316412
  0.3596386389760944   0.3846191831004412   0.3993993504151176    0.413364107349498   0.4318873228719072   0.4536647962232064

0.3999840069798056
0.3998011392712214
0.3996086871975779
0.3994539892247471
0.3992342056035965
0.3989670609503564

0.002994245480871825
   0.400711456172793

   1.307792572822683   0.9095629975120507   0.5742634170318321   0.7488802608146536  -0.1106586873752348   -3.429830380915075
   2.348732209417403   -1.211116313118124  0.04412071484093566  0.09861203632938821 0.007445244890741276  -0.2878024305388311

-1.846929550324354e-08 -2.879628036156944e-07  5.972465992827596e-07 -1.805244048397905e-07   -0.02400942548209861    -0.1028816292613854
-1.846654613351747e-07  9.027090815163368e-08 -1.948945810263009e-07  3.063079789952868e-07  -0.009760981574203374     0.1303004948396936

cov:
0.05760699056118785 0.05976466805860884 0.06104109026221867 0.06224727272468897 0.06384778382747217 0.06572817849392829
0.05976466805860884 0.06299779534486785 0.06491047215302372 0.06671777655061495 0.06911532784122158 0.07193340891440081
0.06104109026221867 0.06491047215302372  0.0672002711821235 0.06936273159298767 0.07223195710579894 0.07560494781315526
0.06224727272468897 0.06671777655061495 0.06936273159298767 0.07186227500840089 0.07517673016348912 0.07907400867277649
0.06384778382747217 0.06911532784122158 0.07223195710579894 0.07517673016348912 0.07908266379731389   0.083674958559442
0.06572817849392829 0.07193340891440081 0.07560494781315526 0.07907400867277649   0.083674958559442 0.08908550490936905

cov.inverse():
 2895379.930294252 -4347251.612058816  79900.70454088692  219380.0506832691   677496.253345317  475127.3452476941
-4347251.612173789  8245827.238460078 -1283073.140195469 -1349244.751176184 -1679734.698398637  413479.9215574216
 79900.70461056664 -1283073.140314866  1665185.402268765 -105349.3322347408  -231183.967332378  -125468.845434106
 219380.0506724211  -1349244.75112799  -105349.332253598  2235094.927969788 -542770.5202808578   -457093.00206944
 677496.2535561802 -1679734.698686539 -231183.9673751802 -542770.5202219186  3979137.147580597 -2203029.496753629
 475127.3450929681  413479.9218015635 -125468.8454221645 -457093.0021098938 -2203029.496814533  1897024.306121103

cov*(cov_.inverse()):
    0.9999999999236024   2.91038304567337e-11 -1.091393642127514e-11 -2.182787284255028e-11 -5.820766091346741e-11  1.455191522836685e-11
-2.182787284255028e-11     0.9999999999272404    1.2732925824821e-11 -7.275957614183426e-12                      0  -2.91038304567337e-11
-1.455191522836685e-11 -1.091393642127514e-11      1.000000000003638 -2.182787284255028e-11   2.91038304567337e-11                      0
 -2.91038304567337e-11  2.546585164964199e-11 -9.094947017729282e-12     0.9999999999417923  -2.91038304567337e-11                      0
-3.637978807091713e-11   2.91038304567337e-11 -1.091393642127514e-11 -2.182787284255028e-11                      1                      0
-7.275957614183426e-12 -1.455191522836685e-11  3.637978807091713e-12 -7.275957614183426e-12  -2.91038304567337e-11                      1
