5
2

0.0001770249643196156
0.0005841389404408106
0.0007046185470272363
  0.06899241333313477
   0.5610258261999379

-0.1003909687252233  0.6794668067065515 -0.7188877735165911 0.04100277629052129 0.09882132061069242
-0.3960381493555992  0.5312874401327948  0.5116029957302594 -0.5354791263860127 -0.1114087975737596
 0.2886833606734544 -0.1646343466445117 -0.1412184576251682 -0.6507446225140043   0.667941788384504
-0.7641992007536821 -0.1937024032165588 0.01497157628409904  0.2726153155928187  0.5513036388083798
 0.4071080157539483  0.4375310565367993  0.4486601642420697  0.4623777714322738  0.4772216377976566

0.4009111824057249
0.4010523581839491
0.4010388161532136
0.4010111613918667
0.4010033763549092

0.0002369089058735151
   0.4011313800550407

  0.8813635364626752    8.349618008023468   -5.556028365065902    -0.58312533287114   -3.092095103967458
   1.416224591608547    0.386128205624534  -0.5042042198920003 -0.05352834901846898  -0.2446429592699213

 2.898591296812942e-07  6.487415961418944e-07 -1.003628724732836e-06   -0.02017131543374383   -0.07112724125000887
 1.429884871186883e-08 -1.903205126446365e-07  1.429384353375043e-07  -0.006254985801815668     0.1189074692340334

cov:
0.05494560687017487 0.05676852660486604 0.05743552762764405 0.05825613742485067 0.05914457762453994
0.05676852660486604 0.06043238701500474 0.06177257294112429 0.06342398105716641 0.06521118848359778
0.05743552762764405 0.06177257294112429 0.06335907589670597 0.06531441499187972 0.06743044382382041
0.05825613742485067 0.06342398105716641 0.06531441499187972 0.06764546964973822 0.07016688046430071
0.05914457762453994 0.06521118848359778 0.06743044382382041 0.07016688046430071  0.0731282603726657

cov.inverse():
   949247.06667352 -2889015.238317873  1627051.441792765  111736.3865562878  201020.8614289406
-2889015.238286744  15614026.95466066 -14743510.69730769  271039.7543109382   1747666.17499957
 1627051.441721072 -14743510.69705659  17298470.50183139 -1558371.030405188  -2623977.70633013
 111736.3866110502  271039.7539746398 -1558371.030072371  1746929.709083168  -571302.852526454
 201020.8614147443  1747666.175115894 -2623977.706483541  -571302.852475168   1246670.40528458

cov*(cov_.inverse()):
                     1                      0   2.91038304567337e-11                      0 -1.455191522836685e-11
 9.094947017729282e-12     0.9999999998108251  1.746229827404022e-10                      0 -4.365574568510056e-11
-3.456079866737127e-11  2.328306436538696e-10     0.9999999997380655  7.275957614183426e-12  1.455191522836685e-11
 2.182787284255028e-11  -1.01863406598568e-10                      0      0.999999999992724 -1.455191522836685e-11
 9.094947017729282e-12  4.365574568510056e-11   2.91038304567337e-11                      0     0.9999999999854481
