5
2

0.0001120591572293115
0.0003602473742093428
0.0004229171436516024
  0.06931885310689666
   0.6682846504593644

   0.6196914749492263   -0.7760998028410979   0.08737543234333693    0.0771436203917247 -0.008122041672772536
  0.05138488741154466 -0.003893716765593947    0.3725316638189477   -0.8306601661246322    0.4105706762319219
  -0.2972891759411807   -0.1311060201799403    0.8062666828939076    0.1050644961156248   -0.4830381403699052
  -0.6054154067322857   -0.4606844063654276   0.02140473892312704    0.2666001740222276    0.5913613509402398
   0.3980369334375271      0.41016463061077    0.4506235307681901    0.4711033316735768    0.4983288671345927

 0.398015424060416
0.3975731215657052
0.3958293070200284
 0.394954302017626
 0.393774791303398

0.01344426701846577
 0.4019635353476617

  -4.39514796354861    8.29402920460487  0.8651737753278165  -0.649915126014832   -4.11348802257081
  1.834517334603201 0.06153105833160122  0.5909791683822355  -1.029368940151439 -0.4567174993722551

-1.142931451633102e-07 -1.407902520607969e-07  5.071512469932786e-07   -0.01800638561313153    -0.1400967277590532
 1.337369983002237e-08  1.274066429210202e-07  6.349387129879758e-09  -0.008028639292688298     0.1380981051653323

cov:
0.07251827462361334 0.07425310049212222 0.08004280006246194 0.08297012775347852 0.08686515749373809
0.07425310049212222 0.07615429599740894 0.08249841008482889 0.08570717066721997 0.08997549103421723
0.08004280006246194 0.08249841008482889 0.09069051968659898 0.09483714816421802  0.1003496765896506
0.08297012775347852 0.08570717066721997 0.09483714816421802 0.09946025493753749  0.1056043082821843
0.08686515749373809 0.08997549103421723  0.1003496765896506  0.1056043082821843   0.112586453384827

cov.inverse():
 31095887.41448928 -38083532.56751497  3119283.101402844   3303421.76968442  564550.7264197995
-38083532.56755393   48063030.3919075 -6002412.508107971 -4819969.991966868  843680.9431972801
 3119283.101010934 -6002412.507695807  5311853.266617442 -1374038.789449707 -1055414.243709001
 3303421.770498601 -4819969.992833964 -1374038.789558764  5852388.431948401 -2961512.326427207
 564550.7260365601  843680.9436131801 -1055414.243579698 -2961512.326589191   2608746.74520436

cov*(cov_.inverse()):
    0.9999999995634425  5.093170329928398e-10 -1.164153218269348e-10 -5.820766091346741e-11                      0
-5.238689482212067e-10      1.000000000422006 -1.746229827404022e-10 -5.820766091346741e-11  -2.91038304567337e-11
-6.912159733474255e-10  5.966285243630409e-10     0.9999999998981366                      0                      0
-3.637978807091713e-10  7.421476766467094e-10 -1.891748979687691e-10     0.9999999998835847                      0
-2.473825588822365e-10  2.037268131971359e-10 -1.455191522836685e-11                      0                      1
