5
2

0.0001719286966706629
0.0003653621665323326
  0.00067579049559441
   0.0536445093975032
    0.565142007446917

  -0.223876615698831    0.741989249208124     -0.6265406261205  0.03301229234297036  0.07542047054743663
 -0.5764410531390151   0.3976148191222388   0.6354145440218296  -0.1997727937745117  -0.2568216423579398
  0.1467450103786536   0.0701246926216495  0.05347706238766881  -0.8185942809720336   0.5482627439211538
 -0.6478607785753792  -0.3128346978120116 -0.04793506732296299   0.2787888206331401   0.6343420892856612
  0.4199253346868874   0.4342480731143673   0.4455756211746674   0.4595445746297644   0.4747341087679752

 0.400039501187792
0.4000772203853343
0.4000143707663169
0.3999433439146081
0.3998719426868677

0.001180237400326119
  0.4004027889919358

  1.507458465632682    8.94491644379784  -7.056691374787095 -0.5725045634367569  -2.823427948616455
  2.129568488557157   1.069702414071205  -1.978131655755746 -0.0512704598649811 -0.1699973227447606

 3.100495589214016e-07  -1.27718187748556e-07 -2.777747117707409e-07   -0.01550311963711325   -0.07359466600825094
 4.557518898653638e-08 -2.676829636989842e-07  1.052667480204205e-07  -0.005011895417497612     0.1191640486707972

cov:
0.05752747872835289 0.05882371734194935 0.05984906465286552 0.06111342061427054 0.06248782409149577
0.05882371734194935 0.06050863578887859 0.06184118701651302 0.06348438399595217 0.06527101208064406
0.05984906465286552 0.06184118701651302 0.06341671847370603 0.06535947158525887 0.06747208126946501
0.06111342061427054 0.06348438399595217 0.06535947158525887 0.06767219392859261 0.07018633404407372
0.06248782409149577 0.06527101208064406 0.06747208126946501 0.07018633404407372 0.07313881479188312

cov.inverse():
 4232104.614775214 -7314050.898372446  2018589.271317344   349547.637593983  713829.0300343272
-7314050.897405595  19820240.91994018 -13826275.85052038  107888.7067206976  1212314.372741895
 2018589.269906881 -13826275.84855765  16310969.67393731 -1746509.855116995 -2756897.020608343
 349547.6377248259  107888.7064412616 -1746509.854974959  1803145.533960222 -514090.8609204326
 713829.0303471059  1212314.372025434 -2756897.020198107 -514090.8609269896  1344868.987425161

cov*(cov_.inverse()):
                     1   1.01863406598568e-10  8.731149137020111e-11 -2.546585164964199e-11  1.455191522836685e-11
-1.455191522836685e-11      1.000000000101863  8.731149137020111e-11  7.275957614183426e-12   2.91038304567337e-11
-2.182787284255028e-11  1.455191522836685e-10      1.000000000058208 -7.275957614183426e-12  1.455191522836685e-11
-2.182787284255028e-11  1.455191522836685e-11 -8.731149137020111e-11     0.9999999999854481                      0
  2.91038304567337e-11                      0  5.820766091346741e-11                      0      1.000000000014552
