5
2

0.0002117334677367943
0.0003764360941837793
0.0006569731591058529
   0.1061519340031964
   0.5800116203831508

  0.1759786961692979  -0.7009403228684915   0.6801167905084228  -0.1170806162145365 -0.03804527364752518
 -0.1126953150256552   0.2668002439056802   0.1904031139435584  -0.8127820102306277    0.468240807565075
   0.536173760613081  -0.4143935139218357   -0.548781970377071 -0.05896808159514059    0.485959698320333
  -0.726377934153552  -0.3002941536968185 -0.03936424603359732   0.3026501635160007   0.5376354273002054
  0.3757978973739307   0.4190486016011858    0.445507138654797   0.4802115961001053   0.5040777938017383

0.3967665968436402
0.3964313130009304
0.3961861910382374
0.3959008476835016
0.3956583847067628

0.002669706225203192
  0.3973077153811169

 0.8392339927396034    3.50305184978073  -2.437561203516487  0.3754733289257953  -2.280297469285022
  1.437238461583804 -0.1289954011818525 -0.1812542849756834 0.03444911359874234 -0.1611636822447927

-1.758621846895334e-07 -1.412773471380026e-07 -3.428095049446177e-07   -0.03017549353264528    -0.0914238077227477
 9.959916914904297e-09 -4.738025888183969e-08  3.639293782669775e-07   -0.01210577918754688      0.114585661448407

cov:
0.05345520500674253 0.05543538253176965   0.056644633615572 0.05823282839217979 0.05932682897928881
0.05543538253176965 0.06009102615358808  0.0629380284942775 0.06667303718816563 0.06924234993990074
  0.056644633615572  0.0629380284942775  0.0667878237054467 0.07183726743421236 0.07530988097451349
0.05823282839217979 0.06667303718816563 0.07183726743421236 0.07861025067512155 0.08326704273539103
0.05932682897928881 0.06924234993990074 0.07530988097451349 0.08326704273539103  0.0887380254801346

cov.inverse():
 1446518.348533395 -3478397.690383623  1836564.635590625  113536.6307828195  81923.84035762335
-3478397.690393947  11859506.17650259  -9748348.10163274   356876.564217398  1009861.406487414
  1836564.63556212 -9748348.101523941  11271416.99583659 -2793322.825066021 -565894.5701356005
 113536.6308896281  356876.5638946998 -2793322.824831366  4975761.352715629 -2652739.484215307
 81923.84028964613   1009861.40669098 -565894.5702899479 -2652739.484196555  2126695.575351439

cov*(cov_.inverse()):
    0.9999999999781721 -4.365574568510056e-11  7.275957614183426e-12                      0                      0
-1.364242052659392e-11      1.000000000058208  7.275957614183426e-12                      0                      0
 2.364686224609613e-11 -1.309672370553017e-10      1.000000000174623                      0  -2.91038304567337e-11
-2.728484105318785e-12 -7.275957614183426e-11  2.182787284255028e-11                      1  -2.91038304567337e-11
  -1.2732925824821e-11  8.731149137020111e-11  6.548361852765083e-11                      0                      1
