5
2

0.0002695535538189456
0.0004768840480529219
0.0006856534649146607
   0.1099049851975897
   0.5683769830049299

  0.5061999921622276  -0.7872024228552356   0.3456802504269826 0.002960704480768267 -0.06760408330510913
 -0.1251208545451861   0.1559262445974577   0.5773780149893586  -0.7740460600196301   0.1658888265636115
  0.4269242594997981 -0.03169319129261899  -0.5819186854992469  -0.3866002091544234   0.5732731809746756
 -0.6289736093811922  -0.4355018205007165   0.0481860216656245   0.1818798822235436   0.6158962402880435
  0.3876005870034103   0.4066116792012158   0.4540798862034693   0.4672300481788078   0.5098433742984735

0.3962925918037501
0.3961276909363626
0.3956161810971212
0.3955568492677149
0.3949781805185051

0.003052248419894553
  0.3968891573414656

-0.06041833062207498    3.380118322275206   -2.499690626275739    1.335914720872806   -2.156030983045155
   1.526169781525849   -0.166953760804063  -0.3674582117042962   0.1663571840841025  -0.1578789932033979

-2.474626452412373e-07 -5.231484185135587e-07  -2.02510946661094e-07   -0.03188173259526954   -0.08371593996360606
 5.726383472826075e-08 -1.328371125481337e-07   3.36540344036787e-07   -0.01173966178340449     0.1143725290363302

cov:
0.05331221929317611 0.05422266118276692 0.05649153734570418 0.05712247292766618 0.05916106386275628
0.05422266118276692 0.05570223662030572 0.05939304376271425 0.06041708385451718 0.06373152920599813
0.05649153734570418 0.05939304376271425 0.06663799269590273 0.06864458715035443 0.07514807960562057
0.05712247292766618 0.06041708385451718 0.06864458715035443 0.07092339034332318 0.07830860738551947
0.05916106386275628 0.06373152920599813 0.07514807960562057 0.07830860738551947 0.08855643182654864

cov.inverse():
 3983152.270148169 -5598810.310723199  1562164.620317012  95403.68727595574  -41683.9754173918
-5598810.310631488  8637759.143627714 -3310064.166813067 -536733.9987489604  807505.8041202041
 1562164.620149269 -3310064.166617056  3830767.163796801 -1472552.440986918 -610064.4916892032
 95403.68727318945 -536733.9987422931 -1472552.440993196  2952601.378933435 -1038794.329345038
-41683.97533860514  807505.8040092463 -610064.4916546502 -1038794.329347415  882998.5496997737

cov*(cov_.inverse()):
     0.999999999998181  3.637978807091713e-11  3.637978807091713e-11  7.275957614183426e-12 -7.275957614183426e-12
-1.818989403545856e-11     0.9999999999854481 -4.365574568510056e-11                      0  7.275957614183426e-12
 4.547473508864641e-13  5.093170329928398e-11                      1  1.455191522836685e-11 -1.455191522836685e-11
-1.591615728102624e-11  7.275957614183426e-12                      0     0.9999999999854481                      0
-1.500666257925332e-11  1.455191522836685e-11 -1.455191522836685e-11  1.455191522836685e-11                      1
