5
2

0.0001738871854535492
0.0004184079016529087
0.0005585424155091835
  0.08688229143374238
   0.5785238895403136

 -0.3846955555973084   0.7980478202792052  -0.4624777513218716  0.02031126659100629  0.02882339384982997
   0.377386526240821  -0.2530381750109843  -0.7227234554116635   0.5138974158225118   0.0844472901149969
 -0.3952898493059328 -0.04343086470498786    0.252409275151053   0.7099208310215677  -0.5236044943715026
 -0.6288664197167735  -0.3471773243225952 -0.02738568093958783   0.1404778932707685   0.6808163611507082
  0.3973181351308594   0.4203249029047664   0.4464579698328673   0.4601904753949901   0.5043463919001328

0.3966697721219289
0.3965014303746601
0.3962978649962683
0.3963004393865209
0.3958756564813716

0.002246230232794555
   0.397262186111433

  1.793172250885876   2.649317746904832  -3.258617714279648  0.9614586791518047  -2.145418759171458
  2.400869314773529 -0.8242514072072682 -0.5599596693318682  0.1424030203860246 -0.1589098421621307

 8.735958137185694e-08   4.68183145419195e-07  4.976544665095829e-08   -0.02478773459285385   -0.08982469320821224
 -4.00369337236562e-08  2.764418819939988e-07 -2.715007905193969e-07  -0.009786776333629657     0.1147464132444365

cov:
0.05582003407396553 0.05754215420862257 0.05949917692971646  0.0605284711902794 0.06383537955630504
0.05754215420862257 0.06004054660038415 0.06287882217599815   0.064370724472959 0.06916649447327772
0.05949917692971646 0.06287882217599815 0.06671774737105735 0.06873489836016093 0.07522115221682128
 0.0605284711902794   0.064370724472959 0.06873489836016093 0.07102820971013206 0.07840181668135968
0.06383537955630504 0.06916649447327772 0.07522115221682128 0.07840181668135968 0.08863240284964684

cov.inverse():
 6208841.782942425 -10643799.32147501   4006214.30520752 -50147.62650552013  478720.2277630857
-10643799.32151379   21434921.3745073 -11196832.98915917 -305540.4246628007  711547.9190943503
   4006214.3052371 -11196832.98913842  10261546.13362858 -1857808.687909397 -1213125.987329372
-50147.62647053409 -305540.4247839521 -1857808.687798239  3137676.323995817 -924251.8352113948
 478720.2277372913  711547.9191559824 -1213125.987390203 -924251.8351864021  947082.4681475258

cov*(cov_.inverse()):
     1.000000000032742                      0 -4.365574568510056e-11  7.275957614183426e-12  1.455191522836685e-11
 7.275957614183426e-12     0.9999999999272404  -1.01863406598568e-10 -7.275957614183426e-12  2.182787284255028e-11
 8.003553375601768e-11                      0      1.000000000058208  -2.91038304567337e-11   2.91038304567337e-11
 4.365574568510056e-11  9.458744898438454e-11 -8.731149137020111e-11     0.9999999999854481  1.455191522836685e-11
 2.182787284255028e-11  1.455191522836685e-11 -1.455191522836685e-11 -1.455191522836685e-11      1.000000000014552
