5
2

0.0004681727888281172
  0.00056923221288911
0.0007963545795108436
  0.08384047732513719
   0.5771835588403853

-0.2079522320888841  0.7961521682930035 -0.3454699010331944 -0.4164041063358404   0.173654144201528
-0.1656835128809301  0.2885306663110158 -0.3536618624971379  0.7226949793512824 -0.4918681550914447
 0.3774737684285686 -0.2509486108547288 -0.7424832804798009  0.1443620730237607  0.4716105585529797
-0.7969965538848838 -0.1737667756551634 0.03226355108739978  0.2551028198428461  0.5181536599827198
  0.389377567372135    0.43557052460992  0.4508342000939531   0.467334708990902  0.4868369561941991

0.4009676879401453
0.4011121820025128
0.4010860081178809
0.4010843943647482
0.4010707580070628

0.0001572435460220973
   0.4011774576356326

   1.47037134462316    1.84320243938405   0.282900521765168  0.1631701862519008  -3.759692096956825
  1.415633632347083 -0.1791177065330029 0.01802653697824388 0.03181766963327073 -0.2863750999351864

 7.521099652474898e-08  6.983873418769993e-07 -1.184095301432842e-06   -0.02382565807513275   -0.08368047477954536
-1.109509509572995e-07 -4.171830458284578e-08  2.761636162814483e-07  -0.008693875248721374     0.1188566921393017

cov:
 0.0549742124362155  0.0574745297534033 0.05830022837974116 0.05919238673450789 0.06024860618913248
 0.0574745297534033 0.06341649694150465 0.06537951709220691 0.06750160654428797 0.07001014121962701
0.05830022837974116 0.06537951709220691 0.06771910490228779 0.07024733933673281 0.07323600419659156
0.05919238673450789 0.06750160654428797 0.07024733933673281 0.07321620489067907 0.07672386430704482
0.06024860618913248 0.07001014121962701 0.07323600419659156 0.07672386430704482 0.08084524445476104

cov.inverse():
 506782.0493787266 -1052230.654146269  66661.43834646925  111426.1450991991  367403.7101457531
-1052230.654142227  3248107.830900666 -1275972.610620438  -926113.317687452  6148.417910070829
 66661.43833808093 -1275972.610613392  1799804.053786391 -301493.3018996296 -288996.1220885281
 111426.1451040618 -926113.3176802613 -301493.3019230355  2435821.054778528  -1319575.26824305
 367403.7101452358  6148.417899877069 -288996.1220664653 -1319575.268254402  1234986.951377167

cov*(cov_.inverse()):
     1.000000000007276  2.273736754432321e-12 -1.091393642127514e-11                      0                      0
 3.637978807091713e-12     0.9999999999917577 -1.091393642127514e-11 -1.455191522836685e-11  1.455191522836685e-11
-3.637978807091713e-12  8.924416761146858e-12      1.000000000007276   2.91038304567337e-11 -1.455191522836685e-11
 1.091393642127514e-11  3.200284481863491e-11 -7.275957614183426e-12                      1  1.455191522836685e-11
                     0  2.791011866065674e-11 -3.637978807091713e-12                      0                      1
