5
2

0.0004218480029223279
0.0005473220871529318
0.0006915929118196471
  0.06410610997065372
   0.6079857975371997

    0.2358078747896216 -0.0004683132255167509   0.001865156860576409    -0.7954438685843236     0.5582651699608493
   -0.5582203997399162     0.3954668166303767     0.6414583777840925    -0.2939037482005698    -0.1847910133710531
    0.2083248019037151    -0.7503303359928679      0.621679661191354    0.00452360231154254    -0.0842561551682621
   -0.6522160592896017    -0.3129080152788336   -0.07453744528570239     0.2541567062130179     0.6376137733112697
     0.404968665970506      0.427432729783355     0.4432676830897671     0.4650521953870752     0.4904506680451258

0.4004481422675712
0.4004458346550345
0.4003871869745821
0.4003074206084297
0.4002015823760058

0.0009982677506277986
   0.4008185913353705

   2.300854384835607   0.8293277089820745   0.6824137832263053  0.04862683364670364   -3.861710288132344
   1.992328270055635   0.1041819255107078 -0.05740862521437615  -0.2810539288019299  -0.7581109903895752

-2.938216969620619e-07  5.411443751832148e-08   2.90276373530086e-07   -0.01751074574940316    -0.1044683245528689
 4.804564547576548e-08 -2.651382990849016e-07   1.74003375285673e-07  -0.007736566346406181     0.1195412055910406

cov:
0.06237021000878566 0.06482324897258997 0.06655484857983693 0.06893493709053289 0.07170920350647988
0.06482324897258997 0.06793668353399589 0.07013160222437531 0.07315097061608213 0.07667085447655099
0.06655484857983693 0.07013160222437531 0.07265363601252235 0.07612203307511867 0.08016617002537972
0.06893493709053289 0.07315097061608213 0.07612203307511867 0.08021040874694954 0.08497684586810776
0.07170920350647988 0.07667085447655099 0.08016617002537972 0.08497684586810776 0.09058634085822082

cov.inverse():
 1443528.163968553 -1064314.282633196 -922073.5695958984 -504429.0681996783  1047305.006923122
 -1064314.28261377   1699176.53425936 -128430.6485041563  -393019.630353396 -113293.3006013924
-922073.5696430006  -128430.648460148  2181630.988150727 -631804.8460034516 -499370.7491737251
-504429.0681603592 -393019.6303697816 -631804.8460528001  3843964.361023311 -2314843.857707439
 1047305.006911479 -113293.3006095887 -499370.7491274714 -2314843.857733855   1880268.64496556

cov*(cov_.inverse()):
                     1 -8.185452315956354e-12  1.455191522836685e-11                      0  -2.91038304567337e-11
                     0     0.9999999999854481 -2.182787284255028e-11   2.91038304567337e-11                      0
-1.455191522836685e-11 -1.818989403545856e-12                      1  -2.91038304567337e-11                      0
-1.455191522836685e-11 -7.275957614183426e-12  -2.91038304567337e-11      1.000000000029104                      0
-1.455191522836685e-11   -1.2732925824821e-11 -1.455191522836685e-11                      0                      1
