5
2

0.0002615078183209328
0.0005152863254247307
 0.000694375915541373
  0.07450902033415564
   0.5568629355005726

  0.3209819733167071  -0.7197343597490714   0.5981006637702365 -0.07360019109488003  -0.1257443122797469
  0.4908839885805212  -0.3949707625467127  -0.6542240614883565   0.3770301477568405   0.1813012728600684
 -0.2046464932262032  0.01597608158699885  0.08619233884037557   0.7386823291742544  -0.6362262765072402
 -0.6673413428010169  -0.3788290698450473  0.05772583059489993   0.3014598766766008   0.5629686840892034
  0.4108270044188244   0.4268651412183058   0.4511153761230451   0.4646521697711948   0.4791665704170268

0.3997072480614365
0.3996633310765929
 0.399667119759733
0.3995819712630158
0.3995207016638987

0.001108153406397299
  0.4000307856973045

  0.5899986910512702    4.248975148400322   -1.190612305117041  -0.7172097479830841   -2.931232533017579
   1.489342692684894   0.0541419616763984  -0.2385374915358606 -0.08078888788160504  -0.2241553906650363

-2.160658093909448e-07 -3.747864444983903e-07  5.687805434558333e-07   -0.02186493669804374   -0.06784239473799333
 2.260491544161803e-08  2.110000996080386e-07 -1.164641161277303e-07  -0.006543815813404881     0.1185867531508118

cov:
0.05481015777330316 0.05578430865112802 0.05725632626829193 0.05807792627656799 0.05895827109297323
0.05578430865112802  0.0573006399592654 0.05959246886944251 0.06087165653719413 0.06224294974360351
0.05725632626829193 0.05959246886944251 0.06312482013525673 0.06509640171437099 0.06721059048489829
0.05807792627656799 0.06087165653719413 0.06509640171437099 0.06745512491768722 0.06998360801839643
0.05895827109297323 0.06224294974360351 0.06721059048489829 0.06998360801839643 0.07295799632420638

cov.inverse():
 2501048.705754388 -4115128.488717393  1561182.931754261  38024.99778640536  14954.83590488668
-4115128.488617024  8162958.173649229 -5318695.871397494  238217.4799339799  1032589.172341409
 1561182.931535947 -5318695.871108606  6858308.676437399 -1440624.974263398 -1660190.454364276
 38024.99784670518  238217.4798480824 -1440624.974250117  1746286.182333011 -581915.6416333128
 14954.83596253488  1032589.172238781 -1660190.454306977 -581915.6416456312  1194589.134582231

cov*(cov_.inverse()):
     0.999999999975671  1.455191522836685e-11  -2.91038304567337e-11                      0  1.455191522836685e-11
                     0      1.000000000101863 -8.731149137020111e-11  1.455191522836685e-11  1.455191522836685e-11
-2.648903318913653e-11  1.455191522836685e-11      1.000000000029104  1.455191522836685e-11 -1.455191522836685e-11
 6.366462912410498e-12  5.820766091346741e-11 -1.455191522836685e-11                      1                      0
 1.432454155292362e-11                      0 -1.455191522836685e-11 -7.275957614183426e-12                      1
