5
2

0.0001387021015430276
0.0002856408174602912
0.0006311322798151071
  0.07577825063800232
    0.544613691340309

-0.06594858454237604   0.5929064033650926   -0.752939739164262   0.2737070190150631 -0.04773885183651733
 -0.2709403095080376   0.5545697369342774   0.1819519801834234   -0.721438609174719   0.2558584875662994
  0.6464559114880738  -0.2530627372066862  -0.4259978337128557  -0.3935880215014962   0.4262256685631158
 -0.5739367029861814   -0.299874760027789  -0.1588252008346261   0.1996308513122854   0.7180486529809806
  0.4182505808101422   0.4323757429147161    0.439631240184748   0.4580903769659492   0.4847630841717852

0.3831563108701015
0.3813685351841913
 0.380548305833212
0.3781539584837477
0.3746818578832521

0.02614267416428755
 0.3867410348042626

 0.7904651367494838  -2.302323967782306   5.521177861008074  0.7459125837538091  -4.755363630379854
  1.563519630346257 -0.5242613813439546  0.2759730027229749  0.1364828113579676 -0.4516956208291925

 -9.89449348143056e-08 -1.828617672358316e-07  -1.42554279316958e-06   -0.02242870604924221   -0.05964815460703826
-1.082770679306058e-08 -7.165132343112721e-08  3.105409980127206e-07  -0.006207893790992458      0.116312558375409

cov:
0.05377772249197362 0.05462652896648875 0.05506171093469504 0.05617030443473883 0.05777080128899194
0.05462652896648875 0.05596620730705768  0.0566537844104209 0.05840377749692904 0.06093165385142741
0.05506171093469504  0.0566537844104209 0.05747127729793954 0.05955132654994168 0.06255642006003972
0.05617030443473883 0.05840377749692904 0.05955132654994168 0.06247036582043318 0.06668852571482835
0.05777080128899194 0.06093165385142741 0.06255642006003972 0.06668852571482835 0.07266134230457359

cov.inverse():
 2174996.262013669 -4284721.805310015  1285510.741987945  818652.9320160029  5672.919669343892
 -4284721.80539877  22203032.67501728 -21697557.11889013  3781847.952841681 -3028.521734660751
 1285510.742134036 -21697557.11907055  30329609.06559814 -11900160.98384305  1983110.639153294
 818652.9319431853  3781847.952925663 -11900160.98383325  10662082.98026739 -3362663.064144684
  5672.91968483562 -3028.521726978589  1983110.639109155 -3362663.064123719  1376970.760583967

cov*(cov_.inverse()):
    0.9999999999903935 -1.730882104311604e-10  2.037268131971359e-10  5.820766091346741e-11  1.455191522836685e-11
-2.523847797419876e-11      1.000000000049113 -2.473825588822365e-10  -2.91038304567337e-11  1.455191522836685e-11
 2.296474121976644e-11 -2.039541868725792e-10     0.9999999997089617 -8.731149137020111e-11                      0
 1.608668753760867e-11 -8.782308213994838e-12 -2.037268131971359e-10      1.000000000029104 -1.455191522836685e-11
 2.006572685786523e-11 -4.803268893738277e-12 -5.820766091346741e-11   2.91038304567337e-11                      1
