6
2

0.0002001361375389701
0.0004111443786292822
0.0005236709298693488
0.0008191954955220517
   0.1131421856178277
   0.6329713604337521

 -0.2710586408794891    0.749737895443582  -0.5980968711853473  0.03921124890127055  0.07129361105951412 0.008951703770104184
 -0.2408586965484034   0.2367280579501142   0.3211226020504344 -0.04831768868564439  -0.7444214931763381   0.4757407180237133
 -0.4551139992793856   0.2824503881534783   0.5664038464607126  -0.4519920762268539   0.3342906673250239  -0.2761025558989099
  0.4355266737874917  0.04722474455406941   -0.172762069803184  -0.7888365528973852  0.09565789413671909    0.383178897202111
 -0.5875498402647509  -0.4009809273919128   -0.184661838373325  0.01616350039549393   0.3521287344008854   0.5793475487007493
  0.3556504615292399   0.3729059027645836     0.39293811539614   0.4114689247267084    0.442559072844694   0.4635605304524865

0.4005147398066247
0.4005331389264581
0.4005151250961622
0.4005559899893903
0.4004781931155655
0.4004116478851196

0.0006211208275946907
   0.4007797837818257

 0.1101465885170793   1.952361035679737  0.3413765446469537  0.4016461086443204 0.02663243895499139   -2.83212269756923
  1.463873259763799 -0.1144511467319933 -0.1768740213740135 0.05692376113725334 0.01299511980462362  -0.242337346432993

 4.894745072149607e-08 -1.422157807023536e-07  3.575951543945868e-07  -8.84686807903676e-07    -0.0324576932429089   -0.09393242839221873
-1.505354745025811e-08 -9.537095857175773e-08 -2.065545621748351e-07  3.531155989704214e-07   -0.01173155880343411     0.1303253602678949

cov:
0.05509680890660149 0.05615209714883126 0.05737944108000565 0.05850942364543802 0.06041281904023942 0.06169649242257915
0.05615209714883126 0.05777259255954915 0.05965512877120633 0.06139280439689086 0.06431339822857547 0.06628482760543181
0.05737944108000565 0.05965512877120633 0.06229758784179172 0.06474007526698489 0.06884044915527668 0.07160956555187947
0.05850942364543802 0.06139280439689086 0.06474007526698489 0.06783700265920711 0.07303135999194157 0.07654050707450308
0.06041281904023942 0.06431339822857547 0.06884044915527668 0.07303135999194157 0.08005866373387842 0.08480651745058236
0.06169649242257915 0.06628482760543181 0.07160956555187947 0.07654050707450308 0.08480651745058236 0.09039239600138219

cov.inverse():
 3215500.385257276 -5849056.560648479  2537798.948797874  41670.25894843861  85515.08708187222 -31570.89710230032
-5849056.560947144   14659334.1774959  -10174213.3660598  145238.5364853919  642992.2685411518  576367.8144882603
 2537798.949307677 -10174213.36685182  10755209.76742286 -1407772.679250777 -1812909.194821186  101169.3120121688
 41670.25897612047  145238.5364035273 -1407772.679185327  1724431.820401535 -380849.6526053002 -122558.7985423732
  85515.0865876285  642992.2698733847  -1812909.19578236 -380849.6525962645  3826348.930532386 -2361082.170827206
-31570.89684689609  576367.8137312691  101169.3126256952 -122558.7985401378 -2361082.170941419  1837715.982433408

cov*(cov_.inverse()):
    0.9999999999779448  1.891748979687691e-10 -1.555235940031707e-10 -8.185452315956354e-12                      0 -1.455191522836685e-11
 2.864908310584724e-11     0.9999999999854481 -1.946318661794066e-10  5.456968210637569e-12  -2.91038304567337e-11  1.455191522836685e-11
 9.822542779147625e-11 -2.182787284255028e-11     0.9999999998899511 -1.091393642127514e-11   2.91038304567337e-11  -2.91038304567337e-11
 5.456968210637569e-12  1.527951098978519e-10 -2.446540747769177e-10     0.9999999999727152  5.820766091346741e-11                      0
-5.456968210637569e-12   1.01863406598568e-10  -3.41970007866621e-10 -9.094947017729282e-12      1.000000000029104                      0
 1.682565198279917e-11  7.275957614183426e-11 -1.073203748092055e-10  1.818989403545856e-12   2.91038304567337e-11                      1
