5
2

0.0001324534325196886
0.0003594910300941491
0.0005998252878961675
  0.07202926446317376
   0.5991850303319678

 -0.1622497561410421   0.7381007199850013  -0.6525241512898713   0.0294048498985104  0.04722214073583042
 -0.5645971411122056   0.4327289795681643   0.6046047540471695  -0.3277226410899405  -0.1450057253711579
  0.3611081282537492  0.05116048996569846 -0.03674981664783333  -0.8182754912041256   0.4427845926029284
 -0.5997082151243093  -0.2864142969408845   -0.116854145441513   0.1169902653031446   0.7286805155469082
  0.4060247052847723   0.4281383096311832   0.4400680436437977   0.4565870384038808   0.4997098356543134

0.3979678122393069
0.3976154058103897
0.3974915099917007
0.3972171113630426
0.3964807136115149

0.004478360603686028
   0.399037521977627

    2.517687956521313   -0.1332310504489728    0.6799889425574929  0.001446177180036326    -3.065670275007324
    2.476155865927044    -1.013880007783322   -0.1846085994315722 -0.004644379636556062   -0.2726675008708068

-1.921525688347085e-08 -8.063439797851369e-08 -1.731537901088306e-07   -0.01963689240253728   -0.09580222275923779
-1.829219804261615e-08  -2.46490290812974e-07   2.63417342509048e-07  -0.007119475275790697     0.1262625545856477

cov:
0.06105309811711526 0.06330174131942502 0.06451317151078068 0.06619355735108276 0.07057658563314585
0.06330174131942502 0.06623536735116778 0.06781713030857789 0.07000874209742665 0.07572828126857173
0.06451317151078068 0.06781713030857789 0.06959919390857053 0.07206726099519384 0.07850957358824145
0.06619355735108276 0.07000874209742665 0.07206726099519384 0.07491734567214368 0.08235715405172071
0.07057658563314585 0.07572828126857173 0.07850957358824145 0.08235715405172071 0.09240641703211804

cov.inverse():
 4329634.308108479 -8665236.057138197  3356409.415964667   338528.311682811  641104.0319358095
-8665236.057290057  32509339.30411212 -25433493.82685452  23395.84598987236  1564094.015402019
 3356409.416325239 -25433493.82767729  27102157.95104596 -2543309.501041071 -2480003.893734299
 338528.3114364338  23395.84679731988 -2543309.501623408  2741369.850612652 -560146.9672220154
 641104.0319734885  1564094.015265441 -2480003.893614171 -560146.9672432357  834834.5883817372

cov*(cov_.inverse()):
     1.000000000021828  -1.01863406598568e-10  1.746229827404022e-10 -1.455191522836685e-11 -7.275957614183426e-12
 1.455191522836685e-11      1.000000000174623  1.746229827404022e-10 -7.275957614183426e-12  2.182787284255028e-11
 1.455191522836685e-11  -2.91038304567337e-10      1.000000000087311                      0  -2.91038304567337e-11
-1.236912794411182e-10  3.783497959375381e-10  5.820766091346741e-11                      1 -1.455191522836685e-11
-7.275957614183426e-12  -2.91038304567337e-11  5.820766091346741e-11  1.455191522836685e-11      1.000000000014552
