5
2

0.0002899686282282936
0.0004584295472597266
0.0006285931731177543
  0.08368285478825967
   0.6005888508997332

-0.5384758683659389  0.8140232255799656 -0.1140199834623286 -0.1841231955075668 0.02253929127700764
-0.1743688340931805 0.06220867640520591  -0.134659803699432  0.8005776088104761 -0.5537759653649011
 0.2806996610480517 0.08777623322127454 -0.8746392717140266  0.1521201014975516  0.3540743597959691
 -0.668193319891259 -0.3906726364301218 0.02469462572516013  0.2810590549756424  0.5668232188909769
 0.3928926525461369  0.4161327826818306  0.4508464267072906  0.4722704982146947  0.4961521407734207

0.3999004715327312
0.3997619022020064
0.3996222838196045
0.3994780065017127
0.3993156544440094

0.001816760125557492
  0.4003936349912892

   3.076786821796668  -0.9584112180964687    0.793925417924946 -0.07968882094539984   -2.832351574281711
   2.658992704878574   -1.474918252931708  0.06992024119133339 -0.01691415102582036   -0.236814222947197

-2.166480760162973e-07  1.684758382363988e-07 -3.674135802407181e-07   -0.02303716057347251   -0.09917743761525052
-2.221959881653058e-07  -9.39851661565686e-08  1.854491395550066e-07  -0.009368162632780667     0.1215496679420605

cov:
0.05880709719930168 0.06080199139133884 0.06377791873266848 0.06561461192612948 0.06766200146373706
0.06080199139133884 0.06353122632110128 0.06760534804178107 0.07011982251320997 0.07292271160892257
0.06377791873266848 0.06760534804178107 0.07332277788587717 0.07685078723556021 0.08078388660843273
0.06561461192612948 0.07011982251320997 0.07685078723556021 0.08100520296448767 0.08563569467257622
0.06766200146373706 0.07292271160892257 0.08078388660843273 0.08563569467257622 0.09104417300863968

cov.inverse():
 3792649.570266915 -5202380.443980692  220588.5001378613  622956.4988258489  566605.3895240113
-5202380.443915371  7918758.574844453 -1338023.108515647 -1511800.060356953  132912.1942642853
 220588.5001226194 -1338023.108488095  2176961.872639066 -600017.0072033558 -459488.5385009223
 622956.4986358954  -1511800.06012693 -600017.0071769102  3511503.168097163 -2022581.181380232
  566605.389663889  132912.1940720194 -459488.5385150553 -2022581.181313696  1782601.091548488

cov*(cov_.inverse()):
    0.9999999999854481 -5.456968210637569e-11 -3.637978807091713e-12   2.91038304567337e-11 -4.365574568510056e-11
-5.820766091346741e-11     0.9999999999345164 -1.455191522836685e-11   2.91038304567337e-11                      0
 -2.91038304567337e-11  1.637090463191271e-11      1.000000000007276   2.91038304567337e-11                      0
-7.275957614183426e-12   -1.2732925824821e-11 -7.275957614183426e-12      1.000000000058208 -5.820766091346741e-11
-5.093170329928398e-11 -6.912159733474255e-11                      0   2.91038304567337e-11                      1
