5
2

0.0002179652650778575
0.0005980708473323524
 0.000750000579675765
  0.08980789049676727
   0.5628563013411116

  0.3839158198063813  -0.8018215970962516   0.4569153981620428 -0.01069758903455053  -0.0283663576033315
-0.08867709916933181   0.1132243733573721    0.285170309936689   -0.806809508834012    0.497044187317764
 -0.5490656723744426   0.1552261178361024   0.7107592838962616  0.08542741818841573    -0.40243649975924
 -0.6160428084714347  -0.3774014540055589  -0.0998948143767692   0.3438323343425525   0.5914894357182556
  0.4046766127859827   0.4215867200990438   0.4413031607284711    0.472679024419406   0.4902321253295979

0.4005536428653339
0.4006051166081335
0.4006254199263209
0.4006905244653256
0.4006900564367475

0.000109716975131722
  0.4007503986174808

 0.7844777182954127   7.464815639935393  -7.371187240316556  0.6779367751267051  -1.554924227720062
  1.537597206485098   0.283031392474981  -0.747225624553722 0.06189572495929987 -0.1351150474853873

-4.283128058103506e-07 -9.465308806295742e-07 -2.152951010220965e-06   -0.02621907067411564   -0.07293808662823262
 1.193370312049901e-09 -1.554108848692685e-07 -7.153563806241455e-07  -0.008372231432728621     0.1187450311969026

cov:
0.05494244199969611 0.05592441841221299 0.05707316212713032   0.058891174979202 0.05991114435192831
0.05592441841221299  0.0574566721245332 0.05924533457168222 0.06208519988157106 0.06367578579100955
0.05707316212713032 0.05924533457168222 0.06177853181340121  0.0658072480400226 0.06806171331692196
  0.058891174979202 0.06208519988157106  0.0658072480400226 0.07173653872883748 0.07505147698178131
0.05991114435192831 0.06367578579100955 0.06806171331692196 0.07505147698178131 0.07895945618687226

cov.inverse():
  3660380.95849818 -6659024.897198791  2927828.728096151  30162.60037377579  40327.57894719952
-6659024.897257498  13611284.37179517 -7425088.377780571 -51285.69940673546  525002.0691056201
  2927828.72813591 -7425088.377792225  5519824.344343459 -638179.4631836464 -385053.6060760506
 30162.60049244643 -51285.69966044973 -638179.4630353777  1835252.912717695 -1175847.419001931
 40327.57884747049  525002.0693122832  -385053.606196213 -1175847.418988688  995593.2671038294

cov*(cov_.inverse()):
    0.9999999999486135  4.729372449219227e-11  3.637978807091713e-11 -1.455191522836685e-11                      0
-7.275957614183426e-12      0.999999999992724   2.91038304567337e-11 -1.455191522836685e-11 -7.275957614183426e-12
-2.501110429875553e-11  -1.01863406598568e-10     0.9999999999781721 -1.455191522836685e-11                      0
 9.094947017729282e-12  -1.01863406598568e-10 -3.637978807091713e-12     0.9999999999854481 -1.455191522836685e-11
-1.909938873723149e-11 -2.182787284255028e-11 -3.637978807091713e-11  1.455191522836685e-11                      1
