5
2

0.0001306657733362802
0.0001688924738988793
 0.000317813796606292
  0.03675106844394498
   0.5421128240009204

 0.02028568554977078   0.1415200637640072  -0.6214491996660765    0.723646569107454  -0.2640020790967598
 -0.2810728720270685   0.7637487338667797  -0.3711290880239066  -0.3670042717417211   0.2554544512691436
  0.6109045278026238  -0.2977528486308624  -0.5232730451830384  -0.2429723015713418    0.453087938370087
 -0.5987521765324716  -0.3380585356076092 -0.05692644034498139   0.2778590273731334   0.6684055646816331
  0.4346009900818369   0.4401359002673699   0.4461040157087316   0.4532133373133692   0.4615097472053443

0.4014002399582654
0.4013199405635644
0.4012357057888224
0.4011333321551976
0.4010158376700418

0.002517769857282243
   0.401794529267731

-5.901606612632008  4.379101024466572  10.03972251530452  10.59713529720144 -19.11417511178309
  1.36908766626143  0.633149558574164 0.1064289501770931 0.2901208257741149 -1.398827701791915

 1.190981742490845e-07 -2.137842185233219e-07 -2.161311637166951e-06    -0.0112776225234598   -0.05210576261052279
 1.076443301580051e-08 -1.153986693653414e-08 -1.132423535962912e-08  -0.002558405830151941     0.1196326241908214

cov:
0.05599291565059691 0.05648896539343955 0.05702387629327974 0.05766117915815298 0.05840502678964504
0.05648896539343955 0.05708592434813624 0.05772951608807241 0.05849623954533617 0.05939104783872094
0.05702387629327974 0.05772951608807241 0.05849037566144688 0.05939666535697798 0.06045429583409098
0.05766117915815298 0.05849623954533617 0.05939666535697798 0.06046922923049466 0.06172078613952856
0.05840502678964504 0.05939104783872094 0.06045429583409098 0.06172078613952856 0.06319865669117121

cov.inverse():
  6488856.89975376 -9158313.908059172 -246226.2051179007  3006458.556815604 -90754.38791399341
-9158313.907843759  22500257.49136166 -13545527.62238813 -3112165.191708733  3315708.393101172
-246226.2048223068  -13545527.6220669  30159318.21898702 -20305793.26675974  3938265.747547885
  3006458.55571147 -3112165.191606372 -20305793.26497288  35977586.85816233 -15565996.23028708
-90754.38732087678   3315708.39289301  3938265.746377849 -15565996.22950199  8402687.434658544

cov*(cov_.inverse()):
      1.00000000007185 -5.820766091346741e-11  2.037268131971359e-10                      0 -5.820766091346741e-11
-9.094947017729282e-13                      1  5.820766091346741e-11 -2.328306436538696e-10  5.820766091346741e-11
  6.45741238258779e-11  1.746229827404022e-10      1.000000000174623 -1.164153218269348e-10  5.820766091346741e-11
 2.273736754432321e-11                      0  2.328306436538696e-10      0.999999999650754  5.820766091346741e-11
  -1.2732925824821e-11  5.820766091346741e-11                      0                      0                      1
