5
2

6.502824829127963e-05
0.0001264069947992174
0.0003606031064301414
   0.1046134068859319
   0.5857153185408321

-0.01042611424005089   0.1983479145261511  -0.6116475163653695   0.7101921644257345  -0.2864678101590918
-0.09918453135025003   0.6326122519815945   -0.489474078582717  -0.4399604657265867   0.3959975787512492
  0.5725605431242725  -0.5422156203575721  -0.4314693994445136 -0.03559264054906347   0.4367424490237101
 -0.7201660336696851  -0.3000792205370996 -0.03197800743148686   0.2724627519498641     0.56218751426098
  0.3789314361311251    0.420017292367829   0.4462219251710719   0.4759822380347691   0.5043048119893716

0.3999640896150662
0.4001902484460405
 0.400297473499836
0.4004058342267584
0.4005042531498783

-0.0008271437257449897
    0.4000372019240765

 0.4830528176352113  -1.226871235673645    3.26020802626901   3.920071339121194  -6.436548825974785
  1.359521932058432 -0.5033010140046029   0.348239636184777  0.3717884989944363 -0.5762504829538231

 1.008701814247758e-08 -1.069514869404799e-07 -4.441350051903972e-07   -0.02883131283619085   -0.08836778893673905
 4.318124172607994e-10 -1.622573144443476e-08  8.272093354961321e-08   -0.01162084541079571     0.1185354332849953

cov:
0.05493601437753916 0.05696607168521488 0.05825957693914881 0.05972892060397002 0.06112735058538984
0.05696607168521488  0.0615067186026472 0.06440212125880868  0.0676905219224332 0.07082008446798362
0.05825957693914881 0.06440212125880868 0.06831975662860393 0.07276895425471905  0.0770032056194771
0.05972892060397002  0.0676905219224332 0.07276895425471905 0.07853635429677029 0.08402509027466906
0.06112735058538984 0.07082008446798362  0.0770032056194771 0.08402509027466906 0.09070770561011117

cov.inverse():
 3162485.100270841 -6803277.820677976  2646551.200570211  823190.8735008606  171239.7048364709
 -6803277.82038442  36610220.19643856  -46269202.4770397  16041875.24534218  419858.0266238756
 2646551.199987286  -46269202.4510908  104896120.5712271 -89128904.95600848  27855835.28756322
  823190.873822723  16041875.19342547 -89128904.88136011  131398190.8383292  -59134335.4479997
 171239.7048040027  419858.0528851429   27855835.2382811 -59134335.42494658  30687342.74443157

cov*(cov_.inverse()):
     1.000000000005457  2.801243681460619e-10 -4.656612873077393e-10  9.313225746154785e-10                      0
 3.456079866737127e-11     0.9999999999890861  4.656612873077393e-10                      0                      0
 3.637978807091713e-12  1.200533006340265e-10      1.000000001396984  9.313225746154785e-10                      0
 5.820766091346741e-11 -3.856257535517216e-10  9.313225746154785e-10     0.9999999990686774                      0
 3.274180926382542e-11   1.01863406598568e-10  9.313225746154785e-10                      0                      1
