5
2

0.0001497619645997476
0.0003564636284686964
0.0006891880743794799
    0.112400505072296
   0.5703589713249538

  -0.2461541528581819    0.7417871302840402    -0.611659714755734    0.1224394196550407 -0.006400643335644287
  -0.5846677813494999    0.3506265305473305    0.5702635339697382   -0.4451530565560156    0.1089168471421073
   0.3218228219659645  -0.01643266782391712   -0.2857146013954778   -0.6479221255836204    0.6282707413358337
  -0.5823540907025709   -0.3967089265893799   -0.1799193556200728    0.3642524697787193    0.5817515830143005
   0.3935295449980455    0.4112965893534752     0.432051023829316    0.4841119727838591    0.5049129859839114

0.4006495018822464
0.4007758956266479
 0.400887309109194
0.4011202039157232
0.4012492221798602

-0.0008949171693521664
    0.4007245182668771

0.001803968345072252  -0.1310330961852947    4.606198655314806    -3.93404666636181  -0.5430149712042243
   1.415023719398999  -0.2907221863971001   0.2622026720881729  -0.3250149115136665 -0.06140025478941408

 -7.61065777970382e-08  5.428092867716602e-07  4.248560296690552e-07   -0.03192199408541498   -0.07864845193459812
-1.712984227910423e-08 -8.154293036115063e-08  2.646862819426404e-07   -0.01149676529491601      0.117833598481368

cov:
0.05466389595548866 0.05557242228041189 0.05663432598571743 0.05929544122498756 0.06035829214093068
0.05557242228041189 0.05701924112816825  0.0587096024544958  0.0629478827457636  0.0646409432480016
0.05663432598571743  0.0587096024544958  0.0611339345478018 0.06721413372921164 0.06964319732714137
0.05929544122498756  0.0629478827457636 0.06721413372921164 0.07791741829527164 0.08219377886530725
0.06035829214093068  0.0646409432480016 0.06964319732714137 0.08219377886530725 0.08720936425980291

cov.inverse():
 5609838.079944676 -9765552.101604626  3895439.266751715  265486.9520393374 -5251.361125128668
-9765552.102673987  25501374.81518912 -18646070.06655987   2843514.22694437  67101.53269663242
 3895439.268238569 -18646070.06840504   19411959.4949518 -4947161.475217822   285433.412149353
 265486.9516430831  2843514.227682678 -4947161.475560646  3111759.067819459 -1273520.058273795
-5251.361146403861   67101.5327341806  285433.4121338556  -1273520.05827457  926246.7180198948

cov*(cov_.inverse()):
     1.000000000043144  3.601599019020796e-10 -1.600710675120354e-10  4.365574568510056e-11 -7.275957614183426e-12
 1.438138497178443e-10      1.000000000241016  4.038156475871801e-10 -5.820766091346741e-11  7.275957614183426e-12
 1.057856024999637e-10  2.546585164964199e-10      1.000000000105501 -1.455191522836685e-11  7.275957614183426e-12
 9.521272659185342e-11  8.185452315956354e-12  1.382431946694851e-10     0.9999999999417923  1.455191522836685e-11
 2.097522155963816e-11    1.2732925824821e-10  4.001776687800884e-11                      0      1.000000000014552
