5
2

0.0001377180048525977
0.0005006999429011038
0.0007398674646280763
  0.08541862347734498
    0.594450804461565

-0.06710625695558183   0.6827524444582844    -0.72341140054901  0.04341129420109165  0.06432149683546447
 -0.2288977398977579   0.4608144761360372   0.4196675569091197  -0.7422375233624252  0.09065563327180735
  0.5351082884401579  -0.3047211086086079  -0.3161443930447111  -0.4656069384165628   0.5514227663560257
 -0.7101530171893404  -0.2052007226243051 -0.06118487404242313   0.1371962793892208   0.6565127171056995
  0.3904412718535676   0.4318990942020036   0.4436938371990926   0.4599850848328781   0.5025617237948919

0.3984914958778463
0.3978481675500029
0.3977230291989487
0.3974392655757101
0.3966820801709039

0.004512447728784618
  0.3992833235230057

  0.8773713428087673    1.594908501073179   0.8582206267287534  0.04093097138717663   -3.371727399219883
   1.438913765014473  -0.4655504810126014   0.3138417770140942 -0.01451161375305068  -0.2724129441117556

 3.681468365772316e-09  1.399533602524877e-07 -1.185753541225125e-06   -0.02342724379388025   -0.09310807825502049
-1.251022388364295e-08 -1.068264632400885e-07  3.663010066022671e-07  -0.008218259691352321     0.1259454784682906

cov:
0.05754938222420688 0.06065264975756842 0.06153376127412218 0.06275358593582002 0.06593732617173786
0.06065264975756842 0.06622418926626861 0.06780867038740045 0.06999793744928437 0.07571842296832004
0.06153376127412218 0.06780867038740045 0.06959367939571241 0.07205929638089725 0.07850291468578688
0.06275358593582002 0.06999793744928437 0.07205929638089725 0.07490620984958533 0.08234629867626778
0.06593732617173786 0.07571842296832004 0.07850291468578688 0.08234629867626778 0.09239545649653948

cov.inverse():
 969584.5217298027 -3134305.105863832  1867362.341250548  68928.21522009562   228620.104253817
-3134305.106177531   25594578.4595301 -25094186.82322463  457603.6698090879  2175122.317233099
 1867362.341622563 -25094186.82361265  28477486.10631814 -2629382.868012437  -2620067.61273449
 68928.21522649363  457603.6695198677 -2629382.867677352  2692908.040688683 -590188.7751499624
 228620.1041891062  2175122.317596673 -2620067.613085624 -590188.7750977119  806450.6442745951

cov*(cov_.inverse()):
     1.000000000030923  3.492459654808044e-10   2.91038304567337e-11 -7.275957614183426e-12  5.820766091346741e-11
-1.455191522836685e-11      1.000000000087311  1.746229827404022e-10 -1.455191522836685e-11  4.365574568510056e-11
 4.365574568510056e-11  3.492459654808044e-10      1.000000000029104 -1.455191522836685e-11  7.275957614183426e-12
 4.729372449219227e-11 -8.731149137020111e-11  3.783497959375381e-10      1.000000000021828   2.91038304567337e-11
 2.182787284255028e-11                      0  1.164153218269348e-10  1.455191522836685e-11                      1
