6
2

0.0002092357796539687
0.0003761187331869968
0.0004756619148483667
0.0006880431226657606
   0.1065157878234426
   0.6381298240154841

 -0.1705929070647583   0.6785361263994983  -0.7033105954413003  0.06394488187223636   0.1051945829775447  0.02619433840524709
 -0.1244105044134691   0.3013190226756037   0.2138504387758123 -0.07653880103274671  -0.7867113806367309   0.4724657430056877
 -0.1509539609792599   0.3365415162963168   0.3333757297786036   -0.809955449754041    0.310493204648865 -0.01948002948765074
  0.5218036683753186  -0.3026574137114161  -0.4260333037679033  -0.3915640757791119  0.05201184289619148   0.5464315038812955
  -0.737733515929029  -0.3149240188283786 -0.05602888477396888  0.07974908327991863   0.2832769115725652   0.5165531540866662
  0.3407391660207357    0.380469094466369   0.4047705610856231   0.4175436404830133   0.4366488666241543   0.4585803717364033

0.3967670151885442
0.3963628741019452
 0.396076193528966
0.3960268086755846
 0.395733402431893
0.3954542274209327

0.003099580790034691
  0.3973651561984202

  0.810522703884367   3.440033998560116   -2.85265181386058  0.8341658058173901  0.2111393655216157  -2.443334314724446
  1.432645333453087 -0.1255227796589245 -0.2449180090329137 0.09795669555976867 0.01950963739972075 -0.1794070069807792

 1.844771255486328e-07 -1.497656723274646e-07 -1.081780005893267e-07 -4.988041997836267e-07   -0.03014807784244266    -0.1016545158935344
-6.728959229798208e-09 -5.319717219339498e-08 -9.275178567723375e-08  3.571913343386673e-07   -0.01228721414914943     0.1255886598506064

cov:
0.05345333340384324 0.05542678559397037 0.05663168871480052 0.05726756271188239 0.05821500411220114 0.05930563112310936
0.05542678559397037 0.06007166875549625 0.06291165065077135 0.06440537563750037 0.06663814815687369 0.06920246942603439
0.05663168871480052 0.06291165065077135 0.06675266559311317 0.06877157018853917 0.07179121081595775 0.07525773016990311
0.05726756271188239 0.06440537563750037 0.06877157018853917 0.07106640952729842 0.07449870195524487 0.07843869154973579
0.05821500411220114 0.06663814815687369 0.07179121081595775 0.07449870195524487 0.07855005433364011 0.08319923026561786
0.05930563112310936 0.06920246942603439 0.07525773016990311 0.07843869154973579 0.08319923026561786 0.08866203864279928

cov.inverse():
 1450064.303712566 -3467112.403547046  1860460.862608173 -73068.16363247193  132116.9483371306  97686.02986862481
-3467112.403575928  11852466.31430837 -9676793.391548429 -126383.7215636966  383300.1236223311  1033993.323532163
 1860460.862697853 -9676793.391882954   12496434.4566663  -1984014.57591647  -2468496.72760285 -227048.2895711127
-73068.16371522716 -126383.7211257365 -1984014.576416698  3358198.897199971 -575243.0681377794 -599592.5086180085
 132116.9483749223  383300.1234680062 -2468496.727376313  -575243.068249474   5059610.74182773 -2531202.106888954
 97686.02985279392  1033993.323554154 -227048.2895422634 -599592.5086513158 -2531202.106890655  2226039.889229114

cov*(cov_.inverse()):
                     1                      0  4.729372449219227e-11 -2.182787284255028e-11                      0  -2.91038304567337e-11
-3.001332515850663e-11      0.999999999825377 -1.091393642127514e-11 -3.637978807091713e-11                      0 -5.820766091346741e-11
-3.637978807091713e-12 -1.891748979687691e-10     0.9999999999454303  3.637978807091713e-11  -2.91038304567337e-11  -2.91038304567337e-11
-8.185452315956354e-12   2.91038304567337e-11 -8.731149137020111e-11      1.000000000007276   2.91038304567337e-11                      0
-3.274180926382542e-11 -8.731149137020111e-11 -8.003553375601768e-11 -3.637978807091713e-11                      1  -2.91038304567337e-11
-1.091393642127514e-11  -1.01863406598568e-10 -6.912159733474255e-11                      0                      0      1.000000000029104
