6
2

0.0002283509202568175
 0.000360214292345674
0.0004197888909609605
0.0006916815232513066
   0.1141154148735392
   0.7007499128631901

   0.2245708525328125   -0.7022803983546984    0.6445974637024179   -0.1501820137064264   -0.1036594865786519   0.08697331584570084
  0.04106430518151738  -0.06979281837571021 -0.001832318866139014   -0.4103334741888488    0.8237432437608248   -0.3827699521503886
   -0.306720632054422     0.402166377808177    0.3127726607767257   -0.6916065483814809   -0.1111007668554792    0.3945819597287911
   0.6075001334132037   -0.1629041462700764   -0.5323111007554407    -0.348133081970142  -0.01101878502653115    0.4469146033170077
  -0.6079772052880821   -0.4286302551626393   -0.2379947390256864    0.1576875772689587    0.3123682714584607     0.517261072734552
   0.3392807313388344    0.3604604730588651    0.3829718152491869    0.4297559425628263    0.4479542924979753    0.4721612045622578

0.3998433649942749
 0.398729783293785
0.3975045867182562
0.3949818398762633
0.3939753932987656
0.3926234066927317

0.01543933152097563
 0.4020374471275668

 -0.1061623702543185    1.026669362348243    1.267630314749993    1.562960504506494 -0.01585567077868291   -3.735401377462457
   1.240729548441621   0.4655267704303576  -0.8152277918839764   0.9593612587986682  -0.6640690104303495    -0.18525330441612

-2.532665345353474e-08  9.044747325221331e-08 -3.015487721356828e-07 -1.492616206155559e-06    -0.0308352795032165    -0.1372982456313636
-3.468348090143993e-08 -1.102675670055232e-07 -1.958078702702247e-07  3.360451989188098e-07   -0.01187419191389521     0.1492300206815661

cov:
0.06133923172680401 0.06344764698104041 0.06568872468853178 0.07035051444159794 0.07215785505421719 0.07456873047203198
0.06344764698104041 0.06619562471368713 0.06911611860218626 0.07518845115825347 0.07754624777558397 0.08068731555757619
0.06568872468853178 0.06911611860218626 0.07275887549717491 0.08033058176730387 0.08327348973089309 0.08719070962906932
0.07035051444159794 0.07518845115825347 0.08033058176730387 0.09101615972000322 0.09517402862811211  0.1007031218183005
0.07215785505421719 0.07754624777558397 0.08327348973089309 0.09517402862811211 0.09980640881232572  0.1059644714004507
0.07456873047203198 0.08068731555757619 0.08719070962906932  0.1007031218183005  0.1059644714004507  0.1129573043640553

cov.inverse():
 2285448.370061022 -3953438.168051609  1555223.755151782 -14959.25127419907 -6369.426805021953  134118.3111409756
-3953438.167926291    10469181.321952 -7785436.409903375  783558.5802637587  703207.0809474257 -217173.2791982587
  1555223.75491092 -7785436.409520277  9115840.020730527 -2690901.075805977 -1477989.300560348  1283625.150899143
-14959.25115009058  783558.5800454546  -2690901.07574395  4697795.211015889 -1862392.146931342  -913809.127322242
-6369.426713526829  703207.0806066374 -1477989.300223379 -1862392.147028942  5505895.110569522 -2861953.542383888
 134118.3110409122 -217173.2788969407  1283625.150642388  -913809.127256813 -2861953.542393827  2575236.162958748

cov*(cov_.inverse()):
     0.999999999996362 -7.275957614183426e-12  4.365574568510056e-11  -2.91038304567337e-11  -2.91038304567337e-11   2.91038304567337e-11
 3.274180926382542e-11     0.9999999999054126 -1.164153218269348e-10   2.91038304567337e-11                      0                      0
 5.456968210637569e-11 -2.328306436538696e-10      1.000000000087311 -1.455191522836685e-11  -2.91038304567337e-11  5.820766091346741e-11
 4.729372449219227e-11  -2.91038304567337e-11 -1.309672370553017e-10     0.9999999999854481  5.820766091346741e-11                      0
 1.818989403545856e-11  5.093170329928398e-11 -5.820766091346741e-11                      0      1.000000000058208                      0
  -1.2732925824821e-11 -4.001776687800884e-11  -2.91038304567337e-11                      0                      0                      1
