5
2

0.0002697289448074441
0.0003833837717189851
0.0006538448255135905
   0.1154864253055854
   0.5742769673481669

   0.5056257792453286   -0.7861490077745441    0.3497101179747659 -0.006080986756882399  -0.06307268762143931
 -0.05480039745849703   0.07329794777164979    0.3162444953961582   -0.8137503792861941    0.4789823239265301
    0.435907161974493  -0.09449031184525267   -0.7585060295480779  -0.05485992015780932    0.4719274514225877
  -0.6370497530048131   -0.4548287742690051 0.0006908730100728289    0.3173179875129382    0.5353570918449518
   0.3814341963390208    0.4009981489881291    0.4498448380846429     0.483810940112618    0.5072228644760072

0.3963643410737379
 0.396231373162295
0.3958011719529498
0.3955116979778874
 0.395269281554806

0.002612051506991868
  0.3969026648384661

-0.02121368083156421    3.508520397800828   -2.253638391368304    1.108363521151289   -2.342117751289051
   1.478955353090247 -0.08526384799331982  -0.3358050908780796   0.1170590374028837  -0.1746761969597788

-2.485326498108575e-07 -3.642440216674788e-07  8.657803342543121e-08   -0.03315585982683526   -0.08795815116976176
 5.148772821871378e-08 -5.473903546112868e-08  3.499611967672046e-07   -0.01280348170724187      0.114408188027726

cov:
0.05339514225965245 0.05430781354829379 0.05658210573056068 0.05816479691918663 0.05925743048009929
0.05430781354829379 0.05578980902508571 0.05948636242520061 0.06205755758047372 0.06383105775791142
0.05658210573056068 0.05948636242520061 0.06673752167149127 0.07177922934047176 0.07525442905639405
0.05816479691918663 0.06205755758047372 0.07177922934047176 0.07853890978457277 0.08319706644677333
0.05925743048009929 0.06383105775791142 0.07525442905639405 0.08319706644677333 0.08867041416554365

cov.inverse():
 3978941.004602171 -5587252.384472086  1539119.911580763  205180.8360668841 -135756.9406193261
-5587252.384522855   8552281.85001364  -3453481.63360772 -327979.3665787558  816075.2766271447
 1539119.911650302 -3453481.633675986  3707161.320558242 -1682736.233231976   -109918.24073207
 205180.8361269329 -327979.3666843557 -1682736.233168078  4512765.479811125 -2707089.128841182
-135756.9406981369  816075.2767502335 -109918.2407946956 -2707089.128822839  2136545.427415858

cov*(cov_.inverse()):
    0.9999999999472493  8.003553375601768e-11 -2.819433575496078e-11   2.91038304567337e-11                      0
 -2.91038304567337e-11      1.000000000080036 -1.818989403545856e-11                      0                      0
 5.456968210637569e-12  2.182787284255028e-11      1.000000000001819                      0                      0
-9.094947017729282e-12  4.365574568510056e-11  3.456079866737127e-11     0.9999999999708962                      0
 1.091393642127514e-11  4.365574568510056e-11  2.000888343900442e-11                      0                      1
