6
2

0.0002354831246398196
0.0004098767248116268
0.0005489085043038254
0.0008463785050821895
   0.1117637992519733
   0.6309760697051184

  0.2728662632219556  -0.7210144129138847   0.6225223479226433 -0.05748154353253753   -0.121739510015161 0.004848603613241833
 -0.2437392779635829    0.292906449285792   0.2914193938437067   -0.080215080380018  -0.7341484764435913   0.4737755467006806
 -0.4084654490937388   0.2957665995797541   0.5451188968592298  -0.5020408063800299   0.3462863741391695  -0.2767024748199651
  0.4643448274731101  0.02575813524873288  -0.2267386793862474  -0.7546871561455357    0.100681584676751    0.390666719587935
 -0.5972566761804132  -0.4085122857525926  -0.1469305642177787 0.008042387182714498   0.3486216773540959   0.5772450350873387
  0.3563137488599352   0.3732564504036953   0.3967203449338697   0.4106081564209375   0.4411546190488828   0.4616455853719373

0.4002613010705536
 0.400098198576968
0.3999170674858526
0.3997197838402176
0.3993398248664103
0.3990655157932146

0.003026012622986797
  0.4008392951445069

 0.02278688744711908    1.068562174690907    1.756531155767392   0.4666061270963482  -0.2122296207021476   -3.102502217529389
   1.447198427579375  -0.2333029254441223  0.03394823338414774  0.03445512968450576 -0.02742975130628286  -0.2548510436541507

 1.736886037416614e-08 -8.940710535866551e-08  5.468539138179564e-07 -1.393830775474971e-06   -0.03209422466590235    -0.0917578412259695
 3.240427419135456e-08 -8.644390986277224e-08  -1.80149543145405e-07  3.796445867544391e-07   -0.01162209837191434      0.129965327503178

cov:
0.05500248743241683 0.05599758807473012 0.05737455989386251 0.05818847233623711 0.05998111867736032  0.0611824555890496
0.05599758807473012 0.05755235476239896 0.05970437219311613 0.06097728077222626 0.06377879269079562 0.06565723840257648
0.05737455989386251 0.05970437219311613 0.06293045345269029 0.06483943129199234 0.06903903120659545 0.07185582392371173
0.05818847233623711 0.06097728077222626 0.06483943129199234 0.06712577111504067 0.07215300951900777  0.0755256736624727
0.05998111867736032 0.06377879269079562 0.06903903120659545 0.07215300951900777 0.07900145262377008 0.08359581811205603
 0.0611824555890496 0.06565723840257648 0.07185582392371173  0.0755256736624727 0.08359581811205603 0.08901066908578834

cov.inverse():
 2551094.712735863  -4357129.92522762  1754497.936369054  24940.50715613382  61876.74353832164 -35190.17595102853
-4357129.925334633   10176893.1611375 -7059250.973258923  87588.16878513513  646455.0463380655  505393.4453061935
  1754497.93659535  -7059250.97362974  8552121.357714213 -1453879.151833673 -2045534.018969479  251992.2383070381
 24940.50704522627  87588.16905806676 -1453879.152026897  1729478.234206576 -206335.2805263808 -181756.5996927064
 61876.74355901615  646455.0462834527 -2045534.018924777 -206335.2805313799  3887614.328356029  -2344116.53428717
-35190.17598010875  505393.4453516995  251992.2383110264 -181756.5997189062 -2344116.534281385  1803714.141943834

cov*(cov_.inverse()):
    0.9999999999877218  9.458744898438454e-11 -7.275957614183426e-11  1.091393642127514e-11                      0                      0
 6.366462912410498e-12     0.9999999999854481  1.455191522836685e-11  1.818989403545856e-12  -2.91038304567337e-11                      0
 6.821210263296962e-12  6.548361852765083e-11     0.9999999999417923  1.091393642127514e-11   2.91038304567337e-11 -1.455191522836685e-11
-1.409716787748039e-11  1.091393642127514e-10 -1.091393642127514e-10     0.9999999999890861  -2.91038304567337e-11                      0
 3.501554601825774e-11 -5.093170329928398e-11  1.127773430198431e-10 -1.455191522836685e-11     0.9999999999708962                      0
 1.455191522836685e-11 -2.182787284255028e-11 -7.275957614183426e-12  1.818989403545856e-12                      0      1.000000000029104
