5
2

 0.000334627047323191
0.0005376955665368907
0.0007084398409830394
  0.06785565047256574
   0.5815677437856808

  -0.4382944009317181    0.8624148751160228   -0.1827871769136954    -0.149015191407222  -0.09231425662546033
  -0.1625377000719256   -0.0163181307610842  -0.05404615744771253    0.8032175637106607   -0.5702944615509089
   0.3155411194966127   0.04443251004006016   -0.8736697691692173    0.2167878942010829    0.2969237230772081
  -0.7202574015621868   -0.2593047954090477 -0.008345368933819954     0.264749535538353    0.5863687720388462
   0.4039091377636152    0.4321586247160766    0.4475481539211431    0.4642700835038444    0.4839940815750468

0.4001246604273749
0.4001125028989191
0.4000421853709488
0.3999767604808251
0.3998898667633862

0.001117621797494732
  0.4004783937671321

   3.046765864891308 -0.03201279490848774   0.2127553009516884   0.1871903392401697   -3.414550029250857
   2.404685505010491   -1.209736293415709   0.0204538094538094  0.05028781152451786  -0.2657467039338447

-1.248031721474011e-07  4.601182492595926e-07 -9.997623308962177e-08   -0.01906473666249166   -0.08581172451701632
-2.333513933987794e-07 -5.211930703116906e-08  3.107438176444342e-07  -0.007187381250182466     0.1191748337246905

cov:
0.05756695858187101 0.05989734533422137 0.06116735718905725 0.06254620320100319 0.06417418375154646
0.05989734533422137 0.06347620455695153 0.06542586545974818 0.06754399317660606   0.070042973710121
0.06116735718905725 0.06542586545974818 0.06774616296640328 0.07026637883555577 0.07323963125336566
0.06254620320100319 0.06754399317660606 0.07026637883555577 0.07322537761648418 0.07671430223139281
0.06417418375154646   0.070042973710121 0.07323963125336566 0.07671430223139281 0.08081162917010329

cov.inverse():
 2005448.722879434 -3338520.667323493  196568.3806260602  267973.2290943267  868537.1920684426
-3338520.667311901  6647046.063101687 -1482091.793613253 -1173846.856645478 -652546.3654796445
 196568.3806343321 -1482091.793620564  1829341.508845495 -284276.8652477233 -259575.2027740783
 267973.2290485432 -1173846.856584857 -284276.8652333321  2523446.362732733 -1333240.450468117
 868537.1920943602 -652546.3655213605 -259575.2027875074 -1333240.450438889  1376774.935781828

cov*(cov_.inverse()):
    0.9999999999636202  7.275957614183426e-12  1.091393642127514e-11  1.455191522836685e-11                      0
-3.637978807091713e-11      1.000000000065484  1.091393642127514e-11                      0                      0
 -2.91038304567337e-11  7.275957614183426e-11      0.999999999996362  -2.91038304567337e-11  1.455191522836685e-11
 -2.91038304567337e-11 -2.182787284255028e-11  7.275957614183426e-12                      1  1.455191522836685e-11
-1.455191522836685e-11                      0 -7.275957614183426e-12                      0      1.000000000014552
