6
2

0.0001250105520127023
0.0002397459215225921
 0.000514546767189129
0.0007391926466439697
  0.09319347997226601
   0.6425650535415263

-0.03253328606190531   0.2288033598576249  -0.7481682176329113   0.6200072213540248 -0.02664745833167344 -0.04142323470217685
  0.3399939507294814  -0.7858094215984317   0.1489759489702017   0.4777931243351738 -0.09575133763371967 -0.08520120129618206
 -0.3293521525562672   0.2218677764199125   0.3910150707596093   0.3482330665357638  -0.7451714605136852   0.1134120348062494
  0.5424021890187699   -0.015128183385131  -0.3007316085463148  -0.3120712130843383  -0.4642019760797573   0.5497813987431516
 -0.5904744966344648  -0.3684719596143907  -0.1211898570676116  0.01262873435505379   0.1970172778838012    0.679636674724065
  0.3633353719965186   0.3806925508555186   0.4000390197922645   0.4104760409703003   0.4249021138575587   0.4625980817639012

0.3985319637727796
0.3982599255188923
0.3979222319804495
0.3978067956730064
 0.397538263762643
0.3968174592520919

0.004309713640191447
  0.3992988795692534

 0.09887381063594379    2.012467220886842  -0.1536921790687273     1.25589179812387  0.07118954014928798   -3.284913398418729
   1.527786413294878  -0.2426173056921024  -0.2633952760295882   0.2890725172546904 -0.02275239037118879  -0.2878173778501215

 2.320808774376177e-08 -4.009541131659943e-08  9.679229773583861e-08 -1.181085460926628e-06   -0.02591573156065389     -0.096310600755555
 4.432061858687624e-09  4.803257791566625e-08 -1.522421929884075e-07  3.680972791722804e-07  -0.008487385186784742     0.1375806334613277

cov:
0.05753497726078788 0.05900012975866881 0.06063422452802256 0.06151370635746865 0.06273231181780076 0.06591258193765663
0.05900012975866881 0.06101804101347905 0.06326761546445016 0.06447989209590943 0.06615732383179358 0.07053809890910601
0.06063422452802256 0.06326761546445016 0.06620292173125437 0.06778596116337615 0.06997458390407227 0.07569285200619233
0.06151370635746865 0.06447989209590943 0.06778596116337615 0.06956953963744189  0.0720346175360492 0.07847622310018554
0.06273231181780076 0.06615732383179358 0.06997458390407227  0.0720346175360492  0.0748812605361848 0.08231994043714862
0.06591258193765663 0.07053809890910601 0.07569285200619233 0.07847622310018554 0.08231994043714862 0.09236901683290707

cov.inverse():
 3027029.534129144 -5415519.775765044  1653810.330055946  792541.9333475367 -44754.17649563039 -13121.49510574889
 -5415519.77523183  14279416.31232465 -12654603.64960552  2845822.367917193  307306.1546895339  638138.6160250055
 1653810.327670183 -12654603.64373042  36947442.45304859 -27758214.78707449  182523.9155012123  1627190.425248066
 792541.9353624447  2845822.361596025 -27758214.78091944  29205989.45545536 -2568139.878885516 -2516488.445792629
-44754.17647940528  307306.1550798574   182523.913475088 -2568139.877097031  2696628.299030206 -573688.5487697168
-13121.49528421698  638138.6166136537  1627190.424608588 -2516488.445732114 -573688.5486009107  837906.7059626981

cov*(cov_.inverse()):
    0.9999999999804459  9.458744898438454e-11 -4.365574568510056e-10 -2.619344741106033e-10 -7.275957614183426e-12                      0
-4.047251422889531e-11      1.000000000101863  -4.94765117764473e-10  -2.91038304567337e-10  -2.91038304567337e-11  1.455191522836685e-11
  1.55750967678614e-11   2.91038304567337e-11      1.000000000349246 -7.566995918750763e-10 -7.275957614183426e-12  3.637978807091713e-11
 3.410605131648481e-11 -1.746229827404022e-10  4.220055416226387e-10     0.9999999994179234 -5.093170329928398e-11  1.455191522836685e-11
 2.728484105318785e-12  8.003553375601768e-11 -2.037268131971359e-10 -1.455191522836685e-10     0.9999999999781721                      0
 2.592059900052845e-11   2.91038304567337e-11 -5.820766091346741e-11  5.820766091346741e-11 -2.182787284255028e-11                      1
