6
2

0.0002061193195890761
0.0004284993936174903
0.0005293459703517414
0.0007150997011824556
   0.1099511422551641
   0.6412838718878068

 -0.2772787924016814   0.7553790173343226  -0.5888485182517852    0.041270900984706  0.06354002538322136 0.005984305656079632
  -0.239289108538206   0.2314628588563709   0.3301953110077704 -0.07053465959683963   -0.735614413007918   0.4837695952249194
 -0.3920550935040238   0.2501050953166811   0.5039940423114286  -0.5960355715846543   0.3881848672865001  -0.1542217769456947
  0.4692557789318631 -0.04411008345425885  -0.3115056851580154  -0.6670303012756076  0.07334980234927399   0.4801123892032352
  -0.605766260623059  -0.4165964064253287   -0.199951370040245   0.1240720454315473   0.3240064107441434   0.5469370115492435
  0.3535480857063348   0.3711827866817956   0.3914104523246774   0.4215920737583043   0.4402116100821262    0.460975931550215

0.3999724611585586
0.3998960686109324
0.3997677383101066
0.3996171244596948
0.3994715809477994
0.3993013618054871

0.001832018395763521
  0.4004015312148286

  0.2376539388289881    2.339277883729234   -0.373134147098003   0.7772573720193956 -0.06155801999358494   -2.919386359938878
   1.462587173721856 -0.06081572070473371  -0.2367965163904418  0.08030427182923686 0.003267479538631768  -0.2483870258780713

 8.206269374535899e-08 -1.947147634923664e-07  7.478687306213303e-08 -9.204794945693942e-07   -0.03099827958027098   -0.09824917909151298
-1.317085533137506e-08 -1.047462307825201e-07 -2.007006830081521e-07  3.018061450106575e-07    -0.0113413208446451      0.132680017474213

cov:
0.05584043741362946 0.05701886573076056  0.0583732359106207 0.06038862661109016 0.06163173869521708 0.06301828990777361
0.05701886573076056 0.05875813720183525 0.06075471792502215 0.06372989605311929 0.06556520101135409 0.06761206234213731
 0.0583732359106207 0.06075471792502215 0.06348710619267806 0.06756192025347178 0.07007571122813587 0.07287910466687265
0.06038862661109016 0.06372989605311929 0.06756192025347178 0.07328106483091905 0.07680875695969432 0.08074314401781967
0.06163173869521708 0.06556520101135409 0.07007571122813587 0.07680875695969432 0.08096290823431603 0.08559498315538831
0.06301828990777361 0.06761206234213731 0.07287910466687265 0.08074314401781967 0.08559498315538831 0.09100562182489759

cov.inverse():
 3100696.310562715 -5622012.954010392  2421776.830182218    44414.093909412  68145.14455766996 -13192.94153718717
-5622012.953683311  13949348.72553716 -9576648.340948308  170401.5047502736  542552.5703239531  537158.3752529793
 2421776.829691012 -9576648.340293763  9851566.615447139 -1364593.842288871 -1550030.443440327  217171.0076969964
  44414.0940727392  170401.5043796222 -1364593.842041264  2205108.504425257 -577080.5712040509 -478233.2218072814
 68145.14447995779  542552.5705251796 -1550030.443620811 -577080.5711319305  3590466.391907993 -2073973.724272985
-13192.94145864698  537158.3750948998  217171.0077932075 -478233.2218390991 -2073973.724257845   1811125.28050464

cov*(cov_.inverse()):
     1.000000000078671 -4.365574568510056e-11  2.255546860396862e-10 -1.455191522836685e-11   2.91038304567337e-11                      0
 6.821210263296962e-13      1.000000000014552  1.164153218269348e-10  1.455191522836685e-11  -2.91038304567337e-11  1.455191522836685e-11
-5.013589543523267e-11  1.891748979687691e-10      1.000000000050932  7.275957614183426e-12  5.820766091346741e-11                      0
 3.569766704458743e-11  5.820766091346741e-11  1.382431946694851e-10     0.9999999999781721   2.91038304567337e-11   2.91038304567337e-11
 3.205968823749572e-11  7.275957614183426e-11  1.600710675120354e-10 -1.455191522836685e-11                      1   2.91038304567337e-11
  2.41016095969826e-11  2.182787284255028e-11  1.091393642127514e-10 -7.275957614183426e-12                      0                      1
