5
2

0.0001302536892523651
0.0001931362180561856
 0.001394075107775043
  0.04346613951262747
   0.5523019414494867

   -0.1663827503239611     0.6195918279313267    -0.7192259157326498     0.2667139707353039 -0.0006979315801700538
   -0.5629858690199486     0.5483525177035402     0.4424398923934805     -0.431956151665129   0.004153585142958139
    0.3497245644273926    0.05150086780774543    -0.2899896107996448    -0.6819703323314407     0.5708440076755946
   -0.5902867968413268    -0.3490795841690145   -0.06683555269800857     0.2642323255392174      0.674847559399071
    0.4296718726998135     0.4369285841191248     0.4454212144489743     0.4553847656796841        0.4676538795904

0.4001909458298872
 0.400242759686372
0.4003058223535974
0.4003782855898015
0.4004871103157507

-0.001554614611155531
   0.3999092676922413

  -1.836398188877619    7.756515191282402    10.53643098545736   -16.01340734233001  -0.4432195727924441
   2.337020284573388   0.3831624803602589  -0.3164989456122345   -1.368080022845988 -0.03565330694086474

-1.143059699301911e-07  6.290600215697398e-07  1.432209979689853e-05   -0.01295725841986888   -0.06295687931582787
-4.897453903772043e-09 -2.442622647165151e-08  3.578787702652129e-06  -0.003547481553161231      0.119243699436308

cov:
0.05697393282659512 0.05765581076251374 0.05845391223483123 0.05939032677901795 0.06054130239686654
0.05765581076251374 0.05846390284175348 0.05940960158612818 0.06051914750653449 0.06188369319094914
0.05845391223483123 0.05940960158612818 0.06052806380860885 0.06184020254924757 0.06345466371029186
0.05939032677901795 0.06051914750653449 0.06184020254924757 0.06339004577555464 0.06529765785436337
0.06054130239686654 0.06188369319094914 0.06345466371029186 0.06529765785436337 0.06757279227351992

cov.inverse():
 10191841.67280292 -14343027.89140716  323496.8406628013  3781012.172521409  46668.87723195372
-14343027.88810697  30689716.44172213 -19769398.44026737  3372182.762219372   50574.8793409829
  323496.834525102 -19769398.43162701  35780640.10619878 -16328320.09452919 -6348.102028583024
 3781012.175378143  3372182.756780972 -16328320.09189418  9434311.425364032 -259289.3256372941
 46668.87721270667  50574.87943927172 -6348.102160989903 -259289.3255839293  168405.7598032068

cov*(cov_.inverse()):
     1.000000000013642  1.923581294249743e-10 -9.964651326299645e-11  4.547473508864641e-11                      0
-1.305124897044152e-10      1.000000000230557 -3.227569322916679e-10  1.437001628801227e-10 -1.818989403545856e-12
-1.350599632132798e-10  5.138645065017045e-11       1.00000000036249  2.182787284255028e-11  1.818989403545856e-12
 4.456524038687348e-11 -8.321876521222293e-11  1.751914169290103e-10      1.000000000007276                      0
-1.491571310907602e-10  1.673470251262188e-10 -6.224354365258478e-11  7.275957614183426e-12      1.000000000001819
