6
2

0.0003872276492220025
0.0004631726836368703
0.0006671166363829559
0.0008237930523876789
   0.1022706612094498
   0.6463357957878174

  0.2164219571241416  -0.6810732063793842    0.140327270656956   0.1509988721452083    0.551318213860553  -0.3779638194498454
 -0.2029800464066327   0.5064739160091567  -0.2773730861596831  -0.3287296919555157   0.6368261045386974  -0.3342704689951894
 -0.1683512934398993   0.1396956791976477  -0.4267702230960398   0.8241983254961878 -0.07790003056105736  -0.2909275534854767
   0.477458150165983  -0.1585315095179046   -0.743487296710958  -0.1041602308525048   0.1168507924712133   0.4118551366282651
 -0.7329035929349118  -0.2966998543328154 -0.07887090008598202  0.07409555403743821   0.2849573261570066   0.5309520431855829
   0.344244851138845   0.3833347546164095   0.4027972512466271   0.4165258043238447   0.4354050291975999   0.4574199794909971

0.4004035240416814
0.4003286097108512
0.4003271617095849
 0.400268020954461
0.4001886693648736
0.4000807256980209

0.00108670013420384
 0.4007288090430045

  0.8802956161925273    1.557019908770448   0.2619090810343162   0.5069005711139188  -0.1934232008478708   -3.012800922449436
   1.424105735921238  -0.2847962946814746  0.04903549184490565  0.05362399414270752 0.005962570457749367  -0.2478121182086281

 4.130349482229395e-08  2.691353789290337e-07  5.638252887268639e-07 -9.076719586567195e-07   -0.02871082429591965    -0.1026838872409766
 9.208203079418167e-08 -8.107101529186609e-08 -8.217038689775464e-08  3.947561129379976e-07   -0.01139021329511082     0.1305041717008127

cov:
0.05512362307525762 0.05740100029086465 0.05852998152178368 0.05933178976430976 0.06043049612336292 0.06171084241741444
0.05740100029086465 0.06230738099022951 0.06474794457169482 0.06647171491119676 0.06884062102063407 0.07160260942566066
0.05852998152178368 0.06474794457169482 0.06784364264977281 0.07002698213436148 0.07302982552354931 0.07653124954881189
0.05933178976430976 0.06647171491119676 0.07002698213436148 0.07253476482891182 0.07598282818215994 0.08000410073117387
0.06043049612336292 0.06884062102063407 0.07302982552354931 0.07598282818215994 0.08004545552670737 0.08478276082416049
0.06171084241741444 0.07160260942566066 0.07653124954881189 0.08000410073117387 0.08478276082416049 0.09035587014379733

cov.inverse():
 904077.6581026589 -1626587.455118692  103339.9121076012  143910.7630068316  304855.6852901564  170523.7511978504
-1626587.455123627  4370142.087415221 -1252503.088080136 -1178906.171168415 -1052463.682330376  740054.1449651938
 103339.9121077301 -1252503.088045003  1713737.310446983 -109900.0960055445  -360741.038874763 -93763.49093493074
  143910.763014553 -1178906.171201677 -109900.0959508092  2198141.423224799 -582836.2609555866 -470397.3863459215
 304855.6852921037 -1052463.682381053 -360741.0388575513 -582836.2608921446  3951257.974580843 -2260119.472767351
 170523.7511929873   740054.145009069 -93763.49097161648 -470397.3863801743 -2260119.472735428  1913730.155974379

cov*(cov_.inverse()):
     1.000000000003638 -7.275957614183426e-12 -2.273736754432321e-11  7.275957614183426e-12  5.820766091346741e-11  1.455191522836685e-11
 5.456968210637569e-12                      1 -2.728484105318785e-12  7.275957614183426e-12   2.91038304567337e-11  -2.91038304567337e-11
-3.637978807091713e-12   2.91038304567337e-11     0.9999999999854481                      0   2.91038304567337e-11   2.91038304567337e-11
 2.182787284255028e-11  2.182787284255028e-11 -2.728484105318785e-12      1.000000000029104   2.91038304567337e-11                      0
                     0                      0 -1.728039933368564e-11  1.455191522836685e-11      1.000000000058208                      0
                     0  1.455191522836685e-11 -1.455191522836685e-11 -7.275957614183426e-12   2.91038304567337e-11                      1
