5
2

0.0001716132067555676
0.0005840565708369162
0.0008134409143324122
  0.08275912292188006
   0.5659842700870032

 -0.0886788452006428   0.6913208956078917  -0.7121718187369154  0.03214706930847446  0.07739087957643069
 -0.3353839425411691   0.4864094261339258   0.4856635629584203  -0.6442037481201526  0.00747768520913264
  0.4849826861424071  -0.2177615357537679  -0.2375468249654213  -0.5895000133554882   0.5598508264627137
 -0.6951403034786912  -0.2246012746119348 -0.05231602522799463   0.1605556613017968   0.6616790302333403
  0.4015288608818437   0.4331460151644275   0.4447209728185507   0.4589985955541103   0.4926486060477411

0.4009627665313421
0.4011104480886263
0.4010997946739839
0.4010767382412175
0.4010598173611389

0.0001909461124361128
   0.4011771303312257

  0.5838050880141616    4.531579103118795   -1.861848469771095  0.04665910528547648   -3.300462524912008
   1.395029102068681  0.06696531067821884  -0.1990504419784925 0.002296044825292165  -0.2652687642138726

 1.223114021111898e-07  3.579851705632923e-07 -1.413801104857689e-06   -0.02398939558389349   -0.07537712692004771
 1.292534601704538e-09 -1.826476988564105e-07  3.701484319557869e-07  -0.007873159812428282     0.1188447946832754

cov:
0.05495646512651873 0.05678263347144456 0.05745119865773368 0.05827417647906977 0.06021682267496582
0.05678263347144456 0.06044603360467934 0.06178704212201341 0.06344052380505208 0.06733863100571545
0.05745119865773368 0.06178704212201341 0.06337432329508649 0.06533190646436825 0.06994609013509928
0.05827417647906977 0.06344052380505208 0.06533190646436825 0.06766568579350472 0.07316388023325518
0.06021682267496582 0.06733863100571545 0.06994609013509928 0.07316388023325518 0.08074579085221946

cov.inverse():
 952298.1667093078 -2719417.177386345  1492790.089059274   104481.175333086  169895.9358077116
-2719417.177207496  16992986.37425248 -15946489.58770115  30028.68738692849  1643030.604446705
 1492790.088824069 -15946489.58733938  17998119.69886947 -1482901.435915893 -2061774.066717393
 104481.1753518919  30028.68735573238 -1482901.435912909  1776852.026043347 -428404.3300486105
 169895.9358452626  1643030.604294971 -2061774.066593803  -428404.330058017  677282.7683406303

cov*(cov_.inverse()):
    0.9999999999672582  8.731149137020111e-11                      0  1.818989403545856e-11                      0
-5.093170329928398e-11      1.000000000174623 -1.746229827404022e-10  1.091393642127514e-11  7.275957614183426e-12
-2.182787284255028e-11  7.275957614183426e-11     0.9999999999708962   2.91038304567337e-11  2.182787284255028e-11
-7.275957614183426e-12  1.455191522836685e-11  -2.91038304567337e-11      1.000000000003638                      0
-3.637978807091713e-12  5.820766091346741e-11                      0                      0      1.000000000007276
