7
2

0.0001160834606009757
0.0001396502088225763
0.0002816653407397863
0.0005829449102430022
0.0006923128237444849
  0.08148192572360849
   0.6495711879068411

-0.01130754116380229   0.1922426533119199  -0.5794153366574047   0.7109115539589305  -0.3479052996310229 0.009666992723927164   0.0258066579516047
-0.06706637868610792    0.557595321335176  -0.5510754968276551  -0.3527610058240218   0.5018884736489383 -0.02628250035868474 -0.06230744926945312
  0.2818233217368898  -0.6067593721910868  -0.2449274901845574   0.2740838187312303   0.6070514638696473  -0.1422929412166603  -0.1689630241759799
   -0.27973711676094   0.1571427555915607   0.2176897777139191   0.2163151660267286   0.1769911755780747  -0.8152746782674555   0.3269151759102777
  0.6051754756263653  -0.1185398863901929  -0.2728162516025656  -0.3227437567912039   -0.253530136249966  -0.2131780220716943   0.5756703051812744
 -0.5911890640663778  -0.3382038112115613  -0.2079648001344208 -0.05368435387444515   0.1229527551632503   0.3358604148162186   0.6017164668028224
  0.3492207545707222   0.3617262997248855   0.3681538869001306   0.3757721411648839   0.3844965493980871   0.3950298848789258   0.4081308070981515

0.3833963240754015
0.3816338081160526
0.3808230289152179
0.3797169125863729
0.3784546444953143
0.3769380529721226
0.3750196941251146

0.02582396099592877
 0.3869396512662959

  0.9131506135485464   -2.767021726320517    2.672917811433189    6.219894814539437   -1.887280547392852  -0.8395403311974317   -4.312091358101016
    1.57543787188205  -0.5861947336031392 -0.05182203705833424   0.7224051075571075  -0.1560518481597319 -0.09273178635269763  -0.4110131456326059

 3.864734496262084e-08 -1.156030705621867e-07  2.133116289269315e-07  6.042111256539426e-08 -1.764253001940332e-06   -0.02391797593041835   -0.07506311132132548
 6.143079003268908e-09 -1.382843224872968e-08  7.919859592713665e-08 -1.611527239195076e-07  3.003343054034501e-07  -0.007029551623382514     0.1376100508417029

cov:
0.05377875783717936 0.05462820384972656 0.05506407635060347 0.05558106801642058 0.05617333447518606 0.05688984310938906 0.05777689150186948
0.05462820384972656   0.055968949310834 0.05665751458592532 0.05747382793845455 0.05840877182919902 0.05953835648428698 0.06094097501119989
0.05506407635060347 0.05665751458592532 0.05747618419252663 0.05844656541793136 0.05955790418391099 0.06090011930189237 0.06256811828597642
0.05558106801642058 0.05747382793845455 0.05844656541793136 0.05959951278630886 0.06091982485015179  0.0625139563154463 0.06449636770735181
0.05617333447518606 0.05840877182919902 0.05955790418391099 0.06091982485015179 0.06247944490887591 0.06436201952014853 0.06670444942669311
0.05688984310938906 0.05953835648428698 0.06090011930189237  0.0625139563154463 0.06436201952014853 0.06659275372507971 0.06936884550299663
0.05777689150186948 0.06094097501119989 0.06256811828597642 0.06449636770735181 0.06670444942669311 0.06936884550299663 0.07268736105225727

cov.inverse():
 2235686.830334189 -4513232.159526825  987603.2573417606  1004632.282988683  256593.7081569509 -21272.89374313009   50103.0201617683
-4513232.159483576  23427542.96159911 -21980746.35518032  -1860267.66642679  4888209.353248275  150422.8186617965 -112293.3990588879
 987603.2577743005 -21980746.35759318  41536462.90138835 -21123722.27267374 -839085.2388206869   365368.932749643  1054351.127983496
 1004632.281669011 -1860267.660007903 -21123722.27942426  45187864.94745989 -25051928.31123414  118396.9887866392  1725230.028196595
 256593.7091590459  4888209.348530465 -839085.2329064232 -25051928.31372789  26769545.36342393 -2326596.210561235 -3696840.195452253
-21272.89376465089  150422.8188762017  365368.9321510586  118396.9894905466 -2326596.210879823  2348327.448577999 -634785.7168519883
 50103.02002508002  -112293.398518255   1054351.12743797  1725230.028335205  -3696840.19542891  -634785.716872368  1614306.484297563

cov*(cov_.inverse()):
    0.9999999999909051  6.730260793119669e-11  1.746229827404022e-10  2.328306436538696e-10 -1.455191522836685e-10  2.182787284255028e-11  5.820766091346741e-11
-2.273736754432321e-11      1.000000000061846  2.182787284255028e-11 -2.473825588822365e-10  1.164153218269348e-10  7.275957614183426e-12  1.455191522836685e-11
-1.364242052659392e-11  1.919033820740879e-10      1.000000000014552  1.455191522836685e-10 -2.037268131971359e-10  2.182787284255028e-11  1.455191522836685e-11
-1.591615728102624e-11  1.473381416872144e-10  5.675246939063072e-10     0.9999999996944098  1.746229827404022e-10  7.275957614183426e-12                      0
-4.547473508864641e-13  2.182787284255028e-11 -2.328306436538696e-10 -2.037268131971359e-10                      1  3.637978807091713e-11                      0
 -2.91038304567337e-11  1.718944986350834e-10  1.746229827404022e-10 -5.820766091346741e-11 -1.455191522836685e-10     0.9999999999854481   2.91038304567337e-11
-3.819877747446299e-11 -5.638867150992155e-11  7.275957614183426e-11  1.455191522836685e-10                      0                      0      1.000000000014552
