6
2

0.0002614180905963731
0.0004915887339901665
0.0005751110225094799
0.0007876799703233421
  0.09380142109041202
   0.6233856347169152

  0.2748557044238827  -0.7017409917201864   0.6449991517593211 -0.08208585996579651 -0.06784010810257643 -0.06818832628305446
  0.3591359453399348  -0.3806131715496928  -0.5054651233990407   0.2902083723259553   0.5417080927451829  -0.3049449758910034
  0.3064804901977452   -0.205645896383535  -0.3215940170210509   0.4207702984404326  -0.6307176538804983   0.4307021705063203
  0.3965068954605143 -0.03541130911962279  -0.2366547292293056  -0.7393070995410758   0.1494854488326194   0.4654051711440009
 -0.6420472148254907  -0.4185553717765383 -0.07772066098351535   0.1075149466618922   0.3094026966538426   0.5470436738467418
  0.3634598731987994   0.3794211372953604   0.4037479776579731   0.4169639276824769   0.4313575952282839   0.4483255510623715

0.4000754775895454
0.4000415633036356
0.4000403507669997
0.3999627380656216
0.3998927635038501
0.3998041972233774

0.001095448487606621
   0.400402692596857

   1.008233562275938   0.7156402792695787    1.842982476570346  0.04277421560130377 -0.01869483740242127   -3.591064077771005
   1.577080825796992  -0.3594403391118364   0.1050258792649719 -0.02541869565798183  0.01245177281837259  -0.3097519433357596

 8.243596148458682e-08  6.174657689380886e-08 -6.442223966287669e-07 -1.096589012165365e-06   -0.02688674184956205   -0.08476069898243267
  5.30183039574651e-08  1.797784713129747e-07  1.228833626498615e-07   3.03823276152941e-07  -0.009138384770794193     0.1302359557658948

cov:
0.05496373988384815 0.05595538539546866 0.05746592081664326 0.05828617141231303 0.05917882368684121 0.06023307984606597
0.05595538539546866 0.05748591688449358  0.0598175811562615 0.06108397613185906  0.0624628020222933 0.06408949879088918
0.05746592081664326  0.0598175811562615 0.06340151081560758 0.06534829197593375 0.06746855566777991 0.06996826945150803
0.05828617141231303 0.06108397613185906 0.06534829197593375 0.06766537962483073 0.07018812272969209 0.07316229592133838
0.05917882368684121  0.0624628020222933 0.06746855566777991 0.07018812272969209 0.07315087170299507 0.07664184287940265
0.06023307984606597 0.06408949879088918 0.06996826945150803 0.07316229592133838 0.07664184287940265 0.08074219844954235

cov.inverse():
 2176602.246310292 -3601138.983816952  1393723.708500827  18555.60255781488  43275.33085586499 -30950.01083255614
-3601138.983934866  7935170.413858728 -5613582.842888637  166394.7378079692  227028.1304554923   886099.217933748
 1393723.708728933 -5613582.843198875  7547822.150149868  -1508877.58285031 -1217113.753910897  -602037.425008079
 18555.60251971577  166394.7378710065 -1508877.582869308  1863344.623143086 -248471.9281749116 -290944.3617590131
 43275.33080575288  227028.1305645142 -1217113.753994963 -248471.9281593556  2520399.998999989 -1325040.790284723
-30950.01085454075  886099.2179540229 -602037.4249871571 -290944.3617686268 -1325040.790294322  1362841.291823672

cov*(cov_.inverse()):
    0.9999999999909051  7.275957614183426e-12   2.91038304567337e-11  1.091393642127514e-11  -2.91038304567337e-11                      0
 3.501554601825774e-11     0.9999999999272404  6.548361852765083e-11  3.637978807091713e-12 -4.365574568510056e-11 -1.455191522836685e-11
 3.001332515850663e-11 -2.182787284255028e-11      1.000000000065484                      0  -2.91038304567337e-11                      0
  7.73070496506989e-12  1.455191522836685e-11  7.275957614183426e-12      1.000000000014552  -2.91038304567337e-11 -1.455191522836685e-11
 5.002220859751105e-12  1.455191522836685e-11  7.275957614183426e-12  7.275957614183426e-12     0.9999999999854481  1.455191522836685e-11
-8.640199666842818e-12                      0  1.455191522836685e-11                      0                      0     0.9999999999854481
