5
2

0.0002731824334701971
0.0004388206720473118
 0.000715628596033721
  0.08796779064568627
    0.592423674434709

  0.5329288932861298  -0.8159960306938457    0.098640818098023   0.2003835268495262 -0.01592808102086415
  0.1773738038932381 -0.07535313518925747     0.11135457542999  -0.7877428409640846   0.5743882082270075
   0.357977335457943   0.1525923001837376   -0.879115887461249   0.1216970912884892   0.2468053719192707
 -0.6328005612401884  -0.3611195142394792  -0.1087378037434837   0.3135747091813517   0.5991687057318832
  0.3948936633902834   0.4180677807115928   0.4395469189813802   0.4755716333118808   0.4999084445657338

0.4006386844602458
0.4006217686928728
0.4006790793810049
0.4006185860366152
0.4005677275488654

0.000524720519589418
  0.4008597425158258

    2.098031512909379    0.3652749789383202    0.3584902810976205  -0.01085613799513904    -2.810790519824106
    2.596838181744225    -1.400034960222237   0.03687110003459648 -0.002936662222303099   -0.2305634123404103

 6.701618926396599e-08 -2.351976093563805e-07 -1.041701677066224e-07   -0.02465484340378474    -0.0952936891159006
 1.890398754365317e-07  8.474613204271746e-08  3.207429374016463e-07  -0.009911079752915724      0.119228287828407

cov:
0.05782876520138946  0.0597100894822462 0.06145095848228114 0.06437594207746762 0.06635044053281708
 0.0597100894822462 0.06235123691222502 0.06479740679144476 0.06890317143516168 0.07167597223896349
0.06145095848228114 0.06479740679144476 0.06789901508550043 0.07310057786286277 0.07661457737529433
0.06437594207746762 0.06890317143516168 0.07310057786286277 0.08013840143297399 0.08489324829645804
0.06635044053281708 0.07167597223896349 0.07661457737529433 0.08489324829645804 0.09048750290622806

cov.inverse():
 4219348.656045962 -5789807.030130268  192475.5737941083    790391.77664397  587805.4325145293
   -5789807.030177   8997141.75783968 -1384057.363949433 -1846508.019591503  22902.58777711603
 192475.5739158255 -1384057.364134743  1703870.672596029 -399583.2604985326 -112574.5779206274
 790391.7764994217 -1846508.019333797 -399583.2605965729  3789491.044827806 -2333812.734331156
 587805.4325841054  22902.58765797028 -112574.5778861831 -2333812.734316024  1835701.922011305

cov*(cov_.inverse()):
    0.9999999999781721  1.796252036001533e-11 -6.366462912410498e-12                      0 -1.455191522836685e-11
 7.275957614183426e-12     0.9999999999936335  1.818989403545856e-12  -2.91038304567337e-11                      0
 7.275957614183426e-11  1.455191522836685e-11      1.000000000012733                      0   2.91038304567337e-11
 1.455191522836685e-11 -5.911715561524034e-12 -9.094947017729282e-12                      1                      0
 7.275957614183426e-12  1.955413608811796e-11  1.818989403545856e-12                      0                      1
