6
2

0.0003558492055718067
0.0003775833585680029
0.0004189583973817502
0.0007668005449839359
   0.1016460785119371
   0.7139824511718419

 0.09874464644202803  -0.3834349465411233   0.1846780957664946  -0.1979977480191603   0.7513033506303302  -0.4532783963802892
  0.1668964069314275   -0.637344605094192   0.2476721363659864   0.6328867540958302  -0.3048727457175266  -0.1053704037541686
-0.04745481743908118   0.2070169522427982  -0.6941184742939889   0.5680582797878821   0.2569811926085956  -0.2904514121838762
  0.5506688159839751  -0.3914533517789733  -0.5052838628548619   -0.220615382558138  0.08473365171991241   0.4820429520978587
 -0.7401483965329907  -0.3322404179439302 -0.07112076558980421    0.104039597548212   0.2745891005925957   0.5005148154388253
  0.3302837123848099   0.3745584809851293   0.4029666389369523   0.4219782626564434   0.4404288648552882   0.4649658723035588

0.3986413002841332
0.3963770900912685
0.3949296023981768
0.3939319351656339
 0.392955442879937
0.3916415534910194

0.01496757984537539
 0.4007732759095543

 0.3321184028311055   1.258816769689002   1.270658985984985   1.164304378672385 -0.1635632018630287  -3.862199854653955
   1.43365525576913 -0.6186707867349207  0.2494322940179088  0.8204196090342215 -0.6880501322394046 -0.1958664954926831

 1.496776034245425e-07  1.085716377627678e-07  1.937789955273282e-07 -1.813571035807519e-06   -0.02697959234069424    -0.1444135011224042
 -2.09878250784957e-08  2.060117415366862e-07   -4.0590145828399e-09  3.362684808759084e-07   -0.01110598317483481     0.1500706259945655

cov:
0.06126976673586899 0.06560459790371115 0.06839082774210546  0.0702524036315287 0.07205478581836262 0.07445849144166378
0.06560459790371115 0.07265848296504915 0.07718625348181689 0.08021500834609827 0.08315246354096383 0.08706193354128672
0.06839082774210546 0.07718625348181689 0.08283019033385543 0.08660662699135503 0.09027137632064093 0.09514569919356498
 0.0702524036315287 0.08021500834609827 0.08660662699135503 0.09088467854840943 0.09503677883367397  0.1005577861196124
0.07205478581836262 0.08315246354096383 0.09027137632064093 0.09503677883367397 0.09966325513044391  0.1058130817423875
0.07445849144166378 0.08706193354128672 0.09514569919356498  0.1005577861196124  0.1058130817423875  0.1127975248516435

cov.inverse():
 800981.0381670616 -1467654.671132321  148392.6700956326  226280.1448550621   238829.699936574  53126.62976840892
-1467654.671154753  4515032.155356494 -2148659.955962398  -1412883.52075413 -665391.1611927019   1180089.77201645
 148392.6702087791 -2148659.956299064  3878706.310469962 -1246111.325969671 -522959.2880331748 -109778.0988401705
 226280.1447699069 -1412883.520493723 -1246111.326181951  5040268.243654501 -1728239.165092973 -879858.6473630586
 238829.6998824017 -665391.1609210082 -522959.2882801791 -1728239.165137927  5497975.763692592 -2819788.696503617
 53126.62981701603  1180089.771798601 -109778.0986043791 -879858.6473551663 -2819788.696578098   2576266.25989297

cov*(cov_.inverse()):
     1.000000000001819                      0  1.818989403545856e-11                      0   2.91038304567337e-11   2.91038304567337e-11
-1.182343112304807e-11       1.00000000007276  7.275957614183426e-12 -7.275957614183426e-11                      0  5.820766091346741e-11
 1.546140993013978e-11                      0      1.000000000047294 -1.455191522836685e-11  5.820766091346741e-11                      0
-7.275957614183426e-12  4.365574568510056e-11    1.2732925824821e-11     0.9999999999417923  5.820766091346741e-11  5.820766091346741e-11
-1.091393642127514e-11  1.164153218269348e-10  1.818989403545856e-11 -5.820766091346741e-11                      1                      0
   1.2732925824821e-11   2.91038304567337e-11 -9.094947017729282e-12  -2.91038304567337e-11                      0                      1
