5
2

0.0004792060624871867
0.0005677877813599342
  0.00079477823391683
  0.09108161499606097
   0.5785495100032365

-0.2698428620837884   0.717771064790242 -0.2415742211938618  -0.510825801057053  0.3044477376518198
-0.2331527402740382  0.4066703903044511 -0.4302289642590226  0.6585508686241064 -0.4018367642456031
 0.4014710894797381 -0.2334743787926207 -0.7398515603960106 0.09434693968305463  0.4775238238155058
-0.7492288233939109 -0.2902172320820185 0.05911020699329116  0.2732858624522825   0.525595804027534
 0.3876877145240281   0.425073599332586  0.4535091906190947  0.4709365634191184  0.4914863562873135

0.4006334969326891
0.4006219601140873
0.4004750121953888
0.4003968731875356
0.4002924716849462

0.001265610606710824
  0.4009844703158714

  0.6875777879152165    2.464752292344374   0.9308199106556652   -0.792399562366185   -3.291141066891828
   1.383745637430427  -0.1499494808414497   0.1277759140158705 -0.08604558462995548  -0.2755872866144209

 1.748755387407547e-07  4.004742744612713e-07 -1.664103910553981e-06    -0.0258980778230334   -0.08512549870487114
-1.267232851257984e-07 -1.239566661836482e-07  2.250588195506657e-07  -0.009573704310169644     0.1187249409947483

cov:
0.05496590284587331   0.056964088060121 0.05848282951408128 0.05941325939896493 0.06051183166605897
  0.056964088060121 0.06117859133965863 0.06438318521236074 0.06634708510683955 0.06866339563607607
0.05848282951408128 0.06438318521236074 0.06887136772184715 0.07162131416987597 0.07486438755954231
0.05941325939896493 0.06634708510683955 0.07162131416987597 0.07485429896186932 0.07866532147613567
0.06051183166605897 0.06866339563607607 0.07486438755954231 0.07866532147613567 0.08314641893988356

cov.inverse():
 740936.5768380406 -1285909.336780863  124785.9385096712  183924.4773720385  236317.7077114381
-1285909.336768269  2842807.000518802  -1024333.75116104 -800817.3321403402  268184.9636909717
 124785.9384730232 -1024333.751079366  1694841.079655206 -451979.6900847262  -343308.879339739
 183924.4773990733  -800817.332227711 -451979.6900058059   2495683.45289207 -1426752.103770387
 236317.7077084582  268184.9637092586 -343308.8793736282 -1426752.103751804  1265526.713389164

cov*(cov_.inverse()):
     1.000000000016371  1.818989403545856e-12  3.637978807091713e-12                      0                      0
 1.818989403545856e-12     0.9999999999854481 -1.091393642127514e-11  1.455191522836685e-11 -1.455191522836685e-11
                     0  1.091393642127514e-11     0.9999999999818101  1.455191522836685e-11                      0
 7.275957614183426e-12 -3.274180926382542e-11  3.637978807091713e-12      1.000000000058208                      0
 7.275957614183426e-12  3.637978807091713e-12  3.637978807091713e-12                      0     0.9999999999854481
