5
2

0.0001176906995262797
0.0001535660891776382
0.0003930723405994419
  0.05923250446765017
   0.5522933301832882

-0.1435796099433884   0.546466912320051 -0.7378528545428141  0.3677710862951551 -0.0328085732118412
-0.4736208786370285  0.6314013203568674  0.2895494632654175 -0.5344091562055476 0.08708385646649593
  0.555375545188963 0.03473149180588545 -0.4001899529052593 -0.6010076845121501  0.4110833151978199
-0.5157392672072539 -0.3378891760567531 -0.1271336110093937  0.1142124763784803  0.7685287685932257
 0.4250166714308752  0.4328174148201767  0.4420625746555885  0.4526550068714533   0.481366844804745

0.3815568741517763
0.3807258101586487
0.3796026642443545
0.3783218209553526
0.3748432206646611

0.0262942757299271
0.3869488037876163

-0.2617235256659659    1.86288053724795      5.503203561849   -2.63306609842259  -4.471274239624746
  2.534567085246243 -0.5691707591634773 0.05690709558795962 -0.6195116679453445 -0.4028437714253665

-5.300322011994121e-08  9.224055932451926e-08 -3.922215245059485e-07   -0.01730085367295718   -0.06600289171648534
-1.290307537036771e-08 -2.941521714764008e-08  2.428559802066731e-07  -0.005271319393592109     0.1164297843257628

cov:
0.05603325688420657 0.05672268843059554 0.05753986305647915 0.05847636891858572 0.06101474536051017
0.05672268843059554  0.0575417345100807 0.05851242963538905 0.05962474123743518  0.0626396505350124
0.05753986305647915 0.05851242963538905 0.05966509100347231  0.0609857335027042 0.06456536872463772
0.05847636891858572 0.05962474123743518  0.0609857335027042 0.06254500146136323 0.06677140367877868
0.06101474536051017  0.0626396505350124 0.06456536872463772 0.06677140367877868 0.07275152023084321

cov.inverse():
 12996708.07037199 -18220518.41008379   394883.109548215  4760179.967506874  68677.61051276444
-18220518.40883692  38472777.63909724 -21447999.17933221  66223.57247787032   1129530.74925414
 394883.1075330175   -21447999.175803  43897346.30920893 -24596151.13104271  1752164.985936747
 4760179.968156947  66223.57009420615 -24596151.12903019  24213177.35182126 -4443586.351748774
 68677.61063100242  1129530.749355497  1752164.985438237 -4443586.351469862  1493199.881277991

cov*(cov_.inverse()):
    0.9999999998281055 -5.384208634495735e-10 -2.182787284255028e-10  2.328306436538696e-10  -2.91038304567337e-11
-1.255102688446641e-10     0.9999999998544808  1.600710675120354e-10 -1.746229827404022e-10                      0
-2.319211489520967e-10 -1.600710675120354e-10     0.9999999999417923 -2.328306436538696e-10   2.91038304567337e-11
 -3.04680725093931e-10 -1.309672370553017e-10  1.164153218269348e-10      1.000000000058208 -5.820766091346741e-11
-8.094502845779061e-11 -1.891748979687691e-10  8.731149137020111e-11 -1.164153218269348e-10                      1
