5
2

0.0003116431019219144
0.0006249371923023499
0.0007331580638626233
  0.08116467506900275
    0.584981521933198

 -0.4724829548512578   0.8506105256630154  -0.1342267962962037  -0.1742030072183863 -0.06969985967303635
 -0.3321562305660509 -0.05029777350175973  0.03261145797089399   0.8171362762360747  -0.4672977330834934
  0.3130412520645517   0.1064597918180018  -0.8828266024310042   0.2761048943691035   0.1872291766191402
 -0.6387138869351915  -0.2829154526132009 -0.07247506436965284   0.1264679760303037   0.7005402439490688
  0.4006018484894623   0.4272669271202601   0.4430397443230282    0.457944927561532   0.5009624339677431

0.4001290613349037
0.3999493555963864
0.3997596312754555
0.3996055318255782
0.3991238496035975

0.00296265300636246
  0.400851216593233

  1.409456225894866  0.7437820973521438  0.5617166666537219  0.7528102432680184  -3.467751628462632
   2.35313797356191  -1.225168574435148 0.04632834735502576  0.1133465848720425 -0.2876538556838212

 1.833073150787865e-10  6.828194550585914e-07 -2.240963107148015e-07   -0.02296124862810989   -0.08937688261075696
-2.097699640944883e-07  -1.91928510100703e-07  2.917321399510897e-07  -0.008872971381684545     0.1189243761171883

cov:
0.05760503583738829 0.05976326937177115 0.06103992912618211 0.06224625128755559 0.06572805230155353
0.05976326937177115 0.06299899668447047 0.06491282409156114 0.06672140838065867  0.0719411859734824
0.06103992912618211 0.06491282409156114 0.06720414593404322 0.06936839260441886 0.07561620069567573
0.06224625128755559 0.06672140838065867 0.06936839260441886 0.07187035756172694 0.07908949807032405
0.06572805230155353  0.0719411859734824 0.07561620069567573 0.07908949807032405 0.08911357465337227

cov.inverse():
 2763434.618245221 -4033302.617272582  111127.0911670065  313293.9817151636  845484.2784496782
  -4033302.6172459   7477407.36826375 -1354633.815072633 -1576265.614863574   -513211.48487826
 111127.0911377755 -1354633.815028336  1638191.389305956 -144486.6631021881 -250204.7004769876
  313293.981708828 -1576265.614860996 -144486.6630944947  2163974.958415062 -756517.1357879529
 845484.2784585656 -513211.4848984567  -250204.700469615 -756517.1357840165  674443.7941625715

cov*(cov_.inverse()):
     1.000000000029104 -1.455191522836685e-10                      0   2.91038304567337e-11  7.275957614183426e-12
  2.91038304567337e-11     0.9999999998399289  7.275957614183426e-12  1.455191522836685e-11  7.275957614183426e-12
-3.637978807091713e-11 -7.275957614183426e-11     0.9999999999854481 -1.455191522836685e-11 -7.275957614183426e-12
 1.455191522836685e-11 -8.731149137020111e-11 -1.455191522836685e-11                      1 -7.275957614183426e-12
 4.365574568510056e-11 -7.275957614183426e-12  7.275957614183426e-12                      0                      1
