7
2

0.0001172353087782966
0.0002558608983528517
0.0003746151040092579
0.0004534691868136384
0.0008193719629384353
   0.1131313759354613
   0.7478511917474515

 0.01587402560656821  -0.1484732579147718   0.7090826113588387  -0.6836624875332057  0.05153439959527007  0.06848464124733319 -0.01285379225109499
 -0.2741750824354045   0.7353112366421695  -0.3060658840507394  -0.4461640575719455   0.1866746982588255   0.2120570728028816    -0.10766184419157
  0.1475998362709978  -0.2282973044098252 -0.08926752145164259  0.03915156953010301  -0.1360727925228831    0.790142254108541  -0.5232136339550898
 -0.2887862187615411   0.3423896238636818   0.3308371302753256   0.2111440084440337  -0.7912593935894733   0.1041816652774796  0.09160578000159278
  0.6222466158786055 0.005580299754240841  -0.3440882907315937  -0.3748966958094132  -0.4094279818951456  0.07585637058516782    0.424792023957353
 -0.5746129702348073  -0.3913260884407796  -0.1964475990264018  -0.1028049955058153  0.04566971415459529   0.3661979914983791   0.5756184577573714
  0.3194087211306592   0.3387558353474135   0.3593260591051112    0.369204820584179   0.3849318572553853   0.4186978537608971     0.44081142126207

0.3995058169943945
0.3984180393185747
0.3972251405144056
0.3967172541533484
0.3957676028749216
0.3937793980529257
0.3924569658679388

0.01508687413292121
 0.4016521911448974

-0.2301043713828131   1.664796072693371  -2.802714307402936   3.943657941571199   1.142291220198265 -0.1964736548161835  -3.521320979495051
   1.37640652056806  0.3688407073828436  -2.868098295354987    2.70298795944036  0.1169065646162945 -0.7633082433280567 0.06744085371893763

-6.657160138886088e-08  6.128906807782263e-08  2.136322792680199e-07 -1.449708073646969e-07 -1.763282954151741e-06   -0.03098331655477457    -0.1428438517937654
-5.444980996286773e-08 -3.807530339242425e-08 -2.434972413892376e-08 -1.676334685900538e-07   5.06845757362438e-07   -0.01132750090191258     0.1605647427541648

cov:
 0.0612851323847329 0.06339302001205031 0.06563435234754476 0.06671041091752855 0.06842798081685458 0.07210282274454992 0.07451315956757952
0.06339302001205031 0.06614063770807622 0.06906176778319191 0.07046437376609117  0.0727003485860164 0.07749232948574999 0.08063311391880211
0.06563435234754476 0.06906176778319191 0.07270577937381964 0.07445560187646935 0.07724280623788439 0.08322260936912736  0.0871400486774373
0.06671041091752855 0.07046437376609117 0.07445560187646935  0.0763722695224307  0.0794243158190571 0.08597481493318003 0.09026539712411105
0.06842798081685458  0.0727003485860164 0.07724280623788439  0.0794243158190571 0.08289708416817447 0.09035346109039992 0.09523652185903872
0.07210282274454992 0.07749232948574999 0.08322260936912736 0.08597481493318003 0.09035346109039992 0.09976286045415569  0.1059225848942097
0.07451315956757952 0.08063311391880211  0.0871400486774373 0.09026539712411105 0.09523652185903872  0.1059225848942097  0.1129174461578542

cov.inverse():
 2304159.243004067 -3966825.407614081  1223404.600508094  476177.4245273643  -133665.630710396 -54007.08594621561  150799.0072789268
-3966825.407925855  10804585.69862307 -10404548.92044808  2658757.356723478   440528.342658005  530736.5914254633 -63222.85166210027
 1223404.601876642 -10404548.92218986    38779138.536181 -32678441.72952595  809359.3467207972  2167939.490578448  102673.3524766495
  476177.423450715  2658757.358244292 -32678441.73109237  37484691.77587611 -4457478.702473641 -4566765.837763674  1084008.351514745
-133665.6307507311  440528.3425304292   809359.348793261 -4457478.704716511  4151847.524668277 -351801.1050089695 -459421.3564440813
-54007.08596225424  530736.5915306137  2167939.489882079 -4566765.836753319 -351801.1054448453  5538288.406786777 -3264239.930071249
 150799.0073551461 -63222.85173045128  102673.3522934119  1084008.351625382 -459421.3563465104   -3264239.9301041  2449376.710284472

cov*(cov_.inverse()):
                     1 -1.091393642127514e-11 -9.458744898438454e-11  1.120497472584248e-09 -3.637978807091713e-11                      0  -2.91038304567337e-11
-1.455191522836685e-11     0.9999999999417923  9.295035852119327e-10  8.149072527885437e-10 -3.637978807091713e-11                      0                      0
-1.818989403545856e-12 -1.673470251262188e-10      1.000000000542059  6.402842700481415e-10 -5.820766091346741e-11                      0                      0
 3.637978807091713e-12 -2.173692337237298e-10  3.910827217623591e-10      1.000000000291038  5.093170329928398e-11  5.820766091346741e-11                      0
-5.456968210637569e-11 -1.300577423535287e-10  8.585629984736443e-10  3.783497959375381e-10     0.9999999999781721  5.820766091346741e-11                      0
-9.094947017729282e-12 -1.036823960021138e-10  7.403286872431636e-10  8.585629984736443e-10  -1.01863406598568e-10      1.000000000058208                      0
 7.275957614183426e-12 -1.236912794411182e-10  3.474269760772586e-10  4.802132025361061e-10                      0                      0                      1
