5
2

0.0003947887526491898
0.0005003393492065105
0.0008177242630913006
   0.1019672121789255
   0.5876205218460778

  0.1877199605895152  -0.5750623988603503   0.1191035236362095   0.6744541364853686  -0.4061901306635423
 -0.2903548601364636   0.6198630880735643  -0.4264581391036728   0.4637151035615324  -0.3668317946418901
  0.4637999584685996  -0.1645603118913728  -0.7768743651161005  0.09701408647416117   0.3806100236801174
 -0.7221175151802128  -0.2827830344381684 -0.06376594333536013    0.302613980873407   0.5503987034454194
   0.379329888600789   0.4219320426858346   0.4431116468179087   0.4786365699695614   0.5026343495138061

 0.400411293937032
0.4003411884704749
0.4003459126564168
0.4002113547078886
0.4001052961351247

0.001057918784937813
  0.4007319336760087

  0.8833559937938801    1.702171410467699    0.381795704049024 -0.04736378606738459   -2.920025260992071
    1.41921962377269  -0.2584987361641091  0.05976950669033906  0.01607557162302875  -0.2364374339544401

 6.025207304159558e-08  4.218223577815798e-07 -8.579091050187131e-07   -0.02874949046452785   -0.09250976393184987
 8.245961164820081e-08 -1.260742285052303e-07  3.784076088410898e-07   -0.01123768256040607     0.1189968540496235

cov:
0.05510720117684326  0.0573884658559073 0.05851811697068895 0.06042064782640117 0.06170364916517929
 0.0573884658559073 0.06230382381070927 0.06474542010533813 0.06884389367137013 0.07161158810757186
0.05851811697068895 0.06474542010533813 0.06784125182380951  0.0730333143144061 0.07654074823818079
0.06042064782640117 0.06884389367137013  0.0730333143144061 0.08005758219718159 0.08480317914015402
0.06170364916517929 0.07161158810757186 0.07654074823818079 0.08480317914015402 0.09038640591624893

cov.inverse():
 884609.7482444831 -1525687.173669434  99231.89710349473  341763.8409529199  200199.2207042672
 -1525687.17365179  3697123.617046238 -1304208.451975024 -1364183.568597764  496709.2818616014
 99231.89705860375 -1304208.451885578  1720081.467578434 -387257.7076660959 -127698.0690262024
 341763.8410048472  -1364183.56872883 -387257.7075958638  3791650.022970037 -2381992.110069983
 200199.2206795823   496709.281920872  -127698.069051874 -2381992.110078903  1812799.665305858

cov*(cov_.inverse()):
     0.999999999996362  4.365574568510056e-11 -6.366462912410498e-12 -5.820766091346741e-11  1.455191522836685e-11
 1.818989403545856e-11      1.000000000007276 -2.728484105318785e-11                      0  -2.91038304567337e-11
-1.818989403545856e-12  8.731149137020111e-11     0.9999999999727152  -2.91038304567337e-11                      0
-3.637978807091713e-12  2.182787284255028e-11   -1.2732925824821e-11     0.9999999999708962   2.91038304567337e-11
                     0  7.275957614183426e-12  3.637978807091713e-12                      0                      1
