5
2

0.0001737787273390377
0.0003671697681529603
0.0004875596587884061
  0.09190464919462553
   0.5845052257286371

 -0.3817532142359595   0.7976169644333722  -0.4654968935265181  0.03353670179458321   0.0161118968004868
  0.2194448856126729  -0.1837695014577236  -0.4516965490094528   0.7681532919313663  -0.3521128515410612
 -0.4914383104117226   0.1221806607741104   0.6146331388194881   0.2870176411706957  -0.5323600769349514
 -0.6412375716333308  -0.3777576285442771 -0.07853660553881142   0.3143587447025431    0.584058329297576
  0.3916774047407063   0.4152192295540741   0.4419739539672646   0.4770904138772838   0.5012240646906837

0.3967996589573974
0.3966633810687824
0.3964959588192659
 0.396325529110675
0.3961634003051331

0.001873861685061523
  0.3973156463783379

  1.764087586297373    2.82540869256112  -2.926814554435526  0.4921406258159055  -2.154888894894801
  2.364301082666149 -0.7423841309801861 -0.5221949336422358 0.04862510133969841 -0.1481701998475098

 8.831277086607677e-08  3.136751532712053e-07 -2.453729326336892e-07   -0.02595200679844877   -0.09386567298897588
-3.782110932750943e-08  1.322062289515367e-07  -3.51992125589532e-07   -0.01069221317265826     0.1147681289636893

cov:
  0.055885507360109 0.05760860564410786 0.05956810442079786 0.06213929167256847 0.06390805847375616
0.05760860564410786 0.06010757151519326 0.06294820798680428 0.06667611824023446 0.06923914165047106
0.05956810442079786 0.06294820798680428 0.06678975482212345 0.07183153894180604 0.07529673279607917
0.06213929167256847 0.06667611824023446 0.07183153894180604 0.07859871662763861 0.08324834986344108
0.06390805847375616 0.06923914165047106 0.07529673279607917 0.08324834986344108 0.08871167584971351

cov.inverse():
 6199059.316043162 -10634557.08532989  3878545.734326805  233039.0130699428  323698.3610928479
-10634557.08505251  21379971.87977399 -11363062.10057206 -13819.22181813327  631877.0576155202
 3878545.733890985 -11363062.09991711   10277919.0403278 -2348552.792868552 -445062.5012211854
 233039.0131514504 -13819.22216699147 -2348552.792512885   4760655.22444832 -2631159.621223046
  323698.361169777  631877.0575868185 -445062.5013577323 -2631159.621134727  2120520.080787589

cov*(cov_.inverse()):
    0.9999999999199645 -4.365574568510056e-11 -9.094947017729282e-11  5.820766091346741e-11                      0
 -1.01863406598568e-10      1.000000000138243 -8.731149137020111e-11                      0   2.91038304567337e-11
-1.673470251262188e-10  3.637978807091713e-11     0.9999999998617568  -2.91038304567337e-11                      0
-6.912159733474255e-11 -1.746229827404022e-10 -5.093170329928398e-11      1.000000000087311  -2.91038304567337e-11
-3.637978807091713e-11  5.820766091346741e-11  4.365574568510056e-11                      0                      1
