5
2

0.0001806653474857171
0.0003019917482065951
0.0007235654832345813
  0.08366060360692409
   0.5535294507481291

 0.04690899301599268   0.1316023151640495  -0.7507312864519612   0.6418917573758054 -0.06969852489738421
 -0.3054830636313359   0.8263462406412933  -0.2270418106665332  -0.4009978018802346   0.1071670075578174
  0.6502080907031162  -0.1540334596425885  -0.4229846428552878  -0.4677885893713424   0.3946656301951033
 -0.5567779785559247  -0.3023220523894776  -0.1038711666969831  0.06414555814945461   0.7639998608199449
  0.4143758747659249   0.4297764432481301   0.4417570875368472   0.4519235750919451   0.4941665722487092

0.3965306746663383
0.3960740410823105
 0.395811656603219
0.3954892508335958
0.3941159598707382

0.006776461540772009
  0.3975854934670063

  1.981547943043255  -3.519702884982515   7.972784440139432  -3.232803877871323  -3.201866724105006
  1.660434721103349 -0.7022675028962019  0.7015545425134458 -0.3931502630694073 -0.2665945492314731

-2.678961952927563e-07 -3.986094876556642e-07  -6.77047245308778e-07   -0.02464337551472809    -0.0651951505533033
-2.529559376938555e-08 -1.019377693272797e-07  5.077094426247048e-07  -0.007096740048584457     0.1184910902186267

cov:
0.05478021489960583 0.05574360627572542 0.05649128512603526 0.05712728932788028 0.05976355768561412
0.05574360627572542 0.05723329955110808 0.05839094640816126 0.05937415885147244  0.0634558583216695
0.05649128512603526 0.05839094640816126 0.05986838008482421 0.06112226601586512 0.06633096311388627
0.05712728932788028 0.05937415885147244 0.06112226601586512 0.06260546909214508 0.06876869514169325
0.05976355768561412  0.0634558583216695 0.06633096311388627 0.06876869514169325 0.07890723319970937

cov.inverse():
 1898228.491458171 -2770094.916724563 -843725.7400327324   1684733.97478559  30948.32194657737
-2770094.916490057  8063394.790254018 -4959655.593114202 -907711.6009173928  573863.2906330886
-843725.7409244027 -4959655.591225667  18174061.82240527 -13387518.80432529   1017428.01313732
 1684733.975533988 -907711.6028166825 -13387518.80313062  14804466.59683335 -2194512.523893743
 30948.32185530864  573863.2908784123  1017428.012939536 -2194512.523850025  572358.3429313459

cov*(cov_.inverse()):
      1.00000000000864 -5.093170329928398e-11   1.01863406598568e-10  5.820766091346741e-11  7.275957614183426e-12
 4.547473508864641e-12       1.00000000003638  7.275957614183426e-12  2.328306436538696e-10 -2.182787284255028e-11
 1.045918907038867e-11 -2.182787284255028e-11      1.000000000130967 -1.164153218269348e-10                      0
 1.682565198279917e-11 -5.820766091346741e-11  -1.01863406598568e-10      1.000000000145519 -1.455191522836685e-11
 9.549694368615746e-12 -2.182787284255028e-11  7.275957614183426e-11  1.164153218269348e-10                      1
