5
2

0.0003550951220579987
0.0006583857637258901
0.0008140930436217099
   0.1057114870197649
   0.5762003734823458

 -0.5335505739320979   0.8066166899226105  -0.1608681949107514  -0.1836168053387389  0.07141143646764543
 -0.1726944013830307  0.04126694595225452  -0.3472144929331644   0.8448484178335042  -0.3662607400256288
 -0.3797268091853463 -0.03697828241906354   0.8055522163058497  0.06047037418262918  -0.4492984728064392
 -0.6233577589255647  -0.4225048389287361  0.02630903706667497    0.178354950321065   0.6327812510921095
  0.3908108027689351   0.4096203393646412   0.4516159664324106   0.4658850343417399   0.5084016597707099

0.4004705732821414
0.4004720624086027
0.4004609120379676
0.4004189790334093
0.4002735547682887

0.0007868508438989888
   0.4007578105325507

  0.315098690199439   1.706763448880665  0.3801612885170629   0.665906886174545  -3.068070258871208
  1.554033211093915  -0.365256781841105 0.03944904066067351 0.04313313169551533 -0.2713274459277742

 1.016381494374471e-07  6.806910578300773e-07  1.022103807972599e-06   -0.03050957135610107    -0.0848676149509775
-1.459419679938513e-07 -6.993009891358379e-08 -2.785580417629083e-07   -0.01092187306198118     0.1187535232336767

cov:
0.05505087025102238 0.05609211454536352 0.05841458293227839  0.0592069734066165 0.06155826596869409
0.05609211454536352 0.05770196399110517  0.0612940520212692 0.06251675813175514 0.06615334419734911
0.05841458293227839  0.0612940520212692 0.06772333948385728 0.06990696283764092 0.07641539569996843
 0.0592069734066165 0.06251675813175514 0.06990696283764092 0.07241751015422897 0.07989910371454448
0.06155826596869409 0.06615334419734911 0.07641539569996843 0.07989910371454448 0.09028932732075384

cov.inverse():
 2544080.880909645  -3408363.94838918  357481.6727209865  405717.3753568427  101140.5008411312
-3408363.948392806  5165952.432704588  -1107078.99112644 -1097550.332685863  446997.5943369932
 357481.6727554848 -1107078.991178566  1462484.757055025 -368971.9928346595 -343836.8093641057
 405717.3753192267 -1097550.332626326 -368971.9928603476  1919537.618294594 -858826.0637479931
 101140.5008478775  446997.5943259518 -343836.8093560447 -858826.0637517585  654545.1248012111

cov*(cov_.inverse()):
     0.999999999998181 -1.455191522836685e-11 -1.091393642127514e-11  2.182787284255028e-11  7.275957614183426e-12
-3.910827217623591e-11     0.9999999999854481 -7.275957614183426e-12  2.182787284255028e-11  7.275957614183426e-12
 6.366462912410498e-12 -5.093170329928398e-11                      1  1.455191522836685e-11                      0
-2.728484105318785e-12  -2.91038304567337e-11  3.637978807091713e-12      1.000000000014552  7.275957614183426e-12
 7.275957614183426e-12 -4.365574568510056e-11                      0 -1.455191522836685e-11      0.999999999992724
