5
2

0.0001273520667349101
0.0002465299913232901
0.0006021223786439081
  0.07438589069593239
   0.5762310066167753

-0.03422351386500396   0.2438240625729612  -0.7514426218223356   0.6085023624181713 -0.06661410248158718
 -0.3520745212215171   0.7831005481607507  -0.1246696966613451  -0.4696632441754086   0.1633124820152162
  0.5675352141060143  -0.1764414188685953  -0.4687529893072848  -0.4215864660975235   0.4993072131225066
 -0.6210240110873633  -0.3377503939164337 -0.02223295262705454   0.1486122498708072   0.6911395981045192
  0.4087850792384363   0.4267276122981491   0.4467301016006315   0.4575156421302702   0.4918434277535506

0.3981759658857095
0.3979327502788927
0.3976230874022191
0.3975245557523931
0.3969514861170502

0.003928891945720197
  0.3988960306200137

  0.1262850812090008    2.928419579858243    2.006200675075843    -1.47842615288191   -3.582854801207346
   1.488945546078678 -0.05058309382557297  -0.1624941047690889  0.03707170286528047  -0.3126353024608249

-2.365969382924769e-08  1.281125416248161e-07 -9.249035488336276e-07   -0.02107104289495353   -0.08006051249891097
 1.657516413792319e-09 -3.719808758906197e-08  2.749566264949817e-07  -0.006167035327711364     0.1254042858102413

cov:
 0.0576201288886425 0.05908195143154896 0.06071271813830299   0.061589624518404 0.06438496447784794
0.05908195143154896 0.06109496070256109 0.06333945800862495 0.06454837811730811 0.06839839608839905
0.06071271813830299 0.06333945800862495 0.06626774542972833 0.06784656005709942 0.07287161632502677
  0.061589624518404 0.06454837811730811 0.06784656005709942 0.06962554375848379  0.0752863920898198
0.06438496447784794 0.06839839608839905 0.07287161632502677  0.0752863920898198 0.08296749448873805

cov.inverse():
  3000230.26307723 -5327079.333420564  1574072.085103997  776712.6550023727 -23950.43050869598
-5327079.334069548  13841557.44837994 -12675146.08428655  3301656.169259571   859759.436063865
  1574072.08759422 -12675146.08897392  35677857.77805884 -26684827.99699046   2105816.84348198
 776712.6529585284  3301656.173853807 -26684827.99985716  26949977.52749132 -4341900.798121735
-23950.43030626149  859759.4355083406  2105816.844151489 -4341900.798438191  1400170.641746473

cov*(cov_.inverse()):
    0.9999999999799911   2.91038304567337e-11 -2.328306436538696e-10  2.328306436538696e-10  -2.91038304567337e-11
-3.888089850079268e-11     0.9999999999563443   4.94765117764473e-10 -1.164153218269348e-10   2.91038304567337e-11
 1.182343112304807e-11 -1.309672370553017e-10      1.000000000436557                      0 -1.455191522836685e-11
-1.932676241267473e-11  3.637978807091713e-11  3.201421350240707e-10      1.000000000116415  -2.91038304567337e-11
 1.978150976356119e-11  1.455191522836685e-11 -5.820766091346741e-11                      0                      1
