5
2

 0.000242365617783851
0.0005276581162186423
0.0008436177997791859
   0.1030320575731601
   0.5666119612141839

 -0.2952930268272149   0.7472200781409031  -0.5875510154156114  0.06274177058544184  0.07287974779190538
 -0.4578200004490041   0.3660017339070955    0.636590925969799  -0.4991065050631039  -0.0456975660454837
  0.4644867140012736  0.02775224598917467  -0.2194359469112085  -0.7272019760469156   0.4544304749854459
 -0.5717991425834387   -0.363380356401853 -0.07446302798077652  0.09664179166214408   0.7253385958918577
  0.4006253967901177   0.4181978180525586   0.4425369136288107   0.4569396206998138   0.5098795343347656

 0.400410537334545
0.4002512162973451
0.4000769967396709
0.3998842617944871
0.3992438466574066

0.002957095183980209
  0.4009796111787982

0.02536285734100602   1.161978841718676   1.580508532651951  0.4377848563742865  -3.205882340109045
  1.447286617032511 -0.2237988280288401 0.01280809237015099 0.03367427760973057 -0.2699529130254332

-1.609749401462693e-08   3.75261919565717e-07 -1.478894451480759e-06   -0.03012150370291485   -0.07674395259778001
-3.640111192570902e-08  -2.06262745824557e-07  3.672760342875144e-07  -0.009975906440751359     0.1186723678553951

cov:
0.05499964463221991  0.0559944487922922 0.05737113426860773 0.05818497707207888 0.06117827842684257
 0.0559944487922922 0.05754990304313722 0.05970318449767943 0.06097678686873068 0.06565947825577315
0.05737113426860773 0.05970318449767943 0.06293294001827691 0.06484382256251223 0.07186824765593083
0.05818497707207888 0.06097678686873068 0.06484382256251223 0.06713266190006438 0.07554326294051375
0.06117827842684257 0.06565947825577315 0.07186824765593083 0.07554326294051375 0.08905061874021672

cov.inverse():
 2540433.535643576  -4339990.80938479  1763656.849086195   30677.6439111961  5320.181787430693
-4339990.809431896  9987287.617882075 -6645704.397509053  113649.5210733524  884696.2197252386
 1763656.849145121 -6645704.397589795  7400082.773965923 -1544513.891217827 -973574.0198022585
 30677.64391780488  113649.5210788777 -1544513.891236066   1704775.25037952 -304565.5631970726
 5320.181768998401  884696.2197533543 -973574.0198058371 -304565.5632031781  388136.1400294742

cov*(cov_.inverse()):
     1.000000000036835 -8.731149137020111e-11  8.003553375601768e-11  1.091393642127514e-11                      0
 3.768718670471571e-11     0.9999999998908606  3.637978807091713e-11  7.275957614183426e-12  3.637978807091713e-12
  5.88329385209363e-11 -1.455191522836685e-11      1.000000000145519                      0 -3.637978807091713e-12
 2.347633198951371e-11 -8.731149137020111e-11                      0      1.000000000007276  1.091393642127514e-11
 2.683009370230138e-11 -1.455191522836685e-11 -1.455191522836685e-11  1.091393642127514e-11      1.000000000007276
