6
2

0.0001171433608199633
 0.000148110219132584
 0.000361074338940588
0.0006029935461554121
  0.06316264492987368
    0.609246176815134

    -0.151294798566863     0.5523766099717202    -0.7311444752857287     0.3694142792559011   -0.01028473086305468   -0.02906949491884287
    0.4633764004727797    -0.6245777897819348    -0.2840077077222978      0.554745515036578   -0.03497790614596863   -0.07455519820089766
   -0.5421693221188557  -0.004652119921085729     0.4359850830164476     0.6210351857934215    -0.2629472740632455    -0.2472282758702967
    0.1481521321125896    0.07927050634260617     0.0179167895806269 -0.0005422424887195597    -0.8084851138929624     0.5637354413307459
   -0.5466165922087702    -0.3808505001394328    -0.1844227233441871    0.04047506580897909     0.3119739865304503     0.6505270613556253
    0.3843252118157847     0.3917015527352864     0.4004393004764396     0.4104476542216038     0.4225559771168889     0.4375974875707492

0.3817774517019257
0.3809584608849467
0.3798485968644919
0.3785824990630809
0.3770626724870493
0.3751421825862931

0.02593897696160357
 0.3870979795086806

 -0.5608088388104878    1.879451123340029    5.552311720450732     -1.6708499046752  -0.8667810265361853   -4.333208019362088
   2.577166110851638  -0.6795831205422133  0.03472242611198331  -0.4500549774796686 -0.06848051866464072  -0.4137948177563662

-4.691590277110212e-08 -7.862405400849763e-08  3.882020353383622e-07 -5.729328927584319e-07   -0.01831239379480658   -0.07581225241370461
-1.295696278315757e-08  3.054389163134221e-08 -2.005360555017823e-07  5.486836355390374e-08  -0.005844928289827213     0.1274798310175347

cov:
0.05601767648979654 0.05670839576520763 0.05752648622288688 0.05846376880029745 0.05959901750022584 0.06100652883394024
0.05670839576520763 0.05752900890533116 0.05850093784403333 0.05961435790334312 0.06096227695611739 0.06263483311444848
0.05752648622288688 0.05850093784403333 0.05965518873953447 0.06097730837995356 0.06257722850350704 0.06456384685437655
0.05846376880029745 0.05961435790334312 0.06097730837995356  0.0625384307735664 0.06442689784232752 0.06677314558993143
0.05959901750022584 0.06096227695611739 0.06257722850350704 0.06442689784232752 0.06666420726453268 0.06944435679522441
0.06100652883394024 0.06263483311444848 0.06456384685437655 0.06677314558993143 0.06944435679522441 0.07276644114073255

cov.inverse():
 13771227.67845767 -19231602.54382826  256106.4746860077  5062395.358675348  138552.3712798615  3359.454894637808
-19231602.54502806  40035303.88069128 -21356264.79530251 -946851.9544511253   414986.146370558  1084252.351969247
 256106.4760688776 -21356264.79801553  44091540.60233074 -24787925.93599988  81651.49905039255  1715076.195015255
 5062395.359205631 -946851.9539996687 -24787925.93712917  26931691.97734036 -2412737.941431536 -3846445.570583261
  138552.370569134  414986.1480050437  81651.49771038712 -2412737.940966163  2391538.891902002 -614152.6190462753
 3359.454892064295  1084252.351396419  1715076.196154459 -3846445.571196194 -614152.6189971424  1657919.106676675

cov*(cov_.inverse()):
    0.9999999998012186 -3.346940502524376e-10  3.055902197957039e-10                      0 -7.275957614183426e-12                      0
-1.637090463191271e-10      1.000000000029104 -3.637978807091713e-10  1.455191522836685e-10 -3.637978807091713e-11                      0
-1.106172931031324e-10 -1.455191522836685e-10      1.000000000291038   2.91038304567337e-10 -1.455191522836685e-11 -1.455191522836685e-11
-1.615774181118468e-10  1.309672370553017e-10  1.164153218269348e-10      1.000000000203727                      0                      0
-2.011688593483996e-10  7.275957614183426e-11  4.365574568510056e-11  4.074536263942719e-10     0.9999999999490683 -1.455191522836685e-11
-3.450395524851047e-11 -1.455191522836685e-11  -2.91038304567337e-11  5.820766091346741e-11 -1.455191522836685e-11      1.000000000014552
