6
2

0.0001166451978277585
 0.000142503575556535
0.0002959449150096768
0.0006880555394950023
  0.07577542111730555
   0.5969214230587322

-0.008930886664428931    0.1779226806728632   -0.5712543111133992    0.7210577346474071   -0.3480677509530056   0.02927208656025435
  0.06764135708544521   -0.5665736360867412    0.5608244139084071    0.3490828723766162   -0.4826006344427275   0.07164296417756878
  -0.3070732008339792    0.6162922836981463    0.2711821332074317   -0.2328986607469437   -0.5846847977675452     0.237175087423976
   0.6515412477252225   -0.1453308861058417   -0.3146566141165465   -0.3696297364791851   -0.3000963805921917    0.4782051563030844
  -0.5752437092476248   -0.3012337837396227    -0.160197187811088  0.006877078747159268    0.1981982436326042    0.7164913855247806
   0.3816275840243942    0.3945361792350053    0.4011643249814772    0.4090252669933174    0.4180296331815915    0.4424006458987295

0.3831760167637042
0.3813927525153158
0.3805735199653509
0.3794566283319694
0.3781822038466647
0.3747143755663722

0.02610269297464175
 0.3867564217916578

  0.9301615681838084    -2.53928750102927    2.565376265100996     6.31862905280982   -2.789010699218482   -4.485920225975453
   1.581000790224538  -0.5571646434169066 -0.06866778158380837   0.7458840968123401   -0.280887350271008  -0.4201370986601515

 4.721266472294789e-08  1.253091568362617e-07  -1.80399313724962e-07 -1.645566050737265e-06   -0.02241966659340771   -0.06545945674193297
 7.473421516071382e-09  1.522917603903476e-08 -8.378329083519702e-08  3.504957887123862e-07  -0.006213842666111417     0.1274832024159264

cov:
 0.0537938450425226 0.05464382563581473 0.05507923372071872 0.05559631210599266 0.05618881920628753 0.05779107863392544
0.05464382563581473 0.05598467482295251 0.05667248753433018 0.05748857341752538 0.05842346320668514 0.06095303660429375
0.05507923372071872 0.05667248753433018 0.05749022571519585 0.05846017857191143 0.05957126668845371 0.06257804312361613
0.05559631210599266 0.05748857341752538 0.05846017857191143 0.05961247574606404 0.06093232274353671  0.0645045216008491
0.05618881920628753 0.05842346320668514 0.05957126668845371 0.06093232274353671 0.06249127782730358 0.06671102471234995
0.05779107863392544 0.06095303660429375 0.06257804312361613  0.0645045216008491 0.06671102471234995 0.07268519551511758

cov.inverse():
 2204524.084980957 -4364724.660866242  859201.3607491768  997321.9393396433  257895.1696210993  45924.50820989277
-4364724.660549818    22515319.312268 -21112323.68176843 -1835736.584756795   4890906.75088444 -93982.34699714974
 859201.3598639281  -21112323.6772024   40521243.0873168 -21108568.92458635 -325160.5189044679  1166068.250594221
 997321.9402012429 -1835736.593429327 -21108568.91416275  45121239.56951915 -24952758.91267876  1778773.352311142
 257895.1693174932  4890906.755823503 -325160.5264159109 -24952758.90992985  24466588.64133902 -4337845.832559147
 45924.50822071634 -93982.34751331278  1166068.251362994  1778773.352174698 -4337845.832686125  1441124.687983951

cov*(cov_.inverse()):
     1.000000000007276 -3.910827217623591e-11  7.275957614183426e-11 -1.891748979687691e-10  8.731149137020111e-11                      0
 5.229594535194337e-11     0.9999999999454303 -1.746229827404022e-10 -1.455191522836685e-11 -1.746229827404022e-10                      0
 5.820766091346741e-11 -6.821210263296962e-11     0.9999999998981366 -5.820766091346741e-11                      0 -1.455191522836685e-11
 3.274180926382542e-11 -2.601154847070575e-10  1.891748979687691e-10      1.000000000087311  1.746229827404022e-10 -1.455191522836685e-11
 5.229594535194337e-11  3.183231456205249e-11                      0 -4.365574568510056e-10     0.9999999999417923                      0
  7.73070496506989e-12 -8.185452315956354e-11   2.91038304567337e-11                      0  1.164153218269348e-10                      1
