6
2

0.0002655337366702985
0.0004339491917959742
0.0006299620951902177
0.0007266226155150431
  0.08812722893485539
   0.6507725239039196

 -0.5171023313130725   0.8307070942859761 -0.09146333151831987 -0.09854207130630147  -0.1535015227881414  0.02986811218492928
   0.133044489755742 -0.06319789778744106  0.09922336984887897   0.1132665947488633  -0.8178316394995185   0.5355203080035728
  0.2920169270350301  0.09005555684105979 -0.04888900403368437   -0.861450675891836   0.1578585232599715   0.3704178666470324
  -0.297485491052322  -0.1227056569768105   0.8971939783052681  -0.2465113499190837 -0.06954937985931117  -0.1608841439492145
 -0.6419658783133594  -0.3715727472670387  -0.1199129503524253  0.05683996273796348   0.3004873881952459   0.5847315085396935
  0.3591833107425141   0.3803929036332833   0.4000786132481224   0.4139616464108445   0.4330584162283622   0.4553260972155574

0.4006102879562506
0.4005911694895452
0.4006390493766024
0.4006104740456662
0.4005710825231258
0.4005158593518761

0.0005778001749290636
   0.4008453861033806

    2.14430865636009   0.1446277179285979   0.2650017437968539   0.4581876871861292 -0.09496182448371608   -2.917046459126841
   2.606377013193721   -1.422457090455256  0.03052598813427421  0.02204359882201062 0.005249038229774405  -0.2415598967847532

-7.971810588307761e-08 -2.128178373873495e-07 -3.428721890515941e-07 -2.900027038193286e-08   -0.02462161402805586    -0.1052081394255529
-1.792595174037819e-07  5.810044190083798e-08  2.079008434393996e-07 -2.853016085312412e-07  -0.009993323101900061     0.1307347514804033

cov:
0.05783828336774953 0.05971637667244918 0.06145602951846103  0.0626866962272592 0.06437691741960662 0.06634707600841407
0.05971637667244918 0.06235297107172861 0.06479794120536574 0.06652444699465426 0.06889782175783277 0.07166484672093271
0.06145602951846103 0.06479794120536574 0.06789952003115854 0.07008666070219396 0.07309546643735582  0.0766036585728861
 0.0626866962272592 0.06652444699465426 0.07008666070219396 0.07259901477787953 0.07605412602705468 0.08008342375269284
0.06437691741960662 0.06889782175783277 0.07309546643735582 0.07605412602705468 0.08012532176702336 0.08487241580618349
0.06634707600841407 0.07166484672093271  0.0766036585728861 0.08008342375269284 0.08487241580618349 0.09045735898520721

cov.inverse():
 4268936.912067504 -6001568.026976765  199409.4014318813  307731.6906178056  703282.8960832832  522466.6739944892
-6001568.026980137  9857334.870025815 -1330495.486396893  -1337203.20606243 -1482073.350775213  293595.5290523581
 199409.4014841605 -1330495.486463166  1701549.493603436 -125261.7155895963 -369436.9314903137 -75604.68527068268
 307731.6906049968 -1337203.206025903 -125261.7156129289  2190904.564259593 -587569.2440844597  -448585.358391892
 703282.8959888249 -1482073.350693314 -369436.9314443395 -587569.2440746906  3957962.914706635   -2222210.5910302
 522466.6740528481   293595.528996837 -75604.68530732275 -448585.3584012745 -2222210.590987016  1930374.879094678

cov*(cov_.inverse()):
     1.000000000021828                      0  9.094947017729282e-13 -2.182787284255028e-11   2.91038304567337e-11  1.455191522836685e-11
-3.637978807091713e-11      1.000000000083674  1.818989403545856e-12  3.637978807091713e-12  -2.91038304567337e-11                      0
-3.637978807091713e-11  9.094947017729282e-11      1.000000000012733   2.91038304567337e-11                      0   2.91038304567337e-11
 -2.91038304567337e-11  2.546585164964199e-11 -2.728484105318785e-12                      1                      0                      0
 4.365574568510056e-11 -8.003553375601768e-11  3.183231456205249e-11                      0      1.000000000058208                      0
                     0  1.818989403545856e-11 -8.185452315956354e-12  7.275957614183426e-12                      0                      1
