5
2

0.0004126320028001812
0.0005490562772357178
0.0007579284701218963
  0.09977670810848129
   0.5740443740452347

 -0.5195673178620778   0.7698556271817913  -0.1593311293520221  -0.2777124937703873   0.1867122854270136
 -0.2190980520932914   0.1965481066510348  -0.2641226574724026    0.776779618462858  -0.4901199154199218
  0.3128817115513309 -0.03397423420054776  -0.8292664568446186  0.09942958171789976   0.4509785890915127
 -0.6562716522153361  -0.4465507175478835  0.09169457030344254   0.2910215704593792   0.5261164571273618
  0.3917376658604516   0.4100358071393039   0.4569048723294206   0.4742461375185774    0.494712822453766

0.4000780326868161
0.4000405519517728
0.3999561274622516
0.3998962220621834
0.3997969357844905

0.0009906083057631119
   0.4003822278660934

    2.595932741958913    -0.546931984508313    0.7870576442817525  -0.05067705306564957    -2.785732711178372
    1.735385186985162    -0.530542297350276   0.04550368764834764 -0.003858835336821825   -0.2464598545429905

-4.088543692027087e-07   1.33197166721092e-07 -6.222638462460656e-07   -0.02854811273741246   -0.08234801897660442
-2.319498553145577e-07 -1.141693070132074e-07  2.365197709912362e-07    -0.0102399883384211     0.1184017895475457

cov:
0.05485650604128952  0.0558481753563506 0.05838179039942532 0.05931815904892602 0.06042429199822244
 0.0558481753563506 0.05738844850509894 0.06132834570826929 0.06278536258168077 0.06450562109712168
0.05838179039942532 0.06132834570826929 0.06887684857565887 0.07166922686565413 0.07496526984941272
0.05931815904892602 0.06278536258168077 0.07166922686565413 0.07495706497234375  0.0788363609092515
0.06042429199822244 0.06450562109712168 0.07496526984941272  0.0788363609092515 0.08340451294309047

cov.inverse():
 1915163.238125414 -2510550.940675974  226489.8080055354  337031.0285544524  32049.77195092562
-2510550.940678064  3611085.255828498 -843579.6719970917 -755126.8534083612  497977.8106337856
 226489.8080070569 -843579.6720062803  1577611.966598233 -564216.9595873858 -396323.2848691357
 337031.0285602756 -755126.8534018758   -564216.95961775   2471713.49864027 -1489357.722079812
 32049.77194566778  497977.8106344024  -396323.284846439 -1489357.722097869  1355658.922551094

cov*(cov_.inverse()):
     1.000000000014097 -3.637978807091713e-12                      0                      0  1.455191522836685e-11
   1.2732925824821e-11     0.9999999999890861  1.091393642127514e-11  1.455191522836685e-11                      0
 7.275957614183426e-12  -2.91038304567337e-11      1.000000000021828   2.91038304567337e-11                      0
 6.821210263296962e-12 -1.455191522836685e-11 -7.275957614183426e-12                      1  1.455191522836685e-11
-1.364242052659392e-11  1.455191522836685e-11 -7.275957614183426e-12                      0                      1
