5
2

0.0004323877686216912
0.0006224618852974603
0.0007201723325228355
  0.08116882335064664
   0.6016568828972516

0.09039418477716792 0.09612508070520587  0.1076708532034893 -0.8281576977303071  0.5339950142823048
-0.3687669777662494 0.08979247609519685  0.8266476576465472 -0.1675011373535219  -0.380191065700646
 0.3445985138586061 -0.8684610124661052  0.3233463355642255 0.06572802709147813  0.1347379226670675
-0.7670260722896944 -0.2048470796496495  -0.014425130442192  0.2483670622471315  0.5548102345751293
 0.3856976486082103  0.4318685261528894  0.4475485452627704  0.4691394521042815  0.4943029173382468

0.4005093197802586
0.4005029387238701
0.4004644181566264
0.4004072174371038
0.4003312477215038

0.0007187660916128491
   0.4007750046556692

  1.685768833809688  0.8338912578841364   0.812446642952463  0.2775099293923529  -3.609793180329571
   1.63476549850751 -0.0466994302181645 -0.1141653660272744 -0.1475364380595622 -0.3263060269194621

-3.435216357604476e-07  5.621082871354339e-07 -1.808644592279545e-07   -0.02246237840199595     -0.101430844895012
  1.47566267696934e-08 -2.141268441842628e-07  2.662306042874029e-07  -0.009621507506425986     0.1190057976300421

cov:
0.05772700015342215 0.06133210563193038  0.0625591541336048 0.06424572765023676 0.06621049566151262
0.06133210563193038 0.06779195542440519 0.06998574601374354 0.07300650459530202 0.07652677980596721
 0.0625591541336048 0.06998574601374354 0.07250838188513888 0.07598093758406886 0.08002848109824491
0.06424572765023676 0.07300650459530202 0.07598093758406886 0.08007781437135716 0.08485243053964625
0.06621049566151262 0.07652677980596721 0.08002848109824491 0.08485243053964625 0.09047532385361151

cov.inverse():
 623728.9109506408 -615980.2059654322 -519871.0672988801  -197348.761836039  709492.8483128244
-615980.2059505221  1524450.968185736   -294500.64277715 -574682.0637130723 -39185.93098278049
 -519871.067300615 -294500.6427640201   2027258.04635579 -793328.6970766512 -419610.6250373826
-197348.7618697708 -574682.0636731522 -793328.6970515895  3749173.528840515 -2183937.678225918
 709492.8483333833 -39185.93102092388 -419610.6250510487  -2183937.67819467  1933313.014261693

cov*(cov_.inverse()):
     0.999999999992724 -9.094947017729282e-13  7.275957614183426e-12                      0  1.455191522836685e-11
-7.275957614183426e-12      1.000000000025466  7.275957614183426e-12                      0                      0
-1.455191522836685e-11  8.640199666842818e-12                      1  -2.91038304567337e-11                      0
-7.275957614183426e-12  2.182787284255028e-11  2.182787284255028e-11     0.9999999999417923                      0
                     0  1.045918907038867e-11                      0                      0                      1
