6
2

0.0001598159280257375
0.0002703348750734176
0.0005880782266369109
0.0006986926895521411
  0.07458657835842053
   0.6092823717159535

-0.002347121392983308    0.2488530174933744   -0.7558177115477039    0.6015189053187381  -0.02703452899643355  -0.06519504891085386
   0.2976901023007638   -0.7673782587809576    0.1725888646394611    0.5171744522253909  -0.08722685800616453   -0.1328395872948561
  -0.5200799924853607    0.2624585770671529    0.4528898655841736    0.4239780925366214   -0.5145926902482697   -0.1046900500693261
   0.2930088400401686  -0.03454896145155363    -0.138030621818773   -0.1162297607431408   -0.6655512679989406    0.6613863384919979
  -0.6428544212629747   -0.3553497905799103   -0.1104506661786893   0.08317925954252296    0.3215234767648156    0.5813512143353332
   0.3765314172160348    0.3909618581857655    0.4032265345254563    0.4129407016244246    0.4248754360767746    0.4378836830806871

 0.399990429433601
0.3999541557913101
0.3999998774213529
0.3999416097484139
0.3998629766030595
0.3997880145192079

0.001162170725753985
  0.4003265290580446

  0.9945167836079738  -0.3377987198756648    7.952532629511103   -4.540490532707992  -0.8059844598038763   -3.262962997855097
   1.570582215114944  -0.4009016507958753   0.5832831243056451  -0.3831480020155272 -0.09797967862744822  -0.2718796483684286

-2.194936832562415e-07  6.089412712434523e-09  6.318492680351368e-07 -9.219290434054831e-07   -0.02187100029985556   -0.07317662678485834
-1.926834083436131e-08  5.279123681833135e-08  -2.56419786694626e-07  1.579041849006863e-07  -0.006414597343375154     0.1302752174863794

cov:
0.05492994522845315 0.05591858790903837 0.05675705694297316 0.05742241954454468 0.05823831799097848 0.05912747617886181
0.05591858790903837 0.05744472683730525 0.05874058537388101 0.05976765497576269  0.0610285796778413 0.06240290153770037
0.05675705694297316 0.05874058537388101 0.06042604615808107 0.06176113357722594 0.06340106025829936 0.06518855842714567
0.05742241954454468 0.05976765497576269 0.06176113357722594 0.06333988487151533 0.06527955933885521 0.06739385947211311
0.05823831799097848  0.0610285796778413 0.06340106025829936 0.06527955933885521 0.06758863073021626 0.07010459494594819
0.05912747617886181 0.06240290153770037 0.06518855842714567 0.06739385947211311 0.07010459494594819 0.07305986495901347

cov.inverse():
 2170893.070115373 -3564119.638850129   8578.65751256863  1344031.810472372  21521.99901157135  19223.49982155962
-3564119.638754888  10684051.34140217 -8822873.904821631   760184.892735737  309064.9250682355  633362.2571823412
 8578.657569076366 -8822873.904863216  23405994.05491517 -15990805.69921503  108308.1234232483  1291432.734910653
 1344031.810192361  760184.8930609433 -15990805.69917584  18373723.37586214 -1726369.046376212 -2761284.993027755
 21521.99905467695  309064.9250040766   108308.123464519 -1726369.046418817  1805825.367611688  -518335.519155952
 19223.49990673103  633362.2570580969  1291432.734845116 -2761284.992900749 -518335.5191783446  1335691.443708086

cov*(cov_.inverse()):
     1.000000000054342  1.455191522836685e-11  -2.91038304567337e-11   2.91038304567337e-11  1.091393642127514e-11 -1.455191522836685e-11
 1.023181539494544e-11     0.9999999999781721                      0 -2.328306436538696e-10  7.275957614183426e-12                      0
 1.637090463191271e-11  7.275957614183426e-11      1.000000000101863 -1.455191522836685e-10  -2.91038304567337e-11  -2.91038304567337e-11
 -1.20508047984913e-11 -1.455191522836685e-11 -5.820766091346741e-11     0.9999999998835847 -1.455191522836685e-11 -4.365574568510056e-11
 1.887201506178826e-11  5.093170329928398e-11 -1.164153218269348e-10 -5.820766091346741e-11     0.9999999999781721                      0
 2.182787284255028e-11   2.91038304567337e-11                      0   2.91038304567337e-11  7.275957614183426e-12     0.9999999999854481
