5
2

0.0002710942301471977
0.0005212620798445317
0.0006964435012338781
  0.07407842213692102
   0.5577880602212512

-0.2848742776035288  0.6877088284857525 -0.6447370747937312 0.09906451771489683  0.1428409566579521
-0.5048862366459252   0.447123105754469  0.6053983249074872 -0.3936181588331201 -0.1540403504995556
-0.2206502125690227 0.03243423957483661   0.101835445486488  0.7273406699837269 -0.6409887640408678
-0.6682126004695949 -0.3793341394905174 0.06125786211356807  0.3006149769314595  0.5616721830075118
 0.4107821055891912  0.4268385247882648  0.4513136259381883  0.4646042959324214  0.4790885040657439

0.4000571660819021
0.4000110884689553
0.4000079415238186
0.3999266327654473
0.3998521178141496

0.001145085530865515
  0.4003859031333351

  0.9609558079607119    2.969324156490739   0.3392983037253065  -0.7368730220483598   -3.532914164756618
   1.565137770423657  -0.1462209382514211 -0.04098495880686023 -0.09093672956163987  -0.2870565734382574

 7.142532554078506e-08   5.11406429115859e-07    7.9905679842446e-07   -0.02169559914721522   -0.06833529973298053
-4.189140063314128e-08 -2.174786140143497e-07 -1.146649442542348e-07  -0.006483380940478701     0.1189271534105028

cov:
0.05495062301162065 0.05594325944881819 0.05745571038484653 0.05827669054269648 0.05917069781604845
0.05594325944881819 0.05747439955368268 0.05980752220896612 0.06107421029083203 0.06245431366151915
0.05745571038484653 0.05980752220896612  0.0633924219456546 0.06533893931674366 0.06746048176530491
0.05827669054269648 0.06107421029083203 0.06533893931674366 0.06765531181932059 0.07017916845171704
0.05917069781604845 0.06245431366151915 0.06746048176530491 0.07017916845171704 0.07314320666119142

cov.inverse():
 2142861.197990963 -3511267.820058461  1327911.548567139  16486.84405406139  24071.18366396057
-3511267.820134076  7173263.311539451 -5030157.749686036  327898.4414993609  1040262.779857723
 1327911.548734674 -5030157.749913597    7026452.2360572 -1593376.811238596 -1730911.210734745
 16486.84400545812  327898.4415793594 -1593376.811269581  1794463.102755886 -545480.2031814964
 24071.18362063842  1040262.779929678 -1730911.210763791 -545480.2031810841   1212104.97329797

cov*(cov_.inverse()):
    0.9999999999574811                      0  1.455191522836685e-11  2.546585164964199e-11                      0
-4.547473508864641e-13      1.000000000050932   2.91038304567337e-11                      0 -1.455191522836685e-11
-7.048583938740194e-12  5.820766091346741e-11      1.000000000043656  1.455191522836685e-11                      0
-7.503331289626658e-12  4.365574568510056e-11                      0                      1                      0
-5.911715561524034e-12  -2.91038304567337e-11                      0  7.275957614183426e-12      1.000000000014552
