5
2

0.0004042321537135238
0.0005433294132505948
0.0007332413284436267
  0.08378467345004945
   0.5954509604662833

  0.08343624463415017   0.02273183770930455    0.2102398259236112   -0.8283932797902493    0.5119428153902261
  -0.3186803047005952  -0.02208298248687433     0.844046880898922  -0.08005106042363534   -0.4232397616603067
   0.3576570749411447   -0.8824791145989576    0.2061648197897747    0.1613817739262506    0.1573658767543059
  -0.7862701658386432   -0.1799013500168251 -0.008732841814277553    0.2458265672551228    0.5375014110489444
   0.3812373270469504    0.4334301812260042    0.4481114626912678    0.4699804502310538     0.495086731668097

0.3967545982544617
0.3962964358279311
0.3962598899271046
 0.395989813714621
0.3957447483645823

0.002718455744812936
  0.3974419493681247

  3.720911878041419  -4.296111289819125   1.938579506624472   1.398798058582446  -2.762488807354814
  1.995918886117739   -1.06613133048473  0.1901525079775431 0.05388693501076733 -0.1736540562322361

 -3.19065887350134e-07   4.73087117242965e-07  2.856348522658235e-06   -0.02324051305080847    -0.1010777506972225
 7.963306325390329e-09 -1.130156486331586e-07  9.006942672842972e-07   -0.01024400048804682     0.1146606175806922

cov:
0.05587262253194601 0.05958051671113453 0.06062038115215497 0.06217148009248829 0.06395529761027334
0.05958051671113453 0.06683621253396194 0.06887571215026468  0.0719150344770374 0.07540497023031657
0.06062038115215497 0.06887571215026468 0.07119817124055346 0.07465691029922056 0.07862795674750123
0.06217148009248829  0.0719150344770374 0.07465691029922056 0.07874054006628325 0.08342734002972209
0.06395529761027334 0.07540497023031657 0.07862795674750123 0.08342734002972209 0.08893516770593697

cov.inverse():
  624637.310396906 -551586.3630653584 -666661.1840445519 -229243.9288600772  822924.2496120423
-551586.3630531956  1453307.721743476 -372286.7390009731 -374148.8161205064  -155431.981827337
-666661.1840396811 -372286.7389767853   2762831.67295212 -1232830.515494942 -491090.9249144534
-229243.9288991179 -374148.8161105988 -1232830.515413341  4269791.658316193 -2433327.306116162
 822924.2496340449 -155431.9818492686 -491090.9249669884 -2433327.306063694   2256817.90926343

cov*(cov_.inverse()):
                     1  1.455191522836685e-11 -1.818989403545856e-11                      0   2.91038304567337e-11
-7.275957614183426e-12      1.000000000025466  -2.91038304567337e-11  -2.91038304567337e-11   2.91038304567337e-11
-7.275957614183426e-12  7.275957614183426e-12     0.9999999999854481                      0                      0
-1.455191522836685e-11 -1.818989403545856e-12  3.637978807091713e-11                      1                      0
                     0  1.818989403545856e-12  1.455191522836685e-11                      0                      1
