7
2

0.0001171724135770827
0.0002558079832386647
 0.000411961999473652
0.0004538091593663987
0.0008225905616908972
   0.1074996785999814
   0.7440761859560363

  0.01535853438176032   -0.1473410998565175    0.7046722109909008   -0.6891519547880537   0.04413887512992508   0.06776871301716016  0.004531580516621336
  -0.2767225625093204    0.7418244027820079   -0.3150038563876242   -0.4580817517640882    0.1592733419837344    0.1918811830713508  -0.04322582692712041
   0.1108510515995922   -0.1401128123640725  -0.08860429791647338 -0.005371474547586806   -0.4279883257779295    0.8346613500501039   -0.2834912583360392
   -0.321001433059824    0.3774289269103601    0.3643950643593744    0.2262007200565204   -0.7104806615263809   -0.1467462152838735    0.2103276831949792
   0.6061073396270216   0.01686483356114502   -0.3167378945918358   -0.3454370644033132    -0.358642878284461   -0.1211216825852039    0.5190420356471412
   -0.580142003265901   -0.3859082937914606   -0.1793756706798884  -0.08019093217737437   0.07716691474361609    0.2491888371447304    0.6386344953928373
   0.3223786780319151    0.3416040498074224    0.3620450743720292    0.3718571262630181    0.3874887584888458    0.4045113763563637    0.4429980940353783

0.3987765560985897
0.3976340422277623
 0.396379914211089
0.3958445531479325
0.3948487499237656
0.3937944385244058
0.3913792594418341

0.01581231432357154
 0.4010158588707716

 -0.1802466924286967    1.564281457250391   -1.935703668667929    2.657069032730784    1.068664019191123   0.6549142746766325   -3.829033436621072
    1.30203775094898   0.6473897406220699    -2.52590786375824    1.652104394130385 -0.01523925072191222   0.4766411247166872  -0.5358860296775068

-4.605122482377543e-08  6.964460565184433e-08  1.854681856926636e-07 -2.299944897316763e-07 -1.920096704034321e-06   -0.02963750404173186    -0.1404850282695266
-4.070316733877856e-08  1.773450676163104e-08  1.399844335790622e-07 -1.837345619391492e-07  4.730035941257355e-07   -0.01050728247773886     0.1607020931420975

cov:
0.06142935841519223 0.06355829642392767 0.06582195058691326 0.06690829656869678 0.06864337954452657 0.07052846675656602 0.07478704949037959
0.06355829642392767 0.06632826280118462 0.06927313328294882 0.07068653152318728   0.072941132840406 0.07539346586603825 0.08093568354036268
0.06582195058691326 0.06927313328294882 0.07294243422949316 0.07470360522962023 0.07751065035536432 0.08056615460648338 0.08747329391210019
0.06690829656869678 0.07068653152318728 0.07470360522962023  0.0766317984834366 0.07970412564604497 0.08304927158073137 0.09061183391297811
0.06864337954452657   0.072941132840406 0.07751065035536432 0.07970412564604497 0.08319812760538005 0.08700320920022994 0.09560703780689643
0.07052846675656602 0.07539346586603825 0.08056615460648338 0.08304927158073137 0.08700320920022994 0.09131106098666247  0.1010516996831701
0.07478704949037959 0.08093568354036268 0.08747329391210019 0.09061183391297811 0.09560703780689643  0.1010516996831701  0.1133656403624054

cov.inverse():
 2303074.393846261 -3966533.368483157  1210817.127287233  500700.8631600557  -117539.704282374 -70214.18366402562  139753.5478218643
-3966533.368505038  10798630.86542171 -10400317.53388139  2613263.030735987   374198.104186276  486895.7526474578  93772.83936589025
 1210817.127542242 -10400317.53588637  38523570.12113764  -32601475.3138604  632956.1833592525  1915888.381112612  717857.8954171996
 500700.8627937707  2613263.033829211 -32601475.31919285  38223949.78212371 -3914259.720359179 -4870666.879285674  50138.79940364754
-117539.7041460211  374198.1033732292  632956.1861157372 -3914259.722514306  4250060.324543344 -849520.7841483579 -376429.7637029975
-70214.18366266289  486895.7522535485  1915888.382503267 -4870666.880387041 -849520.7840485817  5128343.511078802 -1741381.251601041
 139753.5478172729  93772.83946294783  717857.8948518842   50138.8000550894 -376429.7638781021 -1741381.251604495  1116581.549135266

cov*(cov_.inverse()):
     1.000000000009095  1.718944986350834e-10 -7.275957614183426e-12 -5.020410753786564e-10                      0   1.01863406598568e-10  -2.91038304567337e-11
-2.182787284255028e-11      1.000000000184627 -8.731149137020111e-10  4.420144250616431e-10  -2.91038304567337e-11   2.91038304567337e-11  -2.91038304567337e-11
 6.912159733474255e-11  5.456968210637569e-12     0.9999999994761311 -1.073203748092055e-10 -2.182787284255028e-11                      0 -1.455191522836685e-11
 1.637090463191271e-11  1.782609615474939e-10   3.92901711165905e-10     0.9999999995006874  -2.91038304567337e-11  8.731149137020111e-11 -1.455191522836685e-11
 1.637090463191271e-11 -1.182343112304807e-10  -2.91038304567337e-11 -2.219167072325945e-10      1.000000000021828  -2.91038304567337e-11  1.455191522836685e-11
   1.2732925824821e-11  8.185452315956354e-11 -3.346940502524376e-10  -5.06588548887521e-10                      0     0.9999999999708962                      0
 1.091393642127514e-11  1.418811734765768e-10  -2.91038304567337e-10 -1.327862264588475e-10 -7.275957614183426e-12                      0     0.9999999999854481
