5
2

0.0001318805795069581
0.0003465250643793926
0.0005711012558026763
  0.05663093709756303
   0.5932514556452838

 -0.1661351016323536   0.7285327155803619  -0.6604511887485365  0.03110700076603849  0.06690136111244673
 -0.5500356282097323   0.4535572629386839   0.6023405342486391  -0.2751209909601098  -0.2307399793483699
  0.2108786575864572   0.0379769189532039 0.006674675011128367  -0.8064972583361473   0.5510041437331747
 -0.6751705565979914  -0.2726637143641786 -0.05478220401061799   0.2457188748244261   0.6375110689635477
  0.4117460952859477   0.4332875997078896   0.4449095041903966   0.4610045571225567   0.4819308460240347

0.3976561872578897
0.3973279609819901
0.3972161831451771
0.3969594383628987
0.3966140164084364

0.00418965360175541
 0.3986699074284405

   3.348702729198143    1.825203699045468   -1.370915269736435  -0.6290153943052949   -3.173907569945143
   2.564965667448028   -0.849331425154474  -0.3930287705235419 -0.04288252043966304  -0.2793636891820824

 2.516520093210073e-08 -1.122055847319897e-07 -1.549902560172021e-07   -0.01559104942585494   -0.09145799189139552
-1.400693525941616e-08 -2.349384001418295e-07  1.261157305513166e-07  -0.005347171294893881     0.1262943744089712

cov:
0.06112933782583608 0.06337934550256598 0.06459171967553536 0.06627342150262557 0.06845764817986713
0.06337934550256598 0.06631239607373697 0.06789413507216314 0.07008571827029564 0.07293427717497378
0.06459171967553536 0.06789413507216314 0.06967569448049041 0.07214306521197976  0.0753509735496284
0.06627342150262557 0.07008571827029564 0.07214306521197976 0.07499152526131839  0.0786951888713889
0.06845764817986713 0.07293427717497378  0.0753509735496284  0.0786951888713889 0.08304586264916648

cov.inverse():
 4242918.004141281 -9011979.087163216    3553960.0595497  441581.8401243775  773997.3293060561
-9011979.086093403   32234213.4104063 -25388929.83523162  169906.4129542191  1994916.979767842
 3553960.057898503 -25388929.83238108  28101135.38333836 -2577801.006759676 -3686636.080789665
 441581.8405565499  169906.4115019888 -2577801.005669763   2680249.83955982 -714118.7490159322
 773997.3294551744   1994916.97943946 -3686636.080680159 -714118.7489461619  1631706.366978373

cov*(cov_.inverse()):
    0.9999999998835847 -2.328306436538696e-10   2.91038304567337e-11 -3.637978807091713e-11  4.365574568510056e-11
-1.164153218269348e-10     0.9999999995925464 -2.328306436538696e-10   2.91038304567337e-11  4.365574568510056e-11
-1.455191522836685e-11 -5.820766091346741e-11     0.9999999997671694 -4.365574568510056e-11   2.91038304567337e-11
-1.455191522836685e-11  1.746229827404022e-10 -3.492459654808044e-10      1.000000000043656  5.820766091346741e-11
-7.275957614183426e-12 -5.820766091346741e-11                      0 -7.275957614183426e-12                      1
