7
2

0.0002215559817628437
0.0003601896193871709
0.0004136498421068908
0.0004408844181544647
0.0007701663493295542
    0.114165020346493
   0.7572944574426552

   0.2087034309403679   -0.6721426343034452    0.6833191785899361   -0.1230491216620365  -0.09578239988223239  -0.08244261283471206   0.08142431059890076
  0.04897730777105625  -0.08396866977411477  -0.00841733234712715   0.03655441748588543    -0.430957123788127    0.8137328286881201   -0.3758433847625708
  -0.1581494113274724    0.2035324237374704    0.1380896252644669    0.3755186991409903   -0.7571523434671177   -0.2013605217256209    0.3995679507252052
    0.363867586740765   -0.4507356828377699   -0.4306811871999894    0.6750239330873751   0.04567068811405357   -0.1182578239456482  -0.08499060895363031
   0.5733236395976254  -0.04271058477033242   -0.3826337993066963   -0.4922812166157235     -0.21637137218453   0.08458943526228177     0.476187406767091
  -0.6078293185249292   -0.4284931772870638   -0.2378391665678029 -0.000991514318555077    0.1578576387502942    0.3125545365758522    0.5174546278271001
   0.3138100828104429     0.333398922192805    0.3542215769093061    0.3801437954799186    0.3974928949625026    0.4143252533675744    0.4367151734178807

0.3995240580586936
0.3983932925370242
0.3971497031777578
0.3956334468483443
0.3945879067377441
0.3935659811279164
0.3921938082377878

0.01567191875212452
 0.4017479794414187

-0.1393953086186779   1.202888711812238  0.4549233211180229   1.275384505265581   1.150735921017692 -0.1546675721418894  -3.790081393850707
  1.270896876938441  0.4705515048599009 -0.9800537660399904  0.2492498087258454  0.8447899364995389 -0.6749100263341553 -0.1794961825470555

-5.349291028107751e-08  9.570155279807458e-08 -2.645148500197853e-07  9.039573913602701e-08 -1.779510235036115e-06   -0.03086432561741635    -0.1482989393932566
-3.884193263294296e-08 -1.045297974875966e-07  -1.23609126072629e-07  1.893903605087535e-07  3.769424363851552e-07   -0.01188329174805092     0.1611940568367726

cov:
0.06129151837587939 0.06339586208274611 0.06563277955476948 0.06842162542646259 0.07028555333780244 0.07208938577172358 0.07449571222103664
0.06339586208274611 0.06613986677107724 0.06905640069505783 0.07268998196359711 0.07512004178332217 0.07747448821601251 0.08061118197827923
0.06563277955476948 0.06905640069505783 0.07269551208680081 0.07722716589801193 0.08025908217034704  0.0831988899945159 0.08711203076818867
0.06842162542646259 0.07268998196359711 0.07722716589801193 0.08287561905030803 0.08665561423792124 0.09032317853880685 0.09520169085448346
0.07028555333780244 0.07512004178332217 0.08025908217034704 0.08665561423792124 0.09093747526434681 0.09509268331912152  0.1006182047416624
0.07208938577172358 0.07747448821601251  0.0831988899945159 0.09032317853880685 0.09509268331912152  0.0997226015304543  0.1058773259272685
0.07449571222103664 0.08061118197827923 0.08711203076818867 0.09520169085448346  0.1006182047416624  0.1058773259272685  0.1128670915302968

cov.inverse():
 2287331.818918674 -3962584.758436813  1598415.764715702  -68662.5006558061  6237.007733472657  3160.899971017599  136138.4142099313
-3962584.758350801  10548289.59407696 -8160649.458804059  578088.5357252946  599493.6634099318  630809.0588485802 -233612.2041372601
  1598415.76443945 -8160649.458254375  10825259.07553178  -2590298.64419545 -1878053.549360147 -1155499.793057847   1361447.25169727
-68662.50059599998  578088.5356669734 -2590298.644301038  3895616.844562561 -1204833.768196702 -486856.5135366081 -123447.8258039589
 6237.008032277689    599493.66256109 -1878053.548558877 -1204833.768469303  5058538.139211005  -1709787.04057827 -872181.5872831055
 3160.899916342095  630809.0589323883 -1155499.793176623 -486856.5133880959 -1709787.040592315  5563335.617966559 -2844705.503772582
 136138.4140961722 -233612.2037774365  1361447.251393694 -123447.8257839281 -872181.5872904698 -2844705.503727739  2576412.557558457

cov*(cov_.inverse()):
     0.999999999996362  2.546585164964199e-11  1.746229827404022e-10  1.455191522836685e-11 -5.093170329928398e-11   2.91038304567337e-11   2.91038304567337e-11
 1.455191522836685e-11     0.9999999998981366  2.037268131971359e-10  9.276845958083868e-11                      0   2.91038304567337e-11                      0
  -1.2732925824821e-11 -5.820766091346741e-11      1.000000000160071  4.001776687800884e-11  -2.91038304567337e-11  8.731149137020111e-11                      0
 1.637090463191271e-11 -1.091393642127514e-10   1.01863406598568e-10      1.000000000050932 -1.455191522836685e-11                      0   2.91038304567337e-11
 6.002665031701326e-11 -1.964508555829525e-10  1.746229827404022e-10  3.456079866737127e-11     0.9999999999126885  1.164153218269348e-10                      0
 7.457856554538012e-11 -1.164153218269348e-10  1.164153218269348e-10  2.182787284255028e-11  1.455191522836685e-11      1.000000000116415                      0
 3.637978807091713e-12 -3.637978807091713e-12  8.731149137020111e-11  2.546585164964199e-11 -1.455191522836685e-11                      0                      1
