6
2

0.0001197351197490183
0.0002686115926072487
0.0003770851335064534
0.0007603755896226769
   0.1129436400350313
   0.6905303169046936

-0.01997251785373068   0.1660913637570043  -0.7333246309968556   0.6547034387953765 -0.07458430228622721 0.007094509935995016
  0.3013619077482891  -0.7672403670673847   0.2221983986264583   0.4186568891153598  -0.2881997922683749   0.1132182859840632
  -0.197675197600014   0.3082508045209357   0.1343341332979718 -0.02512652864019562  -0.7514125402831053   0.5316090201086303
  0.6530630363590743 -0.07716830049236971  -0.4554362548582543  -0.4757648459060471 -0.01030660524796056   0.3656133572362086
 -0.5685399046975561   -0.384596670001358  -0.1890562124589621 -0.09510022069756552   0.3755388461799462   0.5856893799226182
  0.3463779188266051   0.3672434810351642   0.3894261985840256   0.4000777841964249   0.4534551849878111   0.4773027976484825

0.3998249650780837
0.3987541941140757
0.3975796348068756
0.3970807581472818
0.3941875229693312
 0.392884688987932

0.01485507233102329
 0.4019414727797585

-0.1873421852007101   1.538779191555144  -2.951760937847139   5.085990292443531 -0.1102674752009946  -3.375173614853714
  1.344167959720534  0.3893505036213405  -2.941147405066037   2.905230197639252 -0.7711395531994443  0.0747585003348348

 8.226301684400809e-08 -8.226453168208679e-09 -2.451935531850139e-07 -1.473965968542188e-06     -0.030986767850484     -0.131351537599711
 5.956452084646624e-08  6.492530037989678e-08  7.678895239198466e-10  4.858719236748392e-07   -0.01122563477202246     0.1485522562672663

cov:
0.06133276680823757 0.06344465732596359 0.06569018347282593 0.06676803311309919 0.07217096088570789 0.07458573992175908
0.06344465732596359 0.06619618433665413   0.069121304819884 0.07052557774028695 0.07756370188600109 0.08070875576840408
0.06569018347282593   0.069121304819884 0.07276898023710422 0.07452028473545311 0.08329682593691462 0.08721823234368817
0.06676803311309919 0.07052557774028695 0.07452028473545311 0.07643833194059117 0.08605003830823021 0.09034441219398043
0.07217096088570789 0.07756370188600109 0.08329682593691462 0.08605003830823021 0.09984608068929342  0.1060090318824982
0.07458573992175908 0.08070875576840408 0.08721823234368817 0.09034441219398043  0.1060090318824982  0.1130068472299007

cov.inverse():
  2299025.77365403 -3951632.876951567  1248508.942426507  334086.9203626385 -66888.12469663913  136911.6171479727
-3951632.876885951  10761308.22486525 -10506491.63570312  3142064.213547552  572967.2175095539 -18108.20472531714
 1248508.942344286 -10506491.63688407  38680151.05727381 -31848341.31807712  2225750.812375797  199992.2101660834
 334086.9202287116  3142064.215459528 -31848341.32064948  32723434.17075157 -4937029.864712984  586125.1099358259
-66888.12426262355  572967.2160297957  2225750.814804918 -4937029.866104206  5510179.154789945 -3304899.908125467
 136911.6168644917 -18108.20391096479  199992.2090461803  586125.1105326863 -3304899.908133284  2399889.804893307

cov*(cov_.inverse()):
    0.9999999999799911  6.730260793119669e-11  2.746673999354243e-10 -4.001776687800884e-10  -2.91038304567337e-11                      0
-2.000888343900442e-11      1.000000000101863  1.309672370553017e-10 -5.020410753786564e-10  5.820766091346741e-11 -5.820766091346741e-11
 9.094947017729282e-12 -3.774403012357652e-11     0.9999999997926352 -1.527951098978519e-10                      0 -5.820766091346741e-11
-2.000888343900442e-11  1.468833943363279e-10  1.818989403545856e-10      1.000000000676664                      0                      0
 3.274180926382542e-11   6.59383658785373e-12  6.766640581190586e-10 -5.311449058353901e-10     0.9999999999417923  -2.91038304567337e-11
-1.455191522836685e-11  2.660272002685815e-11 -6.184563972055912e-11 -1.455191522836685e-10                      0                      1
