5
2

0.0003495055883547032
0.0005370274469629053
0.0007057479208135653
  0.06843381979010012
   0.5806007123807457

  -0.4453600678538563    0.8608189949573897   -0.1733887681408364   -0.1463690606877032  -0.09569483286865883
  -0.1660590952031078  -0.02151561694767176  -0.03995359932563847    0.8009656870354215    -0.573427530923035
   0.3087375784576505   0.05371286643775725   -0.8763362997715716    0.2270787584035494     0.286820436530799
  -0.7181637576355238   -0.2629972470833152 -0.008368949970520597    0.2642426149746115    0.5875194178520339
   0.4037334661982637    0.4318276417201057     0.447554125623472    0.4643717736669151    0.4843328778607137

0.3996136277640743
0.3996062029810842
0.3995299100803276
0.3994783146531197
0.3993841232023519

0.001091267254140275
  0.3999613616368582

    4.182779836542276    -1.766361455301127     0.154449153545975    0.1902687280699821    -2.760935822675256
     2.52076347902973    -1.354695296355681 -0.004364063777634014   0.01589866861018044   -0.1776004236377501

-3.876907254779505e-07  3.094054978483961e-07  1.556344748849451e-07   -0.01925956986709885   -0.08554438121576642
-2.777015684199633e-07 -7.922276708434215e-08  3.297215988879045e-07  -0.007278356985238087     0.1187032850812257

cov:
0.05736255815234522 0.05965512608844212 0.06093898378613391 0.06231107686565911  0.0639405283438168
0.05965512608844212 0.06318425250883776 0.06515977308530027  0.0672721434064034 0.06977968567351259
0.06093898378613391 0.06515977308530027 0.06752286404142052 0.07004895331689956 0.07304778825540688
0.06231107686565911  0.0672721434064034 0.07004895331689956 0.07301923611678575  0.0765436584931968
 0.0639405283438168 0.06977968567351259 0.07304778825540688  0.0765436584931968 0.08069237272146679

cov.inverse():
 1910831.432282542 -3092723.811098326  111960.9450605523  213166.8675692429  856768.1232401759
-3092723.811063211  6073594.838138334 -1313390.948348415 -1066742.342253541  -600682.284343973
 111960.9450421055 -1313390.948307798  1793499.060244518 -302731.2917821819  -289368.283874145
 213166.8675108509 -1066742.342186562 -302731.2917498339  2503439.271088559 -1347111.287748139
 856768.1232819017 -600682.2844164565 -289368.2838843221 -1347111.287707204  1380362.855328629

cov*(cov_.inverse()):
    0.9999999999708962  5.820766091346741e-11 -3.274180926382542e-11 -1.455191522836685e-11                      0
                     0      1.000000000021828 -1.091393642127514e-11 -1.455191522836685e-11                      0
-2.182787284255028e-11   2.91038304567337e-11      1.000000000003638 -1.455191522836685e-11                      0
 -2.91038304567337e-11   2.91038304567337e-11                      0      1.000000000014552                      0
 1.455191522836685e-11 -1.455191522836685e-11  3.637978807091713e-12                      0                      1
