5
2

0.0001284989660770586
0.0002141910057776478
0.0004554462884674764
  0.04584787407859477
   0.5994276073324979

0.01949019498288929 0.04105093742378287  -0.533850833019444  0.7848000877614856 -0.3114916743191832
-0.3466932004148803  0.7429506940838021 -0.4478792792716885 -0.2250897534931782   0.276707146669429
 0.5680549037338396 -0.3086936063328841 -0.5588430534106575  -0.185587518929446  0.4850500986757988
-0.6082076327379541 -0.3996494562898265 0.03477030586526191  0.3033967743001317  0.6140889273882504
 0.4322280172650181   0.437410169284471  0.4482107838597901  0.4548967962998119   0.462630827815918

0.4032883574780954
0.4034357942536462
0.4033526082105451
0.4033026822117985
0.4032460634411379

0.001212809131278003
  0.4036391206932261

-4.342675550950259  2.147919690235056  11.96790574108314   9.00287840571486 -18.77589563999976
0.9169853488757731 0.1558936556037483 0.8718675344626529 0.9082411381990115 -1.853023208151583

 1.077977134404349e-07  -4.34952740083863e-07  -4.27229286051992e-06   -0.01387267585736784    -0.0590306422849995
 1.401559716933969e-08 -6.008903830062116e-08 -2.244053800993438e-07  -0.003052288643223765     0.1477522026662872

cov:
0.06790496759528662 0.06844302765161769 0.06956501779344468 0.07026000144265519 0.07106399819768701
0.06844302765161769 0.06908238176119387 0.07041491605563367 0.07124005740783532 0.07219456368694599
0.06956501779344468 0.07041491605563367 0.07218614469136027  0.0732824886716355 0.07455066978631096
0.07026000144265519 0.07124005740783532  0.0732824886716355 0.07454663753004255 0.07600886737112011
0.07106399819768701 0.07219456368694599 0.07455066978631096 0.07600886737112011 0.07769562223309964

cov.inverse():
 4198732.959171986  -6411186.01952682  1224020.280050773  2119006.958875665  -1130576.24262942
-6411186.019837802  12592961.49185251 -7748587.439696758 -1417887.914304279  2984667.380420969
 1224020.282379536 -7748587.443458988   23137974.1106128 -22676035.57500808   6062766.65364198
  2119006.95554809 -1417887.908512647 -22676035.57812154  38571301.89154298  -16596413.0263069
-1130576.241319644  2984667.378080585  6062766.655322008 -16596413.02695632  8679494.818009133

cov*(cov_.inverse()):
    0.9999999999854481   2.91038304567337e-11                      0  2.328306436538696e-10                      0
 -2.91038304567337e-11     0.9999999999126885  3.492459654808044e-10                      0  2.328306436538696e-10
                     0   2.91038304567337e-11      1.000000000116415  4.656612873077393e-10                      0
-1.455191522836685e-11 -8.731149137020111e-11  4.074536263942719e-10      1.000000000232831                      0
-5.820766091346741e-11   2.91038304567337e-11                      0                      0                      1
