5
2

0.0001694444900991543
0.0003016894259482183
0.0005907157426029183
   0.0568719548376309
   0.5482861153813394

-0.01629048864608111   0.3450860436040882  -0.7856608251543435   0.5104097793827057  -0.0535646097497503
 -0.3718381844206569   0.7350104289428188 -0.02797362576408587  -0.5312869531448655   0.1960808089326937
  0.4621911519259602   -0.242951767894692  -0.4246605059539595  -0.4100635373942464   0.6155202088809457
 -0.6856773747106388  -0.3024604948964413  0.02326432473425369   0.2812717265330115   0.5989233455833263
  0.4215410555066993   0.4360818493801534   0.4484158448995682   0.4582031663808094   0.4702221257289906

0.3999925855057161
0.3999487868975603
0.3999901394304106
0.3999296722497384
 0.399847292232682

0.001233904209011355
  0.4003362400527523

  1.062755966117723   1.241366359463149   10.96346386395189  -11.18603182915617   -2.08151436110679
   1.58056283441081 -0.2708905929516056  0.8234568462969982 -0.9299134133524419 -0.2032539445741691

 -3.96231105468036e-07  5.229266085755075e-07 -4.049075870309426e-07   -0.01695513765721323   -0.05974048279830043
 -3.53132327089074e-08 -3.237088025162539e-08  2.452604445044001e-07  -0.004418078220706628     0.1189631216383209

cov:
0.05493957599536287 0.05593218694948377 0.05677279894086448 0.05744089281966579 0.05825963107509617
0.05593218694948377      0.057463638876 0.05876185230240993 0.05979248392278162  0.0610572988767724
0.05677279894086448 0.05876185230240993 0.06044906021561719 0.06178779208093521 0.06343172961449596
0.05744089281966579 0.05979248392278162 0.06178779208093521 0.06337070020860949 0.06531503292292011
0.05825963107509617  0.0610572988767724 0.06343172961449596 0.06531503292292011 0.06762957694445676

cov.inverse():
 2140683.868242877 -3520337.700704899 -2426.619984972665   1337712.21404068  44478.55899858981
-3520337.700369915  10252442.13479473 -9373184.074054157  2129707.157112741  511056.5278268504
-2426.620767140284 -9373184.072872311  22024256.61917436 -13304540.29188915  656406.1725950883
 1337712.214507545  2129707.156325669 -13304540.29169851  12656843.68537834 -2820081.902993804
 44478.55897888722   511056.527767073  656406.1728041673   -2820081.9031234  1608212.453715329

cov*(cov_.inverse()):
     1.000000000003638  8.731149137020111e-11  1.673470251262188e-10 -1.455191522836685e-10 -1.455191522836685e-11
 4.547473508864641e-13     0.9999999999818101 -8.003553375601768e-11  1.455191522836685e-10  1.455191522836685e-11
-1.955413608811796e-11  1.091393642127514e-10     0.9999999999345164  8.731149137020111e-11 -1.455191522836685e-11
-2.273736754432321e-12  1.746229827404022e-10 -1.746229827404022e-10     0.9999999999708962                      0
 -1.13686837721616e-11 -1.455191522836685e-11 -4.365574568510056e-11  -2.91038304567337e-11                      1
