5
2

0.0002123414569474363
0.0005439576226368741
0.0007555607703187898
  0.09542797458194198
   0.5644130191321551

  -0.3323945368879925    0.7822651145067412   -0.5241992126732828   0.03376314367584973   0.04062509119505632
  -0.4418848466797289    0.2778370334836824    0.6631374228228238    -0.535249316295453   0.03607343838578914
   0.4282137156669422 -0.006596309452388417    -0.283295113277065   -0.6719600365600855    0.5336694580691529
  -0.5901220844375616   -0.3661138683873215   -0.1058593375624495     0.211783510460723    0.6794542708536843
   0.4032872342334042    0.4204580805821456     0.440456153696129    0.4647425884266211    0.5005867680545361

0.4004125828203999
0.4004291124994066
0.4004090369164659
0.4004250373560522
0.4003443622395416

0.0005918494176422529
   0.4006733564233224

 0.5345347316729009   5.037671594669021  -4.094530396500058  0.6854981391753014  -2.162508285654093
  1.526303908233033  0.0717644926543641  -0.480855649323952 0.06520699181638187 -0.1822214570746375

 2.635337844807031e-07 -5.908059934124247e-07 -1.478938106656791e-07   -0.02777942960596187   -0.07444897219318322
-9.213159830184847e-09 -3.002869560831391e-07  3.700806254401253e-07  -0.008979717125253649     0.1188248666268661

cov:
0.05498257333741806 0.05598452138356727 0.05715502186890792 0.05856820684071217 0.06066016327573125
0.05598452138356727 0.05753767201914831 0.05934854778207994 0.06154241769635601 0.06478427965457856
0.05715502186890792 0.05934854778207994 0.06190379358649744 0.06500509114283898 0.06958356048629029
0.05856820684071217 0.06154241769635601 0.06500509114283898 0.06921362982733897 0.07542173725080552
0.06066016327573125 0.06478427965457856 0.06958356048629029 0.07542173725080552 0.08403179757915054

cov.inverse():
 3431565.599273316 -6186692.868991821  2661557.986593601   46391.8472612992  46904.58456648592
-6186692.868893734  13832804.89533704  -8468583.81053305  90933.99659831745  732500.2487781082
 2661557.986423953 -8468583.810307682  7721076.246494672  -1258649.79294267 -656297.5422519833
 46391.84732690496  90933.99648611592 -1258649.792899349  1784474.131143565 -662987.5493762087
 46904.58457246257  732500.2487629973 -656297.5422395793 -662987.5493794798  539943.8434372756

cov*(cov_.inverse()):
     1.000000000049113 -9.458744898438454e-11  1.309672370553017e-10 -1.455191522836685e-11  3.637978807091713e-12
 3.365130396559834e-11     0.9999999999563443  7.275957614183426e-12 -7.275957614183426e-12                      0
 7.821654435247183e-11 -7.275957614183426e-11      1.000000000080036                      0                      0
 2.501110429875553e-11 -1.600710675120354e-10  6.548361852765083e-11     0.9999999999854481                      0
 3.819877747446299e-11 -8.731149137020111e-11  3.637978807091713e-11 -7.275957614183426e-12                      1
