5
2

0.0003309501424698851
0.0005133512508445866
0.0006767372419869869
  0.09711072850150423
   0.5642032943470634

  -0.2610987763093883    0.7604971054095107   -0.5877741720538726   0.08939814859056917 -0.001036999739016789
   0.2736850088183622   -0.2543225670456295   -0.3359764400392506    0.7488291369808878   -0.4321935945689441
   0.5893126151921606   -0.2046391719401286   -0.5691955893381142   -0.2750121424780547    0.4595847619870597
  -0.5896515710729665    -0.373082314087314   -0.1673236826904182    0.3584133160817132    0.5972129366588301
   0.4024246653280488    0.4194002632068682     0.435500310785067    0.4766247066424245    0.4953041250401117

0.3975981770876044
0.3972210999204032
  0.39695353242929
0.3959359195843581
0.3954691975010442

0.005651266014569364
  0.3985031275261106

    2.660043162363398    -3.133062482256397     3.785681580557754   -0.1025138646246753    -3.210400648356884
    1.727858061799514   -0.6757465290235263    0.2362404822050563 -0.004213364443724582   -0.2841663924302222

 -5.81394342341333e-07  4.120736677652217e-07 -6.380976785325739e-07   -0.02816961753225835   -0.07444359044212566
-1.209170404927371e-07  1.805269380633169e-07  4.087988267683901e-07  -0.009218040988703302     0.1184330299238927

cov:
0.05483045948529196 0.05580050770221716 0.05671872675444255 0.05906351282514286 0.06012860455673306
0.05580050770221716 0.05730507580143308 0.05873052092186882 0.06237109293232547 0.06402472452460166
0.05671872675444255 0.05873052092186882  0.0606379965427388 0.06550930375854228 0.06772195257605082
0.05906351282514286 0.06237109293232547 0.06550930375854228 0.07352595056706963 0.07716684395030314
0.06012860455673306 0.06402472452460166 0.06772195257605082 0.07716684395030314 0.08145719957643655

cov.inverse():
 1665008.588038875 -2340340.006864605  319823.4936512264  210671.2534958293  144972.7477494843
-2340340.006857452  5617331.316482918 -3502570.438607302  20932.07946801632  204511.5154191143
 319823.4936177809 -3502570.438547715  4290020.512627757 -1092643.414661658 -14635.35156873136
  210671.253573838  20932.07931281023  -1092643.41458578  2365953.075524076  -1504897.36959232
 144972.7476977672  204511.5155218863  -14635.3516184651 -1504897.369593645  1170056.337601433

cov*(cov_.inverse()):
    0.9999999999818101  5.275069270282984e-11  4.615685611497611e-11 -1.455191522836685e-11  1.455191522836685e-11
-3.637978807091713e-12      1.000000000009095 -5.456968210637569e-12   2.91038304567337e-11                      0
 9.094947017729282e-12  1.818989403545856e-11     0.9999999999744205  1.455191522836685e-11                      0
 1.818989403545856e-11 -4.911271389573812e-11  5.684341886080801e-11      1.000000000029104  1.455191522836685e-11
-1.637090463191271e-11  3.274180926382542e-11  2.273736754432321e-12  1.455191522836685e-11                      1
