5
2

 0.000130327610096592
0.0004247478103716667
 0.000814460426241077
  0.09536377426140574
   0.6310520569307756

-0.05043071646013226   0.6663261270728943  -0.7382170680833332  0.08376563348011448  0.03853718017029325
 -0.1467831856956976   0.4613889811960485   0.3435325389275872  -0.7932647014763122   0.1352457486117712
  0.6192968864146107  -0.3357358350504507  -0.3648640792970218  -0.3878757291344985   0.4692328184678292
 -0.6696925915609603  -0.2201701828928287  -0.1088896670608832  0.06763430852922403   0.6975711892634665
  0.3793344678774573   0.4265398457809358   0.4382216324355976   0.4568286890044535   0.5229134452366417

0.3980399338470062
0.3957972670212269
0.3952991372773491
0.3943617755571165
0.3911031771428275

0.01483680154659776
 0.4001506885583957

 0.3920110861185662  -1.402057530365532   3.614021434190396   1.133797774962219  -3.737280391182479
  1.513434051142476  -1.924719979160068   1.703016041316642 0.09590081005839465 -0.3865813409127695

-6.235264893848852e-08 -1.565520383584527e-07 -1.856414078696858e-06   -0.02617052840707284     -0.120228832630385
-4.455027925450341e-08 -1.178998458737266e-07  4.931968199406644e-07    -0.0094433985262497     0.1358303750605274

cov:
0.06138160844400913 0.06577434684022898 0.06686126543572637 0.06859699499774249 0.07474362235857542
0.06577434684022898 0.07289283185498097 0.07465426067706182 0.07746131594124865 0.08742501745909262
0.06686126543572637 0.07465426067706182 0.07658268704215035 0.07965495184457183 0.09056354854658949
0.06859699499774249 0.07746131594124865 0.07965495184457183 0.08314871999086394 0.09555806024416064
0.07474362235857542 0.08742501745909262 0.09056354854658949 0.09555806024416064  0.1133159614077131

cov.inverse():
 847379.2983991615  -2667190.98902423   1571700.21672217  34573.91930905343  213566.1619554882
-2667190.988770113  27489616.69232407 -27896734.26293195  1453681.087438143  1620174.221310256
 1571700.216349076 -27896734.26148659  32939336.23111722 -4937799.692375997 -1675480.670088424
 34573.91941646138  1453681.086139525 -4937799.691080275  4127885.489759195 -678989.4524224184
 213566.1619670392  1620174.221417838 -1675480.670312073 -678989.4523179187  520799.7278444048

cov*(cov_.inverse()):
     0.999999999996362 -2.328306436538696e-10 -2.473825588822365e-10  5.093170329928398e-11 -1.455191522836685e-11
 1.091393642127514e-11     0.9999999996216502 -5.820766091346741e-11  1.455191522836685e-11 -1.455191522836685e-11
-2.546585164964199e-11  3.201421350240707e-10     0.9999999990977813  3.637978807091713e-11  1.455191522836685e-11
 3.637978807091713e-12 -1.164153218269348e-10 -3.492459654808044e-10      0.999999999992724 -7.275957614183426e-12
 1.455191522836685e-11   2.91038304567337e-11                      0   2.91038304567337e-11                      1
