7
2

0.0001217217919283236
0.0003586088431323502
0.0004012707880608146
0.0004318320587124978
0.0008255301197775297
   0.1039836044772073
   0.7653385986114254

 0.04050891395685984  -0.6392493296102972   0.7594902149342239  -0.0562124901175092 -0.06688982989690359 -0.06652028037319734  0.02889454640950602
 0.04633027716800425  -0.1522357036925319 -0.06350134606962725   0.1046074513767412  -0.3252721447833429   0.8186791612272275  -0.4285616862283781
 -0.1220596569872923   0.3665715181766246   0.2272854497957939  0.02238655264020629  -0.8149146409542567 -0.04330972911866891   0.3641501394918054
  0.1087715555838199  -0.3483318643945977  -0.2756920331357204   0.8372203490629538  -0.1779188501722978   -0.226745960638828  0.08258815297002231
  0.6218437624117503  -0.3201782258101187  -0.3512169879250024  -0.3762579911468401  -0.1451992528486511   0.1098537913803658   0.4612180740704648
 -0.6979653365025883  -0.2958023861580434  -0.1962438750329188 -0.03836174280496502   0.1343093710736549   0.3024682995488034   0.5252008912739209
  0.3092530457893978   0.3499452406925773   0.3600172059056076    0.376054074880401   0.3935237769311551   0.4104815370469315   0.4330309124505861

0.3984882333226088
0.3962730941875605
0.3957826089275248
0.3948568641676886
0.3938806500234661
0.3929242152610489
0.3916373708825688

0.01466021133673067
 0.4005803194288364

   0.44403649937606  -1.043946810571078   2.908590604358821   1.007515193800853  0.8084289880048247 -0.4199418483662574  -3.704479370948624
  1.493287456897633  -2.077527663016277   1.857102153564433 0.05422486189143259  0.6536811725255389 -0.8670915785784773  -0.112695971131059

 4.007129655645667e-08   1.39021214953543e-07 -2.806297995095271e-07  1.846415453272593e-08 -1.814391494841968e-06   -0.02783807942379554    -0.1525147232265515
 4.158388261097459e-08 -7.728810815330803e-08  -1.70148870046696e-07  9.146905703750271e-08  4.627231623461108e-07    -0.0111143754216344      0.161826865501484

cov:
0.06128666335631754 0.06562229563042772 0.06669540316774275 0.06840887704195353 0.07027036343402791 0.07207317535086308 0.07447705226527866
0.06562229563042772 0.07267730225482327 0.07442338579995526 0.07720554857946711 0.08023415884196149 0.08317226002593656 0.08708195180814589
0.06669540316774275 0.07442338579995526 0.07633609780263255  0.0793828344695009 0.08270038166129559 0.08591953691451351 0.09020200438876813
0.06840887704195353 0.07720554857946711  0.0793828344695009 0.08284998781514145 0.08662620966520779 0.09029170878167687 0.09516624024589465
0.07027036343402791 0.08023415884196149 0.08270038166129559 0.08662620966520779  0.0909039407258134  0.0950568030574971  0.1005779342502577
0.07207317535086308 0.08317226002593656 0.08591953691451351 0.09029170878167687  0.0950568030574971 0.09968416613034513  0.1058341831049666
0.07447705226527866 0.08708195180814589 0.09020200438876813 0.09516624024589465  0.1005779342502577  0.1058341831049666  0.1128187748531471

cov.inverse():
 850874.0471394318 -2575804.641869557  1400080.609365142  12050.45594498225  81401.23256673983  113859.2753728362  117544.7947973202
-2575804.641858957  29396453.46498045 -31495846.14618868  965330.3183224782  1816370.240998033  2174225.565001288 -281289.7497511226
 1400080.609414717 -31495846.14700929  39872860.76959272 -3945397.170647219 -4080640.814672442 -3596668.209919222  1846992.206820922
 12050.45587782703  965330.3193918776 -3945397.171820452  4268011.348322275 -842729.7302883472 -166360.8621534827 -291454.2354815478
 81401.23260219987  1816370.240347289 -4080640.813874683 -842729.7304538026  5449682.280023863 -1358264.393638448 -1066499.549017221
 113859.2752809273   2174225.56615356 -3596668.211103228 -166360.8620901512 -1358264.393677088  5815502.760314935  -2981991.66915745
 117544.7948607625  -281289.750490897  1846992.207609401 -291454.2355503804  -1066499.54896159  -2981991.66925639  2656818.862777051

cov*(cov_.inverse()):
     1.000000000014552 -4.329194780439138e-10  -4.94765117764473e-10 -1.455191522836685e-11  4.365574568510056e-11   2.91038304567337e-11  -2.91038304567337e-11
   1.2732925824821e-11     0.9999999996107363  5.820766091346741e-11 -1.455191522836685e-11  4.365574568510056e-11                      0   2.91038304567337e-11
-1.818989403545856e-11 -8.003553375601768e-11     0.9999999990686774  -2.91038304567337e-11  1.164153218269348e-10  5.820766091346741e-11  -2.91038304567337e-11
 3.637978807091713e-12 -5.420588422566652e-10 -7.566995918750763e-10       1.00000000001819  7.275957614183426e-11  5.820766091346741e-11                      0
   1.2732925824821e-11 -3.019522409886122e-10 -6.111804395914078e-10  1.818989403545856e-11      1.000000000029104  5.820766091346741e-11                      0
-1.455191522836685e-11 -6.184563972055912e-10 -5.238689482212067e-10  3.637978807091713e-12  7.275957614183426e-11                      1                      0
 5.456968210637569e-12 -9.094947017729282e-11  -2.91038304567337e-10  2.182787284255028e-11  4.365574568510056e-11                      0     0.9999999999417923
