5
2

0.0003749396364743574
0.0005299791897386521
0.0006979264147313413
  0.07646215183514653
   0.5850137910570348

  0.536157354613255 -0.8246424223555995  0.1138538140441742  0.1335835306285404 0.04114505703013975
 0.1619148407387034 0.01157622677743705 0.05393569654881499 -0.8010584266209808  0.5736252375022136
  0.267496382324566  0.1014011305232014  -0.884006015271447  0.2126123586637087  0.3024778439476838
-0.6739962223016729 -0.3616764592836314 0.01999932993291664  0.2763092117274278  0.5815259903391525
 0.4006165912802672  0.4227751361584055  0.4497350791649699  0.4678782340976705  0.4894852885055326

0.4005088161396805
0.4004494350431646
0.4004703822446571
0.4004401880594424
0.4003765630268246

0.0007476430883157059
   0.4007683503938297

  7.242205650850843  -6.296741696297987  0.6872119392538689  0.4441478628677668  -2.075712256400245
  3.002679033217147  -1.906260022007977 0.04946751719230458 0.01232235186921449 -0.1577990292186118

 1.283168119026491e-06 -1.150689529725293e-07  7.688501775328249e-08    -0.0214825315318354   -0.08895472249397153
  4.47419849541986e-07  1.029110472866344e-07     2.538131085595e-07  -0.008312001348932514      0.119023264611275

cov:
0.05758348977293783 0.05939076726022034 0.06158313075121953 0.06306081130123857 0.06482066288409839
0.05939076726022034 0.06193665065518639 0.06503029175449972   0.067113518643564  0.0695944963235775
0.06158313075121953 0.06503029175449972 0.06922497559786361  0.0720470151608897 0.07540839460838369
0.06306081130123857   0.067113518643564  0.0720470151608897 0.07536658459063086 0.07931921613689734
0.06482066288409839  0.0695944963235775 0.07540839460838369 0.07931921613689734   0.083976804332519

cov.inverse():
 2285165.541670234 -3082704.771346468 -20143.15796131168  164423.3817833996  653637.2817237017
 -3082704.77134655   4858971.47942215  -849671.431975612 -772374.2507672396 -154783.5422484034
-20143.15799349954 -849671.4319304718  1706887.135781728 -431489.6073512428 -405469.7405060332
 164423.3818428687 -772374.2508506273 -431489.6073441377  2504354.346413465 -1464815.453835272
 653637.2816965004 -154783.5422102368 -405469.7405001797 -1464815.453852095  1371422.947890555

cov*(cov_.inverse()):
    0.9999999999708962  9.094947017729282e-12                      0  4.365574568510056e-11                      0
-2.182787284255028e-11     0.9999999999708962  1.818989403545856e-11  5.820766091346741e-11 -1.455191522836685e-11
-5.820766091346741e-11  7.275957614183426e-11      1.000000000003638  1.455191522836685e-11 -1.455191522836685e-11
-2.182787284255028e-11  4.547473508864641e-11  1.091393642127514e-11      1.000000000014552  1.455191522836685e-11
 -2.91038304567337e-11  4.365574568510056e-11  7.275957614183426e-12                      0                      1
