5
2

0.0002705190294256447
0.0004144772454647321
0.0005704681834122092
  0.08305340435228432
   0.6470877568287925

  0.4632904623210597  -0.8306918653530362   0.2226568153349602   0.2051414071766615 -0.06044764681197515
 0.02639548266138976  -0.0459005848973834    0.564785499575393  -0.7871964452542987   0.2419411309585876
  0.4875139966289967 -0.01474751796001708  -0.6568031237861897  -0.3039883490047515    0.488173487664898
  -0.628938094906088   -0.369130281575034 -0.04613214776964706   0.1705053305780538   0.6610442233216054
  0.3891429067632279   0.4139680024841619   0.4448851127888299    0.465572524484005   0.5123648620852131

0.3990805912348372
0.3978859624354898
0.3964309941805839
0.3954284250993508
0.3931328460986798

0.01509628542348455
 0.4023057851797095

 0.7633686320885766  0.7726316835902671   1.250163977874014   1.151032530893685  -3.937048057716898
  2.884487791111896  -2.203943562669027  0.2318305754921507  0.6839551455042377 -0.5953334549877997

 3.397844474872862e-08 -2.006287792341213e-07 -8.891558641958268e-07   -0.02227522853421313    -0.1290638354076104
 2.484528072398137e-07 -6.428578267226105e-08  2.564170288187084e-07  -0.008886113121622043     0.1367784899505235

cov:
0.06613671540228151 0.06905453247119661 0.07269092007714785 0.07512199122362248  0.0806184719567571
0.06905453247119661 0.07269621443817388 0.07723282910958429 0.08026714347541247 0.08712900994321204
0.07269092007714785 0.07723282910958429 0.08288960593215951 0.08667418421871324 0.09523465174834664
0.07512199122362248 0.08026714347541247 0.08667418421871324 0.09096204666517592  0.1006607253603248
 0.0806184719567571 0.08712900994321204 0.09523465174834664  0.1006607253603248  0.1129364209803121

cov.inverse():
 3667423.533011283 -5288044.388251191  512456.7512253975  722352.3948905686  385737.6936671789
  -5288044.3882853  9442357.216076119 -2648573.787576126 -2104518.361276579  599356.4249556273
  512456.751400608 -2648573.787849039  3859836.726537866 -1350329.061808519 -373758.7183935042
 722352.3947096232 -2104518.360972861 -1350329.061920882  4466173.361712499 -1734077.240930906
 385737.6937070235  599356.4248907091 -373758.7183788304 -1734077.240920509   1123024.24529728

cov*(cov_.inverse()):
     1.000000000014552  5.820766091346741e-11 -7.639755494892597e-11   2.91038304567337e-11                      0
 1.455191522836685e-11      1.000000000181899 -2.182787284255028e-11                      0 -1.455191522836685e-11
-5.093170329928398e-11  1.455191522836685e-10      0.999999999992724                      0                      0
-5.093170329928398e-11  2.546585164964199e-10  -2.91038304567337e-11     0.9999999999417923                      0
-2.182787284255028e-11  1.309672370553017e-10  7.275957614183426e-12  -2.91038304567337e-11     0.9999999999854481
