6
2

0.0001729416171323931
0.0003635284294679367
0.0004417959675812736
0.0005586461289017646
  0.09210625748961568
     0.64229049211239

  0.3807078878692208  -0.7935192705984094   0.4733008035983701 -0.01739688576337908 -0.03002027195770325 -0.01308251709662495
  0.2529573592448412  -0.2217656688492658  -0.5354263106754729   0.1438208331332351   0.6874153850969298   -0.326996765502456
 -0.2967742815295344   0.1583771259171363   0.5070964274602949  -0.5108478363524478   0.4945454749818926  -0.3523551991028641
  0.3897766457515215  0.04408473881895972  -0.2491729580300058  -0.7359601807992646  0.06296943256965215   0.4883042105658143
 -0.6514242685830768  -0.3893225844950924 -0.09170263165549802  0.06482263476774137   0.2990656646084213   0.5674704654205469
    0.35597709626935    0.377555694302654   0.4020717507368897   0.4149795690347923   0.4342559424955967   0.4563814693670349

0.3968133767022084
0.3966479519862575
0.3964482037415131
0.3964530733151086
0.3962289385467331
0.3960372595792315

0.00221307280219613
 0.3973993035463438

  1.700932267921038   2.717960331296368  -3.308267057449918  0.9710184540397873  0.2788928703006261  -2.360659758821028
  2.377695935689434 -0.7912961062380464 -0.5754592471887271   0.145183931707739 0.02068133335354955 -0.1766392514993894

-9.180156501926788e-08  3.570959936066888e-07 -2.494969199619871e-07 -7.572890572441409e-08   -0.02592634897665295    -0.1038702606271892
 3.768255726045503e-08  1.556644591490859e-07 -2.194791287391588e-07  2.632360514800735e-07   -0.01079694146905746     0.1257765782851548

cov:
0.05587667924855212 0.05759700126279814 0.05955245767186446 0.06058301505518043 0.06211935941535486 0.06388533117968861
0.05759700126279814 0.06009236188633123  0.0629278719927301 0.06442131381977376 0.06665007788565834 0.06920976550790087
0.05955245767186446  0.0629278719927301 0.06676289765915029 0.06878202199454475 0.07179715036590067 0.07525824611647415
0.06058301505518043 0.06442131381977376 0.06878202199454475 0.07107807287581037  0.0745066243157171 0.07844196237760404
0.06211935941535486 0.06665007788565834 0.07179715036590067  0.0745066243157171 0.07855439260639303 0.08319892283628923
0.06388533117968861 0.06920976550790087 0.07525824611647415 0.07844196237760404 0.08319892283628923 0.08865690398137867

cov.inverse():
 6268307.108857986 -10710881.61905157  3917523.639227676 -88591.51715181895  260345.5075205757  353132.0935248155
-10710881.61882397  21559995.41617705 -11282506.86727606 -298262.1824731209  53094.42112573265   678870.347545995
 3917523.638648692 -11282506.86644669  11175610.11294524 -1597609.210197097 -2025599.622416629 -187488.4852002459
-88591.51696379139 -298262.1827449048 -1597609.210155488  3239205.946792037 -677279.7744671161 -577564.7440095393
 260345.5077790316  53094.42063147498 -2025599.622167398 -677279.7744798785  4871605.569822113 -2482029.124754926
 353132.0934297169  678870.3477102674   -187488.48524071 -577564.7440389189 -2482029.124754252  2214989.346386947

cov*(cov_.inverse()):
    0.9999999999854481 -1.964508555829525e-10 -1.091393642127514e-11  1.455191522836685e-11                      0                      0
                     0     0.9999999998981366 -2.364686224609613e-11                      0  5.820766091346741e-11                      0
-4.001776687800884e-11 -2.182787284255028e-11     0.9999999998981366  5.093170329928398e-11                      0                      0
 1.673470251262188e-10 -1.309672370553017e-10  2.000888343900442e-11      1.000000000014552  -2.91038304567337e-11                      0
 5.093170329928398e-11 -1.236912794411182e-10 -1.491571310907602e-10  1.455191522836685e-11      1.000000000029104  -2.91038304567337e-11
-1.091393642127514e-11                      0 -6.912159733474255e-11                      0                      0      1.000000000029104
