6
2

0.0001173740503345053
0.0003307301020952639
0.0003651780393786865
0.0005101632049240528
  0.09083927192256779
   0.7136361843966177

  0.1150319296819403  -0.7074998054588624    0.691994394157746 -0.06168273683009812 -0.05656650198494322  0.01873258428279161
  0.4381598338897046  -0.4295051413265492  -0.4379220716522367   0.2797847435276158   0.4884473248752385  -0.3389767850620898
  0.1787107758601308   -0.161236356070117  -0.2005723193903847   0.6239911368211858  -0.6761453492953617   0.2351564767594537
  0.5220300286933565  -0.1095977479909323  -0.2734850230850098  -0.5798962111317707  -0.1013058182137346   0.5423434709084124
 -0.6054748531380139  -0.3697537932788483  -0.2565299388611272   0.1199718931491183   0.3115221681157834   0.5651861716885578
   0.351754069018085   0.3744898694520092      0.3854051049539    0.421755767718917   0.4401567655621704   0.4646217943749373

0.3999049864717798
0.3987912151320534
0.3983223664282575
0.3964973799549956
0.3955806720373842
0.3943480187557541

0.01412011927084422
 0.4029331098499552

 0.9912794825612945  -2.017531732609594   3.966526103779085   1.178175053944404 -0.5013555850661222  -3.616943344804453
   2.83621595800645  -3.305251199235216   1.698839817002966   0.798351613551609 -0.8360732750439845 -0.1910316105191556

 5.750626459830935e-08  9.567232443844945e-08 -9.269661498792289e-09 -7.652473957085561e-07   -0.02418445681473358    -0.1438313394894482
 5.283046655081756e-08  1.966830069975228e-07  2.290502604884524e-07  2.332935181584275e-07  -0.009931632829648058     0.1500112896406651

cov:
0.06603846008958404 0.06893349796537554 0.07032313945604274 0.07495391870111504 0.07729328828363768 0.08040865949837937
0.06893349796537554 0.07255050527892717   0.074286779502134 0.08007074964632514 0.08299572896038343 0.08688771278068155
0.07032313945604274   0.074286779502134 0.07618954910558998  0.0825273463097928  0.0857335657247793 0.08999851520303256
0.07495391870111504 0.08007074964632514  0.0825273463097928 0.09070798477966394 0.09484979852310232  0.1003557263127658
0.07729328828363768 0.08299572896038343  0.0857335657247793 0.09484979852310232  0.0994671114544106  0.1056031579522423
0.08040865949837937 0.08688771278068155 0.08999851520303256  0.1003557263127658  0.1056031579522423  0.1125752830759741

cov.inverse():
 4002253.462169803 -8063825.402133822  3206465.076566456  278796.8999575518  374958.5362505585  201454.0146746398
-8063825.403091691  38261229.67366867 -33460078.96556223  1558834.437150044  1847170.008197346 -143698.2061501305
 3206465.077777789 -33460078.96737215  37100808.56613157 -4547600.375958219 -3673449.293355886  1374458.664079649
 278796.8997335357  1558834.437730921  -4547600.37627841  5203647.539105847 -1435431.739250367 -1058968.386237138
 374958.5362503409  1847170.008619971 -3673449.293874321 -1435431.739180441  5881103.713046458 -2994002.135159235
 201454.0146454487 -143698.2063016448  1374458.664319701 -1058968.386270387 -2994002.135185328  2620809.258369335

cov*(cov_.inverse()):
    0.9999999999890861  9.331415640190244e-10  1.164153218269348e-10  7.275957614183426e-11  -2.91038304567337e-11  -2.91038304567337e-11
-4.001776687800884e-11      1.000000000494765  1.120497472584248e-09 -1.455191522836685e-11                      0                      0
                     0  7.057678885757923e-10      1.000000000829459   2.91038304567337e-11                      0  -2.91038304567337e-11
-7.639755494892597e-11  5.766196409240365e-10   2.91038304567337e-10      1.000000000029104 -1.164153218269348e-10                      0
-2.546585164964199e-11  1.065927790477872e-09  5.529727786779404e-10                      0                      1                      0
-1.818989403545856e-11  4.856701707467437e-10  3.492459654808044e-10  1.455191522836685e-11                      0                      1
