5
2

6.899979157731903e-05
0.0001621043577201414
0.0003098098003679218
   0.1136744454732233
   0.5802848710205436

-0.02350970930761587  0.09834676259839734  -0.5102614265823039   0.7810102836038517  -0.3455885144241758
  -0.352728790689475   0.7212238482429405  -0.4391708854263064  -0.2475517600295412   0.3182225957479052
  0.5723416239556322  -0.3215225939935312  -0.5864752309990215  -0.1226504367359472    0.458314259905392
 -0.6322695325887803  -0.4521655138852777  0.00678419739784032   0.2894749108348409   0.5585157445190393
  0.3843045633801498   0.4029064961211125   0.4502921141063628   0.4794811877195496   0.5072584750847176

0.3998112089246107
0.3999180494651975
 0.400090894924673
0.4001763894835111
0.4002524836140556

-0.0006170883045553313
    0.3999132886755124

 0.5258858598172959  -0.525793486900505   2.120628007913974   4.391278081193638  -6.512040974703915
  1.484977944444408 -0.4165330708178173  0.0851264498478147  0.4228447670366338 -0.5764177637210814

 2.158610896295191e-08 -1.223331236322735e-07   -4.1241674320402e-07   -0.03161055810048171   -0.08505676896805817
  1.95264878230028e-09 -3.021156662688599e-08   5.93046934653341e-08   -0.01226961345836435      0.118375936337774

cov:
0.05489747815435176 0.05583317110021797  0.0582155318537502 0.05968321375882657 0.06107972479498448
0.05583317110021797 0.05730464353971925 0.06105191539429387 0.06336030044371246 0.06555690340379454
 0.0582155318537502 0.06105191539429387  0.0682771227888249 0.07272772796357514 0.07696306643055534
0.05968321375882657 0.06336030044371246 0.07272772796357514  0.0784978973756308 0.08398905449374068
0.06107972479498448 0.06555690340379454 0.07696306643055534 0.08398905449374068 0.09067539625135347

cov.inverse():
 8263697.004867627 -12083885.55913811   4917538.24140231  -1265110.66946161  167900.0780372356
-12083885.55841095  22903379.18962802 -20629347.95409876  9749743.473429691  59905.20639482349
 4917538.240162417 -20629347.95773079  65610936.80053093 -78818826.96003303  28920018.68764756
-1265110.669650628  9749743.484096374 -78818826.97916457  130609111.4267109 -60275309.14044199
 167900.0787389197  59905.20008730241  28920018.70190727 -60275309.14909584   31127643.5603403

cov*(cov_.inverse()):
    0.9999999998890416  7.548806024715304e-11 -6.984919309616089e-10  1.396983861923218e-09                      0
-1.346052158623934e-10     0.9999999998431122                      0  4.656612873077393e-10  1.164153218269348e-09
-9.094947017729282e-11  1.473381416872144e-10     0.9999999995343387  1.862645149230957e-09 -4.656612873077393e-10
-4.547473508864641e-11 -3.183231456205249e-11 -9.313225746154785e-10      1.000000002793968                      0
-3.819877747446299e-11  9.094947017729282e-11                      0                      0                      1
