6
2

0.0001177603321241716
0.0001492752135000934
0.0003213709195228044
0.0006145895711089602
  0.06143953649807009
   0.5936175135856002

-0.01690838005887188   0.2454615825073343  -0.6532313586476757   0.6680680786655528  -0.2573733784356665  0.01398201047130045
 0.07887190569641554   -0.598102223377976   0.4430786556732799   0.4780471617212528  -0.4563342810137272   0.0544444020155919
 -0.3359199549737348   0.5319209680448462    0.283083810135355  -0.1746731953407024  -0.6250967821691222   0.3206629255077768
  0.5592028821617158  -0.2173400209092018  -0.3416334414058482  -0.3456336374995429  -0.2421759872552813   0.5875629527396866
  -0.647938788678276  -0.3065507582663896  -0.1308137699370305  0.07734435069839359   0.3157322602733443   0.6028438500681755
  0.3848617618498921   0.3973315662957575   0.4037424955505426   0.4113398452760422   0.4200427501882636   0.4305399722208603

0.3835054260738359
0.3817085439234078
0.3808813076641804
0.3797558729010097
0.3784702436741165
 0.376927963674726

0.02629195433029909
 0.3871061865654752

  1.032927850156147  -3.045807402633776   5.417519175676784   10.99408377862208  -11.89156204497591  -2.507018505307745
  1.592776734326365 -0.6294371117031976  0.2111096747610164    1.19526974685437  -1.118962300272146 -0.2507291678793204

 8.412477143747077e-08  3.308879473334751e-07  4.415807974465978e-07 -1.134792483437507e-06   -0.01834495108611162   -0.06251592849535015
 1.059018511790921e-08  3.707898561914441e-08 -4.129269931504849e-08  2.515263508563027e-07  -0.004826779252568361     0.1275053606488485

cov:
0.05377917436540088 0.05463512823323041 0.05507472540245023 0.05559595599134583  0.0561932037865014 0.05691473015930999
0.05463512823323041 0.05598613176383278 0.05668036283089686 0.05750319022651532 0.05844582480999866 0.05958330619735772
0.05507472540245023 0.05668036283089686 0.05750570388809034 0.05848377758532066 0.05960420998476167 0.06095581342136396
0.05559595599134583 0.05750319022651532 0.05848377758532066 0.05964579860683943 0.06097684897603105 0.06258211507786611
 0.0561932037865014 0.05844582480999866 0.05960420998476167 0.06097684897603105 0.06254916354499539 0.06444495955252462
0.05691473015930999 0.05958330619735772 0.06095581342136396 0.06258211507786611 0.06444495955252462  0.0666911140616831

cov.inverse():
 2220373.131075202 -4468100.162301272  938271.9567074395  933923.6658342476  373161.5167991106  2456.323719028557
-4468100.162843204  23263147.16336216  -21800672.7071509 -1706916.033870786  4612744.917099165  99525.83168350933
 938271.9575808649 -21800672.71120278  40665732.04337773 -22130124.73216543  1555508.575654577  771425.2979123573
 933923.6656642929 -1706916.028385817 -22130124.74015436  43051663.10666437 -20910075.48020824  761634.8301612834
 373161.5165947932  4612744.915052922  1555508.581247969 -20910075.48398992  18060651.41284728 -3691938.177853075
 2456.323761798709  99525.83175472633  771425.2971294305  761634.8312690617 -3691938.178291911  2056801.033393522

cov*(cov_.inverse()):
     1.000000000006338 -3.183231456205249e-11  2.546585164964199e-10  5.820766091346741e-10  2.037268131971359e-10  -2.91038304567337e-11
 9.094947017729282e-13     0.9999999997553459  2.837623469531536e-10  2.110027708113194e-10  1.455191522836685e-10  -2.91038304567337e-11
 8.270717444247566e-12  5.002220859751105e-11      1.000000000029104  2.328306436538696e-10  1.455191522836685e-10  -2.91038304567337e-11
-7.844391802791506e-12 -5.184119800105691e-11  3.637978807091713e-11      1.000000000640284  1.746229827404022e-10 -1.455191522836685e-11
 9.748646334628575e-12  5.093170329928398e-11  4.074536263942719e-10 -3.637978807091713e-10      1.000000000407454 -5.820766091346741e-11
-3.612399268604349e-11 -4.547473508864641e-11  5.820766091346741e-11  6.548361852765083e-11  -2.91038304567337e-11                      1
