5
2

0.0004123077949676138
0.0005106351650444752
0.0007140969784322027
  0.09820628727974447
   0.5957977216322177

 0.1859152623777472 -0.5691315440910546  0.1503406560221431  0.6604186087802132 -0.4275157880817803
-0.2564380336067263  0.5548431149991182 -0.5490214766273823  0.5084151480597061 -0.2578334890647599
 0.4405317435839151 -0.3149322547742705 -0.6832947365866034  0.0735723687483803   0.484195071544008
-0.7507226359508092 -0.3044663595714677 0.05186425918491998  0.2717533916218727  0.5168906581875669
  0.376858536988237  0.4199479896971771  0.4543033203939463   0.475498158880765  0.4991305671148825

 0.399875558753538
0.3996024648687973
0.3993979603724911
0.3992191019814531
0.3990116492751902

0.00225751608610727
 0.4003593044052022

   1.175608681973706    1.238375645812093   0.7533241650633471  -0.1548603312932276    -3.01247975807727
   1.438056548641428  -0.2774738241773348  0.07948634632903745 0.005105589707935593  -0.2450137970031733

 1.381452820561031e-07  1.747084097219433e-07 -9.468847280134678e-07    -0.0271948694826727   -0.09652738432963297
 9.270738653462287e-08 -1.305300697244687e-07  2.796091031179019e-07   -0.01076550559253706     0.1212821693131402

cov:
0.05584997380084926 0.05838299103989333 0.06039895087589427 0.06164234393530021  0.0630290126382308
0.05838299103989333 0.06349629582820497 0.06757117369295428 0.07008500523698642 0.07288801505048276
0.06039895087589427 0.06757117369295428 0.07329007291969576 0.07681767309022688 0.08075134116446477
0.06164234393530021 0.07008500523698642 0.07681767309022688 0.08097168564888704 0.08560287456519386
 0.0630290126382308 0.07288801505048276 0.08075134116446477 0.08560287456519386 0.09101231244625982

cov.inverse():
 836155.9069766622 -1440138.363635054  114062.6548607758  285783.6747511798  204281.4711111939
 -1440138.36362183  3280536.960489985 -1249580.990687498 -1174595.989867707  583578.2480539116
 114062.6548597154 -1249580.990685521  2204547.330799129 -585028.1255915549 -483998.7211101393
 285783.6747088846 -1174595.989803085 -585028.1255904051   3567585.74458654 -2093700.036559287
 204281.4711413253  583578.2480005339 -483998.7211103702 -2093700.036535806  1789865.167998363

cov*(cov_.inverse()):
     1.000000000007276 -1.455191522836685e-11  1.455191522836685e-11   2.91038304567337e-11                      0
  -1.2732925824821e-11                      1                      0                      0   2.91038304567337e-11
-1.091393642127514e-11   2.91038304567337e-11      1.000000000014552  -2.91038304567337e-11   2.91038304567337e-11
-7.275957614183426e-12  7.275957614183426e-12                      0     0.9999999999708962   2.91038304567337e-11
-1.091393642127514e-11  7.275957614183426e-12                      0                      0                      1
