6
2

0.0001785118914563263
0.0002989642625711458
0.0005538634021304374
0.0007205210865252967
  0.09149991417068293
   0.6135745301588647

 0.04820364117526097   0.1179200508592439  -0.7392743966710635   0.6583214340589963 -0.03191973933881644 -0.05327904567917618
  0.2923636783932094  -0.8193874055357526   0.2589133022844811   0.4075041324900476 -0.08229941660531825 -0.05708633055192866
 -0.1762748086817678   0.1430869110396016   0.1874096592672068   0.1957782488665473  -0.8128766486145247    0.462853517578367
  0.6351976847712425  -0.1421326814369159  -0.4034004139095027  -0.4421831509182096  -0.1029071288196141   0.4554936795045516
 -0.5828631407558118  -0.3533127414319445  -0.1740764968992731 -0.02249795428312512   0.3654943562486659   0.6091352532244708
  0.3713778948289317   0.3862559834530507   0.3978446521257379   0.4076665939587238   0.4327395160979196    0.448496228112935

 0.396564468881973
0.3961158137762736
0.3958589027148739
  0.39554088100234
0.3947090020761346
0.3941871718564214

0.006684049016926583
  0.3976079923625923

  1.942753699254598  -3.678094771805806   8.046865853581943  -3.030282865092422 0.04789079230115874  -3.329201464527139
  1.653942220560495  -0.715691971581558  0.7147484199028057 -0.3861366295497705 0.02368839324150601 -0.2905680946064936

-2.583725046824773e-07  4.126186931020092e-07 -4.705189478287927e-07 -8.673539984182414e-07   -0.02658910254172707   -0.07738151332890593
-2.461816017952476e-08  9.941921031829994e-08 -1.501144019058122e-07  4.671977556433275e-07  -0.008332296872969099     0.1297604395876895

cov:
0.05476835450832274 0.05572804184902191 0.05647358941895359 0.05710714420312007 0.05871949181067932 0.05973368159116974
0.05572804184902191 0.05721268145512989 0.05836760543360067 0.05934749095901211  0.0618457515675875 0.06341633626377766
0.05647358941895359 0.05836760543360067 0.05984221548440327 0.06109239392970565 0.06428217962628449  0.0662870622204897
0.05710714420312007 0.05934749095901211 0.06109239392970565 0.06257131692891492 0.06634615023190339 0.06871848062198276
0.05871949181067932  0.0618457515675875 0.06428217962628449 0.06634615023190339 0.07161840242913642 0.07493060202994006
0.05973368159116974 0.06341633626377766  0.0662870622204897 0.06871848062198276 0.07493060202994006 0.07883391470843677

cov.inverse():
 1907765.502543377 -2757968.552847777 -872619.2253711729  1675262.774896212  23676.18339549363  23976.80944438714
-2757968.552892792  8053756.400707042  -4911361.59361274 -1087333.122426354  285364.2347441159   417345.620141879
-872619.2252574523 -4911361.593866515   18328479.8348304 -13628822.03742535  85456.65624415384  999479.2057954578
 1675262.774839727 -1087333.122230473 -13628822.03759812  15959573.92679332 -1465775.718818371 -1453518.715400197
 23676.18335419956  285364.2348318387  85456.65624591423  -1465775.71887629  2282159.418304311 -1210816.305676935
 23976.80947346421  417345.6200670319  999479.2058264096 -1453518.715375649 -1210816.305686664  1223591.384215894

cov*(cov_.inverse()):
      1.00000000001387   8.36735125631094e-11 -2.110027708113194e-10 -1.455191522836685e-11  1.455191522836685e-11                      0
-2.273736754432321e-11      1.000000000080036  2.182787284255028e-11 -5.820766091346741e-11 -1.455191522836685e-11  1.455191522836685e-11
 1.182343112304807e-11  4.365574568510056e-11     0.9999999996798579   1.01863406598568e-10                      0                      0
 8.412825991399586e-12   1.01863406598568e-10 -7.275957614183426e-11     0.9999999999272404   2.91038304567337e-11  1.455191522836685e-11
                     0  7.275957614183426e-12 -1.455191522836685e-11 -7.275957614183426e-11                      1                      0
-5.002220859751105e-12  4.365574568510056e-11   2.91038304567337e-11   2.91038304567337e-11                      0                      1
