5
2

0.0001333489731297708
0.0002617046380360069
0.0005266524854768483
  0.05972800379484242
    0.571105451811269

-0.04887558016299526   0.3184528621858512  -0.7657757977680749   0.5536189698288384  -0.0573795784900368
 -0.3848469817271138   0.7344044929696985 -0.05624756721852234  -0.5115995169809268   0.2182773162019608
  0.4483448104177561  -0.2479749671270118  -0.4507421256993515  -0.3763012095060451   0.6266771756607553
 -0.6907221405419744  -0.3340975517275863  0.06317520257253093    0.278119082639376   0.5744044047067339
  0.4139973838755993   0.4314221330432054   0.4508481658325961   0.4613232555016685   0.4758128776770723

0.3982643091532115
0.3979914896492217
0.3976530453221721
0.3975370367644294
0.3972678825654841

0.004317959678503387
  0.3990321455219861

  0.04356764939268813     4.534206081371238     6.217408483098669    -8.643376664086384    -2.152224195455127
    1.518968781948998 -0.008564627038514516    0.2787033029247455   -0.5741048489017532   -0.2147477467115431

 -1.41917429733276e-07  4.736465014327844e-07 -5.557022415758101e-07   -0.01709624922029651   -0.07636929345319084
-1.059635840372172e-08 -2.463558238267243e-08  1.772296134831247e-07  -0.004679540653389587     0.1251740223485758

cov:
0.05760413763518135 0.05907812401383958 0.06072229527476208 0.06160712205934536 0.06283368306850123
0.05907812401383958 0.06110507304883327  0.0633650436262688 0.06458282171928552 0.06626853408590258
0.06072229527476208  0.0633650436262688 0.06631120573973145 0.06789997730603604 0.07009732084179712
0.06160712205934536 0.06458282171928552 0.06789997730603604 0.06968940302569565 0.07216342603711108
0.06283368306850123 0.06626853408590258 0.07009732084179712 0.07216342603711108 0.07501941571053544

cov.inverse():
 3021689.762420918 -5402754.876823476  1692259.509853818  744710.5173714217 -55918.47470687811
-5402754.877123334  13799782.51202051 -13914262.83697049  4765207.392649473  752638.2932281713
  1692259.51084088 -13914262.83885942  33756666.49144582 -22809793.18410862  1273374.956354373
 744710.5165876203  4765207.394628627  -22809793.1856861  21568327.18690092 -4267098.092227522
-55918.47461033852  752638.2928382159  1273374.957029925 -4267098.092609691  2296826.366885953

cov*(cov_.inverse()):
     1.000000000000909 -2.182787284255028e-11 -3.346940502524376e-10  1.164153218269348e-10                      0
 3.274180926382542e-11      1.000000000123691 -5.820766091346741e-11 -5.820766091346741e-11   2.91038304567337e-11
  1.77351466845721e-11   2.91038304567337e-11     0.9999999994761311  5.820766091346741e-11                      0
-1.500666257925332e-11 -7.275957614183426e-12 -5.820766091346741e-11                      1                      0
 1.182343112304807e-11 -7.275957614183426e-12   2.91038304567337e-11 -5.820766091346741e-11      1.000000000029104
