5
2

0.0001399284573929326
0.0004712320038531002
0.0005530559266804371
  0.05714312541067374
   0.6185207928169485

  -0.604870556554888   0.7891327686280185 -0.05412080487944056 -0.06631733071924628 -0.06382815535430485
 -0.1997970943026973  -0.1257589731370646   0.1142577305246903    0.779769409754989  -0.5684809938858235
  -0.281215712425935  -0.1893279889490387   0.8827974296735929  -0.3079929406010337  -0.1043153027456285
 -0.5873569057839391  -0.3807815684730372 -0.09518924593842575   0.2769102069451685   0.6513654942398999
  0.4124831138772468   0.4249876043659574   0.4422938108474054   0.4647824922328104   0.4874388543205724

0.3975989790932751
0.3974701087501171
0.3971753627872652
0.3967966599765777
0.3964131145394737

0.004474922857068271
  0.3990160140926411

     6.33063137676132    -3.329807151080415    0.3721033101905137   -0.1776315599773209    -3.195670297755596
    4.914411331369913    -3.396406298875024 -0.005009309090141578  -0.03875593334913638   -0.4740389007279671

-1.225952480984323e-07  1.942118227461947e-07 -1.325304458844934e-07   -0.01507465078421759    -0.1069365997241934
-1.100335733035292e-07  -7.01858172755037e-08 -2.086073048562024e-07  -0.006244147378313724     0.1271607992875056

cov:
0.06621754453828035  0.0677945662217222 0.06997769897812023 0.07281289326452851 0.07566999896674267
 0.0677945662217222 0.06957079187942866 0.07202936832051982 0.07522311673465025 0.07844117430385157
0.06997769897812023 0.07202936832051982 0.07486923457941225 0.07855852448390171 0.08227578038791881
0.07281289326452851 0.07522311673465025 0.07855852448390171 0.08289393869958156 0.08726081844852712
0.07566999896674267 0.07844117430385157 0.08227578038791881 0.08726081844852712 0.09228234574233612

cov.inverse():
 19124267.89150993 -24090845.36652819  757492.9786461163  1630218.916580434  2579077.332187491
-24090845.36640593  31992918.88422682  -2792363.91613147 -2923788.060556602 -2186028.341813119
 757492.9785693754 -2792363.916069617  2756297.425756679  -304402.927085795 -417168.2141961909
 1630218.916396513 -2923788.060275563 -304402.9271691628  3272955.743556288 -1674958.543322998
 2579077.332325901 -2186028.342033759 -417168.2141277096 -1674958.543309252  1699110.957832484

cov*(cov_.inverse()):
     0.999999999650754 -3.201421350240707e-10 -7.275957614183426e-12  1.455191522836685e-11 -1.455191522836685e-11
 -2.91038304567337e-10     0.9999999997380655 -1.818989403545856e-11  -2.91038304567337e-11  -2.91038304567337e-11
 -2.91038304567337e-10 -2.037268131971359e-10      0.999999999992724                      0 -5.820766091346741e-11
-1.746229827404022e-10 -2.037268131971359e-10 -4.365574568510056e-11     0.9999999999708962 -5.820766091346741e-11
-1.455191522836685e-10  5.820766091346741e-11                      0                      0     0.9999999999708962
