6
2

0.0002694916718220045
0.0003841632973476919
0.0004825780391789674
 0.000683177816274574
   0.1162054649472634
   0.6327600291455217

   0.5048369699569296   -0.7862544898755399    0.3504985832754774  0.002680903343324925 -0.008345658775164027  -0.06338309533319764
  0.05976196083197317  -0.07744845799497618   -0.3268702855384186   0.01162978828434615    0.8099117479409458   -0.4769630692154835
  -0.1217352012324481    0.1429980279243258    0.5112936992875183   -0.8001512170476514    0.2505540365937495   0.01707520024114225
   0.4277033430605016  -0.03211447781645344    -0.584688903212161   -0.4148243048676213   0.05727472173852063    0.5466422957024801
  -0.6517824720695743   -0.4717438520467903  -0.02166851992053712    0.1029996479850376    0.2911760033639662    0.5067301352626761
   0.3449610731964769    0.3630200764215966    0.4081111053718272    0.4206274589763975    0.4394680040551203    0.4610900366881137

0.3964361780496558
0.3962827727018556
0.3958003291412228
0.3957506260524317
 0.395468659191326
0.3952013267444223

0.00289642307696929
 0.3970128927858566

-0.01884387092465591     3.29021424022652   -2.707851532102551    1.314036745649535   0.7373572560700725   -2.615056289308941
   1.473390220410797  -0.1022310279424415  -0.3906503974198378   0.1538180741985276  0.07015235001606943   -0.204226920635719

-2.456520974989412e-07  3.673198097416267e-07 -4.245552452815063e-07 -2.160199551599252e-07   -0.03316866163416086   -0.09857581074284695
  5.08416994477155e-08  5.603329485197205e-08 -1.170712756101853e-07  3.222491696378717e-07   -0.01311016190084433     0.1253543816518831

cov:
0.05338186063949086 0.05429136746172519 0.05655780885873872 0.05718933090608049 0.05813537700558811 0.05922464958620808
0.05429136746172519  0.0557693977798768 0.05945613060494325 0.06048115325160332 0.06202086769202729 0.06379044435311815
0.05655780885873872 0.05945613060494325 0.06669262112038282 0.06870110791316617 0.07172458048608855 0.07519448372776516
0.05718933090608049 0.06048115325160332 0.06870110791316617 0.07098263511198469 0.07441707284935324 0.07835826083465394
0.05813537700558811 0.06202086769202729 0.07172458048608855 0.07441707284935324  0.0784722599463504 0.08312419242639824
0.05922464958620808 0.06379044435311815 0.07519448372776516 0.07835826083465394 0.08312419242639824 0.08859110979045826

cov.inverse():
 3989033.603426424 -5600938.735490103  1500959.882094571  61470.57666534135  191453.5246439217 -141750.0828484661
-5600938.735501654  8642754.141879663 -3268814.375392172 -497910.1444637703 -184779.2376910495  909349.8687515421
 1500959.882129123 -3268814.375431539  4270513.678192569 -1249896.609185746 -1355763.375405953   103200.957895142
 61470.57681819443 -497910.1446976332 -1249896.608991579  3118923.305222219 -848258.7861195067 -584436.8943914678
 191453.5243253373 -184779.2372185623 -1355763.375762663 -848258.7858836101  4722274.137872907 -2524777.402603576
-141750.0827057492  909349.8685407547  103200.9580528512 -584436.8945142108 -2524777.402570458  2238302.079805195

cov*(cov_.inverse()):
    0.9999999999818101  1.455191522836685e-11  2.455635694786906e-11 -1.455191522836685e-11   2.91038304567337e-11                      0
-5.638867150992155e-11      1.000000000043656 -1.000444171950221e-11                      0  -2.91038304567337e-11                      0
-3.637978807091713e-11  1.455191522836685e-11      1.000000000022737 -1.455191522836685e-11   2.91038304567337e-11                      0
-4.365574568510056e-11  4.365574568510056e-11 -1.000444171950221e-11     0.9999999999781721  -2.91038304567337e-11                      0
-2.364686224609613e-11   1.01863406598568e-10 -4.729372449219227e-11                      0      1.000000000029104   2.91038304567337e-11
 1.818989403545856e-12   2.91038304567337e-11 -1.818989403545856e-12 -2.182787284255028e-11                      0                      1
