5
2

0.0003549876269964781
0.0004569691963102938
0.0008087679463857717
   0.1112296257907238
   0.5815975922464954

   0.503328459661839  -0.7540074408503439   0.1341616057683466   0.3351596947162014  -0.2186364183116726
  0.2495783218300465  -0.2664074016084249   0.2446908350518875  -0.7387770584502571   0.5109526502426041
  0.3698004018141265  0.02806927625462619  -0.8494340213937538  0.08616384574143808   0.3653729786595255
 -0.6321347883376855  -0.4431658729357201 -0.02120364717537059    0.319130821561679   0.5492863938914022
  0.3847393860242515   0.4041237438040791   0.4473693188234609   0.4822942539174001   0.5058779988783341

0.4004049120131407
0.4004079096814374
0.4003999117988759
0.4002973534636983
0.4002117736378382

0.0007826984990669252
   0.4006902568433479

      0.2251034590524     1.966561151722593    0.5489400537531127    0.1663989323391835    -2.907168718156275
    1.532074598339939   -0.3284224949410969   0.05339236780885308 0.0006566018047846067   -0.2576279043326851

-7.617313679887328e-08  -4.05480421439823e-07 -8.998585441277777e-07   -0.03178638241373659   -0.08913048898480225
 1.364100160151462e-07  7.325658121493218e-08  2.733613408114487e-07   -0.01194353781615384     0.1185926741618759

cov:
0.05501403221311891 0.05605864303328236 0.05838642832052353 0.06027007358657465 0.06153936860683162
0.05605864303328236 0.05767248169386504 0.06127034070911398  0.0641785270776548  0.0661404357344345
0.05838642832052353 0.06127034070911398 0.06770432253165157 0.07289949965455801 0.07640783787793168
0.06027007358657465  0.0641785270776548 0.07289949965455801 0.07994106613137253 0.08469701206849414
0.06153936860683162  0.0661404357344345 0.07640783787793168 0.08469701206849414 0.09029687533311005

cov.inverse():
 2517763.755984311   -3314135.9923692  348083.5296857976  504406.4779383179 -56050.93931407906
-3314135.992396499  4852635.684506308  -1151363.96736042  -1059203.52202433   671994.489689132
 348083.5297422847  -1151363.96743338  1532647.731596384 -620750.0372400443  -108528.142483478
  504406.477916035 -1059203.521983636 -620750.0372646935  3516451.564819661 -2341027.254051137
-56050.93932097949  671994.4896940917 -108528.1424753012 -2341027.254057373  1833670.819176516

cov*(cov_.inverse()):
     1.000000000028649  7.275957614183426e-12 -4.547473508864641e-12                      0  1.455191522836685e-11
  1.77351466845721e-11      0.999999999992724  3.637978807091713e-12                      0                      0
 4.274625098332763e-11  7.275957614183426e-12     0.9999999999890861                      0   2.91038304567337e-11
 3.637978807091713e-12  8.731149137020111e-11 -3.274180926382542e-11                      1   2.91038304567337e-11
 1.182343112304807e-11  6.548361852765083e-11 -9.094947017729282e-12                      0                      1
