5
2

0.0002701695771141505
0.0005284509095004853
0.0007954026913545027
  0.08802889729891321
   0.5626518838147341

 -0.2880152252897847   0.7152503914177387  -0.6216908805013375  0.09190343216973444   0.1025588408424238
 -0.4528234757148245   0.4081411199771705   0.5971256026665603  -0.5203675518984439 -0.03209909027751912
  0.4063719629084743 -0.03390985881030964  -0.2377221790689711  -0.6870826019580684   0.5523745223148954
 -0.6185386317266361  -0.3775631308890534 -0.01057172314521216    0.189115760638613   0.6625552890158046
  0.4053022559355856   0.4220591278828994   0.4475688416210519   0.4614369916372684   0.4943219686226669

0.4000751568326631
0.4000245257649532
0.4000160745920148
0.3999326738119429
0.3997604895694694

0.001196158089133163
  0.4004089851438618

  0.9536737556330483    1.055019923831376    1.520563613876264 -0.09190830957590788   -3.437561987977169
    1.56865553291715    -0.31225117040329  0.06161405553514773 -0.03592099538844348  -0.2821662974036938

-6.031943682823163e-08   2.97380822447925e-07 -1.167504392259586e-06   -0.02556618882293119    -0.0725938278212523
-5.442832229025418e-08 -2.159313352296874e-07  3.177361060422367e-07  -0.008111549388444722     0.1188783339829526

cov:
 0.0549689926264571 0.05596379218616628 0.05747785081233044 0.05830015203810569 0.06025061387160106
0.05596379218616628 0.05749787063616237 0.05983255634397695 0.06110121910554862 0.06410997608990839
0.05747785081233044 0.05983255634397695 0.06341708779732098 0.06536555709039273 0.06998614140346686
0.05830015203810569 0.06110121910554862 0.06536555709039273 0.06768442146583203 0.07318147605532289
0.06025061387160106 0.06410997608990839 0.06998614140346686 0.07318147605532289 0.08075884151156459

cov.inverse():
 2131797.516680948 -3505838.804823567  1332173.398137697  39802.82522259202   2112.80402458779
-3505838.804839167  7607132.219702204 -5206551.283388052  176865.7531209713  928431.0110415869
 1332173.398172961  -5206551.28345669  6661245.409426088  -1637269.40980483 -1149712.601490148
 39802.82520672469   176865.753176357  -1637269.40986021  1831542.177265686 -410924.6095472073
   2112.8040207936  928431.0110392388 -1149712.601468143 -410924.6095630705  630123.3346641628

cov*(cov_.inverse()):
    0.9999999999801332  -2.91038304567337e-11 -5.820766091346741e-11 -3.274180926382542e-11  1.455191522836685e-11
-3.893774191965349e-12      1.000000000014552   2.91038304567337e-11 -3.637978807091713e-11  7.275957614183426e-12
 1.867306309577543e-11 -4.365574568510056e-11                      1 -1.818989403545856e-11                      0
 8.327560863108374e-12  -2.91038304567337e-11  1.455191522836685e-11     0.9999999999854481                      0
  9.43600753089413e-12 -4.365574568510056e-11                      0                      0                      1
