5
2

0.0002815604861852734
 0.000360347443602154
0.0004912636652019407
  0.08723817650154111
   0.6585017079158947

   0.485839253449841  -0.7901485175663462   0.2651428838388586   0.2047200673677663  -0.1655732018219081
 0.05625051719659371 -0.08301274335173213   0.4818616455496187  -0.7994999521120084   0.3443166346220371
  0.4034265834992063  -0.1378421863321982  -0.6950775252175423  -0.1336580919791022   0.5632488542192349
  -0.673611877341127  -0.4310054597391123  0.07301565077293866   0.2701356598058566   0.5312031366845446
  0.3798554061133496   0.4049790488051969    0.457213904400871    0.477547652428105     0.50458450804421

0.4000309396516773
0.3988905634662415
0.3965461603562698
0.3956103726775517
0.3943526230217542

0.01442549640361986
 0.4031210051959879

 0.6651328903097912    1.52759398578598    1.70581265803739  -0.139364388685308  -3.759064373660212
  2.710745205613271  -1.796993343987311  0.9916062989340734 -0.6515746505390585 -0.2527635985605822

 1.286458403921477e-08 -5.847373358247067e-08 -7.786999256652154e-07   -0.02295605037515101    -0.1353340480925958
 2.305557870465005e-07  1.575570057588918e-07  1.440230975172204e-07  -0.009812641668146851     0.1372960156539464

cov:
0.06602108024520296 0.06891548106337939 0.07493543974129968 0.07727420787482954  0.0803892665802429
0.06891548106337939 0.07253172466120505  0.0800512999446181 0.08297549820233176  0.0868670517897895
0.07493543974129968  0.0800512999446181 0.09068756629514055 0.09482827902472955  0.1003336013565936
0.07727420787482954 0.08297549820233176 0.09482827902472955 0.09944428409857012  0.1055795506411523
 0.0803892665802429  0.0868670517897895  0.1003336013565936  0.1055795506411523  0.1125507939339218

cov.inverse():
 3676231.296366996 -5108710.144735781  671744.2858222517  684825.1123994351  75939.04677702441
-5108710.144578411  8007249.378996818 -2553744.216880182  -1453007.51311105   1108419.98860991
 671744.2853657558 -2553744.216274655  4676799.926076053 -1897222.571211017 -898235.0872542106
 684825.1126207166 -1453007.513447695 -1897222.571085939  5525287.080479059 -2859475.729641869
 75939.04685493463  1108419.988498308 -898235.0872302467 -2859475.729632141  2573384.449987626

cov*(cov_.inverse()):
     1.000000000008185 -1.455191522836685e-11                      0                      0                      0
  -1.2732925824821e-11                      1 -7.275957614183426e-11  5.820766091346741e-11                      0
-5.820766091346741e-11   2.91038304567337e-11      1.000000000058208                      0                      0
  4.18367562815547e-11                      0  -2.91038304567337e-11      1.000000000058208                      0
 7.275957614183426e-12 -1.455191522836685e-11 -1.455191522836685e-11                      0                      1
