6
2

0.0001346874522099795
0.0004506761266129032
0.0005190742625880647
0.0007417867136129514
  0.09058751335971862
   0.6596144261673171

-0.06384040453956293   0.6739975484333097  -0.7325100737462178  0.03751830464664548  0.04861369631918547  0.03619094722511846
 -0.1357113612224896    0.343649627655909   0.2909988967531634  -0.2632963441552261  -0.7016550180941092   0.4660067302876472
 -0.1950027159859091   0.3367411518839915   0.3109832880022711  -0.7058356894044122   0.4594496621258559  -0.2063267299810984
  0.5376213379660802  -0.3116415088123928  -0.3274607238337512  -0.5053657724118359   0.1203575284323532   0.4865509662093139
 -0.7267202482421544  -0.2573466597513975  -0.1234468012713192  0.06097311809916071   0.3016113625137549   0.5438052313442764
   0.349745261154324    0.388445493532387   0.3994601233342375   0.4146698765015209   0.4344739387330732   0.4544240869543046

 0.398406301195304
0.3977933233730886
0.3976763845774519
0.3974047506663493
0.3970407351628185
0.3966792415685332

0.004317727638604958
  0.3991755667664122

    0.869243400190529      1.54642612147776     1.019324069884682   0.07819210497696953   -0.3173318670508342    -3.196167232414904
    1.435786669449353   -0.4300704123133305    0.2778953505514881 -0.001977612076895369  -0.02709419610196473   -0.2542470417671623

 2.031107434438367e-09 -1.172509305185274e-07  3.035756742039645e-07 -1.090151787607573e-06   -0.02449136420966871    -0.1070187517441267
-1.080608586816861e-08 -7.326713677838946e-08 -8.001731596698525e-08  3.791050372823202e-07  -0.009138283368682913     0.1383507420961306

cov:
0.05755511130333897 0.06064474742262136 0.06152233851821461 0.06273704324003046 0.06431572963415087 0.06590734425655992
0.06064474742262136 0.06619445089433675 0.06777323300547919 0.06995427022490831 0.07279312446998397 0.07565337358741922
0.06152233851821461 0.06777323300547919 0.06955196658277241 0.07200852916975432 0.07520669482063916 0.07842866314703152
0.06273704324003046 0.06995427022490831 0.07200852916975432 0.07484520860074712 0.07853827338422043 0.08225880774150592
0.06431572963415087 0.07279312446998397 0.07520669482063916 0.07853827338422043 0.08287779021422831 0.08724830001609142
0.06590734425655992 0.07565337358741922 0.07842866314703152 0.08225880774150592 0.08724830001609142 0.09227380212461211

cov.inverse():
 981824.5783807825 -3149714.332246748  1838391.252187332  60959.07404112675  82792.66727195891  185930.9545506067
-3149714.332223353  26220420.76837195 -26149097.47547347  352540.4432358918  1125064.049249374  1599644.651584731
 1838391.252107029 -26149097.47497825  30549015.10435203 -2406115.029380393 -2509604.377914027 -1321410.713291586
 60959.07404260194  352540.4433619978 -2406115.029533177  2732107.712373837  -304020.007741625 -435603.9598453628
 82792.66741286735  1125064.047756144 -2509604.376392257 -304020.0077376696  3363992.755485924  -1758255.77098052
 185930.9544651263  1599644.652480008 -1321410.714245605 -435603.9598745166 -1758255.770807179  1729654.913634154

cov*(cov_.inverse()):
     1.000000000078217 -2.619344741106033e-10  8.294591680169106e-10 -1.818989403545856e-11 -1.455191522836685e-11  -2.91038304567337e-11
 6.002665031701326e-11                      1  5.238689482212067e-10  1.455191522836685e-11   2.91038304567337e-11 -7.275957614183426e-11
 3.092281986027956e-11 -1.164153218269348e-10      1.000000000291038 -7.275957614183426e-12                      0  -2.91038304567337e-11
                     0  2.328306436538696e-10  1.600710675120354e-10      1.000000000021828  -2.91038304567337e-11  -2.91038304567337e-11
 9.276845958083868e-11 -8.731149137020111e-11    7.8580342233181e-10  2.182787284255028e-11      1.000000000029104 -5.820766091346741e-11
 2.182787284255028e-11  5.820766091346741e-11  2.037268131971359e-10  7.275957614183426e-12                      0                      1
