6
2

0.0001677920603600953
0.0005301223623422573
0.0006041946481414605
0.0008079334098001503
  0.08776077120791431
    0.626516813453073

-0.08761745448539686   0.6874152008785676  -0.7173478915894864  0.02543075934681438  0.03371971428078088   0.0584104703847159
 -0.1591268753005713   0.3216331671702219   0.3225286742463941  -0.2040820890833538   -0.726190901710544   0.4452002614668975
 -0.3078419413243684   0.3822198013638208     0.38052999962166  -0.6100542739016616   0.4167843315300723  -0.2616541340784313
  0.4821291844696171  -0.2236202984913635  -0.2498865948964812  -0.6373376429682198   0.1543002612577921   0.4744409968666588
  -0.713993279117929  -0.2746412304299293  -0.1139330227684626  0.08456899825150974   0.2991204690811946   0.5524310705930523
  0.3605554121703209   0.3904953616537601   0.4014475459170284   0.4149534596544366   0.4295566906534044   0.4468195508194495

0.4009237854196953
0.4010706056132926
0.4010584746326113
0.4010319550661111
0.4010266432053607
0.4010095486048506

0.0002105720969681698
   0.4011416387074835

 0.5450252358231364    4.65081865626404  -2.116845367113488   0.203676610172413  0.1628744715097214  -3.445760885557971
  1.392055184323768  0.0516514958003329 -0.1916320130822596 0.01104348776843037 0.02623829939804842   -0.28937574311585

 1.260520856620288e-07 -2.718997134665115e-07  6.021729042509135e-07 -1.297525028680182e-06   -0.02513050116330714   -0.08726604463209285
 9.929282612662246e-10 -1.171459247197893e-07 -1.466766599814764e-07  3.702465661782671e-07  -0.008759802832429305     0.1302027830665022

cov:
 0.0549546563970421 0.05677556720202687 0.05744182847414044 0.05826169208374458  0.0591487428191818  0.0601990268014498
0.05677556720202687 0.06043562665453529 0.06177439603642484  0.0634245616897791 0.06520906911529911 0.06731923870525071
0.05744182847414044 0.06177439603642484 0.06335922405878727 0.06531312847610699 0.06742596508887294 0.06992388126771261
0.05826169208374458  0.0634245616897791 0.06531312847610699 0.06764266307998128 0.07016044067576545 0.07313714019598905
 0.0591487428191818 0.06520906911529911 0.06742596508887294 0.07016044067576545 0.07311733504242356 0.07661131339128713
 0.0601990268014498 0.06731923870525071 0.06992388126771261 0.07313714019598905 0.07661131339128713 0.08071709226109304

cov.inverse():
 978540.6394998663 -2808855.569184638  1544352.628667804   80115.9031341712  68723.74600498834   137160.912668047
-2808855.569326754  17628915.77483005 -16661673.99794335 -33058.09118661975  375708.1078776811  1499166.733537983
 1544352.628885407 -16661673.99852389  19139985.83580134 -1274114.083618391 -1317195.555985974 -1431695.172311171
 80115.90310491841 -33058.09096268268 -1274114.083829043  1812948.973069848 -289346.4097402625 -296506.5518132047
 68723.74595058811  375708.1082808125 -1317195.556404535 -289346.4097094984  2429223.692445481 -1267019.246597502
 137160.9126762039  1499166.733349381 -1431695.172044927 -296506.5518599388 -1267019.246636573  1358877.201082592

cov*(cov_.inverse()):
     1.000000000027285 -1.309672370553017e-10  4.365574568510056e-11 -7.275957614183426e-12 -1.455191522836685e-11                      0
 3.637978807091713e-12     0.9999999997671694                      0                      0                      0                      0
 5.456968210637569e-12 -3.783497959375381e-10     0.9999999997380655   2.91038304567337e-11 -1.455191522836685e-11                      0
 5.456968210637569e-12 -2.764863893389702e-10 -8.731149137020111e-11     0.9999999999890861 -1.455191522836685e-11  1.455191522836685e-11
-2.000888343900442e-11  8.731149137020111e-11 -2.182787284255028e-10  1.818989403545856e-11      1.000000000014552  1.455191522836685e-11
 5.456968210637569e-12 -2.037268131971359e-10 -5.820766091346741e-11  3.637978807091713e-12                      0                      1
