5
2

0.0001740270573664615
0.0004681807166429895
0.0005961905453463189
  0.08148905927041658
    0.584317370340334

   0.4129638018815955   -0.8080508517953968    0.4194117873489511 0.0002939537988750855  -0.02466547125341681
  0.01879080674228994    0.1020543096800636    0.2082921365876946   -0.8322791193940982    0.5031477682689426
  -0.4827510739432598    0.1608874568894537    0.7618877980926306  -0.04146067690052671   -0.3985907954416231
  -0.6612214024164567   -0.3655491958755817  -0.01890737497583797    0.2903469187653987    0.5869422631878639
   0.3985542140167579    0.4208654777940547    0.4470767638309742    0.4704158373674698    0.4928063466382627

0.3999887813723621
0.4000313207428572
0.4000849798987075
0.4001854415970141
 0.400205300965537

-0.0002683780044076275
    0.4000534314217886

  2.240607188490894   4.138316159939254  -5.878882708237348  0.9288956995876256  -1.428929234182729
  2.306471069802423 -0.5271848679928177 -0.7485467152581491 0.08869279634504437 -0.1196018152386592

-1.468489785861664e-07 -4.936564266305045e-07 -1.551102783505838e-06   -0.02292380961479255    -0.0890619149364769
 3.232992565107396e-08 -6.583949032741015e-08 -6.129910673095558e-07  -0.009048769233505024     0.1179643119914525

cov:
0.05713748732982117 0.05887517064085732 0.06091979730965724 0.06273795918368272 0.06448256449809354
0.05887517064085732  0.0613635308086689 0.06428851732822673 0.06689147145608208 0.06938891945436947
0.06091979730965724 0.06428851732822673 0.06824617345667677 0.07176964418943947 0.07515014599782943
0.06273795918368272 0.06689147145608208 0.07176964418943947 0.07611464877478215 0.08028245504221007
0.06448256449809354 0.06938891945436947 0.07515014599782943 0.08028245504221007 0.08520602061403799

cov.inverse():
 6288397.014859833 -11228090.47020192  4702074.445004948 -11058.49397771549  248096.5666671379
-11228090.47042713   21680115.5722108 -10748563.46064521 -414126.5829993854  711915.5011218874
  4702074.44541957 -10748563.46123869   7639312.65037047 -875687.4885670012 -717833.4766165304
-11058.49410143092 -414126.5827348462 -875687.4887279973  3165026.073786324 -1864177.478923051
 248096.5666014191  711915.5012256426 -717833.4766343738  -1864177.47894324  1622069.473361821

cov*(cov_.inverse()):
    0.9999999998963176  2.619344741106033e-10 -7.275957614183426e-11                      0  1.455191522836685e-11
 4.729372449219227e-11      1.000000000007276 -9.458744898438454e-11  1.455191522836685e-11                      0
 4.365574568510056e-11 -3.201421350240707e-10      0.999999999992724                      0  1.455191522836685e-11
 -2.91038304567337e-11  2.182787284255028e-11 -1.455191522836685e-10      1.000000000029104                      0
 3.637978807091713e-12  3.637978807091713e-11 -7.275957614183426e-12   2.91038304567337e-11                      1
