5
2

0.0003573253540131292
0.0004014642396902756
0.0007499681743266768
   0.1009436106436271
   0.6473376451776934

  0.1317104979965275  -0.5107808340414616    0.193303034645198    0.670431041290757  -0.4846766344318287
 -0.1371583181214606   0.5293166711433307  -0.6601221649602664   0.4726495421149401  -0.2045790680557127
  0.5496957560350044  -0.4352399123692975  -0.5716820005922743   0.0324096108854488   0.4248883403894956
 -0.7268875117911128  -0.3138771510274168 -0.04945089276150338   0.3006553997638384   0.5294115781346055
  0.3651151345628227   0.4134902102460594   0.4445300479484304    0.485469439746138   0.5122784829439728

0.3987764609388619
0.3965559207371015
0.3951364253213546
0.3932000121712587
 0.391908891507837

0.0146963530674649
0.4008717744797995

  0.2607051668467337    1.552380267661368    1.624845617900173   0.2945954479833492   -3.732117643994422
   1.406095237911824  -0.4010131554719112   0.4620316819812521  -0.4374525285812254 -0.02867480756333796

 1.994224333127784e-07  9.929898628114994e-08 -1.708409302249613e-06   -0.02694505139182594    -0.1296915320628717
 2.553062789296269e-08 -1.468312560483412e-07   3.69511485274894e-07   -0.01085963377461366     0.1365667996539976

cov:
0.06124664702021886 0.06558866108490649 0.06837922712427737 0.07204999271520778 0.07445756559572195
0.06558866108490649 0.07265009400422977 0.07718258612627901 0.08315639046866252 0.08706992538292005
0.06837922712427737 0.07718258612627901 0.08283158935718413 0.09028100346788089 0.09515960361063437
0.07204999271520778 0.08315639046866252 0.09028100346788089 0.09968217982343106  0.1058367172136725
0.07445756559572195 0.08706992538292005 0.09515960361063437  0.1058367172136725  0.1128259804961167

cov.inverse():
  789868.890797419 -1402692.086588324   202453.104374116   321016.859987302   89339.8198560804
 -1402692.08657198   4118504.74391621 -2498846.115396387 -1154854.274555769  938244.2584883479
 202453.1043594457   -2498846.1153568  3577392.248146885 -953786.1672086538 -327738.8041302787
 321016.8599641802 -1154854.274566215 -953786.1671432626  4908252.810444299 -3120385.109555101
 89339.81987752745  938244.2584755473 -327738.8041707528 -3120385.109523267  2420496.829284992

cov*(cov_.inverse()):
     1.000000000014552 -4.365574568510056e-11  2.182787284255028e-11  5.820766091346741e-11                      0
 5.456968210637569e-12     0.9999999999708962  1.818989403545856e-11                      0   2.91038304567337e-11
   1.2732925824821e-11 -1.455191522836685e-11       1.00000000001819                      0                      0
   1.2732925824821e-11 -1.455191522836685e-11 -3.637978807091713e-11      1.000000000116415  -2.91038304567337e-11
 9.094947017729282e-12 -1.455191522836685e-11  7.275957614183426e-12                      0                      1
