6
2

0.0002917251229352854
0.0004860681946748312
0.0005786868690991285
0.0007825106783563776
   0.1011557031234991
    0.624569095388927

 -0.2302828677986406   0.7250312536591151  -0.6405065756272826  0.08973295186474758  0.05474679183191598 0.001262825359818372
 -0.3388901266759338   0.3245189004897572   0.4108975964161541  -0.1756965528628535  -0.6375675425527785    0.416704308258551
  0.3838454007088907  -0.2531395516309397  -0.3988969840082958   0.5050572080683705  -0.5345566877706512   0.2977089787723167
  0.4269432556926092 -0.01824409959631063   -0.265071687108286  -0.7164359807561392  0.09964883889671171   0.4731946790979462
 -0.6094333862511951  -0.4019231052791056  -0.1888466017345464   0.1292459908734583   0.3252755676170557   0.5557670421436097
  0.3620723620157041   0.3782360402119533   0.3948033050692529   0.4195365235126245   0.4347706050838002   0.4526975582544623

0.4000246454049138
0.3999307035541477
0.3999105057472885
0.3996946742386719
0.3995680912218992
0.3994111003954225

0.001853835357831835
  0.4004412994018473

   1.780548039901433   -2.237281459146003     3.86806694714978   0.3403430308564089  -0.5134988238292654   -3.238554985230836
   1.633170352149754  -0.5696762732002475   0.2317990039567586  0.03357335164183436 -0.04617788952039645  -0.2827327972258075

-3.839287533328717e-07 -1.942070323223858e-07 -2.715598693193854e-07 -1.256349196089794e-06   -0.02905311472710493   -0.08619408181161604
-7.978164285453524e-08 -1.742111996257422e-07  2.130154293388634e-07  2.962287203352668e-07    -0.0100066641875436     0.1300489177137537

cov:
0.05493956813538682 0.05592821209433117 0.05693935410602349  0.0584490644205856 0.05937839385968799 0.06047316236066844
0.05592821209433117 0.05745982641845605 0.05902786452177565 0.06136884120477958 0.06281038737870882 0.06450748373779681
0.05693935410602349 0.05902786452177565 0.06116774697758975 0.06436203084815861 0.06632935520400264 0.06864477877043536
 0.0584490644205856 0.06136884120477958 0.06436203084815861 0.06883081984807927 0.07158269741520984 0.07482130212591136
0.05937839385968799 0.06281038737870882 0.06632935520400264 0.07158269741520984 0.07481913489172221 0.07862639000149622
0.06047316236066844 0.06450748373779681 0.06864477877043536 0.07482130212591136 0.07862639000149622 0.08310320348540932

cov.inverse():
 1846919.100024103 -2730206.636315394  501736.9881326204  88570.74497495384  223114.8663704951  70014.17306626409
-2730206.636344245  6814487.754357151 -4582904.925406638  162703.7225390202 -8225.427144209536    343961.43584493
 501736.9881932495 -4582904.925515868  6125104.622444499 -1272381.479743951 -927262.1007042248  155735.2904323674
 88570.74493412994  162703.7226866931 -1272381.479893278  1825241.803443142  -390943.233536356  -413196.211756633
 223114.8663700529 -8225.427210452539 -927262.1005752631 -390943.2336115458  2625256.229884842 -1521887.138583299
 70014.17307575197  343961.4358438804   155735.290404129 -413196.2117239186 -1521887.138596212  1365349.177790703

cov*(cov_.inverse()):
     1.000000000023647  1.818989403545856e-11 -4.365574568510056e-11                      0                      0                      0
 3.274180926382542e-11                      1  1.818989403545856e-11                      0  -2.91038304567337e-11                      0
 4.365574568510056e-11  5.820766091346741e-11      1.000000000040018                      0 -1.455191522836685e-11                      0
 2.819433575496078e-11  1.818989403545856e-11  1.818989403545856e-12      1.000000000007276  1.455191522836685e-11                      0
 2.546585164964199e-11  3.637978807091713e-12  4.911271389573812e-11 -1.455191522836685e-11                      1                      0
 1.182343112304807e-11  7.275957614183426e-12  2.364686224609613e-11  7.275957614183426e-12                      0                      1
