5
2

0.0002689699526475108
0.0004745142802145675
0.0007813166837485683
   0.1052196929334216
   0.5740102785233228

  0.5300106447340187  -0.7902755006365215   0.2960228016106942  0.03818366849593142 -0.07393144086972306
 0.07144630005250938  0.02305390860492263    0.175227698331987  -0.8157718666006024   0.5460544468339087
  0.3770444530696287 -0.08590540497850808  -0.8196696253254712   0.1247972607908727   0.4037636571347156
 -0.6483666240178229  -0.4487696662773846  0.05739026674506289   0.3001197772594354   0.5337236963726584
  0.3891559378277458   0.4076262975036009   0.4544379135432724   0.4768773763977525   0.4984702681718811

0.4000596386171948
  0.40015518946266
0.4002971285688903
0.4004042142452058
0.4004345122411126

-0.000455052319654529
   0.4001919385474759

   -0.304655716886022     4.810024521140181    -4.093887213856759     1.290453033802792    -1.702227413546376
    1.429165881049756 -0.001148568474653666   -0.3767082347144136    0.1085570532846347    -0.159981205846704

-3.616863346918248e-07 -5.877818240675107e-07  1.404845860515406e-06   -0.03008309009728103   -0.08283506374975758
 4.795300268766946e-08 -3.148776630421968e-08   4.86342204909374e-07   -0.01107708519497376     0.1174730187262384

cov:
0.05455260922401605  0.0554880160951665 0.05785686642774589 0.05899193620662237 0.06008385228832694
 0.0554880160951665 0.05697715086640125 0.06074948669056044 0.06255726363089936 0.06429671786860543
0.05785686642774589 0.06074948669056044 0.06808067120627725 0.07159427904111668 0.07497575905549977
0.05899193620662237 0.06255726363089936 0.07159427904111668 0.07592685192327144 0.08009560318850803
0.06008385228832694 0.06429671786860543 0.07497575905549977 0.08009560318850803 0.08502260837585789

cov.inverse():
 4138536.920583961 -5835410.577433392  1718047.867328443  97952.35235543783 -119015.2756662718
-5835410.577507168    8647224.7803932 -3100387.357303631  -518206.241627159  806676.1702395938
 1718047.867351141 -3100387.357292315  2448227.046139512 -646176.7591246272 -419699.7434996346
 97952.35261943805 -518206.2420235437 -646176.7589621919  3001228.702817045 -1934826.836755044
-119015.2758791955  806676.1705508942 -419699.7436280613 -1934826.836724998  1666894.232260448

cov*(cov_.inverse()):
     1.000000000023647                      0 -7.275957614183426e-12  -2.91038304567337e-11  1.455191522836685e-11
 2.182787284255028e-11     0.9999999998908606  1.818989403545856e-11  1.455191522836685e-11  -2.91038304567337e-11
  2.91038304567337e-11                      0       1.00000000001819  -2.91038304567337e-11                      0
 2.000888343900442e-11 -8.003553375601768e-11 -7.275957614183426e-12                      1                      0
 2.000888343900442e-11 -1.455191522836685e-11  1.455191522836685e-11                      0                      1
