5
2

0.0004203890201765349
0.0006654862154957974
0.0008210032773880083
  0.09702757811657901
   0.5821099079048961

 -0.2919502169407479   0.8439808551641047  -0.2862084135970402  -0.3393372982528544  0.07345970967432008
 -0.1784365620819963   0.1453910615630317  -0.4297475753313967   0.8037644776093767  -0.3410300845380709
 -0.4717470023468281   0.1492526396022498   0.7299817032521744  0.06015688940557162  -0.4676390455497085
 -0.7154594985796503  -0.2491614062453838 -0.01632072683284539   0.1472263766989809   0.6356841412287356
  0.3853542990671641      0.4268489177023   0.4475065499808382   0.4620805181014611   0.5054913927676343

0.4004404545768262
0.4003518640617756
0.4003438464732379
0.4002801678417354
 0.400078125068129

0.001173490426885353
  0.4007767607185286

 0.8794138649220919   1.581386350898627   0.197369633513539  0.4471264823748539  -3.105349977278474
  1.426844054318299 -0.2855168973013269 0.04631352445817409 0.05391831128554825 -0.2414797942187969

 1.133846546022726e-07  6.229360372349445e-07  9.735400795161589e-07   -0.02762753859752753    -0.0884051437101316
-1.249157314882894e-07 -8.429020582676617e-08 -3.813394432877234e-07   -0.01031842881161866     0.1191207449923548

cov:
0.05513803307386244 0.05741524668157086  0.0585442805982396 0.05934585353486382 0.06172454839121794
0.05741524668157086 0.06232343026884194 0.06476500107664873 0.06648933204983148 0.07162238241872336
 0.0585442805982396 0.06476500107664873 0.06786216934363648 0.07004645297839113  0.0765540976012431
0.05934585353486382 0.06648933204983148 0.07004645297839113 0.07255549753521316 0.08002920566106045
0.06172454839121794 0.07162238241872336  0.0765540976012431 0.08002920566106045 0.09038845921987428

cov.inverse():
 884408.7377951806 -1557261.329660167   135067.758882843  194624.2242699651  343289.6671316322
-1557261.329682643  4111319.281236076 -1346266.134691767 -1343360.269384375  135293.9849739151
 135067.7589215183  -1346266.13478533  1671084.738583305 -165240.7908775078 -294490.0670852686
 194624.2242590587 -1343360.269321658 -165240.7909400257  2115686.222247304 -801709.1805249553
 343289.6671263424  135293.9849822824  -294490.067077644  -801709.180535657  617624.1248809011

cov*(cov_.inverse()):
    0.9999999999818101  5.456968210637569e-12 -1.455191522836685e-11 -7.275957614183426e-12                      0
-1.455191522836685e-11      1.000000000020009 -7.275957614183426e-12  -2.91038304567337e-11 -1.455191522836685e-11
 3.637978807091713e-12 -3.637978807091713e-11                      1                      0 -1.455191522836685e-11
-2.182787284255028e-11  4.365574568510056e-11 -7.275957614183426e-12     0.9999999999563443 -7.275957614183426e-12
 7.275957614183426e-12 -1.818989403545856e-11 -3.637978807091713e-12                      0                      1
