5
2

0.0001723368355721536
0.0005916004477516403
0.0007242367587313221
  0.06838509956563146
   0.5608957709096375

-0.09117964334271857    0.668621511522266  -0.7289509766314696  0.04590481141769002   0.1056161395162107
 -0.3798359886578975    0.534908966993644   0.4910386950579076  -0.5677432553178536 -0.07839397136887397
  0.3072666090492916  -0.1968075340527909  -0.1606556308770667  -0.6228866621590643   0.6730943469345442
 -0.7659693230996577  -0.1906880165472745  0.01773648127915031   0.2721874132690009    0.550025913667059
  0.4077856316666567   0.4378613322100939   0.4487612495784146   0.4620460610069762   0.4765659563441191

0.4003330608309836
0.4005408550734718
0.4005532990252215
0.4005506601960166
0.4005837246927976

-0.0003042091012785778
    0.4004790720051177

  0.1436905808612608    10.36123260762779   -6.286016885229603  -0.8699381813207253   -3.349308909343917
   1.321312941801605   0.6903273326719443  -0.6875976848866785 -0.04975918206872898  -0.2743165802406662

 3.297638052797347e-07  1.105106319373408e-06 -1.414974299517042e-06     -0.019998258098079   -0.07036460917765767
 2.408845257306657e-08 -1.471718800631293e-07  1.190414268464019e-07  -0.006174612615798785     0.1191694732232089

cov:
0.05505909142825614 0.05685662954021314 0.05750841486146772 0.05830133937091699 0.05916901758697952
0.05685662954021314 0.06048687360623652 0.06180246580196037 0.06340544440573721 0.06515779757838901
0.05750841486146772 0.06180246580196037  0.0633586466252372 0.06525517004001845 0.06732813847866358
0.05830133937091699 0.06340544440573721 0.06525517004001845 0.06751052168267997 0.06997429383931029
0.05916901758697952 0.06515779757838901 0.06732813847866358 0.06997429383931029 0.07286635853446542

cov.inverse():
 872274.2697895356 -2748465.341319117  1610869.790171462  110292.6814094636  155048.5049238028
-2748465.341377635  15943737.17325899 -15599764.16925168  399428.6343589487  2005294.943718404
 1610869.790274666 -15599764.16954911  18629376.06888652 -1732438.463108785  -2908370.40363101
 110292.6813677712  399428.6346514914 -1732438.463412787  1731643.207087999 -508883.0332705873
 155048.5049208114  2005294.943664772 -2908370.403521231 -508883.0333237447  1256961.762362079

cov*(cov_.inverse()):
     1.000000000009095 -5.820766091346741e-11  3.201421350240707e-10  7.275957614183426e-12  -2.91038304567337e-11
-5.456968210637569e-12      1.000000000058208  -2.91038304567337e-11 -2.182787284255028e-11 -1.455191522836685e-11
  2.91038304567337e-11   2.91038304567337e-11      1.000000000116415 -7.275957614183426e-12 -1.455191522836685e-11
 2.546585164964199e-11   2.91038304567337e-11  5.820766091346741e-11      0.999999999992724 -1.455191522836685e-11
-3.637978807091713e-12   2.91038304567337e-11  -2.91038304567337e-11                      0                      1
