6
2

9.945622722804026e-05
0.0001600960318578154
0.0003568805132544183
0.0007528220485901292
   0.1122594281243288
   0.6277968287968125

-0.03430212646670028   0.1935947079961122  -0.5857433862158925   0.7228374377016669  -0.3091778593691658  0.01281517041992519
  0.2659348484144834  -0.7393981796459198   0.3760524148455519   0.3847690283548334  -0.3046429229334903  0.01729317638005572
 -0.5698442869813558   0.3282670787256867   0.5317277613785266  0.09553734034253239  -0.5100830849653266   0.1243851455420817
   0.352413329191907  0.04192557854040384  -0.2033643014017243  -0.3788873105732939  -0.4854713964569516    0.673388432701358
 -0.5929529634348665  -0.4083104089316921   -0.192736491878437  0.06407177666453903   0.3484677619863608   0.5648071034446225
  0.3571990169009783   0.3736000559678639   0.3927473235890107   0.4155365969413854    0.440800101285208   0.4600065299849299

0.4005996812513881
 0.400772277075286
0.4009368301157022
0.4011181584308797
0.4013023733023922
0.4014854825242883

-0.001515574627957141
    0.400595605790993

  0.1468261889028772    0.244553746777979   -1.157247245123403    9.579421002296849   -8.390305003842323  -0.4230716306862247
   1.428503170301446  -0.2562768507745039  -0.2036900395489876   0.7511190006031437  -0.6591734141316646 -0.06038542381520376

1.012220862748973e-07 1.450093244065535e-07 5.761413706993952e-07 2.585358270713734e-07  -0.03166682188865828    -0.087952731365658
7.583453520237739e-09 2.515802829621774e-08 -7.71794990046637e-08  2.99726562319673e-07  -0.01157910216658293    0.1293894302839897

cov:
0.05471830370815144 0.05564740649576909   0.056732073685675 0.05802139976695203 0.05945292702752953 0.06054044680792475
0.05564740649576909  0.0571123558942246 0.05882244794739087 0.06085663719747553 0.06311319637950005  0.0648281296608345
  0.056732073685675 0.05882244794739087 0.06126276185294093 0.06416660471624701 0.06738642096400146 0.06983388677902271
0.05802139976695203 0.06085663719747553 0.06416660471624701 0.06810631727425552 0.07247348197674791 0.07579346041537667
0.05945292702752953 0.06311319637950005 0.06738642096400146 0.07247348197674791 0.07811155100414376  0.0823980035829991
0.06054044680792475  0.0648281296608345 0.06983388677902271 0.07579346041537667  0.0823980035829991 0.08742047734343732

cov.inverse():
 5646929.186892353 -9785694.223783324  3427555.466856759   822492.229837302 -108390.8679937768  -2827.98321506917
-9785694.224126644  25968410.28811731 -20956980.68772135  3265540.280919112   1386608.20477548  122327.1991876622
 3427555.469083323  -20956980.6934039  42496018.21140436 -36623854.89993293  11883423.71797918 -227494.7046766302
 822492.2264395427  3265540.290900459 -36623854.90799461  58923423.75963639 -27224947.33226023  839212.3284598298
-108390.8663818546  1386608.199734399  11883423.72299309 -27224947.33377593   15743560.5812556 -1681068.887922153
-2827.983312544807  122327.1995869069 -227494.7050850721  839212.3284973771 -1681068.887853023  949877.1873948312

cov*(cov_.inverse()):
     0.999999999865878  1.818989403545856e-12  2.619344741106033e-10 -3.637978807091713e-10  2.328306436538696e-10 -7.275957614183426e-12
-1.278124273085268e-10     0.9999999998117346   7.09405867382884e-11 -9.385985322296619e-10  3.492459654808044e-10 -1.455191522836685e-11
-1.330136001342908e-10  2.764863893389702e-10     0.9999999998108251  3.565219230949879e-10  4.365574568510056e-11   2.91038304567337e-11
-1.319619968853658e-10  1.073203748092055e-10  5.275069270282984e-10     0.9999999992869562  3.783497959375381e-10 -1.455191522836685e-11
-2.000888343900442e-10  9.822542779147625e-11 -6.657501216977835e-10  5.820766091346741e-11      1.000000000087311                      0
-4.391154106997419e-11  2.146407496184111e-10 -4.729372449219227e-11 -1.164153218269348e-10  2.328306436538696e-10                      1
