5
2

0.0004378040079339193
0.0006279402000939025
0.0007285313933987388
  0.08065225083310495
   0.5990975861460077

  0.0953027933361127  0.07675311788860682   0.1212241172158163  -0.8275598481034484   0.5342993053420104
 -0.3479938133435079  0.04099690111251647   0.8423105161370397  -0.1570848298688395  -0.3782286485762887
  0.3644381271329654  -0.8736020804140885   0.2742086002088902  0.09285567195682931   0.1420975874000677
 -0.7662373040758538  -0.2062566790378697 -0.01080003464616179   0.2493779108721141   0.5550068405123839
   0.387147166838868   0.4320946660651968   0.4477842232965809   0.4686763657222119   0.4931967400001148

0.3999544324131655
0.3995700641760856
0.3994186355980044
0.3991975397496555
0.3989301757350738

0.002990532642729079
  0.4006814207724417

   1.564515395415783   0.9068786070771283    0.989622470802658   0.3578215434580869   -3.818918441996702
   1.665020456246103  -0.1071487610442296 -0.08003240625905469  -0.1814900405324074  -0.2963772094738487

-3.829402038324139e-07  6.760516588780011e-07 -2.442295220677031e-07   -0.02229073483098117   -0.09873228367849876
 2.541479025520652e-08 -2.013396573962478e-07  3.287992027124087e-07  -0.009513816567343521     0.1188879456676933

cov:
0.05761487582747748 0.06106915924912519 0.06227520288950956 0.06388155417070804 0.06576550578246855
0.06106915924912519 0.06728918937940422 0.06945967410150586 0.07235074853090835 0.07574347289616185
0.06227520288950956 0.06945967410150586 0.07196796794692309 0.07530704835195974 0.07922640284089369
0.06388155417070804 0.07235074853090835 0.07530704835195974 0.07924369926818442 0.08386400303753683
0.06576550578246855 0.07574347289616185 0.07922640284089369 0.08386400303753683 0.08930808760766558

cov.inverse():
 604832.4551872254 -597841.3143653553 -494815.3936101741   -209113.90935095  696969.7813962551
-597841.3143797481  1472911.458689719 -315214.0593312026 -500563.0407283095 -59273.42595579153
-494815.3936269715 -315214.0593289373  2017653.134710864 -810981.3202878886 -396627.7735259187
-209113.9092840033 -500563.0407947173 -810981.3203548625  3651886.832516291 -2131317.057697339
 696969.7813604968 -59273.42590603869 -396627.7734734762 -2131317.057763775  1890289.910240656

cov*(cov_.inverse()):
                     1  1.364242052659392e-11  7.275957614183426e-12  -2.91038304567337e-11                      0
-7.275957614183426e-12     0.9999999999972715                      0   2.91038304567337e-11  -2.91038304567337e-11
-1.455191522836685e-11    1.2732925824821e-11      1.000000000010914   2.91038304567337e-11  -2.91038304567337e-11
                     0 -5.456968210637569e-12                      0      1.000000000029104  -2.91038304567337e-11
                     0 -9.094947017729282e-13  7.275957614183426e-12                      0                      1
