5
2

0.0004435785586295735
0.0006652438655241656
0.0008497887511469452
  0.09704147348493335
   0.5947719863596409

 0.03690182777597384   0.1264437157075443   0.1806608886157347    -0.83939315858375   0.4954099418786737
 -0.1069674927913159  -0.3949398198409479   0.8595519794378738 -0.05677378625915026  -0.3008780916387434
  0.4147882383247197  -0.7860370808791881  -0.1565215891328631   0.1117086428003709   0.4160752288822568
 -0.8232453724405152  -0.1429083660582274  0.02072938425072976   0.2385758910073625   0.4944654614070374
  0.3706939231974077   0.4356115607459951   0.4512242488307943   0.4720154508809414   0.4964138141165091

0.3999662622325979
0.3992812022622819
0.3990957848756919
0.3988299646880508
 0.398507847226991

0.003582025494099603
  0.4006191453048012

   0.9461962134793559     1.289504614020246     1.376201188661978     0.588349973827206    -4.200393338948691
    1.270970889654333 -0.001000376157106408     0.055208664932936  -0.04016788979391353   -0.2850129705095311

-4.187451567127035e-07  7.978417676331979e-07 -1.818703549992688e-06   -0.02703905720315872   -0.09691979752954288
-9.982304337766841e-09 -3.014736077763908e-11  2.861518235472876e-07   -0.01125851035711492     0.1185685731613509

cov:
0.05499308062904804 0.05823132717648474 0.05901020815123417 0.06004790134988551 0.06126368299183751
0.05823132717648474 0.06732023745256691 0.06950534550754638 0.07241606344700859 0.07583136525368699
0.05901020815123417 0.06950534550754638 0.07202982961456487 0.07539067874862693  0.0793350727883765
0.06004790134988551 0.07241606344700859 0.07539067874862693 0.07935198049586678  0.0840006636942368
0.06126368299183751 0.07583136525368699  0.0793350727883765  0.0840006636942368  0.0894769965945332

cov.inverse():
 271096.8757863728 -332302.5421010329 -263783.2601179554 -79558.20020789617  404581.8425508665
-332302.5421020419  1289297.287687323 -480613.2324282221 -610343.0077716738  133974.1835496018
-263783.2601126574 -480613.2324471743  1869288.576983524 -905187.0950792341 -219698.2208833302
-79558.20021519497 -610343.0077417828 -905187.0950991537   3605450.31867177 -2010460.459641095
 404581.8425538748  133974.1835376537  -219698.220877063 -2010460.459638422  1691665.724749773

cov*(cov_.inverse()):
                     1 -3.637978807091713e-12  1.818989403545856e-12  4.365574568510056e-11                      0
 1.091393642127514e-11      1.000000000016371 -7.275957614183426e-12                      0  1.455191522836685e-11
 3.637978807091713e-12 -3.637978807091713e-12      1.000000000014552   2.91038304567337e-11   2.91038304567337e-11
 7.275957614183426e-12    1.2732925824821e-11 -1.455191522836685e-11      1.000000000058208                      0
 7.275957614183426e-12  5.456968210637569e-12                      0                      0                      1
