7
2

0.0002303370634930496
0.0004081079257943119
0.0004990570206675693
0.0006745591334193654
0.0008559135540317735
   0.1127567322010427
   0.6849311317326044

  0.2661753424998201  -0.7094694626123574   0.6394737563935822 -0.05003109675246425 -0.05564794245011073  -0.1051750129791638  0.01467978382552639
  0.2640709060267791   -0.317649060561873  -0.3238755939270719  0.08157604050183147   0.0754399351277331   0.6966602930214147  -0.4762235110785953
 -0.3430136500937523   0.3031967340745377   0.4969208629564323  -0.2994887610740572  -0.4544866495589776   0.4671464044182656  -0.1703104120616134
 -0.1894819823796613   0.0618698906266986   0.1760410321392308  -0.4989958644657541   0.7731879686167533 -0.03799407747260698  -0.2846369485854696
  0.4743324304280106   0.0336494166793338  -0.2166186942548105  -0.7134432081381339  -0.1333524002500658   0.1262320564652436   0.4292251128841451
 -0.6114427680605424  -0.4257014640097403   -0.167575276647505 -0.01511224325846012   0.1291021119051791    0.320302471655615   0.5452936117721919
  0.3271115171754927   0.3429897860318449   0.3650369754697586   0.3780506012102804   0.3903641316733839   0.4067003002950703   0.4259020097583462

0.4000890989565665
0.3999028775064282
0.3996859125025313
0.3994684213248197
0.3992919436993674
0.3990431919105217
0.3987408139921226

0.003358350923560112
  0.4007109334586371

-0.02577600882804412    1.194797332498262    1.471609011490838   0.3346328349741062   0.5629587784078125  -0.3251259651714712    -3.21329156156744
   1.443156065089351  -0.2182976789369269 -0.01223685481366892  0.01716031045483064  0.08363357278837641 -0.03791736429330576   -0.275482128574434

 1.351704410913062e-09  8.503467093999713e-08  2.843426796880602e-07  6.976231657247193e-07 -1.483403082006539e-06   -0.03214342854083176    -0.1013067701721832
 2.788655253925073e-08  9.441596309475126e-08 -1.447612413118628e-07 -6.969136932665626e-08  3.907734245704871e-07   -0.01194173628365425     0.1403253334228333

cov:
0.05495143316238014 0.05594387142047268 0.05732043972302589 0.05813220956389206 0.05890081191237568 0.05992145764385272 0.06111917949354767
0.05594387142047268 0.05749360215946903 0.05964402811997379 0.06091273366807234  0.0621135599727092 0.06370733303741316 0.06557929020835131
0.05732043972302589 0.05964402811997379 0.06286977426136058 0.06477340657922392 0.06657483177478755 0.06896500902484881 0.07177386467356572
0.05813220956389206 0.06091273366807234 0.06477340657922392 0.06705262551651928  0.0692082036112552 0.07206875828959038 0.07543097941921766
0.05890081191237568  0.0621135599727092 0.06657483177478755  0.0692082036112552  0.0717003263292475 0.07500542993191693 0.07889111762843959
0.05992145764385272 0.06370733303741316 0.06896500902484881 0.07206875828959038 0.07500542993191693 0.07890115135112331 0.08348081697035534
0.06111917949354767 0.06557929020835131 0.07177386467356572 0.07543097941921766 0.07889111762843959 0.08348081697035534 0.08887747937625234

cov.inverse():
  2612543.24729437 -4484545.411418172  1796766.205309244  36660.02585475865  58050.78714668279  31070.94037871655 -50438.75905689833
-4484545.411406926  10472135.77468747 -7314605.520338121   48241.3594889625  145981.2199176183   647071.001339787  485617.7461481179
 1796766.205265279 -7314605.520273086   9460999.45387199 -1341289.466822223 -1385658.203353666  -1742370.19298611  526147.4275743022
 36660.02582865641   48241.3595230459 -1341289.466821459  1689274.751913355 -82087.08823682948  -202605.838795907 -148167.3669553802
 58050.78709380361  145981.2201253052 -1385658.203607354 -82087.08821639486  2259974.080615249 -514125.6768898714 -482098.0210496075
 31070.94063229132  647071.0007225235 -1742370.192464138 -202605.8388183864 -514125.6770183112  4023649.505388753 -2242769.350860521
-50438.75919877754   485617.746469832  526147.4273263173 -148167.3669445894 -482098.0209996112 -2242769.350853162  1911750.359832748

cov*(cov_.inverse()):
    0.9999999999922693 -5.456968210637569e-11 -1.091393642127514e-11 -3.637978807091713e-12 -4.001776687800884e-11  -2.91038304567337e-11  1.455191522836685e-11
 -1.77351466845721e-11     0.9999999999708962  4.365574568510056e-11 -7.275957614183426e-12 -2.546585164964199e-11                      0                      0
-4.365574568510056e-11 -4.365574568510056e-11      1.000000000050932 -7.275957614183426e-12 -2.182787284255028e-11                      0   2.91038304567337e-11
 1.045918907038867e-11 -2.182787284255028e-11  4.365574568510056e-11     0.9999999999836291 -1.455191522836685e-11  -2.91038304567337e-11                      0
 5.456968210637569e-12 -1.455191522836685e-11  6.548361852765083e-11  3.637978807091713e-12     0.9999999999708962                      0  -2.91038304567337e-11
 2.819433575496078e-11 -6.548361852765083e-11  8.731149137020111e-11  1.818989403545856e-12 -3.637978807091713e-11                      1  -2.91038304567337e-11
-3.819877747446299e-11  1.455191522836685e-11                      0  1.818989403545856e-12 -7.275957614183426e-12  -2.91038304567337e-11                      1
