5
2

0.0002908212119739563
0.0005363630722189053
0.0006627097758836501
  0.08991405248964018
   0.5631520657294945

 -0.2787087567615461   0.7259441335785494  -0.6170048940626007  0.09536367055093886  0.07441286763170535
   0.274816876007103  -0.2803796882403942  -0.3817474514307875   0.7527397353064669  -0.3653966191698615
 -0.5409105371050964   0.2516065766516947   0.5223759673461714   0.2981995729370069  -0.5313287916851764
 -0.6256717148142685  -0.3931500184280259 -0.05801322124347277   0.3349498191033929    0.581731083177593
  0.4034201404196112    0.420142284161886   0.4442202819874445   0.4724132667618401   0.4901292664404528

0.3966435713604646
0.3961920389259941
  0.39562321427076
0.3947925045212414
0.3942720595612031

0.006655856411456254
  0.3976813975073805

  2.436487644626895  -1.443602617069507    2.59842545368387 0.08377725856893535  -3.675406575915261
  1.700098200660841 -0.5195336593304598  0.1128544617703471 0.02757068784425784 -0.3210440923025629

 -3.04121451178361e-07  4.282041267897697e-07  7.264304791804681e-07   -0.02601336443398119   -0.07331136605297391
-7.966110907546984e-08  2.036416495371484e-07 -3.568658007205035e-07  -0.008436394232791307     0.1184137280973601

cov:
0.05477885168663186 0.05574188308693163 0.05712718876391618 0.05874663533120432 0.05976505773392583
0.05574188308693163 0.05723114764284239  0.0593741419217817 0.06188160845288035 0.06345777845563889
0.05712718876391618  0.0593741419217817 0.06260921422320619  0.0663965288058119   0.068776551853711
0.05874663533120432 0.06188160845288035  0.0663965288058119 0.07168476957907213 0.07500691452723093
0.05976505773392583 0.06345777845563889   0.068776551853711 0.07500691452723093 0.07892161428532375

cov.inverse():
  1847208.55420688  -2969915.09210593  1025194.577175842  37518.92700684151   60086.9755725377
-2969915.092093655  6648373.068664737 -4624575.195505095  255726.1212895887  690397.3083745912
 1025194.577155183 -4624575.195492633  5629057.732391763 -1339868.911643253 -689966.7912818457
 37518.92701189887  255726.1213173509 -1339868.911695099   2279586.09922998 -1232910.518772617
 60086.97557586398  690397.3083466425 -689966.7912381956 -1232910.518791647  1172418.614745554

cov*(cov_.inverse()):
     1.000000000000455  1.455191522836685e-11  -2.91038304567337e-11  -2.91038304567337e-11                      0
-4.547473508864641e-12     0.9999999999490683 -1.455191522836685e-11  -2.91038304567337e-11  1.455191522836685e-11
-1.818989403545856e-12 -4.365574568510056e-11      0.999999999992724  -2.91038304567337e-11 -1.455191522836685e-11
 2.728484105318785e-12  3.637978807091713e-11 -8.003553375601768e-11     0.9999999999854481                      0
-1.182343112304807e-11   2.91038304567337e-11 -7.275957614183426e-12 -1.455191522836685e-11     0.9999999999854481
