6
2

0.0002670778641089505
0.0003605933931939904
 0.000417833555716467
0.0005707133305314554
  0.08788382771820312
   0.7181532199891827

 -0.4606125169247114   0.8278030834137402  -0.2064720202117166  -0.1465524339888372  -0.1455747903638422   0.1314451737993837
-0.05423671088803499  0.08093158279998187 -0.01045004025958461  -0.4703606854391347   0.8041669336962518  -0.3499651741229492
 0.03629962157116043 -0.05407119657110487   0.5825069375484088  -0.6892557254378587  -0.2323720031654057   0.3568950938009116
  0.4883520329588882 -0.01602502017913962   -0.668135269552343  -0.3126508539908726  0.04482801463519004   0.4637786592934631
  -0.650788264265319   -0.408652266441375   -0.107595114324569  0.09434505261576361   0.2910751302412876   0.5516117576722692
  0.3486599387907577   0.3715036521464474   0.3999554002510036   0.4189966696550379   0.4374842773904831    0.462067375161296

0.3997017031751902
0.3985435458666089
0.3971342684482721
0.3961614409586542
0.3952108268797394
0.3939334845636513

0.01465284104041381
 0.4028378938423375

 0.7610167490529691  0.7894229949277544   1.234249181521432   1.298939623664852  -0.269537845339179  -3.813995632383357
  2.777980949769754  -2.027120493233526  0.3120307238214114    0.86035083098217 -0.6730138877723186 -0.2492621370093415

-4.310800733676538e-08  6.719284486874001e-08 -2.601256348246174e-07 -8.640204416221948e-07   -0.02325111558088822     -0.146335121865674
-2.199073420087839e-07 -1.529963207026732e-07 -2.328334415836379e-08   2.49456570993194e-07  -0.009772526699468488     0.1501648679794695

cov:
0.06596700197544979 0.06885754411638326 0.07246041639737076 0.07486942022002269 0.07720505400155778 0.08031607545540184
0.06885754411638326 0.07247025626643727 0.07697135663649673  0.0799823135774871 0.08290363130548541 0.08679144932595068
0.07246041639737076 0.07697135663649673 0.08259026814387224 0.08634997581027969 0.08999998068188629 0.09485430534799227
0.07486942022002269  0.0799823135774871 0.08634997581027969 0.09061199381910667 0.09475025811951791  0.1002523456121181
0.07720505400155778 0.08290363130548541 0.08999998068188629 0.09475025811951791 0.09936401179416184  0.1054962750085772
0.08031607545540184 0.08679144932595068 0.09485430534799227  0.1002523456121181  0.1054962750085772  0.1124647842129731

cov.inverse():
 3736800.659888872 -5414475.906523558   457007.554379442   530464.036578466   623480.917241882  66694.07860798949
-5414475.906487066  9674720.034863673 -2550177.675664448 -1764677.048957785 -1119142.803688237   1174236.22931531
   457007.55443065 -2550177.675678823  3912583.909862102  -1196371.43661575 -510525.8437633837 -112917.5513236944
 530464.0365258241 -1764677.048979843 -1196371.436464015  5023852.041838499 -1735524.135524564 -858282.4371159046
 623480.9170701588 -1119142.803444644 -510525.8438464312 -1735524.135464846  5586003.473721212 -2843824.719359254
 66694.07874464385   1174236.22914466 -112917.5513555748 -858282.4370985627 -2843824.719310714  2574131.887269086

cov*(cov_.inverse()):
    0.9999999999481588                      0 -2.000888343900442e-11  1.455191522836685e-11   2.91038304567337e-11   2.91038304567337e-11
-7.275957614183426e-12     0.9999999999126885 -7.275957614183426e-12 -1.455191522836685e-11 -8.731149137020111e-11  5.820766091346741e-11
-9.094947017729282e-13 -8.731149137020111e-11     0.9999999999872671 -1.455191522836685e-11                      0  5.820766091346741e-11
-4.274625098332763e-11 -5.820766091346741e-11  7.275957614183426e-12                      1 -5.820766091346741e-11   2.91038304567337e-11
 6.366462912410498e-11 -8.731149137020111e-11    1.2732925824821e-11 -1.455191522836685e-11      1.000000000116415                      0
-1.455191522836685e-11 -1.455191522836685e-10  1.818989403545856e-12                      0                      0                      1
