5
2

0.0002710686296054909
0.0003798181236819997
 0.000553286981649957
  0.08738076244108062
    0.652103750846459

  0.4597560129779857  -0.8104810398384364   0.2522948944600705   0.2270393102973964   -0.128628653114525
  0.1072405898343159  -0.1396035280680159   0.3182920080710205  -0.7859607826248446   0.4999661554713578
  0.4724869362785789  -0.0424212954352142  -0.7956808450157631 -0.01074143007642808   0.3764746250341377
 -0.6372446734987725  -0.3926814955129357 -0.08859133692209492   0.3141157086149455    0.577237703033035
   0.384446596507369   0.4094301109941617   0.4405463105337012   0.4815960371895394   0.5084800919246342

0.3998501803208822
0.3987158234479053
0.3973339730102056
0.3954477817562119
0.3941931070548909

0.01438452875319569
 0.4029307385175026

  0.6964687401330593    1.091887619883891    1.612706311106735    0.237371632481705    -3.63804507393803
   2.659839969342374   -1.684476913756753   0.5232428372095673  -0.4154209096051871 -0.08215112242841793

 2.674449129200925e-08 -2.264757912916603e-07 -7.263242040508018e-07   -0.02321856842911436    -0.1319422872571012
  1.93716140821475e-07  1.402769357491227e-07  2.710436021525301e-07  -0.009603586925142467     0.1367426208501837

cov:
0.06595069620289748 0.06884497434330285 0.07245225467277237 0.07720381553098503 0.08031868242650243
0.06884497434330285 0.07246156705817652 0.07696726710166651 0.08290684688114941 0.08679859306220901
0.07245225467277237 0.07696726710166651 0.08259102989022905 0.09000854186118586 0.09486691080439208
0.07720381553098503 0.08290684688114941 0.09000854186118586 0.09938123574087473  0.1055178354329244
0.08031868242650243 0.08679859306220901 0.09486691080439208  0.1055178354329244  0.1124906944871205

cov.inverse():
 3685738.830779683 -5240431.084752546  587153.9270843222  819726.0065782464  147844.8108443334
-5240431.084710439  9080782.321421692 -2980617.479073094 -1742239.940170014  882781.9131242279
 587153.9270900792 -2980617.479107175  3636670.783575058 -926625.9300501461 -317094.5541794724
 819726.0064084724 -1742239.939889419 -926625.9301492003   4983952.78073488 -3134526.893024001
 147844.8109662416  882781.9129198304 -317094.5541087458 -3134526.893012246  2420932.206323116

cov*(cov_.inverse()):
     1.000000000010914  4.365574568510056e-11 -2.182787284255028e-11                      0                      0
-5.456968210637569e-12     0.9999999999854481  -2.91038304567337e-11  5.820766091346741e-11  -2.91038304567337e-11
-2.546585164964199e-11   2.91038304567337e-11     0.9999999999454303                      0  -2.91038304567337e-11
-6.730260793119669e-11  5.820766091346741e-11 -2.182787284255028e-11      1.000000000058208 -8.731149137020111e-11
 3.637978807091713e-11  1.455191522836685e-11  1.455191522836685e-11                      0                      1
