5
2

0.0001954517609828145
0.0004027490549876685
0.0005709259669000991
  0.07107148689998677
   0.5703641431527301

  -0.1585196606942084    0.7217941563940554   -0.6693192549774944    0.0413703033575447   0.06469115770538929
  -0.6603558680518605    0.4130155613564932    0.5774483185888526   -0.2170680468136968   -0.1130627083447408
   0.1768664161260531   0.03003360803729452 -0.001779741095956383   -0.7905944801988156      0.58546857613008
  -0.5802227143231495   -0.3539952970743019   -0.1626255884896771    0.3278621978820829    0.6356793441673795
   0.4133539855052437    0.4268684269307265    0.4383091657327015    0.4675860435595631    0.4859734518053793

0.3961953912840155
0.3959336941324067
0.3956121824113884
0.3947956014157563
 0.394278757897454

0.006743962826712042
  0.3976839787289928

-0.8375591273077527   11.74589526964874  -8.441674669124987  0.4946937664801965  -2.961527547904401
  1.609391121281955   2.273032673059673   -2.77146970858981  0.1131644713531256 -0.2242178675838041

 5.382554787944911e-07  1.228148609405588e-07 -6.210526489764616e-07   -0.02030352183165139   -0.07815107348840308
 1.234178577696481e-07 -2.795743288350116e-07  4.469103897691194e-08  -0.007037091993633618     0.1186501955588474

cov:
0.05728445427886687 0.05843859096309934 0.05941615467919604 0.06191554279119479 0.06348602306657943
0.05843859096309934 0.05991087912086775  0.0611574049740728 0.06434591616785551 0.06634893461101637
0.05941615467919604  0.0611574049740728 0.06263157543774464 0.06640312418802358  0.0687721128571466
0.06191554279119479 0.06434591616785551 0.06640312418802358 0.07166903515048616 0.07497540921832868
0.06348602306657943 0.06634893461101637  0.0687721128571466 0.07497540921832868 0.07887099442120946

cov.inverse():
 3442183.464509772 -4660220.523885921  425611.4092961783  283011.1864165162  509452.8462773299
-4660220.523299537  14692326.07389536 -11176253.93231754  156096.4934791792  988321.3027334247
 425611.4085350361 -11176253.93125135  13782717.97065321  -1493286.08078714 -1539155.631024161
 283011.1865052183  156096.4930303522 -1493286.080365835  2252863.979594077 -1198628.866718092
 509452.8463634096  988321.3027024033 -1539155.631140405 -1198628.866656901  1240030.947022835

cov*(cov_.inverse()):
     1.000000000040018 -1.091393642127514e-10 -1.746229827404022e-10  1.455191522836685e-11                      0
 3.637978807091713e-11      1.000000000058208 -1.891748979687691e-10                      0                      0
 3.637978807091713e-11  -2.91038304567337e-11     0.9999999998399289   2.91038304567337e-11 -1.455191522836685e-11
 3.637978807091713e-11 -2.328306436538696e-10  5.820766091346741e-11                      1  -2.91038304567337e-11
 2.182787284255028e-11 -8.731149137020111e-11  4.365574568510056e-11                      0                      1
