5
2

0.0001446112279771165
0.0003189003990802697
0.0006019970762619278
  0.06188046591860897
    0.558233415506578

   0.4935943906883346   -0.7842354322794745    0.3709934321344839  -0.02475734934523211  -0.05559056758939389
  -0.4525362839338915    0.1247545816399249    0.8134505918423959   -0.2457133059692528    -0.239938141995115
   0.1567510712675152   0.08317291067759071 -0.001560593771239552    -0.804764298822073    0.5664480174512058
  -0.5929655285569213   -0.4244283106652114  0.003972611552005998     0.280078848066628    0.6243336834355594
   0.4188036208105341    0.4270292228320736    0.4479327972462719    0.4614350519088747    0.4782086072671692

 0.381727987917305
0.3809066463886745
0.3785245188240732
0.3770011658152057
0.3750757165589619

0.02600536796359772
 0.3870622141156855

 -0.6216067442256678    4.548345138866373    1.558588925433174  -0.9094168614835854   -4.575843068102547
   2.569848456484221  -0.6582554950648017  -0.4230026013376636 -0.07064050155825394   -0.417968570618482

-6.312787179715997e-08   3.49629444828405e-07 -5.732022267634495e-07   -0.01787170011160181   -0.07097439928459857
 3.456283179079992e-08 -1.496496356482409e-07  6.118374460242745e-08  -0.005846664979116603     0.1163040756160583

cov:
0.05600425608129542  0.0566950542041362 0.05845042632754121 0.05958567671295044 0.06099320438554371
 0.0566950542041362 0.05751577442043649 0.05960121389613909 0.06094923271532933 0.06262188940846017
0.05845042632754121 0.05960121389613909  0.0625256608722748   0.064414507993564 0.06676111205819918
0.05958567671295044 0.06094923271532933   0.064414507993564 0.06665243595178583 0.06943318567522337
0.06099320438554371 0.06262188940846017 0.06676111205819918 0.06943318567522337 0.07275609593500315

cov.inverse():
 13731882.75780467 -19029360.46717866  5136146.730211478  160903.8681010336  495.3466935852442
-19029360.46666026   29581760.2919317 -12915091.10175212  442274.1329282176  1920296.729226013
 5136146.729266036 -12915091.10064594  13088132.75321891 -2401132.034643068 -2907834.578899929
 160903.8682254905  442274.1327678581 -2401132.034616183  2410102.404115459 -612305.0813916604
 495.3469961567864  1920296.728798599 -2907834.578766066 -612305.0814006784  1599353.825796325

cov*(cov_.inverse()):
     0.999999999996259 -7.275957614183426e-11  1.164153218269348e-10   2.91038304567337e-11                      0
 2.794209308376594e-11      1.000000000116415 -5.820766091346741e-11  1.455191522836685e-11   2.91038304567337e-11
-1.297308926950791e-10  3.201421350240707e-10     0.9999999999126885  3.637978807091713e-11  1.455191522836685e-11
-6.443912070608349e-11 -8.731149137020111e-11                      0      1.000000000014552 -1.455191522836685e-11
-9.558931424180628e-11  1.746229827404022e-10  -2.91038304567337e-11                      0      1.000000000014552
