5
2

0.0003683899441752711
0.0004704188851267166
0.0008286031035850076
   0.1106182977811976
   0.5794259753593254

 -0.4739356789148843   0.7331742033497963  -0.1373719217468897  -0.3861651950808599   0.2642838568993717
 -0.2811426811180731   0.3213007803658804  -0.2626998707787598   0.7129024957121139  -0.4903910795378312
  0.3854918842496131 0.006591574456457452  -0.8435464464880017  0.08814297199002331   0.3633356126642406
 -0.6311920083945142  -0.4413953815104973  -0.0211570869274242    0.321027811403747   0.5506907368915581
  0.3864407080288147   0.4053986487471996   0.4473248297362887   0.4814752688453341   0.5043784065201903

0.4001825343748022
0.4000216030517652
0.3996373380421007
 0.399262041407717
0.3989893408518878

0.003002176498356006
  0.4007579164518714

 -0.3135407603796434    2.544928028207702   0.6865293072050231   0.1582194159365077   -3.076418976440435
   1.457271216013151  -0.2227186276361681  0.03437606563530957 -0.01806224041623722  -0.2508512055498544

 1.419561952121362e-07  5.193612091001998e-07 -1.226950327421678e-06    -0.0316103442930394   -0.08657030229027747
-1.245811533954566e-07 -8.412550979092988e-08  3.011113986651055e-07   -0.01182255029705786     0.1185196042695474

cov:
0.05501255862255396 0.05600607559958293 0.05819978691116998 0.05998784386302879 0.06118562946523988
0.05600607559958293 0.05756142253107418 0.06099796128837753 0.06379792715428072 0.06567473779294496
0.05819978691116998 0.06099796128837753 0.06718628254500626  0.0722258972918214 0.07560598632934633
0.05998784386302879 0.06379792715428072  0.0722258972918214 0.07909064536790461 0.08369484898615848
0.06118562946523988 0.06567473779294496 0.07560598632934633 0.08369484898615848 0.08912100324675795

cov.inverse():
  2228746.73328663 -2964891.166156284  339862.7250595539  492347.6418627382 -95953.13832172412
-2964891.166171096  4427527.346563281 -1131662.499925009 -1050330.763984839  719244.2475090107
 339862.7250767278 -1131662.499943525  1487300.859048575 -563695.3130963318 -131770.6342715312
 492347.6418839492 -1050330.764014944 -563695.3130879402  3406784.004148462 -2285162.061275179
-95953.13834529722  719244.2475428222 -131770.6342812662 -2285162.061275683   1793681.76277374

cov*(cov_.inverse()):
     0.999999999992724  4.365574568510056e-11 -8.185452315956354e-12  -2.91038304567337e-11 -1.455191522836685e-11
 2.819433575496078e-11      1.000000000014552  1.818989403545856e-11                      0 -1.455191522836685e-11
 2.273736754432321e-11   2.91038304567337e-11      1.000000000003638                      0  -2.91038304567337e-11
 1.091393642127514e-11  3.637978807091713e-11 -9.094947017729282e-12                      1  -2.91038304567337e-11
 3.274180926382542e-11                      0  7.275957614183426e-12                      0     0.9999999999708962
