7
2

0.0001171732395533698
0.0002595491687615967
0.0003608859095752626
0.0004234286179779871
0.0007774328717096748
   0.1151721605517199
   0.7532410022122413

 0.01586605933671621  -0.1469946095554403   0.7132007366945027  -0.6798490662047452   0.0627165327112111  0.05455885807418146 -0.01951350332583712
 -0.2833906332541162    0.755176347989456  -0.2834343850709297  -0.4319669360379818   0.1955172295022539   0.1708102414040714  -0.1227388379845896
-0.06069040683836761    0.103047993547099   0.0217132213895724 -0.03948215392430683   0.4119370138113796  -0.8177453656378989   0.3811402559583511
 -0.2656672251864544   0.3422119313948565   0.2601822754708688   0.1033176953217471  -0.7404978051431101  -0.1147125154328038   0.4152668975710098
  0.6344683115375993 -0.04830994373553706  -0.4108915267948279  -0.4346889214871718  -0.2200319149283782  0.04743294020780232   0.4320484675723611
 -0.5852274522835945  -0.4064476262525274  -0.2164121321133601  -0.1251223714701941   0.1780017009160024    0.332207679585328   0.5364445819790755
  0.3164402121614112   0.3359164325927297   0.3566192933198313   0.3665601729585317   0.3996397097471768   0.4163759383366395   0.4386356597924592

 0.399690656369511
0.3985997575247818
0.3974012628005388
0.3968923731604364
0.3949315684872201
0.3939453398065191
0.3926204031561744

0.0151296846709029
0.4018444585736853

 -0.0991731314954428    1.406727967285431   -2.190820259505772    3.774677955809779    1.039158256221612  -0.3672199378873646   -3.563420764118107
   1.276425188708264   0.5918608477485671   -2.829742006040458    2.277863005036181   0.6800812817120646  -0.9060873417807586 -0.08927582972833605

-5.797157301422852e-08  4.437172402462237e-08 -8.796653482481383e-08 -3.369638311840024e-07 -1.605979870721082e-06   -0.03131112562745872    -0.1458926507995851
-4.995594372839588e-08 -7.243620703758535e-09  1.066938797338178e-07  -1.92595261363266e-07  4.367554852004159e-07   -0.01177932931342746     0.1610861390106969

cov:
0.06135673933979946 0.06346533848753196 0.06570698949551299 0.06678310330274746 0.07036918920702699  0.0721770094164291 0.07458816794401206
0.06346533848753196 0.06621354650722672 0.06913469314252663 0.07053712930577415 0.07520746694957896 0.07756584817128306 0.08070722381255151
0.06570698949551299 0.06913469314252663 0.07277821650936515 0.07452754123049897 0.08035046392998023 0.08329409417662861 0.08721168251152744
0.06678310330274746 0.07053712930577415 0.07452754123049897 0.07644351265755621 0.08282006675125965 0.08604481285422685 0.09033523980199518
0.07036918920702699 0.07520746694957896 0.08035046392998023 0.08282006675125965 0.09103649671678947 0.09519525736735236  0.1007246921620945
 0.0721770094164291 0.07756584817128306 0.08329409417662861 0.08604481285422685 0.09519525736735236 0.09982867608262841  0.1059871753877962
0.07458816794401206 0.08070722381255151 0.08721168251152744 0.09033523980199518  0.1007246921620945  0.1059871753877962  0.1129804411941308

cov.inverse():
 2298479.777788156 -3952493.636915531   1189552.31163924  440532.1961517669 -75721.21989104043 -54687.54300440783  154364.1303619719
-3952493.636648712  10777965.35249111  -10266520.0443538  2637076.494779618  450433.7866536035  460896.1003036537  -107361.361802634
  1189552.31045759  -10266520.0416443  38901213.07604336 -33059345.33735996  1578949.741236976  1780414.573415727 -124808.2430855478
 440532.1971235921  2637076.492264625 -33059345.33660212  36818210.66866609 -4752599.666129542 -3649198.043648469  1566306.141768538
-75721.21979992487  450433.7861392623   1578949.74353383 -4752599.668142347  5295329.499696775 -1384994.720133574 -1112225.624835824
-54687.54318831756  460896.1008307672  1780414.572948062 -3649198.043595099 -1384994.720060896  5861511.161278519 -3013638.575801494
 154364.1303977623 -107361.3617430302 -124808.2441450647  1566306.142942938 -1112225.625047655 -3013638.575799898  2637446.061835855

cov*(cov_.inverse()):
     1.000000000009095  6.730260793119669e-11  2.728484105318785e-10 -7.275957614183426e-11  -2.91038304567337e-11  -2.91038304567337e-11  -2.91038304567337e-11
                     0      1.000000000158252 -1.455191522836685e-11  2.037268131971359e-10  4.365574568510056e-11 -5.820766091346741e-11                      0
-7.457856554538012e-11  2.401066012680531e-10     0.9999999997980922 -1.164153218269348e-10 -1.455191522836685e-11 -1.164153218269348e-10                      0
 9.094947017729282e-12  5.275069270282984e-11  5.238689482212067e-10     0.9999999998544808  4.365574568510056e-11 -5.820766091346741e-11                      0
-2.364686224609613e-11  2.037268131971359e-10 -7.821654435247183e-11 -5.238689482212067e-10                      1 -5.820766091346741e-11                      0
-7.821654435247183e-11  7.275957614183426e-11  1.509761204943061e-10  -2.91038304567337e-11  -2.91038304567337e-11                      1 -5.820766091346741e-11
 3.637978807091713e-12  3.819877747446299e-11 -7.275957614183426e-12 -2.619344741106033e-10  1.455191522836685e-11                      0                      1
