5
2

0.0001486854614121125
0.0002994865764047193
0.0009647046098959197
   0.1098816537777463
   0.5772741654570649

 -0.1653918903688756   0.4788342717901585  -0.7395471952871755   0.4428891412716858 -0.01680527434765612
 -0.5931452691836506   0.6328633339363426   0.3091526269734983  -0.3880141854660556  0.03914505481577952
  0.2479256063035502   0.0323756080755299  -0.3906042630294578  -0.5688877749073055   0.6791757673864591
 -0.6403708662580044  -0.4530900196340985  0.02610166733885202   0.3145660357404395   0.5338553173628802
  0.3863706247015352   0.4047999442043904   0.4519309812832082   0.4803218807636205   0.5019004129864432

0.4005002373415802
0.4006361996136695
0.4008871917108565
0.4010147959543864
0.4011709664828456

-0.001018939610261256
   0.4005598564976476

   0.354200077147892  -0.5886070335954914     9.03594603757897   -8.545498273838755  -0.2558015652658122
   1.460415263875437  -0.3879755383307987   0.6365416110891813  -0.6854496663021332 -0.02342493193513293

 -2.38833510317551e-07  4.948003237118702e-07  1.141890389709706e-06   -0.03077607111057097   -0.08356741264325339
-2.655656104309053e-08  -5.82943898014742e-08  4.419790507765552e-07   -0.01172298071685247     0.1179317369110943

cov:
0.05469895956647466 0.05562370997873404 0.05798702438341063 0.05941216634939247 0.06049529827031185
0.05562370997873404 0.05708531514338366 0.06082167622862618  0.0630734392603558 0.06478474787849192
0.05798702438341063 0.06082167622862618 0.06807097894020502 0.07243769647521808 0.07575618352808308
0.05941216634939247  0.0630734392603558 0.07243769647521808 0.07807782444757354 0.08236398853040201
0.06049529827031185 0.06478474787849192 0.07575618352808308 0.08236398853040201 0.08738740429800676

cov.inverse():
 5225968.620792791 -7758855.214213084  3384255.456436525 -898970.7683757797  47758.47317861635
-7758855.214443196  14837898.78262748 -13850439.40534843  6835144.110414258 -64180.56318171562
 3384255.457067914 -13850439.40619673  25969253.20507896 -15914404.61565793  412050.3322966497
-898970.7688020433  6835144.111146233 -15914404.61609496  10898974.70128794 -921163.1156504352
 47758.47320360829  -64180.5632955133  412050.3325167577 -921163.1157817316  525534.1612359657

cov*(cov_.inverse()):
    0.9999999999936335  5.911715561524034e-11 -9.458744898438454e-11  2.110027708113194e-10  3.637978807091713e-12
-5.456968210637569e-12      1.000000000087311 -3.856257535517216e-10  2.983142621815205e-10  7.275957614183426e-12
 3.637978807091713e-11 -1.909938873723149e-11       0.99999999965803  1.164153218269348e-10                      0
 1.091393642127514e-11  1.509761204943061e-10 -2.764863893389702e-10      1.000000000029104                      0
-1.091393642127514e-11 -3.910827217623591e-11 -1.455191522836685e-11  5.820766091346741e-11                      1
