5
2

0.0004251158101014603
0.0005486754229885893
0.0007686168477274052
  0.09920924781720886
   0.5741788956536018

 -0.4989977607698451    0.757305486949863  -0.1681171553124914  -0.3145205194216971   0.2242835239928548
 -0.2367249989413699   0.2348446559569685  -0.2933173311923737   0.7637133273853463  -0.4685255161043502
  0.3321003622486585 -0.06140243228297006  -0.8174873709604522  0.08882608453596309   0.4579993621504551
 -0.6563874111500453  -0.4462692619066478  0.09299698212572613   0.2918787923017371   0.5255070354248591
  0.3922083955003266   0.4103777213630333   0.4569108501091815   0.4740627529633584    0.494226346538963

0.4000489766547485
0.3999516923669588
0.3997161723412461
0.3995896571889783
0.3994317362554861

0.001836019598981467
  0.4004633826643275

   2.120107741428556 -0.04474684494070452   0.9338137532489037  0.05224776145669524   -3.061780156553919
   1.684222434580551  -0.4735135132972839  0.06501370717449002 -0.01253587966497913   -0.263220188585829

-3.527624182987176e-07  2.071577891190954e-07 -8.590988007843889e-07   -0.02833193816276723   -0.08196312248046796
-2.286225194868015e-07 -1.249991150872134e-07  2.443371474578246e-07   -0.01013897760989364     0.1186586357947578

cov:
0.05495474417466884 0.05594641982910045 0.05847938668991404 0.05941243756609964 0.06051042899175177
0.05594641982910045 0.05748191670732142  0.0614087589569217 0.06285576139533972  0.0645575586198698
0.05847938668991404  0.0614087589569217  0.0689123186318161 0.07167750969857987 0.07492861168903944
0.05941243756609964 0.06285576139533972 0.07167750969857987 0.07492982349894843 0.07875205988408951
0.06051042899175177  0.0645575586198698 0.07492861168903944 0.07875205988408951 0.08324614859372165

cov.inverse():
 1750669.719303608 -2310161.384309883  235285.6011109999  317798.7482071806  6578.968140831958
 -2310161.38432175  3363025.739837734 -848333.7793190277 -731443.0877514879  526718.0282594934
 235285.6011031484 -848333.7793001885  1573387.586920578 -574439.3408556483 -385895.8243775703
 317798.7482710805 -731443.0878464029 -574439.3408170009  2498184.502020551 -1510042.132775672
 6578.968096650467  526718.0283237027 -385895.8244052284 -1510042.132768046    1362619.6838082

cov*(cov_.inverse()):
     1.000000000000512  7.275957614183426e-12  7.275957614183426e-12  -2.91038304567337e-11  1.455191522836685e-11
 2.575006874394603e-11      1.000000000007276  7.275957614183426e-12 -1.455191522836685e-11                      0
 1.671196514507756e-11  2.182787284255028e-11      1.000000000014552                      0  1.455191522836685e-11
 2.751221472863108e-11 -2.182787284255028e-11                      0      1.000000000029104                      0
-3.296918293926865e-12                      0                      0                      0                      1
