5
2

0.0001274497659710066
 0.000166169500345361
0.0005038572136344682
  0.04279504741852237
   0.6008174426331329

   0.0138552717336221    0.1242576418187372   -0.6000676052132755    0.7396942083296115   -0.2777398373155482
  -0.1372711032724529    0.7031156251432419   -0.4854494443683355   -0.3922598677941663    0.3118590947308877
   0.5627457402813927   -0.4808911649126771   -0.4519157187876114   -0.1144519705075738    0.4844933940351364
  -0.6917891519626078   -0.2532968320289186 -0.004717413011823619    0.2823815502868505    0.6144158934980773
   0.4309404560650515    0.4413307812991487    0.4472221319022919    0.4540331274106115    0.4619131398378242

 0.403383380740091
 0.403491008928593
0.4034481653777009
0.4033978291943359
0.4033414540483211

0.001215838842105086
  0.4037347970049938

-4.595284361938841  5.999351501467049  8.349788924025257  8.076385413517523 -17.83008243837184
 0.906035405613421 0.3990722975868887  0.641481502161183 0.8478784772123896 -1.794488742037605

 1.071667350529943e-07 -2.190450325549471e-07  -4.77465571886412e-06   -0.01291972853309543   -0.06042394641320097
 1.303992226905332e-08 -2.892117251301197e-08 -2.382329755029329e-07  -0.002919336779768368     0.1478298748446755

cov:
0.06791432190544065 0.06897495550216702  0.0695764931285396 0.07027232936118417  0.0710775670106288
0.06897495550216702 0.07042699294134264 0.07125021545268787 0.07220207118592203 0.07330336447585299
 0.0695764931285396 0.07125021545268787 0.07219918102413098 0.07329620762906396 0.07456541178017784
0.07027232936118417 0.07220207118592203 0.07329620762906396 0.07456099431793996 0.07602418647838773
 0.0710775670106288 0.07330336447585299 0.07456541178017784 0.07602418647838773 0.07771182299475436

cov.inverse():
 1941916.851586561 -4455333.910855793  899770.6763248101  2327206.239787132 -713552.8368379733
-4455333.910939802  19765520.30073156 -16095725.30604512 -4113241.391711576  4898680.242205072
 899770.6759085676 -16095725.30435438  31506879.69125723 -20225869.19429173  3915094.119268583
 2327206.240782915 -4113241.395195059 -20225869.19151039  39308287.31117865 -17296313.12680034
-713552.8373334854  4898680.243913778  3915094.117761759 -17296313.12650671  9195980.201857263

cov*(cov_.inverse()):
     0.999999999992724  1.746229827404022e-10 -5.238689482212067e-10 -2.328306436538696e-10 -2.328306436538696e-10
-3.637978807091713e-11      1.000000000174623  -2.91038304567337e-10                      0 -2.328306436538696e-10
 1.455191522836685e-11 -4.074536263942719e-10      1.000000000232831 -2.328306436538696e-10                      0
-7.275957614183426e-12  5.820766091346741e-11                      0     0.9999999995343387 -2.328306436538696e-10
                     0  1.164153218269348e-10  1.164153218269348e-10                      0     0.9999999998835847
