5
2

0.0003718736432595058
0.0006636319322400558
0.0008364049408285681
   0.1050952872414922
   0.5737965166834101

 -0.5215472866345701   0.8063507834802627  -0.1718515074637937  -0.2011813947173534  0.08820401117231821
 -0.1605266370897251  0.05883326493192893  -0.3919243032031993   0.8364399724807403  -0.3428313852569772
  -0.400699391042097 -0.01648320925664953    0.782568733565658   0.1001296407376883  -0.4655411196900631
 -0.6227097655836715  -0.4211963095080564  0.02578681004429961   0.1817858671770754   0.6333365263633074
  0.3922909283350851   0.4106811824123567   0.4514239887448271    0.465641678113567   0.5067968073574237

0.4001960206536647
0.4000064626802556
0.3995591579604896
0.3993832691883137
0.3988256326953361

0.003379862232109392
  0.4008203028777207

 -0.2439667309583462    2.325507069430614   0.4647945032294314   0.6963984281093079   -3.242995410515327
   1.468137483777491  -0.2576014648179857 0.008281843963511254  0.07594619707881356  -0.2947525927574258

 2.069359747771956e-07  7.434569892253443e-07  1.400991214615782e-06   -0.03029539495846461   -0.08234753235369467
-1.405193568263086e-07 -3.941720114445963e-08 -3.027267884498748e-07    -0.0108062353329527     0.1184836899237215

cov:
0.05495089506991056 0.05593996206461951 0.05812785440150033 0.05889136422632493   0.061101439528385
0.05593996206461951 0.05748926017794304 0.06091869506347603 0.06211543097452082 0.06557950701722261
0.05812785440150033 0.06091869506347603 0.06710206066905663 0.06925905256592936 0.07550435026731783
0.05889136422632493 0.06211543097452082 0.06925905256592936 0.07175237720678393 0.07896798322085863
  0.061101439528385 0.06557950701722261 0.07550435026731783 0.07896798322085863 0.08899414710526558

cov.inverse():
 2255023.003189129 -3053052.462123493  342737.7716303624  396495.5118256808  58923.87517440951
-3053052.462113471  4709989.420200153  -1072839.11983559  -1063689.16919174  479453.1628779215
  342737.771650556 -1072839.119876173  1437747.920259493 -382343.1872411669 -325289.5134418007
 396495.5117751057 -1063689.169109259 -382343.1872797777  1895611.276713574 -846058.5691696143
 58923.87519476886  479453.1628460455 -325289.5134235812 -846058.5691763163  632970.5765198844

cov*(cov_.inverse()):
    0.9999999999754436 -1.091393642127514e-11 -1.818989403545856e-11  1.455191522836685e-11 -7.275957614183426e-12
-2.182787284255028e-11     0.9999999999527063 -1.818989403545856e-11  7.275957614183426e-12                      0
 4.547473508864641e-12 -2.182787284255028e-11      1.000000000007276  7.275957614183426e-12                      0
-1.637090463191271e-11  1.455191522836685e-11  -2.91038304567337e-11                      1                      0
 2.182787284255028e-11 -2.182787284255028e-11  3.637978807091713e-12                      0                      1
