6
2

0.0001473220031627826
0.0002764809896905864
0.0004578728286761693
0.0007009805003562176
   0.1071933310248609
   0.6247712255582362

  -0.1521643255423569    0.5840610826633696   -0.7285612969820903    0.3232750049680824 -0.007996893435964356  -0.01861255351549412
   0.4701572454904731   -0.5886203117679804   -0.3149375932278465    0.5689371112074311  -0.05327885632823898  -0.08224677755466671
 -0.06760514309267135   0.06588214289841214    0.1525836361787781    0.2001871872120658     -0.83359490493068    0.4825473514534375
   0.5059952974356661  -0.02314374297047519   -0.3990135444376127   -0.5908197658153632   0.02261888313761375    0.4843982947297899
  -0.6050798077686391   -0.4078863341315645   -0.1777610130989475   0.09213750859747934    0.3323334125960229    0.5630038803269012
   0.3592699714367026     0.375701249837424    0.3948673150052529    0.4173387216174411    0.4373326384289519    0.4565326021638575

 0.399917906484638
0.4000246289937168
0.4001079920030369
0.4001919071460157
0.4003133237642911
0.4003570479927618

-0.0005906747264825964
     0.400031781306341

 0.2578521395230319   1.607121135783343   4.111099611793447  -5.089591182854373  0.7528611932727692   -1.63967059176308
  1.476210141216567 -0.2268709860188364  0.2469530897216153 -0.3909127654246312 0.05626033505435776   -0.16175522954308

-8.066438803420968e-08 -3.761242451522112e-07 -3.609996072961807e-07  3.354603348315693e-07    -0.0308427812229461   -0.08728800549566537
-1.434326485703105e-08  4.110413904561326e-08 -5.875870018145536e-08  3.968068266764641e-07   -0.01095007788266787     0.1289098248603701

cov:
0.05459001433774937 0.05552310508173704 0.05661084538543152 0.05788564990640081  0.0590196952614049 0.06010857487179417
0.05552310508173704 0.05700862869758502 0.05874077852251379 0.06077125117558888 0.06257763357838829 0.06431223725233387
0.05661084538543152 0.05874077852251379 0.06122493414046461 0.06413722108172375 0.06672818185073405 0.06921631063278701
0.05788564990640081 0.06077125117558888 0.06413722108172375 0.06808373890524111 0.07159486422772629 0.07496673786877563
 0.0590196952614049 0.06257763357838829 0.06672818185073405 0.07159486422772629 0.07592539971107042 0.08008361192177685
0.06010857487179417 0.06431223725233387 0.06921631063278701 0.07496673786877563 0.08008361192177685 0.08499757787633448

cov.inverse():
  4501419.70862986 -7760212.948264305  2710801.438220793  559836.8046259572  20457.29430292767 -32193.56136748142
-7760212.947769539  20271752.46594539 -17114158.75078848  4409294.838314584  -67976.1877910481   261252.662284408
 2710801.437214703 -17114158.74912326  26189251.63980364  -12570368.8271731 -137120.7555243011  921493.5538723068
 559836.8051001106  4409294.837082053 -12570368.82629012  9951147.674170185 -1338826.602702547 -1011029.560991718
  20457.2944835321 -67976.18811739767 -137120.7554124187 -1338826.602653675  3355650.263622145 -1832194.512523826
-32193.56151090678  261252.6626728091   921493.553536595  -1011029.56091599  -1832194.51250882  1692687.342399515

cov*(cov_.inverse()):
     1.000000000069349 -1.964508555829525e-10  4.365574568510056e-11  6.548361852765083e-11                      0  1.455191522836685e-11
 6.230038707144558e-11     0.9999999998617568 -1.455191522836685e-10  1.382431946694851e-10  4.365574568510056e-11  1.455191522836685e-11
-5.911715561524034e-12 -1.673470251262188e-10     0.9999999998690328   2.91038304567337e-11  4.365574568510056e-11                      0
 2.455635694786906e-11 -3.237801138311625e-10 -7.275957614183426e-11      1.000000000043656  5.820766091346741e-11  1.455191522836685e-11
 2.728484105318785e-11 -2.037268131971359e-10                      0 -1.455191522836685e-11                      1   2.91038304567337e-11
 1.955413608811796e-11 -3.274180926382542e-11  -2.91038304567337e-11  1.455191522836685e-11                      0      1.000000000029104
