5
2

0.0003972803472519386
0.0005307898756906473
0.0008571722882548307
   0.1004697402877656
   0.5864801995964675

  0.1377509613866646  -0.5435553871395505   0.1254339529415503   0.7016731577975379  -0.4212995571140704
 -0.2433101280196789   0.6401953220655708   -0.483670253929683   0.4262931930166191  -0.3395398802198348
  0.4829947647377122  -0.2309052354990064  -0.7411122085825301  0.09523946221367433   0.3938032104773719
 -0.7378853820598208  -0.2445122509595409 -0.07477099057224534   0.2983120353933897   0.5487787810961986
   0.379560369926171   0.4261385010378443   0.4421440966153711   0.4773554939359457   0.5009792747729929

0.4002430267382537
0.3998701148514222
0.3996627934439892
 0.399262099206361
0.3989731108396402

0.003184220332327584
  0.4008443590279481

 0.4843767856643815   2.225146118553865  0.7017777291617796  -0.045429853441427   -3.36611148860165
  1.354733379721076 -0.1693315753945708 0.06427973618363703 0.01110413214490669 -0.2607797868327701

 5.232504059428693e-08  5.890598388310156e-07 -1.564898672341648e-06   -0.02841271767915624   -0.09138328778803402
  6.38236026691757e-08 -1.058875459415194e-07  3.998124612105992e-07   -0.01113223777841816     0.1187073638105204

cov:
0.05504903836652784 0.05745482378954505 0.05828002572700171 0.06009838473721041 0.06131711793739979
0.05745482378954505 0.06306459636717622 0.06499148338520591 0.06923171389163134 0.07207606884999516
0.05828002572700171 0.06499148338520591 0.06729793742076103 0.07237071464283171 0.07577428581587546
0.06009838473721041 0.06923171389163134 0.07237071464283171   0.079275763395643 0.08390858224021804
0.06131711793739979 0.07207606884999516 0.07577428581587546 0.08390858224021804 0.08936703199599365

cov.inverse():
 647906.7472221855 -1179045.697289532   40000.1683971337   306837.226941692  184362.6578088076
-1179045.697294929  3399239.771601474 -1298120.184433121 -1477754.878368234  555599.6408417104
 40000.16840042272 -1298120.184434178   1677558.11972097 -270257.9401183035 -149138.9251582914
 306837.2269505978 -1477754.878393333 -270257.9401047512  3776804.504093793 -2335663.570239757
 184362.6578020088  555599.6408624712 -149138.9251696116 -2335663.570242399  1744872.645190862

cov*(cov_.inverse()):
     1.000000000007276 -4.365574568510056e-11 -3.637978807091713e-12  5.820766091346741e-11 -4.365574568510056e-11
-5.456968210637569e-12      1.000000000007276 -5.456968210637569e-12  -2.91038304567337e-11  -2.91038304567337e-11
-7.275957614183426e-12 -2.182787284255028e-11      0.999999999994543  5.820766091346741e-11  -2.91038304567337e-11
 5.456968210637569e-12 -4.365574568510056e-11  7.275957614183426e-12      1.000000000029104  -2.91038304567337e-11
-3.637978807091713e-12  7.275957614183426e-12  5.456968210637569e-12                      0                      1
