5
2

0.0003931642234772594
0.0004731843684375856
0.0005578563667125746
  0.06625507230380247
   0.6015287388679036

  0.2538206579999591 -0.09828853042263166  0.06230212113717201  -0.7791013524983486   0.5612788670499543
  0.5387336731979433  -0.4543667165060706  -0.6010315223773908   0.3237905351529555   0.1929707613816715
  0.1300523425297535  -0.7220585366201653   0.6585586215819118  0.08032903200826674  -0.1468524649204652
  -0.683923212196451  -0.2803247724152854 -0.06497897445789923   0.2542487268595539   0.6203244147685165
   0.400844771646745   0.4288819690580557   0.4437993123350433   0.4659029978305756   0.4912843297356217

0.3967886518666229
0.3965155931416706
0.3964560011416752
0.3961601454424377
0.3958848529751383

0.002954120874327893
  0.3977494445946836

  7.688891606150631  -8.491423363427154   1.860229779161204   1.343027164210879  -2.400756164199503
  3.600409431014168   -2.71394318982813  0.3192526013082261 0.09067851596257998 -0.2960786029563713

7.856545596660397e-08  1.53463690335842e-06 2.743813069709028e-06  -0.01820385919352483   -0.1041841022954943
1.489618937940704e-07 6.612165915078092e-07 8.367888743880016e-07 -0.008265750299248779    0.1149616002529719

cov:
0.06019206838541369 0.06304672664752906 0.06456386848643662 0.06681145237167989 0.06939375090966581
0.06304672664752906 0.06690133649318161  0.0689509969098298 0.07198838629044471 0.07547676468787165
0.06456386848643662  0.0689509969098298 0.07128534655629723 0.07474351349581695 0.07871488658848448
0.06681145237167989 0.07198838629044471 0.07474351349581695 0.07882621081838494 0.08351341239038215
0.06939375090966581 0.07547676468787165 0.07871488658848448 0.08351341239038215 0.08902228572199405

cov.inverse():
 1767481.221671557 -1556347.680131626  -1068616.48073325 -466699.2926165458  1324472.974485532
-1556347.680124763  2659889.154324449 -347933.7880777616 -348071.5843404293 -407794.6305881756
-1068616.480738282 -347933.7880967201  3032100.296032762 -1013189.290758005 -602549.2705567844
-466699.2926239995 -348071.5842804906 -1013189.290822589  4415799.482952447  -2587757.32100778
 1324472.974491153 -407794.6306222917 -602549.2705161922 -2587757.321019878  2273721.819942491

cov*(cov_.inverse()):
     1.000000000014552  3.637978807091713e-12 -7.275957614183426e-12                      0   2.91038304567337e-11
-1.455191522836685e-11       1.00000000001819  7.275957614183426e-12 -5.820766091346741e-11   2.91038304567337e-11
-1.455191522836685e-11  2.546585164964199e-11     0.9999999999781721  5.820766091346741e-11   2.91038304567337e-11
-1.455191522836685e-11  2.182787284255028e-11  7.275957614183426e-12                      1   2.91038304567337e-11
 -2.91038304567337e-11   2.91038304567337e-11 -1.455191522836685e-11                      0                      1
