5
2

0.0001364387793074243
0.0005680639931082033
0.0009859200066858469
  0.01410851078991599
   0.5334903399261011

0.004669167056956909   0.6011857655096509  -0.7885699924701723  0.09440081433130897  0.08831606567746951
-0.08648350066139249   0.2567980144031661    0.152795125659043  -0.8138774341147811   0.4907469365421656
  0.6104198493704331  -0.5581829896881398  -0.3851862996738813 -0.07021593900258113   0.4031384302828458
 -0.6489961957859521  -0.2481316987125474 -0.08129545509053998   0.3507918468933885   0.6225517866684945
  0.4457469555053462   0.4466462417439578   0.4470274936461898   0.4480031367696408   0.4486383797254541

0.4003236041882402
0.4005138094875579
0.4005168759790332
0.4005264153820313
0.4005365672812472

-0.0001529755717159045
    0.4004888149445308

0
0
0
0
0

0
0

0
0
0
0
0

0
0

0
0
0
0
0

0
0

0
0
0
0
0

0
0

0
0
0
0
0

0
0

0
0
0
0
0

0
0

0
0
0
0
0

0
0

0
0
0
0
0

0
0

0
0
0
0
0

0
0

0
0
0
0
0

0
0

0
0
0
0
0

0
0

0
0
0
0
0

0
0

0
0
0
0
0

0
0

0
0
0
0
0

0
0

0
0
0
0
0

0
0

0
0
0
0
0

0
0

0
0
0
0
0

0
0

0
0
0
0
0

0
0

0
0
0
0
0

0
0

0
0
0
0
0

0
0

0
0
0
0
0

0
0

0
0
0
0
0

0
0

0
0
0
0
0

0
0

0
0
0
0
0

0
0

0
0
0
0
0

0
0

0
0
0
0
0

0
0

0
0
0
0
0

0
0

0
0
0
0
0

0
0

0
0
0
0
0

0
0

0
0
0
0
0

0
0

0
0
0
0
0

0
0

0
0
0
0
0

0
0

0
0
0
0
0

0
0

0
0
0
0
0

0
0

0
0
0
0
0

0
0

0
0
0
0
0

0
0

0
0
0
0
0

0
0

0
0
0
0
0

0
0

0
0
0
0
0

0
0

0
0
0
0
0

0
0

0
0
0
0
0

0
0

0
0
0
0
0

0
0

0
0
0
0
0

0
0

0
0
0
0
0

0
0

0
0
0
0
0

0
0

0
0
0
0
0

0
0

0
0
0
0
0

0
0

0
0
0
0
0

0
0

0
0
0
0
0

0
0

0
0
0
0
0

0
0

0
0
0
0
0

0
0

0
0
0
0
0

0
0

0
0
0
0
0

0
0

0
0
0
0
0

0
0

0
0
0
0
0

0
0

0
0
0
0
0

0
0

0
0
0
0
0

0
0

0
0
0
0
0

0
0

0
0
0
0
0

0
0

0
0
0
0
0

0
0

0
0
0
0
0

0
0

0
0
0
0
0

0
0

0
0
0
0
0

0
0

0
0
0
0
0

0
0

0
0
0
0
0

0
0

0
0
0
0
0

0
0

0
0
0
0
0

0
0

0
0
0
0
0

0
0

0
0
0
0
0

0
0

0
0
0
0
0

0
0

0
0
0
0
0

0
0

0
0
0
0
0

0
0

0
0
0
0
0

0
0

0
0
0
0
0

0
0

0
0
0
0
0

0
0

0
0
0
0
0

0
0

0
0
0
0
0

0
0

 -7.330722837684505   21.19955897292422   -5.94687646704051   -3.76910571848122  -4.152839040078327
0.07684204251041687   2.781929355515182 -0.8841026218377689 -0.4723682993254065 -0.5023357570531189

 3.104626126182103e-07   2.00037572154088e-06 -1.499555093817754e-05 -0.0007816191397728707  -0.002577300501483431
 4.246271143889983e-08  2.293056807906406e-07 -1.297397529611275e-06 -0.0002282536084229905     0.1265335285743439

cov:
0.05663384977211346 0.05669544994141684 0.05672237049458274 0.05679054108873762 0.05683626888851759
0.05669544994141684 0.05679063820290539 0.05683074508722841 0.05693318748971352 0.05700036893451681
0.05672237049458274 0.05683074508722841 0.05687650230265996 0.05699346222234285  0.0570697733805702
0.05679054108873762 0.05693318748971352 0.05699346222234285 0.05714826808699922 0.05724786675581119
0.05683626888851759 0.05700036893451681  0.0570697733805702 0.05724786675581119 0.05736304785699842

cov.inverse():
  409796.636372452 -267750.1299633355 -480362.5579229792  196561.6358235438  141763.6032906984
-267750.1300128625  19940391.23041603  -25123852.1789668  2440869.174516832  3010409.401745813
-480362.5578580708 -25123852.17897661  33629507.84506445 -4356582.951223496 -3668780.868826346
 196561.6358141317  2440869.174313317 -4356582.950954896     2537095.273808 -817884.7821530196
 141763.6032847336    3010409.4019096 -3668780.869039841 -817884.7820973466  1334446.021231926

cov*(cov_.inverse()):
     1.000000000007276  1.455191522836685e-10  -2.91038304567337e-11  1.455191522836685e-11                      0
 7.275957614183426e-12      1.000000000320142 -8.731149137020111e-11 -7.275957614183426e-12                      0
 3.637978807091713e-12 -2.619344741106033e-10      0.999999999825377 -1.455191522836685e-11 -1.455191522836685e-11
 1.818989403545856e-12                      0  8.731149137020111e-11      1.000000000007276 -1.455191522836685e-11
 2.728484105318785e-12 -5.820766091346741e-11 -8.731149137020111e-11  1.455191522836685e-11      1.000000000014552
