5
2

0.03594501841025329
 0.6846592757527517
  2.636315750171705
  8.400429656092074
  25.52946637864884

  -0.4330393937295137    0.8159430372287578   -0.3830324211214207 4.270680106768125e-05 7.760333325103634e-05
  -0.5424563724718675   0.08663811387431876    0.7977785500014453   -0.1552249549247913   -0.1941378884070581
  0.08413710604187215   0.06534878681307904   0.04412036577573364   -0.7876920551935701    0.6051818759329326
   -0.697935797950109   -0.5104756846331462   -0.2982771441870129    0.1535956264471754     0.373817236266609
    0.154998505701448    0.2487466757216877     0.354851642390041    0.5760684171745191    0.6755190931238456

42.39582493533008
68.82157484803366
98.71808927630056
158.3639027177247
188.2413183728644

 1.974420216384107
-1.255692424394024

  -0.04107014004717018    0.01123288446222898     0.0298448760288925  2.896916565813326e-06 -3.730289193238333e-06
     1.757468868899736    0.03710250640903087    -0.7945757262374972 -7.676218381683046e-05 -3.488855985171648e-05

2.005101287877435e-05   0.02206062527587949 -0.009794443755607399    0.9898613819796837     4.573997070459285
-0.000550968362468466   -0.7425190343362931    0.8011820564546313    -71.17137390084602   -0.2542595219421832

cov:
50.21976547887525 50.28596150377038 50.36112970159475 50.20897386894052 50.23374569016711
50.28596150377038 58.75004555268792 68.32592715664721 87.49609375515017 96.31722367436964
50.36112970159475 68.32592715664721 88.65898992571118 129.6981547327086 148.4759045849266
50.20897386894052 87.49609375515017 129.6981547327086 222.2759698083215 254.3795573594869
50.23374569016711 96.31722367436964 148.4759045849266 254.3795573594869 309.8363123227431

cov.inverse():
    145.7724486142063    -273.5644455407977     127.4568604942696    0.1543980949088203    0.2024404474646001
   -273.5644455407974     515.2991983400173    -241.7398657307585  -0.01001699371680712   0.01636992911510332
    127.4568604942691    -241.7398657307579     114.9111738676984   -0.2821735002731861   -0.3507791386497079
   0.1543980949088044  -0.01001699371677865   -0.2821735002731981    0.1415187756890877 -0.002887664839904172
   0.2024404474647487   0.01636992911482441   -0.3507791386495782 -0.002887664839903629     0.135783841569343

cov*(cov_.inverse()):
     1.000000000002329 -2.263078613395919e-12 -9.663381206337363e-13 -7.216449660063518e-16  2.664535259100376e-15
 1.755040557327447e-12     0.9999999999956812 -1.541877736599417e-12  7.771561172376096e-16                      0
-5.115907697472721e-13  2.788436148648543e-12      1.000000000000142 -1.165734175856414e-15  3.552713678800501e-15
-1.662670001678634e-12   1.48947520983711e-12 -4.732214620162267e-12     0.9999999999999996                      0
 1.200817223434569e-12 -4.382272322800418e-12  5.258016244624741e-13   3.33066907387547e-15                      1
