5
2

0.03592024688394201
 0.6846741217100885
  2.637533508900692
   8.40121969709333
  25.53919661960983

  -0.4330445037870851    0.8159429239503415   -0.3830268842392666 4.477018915563248e-05 8.087493024559476e-05
   -0.542475133907533   0.08663127263101632    0.7978014641866464   -0.1551606568361055   -0.1940457317391099
  0.08417517951633623    0.0653788170146035   0.04414171676144943   -0.7876796688902886    0.6051879026363635
  -0.6979333864760642   -0.5105319511025773   -0.2983906000983351    0.1534497278271277     0.373714256816868
   0.1549087280538009    0.2486260337270901    0.3547080324801095    0.5761415527563377    0.6755971463879156

42.39524936789305
68.82151565046551
98.71814423120406
158.3653248688448
188.2427401490556

 1.974420216384107
-1.255692424394024

0
0
0
0
0

0
0

0
0
0
0
0

0
0

0
0
0
0
0

0
0

0
0
0
0
0

0
0

0
0
0
0
0

0
0

0
0
0
0
0

0
0

0
0
0
0
0

0
0

0
0
0
0
0

0
0

0
0
0
0
0

0
0

0
0
0
0
0

0
0

0
0
0
0
0

0
0

0
0
0
0
0

0
0

0
0
0
0
0

0
0

0
0
0
0
0

0
0

0
0
0
0
0

0
0

0
0
0
0
0

0
0

0
0
0
0
0

0
0

0
0
0
0
0

0
0

0
0
0
0
0

0
0

0
0
0
0
0

0
0

0
0
0
0
0

0
0

0
0
0
0
0

0
0

0
0
0
0
0

0
0

0
0
0
0
0

0
0

0
0
0
0
0

0
0

0
0
0
0
0

0
0

0
0
0
0
0

0
0

0
0
0
0
0

0
0

0
0
0
0
0

0
0

0
0
0
0
0

0
0

0
0
0
0
0

0
0

0
0
0
0
0

0
0

0
0
0
0
0

0
0

0
0
0
0
0

0
0

0
0
0
0
0

0
0

0
0
0
0
0

0
0

0
0
0
0
0

0
0

0
0
0
0
0

0
0

0
0
0
0
0

0
0

0
0
0
0
0

0
0

0
0
0
0
0

0
0

0
0
0
0
0

0
0

0
0
0
0
0

0
0

0
0
0
0
0

0
0

0
0
0
0
0

0
0

0
0
0
0
0

0
0

0
0
0
0
0

0
0

0
0
0
0
0

0
0

0
0
0
0
0

0
0

0
0
0
0
0

0
0

0
0
0
0
0

0
0

0
0
0
0
0

0
0

0
0
0
0
0

0
0

0
0
0
0
0

0
0

0
0
0
0
0

0
0

0
0
0
0
0

0
0

0
0
0
0
0

0
0

0
0
0
0
0

0
0

0
0
0
0
0

0
0

0
0
0
0
0

0
0

0
0
0
0
0

0
0

0
0
0
0
0

0
0

0
0
0
0
0

0
0

0
0
0
0
0

0
0

0
0
0
0
0

0
0

0
0
0
0
0

0
0

0
0
0
0
0

0
0

0
0
0
0
0

0
0

0
0
0
0
0

0
0

0
0
0
0
0

0
0

0
0
0
0
0

0
0

0
0
0
0
0

0
0

0
0
0
0
0

0
0

0
0
0
0
0

0
0

0
0
0
0
0

0
0

0
0
0
0
0

0
0

0
0
0
0
0

0
0

  -0.04108477524558232    0.01126486869942963    0.02982589467205162   3.39880054631321e-06  -2.76336693275786e-06
     1.758065266274627    0.03580254853847158    -0.7938120075215269  -9.56962837212283e-05 -7.181764723455264e-05

 2.00750989738816e-05    0.0220600250039409  -0.00980612372478846    0.9897561136385419     4.576141059593387
-0.000552305737195797   -0.7424894459997352    0.8022183888759722    -71.17804607745208   -0.2831092760646466

cov:
50.21988973151846 50.28584941981795 50.36149860194548 50.23214922707393 50.25624863619751
50.28584941981795 58.74922107138428 68.32590866278905   87.536948418698 96.36030326428886
50.36149860194548 68.32590866278905 88.66111090506129 129.7636110723623 148.5477889066565
50.23214922707393   87.536948418698 129.7636110723623 222.4968269474339 254.6272264005372
50.25624863619751 96.36030326428886 148.5477889066565 254.6272264005372 310.1306596461715

cov.inverse():
     145.976142572216    -273.9449448359732     127.6336256967969    0.1536158786637078    0.2011957592581418
   -273.9449448359725     516.0099958518953    -242.0700862269835 -0.008655090834252194   0.01852594598355093
    127.6336256967962    -242.0700862269829     115.0645763892058   -0.2826875818323296   -0.3516219797007887
   0.1536158786632408 -0.008655090833373937   -0.2826875818327406    0.1413879385249508 -0.002885087261541616
   0.2011957592586513   0.01852594598259225   -0.3516219797003399 -0.002885087261541224    0.1356550157143553

cov*(cov_.inverse()):
     1.000000000001208 -4.367950445782753e-12  4.156675004196586e-12  1.443289932012704e-15 -3.552713678800501e-15
-1.069366817318951e-12     0.9999999999966629  1.513456027169013e-12  2.775557561562891e-16                      0
 2.025046796916286e-13 -1.458388965147606e-12      1.000000000000583  2.498001805406602e-15                      0
-7.212008767965017e-12 -4.511946372076636e-13  1.023181539494544e-12     0.9999999999999962                      0
-2.430056156299543e-12 -7.665867940431781e-12  3.765876499528531e-12  7.771561172376096e-16      1.000000000000007
