5
1

0.0009496226905976196
 0.001107603189231639
 0.005139284137638831
  0.05337699973003418
   0.5572739148402028

-0.0003108689371595063     -0.280025473599611     0.7200814155563092    -0.6112736681948533     0.1715018805665058
 -0.002293864996985793    -0.5166934584759407     0.4082254347932843     0.5846292932503929    -0.4739020911674972
    0.5175073748358846    -0.6486827266079119    -0.3373171677272246    0.02407786184070915     0.4438853704692912
   -0.7432046258761896    -0.1983500672191396    0.01916787149347422     0.2754920621272389     0.5762298597935441
    0.4240608949320653     0.4410006520836138     0.4479782030603158     0.4561550967809258      0.465756201799695

0.4007833573085994
0.4008857833835236
0.4008577285064049
0.4008267825946924
0.4007871655889997

0.000806605534668275

0
0
0
0
0

0

0
0
0
0
0

0

0
0
0
0
0

0

0
0
0
0
0

0

0
0
0
0
0

0

0
0
0
0
0

0

0
0
0
0
0

0

0
0
0
0
0

0

0
0
0
0
0

0

0
0
0
0
0

0

0
0
0
0
0

0

0
0
0
0
0

0

0
0
0
0
0

0

0
0
0
0
0

0

0
0
0
0
0

0

0
0
0
0
0

0

0
0
0
0
0

0

0
0
0
0
0

0

0
0
0
0
0

0

0
0
0
0
0

0

0
0
0
0
0

0

0
0
0
0
0

0

0
0
0
0
0

0

0
0
0
0
0

0

0
0
0
0
0

0

0
0
0
0
0

0

0
0
0
0
0

0

0
0
0
0
0

0

0
0
0
0
0

0

0
0
0
0
0

0

0
0
0
0
0

0

0
0
0
0
0

0

0
0
0
0
0

0

0
0
0
0
0

0

0
0
0
0
0

0

0
0
0
0
0

0

0
0
0
0
0

0

0
0
0
0
0

0

0
0
0
0
0

0

0
0
0
0
0

0

0
0
0
0
0

0

0
0
0
0
0

0

0
0
0
0
0

0

0
0
0
0
0

0

0
0
0
0
0

0

0
0
0
0
0

0

0
0
0
0
0

0

0
0
0
0
0

0

0
0
0
0
0

0

0
0
0
0
0

0

0
0
0
0
0

0

0
0
0
0
0

0

0
0
0
0
0

0

0
0
0
0
0

0

0
0
0
0
0

0

0
0
0
0
0

0

0
0
0
0
0

0

0
0
0
0
0

0

0
0
0
0
0

0

0
0
0
0
0

0

0
0
0
0
0

0

0
0
0
0
0

0

0
0
0
0
0

0

0
0
0
0
0

0

0
0
0
0
0

0

0
0
0
0
0

0

0
0
0
0
0

0

0
0
0
0
0

0

0
0
0
0
0

0

0
0
0
0
0

0

0
0
0
0
0

0

0
0
0
0
0

0

0
0
0
0
0

0

0
0
0
0
0

0

0
0
0
0
0

0

0
0
0
0
0

0

0
0
0
0
0

0

 -5.890835913776093   13.91252461716846   3.146430814822955 -0.1351806342020113  -11.04568392871893

-3.102194693825521e-06 -9.016898362460674e-07 -0.0004765027969980664   -0.01345699505195471   -0.04949222634649453

cov:
0.05742701769387788 0.05848823004355836 0.05895079682962689 0.05948982535565921 0.06012317075290095
0.05848823004355836 0.06052067693090208 0.06134718747455493 0.06231622939489397 0.06345447273836059
0.05895079682962689 0.06134718747455493  0.0623281324798781 0.06347571658916455 0.06482409857212305
0.05948982535565921 0.06231622939489397 0.06347571658916455 0.06483634314237284 0.06643157126929036
0.06012317075290095 0.06345447273836059 0.06482409857212305 0.06643157126929036 0.06831969082400149

cov.inverse():
 10338.60793033665  -11594.9452259066  -7625.13995557195 -481.9001844804882  9374.566082321484
-11594.94522587572  320520.0675052957 -387254.0114958297 -57027.01644604412  135399.9029484763
-7625.139955638089 -387254.0114988018  715140.9910285048 -293870.6020385743 -26414.60351061307
-481.9001844374468  -57027.0164404034 -293870.6020465166  693008.5044737684 -341631.4399555049
 9374.566082313764  135399.9029458385 -26414.60350570875  -341631.439957764  223260.0578436582

cov*(cov_.inverse()):
                     1  1.818989403545856e-12 -6.821210263296962e-13 -3.637978807091713e-12  3.637978807091713e-12
                     0                      1 -1.818989403545856e-12 -3.637978807091713e-12  1.818989403545856e-12
 -1.13686837721616e-13 -1.818989403545856e-12     0.9999999999984084  7.275957614183426e-12 -1.818989403545856e-12
 2.273736754432321e-13  1.818989403545856e-12 -1.591615728102624e-12      0.999999999996362  5.456968210637569e-12
 -1.13686837721616e-13                      0 -1.364242052659392e-12                      0                      1
