5 
11 
12 
14 
15 
inputFileName = /Users/demattia/RemoteProjects/extracted_endcaps.root
eventsFractionStartBuild = 0
eventsFractionEndBuild = 0.2
eventsFractionStartTest = 0.8
eventsFractionEndTest = 1
var name = R
var name = z
par name = cotTheta
firstOrderChargeOverPtCoefficientsFileName = 
firstOrderCotThetaCoefficientsFileName = 
2 < pT < 10, pT regions = 1
0 < phi < 0.8, phi regions = 1
-3 < eta < 3, eta regions = 1
-15 < z0 < 15, eta regions = 1
charge regions = 1
endcap regions = 0
Training
Requested running from track number 0 to track number 1000000 for a total of 1000000 tracks.
Analyzed 10% of 1000000 tracks
Analyzed 20% of 1000000 tracks
Analyzed 30% of 1000000 tracks
Analyzed 40% of 1000000 tracks
Analyzed 50% of 1000000 tracks
Analyzed 60% of 1000000 tracks
Analyzed 70% of 1000000 tracks
Analyzed 80% of 1000000 tracks
Analyzed 90% of 1000000 tracks
Analyzed 100% of 1000000 tracks
Evaluating eigenvalues:
geomIndex = 0
Sqrt(eigenvalues) of cov:
 0.0463265 0.0594952 0.644307 1.11703 1.20599 1.55548 1.73862 2.80139 3.5315 9.01191
Analyzed 10% of 1000000 tracks
Analyzed 20% of 1000000 tracks
Analyzed 30% of 1000000 tracks
Analyzed 40% of 1000000 tracks
Analyzed 50% of 1000000 tracks
Analyzed 60% of 1000000 tracks
Analyzed 70% of 1000000 tracks
Analyzed 80% of 1000000 tracks
Analyzed 90% of 1000000 tracks
Analyzed 100% of 1000000 tracks
opening GeometricIndex.txt for writing
Matrices built:
geomIndex = 0

V_0:
  -0.0589982     0.014266     0.606927    -0.149262    -0.732467     0.184582     0.180536   -0.0500163 -0.000469271  -0.00179221
    0.576279    -0.143154    -0.549123     0.133901    -0.407116    0.0968505     0.377979   -0.0997437    0.0013382  -0.00129755
     -0.5406    0.0736264    -0.160461    0.0293127    0.0802297   0.00953488     0.641313    -0.202138    -0.440288      0.15232
    0.588531    0.0459145     0.422815   -0.0880638     0.333483    -0.106231     0.129903   -0.0921052    -0.557574    0.0790717
   0.0584076    0.0114921    0.0987638     0.126702   -0.0187658    -0.353423    0.0991709    0.0495527     0.310242     0.858399
   0.0103352    0.0151222    -0.221945    -0.813991    -0.039578    0.0109988    0.0433331       0.5002    -0.104294     0.152253
  -0.0156131    0.0128218    0.0995431     0.269959   -0.0911104    -0.602398     0.284468     0.575441  -0.00290766    -0.365454
     0.04575    0.0593779     0.112851     0.345112     0.196883     0.674871     0.181401     0.558928    0.0439538     0.145225
   -0.133871    -0.389063    -0.127561     0.256469    -0.292684   -0.0318859     -0.47052     0.201254    -0.590141     0.227642
   0.0450355     0.903523    -0.166296     0.121597    -0.213199   -0.0281699    -0.222378    0.0389003    -0.194734    0.0635923
corrPV_0:
-0.000123674  7.76905e-05   -0.0643878    0.0651998   -0.0131256     0.016232   -0.0598995   -0.0350146     0.739899      0.53782
D_0:
   0.122653  -0.0306044  -0.0135715  0.00491941   0.0203105 -0.00542974   -0.131226   0.0284416  -0.0007281  -0.0056236
opening matrixVD_0.txt for writing
