5 
11 
12 
14 
15 
inputFileName = /Users/demattia/RemoteProjects/extracted_endcaps.root
eventsFractionStartBuild = 0
eventsFractionEndBuild = 0.2
eventsFractionStartTest = 0.8
eventsFractionEndTest = 1
var name = R
var name = z
par name = cotTheta
firstOrderChargeOverPtCoefficientsFileName = 
firstOrderCotThetaCoefficientsFileName = 
pT > 2, pT regions = 1
0 < phi < 0.8, phi regions = 1
-3 < eta < 3, eta regions = 1
-15 < z0 < 15, eta regions = 1
charge regions = 1
endcap regions = 0
Training
Requested running from track number 0 to track number 1000000 for a total of 1000000 tracks.
Analyzed 10% of 1000000 tracks
Analyzed 20% of 1000000 tracks
Analyzed 30% of 1000000 tracks
Analyzed 40% of 1000000 tracks
Analyzed 50% of 1000000 tracks
Analyzed 60% of 1000000 tracks
Analyzed 70% of 1000000 tracks
Analyzed 80% of 1000000 tracks
Analyzed 90% of 1000000 tracks
Analyzed 100% of 1000000 tracks
Evaluating eigenvalues:
geomIndex = 0
Sqrt(eigenvalues) of cov:
 0.0464304 0.0591718 0.644434 1.11742 1.205 1.55918 1.73779 2.80036 3.52827 9.01215
Analyzed 10% of 1000000 tracks
Analyzed 20% of 1000000 tracks
Analyzed 30% of 1000000 tracks
Analyzed 40% of 1000000 tracks
Analyzed 50% of 1000000 tracks
Analyzed 60% of 1000000 tracks
Analyzed 70% of 1000000 tracks
Analyzed 80% of 1000000 tracks
Analyzed 90% of 1000000 tracks
Analyzed 100% of 1000000 tracks
opening GeometricIndex.txt for writing
Matrices built:
geomIndex = 0

V_0:
  -0.0566397    0.0136522       0.6048    -0.148702    -0.734089     0.185008     0.181803   -0.0503791 -0.000533747  -0.00207489
     0.57678    -0.143198    -0.551444      0.13439    -0.404293    0.0961946     0.376894   -0.0995442   0.00141554  -0.00134923
   -0.541655    0.0732376    -0.161186    0.0306991    0.0789694   0.00908053     0.641289      -0.2017     -0.43823     0.154995
    0.587071    0.0458511     0.422905   -0.0872812     0.333153    -0.110342     0.133418   -0.0884904    -0.558581    0.0772655
   0.0597203    0.0100039     0.100892     0.131023   -0.0200186    -0.359171    0.0989569    0.0513666      0.31217     0.854225
  0.00929759    0.0146984    -0.220417    -0.807923   -0.0409624   0.00387652    0.0478225     0.510685    -0.103401      0.15134
  -0.0193514    0.0140345    0.0995081     0.279523    -0.091396    -0.599301     0.284316     0.567477   0.00241686    -0.375508
    0.045714    0.0587434     0.113269     0.349839     0.195293     0.673635     0.178779     0.558487    0.0419649     0.147266
   -0.133876    -0.390233    -0.127044     0.257185    -0.293655   -0.0377025    -0.470389     0.200467    -0.589828     0.224738
   0.0450982     0.903104    -0.166321     0.121227     -0.21361   -0.0295581    -0.222944    0.0384224    -0.195277    0.0647658
corrPV_0:
-0.000124456  7.60095e-05   -0.0646852    0.0646825   -0.0125744    0.0153675   -0.0619318   -0.0325747     0.738966     0.543602
D_0:
    0.122673   -0.0305745   -0.0133066   0.00484998    0.0206773  -0.00553172    -0.131831    0.0285625 -0.000517423  -0.00562615
opening matrixVD_0.txt for writing
