10
1

0.04632647404124792
0.05949522310508644
 0.6443073342232141
  1.117033841507777
  1.205986109777991
  1.555478259669013
  1.738619903377591
   2.80138988927294
  3.531504249988275
  9.011912635961881

  -0.05899823123424646    0.01426596679113529     0.6069265090965718    -0.1492617895811855    -0.7324670545040103     0.1845819606172789     0.1805360790723497   -0.05001627153555751 -0.0004692709750418738  -0.001792213751823424
    0.5762788533728337    -0.1431540337826887    -0.5491230484304909     0.1339014936858509    -0.4071162109040604    0.09685045736694244     0.3779787955037033   -0.09974371616643668   0.001338195453950325  -0.001297548796970331
   -0.5405996432548151    0.07362643505425169    -0.1604605672982489     0.0293127463335356    0.08022969414610066   0.009534875079328089     0.6413127566384175    -0.2021381438374424     -0.440287921488382     0.1523196984088108
    0.5885314334697338    0.04591448253284718     0.4228147117140586    -0.0880638377887164     0.3334829734760794    -0.1062305333579354     0.1299026260786404   -0.09210516351965421     -0.557574103644532    0.07907172607076147
    0.0584076178217225    0.01149214260527981    0.09876384498855496     0.1267018887338204   -0.01876584522698294    -0.3534228031851986    0.09917092112545926     0.0495527222411672     0.3102423461137018     0.8583986971065416
    0.0103352237977604    0.01512219300104754     -0.221945342514819    -0.8139906052825898   -0.03957797807373335    0.01099883902115834    0.04333308085829661     0.5002004899329122    -0.1042941262097284     0.1522534737852863
  -0.01561311359259358    0.01282183732742091    0.09954310621783496     0.2699591198602491    -0.0911104249870376    -0.6023982672847248     0.2844679922181667      0.575441431716421  -0.002907658637229732    -0.3654544546179367
   0.04574999927386333    0.05937791673744898     0.1128514093152406     0.3451123374789609     0.1968830150440316     0.6748711530226521     0.1814006084328136     0.5589283987678711    0.04395384693775205     0.1452245274089232
   -0.1338707417599003    -0.3890629975252023    -0.1275606382786537     0.2564692623838198    -0.2926843611722365   -0.03188585540341311    -0.4705200141356573     0.2012544173888997    -0.5901408379295328     0.2276421173883652
   0.04503549131331214     0.9035228334378477    -0.1662955110031646     0.1215969695978587    -0.2131993614898524   -0.02816989539456353    -0.2223782356285491    0.03890030991806225    -0.1947343635278131    0.06359227237357951

22.68359539418628
90.98838402754691
32.82590510821009
131.4562102429993
39.01842791261035
156.1288407229862
54.92678920015837
219.8008292952097
65.64785147616615
262.8168650837655

4.000557246410358

    0.1226526022769725   -0.03060441991165176   -0.01357146183133006    0.00491940867375436    0.02031045710776588  -0.005429742868728498    -0.1312264072469964    0.02844155879427798 -0.0007281002845197183  -0.005623599216525352

-0.0001236741108950561  7.769046328029725e-05   -0.06438776762589658    0.06519984177275545   -0.01312561627515878    0.01623202612061604   -0.05989949102919537   -0.03501458573314535     0.7398985852315804     0.5378204396849496

cov:
  0.9653004373768711    3.993206028075859 -0.01129387907463013  0.04717104879033691  0.00742702467976198   0.1112133225169981 -0.01435957354977843 -0.02596501329085069 0.002057484235346067  0.02252173511042955
   3.993206028075859    68.22147868681557   -11.51409283367987    7.817642062379203     -14.116044008896    -1.63257855883868   -13.90922398751337    2.168424962225684   -11.44963226503731      3.6443969993463
-0.01129387907463013   -11.51409283367987    2.947737670083323   -1.256934457336766    3.680952169612784   0.7343057259629667    4.014434422236639  -0.4738761682665011    3.442634646564128     -1.1292399438348
 0.04717104879033691    7.817642062379203   -1.256934457336766    4.812758625901456   -2.543862210527186   0.8810303452063644   -3.051053949706424    2.042880925637689   -3.375536100738072    1.302717794964204
 0.00742702467976198     -14.116044008896    3.680952169612784   -2.543862210527186    5.236659643575188    1.777072417969564    5.837621712603604    -0.79714830897033    5.349505335994207   -1.607029954097415
  0.1112133225169981    -1.63257855883868   0.7343057259629667   0.8810303452063644    1.777072417969564    4.944517585615675    1.074311828289452    1.742549622010237   0.8281962415933581   0.7515382594026644
-0.01435957354977843   -13.90922398751337    4.014434422236639   -3.051053949706424    5.837621712603604    1.074311828289452    7.491354688205699  -0.6023382305376057    6.866270263525708   -2.398695846776177
-0.02596501329085069    2.168424962225684  -0.4738761682665011    2.042880925637689    -0.79714830897033    1.742549622010237  -0.6023382305376057    4.717161299647482   -1.911539540504055   0.9978529181887235
0.002057484235346067   -11.44963226503731    3.442634646564128   -3.375536100738072    5.349505335994207   0.8281962415933581    6.866270263525708   -1.911539540504055    8.073068116652042   -2.361806571119704
 0.02252173511042955      3.6443969993463     -1.1292399438348    1.302717794964204   -1.607029954097415   0.7515382594026644   -2.398695846776177   0.9978529181887235   -2.361806571119704    2.689136833219873

cov.inverse():
   96.42890264022603    -23.7671485782012   -105.6719383028552    25.82296543144808   -46.08834820758284    10.62424448605517    55.80875526935166   -14.64177572965159   0.5596456418762783  -0.2875907735389519
  -23.76714857820129    5.921981001211629     26.2322776484257   -6.412530524963214    11.62991783675238   -2.691632305732103   -13.95202715957827    3.666529354705375  -0.1374813464343919  0.07137644137612047
  -105.6719383028661    26.23227764842817    257.0643757372625   -62.93058029953126   -143.8958726316057     37.1003763009925   -7.765629675648521    1.358296150739069  -0.3214566822823456  -0.3057048875102014
   25.82296543145065    -6.41253052496381   -62.93058029953127    15.78422164525938    35.52958638998913   -9.224880735064223    1.795907600975667  -0.3861671128902354   0.1428827810215698  0.08281973794167724
   -46.0883482075687    11.62991783674895   -143.8958726316257    35.52958638999403    296.9322343547621   -74.12235984034314   -104.9249431548461    28.46165547279644  -0.2146096872682059   0.8070644244522149
   10.62424448605136   -2.691632305731174    37.10037630099816   -9.224880735065607   -74.12235984034344      18.798560020078    25.80922520790752    -7.10455036972303 -0.03631615028371666    -0.31606434757375
   55.80875526934731   -13.95202715957714   -7.765629675636702    1.795907600972766   -104.9249431548533    25.80922520790939    56.60984001020531   -15.10853936605687  -0.5919749174786552  -0.0243174321644623
  -14.64177572965034    3.666529354705066    1.358296150735977  -0.3861671128894765    28.46165547279826     -7.1045503697235   -15.10853936605684    4.339231678194258   0.2107423370779488 0.003525286286336817
  0.5596456418762827  -0.1374813464343929  -0.3214566822822608   0.1428827810215489  -0.2146096872683322 -0.03631615028368504  -0.5919749174786181   0.2107423370779387   0.8160485469814637 -0.03019752719471937
 -0.2875907735389261  0.07137644137611412   -0.305704887510218   0.0828197379416812   0.8070644244521866  -0.3160643475737431 -0.02431743216444308 0.003525286286331753 -0.03019752719471907   0.6301615495464207

cov*(cov_.inverse()):
    0.9999999999999405  7.806472482330129e-15  1.686376732701333e-13  3.245732675682955e-14  1.754603407011501e-13  -5.90508544839885e-14 -1.886818609339591e-13  -6.12219151242821e-15 -6.719885065065156e-16 -3.989863994746656e-16
-2.748912208971888e-13      0.999999999999957  2.184918912462308e-13  2.209343819004062e-14  5.009326287108706e-13 -1.689759443479488e-13 -1.360161983043895e-13  2.186098524425972e-14 -1.942890293094024e-16 -8.881784197001252e-16
-4.951594689828198e-14  4.014844012800722e-14     0.9999999999999564  2.312039448781888e-14  1.088018564132653e-14 -3.108624468950438e-15 -2.279704203189681e-13  1.032420676727597e-14  1.387778780781446e-17  -3.33066907387547e-16
 4.524158825347513e-14 -6.453171330633722e-15 -8.043565813409259e-14     0.9999999999999876  2.620126338115369e-14 -8.493206138382448e-15  6.016714904077958e-14  1.477724193010843e-14 -3.122502256758253e-16  1.110223024625157e-16
-2.581268532253489e-14  2.099709295322327e-14  2.425837308805967e-14   2.17881268582687e-14     0.9999999999999758  2.109423746787797e-14 -1.371472380107264e-13 -5.885830017815508e-14  1.249000902703301e-15 -8.881784197001252e-16
  -4.6074255521944e-14  9.832412661836543e-15  3.383404667545165e-14   1.17128529097954e-14  6.539213615042172e-14     0.9999999999999943 -7.429126758218274e-14  1.560817447510132e-15 -9.020562075079397e-17 -2.220446049250313e-16
-6.672440377997191e-14   2.69784194983913e-14  3.563815909046752e-14  6.888933867799096e-14   2.40918396343659e-13 -6.117328865684613e-14     0.9999999999998161 -3.050511232505215e-14  8.326672684688674e-17                      0
 1.126876369994534e-14 -5.856426454897701e-15 -2.320366121466577e-14 -8.493206138382448e-15  1.221245327087672e-14  1.942890293094024e-15  1.942196403703633e-14      1.000000000000008  1.387778780781446e-16 -1.110223024625157e-16
-1.267874694121929e-13  3.899658373995862e-14  -7.51620987671231e-14  3.749778265671466e-14  2.873257187729905e-13 -1.176836406102666e-14 -1.026678742022114e-13 -1.790755044250858e-14      1.000000000000001 -4.440892098500626e-16
-1.498801083243961e-14 -1.459943277382081e-14  1.125766146969909e-13 -1.490474410559273e-14 -2.575717417130363e-14  2.109423746787797e-14  6.862566070964249e-14  1.800642968063926e-15 -5.273559366969494e-16     0.9999999999999998
