5 
6 
12 
13 
14 
inputFileName = /Users/demattia/RemoteProjects/extracted_endcaps.root
eventsFractionStartBuild = 0
eventsFractionEndBuild = 0.2
eventsFractionStartTest = 0.8
eventsFractionEndTest = 1
var name = R
var name = z
par name = cotTheta
firstOrderChargeOverPtCoefficientsFileName = 
firstOrderCotThetaCoefficientsFileName = 
2 < pT < 10, pT regions = 1
0 < phi < 0.8, phi regions = 1
-3 < eta < 3, eta regions = 1
-15 < z0 < 15, eta regions = 1
charge regions = 1
endcap regions = 0
Training
Requested running from track number 0 to track number 1000000 for a total of 1000000 tracks.
Analyzed 10% of 1000000 tracks
Analyzed 20% of 1000000 tracks
Analyzed 30% of 1000000 tracks
Analyzed 40% of 1000000 tracks
Analyzed 50% of 1000000 tracks
Analyzed 60% of 1000000 tracks
Analyzed 70% of 1000000 tracks
Analyzed 80% of 1000000 tracks
Analyzed 90% of 1000000 tracks
Analyzed 100% of 1000000 tracks
Evaluating eigenvalues:
geomIndex = 0
Sqrt(eigenvalues) of cov:
 0.151096 0.902717 1.01119 1.2402 1.491 2.1065 2.38862 2.76293 5.57385 14.0232
Analyzed 10% of 1000000 tracks
Analyzed 20% of 1000000 tracks
Analyzed 30% of 1000000 tracks
Analyzed 40% of 1000000 tracks
Analyzed 50% of 1000000 tracks
Analyzed 60% of 1000000 tracks
Analyzed 70% of 1000000 tracks
Analyzed 80% of 1000000 tracks
Analyzed 90% of 1000000 tracks
Analyzed 100% of 1000000 tracks
opening GeometricIndex.txt for writing
Matrices built:
geomIndex = 0

V_0:
  -0.568017    0.231069    0.725584   -0.296109  -0.0367517   0.0158934  -0.0547617   0.0046497  -0.0612036   0.0379574
   -0.76537   0.0372505   -0.582887   0.0542117    0.197106  -0.0998923   0.0739385  -0.0290264   -0.114515   0.0432818
 -0.0302476  -0.0132895  -0.0293431  0.00478056   -0.220197     0.65198    0.444106    -0.46634  -0.0710235    0.323592
   0.210802    0.066996    0.150927   0.0294229     0.56065   -0.313394    0.291666   -0.156718   -0.561915    0.299176
  -0.022555 -0.00113508 -0.00484596 -0.00256051    -0.59689   -0.634046      0.3363   -0.343549  -0.0321271  -0.0949356
 0.00171984 -0.00755285  -0.0352003  -0.0550877   -0.277108    0.140535    0.439724    0.725069   -0.406398   -0.122009
 -0.0653373   -0.131276    0.152003    0.236643    0.244657    0.154393    0.234164   -0.241684  -0.0839876   -0.833907
   0.197596    0.521218   -0.292176   -0.668407  0.00253422   0.0837762  -0.0974673   -0.164303   -0.178436   -0.285994
 -0.0484493   -0.627077  -0.0181674   -0.226934   -0.192046   0.0675348   -0.439214   -0.153884   -0.541723  -0.0332113
 0.00644224      0.5083  0.00812361    0.592607   -0.259175   0.0964054   -0.381496   -0.065299    -0.40472  -0.0165032
corrPV_0:
-0.00504327  -0.0266008  0.00128217   0.0124993 -0.00752721   0.0142933  -0.0697001 -0.00415026    0.788023     1.22477
D_0:
    0.15172  -0.0631722   -0.142273   0.0591257 -0.00238263  0.00100193 -0.00343578 0.000292728 -0.00373575  0.00236522
opening matrixVD_0.txt for writing
