10
1

0.1510690526015593
0.9033100647542951
 1.013337662892515
 1.238115314487838
 1.494361612036372
 2.102815885040387
 2.383003247674042
 2.769215586339862
 5.577097813639477
 14.04683477400503

    0.5683884714489559    -0.2311137568256752    -0.7253074531742423     0.2961585207702225    0.03734609690036859   -0.01539663876882983    0.05443886531479803  -0.004316970076064824    0.06096640557097817   -0.03754050532711364
    0.7658900885628668   -0.03691749770627594     0.5846540035044298   -0.05352716914906284    -0.1893991891637829    0.07012598085056042   -0.08882171323506981    0.04414625320864635      0.115432919828715   -0.05840681049923696
 -0.003569340000013961    0.01086097970589133   0.006975351829062639   0.002178683354948023     0.2291211291948803    -0.6453095152617673     -0.445025915651783     0.4704298374761861    0.07362692134607511    -0.3257634314500293
    0.2082917797291262     0.0681995981037699     0.1496287184130767    0.02959024220471639     0.5511049947541418    -0.3339472641104758     0.2944636403022362     -0.157321784839062    -0.5604936300180801     0.2963940524410251
   0.03133138722971417   0.004438532637088109    0.01047357821944648 -0.0006186885689783597     0.6060445498461849     0.6343551093705866     -0.328533101792039      0.332013395131956    0.02144922451589795     0.1027871638421549
 0.0002279152283696086    0.01240218232499072    0.02994170000170873    0.04657834833386996     0.2684696536540592    -0.1472426041884158      -0.44524051159066    -0.7204878542083658     0.4069640431707147     0.1416409295269647
  -0.06997892153772847    -0.1378323658259336      0.155776446903771     0.2490409072197176     0.2525881797571233     0.1509141846963562     0.2279522682045917    -0.2601914477927363   -0.07234862499595357      -0.82361731724993
    0.1967564657606496     0.5200207540360801    -0.2898344061187787    -0.6645971276239413   0.004797333511689332    0.07933946214254896   -0.09235927391020721     -0.164427388148335    -0.1803141520530589    -0.3012879419988416
  -0.04813680834154725    -0.6266392734449528   -0.01822014607830389     -0.228025518701136    -0.1905537341362782    0.06651863585041734    -0.4380713157567276    -0.1538618754265535     -0.543291601896333   -0.03460179415382082
  0.006300452977071586     0.5081188289051132   0.007932610291926203     0.5921725809596344    -0.2588813033368724    0.09653385440522536     -0.381861428085099   -0.06506167326328227    -0.4054518741443132   -0.01623452986907423

22.68247672238197
51.97148683095451
35.55615971801701
 82.8915371036276
 66.7754292351684
 157.152598901399
78.14149025612213
185.1538460812846
92.64223725406491
220.3845957934761

2.399163649884194

0
0
0
0
0
0
0
0
0
0

0

0
0
0
0
0
0
0
0
0
0

0

0
0
0
0
0
0
0
0
0
0

0

0
0
0
0
0
0
0
0
0
0

0

0
0
0
0
0
0
0
0
0
0

0

0
0
0
0
0
0
0
0
0
0

0

0
0
0
0
0
0
0
0
0
0

0

0
0
0
0
0
0
0
0
0
0

0

0
0
0
0
0
0
0
0
0
0

0

0
0
0
0
0
0
0
0
0
0

0

0
0
0
0
0
0
0
0
0
0

0

0
0
0
0
0
0
0
0
0
0

0

0
0
0
0
0
0
0
0
0
0

0

0
0
0
0
0
0
0
0
0
0

0

0
0
0
0
0
0
0
0
0
0

0

0
0
0
0
0
0
0
0
0
0

0

0
0
0
0
0
0
0
0
0
0

0

0
0
0
0
0
0
0
0
0
0

0

0
0
0
0
0
0
0
0
0
0

0

0
0
0
0
0
0
0
0
0
0

0

0
0
0
0
0
0
0
0
0
0

0

0
0
0
0
0
0
0
0
0
0

0

0
0
0
0
0
0
0
0
0
0

0

0
0
0
0
0
0
0
0
0
0

0

0
0
0
0
0
0
0
0
0
0

0

0
0
0
0
0
0
0
0
0
0

0

0
0
0
0
0
0
0
0
0
0

0

0
0
0
0
0
0
0
0
0
0

0

0
0
0
0
0
0
0
0
0
0

0

0
0
0
0
0
0
0
0
0
0

0

0
0
0
0
0
0
0
0
0
0

0

0
0
0
0
0
0
0
0
0
0

0

0
0
0
0
0
0
0
0
0
0

0

0
0
0
0
0
0
0
0
0
0

0

0
0
0
0
0
0
0
0
0
0

0

0
0
0
0
0
0
0
0
0
0

0

0
0
0
0
0
0
0
0
0
0

0

0
0
0
0
0
0
0
0
0
0

0

0
0
0
0
0
0
0
0
0
0

0

0
0
0
0
0
0
0
0
0
0

0

0
0
0
0
0
0
0
0
0
0

0

0
0
0
0
0
0
0
0
0
0

0

0
0
0
0
0
0
0
0
0
0

0

0
0
0
0
0
0
0
0
0
0

0

0
0
0
0
0
0
0
0
0
0

0

0
0
0
0
0
0
0
0
0
0

0

0
0
0
0
0
0
0
0
0
0

0

0
0
0
0
0
0
0
0
0
0

0

0
0
0
0
0
0
0
0
0
0

0

0
0
0
0
0
0
0
0
0
0

0

0
0
0
0
0
0
0
0
0
0

0

0
0
0
0
0
0
0
0
0
0

0

0
0
0
0
0
0
0
0
0
0

0

0
0
0
0
0
0
0
0
0
0

0

0
0
0
0
0
0
0
0
0
0

0

0
0
0
0
0
0
0
0
0
0

0

0
0
0
0
0
0
0
0
0
0

0

0
0
0
0
0
0
0
0
0
0

0

0
0
0
0
0
0
0
0
0
0

0

0
0
0
0
0
0
0
0
0
0

0

0
0
0
0
0
0
0
0
0
0

0

0
0
0
0
0
0
0
0
0
0

0

0
0
0
0
0
0
0
0
0
0

0

0
0
0
0
0
0
0
0
0
0

0

0
0
0
0
0
0
0
0
0
0

0

0
0
0
0
0
0
0
0
0
0

0

0
0
0
0
0
0
0
0
0
0

0

0
0
0
0
0
0
0
0
0
0

0

0
0
0
0
0
0
0
0
0
0

0

0
0
0
0
0
0
0
0
0
0

0

0
0
0
0
0
0
0
0
0
0

0

0
0
0
0
0
0
0
0
0
0

0

0
0
0
0
0
0
0
0
0
0

0

0
0
0
0
0
0
0
0
0
0

0

0
0
0
0
0
0
0
0
0
0

0

0
0
0
0
0
0
0
0
0
0

0

0
0
0
0
0
0
0
0
0
0

0

   0.1520030436748767  -0.06330037616726225   -0.1426183271319106   0.05928525006614788 -0.002399777507689212  0.001005285626917979 -0.003389644459116923 0.0002416702111587823 -0.003670379132420553  0.002314403161491229

 0.005053330218460179   0.02649995380046451 -0.002768685957263184   0.01196789102711456  0.007787883532646132  -0.01274525289768159  -0.06981926917450987 -0.005896679532259463    0.7874113253507244     1.226674855913459

cov:
    0.959310380228613     2.405300021097357  -0.05759531230931202  -0.04432257432524558  -0.02974294162778868   0.06374847861153927   -0.0313412546061711  0.002870264727425611  -0.03830824935108904  -0.02949422614415243
    2.405300021097357     65.34911102147407   -0.1236088478185896     60.97542576719655     -22.3331932588359     8.534188329577493    -30.29269174834636    -4.024858735793057    -30.76227075135445    -1.471958052676478
 -0.05759531230931202   -0.1236088478185896     1.134232464092898     2.736063783277116  0.002360156490261434   0.01838933144962215   0.01194365316014623   0.02144307372097931 -0.009547275296220894 -0.005168382838965244
 -0.04432257432524558     60.97542576719655     2.736063783277116     74.56350038089865    -28.47588040526943     10.56569974823507    -40.79262502047589    -6.197637659000866    -42.65063546762237    -1.236715464392919
 -0.02974294162778868     -22.3331932588359  0.002360156490261434    -28.47588040526943     16.40344840929834    -4.866970157861132     21.61044955991762     3.421050537652132     23.85865169495323    0.3318990206356888
  0.06374847861153927     8.534188329577493   0.01838933144962215     10.56569974823507    -4.866970157861132     3.751019993184687    -8.077148883617067     -1.16985994597678    -9.008457840466518    -1.155771867995781
  -0.0313412546061711    -30.29269174834636   0.01194365316014623    -40.79262502047589     21.61044955991762    -8.077148883617067     36.56185474692651     7.664005658534832     36.87428575580461    0.7745030537106681
 0.002870264727425611    -4.024858735793057   0.02144307372097931    -6.197637659000866     3.421050537652132     -1.16985994597678     7.664005658534832     4.971675928680328     7.033566705065861     1.364856935832372
 -0.03830824935108904    -30.76227075135445 -0.009547275296220894    -42.65063546762237     23.85865169495323    -9.008457840466518     36.87428575580461     7.033566705065861      43.1279826638597     2.613453858958824
 -0.02949422614415243    -1.471958052676478 -0.005168382838965244    -1.236715464392919    0.3318990206356888    -1.155771867995781    0.7745030537106681     1.364856935832372     2.613453858958824     4.996235601160254

cov.inverse():
   14.90959027769678   -5.765322945601359   -17.50420296671476    7.309974509676197   0.8322466426768548  -0.3518023675697199    1.304866308711622 -0.08524632244125213    1.547743730031174   -0.944457556168802
  -5.765322945601365    2.397861766161943    7.302422520827203   -3.040258559088795  -0.3433631915070267   0.1325377558840006  -0.5447379305117208  0.03643302653248755  -0.6461643282562229   0.3933674448302598
   -17.5042029667147     7.30242252082721     23.5002420022205   -9.415321200260786   -1.255754698128755   0.5056751542261528   -1.762629041825348   0.1525127858395214   -1.901100705856329    1.168208104175163
   7.309974509676185   -3.040258559088797   -9.415321200260781    3.919785606731109    0.522129370821719  -0.2143995725111713   0.7324856062807819 -0.06486513880456433   0.7924247731914462  -0.4866405901510626
  0.8322466426768688  -0.3433631915070323   -1.255754698128769   0.5221293708217254   0.5478476189681989  -0.1360721958724861  0.01333946471332681  0.06680911323250507 -0.08104333363335417 -0.01409988084841324
 -0.3518023675697126   0.1325377558839976   0.5056751542261424  -0.2143995725111671  -0.1360721958724854   0.6848220207193793  0.09663971287017009  -0.1453264295774778  0.03201628661400972   0.1598534171821683
   1.304866308711615  -0.5447379305117171   -1.762629041825335   0.7324856062807765  0.01333946471332498  0.09663971287016909   0.4992959924379989  -0.2316717783162636 -0.04314199666216415  0.05662848646145658
-0.08524632244125016   0.0364330265324866   0.1525127858395188 -0.06486513880456314   0.0668091132325053  -0.1453264295774775  -0.2316717783162635   0.4178555629372941   0.0328470516485486  -0.1391413084610132
   1.547743730031175  -0.6461643282562244   -1.901100705856332   0.7924247731914477 -0.08104333363335532  0.03201628661400907 -0.04314199666216272  0.03284705164854825   0.4425568126492235  -0.2080400149414398
 -0.9444575561687963   0.3933674448302591    1.168208104175161  -0.4866405901510617 -0.01409988084841233   0.1598534171821686  0.05662848646145621  -0.1391413084610131  -0.2080400149414396   0.3671868435307677

cov*(cov_.inverse()):
     1.000000000000051  1.759009604640482e-15 -5.611483500089776e-14  1.639660629493278e-14 -9.890092217412771e-16  9.107298248878237e-17 -1.199127602768968e-15  2.619432448724979e-16  2.389581588158052e-15 -3.892719480091955e-15
   1.4210854715202e-14      1.000000000000018  8.881784197001252e-15  2.220446049250313e-15 -6.904199434387692e-16 -1.221245327087672e-15 -3.080868893334809e-15 -7.771561172376096e-16 -8.326672684688674e-16 -8.881784197001252e-16
 3.521488656232918e-16  7.326170919919051e-15      1.000000000000005 -1.092528845170193e-14 -1.027186690739923e-15  6.320898665590491e-16 -4.283140682403985e-16  -3.18104917407247e-16 -1.479068603704725e-15  3.543172699682628e-16
-1.141309269314661e-13 -2.148281552649678e-14  9.992007221626409e-15      1.000000000000033 -2.765149220707031e-15 -2.386979502944087e-15  3.316791286067655e-15 -1.415534356397075e-15  1.376676550535194e-14 -4.440892098500626e-15
 3.230749001659206e-14  1.360023205165817e-15 -3.436140261214859e-14 -1.229571999772361e-14      0.999999999999999   1.35308431126191e-15 -4.267419750902945e-16   2.42861286636753e-16  1.193489751472043e-15 -3.747002708109903e-16
  -1.4210854715202e-14  1.443289932012704e-15 -3.108624468950438e-15  6.661338147750939e-16  5.551115123125783e-17     0.9999999999999994  5.412337245047638e-16 -4.996003610813204e-16  9.436895709313831e-16 -4.996003610813204e-16
 1.809663530139005e-14   1.06581410364015e-14                      0  6.661338147750939e-15  7.337880303381894e-16  2.595146320061303e-15      0.999999999999995  5.273559366969494e-16 -3.858025010572419e-15  6.106226635438361e-16
 1.021405182655144e-14  1.110223024625157e-16 -8.215650382226158e-15 -8.881784197001252e-16  4.336808689942018e-16 -5.551115123125783e-17  5.967448757360216e-16                      1  7.216449660063518e-16  -3.33066907387547e-16
  9.50350909079134e-14 -1.554312234475219e-15 -2.531308496145357e-14   8.43769498715119e-15  2.109423746787797e-15  1.720845688168993e-15  3.497202527569243e-15  -3.33066907387547e-16      1.000000000000009                      0
-8.881784197001252e-16  2.220446049250313e-16                      0                      0  5.551115123125783e-17  2.220446049250313e-16  1.110223024625157e-16                      0 -2.220446049250313e-16                      1
