5
2

0.000303387591445187
0.001002781888230478
0.002499964069045254
  0.0854619211785049
  0.5567393347960762

 -0.4188451987470191   0.8022360329310079  -0.4240070949572453 0.006547944556516173  0.03407572158724777
 -0.4845316891074297   0.1756138089676714   0.7847582365982194  -0.1864209727025322  -0.2894659969296276
  0.1832025331811699   0.1159856178428369   0.0641998663338354  -0.8461075687302029   0.4826639903595465
 -0.6240154040130172  -0.3625310016210564 -0.01310944706441757   0.1932950604020341   0.6645609155223803
   0.408459727669381   0.4250832234801021   0.4473019260829917   0.4603730521222606   0.4903494099008391

0.3998349527877301
0.4000148418780387
 0.400326328710527
0.4004367582280438
  0.40069215987697

-0.001899653889014987
   0.3997647593409698

0
0
0
0
0

0
0

0
0
0
0
0

0
0

0
0
0
0
0

0
0

0
0
0
0
0

0
0

0
0
0
0
0

0
0

0
0
0
0
0

0
0

0
0
0
0
0

0
0

0
0
0
0
0

0
0

0
0
0
0
0

0
0

0
0
0
0
0

0
0

0
0
0
0
0

0
0

0
0
0
0
0

0
0

0
0
0
0
0

0
0

0
0
0
0
0

0
0

0
0
0
0
0

0
0

0
0
0
0
0

0
0

0
0
0
0
0

0
0

0
0
0
0
0

0
0

0
0
0
0
0

0
0

0
0
0
0
0

0
0

0
0
0
0
0

0
0

0
0
0
0
0

0
0

0
0
0
0
0

0
0

0
0
0
0
0

0
0

0
0
0
0
0

0
0

0
0
0
0
0

0
0

0
0
0
0
0

0
0

0
0
0
0
0

0
0

0
0
0
0
0

0
0

0
0
0
0
0

0
0

0
0
0
0
0

0
0

0
0
0
0
0

0
0

0
0
0
0
0

0
0

0
0
0
0
0

0
0

0
0
0
0
0

0
0

0
0
0
0
0

0
0

0
0
0
0
0

0
0

0
0
0
0
0

0
0

0
0
0
0
0

0
0

0
0
0
0
0

0
0

0
0
0
0
0

0
0

0
0
0
0
0

0
0

0
0
0
0
0

0
0

0
0
0
0
0

0
0

0
0
0
0
0

0
0

0
0
0
0
0

0
0

0
0
0
0
0

0
0

0
0
0
0
0

0
0

0
0
0
0
0

0
0

0
0
0
0
0

0
0

0
0
0
0
0

0
0

0
0
0
0
0

0
0

0
0
0
0
0

0
0

0
0
0
0
0

0
0

0
0
0
0
0

0
0

0
0
0
0
0

0
0

0
0
0
0
0

0
0

0
0
0
0
0

0
0

0
0
0
0
0

0
0

0
0
0
0
0

0
0

0
0
0
0
0

0
0

0
0
0
0
0

0
0

0
0
0
0
0

0
0

0
0
0
0
0

0
0

0
0
0
0
0

0
0

0
0
0
0
0

0
0

0
0
0
0
0

0
0

0
0
0
0
0

0
0

0
0
0
0
0

0
0

0
0
0
0
0

0
0

0
0
0
0
0

0
0

0
0
0
0
0

0
0

0
0
0
0
0

0
0

0
0
0
0
0

0
0

0
0
0
0
0

0
0

0
0
0
0
0

0
0

0
0
0
0
0

0
0

   1.801655824413249    5.179217860728533   -6.030718660480813  -0.2578160189879322  -0.6925442077711589
   1.559258943533312   0.1119735876069064  -0.5848795670779133 -0.01012380006064489 -0.07616166702758226

 5.460162985265859e-07 -4.472322546769372e-06  2.671706305495748e-06   -0.02507301635792429   -0.06767321592602578
 -2.92633141099317e-08 -1.177425515061716e-06   1.45560599423012e-06  -0.007731001430319631     0.1180534278963849

cov:
0.05455780903608259 0.05547023828937812 0.05669040272000015 0.05740397658305784 0.05905286007907905
0.05547023828937812 0.05696831200881062 0.05897057896148183 0.06014548341761922  0.0628482296508653
0.05669040272000015 0.05897057896148183 0.06201814495878862 0.06380948150904904  0.0679208851635644
0.05740397658305784 0.06014548341761922 0.06380948150904904 0.06597108025013948 0.07090692037769042
0.05905286007907905  0.0628482296508653  0.0679208851635644 0.07090692037769042 0.07775442806276957

cov.inverse():
  2144844.07518983  -3731752.48433813  1553189.088152567  35211.99168535243 -1490.481187105766
-3731752.484324995  7024957.630539129 -3557311.412009017   8802.54979156336  255369.1867909942
 1553189.088128565 -3557311.411975771  2566311.011975026 -184339.5066245469 -377916.7680848567
 35211.99169124605  8802.549779657948 -184339.5066177097  149578.8170203975 -9237.599902335987
-1490.481182132118  255369.1867827871 -377916.7680824487 -9237.599901510457  133278.1592665639

cov*(cov_.inverse()):
    0.9999999999734541  1.455191522836685e-11  -2.91038304567337e-11                      0 -9.094947017729282e-13
 -1.20508047984913e-11      1.000000000016371 -2.546585164964199e-11  6.821210263296962e-13  3.637978807091713e-12
-1.732303189783124e-11   2.91038304567337e-11     0.9999999999708962  -1.13686837721616e-12  1.818989403545856e-12
 6.650680006714538e-12 -2.546585164964199e-11 -3.637978807091713e-12     0.9999999999985221 -3.637978807091713e-12
-2.245315045001917e-12  4.001776687800884e-11  1.091393642127514e-11  4.547473508864641e-13                      1
