5
2

3.343972510392652e-05
5.097982134048528e-05
8.509750614250382e-05
  0.01733542243553889
   0.5176947967481336

0.007192331111380783 -0.01805661210810515   -0.423553649551662   0.8196474503749687  -0.3852305701494139
-0.05113683181929164   0.6289190488174279  -0.6857341115296931  -0.1968143031236349   0.3047600906231113
  0.6721696625730447  -0.5411869254076663  -0.3850853989821118 -0.06625015335663167   0.3203510717248302
 -0.5889058793241922  -0.3346385199131273 -0.04673047887158419   0.2905406934737457   0.6742472054580422
  0.4457702376993213   0.4463950733956504   0.4470978998734731   0.4479276836675634   0.4488703507278288

0.3988844381483617
0.3989519794067694
0.3989853967428365
0.3990081504667114
0.3990221272183703

-8.882735775753212e-06
     0.399063999350302

 0.2539988692668074  0.8832885732527789   1.499485455433587   2.697854357782764   -5.33460611581168
  0.717975122391091  0.5546835975671061  0.2455125329976915  0.1082379755434751 -0.6263687688297255

 4.044705098325582e-09 -6.867630347883297e-09 -2.007660001983528e-08  -0.001000192953410895  -0.002188355014616862
 2.473199726361143e-10 -1.778071380531191e-10 -8.686889842398654e-10 -0.0003037597613834475     0.1191971902759796

cov:
0.05336037199698936 0.05339001582858258 0.05342303054425276 0.05346247731234011 0.05350719259894201
0.05339001582858258 0.05343920514340469 0.05349433339439016 0.05355968858681884 0.05363387889739574
0.05342303054425276 0.05349433339439016 0.05357450904003176 0.05366919977380921 0.05377676567458357
0.05346247731234011 0.05355968858681884 0.05366919977380921 0.05379826247585884 0.05394492870346843
0.05350719259894201 0.05363387889739574 0.05377676567458357 0.05394492870346843   0.054136081753568

cov.inverse():
 63444901.31469338 -62723501.23540252 -24975606.35540851  2994512.169683655  21259660.15629505
-62723501.19329341  192928951.8516179 -130322930.1761072 -55911832.09534848  56027990.85820309
-24975606.43978568 -130322929.5984066   361841639.785775 -255010564.1231598  48469566.85592116
 2994512.217509966 -55911833.04221076 -255010562.8819726   616309278.674204 -308381687.9906168
 21259660.15073611  56027991.26947596  48469566.10806112 -308381687.6484756  182624030.1400061

cov*(cov_.inverse()):
    0.9999999995343387 -4.656612873077393e-10 -2.328306436538696e-09  1.862645149230957e-09 -1.862645149230957e-09
-4.656612873077393e-10      1.000000000465661 -9.313225746154785e-10                      0 -1.862645149230957e-09
-6.984919309616089e-10  2.328306436538696e-09      1.000000001396984 -1.862645149230957e-09                      0
                     0                      0  1.396983861923218e-09                      1 -1.862645149230957e-09
-4.656612873077393e-10                      0  4.656612873077393e-10                      0                      1
