5
2

3.337272394490204e-05
5.088511413651356e-05
8.506555400994755e-05
  0.01733554132006867
   0.5176950742367827

0.007103279497973175 -0.01842308279262017  -0.4229647173253788   0.8198066722516285  -0.3855230232688621
-0.05140496447771164   0.6291263163824321  -0.6858943218479069  -0.1961722239134186   0.3043403448177395
  0.6721488415223597  -0.5409347507653841  -0.3854466015865599 -0.06617159601139307   0.3204025085126809
 -0.5889073587131977  -0.3346370523565655 -0.04673129098856466   0.2905435568746816   0.6742453515187964
   0.445770266775403   0.4463947878951869   0.4470983459179608   0.4479277175354171   0.4488701276983489

0.3988846936246259
0.3989518851065443
0.3989854630603983
0.3990081576639062
0.3990221083772413

-8.882735775753212e-06
     0.399063999350302

0
0
0
0
0

0
0

0
0
0
0
0

0
0

0
0
0
0
0

0
0

0
0
0
0
0

0
0

0
0
0
0
0

0
0

0
0
0
0
0

0
0

0
0
0
0
0

0
0

0
0
0
0
0

0
0

0
0
0
0
0

0
0

0
0
0
0
0

0
0

0
0
0
0
0

0
0

0
0
0
0
0

0
0

0
0
0
0
0

0
0

0
0
0
0
0

0
0

0
0
0
0
0

0
0

0
0
0
0
0

0
0

0
0
0
0
0

0
0

0
0
0
0
0

0
0

0
0
0
0
0

0
0

0
0
0
0
0

0
0

0
0
0
0
0

0
0

0
0
0
0
0

0
0

0
0
0
0
0

0
0

0
0
0
0
0

0
0

0
0
0
0
0

0
0

0
0
0
0
0

0
0

0
0
0
0
0

0
0

0
0
0
0
0

0
0

0
0
0
0
0

0
0

0
0
0
0
0

0
0

0
0
0
0
0

0
0

0
0
0
0
0

0
0

0
0
0
0
0

0
0

0
0
0
0
0

0
0

0
0
0
0
0

0
0

0
0
0
0
0

0
0

0
0
0
0
0

0
0

0
0
0
0
0

0
0

0
0
0
0
0

0
0

0
0
0
0
0

0
0

0
0
0
0
0

0
0

0
0
0
0
0

0
0

0
0
0
0
0

0
0

0
0
0
0
0

0
0

0
0
0
0
0

0
0

0
0
0
0
0

0
0

0
0
0
0
0

0
0

0
0
0
0
0

0
0

0
0
0
0
0

0
0

0
0
0
0
0

0
0

0
0
0
0
0

0
0

0
0
0
0
0

0
0

0
0
0
0
0

0
0

0
0
0
0
0

0
0

0
0
0
0
0

0
0

0
0
0
0
0

0
0

0
0
0
0
0

0
0

0
0
0
0
0

0
0

0
0
0
0
0

0
0

0
0
0
0
0

0
0

0
0
0
0
0

0
0

0
0
0
0
0

0
0

0
0
0
0
0

0
0

0
0
0
0
0

0
0

0
0
0
0
0

0
0

0
0
0
0
0

0
0

0
0
0
0
0

0
0

0
0
0
0
0

0
0

0
0
0
0
0

0
0

0
0
0
0
0

0
0

0
0
0
0
0

0
0

0
0
0
0
0

0
0

0
0
0
0
0

0
0

0
0
0
0
0

0
0

0
0
0
0
0

0
0

0
0
0
0
0

0
0

0
0
0
0
0

0
0

0.2531815645965479 0.8750252567655498  1.508368535644109  2.705559602208395 -5.342117637359665
0.7172775520830618 0.5534074505840875 0.2469740083306887 0.1111348342440075  -0.62875419483623

 4.037565911657743e-09 -6.871140136540624e-09 -2.008183515611056e-08  -0.001000199811223587  -0.002188362978662591
 2.494179477671299e-10 -1.845218044151738e-10 -8.773376214300769e-10 -0.0003037627620980479     0.1191972521158005

cov:
0.05336043798643171  0.0533900430743853 0.05342314485667094 0.05346254087615528 0.05350722533075956
 0.0533900430743853 0.05343919424163129 0.05349441001820217 0.05355971525370933 0.05363387499073313
0.05342314485667094 0.05349441001820217 0.05357467339520154 0.05366931474997343 0.05377685000224643
0.05346254087615528 0.05355971525370933 0.05366931474997343 0.05379832909698073 0.05394496499867184
0.05350722533075956 0.05363387499073313 0.05377685000224643 0.05394496499867184 0.05413608710082447

cov.inverse():
 63501323.19185068 -62852973.11451546 -24883771.71383608  2976109.960314166  21259268.39064639
-62852973.02064892  193602555.8123049 -130842697.8806797 -56279026.89420689  56371107.53687668
-24883771.84940007 -130842698.1520555  362851683.8676383 -255848122.6621018  48724614.03094116
 2976109.968236433  -56279026.0752901  -255848123.821918  618915573.1538011 -309764794.3988382
 21259268.42442095  56371107.08320188   48724614.7838153 -309764794.7318081  183409456.8775768

cov*(cov_.inverse()):
    0.9999999993015081  1.396983861923218e-09  1.862645149230957e-09                      0                      0
-4.656612873077393e-10     0.9999999990686774  2.328306436538696e-09 -1.862645149230957e-09  1.862645149230957e-09
-4.656612873077393e-10  9.313225746154785e-10                      1  3.725290298461914e-09                      0
-6.984919309616089e-10  2.793967723846436e-09  9.313225746154785e-10                      1  1.862645149230957e-09
-6.984919309616089e-10  4.656612873077393e-10                      0                      0                      1
