5
2

0.0001085236967774817
0.0001361076512289501
0.0005253870199401197
  0.01137028629932295
   0.5149273235377481

   0.1250360649534711    0.4198445355786243   -0.8458763147148548    0.3042681205688461 -0.003274051868793459
  -0.5717232355920135    0.7349895454342332    0.1629858000440192   -0.3261265439818353 -0.000127597234789469
   0.3127623001424701   -0.0169705770752305    -0.214122411165477   -0.6937910853590029    0.6121252045426533
   -0.600610876805502   -0.2893786062672489   -0.1107911594755237    0.3451189741087245    0.6512640091314438
   0.4460323336011283    0.4466463430900418    0.4469964219176472    0.4478941969957693    0.4484943574639042

0.3986306010398333
0.3988019394036599
0.3987887382478355
0.3987683617299588
0.3987398927932983

0.0002170404121561981
   0.3988417628166319

0
0
0
0
0

0
0

0
0
0
0
0

0
0

0
0
0
0
0

0
0

0
0
0
0
0

0
0

0
0
0
0
0

0
0

0
0
0
0
0

0
0

0
0
0
0
0

0
0

0
0
0
0
0

0
0

0
0
0
0
0

0
0

0
0
0
0
0

0
0

0
0
0
0
0

0
0

0
0
0
0
0

0
0

0
0
0
0
0

0
0

0
0
0
0
0

0
0

0
0
0
0
0

0
0

0
0
0
0
0

0
0

0
0
0
0
0

0
0

0
0
0
0
0

0
0

0
0
0
0
0

0
0

0
0
0
0
0

0
0

0
0
0
0
0

0
0

0
0
0
0
0

0
0

0
0
0
0
0

0
0

0
0
0
0
0

0
0

0
0
0
0
0

0
0

0
0
0
0
0

0
0

0
0
0
0
0

0
0

0
0
0
0
0

0
0

0
0
0
0
0

0
0

0
0
0
0
0

0
0

0
0
0
0
0

0
0

0
0
0
0
0

0
0

0
0
0
0
0

0
0

0
0
0
0
0

0
0

0
0
0
0
0

0
0

0
0
0
0
0

0
0

0
0
0
0
0

0
0

0
0
0
0
0

0
0

0
0
0
0
0

0
0

0
0
0
0
0

0
0

0
0
0
0
0

0
0

0
0
0
0
0

0
0

0
0
0
0
0

0
0

0
0
0
0
0

0
0

0
0
0
0
0

0
0

0
0
0
0
0

0
0

0
0
0
0
0

0
0

0
0
0
0
0

0
0

0
0
0
0
0

0
0

0
0
0
0
0

0
0

0
0
0
0
0

0
0

0
0
0
0
0

0
0

0
0
0
0
0

0
0

0
0
0
0
0

0
0

0
0
0
0
0

0
0

0
0
0
0
0

0
0

0
0
0
0
0

0
0

0
0
0
0
0

0
0

0
0
0
0
0

0
0

0
0
0
0
0

0
0

0
0
0
0
0

0
0

0
0
0
0
0

0
0

0
0
0
0
0

0
0

0
0
0
0
0

0
0

0
0
0
0
0

0
0

0
0
0
0
0

0
0

0
0
0
0
0

0
0

0
0
0
0
0

0
0

0
0
0
0
0

0
0

0
0
0
0
0

0
0

0
0
0
0
0

0
0

0
0
0
0
0

0
0

0
0
0
0
0

0
0

0
0
0
0
0

0
0

0
0
0
0
0

0
0

0
0
0
0
0

0
0

0
0
0
0
0

0
0

 0.7420085973247145   3.198130401826505   5.091823669815255  -8.892989105014086 -0.1389141859687635
  1.103314465806659  0.8126384647239822 0.09355046209574258  -1.037753064606775 0.02791810302981221

-6.568200007003622e-08  1.047887135480624e-07  1.427736694340213e-06 -0.0006586817932182534  -0.002651609215856409
 9.911526102679154e-10  5.931296965453116e-09  2.893710684223436e-07 -0.0001613655589923118     0.1178884558878742

cov:
 0.0527969246569323 0.05284533206651863 0.05287285436107642 0.05294359470197963 0.05299090997784858
0.05284533206651863 0.05290642521202346 0.05294119005720678 0.05303045690456954 0.05309007626259885
0.05287285436107642 0.05294119005720678 0.05298014635353508 0.05308003690980982 0.05314671043597287
0.05294359470197963 0.05303045690456954 0.05308003690980982 0.05320709677882363 0.05329177782584341
0.05299090997784858 0.05309007626259885 0.05314671043597287 0.05329177782584341 0.05338914526916909

cov.inverse():
 19329020.02449319 -18243629.99175014 -14252473.80202394  12507424.28981166  659732.7797509319
-18243629.98914103    44129106.719104 -23674226.86237471  -2050507.98945071 -160867.7306306413
-14252473.80576797 -23674226.85683798  62352703.87423121 -24184531.05868994 -241366.9660032442
 12507424.29111369 -2050507.992562671 -24184531.05698726  15346736.10081908 -1619144.679097665
   659732.77958381 -160867.7304462844 -241366.9659132126 -1619144.679204932  1361636.305226411

cov*(cov_.inverse()):
     1.000000000327418  1.000444171950221e-10  1.055013854056597e-10  8.731149137020111e-11                      0
 4.802132025361061e-10      1.000000000030923 -6.548361852765083e-11  5.820766091346741e-11   2.91038304567337e-11
 2.037268131971359e-10  2.019078237935901e-10      1.000000000338332 -1.455191522836685e-10                      0
 4.511093720793724e-10  -1.01863406598568e-10 -4.729372449219227e-11      1.000000000116415                      0
  2.91038304567337e-10  8.549250196665525e-11  9.458744898438454e-11 -1.455191522836685e-10                      1
