5
2

0.0003132284257174358
 0.001028851409841931
 0.002779377899260154
  0.07114268188002011
   0.5528700804390996

 -0.4435777574697901   0.8053135902015363  -0.3926730537576582  0.01109901687237157  0.01983630993624057
  0.4003499505324243  -0.1804909861906987  -0.7992312141607204   0.2737617244227832   0.3056581514778227
   0.109148799900664  0.05886469902825845 0.006057646222649703  -0.7832644935392483   0.6091646122120882
 -0.6780876839505738  -0.3616792095979714  0.06111072156199394   0.3110487828155538   0.5557871684721305
  0.4138143575826594   0.4296697823835424   0.4508504450438414   0.4633321896169081   0.4756035258842201

 0.399693396920723
0.3998431935622805
0.4001188201180415
0.4002125726207725
0.4002758594646421

-0.00154836652165912
  0.3996656931093931

   1.441725666031631    6.335545644152762   -6.757242515745753  -0.3872771411159922   -0.633031597480141
   1.542935566314968   0.2208405252291515  -0.6908873159364612 -0.01995583464213357 -0.05287024202310944

6.965087236271871e-07 4.800216032475578e-06 3.144743466672089e-06  -0.02102600170958712  -0.06364457120515656
-2.32077601134346e-08 1.173290812948541e-06 1.240997498079583e-06 -0.006093435817901949    0.1184450333586919

cov:
0.05467031311829729 0.05558959080407793  0.0568174388516345 0.05753822458045148 0.05825165685791875
0.05558959080407793 0.05709294749311389 0.05910077022158106 0.06028200338073646 0.06144628064725256
 0.0568174388516345 0.05910077022158106 0.06215099899333146 0.06394744529651326 0.06571428521282061
0.05753822458045148 0.06028200338073646 0.06394744529651326 0.06611373332386163 0.06822853329731772
0.05825165685791875 0.06144628064725256 0.06571428521282061 0.06822853329731772 0.07070749568999093

cov.inverse():
 2158525.172747618  -3708314.00644745  1473127.445763011    42251.517254958  34454.04599419078
-3708314.006441432  6641345.845095764 -3086780.641292867     38432.58540477  115303.4595583438
 1473127.445751314 -3086780.641277168  2175045.945309409  -251730.979218123 -309688.2273553058
 42251.51725603528  38432.58540338532 -251730.9792182416  151495.0271634411  19563.37914292943
 34454.04599879272  115303.4595500464 -309688.2273511842  19563.37914250332   140369.641678333

cov*(cov_.inverse()):
     1.000000000011369  2.000888343900442e-11  7.275957614183426e-12 -3.183231456205249e-12 -1.818989403545856e-12
                     0      1.000000000024556  1.455191522836685e-11 -2.955857780762017e-12                      0
 9.094947017729282e-12 -9.094947017729282e-13       1.00000000003638 -4.547473508864641e-13 -1.818989403545856e-12
  7.73070496506989e-12  7.275957614183426e-11 -7.275957614183426e-12     0.9999999999972715                      0
 1.091393642127514e-11 -1.818989403545856e-12 -3.637978807091713e-12  4.547473508864641e-13                      1
