5
2

0.0003122906047826687
  0.00103000430832957
 0.002777754107262957
  0.07113475075580107
   0.5528614919825523

 -0.4428713380703748   0.8050013035031927  -0.3940672176493147  0.01155145937236444  0.02038310659376075
  0.4011105670973373  -0.1819019813349936  -0.7985460179140482   0.2738868242752171   0.3055032682497998
  0.1092077312433468  0.05879218703434045 0.005923143842443673  -0.7831974858941202   0.6092485245255435
 -0.6780850304558852  -0.3616720046070841   0.0611060841737112   0.3110944612149635   0.5557700380854137
  0.4138232156210315   0.4296759364588352   0.4508505828894108   0.4633298021553402   0.4755924538764936

0.3996928412942316
0.3998428273873745
0.4001184193031679
0.4002109438138338
0.4002740153479155

-0.00154836652165912
  0.3996656931093931

0
0
0
0
0

0
0

0
0
0
0
0

0
0

0
0
0
0
0

0
0

0
0
0
0
0

0
0

0
0
0
0
0

0
0

0
0
0
0
0

0
0

0
0
0
0
0

0
0

0
0
0
0
0

0
0

0
0
0
0
0

0
0

0
0
0
0
0

0
0

0
0
0
0
0

0
0

0
0
0
0
0

0
0

0
0
0
0
0

0
0

0
0
0
0
0

0
0

0
0
0
0
0

0
0

0
0
0
0
0

0
0

0
0
0
0
0

0
0

0
0
0
0
0

0
0

0
0
0
0
0

0
0

0
0
0
0
0

0
0

0
0
0
0
0

0
0

0
0
0
0
0

0
0

0
0
0
0
0

0
0

0
0
0
0
0

0
0

0
0
0
0
0

0
0

0
0
0
0
0

0
0

0
0
0
0
0

0
0

0
0
0
0
0

0
0

0
0
0
0
0

0
0

0
0
0
0
0

0
0

0
0
0
0
0

0
0

0
0
0
0
0

0
0

0
0
0
0
0

0
0

0
0
0
0
0

0
0

0
0
0
0
0

0
0

0
0
0
0
0

0
0

0
0
0
0
0

0
0

0
0
0
0
0

0
0

0
0
0
0
0

0
0

0
0
0
0
0

0
0

0
0
0
0
0

0
0

0
0
0
0
0

0
0

0
0
0
0
0

0
0

0
0
0
0
0

0
0

0
0
0
0
0

0
0

0
0
0
0
0

0
0

0
0
0
0
0

0
0

0
0
0
0
0

0
0

0
0
0
0
0

0
0

0
0
0
0
0

0
0

0
0
0
0
0

0
0

0
0
0
0
0

0
0

0
0
0
0
0

0
0

0
0
0
0
0

0
0

0
0
0
0
0

0
0

0
0
0
0
0

0
0

0
0
0
0
0

0
0

0
0
0
0
0

0
0

0
0
0
0
0

0
0

0
0
0
0
0

0
0

0
0
0
0
0

0
0

0
0
0
0
0

0
0

0
0
0
0
0

0
0

0
0
0
0
0

0
0

0
0
0
0
0

0
0

0
0
0
0
0

0
0

0
0
0
0
0

0
0

0
0
0
0
0

0
0

0
0
0
0
0

0
0

0
0
0
0
0

0
0

0
0
0
0
0

0
0

0
0
0
0
0

0
0

0
0
0
0
0

0
0

0
0
0
0
0

0
0

0
0
0
0
0

0
0

0
0
0
0
0

0
0

0
0
0
0
0

0
0

   1.440139148180493    6.360782873026908   -6.803382488075687  -0.3784551167373644   -0.619414114025379
   1.542684846422418   0.2231415439038824  -0.6946359846319894 -0.01942139860477599 -0.05171141809879554

 6.969785801465018e-07   4.83832066197351e-06  3.163288782731538e-06    -0.0210237660970371     -0.063640240271204
-2.254073706308346e-08  1.179496029734602e-06  1.243677476954941e-06  -0.006092442053892852     0.1184441537202774

cov:
0.05467039153097842 0.05558953698235303 0.05681696741204633 0.05753744270967516 0.05825016677576762
0.05558953698235303 0.05709263684555126 0.05909983383375034 0.06028072585651002 0.06144405780588456
0.05681696741204633 0.05909983383375034 0.06214909993908969 0.06394513784233347 0.06571068559693329
0.05753744270967516 0.06028072585651002 0.06394513784233347 0.06611104694815635 0.06822443626934482
0.05825016677576762 0.06144405780588456 0.06571068559693329 0.06822443626934482 0.07070168117066536

cov.inverse():
 2164406.677001205 -3723472.934903214  1487653.532867953  39969.41526665976  31493.05515838313
-3723472.934900016  6676362.352877465 -3115778.772794127  42399.38820919672  120469.6964577746
 1487653.532860226 -3115778.772782755  2193363.703712043 -253426.9092984064 -311838.4133924259
 39969.41527026906  42399.38820237356 -253426.9092947548  151593.1137403439  19477.41048522652
 31493.05515930292  120469.6964564243  -311838.413392433  19477.41048566424  140402.0062395703

cov*(cov_.inverse()):
     0.999999999996362 -3.456079866737127e-11  7.275957614183426e-12 -1.591615728102624e-12                      0
 9.549694368615746e-12     0.9999999999809006  1.455191522836685e-11  2.273736754432321e-13                      0
-1.818989403545856e-12 -2.819433575496078e-11      1.000000000025466  4.547473508864641e-13  1.818989403545856e-12
 1.591615728102624e-11 -4.729372449219227e-11                      0     0.9999999999972715 -3.637978807091713e-12
 5.002220859751105e-12 -1.455191522836685e-11 -3.637978807091713e-12 -2.273736754432321e-13                      1
