5 
7 
11 
12 
13 
inputFileName = /Users/demattia/RemoteProjects/extracted_hybrid.root
eventsFractionStartBuild = 0
eventsFractionEndBuild = 0.2
eventsFractionStartTest = 0.8
eventsFractionEndTest = 1
var name = R
var name = z
par name = cotTheta
firstOrderChargeOverPtCoefficientsFileName = 
firstOrderCotThetaCoefficientsFileName = 
2 < pT < 10, pT regions = 1
0 < phi < 0.8, phi regions = 1
-3 < eta < 3, eta regions = 1
-15 < z0 < 15, eta regions = 1
charge regions = 1
endcap regions = 0
Training
Requested running from track number 0 to track number 1000000 for a total of 1000000 tracks.
Analyzed 10% of 1000000 tracks
Analyzed 20% of 1000000 tracks
Analyzed 30% of 1000000 tracks
Analyzed 40% of 1000000 tracks
Analyzed 50% of 1000000 tracks
Analyzed 60% of 1000000 tracks
Analyzed 70% of 1000000 tracks
Analyzed 80% of 1000000 tracks
Analyzed 90% of 1000000 tracks
Analyzed 100% of 1000000 tracks
Evaluating eigenvalues:
geomIndex = 0
Sqrt(eigenvalues) of cov:
 0.33706 0.926642 1.08128 1.17699 1.69436 1.9975 2.15399 2.80765 6.39007 14.9424
Analyzed 10% of 1000000 tracks
Analyzed 20% of 1000000 tracks
Analyzed 30% of 1000000 tracks
Analyzed 40% of 1000000 tracks
Analyzed 50% of 1000000 tracks
Analyzed 60% of 1000000 tracks
Analyzed 70% of 1000000 tracks
Analyzed 80% of 1000000 tracks
Analyzed 90% of 1000000 tracks
Analyzed 100% of 1000000 tracks
opening GeometricIndex.txt for writing
Matrices built:
geomIndex = 0

V_0:
   0.445109   -0.197021   -0.770547    0.352619   0.0799573  -0.0422428    0.100131   0.0143868    0.131059  -0.0969038
   -0.78253   0.0521844   -0.415887   0.0854923    0.321603   -0.187714    0.113225 -0.00964455   -0.208031   0.0989849
  0.0245089  0.00194142   0.0864612  0.00113798     0.31145   -0.459864   -0.515955    0.507943    0.152528    -0.36873
   0.401201   0.0867601    0.189652  0.00076805    0.460586   -0.424581    0.239108   -0.129074    -0.50751    0.267832
   0.087953   0.0805029  -0.0439137  -0.0453418    0.550111    0.632336   -0.302113    0.195796   0.0475697    0.384001
  0.0307107   0.0859832   -0.180614   -0.222812  -0.0986578   -0.338415   -0.509202   -0.497101    0.285591    0.444051
  -0.126863   -0.329519    0.387923    0.634031    0.278758  -0.0234857   0.0173839   -0.341626    0.357176 0.000315256
  0.0379695    0.172815  -0.0681172   -0.205239    0.297115    0.207882   -0.147023   -0.566402   -0.140999   -0.654317
  -0.041672   -0.828769  -0.0124679   -0.163588  -0.0805984   0.0686309   -0.291354  -0.0399546   -0.432094  0.00967318
 0.00314942    0.334288  0.00478124     0.58802   -0.310165   0.0915698   -0.443178  -0.0217546   -0.490642   0.0159244
corrPV_0:
  0.0111973  -0.0208329 -0.00521377   0.0158438   0.0135957   0.0153843 -0.00852602  -0.0476503    0.886819     2.00291
D_0:
   0.0669966   -0.0344277   -0.0655045    0.0334072 -0.000659495   0.00037386 -0.000683185 -9.01515e-05 -0.000783622   0.00059337
opening matrixVD_0.txt for writing
