5 
7 
11 
12 
13 
inputFileName = /Users/demattia/RemoteProjects/extracted_hybrid.root
eventsFractionStartBuild = 0
eventsFractionEndBuild = 0.2
eventsFractionStartTest = 0.8
eventsFractionEndTest = 1
var name = R
var name = z
par name = cotTheta
firstOrderChargeOverPtCoefficientsFileName = 
firstOrderCotThetaCoefficientsFileName = 
pT > 2, pT regions = 1
0 < phi < 0.8, phi regions = 1
-3 < eta < 3, eta regions = 1
-15 < z0 < 15, eta regions = 1
charge regions = 1
endcap regions = 0
Training
Requested running from track number 0 to track number 1000000 for a total of 1000000 tracks.
Analyzed 10% of 1000000 tracks
Analyzed 20% of 1000000 tracks
Analyzed 30% of 1000000 tracks
Analyzed 40% of 1000000 tracks
Analyzed 50% of 1000000 tracks
Analyzed 60% of 1000000 tracks
Analyzed 70% of 1000000 tracks
Analyzed 80% of 1000000 tracks
Analyzed 90% of 1000000 tracks
Analyzed 100% of 1000000 tracks
Evaluating eigenvalues:
geomIndex = 0
Sqrt(eigenvalues) of cov:
 0.336389 0.930995 1.08201 1.17778 1.69335 1.99352 2.13778 2.80217 6.38265 14.9197
Analyzed 10% of 1000000 tracks
Analyzed 20% of 1000000 tracks
Analyzed 30% of 1000000 tracks
Analyzed 40% of 1000000 tracks
Analyzed 50% of 1000000 tracks
Analyzed 60% of 1000000 tracks
Analyzed 70% of 1000000 tracks
Analyzed 80% of 1000000 tracks
Analyzed 90% of 1000000 tracks
Analyzed 100% of 1000000 tracks
opening GeometricIndex.txt for writing
Matrices built:
geomIndex = 0

V_0:
     0.4465     -0.1965   -0.770325    0.352166   0.0804117  -0.0421168   0.0998532   0.0139406    0.130283   -0.096052
  -0.776296   0.0517988   -0.410757   0.0896171    0.330269   -0.195479    0.118869  -0.0112938   -0.215078    0.100611
  0.0218759  0.00200542    0.084204 0.000636113    0.306165   -0.453807    -0.51777    0.512042    0.156819   -0.371327
   0.414835   0.0892211    0.194334 -0.00701422    0.457177   -0.425905     0.22778   -0.122481   -0.503358     0.26735
  0.0838201   0.0779444  -0.0407866  -0.0406963    0.553736     0.63783   -0.298226    0.193317   0.0487243     0.37609
  0.0320533    0.103087   -0.201481   -0.252773   -0.109512   -0.331196   -0.513252   -0.474499    0.271769    0.446921
  -0.119159   -0.326554    0.382168    0.622739    0.271455  -0.0483666 -0.00549296   -0.365305    0.367905   0.0211707
  0.0378208    0.172837  -0.0671378   -0.205106    0.295392    0.201355   -0.146087   -0.569524   -0.138881   -0.655236
 -0.0417559   -0.827663  -0.0134479   -0.164419  -0.0806369   0.0683073   -0.292913  -0.0407613   -0.432786  0.00922074
 0.00311923    0.335414  0.00483552    0.587743   -0.309265   0.0927983   -0.443164  -0.0224246   -0.490538   0.0155439
corrPV_0:
  0.0112092  -0.0208978 -0.00529647   0.0162369   0.0129276   0.0149018 -0.00638337  -0.0481127    0.885191     1.98602
D_0:
   0.0672562   -0.0345349   -0.0658203     0.033566 -0.000645981   0.00038852 -0.000650923 -9.04559e-05 -0.000714871  0.000564479
opening matrixVD_0.txt for writing
