10
1

0.3370604090119975
0.9266418472378912
 1.081284935621455
 1.176986208729703
 1.694360125510502
 1.997498069322289
 2.153988904721876
  2.80764823254748
 6.390065093109981
 14.94236785393877

   0.4451092363993209   -0.1970209916140606   -0.7705470071898147    0.3526190379918245   0.07995732339986275  -0.04224284273939206    0.1001314372291069    0.0143868315433575    0.1310585690564584  -0.09690384304784602
  -0.7825302531626771   0.05218438687091142   -0.4158866450974338   0.08549227691137537    0.3216025417108063   -0.1877138080120474     0.113225361675206 -0.009644547388073028   -0.2080309643909926   0.09898490365045938
  0.02450888872002187  0.001941421768810867   0.08646121508407542  0.001137975325343568    0.3114499111415766   -0.4598639274107971   -0.5159554551744505      0.50794265323424    0.1525282925422868   -0.3687304963588061
   0.4012009275090204     0.086760068641121    0.1896522119377603 0.0007680502505595053    0.4605862194584368   -0.4245807572773446    0.2391077686126147   -0.1290741139343084   -0.5075103545294732    0.2678321452001911
  0.08795296575229129    0.0805029174668031  -0.04391370704059181  -0.04534179560791853    0.5501114903250273    0.6323360429348935   -0.3021132149117964    0.1957956358788662   0.04756970147019864    0.3840007016478169
  0.03071073093625678   0.08598321401143441    -0.180613585452552   -0.2228116158023913  -0.09865783612867346   -0.3384150924548008     -0.50920178225962   -0.4971010279799743    0.2855906651704763    0.4440511186662037
  -0.1268631982505509    -0.329519171676256    0.3879228867195212    0.6340313666745373    0.2787584000421091  -0.02348566100399306   0.01738385536854606   -0.3416255578052867    0.3571760952711763 0.0003152557765888381
   0.0379694558389564    0.1728147398951771  -0.06811716543991915   -0.2052390450006732    0.2971153175920161    0.2078820717752056   -0.1470232300251077    -0.566401908363163   -0.1409990965157839   -0.6543165956796657
 -0.04167202918076436   -0.8287691837546728  -0.01246793915399488   -0.1635883837495671    -0.080598350623202   0.06863091516894662   -0.2913539672712821  -0.03995455560675353   -0.4320938617844454  0.009673181879674388
 0.003149421282036581    0.3342879423793065   0.00478123859739791    0.5880204982498591   -0.3101645479620956   0.09156984647797944   -0.4431784555874239  -0.02175460448641312   -0.4906420397573208   0.01592435348417615

22.67797325634859
43.01489845190447
50.55914815138402
97.41982587772847
68.53718888266327
 131.755089330687
80.63509040577748
155.6378221679276
95.67301001283154
185.2848381374648

1.946758378138033

   0.06699657428739392   -0.03442774106092999   -0.06550445505622801    0.03340724663311192 -0.0006594948581168307  0.0003738596966695235 -0.0006831848948399026 -9.015145202015816e-05 -0.0007836215121936477  0.0005933695630236809

   0.0111973335995955  -0.02083289281599659   -0.0052137655580758   0.01584383210614514   0.01359565046797264   0.01538426598596881 -0.008526022508936462  -0.04765028129825113    0.8868192790245732     2.002909863597247

cov:
  0.9571293193271825    1.925084527291863  0.09100148784642682   0.1793198123248432  0.02356660728421775  0.01669327487066078  0.03830306825255294  0.02279341403467341  0.05351961360888091  0.01696093575117887
   1.925084527291863    53.80149368214687  0.04240569791356558    48.08481227943364   -20.28195620086681    4.801639473885007   -23.65916941681517  -0.6613190586200021   -22.70006865752197   0.2484128621251687
 0.09100148784642682  0.04240569791356558    1.156457011227832    2.067570659341666  0.08449326589743957 -0.01422461078671172   0.1519629444841642  0.03955517180404999   0.1478666347539857 0.001795406945695944
  0.1793198123248432    48.08481227943364    2.067570659341666    80.71545686630023   -39.79994851240242    11.36035062628213   -55.44576016754477   -2.261009613626287   -60.52166916672367    2.644046735289836
 0.02356660728421775   -20.28195620086681  0.08449326589743957   -39.79994851240242     24.2055642205942   -5.469454412257323    31.04808183156867   0.4745865706916391    35.16977764829735   -2.171984715002454
 0.01669327487066078    4.801639473885007 -0.01422461078671172    11.36035062628213   -5.469454412257323    4.540011563898957    -9.86301918901812  -0.6167279709486638   -11.56202593050308  -0.5968509800877492
 0.03830306825255294   -23.65916941681517   0.1519629444841642   -55.44576016754477    31.04808183156867    -9.86301918901812    49.18984377737358    3.747055155510417    52.98164193171289   -1.848010987686321
 0.02279341403467341  -0.6613190586200021  0.03955517180404999   -2.261009613626287   0.4745865706916391  -0.6167279709486638    3.747055155510417    4.662116833022729    2.795078061151647    1.895071499322739
 0.05351961360888091   -22.70006865752197   0.1478666347539857   -60.52166916672367    35.16977764829735   -11.56202593050308    52.98164193171289    2.795078061151647    62.87613591036541  -0.9021063187445609
 0.01696093575117887   0.2484128621251687 0.001795406945695944    2.644046735289836   -2.171984715002454  -0.5968509800877492   -1.848010987686321    1.895071499322739  -0.9021063187445609    4.913239843524184

cov.inverse():
    2.580362863948631   -0.7804732154684417    -2.596818763062301     1.282599533140826    0.1700778885583411   -0.1086943099218424    0.3334826762656973   0.04724714050686771    0.5529168306967115   -0.3880151651218919
  -0.7804732154684433    0.3989042326181861     1.289114472709634   -0.6576651638335252   -0.0885660136487267   0.04990265241806166   -0.1713001964076835   -0.0253737585366721   -0.2843899447400607    0.1960251246225279
   -2.596818763062319     1.289114472709635     5.501824157984264    -2.367195934165472   -0.5951715626373706    0.2871591361291222   -0.7089175017413247  -0.07716430838445312   -0.8287867710974175     0.598401271496267
    1.282599533140847   -0.6576651638335259    -2.367195934165471      1.21031306763535    0.3074330162352904   -0.1502295370037758    0.3610992526941524   0.03694805328837451    0.4221512704104032   -0.3049025098141883
   0.1700778885583414  -0.08856601364872577   -0.5951715626373668    0.3074330162352885    0.5492155481747678   -0.2280046533869668  0.006329112874303378    0.1069509820969605  -0.09405140439431173 -0.002382808560211838
  -0.1086943099218427    0.0499026524180612    0.2871591361291204   -0.1502295370037749   -0.2280046533869669    0.5414838010150527   0.03967717407197986  -0.09146179175451689   0.07210290837407085    0.1070175598060262
   0.3334826762657006   -0.1713001964076839   -0.7089175017413251    0.3610992526941532  0.006329112874304542    0.0396771740719797    0.4746860026094966   -0.1825769498982312    -0.100257849684744   0.05161821461331846
  0.04724714050686645  -0.02537375853667164   -0.0771643083844519   0.03694805328837361    0.1069509820969601  -0.09146179175451685   -0.1825769498982315    0.3758079663605233   0.08445086739973728   -0.1806849921228134
   0.5529168306967089   -0.2843899447400609   -0.8287867710974186    0.4221512704104037  -0.09405140439431126   0.07210290837407027    -0.100257849684744   0.08445086739973748    0.4643139574761445   -0.2322566347039283
  -0.3880151651218954     0.196025124622528    0.5984012714962669   -0.3049025098141884 -0.002382808560212165    0.1070175598060265   0.05161821461331845   -0.1806849921228135   -0.2322566347039282    0.4172334459175264

cov*(cov_.inverse()):
     1.000000000000001  1.341374927799066e-15  1.640527991231266e-14 -1.903859014884546e-14 -2.061108987476412e-15  1.196959198423997e-15 -2.654885859765255e-15  4.570996359198887e-16  2.741730453781344e-15  3.047041785553262e-15
 6.605826996519681e-15     0.9999999999999996  9.436895709313831e-16 -1.021405182655144e-14  1.197392879292991e-15 -1.283695372222837e-16  1.627170620466245e-15  4.232725281383409e-16  3.420874694626264e-15 -6.938893903907228e-17
-5.188991597515624e-16 -3.838075690598686e-17      1.000000000000001 -3.429114631137153e-15 -5.297860742226219e-16  2.433491776143715e-16 -1.834659811225658e-15  5.589062199162775e-16  3.197312206659753e-16  7.272828173032764e-16
-2.486899575160351e-14 -2.886579864025407e-15 -6.883382752675971e-15      1.000000000000004  5.022024462952857e-16 -9.436895709313831e-16 -1.082467449009528e-15  1.387778780781446e-15 -9.325873406851315e-15 -5.551115123125783e-15
-9.769962616701378e-15  3.164135620181696e-15  1.576516694967722e-14 -5.440092820663267e-15     0.9999999999999982  3.885780586188048e-16 -1.068589661201713e-15  1.665334536937735e-16  2.109423746787797e-15  1.110223024625157e-15
 9.992007221626409e-16  8.881784197001252e-16  2.886579864025407e-15 -1.054711873393899e-15 -4.560154337474032e-16                      1 -9.679756995950584e-16 -2.081668171172169e-16  -1.02695629777827e-15  7.216449660063518e-16
-3.108624468950438e-15  4.940492459581947e-15  1.176836406102666e-14 -4.551914400963142e-15 -1.294971074816686e-15  1.554312234475219e-15      1.000000000000003  1.665334536937735e-16  5.995204332975845e-15  2.664535259100376e-15
-1.110223024625157e-16  5.551115123125783e-17  2.220446049250313e-16 -6.661338147750939e-16 -2.367897544708342e-16  5.551115123125783e-17 -2.359223927328458e-16                      1  2.220446049250313e-16                      0
 9.325873406851315e-15  1.498801083243961e-15  1.998401444325282e-15  3.608224830031759e-15 -2.376571162088226e-15                      0 -1.387778780781446e-16 -2.775557561562891e-17      1.000000000000001   1.77635683940025e-15
                     0 -2.220446049250313e-16                      0 -2.220446049250313e-16  3.469446951953614e-16 -1.110223024625157e-16                      0  1.110223024625157e-16 -2.220446049250313e-16                      1
