5
1

0.001298286844303504
0.002261557357022217
0.003037108369252374
 0.08872211614760457
  0.5587083822718588

 0.05893956595218238  -0.1121008792255351  -0.5081407850838779   0.8137246718208064  -0.2521995667059949
 -0.6673140914015415   0.6600199473621587   0.1436661140295107   0.1423212077152571  -0.2795895098445551
 0.09432195281740265   0.4827221460621638  -0.7217614760995478  -0.2642735240925722   0.4090263744554197
 -0.6142166656600343  -0.3738201667423134 -0.02001137408337924   0.1877857750946513   0.6688291397222573
   0.406274891944463   0.4231369454429651   0.4470043699337813    0.460969456081838   0.4935484691460707

0.3997963010693313
0.4003060648318477
0.4003194775221559
0.4004732498510519
0.4007935372100874

-0.001899653889014987

 4.422827045914295 -3.214518488168038  3.589972213842039 -3.140046287833051 -1.654026731837905

-5.631704435828313e-06 -2.322942606699474e-05  -3.29515707182058e-05   -0.02583998810124683   -0.06941469318451075

cov:
0.05449611849846953 0.05546808024006582 0.05678501847448574 0.05755194173705089 0.05935977167026744
0.05546808024006582 0.05699415284272311 0.05909852795472092 0.06033342257700212  0.0632228721999854
0.05678501847448574 0.05909852795472092 0.06238110735273982  0.0642928096085434 0.06875905717796482
0.05755194173705089 0.06033342257700212  0.0642928096085434 0.06661015881186713 0.07200573847966611
0.05935977167026744  0.0632228721999854 0.06875905717796482 0.07200573847966611  0.0795611570264028

cov.inverse():
 90139.29160536488 -85067.69385525542 -43891.12277594861  7168.719069268821  31790.63217903407
 -85067.6938552057  117908.5871102071  14563.89304104993 -49591.11339028627  2067.900255777598
-43891.12277555341  14563.89304077831  213701.2536546041 -220636.0707978444  36170.44396316575
 7168.719068594759 -49591.11338976456 -220636.0707973795  404375.1554009484   -141235.30630973
 31790.63217926303  2067.900255577268  36170.44396282412 -141235.3063094166  71214.19366417399

cov*(cov_.inverse()):
    0.9999999999993179  4.121147867408581e-13 -4.547473508864641e-13  3.637978807091713e-12 -1.818989403545856e-12
-1.364242052659392e-12      1.000000000000455  9.094947017729282e-13                      0                      0
-4.547473508864641e-13 -8.526512829121202e-14                      1  1.818989403545856e-12 -9.094947017729282e-13
-2.273736754432321e-12   1.84741111297626e-12  3.637978807091713e-12      0.999999999998181                      0
                     0  -1.70530256582424e-13 -1.364242052659392e-12                      0                      1
