5
2

0.0001695611712631177
0.0006826313430845381
0.0008788407314225909
  0.01296553151369658
   0.5151652339310676

 -0.5037147487627541    0.836320025974296  -0.0536417986144705 -0.08920666822927405  -0.1897498190198473
 -0.1837786433026579  -0.1555292136609406    0.206732942304983   0.7335890619808412  -0.6009531201947771
 -0.1997459455627626  -0.1353372614970007   0.8682761334804644  -0.4178468545170917   -0.115264674033795
 -0.6884498221934732  -0.2419531187070946  0.02166390454621439   0.2805944997526943   0.6231315532197301
  0.4456851598356431   0.4466788464330556   0.4472262059353814   0.4478392472352212   0.4486328964888179

0.4015149543005866
 0.401742828460479
0.4017941248458331
 0.401881029116435
0.4019561224836398

-0.001149618567804843
   0.4013981368596349

0
0
0
0
0

0
0

0
0
0
0
0

0
0

0
0
0
0
0

0
0

0
0
0
0
0

0
0

0
0
0
0
0

0
0

0
0
0
0
0

0
0

0
0
0
0
0

0
0

0
0
0
0
0

0
0

0
0
0
0
0

0
0

0
0
0
0
0

0
0

0
0
0
0
0

0
0

0
0
0
0
0

0
0

0
0
0
0
0

0
0

0
0
0
0
0

0
0

0
0
0
0
0

0
0

0
0
0
0
0

0
0

0
0
0
0
0

0
0

0
0
0
0
0

0
0

0
0
0
0
0

0
0

0
0
0
0
0

0
0

0
0
0
0
0

0
0

0
0
0
0
0

0
0

0
0
0
0
0

0
0

0
0
0
0
0

0
0

0
0
0
0
0

0
0

0
0
0
0
0

0
0

0
0
0
0
0

0
0

0
0
0
0
0

0
0

0
0
0
0
0

0
0

0
0
0
0
0

0
0

0
0
0
0
0

0
0

0
0
0
0
0

0
0

0
0
0
0
0

0
0

0
0
0
0
0

0
0

0
0
0
0
0

0
0

0
0
0
0
0

0
0

0
0
0
0
0

0
0

0
0
0
0
0

0
0

0
0
0
0
0

0
0

0
0
0
0
0

0
0

0
0
0
0
0

0
0

0
0
0
0
0

0
0

0
0
0
0
0

0
0

0
0
0
0
0

0
0

0
0
0
0
0

0
0

0
0
0
0
0

0
0

0
0
0
0
0

0
0

0
0
0
0
0

0
0

0
0
0
0
0

0
0

0
0
0
0
0

0
0

0
0
0
0
0

0
0

0
0
0
0
0

0
0

0
0
0
0
0

0
0

0
0
0
0
0

0
0

0
0
0
0
0

0
0

0
0
0
0
0

0
0

0
0
0
0
0

0
0

0
0
0
0
0

0
0

0
0
0
0
0

0
0

0
0
0
0
0

0
0

0
0
0
0
0

0
0

0
0
0
0
0

0
0

0
0
0
0
0

0
0

0
0
0
0
0

0
0

0
0
0
0
0

0
0

0
0
0
0
0

0
0

0
0
0
0
0

0
0

0
0
0
0
0

0
0

0
0
0
0
0

0
0

0
0
0
0
0

0
0

0
0
0
0
0

0
0

0
0
0
0
0

0
0

0
0
0
0
0

0
0

0
0
0
0
0

0
0

0
0
0
0
0

0
0

0
0
0
0
0

0
0

0
0
0
0
0

0
0

    6.59152577252771   -4.488597314315059  -0.3082042823456397   -0.528665750296091   -1.266139317111763
   1.775897653315541 -0.08413122453284641  0.03981569963731185  -0.2249206310971963  -0.5066391181959918

-1.946502374452099e-07 -9.502501755657621e-08 -4.710784754736734e-07 -0.0007389717256993948  -0.002612100859616281
-2.446258365832943e-08 -7.716205212996947e-08 -1.207905254152165e-07 -0.0002656416106232142     0.1177545192182359

cov:
0.05279657806018618 0.05286240834628541 0.05289646965440799 0.05293916913477552  0.0529934707310484
0.05286240834628541 0.05296206918869466  0.0530160819076651 0.05307831954234862 0.05315853431044869
0.05289646965440799  0.0530160819076651 0.05308271829573733 0.05315561249001249 0.05325113403252342
0.05293916913477552 0.05307831954234862 0.05315561249001249 0.05324128398950001 0.05335121634159672
 0.0529934707310484 0.05315853431044869 0.05325113403252342 0.05335121634159672 0.05348194082213856

cov.inverse():
 8951994.531149087 -14554920.02914015  633627.4332224793  1380488.792920427  3588665.949890505
-14554920.02913932  24403176.42838853 -1781528.013597878 -2766909.698356897 -5299638.973248649
 633627.4331871954 -1781528.013543923   1167903.82247755   22190.6160206463 -42085.19943955355
 1380488.792981074 -2766909.698449692  22190.61602181917  1658178.931349188 -293922.8912099426
 3588665.949864314 -5299638.973208982 -42085.19942205647 -293922.8912409154  2046829.320018122

cov*(cov_.inverse()):
                     1  5.820766091346741e-11  1.364242052659392e-12   -1.2732925824821e-11  1.455191522836685e-11
 8.731149137020111e-11     0.9999999997089617  2.273736754432321e-12  2.728484105318785e-11  5.820766091346741e-11
-5.820766091346741e-11 -1.746229827404022e-10     0.9999999999977263  1.818989403545856e-11 -1.455191522836685e-11
 -2.91038304567337e-11 -1.746229827404022e-10 -5.456968210637569e-12      1.000000000005457   2.91038304567337e-11
-5.820766091346741e-11  5.820766091346741e-11 -9.549694368615746e-12  1.818989403545856e-12     0.9999999999854481
