5
2

0.0001709314309859138
0.0006831752079414818
0.0008787281811253039
  0.01296736928749103
   0.5151647635854992

 -0.5035193961046631   0.8364574757166138 -0.05441977061595061 -0.08894938170512282  -0.1895616130037137
 -0.1835664383105305  -0.1552245888750491   0.2055688207527294   0.7341250787104385  -0.6008415086171082
 -0.2004592613497083  -0.1348350222423696   0.8685048560650436  -0.4169329839033634  -0.1161972600404344
 -0.6884418748541509  -0.2419542545717782  0.02162616205250096   0.2806342173151635   0.6231233175132365
  0.4456853710397199   0.4466787142878844   0.4472265338804891   0.4478389211625224   0.4486328168207735

0.4015149071311302
0.4017423403128432
 0.401794076901664
0.4018800105841969
0.4019553469558217

-0.001149618567804843
   0.4013981368596349

   6.502465597271166   -4.341875050740905  -0.3189770111761433  -0.5410247278878516   -1.300677656696549
   1.764377151368291 -0.06484584256667061  0.03787627094619597  -0.2264401571903688  -0.5109462685834009

-1.926567642605001e-07 -9.377464473257911e-08 -4.774821670447232e-07 -0.0007390722229716666  -0.002612271691659148
 -2.41834459231526e-08   -7.7134447212367e-08 -1.222068730152731e-07 -0.0002656966252600774     0.1177543486478664

cov:
0.05279655282518807  0.0528623288019704 0.05289644024275007 0.05293904552852107 0.05299337115488403
 0.0528623288019704 0.05296194424836694 0.05301600995819301 0.05307816301825723 0.05315840500431005
0.05289644024275007 0.05301600995819301 0.05308269893340924 0.05315551473855622  0.0532510626771892
0.05293904552852107 0.05307816301825723 0.05315551473855622 0.05324111693197857 0.05335108256490065
0.05299337115488403 0.05315840500431005  0.0532510626771892 0.05335108256490065 0.05348184147653379

cov.inverse():
 8804436.286746232 -14318005.97753531  631431.4287807557  1351261.001792114  3530730.498014785
-14318005.97755185  24022119.32685035 -1778018.142783514 -2718249.382950381 -5207659.885275373
 631431.4288185735 -1778018.142846434  1168773.165387026  20101.04419241003  -42180.6171087179
 1351261.001768153 -2718249.382904305  20101.04417838547  1651107.770004536   -304194.14646178
 3530730.498017464 -5207659.885275069  -42180.6171197948 -304194.1464536878  2023150.817152351

cov*(cov_.inverse()):
                     1  1.164153218269348e-10 -8.640199666842818e-12 -2.000888343900442e-11  -2.91038304567337e-11
 5.820766091346741e-11      1.000000000058208                      0  2.182787284255028e-11                      0
                     0  5.820766091346741e-11      1.000000000004547 -7.275957614183426e-12 -1.455191522836685e-11
-5.820766091346741e-11  1.164153218269348e-10 -9.549694368615746e-12      1.000000000010914                      0
                     0 -1.164153218269348e-10 -8.640199666842818e-12 -9.094947017729282e-12      1.000000000014552
