5
1

0.001591635700551934
0.001684803111416749
0.001700454780767758
 0.09669909565026294
    0.57339989700294

  -0.391885410919245   0.3278313703272064   0.6442240883234341  -0.5690359119059265 -0.01121928354537132
 -0.3079871854264793  0.02293047715233486   0.3279146904660695   0.6094230496049443   -0.652451982307812
 -0.3027744025628001   0.7909102201937293  -0.5264838788269449  0.06870875486408322 -0.02970718913340638
 -0.7129649808354764  -0.2944503722915832 -0.02829067671122973   0.2780681106316842   0.5717146821803362
  0.3893305993326727   0.4239820605844153    0.446611288199187   0.4719734213134817   0.4964275813777522

0.3994365425582733
0.3995839075970296
0.3995476269516112
0.3995521645154081
0.3995381978931746

-1.494725428392161e-07

0
0
0
0
0

0

0
0
0
0
0

0

0
0
0
0
0

0

0
0
0
0
0

0

0
0
0
0
0

0

0
0
0
0
0

0

0
0
0
0
0

0

0
0
0
0
0

0

0
0
0
0
0

0

0
0
0
0
0

0

0
0
0
0
0

0

0
0
0
0
0

0

0
0
0
0
0

0

0
0
0
0
0

0

0
0
0
0
0

0

0
0
0
0
0

0

0
0
0
0
0

0

0
0
0
0
0

0

0
0
0
0
0

0

0
0
0
0
0

0

0
0
0
0
0

0

0
0
0
0
0

0

0
0
0
0
0

0

0
0
0
0
0

0

0
0
0
0
0

0

0
0
0
0
0

0

0
0
0
0
0

0

0
0
0
0
0

0

0
0
0
0
0

0

0
0
0
0
0

0

0
0
0
0
0

0

0
0
0
0
0

0

0
0
0
0
0

0

0
0
0
0
0

0

0
0
0
0
0

0

0
0
0
0
0

0

0
0
0
0
0

0

0
0
0
0
0

0

0
0
0
0
0

0

0
0
0
0
0

0

0
0
0
0
0

0

0
0
0
0
0

0

0
0
0
0
0

0

0
0
0
0
0

0

0
0
0
0
0

0

0
0
0
0
0

0

0
0
0
0
0

0

0
0
0
0
0

0

0
0
0
0
0

0

0
0
0
0
0

0

0
0
0
0
0

0

0
0
0
0
0

0

0
0
0
0
0

0

0
0
0
0
0

0

0
0
0
0
0

0

0
0
0
0
0

0

0
0
0
0
0

0

0
0
0
0
0

0

0
0
0
0
0

0

0
0
0
0
0

0

0
0
0
0
0

0

0
0
0
0
0

0

0
0
0
0
0

0

0
0
0
0
0

0

0
0
0
0
0

0

0
0
0
0
0

0

0
0
0
0
0

0

0
0
0
0
0

0

0
0
0
0
0

0

0
0
0
0
0

0

0
0
0
0
0

0

0
0
0
0
0

0

0
0
0
0
0

0

0
0
0
0
0

0

0
0
0
0
0

0

0
0
0
0
0

0

0
0
0
0
0

0

  1.942153549595941  0.5652968781589576 -0.2668630722081745 -0.7250538030325869   -1.51270839168044

-8.059607375912867e-07 -3.621979268510377e-07  -1.53698030724378e-08   -0.02440575489556169   -0.07119063904596093

cov:
0.05459111674942419 0.05623466053613203  0.0573575175004846 0.05856207360916073 0.05973535001230849
0.05623466053613203 0.05991588862144143  0.0623348490044171 0.06502719742393338 0.06762775940293038
 0.0573575175004846  0.0623348490044171 0.06559012533604203 0.06923063792164318  0.0727436961942637
0.05856207360916073 0.06502719742393338 0.06923063792164318 0.07396523530286585 0.07852052015079933
0.05973535001230849 0.06762775940293038  0.0727436961942637 0.07852052015079933 0.08408405438497651

cov.inverse():
 125797.4355837236 -135994.7413170426 -80105.41045964965  14687.84217528848  75594.98030391001
-135994.7413170735  258952.9681370474 -57987.92751131312 -49929.68796352472 -14865.53319651199
-80105.41045949943 -57987.92751128836  297569.8444873592 -86815.97293311734 -72817.33397557031
 14687.84217507238 -49929.68796371011 -86815.97293238781  260299.2670381021 -138245.8259952531
 75594.98030400676 -14865.53319638223 -72817.33397612497 -138245.8259949247   150358.666378254

cov*(cov_.inverse()):
    0.9999999999990905  3.296918293926865e-12 -3.637978807091713e-12  3.637978807091713e-12 -3.637978807091713e-12
 9.094947017729282e-13      1.000000000001705 -1.818989403545856e-12  5.456968210637569e-12 -1.818989403545856e-12
 1.818989403545856e-12  2.728484105318785e-12     0.9999999999972715  1.818989403545856e-12                      0
-1.818989403545856e-12   1.13686837721616e-12  1.818989403545856e-12                      1                      0
-9.094947017729282e-13  1.818989403545856e-12                      0                      0      0.999999999998181
