5
1

0.001781764918201019
0.001881890018185188
0.001899716705639658
   0.105640167142097
  0.5883793791583534

 -0.3907140686389983   0.3215604802277951   0.6497684281901599  -0.5670587012368904 -0.01366723095768579
  0.2573920054825783  0.09705217930893256  -0.3993535985470165  -0.5953553761320192   0.6406238439546984
 -0.3480921035440925   0.7879156678478997  -0.4669154214066226   0.1546814486309546  -0.1268243924178346
 -0.7192667795035768  -0.3012671701231429  -0.0356986759156528   0.2702614825333268   0.5635403514437134
  0.3775964240217571   0.4190545604248311   0.4461314681182928   0.4764753781367417   0.5057194312434503

0.3992006645203031
0.3993590261122947
 0.399303506867389
0.3993031747171719
0.3992800033654182

1.58708611132318e-05

  1.953959530230637   0.561467934953422 -0.2896414337884873 -0.7159409160009776  -1.506193361185321

 -1.09376645353886e-06  4.760869309453187e-07 -8.030276513764755e-08   -0.02908838360858713   -0.08965075288444548

cov:
0.05513412965132451  0.0571958460295297 0.05860436877252492 0.06011556773651605 0.06158502875539919
 0.0571958460295297  0.0618088344892512 0.06484068227417734  0.0682145437142412 0.07147121305254985
0.05860436877252492 0.06484068227417734 0.06892030605097739 0.07348164094168232 0.07788130716816433
0.06011556773651605  0.0682145437142412 0.07348164094168232  0.0794126538218002 0.08511728608290259
0.06158502875539919 0.07147121305254985 0.07788130716816433 0.08511728608290259 0.09208453983905229

cov.inverse():
 100414.0959590757 -108498.4685188178 -63954.31677358238  11582.87314392089  60438.54097924069
-108498.4685187584  207259.9107351922 -47067.10094844055 -39987.98089350955 -11532.01372942654
-63954.31677352954 -47067.10094858683  238431.0651646959 -68939.05509251426  -58629.2391988272
  11582.8731436378 -39987.98089295105 -68939.05509271353  208008.1987799525 -110674.0798083618
  60438.5409794115 -11532.01372977942 -58629.23919872108 -110674.0798082861  120427.3469304655

cov*(cov_.inverse()):
     0.999999999998181  5.684341886080801e-13  5.002220859751105e-12 -9.094947017729282e-13                      0
                     0     0.9999999999995453  3.637978807091713e-12                      0  1.818989403545856e-12
 9.094947017729282e-13                      0      1.000000000002728  3.637978807091713e-12                      0
-1.818989403545856e-12  6.821210263296962e-13  6.366462912410498e-12                      1 -1.818989403545856e-12
                     0  2.273736754432321e-13  9.094947017729282e-13                      0                      1
