5
2

0.9133634119163976
 3.110703259353009
 4.583146333548198
 11.84926255516799
 32.40454173743102

-0.6530603227311772  0.4579638497817836  0.5417854742102955 -0.1802533723515986 -0.1943155908770578
 0.3291723191132326 -0.2919960216089113  0.5161798013092402 -0.6808706548305267  0.2763285577083693
 0.3128442831619993 -0.2737464581410076  0.5098023483079108  0.3948205323153344 -0.6414122263178995
-0.5943267458093631 -0.7733453134616863  0.0431579242843467   0.142988779295641  0.1624941473700142
 0.1185831898389244  0.1789059486426201  0.4222154330271277  0.5723590039514572   0.669380300977942

59.17681270009092
95.79395075051467
138.3615567556495
193.7373740860147
230.6110200756393

  2.73586391676088
-1.307784267185801

0
0
0
0
0

0
0

0
0
0
0
0

0
0

0
0
0
0
0

0
0

0
0
0
0
0

0
0

0
0
0
0
0

0
0

0
0
0
0
0

0
0

0
0
0
0
0

0
0

0
0
0
0
0

0
0

0
0
0
0
0

0
0

0
0
0
0
0

0
0

0
0
0
0
0

0
0

0
0
0
0
0

0
0

0
0
0
0
0

0
0

0
0
0
0
0

0
0

0
0
0
0
0

0
0

0
0
0
0
0

0
0

0
0
0
0
0

0
0

0
0
0
0
0

0
0

0
0
0
0
0

0
0

0
0
0
0
0

0
0

0
0
0
0
0

0
0

0
0
0
0
0

0
0

0
0
0
0
0

0
0

0
0
0
0
0

0
0

0
0
0
0
0

0
0

0
0
0
0
0

0
0

0
0
0
0
0

0
0

0
0
0
0
0

0
0

0
0
0
0
0

0
0

0
0
0
0
0

0
0

0
0
0
0
0

0
0

0
0
0
0
0

0
0

0
0
0
0
0

0
0

0
0
0
0
0

0
0

0
0
0
0
0

0
0

0
0
0
0
0

0
0

0
0
0
0
0

0
0

0
0
0
0
0

0
0

0
0
0
0
0

0
0

0
0
0
0
0

0
0

0
0
0
0
0

0
0

0
0
0
0
0

0
0

0
0
0
0
0

0
0

0
0
0
0
0

0
0

0
0
0
0
0

0
0

0
0
0
0
0

0
0

0
0
0
0
0

0
0

0
0
0
0
0

0
0

0
0
0
0
0

0
0

0
0
0
0
0

0
0

0
0
0
0
0

0
0

0
0
0
0
0

0
0

0
0
0
0
0

0
0

0
0
0
0
0

0
0

0
0
0
0
0

0
0

0
0
0
0
0

0
0

0
0
0
0
0

0
0

0
0
0
0
0

0
0

0
0
0
0
0

0
0

0
0
0
0
0

0
0

0
0
0
0
0

0
0

0
0
0
0
0

0
0

0
0
0
0
0

0
0

0
0
0
0
0

0
0

0
0
0
0
0

0
0

0
0
0
0
0

0
0

0
0
0
0
0

0
0

0
0
0
0
0

0
0

0
0
0
0
0

0
0

0
0
0
0
0

0
0

0
0
0
0
0

0
0

0
0
0
0
0

0
0

0
0
0
0
0

0
0

0
0
0
0
0

0
0

0
0
0
0
0

0
0

0
0
0
0
0

0
0

0
0
0
0
0

0
0

  -0.07548037398186379    0.07550996931336322  1.525494385386196e-06  1.035717348419566e-05 -3.259070232042869e-05
     2.676720517020869     -1.676904133882502  -0.001011795855539449 -1.850787951596621e-05   0.001480695353365874

 0.0699749119144415  -0.453922759714184 -0.9296582875001815  -1.900947096641261   4.770644307349658
 -2.099641963833315   13.26307104791933   27.20115190956231   -41.2546955098818   18.85823191177855

cov:
67.82039197095982 83.83161893322514 53.67146045302445 59.86152898291092 66.56194330073984
83.83161893322514 120.1545582150503 70.44875179583873 91.58263794623956 110.9397473849926
53.67146045302445 70.44875179583873 195.7326844611718 255.3669849157943 292.1776370258599
59.86152898291092 91.58263794623956 255.3669849157943 354.6503952954218 398.4544636111765
66.56194330073984 110.9397473849926 292.1776370258599 398.4544636111765 483.6172561763049

cov.inverse():
  0.5296198341306795  -0.3692231077664327   -0.399107467436095   0.1232852679748156   0.1513504810507845
 -0.3692231077664333   0.2680745476159951   0.2750349510965507  -0.0842422537784287  -0.1074326327960553
 -0.3991074674360929   0.2750349510965493   0.3919491048295504  -0.1435277784670073  -0.1267043677554326
  0.1232852679748152 -0.08424225377842841  -0.1435277784670071   0.0947347057774853  0.01101666256249863
  0.1513504810507846  -0.1074326327960554  -0.1267043677554328  0.01101666256249878  0.07335327875818519

cov*(cov_.inverse()):
     1.000000000000005  2.664535259100376e-15 -1.953992523340276e-14  1.887379141862766e-15                      0
                     0     0.9999999999999982  -1.77635683940025e-15  4.440892098500626e-16   1.77635683940025e-15
 7.105427357601002e-15  3.552713678800501e-15     0.9999999999999929  3.996802888650564e-15                      0
                     0 -7.105427357601002e-15 -7.105427357601002e-15     0.9999999999999929                      0
-2.842170943040401e-14 -7.105427357601002e-15                      0  4.440892098500626e-15      1.000000000000007
