5
2

0.07873740127205288
  1.064359435258401
   3.87172307718938
   7.80663296649535
   34.3813507981274

   -0.4643488234655419     0.8133941251046765    -0.3503777814298743    0.00232840667311679 -0.0003952138780746211
   -0.4825865831409077    0.07633221842556265     0.8157460498750069     -0.194391810894576     -0.240943537313345
    0.1367159847803304    0.09949653535271173    0.04377679723862787    -0.8101807748779154     0.5595532887939273
   -0.7099541750905825     -0.500602962988447    -0.2210427523747451     0.1043310441888041     0.4308327721514581
    0.1696000256354541     0.2684408735185928     0.4012698419265124     0.5430732433256005     0.6657546808495708

58.24900527197479
 93.9754692541176
 141.856697926356
197.8412360078886
235.3378989052304

  2.669355966271231
-0.7656720140138724

  -0.06974350955130899    0.06560296950346908   0.004186605954073956 -3.984237985271179e-05  6.649844254582975e-06
     2.553732282580622     -1.465963136180052    -0.0889796007360187  0.0009923040580396532  0.0001334528184372143

0.000522496728762553  0.04767787410326582 -0.04180039916407914   0.9596741784175996    8.800288734102862
 -0.0145507182215855   -1.605385221752375    2.977859920453934   -64.55979004225466     5.33299611829305

cov:
65.26448739229069 75.63659406164069 89.65534716806012 102.8072839692396 116.1083135122173
75.63659406164069 100.6128307098042 134.2078368401167 167.9186902534042 198.9255088777297
89.65534716806012 134.2078368401167 194.0961478402893 255.4802335988569 310.1294554189914
102.8072839692396 167.9186902534042 255.4802335988569  359.173999768493 423.3810021543416
116.1083135122173 198.9255088777297 310.1294554189914 423.3810021543416 540.0026354388131

cov.inverse():
   34.99487560437362   -60.94901205664742    25.89885149730853  -0.1001155874273736   0.1324207942251096
  -60.94901205664784    106.7285250205529   -45.91293630393815   0.2862811943106504  -0.0677612205319571
   25.89885149730924   -45.91293630393911    20.39055190582355  -0.2741300906973251  -0.1508641464008884
 -0.1001155874275751   0.2862811943110021  -0.2741300906974748  0.07844702742288265  0.01199707924098061
  0.1324207942250084 -0.06776122053178039  -0.1508641464009642  0.01199707924098086  0.07557807618011392

cov*(cov_.inverse()):
     1.000000000000528 -2.735589532676386e-13  5.542233338928781e-13 -1.554312234475219e-15  8.881784197001252e-15
 3.623767952376511e-13      1.000000000000297  5.648814749292796e-13   -1.4210854715202e-14  5.329070518200751e-15
-8.881784197001252e-13  1.797673121473053e-12      1.000000000000199 -1.332267629550188e-15                      0
-1.456612608308205e-12  1.946887095982675e-12 -4.192202140984591e-13     0.9999999999999938  7.105427357601002e-15
-5.826450433232822e-13   1.84741111297626e-13 -7.389644451905042e-13 -8.881784197001252e-16                      1
