6
1

0.0006579823334297863
0.0009601644571891816
 0.001386553940358189
 0.002878494290504559
  0.07272975873330782
   0.6099414097288691

 -0.0195053023000131    0.599225008406113  -0.7907983564943979  0.07559102244060299  0.07981330525985281  0.05570211377065337
 0.01348311042672991  -0.2034544927414216  -0.1293605570048006   0.7856891283050156  -0.5615240595262549  0.09525568562777904
-0.09189247493370396  -0.2194097680475586  -0.1053913450389071   0.4327862700272608   0.6022395521068763  -0.6183133165966632
  0.6342876875974839  -0.5550226521227047  -0.4102101810899736  -0.1218739941436148   0.1858148671596824   0.2682837248454668
 -0.6690442300047681  -0.2961729981544716  -0.1279257726435005  0.07003889113237892   0.3179634967944512   0.5850556713598061
  0.3755695270193366   0.3944951497347096   0.4026897988175895   0.4122085864535195   0.4242642320576126   0.4373167911126509

0.3989717278000445
0.3991946314944654
0.3992141210745443
0.3991945210568045
0.3992251596663559
0.3992741270580752

-0.0001260679284313911

 1.619933787833592  3.906561661269541  3.944294749274001 -3.256611263853806 -9.658402495333402  3.442131322955149

-7.079166921367609e-07  1.760326236576776e-06 -2.071738815578274e-05 -2.678798483604713e-05   -0.02132071864947751   -0.07327896622952976

cov:
0.05484663175455181 0.05616514574949506 0.05671545185855781 0.05734627111066871 0.05815488505591696 0.05903404358030215
0.05616514574949506  0.0583643040341159  0.0593023072605102 0.06038767773115579 0.06176736407732054  0.0632645709957937
0.05671545185855781  0.0593023072605102 0.06041606726572092 0.06170664350552284 0.06334403883506136 0.06511863141665114
0.05734627111066871 0.06038767773115579 0.06170664350552284 0.06324057101978811 0.06518005011452424 0.06728003193515968
0.05815488505591696 0.06176736407732054 0.06334403883506136 0.06518005011452424 0.06750124708990288 0.07000903878551223
0.05903404358030215  0.0632645709957937 0.06511863141665114 0.06728003193515968 0.07000903878551223  0.0729608830611115

cov.inverse():
 54109.08846746575 -61935.32665239336  7387.675490475352 -21939.10351674516 -26409.12657896395  48901.53831312924
-61935.32665168955  936511.1873460804 -1026467.222523775 -109998.6308544575  153193.8461156194  108636.4658301472
 7387.675489402298 -1026467.222527553  1488692.965876188 -266010.6617239976 -109214.2350390046 -94510.57467830672
-21939.10351648344 -109998.6308479225 -266010.6617327729  782009.7757072434 -331771.9735125575 -52222.30246738091
-26409.12657892544  153193.8461164136 -109214.2350395923 -331771.9735131966  549569.1937140292 -235386.4867271734
 48901.53831319861  108636.4658273004 -94510.57467379523 -52222.30246872146 -235386.4867275673  224619.0492398821

cov*(cov_.inverse()):
     1.000000000001364  2.728484105318785e-12 -4.547473508864641e-12 -4.547473508864641e-12  1.818989403545856e-12  5.456968210637569e-12
 9.094947017729282e-13      0.999999999996362 -4.547473508864641e-12 -5.456968210637569e-12  3.637978807091713e-12  1.818989403545856e-12
                     0 -3.637978807091713e-12     0.9999999999899956  4.547473508864641e-12 -1.818989403545856e-12                      0
 4.547473508864641e-13  3.637978807091713e-12 -4.547473508864641e-12     0.9999999999936335  5.456968210637569e-12  1.818989403545856e-12
                     0  7.275957614183426e-12 -2.637534635141492e-11  5.911715561524034e-12                      1  1.818989403545856e-12
                     0 -2.728484105318785e-12  1.818989403545856e-12 -2.273736754432321e-12                      0      1.000000000003638
