6
1

0.0005901193868675306
0.0008824360533697827
 0.001276698938374475
 0.002580666094701525
  0.06609351072359707
   0.6004634154006272

-0.01954766887246855   0.5974922654947729  -0.7918442543093125  0.08478187872814544  0.07080044686015358  0.05833427805873608
 0.01144555235849405  -0.2259335011268639  -0.1269258638726049   0.8074189791038885  -0.5264297689042765  0.06049105780348037
 -0.0923901459988319  -0.2057260769620028  -0.1006543125898812   0.3876169988610317   0.6335476981425204  -0.6223985282031751
  0.6340768920440664  -0.5535504168536981  -0.4102129283336421  -0.1257960327012754   0.1881612510019288   0.2683737807290097
 -0.6658844435439801  -0.2925660519708596  -0.1243089456886598  0.07358786170787172   0.3215853838221037   0.5888276204657317
  0.3814385294081309   0.3970149471186035   0.4037497378380485   0.4115821572687651   0.4214907992441664   0.4322216598154074

0.3995168510796996
0.3996879217601488
0.3996936230925427
0.3996644643996664
0.3996666093649884
0.3996869922624881

0.0001832899728560734

0
0
0
0
0
0

0

0
0
0
0
0
0

0

0
0
0
0
0
0

0

0
0
0
0
0
0

0

0
0
0
0
0
0

0

0
0
0
0
0
0

0

0
0
0
0
0
0

0

0
0
0
0
0
0

0

0
0
0
0
0
0

0

0
0
0
0
0
0

0

0
0
0
0
0
0

0

0
0
0
0
0
0

0

0
0
0
0
0
0

0

0
0
0
0
0
0

0

0
0
0
0
0
0

0

0
0
0
0
0
0

0

0
0
0
0
0
0

0

0
0
0
0
0
0

0

0
0
0
0
0
0

0

0
0
0
0
0
0

0

0
0
0
0
0
0

0

0
0
0
0
0
0

0

0
0
0
0
0
0

0

0
0
0
0
0
0

0

0
0
0
0
0
0

0

0
0
0
0
0
0

0

0
0
0
0
0
0

0

0
0
0
0
0
0

0

0
0
0
0
0
0

0

0
0
0
0
0
0

0

0
0
0
0
0
0

0

0
0
0
0
0
0

0

0
0
0
0
0
0

0

0
0
0
0
0
0

0

0
0
0
0
0
0

0

0
0
0
0
0
0

0

0
0
0
0
0
0

0

0
0
0
0
0
0

0

0
0
0
0
0
0

0

0
0
0
0
0
0

0

0
0
0
0
0
0

0

0
0
0
0
0
0

0

0
0
0
0
0
0

0

0
0
0
0
0
0

0

0
0
0
0
0
0

0

0
0
0
0
0
0

0

0
0
0
0
0
0

0

0
0
0
0
0
0

0

0
0
0
0
0
0

0

0
0
0
0
0
0

0

0
0
0
0
0
0

0

0
0
0
0
0
0

0

0
0
0
0
0
0

0

0
0
0
0
0
0

0

0
0
0
0
0
0

0

0
0
0
0
0
0

0

0
0
0
0
0
0

0

0
0
0
0
0
0

0

0
0
0
0
0
0

0

0
0
0
0
0
0

0

0
0
0
0
0
0

0

0
0
0
0
0
0

0

0
0
0
0
0
0

0

0
0
0
0
0
0

0

0
0
0
0
0
0

0

0
0
0
0
0
0

0

0
0
0
0
0
0

0

0
0
0
0
0
0

0

0
0
0
0
0
0

0

0
0
0
0
0
0

0

0
0
0
0
0
0

0

0
0
0
0
0
0

0

0
0
0
0
0
0

0

0
0
0
0
0
0

0

0
0
0
0
0
0

0

0
0
0
0
0
0

0

0
0
0
0
0
0

0

 1.605019020987945  4.004288267568978     3.862458908638 -3.647236936591457  -8.93538606125278  3.109121546040505

-5.076619386902045e-07  4.442449473825988e-07 -1.690380290544413e-05  -2.11208709321731e-05   -0.01761127157690698   -0.05842664420611518

cov:
0.05439889585409513 0.05545020208832261 0.05588760887944869 0.05639028620540788  0.0570329198013321 0.05773191002195945
0.05545020208832261 0.05720738153304278 0.05795553349560122 0.05882260233898946 0.05992303045167213 0.06111758843630476
0.05588760887944869 0.05795553349560122 0.05884454404200817 0.05987609055428019 0.06118310503070419  0.0626000579374725
0.05639028620540788 0.05882260233898946 0.05987609055428019 0.06110270919995024 0.06265191127156354 0.06432977038259978
 0.0570329198013321 0.05992303045167213 0.06118310503070419 0.06265191127156354 0.06450731947212236 0.06651208495982062
0.05773191002195945 0.06111758843630476  0.0626000579374725 0.06432977038259978 0.06651208495982062 0.06887323202508837

cov.inverse():
  66974.1673892306 -77856.60141255578  9251.394724497421 -26850.04284650984 -29756.85013740355  58356.06066818338
-77856.60141321577  1162692.854181891 -1274966.457580248 -127275.8907906441  178592.0021918934   138746.261884879
 9251.394725530623 -1274966.457582301  1852703.029141743 -340578.1526869886 -125903.3658940069 -120614.8231389503
-26850.04284682607 -127275.8907865147 -340578.1526910886  952401.1586715083  -381498.327033517 -76145.50234109139
-29756.85013737451  178592.0021863206 -125903.3658880344 -381498.3270323226  621876.5884751838 -263327.8977687687
 58356.06066809703  138746.2618877155 -120614.8231418431  -76145.5023425719 -263327.8977671455  263027.6059251498

cov*(cov_.inverse()):
     1.000000000000909  7.275957614183426e-12 -1.182343112304807e-11  7.275957614183426e-12  1.818989403545856e-12                      0
 4.547473508864641e-13      0.999999999996362 -5.456968210637569e-12  9.094947017729282e-13  5.456968210637569e-12                      0
                     0   -1.2732925824821e-11     0.9999999999972715  9.094947017729282e-13  3.637978807091713e-12                      0
-4.547473508864641e-13  1.818989403545856e-12  1.364242052659392e-11      1.000000000001819 -3.637978807091713e-12 -3.637978807091713e-12
                     0  1.818989403545856e-12  8.185452315956354e-12  8.185452315956354e-12                      1                      0
 4.547473508864641e-13 -9.094947017729282e-12 -3.637978807091713e-12  3.637978807091713e-12                      0                      1
