5 
11 
12 
13 
14 
inputFileName = /Users/demattia/RemoteProjects/extracted_endcaps.root
eventsFractionStartBuild = 0
eventsFractionEndBuild = 0.2
eventsFractionStartTest = 0.8
eventsFractionEndTest = 1
var name = R
var name = z
par name = cotTheta
firstOrderChargeOverPtCoefficientsFileName = 
firstOrderCotThetaCoefficientsFileName = 
2 < pT < 10, pT regions = 1
0 < phi < 0.8, phi regions = 1
-3 < eta < 3, eta regions = 1
-15 < z0 < 15, eta regions = 1
charge regions = 1
endcap regions = 0
Training
Requested running from track number 0 to track number 1000000 for a total of 1000000 tracks.
Analyzed 10% of 1000000 tracks
Analyzed 20% of 1000000 tracks
Analyzed 30% of 1000000 tracks
Analyzed 40% of 1000000 tracks
Analyzed 50% of 1000000 tracks
Analyzed 60% of 1000000 tracks
Analyzed 70% of 1000000 tracks
Analyzed 80% of 1000000 tracks
Analyzed 90% of 1000000 tracks
Analyzed 100% of 1000000 tracks
Evaluating eigenvalues:
geomIndex = 0
Sqrt(eigenvalues) of cov:
 0.318239 0.8107 0.934778 1.14375 1.41641 1.56089 1.97165 2.78339 5.72974 9.09607
Analyzed 10% of 1000000 tracks
Analyzed 20% of 1000000 tracks
Analyzed 30% of 1000000 tracks
Analyzed 40% of 1000000 tracks
Analyzed 50% of 1000000 tracks
Analyzed 60% of 1000000 tracks
Analyzed 70% of 1000000 tracks
Analyzed 80% of 1000000 tracks
Analyzed 90% of 1000000 tracks
Analyzed 100% of 1000000 tracks
opening GeometricIndex.txt for writing
Matrices built:
geomIndex = 0

V_0:
    0.410759     -0.15134    -0.794503     0.331965     0.100664   -0.0252135     0.145955   -0.0192149     0.171519   -0.0712622
    0.170976   -0.0182452    0.0676752    0.0581821    -0.251221    -0.469548    -0.394085     0.659427     0.158049    -0.252498
   -0.801608    0.0349062    -0.302133     0.210695     0.315367    -0.309155   0.00340455     0.137956   -0.0795169   -0.0114138
   -0.381297   -0.0747587    -0.161245    0.0564804    -0.610889     0.524902    0.0342045     0.144088     0.374679   -0.0938612
   0.0659564    0.0159702    0.0163679    0.0469107     0.541954     0.609385    -0.317273     0.468029   -0.0294572    0.0853282
   0.0713847    0.0395908     0.103145     0.439164    -0.258209   0.00209622     0.366006     0.360442    -0.400216     0.546905
  -0.0054886 -0.000318403      0.20845     0.529794    0.0287725   -0.0820942    -0.453716    -0.338351     0.436923     0.396268
   0.0223098    0.0529532     0.308742     0.601504    0.0539846      0.13545     0.145928    -0.103305    -0.169341    -0.676509
  -0.0614144    -0.803002   -0.0420568     0.021937    -0.131257    0.0430157    -0.345976    -0.128877     -0.44006   -0.0112256
   0.0183368     0.566143    -0.308955    0.0282007    -0.269734    0.0974625     -0.49065    -0.185096    -0.473944   -0.0319532
corrPV_0:
 0.0115366 0.00773297 -0.0280875 -0.0184258  0.0102969  0.0282545 0.00594669 -0.0615366   0.809332   0.672715
D_0:
   0.0795554    -0.032596   -0.0821267     0.033068  0.000951823  -0.00204934 -0.000357276   0.00130918   0.00119527   0.00282399
opening matrixVD_0.txt for writing
