10
1

0.3183371080622107
0.8101732143608815
0.9386441941822415
 1.145970536829251
 1.418885672639554
 1.550714870203171
 1.968634311953209
 2.774579444217173
 5.730927623151898
 9.125763999894996

   0.4123184690206163   -0.1514829533145625   -0.7939870930157219    0.3317627383018578    0.1022114828531524  -0.02487690498075109    0.1454931721249954  -0.01953101806996082    0.1703789146979341  -0.07014007809048636
   0.1908346152582188  -0.01937133747833899   0.07424913833199662   0.05358112605416455   -0.2602290159296193   -0.4545845515152513   -0.3949535190588642    0.6595928690987206    0.1617115720166466   -0.2515056786163951
  -0.7965335276294205   0.03413372499267667   -0.3017841701296447    0.2102021393142667    0.3119787419767951   -0.3173337446366445 -0.008157925793385312    0.1585619165508581  -0.07408663372116844  -0.01954226463380422
   -0.380118340322797  -0.07592678308590894   -0.1623943978094056   0.05781606256297635   -0.6039972292664075    0.5341234225401397    0.0322755684848479    0.1431683990217776    0.3736688766916723  -0.09360938924764166
  0.06997806604093097    0.0147251574192927   0.01531496217323109   0.02445271427790894    0.5570500950672068    0.6084038306823339   -0.3280393086398807    0.4487355913989074  -0.01947064200859301   0.06512451309311976
  0.07127925641489644   0.04245728158299856    0.1037918733929013    0.4436220331774676   -0.2363329790072833   0.02634872306649936    0.3508103145565966    0.3763469967856554   -0.3980123984699994     0.553061520306908
-0.007091977927886543  0.001116624631356196    0.2074706180507295    0.5289935074689914   0.03279470153916372  -0.08059915452122304   -0.4583087916433449   -0.3391632100279586    0.4371679459666027    0.3915406850207473
  0.02299243932580771   0.05439471021992769    0.3088723888944004    0.6007961813929169   0.05627443794957971    0.1344818079913022    0.1488412842130782   -0.1011680023913032   -0.1691619339469217   -0.6766814150680057
 -0.06129133039605642   -0.8046391245793544  -0.03935110206151938   0.02421585136267288   -0.1296529742393941   0.04175791324133545   -0.3431159142319943   -0.1278767891892858   -0.4403249635355473  -0.01198503029561588
  0.01751509964367679    0.5633152540034766   -0.3092311684529303   0.02756589212593376   -0.2692210981865913    0.0978300006468325   -0.4910481837645748   -0.1851942239194883   -0.4767520451682805  -0.03488425548707728

22.68190561700241
54.12507918291327
54.12800031441515
130.6867056855269
65.39452167821844
157.6905361262917
76.33495878127327
185.0697258780679
90.52984365398815
220.3148292673082

2.43783461876963

0
0
0
0
0
0
0
0
0
0

0

0
0
0
0
0
0
0
0
0
0

0

0
0
0
0
0
0
0
0
0
0

0

0
0
0
0
0
0
0
0
0
0

0

0
0
0
0
0
0
0
0
0
0

0

0
0
0
0
0
0
0
0
0
0

0

0
0
0
0
0
0
0
0
0
0

0

0
0
0
0
0
0
0
0
0
0

0

0
0
0
0
0
0
0
0
0
0

0

0
0
0
0
0
0
0
0
0
0

0

0
0
0
0
0
0
0
0
0
0

0

0
0
0
0
0
0
0
0
0
0

0

0
0
0
0
0
0
0
0
0
0

0

0
0
0
0
0
0
0
0
0
0

0

0
0
0
0
0
0
0
0
0
0

0

0
0
0
0
0
0
0
0
0
0

0

0
0
0
0
0
0
0
0
0
0

0

0
0
0
0
0
0
0
0
0
0

0

0
0
0
0
0
0
0
0
0
0

0

0
0
0
0
0
0
0
0
0
0

0

0
0
0
0
0
0
0
0
0
0

0

0
0
0
0
0
0
0
0
0
0

0

0
0
0
0
0
0
0
0
0
0

0

0
0
0
0
0
0
0
0
0
0

0

0
0
0
0
0
0
0
0
0
0

0

0
0
0
0
0
0
0
0
0
0

0

0
0
0
0
0
0
0
0
0
0

0

0
0
0
0
0
0
0
0
0
0

0

0
0
0
0
0
0
0
0
0
0

0

0
0
0
0
0
0
0
0
0
0

0

0
0
0
0
0
0
0
0
0
0

0

0
0
0
0
0
0
0
0
0
0

0

0
0
0
0
0
0
0
0
0
0

0

0
0
0
0
0
0
0
0
0
0

0

0
0
0
0
0
0
0
0
0
0

0

0
0
0
0
0
0
0
0
0
0

0

0
0
0
0
0
0
0
0
0
0

0

0
0
0
0
0
0
0
0
0
0

0

0
0
0
0
0
0
0
0
0
0

0

0
0
0
0
0
0
0
0
0
0

0

0
0
0
0
0
0
0
0
0
0

0

0
0
0
0
0
0
0
0
0
0

0

0
0
0
0
0
0
0
0
0
0

0

0
0
0
0
0
0
0
0
0
0

0

0
0
0
0
0
0
0
0
0
0

0

0
0
0
0
0
0
0
0
0
0

0

0
0
0
0
0
0
0
0
0
0

0

0
0
0
0
0
0
0
0
0
0

0

0
0
0
0
0
0
0
0
0
0

0

0
0
0
0
0
0
0
0
0
0

0

0
0
0
0
0
0
0
0
0
0

0

0
0
0
0
0
0
0
0
0
0

0

0
0
0
0
0
0
0
0
0
0

0

0
0
0
0
0
0
0
0
0
0

0

0
0
0
0
0
0
0
0
0
0

0

0
0
0
0
0
0
0
0
0
0

0

0
0
0
0
0
0
0
0
0
0

0

0
0
0
0
0
0
0
0
0
0

0

0
0
0
0
0
0
0
0
0
0

0

0
0
0
0
0
0
0
0
0
0

0

0
0
0
0
0
0
0
0
0
0

0

0
0
0
0
0
0
0
0
0
0

0

0
0
0
0
0
0
0
0
0
0

0

0
0
0
0
0
0
0
0
0
0

0

0
0
0
0
0
0
0
0
0
0

0

0
0
0
0
0
0
0
0
0
0

0

0
0
0
0
0
0
0
0
0
0

0

0
0
0
0
0
0
0
0
0
0

0

0
0
0
0
0
0
0
0
0
0

0

0
0
0
0
0
0
0
0
0
0

0

0
0
0
0
0
0
0
0
0
0

0

0
0
0
0
0
0
0
0
0
0

0

0
0
0
0
0
0
0
0
0
0

0

0
0
0
0
0
0
0
0
0
0

0

0
0
0
0
0
0
0
0
0
0

0

0
0
0
0
0
0
0
0
0
0

0

0
0
0
0
0
0
0
0
0
0

0

    0.0796902772487084    -0.0326367706811168   -0.08223225289410779    0.03314449047033146  0.0009662772794352811   -0.00204103692792641 -0.0003057819928786688   0.001233556600786172   0.001199814533637829   0.002857829816139798

 0.01157023104520418 0.008267885536918929 -0.02802105861500133 -0.01821427504786371 0.009583351974905605  0.02799337432518699 0.005550817770669049 -0.06125069282310353   0.8075947533774731   0.6781961142026022

cov:
  0.9651515587321571    2.465577945161971 -0.03394938678507957 0.006944795456613601 -0.03043517864153362  0.07297999547282495 -0.02648799390128772 0.005487183865677765 -0.02911587481721614 -0.02731138042312328
   2.465577945161971     47.7296861332941     -13.307265798147   0.9479027529574199   -9.116073144543886    3.505972473634283   -13.88302231192809   -5.318225996305493   -10.88346679837396   -1.530027969276371
-0.03394938678507957     -13.307265798147    9.124383856426464    1.131890458608408    7.244040493364027   -2.342738629852372    13.11642163436178    4.490041869488038    12.63022862361281  -0.2217411981570133
0.006944795456613601   0.9479027529574199    1.131890458608408    4.476600562942428  -0.6121439907377834   0.7375714125164429   -1.301332134843945   -1.203741152231624    -1.73030190116731   -1.845355614885053
-0.03043517864153362   -9.116073144543886    7.244040493364027  -0.6121439907377834    7.986126224821003   -2.089376386041922    11.95077927605957    4.716285343593282    12.40811787097998   0.4596106467359199
 0.07297999547282495    3.505972473634283   -2.342738629852372   0.7375714125164429   -2.089376386041922    2.364674987902359   -4.411186732139046   -1.250181253129419   -4.614724216720818  -0.9936704818457995
-0.02648799390128772   -13.88302231192809    13.11642163436178   -1.301332134843945    11.95077927605957   -4.411186732139046    25.55081710909308    9.355721624255462    23.14225049953366   0.5747128547821553
0.005487183865677765   -5.318225996305493    4.490041869488038   -1.203741152231624    4.716285343593282   -1.250181253129419    9.355721624255462    4.998567771749791    8.511133166277817    1.030991569900763
-0.02911587481721614   -10.88346679837396    12.63022862361281    -1.73030190116731    12.40811787097998   -4.614724216720818    23.14225049953366    8.511133166277817    26.84770452809839     2.49848324909812
-0.02731138042312328   -1.530027969276371  -0.2217411981570133   -1.845355614885053   0.4596106467359199  -0.9936704818457995   0.5747128547821553    1.030991569900763     2.49848324909812    5.023173123878074

cov.inverse():
   2.567984783800672  -0.6273058893792836    -2.88492847901805    1.173443420354392   0.2456383017791963 -0.07867135464610864   0.4759933771472098 -0.04521756396682837   0.6860037104818532  -0.2978054208545497
 -0.6273058893792847    0.257489126002754    1.185433850460812  -0.4807042170669792 -0.09643641942361618  0.01290824818496136  -0.1982136785328777  0.01858930480130988  -0.2846089857477211   0.1225546725361508
  -2.884928479018052    1.185433850460812    6.382028165560514    -2.60082240183564  -0.8632298089767636   0.1925678287574411   -1.189494838273482   0.1539048686797031   -1.335869743181633   0.5576877313579163
   1.173443420354393  -0.4807042170669787   -2.600822401835638    1.344453309792662   0.3330694995866241  -0.1589377265096723   0.4529268849342926  0.05456871584739087   0.5420891975846319   -0.155506313178174
   0.245638301779196 -0.09643641942361617  -0.8632298089767634   0.3330694995866242   0.7739573968209993 -0.03731881169278552    0.160504927743755  -0.2062329582640604 -0.05088858219253081  0.02729333886979308
-0.07867135464610844  0.01290824818496136   0.1925678287574413  -0.1589377265096724 -0.03731881169278568   0.8408121479201298   0.1697074500581117  -0.3062569421237692 0.001430111976982031   0.1660881337170384
  0.4759933771472102  -0.1982136785328779   -1.189494838273482    0.452926884934293   0.1605049277437547    0.169707450058112   0.6155894474140676  -0.4005108807609164  0.05473200037384134   0.0595303831481505
-0.04521756396682842   0.0185893048013101   0.1539048686797041  0.05456871584739031  -0.2062329582640603  -0.3062569421237694  -0.4005108807609165   0.9015696062103885    0.057178291167695  -0.1771170481986614
   0.686003710481851   -0.284608985747721   -1.335869743181633   0.5420891975846321 -0.05088858219253053 0.001430111976981876  0.05473200037384111  0.05717829116769534   0.5665768900016949  -0.2376530489352691
 -0.2978054208545487   0.1225546725361507   0.5576877313579161   -0.155506313178174  0.02729333886979294   0.1660881337170384  0.05953038314815053  -0.1771170481986615   -0.237653048935269   0.3803839696112208

cov*(cov_.inverse()):
    0.9999999999999982  6.127910678888071e-16  3.486794186713382e-16 -1.891715950552708e-15  3.033597678614441e-16 -2.541369892306022e-16  8.109832250191573e-17 -4.328135072562134e-16   2.07559663900625e-15 -8.517492267046123e-16
-7.271960811294775e-15     0.9999999999999999  -3.33066907387547e-16 -8.520961713998076e-15  7.494005416219807e-16 -1.110223024625157e-16 -1.873501354054952e-15  4.996003610813204e-16  4.329869796038111e-15 -5.551115123125783e-16
-6.564193633096238e-15  2.157996004115148e-15      1.000000000000006 -1.811051308919787e-15 -1.367829460807712e-15  5.551115123125783e-17 -1.096345236817342e-15   2.42861286636753e-16 -1.512678871051776e-15  -4.85722573273506e-16
-1.665334536937735e-15 -8.326672684688674e-17  2.220446049250313e-15     0.9999999999999998 -2.914335439641036e-16                      0  1.804112415015879e-16  3.885780586188048e-16 -5.551115123125783e-17  4.440892098500626e-16
-1.665334536937735e-15 -1.054711873393899e-15 -1.887379141862766e-15  5.273559366969494e-16     0.9999999999999998                      0  1.110223024625157e-16  -1.52655665885959e-16                      0 -9.436895709313831e-16
-1.942890293094024e-15  6.245004513516506e-16  2.331468351712829e-15  5.551115123125783e-17  7.632783294297951e-17                      1  -4.85722573273506e-17 -5.551115123125783e-17   9.71445146547012e-16  2.220446049250313e-16
 -3.83026943495679e-15 -1.346145417358002e-15  7.938094626069869e-15 -5.731526364627371e-15 -7.216449660063518e-16  -9.71445146547012e-17     0.9999999999999984  7.355227538141662e-16 -5.551115123125783e-16 -6.661338147750939e-16
 6.661338147750939e-16  8.881784197001252e-16 -2.220446049250313e-16 -1.304512053934559e-15 -3.469446951953614e-16                      0 -6.036837696399289e-16      1.000000000000001  4.163336342344337e-16 -4.440892098500626e-16
 5.995204332975845e-15  1.665334536937735e-16 -2.642330798607873e-14 -4.218847493575595e-15  4.579669976578771e-16 -8.881784197001252e-16  1.970645868709653e-15                      0                      1 -8.881784197001252e-16
 1.110223024625157e-15 -2.220446049250313e-16 -2.220446049250313e-15  8.881784197001252e-16  1.665334536937735e-16 -2.220446049250313e-16                      0                      0  8.881784197001252e-16     0.9999999999999996
