5
2

0.1691680129717837
 1.264657220674952
  4.82967096085769
 13.01287522577821
 40.43900206470911

 -0.006730037744894498     -0.429978812039069     0.8180848972167247    -0.3818506969464128 -0.0002719868801621745
  -0.03069702236731367    -0.5950705675661994    0.04211778688939299     0.7610279865679844    -0.2530043638399179
    0.1538627962605482    -0.5795424455965674    -0.3985297889305786    -0.2044152757277535     0.6632082599477552
   -0.9861718956589264   -0.05016137496794847   -0.04707074068353875   -0.02708624433840799     0.1483223159640746
    0.0529493300155608     0.3501765712139896     0.4097823149916213      0.482189982598773     0.6885811589240729

88.75134338990829
139.9201652191491
166.7350332824088
198.1003156124937
279.5707246492311

  4.057628718377038
-0.9555739750103631

0
0
0
0
0

0
0

0
0
0
0
0

0
0

0
0
0
0
0

0
0

0
0
0
0
0

0
0

0
0
0
0
0

0
0

0
0
0
0
0

0
0

0
0
0
0
0

0
0

0
0
0
0
0

0
0

0
0
0
0
0

0
0

0
0
0
0
0

0
0

0
0
0
0
0

0
0

0
0
0
0
0

0
0

0
0
0
0
0

0
0

0
0
0
0
0

0
0

0
0
0
0
0

0
0

0
0
0
0
0

0
0

0
0
0
0
0

0
0

0
0
0
0
0

0
0

0
0
0
0
0

0
0

0
0
0
0
0

0
0

0
0
0
0
0

0
0

0
0
0
0
0

0
0

0
0
0
0
0

0
0

0
0
0
0
0

0
0

0
0
0
0
0

0
0

0
0
0
0
0

0
0

0
0
0
0
0

0
0

0
0
0
0
0

0
0

0
0
0
0
0

0
0

0
0
0
0
0

0
0

0
0
0
0
0

0
0

0
0
0
0
0

0
0

0
0
0
0
0

0
0

0
0
0
0
0

0
0

0
0
0
0
0

0
0

0
0
0
0
0

0
0

0
0
0
0
0

0
0

0
0
0
0
0

0
0

0
0
0
0
0

0
0

0
0
0
0
0

0
0

0
0
0
0
0

0
0

0
0
0
0
0

0
0

0
0
0
0
0

0
0

0
0
0
0
0

0
0

0
0
0
0
0

0
0

0
0
0
0
0

0
0

0
0
0
0
0

0
0

0
0
0
0
0

0
0

0
0
0
0
0

0
0

0
0
0
0
0

0
0

0
0
0
0
0

0
0

0
0
0
0
0

0
0

0
0
0
0
0

0
0

0
0
0
0
0

0
0

0
0
0
0
0

0
0

0
0
0
0
0

0
0

0
0
0
0
0

0
0

0
0
0
0
0

0
0

0
0
0
0
0

0
0

0
0
0
0
0

0
0

0
0
0
0
0

0
0

0
0
0
0
0

0
0

0
0
0
0
0

0
0

0
0
0
0
0

0
0

0
0
0
0
0

0
0

0
0
0
0
0

0
0

0
0
0
0
0

0
0

0
0
0
0
0

0
0

0
0
0
0
0

0
0

0
0
0
0
0

0
0

0
0
0
0
0

0
0

0
0
0
0
0

0
0

0
0
0
0
0

0
0

0
0
0
0
0

0
0

0
0
0
0
0

0
0

0
0
0
0
0

0
0

0
0
0
0
0

0
0

  0.04217121893900509   -0.1377972976899137  -0.01679111927723619    0.1122864395511122 0.0006763471491921414
  0.06847245618779736     3.029828716684978    0.4008151249783196    -2.496703161921823  -0.01387108052030032

 6.732925796509658e-05     0.2643408873470444      1.645284934426487     -6.236046214049299       2.79305729035795
-0.0006281770713189699     -5.893208196135638     -32.74816776620634     -29.26170607533796      25.20169726872023

cov:
169.8226700619741 36.64730030511543 41.91049397321778 45.50450875380591 37.24717320417635
36.64730030511543 209.3601136433653 240.3982241788263 278.3990678822632 384.3303251682953
41.91049397321778 240.3982241788263 278.7061763671551 325.2847249904194 454.0691252461609
45.50450875380591 278.3990678822632 325.2847249904194 382.2513639479265 538.8174186223454
37.24717320417635 384.3303251682953 454.0691252461609 538.8174186223454 789.4611829033706

cov.inverse():
0.008931776416971536   0.1090199452110715  -0.1955384129437706  0.07401794765720507 0.008453160658835522
   0.109019945211071    6.696269229872223   -12.29728187087442    5.459290537768908  0.08184718011405849
 -0.1955384129437661   -12.29728187087423    23.39426597056288   -10.89213546825555 -0.02563770825371306
  0.0740179476572012    5.459290537768715   -10.89213546825534    5.459136628329007  -0.1223915131326045
0.008453160658835973  0.08184718011408672 -0.02563770825376786  -0.1223915131325785  0.05930216995441109

cov*(cov_.inverse()):
                     1 -2.486899575160351e-14  2.187139358511558e-14  1.243449787580175e-14  4.440892098500626e-16
 4.884981308350689e-15      1.000000000000501 -7.087663789206999e-13  2.415845301584341e-13 -3.552713678800501e-15
 2.664535259100376e-15                      0                      1  -1.49213974509621e-13 -7.105427357601002e-15
 7.105427357601002e-15 -2.842170943040401e-14  7.407408020299044e-13     0.9999999999999432 -7.105427357601002e-15
 7.993605777301127e-15  6.110667527536862e-13  9.237055564881302e-14 -6.252776074688882e-13     0.9999999999999929
