5
2

0.0001049013033003724
0.0002057150161353813
 0.001599521558846987
  0.08764355488178047
   0.5914066161900515

  -0.1233368282885931    0.5714423942712021   -0.7516134557125532    0.3054748385777573 -0.001988216545820329
  -0.5698060247333064    0.5986564604646918    0.3797496125783027   -0.4155400080215966  0.006947661588915216
   0.2938113335082622   0.01503335251581661   -0.3008036556684047   -0.6454660186707315      0.63744778460052
  -0.6466858716904929   -0.3751366194542321  -0.05711760218929544    0.3039430661011669    0.5877296080592885
   0.3944380871864944     0.417265559841774    0.4439844425147488    0.4743457136305561    0.4981786895399855

0.3997600191601963
0.3997259401536533
0.3996809744784201
0.3996133728621819
0.3995773835671301

0.0007031656671309915
   0.4000319392401351

0
0
0
0
0

0
0

0
0
0
0
0

0
0

0
0
0
0
0

0
0

0
0
0
0
0

0
0

0
0
0
0
0

0
0

0
0
0
0
0

0
0

0
0
0
0
0

0
0

0
0
0
0
0

0
0

0
0
0
0
0

0
0

0
0
0
0
0

0
0

0
0
0
0
0

0
0

0
0
0
0
0

0
0

0
0
0
0
0

0
0

0
0
0
0
0

0
0

0
0
0
0
0

0
0

0
0
0
0
0

0
0

0
0
0
0
0

0
0

0
0
0
0
0

0
0

0
0
0
0
0

0
0

0
0
0
0
0

0
0

0
0
0
0
0

0
0

0
0
0
0
0

0
0

0
0
0
0
0

0
0

0
0
0
0
0

0
0

0
0
0
0
0

0
0

0
0
0
0
0

0
0

0
0
0
0
0

0
0

0
0
0
0
0

0
0

0
0
0
0
0

0
0

0
0
0
0
0

0
0

0
0
0
0
0

0
0

0
0
0
0
0

0
0

0
0
0
0
0

0
0

0
0
0
0
0

0
0

0
0
0
0
0

0
0

0
0
0
0
0

0
0

0
0
0
0
0

0
0

0
0
0
0
0

0
0

0
0
0
0
0

0
0

0
0
0
0
0

0
0

0
0
0
0
0

0
0

0
0
0
0
0

0
0

0
0
0
0
0

0
0

0
0
0
0
0

0
0

0
0
0
0
0

0
0

0
0
0
0
0

0
0

0
0
0
0
0

0
0

0
0
0
0
0

0
0

0
0
0
0
0

0
0

0
0
0
0
0

0
0

0
0
0
0
0

0
0

0
0
0
0
0

0
0

0
0
0
0
0

0
0

0
0
0
0
0

0
0

0
0
0
0
0

0
0

0
0
0
0
0

0
0

0
0
0
0
0

0
0

0
0
0
0
0

0
0

0
0
0
0
0

0
0

0
0
0
0
0

0
0

0
0
0
0
0

0
0

0
0
0
0
0

0
0

0
0
0
0
0

0
0

0
0
0
0
0

0
0

0
0
0
0
0

0
0

0
0
0
0
0

0
0

0
0
0
0
0

0
0

0
0
0
0
0

0
0

0
0
0
0
0

0
0

0
0
0
0
0

0
0

0
0
0
0
0

0
0

0
0
0
0
0

0
0

0
0
0
0
0

0
0

0
0
0
0
0

0
0

0
0
0
0
0

0
0

0
0
0
0
0

0
0

0
0
0
0
0

0
0

   0.7263373800475095    -1.500883606390386     9.576743580119889    -8.770560333076826  -0.03139412778026582
    2.021610793063234   -0.8103790395609869    0.5935452022390673   -0.7982494288011636 -0.006421485605624194

-1.191146015377199e-07  2.525865940022689e-07  7.550579698221682e-06   -0.02410327786406641   -0.09225468567521818
-1.543210898818159e-08 -4.570442098858978e-08  2.339460162445126e-06  -0.009860163215642067     0.1192466024482794

cov:
0.05762904319787727 0.05942916143099593 0.06153530832486712 0.06393013866307112 0.06580938067261401
0.05942916143099593 0.06197821837620623 0.06496124628161662 0.06835182892988637 0.07101240482432569
0.06153530832486712 0.06496124628161662 0.06897111123947866 0.07352770731996723 0.07710321406806922
0.06393013866307112 0.06835182892988637 0.07352770731996723 0.07940844244794529 0.08402295499032754
0.06580938067261401 0.07101240482432569 0.07710321406806922 0.08402295499032754 0.08945897491634332

cov.inverse():
 9088402.502597062 -14463709.79043777  3276405.603592189  2097166.225603861   1891.02202659312
 -14463709.7932572  38143417.99994784 -33660278.02383809  9980830.741786778 -1244.445218676973
 3276405.608923695 -33660278.03135548  54779703.81847099 -24517502.84732129  123194.7295555006
 2097166.223055494  9980830.746604178 -24517502.84963628  12723038.34487303 -284208.6146525921
 1891.022063031363 -1244.445338312263  123194.7296845755 -284208.6146984663  160366.9403153817

cov*(cov_.inverse()):
    0.9999999998789662  2.250430952699389e-10 -4.656612873077393e-10  1.055013854056597e-10 -1.818989403545856e-12
-1.742250788083766e-10      1.000000000245848  1.055013854056597e-10 -3.637978807091713e-11  1.818989403545856e-12
-1.685407369222958e-11  1.284803374801413e-10      1.000000000100044 -2.182787284255028e-11 -1.818989403545856e-12
  1.49213974509621e-11   3.40776296070544e-11  1.818989403545856e-11     0.9999999999636202 -1.818989403545856e-12
-6.195932655828074e-12 -1.088551471184473e-10  1.600710675120354e-10                      0                      1
