5
2

0.0001047451481396436
0.0002057436917825362
 0.001599241874143763
  0.08764456383741119
   0.5914083587785273

  -0.1232869330525973    0.5713861985658997   -0.7516462410433831    0.3055193931174891 -0.001993233897058412
  -0.5698103006012927     0.598709852041139    0.3796719515912522   -0.4155279070346344  0.006964341163934066
   0.2938272867569429   0.01502387447208135   -0.3008197626745123   -0.6454544004743729     0.637444818039662
  -0.6466853685503117   -0.3751389692567573  -0.05711947779455519    0.3039388654661234      0.58773065188364
   0.3944364500488631      0.41726413948255    0.4439842037068097      0.47434612032984    0.4981810010042512

0.3997599980467799
0.3997257354816426
 0.399680022179086
0.3996120034180177
0.3995745457674677

0.0007031656671309915
   0.4000319392401351

      0.7292340037977    -1.518206608697992     9.601816507310053    -8.781402814134859  -0.03119042433337488
    2.021358690974877   -0.8102967520820334    0.5940432186776542   -0.7985740256060493 -0.006423210725995498

-1.191222809559154e-07  2.527023384532473e-07    7.5478021948572e-06   -0.02410352412290665   -0.09225534879966366
-1.538953416491106e-08 -4.569984671544069e-08   2.33865969142104e-06  -0.009860319581862374     0.1192467939150542

cov:
0.05762898107117205 0.05942911889924761 0.06153539778729774 0.06393029623348689 0.06580974904017423
0.05942911889924761 0.06197820108557704 0.06496138296309696 0.06835204706508279 0.07101287050353276
0.06153539778729774 0.06496138296309696 0.06897144551893343  0.0735281591847271 0.07710397258313068
0.06393029623348689 0.06835204706508279  0.0735281591847271 0.07940903747835433 0.08402391187642895
0.06580974904017423 0.07101287050353276 0.07710397258313068 0.08402391187642895 0.08946036212590874

cov.inverse():
 9089397.787582027 -14478123.21171806  3300908.681539759  2086129.653137103  1834.944751866485
-14478123.20790733  38225258.18176859 -33776713.40884482  10030205.95778576 -1587.420541935366
 3300908.674378532 -33776713.39878229  54935049.47077194 -24581785.00610828   124039.203115484
 2086129.656479519  10030205.95149732 -24581785.00311678  12749498.35661121 -284716.4304971605
 1834.944759737012  -1587.42050500432  124039.2030253002 -284716.4304517806  160429.0732153747

cov*(cov_.inverse()):
     1.000000000074721    1.4210854715202e-14  4.029061528854072e-10 -1.527951098978519e-10                      0
    1.245155090146e-10      1.000000000212793  7.639755494892597e-11 -3.637978807091713e-11  1.818989403545856e-12
 1.118962700275006e-10  1.151363449025666e-10      1.000000000600267 -1.600710675120354e-10                      0
 1.215596512338379e-10 -2.922035946539836e-10 -2.892193151637912e-10     0.9999999997744453 -1.818989403545856e-12
 4.621369953383692e-11  1.972466634470038e-11  2.128217602148652e-10   2.91038304567337e-11                      1
