6
2

7.641764989811832e-05
0.0001915530393832757
0.0006421673914319409
0.0008232056877109874
  0.02049127642139106
   0.5690154850498059

   0.3572996345774639   -0.7950185597122619    0.4891272886016338 -0.008565591898882629  -0.01663269438107438  -0.02620954982658699
   0.5832563549345325   -0.2078806852196164   -0.7483003729075237   0.05908195530691728    0.1127607280098339    0.2010933559901226
 -0.09230169063524278  -0.09624857040287817  -0.09593640339427661    0.2328290208755285    0.7031381746863349   -0.6514600305789766
  0.09938767461763701   0.09384330778966782   0.08734924562866735   -0.8672011473080228    0.4507840735228255    0.1357995661668748
  -0.5905787209215213   -0.3755948572980685   -0.1329572841045406    0.1519662904526502    0.3488857204205783    0.5896207584729041
   0.4061628466440133    0.4069266025653793    0.4077863703547392    0.4087725735716441    0.4094844956037647    0.4103415519287344

0.4008910690511402
0.4009790812923872
0.4010390374029797
0.4011309853276624
 0.401175689096946
0.4012004694449245

-0.0002960321631564351
    0.4010363361431924

    2.22655620395243    4.590656183916395   -5.684425695454322  -0.1121292416503076  -0.3442363844889209     -0.6763585617208
   1.100130707806601   0.6610333871772612  -0.4941301405007872 -0.07809198631418307 -0.03122992447534198  -0.1575292896682331

-3.276108308991614e-08  1.620545488777381e-07  2.905302320171201e-08  3.915181556083099e-09  -0.001183816038795179  -0.003224716656386969
-2.153857902801111e-09  3.060844365191421e-08 -2.279604953056812e-08  1.087400317932138e-07 -0.0003980336036985656     0.1311218941715127

cov:
0.05355967014845892 0.05360677812694463 0.05365966499304026 0.05371864169254944 0.05376350432723224 0.05381654795856263
0.05360677812694463  0.0536735123333993 0.05374852179623599 0.05383344541226981  0.0538962528103552 0.05397124044391873
0.05365966499304026 0.05374852179623599 0.05384851129345088 0.05396272243536945 0.05404578363117374 0.05414553572467435
0.05371864169254944 0.05383344541226981 0.05396272243536945 0.05411202336096244 0.05421808359397852 0.05434693297956673
0.05376350432723224  0.0538962528103552 0.05404578363117374 0.05421808359397852 0.05434185869336234  0.0544902669309776
0.05381654795856263 0.05397124044391873 0.05414553572467435 0.05434693297956673  0.0544902669309776 0.05466407138499702

cov.inverse():
 31168762.94513405 -51911826.06369617  18066936.53523639   235555.066312339  682986.7017062058  1757802.472336722
-51911826.06281613  109448403.3464216 -62316346.68136623  656836.5306714315  1523555.721857503  2599242.001215521
 18066936.53437708 -62316346.68056384  56263399.15452001 -2088348.031741076 -3798350.170365002 -6127481.568969887
 235555.0658559246   656836.531681343     -2088348.03236    1348952.1829244  26219.52407888394 -179138.5527335826
  682986.701589435  1523555.721920558 -3798350.170230436  26219.52403265849  1892958.143438827 -327330.5249454109
 1757802.472889131  2599242.000220275 -6127481.568542473 -179138.5527527823 -327330.5249107836  2276917.023670134

cov*(cov_.inverse()):
     1.000000000087311  1.164153218269348e-10 -1.746229827404022e-10  3.637978807091713e-12 -5.456968210637569e-11 -1.455191522836685e-11
 4.074536263942719e-10      1.000000000291038  -2.91038304567337e-10  5.456968210637569e-12 -1.455191522836685e-11                      0
 3.346940502524376e-10  4.656612873077393e-10      1.000000000349246  1.818989403545856e-11 -4.365574568510056e-11 -7.275957614183426e-11
-1.164153218269348e-10  5.820766091346741e-11 -3.492459654808044e-10       1.00000000001819 -2.182787284255028e-11 -1.455191522836685e-11
 3.783497959375381e-10  7.275957614183426e-10 -1.164153218269348e-10                      0     0.9999999999745341 -4.365574568510056e-11
                     0  2.619344741106033e-10 -1.746229827404022e-10  1.818989403545856e-12 -3.637978807091713e-12     0.9999999999854481
