6
2

7.641745599535344e-05
0.0001915070051511556
0.0006421608989839588
0.0008231682006638466
  0.02049125620498866
   0.5690153539300551

    0.357231015216527   -0.7949945143684153    0.4892145774213032 -0.008573182624700294   -0.0166369743229354   -0.0262399076799792
   0.5832969032848692   -0.2079754525353078   -0.7482444508709162   0.05909091809932494    0.1127589392190564    0.2010842125236809
 -0.09231040133403259  -0.09623941945806673  -0.09593700537763708    0.2328326491395201    0.7031359464538364   -0.6514611678728331
  0.09939079311753461   0.09384312466237407   0.08733952989258309   -0.8671992907927923    0.4507888405698164    0.1357996906528515
  -0.5905782936328874   -0.3755955256091438   -0.1329573358187682    0.1519674421774535    0.3488844451763996    0.5896212068065669
   0.4061628534520803    0.4069267458710826    0.4077861980850577    0.4087725626788757    0.4094844791292039     0.410341601565085

0.4008910614945231
0.4009791241926528
0.4010389964693081
0.4011309709279814
0.4011756890033036
0.4012004517607736

-0.0002960321631564351
    0.4010363361431924

0
0
0
0
0
0

0
0

0
0
0
0
0
0

0
0

0
0
0
0
0
0

0
0

0
0
0
0
0
0

0
0

0
0
0
0
0
0

0
0

0
0
0
0
0
0

0
0

0
0
0
0
0
0

0
0

0
0
0
0
0
0

0
0

0
0
0
0
0
0

0
0

0
0
0
0
0
0

0
0

0
0
0
0
0
0

0
0

0
0
0
0
0
0

0
0

0
0
0
0
0
0

0
0

0
0
0
0
0
0

0
0

0
0
0
0
0
0

0
0

0
0
0
0
0
0

0
0

0
0
0
0
0
0

0
0

0
0
0
0
0
0

0
0

0
0
0
0
0
0

0
0

0
0
0
0
0
0

0
0

0
0
0
0
0
0

0
0

0
0
0
0
0
0

0
0

0
0
0
0
0
0

0
0

0
0
0
0
0
0

0
0

0
0
0
0
0
0

0
0

0
0
0
0
0
0

0
0

0
0
0
0
0
0

0
0

0
0
0
0
0
0

0
0

0
0
0
0
0
0

0
0

0
0
0
0
0
0

0
0

0
0
0
0
0
0

0
0

0
0
0
0
0
0

0
0

0
0
0
0
0
0

0
0

0
0
0
0
0
0

0
0

0
0
0
0
0
0

0
0

0
0
0
0
0
0

0
0

0
0
0
0
0
0

0
0

0
0
0
0
0
0

0
0

0
0
0
0
0
0

0
0

0
0
0
0
0
0

0
0

0
0
0
0
0
0

0
0

0
0
0
0
0
0

0
0

0
0
0
0
0
0

0
0

0
0
0
0
0
0

0
0

0
0
0
0
0
0

0
0

0
0
0
0
0
0

0
0

0
0
0
0
0
0

0
0

0
0
0
0
0
0

0
0

0
0
0
0
0
0

0
0

0
0
0
0
0
0

0
0

0
0
0
0
0
0

0
0

0
0
0
0
0
0

0
0

0
0
0
0
0
0

0
0

0
0
0
0
0
0

0
0

0
0
0
0
0
0

0
0

0
0
0
0
0
0

0
0

0
0
0
0
0
0

0
0

0
0
0
0
0
0

0
0

0
0
0
0
0
0

0
0

0
0
0
0
0
0

0
0

0
0
0
0
0
0

0
0

0
0
0
0
0
0

0
0

0
0
0
0
0
0

0
0

0
0
0
0
0
0

0
0

0
0
0
0
0
0

0
0

0
0
0
0
0
0

0
0

0
0
0
0
0
0

0
0

0
0
0
0
0
0

0
0

0
0
0
0
0
0

0
0

0
0
0
0
0
0

0
0

0
0
0
0
0
0

0
0

0
0
0
0
0
0

0
0

0
0
0
0
0
0

0
0

0
0
0
0
0
0

0
0

0
0
0
0
0
0

0
0

0
0
0
0
0
0

0
0

0
0
0
0
0
0

0
0

   2.225887475275689    4.591781119548072   -5.684796988773654  -0.1123749721478022  -0.3439114930436606  -0.6765266099152785
   1.099340632640734   0.6616573171903697  -0.4935905970073178 -0.07819390121515857 -0.03129088835269317  -0.1577400287209154

-3.277160025625952e-08  1.619394525912752e-07  2.917489299266057e-08  4.187768118887003e-09  -0.001183815009732001  -0.003224713903724241
-2.157374742943834e-09  3.055359424265871e-08 -2.278381720264326e-08  1.087756813691033e-07 -0.0003980330536775029     0.1311218645423841

cov:
0.05355964681774412 0.05360677312130407 0.05365961845357188 0.05371861620517811 0.05376347879086037 0.05381653080349431
0.05360677312130407 0.05367352547966332 0.05374849326048921 0.05383343795197864 0.05389624498806771 0.05397124105079493
0.05365961845357188 0.05374849326048921 0.05384844096663751 0.05396267328374297 0.05404573379844935 0.05414549445002025
0.05371861620517811 0.05383343795197864 0.05396267328374297 0.05411199562344608 0.05421805505699408 0.05434691331937183
0.05376347879086037 0.05389624498806771 0.05404573379844935 0.05421805505699408 0.05434182881456907 0.05449024583000175
0.05381653080349431 0.05397124105079493 0.05414549445002025 0.05434691331937183 0.05449024583000175 0.05466405937801159

cov.inverse():
 31166231.72643432 -51904583.64979792  18061026.15159305  235826.0485157721  683864.4690685665   1757878.48651271
-51904583.65252998  109444043.4073911 -62322900.64839954  657468.8990844081   1523512.01698714  2602260.056265517
 18061026.15518794 -62322900.65281054  56283285.79246609 -2089787.514748597 -3799866.040104284 -6131902.443000908
   235826.04856228   657468.899107934 -2089787.514858642  1349152.227854931  26315.07533074392 -178899.0457957721
 683864.4691483772  1523512.016788856 -3799866.039964883  26315.07532270136   1893188.68092011 -326976.8462192334
 1757878.485523562  2602260.058119247 -6131902.443846412  -178899.045827742 -326976.8462063476  2277646.854010741

cov*(cov_.inverse()):
     1.000000000116415  5.820766091346741e-11  1.746229827404022e-10 -1.091393642127514e-11                      0 -4.365574568510056e-11
-1.164153218269348e-10       1.00000000037835 -4.074536263942719e-10 -5.456968210637569e-12                      0                      0
 3.346940502524376e-10 -1.164153218269348e-10     0.9999999997089617 -1.455191522836685e-11 -1.091393642127514e-11                      0
  1.01863406598568e-10  5.820766091346741e-11 -2.328306436538696e-10      1.000000000003638 -1.091393642127514e-11  1.455191522836685e-11
 3.637978807091713e-10 -2.037268131971359e-10 -2.328306436538696e-10  1.818989403545856e-12      1.000000000007276 -1.455191522836685e-11
 -2.91038304567337e-11                      0 -4.656612873077393e-10 -3.637978807091713e-12 -3.637978807091713e-12     0.9999999999708962
