5
1

0.0004116891764552072
0.0007358780971809811
 0.000814666840489703
  0.03360739159084476
   0.5388538565236901

 0.03711910099248814  -0.2041853174516885   0.6050344606021619  -0.7164528263885218   0.2784944838276186
  0.6510853953883876  -0.4162679759358582    -0.49516855544535  -0.1185092859494555   0.3789095287322908
  0.1670827544405396  -0.6903416478222566   0.4318412884995895    0.436063772502613  -0.3447800027675871
 -0.5966695959355358   -0.337185952478888 -0.05501895159587379    0.279266497425307   0.6702791695391715
  0.4367822417499862    0.441320032493851   0.4463489886785017   0.4522272729836614   0.4590435448701164

0.4014130494462709
0.4013366686228317
0.4012828659641708
0.4012120381560382
0.4011053537417065

0.002144562633357503

0
0
0
0
0

0

0
0
0
0
0

0

0
0
0
0
0

0

0
0
0
0
0

0

0
0
0
0
0

0

0
0
0
0
0

0

0
0
0
0
0

0

0
0
0
0
0

0

0
0
0
0
0

0

0
0
0
0
0

0

0
0
0
0
0

0

0
0
0
0
0

0

0
0
0
0
0

0

0
0
0
0
0

0

0
0
0
0
0

0

0
0
0
0
0

0

0
0
0
0
0

0

0
0
0
0
0

0

0
0
0
0
0

0

0
0
0
0
0

0

0
0
0
0
0

0

0
0
0
0
0

0

0
0
0
0
0

0

0
0
0
0
0

0

0
0
0
0
0

0

0
0
0
0
0

0

0
0
0
0
0

0

0
0
0
0
0

0

0
0
0
0
0

0

0
0
0
0
0

0

0
0
0
0
0

0

0
0
0
0
0

0

0
0
0
0
0

0

0
0
0
0
0

0

0
0
0
0
0

0

0
0
0
0
0

0

0
0
0
0
0

0

0
0
0
0
0

0

0
0
0
0
0

0

0
0
0
0
0

0

0
0
0
0
0

0

0
0
0
0
0

0

0
0
0
0
0

0

0
0
0
0
0

0

0
0
0
0
0

0

0
0
0
0
0

0

0
0
0
0
0

0

0
0
0
0
0

0

0
0
0
0
0

0

0
0
0
0
0

0

0
0
0
0
0

0

0
0
0
0
0

0

0
0
0
0
0

0

0
0
0
0
0

0

0
0
0
0
0

0

0
0
0
0
0

0

0
0
0
0
0

0

0
0
0
0
0

0

0
0
0
0
0

0

0
0
0
0
0

0

0
0
0
0
0

0

0
0
0
0
0

0

0
0
0
0
0

0

0
0
0
0
0

0

0
0
0
0
0

0

0
0
0
0
0

0

0
0
0
0
0

0

0
0
0
0
0

0

0
0
0
0
0

0

0
0
0
0
0

0

0
0
0
0
0

0

0
0
0
0
0

0

0
0
0
0
0

0

0
0
0
0
0

0

0
0
0
0
0

0

0
0
0
0
0

0

0
0
0
0
0

0

 5.434713435274303 -8.364250845108378  14.24668070997598 -1.422310323737548 -9.898553712407189

 1.490078526684584e-06 -1.958327180379057e-06  1.037145774372768e-05  -0.009304753785008691   -0.04227933674473025

cov:
0.05579752617150097 0.05619769206295829  0.0566454383428892 0.05716580114945134  0.0577668657127204
0.05619769206295829  0.0566810000120479 0.05721744266137994 0.05784335557941279 0.05856811372914784
 0.0566454383428892 0.05721744266137994 0.05785210418204091 0.05859294176937984 0.05945180081878738
0.05716580114945134 0.05784335557941279 0.05859294176937984  0.0594703985979553 0.06048839947215236
 0.0577668657127204 0.05856811372914784 0.05945180081878738 0.06048839947215236 0.06169328118306187

cov.inverse():
 833332.5427505842 -718827.9917062942 -354106.2092234588 -189763.7532117636  429417.0694096072
-718827.9917046153  1284147.720755862 -797427.2748698944  500560.2451538203 -268348.0263190301
-354106.2092220145 -797427.2748636894  2893617.829957976 -2165488.537788962  423312.9040001896
-189763.7532187695  500560.2451477483 -2165488.537768293  3341076.095023059 -1486530.828608254
 429417.0694134917 -268348.0263174854  423312.9039871663 -1486530.828600659  902249.2337832892

cov*(cov_.inverse()):
                     1  3.637978807091713e-12  3.274180926382542e-11                      0  7.275957614183426e-12
-3.637978807091713e-12      1.000000000009095   2.91038304567337e-11   2.91038304567337e-11  7.275957614183426e-12
-3.637978807091713e-12    1.2732925824821e-11       1.00000000001819                      0                      0
-1.091393642127514e-11  3.637978807091713e-12  2.546585164964199e-11      1.000000000014552                      0
 3.637978807091713e-12 -3.637978807091713e-12  7.275957614183426e-12                      0      1.000000000007276
