5
1

0.0004571549807192509
0.0008221201457481329
0.0009039487052524548
  0.03718395966905853
   0.5433867343635982

 0.03556732426703121  -0.2032427584287381   0.6062073263491887  -0.7161488991832029   0.2776162428065337
  0.6482175205774916  -0.4045680147488846  -0.5012145441566921  -0.1278344187973006   0.3854622024985987
  0.1784338738495233  -0.6975299914300032   0.4231112274282552   0.4339126997655528  -0.3380975035770549
  -0.598231409560363  -0.3388678705311963 -0.05677574932954571   0.2775801424629513   0.6685907012032025
  0.4345452159894598   0.4400427024343613   0.4461502680920309    0.453274915544485    0.461545950599165

0.4013176629887618
0.4012223829407575
0.4011512079377775
0.4010625809550542
0.4009320227301663

0.002675188843373455

 5.402037738473513 -8.387567725097032  14.33248298214858 -1.429123192468218 -9.922400338400507

1.850434821861287e-06 -2.65664087512262e-06 1.275802748406748e-05  -0.01138450642970157  -0.05209923007068347

cov:
    0.0562506709302 0.05674091987048053 0.05729136474971717 0.05792910781316868 0.05866704422219578
0.05674091987048053 0.05733449045360936 0.05799523615778483 0.05876423956348198 0.05965595916114928
0.05729136474971717 0.05799523615778483 0.05877819097416229 0.05969021469110963 0.06074878505243158
0.05792910781316868 0.05876423956348198 0.05969021469110963 0.06077225764806606 0.06202883844138039
0.05866704422219578 0.05965595916114928 0.06074878505243158 0.06202883844138039 0.06351788192844024

cov.inverse():
 666962.6605733413  -574769.265414194 -285112.2598284865 -149847.3903609553  342813.1766492279
-574769.2654114998  1035342.527905358 -650689.0720243388  402498.3364883371 -212259.4607427799
-285112.2598365741 -650689.0720120951  2349169.943303903 -1757822.029867572  344322.1398546484
-149847.3903528924  402498.3364743513 -1757822.029862221  2708682.389249803 -1203616.811280332
   342813.17664656 -212259.4607383447  344322.1398534521 -1203616.811280903  728826.3649719248

cov*(cov_.inverse()):
                     1  7.275957614183426e-12  3.637978807091713e-12 -1.455191522836685e-11 -7.275957614183426e-12
 1.091393642127514e-11      1.000000000005457  2.182787284255028e-11                      0                      0
-3.637978807091713e-12  5.456968210637569e-12      0.999999999996362                      0                      0
-3.637978807091713e-12  3.637978807091713e-12                      0     0.9999999999854481  7.275957614183426e-12
 7.275957614183426e-12  9.094947017729282e-12  3.637978807091713e-12                      0                      1
