5
1

0.001206503809254181
0.001515503821633607
0.002509585845073226
 0.07692804246017254
  0.5628845179769437

0.007505826602050203   0.5670054174508331  -0.7100252061288097  -0.2196718927155483   0.3550450469460693
-0.07118529625687961   0.1106935507697725   0.4847520339378263  -0.8145544121256354   0.2901657572743565
   0.464921936338248  -0.6662442502998905  -0.2379267535095329 -0.08560697274099445   0.5253841434953732
 -0.7865848149897972  -0.1759000560142376  0.03776295855439674   0.2568043547222038   0.5319482883500863
   0.400010297495953   0.4375266433440494     0.45038260532631   0.4636467824230683   0.4803637873835925

0.3995616438170078
0.3997324808306308
0.3997489830972004
0.3997902198757021
0.3997612235566304

8.143100130366522e-05

0
0
0
0
0

0

0
0
0
0
0

0

0
0
0
0
0

0

0
0
0
0
0

0

0
0
0
0
0

0

0
0
0
0
0

0

0
0
0
0
0

0

0
0
0
0
0

0

0
0
0
0
0

0

0
0
0
0
0

0

0
0
0
0
0

0

0
0
0
0
0

0

0
0
0
0
0

0

0
0
0
0
0

0

0
0
0
0
0

0

0
0
0
0
0

0

0
0
0
0
0

0

0
0
0
0
0

0

0
0
0
0
0

0

0
0
0
0
0

0

0
0
0
0
0

0

0
0
0
0
0

0

0
0
0
0
0

0

0
0
0
0
0

0

0
0
0
0
0

0

0
0
0
0
0

0

0
0
0
0
0

0

0
0
0
0
0

0

0
0
0
0
0

0

0
0
0
0
0

0

0
0
0
0
0

0

0
0
0
0
0

0

0
0
0
0
0

0

0
0
0
0
0

0

0
0
0
0
0

0

0
0
0
0
0

0

0
0
0
0
0

0

0
0
0
0
0

0

0
0
0
0
0

0

0
0
0
0
0

0

0
0
0
0
0

0

0
0
0
0
0

0

0
0
0
0
0

0

0
0
0
0
0

0

0
0
0
0
0

0

0
0
0
0
0

0

0
0
0
0
0

0

0
0
0
0
0

0

0
0
0
0
0

0

0
0
0
0
0

0

0
0
0
0
0

0

0
0
0
0
0

0

0
0
0
0
0

0

0
0
0
0
0

0

0
0
0
0
0

0

0
0
0
0
0

0

0
0
0
0
0

0

0
0
0
0
0

0

0
0
0
0
0

0

0
0
0
0
0

0

0
0
0
0
0

0

0
0
0
0
0

0

0
0
0
0
0

0

0
0
0
0
0

0

0
0
0
0
0

0

0
0
0
0
0

0

0
0
0
0
0

0

0
0
0
0
0

0

0
0
0
0
0

0

0
0
0
0
0

0

0
0
0
0
0

0

0
0
0
0
0

0

0
0
0
0
0

0

0
0
0
0
0

0

0
0
0
0
0

0

0
0
0
0
0

0

0
0
0
0
0

0

 2.476210259923127  1.230596394855431 -5.638682000756665  7.363462428004684 -5.429952068479783

 1.709697352696574e-06  -2.37643538931143e-05 -1.140076879666395e-05   -0.01997079800018818   -0.06493382223867278

cov:
0.05435973224182169 0.05626846880978006 0.05690440733039098 0.05756653122676401 0.05840605903148467
0.05626846880978006 0.06083874496639961 0.06239573760863094 0.06400591197164898 0.06603509186210858
0.05690440733039098 0.06239573760863094 0.06427911107632334  0.0662186621345206 0.06866536720385258
0.05756653122676401 0.06400591197164898  0.0662186621345206 0.06850226768320759 0.07137358834576422
0.05840605903148467 0.06603509186210858 0.06866536720385258 0.07137358834576422 0.07478709875152725

cov.inverse():
 36670.75325211709 -49665.58664660371  -36253.7637133897  17760.43384485365   31551.2908058958
-49665.58664679893  296680.2652433037 -228037.2036084689 -115775.5711458061  96688.31943736806
-36253.76371311162 -228037.2036095606  457630.9807500618 -61533.67363592357 -131782.3964055124
  17760.4338448559 -115775.5711447797  -61533.6736373997  323211.8215468809  -163606.048098524
 31551.29080581063  96688.31943723856 -131782.3964048506 -163606.0480989712  167133.4891624752

cov*(cov_.inverse()):
    0.9999999999995453  1.818989403545856e-12  1.818989403545856e-12 -1.818989403545856e-12 -1.818989403545856e-12
-9.094947017729282e-13     0.9999999999954525  3.637978807091713e-12                      0 -1.818989403545856e-12
-4.547473508864641e-13                      0                      1                      0  1.818989403545856e-12
                     0 -9.094947017729282e-13                      0      1.000000000001819 -1.818989403545856e-12
-9.094947017729282e-13  9.094947017729282e-13                      0  1.818989403545856e-12                      1
