5
1

0.001312592360602595
0.001662881820392847
0.002802695408787338
 0.08431535179196277
  0.5730906910229768

 0.01178094677403176   0.5600386900008169  -0.7310128550180107  -0.1842761979185845   0.3433370991814944
-0.07190651613762926   0.1368793173011998   0.4539972932003729  -0.8231331037706706    0.304026078940118
  0.4646415480178818  -0.6672865332570287  -0.2350130338462588 -0.08712720986204608   0.5253709523883053
  -0.791298958564296  -0.1809236158817121  0.03244460356289587   0.2512959620834759   0.5262226625027984
  0.3906979040904411   0.4354492461210943    0.450802490218471   0.4666405094928299   0.4865828310832641

0.3992873222705573
0.3997355147554688
0.3998691490547111
0.4000177327035748
0.4001338772502444

-0.001551442950981802

 2.526459707599095  1.339664382432906  -6.06804848849712  7.615016308093419 -5.410860543094816

 3.367980980746702e-06 -2.949444199483497e-05 -1.414040385682596e-05   -0.02397275040292532   -0.08027221716483393

cov:
0.05458668627949292 0.05689132063701115 0.05766262465260313  0.0584646055264958 0.05947901322877155
0.05689132063701115 0.06251294929329779 0.06443088120315829 0.06641375174024844  0.0689099348003778
0.05766262465260313 0.06443088120315829  0.0667544975416432 0.06914736258395575 0.07216302254473728
 0.0584646055264958 0.06641375174024844 0.06914736258395575 0.07196830549635028 0.07551266755336902
0.05947901322877155  0.0689099348003778 0.07216302254473728 0.07551266755336902  0.0797319232504196

cov.inverse():
 29523.25391565973 -39180.37132465017 -30708.92036415365  14963.83286903434  25460.22115450521
-39180.37132475988  245510.4620146614 -195182.7936009512 -93250.47971943006  82010.72339333002
-30708.92036404346 -195182.7936009427  391734.2537218937 -54349.68180964737 -111474.4020292775
 14963.83286911898  -93250.4797199715 -54349.68180909788  265714.5166792581 -133032.3382601731
 25460.22115442019  82010.72339375319 -111474.4020297083 -133032.3382600806  137024.8407598483

cov*(cov_.inverse()):
    0.9999999999984084  1.818989403545856e-12 -1.818989403545856e-12 -9.094947017729282e-13                      0
-6.821210263296962e-13      0.999999999998181 -1.818989403545856e-12  1.818989403545856e-12                      0
-6.821210263296962e-13 -2.728484105318785e-12     0.9999999999990905                      0 -1.818989403545856e-12
-4.547473508864641e-13 -3.637978807091713e-12  1.818989403545856e-12                      1 -1.818989403545856e-12
-4.547473508864641e-13                      0 -1.818989403545856e-12                      0                      1
