5
1

0.001827220519169547
0.001887279677810454
0.001974042535954504
  0.1177894959986447
  0.5763000831582907

  0.4935144690868372  -0.3343981057162909   -0.506148356219299   0.5786154695154921   -0.231601717673168
  0.4979714066899341    -0.21743046230547  -0.2723688355914068  -0.5655153556562146   0.5574549955794497
 -0.1612065294329047   0.7172211919742942  -0.6697808202586528 0.007962199167892772   0.1045775924815047
   -0.57478030845501  -0.3993461082642482  -0.1913128130764555   0.3331185798042049   0.6021475750748865
   0.390010254739215   0.4086787840739448   0.4294439652172359   0.4841127308055759   0.5119437442303211

0.3989990367140061
0.3993382642733722
0.3991009848378456
0.3989717295179015
0.3989134790499989

0.0003498946441874782

 1.440917940878702 0.7161224145363958 0.2756869416557571 -0.889062299703856 -1.541141216800208

 5.829802752865945e-07  4.644693605403372e-07 -2.788767158408648e-07   -0.03317488430360765   -0.08181988862347277

cov:
0.05510388531565803 0.05611981465527213 0.05715103255986623 0.06005097944384626 0.06151112306437814
0.05611981465527213 0.05768562500941366 0.05934781959957374 0.06386327965959268 0.06615051751201503
0.05715103255986623 0.05934781959957374 0.06176128131108771 0.06816322249629285 0.07141862795818996
0.06005097944384626 0.06386327965959268 0.06816322249629285 0.07937963510423877 0.08509400389796945
0.06151112306437814 0.06615051751201503 0.07141862795818996 0.08509400389796945 0.09207652187881113

cov.inverse():
 149262.2527316911 -109480.8322399479 -85179.30733915385   6121.77770452093  39351.91647641359
-109480.8322397958  178783.1877184775 -55947.30159249117 -21974.29423224161   8397.89270969194
-85179.30733920202 -55947.30159240159  212682.8782760609 -45845.58988368825 -25499.62460006573
  6121.77770409615 -21974.29423184045 -45845.58988356469  190088.8206568882  -128416.408043889
 39351.91647673413  8397.892709353462 -25499.62460014776 -128416.4080437887  106145.5059732043

cov*(cov_.inverse()):
    0.9999999999990905 -9.094947017729282e-13  2.273736754432321e-12                      0 -9.094947017729282e-13
-4.547473508864641e-13     0.9999999999993179  1.591615728102624e-12                      0                      0
                     0 -1.818989403545856e-12      1.000000000002274  1.818989403545856e-12  1.818989403545856e-12
-4.547473508864641e-13                      0                      0      1.000000000001819                      0
 9.094947017729282e-13 -6.821210263296962e-13                      0  1.818989403545856e-12                      1
