5
1

0.001634483433883282
0.001688420581904768
0.001773676622788469
  0.1075013530098792
  0.5636314591697681

 0.4984064265001935   -0.32725099966539 -0.5196094731378319  0.5703235961588884 -0.2218891802930648
  0.486326097854632 -0.1945354774815317 -0.2813033629918172 -0.5737543983587094  0.5633091361588667
-0.1803476909565196  0.7271376154820705 -0.6555615636925862 0.01403982562949668 0.09374176242702699
-0.5678516825837449  -0.391930837608205 -0.1838054244599944  0.3416447306653665  0.6110884789179152
 0.4001214034793139  0.4156005749536628  0.4328152210157721  0.4781408237468447  0.5012298491707039

0.3993149057559082
0.3995973931053776
0.3994215744073093
0.3993351652139009
0.3992961585062701

0.0002444625785247376

0
0
0
0
0

0

0
0
0
0
0

0

0
0
0
0
0

0

0
0
0
0
0

0

0
0
0
0
0

0

0
0
0
0
0

0

0
0
0
0
0

0

0
0
0
0
0

0

0
0
0
0
0

0

0
0
0
0
0

0

0
0
0
0
0

0

0
0
0
0
0

0

0
0
0
0
0

0

0
0
0
0
0

0

0
0
0
0
0

0

0
0
0
0
0

0

0
0
0
0
0

0

0
0
0
0
0

0

0
0
0
0
0

0

0
0
0
0
0

0

0
0
0
0
0

0

0
0
0
0
0

0

0
0
0
0
0

0

0
0
0
0
0

0

0
0
0
0
0

0

0
0
0
0
0

0

0
0
0
0
0

0

0
0
0
0
0

0

0
0
0
0
0

0

0
0
0
0
0

0

0
0
0
0
0

0

0
0
0
0
0

0

0
0
0
0
0

0

0
0
0
0
0

0

0
0
0
0
0

0

0
0
0
0
0

0

0
0
0
0
0

0

0
0
0
0
0

0

0
0
0
0
0

0

0
0
0
0
0

0

0
0
0
0
0

0

0
0
0
0
0

0

0
0
0
0
0

0

0
0
0
0
0

0

0
0
0
0
0

0

0
0
0
0
0

0

0
0
0
0
0

0

0
0
0
0
0

0

0
0
0
0
0

0

0
0
0
0
0

0

0
0
0
0
0

0

0
0
0
0
0

0

0
0
0
0
0

0

0
0
0
0
0

0

0
0
0
0
0

0

0
0
0
0
0

0

0
0
0
0
0

0

0
0
0
0
0

0

0
0
0
0
0

0

0
0
0
0
0

0

0
0
0
0
0

0

0
0
0
0
0

0

0
0
0
0
0

0

0
0
0
0
0

0

0
0
0
0
0

0

0
0
0
0
0

0

0
0
0
0
0

0

0
0
0
0
0

0

0
0
0
0
0

0

0
0
0
0
0

0

0
0
0
0
0

0

0
0
0
0
0

0

0
0
0
0
0

0

0
0
0
0
0

0

0
0
0
0
0

0

0
0
0
0
0

0

0
0
0
0
0

0

   1.42656864768895  0.7277906041760972  0.2838481205492607 -0.8955202692876694  -1.540749436719264

 4.180684053813029e-07  3.370729151298079e-07 -2.238638847513518e-07   -0.02767768227867929   -0.06491156972748581

cov:
0.05458763693029158 0.05539818445856923 0.05622095640050562 0.05853477830498964 0.05970191971613838
0.05539818445856923 0.05664823672765874 0.05797543229847712  0.0615804741108906 0.06340871110976916
0.05622095640050562 0.05797543229847712 0.05990349074220724 0.06501682465536815 0.06761917781904345
0.05853477830498964  0.0615804741108906 0.06501682465536815  0.0739783687711859 0.07854626177131117
0.05970191971613838 0.06340871110976916 0.06761917781904345 0.07854626177131117 0.08412789772237229

cov.inverse():
 186315.6297191264 -135904.3714941738 -107337.0259667235  7699.880363412241  49298.33030823082
-135904.3714942674  221443.3798888047 -68671.25548008982 -27475.02607260089  10387.36284370255
-107337.0259668479 -68671.25548011424  265433.3581181451 -57241.41653990865 -31971.60418465516
 7699.880364127147 -27475.02607293788 -57241.41654054387  237302.7746887821 -160305.5627151239
 49298.33030773385  10387.36284397044  -31971.6041841688 -160305.5627153812  132565.3241662497

cov*(cov_.inverse()):
     1.000000000000909  6.821210263296962e-13 -2.501110429875553e-12                      0                      0
 2.273736754432321e-12      1.000000000000909 -2.046363078989089e-12                      0                      0
 4.547473508864641e-13  7.958078640513122e-13     0.9999999999977263                      0 -1.818989403545856e-12
 2.273736754432321e-12   1.13686837721616e-12 -3.637978807091713e-12                      1                      0
                     0  1.023181539494544e-12 -4.547473508864641e-13                      0                      1
