5
2

0.3191384600387489
 1.312095538145492
 1.459455686502894
 5.925954843279674
 9.454998687060765

  0.4867975524301784  -0.8475994068215371  0.09837494339095415   0.1477515258451645   0.1144344599629764
  0.2254020638857601   0.1202314732981544   -0.858187042827815   0.4305309311986973   0.1135624023531926
 -0.1941044702897842 -0.05348501005953467   0.2066305908068906   0.7005893462261752  -0.6526416897575804
 -0.5268553421704121   -0.112034601238247   0.1618881367130415   0.4461994788480586    0.696110589503697
  0.6300547242772225   0.5017043354493275   0.4300388356528418   0.3207696945188398   0.2519865216949879

 26.5831012126378
62.45503334798463
84.80866797107198
 110.054766284143
130.0981338670522

  1.25750167611468
-1.218623828907924

 -0.03483119741137847   0.03459652324992453  8.48123722020401e-05  5.43756593096975e-05 7.962350118134991e-05
    1.767738188457906   -0.7595947295028531 -0.003747741470861377 -0.001342647601436125 -0.002394900876187017

-0.004710965103042457   -0.0064245869576048    0.0104671929638504    0.5115981325442757   -0.4035698884712713
   0.1531327020408976    0.5328178656291204   -0.6446498938380362    -29.81829783604902     65.26284874467997

cov:
45.42732750070245 30.35805642311626 20.81318407757864 9.696711338007523 1.633590895792409
30.35805642311626 23.04680232745621 18.44102560848349 12.62785614259737 8.651075043861898
20.81318407757864 18.44102560848349 18.81268558106585 14.54211922062606 13.19093516003888
9.696711338007523 12.62785614259737 14.54211922062606 17.55671084645472 17.24537745818283
1.633590895792409 8.651075043861898 13.19093516003888 17.24537745818283 23.62386967999439

cov.inverse():
     2.386234136146545     -4.025340301254182     0.3396041660178568     0.6942815262385468     0.6126238987510927
    -4.025340301254182      7.066710362733245    -0.8819100649602311     -1.216749513072767    -0.9288215512953099
    0.3396041660178562    -0.8819100649602298     0.5456714167628185 -0.0003378461574171447  -0.004969300718278435
    0.6942815262385486      -1.21674951307277 -0.0003378461574164279      0.559260729282653   -0.01050575133661426
    0.6126238987510919    -0.9288215512953083  -0.004969300718278535   -0.01050575133661484     0.3505460198558185

cov*(cov_.inverse()):
    0.9999999999999829  2.686739719592879e-14 -7.754213937616328e-16  1.665334536937735e-15                      0
  -1.4210854715202e-14     0.9999999999999876  4.371503159461554e-16  1.137978600240785e-15 -8.881784197001252e-16
 -1.06581410364015e-14   1.06581410364015e-14     0.9999999999999992  3.191891195797325e-15  -1.77635683940025e-15
-8.881784197001252e-15    1.4210854715202e-14   1.02695629777827e-15                      1 -8.881784197001252e-16
-5.329070518200751e-15   1.06581410364015e-14  4.718447854656915e-16  2.164934898019055e-15                      1
