5
2

0.3191732387373934
 1.312129064046728
 1.459745148236375
 5.926983593789234
 9.455341890919287

  0.4867982122292542  -0.8476047777396205  0.09837149107713038   0.1477559744033416   0.1143890864320216
  0.2253924159770975   0.1202210297768882  -0.8581781464961808    0.430584783883723   0.1134556106306732
 -0.1941934007230509 -0.05346378475979217   0.2067679219822021   0.7006181535596497  -0.6525425474071436
 -0.5269089223986611  -0.1121317593760934   0.1617510344422841   0.4460638877500097    0.696173158731434
  0.6299854522151349   0.5016783202518663   0.4300429605465654   0.3208210199845713   0.2521390850442715

26.58272102995532
62.45502489894517
84.80840663350953
110.0543841730915
130.0973992518977

  1.25750167611468
-1.218623828907924

0
0
0
0
0

0
0

0
0
0
0
0

0
0

0
0
0
0
0

0
0

0
0
0
0
0

0
0

0
0
0
0
0

0
0

0
0
0
0
0

0
0

0
0
0
0
0

0
0

0
0
0
0
0

0
0

0
0
0
0
0

0
0

0
0
0
0
0

0
0

0
0
0
0
0

0
0

0
0
0
0
0

0
0

0
0
0
0
0

0
0

0
0
0
0
0

0
0

0
0
0
0
0

0
0

0
0
0
0
0

0
0

0
0
0
0
0

0
0

0
0
0
0
0

0
0

0
0
0
0
0

0
0

0
0
0
0
0

0
0

0
0
0
0
0

0
0

0
0
0
0
0

0
0

0
0
0
0
0

0
0

0
0
0
0
0

0
0

0
0
0
0
0

0
0

0
0
0
0
0

0
0

0
0
0
0
0

0
0

0
0
0
0
0

0
0

0
0
0
0
0

0
0

0
0
0
0
0

0
0

0
0
0
0
0

0
0

0
0
0
0
0

0
0

0
0
0
0
0

0
0

0
0
0
0
0

0
0

0
0
0
0
0

0
0

0
0
0
0
0

0
0

0
0
0
0
0

0
0

0
0
0
0
0

0
0

0
0
0
0
0

0
0

0
0
0
0
0

0
0

0
0
0
0
0

0
0

0
0
0
0
0

0
0

0
0
0
0
0

0
0

0
0
0
0
0

0
0

0
0
0
0
0

0
0

0
0
0
0
0

0
0

0
0
0
0
0

0
0

0
0
0
0
0

0
0

0
0
0
0
0

0
0

0
0
0
0
0

0
0

0
0
0
0
0

0
0

0
0
0
0
0

0
0

0
0
0
0
0

0
0

0
0
0
0
0

0
0

0
0
0
0
0

0
0

0
0
0
0
0

0
0

0
0
0
0
0

0
0

0
0
0
0
0

0
0

0
0
0
0
0

0
0

0
0
0
0
0

0
0

0
0
0
0
0

0
0

0
0
0
0
0

0
0

0
0
0
0
0

0
0

0
0
0
0
0

0
0

0
0
0
0
0

0
0

0
0
0
0
0

0
0

0
0
0
0
0

0
0

0
0
0
0
0

0
0

0
0
0
0
0

0
0

0
0
0
0
0

0
0

0
0
0
0
0

0
0

0
0
0
0
0

0
0

0
0
0
0
0

0
0

0
0
0
0
0

0
0

0
0
0
0
0

0
0

0
0
0
0
0

0
0

0
0
0
0
0

0
0

 -0.03482900760839577   0.03459244333996976 8.548720150212746e-05 5.524079261529482e-05 7.974431950818258e-05
    1.767619711149147   -0.7593822786733841 -0.003782216647244818 -0.001385761782023237 -0.002404288034556085

-0.004711531500617386 -0.006425293892761225   0.01048053512024851    0.5117186465891382   -0.4034687433842718
   0.1531413022165358    0.5328447874256496   -0.6453183360461381    -29.82911216378234     65.25844744769424

cov:
45.42757607365187 30.35826154379684  20.8135763062523  9.69749513730528 1.634860702020317
30.35826154379684 23.04703177140429 18.44136797818042 12.62885966730482 8.654546320901884
 20.8135763062523 18.44136797818042 18.81315953487263 14.54330230644577 13.19586348407348
 9.69749513730528 12.62885966730482 14.54330230644577 17.55909787853149 17.25254338799049
1.634860702020317 8.654546320901884 13.19586348407348 17.25254338799049 23.64016967160142

cov.inverse():
     2.385736135985986      -4.02449289689337     0.3394860146236637     0.6941486852280334     0.6122702471226062
    -4.024492896893367      7.065259102303147    -0.8816986693257064     -1.216513762931288    -0.9282672434519775
    0.3394860146236605    -0.8816986693257014     0.5456303749457563 -0.0003652421712796252  -0.004994589938143383
    0.6941486852280324     -1.216513762931287 -0.0003652421712790671     0.5591707949232475   -0.01052278447533217
    0.6122702471226081    -0.9282672434519815  -0.004994589938142068   -0.01052278447533135     0.3502600923903996

cov*(cov_.inverse()):
    0.9999999999999851   -1.4210854715202e-14 -7.771561172376096e-16  1.484923295436147e-15 -1.887379141862766e-15
-1.154631945610163e-14     0.9999999999999609 -1.144917494144693e-15  1.110223024625157e-16   1.77635683940025e-15
 -1.77635683940025e-14 -1.598721155460225e-14                      1   6.38378239159465e-16  -1.77635683940025e-15
                     0  -1.06581410364015e-14  9.853229343548264e-16      1.000000000000002 -2.664535259100376e-15
 3.552713678800501e-15                      0 -1.665334536937735e-16 -2.081668171172169e-15     0.9999999999999982
