5
2

0.03584333690763937
 0.7572300742294751
  2.459376845397221
   8.21492816023121
  21.88577949710528

  -0.4331122990154448    0.8159330485593742   -0.3829712589645407 9.326584286889909e-05 5.309198792709155e-05
  -0.5326870125274598   0.09077608965199924    0.7957675054958931   -0.1228272126216396   -0.2442781227791472
   0.1555021650823745    0.1267796623331968   0.09409840976537324   -0.8652864856742877    0.4496340521606917
  -0.6829376278099788   -0.4777131465039686   -0.2453541192456953    0.0371720525015573    0.4937670917148568
   0.1951244636177096    0.2858846422808626    0.3886308498469408    0.4845730113856359    0.7031013256919271

41.96549436158104
68.03555545381445
97.52972563570688
132.1849503717584
185.8735304908778

  1.94785205477021
-1.098568691959591

  -0.04085700873034671    0.01082402516987058    0.03003956098093837  2.399769164461874e-06 -2.680453365725734e-06
     1.750878641188838    0.04987355482270741    -0.8007787193544519 -5.991335270861403e-05 -5.585860381046581e-07

 1.930080391731477e-05    0.02674980633638213    -0.0130508856394449      1.036600327734595       3.25510171292764
-0.0005279766205018847    -0.8975785919464547      1.229594226457833     -69.04356482270461       21.3918620515394

cov:
50.02123791666628  48.8273359992976 47.47583164585519 42.79970883446204 43.45410568825086
 48.8273359992976  54.6512002060015 61.24023773195108  64.4867734069424 80.69303995391601
47.47583164585519 61.24023773195108 76.82269955174283 89.03889261079642 122.8505771578536
42.79970883446204  64.4867734069424 89.03889261079642 117.1020606726672 162.0954598819342
43.45410568825086 80.69303995391601 122.8505771578536 162.0954598819342   254.49840712439

cov.inverse():
   146.5163811032993   -275.1429188548924    128.3728032890603  0.06024046125857945   0.2158856496943803
  -275.1429188548948    518.2143412920001   -243.0926290451417  0.02167676064148131 0.001394921333779253
   128.3728032890636   -243.0926290451459    115.2674503615515    -0.21146619883678  -0.3490679107278489
 0.06024046125802562  0.02167676064252647   -0.211466198837272   0.1506137084132979 -0.01100954959881299
  0.2158856496938734 0.001394921334733023  -0.3490679107282951 -0.01100954959881371   0.1421388622150343

cov*(cov_.inverse()):
     1.000000000000197  1.775794788994034e-12  2.344791028008331e-13  3.885780586188048e-16   1.77635683940025e-15
-1.765698698363849e-12      1.000000000001682 -4.298783551348606e-13  -3.33066907387547e-16   1.77635683940025e-15
 1.293187779083382e-12  1.426303519735939e-12     0.9999999999987566 -2.220446049250313e-16  3.552713678800501e-15
  -2.1245227799227e-12  5.070749375946093e-12 -2.017941369558685e-12      1.000000000000002  7.105427357601002e-15
-7.531752999057062e-13 -1.249778058820539e-12  6.252776074688882e-13  1.332267629550188e-15      1.000000000000007
