5
2

0.03580725589647216
 0.7572447067330387
  2.460354806828668
  8.215988627045645
  21.89297268526507

  -0.4331102631510966    0.8159316902791376    -0.382976453978102 9.512602689912828e-05 5.831651221609502e-05
  -0.5327086072640792   0.09078476334112243    0.7957925542997797   -0.1227985420422723   -0.2441605928178962
   0.1555953435894172    0.1268354618428553   0.09411294530280423   -0.8652736831012993    0.4496076751248194
   -0.682930850955547   -0.4777739582455974    -0.245483097946888   0.03697598577563438    0.4936682314406983
   0.1950194389448847    0.2857593637744356    0.3884894443459455    0.4846181371260928    0.7032284246594894

41.96491778711384
 68.0355025294504
97.52975926385579
132.1853306731502
185.8741969569432

  1.94785205477021
-1.098568691959591

0
0
0
0
0

0
0

0
0
0
0
0

0
0

0
0
0
0
0

0
0

0
0
0
0
0

0
0

0
0
0
0
0

0
0

0
0
0
0
0

0
0

0
0
0
0
0

0
0

0
0
0
0
0

0
0

0
0
0
0
0

0
0

0
0
0
0
0

0
0

0
0
0
0
0

0
0

0
0
0
0
0

0
0

0
0
0
0
0

0
0

0
0
0
0
0

0
0

0
0
0
0
0

0
0

0
0
0
0
0

0
0

0
0
0
0
0

0
0

0
0
0
0
0

0
0

0
0
0
0
0

0
0

0
0
0
0
0

0
0

0
0
0
0
0

0
0

0
0
0
0
0

0
0

0
0
0
0
0

0
0

0
0
0
0
0

0
0

0
0
0
0
0

0
0

0
0
0
0
0

0
0

0
0
0
0
0

0
0

0
0
0
0
0

0
0

0
0
0
0
0

0
0

0
0
0
0
0

0
0

0
0
0
0
0

0
0

0
0
0
0
0

0
0

0
0
0
0
0

0
0

0
0
0
0
0

0
0

0
0
0
0
0

0
0

0
0
0
0
0

0
0

0
0
0
0
0

0
0

0
0
0
0
0

0
0

0
0
0
0
0

0
0

0
0
0
0
0

0
0

0
0
0
0
0

0
0

0
0
0
0
0

0
0

0
0
0
0
0

0
0

0
0
0
0
0

0
0

0
0
0
0
0

0
0

0
0
0
0
0

0
0

0
0
0
0
0

0
0

0
0
0
0
0

0
0

0
0
0
0
0

0
0

0
0
0
0
0

0
0

0
0
0
0
0

0
0

0
0
0
0
0

0
0

0
0
0
0
0

0
0

0
0
0
0
0

0
0

0
0
0
0
0

0
0

0
0
0
0
0

0
0

0
0
0
0
0

0
0

0
0
0
0
0

0
0

0
0
0
0
0

0
0

0
0
0
0
0

0
0

0
0
0
0
0

0
0

0
0
0
0
0

0
0

0
0
0
0
0

0
0

0
0
0
0
0

0
0

0
0
0
0
0

0
0

0
0
0
0
0

0
0

0
0
0
0
0

0
0

0
0
0
0
0

0
0

0
0
0
0
0

0
0

0
0
0
0
0

0
0

0
0
0
0
0

0
0

0
0
0
0
0

0
0

0
0
0
0
0

0
0

0
0
0
0
0

0
0

0
0
0
0
0

0
0

0
0
0
0
0

0
0

0
0
0
0
0

0
0

  -0.04086407680020344    0.01084121946515733     0.0300279632488817  2.900330557005504e-06 -1.669896003486833e-06
     1.751303965540769    0.04891136090881456    -0.8001899825667568 -7.303742696396914e-05 -4.066126110735535e-05

 1.928924826111979e-05    0.02674941635486897   -0.01307794668782968      1.036541713450493      3.256604126202437
-0.0005284362724833606    -0.8975510358688562      1.231463105988001     -69.05352329848184      21.37009598016025

cov:
50.02140114240861  48.8272859159603 47.47579399175512 42.81679352650337  43.4732387146792
 48.8272859159603 54.65067362874424 61.23983893182282 64.51253391566381 80.72898967828968
47.47579399175512 61.23983893182282 76.82300940731039 89.07607140089067 122.9081401846498
42.81679352650337 64.51253391566381 89.07607140089067 117.1994744671569 162.2393077380255
 43.4732387146792 80.72898967828968 122.9081401846498 162.2393077380255 254.7382109528202

cov.inverse():
   146.8094280966594    -275.695791527165    128.6342448919884  0.05952898658157044   0.2139751622832543
   -275.695791527162    519.2574517617541   -243.5859292511459  0.02299113617571594 0.004800879417751275
   128.6342448919843   -243.5859292511409    115.5007624899578  -0.2120281196501153  -0.3505005340285221
 0.05952898658184028  0.02299113617520818  -0.2120281196498775   0.1504981989882689 -0.01099446681077638
  0.2139751622840973 0.004800879416163539  -0.3505005340277773 -0.01099446681077649    0.142002017939454

cov*(cov_.inverse()):
    0.9999999999993747  1.755567913264144e-12  3.606004383982508e-13 -2.775557561562891e-16  -1.77635683940025e-15
 1.481481604059809e-12      0.999999999999621  1.591615728102624e-12  1.998401444325282e-15                      0
-2.028599510595086e-12  5.519029677714116e-12     0.9999999999996163 -2.442490654175344e-15 -3.552713678800501e-15
-9.023892744153272e-13  4.073075210442312e-12  4.831690603168681e-13      1.000000000000003 -3.552713678800501e-15
-1.101341240428155e-12  1.224798040766473e-12   1.84741111297626e-12  4.440892098500626e-16      1.000000000000007
