5
2

 0.000105222041638644
0.0001405593750924541
0.0001540309499258945
 0.008278840088035868
   0.5752732823649394

 0.04378547605508299  0.06397106783988006   0.4544706129285816  -0.8420931831524417   0.2798679464293166
 -0.5374889361181117 -0.06079362345239269    0.721852117224869   0.2371327177388914  -0.3607039976682966
  0.4745574064176407  -0.8367921460927532   0.2537353514907786   0.1006528594003017 0.007845097197663617
 -0.5332640208885937  -0.3036634168343459 -0.08982820816391711   0.1562106850391442   0.7687308555013785
   0.446780961632367   0.4469667452293613   0.4471411938797456    0.447341445475489   0.4478368953956612

0.4037350366341317
0.4039418508422761
0.4039582799233858
0.4039816866317454
0.4040327106092458

-0.0005863109686506419
    0.4038472984652013

0
0
0
0
0

0
0

0
0
0
0
0

0
0

0
0
0
0
0

0
0

0
0
0
0
0

0
0

0
0
0
0
0

0
0

0
0
0
0
0

0
0

0
0
0
0
0

0
0

0
0
0
0
0

0
0

0
0
0
0
0

0
0

0
0
0
0
0

0
0

0
0
0
0
0

0
0

0
0
0
0
0

0
0

0
0
0
0
0

0
0

0
0
0
0
0

0
0

0
0
0
0
0

0
0

0
0
0
0
0

0
0

0
0
0
0
0

0
0

0
0
0
0
0

0
0

0
0
0
0
0

0
0

0
0
0
0
0

0
0

0
0
0
0
0

0
0

0
0
0
0
0

0
0

0
0
0
0
0

0
0

0
0
0
0
0

0
0

0
0
0
0
0

0
0

0
0
0
0
0

0
0

0
0
0
0
0

0
0

0
0
0
0
0

0
0

0
0
0
0
0

0
0

0
0
0
0
0

0
0

0
0
0
0
0

0
0

0
0
0
0
0

0
0

0
0
0
0
0

0
0

0
0
0
0
0

0
0

0
0
0
0
0

0
0

0
0
0
0
0

0
0

0
0
0
0
0

0
0

0
0
0
0
0

0
0

0
0
0
0
0

0
0

0
0
0
0
0

0
0

0
0
0
0
0

0
0

0
0
0
0
0

0
0

0
0
0
0
0

0
0

0
0
0
0
0

0
0

0
0
0
0
0

0
0

0
0
0
0
0

0
0

0
0
0
0
0

0
0

0
0
0
0
0

0
0

0
0
0
0
0

0
0

0
0
0
0
0

0
0

0
0
0
0
0

0
0

0
0
0
0
0

0
0

0
0
0
0
0

0
0

0
0
0
0
0

0
0

0
0
0
0
0

0
0

0
0
0
0
0

0
0

0
0
0
0
0

0
0

0
0
0
0
0

0
0

0
0
0
0
0

0
0

0
0
0
0
0

0
0

0
0
0
0
0

0
0

0
0
0
0
0

0
0

0
0
0
0
0

0
0

0
0
0
0
0

0
0

0
0
0
0
0

0
0

0
0
0
0
0

0
0

0
0
0
0
0

0
0

0
0
0
0
0

0
0

0
0
0
0
0

0
0

0
0
0
0
0

0
0

0
0
0
0
0

0
0

0
0
0
0
0

0
0

0
0
0
0
0

0
0

0
0
0
0
0

0
0

0
0
0
0
0

0
0

0
0
0
0
0

0
0

0
0
0
0
0

0
0

 -1.120324218067422   1.409367346180442   3.904201782611527    5.86216776923858  -10.05545466516762
 0.8776256391523897  0.7839628712998754 -0.2878833808348877  0.7498934370985368  -1.123485704839348

-6.571307950153634e-08  1.650078141478413e-07 -4.963707625039105e-09 -0.0004794629912939962  -0.001880644012053729
  -1.0940635067309e-08 -2.847235326551489e-09 -5.834378054627756e-09 -9.778649355554875e-05     0.1476344614137082

cov:
0.06607937329742464 0.06609843117621558 0.06611641328998855 0.06613703217059154 0.06618790665823115
0.06609843117621558  0.0661211589130126 0.06614249032942154 0.06616699325554248 0.06622753472226812
0.06611641328998855 0.06614249032942154 0.06616700781144148 0.06619511120580056 0.06626465163356506
0.06613703217059154 0.06616699325554248 0.06619511120580056 0.06622740071079869 0.06630729304480847
0.06618790665823115 0.06622753472226812 0.06626465163356506 0.06630729304480847  0.0664130024176066

cov.inverse():
 24291817.86384229 -14828244.88418893 -12764825.39909999 -7769421.746769137  11070717.11304874
-14828244.88167205  30071428.41794276 -8544076.062686536 -9145893.695963886  2446864.165148275
-12764825.39788953 -8544076.061342096  47742894.74935481 -24825997.64459756  -1607989.66678289
-7769421.752871986 -9145893.692499101 -24825997.63967967  67321740.21199082 -25580601.02353984
 11070717.11542425  2446864.162855935 -1607989.669145921 -25580601.02125998  13671071.59746537

cov*(cov_.inverse()):
     1.000000000116415  8.731149137020111e-11   1.01863406598568e-10  1.164153218269348e-09                      0
 1.164153218269348e-10      1.000000000087311   2.91038304567337e-11  2.328306436538696e-10 -2.328306436538696e-10
                     0   2.91038304567337e-10      1.000000000320142                      0                      0
 1.164153218269348e-10  1.455191522836685e-10  1.600710675120354e-10     0.9999999997671694                      0
-1.164153218269348e-10   2.91038304567337e-11   2.91038304567337e-10                      0     0.9999999997671694
