5
1

0.0006597741853463098
0.0009349647619321501
 0.003721344473485803
  0.05137123740349772
   0.5586882597630197

0.002519467213564629  -0.3733248722033528   0.7978594323651688  -0.4712677688168059  0.04414983963357642
-0.02503320818315643  -0.5497845476070191   0.1945547490124597   0.7318239670087524  -0.3516993327387421
  0.6678577728204487  -0.5429760406616839  -0.3490543477086473  -0.1245568301102213   0.3489837717849594
 -0.6065995264588372  -0.2643024442379619 -0.07285501073364417   0.1512449923104717   0.7307518950928285
  0.4305461654181159   0.4400985437877487   0.4454458278840664   0.4516092556180637   0.4675150969331761

0.4008818541163574
0.4010238795164554
0.4010066215475455
0.4009834525198308
0.4009229662626745

0.0006336362613472745

0
0
0
0
0

0

0
0
0
0
0

0

0
0
0
0
0

0

0
0
0
0
0

0

0
0
0
0
0

0

0
0
0
0
0

0

0
0
0
0
0

0

0
0
0
0
0

0

0
0
0
0
0

0

0
0
0
0
0

0

0
0
0
0
0

0

0
0
0
0
0

0

0
0
0
0
0

0

0
0
0
0
0

0

0
0
0
0
0

0

0
0
0
0
0

0

0
0
0
0
0

0

0
0
0
0
0

0

0
0
0
0
0

0

0
0
0
0
0

0

0
0
0
0
0

0

0
0
0
0
0

0

0
0
0
0
0

0

0
0
0
0
0

0

0
0
0
0
0

0

0
0
0
0
0

0

0
0
0
0
0

0

0
0
0
0
0

0

0
0
0
0
0

0

0
0
0
0
0

0

0
0
0
0
0

0

0
0
0
0
0

0

0
0
0
0
0

0

0
0
0
0
0

0

0
0
0
0
0

0

0
0
0
0
0

0

0
0
0
0
0

0

0
0
0
0
0

0

0
0
0
0
0

0

0
0
0
0
0

0

0
0
0
0
0

0

0
0
0
0
0

0

0
0
0
0
0

0

0
0
0
0
0

0

0
0
0
0
0

0

0
0
0
0
0

0

0
0
0
0
0

0

0
0
0
0
0

0

0
0
0
0
0

0

0
0
0
0
0

0

0
0
0
0
0

0

0
0
0
0
0

0

0
0
0
0
0

0

0
0
0
0
0

0

0
0
0
0
0

0

0
0
0
0
0

0

0
0
0
0
0

0

0
0
0
0
0

0

0
0
0
0
0

0

0
0
0
0
0

0

0
0
0
0
0

0

0
0
0
0
0

0

0
0
0
0
0

0

0
0
0
0
0

0

0
0
0
0
0

0

0
0
0
0
0

0

0
0
0
0
0

0

0
0
0
0
0

0

0
0
0
0
0

0

0
0
0
0
0

0

0
0
0
0
0

0

0
0
0
0
0

0

0
0
0
0
0

0

0
0
0
0
0

0

0
0
0
0
0

0

0
0
0
0
0

0

0
0
0
0
0

0

-5.410753546484032  11.28271935879594  3.116114716913479 -2.265790810534321 -6.732857187339182

-4.218036291620685e-07 -4.153636891071008e-06  -0.000178575063029804   -0.01369551255193978   -0.04587568899909881

cov:
0.05883724818302778 0.05956182507654589 0.05997573904115876 0.06044734629705447  0.0616616107722933
0.05956182507654589 0.06064469398412473 0.06124370564426335 0.06193232138239459 0.06370996530270075
0.05997573904115876 0.06124370564426335 0.06194996953223088 0.06276240002806777 0.06486020581556952
0.06044734629705447 0.06193232138239459 0.06276240002806777 0.06372087210493112  0.0661926770820208
 0.0616616107722933 0.06370996530270075 0.06486020581556952  0.0661926770820208 0.06963394969085528

cov.inverse():
 33079.81343454803 -12541.01024910683 -17769.79618557967 -29725.86431016999  26989.99454890174
 -12541.0102487113  687264.0824369686 -792929.7898818067 -51226.62609905619  169574.5392531268
-17769.79618610903  -792929.789879912   1514487.58798424 -697768.3723167509 -6169.066385328133
-29725.86431011491 -51226.62610077198 -697768.3723147245  1123999.351118428 -345327.7418471358
 26989.99454898082  169574.5392533428 -6169.066385989258 -345327.7418467695  154974.1198976038

cov*(cov_.inverse()):
    0.9999999999995453 -3.637978807091713e-12  2.557953848736361e-12  3.637978807091713e-12 -3.637978807091713e-12
-2.273736754432321e-13      0.999999999996362 -6.934897101018578e-12  7.275957614183426e-12                      0
-4.547473508864641e-13  7.275957614183426e-12     0.9999999999866418  1.091393642127514e-11  1.818989403545856e-12
                     0  3.637978807091713e-12  -9.43600753089413e-12                      1  1.818989403545856e-12
-2.273736754432321e-13                      0  1.307398633798584e-12                      0                      1
