5 
11 
12 
14 
15 
inputFileName = /Users/demattia/RemoteProjects/extracted_endcaps.root
eventsFractionStartBuild = 0
eventsFractionEndBuild = 0.2
eventsFractionStartTest = 0.8
eventsFractionEndTest = 1
var name = R
var name = z
par name = cotTheta
firstOrderChargeOverPtCoefficientsFileName = 
firstOrderCotThetaCoefficientsFileName = 
pT > 2, pT regions = 1
0 < phi < 0.8, phi regions = 1
-3 < eta < 3, eta regions = 1
-15 < z0 < 15, eta regions = 1
charge regions = 1
endcap regions = 0
Training
Requested running from track number 0 to track number 1000000 for a total of 1000000 tracks.
Analyzed 10% of 1000000 tracks
Analyzed 20% of 1000000 tracks
Analyzed 30% of 1000000 tracks
Analyzed 40% of 1000000 tracks
Analyzed 50% of 1000000 tracks
Analyzed 60% of 1000000 tracks
Analyzed 70% of 1000000 tracks
Analyzed 80% of 1000000 tracks
Analyzed 90% of 1000000 tracks
Analyzed 100% of 1000000 tracks
Evaluating eigenvalues:
geomIndex = 0
Sqrt(eigenvalues) of cov:
 0.157066 0.500149 0.913707 1.14683 1.9192 2.17888 2.19802 2.59958 5.44737 25.9258
Analyzed 10% of 1000000 tracks
Analyzed 20% of 1000000 tracks
Analyzed 30% of 1000000 tracks
Analyzed 40% of 1000000 tracks
Analyzed 50% of 1000000 tracks
Analyzed 60% of 1000000 tracks
Analyzed 70% of 1000000 tracks
Analyzed 80% of 1000000 tracks
Analyzed 90% of 1000000 tracks
Analyzed 100% of 1000000 tracks
opening GeometricIndex.txt for writing
Matrices built:
geomIndex = 0

V_0:
-0.00250061  0.00254269    0.618895   -0.160644    -0.73619    0.192934   0.0750251   -0.028316   0.0697386  -0.0256217
   0.695018   -0.147701   -0.506703    0.100847   -0.378406    0.132334     0.21287  -0.0547813    0.132584  -0.0402486
   0.454238  -0.0119053    0.245293   -0.113521    0.177754   -0.034235   -0.691862    0.259642    0.340004    -0.16128
  -0.545939  -0.0635408   -0.405782    0.118174   -0.302757    0.128577   -0.243919    0.119869    0.521653   -0.255162
 -0.0330837 -0.00231275   -0.153171   -0.710955    0.186665    0.607077    0.100113    0.139398   -0.100073   -0.164699
  0.0225998   0.0218856   0.0532782    0.123895  -0.0398796   -0.226439    0.286327    0.668022   -0.234458   -0.587153
 -0.0553248   -0.079997   -0.160376   -0.362286   -0.181664   -0.353412   0.0220084    0.522732   0.0697475    0.630134
-0.00109074 -0.00930016  -0.0964361   -0.533677  -0.0884286   -0.618609   0.0256654   -0.417016   0.0725434   -0.368078
 -0.0888498   -0.775606  -0.0593677   0.0153592    -0.13259  0.00858791   -0.349311  -0.0391518   -0.493353  -0.0466669
0.000893428   -0.604536    0.265609  0.00815044    0.311029 -0.00961592    0.442403  0.00667772    0.520886  0.00124571
corrPV_0:
  0.0171341  -0.0536952   0.0342468  -0.0710217   0.0465435 -0.00675362   0.0362361  -0.0662536    0.958382    -18.2178
D_0:
 -0.106558  0.0271793   0.559203  -0.150629  -0.417241   0.109193 -0.0312955 0.00364491 -0.0254163 0.00355502
opening matrixVD_0.txt for writing
