10
1

0.1570655946684873
0.5001492110457662
 0.913707243989667
 1.146825581022242
 1.919201329661811
 2.178882439402482
 2.198021891338408
 2.599576355872685
 5.447367848541386
  25.9258496933466

-0.002500612763190424  0.002542689006364566     0.618895094531374   -0.1606436614536567   -0.7361899165791723    0.1929343376709978   0.07502513011094018  -0.02831595431089647    0.0697385921058656  -0.02562169192669814
   0.6950177182070493   -0.1477006527948695    -0.506703098192367     0.100846795221602   -0.3784062936988749    0.1323344048456527    0.2128699053280073  -0.05478132004806496    0.1325840244693398  -0.04024862402869056
   0.4542384599906868  -0.01190533752577522    0.2452930055755899   -0.1135207987028844    0.1777536181963895  -0.03423498902144911   -0.6918621932181285    0.2596421269010799    0.3400043906430662   -0.1612803667628394
  -0.5459387890379969  -0.06354078108871017   -0.4057819726137515    0.1181737149377098   -0.3027574665304613    0.1285770631402472    -0.243919303602291    0.1198687603143354    0.5216534393420701   -0.2551622419356545
 -0.03308366243289473 -0.002312747678268226   -0.1531714320670697   -0.7109554103884913    0.1866650293932641    0.6070768167601809    0.1001127313093019    0.1393984967429954   -0.1000732880213695   -0.1646990644483804
  0.02259976938576395   0.02188560720947245   0.05327816373036676    0.1238949783513064  -0.03987957116438622   -0.2264391633827635    0.2863272958516504    0.6680223074136066   -0.2344577231539133   -0.5871534039937579
 -0.05532479044189122  -0.07999704105980873    -0.160376003620411   -0.3622856473510491   -0.1816635171043256   -0.3534118307161759   0.02200837483671325    0.5227320285469887   0.06974751294270942     0.630134013397186
-0.001090737813202451 -0.009300160824790175  -0.09643612417253516   -0.5336766386543383  -0.08842859754520475   -0.6186087249152161   0.02566536871128847   -0.4170164108176568   0.07254339725265324   -0.3680778758313482
 -0.08884975941233102   -0.7756063260354538  -0.05936772704912266   0.01535915087948917   -0.1325898918242722   0.00858791423138823   -0.3493107189532943  -0.03915179789759765   -0.4933534672043965  -0.04666690255137855
0.0008934275471698121   -0.6045356588431856     0.265609108343509  0.008150437346227073    0.3110291114594271 -0.009615921127834005    0.4424034072805313  0.006677724846990654    0.5208864734483492  0.001245709394236263

22.60761470423426
85.27996039840313
35.83630146498206
 130.989080531283
42.62052622057779
155.9632849479568
60.17470773686811
 220.498004458233
71.29374014179051
261.6709060190381

3.809429209084323

0
0
0
0
0
0
0
0
0
0

0

0
0
0
0
0
0
0
0
0
0

0

0
0
0
0
0
0
0
0
0
0

0

0
0
0
0
0
0
0
0
0
0

0

0
0
0
0
0
0
0
0
0
0

0

0
0
0
0
0
0
0
0
0
0

0

0
0
0
0
0
0
0
0
0
0

0

0
0
0
0
0
0
0
0
0
0

0

0
0
0
0
0
0
0
0
0
0

0

0
0
0
0
0
0
0
0
0
0

0

0
0
0
0
0
0
0
0
0
0

0

0
0
0
0
0
0
0
0
0
0

0

0
0
0
0
0
0
0
0
0
0

0

0
0
0
0
0
0
0
0
0
0

0

0
0
0
0
0
0
0
0
0
0

0

0
0
0
0
0
0
0
0
0
0

0

0
0
0
0
0
0
0
0
0
0

0

0
0
0
0
0
0
0
0
0
0

0

0
0
0
0
0
0
0
0
0
0

0

0
0
0
0
0
0
0
0
0
0

0

0
0
0
0
0
0
0
0
0
0

0

0
0
0
0
0
0
0
0
0
0

0

0
0
0
0
0
0
0
0
0
0

0

0
0
0
0
0
0
0
0
0
0

0

0
0
0
0
0
0
0
0
0
0

0

0
0
0
0
0
0
0
0
0
0

0

0
0
0
0
0
0
0
0
0
0

0

0
0
0
0
0
0
0
0
0
0

0

0
0
0
0
0
0
0
0
0
0

0

0
0
0
0
0
0
0
0
0
0

0

0
0
0
0
0
0
0
0
0
0

0

0
0
0
0
0
0
0
0
0
0

0

0
0
0
0
0
0
0
0
0
0

0

0
0
0
0
0
0
0
0
0
0

0

0
0
0
0
0
0
0
0
0
0

0

0
0
0
0
0
0
0
0
0
0

0

0
0
0
0
0
0
0
0
0
0

0

0
0
0
0
0
0
0
0
0
0

0

0
0
0
0
0
0
0
0
0
0

0

0
0
0
0
0
0
0
0
0
0

0

0
0
0
0
0
0
0
0
0
0

0

0
0
0
0
0
0
0
0
0
0

0

0
0
0
0
0
0
0
0
0
0

0

0
0
0
0
0
0
0
0
0
0

0

0
0
0
0
0
0
0
0
0
0

0

0
0
0
0
0
0
0
0
0
0

0

0
0
0
0
0
0
0
0
0
0

0

0
0
0
0
0
0
0
0
0
0

0

0
0
0
0
0
0
0
0
0
0

0

0
0
0
0
0
0
0
0
0
0

0

0
0
0
0
0
0
0
0
0
0

0

0
0
0
0
0
0
0
0
0
0

0

0
0
0
0
0
0
0
0
0
0

0

0
0
0
0
0
0
0
0
0
0

0

0
0
0
0
0
0
0
0
0
0

0

0
0
0
0
0
0
0
0
0
0

0

0
0
0
0
0
0
0
0
0
0

0

0
0
0
0
0
0
0
0
0
0

0

0
0
0
0
0
0
0
0
0
0

0

0
0
0
0
0
0
0
0
0
0

0

0
0
0
0
0
0
0
0
0
0

0

0
0
0
0
0
0
0
0
0
0

0

0
0
0
0
0
0
0
0
0
0

0

0
0
0
0
0
0
0
0
0
0

0

0
0
0
0
0
0
0
0
0
0

0

0
0
0
0
0
0
0
0
0
0

0

0
0
0
0
0
0
0
0
0
0

0

0
0
0
0
0
0
0
0
0
0

0

0
0
0
0
0
0
0
0
0
0

0

0
0
0
0
0
0
0
0
0
0

0

0
0
0
0
0
0
0
0
0
0

0

0
0
0
0
0
0
0
0
0
0

0

0
0
0
0
0
0
0
0
0
0

0

0
0
0
0
0
0
0
0
0
0

0

0
0
0
0
0
0
0
0
0
0

0

0
0
0
0
0
0
0
0
0
0

0

0
0
0
0
0
0
0
0
0
0

0

 -0.1065581215038666   0.0271792985242954   0.5592030562383972  -0.1506288905227108  -0.4172407221967067   0.1091929627764498 -0.03129554244907833  0.00364491450405877 -0.02541634118083704 0.003555019290728316

  0.01713407185511715  -0.05369515365108157   0.03424684705255813  -0.07102174504766981   0.04654346057358395 -0.006753619551874769   0.03623605491643949  -0.06625358136239212    0.9583819310950104    -18.21783742805377

cov:
 0.9411326501213266   1.721371858642289   0.680235741222058 0.05473939588045062  0.7775885349893058 -0.1099744803538465   1.148854315147328 0.02814598840829994   1.358820294605485 0.03019732184580196
  1.721371858642289   263.5414996476233  -106.4357154695746  -3.485323611919461  -123.2240001634893   3.841153484100819  -171.6878804249047  -1.930505624112886  -200.4084663049443  0.3122698299069065
  0.680235741222058  -106.4357154695746    48.1510062793576   2.387430361183502   56.07900838017714  -1.544109386141239   79.54206197833219   1.213915635163485   93.53383113943956  0.1085036871852386
0.05473939588045062  -3.485323611919461   2.387430361183502   4.577406444532835   1.697564307268975   1.103682861161568   2.072323211909122  0.6283956652635069   2.421095876458977   0.270737637060384
 0.7775885349893058  -123.2240001634893   56.07900838017714   1.697564307268975   66.08912777271607 -0.9762679500556423   93.81527943371556   1.306355474577009   110.5365610156359  0.1908114928850306
-0.1099744803538465   3.841153484100819  -1.544109386141239   1.103682861161568 -0.9762679500556423   4.882733234171785  -3.191310800972685  0.4021023230252861  -3.803246819522599  0.6657989021874366
  1.148854315147328  -171.6878804249047   79.54206197833219   2.072323211909122   93.81527943371556  -3.191310800972685   136.0966719912012   3.142855718314501   159.3131187011114  0.1712534912640253
0.02814598840829994  -1.930505624112886   1.213915635163485  0.6283956652635069   1.306355474577009  0.4021023230252861   3.142855718314501   4.836930847737499    2.24196334927617  0.6671678167560411
  1.358820294605485  -200.4084663049443   93.53383113943956   2.421095876458977   110.5365610156359  -3.803246819522599   159.3131187011114    2.24196334927617    190.407870325419   1.643265339886795
0.03019732184580196  0.3122698299069065  0.1085036871852386   0.270737637060384  0.1908114928850306  0.6657989021874366  0.1712534912640253  0.6671678167560411   1.643265339886795   4.743968175113425

cov.inverse():
   2.406367175036785  -0.3873689943938367   -1.165004407688564   0.1968229677293019  -0.7537325975960266   0.2737146154656325   0.3099052737506607 -0.06169712774885407   0.3302103364910849  -0.0993964460243994
 -0.3873689943938285   0.1129675761101867   0.3835214546884878 -0.07285094211638177   0.1656577661089415 -0.05891253955177339 -0.08671617419974381  0.01586120290648066 -0.09099321159617678  0.02443945424272777
  -1.165004407688998   0.3835214546885447    16.76397931099514   -4.253644740837706   -17.55745178058316    4.515178938851262     1.32179759837508  -0.5697245688658116    1.419318867591075  -0.5452249183017275
  0.1968229677293223 -0.07285094211639552   -4.253644740837724    1.322572484587522    4.573469694969966   -1.234521441313508  -0.3462755935186686   0.1220092807028999  -0.3980449004863099   0.1478799299914391
   -0.75373259759574   0.1656577661088731    -17.5574517805835     4.57346969497003    22.66785293733879   -5.940607992265906   -2.648799115048585   0.9429937247071382   -2.333620922280445   0.8278030849958271
  0.2737146154655751 -0.05891253955175549    4.515178938851363   -1.234521441313527   -5.940607992265921    1.786208617316184   0.7026661793379138  -0.2583232260454584   0.6353979388476955  -0.2515588008337964
  0.3099052737505977 -0.08671617419973243    1.321797598375176  -0.3462755935186895   -2.648799115048621   0.7026661793379203    1.052497395764875  -0.3247915958119227 -0.06371557495001789  0.03094153206811636
-0.06169712774883544  0.01586120290647661  -0.5697245688658353   0.1220092807029047   0.9429937247071393  -0.2583232260454578   -0.324791595811921   0.3177878825220915  0.01115182753134427 -0.03308821941238996
  0.3302103364910249 -0.09099321159617299    1.419318867591135  -0.3980449004863235   -2.333620922280506   0.6353979388477103 -0.06371557495000456  0.01115182753133923   0.6374798593218418  -0.2212568319549783
-0.09939644602438842  0.02443945424272636  -0.5452249183017446   0.1478799299914428   0.8278030849958437  -0.2515588008338003  0.03094153206811251 -0.03308821941238848  -0.2212568319549779   0.2960360325838458

cov*(cov_.inverse()):
     1.000000000000044 -8.348465148355633e-15  2.236891227802573e-13  2.583957353641253e-14 -4.894001870425768e-14 -3.789503433271335e-15  2.275458467482228e-14 -4.535217687506865e-15  4.493280747475126e-14 -6.005612673831706e-15
 1.606353938754523e-14      1.000000000000002  2.314815006343451e-14   3.50344753208276e-14  4.013456234019941e-14 -2.353672812205332e-14  1.643130076445232e-14  1.384309333829492e-15  3.025357742103552e-15  7.618905506490137e-15
 5.159934979293013e-14 -5.885483073120312e-15      1.000000000000027  7.307696114899898e-14  2.695899059546036e-13 -8.433878595504041e-14  2.419071887249657e-15  1.277103423014125e-14  1.904726376622534e-14 -3.191891195797325e-16
 2.275957200481571e-15 -6.505213034913027e-16 -2.525757381022231e-15      1.000000000000006  1.496025525682398e-14 -6.161737786669619e-15  -1.27675647831893e-15  8.344019919448442e-16  1.741662369880714e-15   3.05311331771918e-16
 5.407133074619708e-14 -1.447019587486054e-14  4.716643742241899e-13  2.593758541280522e-14     0.9999999999997483  1.628558399247027e-14  6.428885201970047e-15 -3.611694276983712e-15  7.751438380054765e-14 -1.999789223106063e-14
-3.011479954295737e-15  4.649058915617843e-16 -1.748601263784622e-14  -8.31279489688086e-15 -2.664535259100376e-15      1.000000000000007 -2.636779683484747e-16 -2.914335439641036e-16 -3.552713678800501e-15 -1.942890293094024e-16
 8.534839501805891e-14  -2.05235134442816e-14  5.929146063010649e-13 -9.558326352632207e-15  -4.54081217071689e-13  8.221895386739675e-14      1.000000000000093 -1.708268942968161e-14  7.987360772787611e-14 -2.171179902532572e-14
 1.706967900361178e-15 -3.191891195797325e-16  1.670885652060861e-14 -1.762479051592436e-15 -1.043609643147647e-14  2.109423746787797e-15  1.162264728904461e-15     0.9999999999999997  3.164135620181696e-15 -7.216449660063518e-16
 7.072120666862247e-14 -2.027544798721692e-14  3.064215547965432e-13  1.755262601932372e-13  2.826627820695649e-13 -1.987854325591343e-13 -1.983829767127077e-14  7.494005416219807e-15      1.000000000000089 -1.110223024625157e-16
 7.216449660063518e-16  -9.71445146547012e-17    1.4210854715202e-14 -1.332267629550188e-15 -9.325873406851315e-15  1.554312234475219e-15  1.498801083243961e-15 -4.718447854656915e-16  2.220446049250313e-15     0.9999999999999999
