5 
6 
11 
12 
13 
14 
inputFileName = /Users/demattia/RemoteProjects/extracted_endcaps.root
eventsFractionStartBuild = 0
eventsFractionEndBuild = 0.2
eventsFractionStartTest = 0.8
eventsFractionEndTest = 1
var name = R
var name = z
par name = cotTheta
firstOrderChargeOverPtCoefficientsFileName = 
firstOrderCotThetaCoefficientsFileName = 
pT > 2, pT regions = 1
0 < phi < 0.8, phi regions = 1
-3 < eta < 3, eta regions = 1
-15 < z0 < 15, eta regions = 1
charge regions = 1
endcap regions = 0
Training
Requested running from track number 0 to track number 1000000 for a total of 1000000 tracks.
Analyzed 10% of 1000000 tracks
Analyzed 20% of 1000000 tracks
Analyzed 30% of 1000000 tracks
Analyzed 40% of 1000000 tracks
Analyzed 50% of 1000000 tracks
Analyzed 60% of 1000000 tracks
Analyzed 70% of 1000000 tracks
Analyzed 80% of 1000000 tracks
Analyzed 90% of 1000000 tracks
Analyzed 100% of 1000000 tracks
Evaluating eigenvalues:
geomIndex = 0
Sqrt(eigenvalues) of cov:
 0.0781584 0.320166 0.81156 0.947626 1.133 1.41929 1.54832 1.96575 2.702 2.84651 5.95514 10.955
Analyzed 10% of 1000000 tracks
Analyzed 20% of 1000000 tracks
Analyzed 30% of 1000000 tracks
Analyzed 40% of 1000000 tracks
Analyzed 50% of 1000000 tracks
Analyzed 60% of 1000000 tracks
Analyzed 70% of 1000000 tracks
Analyzed 80% of 1000000 tracks
Analyzed 90% of 1000000 tracks
Analyzed 100% of 1000000 tracks
opening GeometricIndex.txt for writing
Matrices built:
geomIndex = 0

V_0:
  -0.425967    0.173687    0.748793   -0.305009   -0.339507    0.138204  0.00612704 -0.00860488  0.00182437   0.0047093  0.00791087  0.00996129
   -0.46737    0.171604   0.0857243  -0.0333225    0.759235   -0.317299   -0.100971   0.0235133   -0.145319   0.0202608   -0.170609   0.0718193
     0.1293 -0.00947252   0.0750567  -0.0129675   0.0485098   0.0677035   -0.248918   -0.466754   -0.395283    0.667719    0.159778   -0.251012
   0.671638   -0.012122    0.526616  -0.0274253    0.247164   -0.192197   -0.284873    0.263191 -0.00666065   -0.130084   0.0723669   0.0048487
  -0.277132  -0.0635912   -0.208807  -0.0229607   -0.124843   0.0422381   -0.630392    0.549783   0.0273151    0.127099    0.366285  -0.0832863
  0.0576687   0.0108418   0.0329405  0.00508458   0.0106176    0.021957    0.556035    0.611452   -0.327877    0.448021  -0.0128409   0.0584111
 -0.0945074  -0.0566261  0.00339281   0.0201584    -0.10941    -0.44048    0.229734  -0.0294996   -0.340251    -0.37236     0.40277   -0.557814
  0.0133546   0.0247562  -0.0223034  -0.0352883    0.205753    0.516987   0.0334068   -0.080055   -0.469976   -0.345392    0.431708    0.392155
  -0.132108   -0.324772    0.245969    0.502098    0.274361    0.483057   0.0838111   0.0734283    0.201804   -0.027693  -0.0203237   -0.448919
   0.153804    0.419624   -0.207126   -0.515661    0.156272    0.374794 -0.00784305    0.116331  0.00482783   -0.116898   -0.213562   -0.503656
  -0.042885   -0.620699  -0.0163394   -0.226887   -0.106906   0.0291306   -0.186236   0.0636515   -0.443172   -0.166802   -0.534162  -0.0241474
  0.0107939    0.515111     0.01183    0.577276    -0.25244   0.0216571   -0.210766   0.0765132   -0.374884   -0.140418   -0.354667  -0.0253083
corrPV_0:
-0.000365365   -0.0119209   0.00655522    0.0236271   -0.0124909   0.00845356   -0.0298652   0.00778913   -0.0574845   -0.0325494     0.904325     0.553701
D_0:
     0.10231   -0.0419184   -0.0395359    0.0161855    -0.064645    0.0259956  0.000726266  -0.00158732 -0.000307897   0.00095753  0.000857185   0.00230186
opening matrixVD_0.txt for writing
