5 
6 
11 
12 
13 
14 
inputFileName = /Users/demattia/RemoteProjects/extracted_endcaps.root
eventsFractionStartBuild = 0
eventsFractionEndBuild = 0.2
eventsFractionStartTest = 0.8
eventsFractionEndTest = 1
var name = R
var name = z
par name = cotTheta
firstOrderChargeOverPtCoefficientsFileName = 
firstOrderCotThetaCoefficientsFileName = 
2 < pT < 10, pT regions = 1
0 < phi < 0.8, phi regions = 1
-3 < eta < 3, eta regions = 1
-15 < z0 < 15, eta regions = 1
charge regions = 1
endcap regions = 0
Training
Requested running from track number 0 to track number 1000000 for a total of 1000000 tracks.
Analyzed 10% of 1000000 tracks
Analyzed 20% of 1000000 tracks
Analyzed 30% of 1000000 tracks
Analyzed 40% of 1000000 tracks
Analyzed 50% of 1000000 tracks
Analyzed 60% of 1000000 tracks
Analyzed 70% of 1000000 tracks
Analyzed 80% of 1000000 tracks
Analyzed 90% of 1000000 tracks
Analyzed 100% of 1000000 tracks
Evaluating eigenvalues:
geomIndex = 0
Sqrt(eigenvalues) of cov:
 0.0781994 0.320105 0.8121 0.944733 1.13294 1.41643 1.55888 1.97002 2.70833 2.84396 5.95035 10.9301
Analyzed 10% of 1000000 tracks
Analyzed 20% of 1000000 tracks
Analyzed 30% of 1000000 tracks
Analyzed 40% of 1000000 tracks
Analyzed 50% of 1000000 tracks
Analyzed 60% of 1000000 tracks
Analyzed 70% of 1000000 tracks
Analyzed 80% of 1000000 tracks
Analyzed 90% of 1000000 tracks
Analyzed 100% of 1000000 tracks
opening GeometricIndex.txt for writing
Matrices built:
geomIndex = 0

V_0:
  -0.426296    0.173698    0.748875   -0.304831   -0.339125    0.138046   0.0060602 -0.00880332  0.00154639  0.00502616  0.00799612  0.00986365
  -0.466017    0.171505   0.0860497  -0.0333388    0.759773   -0.317331  -0.0993785   0.0238014   -0.145791    0.019996   -0.171796   0.0730331
  0.0904851 -0.00679768   0.0425502  -0.0147298   0.0346514   0.0781343   -0.235681   -0.485333   -0.393772    0.670056    0.155219   -0.251427
   0.675509   -0.013141    0.527348   -0.029137    0.248093   -0.185085    -0.30148    0.249026  -0.0327224  -0.0844397   0.0872397 -0.00693689
  -0.288443  -0.0636749   -0.215158  -0.0204319   -0.127979   0.0393351   -0.633357    0.537869   0.0339906    0.122982    0.365831  -0.0869154
  0.0509445    0.010864    0.025285  0.00693899   0.0113717   0.0471936    0.538777    0.613677   -0.315616    0.469791  -0.0226743   0.0808238
 -0.0884322  -0.0506703  0.00397924   0.0158643   -0.107115   -0.437515    0.254599 -0.00425022   -0.358621   -0.356297    0.403561    -0.55063
 0.00696955   0.0149518  -0.0190962  -0.0227931    0.206852    0.521852   0.0294441  -0.0808131    -0.46165    -0.34281    0.434011    0.396641
  -0.139423   -0.347396    0.257218    0.527635     0.26316    0.453461    0.082657   0.0648837    0.203763  -0.0192785  -0.0139128   -0.432794
   0.146687     0.40189   -0.194882   -0.490116    0.172135    0.406819 -0.00479616    0.123169  0.00936301   -0.122717   -0.211994   -0.518035
 -0.0429951   -0.619625   -0.016449   -0.224845   -0.109229   0.0271948   -0.187712   0.0648495   -0.445772   -0.167737   -0.532867   -0.022003
   0.011474    0.516816   0.0123463    0.578356   -0.251804   0.0221532   -0.210836   0.0758826   -0.373895   -0.140033   -0.352227  -0.0233625
corrPV_0:
-0.000366136   -0.0118949   0.00552042    0.0239523   -0.0133985   0.00907666   -0.0296486    0.0072833   -0.0564042   -0.0349469     0.905267     0.548581
D_0:
    0.102232   -0.0418929   -0.0395423    0.0161919   -0.0645794    0.0259314   0.00072553  -0.00157804 -0.000338037   0.00101257  0.000855508   0.00227243
opening matrixVD_0.txt for writing
