12
1

0.0781584187127141
 0.320165734665933
 0.811560472033355
0.9476263027268608
 1.133002047617874
 1.419285908373142
 1.548324236926033
 1.965753059888788
 2.701995247734556
 2.846512578551929
  5.95513865407592
 10.95501957856434

  -0.4259667585594052    0.1736872255867328    0.7487925443885519   -0.3050086625747614    -0.339507365584403    0.1382040471518941  0.006127036531180379  -0.00860488326888669  0.001824367506248257  0.004709300362042622  0.007910866873836991  0.009961291257051315
  -0.4673699012062013    0.1716042751781387   0.08572427433292325  -0.03332246207175306     0.759235058933893   -0.3172990528462938   -0.1009713800709734   0.02351333233159314   -0.1453188334544974   0.02026078410191988   -0.1706094340367975   0.07181927836608275
   0.1292999373602195 -0.009472523163509985   0.07505669165660829  -0.01296754547561959   0.04850981518668228   0.06770353325081822    -0.248918074539581   -0.4667543850211719    -0.395283350165666    0.6677186125720909    0.1597784645165295   -0.2510120888238994
   0.6716380203430878  -0.01212201112703646    0.5266163663369691    -0.027425295938914    0.2471639168954615   -0.1921966379746007   -0.2848728119942194    0.2631914652626564 -0.006660652660295409   -0.1300839035704673    0.0723669143346278  0.004848701662684881
  -0.2771318650370168  -0.06359124544451245   -0.2088066000631779  -0.02296067460121638   -0.1248428140485563   0.04223805693171502   -0.6303921348268597    0.5497827926437724   0.02731514494370034    0.1270987788792954    0.3662850382391833  -0.08328627552226507
  0.05766873565921626   0.01084180056654425   0.03294050087994878  0.005084577709447688   0.01061764296289651   0.02195699870049937    0.5560348252699995    0.6114516663173905   -0.3278767386473995    0.4480214647731265   -0.0128408746468797   0.05841108426192743
 -0.09450739350475207  -0.05662611673039054  0.003392805761094545   0.02015843790822668   -0.1094101780608415   -0.4404804927531051    0.2297340253478391  -0.02949957751355564   -0.3402507706887946   -0.3723601422464861    0.4027696074357024   -0.5578138968596666
  0.01335464281100466   0.02475620549631498  -0.02230338373934302  -0.03528827165596502    0.2057531924446388    0.5169874886502179   0.03340680885813065  -0.08005497997197347   -0.4699763444423007    -0.345392313357024    0.4317075347310035    0.3921553473289946
  -0.1321084302274098    -0.324771551204885    0.2459686072415257    0.5020979944987896    0.2743612021408732    0.4830572581050293   0.08381105255809081   0.07342831830793284    0.2018044830816906   -0.0276930031650439  -0.02032367802994777   -0.4489192047010114
   0.1538037042441576    0.4196238824673323   -0.2071257177999153   -0.5156610396853063    0.1562724749399836    0.3747938206006221 -0.007843052537610029    0.1163309273225464  0.004827827910231551   -0.1168984522602131   -0.2135623783912715   -0.5036561415926026
 -0.04288495468251858   -0.6206989571286063   -0.0163394374203773   -0.2268868100517809   -0.1069060554843582   0.02913059258437752   -0.1862356978239347   0.06365151012264358   -0.4431721164232357   -0.1668018458518917   -0.5341618292904535  -0.02414740269010585
  0.01079389455042152    0.5151109705946382   0.01183001178450515    0.5772763865206442   -0.2524404560003029    0.0216571280515965   -0.2107658985479906    0.0765132297028375    -0.374884396642894   -0.1404175597267343   -0.3546668020109029  -0.02530826928865504

22.68276805778159
 54.1362897164213
35.55857323949992
85.55391945058612
54.12903895701218
130.6857640178608
65.39777767313859
157.6890924203325
76.34172471092347
185.0710724205428
90.53971676536067
220.3166824603528

2.437443807193939

0
0
0
0
0
0
0
0
0
0
0
0

0

0
0
0
0
0
0
0
0
0
0
0
0

0

0
0
0
0
0
0
0
0
0
0
0
0

0

0
0
0
0
0
0
0
0
0
0
0
0

0

0
0
0
0
0
0
0
0
0
0
0
0

0

0
0
0
0
0
0
0
0
0
0
0
0

0

0
0
0
0
0
0
0
0
0
0
0
0

0

0
0
0
0
0
0
0
0
0
0
0
0

0

0
0
0
0
0
0
0
0
0
0
0
0

0

0
0
0
0
0
0
0
0
0
0
0
0

0

0
0
0
0
0
0
0
0
0
0
0
0

0

0
0
0
0
0
0
0
0
0
0
0
0

0

0
0
0
0
0
0
0
0
0
0
0
0

0

0
0
0
0
0
0
0
0
0
0
0
0

0

0
0
0
0
0
0
0
0
0
0
0
0

0

0
0
0
0
0
0
0
0
0
0
0
0

0

0
0
0
0
0
0
0
0
0
0
0
0

0

0
0
0
0
0
0
0
0
0
0
0
0

0

0
0
0
0
0
0
0
0
0
0
0
0

0

0
0
0
0
0
0
0
0
0
0
0
0

0

0
0
0
0
0
0
0
0
0
0
0
0

0

0
0
0
0
0
0
0
0
0
0
0
0

0

0
0
0
0
0
0
0
0
0
0
0
0

0

0
0
0
0
0
0
0
0
0
0
0
0

0

0
0
0
0
0
0
0
0
0
0
0
0

0

0
0
0
0
0
0
0
0
0
0
0
0

0

0
0
0
0
0
0
0
0
0
0
0
0

0

0
0
0
0
0
0
0
0
0
0
0
0

0

0
0
0
0
0
0
0
0
0
0
0
0

0

0
0
0
0
0
0
0
0
0
0
0
0

0

0
0
0
0
0
0
0
0
0
0
0
0

0

0
0
0
0
0
0
0
0
0
0
0
0

0

0
0
0
0
0
0
0
0
0
0
0
0

0

0
0
0
0
0
0
0
0
0
0
0
0

0

0
0
0
0
0
0
0
0
0
0
0
0

0

0
0
0
0
0
0
0
0
0
0
0
0

0

0
0
0
0
0
0
0
0
0
0
0
0

0

0
0
0
0
0
0
0
0
0
0
0
0

0

0
0
0
0
0
0
0
0
0
0
0
0

0

0
0
0
0
0
0
0
0
0
0
0
0

0

0
0
0
0
0
0
0
0
0
0
0
0

0

0
0
0
0
0
0
0
0
0
0
0
0

0

0
0
0
0
0
0
0
0
0
0
0
0

0

0
0
0
0
0
0
0
0
0
0
0
0

0

0
0
0
0
0
0
0
0
0
0
0
0

0

0
0
0
0
0
0
0
0
0
0
0
0

0

0
0
0
0
0
0
0
0
0
0
0
0

0

0
0
0
0
0
0
0
0
0
0
0
0

0

0
0
0
0
0
0
0
0
0
0
0
0

0

0
0
0
0
0
0
0
0
0
0
0
0

0

0
0
0
0
0
0
0
0
0
0
0
0

0

0
0
0
0
0
0
0
0
0
0
0
0

0

0
0
0
0
0
0
0
0
0
0
0
0

0

0
0
0
0
0
0
0
0
0
0
0
0

0

0
0
0
0
0
0
0
0
0
0
0
0

0

0
0
0
0
0
0
0
0
0
0
0
0

0

0
0
0
0
0
0
0
0
0
0
0
0

0

0
0
0
0
0
0
0
0
0
0
0
0

0

0
0
0
0
0
0
0
0
0
0
0
0

0

0
0
0
0
0
0
0
0
0
0
0
0

0

0
0
0
0
0
0
0
0
0
0
0
0

0

0
0
0
0
0
0
0
0
0
0
0
0

0

0
0
0
0
0
0
0
0
0
0
0
0

0

0
0
0
0
0
0
0
0
0
0
0
0

0

0
0
0
0
0
0
0
0
0
0
0
0

0

0
0
0
0
0
0
0
0
0
0
0
0

0

0
0
0
0
0
0
0
0
0
0
0
0

0

0
0
0
0
0
0
0
0
0
0
0
0

0

0
0
0
0
0
0
0
0
0
0
0
0

0

0
0
0
0
0
0
0
0
0
0
0
0

0

0
0
0
0
0
0
0
0
0
0
0
0

0

0
0
0
0
0
0
0
0
0
0
0
0

0

0
0
0
0
0
0
0
0
0
0
0
0

0

0
0
0
0
0
0
0
0
0
0
0
0

0

0
0
0
0
0
0
0
0
0
0
0
0

0

0
0
0
0
0
0
0
0
0
0
0
0

0

0
0
0
0
0
0
0
0
0
0
0
0

0

    0.1023096743109096   -0.04191838375745642   -0.03953586426412776    0.01618554456902076   -0.06464496049445409    0.02599556458881619  0.0007262664330540792  -0.001587322614849487 -0.0003078971420319315  0.0009575295555487489  0.0008571847519795639   0.002301862056501503

-0.0003653648699569387   -0.01192093511191353   0.006555220724187322    0.02362710419395118   -0.01249087007899499   0.008453562917542054   -0.02986518972804135   0.007789131897484716   -0.05748454179372086    -0.0325494142188852     0.9043253304120467     0.5537006650960751

cov:
    0.965279549651507     2.468650786101497  -0.06103995015594449  -0.04691218680517668  -0.03552842955260282  0.003607182292397404  -0.03005859729248364   0.07234328558438938  -0.02593978890181373  0.003605813118966316  -0.02896091514981229  -0.02963015947596693
    2.468650786101497     47.72269694784966   -0.1851837720928472     37.73291221399481    -13.31679450324907     0.929076778995791    -9.116914263997302     3.515612391143097    -13.89028666731679    -5.326160522342775    -10.89356521338333    -1.556946560669686
 -0.06103995015594449   -0.1851837720928472     1.132606472818694     2.712521072613347   0.07391199276218413     0.104618441365457   0.02932522190887222   0.00979482311987806   0.06354815863146036   0.03784356805047247   0.03559823600257755 -0.004396882009042613
 -0.04691218680517668     37.73291221399481     2.712521072613347     45.82256764006811    -16.31420257591513     1.382977595388742    -12.72314510345813     4.568808877146437    -21.63915775330569    -7.971769992056303    -19.50854935038955    -1.175911278563585
 -0.03552842955260282    -13.31679450324907   0.07391199276218413    -16.31420257591513     9.129401499272612     1.130390727103348     7.249552909221771    -2.350575858570737     13.12679494642854     4.489290973495621     12.64550872353584   -0.2073365380956454
 0.003607182292397404     0.929076778995791     0.104618441365457     1.382977595388742     1.130390727103348      4.47598511279747   -0.6125293995417554    0.7379251390591044    -1.310203018697793    -1.208470106878703    -1.737270702956306    -1.847271597071058
 -0.03005859729248364    -9.116914263997302   0.02932522190887222    -12.72314510345813     7.249552909221771   -0.6125293995417554     7.991510147589628    -2.095890768914405     11.96328222451487     4.716836753002783     12.42401255797574    0.4723663155976771
  0.07234328558438938     3.515612391143097   0.00979482311987806     4.568808877146437    -2.350575858570737    0.7379251390591044    -2.095890768914405      2.36901465928482    -4.425560160607605    -1.252208608813166    -4.626478447740078   -0.9925151381306868
 -0.02593978890181373    -13.89028666731679   0.06354815863146036    -21.63915775330569     13.12679494642854    -1.310203018697793     11.96328222451487    -4.425560160607605     25.58265541981707     9.359847240488135     23.18289383222887    0.6026134748034626
 0.003605813118966316    -5.326160522342775   0.03784356805047247    -7.971769992056303     4.489290973495621    -1.208470106878703     4.716836753002783    -1.252208608813166     9.359847240488135     4.996649045271928     8.516883325912472     1.040015992079677
 -0.02896091514981229    -10.89356521338333   0.03559823600257755    -19.50854935038955     12.64550872353584    -1.737270702956306     12.42401255797574    -4.626478447740078     23.18289383222887     8.516883325912472     26.89370211115284     2.520370993992467
 -0.02963015947596693    -1.556946560669686 -0.004396882009042613    -1.175911278563585   -0.2073365380956454    -1.847271597071058    0.4723663155976771   -0.9925151381306868    0.6026134748034626     1.040015992079677     2.520370993992467     5.022273939241476

cov.inverse():
    32.43225032439306     -12.8736850253605    -52.15864509132336     21.38298715731066     20.43718481755345    -8.311820811407392  -0.08719075713503686    0.4985446738868569    0.4462227824334102   -0.3896260327972445    0.2148430091209115    -1.026126703893588
   -12.87368502536049     5.279915790947847      21.4143958769522     -8.76954239459711     -8.37925958734837     3.409179356281845   0.03982681824675521   -0.2239231050162443   -0.1863016071450923    0.1601611348624419  -0.09125487403290287    0.4213305833961831
   -52.15864509132353     21.41439587695216     92.22225082598388    -37.39825111636049    -40.80606802352169     16.56689221956135    0.5860230405190815     -1.01347586239309   0.05241511987189284    0.5842407979899344    0.8309349371688973     1.264536528824429
    21.38298715731066    -8.769542394597085    -37.39825111636048      15.3134673164263     16.70410654994263    -6.792668029185388   -0.2387512421582461    0.4129490471580191   -0.0211463688498789   -0.2460874964002099    -0.338117838586033   -0.5213412900658725
    20.43718481755317    -8.379259587348251    -40.80606802352128     16.70410654994247     24.60628822722745    -10.01018716035832    -1.125598545706543    0.6419453292962687    -1.212756995565918    -0.112182288662616    -1.705248093150636   -0.0105406684184953
   -8.311820811407294     3.409179356281796     16.56689221956119    -6.792668029185325    -10.01018716035833     4.358051142739216    0.4391185446198869   -0.3420006639387791    0.4619979729157926    0.1641780753376688    0.6919576925971614   0.07604403857731895
 -0.08719075713500747   0.03982681824674335    0.5860230405190316   -0.2387512421582257    -1.125598545706522     0.439118544619878    0.7777275033958772  -0.04334443943510752    0.1611859811705521    -0.202817766168776  -0.04504054803739053   0.03503833886765022
   0.4985446738868581   -0.2239231050162452    -1.013475862393098    0.4129490471580224    0.6419453292962778   -0.3420006639387826  -0.04334443943510821    0.8510876333510516    0.1694326345118713   -0.3134867054552923 -0.007679496742231355    0.1507439397477657
   0.4462227824334952   -0.1863016071451265   0.05241511987174077  -0.02114636884981676    -1.212756995565844    0.4619979729157623    0.1611859811705515    0.1694326345118732    0.6155317317121479   -0.4007637071745249   0.05510649819083502   0.05963849659441059
  -0.3896260327972713    0.1601611348624525    0.5842407979899864   -0.2460874964002313   -0.1121822886626481    0.1641780753376817   -0.2028177661687751   -0.3134867054552929   -0.4007637071745229    0.9070900905313223   0.06222533942186828   -0.1678558618802107
   0.2148430091209285  -0.09125487403290977    0.8309349371688742   -0.3381178385860236    -1.705248093150635    0.6919576925971606  -0.04504054803738994 -0.007679496742230636    0.0551064981908394   0.06222533942186594    0.5740720927863286    -0.226217633952656
   -1.026126703893589    0.4213305833961831     1.264536528824431   -0.5213412900658733  -0.01054066841849865   0.07604403857732041   0.03503833886765082    0.1507439397477656   0.05963849659441138   -0.1678558618802107   -0.2262176339526559    0.3978742028010994

cov*(cov_.inverse()):
     1.000000000000009  3.807718029769092e-15  2.990524494705937e-13 -7.512220012717563e-14 -1.630520805179225e-14   2.30822305713474e-14 -3.992032399091627e-16  8.170547571850761e-16 -1.548023861874803e-15  9.584347204771859e-16  2.081668171172169e-17  1.144917494144693e-15
 5.129230373768223e-14      0.999999999999986   5.10702591327572e-14 -3.275157922644212e-14  1.873501354054952e-16   2.44804176929847e-14 -1.429412144204889e-15  1.942890293094024e-16 -1.179611963664229e-15   3.33066907387547e-16 -1.110223024625157e-15 -7.771561172376096e-16
 1.257587783909386e-14  -9.24173931826644e-16     0.9999999999999823 -1.938553484404082e-16 -6.303266827760445e-15 -9.940507618433347e-16   2.10552061896685e-16  2.276824562219559e-17  4.904930628324422e-16   1.45174670895809e-16  1.973247953923618e-17 -4.172009959724221e-16
-1.474376176702208e-13  1.870725796493389e-14 -4.214406601477094e-13      1.000000000000022 -1.143980743467665e-13  9.173217740965356e-15  7.494005416219807e-16 -1.165734175856414e-15 -1.193489751472043e-15 -8.881784197001252e-16  5.551115123125783e-16 -2.386979502944087e-15
 2.436939539052219e-14  1.200428645375951e-14  1.256217352363365e-13 -7.840950111415168e-15     0.9999999999999776  8.295447662121092e-15 -3.157196726277789e-16  8.049116928532385e-16 -2.411265631607762e-15  1.866562460151044e-15 -2.359223927328458e-16  9.020562075079397e-16
-5.329070518200751e-15  -3.33066907387547e-16  3.552713678800501e-15 -4.662936703425657e-15  2.709638069475773e-15     0.9999999999999961  5.273559366969494e-16 -2.220446049250313e-16  2.775557561562891e-17  1.665334536937735e-16  4.440892098500626e-16                      0
 1.099120794378905e-14  1.149080830487037e-14  1.318944953254686e-13 -4.224398608698721e-14 -4.558419613998055e-14 -4.364564265557647e-15      1.000000000000001  1.082467449009528e-15  9.679756995950584e-16  3.191891195797325e-16  3.150257832373882e-15  5.551115123125783e-16
-1.243449787580175e-14  8.604228440844963e-15 -4.662936703425657e-15  3.552713678800501e-15  1.143009298321118e-14 -8.604228440844963e-16  5.412337245047638e-16                      1  4.579669976578771e-16 -3.608224830031759e-16 -5.828670879282072e-16   3.33066907387547e-16
-3.885780586188048e-15   1.84297022087776e-14  1.157962614684038e-13 -6.106226635438361e-15 -6.635490767958885e-14  -1.47798440153224e-15  1.457167719820518e-15  1.956768080901838e-15      1.000000000000003 -2.636779683484747e-16  1.082467449009528e-15  1.360023205165817e-15
 2.065014825802791e-14 -7.605027718682322e-15  5.972999872483342e-14 -4.329869796038111e-15  -2.63053467897123e-14 -1.040834085586084e-15 -4.718447854656915e-16 -8.326672684688674e-17 -1.561251128379126e-15      1.000000000000002  2.192690473634684e-15 -2.775557561562891e-16
-3.996802888650564e-15  3.108624468950438e-15   5.10702591327572e-14 -5.262457136723242e-14  3.816391647148976e-15   1.63202784619898e-14  2.123301534595612e-15  6.106226635438361e-16  5.245803791353865e-15 -3.885780586188048e-16      1.000000000000006  2.220446049250313e-16
 7.105427357601002e-15  -1.77635683940025e-15 -1.243449787580175e-14  4.440892098500626e-15   3.12944115066216e-15 -1.665334536937735e-15  -3.33066907387547e-16                      0 -1.665334536937735e-16                      0                      0     0.9999999999999993
