5
2

7.677909893557476e-05
0.0002100288102878618
0.0007732646361273301
  0.01893008676503424
   0.5193318906078128

 -0.3734001825329645   0.8015669593931231  -0.4659727734803185 0.008474143673459543  0.02933047148741307
 -0.5748927176836812   0.1767985862591578    0.746105910908511 -0.07152553447134612  -0.2764971802333709
  0.1186969962595056   0.1333366863311101   0.1475026292837471  -0.8580228733717725   0.4584452794853928
 -0.5636236894739738  -0.3308202136333673 -0.06808320196990664   0.2406179061782456   0.7143906660583137
   0.445320139429307   0.4461075922194548   0.4469932841177238   0.4480089941115413   0.4496253270575851

0.4009557262886673
0.4010419993026308
0.4011004080571354
 0.401189533440906
 0.401258580936263

-0.000275403532387646
   0.4011034749916564

   2.343775984982171    4.843007936322642   -6.320164223976963  -0.1237771316929527     -0.7427745732733
   1.116511520671393   0.6877263769427635  -0.5660309193106124 -0.07929735842865956  -0.1587297216780013

 3.495174144132888e-08 -2.202281816881454e-07 -1.450651449589837e-07  -0.001094140853287566  -0.002767512225292677
 2.315453066874878e-09 -3.939405606125926e-08  8.132242122519816e-08 -0.0003406975043106466     0.1197757694917095

cov:
 0.0535991880936447 0.05364672463062875 0.05370002439545841 0.05375961546422828 0.05385815471543639
0.05364672463062875 0.05371388315962769 0.05378930000717135 0.05387482746380171 0.05401323921604212
0.05370002439545841 0.05378930000717135 0.05388968935322681 0.05400449146318872 0.05418790150234228
0.05375961546422828 0.05387482746380171 0.05400449146318872 0.05415435648330563 0.05438983515860101
0.05385815471543639 0.05401323921604212 0.05418790150234228 0.05438983515860101 0.05470749164274082

cov.inverse():
  31168498.4845587 -53049617.13220379  19821158.92349731  224689.9681662884  1835507.095968025
-53049617.13866302  109730378.9965483 -60336574.89924918  674032.3077447639  2981550.498162809
 19821158.93228364 -60336574.91005776  49488759.22999749 -2091318.452874088 -6882105.607977069
 224689.9679060472  674032.3081700981 -2091318.453017188   1359555.33512778 -166885.5088278318
 1835507.093901136  2981550.502086931 -6882105.609856307 -166885.5088058372  2231952.279566474

cov*(cov_.inverse()):
    0.9999999999126885   -7.8580342233181e-10 -5.820766091346741e-10 -5.456968210637569e-12   2.91038304567337e-11
 1.746229827404022e-10     0.9999999991268851  2.328306436538696e-10  5.456968210637569e-12 -5.820766091346741e-11
-5.820766091346741e-11 -5.529727786779404e-10      1.000000000407454 -1.637090463191271e-11 -5.820766091346741e-11
 8.731149137020111e-11   -7.8580342233181e-10 -5.820766091346741e-10                      1  1.455191522836685e-11
-1.600710675120354e-10 -1.455191522836685e-10 -2.328306436538696e-10 -7.275957614183426e-12                      1
