5
2

 7.67856026190741e-05
0.0002099981974143425
0.0007732515268144572
  0.01893034790178436
   0.5193317906332606

 -0.3733621643770058   0.8015560343314431   -0.466020723480397  0.00847371113270769  0.02935131249221003
 -0.5749202729440369    0.176849283813468   0.7460755678477151 -0.07152598865040255  -0.2764892232636023
  0.1187007158470827   0.1333312624283332   0.1475030628498391  -0.8580226264298032   0.4584462165849739
 -0.5636200048183483  -0.3308216227653518 -0.06808796140607637   0.2406186670267589   0.7143922106723275
  0.4453201142949058   0.4461077033763042   0.4469930741174833   0.4480089940838141    0.449625450462608

0.4009556693193386
0.4010420418394732
 0.401100376797697
0.4011895261401486
 0.401258531554884

-0.000275403532387646
   0.4011034749916564

0
0
0
0
0

0
0

0
0
0
0
0

0
0

0
0
0
0
0

0
0

0
0
0
0
0

0
0

0
0
0
0
0

0
0

0
0
0
0
0

0
0

0
0
0
0
0

0
0

0
0
0
0
0

0
0

0
0
0
0
0

0
0

0
0
0
0
0

0
0

0
0
0
0
0

0
0

0
0
0
0
0

0
0

0
0
0
0
0

0
0

0
0
0
0
0

0
0

0
0
0
0
0

0
0

0
0
0
0
0

0
0

0
0
0
0
0

0
0

0
0
0
0
0

0
0

0
0
0
0
0

0
0

0
0
0
0
0

0
0

0
0
0
0
0

0
0

0
0
0
0
0

0
0

0
0
0
0
0

0
0

0
0
0
0
0

0
0

0
0
0
0
0

0
0

0
0
0
0
0

0
0

0
0
0
0
0

0
0

0
0
0
0
0

0
0

0
0
0
0
0

0
0

0
0
0
0
0

0
0

0
0
0
0
0

0
0

0
0
0
0
0

0
0

0
0
0
0
0

0
0

0
0
0
0
0

0
0

0
0
0
0
0

0
0

0
0
0
0
0

0
0

0
0
0
0
0

0
0

0
0
0
0
0

0
0

0
0
0
0
0

0
0

0
0
0
0
0

0
0

0
0
0
0
0

0
0

0
0
0
0
0

0
0

0
0
0
0
0

0
0

0
0
0
0
0

0
0

0
0
0
0
0

0
0

0
0
0
0
0

0
0

0
0
0
0
0

0
0

0
0
0
0
0

0
0

0
0
0
0
0

0
0

0
0
0
0
0

0
0

0
0
0
0
0

0
0

0
0
0
0
0

0
0

0
0
0
0
0

0
0

0
0
0
0
0

0
0

0
0
0
0
0

0
0

0
0
0
0
0

0
0

0
0
0
0
0

0
0

0
0
0
0
0

0
0

0
0
0
0
0

0
0

0
0
0
0
0

0
0

0
0
0
0
0

0
0

0
0
0
0
0

0
0

0
0
0
0
0

0
0

0
0
0
0
0

0
0

0
0
0
0
0

0
0

0
0
0
0
0

0
0

0
0
0
0
0

0
0

0
0
0
0
0

0
0

0
0
0
0
0

0
0

0
0
0
0
0

0
0

0
0
0
0
0

0
0

0
0
0
0
0

0
0

0
0
0
0
0

0
0

0
0
0
0
0

0
0

0
0
0
0
0

0
0

0
0
0
0
0

0
0

0
0
0
0
0

0
0

   2.343232696969727    4.843982702377134   -6.320613600326819  -0.1237497692696846  -0.7427880611989017
   1.115734905752449   0.6883145987658665  -0.5655211144772908 -0.07934751619055239  -0.1590011745551913

 3.496660870805856e-08 -2.201411394915103e-07 -1.450910097453448e-07  -0.001094156014385588  -0.002767523418268972
 2.319231327684389e-09 -3.933717023067549e-08  8.130772969367023e-08 -0.0003407040557593063     0.1197757427103027

cov:
0.05359916311325531 0.05364671601868427 0.05369997672967766 0.05375959053002354 0.05385814234596183
0.05364671601868427  0.0537138906583462 0.05378926825431946 0.05387481914455152 0.05401324383218932
0.05369997672967766 0.05378926825431946 0.05388961824093939  0.0540044447029415 0.05418786830896496
0.05375959053002354 0.05387481914455152  0.0540044447029415 0.05415433632306079 0.05438983118395267
0.05385814234596183 0.05401324383218932 0.05418786830896496 0.05438983118395267 0.05470750641162492

cov.inverse():
 31162582.32123913 -53036599.22002914  19813287.37063737  225174.2794430376  1835817.055289749
-53036599.21570258  109709558.5017984 -60329889.96304917  673596.3402906958  2983044.337191711
 19813287.36455785 -60329889.95538079  49492753.93997631 -2091558.665526085 -6884633.013190755
 225174.2799377763  673596.3392983733 -2091558.665008598  1359628.352700749  -166767.659783917
 1835817.056547995  2983044.334842118 -6884633.012119297 -166767.6597640172  2232553.858076464

cov*(cov_.inverse()):
     1.000000000203727  2.037268131971359e-10  5.820766091346741e-11   -1.2732925824821e-11                      0
 1.309672370553017e-10      1.000000001135049 -4.656612873077393e-10 -1.091393642127514e-11 -1.455191522836685e-11
 3.055902197957039e-10  9.313225746154785e-10     0.9999999995925464  5.456968210637569e-12   2.91038304567337e-11
 3.783497959375381e-10  7.275957614183426e-10  -2.91038304567337e-10      1.000000000001819   2.91038304567337e-11
 3.201421350240707e-10  2.619344741106033e-10 -5.820766091346741e-11  9.094947017729282e-12                      1
