5 
12 
13 
14 
15 
inputFileName = /Users/demattia/RemoteProjects/extracted_endcaps.root
eventsFractionStartBuild = 0
eventsFractionEndBuild = 0.2
eventsFractionStartTest = 0.8
eventsFractionEndTest = 1
var name = R
var name = z
par name = cotTheta
firstOrderChargeOverPtCoefficientsFileName = 
firstOrderCotThetaCoefficientsFileName = 
2 < pT < 10, pT regions = 1
0 < phi < 0.8, phi regions = 1
-3 < eta < 3, eta regions = 1
-15 < z0 < 15, eta regions = 1
charge regions = 1
endcap regions = 0
Training
Requested running from track number 0 to track number 1000000 for a total of 1000000 tracks.
Analyzed 10% of 1000000 tracks
Analyzed 20% of 1000000 tracks
Analyzed 30% of 1000000 tracks
Analyzed 40% of 1000000 tracks
Analyzed 50% of 1000000 tracks
Analyzed 60% of 1000000 tracks
Analyzed 70% of 1000000 tracks
Analyzed 80% of 1000000 tracks
Analyzed 90% of 1000000 tracks
Analyzed 100% of 1000000 tracks
Evaluating eigenvalues:
geomIndex = 0
Sqrt(eigenvalues) of cov:
 0.0512109 0.512264 0.862842 0.998305 1.18975 1.32554 1.85987 2.67892 5.28355 9.00531
Analyzed 10% of 1000000 tracks
Analyzed 20% of 1000000 tracks
Analyzed 30% of 1000000 tracks
Analyzed 40% of 1000000 tracks
Analyzed 50% of 1000000 tracks
Analyzed 60% of 1000000 tracks
Analyzed 70% of 1000000 tracks
Analyzed 80% of 1000000 tracks
Analyzed 90% of 1000000 tracks
Analyzed 100% of 1000000 tracks
opening GeometricIndex.txt for writing
Matrices built:
geomIndex = 0

V_0:
    0.200998   -0.0593091    -0.755313     0.223589     0.554294    -0.168317   -0.0028019 -0.000872402 -0.000930024   0.00329599
    0.609362    -0.129519     -0.28048    0.0617778    -0.587633     0.170944     0.255759   -0.0154811     0.276778    -0.112354
    -0.29495    0.0165321   -0.0625114   -0.0717515     0.013877     -0.14878     0.250442     0.544637     0.255892     -0.67566
    0.641492   0.00890681     0.372561    -0.108915     0.257031    -0.204619     -0.46141     0.292184    0.0380781    -0.173466
   -0.195206   -0.0188592   -0.0136067     0.449778    -0.207812    -0.249485    -0.514429    -0.417547     0.347071    -0.306894
    0.208492    0.0545396     0.248902     0.120537     0.166344    -0.191193     0.464067    -0.499203    -0.377734    -0.453436
  -0.0126541  -0.00458102    -0.105216    -0.484513     0.244231     0.616638    -0.199281    -0.345673     0.189763    -0.344806
   0.0325542     0.068274     0.188015     0.688727     0.164997     0.626865    0.0175441     0.231884   -0.0720844   -0.0716017
  -0.0773347    -0.630918    -0.154764   -0.0241271    -0.219793    0.0716532    -0.283621     0.118436    -0.610319    -0.225893
   0.0315422     0.757156     -0.27498   -0.0516895    -0.274134    0.0361827    -0.241873    0.0832013    -0.423823    -0.161011
corrPV_0:
-0.000118118    0.0349087   -0.0309622    0.0313495  -0.00664423 -2.80646e-05   -0.0278472  -0.00340026      1.02005     0.808886
D_0:
   0.102943  -0.0303752  0.00344586 -0.00223026   -0.107466   0.0289644  0.00044719 -0.00568118 -0.00222805  0.00194536
opening matrixVD_0.txt for writing
