5 
12 
13 
14 
15 
inputFileName = /Users/demattia/RemoteProjects/extracted_endcaps.root
eventsFractionStartBuild = 0
eventsFractionEndBuild = 0.2
eventsFractionStartTest = 0.8
eventsFractionEndTest = 1
var name = R
var name = z
par name = cotTheta
firstOrderChargeOverPtCoefficientsFileName = 
firstOrderCotThetaCoefficientsFileName = 
pT > 2, pT regions = 1
0 < phi < 0.8, phi regions = 1
-3 < eta < 3, eta regions = 1
-15 < z0 < 15, eta regions = 1
charge regions = 1
endcap regions = 0
Training
Requested running from track number 0 to track number 1000000 for a total of 1000000 tracks.
Analyzed 10% of 1000000 tracks
Analyzed 20% of 1000000 tracks
Analyzed 30% of 1000000 tracks
Analyzed 40% of 1000000 tracks
Analyzed 50% of 1000000 tracks
Analyzed 60% of 1000000 tracks
Analyzed 70% of 1000000 tracks
Analyzed 80% of 1000000 tracks
Analyzed 90% of 1000000 tracks
Analyzed 100% of 1000000 tracks
Evaluating eigenvalues:
geomIndex = 0
Sqrt(eigenvalues) of cov:
 0.0512604 0.513063 0.861913 1.00095 1.19195 1.32493 1.85723 2.68061 5.28914 9.01393
Analyzed 10% of 1000000 tracks
Analyzed 20% of 1000000 tracks
Analyzed 30% of 1000000 tracks
Analyzed 40% of 1000000 tracks
Analyzed 50% of 1000000 tracks
Analyzed 60% of 1000000 tracks
Analyzed 70% of 1000000 tracks
Analyzed 80% of 1000000 tracks
Analyzed 90% of 1000000 tracks
Analyzed 100% of 1000000 tracks
opening GeometricIndex.txt for writing
Matrices built:
geomIndex = 0

V_0:
   0.201066  -0.0593026   -0.755373     0.22373    0.554096   -0.168432  -0.0027434 -0.00107462 -0.00093105    0.003343
   0.610107   -0.129711   -0.280359   0.0633959   -0.588288    0.172548    0.255307  -0.0208096    0.274419   -0.107463
  -0.310924   0.0141718  -0.0780629  -0.0728912   0.0029261   -0.135759    0.271316    0.538752    0.253907   -0.667042
    0.63314  0.00869787    0.371438   -0.106949    0.256024   -0.211725    -0.45079    0.305467   0.0462762   -0.201529
   -0.19878  -0.0177506  -0.0125416    0.452169   -0.206847   -0.251995   -0.503294   -0.420368    0.342716   -0.319064
    0.20543   0.0555906    0.247149    0.118028    0.166417   -0.189855    0.475988   -0.491888   -0.384258   -0.446971
-0.00985352 -0.00296993   -0.102369   -0.480501    0.246361    0.618112   -0.197053   -0.349005     0.18766   -0.346304
  0.0320807   0.0705527    0.188101    0.690309    0.164331    0.624662   0.0190338     0.23352  -0.0726321  -0.0686114
 -0.0771665   -0.631578   -0.154323   -0.023665   -0.218674   0.0743006   -0.283289    0.117878   -0.610376   -0.225241
  0.0317077    0.756372   -0.275379  -0.0530921   -0.274483   0.0356045   -0.242224   0.0843031   -0.424176   -0.161027
corrPV_0:
  -0.0001213    0.0351749    -0.030911    0.0305418   -0.0074366 -0.000519796   -0.0276121  -0.00421773      1.02301     0.814787
D_0:
   0.103018  -0.0303718  0.00427481 -0.00244232   -0.108291   0.0291616 0.000482657 -0.00567751 -0.00215562  0.00186072
opening matrixVD_0.txt for writing
