10
1

0.05126037256973729
   0.51306288232107
 0.8619131383951656
  1.000953957276812
   1.19195394753764
  1.324928033014432
  1.857233456132618
  2.680611837737007
  5.289137491007984
  9.013925816977338

   0.2010656974525128  -0.05930257160363935   -0.7553731481587174    0.2237304090023677    0.5540955047873013   -0.1684320321504937 -0.002743399900898453 -0.001074618991404368 -0.000931049608627322  0.003343000949023955
   0.6101074193668993   -0.1297107665227153   -0.2803588247826904   0.06339586046285332   -0.5882877287942185    0.1725478523238095    0.2553073929001107  -0.02080957296852559    0.2744185221219241   -0.1074630469166575
  -0.3109239419837302   0.01417184495508993  -0.07806294942020446  -0.07289122469684553   0.00292609599047369   -0.1357589725666744    0.2713159609894374    0.5387518691812226    0.2539070593973914   -0.6670417705706754
   0.6331404504995781  0.008697874999717806    0.3714377668962441   -0.1069491826149933    0.2560244211485771   -0.2117249193559008    -0.450790307646229     0.305467058938284    0.0462761775881326   -0.2015289524999208
  -0.1987796461813948  -0.01775061163283479  -0.01254157108473001    0.4521691025295053   -0.2068474493082341   -0.2519951294153872   -0.5032941521774594   -0.4203679155167144    0.3427159388887803   -0.3190635743050831
   0.2054296115732208   0.05559055899009103     0.247148824821167     0.118028078779469    0.1664170176242667   -0.1898552366482032    0.4759876260351563   -0.4918883415054559   -0.3842576184517741    -0.446971232660097
-0.009853520874068242 -0.002969930402032289    -0.102368790248141   -0.4805010616574602    0.2463614820192627    0.6181120785779964   -0.1970525881071148   -0.3490054899593921     0.187659559430031   -0.3463037134009089
  0.03208074860736103    0.0705526951762588    0.1881011901230633    0.6903092165034717     0.164330941064149    0.6246619754005892   0.01903378582338201    0.2335204450647478  -0.07263206035598578   -0.0686114385277598
 -0.07716653243904126   -0.6315779928855687   -0.1543227603917857  -0.02366504075847475    -0.218674463348348   0.07430064292055148   -0.2832886235365646    0.1178776686284789   -0.6103758628037722   -0.2252412646604948
  0.03170774831601437    0.7563723745534222   -0.2753792361906188  -0.05309206347084252    -0.274483157020088   0.03560452541275586   -0.2422244439972834   0.08430306206212806   -0.4241756428673396    -0.161026735414584

22.68354235505066
76.83180172483607
46.09758835591526
155.7991510037893
54.70538804704712
184.9307843134599
65.63470199798034
221.6638540338747
77.18130708852719
261.2033237221486

3.383274161639505

0
0
0
0
0
0
0
0
0
0

0

0
0
0
0
0
0
0
0
0
0

0

0
0
0
0
0
0
0
0
0
0

0

0
0
0
0
0
0
0
0
0
0

0

0
0
0
0
0
0
0
0
0
0

0

0
0
0
0
0
0
0
0
0
0

0

0
0
0
0
0
0
0
0
0
0

0

0
0
0
0
0
0
0
0
0
0

0

0
0
0
0
0
0
0
0
0
0

0

0
0
0
0
0
0
0
0
0
0

0

0
0
0
0
0
0
0
0
0
0

0

0
0
0
0
0
0
0
0
0
0

0

0
0
0
0
0
0
0
0
0
0

0

0
0
0
0
0
0
0
0
0
0

0

0
0
0
0
0
0
0
0
0
0

0

0
0
0
0
0
0
0
0
0
0

0

0
0
0
0
0
0
0
0
0
0

0

0
0
0
0
0
0
0
0
0
0

0

0
0
0
0
0
0
0
0
0
0

0

0
0
0
0
0
0
0
0
0
0

0

0
0
0
0
0
0
0
0
0
0

0

0
0
0
0
0
0
0
0
0
0

0

0
0
0
0
0
0
0
0
0
0

0

0
0
0
0
0
0
0
0
0
0

0

0
0
0
0
0
0
0
0
0
0

0

0
0
0
0
0
0
0
0
0
0

0

0
0
0
0
0
0
0
0
0
0

0

0
0
0
0
0
0
0
0
0
0

0

0
0
0
0
0
0
0
0
0
0

0

0
0
0
0
0
0
0
0
0
0

0

0
0
0
0
0
0
0
0
0
0

0

0
0
0
0
0
0
0
0
0
0

0

0
0
0
0
0
0
0
0
0
0

0

0
0
0
0
0
0
0
0
0
0

0

0
0
0
0
0
0
0
0
0
0

0

0
0
0
0
0
0
0
0
0
0

0

0
0
0
0
0
0
0
0
0
0

0

0
0
0
0
0
0
0
0
0
0

0

0
0
0
0
0
0
0
0
0
0

0

0
0
0
0
0
0
0
0
0
0

0

0
0
0
0
0
0
0
0
0
0

0

0
0
0
0
0
0
0
0
0
0

0

0
0
0
0
0
0
0
0
0
0

0

0
0
0
0
0
0
0
0
0
0

0

0
0
0
0
0
0
0
0
0
0

0

0
0
0
0
0
0
0
0
0
0

0

0
0
0
0
0
0
0
0
0
0

0

0
0
0
0
0
0
0
0
0
0

0

0
0
0
0
0
0
0
0
0
0

0

0
0
0
0
0
0
0
0
0
0

0

0
0
0
0
0
0
0
0
0
0

0

0
0
0
0
0
0
0
0
0
0

0

0
0
0
0
0
0
0
0
0
0

0

0
0
0
0
0
0
0
0
0
0

0

0
0
0
0
0
0
0
0
0
0

0

0
0
0
0
0
0
0
0
0
0

0

0
0
0
0
0
0
0
0
0
0

0

0
0
0
0
0
0
0
0
0
0

0

0
0
0
0
0
0
0
0
0
0

0

0
0
0
0
0
0
0
0
0
0

0

0
0
0
0
0
0
0
0
0
0

0

0
0
0
0
0
0
0
0
0
0

0

0
0
0
0
0
0
0
0
0
0

0

0
0
0
0
0
0
0
0
0
0

0

0
0
0
0
0
0
0
0
0
0

0

0
0
0
0
0
0
0
0
0
0

0

0
0
0
0
0
0
0
0
0
0

0

0
0
0
0
0
0
0
0
0
0

0

0
0
0
0
0
0
0
0
0
0

0

0
0
0
0
0
0
0
0
0
0

0

0
0
0
0
0
0
0
0
0
0

0

0
0
0
0
0
0
0
0
0
0

0

0
0
0
0
0
0
0
0
0
0

0

0
0
0
0
0
0
0
0
0
0

0

0
0
0
0
0
0
0
0
0
0

0

0
0
0
0
0
0
0
0
0
0

0

0
0
0
0
0
0
0
0
0
0

0

   0.1030177949723683  -0.03037184459023402   0.00427481324505859 -0.002442324703983948   -0.1082909885722131   0.02916155326233382 0.0004826570548400124 -0.005677505172542284 -0.002155618952652045  0.001860724500993221

-0.0001212999130837581    0.03517485723941507    -0.0309110415764618     0.0305418054336474   -0.00743660422382142 -0.0005197962312206425   -0.02761212164833525  -0.004217725179343967      1.023005652978978       0.81478680309091

cov:
   0.957760843672629    3.334841872202519 -0.02857644861143082 -0.03607494396613867 -0.01960133654479481  -0.0183024986970792 0.004752671774528826   0.0357381742741705 -0.01886050774215435 0.005241119700171195
   3.334841872202519    57.68884200103388   -14.06409716468272   -2.493594521898521   -12.88048196192575     1.16437701027106   -9.819850036223936    3.191821515158584   -15.37492488432491    -5.98831364332779
-0.02857644861143082   -14.06409716468272    7.390580414727624    2.395256093674868      7.4339972636903   -0.652553513089894    6.751182675972633   -2.078237926490783    11.77093795957958    4.388264369923585
-0.03607494396613867   -2.493594521898521    2.395256093674868    4.796779624292633    1.600158559513823    1.702893986179088    1.466620285198483   0.8608585931651651    1.689002848973262   0.8357194760019868
-0.01960133654479481   -12.88048196192575      7.4339972636903    1.600158559513823    8.129634239919477 -0.04867964135020128    7.122481685948216   -2.559473682406187    13.02453941856762    4.520502972829268
 -0.0183024986970792     1.16437701027106   -0.652553513089894    1.702893986179088 -0.04867964135020128    4.599175216182601   -1.522841754119556   0.9873370391897164   -2.439309697799551   -1.611983688631047
0.004752671774528826   -9.819850036223936    6.751182675972633    1.466620285198483    7.122481685948216   -1.522841754119556    8.181851949952978   -2.465377003705609    12.53050086288566    4.984216377979476
  0.0357381742741705    3.191821515158584   -2.078237926490783   0.8608585931651651   -2.559473682406187   0.9873370391897164   -2.465377003705609    2.763182966013146    -5.02465532255464   -1.295540918069931
-0.01886050774215435   -15.37492488432491    11.77093795957958    1.689002848973262    13.02453941856762   -2.439309697799551    12.53050086288566    -5.02465532255464    25.69669036534655     9.21064083187901
0.005241119700171195    -5.98831364332779    4.388264369923585   0.8357194760019868    4.520502972829268   -1.611983688631047    4.984216377979476   -1.295540918069931     9.21064083187901    4.843185082265276

cov.inverse():
   17.38208414705925   -4.827548808042917   -58.15136339625018    17.18473679700064    41.24534775049726   -12.55158875598844   0.1108419300969655   -0.159911680144287   0.3955033781740282   0.1521340854921975
  -4.827548808042906    1.426632140666071    17.19864972520388    -5.07758271514576   -12.20151489170471    3.713261062667357 -0.03676849138725331  0.03782828768069554  -0.1164577448039624 -0.04392631718533818
  -58.15136339625056    17.19864972520394    217.6390252307255   -64.37083790220419   -158.5422994022492    48.14474007875597   0.4012943245499973   0.3377142503900256 -0.09393483541738706  -0.9010338224910591
    17.1847367970008   -5.077582715145782   -64.37083790220419    19.36861424318818    46.93661034318614   -14.38289291500021   -0.249100634935578  -0.2779412925701383 0.007873565723647691   0.2560695794624774
   41.24534775049766   -12.20151489170479   -158.5422994022497    46.93661034318626    118.2938699988668   -35.88161426826326   -1.155415439892651  -0.1061449693534448  -0.8651701245241843   0.8710678992295571
  -12.55158875598869    3.713261062667388    48.14474007875608   -14.38289291500024   -35.88161426826323     11.2097359651655   0.3921590511729102 -0.02189439043495039   0.1896605649198788 -0.08400215481359943
  0.1108419300969293 -0.03676849138724307   0.4012943245501212  -0.2491006349356147   -1.155415439892739    0.392159051172937   0.8746496177088258  0.07490840712475318    0.109972699067137  -0.2464641881478198
 -0.1599116801442842  0.03782828768069473   0.3377142503900156  -0.2779412925701353  -0.1061449693534376 -0.02189439043495252  0.07490840712475332   0.7916177556087862   0.1588417445467997  -0.2867159099637842
  0.3955033781739767  -0.1164577448039467 -0.09393483541718597 0.007873565723587892  -0.8651701245243324   0.1896605649199239   0.1099726990671386   0.1588417445467998   0.5685852224759298  -0.3420207390830728
  0.1521340854922565 -0.04392631718535556  -0.9010338224912794   0.2560695794625428   0.8710678992297173 -0.08400215481364823  -0.2464641881478203  -0.2867159099637845  -0.3420207390830723   0.9106123337237799

cov*(cov_.inverse()):
    0.9999999999999316 -4.092077154557727e-15    1.4914545293232e-13 -7.802894615160927e-14 -9.411395274216972e-14  1.332108793931919e-13  1.424424814211456e-15 -1.441988889405721e-16 -1.185032974526656e-15 -5.377642775528102e-17
 2.886579864025407e-14     0.9999999999999947  1.252331571777177e-13 -1.620925615952729e-14 -1.110223024625157e-13 -5.906386491005833e-14 -1.332267629550188e-15  2.220446049250313e-16 -1.332267629550188e-15  8.881784197001252e-16
-5.939693181744587e-14 -1.537658889105842e-14      1.000000000000282 -2.442490654175344e-14  3.819167204710538e-14  5.800915303666443e-14  1.998401444325282e-15 -4.440892098500626e-16 -1.332267629550188e-15   1.77635683940025e-15
-8.826273045769994e-15 -3.844147222764605e-15  4.007905118896815e-14      1.000000000000032  3.452793606584237e-14  8.770761894538737e-15  5.828670879282072e-16 -1.387778780781446e-16  2.220446049250313e-16  -3.33066907387547e-16
 2.720046410331634e-14 -9.159339953157541e-15  9.947598300641403e-14  3.552713678800501e-14      1.000000000000207  6.233902283270254e-14  1.332267629550188e-15 -4.440892098500626e-16  1.110223024625157e-15 -8.881784197001252e-16
-1.559863349598345e-14  4.871103520542874e-15  7.083222897108499e-14 -7.938094626069869e-15 -5.040412531798211e-14      1.000000000000005  2.775557561562891e-16  5.551115123125783e-17  5.551115123125783e-16 -4.440892098500626e-16
 2.775557561562891e-14 -1.618150058391166e-14 -2.575717417130363e-13  1.241229341530925e-13  1.181277298201167e-13  7.605027718682322e-15                      1 -8.881784197001252e-16 -1.332267629550188e-15  8.881784197001252e-16
-1.162958618294851e-14  5.273559366969494e-16 -1.976196983832779e-14  1.049160758270773e-14 -1.820765760385257e-14  9.020562075079397e-15  1.665334536937735e-16                      1  1.110223024625157e-16 -2.220446049250313e-16
 3.064215547965432e-14 -4.390932062392494e-14  1.243449787580175e-14  2.708944180085382e-14  6.572520305780927e-14 -4.329869796038111e-14  8.881784197001252e-16 -4.440892098500626e-16     0.9999999999999947   1.77635683940025e-15
 -1.63202784619898e-14 -1.307287611496122e-14  1.234568003383174e-13  1.332267629550188e-15  4.707345624410664e-14  1.781907954523376e-14  4.440892098500626e-16 -2.220446049250313e-16 -4.440892098500626e-16      1.000000000000001
