6
2

0.0593039310542487
0.1159100489211202
 1.251724180059896
 4.244111352338763
 8.194555034899571
 30.18327679519692

   -0.4567341721802987     0.8452298474979615    -0.1705352554904002     -0.218855066156372  0.0007491374069563553  0.0001621943601207241
    -0.170674279070981   -0.07480413456377066     0.8064765562531077    -0.5611328551526913 -0.0001638220978990902 -0.0002969181754955704
    -0.547652022792282   -0.04760248882200725     0.3541908625478473     0.6821671427902823    -0.2109544462365017    -0.2500126172565658
    0.1155239810585268    0.08352878960702029    0.05664318115336105    0.03506210926054206    -0.7986604371102448       0.58084494990064
   -0.6638373593283265    -0.4813518220861259    -0.3333229997183947    -0.2132232194969809     0.1104907615559913     0.3985521444820109
   0.09119001325958143     0.1976062096439331     0.2841644798776268      0.353817573538632     0.5526580600825126     0.6642807456556461

63.25415071842368
102.3695795853064
134.1501755947599
159.6872578092752
227.1432068594122
269.2239310418486

 2.922584930639619
-1.359389092432173

  -0.06383158151766244    0.05427458466784356   0.004165323622404472   0.005420039960212745 -3.665532535239782e-05   1.09676314271976e-05
      2.37407501481247     -1.128848951046859    -0.1044466821422021    -0.1412329688667165  0.0009630681750136955  -0.000391148479173431

0.0002572020438160894 9.609244237277313e-05   0.05883630819657699  -0.04285110162943333    0.9202915758273738     7.281465637783876
-0.006997814307763574 -0.004376286491861227    -2.162006495385189     3.028019332649343    -64.98492250358338    -78.30665217182371

cov:
37.87920570934597 38.08727493962908 38.27845772165004 38.38819003353199  39.5068302870915 38.84322440459433
38.08727493962908 51.26471071523545 61.98830459459366  70.5899168468805 94.73508740243039 107.5974028305089
38.27845772165004 61.98830459459366 81.28911005136499 96.77809497508046 139.6684232496305 163.5037412470333
38.38819003353199  70.5899168468805 96.77809497508046 117.8576364491491 175.8310776371316 208.5163649681776
 39.5068302870915 94.73508740243039 139.6684232496305 175.8310776371316 290.6357321422382 329.1412606185423
38.84322440459433 107.5974028305089 163.5037412470333 208.5163649681776 329.1412606185423 418.8507819378149

cov.inverse():
   61.68129511261849   -108.7946592876772    11.78153808299591     35.3142235796896 -0.02763040331325949  0.06994761350687698
  -108.7946592876228    203.5558514512459   -45.48307142290069   -49.49210636877418   0.1829856726037458  0.04820986189808356
   11.78153808287275   -45.48307142269362    56.76184373701523   -22.91570006662313 -0.09673462285554518  -0.0821498920565457
   35.31422357975872   -49.49210636892757   -22.91570006653906     37.3532293356468   -0.133312771665665  -0.1064206638546022
-0.02763040331330765   0.1829856726038614 -0.09673462285562283  -0.1333127716656545  0.06449338942460089 0.009004167573150765
 0.06994761350658536  0.04820986189858284 -0.08214989205656653  -0.1064206638547894 0.009004167573150906  0.06148818611411499

cov*(cov_.inverse()):
    0.9999999999998188  2.198463633362735e-12  1.300737295650833e-12 -9.956480084838404e-13 -3.219646771412954e-15  7.993605777301127e-15
-5.648814749292796e-13      1.000000000003427 -4.387601393318619e-13 -3.623767952376511e-13 -1.443289932012704e-15  4.440892098500626e-15
 2.522426711948356e-13  2.994937631228822e-12     0.9999999999991616 -1.669775429036235e-13 -1.332267629550188e-15  7.105427357601002e-15
 1.865174681370263e-13  4.494182803682634e-13 -3.019806626980426e-13     0.9999999999999289 -2.220446049250313e-16  5.329070518200751e-15
 2.025046796916286e-13  7.052136652418994e-13 -6.394884621840902e-14 -2.060573933704291e-13     0.9999999999999973                      0
-4.476419235288631e-13  5.847766715305625e-12 -1.286082351725781e-12 -3.268496584496461e-13  3.108624468950438e-15      1.000000000000004
