5
2

0.0001069815038703389
0.0002084885690875785
0.0006685149522735987
    0.022501477511264
   0.5166281161854557

   -0.427636955386812    0.8091142956695389   -0.4023313765298321 -0.003260116223185299    0.0240733469319462
  -0.5526404428174292    0.1055663984164589    0.7872140712544885   -0.1157532435747111   -0.2243645896945401
  0.05806351920396365    0.0529277919298347   0.08684039073062642    -0.794172219131919    0.5963023641374545
   -0.557025649220739   -0.3641963638446435   -0.1061172772473009    0.3930872443341162    0.6255437446605835
   0.4450463225304966    0.4458132450615797    0.4467900396001626    0.4487354041582173    0.4496660081647179

0.3961509485452481
0.3962274519576878
0.3963101970015726
0.3963281045187537
 0.396334261603832

-0.0002546249337628472
    0.3962950053232652

   3.932475812959028   -1.796956001546608  -0.1911413077810077  -0.8158541641333551   -1.128790438824253
   1.195668713273921 -0.01264184220250525   0.1848959007352732  -0.1454144138992833  -0.2225821326881726

 -3.52876585986209e-08 -9.413814201619542e-08  4.087190783882094e-08  -0.001287345786319933  -0.002683527952057846
-6.876346999665561e-09 -1.955102409063358e-08  3.019781394552837e-08 -0.0004442573234973572     0.1184419889580808

cov:
0.05302190527143466 0.05305859821309331 0.05310183073143114 0.05319211628586398 0.05323713655870806
0.05305859821309331 0.05311431092291079 0.05318294260761106 0.05332234686398447 0.05339024705841468
0.05310183073143114 0.05318294260761106 0.05328558957710309   0.053490686274876 0.05358922158540301
0.05319211628586398 0.05332234686398447   0.053490686274876 0.05382335388680687 0.05398058395530838
0.05323713655870806 0.05339024705841468 0.05358922158540301 0.05398058395530838 0.05416626909003418

cov.inverse():
 23012754.07245634 -31566938.41834972  5035717.563622733  1489873.509600909   2029844.13190962
-31566938.42139952  57463745.39061935 -26520851.49423213 -605933.3971430912  1227152.529864392
 5035717.567872697 -26520851.49933792  28416957.74695458  -2136133.87154353 -4793855.403684618
 1489873.509211121 -605933.3965899011 -2136133.871661868  1720744.016278095 -468532.9375322573
 2029844.131099501  1227152.531366991 -4793855.404422257 -468532.9374871718  2005133.395379516

cov*(cov_.inverse()):
    0.9999999996653059  1.091393642127514e-10   2.91038304567337e-11                      0                      0
-3.201421350240707e-10      1.000000000029104  1.164153218269348e-10                      0  1.455191522836685e-11
-1.455191522836685e-10 -2.764863893389702e-10      1.000000000232831                      0   2.91038304567337e-11
 -2.91038304567337e-10  4.802132025361061e-10   2.91038304567337e-11      1.000000000007276                      0
-1.455191522836685e-10  5.820766091346741e-11 -1.455191522836685e-10                      0                      1
