5
1

0.001649241489683082
 0.00178037619192027
0.004970033818458547
 0.09265295980856016
  0.5611172299781422

-0.2787009567173496 0.08386330545713089 0.09751797397773401  0.7197735248518713 -0.6226628625478063
-0.3962847070596044  0.8109834050819298 -0.4048863690451348 -0.1084763453691119 0.09779702597323875
 0.5023870507023229 -0.1042793783395387 -0.7840303578796137  0.3470850269700526 0.03951511756409196
-0.5895887197463862 -0.3827677632809061 -0.1396017857956629  0.3546873892492523  0.6004849525599805
  0.406542249354181  0.4217671316325806   0.438594359560804  0.4731678300332993  0.4904926895963851

0.4003057574664708
0.4004797582568851
0.4001169840674336
0.3998893396499085
0.3997126886029275

0.002010908675171795

0
0
0
0
0

0

0
0
0
0
0

0

0
0
0
0
0

0

0
0
0
0
0

0

0
0
0
0
0

0

0
0
0
0
0

0

0
0
0
0
0

0

0
0
0
0
0

0

0
0
0
0
0

0

0
0
0
0
0

0

0
0
0
0
0

0

0
0
0
0
0

0

0
0
0
0
0

0

0
0
0
0
0

0

0
0
0
0
0

0

0
0
0
0
0

0

0
0
0
0
0

0

0
0
0
0
0

0

0
0
0
0
0

0

0
0
0
0
0

0

0
0
0
0
0

0

0
0
0
0
0

0

0
0
0
0
0

0

0
0
0
0
0

0

0
0
0
0
0

0

0
0
0
0
0

0

0
0
0
0
0

0

0
0
0
0
0

0

0
0
0
0
0

0

0
0
0
0
0

0

0
0
0
0
0

0

0
0
0
0
0

0

0
0
0
0
0

0

0
0
0
0
0

0

0
0
0
0
0

0

0
0
0
0
0

0

0
0
0
0
0

0

0
0
0
0
0

0

0
0
0
0
0

0

0
0
0
0
0

0

0
0
0
0
0

0

0
0
0
0
0

0

0
0
0
0
0

0

0
0
0
0
0

0

0
0
0
0
0

0

0
0
0
0
0

0

0
0
0
0
0

0

0
0
0
0
0

0

0
0
0
0
0

0

0
0
0
0
0

0

0
0
0
0
0

0

0
0
0
0
0

0

0
0
0
0
0

0

0
0
0
0
0

0

0
0
0
0
0

0

0
0
0
0
0

0

0
0
0
0
0

0

0
0
0
0
0

0

0
0
0
0
0

0

0
0
0
0
0

0

0
0
0
0
0

0

0
0
0
0
0

0

0
0
0
0
0

0

0
0
0
0
0

0

0
0
0
0
0

0

0
0
0
0
0

0

0
0
0
0
0

0

0
0
0
0
0

0

0
0
0
0
0

0

0
0
0
0
0

0

0
0
0
0
0

0

0
0
0
0
0

0

0
0
0
0
0

0

0
0
0
0
0

0

0
0
0
0
0

0

0
0
0
0
0

0

0
0
0
0
0

0

   5.246246643988497 -0.04642604642008596   -5.181642618168279     1.84322182560967   -1.862062182721198

 1.400277961424416e-06 -1.270215094431607e-06  0.0001795589141772717   -0.02417727377642725   -0.06315120662450785

cov:
0.05502882631515965 0.05592150797765175 0.05683773710173357 0.05877458523685756 0.05974505245591405
0.05592150797765175 0.05726844434222034 0.05870261705920529  0.0616675892365779 0.06316158531489645
0.05683773710173357 0.05870261705920529 0.06074964502480823 0.06490949588159332 0.06701269661085152
0.05877458523685756  0.0616675892365779 0.06490949588159332 0.07157603052860016 0.07490013308731185
0.05974505245591405 0.06316158531489645 0.06701269661085152 0.07490013308731185 0.07884476150187393

cov.inverse():
 88359.56282980311 -112077.1404656457  24691.46231192014 -53153.34611768453  52336.69682021631
-112077.1404656093  210535.0770521198 -97267.50932268519  -7042.16006496431  5630.586169413587
 24691.46231191364 -97267.50932271364   80102.7811486057  28639.92960743575 -36079.25851258951
 -53153.3461178104 -7042.160064703112  28639.92960729092  199073.2300499065 -167536.8996141967
 52336.69682031222  5630.586169217276 -36079.25851247962  -167536.899614206   145663.564939685

cov*(cov_.inverse()):
    0.9999999999995453  5.115907697472721e-13  4.547473508864641e-13                      0 -1.818989403545856e-12
 9.094947017729282e-13      1.000000000001194  1.364242052659392e-12 -1.818989403545856e-12 -1.818989403545856e-12
 4.547473508864641e-13 -2.842170943040401e-13      1.000000000000909  1.818989403545856e-12 -1.818989403545856e-12
                     0  3.979039320256561e-13  9.094947017729282e-13                      1 -3.637978807091713e-12
                     0  1.023181539494544e-12 -4.547473508864641e-13                      0      0.999999999998181
