5
2

0.0002165564639080624
 0.001230753051628254
 0.002684734429825417
  0.06962956485234108
   0.5605198876711026

  -0.182161744158881   0.7667083893833776  -0.6151336573917695 0.007619780765952482  0.02297535851833181
 -0.4373819980438614   0.4289573309435876   0.6479981388830137  -0.3087581346042405  -0.3308465238396406
  0.1466164115012855  0.03188912758488999  0.00896090734553626  -0.7864822973503031   0.5990425773803524
 -0.7670346891191032  -0.1882509939511029  0.01641761646323715   0.2691725385586796   0.5509046699020856
  0.4070325543720078   0.4378338734008572   0.4487306091155213   0.4621710654046348   0.4771422699046475

 0.398972752890594
0.3991523680073333
0.3991538440571267
 0.399145308379159
0.3991507658810668

-9.532772308511018e-05
    0.3991462953009133

   0.6399169073925383     16.27588172790692    -16.07393366771187   -0.3087628679815323   -0.5333971244607062
    1.336818434528866     1.171120828767584    -1.457599238163046 -0.000754747895675506  -0.04954676635588318

 1.042762079667347e-06 -5.214238779127562e-06   2.82630699754856e-06   -0.02034165353727556   -0.07021171497040352
 7.268356799016409e-08 -1.530257536087958e-06  1.378110292488414e-06   -0.00628957081387276     0.1190204907126985

cov:
0.05490524213659681 0.05669111067332178 0.05732333435881596 0.05810197775348256 0.05897030751379619
0.05669111067332178 0.06040045167277177 0.06171269182226455 0.06333008805589103 0.06513269312617682
0.05732333435881596 0.06171269182226455 0.06326549426952667 0.06517948459740852 0.06731266721742683
0.05810197775348256 0.06333008805589103 0.06517948459740852 0.06746592843592024 0.06999966130390638
0.05897030751379619 0.06513269312617682 0.06731266721742683 0.06999966130390638 0.07300247371027113

cov.inverse():
 836971.7519660924 -3101321.428661864  2202447.325256195  43515.54794117726   18386.4703541022
-3101321.428675199  12656444.59758581 -9873200.345774353  33649.37399200966   284559.682882742
 2202447.325274615 -9873200.345807046  8345791.764431501 -233007.2131650391 -442148.6535918115
 43515.54794120779  33649.37399167541 -233007.2131646513  150006.4610681491  5837.280784802778
 18386.47034898462  284559.6829024367 -442148.6536064725  5837.280784886807   133368.127064694

cov*(cov_.inverse()):
     1.000000000029104 -5.820766091346741e-11  1.709850039333105e-10  8.526512829121202e-13 -2.728484105318785e-12
  1.77351466845721e-11     0.9999999998399289  1.709850039333105e-10  3.979039320256561e-13 -5.456968210637569e-12
 -6.59383658785373e-12 -2.000888343900442e-10      1.000000000145519  3.240074875066057e-12  1.818989403545856e-12
  3.04680725093931e-11 -1.564330887049437e-10  1.600710675120354e-10      1.000000000003922 -1.818989403545856e-12
-1.364242052659392e-12  1.091393642127514e-11  3.637978807091713e-12  1.193711796076968e-12                      1
