5
2

0.0002164400384608915
 0.001230440924974968
 0.002683148507420584
  0.06961941821504333
   0.5605117020573177

  -0.182229740174346   0.7667829243559644  -0.6150223480354569 0.007513834805998653  0.02296350181412014
 -0.4372837328203281    0.428840980015002   0.6481083006753457  -0.3091807150585031  -0.3305166666026408
  0.1468230361502817  0.03159391376763081 0.008654942033828435  -0.7862986466321675     0.59925316098563
 -0.7670301378608965  -0.1882582189103017  0.01641504077774683   0.2692284071980358     0.55088131373254
  0.4070417945069251   0.4378356180137156   0.4487301866682533   0.4621702400462966   0.4771339831864352

0.3989723545850564
0.3991531394867501
0.3991547149088525
0.3991454023963378
0.3991521299316346

-9.532772308511018e-05
    0.3991462953009133

0
0
0
0
0

0
0

0
0
0
0
0

0
0

0
0
0
0
0

0
0

0
0
0
0
0

0
0

0
0
0
0
0

0
0

0
0
0
0
0

0
0

0
0
0
0
0

0
0

0
0
0
0
0

0
0

0
0
0
0
0

0
0

0
0
0
0
0

0
0

0
0
0
0
0

0
0

0
0
0
0
0

0
0

0
0
0
0
0

0
0

0
0
0
0
0

0
0

0
0
0
0
0

0
0

0
0
0
0
0

0
0

0
0
0
0
0

0
0

0
0
0
0
0

0
0

0
0
0
0
0

0
0

0
0
0
0
0

0
0

0
0
0
0
0

0
0

0
0
0
0
0

0
0

0
0
0
0
0

0
0

0
0
0
0
0

0
0

0
0
0
0
0

0
0

0
0
0
0
0

0
0

0
0
0
0
0

0
0

0
0
0
0
0

0
0

0
0
0
0
0

0
0

0
0
0
0
0

0
0

0
0
0
0
0

0
0

0
0
0
0
0

0
0

0
0
0
0
0

0
0

0
0
0
0
0

0
0

0
0
0
0
0

0
0

0
0
0
0
0

0
0

0
0
0
0
0

0
0

0
0
0
0
0

0
0

0
0
0
0
0

0
0

0
0
0
0
0

0
0

0
0
0
0
0

0
0

0
0
0
0
0

0
0

0
0
0
0
0

0
0

0
0
0
0
0

0
0

0
0
0
0
0

0
0

0
0
0
0
0

0
0

0
0
0
0
0

0
0

0
0
0
0
0

0
0

0
0
0
0
0

0
0

0
0
0
0
0

0
0

0
0
0
0
0

0
0

0
0
0
0
0

0
0

0
0
0
0
0

0
0

0
0
0
0
0

0
0

0
0
0
0
0

0
0

0
0
0
0
0

0
0

0
0
0
0
0

0
0

0
0
0
0
0

0
0

0
0
0
0
0

0
0

0
0
0
0
0

0
0

0
0
0
0
0

0
0

0
0
0
0
0

0
0

0
0
0
0
0

0
0

0
0
0
0
0

0
0

0
0
0
0
0

0
0

0
0
0
0
0

0
0

0
0
0
0
0

0
0

0
0
0
0
0

0
0

0
0
0
0
0

0
0

0
0
0
0
0

0
0

0
0
0
0
0

0
0

0
0
0
0
0

0
0

0
0
0
0
0

0
0

0
0
0
0
0

0
0

0
0
0
0
0

0
0

0
0
0
0
0

0
0

0
0
0
0
0

0
0

    0.6407993216001927      16.28676906695892     -16.09142794683704     -0.306154783003212    -0.5302774898457169
     1.337020653431942       1.17158121775765     -1.458805149681082 -0.0003284440545584799   -0.04942918672244428

 1.042505823422721e-06 -5.230579167358642e-06  2.824532794977512e-06   -0.02033897767006963   -0.07020480420087691
 7.264753011638956e-08 -1.531032873289278e-06  1.377454149641102e-06  -0.006288123382049237     0.1190205665330336

cov:
0.05490521996611041 0.05669078814765173 0.05732293460977753 0.05810157773868763 0.05896954679668091
0.05669078814765173 0.06039913520089345 0.06171108261767293 0.06332838397032577 0.06513004528674501
0.05732293460977753 0.06171108261767293 0.06326352645650227 0.06517740015231716 0.06730944847468508
0.05810157773868763 0.06332838397032577 0.06517740015231716 0.06746376506381262 0.06999622352842551
0.05896954679668091 0.06513004528674501 0.06730944847468508 0.06999622352842551  0.0729973449655465

cov.inverse():
 838281.3790141967 -3105934.762352298  2205387.954679165  43994.24718512817  18270.81052938523
-3105934.762357207  12672366.61834375 -9883106.470092094  31950.02571572997  284857.1843245047
 2205387.954685958 -9883106.470104415   8351785.76354484 -231943.6438283223 -442241.7092817364
 43994.24718511727  31950.02571613452 -231943.6438288548  150239.3466765442   5761.63983525005
 18270.81052750883  284857.1843315135 -442241.7092867299  5761.639835111137   133355.121165246

cov*(cov_.inverse()):
     0.999999999973852    1.2732925824821e-10 -4.729372449219227e-11 -9.663381206337363e-13  4.547473508864641e-12
-7.503331289626658e-12      1.000000000065484  6.548361852765083e-11 -4.547473508864641e-13                      0
-2.569322532508522e-11 -3.637978807091713e-12      1.000000000040018  9.094947017729282e-13  3.637978807091713e-12
-2.614797267597169e-11 -1.455191522836685e-10  1.455191522836685e-11     0.9999999999984084  3.637978807091713e-12
 1.159605744760484e-11  -2.91038304567337e-11 -2.546585164964199e-11 -1.250555214937776e-12      1.000000000001819
