5 
6 
7 
8 
11 
12 
inputFileName = /Users/demattia/RemoteProjects/extracted_hybrid.root
eventsFractionStartBuild = 0
eventsFractionEndBuild = 0.2
eventsFractionStartTest = 0.8
eventsFractionEndTest = 1
var name = R
var name = z
par name = cotTheta
firstOrderChargeOverPtCoefficientsFileName = 
firstOrderCotThetaCoefficientsFileName = 
2 < pT < 10, pT regions = 1
0 < phi < 0.8, phi regions = 1
-3 < eta < 3, eta regions = 1
-15 < z0 < 15, eta regions = 1
charge regions = 1
endcap regions = 0
Training
Requested running from track number 0 to track number 1000000 for a total of 1000000 tracks.
Analyzed 10% of 1000000 tracks
Analyzed 20% of 1000000 tracks
Analyzed 30% of 1000000 tracks
Analyzed 40% of 1000000 tracks
Analyzed 50% of 1000000 tracks
Analyzed 60% of 1000000 tracks
Analyzed 70% of 1000000 tracks
Analyzed 80% of 1000000 tracks
Analyzed 90% of 1000000 tracks
Analyzed 100% of 1000000 tracks
Evaluating eigenvalues:
geomIndex = 0
Sqrt(eigenvalues) of cov:
 0.0866947 0.255482 0.673683 0.961342 1.02375 1.66235 1.84311 1.93693 2.12731 3.02373 7.12792 13.0355
Analyzed 10% of 1000000 tracks
Analyzed 20% of 1000000 tracks
Analyzed 30% of 1000000 tracks
Analyzed 40% of 1000000 tracks
Analyzed 50% of 1000000 tracks
Analyzed 60% of 1000000 tracks
Analyzed 70% of 1000000 tracks
Analyzed 80% of 1000000 tracks
Analyzed 90% of 1000000 tracks
Analyzed 100% of 1000000 tracks
opening GeometricIndex.txt for writing
Matrices built:
geomIndex = 0

V_0:
   -0.374251     0.236097     0.689975     -0.43559    -0.314829     0.198166   -0.0008711  0.000850848  -0.00102878  0.000915695  0.000123064 -0.000495824
   -0.437789     0.258623     0.083632    -0.048986     0.702371    -0.419553    -0.182763     0.107362   -0.0747492    0.0336892    -0.093321    0.0484857
   -0.292139    0.0810178    -0.141284    0.0486029    0.0252401  -0.00494214     0.848332    -0.314261    -0.127853    0.0696505    -0.190139    0.0965808
    0.471545   -0.0141387     0.387275   -0.0199123     0.283479   -0.0382689      0.20555    -0.043811    -0.400933     0.418184     0.275535    -0.299211
   -0.482669   -0.0267035    -0.390258  -0.00990854    -0.274546    0.0155747      -0.1919   0.00154555    -0.321701     0.420436     0.314989    -0.349279
    0.254978     0.380072    -0.100942    -0.111611    -0.301436     -0.34518    -0.239376    -0.325319     -0.37528     0.158356    -0.218095     0.425748
   -0.120175    -0.209872    0.0355951    0.0495465    0.0967138     0.161865  0.000423095     0.010921    -0.516127    -0.445762     0.485547      0.44863
    0.173514     0.318611    -0.236856    -0.382033    -0.158256    -0.318891     0.298426     0.551341   -0.0439177    -0.281726     0.201703     -0.15677
   -0.131882    -0.193823     0.355678     0.572678    -0.354728    -0.561791    0.0846795     0.197841   -0.0248664   -0.0393894    0.0111022   -0.0229587
   0.0154259     0.132971    0.0212586    0.0852967  -0.00666984   -0.0254019    -0.118131    -0.386975    -0.269714    -0.578058    -0.187253    -0.606629
  -0.0196343    -0.603717   -0.0126947     -0.35411  -0.00437802   -0.0618122   -0.0153286     0.253102    -0.365003    0.0232167    -0.553998   -0.0277339
  0.00536502     0.400198   0.00429499     0.428386   0.00522148     0.464605   -0.0115493     0.474248    -0.313183    0.0545619    -0.337482    0.0198777
corrPV_0:
-8.18323e-05   -0.0053767  -0.00946396   0.00898211   -0.0104474    0.0147776   0.00361374   -0.0150993  -0.00227794   -0.0401489      0.94012     0.392972
D_0:
    0.055809   -0.0356402  -0.00384715   0.00243853   -0.0501976    0.0319137  -0.00102968  0.000691527 -0.000515523  0.000256236 -0.000487471  0.000164273
opening matrixVD_0.txt for writing
