5 
6 
7 
8 
11 
12 
inputFileName = /Users/demattia/RemoteProjects/extracted_hybrid.root
eventsFractionStartBuild = 0
eventsFractionEndBuild = 0.2
eventsFractionStartTest = 0.8
eventsFractionEndTest = 1
var name = R
var name = z
par name = cotTheta
firstOrderChargeOverPtCoefficientsFileName = 
firstOrderCotThetaCoefficientsFileName = 
pT > 2, pT regions = 1
0 < phi < 0.8, phi regions = 1
-3 < eta < 3, eta regions = 1
-15 < z0 < 15, eta regions = 1
charge regions = 1
endcap regions = 0
Training
Requested running from track number 0 to track number 1000000 for a total of 1000000 tracks.
Analyzed 10% of 1000000 tracks
Analyzed 20% of 1000000 tracks
Analyzed 30% of 1000000 tracks
Analyzed 40% of 1000000 tracks
Analyzed 50% of 1000000 tracks
Analyzed 60% of 1000000 tracks
Analyzed 70% of 1000000 tracks
Analyzed 80% of 1000000 tracks
Analyzed 90% of 1000000 tracks
Analyzed 100% of 1000000 tracks
Evaluating eigenvalues:
geomIndex = 0
Sqrt(eigenvalues) of cov:
 0.0874708 0.255298 0.677618 0.957782 1.02051 1.65361 1.84239 1.92383 2.15701 3.01425 7.12353 13.0061
Analyzed 10% of 1000000 tracks
Analyzed 20% of 1000000 tracks
Analyzed 30% of 1000000 tracks
Analyzed 40% of 1000000 tracks
Analyzed 50% of 1000000 tracks
Analyzed 60% of 1000000 tracks
Analyzed 70% of 1000000 tracks
Analyzed 80% of 1000000 tracks
Analyzed 90% of 1000000 tracks
Analyzed 100% of 1000000 tracks
opening GeometricIndex.txt for writing
Matrices built:
geomIndex = 0

V_0:
   -0.375732     0.236848     0.690321    -0.435653    -0.312537     0.196737  -0.00192908   0.00122639  -0.00106284   0.00058549 -0.000359787  0.000178433
   -0.436434     0.257213    0.0817129   -0.0471812     0.703416    -0.420109    -0.184264     0.107699   -0.0748574    0.0337877   -0.0925979    0.0480215
   -0.274963    0.0847725    -0.129682    0.0454422    0.0356294  -0.00595173     0.852572    -0.318245    -0.132194    0.0746985    -0.191119    0.0963405
    0.506456   -0.0173329     0.416824   -0.0196663     0.300537   -0.0408037     0.207013   -0.0251609    -0.370897     0.383615     0.263002    -0.282318
    -0.45214   -0.0261651    -0.364622   -0.0106611    -0.253254     0.017546    -0.173228   -0.0156793    -0.353611     0.450203     0.325967     -0.36489
    0.274355     0.396814    -0.102611    -0.127992     -0.31355    -0.378819    -0.216364    -0.278781    -0.374494     0.145906    -0.202293     0.414188
   -0.136391    -0.243981    0.0639224    0.0948057     0.117408     0.204267   -0.0428144   -0.0738062    -0.510677    -0.401683     0.448656     0.471778
    0.127349     0.261308    -0.233402    -0.367158    -0.125773    -0.264574     0.308619     0.569371   -0.0872295    -0.345406      0.28325    -0.117583
   -0.143857    -0.198827     0.351847     0.575791    -0.351893     -0.55421    0.0898538     0.197916   -0.0291497   -0.0594164    0.0169437   -0.0394005
   0.0250172     0.142644    0.0142342    0.0699173  -0.00144507   -0.0196413    -0.118252    -0.388762    -0.271028    -0.578358    -0.188657    -0.604056
  -0.0193738    -0.603372   -0.0127699    -0.354299  -0.00435136   -0.0620262   -0.0146547     0.253416    -0.364925    0.0223595    -0.554216   -0.0273765
  0.00554949     0.400457   0.00420416      0.42812   0.00550455     0.464957   -0.0117625     0.473671    -0.313358    0.0544408    -0.337632    0.0206916
corrPV_0:
-9.10457e-05  -0.00540315  -0.00952052   0.00981765  -0.00985131    0.0146117   0.00583412   -0.0165404  -0.00415968   -0.0389602     0.939612     0.391462
D_0:
   0.0563876   -0.0359833  -0.00438732    0.0027792   -0.0503794     0.032023  -0.00100579  0.000652354  -0.00044828  0.000196178 -0.000450692  0.000165563
opening matrixVD_0.txt for writing
