5
2

0.1366829327564653
0.1628648772641474
 2.935666391031943
 6.805112300056233
 20.45684126645961

    -0.589420552068241     0.6529786235986784     0.3027082136634099    -0.3668367278780889 -0.0009393525161879412
    0.0309724794199932     0.5372487623305473    -0.8080296510316529     0.2397756430937456   0.000443762909331081
    0.4273826839714684    0.06234938505951567    -0.1497986407443063    -0.7007343481905377     0.5477119097857783
   -0.6273472978483527     -0.384907994910186    -0.2440545599539458      0.119876270084366     0.6199582687350312
    0.2745970277367588     0.3646108530123469     0.4164775617379852      0.550035916277583     0.5618383482792976

88.69794198277499
131.8235181352933
 156.702293158806
220.7147339580485
263.4204379319389

 4.003254195054579
0.1922935229826216

0
0
0
0
0

0
0

0
0
0
0
0

0
0

0
0
0
0
0

0
0

0
0
0
0
0

0
0

0
0
0
0
0

0
0

0
0
0
0
0

0
0

0
0
0
0
0

0
0

0
0
0
0
0

0
0

0
0
0
0
0

0
0

0
0
0
0
0

0
0

0
0
0
0
0

0
0

0
0
0
0
0

0
0

0
0
0
0
0

0
0

0
0
0
0
0

0
0

0
0
0
0
0

0
0

0
0
0
0
0

0
0

0
0
0
0
0

0
0

0
0
0
0
0

0
0

0
0
0
0
0

0
0

0
0
0
0
0

0
0

0
0
0
0
0

0
0

0
0
0
0
0

0
0

0
0
0
0
0

0
0

0
0
0
0
0

0
0

0
0
0
0
0

0
0

0
0
0
0
0

0
0

0
0
0
0
0

0
0

0
0
0
0
0

0
0

0
0
0
0
0

0
0

0
0
0
0
0

0
0

0
0
0
0
0

0
0

0
0
0
0
0

0
0

0
0
0
0
0

0
0

0
0
0
0
0

0
0

0
0
0
0
0

0
0

0
0
0
0
0

0
0

0
0
0
0
0

0
0

0
0
0
0
0

0
0

0
0
0
0
0

0
0

0
0
0
0
0

0
0

0
0
0
0
0

0
0

0
0
0
0
0

0
0

0
0
0
0
0

0
0

0
0
0
0
0

0
0

0
0
0
0
0

0
0

0
0
0
0
0

0
0

0
0
0
0
0

0
0

0
0
0
0
0

0
0

0
0
0
0
0

0
0

0
0
0
0
0

0
0

0
0
0
0
0

0
0

0
0
0
0
0

0
0

0
0
0
0
0

0
0

0
0
0
0
0

0
0

0
0
0
0
0

0
0

0
0
0
0
0

0
0

0
0
0
0
0

0
0

0
0
0
0
0

0
0

0
0
0
0
0

0
0

0
0
0
0
0

0
0

0
0
0
0
0

0
0

0
0
0
0
0

0
0

0
0
0
0
0

0
0

0
0
0
0
0

0
0

0
0
0
0
0

0
0

0
0
0
0
0

0
0

0
0
0
0
0

0
0

0
0
0
0
0

0
0

0
0
0
0
0

0
0

0
0
0
0
0

0
0

0
0
0
0
0

0
0

0
0
0
0
0

0
0

0
0
0
0
0

0
0

0
0
0
0
0

0
0

0
0
0
0
0

0
0

0
0
0
0
0

0
0

0
0
0
0
0

0
0

 -0.04330308349585242  0.009616991447804944   0.01337812854985081   0.02015720611973024 0.0001104515414804127
    1.946315999243768   -0.1914199931374239   -0.2985784421806026    -0.453909895250552 -0.001427777682235142

 0.0005316695567242637 -5.705933341738437e-05    -0.2928076829470896      1.050498333602349      3.488676075029197
  -0.02234509458174411   0.002383670028411397       10.1857911775383     -52.31894756060765      37.59588328472191

cov:
51.36151821028815 53.30420809893162  54.3936804525245 57.14742890783499 48.56932952615158
53.30420809893162 62.54357127895791 67.80942070618389 81.41187254026258  74.9706927612049
 54.3936804525245 67.80942070618389 75.55799087389813  95.4075161817487  90.2080620381449
57.14742890783499 81.41187254026258  95.4075161817487 131.5087203646369 129.4581438834758
48.56932952615158  74.9706927612049  90.2080620381449 129.4581438834758 152.4834516415079

cov.inverse():
   18.66214308346985   -19.96547292474211   -10.49774884803012    11.81759397569821  0.04928638083925004
  -19.96547292473837    33.70847097713465   -5.784674777793979   -7.970690614643803 -0.02454478661408043
   -10.4977488480353   -5.784674777786338    29.52408118055657   -13.23604380770601 -0.04096696664271755
   11.81759397569967   -7.970690614647724   -13.23604380770355    9.428550431659291  -0.0197345762027479
 0.04928638083924557 -0.02454478661408882 -0.04096696664269674 -0.01973457620275586  0.04391745717889645

cov*(cov_.inverse()):
    0.9999999999998841 -2.846611835138901e-13  2.049471703458039e-13 -5.084821452783217e-14 -4.440892098500626e-16
-1.851852005074761e-13     0.9999999999999822 -1.554312234475219e-13 -7.371880883511039e-14 -4.440892098500626e-16
-2.424727085781342e-13 -2.877698079828406e-13     0.9999999999999454 -1.327826737451687e-13  4.440892098500626e-16
-6.394884621840902e-14 -3.463895836830488e-14                      0      1.000000000000101  8.881784197001252e-16
-2.664535259100376e-14 -5.684341886080801e-13  3.206324095117452e-13 -1.052491427344648e-13      1.000000000000001
