5
2

0.1366649791541097
0.1627677719600652
 2.934196227210088
 6.803044663885203
 20.44642105105106

   -0.5892251860535184     0.6532400088282354     0.3025483748892567    -0.3668170076073046 -0.0009668340994525029
   0.03111098473944639     0.5370469889005597    -0.8081284875687791     0.2398766515363825   0.000421863572547826
    0.4272889101200145    0.06219114362788583    -0.1499275988009008    -0.7007134804636577     0.5477944709076663
   -0.6275212396273434     -0.384756653729164    -0.2439055318261459     0.1200061782192658     0.6199096869395654
     0.274749099823369     0.3646266606329288     0.4164428353256517     0.5500032822296872     0.5618114318385049

 88.6993974592536
131.8234931895855
156.7021967966314
220.7144940270036
263.4207948374543

 4.003254195054579
0.1922935229826216

 -0.04326248054158226  0.009591861794237769   0.01334348528213782   0.02020339198611955 0.0001075118396450352
    1.945142613474993   -0.1906448702889222   -0.2974867916641298   -0.4552120695391909 -0.001336789512292824

 0.0005301206858385867 -5.647165880356004e-05    -0.2926156424992274      1.050320762987539      3.486693957298396
  -0.02229487364674966   0.002366976309502152      10.17750434914573     -52.30562328465967      37.58599752216423

cov:
51.36106048889088 53.27757943473876 54.36095419737661 57.11487639132042 48.54140464810278
53.27757943473876  62.4819548475736 67.73538142846269 81.32621791088843 74.89391462393479
54.36095419737661 67.73538142846269 75.46704834958446 95.29624572307105 90.10456200498922
57.11487639132042 81.32621791088843 95.29624572307105 131.3613113058078 129.3168532224262
48.54140464810278 74.89391462393479 90.10456200498922 129.3168532224262 152.3208536677136

cov.inverse():
   18.65509054303064   -19.96898392675127   -10.49752678552074    11.81785324399538  0.05014768591251397
   -19.9689839267471    33.73755181316252   -5.798631645188047   -7.972478699268181 -0.02597000627626863
  -10.49752678552653   -5.798631645179467    29.55560492402472   -13.24681812862011 -0.04077630770176263
   11.81785324399701   -7.972478699272594   -13.24681812861733    9.434139362687088  -0.0194295598976396
 0.05014768591250676 -0.02597000627626586 -0.04077630770175172  -0.0194295598976461   0.0439694043765697

cov*(cov_.inverse()):
    0.9999999999999547  3.355093980417223e-13  -1.20348175869367e-13 -1.346700528870315e-13                      0
-1.683098105331737e-13      1.000000000000548 -1.731947918415244e-13 -1.494360191145461e-13                      0
 1.145750161413162e-13   5.03597163969971e-13      1.000000000000304 -3.801403636316536e-13 -8.881784197001252e-16
-2.220446049250313e-14   3.05089287166993e-13 -6.572520305780927e-14     0.9999999999998712                      0
 5.417888360170764e-14   4.39648317751562e-14 -1.607602939657227e-13  -1.70530256582424e-13                      1
