6
1

0.001702925237630157
0.001794208635960474
0.001856415455760215
0.005239011737932294
  0.1001276688960675
  0.6157992475978075

  -0.4212582667600492    0.2214560617685852    0.6947114802815685   -0.5347454217344063   0.06551867629156807  -0.02508548481399609
  -0.4061332380230489    0.7780280817698063   -0.4560810357432422   0.06599814770569179    0.1013007725366346  -0.08426496169096663
-0.007357669899043826   -0.1821885767885452   -0.0157145925654033   0.03324494665438937    0.7754263437725313   -0.6034194210227538
   0.4114565400376175   0.06905582435311911   -0.3476177671468089   -0.7267362126912401    0.2850041373380631    0.3093926560382929
  -0.5954146420423725   -0.4039279135468922   -0.1771700922773684   0.08616800267159992    0.3384749358600446    0.5735365692017932
   0.3656884603794824      0.38014519982748    0.3960956272759937    0.4159518054224991    0.4340124438524445    0.4510954723705822

0.3999152012301426
0.4002713762321777
0.4001191376842094
0.4001095597116287
0.4001951745088481
0.4002074857453252

-0.0002920987269271851

0
0
0
0
0
0

0

0
0
0
0
0
0

0

0
0
0
0
0
0

0

0
0
0
0
0
0

0

0
0
0
0
0
0

0

0
0
0
0
0
0

0

0
0
0
0
0
0

0

0
0
0
0
0
0

0

0
0
0
0
0
0

0

0
0
0
0
0
0

0

0
0
0
0
0
0

0

0
0
0
0
0
0

0

0
0
0
0
0
0

0

0
0
0
0
0
0

0

0
0
0
0
0
0

0

0
0
0
0
0
0

0

0
0
0
0
0
0

0

0
0
0
0
0
0

0

0
0
0
0
0
0

0

0
0
0
0
0
0

0

0
0
0
0
0
0

0

0
0
0
0
0
0

0

0
0
0
0
0
0

0

0
0
0
0
0
0

0

0
0
0
0
0
0

0

0
0
0
0
0
0

0

0
0
0
0
0
0

0

0
0
0
0
0
0

0

0
0
0
0
0
0

0

0
0
0
0
0
0

0

0
0
0
0
0
0

0

0
0
0
0
0
0

0

0
0
0
0
0
0

0

0
0
0
0
0
0

0

0
0
0
0
0
0

0

0
0
0
0
0
0

0

0
0
0
0
0
0

0

0
0
0
0
0
0

0

0
0
0
0
0
0

0

0
0
0
0
0
0

0

0
0
0
0
0
0

0

0
0
0
0
0
0

0

0
0
0
0
0
0

0

0
0
0
0
0
0

0

0
0
0
0
0
0

0

0
0
0
0
0
0

0

0
0
0
0
0
0

0

0
0
0
0
0
0

0

0
0
0
0
0
0

0

0
0
0
0
0
0

0

0
0
0
0
0
0

0

0
0
0
0
0
0

0

0
0
0
0
0
0

0

0
0
0
0
0
0

0

0
0
0
0
0
0

0

0
0
0
0
0
0

0

0
0
0
0
0
0

0

0
0
0
0
0
0

0

0
0
0
0
0
0

0

0
0
0
0
0
0

0

0
0
0
0
0
0

0

0
0
0
0
0
0

0

0
0
0
0
0
0

0

0
0
0
0
0
0

0

0
0
0
0
0
0

0

0
0
0
0
0
0

0

0
0
0
0
0
0

0

0
0
0
0
0
0

0

0
0
0
0
0
0

0

0
0
0
0
0
0

0

0
0
0
0
0
0

0

0
0
0
0
0
0

0

0
0
0
0
0
0

0

0
0
0
0
0
0

0

0
0
0
0
0
0

0

0
0
0
0
0
0

0

0
0
0
0
0
0

0

  3.291503018923672   1.029629489520551 -0.8144265834337238  -3.501364459300333  0.3175172937656922 -0.3201796160283062

 5.127905953127816e-07 -1.082297924177845e-06   4.27355939025879e-07  0.0001165004412291326   -0.02615948540739793   -0.07225496514662239

cov:
0.05427077825251358 0.05512627799160481 0.05598088624355493 0.05715896405270633 0.05816799035008411 0.05913442869862957
0.05512627799160481 0.05643767504117576 0.05781503920628384 0.05961074899206771 0.06119445251385728 0.06270552929197265
0.05598088624355493 0.05781503920628384 0.05981479826237213 0.06232987681387825 0.06458594689238778 0.06673427646798757
0.05715896405270633 0.05961074899206771 0.06232987681387825 0.06569892068207574 0.06874461513229085 0.07164168681641062
0.05816799035008411 0.06119445251385728 0.06458594689238778 0.06874461513229085 0.07258325952587716 0.07618889242866814
0.05913442869862957 0.06270552929197265 0.06673427646798757 0.07164168681641062 0.07618889242866814 0.08046584431790074

cov.inverse():
 118650.9332069081 -128877.2568407382 -48543.70740968546  58382.72352615529  -19700.3673160235  20167.60068644562
-128877.2568407559  214771.0066997245  -57212.2694930932 -28474.26550377137 -10803.08437502148  10374.49076105532
-48543.70740967863 -57212.26949311682  235518.1755172319 -128402.2793604013 -5807.199831096822   4752.26498744322
 58382.72352621354 -28474.26550378219 -128402.2793604744  119523.0853209714 -10067.27112813179 -11109.34854979208
-19700.36731609262  -10803.0843750116 -5807.199831008819 -10067.27112812104  182113.3167396529 -135757.6414826714
 20167.60068646739  10374.49076106207  4752.264987411682 -11109.34854982854 -135757.6414826319  111598.1624788709

cov*(cov_.inverse()):
    0.9999999999997726 -7.958078640513122e-13 -9.663381206337363e-13 -1.250555214937776e-12                      0  9.094947017729282e-13
-2.273736754432321e-13     0.9999999999995453 -1.250555214937776e-12                      0                      0  1.818989403545856e-12
 4.547473508864641e-13  6.821210263296962e-13     0.9999999999966462   1.70530256582424e-12 -1.818989403545856e-12  1.818989403545856e-12
 6.821210263296962e-13 -6.821210263296962e-13 -1.875832822406664e-12     0.9999999999995453                      0  1.818989403545856e-12
                     0 -7.958078640513122e-13 -3.296918293926865e-12  1.023181539494544e-12      1.000000000001819  1.818989403545856e-12
 4.547473508864641e-13  2.273736754432321e-13  2.273736754432321e-13 -1.023181539494544e-12                      0      1.000000000001819
