5
2

0.0001275643952227159
0.0001652813468383987
0.0005044713039293181
  0.04316749084741011
   0.6010301749381123

  0.01627311822038936    0.1066610103045769   -0.5859008349487961    0.7500918454447593   -0.2871254943535513
  -0.1375714043816434    0.7077350834605625   -0.5000234865098288   -0.3724908951270044    0.3023445159442635
   0.5587697496886593   -0.4800368149002414   -0.4545773687031188   -0.1121429319509776    0.4879799195148214
  -0.6948110691343491    -0.249772447754082 -0.002799259322164334    0.2827754894763029    0.6122756644273903
   0.4310721973882145    0.4414893670330502    0.4472675983737865    0.4539545591902722    0.4616718023346932

0.4028973634571882
0.4030117643661535
0.4029747409781222
0.4029320603472498
0.4028844683468313

0.0009297297487970925
    0.403208884980742

-4.465234411310209   5.41954468375337  8.833518482452011  8.318123975531503 -18.10605200966143
0.9568114165663747 0.2537445471551354 0.7917830730014043 0.7131779822360755 -1.715489326784489

 1.101316912851812e-07 -2.332887082519269e-07 -4.804883498571901e-06   -0.01306195096415171   -0.05932376551313447
 9.865118806652351e-09 -3.093146205448791e-08 -2.199309528985382e-07  -0.002942510636064191     0.1482433159175464

cov:
0.06802595496290444  0.0690717525640247 0.06965177850804964 0.07032337307542746 0.07109856477502997
 0.0690717525640247 0.07052611521132346 0.07133266410399269 0.07226616350108007 0.07334350540449215
0.06965177850804964 0.07133266410399269 0.07226498324889534 0.07334384996253762 0.07458893532494329
0.07032337307542746 0.07226616350108007 0.07334384996253762 0.07459089726699687 0.07602999959893759
0.07109856477502997 0.07334350540449215 0.07458893532494329 0.07602999959893759 0.07769305084397393

cov.inverse():
 1936188.259902784 -4511338.488560416  934087.1534888049  2379624.075147866 -738524.3690572376
-4511338.488419446  19940171.97005422  -15937183.1796149 -4522201.362204239  5030412.244647866
 934087.1535799585 -15937183.17995169  31059810.04409085 -19988869.48276622  3932297.645057036
 2379624.074608913 -4522201.361016569 -19988869.48328513   39704140.3718818 -17572627.47515886
-738524.3687504095  5030412.243937944  3932297.645330327 -17572627.47502906  9348351.137102442

cov*(cov_.inverse()):
     1.000000000007276 -3.492459654808044e-10  4.074536263942719e-10                      0  1.164153218269348e-10
  2.91038304567337e-11     0.9999999997671694  1.746229827404022e-10                      0  2.328306436538696e-10
 -2.91038304567337e-11  1.164153218269348e-10     0.9999999999417923                      0  4.656612873077393e-10
 7.275957614183426e-12  1.746229827404022e-10  -2.91038304567337e-10      1.000000000465661  1.164153218269348e-10
 1.455191522836685e-11 -5.820766091346741e-11  5.820766091346741e-11                      0                      1
