5
2

0.0001275813764738838
0.0001652458899916429
0.0005044926698187011
  0.04316645381160998
     0.60102891148988

   0.0162287475704189    0.1068780201545129     -0.58605267893865    0.7499786511169287   -0.2870330938024577
   -0.137535597155302     0.707667733440341    -0.499877341953717   -0.3727285465749086    0.3024672083581738
   0.5587850809192847   -0.4800860346284101   -0.4545425826332753   -0.1121167358786808    0.4879523653040116
  -0.6948063447302921   -0.2497756252052151 -0.002801768537324654    0.2827736070468647    0.6122805873344699
   0.4310730378160865    0.4414895290529265    0.4472673598377743    0.4539541586224356    0.4616714876378869

0.4028975356757724
0.4030118136756204
0.4029747799522041
0.4029321640174811
0.4028846477868805

0.0009297297487970925
    0.403208884980742

0
0
0
0
0

0
0

0
0
0
0
0

0
0

0
0
0
0
0

0
0

0
0
0
0
0

0
0

0
0
0
0
0

0
0

0
0
0
0
0

0
0

0
0
0
0
0

0
0

0
0
0
0
0

0
0

0
0
0
0
0

0
0

0
0
0
0
0

0
0

0
0
0
0
0

0
0

0
0
0
0
0

0
0

0
0
0
0
0

0
0

0
0
0
0
0

0
0

0
0
0
0
0

0
0

0
0
0
0
0

0
0

0
0
0
0
0

0
0

0
0
0
0
0

0
0

0
0
0
0
0

0
0

0
0
0
0
0

0
0

0
0
0
0
0

0
0

0
0
0
0
0

0
0

0
0
0
0
0

0
0

0
0
0
0
0

0
0

0
0
0
0
0

0
0

0
0
0
0
0

0
0

0
0
0
0
0

0
0

0
0
0
0
0

0
0

0
0
0
0
0

0
0

0
0
0
0
0

0
0

0
0
0
0
0

0
0

0
0
0
0
0

0
0

0
0
0
0
0

0
0

0
0
0
0
0

0
0

0
0
0
0
0

0
0

0
0
0
0
0

0
0

0
0
0
0
0

0
0

0
0
0
0
0

0
0

0
0
0
0
0

0
0

0
0
0
0
0

0
0

0
0
0
0
0

0
0

0
0
0
0
0

0
0

0
0
0
0
0

0
0

0
0
0
0
0

0
0

0
0
0
0
0

0
0

0
0
0
0
0

0
0

0
0
0
0
0

0
0

0
0
0
0
0

0
0

0
0
0
0
0

0
0

0
0
0
0
0

0
0

0
0
0
0
0

0
0

0
0
0
0
0

0
0

0
0
0
0
0

0
0

0
0
0
0
0

0
0

0
0
0
0
0

0
0

0
0
0
0
0

0
0

0
0
0
0
0

0
0

0
0
0
0
0

0
0

0
0
0
0
0

0
0

0
0
0
0
0

0
0

0
0
0
0
0

0
0

0
0
0
0
0

0
0

0
0
0
0
0

0
0

0
0
0
0
0

0
0

0
0
0
0
0

0
0

0
0
0
0
0

0
0

0
0
0
0
0

0
0

0
0
0
0
0

0
0

0
0
0
0
0

0
0

0
0
0
0
0

0
0

0
0
0
0
0

0
0

0
0
0
0
0

0
0

0
0
0
0
0

0
0

0
0
0
0
0

0
0

0
0
0
0
0

0
0

0
0
0
0
0

0
0

0
0
0
0
0

0
0

-4.466150567734342  5.425270519092209  8.830189436446215  8.313046302737831 -18.10244523047903
0.9568431521362646 0.2540055337225882 0.7913514517491468 0.7132047435956759 -1.715375901672284

 1.100816317285064e-07 -2.330413529960248e-07 -4.804967158745451e-06   -0.01306165327005266    -0.0593229767661179
 9.866476148027281e-09 -3.091345918479175e-08 -2.198893529357956e-07  -0.002942401073094147     0.1482431540381074

cov:
0.06802587904186248 0.06907160915409728 0.06965158737660963 0.07032317383730967 0.07109839078962525
0.06907160915409728 0.07052586824937025 0.07133235347628571 0.07226582733351532 0.07334318044842585
0.06965158737660963 0.07133235347628571 0.07226460236695119 0.07334343651593021 0.07458852836233919
0.07032317383730967 0.07226582733351532 0.07334343651593021 0.07459044377811935 0.07602954784231458
0.07109839078962525 0.07334318044842585 0.07458852836233919 0.07602954784231458 0.07769259984114212

cov.inverse():
 1935995.329803859 -4511751.348664894  935511.3474913896   2378852.05732251 -738569.9579714945
-4511751.348149304  19947320.17142276  -15945558.7693573  -4523680.52428498   5033523.21671295
 935511.3463269372 -15945558.76514263  31063511.11926169 -19979398.34964652  3926084.153825024
 2378852.058147255 -4523680.530107153  -19979398.3432391  39693143.36809553 -17568845.18436038
-738569.9581473776  5033523.218836058  3926084.150467835 -17568845.18295044  9347712.029531915

cov*(cov_.inverse()):
     1.000000000050932  1.164153218269348e-10  5.820766091346741e-11 -4.656612873077393e-10                      0
 3.637978807091713e-11     0.9999999999417923 -5.238689482212067e-10  4.656612873077393e-10 -1.164153218269348e-10
 4.365574568510056e-11  2.328306436538696e-10     0.9999999997089617  2.328306436538696e-10 -1.164153218269348e-10
 7.275957614183426e-12 -5.820766091346741e-11 -2.328306436538696e-10      1.000000000232831                      0
-1.455191522836685e-11 -5.820766091346741e-11  5.820766091346741e-11  2.328306436538696e-10                      1
