5
2

0.05052509713585362
  1.168689074009414
  2.880761194394853
    7.4194633138019
  16.50689279874052

   -0.4661024280685035     0.8137094547500546    -0.3473115840191957 -6.739454901848013e-06  0.0003366892803749625
   -0.4760796393595818    0.07433177975297392       0.81276913071603    -0.1167942626806846    -0.3059222186536799
    0.1453106089223559     0.1237778597053436    0.09538870479306263    -0.8922229043428267     0.3979989351057752
   -0.6931506623486382    -0.4656319554744885    -0.1601831396044826    0.03952859020925256     0.5248884583120188
    0.2335030829692709     0.3165716873899067     0.4289794407026272     0.4344362780449794     0.6873866719393382

52.76344459262825
  85.389645543428
129.1184685572564
154.9238053062036
214.7172757043623

 2.437721623205724
-1.129297274562621

0
0
0
0
0

0
0

0
0
0
0
0

0
0

0
0
0
0
0

0
0

0
0
0
0
0

0
0

0
0
0
0
0

0
0

0
0
0
0
0

0
0

0
0
0
0
0

0
0

0
0
0
0
0

0
0

0
0
0
0
0

0
0

0
0
0
0
0

0
0

0
0
0
0
0

0
0

0
0
0
0
0

0
0

0
0
0
0
0

0
0

0
0
0
0
0

0
0

0
0
0
0
0

0
0

0
0
0
0
0

0
0

0
0
0
0
0

0
0

0
0
0
0
0

0
0

0
0
0
0
0

0
0

0
0
0
0
0

0
0

0
0
0
0
0

0
0

0
0
0
0
0

0
0

0
0
0
0
0

0
0

0
0
0
0
0

0
0

0
0
0
0
0

0
0

0
0
0
0
0

0
0

0
0
0
0
0

0
0

0
0
0
0
0

0
0

0
0
0
0
0

0
0

0
0
0
0
0

0
0

0
0
0
0
0

0
0

0
0
0
0
0

0
0

0
0
0
0
0

0
0

0
0
0
0
0

0
0

0
0
0
0
0

0
0

0
0
0
0
0

0
0

0
0
0
0
0

0
0

0
0
0
0
0

0
0

0
0
0
0
0

0
0

0
0
0
0
0

0
0

0
0
0
0
0

0
0

0
0
0
0
0

0
0

0
0
0
0
0

0
0

0
0
0
0
0

0
0

0
0
0
0
0

0
0

0
0
0
0
0

0
0

0
0
0
0
0

0
0

0
0
0
0
0

0
0

0
0
0
0
0

0
0

0
0
0
0
0

0
0

0
0
0
0
0

0
0

0
0
0
0
0

0
0

0
0
0
0
0

0
0

0
0
0
0
0

0
0

0
0
0
0
0

0
0

0
0
0
0
0

0
0

0
0
0
0
0

0
0

0
0
0
0
0

0
0

0
0
0
0
0

0
0

0
0
0
0
0

0
0

0
0
0
0
0

0
0

0
0
0
0
0

0
0

0
0
0
0
0

0
0

0
0
0
0
0

0
0

0
0
0
0
0

0
0

0
0
0
0
0

0
0

0
0
0
0
0

0
0

0
0
0
0
0

0
0

0
0
0
0
0

0
0

0
0
0
0
0

0
0

0
0
0
0
0

0
0

0
0
0
0
0

0
0

0
0
0
0
0

0
0

0
0
0
0
0

0
0

0
0
0
0
0

0
0

0
0
0
0
0

0
0

0
0
0
0
0

0
0

  -0.05812491958027945    0.04558010693339203    0.01252203828630487 -1.332196398151284e-05  4.179176541927766e-06
     2.204393271593649    -0.8634499354269061    -0.3406282455706243  0.0004585977152855789  0.0001035527079550763

0.0001527384694750088   0.05632419338148435  -0.01324775634827471    0.9392154822114583     1.696392004174756
 -0.00411449345533726    -1.899309696552177      1.49864190034633    -58.97291544318892     26.03160754553729

cov:
41.79028552353482 38.00867924061262 32.99256167924598 25.13244602049996 24.38529881957129
38.00867924061262 39.37865629878992 41.28883660743827 35.53233016591209 46.21672141073265
32.99256167924598 41.28883660743827 52.53277493765765 49.59555819609493 75.69381288259714
25.13244602049996 35.53233016591209 49.59555819609493 58.13699998246968 79.61281098578868
24.38529881957129 46.21672141073265 75.69381288259714 79.61281098578868 145.3544009877927

cov.inverse():
   85.28111123521683   -148.5894173013551    63.13492441512766  0.02619258345367476  0.04610732517978935
  -148.5894173013554    259.3829858116879   -110.6592960835691 -0.02164171291999379  0.09296696456796658
   63.13492441512804   -110.6592960835696    47.73833199398618 -0.07827057007490811  -0.2237233146695384
 0.02619258345359622 -0.02164171291985655 -0.07827057007496681   0.1066333851593155 -0.01515805916109909
 0.04610732517969887  0.09296696456812432  -0.2237233146696055 -0.01515805916109919  0.09439189401638563

cov*(cov_.inverse()):
    0.9999999999997904  1.096456259119805e-12  1.953992523340276e-14  1.110223024625157e-16 -4.440892098500626e-16
 4.107825191113079e-13     0.9999999999995595  3.197442310920451e-14 -1.110223024625157e-16 -8.881784197001252e-16
-8.482103908136196e-14  3.632649736573512e-13       1.00000000000016  2.220446049250313e-16 -8.881784197001252e-16
-4.174438572590589e-14  6.394884621840902e-13  3.161915174132446e-13     0.9999999999999998 -8.881784197001252e-16
-3.002043058586423e-13  9.414691248821327e-13 -5.542233338928781e-13  1.332267629550188e-15     0.9999999999999982
