5
2

 8.26825868145773e-05
9.960343172479653e-05
0.0004016737058280699
   0.0136835552047458
   0.5173369788106217

  0.03367889917339135    0.3012551990481052   -0.8183949656337016    0.4881786225622105 -0.004727525317772647
  -0.4680602659957916    0.7932257916937974   0.04192071036335072   -0.3867417920160259   0.01964360299339371
   0.4681002125620225  -0.01799579666448671   -0.3576088721118195   -0.6156269272037459    0.5231421636518953
  -0.6014704191242494   -0.2832399374983043  -0.02519561375352004    0.1810576770723532    0.7242870779913194
   0.4459830098381629    0.4466424045549212    0.4471615031535477    0.4475868886108408    0.4486895191891804

0.3944167604539401
  0.39447814157858
0.3945919235942253
0.3945932026085355
0.3945989233158217

-7.640206495894461e-05
    0.3945858420984955

0
0
0
0
0

0
0

0
0
0
0
0

0
0

0
0
0
0
0

0
0

0
0
0
0
0

0
0

0
0
0
0
0

0
0

0
0
0
0
0

0
0

0
0
0
0
0

0
0

0
0
0
0
0

0
0

0
0
0
0
0

0
0

0
0
0
0
0

0
0

0
0
0
0
0

0
0

0
0
0
0
0

0
0

0
0
0
0
0

0
0

0
0
0
0
0

0
0

0
0
0
0
0

0
0

0
0
0
0
0

0
0

0
0
0
0
0

0
0

0
0
0
0
0

0
0

0
0
0
0
0

0
0

0
0
0
0
0

0
0

0
0
0
0
0

0
0

0
0
0
0
0

0
0

0
0
0
0
0

0
0

0
0
0
0
0

0
0

0
0
0
0
0

0
0

0
0
0
0
0

0
0

0
0
0
0
0

0
0

0
0
0
0
0

0
0

0
0
0
0
0

0
0

0
0
0
0
0

0
0

0
0
0
0
0

0
0

0
0
0
0
0

0
0

0
0
0
0
0

0
0

0
0
0
0
0

0
0

0
0
0
0
0

0
0

0
0
0
0
0

0
0

0
0
0
0
0

0
0

0
0
0
0
0

0
0

0
0
0
0
0

0
0

0
0
0
0
0

0
0

0
0
0
0
0

0
0

0
0
0
0
0

0
0

0
0
0
0
0

0
0

0
0
0
0
0

0
0

0
0
0
0
0

0
0

0
0
0
0
0

0
0

0
0
0
0
0

0
0

0
0
0
0
0

0
0

0
0
0
0
0

0
0

0
0
0
0
0

0
0

0
0
0
0
0

0
0

0
0
0
0
0

0
0

0
0
0
0
0

0
0

0
0
0
0
0

0
0

0
0
0
0
0

0
0

0
0
0
0
0

0
0

0
0
0
0
0

0
0

0
0
0
0
0

0
0

0
0
0
0
0

0
0

0
0
0
0
0

0
0

0
0
0
0
0

0
0

0
0
0
0
0

0
0

0
0
0
0
0

0
0

0
0
0
0
0

0
0

0
0
0
0
0

0
0

0
0
0
0
0

0
0

0
0
0
0
0

0
0

0
0
0
0
0

0
0

0
0
0
0
0

0
0

0
0
0
0
0

0
0

0
0
0
0
0

0
0

0
0
0
0
0

0
0

0
0
0
0
0

0
0

0
0
0
0
0

0
0

0
0
0
0
0

0
0

0
0
0
0
0

0
0

0
0
0
0
0

0
0

   2.791871573289388    2.758313029037239    2.741331775169887   -7.984190184029273  -0.3074663600589322
   1.173296897481545   0.7687649251145438  0.07874708133780495  -0.9819127616036774 -0.03872521658724201

-3.565028087244541e-08  4.045620551181702e-08  8.117663979477347e-07 -0.0007860050305502404  -0.002315302316548324
-1.862936682677596e-09  4.394116641704764e-09   1.76097838226533e-07 -0.0002118174013400603     0.1190931649605794

cov:
0.05330110940504076 0.05334393459791971 0.05337681199555701 0.05340434150787148 0.05347485945948823
0.05334393459791971  0.0534058924377119 0.05345425229871634 0.05349416382405376 0.05359715976641874
0.05337681199555701 0.05345425229871634 0.05351518476206231 0.05356512808048781 0.05369446230440602
0.05340434150787148 0.05349416382405376 0.05356512808048781 0.05362310931812548 0.05377349440666511
0.05347485945948823 0.05359715976641874 0.05369446230440602 0.05377349440666511 0.05397967150402203

cov.inverse():
 23608786.96667927 -35991178.89071845 -7046986.798355332  18864544.52843944  565399.6514736856
-35991178.88465621  76700381.32175031 -32671909.54103451  -9341513.58677974  1302843.880005548
-7046986.810825139 -32671909.52072585   98940825.1063572 -58710146.82361645 -510682.4043155131
  18864544.5344006 -9341513.600006303 -58710146.81637947  52285626.84884502 -3098784.486661251
 565399.6519199043   1302843.87898583 -510682.4037133001 -3098784.486689945  1741227.507722452

cov*(cov_.inverse()):
    0.9999999998872227  5.820766091346741e-11   6.83940015733242e-10 -1.746229827404022e-10                      0
-1.746229827404022e-10      1.000000000320142  3.819877747446299e-10  1.164153218269348e-10 -1.455191522836685e-11
-3.747118171304464e-10  1.600710675120354e-10      1.000000000232831 -4.074536263942719e-10  1.455191522836685e-11
-4.292814992368221e-10  8.731149137020111e-10 -6.184563972055912e-11      1.000000000407454 -1.455191522836685e-11
-2.983142621815205e-10  8.585629984736443e-10 -1.491571310907602e-10 -2.037268131971359e-10                      1
