5
2

8.302749759039746e-05
0.0001002388101028466
0.0004016792784294718
  0.01368393827360335
   0.5173367244576025

  0.04095304929931283    0.2886882997806791   -0.8188649473130253    0.4943838394662631 -0.005170170157850093
  -0.4674511909138043    0.7978837918941085   0.02896564396451864   -0.3790089320560227   0.01959743956283277
   0.4681371087947387  -0.01796077085368295   -0.3578169141686519   -0.6154845317782642    0.5231356469943133
  -0.6014636514434616   -0.2832451050535617  -0.02519817139235052    0.1810579496450198    0.7242905200845295
   0.4459835817919258     0.446643192465706    0.4471613776088697    0.4475864818204207    0.4486886972753413

0.3944182926758088
0.3944780212949608
0.3945895740350696
0.3945902122829465
0.3945941910868701

-7.640206495894461e-05
    0.3945858420984955

   2.825727822559815    2.655325683092411    2.833247195727085   -8.002881177155587  -0.3115737294284806
   1.177264051493144   0.7486346324890115   0.1069253488586498  -0.9931729363047764 -0.03948311080859168

-3.717456744588633e-08  3.925558028276859e-08  8.106046267047441e-07 -0.0007860253388815116  -0.002315321204169233
-2.164767876869211e-09  4.277906829375157e-09  1.758743090299327e-07 -0.0002118252627631999      0.119093100827851

cov:
0.05330119589931281 0.05334404655162136 0.05337681338881851 0.05340430800838247 0.05347477334078083
0.05334404655162136 0.05340602980601471 0.05345427921670641 0.05349415622271428 0.05359710036335317
0.05337681338881851 0.05345427921670641 0.05351510218016594 0.05356501155431438 0.05369429548979765
0.05340430800838247 0.05349415622271428 0.05356501155431438 0.05362295948688692 0.05377329578539108
0.05347477334078083 0.05359710036335317 0.05369429548979765 0.05377329578539108 0.05397942755444401

cov.inverse():
 23350567.91903266 -35455842.42235925 -7250346.658098402  18783143.94547632  573083.4881894464
 -35455842.4228454  75450977.35920049 -31952381.85936996 -9324572.274583176  1280360.878549762
-7250346.656416101 -31952381.86135278  98147426.45982215 -58453966.53510255 -489609.1938683366
 18783143.94405766 -9324572.273034237 -58453966.53467633  52100049.58872956 -3104907.961615317
 573083.4884119828  1280360.878497479 -489609.1945951235 -3104907.961058787  1741074.684358884

cov*(cov_.inverse()):
    0.9999999999126885 -1.149601303040981e-09 -9.604264050722122e-10  6.111804395914078e-10                      0
-2.182787284255028e-10     0.9999999994033715 -4.765752237290144e-10  1.455191522836685e-10                      0
-3.201421350240707e-10 -9.022187441587448e-10      1.000000000065484 -1.164153218269348e-10  1.455191522836685e-11
-2.764863893389702e-10 -9.167706593871117e-10 -4.474713932722807e-10     0.9999999996798579                      0
-2.255546860396862e-10 -5.384208634495735e-10  3.637978807091713e-11  -2.91038304567337e-11      1.000000000014552
