5
2

7.752494068747312e-05
0.0002702697306879519
0.0007555196565291993
   0.0156794083394403
   0.5191345333052328

 -0.4008402018404588   0.8061747586704645  -0.4346703532997769  0.01015978164787835  0.01917951694473327
 -0.5044286475310163   0.1764535822447276   0.7756833342511452  -0.1448445809783631  -0.3029047460659242
 0.05994193948963077  0.07752680620352104  0.09499806937962495  -0.8070289092090153   0.5745226407419939
 -0.6187109238491392  -0.3372780967222715 -0.01959730130471745    0.356036627584829   0.6134281895876172
   0.445513892868109   0.4462952739912281   0.4471782212082669   0.4481730533142294   0.4488991561972568

 0.401231402615011
0.4012992130548235
 0.401336637348039
0.4014198249009303
0.4014417587191798

-3.770246429030572e-05
    0.4014093382095686

   2.862610948700131    5.053174974230578   -7.254845225056591  -0.1848848469649374   -0.476020057580907
   1.236552439561711   0.8796372775317383   -1.017115885744897 -0.06030994095140063 -0.03866383471245666

 3.647389694633838e-08 -4.389190928758345e-07 -1.427745269041609e-07 -0.0009074362880743224  -0.002752446463060741
 3.932042178875348e-09 -9.036122724484131e-08  4.118473268194901e-08 -0.0002672342755699997     0.1197288297749993

cov:
0.05358533158751186 0.05363631402731232 0.05369398648966288 0.05375629799590581 0.05380438067654386
0.05363631402731232 0.05370697573228911 0.05378683497178872 0.05387529392109638 0.05394134412161553
0.05369398648966288 0.05378683497178872 0.05389175079820165 0.05400973082742683 0.05409606284695611
0.05375629799590581 0.05387529392109638 0.05400973082742683 0.05416319388143521 0.05427278929870206
0.05380438067654386 0.05394134412161553 0.05409606284695611 0.05427278929870206 0.05439990538227425

cov.inverse():
 30224999.22887229 -54976756.86768337  23643436.64677142  237004.7338406927  871381.1789597634
-54976756.86655011  108574540.8948676 -56418354.48414595  902802.8118469337  1918144.966071072
   23643436.645004 -56418354.48179756  39689622.80354547 -2407251.879939638 -4508144.740914023
 237004.7339990408  902802.8115022253 -2407251.879730277  1445910.271621847 -178327.9682837676
 871381.1794356396  1918144.965200537 -4508144.740542366 -178327.9682607651  1897076.739271433

cov*(cov_.inverse()):
    0.9999999999199645 -5.820766091346741e-10 -4.074536263942719e-10  1.818989403545856e-12  -2.91038304567337e-11
  1.01863406598568e-10      1.000000000509317  -4.94765117764473e-10  1.455191522836685e-11  1.455191522836685e-11
 -1.01863406598568e-10 -5.529727786779404e-10     0.9999999999708962 -9.094947017729282e-12 -1.455191522836685e-11
  1.01863406598568e-10 -1.105945557355881e-09 -5.820766091346741e-11      1.000000000005457 -1.455191522836685e-11
 2.182787284255028e-11  8.731149137020111e-11 -5.820766091346741e-11  3.637978807091713e-12                      1
