5 
6 
8 
9 
11 
inputFileName = /Users/demattia/RemoteProjects/extracted_hybrid.root
eventsFractionStartBuild = 0
eventsFractionEndBuild = 0.2
eventsFractionStartTest = 0.8
eventsFractionEndTest = 1
var name = R
var name = z
par name = cotTheta
firstOrderChargeOverPtCoefficientsFileName = 
firstOrderCotThetaCoefficientsFileName = 
2 < pT < 10, pT regions = 1
0 < phi < 0.8, phi regions = 1
-3 < eta < 3, eta regions = 1
-15 < z0 < 15, eta regions = 1
charge regions = 1
endcap regions = 0
Training
Requested running from track number 0 to track number 1000000 for a total of 1000000 tracks.
Analyzed 10% of 1000000 tracks
Analyzed 20% of 1000000 tracks
Analyzed 30% of 1000000 tracks
Analyzed 40% of 1000000 tracks
Analyzed 50% of 1000000 tracks
Analyzed 60% of 1000000 tracks
Analyzed 70% of 1000000 tracks
Analyzed 80% of 1000000 tracks
Analyzed 90% of 1000000 tracks
Analyzed 100% of 1000000 tracks
Evaluating eigenvalues:
geomIndex = 0
Sqrt(eigenvalues) of cov:
 0.109926 0.676371 0.768168 1.00055 1.37905 1.61019 1.73094 1.88188 4.89919 9.75977
Analyzed 10% of 1000000 tracks
Analyzed 20% of 1000000 tracks
Analyzed 30% of 1000000 tracks
Analyzed 40% of 1000000 tracks
Analyzed 50% of 1000000 tracks
Analyzed 60% of 1000000 tracks
Analyzed 70% of 1000000 tracks
Analyzed 80% of 1000000 tracks
Analyzed 90% of 1000000 tracks
Analyzed 100% of 1000000 tracks
opening GeometricIndex.txt for writing
Matrices built:
geomIndex = 0

V_0:
  -0.491679    0.385756    0.609652   -0.479246  -0.0334536    0.027856  -0.0512996   0.0368626  -0.0330714   0.0333388
    -0.2036   0.0670398   -0.152613   0.0625209      0.7661   -0.336497    -0.44001    0.166693  -0.0372063   0.0627256
   0.250313   -0.056453     0.12983  -0.0544498   -0.301635   0.0914151   -0.748048    0.250036    0.311257   -0.309872
  -0.719802  -0.0298686   -0.566938   0.0300594   -0.356408   0.0592591   -0.151667  -0.0123033   0.0585033  -0.0394422
  -0.172323   -0.143078   0.0406498   0.0222281    0.260368    0.153597    0.413318    0.397799    0.343886   -0.639508
  0.0773999    0.127441   -0.103273   -0.104354  -0.0357282  -0.0716391   -0.081017   -0.135828     -0.7331   -0.622379
  -0.315803   -0.464536    0.494814    0.583028  -0.0109566   0.0180193   -0.131859   -0.232967   -0.150481  -0.0704429
   0.008347  -0.0694731  -0.0974711   -0.201015     0.35293    0.733647    -0.15804   -0.497571   0.0890555   -0.043753
 -0.0199451   -0.366411  -0.0031613   -0.152709   0.0146249    0.401491  -0.0329518    0.618208   -0.452626    0.304088
  0.0119108    0.671587   0.0094647    0.589502 0.000694293    0.381633  -0.0183409    0.217853  -0.0779701    0.041303
corrPV_0:
-0.00133234 -0.00247211  0.00713321   -0.010522  -0.0154217 -0.00040944  0.00510605 0.000709692    0.358574    -0.58487
D_0:
  0.0663814   -0.052527  -0.0584619   0.0464179   -0.002191  0.00182743  -0.0033896  0.00238354 -0.00219937  0.00209832
opening matrixVD_0.txt for writing
