5 
6 
8 
9 
11 
inputFileName = /Users/demattia/RemoteProjects/extracted_hybrid.root
eventsFractionStartBuild = 0
eventsFractionEndBuild = 0.2
eventsFractionStartTest = 0.8
eventsFractionEndTest = 1
var name = R
var name = z
par name = cotTheta
firstOrderChargeOverPtCoefficientsFileName = 
firstOrderCotThetaCoefficientsFileName = 
pT > 2, pT regions = 1
0 < phi < 0.8, phi regions = 1
-3 < eta < 3, eta regions = 1
-15 < z0 < 15, eta regions = 1
charge regions = 1
endcap regions = 0
Training
Requested running from track number 0 to track number 1000000 for a total of 1000000 tracks.
Analyzed 10% of 1000000 tracks
Analyzed 20% of 1000000 tracks
Analyzed 30% of 1000000 tracks
Analyzed 40% of 1000000 tracks
Analyzed 50% of 1000000 tracks
Analyzed 60% of 1000000 tracks
Analyzed 70% of 1000000 tracks
Analyzed 80% of 1000000 tracks
Analyzed 90% of 1000000 tracks
Analyzed 100% of 1000000 tracks
Evaluating eigenvalues:
geomIndex = 0
Sqrt(eigenvalues) of cov:
 0.110029 0.682494 0.766226 0.987249 1.37707 1.60842 1.72571 1.89445 4.89766 9.73658
Analyzed 10% of 1000000 tracks
Analyzed 20% of 1000000 tracks
Analyzed 30% of 1000000 tracks
Analyzed 40% of 1000000 tracks
Analyzed 50% of 1000000 tracks
Analyzed 60% of 1000000 tracks
Analyzed 70% of 1000000 tracks
Analyzed 80% of 1000000 tracks
Analyzed 90% of 1000000 tracks
Analyzed 100% of 1000000 tracks
opening GeometricIndex.txt for writing
Matrices built:
geomIndex = 0

V_0:
  -0.491931    0.385714    0.609518   -0.479205   -0.033786   0.0278282   -0.050969    0.036839  -0.0329319   0.0335245
  -0.187715   0.0703244   -0.141836   0.0604617    0.773419   -0.342999   -0.430941    0.170898  -0.0414475   0.0598769
  -0.242762   0.0608717     -0.1316   0.0481858    0.301326  -0.0894854    0.751686   -0.249408   -0.308868    0.310291
  -0.725667  -0.0282293   -0.566624   0.0386387   -0.346506   0.0353609   -0.158902 -0.00687997    0.045056  -0.0375618
   -0.16652   -0.128551   0.0225218  0.00541297    0.253921    0.153412    0.415794    0.402451    0.336767   -0.647252
  0.0457128   0.0686035  -0.0365493  -0.0344892  -0.0308179  -0.0536433   -0.101201    -0.18364   -0.747447   -0.619846
   -0.32545   -0.473879    0.512749    0.604824  -0.0155466  -0.0240091  -0.0903063   -0.168959  -0.0571056 -0.00382423
  0.0306001    0.103571   0.0716072    0.155902   -0.351986   -0.732542    0.169142    0.507329   -0.106563   0.0322993
 -0.0209288   -0.363724 -0.00397936   -0.150432   0.0160275    0.405894  -0.0341775    0.615991   -0.455239    0.302917
  0.0114258    0.673024  0.00952519    0.590699 0.000284822    0.379422  -0.0187618    0.214753  -0.0762912   0.0404877
corrPV_0:
-0.00133723 -0.00248294 -0.00704226  -0.0103149  -0.0154863 0.000471532  0.00418868 0.000102024     0.35751   -0.589043
D_0:
   0.066458  -0.0526152  -0.0585801   0.0465146 -0.00221214  0.00182851  -0.0033368  0.00238758 -0.00219425  0.00208494
opening matrixVD_0.txt for writing
