6
2

0.0001054634108843234
0.0002247714985363963
0.0006859392563030852
0.0008911835171898743
  0.01776845127517769
   0.5641414015572295

   0.4232093638599208    -0.802774231604972    0.4191713194197405 -0.002060754387140596  -0.01463938464251034  -0.02289572223990101
    -0.49406201046634     0.166597864007702    0.7990038211656489  -0.08831971054419178   -0.1263536663873108   -0.2568562925150877
 -0.08729615939257102  -0.09437702152422213   -0.1001053587180126     0.166031430040387     0.743165215911618   -0.6273677562779614
   0.1210885532272325   0.09569606820101756   0.08082580541277026   -0.8820277989585623    0.3945321245990206    0.1897850850601152
    -0.62379694189989   -0.3792617618180132   -0.0526776654939474    0.1404658969069265    0.3294269602803668    0.5796638374987008
   0.4066827784210034     0.407301413133932    0.4081169791028414    0.4085648540072142    0.4090821210547235    0.4097337992725011

0.4010429798353508
0.4012058166739901
0.4014476078989907
 0.401506603569824
0.4016081641715442
0.4016918217692766

-0.001247052361747193
    0.401068870081769

   3.64243341106008   1.173280303759021  -3.368528824398417 -0.1432798501824739 -0.4190192052045534 -0.8847065857248649
  1.514473432813054 -0.4829675791009125  0.3969464001689996  0.1001654045916639 -0.1778479439050328 -0.3506823300058427

-8.738666711365396e-09 -2.022277353663867e-07  6.039197881315949e-08  5.895200551827721e-08   -0.00101366507889092  -0.002548179406859954
 1.340785640963985e-08  -2.06051537320806e-08 -1.030241495169488e-08 -4.433179124275365e-08 -0.0003252711422165114      0.129110121917668

cov:
0.05275944391324996 0.05279132910069427 0.05283255706754837 0.05285240328949249  0.0528822379010748 0.05291734119776339
0.05279132910069427 0.05284225451646023 0.05290886145910224 0.05294370199790025 0.05298819825934529  0.0530427536317694
0.05283255706754837 0.05290886145910224 0.05300939066728339 0.05306423876425237 0.05312833474772363 0.05320886263095386
0.05285240328949249 0.05294370199790025 0.05306423876425237 0.05313173975507265 0.05320652994159414 0.05330240071798212
 0.0528822379010748 0.05298819825934529 0.05312833474772363 0.05320652994159414 0.05329412943407131 0.05340445672088676
0.05291734119776339  0.0530427536317694 0.05320886263095386 0.05330240071798212 0.05340445672088676 0.05353560689101822

cov.inverse():
 20970378.36006368 -32141674.45926953  8166818.557658552  619716.8496742662  600219.9644045755  1784836.574150376
-32141674.45993686  58520907.53081709 -27589289.06178104 -282248.7499719798  538027.9660295444  953533.7896483506
 8166818.558860663 -27589289.06332603  28462873.75852624 -1599540.720212253 -2667997.785036051 -4772324.133013409
 619716.8495732044 -282248.7498593995 -1599540.720186998   1192985.98293696    47828.474617085  21368.11049921772
 600219.9641019872   538027.966525776 -2667997.785219018  47828.47462622693  1705419.792425515 -223510.9036171496
 1784836.574019262  953533.7899171679 -4772324.133198564   21368.1105268481 -223510.9035973289  2235924.632321382

cov*(cov_.inverse()):
    0.9999999999708962 -5.238689482212067e-10  2.037268131971359e-10 -5.229594535194337e-12 -1.818989403545856e-12  1.455191522836685e-11
-7.275957614183426e-11     0.9999999998835847  1.164153218269348e-10 -2.273736754432321e-13    1.2732925824821e-11  4.365574568510056e-11
-1.455191522836685e-11 -4.583853296935558e-10      1.000000000087311  1.614353095646948e-11 -2.364686224609613e-11  7.275957614183426e-11
-1.164153218269348e-10 -5.093170329928398e-10  2.619344741106033e-10      1.000000000002274 -9.094947017729282e-12  1.455191522836685e-11
-2.473825588822365e-10 -2.764863893389702e-10   2.91038304567337e-11  1.432454155292362e-11      1.000000000007276  4.365574568510056e-11
-2.037268131971359e-10 -2.692104317247868e-10 -1.164153218269348e-10 -2.046363078989089e-12  9.094947017729282e-12      1.000000000029104
