5
2

0.0001076946601198217
0.0002539415514436942
0.0007158026648330447
  0.01195712135238981
   0.5369410450247495

 0.00859834591296588   0.3956349617480657  -0.8129244492924248   0.4268749240250481 -0.01818473182053655
-0.02791601794592462    0.571152044718706  -0.1206174355705583  -0.7447670246363582   0.3221483369604328
  0.6436356974035563  -0.5137669209805293  -0.3499137019219647  -0.1858658199827829   0.4059445012602328
 -0.6212178896221909   -0.231681304640558 -0.04731442836523562   0.1681454063292123   0.7279426995940378
  0.4460585018030627   0.4467948554342179   0.4471319939958753   0.4475275383095742   0.4485512819361555

0.4003223186821303
0.4005058546401603
0.4005070454882315
0.4005100186789385
0.4005220672102066

-0.0001533412570018936
    0.4004870403150448

0
0
0
0
0

0
0

0
0
0
0
0

0
0

0
0
0
0
0

0
0

0
0
0
0
0

0
0

0
0
0
0
0

0
0

0
0
0
0
0

0
0

0
0
0
0
0

0
0

0
0
0
0
0

0
0

0
0
0
0
0

0
0

0
0
0
0
0

0
0

0
0
0
0
0

0
0

0
0
0
0
0

0
0

0
0
0
0
0

0
0

0
0
0
0
0

0
0

0
0
0
0
0

0
0

0
0
0
0
0

0
0

0
0
0
0
0

0
0

0
0
0
0
0

0
0

0
0
0
0
0

0
0

0
0
0
0
0

0
0

0
0
0
0
0

0
0

0
0
0
0
0

0
0

0
0
0
0
0

0
0

0
0
0
0
0

0
0

0
0
0
0
0

0
0

0
0
0
0
0

0
0

0
0
0
0
0

0
0

0
0
0
0
0

0
0

0
0
0
0
0

0
0

0
0
0
0
0

0
0

0
0
0
0
0

0
0

0
0
0
0
0

0
0

0
0
0
0
0

0
0

0
0
0
0
0

0
0

0
0
0
0
0

0
0

0
0
0
0
0

0
0

0
0
0
0
0

0
0

0
0
0
0
0

0
0

0
0
0
0
0

0
0

0
0
0
0
0

0
0

0
0
0
0
0

0
0

0
0
0
0
0

0
0

0
0
0
0
0

0
0

0
0
0
0
0

0
0

0
0
0
0
0

0
0

0
0
0
0
0

0
0

0
0
0
0
0

0
0

0
0
0
0
0

0
0

0
0
0
0
0

0
0

0
0
0
0
0

0
0

0
0
0
0
0

0
0

0
0
0
0
0

0
0

0
0
0
0
0

0
0

0
0
0
0
0

0
0

0
0
0
0
0

0
0

0
0
0
0
0

0
0

0
0
0
0
0

0
0

0
0
0
0
0

0
0

0
0
0
0
0

0
0

0
0
0
0
0

0
0

0
0
0
0
0

0
0

0
0
0
0
0

0
0

0
0
0
0
0

0
0

0
0
0
0
0

0
0

0
0
0
0
0

0
0

0
0
0
0
0

0
0

0
0
0
0
0

0
0

0
0
0
0
0

0
0

0
0
0
0
0

0
0

0
0
0
0
0

0
0

0
0
0
0
0

0
0

0
0
0
0
0

0
0

0
0
0
0
0

0
0

0
0
0
0
0

0
0

0
0
0
0
0

0
0

0
0
0
0
0

0
0

0
0
0
0
0

0
0

 -6.958373875052594   17.34669567773991   10.55145317312827  -19.12187659186806  -1.817810800180919
  0.135568291427312   2.222658189665459   1.361579967270085  -2.537359618416987 -0.1825873103843055

-1.148679616844884e-07  1.449968265320365e-06 -7.309899539504895e-06 -0.0006768319365149434  -0.002445658210533192
-1.514890553612616e-08  1.890985336673775e-07 -5.808363031798218e-07 -0.0001748766398338905     0.1282705218519624

cov:
0.05741904678378322 0.05747876245511854 0.05750579908472529 0.05753758536043398 0.05761971357957777
0.05747876245511854 0.05756104020331317 0.05759828705381767 0.05764204110072724 0.05775525177386297
0.05750579908472529 0.05759828705381767 0.05764048803753176 0.05768998416868252 0.05781805862007595
0.05753758536043398 0.05764204110072724 0.05768998416868252 0.05774621936011881 0.05789165545009777
0.05761971357957777 0.05775525177386297 0.05781805862007595 0.05789165545009777 0.05808245265646527

cov.inverse():
 829684.4361869131 -598323.3831911441 -989800.9717706322  404662.8319740337  353840.2131770934
-598323.3829657953  19070078.53179839 -28447783.75498345   8151263.68361909  1824707.984214344
-989800.9721792522 -28447783.75115571  57443222.54950184 -28400146.02506153  394556.7059963139
 404662.8321537306  8151263.678864771 -28400146.01949134   24380435.1208773 -4536263.068279264
  353840.213180659  1824707.985366298  394556.7038452312 -4536263.067283705  1963168.389594803

cov*(cov_.inverse()):
     1.000000000007276 -1.164153218269348e-10 -9.822542779147625e-11   2.91038304567337e-11                      0
 2.182787284255028e-11       1.00000000007276 -3.965396899729967e-10   2.91038304567337e-10  1.455191522836685e-11
 1.455191522836685e-11   2.91038304567337e-11     0.9999999995197868  5.820766091346741e-11                      0
 7.275957614183426e-12 -1.455191522836685e-10 -1.491571310907602e-10     0.9999999998835847  4.365574568510056e-11
 7.275957614183426e-12 -8.731149137020111e-11 -5.456968210637569e-11  5.820766091346741e-11                      1
