5
2

0.03688872985128738
 0.7827362884331599
  2.573085588236177
  7.370202284014579
  29.64893034910793

  -0.4330688245437167    0.8159185284460136   -0.3830513414414589 0.0001199946574828479 5.973271507229288e-05
  -0.4836157558853904    0.1205514583219448     0.803442661192633   -0.1991096254416304   -0.2577176629337796
   0.1094980594027929   0.07681081187118437    0.0396525375239089   -0.8052927847789387    0.5762304063632963
  -0.7246961054756664   -0.4714791998283377   -0.1848310441445897    0.1612277350364351    0.4385955100238433
     0.20345250935575     0.302575220637555    0.4147489859950658    0.5346629694450323     0.639667179096497

39.29064866398127
63.53406063061885
 90.9610073747218
123.3134835665833
145.7148190923257

  1.811327367589389
-0.7547632468334604

0
0
0
0
0

0
0

0
0
0
0
0

0
0

0
0
0
0
0

0
0

0
0
0
0
0

0
0

0
0
0
0
0

0
0

0
0
0
0
0

0
0

0
0
0
0
0

0
0

0
0
0
0
0

0
0

0
0
0
0
0

0
0

0
0
0
0
0

0
0

0
0
0
0
0

0
0

0
0
0
0
0

0
0

0
0
0
0
0

0
0

0
0
0
0
0

0
0

0
0
0
0
0

0
0

0
0
0
0
0

0
0

0
0
0
0
0

0
0

0
0
0
0
0

0
0

0
0
0
0
0

0
0

0
0
0
0
0

0
0

0
0
0
0
0

0
0

0
0
0
0
0

0
0

0
0
0
0
0

0
0

0
0
0
0
0

0
0

0
0
0
0
0

0
0

0
0
0
0
0

0
0

0
0
0
0
0

0
0

0
0
0
0
0

0
0

0
0
0
0
0

0
0

0
0
0
0
0

0
0

0
0
0
0
0

0
0

0
0
0
0
0

0
0

0
0
0
0
0

0
0

0
0
0
0
0

0
0

0
0
0
0
0

0
0

0
0
0
0
0

0
0

0
0
0
0
0

0
0

0
0
0
0
0

0
0

0
0
0
0
0

0
0

0
0
0
0
0

0
0

0
0
0
0
0

0
0

0
0
0
0
0

0
0

0
0
0
0
0

0
0

0
0
0
0
0

0
0

0
0
0
0
0

0
0

0
0
0
0
0

0
0

0
0
0
0
0

0
0

0
0
0
0
0

0
0

0
0
0
0
0

0
0

0
0
0
0
0

0
0

0
0
0
0
0

0
0

0
0
0
0
0

0
0

0
0
0
0
0

0
0

0
0
0
0
0

0
0

0
0
0
0
0

0
0

0
0
0
0
0

0
0

0
0
0
0
0

0
0

0
0
0
0
0

0
0

0
0
0
0
0

0
0

0
0
0
0
0

0
0

0
0
0
0
0

0
0

0
0
0
0
0

0
0

0
0
0
0
0

0
0

0
0
0
0
0

0
0

0
0
0
0
0

0
0

0
0
0
0
0

0
0

0
0
0
0
0

0
0

0
0
0
0
0

0
0

0
0
0
0
0

0
0

0
0
0
0
0

0
0

0
0
0
0
0

0
0

0
0
0
0
0

0
0

0
0
0
0
0

0
0

0
0
0
0
0

0
0

0
0
0
0
0

0
0

0
0
0
0
0

0
0

0
0
0
0
0

0
0

  -0.03959223097256089   0.008487561467435427    0.03107347476465347  1.726958883704281e-05  1.966964092064722e-05
     1.724712561342975    0.09781918374700231    -0.8214856777995532 -0.0005065745211545354 -0.0006170085940067765

 1.655874974561184e-05    0.02764876244225193   -0.01624582344406698      1.029834095291994      6.524811228130468
-0.0004795868353771653    -0.9080243817042967      1.084777714876709     -62.17064850645398       34.3878071545866

cov:
65.13771420742063 72.69405718636519 81.24337970926064 88.75114169466192 97.63102713676902
72.69405718636519 92.60319000195177 115.1282869505895  137.657065380613 159.1809006811596
81.24337970926064 115.1282869505895 153.4746674360967  193.004009490818 228.8364437420471
88.75114169466192  137.657065380613  193.004009490818 257.0216204729984 301.4441259121876
97.63102713676902 159.1809006811596 228.8364437420471 301.4441259121876 372.3765667550875

cov.inverse():
   138.2177724977437   -259.7542591636941    121.2754199643791   0.1036331171382646   0.1882460546886253
  -259.7542591636957    489.2510423561083   -229.5161095336082  0.02221322023621446 -0.01179508623331932
   121.2754199643814   -229.5161095336111    108.8814334481943   -0.300002752737393  -0.3525160956408927
  0.1036331171387474  0.02221322023530381  -0.3000027527369649    0.163470468694577  0.01536246621312282
  0.1882460546874676 -0.01179508623113832  -0.3525160956419165  0.01536246621312329   0.1625679665959611

cov*(cov_.inverse()):
    0.9999999999975735 -2.735367488071461e-12  1.406874616804998e-12  6.217248937900877e-15  -1.77635683940025e-15
-4.138911435802584e-12      1.000000000006071 -3.502975687297294e-12  1.287858708565182e-14 -7.105427357601002e-15
-1.499245172453811e-12   4.04432043410452e-12     0.9999999999998295  5.329070518200751e-15                      0
-5.087485988042317e-12   2.69206879011108e-12 -2.017941369558685e-12       1.00000000000001 -7.105427357601002e-15
-3.439026841078885e-12 -3.416822380586382e-12 -3.097966327914037e-12  8.881784197001252e-15                      1
