5
2

0.0002335200915929059
0.0004843407327466708
 0.000710947099284917
   0.0148906711849991
   0.5169344894719984

  0.1297018031763683  -0.7425568143805403   0.6512595126718699  0.03957832990720282 -0.07798347662151203
 -0.1603830561407351   0.3233172698365785   0.4677999514706896  -0.7907593960915446   0.1600187527302207
  0.5725460161784558  -0.3215118171698234  -0.3954172019235691  -0.3761654401623877   0.5205439547518639
  -0.656627749121807  -0.2029118537993727 -0.02701817097261252   0.1767061410104728   0.7040679916296528
  0.4455174250208013   0.4466903305986209   0.4471459576230665   0.4476691129074202   0.4490376715628245

0.3994890849722355
 0.399675568432946
0.3996752611723015
0.3996698473911472
0.3996789589106167

-3.632715864885319e-05
    0.3996678695470741

0
0
0
0
0

0
0

0
0
0
0
0

0
0

0
0
0
0
0

0
0

0
0
0
0
0

0
0

0
0
0
0
0

0
0

0
0
0
0
0

0
0

0
0
0
0
0

0
0

0
0
0
0
0

0
0

0
0
0
0
0

0
0

0
0
0
0
0

0
0

0
0
0
0
0

0
0

0
0
0
0
0

0
0

0
0
0
0
0

0
0

0
0
0
0
0

0
0

0
0
0
0
0

0
0

0
0
0
0
0

0
0

0
0
0
0
0

0
0

0
0
0
0
0

0
0

0
0
0
0
0

0
0

0
0
0
0
0

0
0

0
0
0
0
0

0
0

0
0
0
0
0

0
0

0
0
0
0
0

0
0

0
0
0
0
0

0
0

0
0
0
0
0

0
0

0
0
0
0
0

0
0

0
0
0
0
0

0
0

0
0
0
0
0

0
0

0
0
0
0
0

0
0

0
0
0
0
0

0
0

0
0
0
0
0

0
0

0
0
0
0
0

0
0

0
0
0
0
0

0
0

0
0
0
0
0

0
0

0
0
0
0
0

0
0

0
0
0
0
0

0
0

0
0
0
0
0

0
0

0
0
0
0
0

0
0

0
0
0
0
0

0
0

0
0
0
0
0

0
0

0
0
0
0
0

0
0

0
0
0
0
0

0
0

0
0
0
0
0

0
0

0
0
0
0
0

0
0

0
0
0
0
0

0
0

0
0
0
0
0

0
0

0
0
0
0
0

0
0

0
0
0
0
0

0
0

0
0
0
0
0

0
0

0
0
0
0
0

0
0

0
0
0
0
0

0
0

0
0
0
0
0

0
0

0
0
0
0
0

0
0

0
0
0
0
0

0
0

0
0
0
0
0

0
0

0
0
0
0
0

0
0

0
0
0
0
0

0
0

0
0
0
0
0

0
0

0
0
0
0
0

0
0

0
0
0
0
0

0
0

0
0
0
0
0

0
0

0
0
0
0
0

0
0

0
0
0
0
0

0
0

0
0
0
0
0

0
0

0
0
0
0
0

0
0

0
0
0
0
0

0
0

0
0
0
0
0

0
0

0
0
0
0
0

0
0

0
0
0
0
0

0
0

0
0
0
0
0

0
0

0
0
0
0
0

0
0

0
0
0
0
0

0
0

0
0
0
0
0

0
0

0
0
0
0
0

0
0

0
0
0
0
0

0
0

0
0
0
0
0

0
0

0
0
0
0
0

0
0

 -5.228469451962379   17.04738327207271  -3.414427377102131  -3.844610982774502  -4.559776251001032
 0.3271930956595979   2.217588388826789 -0.4761199823105242 -0.4978222811678584 -0.5709427825801661

-8.374448492580254e-07  1.657001324458793e-06 -4.069700494671023e-06  -0.000847784947813938  -0.002630866958668306
  -1.0303775941664e-07   1.74549674487876e-07 -2.260955072714515e-07 -0.0002531971883795817     0.1187039390657632

cov:
0.05313539507397518 0.05320868944626391 0.05323730634824548 0.05326997615543379 0.05335634684634121
0.05320868944626391 0.05332849718374362 0.05337493588274218  0.0534281426003456 0.05356770486820715
0.05323730634824548 0.05337493588274218  0.0534284037311516 0.05348952978386649 0.05364981625504132
0.05326997615543379  0.0534281426003456 0.05348952978386649 0.05356032381965333 0.05374435565587687
0.05335634684634121 0.05356770486820715 0.05364981625504132 0.05374435565587687 0.05399117324884836

cov.inverse():
 1068642.699343789 -2350788.156409034  781342.5871477072  208141.0587755909  292680.4767554525
-2350788.156486366  10761699.81479348 -7971903.326822174 -1389683.004354477  950686.4162036412
 781342.5872638766 -7971903.327046001  9020060.065540772 -809960.0877474546 -1019551.904897681
 208141.0587475014 -1389683.004243426 -809960.0878329421  2974368.147337202 -982842.2679961047
 292680.4767447039  950686.4162390879 -1019551.904919853  -982842.267998631  759004.5539082021

cov*(cov_.inverse()):
     0.999999999996362  8.731149137020111e-11  3.637978807091713e-11  2.182787284255028e-11 -7.275957614183426e-12
  -1.2732925824821e-11      1.000000000014552  3.637978807091713e-11  7.275957614183426e-12  7.275957614183426e-12
 1.091393642127514e-11 -4.365574568510056e-11      1.000000000058208  2.182787284255028e-11                      0
-7.275957614183426e-12 -1.455191522836685e-11                      0                      1                      0
-9.094947017729282e-12                      0  -2.91038304567337e-11 -7.275957614183426e-12                      1
