5
2

0.2609611186526234
 2.380518036381819
 2.835278367326574
 7.983068496253146
 24.36170008213393

 -0.6159160043757466   0.7815767309158018 -0.04366902989430894 -0.06044927019715628 -0.06499377512888893
 -0.1951675313923951  -0.1430585162326318   0.6643196141637451   0.3309425393246753  -0.6249803049106309
 0.03529450656995507  0.03108439912481388  -0.6016288087384206   0.7544517993738473  -0.2581343000350515
 -0.7448013236749635  -0.5528168175924276  -0.0711179802387289   0.1195826200230525   0.3468526838791767
  0.1630410877724341   0.2491975139168042   0.4356116107821003   0.5507498532073821   0.6467111615702452

42.13364950005147
 68.2434809070695
132.4209779623073
156.6802465496887
186.2587765081338

  1.950837667853466
-0.9966707172356443

 -0.07470816414349865   0.07453582740721022 5.870583409933131e-05  6.13476322030705e-05 5.785893379852552e-05
    2.659421520708646    -1.656343323107645 -0.001072853302714123 -0.001066611392329237 -0.001019777431375891

 0.007100137992114629   0.02233178415714661 -0.002603423136101647    0.9216103731726359      3.85201555925231
  -0.1996959256793558    -1.600929793480163    0.3414925936460764    -67.90309544581677     11.34998153458006

cov:
51.38068956834291 50.48737216668044 44.62344131697481 47.46706491578505 46.73522583527903
50.48737216668044 56.49697793407568 66.23989465230231 77.15819865903906 83.86538723168135
44.62344131697481 66.23989465230231 118.3526910646164  139.441819983995 164.5194336607732
47.46706491578505 77.15819865903906  139.441819983995  186.129227615062 211.2937637878588
46.73522583527903 83.86538723168135 164.5194336607732 211.2937637878588 258.6359975728342

cov.inverse():
     5.58608973688581    -7.057139104236295     0.370381299740713    0.5373834166494997    0.6043313901738441
   -7.057139104236295     8.978614919136866   -0.5194769260998345   -0.7000062088576828   -0.7338770811687079
   0.3703812997407165   -0.5194769260998389    0.1513051200238617   0.02136576098866711  -0.01218239094564196
   0.5373834166494996   -0.7000062088576826   0.02136576098866685    0.1445261324372808 -0.001782416048447236
   0.6043313901738424   -0.7338770811687058  -0.01218239094564252 -0.001782416048447329    0.1418370814284654

cov*(cov_.inverse()):
    0.9999999999999574  2.842170943040401e-14  -3.33066907387547e-16 -4.385380947269368e-15  2.664535259100376e-15
  -1.4210854715202e-14     0.9999999999999787  3.108624468950438e-15 -1.859623566247137e-15  3.552713678800501e-15
 2.842170943040401e-14  4.263256414560601e-14      1.000000000000004 -6.494804694057166e-15  7.105427357601002e-15
 5.684341886080801e-14                      0 -2.664535259100376e-15     0.9999999999999967  7.105427357601002e-15
 5.684341886080801e-14                      0 -4.440892098500626e-15 -1.082467449009528e-14      1.000000000000014
