5
2

8.837194495631945e-05
0.0001349202125128625
0.0002992799396059565
  0.08811447088862771
   0.5622036260620987

-0.03875359868693957   0.2031550323981273   -0.599074605609029   0.7192731540149669  -0.2845732563468939
 -0.2689764357348851   0.7448940483319364   -0.354357402830195  -0.4070685546324015    0.285500537071197
  0.6170391782655955  -0.3043347113483707  -0.5598505295542762  -0.1786281068882419   0.4257962187961996
  -0.616568793812202  -0.3629504339110179 -0.07588246798651166   0.2607662494270098   0.6437023529806437
  0.4065161873658343   0.4236841459900077   0.4431136237850254   0.4658693854849687    0.491784877695751

0.3991060267816082
0.3992087478889653
0.3992872258005093
0.3993662063170949
 0.399439699263165

-0.000522398452679023
   0.3992248610034694

 0.5585320991281089  0.1062295252244684  -1.163362596682083   8.724200536326869   -8.22541251512726
  1.484164210253848 -0.3157116643394821 -0.2377415836684501  0.7772717808402764 -0.7079496552332281

 7.272841009823283e-08 -1.011851087289263e-07 -3.669729052224391e-07   -0.02573346217028663   -0.07087532360825669
 6.101672948430272e-09 -1.945321082692171e-08  6.311750871724487e-08   -0.00803966222966509     0.1195313201321333

cov:
0.05518439549940553 0.05617612292829234 0.05729834970220502 0.05861064604910888 0.06010735749192492
0.05617612292829234 0.05776051293066851 0.05955344483760808 0.06165209771424405  0.0640434484084105
0.05729834970220502 0.05955344483760808 0.06210555762517603 0.06509427737258355 0.06849826103850433
0.05861064604910888 0.06165209771424405 0.06509427737258355 0.06912662468721477 0.07371793093152985
0.06010735749192492  0.0640434484084105 0.06849826103850433 0.07371793093152985 0.07966010197643641

cov.inverse():
 8417578.779864533 -14111294.22740637  4351998.695485814  1215047.205514101  126819.0472160792
-14111294.22922398   36800260.1738914  -28182235.5030632  2660308.667971148  2833271.750130937
 4351998.696242222 -28182235.49486944  56352480.04116216  -46134745.2012757  13610470.59788315
 1215047.208870915  2660308.646591123 -46134745.17724589  75705058.45686015 -33443078.81621837
   126819.04492053  2833271.761498988  13610470.58280403 -33443078.81021136  16871516.88400098

cov*(cov_.inverse()):
    0.9999999999126885 -8.731149137020111e-11 -2.328306436538696e-10  4.656612873077393e-10 -4.656612873077393e-10
-2.637534635141492e-11     0.9999999998835847 -4.656612873077393e-10  4.656612873077393e-10 -6.984919309616089e-10
 2.182787284255028e-11  5.820766091346741e-11      1.000000000582077 -4.656612873077393e-10                      0
 2.000888343900442e-11  1.746229827404022e-10                      0      1.000000000931323 -4.656612873077393e-10
-3.274180926382542e-11  -2.91038304567337e-11                      0                      0                      1
