5 
6 
7 
8 
9 
10 
11 
12 
13 
14 
15 
inputFileName = /Users/demattia/RemoteProjects/extracted_fullTracker.root
eventsFractionStartBuild = 0
eventsFractionEndBuild = 0.5
eventsFractionStartTest = 0.8
eventsFractionEndTest = 1
var name = phi
par name = charge/pt
firstOrderChargeOverPtCoefficientsFileName = 
firstOrderCotThetaCoefficientsFileName = 
pT > 2, pT regions = 1
0 < phi < 0.8, phi regions = 1
-3 < eta < 3, eta regions = 1
-15 < z0 < 15, eta regions = 1
charge regions = 1
endcap regions = 0
Training
Requested running from track number 0 to track number 2500000 for a total of 2500000 tracks.
Analyzed 10% of 2500000 tracks
Analyzed 20% of 2500000 tracks
Analyzed 30% of 2500000 tracks
Analyzed 40% of 2500000 tracks
Analyzed 50% of 2500000 tracks
Analyzed 60% of 2500000 tracks
Analyzed 70% of 2500000 tracks
Analyzed 80% of 2500000 tracks
Analyzed 90% of 2500000 tracks
Analyzed 100% of 2500000 tracks
Evaluating eigenvalues:
combinationIndex = 61568
Sqrt(eigenvalues) of cov:
 0.000817741 0.000863459 0.00128132 0.0625764 0.659575
combinationIndex = 2156672
Sqrt(eigenvalues) of cov:
 0.000782089 0.00086722 0.00129653 0.0685866 0.655051
combinationIndex = 2152576
Sqrt(eigenvalues) of cov:
 0.000671743 0.000830631 0.00107088 0.0699086 0.649542
combinationIndex = 2144384
Sqrt(eigenvalues) of cov:
 0.000678951 0.000927703 0.00129864 0.0659436 0.644904
combinationIndex = 57536
Sqrt(eigenvalues) of cov:
 0.000812074 0.00127389 0.00137001 0.0854777 0.646425
combinationIndex = 53440
Sqrt(eigenvalues) of cov:
 0.000829776 0.000950275 0.00144676 0.0856325 0.640964
combinationIndex = 45248
Sqrt(eigenvalues) of cov:
 0.000856541 0.00127621 0.00145591 0.0812514 0.636385
combinationIndex = 2148544
Sqrt(eigenvalues) of cov:
 0.000784422 0.000995549 0.00150305 0.0882927 0.636529
combinationIndex = 2140352
Sqrt(eigenvalues) of cov:
 0.000839679 0.00128254 0.00152164 0.0832968 0.631981
combinationIndex = 1984
Sqrt(eigenvalues) of cov:
 0.00162659 0.0016752 0.00176485 0.0841871 0.576565
combinationIndex = 14688
Sqrt(eigenvalues) of cov:
 0.00110792 0.00177969 0.00182783 0.00293634 0.110091 0.624072
combinationIndex = 2136256
Sqrt(eigenvalues) of cov:
 0.000680606 0.00104611 0.00157788 0.0811902 0.626653
combinationIndex = 2148512
Sqrt(eigenvalues) of cov:
 0.000790498 0.00100659 0.00138786 0.0999862 0.632371
combinationIndex = 2140320
Sqrt(eigenvalues) of cov:
 0.000843413 0.00129738 0.00138319 0.0950135 0.627829
combinationIndex = 49376
Sqrt(eigenvalues) of cov:
 0.000846677 0.00121695 0.00177304 0.108978 0.623986
combinationIndex = 41184
Sqrt(eigenvalues) of cov:
 0.00118982 0.00127985 0.00177123 0.103331 0.619536
combinationIndex = 2132192
Sqrt(eigenvalues) of cov:
 0.000975469 0.00132688 0.00176896 0.0991052 0.610133
combinationIndex = 2156704
Sqrt(eigenvalues) of cov:
 0.000785582 0.000868124 0.00129717 0.00138653 0.100983 0.697814
combinationIndex = 2152608
Sqrt(eigenvalues) of cov:
 0.000666335 0.000830299 0.00106681 0.00145695 0.100031 0.692828
combinationIndex = 2148576
Sqrt(eigenvalues) of cov:
 0.000787526 0.000996681 0.00132477 0.0017793 0.10965 0.681348
combinationIndex = 2140384
Sqrt(eigenvalues) of cov:
 0.000840844 0.00128093 0.00133448 0.00177972 0.103669 0.677506
combinationIndex = 2016
Sqrt(eigenvalues) of cov:
 0.00157319 0.0016731 0.00168759 0.00177464 0.107217 0.61846
combinationIndex = 2136288
Sqrt(eigenvalues) of cov:
 0.000674878 0.00104458 0.00140984 0.00177611 0.100209 0.672713
combinationIndex = 14720
Sqrt(eigenvalues) of cov:
 0.00111123 0.00162539 0.00301898 0.0634073 0.590044
combinationIndex = 1952
Sqrt(eigenvalues) of cov:
 0.00158365 0.0016745 0.00169927 0.0966256 0.572803
combinationIndex = 2136224
Sqrt(eigenvalues) of cov:
 0.000674864 0.00106266 0.0014431 0.0926087 0.622521
combinationIndex = 14656
Sqrt(eigenvalues) of cov:
 0.00111295 0.00179831 0.00293483 0.0798392 0.585035
combinationIndex = 12736
Sqrt(eigenvalues) of cov:
 0.00134433 0.00162418 0.00197683 0.0875556 0.575336
combinationIndex = 61504
Sqrt(eigenvalues) of cov:
 0.000887038 0.00111829 0.0026804 0.0764852 0.58578
combinationIndex = 10688
Sqrt(eigenvalues) of cov:
 0.00162287 0.00192441 0.00301312 0.0829368 0.570394
combinationIndex = 4255840
Sqrt(eigenvalues) of cov:
 0.00106542 0.00113795 0.00212236 0.0022263 0.0875411 0.612985
combinationIndex = 12704
Sqrt(eigenvalues) of cov:
 0.00128786 0.00161801 0.00203967 0.100563 0.571387
combinationIndex = 61472
Sqrt(eigenvalues) of cov:
 0.00089198 0.00116185 0.00251085 0.0914708 0.582037
combinationIndex = 10656
Sqrt(eigenvalues) of cov:
 0.00160378 0.00187762 0.00302417 0.0958906 0.566492
combinationIndex = 4255776
Sqrt(eigenvalues) of cov:
 0.00107196 0.00131775 0.00221493 0.0784389 0.566418
combinationIndex = 12640
Sqrt(eigenvalues) of cov:
 0.00130972 0.0017816 0.00189464 0.109304 0.566704
combinationIndex = 14694496
Sqrt(eigenvalues) of cov:
 0.000527531 0.000988684 0.00154355 0.041559 0.530329
combinationIndex = 8672
Sqrt(eigenvalues) of cov:
 0.00160577 0.0018239 0.00197397 0.102679 0.553351
combinationIndex = 14784
Sqrt(eigenvalues) of cov:
 0.00110824 0.00162262 0.00193572 0.00301574 0.087793 0.632109
combinationIndex = 14752
Sqrt(eigenvalues) of cov:
 0.00109975 0.0016037 0.00190505 0.00302851 0.100985 0.628476
combinationIndex = 12768
Sqrt(eigenvalues) of cov:
 0.00128842 0.00161075 0.00183792 0.00205081 0.111768 0.615833
combinationIndex = 61536
Sqrt(eigenvalues) of cov:
 0.000886548 0.0011172 0.00184002 0.00269442 0.104705 0.626015
combinationIndex = 10720
Sqrt(eigenvalues) of cov:
 0.00159104 0.00179951 0.00193071 0.0030346 0.105907 0.611569
combinationIndex = 14816
Sqrt(eigenvalues) of cov:
 0.001102 0.00159191 0.0018077 0.00194947 0.0030387 0.113135 0.668878
combinationIndex = 2160640
Sqrt(eigenvalues) of cov:
 0.000893708 0.00106286 0.00157892 0.0583618 0.592237
combinationIndex = 30944
Sqrt(eigenvalues) of cov:
 0.00101179 0.00118447 0.00180747 0.00201016 0.00328592 0.107553 0.675477
combinationIndex = 2152512
Sqrt(eigenvalues) of cov:
 0.00089387 0.00115005 0.00295337 0.0816108 0.57893
combinationIndex = 22752
Sqrt(eigenvalues) of cov:
 0.00117735 0.00180859 0.00200999 0.00327364 0.100464 0.618087
combinationIndex = 2144320
Sqrt(eigenvalues) of cov:
 0.000973632 0.00152052 0.00307859 0.0769525 0.573867
combinationIndex = 30912
Sqrt(eigenvalues) of cov:
 0.00101284 0.00119322 0.00191856 0.00328536 0.0836 0.637322
combinationIndex = 2152480
Sqrt(eigenvalues) of cov:
 0.000898993 0.00114403 0.0029265 0.094899 0.57526
combinationIndex = 45152
Sqrt(eigenvalues) of cov:
 0.00110588 0.00184281 0.00266721 0.0987771 0.564194
combinationIndex = 2160704
Sqrt(eigenvalues) of cov:
 0.000888939 0.000984257 0.00152414 0.00311424 0.0815952 0.63515
combinationIndex = 992
Sqrt(eigenvalues) of cov:
 0.00160402 0.00170156 0.00179874 0.0800601 0.552357
combinationIndex = 2160672
Sqrt(eigenvalues) of cov:
 0.00089241 0.000999063 0.00155842 0.00302097 0.0950099 0.63177
combinationIndex = 2152544
Sqrt(eigenvalues) of cov:
 0.00089335 0.00113995 0.00187605 0.00312734 0.105254 0.62028
combinationIndex = 2160736
Sqrt(eigenvalues) of cov:
 0.000888511 0.000983134 0.0014833 0.00191367 0.00328122 0.106133 0.672762
combinationIndex = 45216
Sqrt(eigenvalues) of cov:
 0.000856539 0.0012713 0.00135266 0.093716 0.632217
combinationIndex = 2144448
Sqrt(eigenvalues) of cov:
 0.000678434 0.000913243 0.00128306 0.00158639 0.0833262 0.692528
combinationIndex = 14727232
Sqrt(eigenvalues) of cov:
 0.000531664 0.000681374 0.0012867 0.054836 0.543881
combinationIndex = 45280
Sqrt(eigenvalues) of cov:
 0.000852281 0.00126627 0.00129064 0.00177504 0.103645 0.681322
combinationIndex = 12628064
Sqrt(eigenvalues) of cov:
 0.00062277 0.00117073 0.00187026 0.068597 0.538985
combinationIndex = 10528864
Sqrt(eigenvalues) of cov:
 0.000653743 0.00116006 0.00188637 0.0696538 0.537287
combinationIndex = 61664
Sqrt(eigenvalues) of cov:
 0.000812564 0.000855336 0.00127483 0.00128658 0.00178031 0.110698 0.745908
combinationIndex = 10545216
Sqrt(eigenvalues) of cov:
 0.000664132 0.000995771 0.00125117 0.0574888 0.548926
combinationIndex = 12644448
Sqrt(eigenvalues) of cov:
 0.000617294 0.000929732 0.00123509 0.00188115 0.0732807 0.594688
combinationIndex = 2144480
Sqrt(eigenvalues) of cov:
 0.000673482 0.000907394 0.00128316 0.00141068 0.00178459 0.104101 0.734426
combinationIndex = 14727264
Sqrt(eigenvalues) of cov:
 0.000520788 0.000664294 0.00125973 0.00198088 0.0696374 0.588875
combinationIndex = 6368
Sqrt(eigenvalues) of cov:
 0.00178229 0.00205178 0.00688844 0.0852258 0.554764
combinationIndex = 2127936
Sqrt(eigenvalues) of cov:
 0.00122908 0.00148378 0.00240991 0.0646211 0.569834
combinationIndex = 2123968
Sqrt(eigenvalues) of cov:
 0.00091878 0.00126354 0.00196158 0.0727005 0.596189
combinationIndex = 2119872
Sqrt(eigenvalues) of cov:
 0.00105565 0.00141315 0.0021678 0.0680638 0.591475
combinationIndex = 2111680
Sqrt(eigenvalues) of cov:
 0.0010489 0.00129709 0.0017911 0.053013 0.586462
combinationIndex = 2127904
Sqrt(eigenvalues) of cov:
 0.00122667 0.00151911 0.00252276 0.0789191 0.566319
combinationIndex = 2123936
Sqrt(eigenvalues) of cov:
 0.000895897 0.00126097 0.00240919 0.0847481 0.592196
combinationIndex = 2119840
Sqrt(eigenvalues) of cov:
 0.00102125 0.00136692 0.00265698 0.0800148 0.587576
combinationIndex = 2784
Sqrt(eigenvalues) of cov:
 0.00162762 0.00181003 0.00274322 0.104631 0.56135
combinationIndex = 2111648
Sqrt(eigenvalues) of cov:
 0.00101672 0.00127862 0.00198595 0.0664983 0.582681
combinationIndex = 14743584
Sqrt(eigenvalues) of cov:
 0.00059774 0.000878738 0.00128478 0.0025074 0.0665753 0.601888
combinationIndex = 2115808
Sqrt(eigenvalues) of cov:
 0.00120892 0.00165918 0.00240323 0.0850087 0.576692
combinationIndex = 2107616
Sqrt(eigenvalues) of cov:
 0.00111388 0.00165338 0.00194544 0.0687203 0.572225
combinationIndex = 8446048
Sqrt(eigenvalues) of cov:
 0.000845785 0.00115229 0.00178279 0.0729396 0.543725
combinationIndex = 10592
Sqrt(eigenvalues) of cov:
 0.00177785 0.00181102 0.00293466 0.104159 0.561848
combinationIndex = 2103520
Sqrt(eigenvalues) of cov:
 0.00101937 0.00153612 0.00166591 0.0551574 0.568086
combinationIndex = 2127968
Sqrt(eigenvalues) of cov:
 0.00121777 0.00127858 0.00231975 0.00251183 0.0882137 0.612516
combinationIndex = 14710880
Sqrt(eigenvalues) of cov:
 0.000511036 0.000767644 0.00114883 0.00168175 0.0566356 0.586249
combinationIndex = 28864
Sqrt(eigenvalues) of cov:
 0.00103623 0.00194579 0.00286575 0.0796822 0.589005
combinationIndex = 2128096
Sqrt(eigenvalues) of cov:
 0.000893651 0.00104952 0.0013622 0.00165806 0.00266542 0.0937553 0.694844
combinationIndex = 2156608
Sqrt(eigenvalues) of cov:
 0.00108378 0.00143798 0.00369639 0.072655 0.572242
combinationIndex = 31488032
Sqrt(eigenvalues) of cov:
 0.000524104 0.000850525 0.00245884 0.0351044 0.561991
combinationIndex = 6346816
Sqrt(eigenvalues) of cov:
 0.000947994 0.0011341 0.00297208 0.0670942 0.560809
combinationIndex = 3008
Sqrt(eigenvalues) of cov:
 0.00155487 0.00177794 0.00278981 0.0813292 0.575868
combinationIndex = 6355008
Sqrt(eigenvalues) of cov:
 0.000954603 0.00107101 0.00134196 0.00273097 0.06931 0.619062
combinationIndex = 3040
Sqrt(eigenvalues) of cov:
 0.00151056 0.00166782 0.00180834 0.00297545 0.104468 0.617588
combinationIndex = 6355040
Sqrt(eigenvalues) of cov:
 0.000953581 0.00106986 0.0012159 0.00221795 0.00280725 0.0892395 0.658846
combinationIndex = 2156576
Sqrt(eigenvalues) of cov:
 0.00108656 0.00149676 0.00309325 0.0860163 0.56842
combinationIndex = 4255808
Sqrt(eigenvalues) of cov:
 0.00106705 0.00126103 0.00212486 0.0640203 0.570296
combinationIndex = 6338592
Sqrt(eigenvalues) of cov:
 0.00100795 0.00127402 0.00272427 0.07732 0.557007
combinationIndex = 6624
Sqrt(eigenvalues) of cov:
 0.0016984 0.00179339 0.00185883 0.00523005 0.100482 0.614837
combinationIndex = 57440
Sqrt(eigenvalues) of cov:
 0.00115387 0.00190453 0.0025274 0.0936409 0.564518
combinationIndex = 4247648
Sqrt(eigenvalues) of cov:
 0.00111001 0.00199281 0.00238328 0.084212 0.554531
combinationIndex = 65075232
Sqrt(eigenvalues) of cov:
 0.000396007 0.000610453 0.00076186 0.00181844 0.0425737 0.64982
combinationIndex = 30752
Sqrt(eigenvalues) of cov:
 0.00102175 0.00129219 0.00280587 0.0918492 0.584563
combinationIndex = 4223072
Sqrt(eigenvalues) of cov:
 0.00110304 0.00164209 0.00222053 0.0686584 0.550097
combinationIndex = 2148448
Sqrt(eigenvalues) of cov:
 0.00108686 0.00205198 0.00388179 0.0917264 0.555953
combinationIndex = 2140256
Sqrt(eigenvalues) of cov:
 0.00135737 0.0021075 0.00372266 0.0887608 0.554786
combinationIndex = 62976032
Sqrt(eigenvalues) of cov:
 0.000397753 0.000733787 0.00124129 0.0391638 0.595237
combinationIndex = 2123872
Sqrt(eigenvalues) of cov:
 0.00141319 0.00212757 0.00360348 0.0781508 0.552017
combinationIndex = 6330464
Sqrt(eigenvalues) of cov:
 0.000978853 0.0020937 0.00298934 0.07812 0.546406
combinationIndex = 22688
Sqrt(eigenvalues) of cov:
 0.00118538 0.0020029 0.00320585 0.0913627 0.571474
combinationIndex = 6314080
Sqrt(eigenvalues) of cov:
 0.00101643 0.00203094 0.00263533 0.0621899 0.542693
combinationIndex = 2136160
Sqrt(eigenvalues) of cov:
 0.0011311 0.00187719 0.00311722 0.0968402 0.558235
combinationIndex = 1888
Sqrt(eigenvalues) of cov:
 0.00159075 0.00167605 0.0017362 0.104904 0.56842
combinationIndex = 14496
Sqrt(eigenvalues) of cov:
 0.00145571 0.00254196 0.00446743 0.0862622 0.56975
combinationIndex = 6305888
Sqrt(eigenvalues) of cov:
 0.00100493 0.0016865 0.00244193 0.0523064 0.542203
combinationIndex = 2976
Sqrt(eigenvalues) of cov:
 0.0015116 0.00169424 0.00296092 0.0940018 0.571755
combinationIndex = 6354976
Sqrt(eigenvalues) of cov:
 0.000955383 0.00107918 0.00146555 0.00271326 0.0819668 0.61557
combinationIndex = 6338624
Sqrt(eigenvalues) of cov:
 0.00100531 0.0012267 0.00272339 0.0649813 0.560724
combinationIndex = 2128000
Sqrt(eigenvalues) of cov:
 0.000938585 0.00113479 0.00151436 0.0543617 0.607851
combinationIndex = 48281632
Sqrt(eigenvalues) of cov:
 0.000595252 0.000687899 0.00181894 0.0396291 0.591382
combinationIndex = 30816
Sqrt(eigenvalues) of cov:
 0.00102003 0.00124299 0.00185155 0.00300379 0.105454 0.629064
combinationIndex = 6322208
Sqrt(eigenvalues) of cov:
 0.00099478 0.0014641 0.00228686 0.0638983 0.552731
combinationIndex = 2156640
Sqrt(eigenvalues) of cov:
 0.00107708 0.00138242 0.00213892 0.00370427 0.0952645 0.614591
combinationIndex = 6346848
Sqrt(eigenvalues) of cov:
 0.000943448 0.00111265 0.00212226 0.00300162 0.0855564 0.604626
combinationIndex = 37088
Sqrt(eigenvalues) of cov:
 0.000947524 0.00128633 0.0017659 0.100076 0.614328
combinationIndex = 30784
Sqrt(eigenvalues) of cov:
 0.00102055 0.00124438 0.00297048 0.077021 0.588439
combinationIndex = 28768
Sqrt(eigenvalues) of cov:
 0.00131116 0.00216662 0.00260155 0.0942256 0.56489
combinationIndex = 24800
Sqrt(eigenvalues) of cov:
 0.00124454 0.00177632 0.00247829 0.102752 0.572806
combinationIndex = 23124000
Sqrt(eigenvalues) of cov:
 0.000735029 0.000765516 0.0021874 0.0533096 0.540151
combinationIndex = 2111584
Sqrt(eigenvalues) of cov:
 0.00123212 0.00190937 0.00236696 0.0690222 0.54967
combinationIndex = 18656
Sqrt(eigenvalues) of cov:
 0.00181111 0.00200876 0.00257722 0.0977797 0.559798
combinationIndex = 2152672
Sqrt(eigenvalues) of cov:
 0.000664673 0.00082934 0.00104629 0.00141798 0.00178253 0.109835 0.737815
combinationIndex = 60876832
Sqrt(eigenvalues) of cov:
 0.000416385 0.000742925 0.00179952 0.0419037 0.594097
combinationIndex = 14624
Sqrt(eigenvalues) of cov:
 0.00110544 0.0018294 0.00288271 0.095079 0.581203
combinationIndex = 14432
Sqrt(eigenvalues) of cov:
 0.00148738 0.00245369 0.00266134 0.0946122 0.565336
combinationIndex = 2119776
Sqrt(eigenvalues) of cov:
 0.00122115 0.00216492 0.00251255 0.0828965 0.553922
combinationIndex = 26848
Sqrt(eigenvalues) of cov:
 0.00101575 0.0018102 0.00200601 0.00259873 0.106514 0.622343
combinationIndex = 1760
Sqrt(eigenvalues) of cov:
 0.0016229 0.00168716 0.00177557 0.107394 0.563076
combinationIndex = 2119904
Sqrt(eigenvalues) of cov:
 0.00101927 0.00135952 0.00165977 0.00266209 0.0871329 0.636385
combinationIndex = 53408
Sqrt(eigenvalues) of cov:
 0.000829248 0.000957016 0.0013561 0.0980864 0.636794
combinationIndex = 2152640
Sqrt(eigenvalues) of cov:
 0.000668765 0.000831196 0.00104728 0.00157734 0.0884113 0.696468
combinationIndex = 6592
Sqrt(eigenvalues) of cov:
 0.00175186 0.00185987 0.00439742 0.0772244 0.573124
combinationIndex = 20704
Sqrt(eigenvalues) of cov:
 0.00177462 0.00216237 0.00298448 0.0965967 0.568241
combinationIndex = 6560
Sqrt(eigenvalues) of cov:
 0.00171066 0.00185668 0.00521626 0.0904178 0.568714
combinationIndex = 4576
Sqrt(eigenvalues) of cov:
 0.00170248 0.0017965 0.0049488 0.0931587 0.554568
combinationIndex = 2156768
Sqrt(eigenvalues) of cov:
 0.000783581 0.000859516 0.00127864 0.00133799 0.00178508 0.111756 0.742401
combinationIndex = 31520800
Sqrt(eigenvalues) of cov:
 0.000474623 0.00075365 0.000856146 0.00229552 0.0534585 0.592351
combinationIndex = 2160768
Sqrt(eigenvalues) of cov:
 0.000670575 0.000824041 0.000926459 0.00130018 0.0700408 0.713248
combinationIndex = 14743552
Sqrt(eigenvalues) of cov:
 0.000605112 0.000880192 0.00131729 0.0461405 0.557062
combinationIndex = 14710848
Sqrt(eigenvalues) of cov:
 0.000515941 0.000769146 0.00115636 0.0407336 0.540814
combinationIndex = 6496
Sqrt(eigenvalues) of cov:
 0.00176631 0.00186022 0.00488416 0.0987009 0.564493
combinationIndex = 2128064
Sqrt(eigenvalues) of cov:
 0.000915347 0.00107433 0.00141655 0.00216636 0.0726997 0.654343
combinationIndex = 28832
Sqrt(eigenvalues) of cov:
 0.00102961 0.00215851 0.00294497 0.092744 0.584885
combinationIndex = 10512480
Sqrt(eigenvalues) of cov:
 0.0007552 0.00104721 0.00166261 0.0564602 0.534392
combinationIndex = 22624
Sqrt(eigenvalues) of cov:
 0.00122877 0.00185346 0.00298 0.0995065 0.566791
combinationIndex = 61632
Sqrt(eigenvalues) of cov:
 0.000811917 0.000860239 0.00127689 0.00145601 0.0860731 0.705424
combinationIndex = 2160864
Sqrt(eigenvalues) of cov:
 0.00066379 0.000822643 0.000905569 0.00128157 0.00142378 0.00178776 0.11182 0.794529
combinationIndex = 12644416
Sqrt(eigenvalues) of cov:
 0.000622574 0.000947647 0.00128108 0.0534851 0.550826
combinationIndex = 14743648
Sqrt(eigenvalues) of cov:
 0.000508866 0.000660469 0.000987266 0.00128435 0.00198366 0.07516 0.640162
combinationIndex = 10545184
Sqrt(eigenvalues) of cov:
 0.000872818 0.00127373 0.00224784 0.0659869 0.550689
combinationIndex = 6322240
Sqrt(eigenvalues) of cov:
 0.000995033 0.00134331 0.0024296 0.0500855 0.556367
combinationIndex = 30848
Sqrt(eigenvalues) of cov:
 0.00101355 0.0011948 0.00321081 0.0611354 0.593541
combinationIndex = 2528
Sqrt(eigenvalues) of cov:
 0.00170072 0.00178763 0.00887588 0.084118 0.552586
combinationIndex = 53344
Sqrt(eigenvalues) of cov:
 0.000890739 0.00184346 0.00218227 0.104197 0.569108
combinationIndex = 2912
Sqrt(eigenvalues) of cov:
 0.00152223 0.00174766 0.00294365 0.102375 0.567385
combinationIndex = 10545248
Sqrt(eigenvalues) of cov:
 0.000649075 0.000965147 0.00121873 0.00189818 0.0750509 0.593057
combinationIndex = 6346784
Sqrt(eigenvalues) of cov:
 0.000862169 0.00121699 0.00317829 0.0739299 0.554038
combinationIndex = 4239456
Sqrt(eigenvalues) of cov:
 0.00107638 0.00207648 0.00216972 0.082182 0.554268
combinationIndex = 56678432
Sqrt(eigenvalues) of cov:
 0.000563459 0.000649212 0.00180492 0.0424585 0.59282
combinationIndex = 12611680
Sqrt(eigenvalues) of cov:
 0.000713486 0.000976184 0.00162604 0.0560591 0.536055
combinationIndex = 28896
Sqrt(eigenvalues) of cov:
 0.00102726 0.00177339 0.00216063 0.00298739 0.103674 0.631071
combinationIndex = 2128032
Sqrt(eigenvalues) of cov:
 0.000894189 0.00105051 0.00136976 0.00266058 0.0848843 0.650749
combinationIndex = 14710816
Sqrt(eigenvalues) of cov:
 0.000610076 0.000895584 0.00235622 0.0506562 0.543082
combinationIndex = 10464
Sqrt(eigenvalues) of cov:
 0.00178596 0.00254919 0.00430807 0.0896426 0.556097
combinationIndex = 57504
Sqrt(eigenvalues) of cov:
 0.000819706 0.00123644 0.00131445 0.0984038 0.642249
combinationIndex = 2156736
Sqrt(eigenvalues) of cov:
 0.000780383 0.000858903 0.00128345 0.00152145 0.0890476 0.701458
combinationIndex = 31520768
Sqrt(eigenvalues) of cov:
 0.00047852 0.000765138 0.000986639 0.0397934 0.545665
combinationIndex = 2111712
Sqrt(eigenvalues) of cov:
 0.00101319 0.00126791 0.00165388 0.00199109 0.0729234 0.632197
combinationIndex = 2144288
Sqrt(eigenvalues) of cov:
 0.000983673 0.00155125 0.00297147 0.0901483 0.570183
combinationIndex = 22720
Sqrt(eigenvalues) of cov:
 0.00118537 0.00191945 0.00327237 0.0787722 0.57554
combinationIndex = 2144352
Sqrt(eigenvalues) of cov:
 0.000972828 0.00147933 0.00191638 0.00323269 0.0992766 0.615901
combinationIndex = 27322400
Sqrt(eigenvalues) of cov:
 0.000738254 0.000789073 0.00201266 0.0528349 0.541733
combinationIndex = 26720
Sqrt(eigenvalues) of cov:
 0.00102384 0.00185418 0.00239937 0.104896 0.5716
combinationIndex = 1504
Sqrt(eigenvalues) of cov:
 0.00164567 0.00169885 0.00177966 0.100257 0.557887
combinationIndex = 6354944
Sqrt(eigenvalues) of cov:
 0.000956443 0.00108372 0.00147226 0.0534897 0.573348
combinationIndex = 2124000
Sqrt(eigenvalues) of cov:
 0.000895376 0.00125072 0.00165741 0.00240933 0.0930076 0.64045
combinationIndex = 26784
Sqrt(eigenvalues) of cov:
 0.00101592 0.00199794 0.00256614 0.0961802 0.576376
combinationIndex = 14560
Sqrt(eigenvalues) of cov:
 0.00145503 0.00178515 0.00255567 0.00450266 0.0960715 0.616054
combinationIndex = 57568
Sqrt(eigenvalues) of cov:
 0.000812959 0.001188 0.00127874 0.00177852 0.110658 0.690126
combinationIndex = 29421600
Sqrt(eigenvalues) of cov:
 0.000502739 0.000768484 0.00211873 0.0500715 0.543133
combinationIndex = 6338656
Sqrt(eigenvalues) of cov:
 0.00100392 0.00116416 0.00211897 0.00282239 0.0829794 0.604859
combinationIndex = 26816
Sqrt(eigenvalues) of cov:
 0.00101653 0.00191873 0.00258183 0.0835059 0.580495
combinationIndex = 12512
Sqrt(eigenvalues) of cov:
 0.00165238 0.00177649 0.00495542 0.0924398 0.562137
combinationIndex = 53472
Sqrt(eigenvalues) of cov:
 0.000827885 0.000950354 0.00128775 0.00177527 0.109075 0.685197
combinationIndex = 2144416
Sqrt(eigenvalues) of cov:
 0.00067337 0.000917186 0.00129932 0.00144118 0.0950773 0.688885
combinationIndex = 14727200
Sqrt(eigenvalues) of cov:
 0.000632106 0.000972957 0.0031723 0.0560888 0.541721
combinationIndex = 30880
Sqrt(eigenvalues) of cov:
 0.00101189 0.00119253 0.00200285 0.00321792 0.0964256 0.633521
combinationIndex = 6322272
Sqrt(eigenvalues) of cov:
 0.000994795 0.00121763 0.00213746 0.00243578 0.0689834 0.601122
combinationIndex = 65075200
Sqrt(eigenvalues) of cov:
 0.000411018 0.000735427 0.000814937 0.0336297 0.537862
combinationIndex = 61600
Sqrt(eigenvalues) of cov:
 0.000819986 0.000856961 0.00127717 0.00135463 0.0987227 0.701774
combinationIndex = 2160832
Sqrt(eigenvalues) of cov:
 0.000667812 0.000822211 0.000911935 0.00128382 0.00158804 0.0892813 0.756228
combinationIndex = 14743616
Sqrt(eigenvalues) of cov:
 0.000513735 0.000671083 0.00101858 0.00133432 0.0586782 0.599423
combinationIndex = 12644384
Sqrt(eigenvalues) of cov:
 0.000856745 0.0012208 0.00199974 0.0631658 0.552598
combinationIndex = 2160800
Sqrt(eigenvalues) of cov:
 0.000665448 0.000825839 0.000916095 0.00129868 0.00145621 0.101094 0.752997
combinationIndex = 14528
Sqrt(eigenvalues) of cov:
 0.00148385 0.00238139 0.0035985 0.0729757 0.573711
Saving mean radii
Analyzed 10% of 2500000 tracks
Analyzed 20% of 2500000 tracks
Analyzed 30% of 2500000 tracks
Analyzed 40% of 2500000 tracks
Analyzed 50% of 2500000 tracks
Analyzed 60% of 2500000 tracks
Analyzed 70% of 2500000 tracks
Analyzed 80% of 2500000 tracks
Analyzed 90% of 2500000 tracks
Analyzed 100% of 2500000 tracks
Matrices built:
combinationIndex = 61568

V_61568:
  -0.119675  -0.0165995   -0.203137    0.835503   -0.496057
  -0.383523    0.849124   -0.341973   -0.122271 -0.00178888
   0.440208   -0.109853   -0.801123   0.0913943    0.379471
  -0.696802     -0.2887  -0.0273463    0.248323    0.607213
   0.399089    0.428133    0.446368    0.465797     0.49114
corrPV_61568:
 1.14099e-06 -4.64746e-07 -4.93876e-06   -0.0152624    -0.119711
D_61568:
 1.31672 0.780271  2.26022 0.130842 -4.48866
opening matrixVD_61568.txt for writing
combinationIndex = 2156672

V_2156672:
 0.201105 -0.494163 0.0946944  0.685095 -0.486864
-0.425874  0.585882 -0.458684  0.481339  -0.18247
  0.50738 -0.180238 -0.760291 0.0783044  0.354831
-0.598763 -0.457275 0.0163775  0.269689  0.599484
 0.402786  0.413471  0.449812  0.469141  0.494349
corrPV_2156672:
 1.10549e-06  1.09147e-07 -4.68856e-06   -0.0168487     -0.11747
D_2156672:
   0.920821     1.21924     2.04334 -0.00471712     -4.1786
opening matrixVD_2156672.txt for writing
combinationIndex = 2152576

V_2152576:
 0.0767923  -0.665222   0.664065   0.193972  -0.270138
-0.0395037  -0.019807   0.401172  -0.794985   0.452888
  0.727905  -0.467639  -0.422081 -0.0925524    0.25446
 -0.545277  -0.405317  -0.174301   0.313804   0.639951
  0.406657   0.417276   0.435367   0.472583   0.497626
corrPV_2152576:
 1.49693e-07 -1.41332e-06  -2.0169e-06   -0.0173149    -0.114733
D_2152576:
0.647457  1.96488 0.639986 0.615321 -3.86746
opening matrixVD_2152576.txt for writing
combinationIndex = 2144384

V_2144384:
-0.0904512   0.684088  -0.700035 -0.0649903   0.171956
  -0.50762   0.431747   0.544338  -0.507997  0.0393881
  0.538483  -0.165209 -0.0645031  -0.716034    0.40728
 -0.524665   -0.37505  -0.127944   0.126021   0.742841
  0.410978   0.421499    0.43945   0.457307   0.501189
corrPV_2144384:
-9.02471e-08 -9.32758e-07 -4.84762e-06   -0.0164748    -0.112185
D_2144384:
0.896916  1.18023 0.098687  2.02068 -4.19653
opening matrixVD_2144384.txt for writing
combinationIndex = 57536

V_57536:
 0.0508362   -0.18428  -0.219927   0.829669   -0.47617
-0.0167735   0.404603  -0.833986  0.0799822   0.366176
  0.637876  -0.670593  -0.208875 -0.0661138     0.3089
  -0.66393   -0.43035  0.0689246   0.274502   0.542119
  0.386581   0.409196   0.455762     0.4749   0.499864
corrPV_57536:
 1.12201e-06 -4.93326e-06 -3.62057e-06   -0.0212347    -0.113274
D_57536:
 0.73181 0.889859  2.24017 0.369465 -4.23025
opening matrixVD_57536.txt for writing
combinationIndex = 53440

V_53440:
  0.0191354 -0.00521891   -0.350691    0.808756   -0.471738
 -0.0548298    0.601156   -0.724089   -0.129452    0.307478
   0.670319   -0.559837   -0.387677  -0.0158163    0.294468
  -0.628245   -0.393081  -0.0865999    0.316461    0.585788
    0.39065    0.413103    0.441495    0.478288    0.503052
corrPV_53440:
 1.53869e-06 -2.07666e-06 -3.14623e-06   -0.0214526    -0.110467
D_53440:
0.894185 0.486271  1.59883  1.07443 -4.05294
opening matrixVD_53440.txt for writing
combinationIndex = 45248

V_45248:
 0.0607482  -0.453058   0.808961  -0.366127 -0.0508083
-0.0787285   0.498808 -0.0387532  -0.769829   0.388399
  0.671646  -0.485658  -0.379142  -0.176859   0.371484
 -0.618739  -0.368525 -0.0426416   0.165847    0.67233
  0.395178   0.417437   0.445549   0.463174   0.506494
corrPV_45248:
-2.38265e-07 -4.81425e-06 -4.22052e-06   -0.0205352    -0.107842
D_45248:
0.695053 0.674891 0.620738  2.10734  -4.0974
opening matrixVD_45248.txt for writing
combinationIndex = 2148544

V_2148544:
 0.0378365   0.114554  -0.418828   0.755518  -0.489103
-0.0738081    0.70005  -0.604633  -0.274271   0.252343
  0.709314  -0.449103  -0.470139 -0.0554672   0.266595
 -0.578186  -0.348336  -0.235396   0.345015   0.608207
  0.394582   0.416864   0.427271   0.481515   0.506076
corrPV_2148544:
 9.84885e-07 -2.23081e-06 -3.33416e-06   -0.0222867    -0.108071
D_2148544:
0.727577 0.155143  1.94339 0.793688 -3.61807
opening matrixVD_2148544.txt for writing
combinationIndex = 2140352

V_2140352:
-0.0386343   0.493307  -0.742062    0.42928  -0.142193
 -0.154271   0.597205 -0.0692466  -0.708919   0.334941
  0.700996  -0.343671  -0.466235  -0.233958   0.344069
 -0.569226  -0.323244  -0.202503    0.20197   0.699783
  0.399117   0.421186    0.43147   0.466502   0.509427
corrPV_2140352:
 5.88419e-07 -4.27253e-06 -4.59768e-06   -0.0212131      -0.1054
D_2140352:
0.611498 0.420065 0.991636  1.92359  -3.9458
opening matrixVD_2140352.txt for writing
combinationIndex = 1984

V_1984:
 -0.0888428 -0.00150638    0.541721   -0.771973    0.320469
  -0.185603   -0.364812    0.707928    0.320329   -0.478216
   0.632247   -0.743519  -0.0643477  -0.0310487    0.205762
  -0.629334   -0.370141  -0.0662729    0.283312    0.618286
    0.40232    0.420815     0.44367    0.469273    0.493957
corrPV_1984:
-2.58599e-08 -3.08316e-07 -2.34723e-07   -0.0211173   -0.0727233
D_1984:
  1.76072   1.10691 0.0221801 -0.972104  -1.91636
opening matrixVD_1984.txt for writing
combinationIndex = 14688

V_14688:
 -0.048533 -0.0011553 -0.0648601  -0.239012   0.837725  -0.484279
 -0.410368   0.742202  -0.514675  0.0514199  0.0176956   0.113519
  0.538658  -0.225993  -0.682488  -0.160696   0.151691   0.379674
 0.0238531  -0.207674  -0.313367    0.85177 0.00942336  -0.364009
 -0.643376  -0.467903 -0.0261703   0.112576   0.291795   0.518297
  0.352971   0.368781   0.407713   0.419786     0.4355   0.455304
corrPV_14688:
7.67339e-07 1.96198e-06 5.74933e-06 1.49961e-05  -0.0289831  -0.0818258
D_14688:
  2.14827  0.750367  -2.10193  0.729951 0.0227954  -1.54724
opening matrixVD_14688.txt for writing
combinationIndex = 2136256

V_2136256:
0.0269802 0.0443264 -0.660685  0.734558 -0.145693
-0.129382  0.797479 -0.417714 -0.391183  0.140634
 0.724166 -0.312813 -0.415527 -0.317397  0.322998
-0.543632 -0.289028 -0.164086 0.0424563  0.769545
 0.403212  0.425056  0.435227  0.452611  0.512316
corrPV_2136256:
-9.78266e-08 -1.62231e-06 -3.78355e-06   -0.0208551    -0.102462
D_2136256:
 0.700324 0.0873109   1.79581  0.654705  -3.23691
opening matrixVD_2136256.txt for writing
combinationIndex = 2148512

V_2148512:
0.00855868  -0.166786   0.408157  -0.747119   0.497322
-0.0186676  -0.629307   0.652203   0.296494  -0.300578
  0.634001  -0.565967  -0.435533  0.0849172   0.284297
 -0.674295  -0.281041  -0.180774   0.334032   0.567526
  0.378084   0.420539   0.430896   0.484887   0.509326
corrPV_2148512:
-8.98563e-07  2.34522e-06  -1.1929e-06     -0.02535    -0.106149
D_2148512:
 1.16128 -0.26525  1.53642 0.732291  -3.1612
opening matrixVD_2148512.txt for writing
combinationIndex = 2140320

V_2140320:
-0.0136575   0.473289  -0.753624   0.433846  -0.140142
-0.0120892  -0.504463   0.184398   0.738876  -0.406731
  0.633629  -0.525731  -0.432334 -0.0394308   0.365587
 -0.672008   -0.25419  -0.147759   0.208447   0.646923
  0.382866   0.424864    0.43509    0.46993   0.512608
corrPV_2140320:
 6.19265e-07  4.96468e-06 -1.74052e-06   -0.0243071    -0.103426
D_2140320:
   1.08497 -0.0247046   0.564817    1.90836   -3.53064
opening matrixVD_2140320.txt for writing
combinationIndex = 49376

V_49376:
  0.0737962  -0.0377689    0.154913   -0.784946    0.594129
  -0.344089   -0.289711    0.865603  -0.0137724   -0.219571
   0.629277   -0.768323 0.000913398    0.114506   0.0240393
  -0.575952   -0.400131   -0.210603    0.360762    0.577643
   0.385289    0.405235    0.427058    0.490315    0.514344
corrPV_49376:
-2.06378e-06  2.75007e-07  1.34426e-06   -0.0279675    -0.101604
D_49376:
  1.24853  0.562932 0.0996648   1.32867  -3.23547
opening matrixVD_49376.txt for writing
combinationIndex = 41184

V_41184:
    0.36423    0.246931   -0.613741   -0.461443    0.465569
  0.0666784    0.161454   -0.635696    0.695003   -0.286965
   0.620308   -0.773185 -0.00991026    0.126268   0.0368838
  -0.570906   -0.383698   -0.181845    0.248908     0.65713
   0.390095    0.409779    0.431332    0.475544    0.517414
corrPV_41184:
-2.95599e-06  4.11217e-06   1.5992e-06   -0.0267608   -0.0988022
D_41184:
  1.05353  0.351783 0.0253218   2.02639  -3.45392
opening matrixVD_41184.txt for writing
combinationIndex = 2132192

V_2132192:
 0.0191777 -0.0549774   0.680272  -0.726099  0.0813603
 -0.455769  -0.289891   0.575182   0.510498  -0.341754
  0.594785  -0.793453   0.021883   0.104429  0.0726482
 -0.528421  -0.329897  -0.115787 -0.0107771   0.773574
  0.398633   0.417781    0.43876   0.448498   0.522389
corrPV_2132192:
-1.62221e-06  1.57007e-06  8.87376e-07   -0.0260975   -0.0931021
D_2132192:
  1.0339 0.382284 -0.44269   1.6392 -2.60897
opening matrixVD_2132192.txt for writing
combinationIndex = 2156704

V_2156704:
 0.00888101   -0.212308    0.493149   -0.099463   -0.679721     0.48963
-0.00786768    0.428706   -0.575582    0.461812   -0.488585    0.181295
 -0.0324838    0.534916   -0.159315   -0.753339   0.0712481     0.33887
    0.63666   -0.497929   -0.453725   -0.122409   0.0981679    0.340946
  -0.690389   -0.303445   -0.204787    0.125275    0.301774    0.531587
   0.341806    0.380775    0.390287    0.422657    0.439867    0.462313
corrPV_2156704:
-1.07528e-06 -1.26499e-07  -4.6627e-06 -1.89782e-06   -0.0254448    -0.118712
D_2156704:
   1.08669 -0.0284398   0.542584    1.88853   0.111766   -3.59826
opening matrixVD_2156704.txt for writing
combinationIndex = 2152608

V_2152608:
 0.0342056  0.0418775  -0.679688    0.66731   0.177375  -0.241527
 0.0480493 -0.0907882 -0.0178619   0.368672  -0.788791   0.480645
-0.0773621   0.780171  -0.429668   -0.37007  -0.123515   0.220287
  0.647967  -0.395583  -0.408328  -0.337858   0.148145   0.347601
 -0.672018  -0.278558  -0.178238 -0.0126797   0.336834   0.570448
  0.345062   0.383741   0.393179   0.409289   0.442365    0.46463
corrPV_2152608:
 2.83461e-07 -1.22777e-06 -2.17169e-06 -1.78859e-06    -0.025386    -0.116069
D_2152608:
  1.15941 -0.353071   1.11896  0.693494  0.667368  -3.28304
opening matrixVD_2152608.txt for writing
combinationIndex = 2148576

V_2148576:
 -0.0186404   0.0422627    0.125479   -0.406319    0.754656   -0.497514
 -0.0298105   0.0782283   -0.678336     0.62468    0.269775   -0.264287
  -0.453892   -0.293793    0.578355    0.517331  -0.0258786   -0.323839
   0.599036   -0.789414 0.000383709   0.0833038    0.105067  0.00193121
  -0.555695   -0.379998   -0.190599  -0.0975659    0.380264    0.596956
   0.353702    0.371762    0.391525    0.400737    0.448782    0.470531
corrPV_2148576:
9.35632e-07 2.20779e-06 1.49651e-06 1.53615e-06  -0.0282896   -0.109662
D_2148576:
  1.03322  0.410362 -0.468979   1.39185  0.766219   -3.1289
opening matrixVD_2148576.txt for writing
combinationIndex = 2140384

V_2140384:
0.00453623  0.0386286   -0.49557   0.738472  -0.431603   0.145861
  0.110193   0.186112  -0.680337 -0.0356114   0.657788  -0.237505
 -0.458811  -0.225685   0.327737   0.524792   0.328303  -0.497954
  0.582481   -0.79713 -0.0119827   0.100861   0.122348  0.0036618
 -0.557108  -0.369811  -0.167863 -0.0687601   0.263039   0.671397
  0.357318   0.375179   0.394739   0.403836   0.434848   0.472832
corrPV_2140384:
-5.8127e-07 3.78329e-06 3.56933e-06  1.8677e-06   -0.026946   -0.107202
D_2140384:
  0.98759  0.314585 -0.182779  0.500156   1.84065  -3.45724
opening matrixVD_2140384.txt for writing
combinationIndex = 2016

V_2016:
  0.483934  -0.185397    -0.2979  -0.552251   0.580425 -0.0285711
  0.173031  0.0823897   0.189394   -0.54481  -0.509111   0.609417
 -0.475197    0.27595   0.570329  -0.466146   0.322365  -0.227052
  -0.21319   0.760798   -0.59785 -0.0857334  0.0371624  0.0978753
 -0.576147   -0.40092  -0.193408  0.0501607   0.330234   0.598616
  0.364225   0.378339   0.394055   0.413572   0.435382   0.456421
corrPV_2016:
 7.48387e-07  3.83157e-07 -9.72378e-08 -1.89544e-07   -0.0274444   -0.0712916
D_2016:
  1.50669  0.786652   0.34065  -0.41733 -0.776973  -1.43758
opening matrixVD_2016.txt for writing
combinationIndex = 2136288

V_2136288:
  -0.03616 -0.0167458 -0.0183287   0.671835  -0.728226   0.128063
-0.0570382  -0.119479   0.827745  -0.394885  -0.361181   0.104513
 -0.498873  -0.240471   0.368685   0.461425   0.366037  -0.458775
  0.562473  -0.812498  0.0163612   0.113834  0.0990368  0.0209003
  -0.54786   -0.35268  -0.142181 -0.0389016   0.131795   0.732372
  0.360608   0.378262   0.397605   0.406594   0.421987    0.47476
corrPV_2136288:
 -5.3666e-08 -1.70946e-06   2.5467e-06  1.29406e-06   -0.0262378    -0.104404
D_2136288:
  1.03344  0.381974 -0.535775   1.18524  0.719561  -2.78116
opening matrixVD_2136288.txt for writing
combinationIndex = 14720

V_14720:
 -0.0437036  -0.0995571   -0.256624    0.848886   -0.449127
  -0.549502    0.808183 -0.00802581  -0.0453472   -0.206802
   0.270561    0.263677    -0.85632  -0.0283244    0.350977
   -0.67717   -0.286165  -0.0526366    0.248248    0.628612
   0.405432    0.430712       0.445     0.46358    0.487011
corrPV_14720:
 1.98054e-06 -4.52296e-06 -1.76982e-05   -0.0161353   -0.0864942
D_14720:
 2.96223 -1.01386  1.36565  0.38269 -3.69162
opening matrixVD_14720.txt for writing
combinationIndex = 1952

V_1952:
 -0.376959   0.317523   0.638142  -0.591354  0.0125368
  0.250745   0.131474  -0.451224  -0.562768   0.632085
 -0.367492    0.78449  -0.434629   0.182974  -0.164751
 -0.712853  -0.294262 -0.0279771   0.278339   0.571835
   0.38964   0.424121    0.44664   0.471849   0.496159
corrPV_1952:
-8.36653e-07  3.71572e-07 -1.27969e-07   -0.0243764   -0.0706793
D_1952:
   1.9525  0.553648 -0.276587 -0.713762  -1.51299
opening matrixVD_1952.txt for writing
combinationIndex = 2136224

V_2136224:
 0.0394313  0.0317302  -0.669715   0.729198  -0.131111
-0.0862498   0.787712    -0.4352   -0.40449   0.138055
  0.642219  -0.381195  -0.396166  -0.302886   0.439952
   -0.6547  -0.222229  -0.112079  0.0698512   0.710311
  0.387207   0.428727   0.438831   0.456113   0.515414
corrPV_2136224:
 6.11423e-08 -1.86132e-06 -2.32832e-06   -0.0238989     -0.10044
D_2136224:
  1.15347 -0.359773   1.26893  0.790374  -2.84996
opening matrixVD_2136224.txt for writing
combinationIndex = 14656

V_14656:
  -0.047419  -0.0795676   -0.248727     0.84319   -0.467531
  -0.453609    0.822704    0.058432   -0.108001   -0.319872
   0.184756    0.306472   -0.856386 -0.00696084    0.372149
  -0.778744   -0.184513  0.00212997    0.243285    0.548016
   0.389119    0.434577    0.448686    0.467044    0.490184
corrPV_14656:
 1.31813e-06 -5.26974e-06 -1.53259e-05   -0.0205007   -0.0839973
D_14656:
 2.76902 -1.48384  1.04694 0.188602 -2.52127
opening matrixVD_14656.txt for writing
combinationIndex = 12736

V_12736:
   -0.15492   0.0473497   -0.118058    0.796344   -0.570662
  0.0237107   -0.578233    0.783875 -0.00597489    -0.22492
   0.645234   -0.591215   -0.411202    0.206744    0.149355
  -0.632441   -0.372516  -0.0821349    0.314326    0.596408
   0.398909     0.41845    0.442458    0.473557    0.495727
corrPV_12736:
 4.90964e-06 -3.67217e-06  6.78777e-06   -0.0228344   -0.0778292
D_12736:
  2.4569 0.917863 -1.98555  1.48323 -2.87085
opening matrixVD_12736.txt for writing
combinationIndex = 61504

V_61504:
-0.0254391  -0.286147 0.00397793   0.813397  -0.505808
 -0.148288   0.681099  -0.684947   0.205279 -0.0531311
  0.497477   -0.47221   -0.57476   0.119625   0.429971
 -0.757661  -0.207806  -0.010237   0.253999   0.564045
  0.394753   0.433657   0.447636   0.466284   0.488174
corrPV_61504:
-8.03241e-07 -3.85051e-06 -1.84953e-05   -0.0194662   -0.0807222
D_61504:
    1.63018 8.66922e-05     3.51327    -2.72525    -2.41867
opening matrixVD_61504.txt for writing
combinationIndex = 10688

V_10688:
-0.0382434    0.58248  -0.783534  0.0300963    0.21077
 -0.670455   0.550612    0.35622  0.0976135  -0.333009
 0.0300454   0.246207   0.242649   -0.86961   0.351254
 -0.620585  -0.343801 -0.0345175   0.149431   0.687862
  0.403731   0.422761    0.44622   0.459363   0.498144
corrPV_10688:
 3.95353e-06 -2.98944e-06 -1.77497e-05   -0.0218186   -0.0746197
D_10688:
 2.30095 0.942129 -1.93098  1.08716 -2.39765
opening matrixVD_10688.txt for writing
combinationIndex = 4255840

V_4255840:
-0.0256246  -0.010255   0.626232  -0.647995    -0.2758   0.333329
  0.191451  -0.278741 0.00752154   0.486349  -0.735404   0.328998
-0.0609481  -0.502482   0.622201   0.290905   0.149841  -0.499584
  0.648487  -0.590963  -0.225936  -0.272396   0.281855    0.15981
