5
1

0.001048899506464101
0.001297085073191067
0.001791096827907696
 0.05301301023960205
  0.5864616341126675

  0.1789058694447208   0.2259109922312629  -0.8615353168175592   0.4159982747976754  0.04073385212253301
  0.0600827833833894  -0.5313792887271923   0.1928861276934835   0.7038972738279292  -0.4258517116247274
  0.5842430519570599  -0.6356119881665349  -0.1386550758670731  -0.2348204969402846   0.4246075374883262
  -0.669815003948167   -0.270313018241723 -0.05621556222905334   0.2557602216748545   0.6400822230206592
  0.4176010844633329   0.4353487656682913   0.4451588706507474    0.459260390724602   0.4764391460392198

 0.402041819403585
0.4013534280470089
0.4012550251164179
0.4011547012247385
0.4008876416420155

0.00343142875899766

  3.731569268277956  0.3633918276527006    2.35572751913243  -5.470076137815322 -0.9799700216379357

-3.955523407975059e-06 -4.959059813470659e-06  7.990931027357658e-06      -0.01336731163003   -0.07356914931186309

cov:
 0.0612414646841952 0.06303616565003686 0.06404294320807456 0.06548117333190791  0.0672261203602931
0.06303616565003686 0.06539310641044893 0.06669742238125841 0.06857193478806765  0.0708517650331503
0.06404294320807456 0.06669742238125841 0.06816663544782274  0.0702753824512222  0.0728445431332647
0.06548117333190791 0.06857193478806765  0.0702753824512222 0.07272831807132013 0.07571605630434099
 0.0672261203602931  0.0708517650331503  0.0728445431332647 0.07571605630434099 0.07922409357468578

cov.inverse():
  137800.146299004  -97932.4856279001 -158446.8094600895  49958.79961674964  68593.05239382944
-97932.48562801951  340180.6250427927 -210349.3491965035 -90397.53490023736   58676.2211440935
-158446.8094595715 -210349.3491966629  702758.2556702021 -234914.6341841189 -99084.85029034301
 49958.79961609361 -90397.53490035264 -234914.6341827354  469004.8848515959  -193787.795442725
 68593.05239408683  58676.22114424895 -99084.85029136816 -193787.7954421127  165645.0589699732

cov*(cov_.inverse()):
    0.9999999999972715  3.183231456205249e-12 -5.456968210637569e-12  3.637978807091713e-12 -3.637978807091713e-12
-1.818989403545856e-12      1.000000000000909 -6.366462912410498e-12  5.456968210637569e-12                      0
                     0 -1.818989403545856e-12      1.000000000003638 -1.818989403545856e-12                      0
-3.637978807091713e-12 -9.094947017729282e-13  1.818989403545856e-12      1.000000000005457                      0
                     0  9.094947017729282e-13  2.728484105318785e-12  1.818989403545856e-12      0.999999999998181
