5
1

0.0006806059775245197
 0.001046112204169082
 0.001577877688996907
  0.08119017150904634
   0.6266532706775569

0.02698016870604768 0.04432640414325466 -0.6606853872407232  0.7345581816516965 -0.1456926121924208
-0.1293822211372163  0.7974793207107641 -0.4177138011402506  -0.391182954197792   0.140634457279682
 0.7241659998681217 -0.3128134325662461 -0.4155273163439577 -0.3173971710184066  0.3229975947938724
-0.5436321076527131 -0.2890279094863175 -0.1640861162400862 0.04245632658552459  0.7695454540552795
 0.4032121619126409  0.4250559102971273  0.4352272914843144  0.4526109480293391  0.5123162695820086

0.4043139683497993
0.4026926927130104
0.4021281586966025
0.4015040221787993
0.3987267703613652

0.01234779889104633

   0.70032418835091 0.08731087578708205   1.795807675824025  0.6547047029484936  -3.236910910470952

 -9.78265960384955e-08 -1.622314854426106e-06  -3.78355434728462e-06   -0.02085510991289119    -0.1024617481167917

cov:
 0.0657937120938865 0.06833804766238835 0.06950081966654191 0.07151337056633099 0.07836257579232429
0.06833804766238835 0.07150067963521341 0.07295941902995143 0.07546751273048007 0.08404802597792853
0.06950081966654191 0.07295941902995143 0.07456355959090399 0.07731067951338533 0.08672791511215772
0.07151337056633099 0.07546751273048007 0.07731067951338533 0.08045860145120839 0.09127294482703217
0.07836257579232429 0.08404802597792853 0.08672791511215772 0.09127294482703217  0.1069736601025773

cov.inverse():
 227547.7494313798 -182664.3371470147 -109944.2963621564 -3290.429080400712  68773.15349783412
-182664.3371484925  624699.7059168351 -315403.7598562267 -174896.2994269216  47926.57974913198
-109944.2963623517 -315403.7598579936  1171115.795937283 -845394.5699091165  100191.0400024071
-3290.429077998611 -174896.2994273212  -845394.569912041  1345120.406009257 -322474.3068432352
 68773.15349710475  47926.57974982251  100191.0400033708 -322474.3068441607   105890.026761813

cov*(cov_.inverse()):
     1.000000000005457 -7.275957614183426e-12 -1.091393642127514e-11  1.091393642127514e-11 -3.637978807091713e-12
 3.637978807091713e-12     0.9999999999895408 -1.091393642127514e-11  1.091393642127514e-11 -1.818989403545856e-12
 4.547473508864641e-12 -1.818989403545856e-12      0.999999999994543  3.637978807091713e-12                      0
 4.547473508864641e-12 -6.366462912410498e-12 -1.091393642127514e-11      0.999999999992724                      0
 7.275957614183426e-12 -4.547473508864641e-12 -1.091393642127514e-11                      0      0.999999999998181
