5
1

0.001244539807504651
 0.00177631680421585
0.002478292082396878
  0.1027516902039376
  0.5728062416118102

 -0.0532940636412444 -0.04856070942770775  -0.0974166458380408    0.794349049143269   -0.595248843358247
  -0.414045263329444   0.8130767462680188  -0.4085053833886376  -0.0124203143584208   0.0210193274488897
  0.5767285104322287  -0.1010202230957938  -0.7777212621693235  0.09356443008267985   0.2087450013134612
 -0.5776178456137195  -0.3917787075919072  -0.1747584623054669   0.3606267549582873   0.5935274990824481
  0.3993345870047358   0.4157552416763746   0.4338691819875567   0.4796346160860174   0.4993872591625099

0.4001972430296691
0.4004319655886867
0.4001087742575043
0.3999319211657543
0.3998251959666037

0.001382023702626717

  4.287305584086534 0.08892529713081378  -3.273797518666082 -0.2724516995986708 -0.8292552205248364

 5.627196695381465e-07 -1.197493732629195e-06  2.954966463055106e-05   -0.02670706260280167   -0.07092230981317095

cov:
0.05584775676876483 0.05686193174665776 0.05791101976863536 0.06064489362224341 0.06181312167074515
0.05686193174665776 0.05833677936680345  0.0599073566149109 0.06393618041619091 0.06566743846171526
0.05791101976863536  0.0599073566149109 0.06209036959689981 0.06761269366101465 0.06999448619841191
0.06064489362224341 0.06393618041619091 0.06761269366101465 0.07685491002907001 0.08084852907800617
0.06181312167074515 0.06566743846171526 0.06999448619841191 0.08084852907800617 0.08554593062004233

cov.inverse():
  110352.637666966 -114486.6288495077 -16061.22161346738 -16935.68582114148  37292.53811216387
-114486.6288494207  212717.5218056512 -89413.15742922903 -29656.78439779007  20623.96822894156
-16061.22161368036 -89413.15742890351  157497.0329589982 -60205.42740403482  8275.362745788469
-16935.68582080746  -29656.7843984258 -60205.42740372813  408872.3756950964 -302157.5583791443
 37292.53811195583  20623.96822933899  8275.362745594335   -302157.55837914  236028.4454755773

cov*(cov_.inverse()):
     1.000000000001364  6.821210263296962e-13  1.307398633798584e-12 -3.637978807091713e-12  1.818989403545856e-12
 1.818989403545856e-12      1.000000000000682 -1.364242052659392e-12 -3.637978807091713e-12 -1.818989403545856e-12
 1.364242052659392e-12  9.094947017729282e-13      1.000000000000341 -3.637978807091713e-12                      0
 4.547473508864641e-13  3.183231456205249e-12 -6.821210263296962e-13      0.999999999992724 -3.637978807091713e-12
 1.818989403545856e-12  1.591615728102624e-12   1.13686837721616e-13                      0                      1
