6
1

0.0008941893189817857
 0.001050510230052641
 0.001369756632128512
 0.002660579626918614
  0.08488434701100443
   0.6507493714248302

  0.0990815899890929  0.04066711190515027  -0.5386998210720901  0.04387304891835957   0.7403092125238747  -0.3851609439472192
  0.1111644098070784  0.08427452893071002  -0.6143709922573152   0.6345837540350563  -0.4053973220315122   0.1898552923754447
 -0.1428834891804511   0.7812068348877677  -0.2872521291937873   -0.480090598820114 -0.09017941367737574   0.2194700302803086
  0.5606815260870881  -0.4027841693689011  -0.2716818591920522  -0.4345078679873539  0.04001556984996756   0.5091088031286379
 -0.7170787800453258  -0.2559903758884178  -0.1242746654020867   0.0676676918545988   0.3041955643414597   0.5547151524110961
  0.3589482839497335    0.391399682250442   0.4007265599488566   0.4141444527626583   0.4304959550278338   0.4478149699216649

 0.402190449504806
0.4016701728598848
0.4015644448057964
0.4014580891628606
0.4011804037289173
0.4009013519165067

0.00353789490529371

  3.649886660018594 -0.3679820040691137   1.017388822922851  -3.468416444963476  -1.658640953528844  0.8333263528340836

-1.521140438241516e-06 -1.788568550079262e-06  1.681843935683755e-06  2.677987761471156e-05   -0.02108635042651261   -0.08617727960724265

cov:
0.05826941665432947 0.06081577519350272  0.0615536379364023 0.06260110792763592 0.06386623967257893 0.06520620245496669
0.06081577519350272 0.06534814479855977 0.06664908158656677 0.06851934773456125 0.07079244318665866 0.07320008475535118
 0.0615536379364023 0.06664908158656677 0.06811493321266238 0.07021936306904533 0.07278165863327726  0.0754953397252606
0.06260110792763592 0.06851934773456125 0.07021936306904533 0.07266774415827207 0.07564827517123986 0.07880648046414263
0.06386623967257893 0.07079244318665866 0.07278165863327726 0.07564827517123986 0.07914859844607874 0.08285417286898303
0.06520620245496669 0.07320008475535118  0.0754953397252606 0.07880648046414263 0.08285417286898303 0.08714211757085837

cov.inverse():
 78838.53469659002 -77841.41736022003  -128271.922485373  71497.78299768768   60908.4538659966 -5047.375003980075
-77841.41736014356  356703.2149031711  -178454.725879414 -124481.7424303008 -33140.76365934077  57301.29718674925
-128271.9224851835   -178454.72587901  759375.4150328106 -292660.9088771176 -260815.6318014138  100651.2230368811
 71497.78299728173 -124481.7424310789 -292660.9088741423  516828.0921488161 -171871.2207004018  635.2244863348135
 60908.45386602513  -33140.7636585346 -260815.6318049304 -171871.2206969159  838933.3687213563 -434002.5575717565
-5047.375003868057  57301.29718639354  100651.2230380144  635.2244846409494 -434002.5575709519  280528.2436872428

cov*(cov_.inverse()):
    0.9999999999996589 -3.637978807091713e-12 -2.728484105318785e-12   1.13686837721616e-12  7.275957614183426e-12                      0
-9.663381206337363e-13                      1  1.818989403545856e-12  6.032507826603251e-12  7.275957614183426e-12                      0
-8.526512829121202e-13  2.728484105318785e-12     0.9999999999990905 -2.486899575160351e-13 -3.637978807091713e-12  3.637978807091713e-12
-1.250555214937776e-12 -9.094947017729282e-13 -9.094947017729282e-13      1.000000000002473                      0  3.637978807091713e-12
-1.193711796076968e-12  3.637978807091713e-12 -5.456968210637569e-12  7.823075520718703e-12                      1                      0
  1.70530256582424e-13                      0 -3.637978807091713e-12 -5.826450433232822e-13                      0                      1
