5
1

0.0007904979545032416
 0.001006590382529513
  0.00138785969519611
  0.09998615537664973
   0.6323707141174109

0.008558683859639963  -0.1667862855734541   0.4081569899369469  -0.7471193325383688   0.4973224893248186
-0.01866755778190379  -0.6293065835068991   0.6522027847645889   0.2964943678000725  -0.3005783818731544
  0.6340008431470121  -0.5659670733317205  -0.4355325812426062  0.08491717480894487   0.2842967584968637
 -0.6742948923303118   -0.281040872956018    -0.18077356876101   0.3340324412511968   0.5675259209362572
  0.3780841179991311    0.420538771734462   0.4308963757383983   0.4848867851617429   0.5093256916118716

0.4031146597637104
0.4011452907289488
0.4005880676625516
0.3983519768703112
0.3972686472070195

0.01206583032074457

  1.161284535118938 -0.2652498631773527   1.536424365530244  0.7322914750630558  -3.161195689615659

-8.985633939399423e-07  2.345221669957522e-06  -1.19290288796085e-06   -0.02534996411843625    -0.1061493805353151

cov:
0.06170995648391536 0.06547639425972991 0.06636662037921406 0.07105988361031346 0.07318114004321402
0.06547639425972991 0.07151282731845265 0.07297193633037642 0.08060488985149281 0.08405879359574528
0.06636662037921406 0.07297193633037642 0.07457635662134635 0.08294822767664305   0.086737130383015
0.07105988361031346 0.08060488985149281 0.08294822767664305 0.09513677418307649  0.1006545442971312
0.07318114004321402 0.08405879359574528   0.086737130383015  0.1006545442971312  0.1069576009993249

cov.inverse():
 209190.6972522455 -176960.8636689105 -149770.4096963097  12233.31840188104  105888.8696161986
  -176960.86366866  601682.2466251106 -386039.1168596381 -9700.069779811229 -29602.42832731866
-149770.4096973446 -386039.1168576442  784896.5482821696 -316351.3466962022  67062.81832384842
 12233.31840428784 -9700.069784869789 -316351.3466944552  983778.1514091218 -670005.7300122039
 105888.8696145764 -29602.42832400421  67062.81832306369 -670005.7300131161  526961.7185102259

cov*(cov_.inverse()):
     1.000000000000909 -4.547473508864641e-12 -3.637978807091713e-12 -7.275957614183426e-12 -1.455191522836685e-11
 1.818989403545856e-12     0.9999999999890861 -3.637978807091713e-12                      0 -7.275957614183426e-12
 1.818989403545856e-12 -5.002220859751105e-12     0.9999999999836291 -7.275957614183426e-12 -1.455191522836685e-11
 1.818989403545856e-12 -1.455191522836685e-11 -8.185452315956354e-12     0.9999999999854481 -1.455191522836685e-11
 1.818989403545856e-12 -1.818989403545856e-12 -2.728484105318785e-12                      0      0.999999999992724
