6
1

0.001012842832000905
0.001193221288838933
0.001918563946909479
0.003285355186615908
 0.08360001014107997
  0.6373217399315941

 0.01399880558433671 -0.04306015720640272  -0.2771307534419293 -0.03235282677756064   0.8260575678463369  -0.4875762412213871
 0.02312359690352109    0.164352260441624   -0.691479748233509   0.6772160673056372  -0.1882977795739041  0.01522287513970929
 -0.6576152720799272   0.6944602386571541   0.1794422218873214  0.03537486554604302 -0.02463867387021796  -0.2262944420288542
   0.174963735674786   0.4537528687102682  -0.4873685659765173  -0.6039469757962028  0.06718123457548664   0.3958568407662718
 -0.6344035647924414   -0.368604976155725  -0.1206026095085651  0.05899919014137087   0.3033770805739697   0.5929577907884197
  0.3656928968589158   0.3835333622565024   0.4009759141912277   0.4133369783354379   0.4301334737782886   0.4500299084923336

0.3995663891208304
0.3994132331204164
0.3994387217313721
0.3994412671508966
0.3993911710619695
0.3993640320024601

0.0003783617678904345

  2.261849344568843 -0.5195917794101367 -0.1252761567831055   2.854345140869889  -2.213166007665347  -2.259492406044044

  -7.4899309837746e-07  3.372754970643214e-06 -4.431531806441055e-06 -2.747997793918182e-05   -0.02146377200182981   -0.08585032353268762

cov:
0.05713359944616062   0.058602318431715 0.06009301827398377 0.06113294558231323 0.06254571124579171 0.06421821077408332
  0.058602318431715 0.06070167905996161 0.06277392462098112 0.06423625689775815 0.06622620370445853 0.06858092582578765
0.06009301827398377 0.06277392462098112 0.06541123978702972 0.06727217851486857 0.06979884511304854 0.07279356465641053
0.06113294558231323 0.06423625689775815 0.06727217851486857  0.0694235730712536 0.07233903833223934 0.07579690452089968
0.06254571124579171 0.06622620370445853 0.06979884511304854 0.07233903833223934 0.07579317769572685 0.07988239155101004
0.06421821077408332 0.06858092582578765 0.07279356465641053 0.07579690452089968 0.07988239155101004 0.08472161689885763

cov.inverse():
 120948.0402938212 -114599.1888097177 -54959.57819389007 -5557.735178811208  13677.99391395058  40386.19320991905
-114599.1888097482  170895.9057756386 -54814.79961710252  60813.62986755527   -58249.632547684 -3860.229184542727
-54959.57819380607 -54814.79961706679  441450.8553452272 -291166.3074623031 -135946.8420264821  95408.20948865016
-5557.735178924109  60813.62986782967 -291166.3074634413  357270.8642026032 -119608.0937970565 -1701.558679849858
 13677.99391405246 -58249.63254840727 -135946.8420239087 -119608.0937994296  690675.4178086031 -390625.0782036677
 40386.19320987647 -3860.229184160004  95408.20948733445 -1701.558678453614 -390625.0782040879  260383.8842114197

cov*(cov_.inverse()):
                     1  9.947598300641403e-13 -2.728484105318785e-12  1.691091711109038e-12  7.275957614183426e-12  3.637978807091713e-12
                     0      1.000000000000512  4.547473508864641e-12 -1.918465386552271e-12                      0  3.637978807091713e-12
                     0  3.069544618483633e-12      0.999999999994543   8.15703060652595e-12 -3.637978807091713e-12  7.275957614183426e-12
-4.547473508864641e-13  2.557953848736361e-12 -1.818989403545856e-12      1.000000000000512  7.275957614183426e-12                      0
 1.364242052659392e-12  5.684341886080801e-13 -9.094947017729282e-13  2.017941369558685e-12                      1  3.637978807091713e-12
 1.364242052659392e-12  3.979039320256561e-13 -9.094947017729282e-13 -1.080024958355352e-12                      0      1.000000000003638
