5
1

0.0008120735912282166
 0.001273891775876402
 0.001370007707183973
  0.08547772181518078
   0.6464251686948375

  0.0508362284274909  -0.1842803148226389  -0.2199274744164565   0.8296687459010367  -0.4761702652622666
-0.01677345649636519   0.4046027466363279  -0.8339862519920412  0.07998224531974955   0.3661762423934453
  0.6378760667869159  -0.6705928896519712  -0.2088752567522142 -0.06611380129299814   0.3089002948589716
 -0.6639304028205022  -0.4303499027788047  0.06892455822815899   0.2745024783417144   0.5421191529970041
  0.3865810040179062   0.4091961882883333    0.455762405069589   0.4748999549078304   0.4998642513488344

 0.405099335438605
0.4034940274745968
0.4014946475171818
0.4006571925581494
0.3995573036750693

0.01220876533625561

0.7318095602036819 0.8898586589328811  2.240165776558547 0.3694645630356052 -4.230249510085835

 1.12200940514745e-06 -4.93326319197775e-06 -3.62057391971023e-06  -0.02123470276335252    -0.113274148714232

cov:
0.06566932741821828 0.06818788109426051 0.07328875559609795 0.07538314291978489 0.07811804442683568
0.06818788109426051 0.07132232701877647 0.07771336463685204  0.0803395633919676 0.08376658319735346
0.07328875559609795 0.07771336463685204 0.08683471052291822 0.09058148932988487 0.09547029927569223
0.07538314291978489  0.0803395633919676 0.09058148932988487 0.09479221682784991  0.1002822571363963
0.07811804442683568 0.08376658319735346 0.09547029927569223  0.1002822571363963  0.1065575170459917

cov.inverse():
 220936.5710180366  -246250.775033739 -79326.01280340571  40636.73954867348   64440.1969229136
 -246250.775033256  391989.8456365665 -71852.09204832598 -188295.2763338976  113960.9419787735
-79326.01280425661 -71852.09204604515  525191.2134377533 -310433.6462524767 -63755.03611752248
 40636.73954842293 -188295.2763357562   -310433.64624802  1050085.083655807 -591880.5327366919
 64440.19692353228   113960.941978833 -63755.03612054742 -591880.5327343438  477326.8810386755

cov*(cov_.inverse()):
     1.000000000004547 -3.637978807091713e-12  2.728484105318785e-12                      0  7.275957614183426e-12
 3.637978807091713e-12      0.999999999998181                      0                      0                      0
 1.818989403545856e-12                      0     0.9999999999990905                      0                      0
 1.818989403545856e-12 -1.818989403545856e-12  1.000444171950221e-11      1.000000000007276  7.275957614183426e-12
 1.818989403545856e-12  1.818989403545856e-12 -2.728484105318785e-12                      0                      1
