6
1

0.001027260136120292
0.001773392890765216
0.002160628370331541
0.002987387733196757
   0.103673773846756
  0.6310710387211671

  0.05239665593267577  -0.03858146908384374   -0.1346164004307283   -0.2646734071777859    0.8381892550787267   -0.4528037606170588
   0.4307225527817358   -0.8091976701190312    0.3984514135390643  -0.02782236966077718 -0.002758393413507648   0.01148874493026786
  -0.4976178725337245  -0.03286936602456565    0.5197035981721574    0.4931261777694511  0.005225955526028642   -0.4878560135392376
   0.2792719449704979   -0.1730894542205539   -0.5986339036542498    0.7022394605492087 -0.008502167427312798   -0.2011768480275362
  -0.5962262431713216   -0.4132860059731954   -0.1996195417873239    0.1285540030032181    0.3275754020389345    0.5568026643686556
   0.3614285179858862    0.3766496034761769    0.3934622647256034    0.4199215217600277    0.4359196284331026    0.4542377592563743

0.4002215858764817
0.4004506687571559
0.4001218964244901
0.4000604155057428
0.3999333815878774
0.3998209472873252

0.001444201552768197

  3.791393083484567 0.08117730293402832  -2.881190878305855   1.865274464967314   -2.52624654797035 -0.3297520480001863

-1.982278893363962e-06  1.165568081407776e-06 -1.082681830988814e-05  3.719050594216182e-05   -0.02676626340315811   -0.07985096976253465

cov:
0.05584700002552419 0.05686166605669645 0.05791169449788399 0.05961987276896863 0.06064667682086711 0.06181500845716437
0.05686166605669645 0.05833599078977044 0.05990628094449758 0.06241649903533696 0.06393322101540318  0.0656630968127271
0.05791169449788399 0.05990628094449758 0.06208747448366444  0.0655219037838876 0.06760422839309005  0.0699828305497395
0.05961987276896863 0.06241649903533696  0.0655219037838876 0.07040840439566069 0.07335293838597513 0.07673110012746001
0.06064667682086711 0.06393322101540318 0.06760422839309005 0.07335293838597513 0.07683203847791414  0.0808181009742386
0.06181500845716437  0.0656630968127271  0.0699828305497395 0.07673110012746001  0.0808181009742386 0.08550579210986245

cov.inverse():
  123408.622265061 -114631.3198741527 -26232.08473953064 -47548.63140731299  40399.66759187885  24767.58939218378
-114631.3198741885     213224.2224535 -89641.71701768614 -260.9851240055619 -29819.36281981562  20914.65671326754
-26232.08473934637 -89641.71701779839   165670.520496425  38029.55111388404 -106128.0270944844  18391.89599692256
-47548.63140730633 -260.9851240281418  38029.55111418767  173978.7462004797 -210316.6656896105  46110.95160631245
 40399.66759141044 -29819.36281958331 -106128.0270946008 -210316.6656886715  665795.4295069921 -360006.3423361356
 24767.58939249706  20914.65671313474  18391.89599680687  46110.95160566091 -360006.3423355485   249882.932337592

cov*(cov_.inverse()):
                     1  1.364242052659392e-12 -2.501110429875553e-12  4.547473508864641e-13                      0 -3.637978807091713e-12
-4.547473508864641e-13      1.000000000001364                      0  3.183231456205249e-12 -3.637978807091713e-12 -3.637978807091713e-12
 6.821210263296962e-13 -2.273736754432321e-13      1.000000000000682  3.637978807091713e-12 -3.637978807091713e-12 -3.637978807091713e-12
-6.821210263296962e-13 -4.547473508864641e-13  2.046363078989089e-12      1.000000000004093 -7.275957614183426e-12 -3.637978807091713e-12
-6.821210263296962e-13  -1.13686837721616e-12 -2.273736754432321e-13  3.637978807091713e-12                      1 -7.275957614183426e-12
-4.547473508864641e-13                      0 -4.547473508864641e-13  4.547473508864641e-13                      0                      1
