5
1

0.001023836300334938
0.001854178130423578
0.002399371520913498
  0.1048957856242182
  0.5715995086595984

0.0004590418479191371   -0.0120537898298514   -0.3102645692600001    0.8135313903270407   -0.4916879797653977
   0.6676859286660914   -0.7105223393757513    -0.148846284101933   0.03030624738248376    0.1621105209045598
   0.1084633210068874    0.3661220143360422   -0.8253262945960809  -0.06068531486210638     0.411514493818949
  -0.6227953923942916   -0.4391826960075973  -0.02126160246715854    0.3242289849677479    0.5600606827007687
   0.3931372497620622    0.4099828551839272     0.447174610728052    0.4779550880459528     0.498949859841605

0.3991251998979171
0.3993794268178626
0.3992290717257239
0.3991570029358188
0.3991210766458568

0.0005220720845620632

  2.059754500104919 -0.4537264352959115   1.476258885524323  -1.433730051400891  -1.646739913017428

-8.473122722297358e-07  4.013876707298751e-06 -1.008484040731085e-05   -0.02753043220932066    -0.0728623707202801

cov:
0.05476718444980228 0.05566972669327357 0.05758359824845612  0.0591706411848919 0.06025189482921153
0.05566972669327357 0.05704285329745529 0.06000133135648088 0.06245605682223051 0.06412941055052733
0.05758359824845612 0.06000133135648088 0.06534288008500894 0.06975510198159618 0.07276545512952896
 0.0591706411848919 0.06245605682223051 0.06975510198159618 0.07579505090689972 0.07991367479454005
0.06025189482921153 0.06412941055052733 0.07276545512952896 0.07991367479454005 0.08479139860345464

cov.inverse():
 131750.0126751781 -131071.8980428511 -44590.81196924177  5080.897690785869  38989.95924158948
-131071.8980428389   170283.372001933 -18156.53796434984 -19489.89985847631 -1700.217142910394
-44590.81196969219 -18156.53796371992  216598.3859476683 -233406.0567414398  79518.73280967319
 5080.897691844121 -19489.89985996737 -233406.0567410293  632292.3938230259 -384486.7433123704
 38989.95924096952 -1700.217142037095   79518.7328094426 -384486.7433123938  267719.9239203923

cov*(cov_.inverse()):
    0.9999999999995453 -1.094235813070554e-12                      0                      0 -1.818989403545856e-12
-4.547473508864641e-13     0.9999999999980673 -1.818989403545856e-12  3.637978807091713e-12                      0
-1.364242052659392e-12 -5.542233338928781e-13      1.000000000002728  3.637978807091713e-12  3.637978807091713e-12
                     0 -3.296918293926865e-12  9.094947017729282e-13      1.000000000003638 -3.637978807091713e-12
-4.547473508864641e-13 -3.979039320256561e-13                      0                      0      1.000000000003638
