5
1

0.000764700306714734
0.001354363717216152
0.002283009408705135
 0.08553589567247323
  0.6928709332343275

 -0.2014377622529205  -0.1784811657077491   0.8599516684824039 -0.04940576923713103  -0.4308242092391703
 -0.4263771008446361   0.7972475268243078  -0.1202764713843193   0.1364913753700916  -0.3866556914475274
 0.08196612418587734  -0.3209354372744055  -0.1981634381324983   0.8329768067152309  -0.3964377515442183
 -0.7938985185945717  -0.2134020356902864  0.03989331684820411   0.2484670643832865   0.5107419647181805
  0.3750094565116311   0.4289532267332368   0.4529420198701191   0.4725917178780395   0.4968577579459292

0.3576817948101872
0.3401903531188706
0.3324500057588231
0.3253217745482562
0.3185223691524512

0.09197787996787241

 0.7978140283783814 -0.2295244173458777   2.344952035316009   4.548048437078181  -7.422816128486712

2.847830911248234e-06 4.926278816593856e-06 3.338618558284848e-05  -0.02306095175704861   -0.1324292072277575

cov:
0.07212499546905078 0.07846360898739387 0.08131172061586002 0.08363812453519182 0.08648327284797493
0.07846360898739387 0.08866823482800371 0.09321105640832304 0.09693056478279963  0.1015194459119601
0.08131172061586002 0.09321105640832304 0.09850180238100413  0.1028338085416161  0.1081880566842307
0.08363812453519182 0.09693056478279963  0.1028338085416161  0.1076756061302725  0.1136523437705356
0.08648327284797493  0.1015194459119601  0.1081880566842307  0.1136523437705356  0.1204235119607667

cov.inverse():
 169875.7365383668  -128858.655668459 -271394.7330333057 -1635.058870134316  231995.7808092177
-128858.6556682527  420753.7131516773 -302547.5733236868  23106.03952167113 -12161.96952076572
-271394.7330331355 -302547.5733232932  1280057.417492302 -113273.1412245372 -593136.6602842596
-1635.058871010664  23106.03952198808 -113273.1412225964  147461.6773342881  -55710.6432105955
  231995.780809718 -12161.96952127037 -593136.6602856372 -55710.64320921402  429101.1693020196

cov*(cov_.inverse()):
                     1 -1.364242052659392e-12                      0 -9.094947017729282e-13 -7.275957614183426e-12
 7.275957614183426e-12      0.999999999998181 -7.275957614183426e-12 -9.094947017729282e-13                      0
 3.637978807091713e-12  -6.59383658785373e-12     0.9999999999708962 -9.094947017729282e-13                      0
-3.637978807091713e-12  6.821210263296962e-13 -1.455191522836685e-11     0.9999999999990905                      0
 3.637978807091713e-12 -6.821210263296962e-13 -1.455191522836685e-11                      0      0.999999999992724
