6
1

0.001107922637505489
0.001779690812486394
0.001827831748652764
0.002936342671653853
  0.1100909787218728
  0.6240716503823885

 -0.0485330126179563 -0.00115530177529044 -0.06486013416959825  -0.2390119761694321   0.8377251535096092  -0.4842790697360567
 -0.4103683188465661   0.7422020264825892  -0.5146749218547051  0.05141987438131453  0.01769560410168796   0.1135190807755261
  0.5386581431991325  -0.2259930718416158  -0.6824875731055366  -0.1606956147548637   0.1516907965893882     0.37967363673292
 0.02385308780705193  -0.2076744065336893  -0.3133670898152552   0.8517701132884998 0.009423355043242741  -0.3640086710256942
 -0.6433757614819873  -0.4679034776661924 -0.02617031293750746   0.1125758576633794   0.2917952257547696   0.5182965390046386
  0.3529708969278824   0.3687812699979475   0.4077128672329838   0.4197863046177184    0.435499806669656    0.455303761855071

0.3985486376950836
0.3987419297294967
0.3979773125986538
0.3978868684849203
0.3977398178423567
 0.397478213790929

0.002628688220263106

  2.148269863929297  0.7503672722654547  -2.101926902906709  0.7299507876732045 0.02279542272783068  -1.547239398201564

7.673391496793894e-07 1.961975511731956e-06 5.749327041239326e-06 1.499608064043346e-05   -0.0289830793437588  -0.08182578240468882

cov:
0.05354127585905878 0.05434351722905246 0.05625172083569156 0.05683000395114165  0.0575930029480114  0.0585495436247869
0.05434351722905246 0.05562292018803641 0.05870708034494866 0.05965317967907154 0.06089490992420355 0.06245553801288713
0.05625172083569156 0.05870708034494866 0.06475230055044534 0.06662018749653258 0.06906002272821109 0.07213328946195886
0.05683000395114165 0.05965317967907154 0.06662018749653258 0.06879182927264815 0.07159872061392039 0.07514309577993469
 0.0575930029480114 0.06089490992420355 0.06906002272821109 0.07159872061392039 0.07489893710985458 0.07905769565089224
 0.0585495436247869 0.06245553801288713 0.07213328946195886 0.07514309577993469 0.07905769565089224 0.08399454329604021

cov.inverse():
 142035.2229357281 -133102.8627839326 -41653.50356991155 -20769.85776540492 -10947.17582166344  64619.52583544369
-133102.8627837337  194230.6989208796 -66829.42348617078  2624.334566539638 -7140.439999275438  10122.81626329816
-41653.50357012499 -66829.42348583124  237867.1415630028  6143.317970947451 -78470.28480554823 -57187.36004697085
-20769.85776547411  2624.334566701737  6143.317970951445  139250.4465681436 -169192.8873888584  41923.12676527091
-10947.17582189272 -7140.439999361908 -78470.28480517132 -169192.8873884974  578725.0533304312 -313017.4749398362
 64619.52583575655    10122.816263082 -57187.36004722566  41923.12676500692 -313017.4749394138  253667.0670995826

cov*(cov_.inverse()):
     1.000000000000909  4.547473508864641e-13 -9.094947017729282e-13  1.364242052659392e-12                      0                      0
 1.818989403545856e-12     0.9999999999998863 -9.094947017729282e-13                      0                      0  1.818989403545856e-12
 9.094947017729282e-13 -2.273736754432321e-13     0.9999999999990905 -9.094947017729282e-13 -3.637978807091713e-12                      0
 9.094947017729282e-13   1.13686837721616e-13                      0     0.9999999999995453 -3.637978807091713e-12  3.637978807091713e-12
                     0                      0  1.818989403545856e-12  4.547473508864641e-13      0.999999999992724 -3.637978807091713e-12
                     0 -3.410605131648481e-13 -3.637978807091713e-12 -9.094947017729282e-13                      0      1.000000000003638
