5
1

0.0007134861608777868
0.0009761843160095372
 0.001626036565919119
  0.05605912872208507
   0.5360549698816185

-0.02812680136599669 -0.08949301683586688   0.6312309263862714  -0.7368298863362214   0.2232243695428753
-0.07725478981525481  -0.3868382906981884   0.6111674200053185   0.4058956234702472  -0.5532729542206508
  0.6011835682539562  -0.7351627752774718  -0.1540783696358798  0.01680794791013252   0.2721972814066397
 -0.6722103258770081  -0.3339437390399733  0.04908846161012875   0.2878473189463367   0.5927470800033399
  0.4242077033026221   0.4363077008140555   0.4493017708007308   0.4573749832598046    0.467567597372282

 0.382717125565144
0.3813176425196436
0.3796211243674311
0.3785971019580422
0.3772938290026031

0.02105048565460728

 3.055777969823583  1.622562878653041 -1.931737146075136  1.636979277367613 -4.380784312137458

-1.850239895682434e-06  9.947263041626878e-07 -5.897397155044874e-07   -0.01513580793204569    -0.0469282535384134

cov:
0.05313115469596048 0.05388943176940138 0.05466506738186263 0.05514510415651891 0.05574392558259444
0.05388943176940138 0.05505418813155757 0.05627981456202612 0.05704123284217582 0.05799896680709016
0.05466506738186263 0.05627981456202612 0.05801713218890595 0.05909566097587297 0.06045830170602515
0.05514510415651891 0.05704123284217582 0.05909566097587297 0.06037313662519114 0.06198783274408315
0.05574392558259444 0.05799896680709016 0.06045830170602515 0.06198783274408315 0.06392605099948126

cov.inverse():
 144656.8496107417 -130781.2364851508 -119468.1051469359  11566.20675233041  94285.67063842763
-130781.2364849878  377215.5637028395 -316232.7917253968  -39939.6668353962  109608.1701507964
-119468.1051465606 -316232.7917262767  1183672.084255629 -654311.7862300102 -93899.71656841101
 11566.20675116528 -39939.66683314871 -654311.7862311333  1239528.170861372 -556977.4975294615
 94285.67063905395  109608.1701495917 -93899.71656779287 -556977.4975295004  447248.5141272694

cov*(cov_.inverse()):
     1.000000000000909  4.547473508864641e-12 -4.547473508864641e-12  1.091393642127514e-11  3.637978807091713e-12
 1.818989403545856e-12      1.000000000001819 -4.547473508864641e-12  1.818989403545856e-11  3.637978807091713e-12
 9.094947017729282e-13 -9.094947017729282e-13      1.000000000004547  7.275957614183426e-12                      0
                     0  6.366462912410498e-12  6.366462912410498e-12      1.000000000014552  7.275957614183426e-12
 1.818989403545856e-12                      0 -4.547473508864641e-12                      0      1.000000000003638
