5
1

0.0008728175349751518
 0.001273725575694188
 0.002247839368132732
    0.065986947386916
   0.5506886241672765

0.009096339464525679  -0.2884062468832602   0.7667408170682921  -0.5677870545016744  0.08040816842099054
-0.06449498951927092  -0.3211057302319277   0.3919037412009023   0.6047616191446592  -0.6110698388739182
  0.5802188249389497  -0.7242324993882292  -0.2314518968837564    0.103292994418732   0.2731189827699037
 -0.6972617261295573  -0.3181369799881916  0.04953115138428876   0.2976218013399003   0.5670827767165598
  0.4158483538461477   0.4335770929890146   0.4499962905909801   0.4611215299907908   0.4732349565194391

0.3997860298529614
0.4000294524197207
0.4000461649491933
0.4000908773774846
 0.400133149979337

-0.0003345777948342707

 1.947222377669386  6.315388877208005   -3.4297480447902 -8.339440896083181  3.505477174999467

 4.445032601892875e-07 -1.733199763340068e-05 -1.290564638361577e-05   -0.01755150559388187   -0.05519238292173977

cov:
0.05456099855487816 0.05564190877184678 0.05659763358109497 0.05724835906491801 0.05795850207208238
0.05564190877184678 0.05745277202030635  0.0590999405369699  0.0602180386309193  0.0614373779804326
0.05659763358109497  0.0590999405369699 0.06142037486487992 0.06299105083284592 0.06470163132039622
0.05724835906491801  0.0602180386309193 0.06299105083284592 0.06486925905817176 0.06691100310694606
0.05795850207208238  0.0614373779804326 0.06470163132039622 0.06691100310694606 0.06931627048357149

cov.inverse():
 69412.16705174676 -73791.85927925704 -33009.59170897603 -19006.67707287087  56524.72870590189
-73791.85927929146  276569.6567650365 -334667.7428571894  80430.18576416228  51316.02677338967
-33009.59170879232 -334667.7428585743  876975.2469196258 -430102.0668619192 -79185.92889663752
-19006.67707311105  80430.18576666176 -430102.0668656104  650744.1744510989 -282090.4987110813
 56524.72870599247   51316.0267722411 -79185.92889414819 -282090.4987125124  253484.5881233498

cov*(cov_.inverse()):
                     1 -2.273736754432321e-12                      0  5.456968210637569e-12 -1.818989403545856e-12
 4.547473508864641e-13     0.9999999999977263  8.185452315956354e-12 -3.637978807091713e-12 -1.818989403545856e-12
 1.364242052659392e-12  1.364242052659392e-12                      1  7.275957614183426e-12                      0
 4.547473508864641e-13  2.728484105318785e-12 -7.275957614183426e-12      1.000000000007276                      0
                     0 -9.094947017729282e-13 -9.094947017729282e-13                      0      0.999999999996362
