5
1

                  nan
                  nan
0.0002312466517461742
  0.04167317288184609
   0.8450539779637672

  -0.2755777287481153    0.8225136321309502   -0.4951527444325121  -0.04834408477710925 -0.003853508115627749
   0.3806899018295137   -0.2243044856929621   -0.5656724553518163    -0.244518672918253     0.651911027820204
   0.1402646800255404   -0.1950877008776269   -0.4784407781779354    0.8025641307361293   -0.2631574554062016
  -0.8041222139931813   -0.2480597920465322  0.007980624775246414    0.2431576306421194    0.4823530665614589
   0.3359246918032412    0.4166124712402171    0.4537280731251784    0.4843951390937278     0.522571368450758

0.5771584510803223
0.6214719489216805
 0.638845871668309
0.6507794982753694
0.6738123474642634

-0.2187139056334903

 167.1238369935868 -415.8636747229162  550.2080454578779  -733.484442208122  425.7059522198363

 2.454859935343017e-14 -1.428204754580742e-15 -4.595463581818125e-05  0.0002610246283204758    -0.2161557718424122

cov:
0.08170767297584723  0.1002872723110984  0.1088333492273846  0.1158616386523369  0.1246856665582217
 0.1002872723110984  0.1240531266431024  0.1349850814878242  0.1440075056915651  0.1552622724007524
 0.1088333492273846  0.1349850814878242  0.1470146334709825  0.1569544366220188  0.1693274339213499
 0.1158616386523369  0.1440075056915651  0.1569544366220188  0.1676619828624341  0.1809686532545499
 0.1246856665582217  0.1552622724007524  0.1693274339213499  0.1809686532545499  0.1954155165330748

cov.inverse():
 2.678375356015645e+16 -4.251139499154873e+16      -3168037090904434      -8078557384486744  2.691325109858964e+16
-3.439401825710339e+16  4.555160825124696e+16   1.64547666658473e+16  1.345952116772981e+16 -4.096911081120568e+16
 -1.42918349065771e+16  3.507069039028066e+16 -1.528370121598316e+16       82393100974501.7      -5578517014051207
-1.084953929705122e+16  2.030602234748363e+16      -2945026685762836       2219160657360853      -8714261120037787
 3.266869297305277e+16 -5.826081938916389e+16       4918298146905686      -7665847032364746  2.828262953956242e+16

cov*(cov_.inverse()):
     1     -1 -0.125 -0.125    0.5
     1      0  0.125   -0.5      1
     2     -2    1.5   -0.5      1
     0      0 -0.375    0.5      0
     0     -2  0.125      0      1
