5
1

0.0007844222627945295
 0.000995548523863561
  0.00150305042822552
  0.08829271846479111
   0.6365285830346427

 0.03783654411823402   0.1145540346719987  -0.4188279593942448   0.7555179887305054  -0.4891027276593539
-0.07380808815939058   0.7000503121752943  -0.6046326092973255  -0.2742705187921712   0.2523430538796536
  0.7093139226579562  -0.4491030288976715  -0.4701390634043501 -0.05546721918775381   0.2665949684734859
 -0.5781863371639077  -0.3483357587401884  -0.2353963669524087   0.3450150050971779   0.6082071648569123
  0.3945821596220642   0.4168640092182035   0.4272708271001524   0.4815145741090889   0.5060757575266852

 0.404980754737136
0.4034058965981695
0.4028570680102224
0.4006702893381392
0.3996057657999254

0.01181982348155242

0.7275765514436334 0.1551431878783571  1.943386679312411 0.7936876921379069 -3.618071912170593

 9.848850657733871e-07 -2.230814167877102e-06 -3.334160711677443e-06   -0.02228674353588768    -0.1080712466421731

cov:
0.06568997265801528 0.06821430419552117 0.06936906253069601 0.07542570862319337 0.07816652135785108
0.06821430419552117  0.0713552747946065 0.07280538163880147 0.08039095391154591  0.0838245990749852
0.06936906253069601 0.07280538163880147 0.07440066744943183 0.08272513908789389 0.08649378157860156
0.07542570862319337 0.08039095391154591 0.08272513908789389 0.09486928024079989  0.1003681542109019
0.07816652135785108  0.0838245990749852 0.08649378157860156  0.1003681542109019  0.1066529116068786

cov.inverse():
 230571.2820536267 -186068.1161719969 -128320.1831902133  49442.09229951468  34791.51663326228
 -186068.116172474  605083.4662028279 -411569.4602902925  -42057.4561210936  34156.09199058273
-128320.1831893932 -411569.4602898863  751785.4349309639 -335405.2954599881  123477.4780810011
 49442.09229861914 -42057.45612454241 -335405.2954548181  1004938.278654362 -676892.8633756228
 34791.51663381525  34156.09199314938  123477.4780770556 -676892.8633747969  484532.4891076957

cov*(cov_.inverse()):
     1.000000000002274 -1.364242052659392e-12 -3.637978807091713e-12                      0                      0
-9.094947017729282e-13      1.000000000002274                      0 -7.275957614183426e-12                      0
-9.094947017729282e-13  2.728484105318785e-12                      1                      0                      0
-4.547473508864641e-13  1.364242052659392e-12 -7.275957614183426e-12      1.000000000014552                      0
-9.094947017729282e-13  1.364242052659392e-12                      0                      0      1.000000000007276
