5
1

0.0009950329022185552
 0.001343314890945686
 0.002429595818831857
  0.05008545486509566
   0.5563666865030633

-0.00864550881280063  -0.3709723840458989   0.7836771232154246  -0.4905700066296148  0.08657933123376509
 -0.1782461128423411  -0.2662084045015904   0.3523941456580093   0.6660843865873397  -0.5740308046436552
   0.611517823573317  -0.7109679493362083   -0.246241863593207    0.165356662323864     0.18053433276825
 -0.6437121075827491  -0.3092536255587432 -0.04837690932672435   0.2807678585643842   0.6393950280314293
  0.4240686883483533   0.4363477348898004   0.4457501002948812   0.4577108720166791   0.4707164831869417

0.3998543982288019
0.3997083023065856
0.3996438322944258
0.3996143791222927
0.3995564549079064

0.0009917569948892427

 1.962950618960397  8.396523210010415 -2.102619744292734 -10.63702735165586  2.374947754525911

 6.378202794899122e-07 -2.124705269633363e-05 -3.294824182649197e-05   -0.01311099551572825   -0.05936098226924613

cov:
0.05670831603285593 0.05777533907658454 0.05858977624303269 0.05962973876713085 0.06075830032252251
0.05777533907658454 0.05918011451341994  0.0602450261836045 0.06160379929895762 0.06308255586110841
0.05858977624303269  0.0602450261836045 0.06151131203332071 0.06312031877472557 0.06487093846315059
0.05962973876713085 0.06160379929895762 0.06312031877472557 0.06504816137338885 0.06714164980344757
0.06075830032252251 0.06308255586110841 0.06487093846315059 0.06714164980344757 0.06961323620767157

cov.inverse():
 81198.73780963552  -44038.0215800454 -67148.75755497732 -44452.64772267192  74485.26985123125
-44038.02158015304  263940.2817063943 -315954.6030708288  65595.14196917271  30421.70502997322
-67148.75755459887 -315954.6030704937  699388.2163248167 -265121.4271032777  -51114.0100272174
-44452.64772311351  65595.14196814618 -265121.4271010382  493600.2654904699 -249658.0136110837
 74485.26985140213  30421.70503055716 -51114.01002874351 -249658.0136103125  195861.9963700086

cov*(cov_.inverse()):
     1.000000000001819 -4.547473508864641e-13  1.818989403545856e-12 -7.275957614183426e-12 -1.818989403545856e-12
                     0     0.9999999999988631  2.273736754432321e-12 -7.275957614183426e-12 -1.818989403545856e-12
 1.818989403545856e-12 -2.046363078989089e-12      1.000000000000455 -5.456968210637569e-12 -1.818989403545856e-12
 9.094947017729282e-13 -2.955857780762017e-12  8.640199666842818e-12     0.9999999999854481                      0
 1.818989403545856e-12  4.547473508864641e-13 -4.547473508864641e-13                      0                      1
