5
1

0.0009199289358244717
 0.001940714394700377
 0.002306242316502173
  0.09880871771200464
   0.5681388540045507

-0.02925359948207996   0.1083173958164598   0.2750635239149509  -0.8286335680144304   0.4744660540566061
 -0.6105818989551972   0.5243450962805054   0.4512133846405547  0.01938715446193697  -0.3850747777223746
  0.2286679139624261  -0.5811351575516936   0.7100249423180346 -0.03364334807339541   -0.323613380746416
 -0.6460467850987467  -0.4537625664478251  0.09194070252541717   0.2970231597201871   0.5291948927977537
  0.3958137291368923    0.411959978296653   0.4562433866239696   0.4729015922174424   0.4917586037362914

0.4000835938393373
 0.400307340700841
0.3999821829262327
0.3998774484058857
0.3997772674122896

0.001121666815532854

 4.060389974183468 -2.445109250558585  3.255483301425981  -5.02794703492443 0.1607729922440163

 4.023538761065998e-06 -9.234208098182134e-06  2.541312649451559e-05    -0.0256061190709587    -0.0689135779225873

cov:
0.05464633355337467 0.05549277850405072 0.05771022393759605 0.05854506700260546 0.05949039747063502
0.05549277850405072 0.05679270393283294 0.06025953735020093 0.06156742868439265 0.06304656475683117
0.05771022393759605 0.06025953735020093 0.06727565517853616 0.06990914922529312 0.07289309123935933
0.05854506700260546 0.06156742868439265 0.06990914922529312 0.07304751561238089 0.07659830539692704
0.05949039747063502 0.06304656475683117 0.07289309123935933 0.07659830539692704 0.08079264324360139

cov.inverse():
 109869.4391961003 -113702.0703225628 -52135.94136630647    24035.548840277  32077.37546753003
 -113702.070322474  150379.3442700926  20441.19921286407 -99698.38007672501   42454.1755020028
-52135.94136610551  20441.19921253769   238245.716011151 -271496.5348769921  64888.93112254954
 24035.54883952293 -99698.38007566125 -271496.5348773572  811687.7362023289 -464496.8389228943
 32077.37546799461  42454.17550135394  64888.93112278895 -464496.8389229489  325101.7561886704

cov*(cov_.inverse()):
    0.9999999999997726 -1.818989403545856e-12 -3.637978807091713e-12  3.637978807091713e-12 -3.637978807091713e-12
-9.094947017729282e-13     0.9999999999995453  1.818989403545856e-12 -7.275957614183426e-12  3.637978807091713e-12
-4.547473508864641e-13 -1.364242052659392e-12     0.9999999999972715                      0                      0
 4.547473508864641e-13 -1.818989403545856e-12 -9.094947017729282e-13      0.999999999992724  3.637978807091713e-12
 9.094947017729282e-13  9.094947017729282e-13 -1.818989403545856e-12                      0                      1
