5
1

0.0004785197878747375
 0.000765137937884969
0.0009866387001945354
  0.03979342792497961
   0.5456651059475333

  0.1777580632214093  -0.6707279231916226   0.7024516541646176  -0.1444164260969746 -0.06505146766673517
  0.1120283127802948   0.1786306052550953  0.01983462213998771  -0.8286577618723734    0.518144444585708
   0.650016924626484  -0.4532688539624149  -0.5506972935664415   0.1220895787546748   0.2320602709315607
 -0.5883700078999625  -0.3467949183572633 -0.06462511461293545   0.2672865537519641   0.6767093254492954
  0.4326088991205561   0.4387434222258258   0.4457850903135034   0.4540068749533979   0.4642274879889193

0.4004769000680009
0.4005360972281709
0.4005933773099698
0.4006373557367672
0.4007329959448536

-0.001188583580432836

0.4807445644000286  3.488680152923058  5.970367908447381 -4.443287165444503 -5.499963331756791

 6.729436939680014e-07  9.528855910598702e-07 -6.206254074007547e-06   -0.01074900037775897   -0.05073852705994113

cov:
0.05627273228430803 0.05683711467938463 0.05748123621399985 0.05823137552035929 0.05916659179749258
0.05683711467938463 0.05750646621427712  0.0582712221500439 0.05916275679628859 0.06027318045459357
0.05748123621399985  0.0582712221500439  0.0591772771376242 0.06023410384472572 0.06154878451947177
0.05823137552035929 0.05916275679628859 0.06023410384472572 0.06148653283797109 0.06304080919285081
0.05916659179749258 0.06027318045459357 0.06154878451947177 0.06304080919285081   0.064892704153749

cov.inverse():
 593693.6794946935 -789040.3968634544  181409.8675844379 -189255.7376238634  203357.5392693286
-789040.3968639229  2230321.182085495 -1795122.614628063  113272.5706021757  240444.6028343597
 181409.8675844579 -1795122.614619384  2467141.820344587 -540183.0576133479 -313311.9165647963
 -189255.737622722  113272.5705850081 -540183.0575915867  1279367.161402574 -663162.5569033643
 203357.5392686358  240444.6028423779 -313311.9165778563 -663162.5568976293  532678.3473356155

cov*(cov_.inverse()):
     1.000000000007276 -1.818989403545856e-12  1.455191522836685e-11                      0  7.275957614183426e-12
                     0      1.000000000027285 -1.091393642127514e-11  7.275957614183426e-12  3.637978807091713e-12
 1.818989403545856e-12 -3.637978807091713e-12       1.00000000001819 -7.275957614183426e-12  7.275957614183426e-12
 3.637978807091713e-12  2.546585164964199e-11 -7.275957614183426e-12      1.000000000007276 -7.275957614183426e-12
 3.637978807091713e-12  1.818989403545856e-12 -3.637978807091713e-12 -7.275957614183426e-12      1.000000000007276
