5
1

                  nan
5.718080475725053e-09
0.0001386086080303035
  0.04318395020006708
   0.8040558776518718

 -0.2373162638087652 -0.08192290033637653   0.8382580314147595  -0.4825307399438803 -0.03817312025743154
 -0.5734302318139217   0.4137180568219013   0.1447025853512807   0.5009463527450125  -0.4776285713454198
  0.2052230206664267  -0.7406696347870922    0.270396715081082   0.5155428012176007  -0.2653172449709444
  -0.669066532071329   -0.344850448321373  -0.1068678972758932   0.1519879334287837   0.6315908996957367
  0.3536838243746429   0.3932081741989729   0.4380062825650985   0.4767935872947937     0.54873805742531

0.5771584510803223
0.5980998687446117
0.6214719489216805
 0.638845871668309
0.6738123474642634

-0.2187139056334903

-1007.912157778311 -210.7759002517973  986.8160494268681  1636.524816483424 -1409.549269927846

-5.951111921074294e-15  6.953266662432487e-14  2.754621372351721e-05  0.0001138173032727897    -0.2057145374103164

cov:
0.08170767297584723 0.09034072622876654  0.1002872723110984  0.1088333492273846  0.1246856665582217
0.09034072622876654  0.1001797775307429  0.1114149068608723  0.1211086088489951  0.1390892929217007
 0.1002872723110984  0.1114149068608723  0.1240531266431024  0.1349850814878242  0.1552622724007524
 0.1088333492273846  0.1211086088489951  0.1349850814878242  0.1470146334709825  0.1693274339213499
 0.1246856665582217  0.1390892929217007  0.1552622724007524  0.1693274339213499  0.1954155165330748

cov.inverse():
 1.884888029608829e+17 -8.681915187003611e+16 -1.987596094102149e+17 -3.066296935657086e+16  1.260171831934909e+17
-1.145833296895073e+17   4.94696479871377e+16  1.309991246050741e+17       9624920352191424 -7.452214958571109e+16
-1.133889680337454e+17  6.239980404615609e+16  8.828984194393474e+16  4.616643971886814e+16 -8.221707318659094e+16
-1.063245434860045e+17  3.995850764631346e+16   1.39838753448437e+17      -7271284459111958 -6.540477909202779e+16
  1.43510370732929e+17  -6.40174418964774e+16 -1.577393676392252e+17 -1.766578752399908e+16  9.463286211674368e+16

cov*(cov_.inverse()):
   6    0   -4 -0.5    0
   4    3   -4 -0.5   -2
   4    2   -4    0   -2
   8    2   -8  0.5    0
   4    0   -4  0.5    0
