5
1

0.0009385845750918306
 0.001134792217302328
 0.001514360673136845
  0.05436171496351241
    0.607850634264999

  0.1167118887687667  -0.2922570627179911  -0.2076852224689255   0.8178688658920489  -0.4346510219520549
 -0.4107182959778716   0.7596704768561718  -0.4673790835327197   0.1791015333884917 -0.06075097493996433
  0.5522028668262312 -0.09760434068227317  -0.7308749446231922 -0.09936745527776746   0.3761559659270833
 -0.5818912670672584   -0.380469414714499 -0.08733405924494222   0.2748088417301985   0.6584059844657968
  0.4173288434182483   0.4280221875456389   0.4434165288552003    0.462189753543793   0.4820747422101331

0.4016823178543599
0.4015692674293143
0.4014533422238227
0.4011652778898483
0.4008720860759536

0.003651955673803008

 3.233912591075919  6.979148370261602 -6.802513856450113 -4.488249935873595  1.079341276673197

-3.86682396394862e-06 8.091669312988565e-06 1.588871327193672e-05  -0.01319735252043929  -0.08631540702320885

cov:
0.06535184679379254 0.06665286451046222 0.06852238449535411 0.07079495556178467 0.07320210006468081
0.06665286451046222 0.06811890587203616 0.07022279898943784 0.07278476924078482   0.075498193285402
0.06852238449535411 0.07022279898943784 0.07267105413691415 0.07565165750217855 0.07881008086021403
0.07079495556178467 0.07278476924078482 0.07565165750217855 0.07915242483684738 0.08285866226534648
0.07320210006468081   0.075498193285402 0.07881008086021403 0.08285866226534648 0.08714781997317463

cov.inverse():
 279538.2917646481 -304437.2703235546  -54418.8945844229  27252.42782593452  52236.89638232421
-304437.2703236203   549305.727006846 -175696.7534277892 -161482.7726384048  92265.98487512786
-54418.89458418434 -175696.7534283624  451528.0589420839 -226158.0809947474  4619.255337406681
  27252.4278256482 -161482.7726374987 -226158.0809955305  788553.7057609095 -428217.7788568802
 52236.89638243788  92265.98487472945   4619.25533785486 -428217.7788570439  279166.3952045521

cov*(cov_.inverse()):
     1.000000000002728  7.275957614183426e-12 -4.661160346586257e-12 -7.275957614183426e-12                      0
 7.275957614183426e-12      1.000000000002728 -5.059064278611913e-12                      0 -3.637978807091713e-12
 4.547473508864641e-12  1.818989403545856e-12     0.9999999999890292                      0 -3.637978807091713e-12
 1.818989403545856e-12  3.637978807091713e-12 -5.286437954055145e-12      1.000000000014552                      0
 1.818989403545856e-12 -2.728484105318785e-12 -3.069544618483633e-12                      0      0.999999999996362
