5
1

0.001455705686332079
0.002541960565943399
 0.00446742960406837
 0.08626218739522064
  0.5697496797282171

   0.1302082531455466   -0.1207012471629312    0.2891896103462949   -0.7975199526452508    0.4988068906366208
  -0.3039454558930511  0.009289835085342858    0.8228403328794563  -0.05120319591290414   -0.4773288993149097
   0.4166292533091859   -0.8526075978835137    0.1782857039728516    0.2601701511600732 -0.002459577724803029
  -0.7495000130586014   -0.2732903596156213   0.05354219349263269    0.2729911029157427    0.5349497182083249
   0.3941227808271659    0.4286228776790495    0.4523832414330644    0.4681105724454567    0.4870026254533886

0.4000781457420477
0.4001142678208499
0.4000761146167722
0.4000354569118613
0.3999468683962211

0.0007145877397900731

   5.147400297659775   -4.983855088411696 -0.02650455456564163    1.545471296901658   -1.683484053604204

-1.712535759818661e-06 -5.868357210165725e-06  0.0001356207225590941   -0.02214517156464549   -0.07007993331031466

cov:
0.05460747256465261 0.05635421518349445 0.05757836174161717 0.05836868317935174 0.05932372300779406
0.05635421518349445  0.0602077263793557 0.06283143468771599 0.06457225395020058 0.06667223607555815
0.05757836174161717 0.06283143468771599 0.06645911027783924 0.06885108304040789  0.0717273485881802
0.05836868317935174 0.06457225395020058 0.06885108304040789 0.07168927186100858  0.0750887464214593
0.05932372300779406 0.06667223607555815  0.0717273485881802  0.0750887464214593 0.07912082001158899

cov.inverse():
 31071.28697845326 -25624.01250460773 -17219.19269397866 -41191.38731409489   52997.9651580314
-25624.01250458646  43322.62480783168 -22906.81139811293  34228.61724631954 -29011.87781754495
-17219.19269401234 -22906.81139808095  145842.8612014261 -113030.8064219111  7269.575463449191
 -41191.3873140989  34228.61724636529 -113030.8064219774  303956.3463431819 -183956.2956558527
 52997.96515804774 -29011.87781760133  7269.575463513755 -183956.2956558772  152714.1708572212

cov*(cov_.inverse()):
     1.000000000000455  2.273736754432321e-13  2.330580173293129e-12  1.818989403545856e-12  1.818989403545856e-12
 9.094947017729282e-13     0.9999999999997726  1.989519660128281e-12 -3.637978807091713e-12  1.818989403545856e-12
                     0                      0      1.000000000001705 -1.818989403545856e-12  3.637978807091713e-12
 4.547473508864641e-13  4.547473508864641e-13  1.250555214937776e-12                      1                      0
                     0 -4.547473508864641e-13 -3.410605131648481e-13                      0                      1
