5
1

0.0007820889155495827
0.0008672197333402986
 0.001296533325173959
  0.06858663168703281
   0.6550505356455574

  0.201105418719291 -0.4941632227935284 0.09469444171824454  0.6850953005837964 -0.4868641613691852
-0.4258735490302977  0.5858820607703791 -0.4586838521514623  0.4813393813735251 -0.1824704217626529
 0.5073798646731963 -0.1802384317739546  -0.760291321679476 0.07830442935741322  0.3548313728487933
 -0.598763469060473 -0.4572749700495137 0.01637754198073552  0.2696890436646559  0.5994843665441134
 0.4027856897171921  0.4134714374459858  0.4498121483249537  0.4691407732517001  0.4943490919051871

0.4025334025060767
0.4019978879552754
0.4006585815569264
0.3998723978383856
0.3988415198635741

0.01149651445339499

   0.9208205541938351     1.219239284977756     2.043343911067262 -0.004717117980379271    -4.178598151493185

 1.105489319508944e-06  1.091467881121277e-07 -4.688560281432443e-06   -0.01684873432954056    -0.1174698608153111

cov:
0.07130128071937185 0.07274859681877509 0.07769522190654195 0.08032281759136645 0.08375099998590782
0.07274859681877509  0.0743409410036089 0.07976907282038691 0.08265338722546935 0.08641633255222345
0.07769522190654195 0.07976907282038691 0.08682083621285322 0.09056961633321313 0.09546030070950881
0.08032281759136645 0.08265338722546935 0.09056961633321313 0.09478261134598097   0.100274851488341
0.08375099998590782 0.08641633255222345 0.09546030070950881   0.100274851488341  0.1065527057456902

cov.inverse():
  460499.399978986 -548583.0058744601  61390.05201237361  -23717.5702566404  50277.55230595872
 -548583.005877517  875022.4763824209 -352312.2670645175 -186934.9967083672  213085.6822397951
 61390.05201899781 -352312.2670714043  638278.3984843822 -222918.2290645063 -124568.3970353801
-23717.57025855966 -186934.9967072994 -222918.2290625003  1079073.385389204 -645534.7589356857
 50277.55230431004  213085.6822425569 -124568.3970376469  -645534.758934531  506776.0587008981

cov*(cov_.inverse()):
     1.000000000007276  1.091393642127514e-11 -7.275957614183426e-12 -7.275957614183426e-12                      0
 6.366462912410498e-12      0.999999999992724    1.2732925824821e-11 -1.455191522836685e-11                      0
 1.364242052659392e-11  1.091393642127514e-11      0.999999999996362 -1.455191522836685e-11  7.275957614183426e-12
 2.728484105318785e-12 -7.275957614183426e-12 -3.637978807091713e-12                      1                      0
 4.547473508864641e-12                      0  1.818989403545856e-12                      0                      1
