6
1

0.001217766870634724
0.001278577287198273
 0.00231974808351858
0.002511825136314526
 0.08821369359295492
  0.6125159338529684

   0.1166472986260446   -0.1239953182747213   -0.5816505004483314     0.764272546759361   0.04142137730221574   -0.2165017502694847
   0.2258656671283934   -0.3258255453890461    0.2048943024725783    0.2289914933073653   -0.7553755028976374    0.4216769910889801
  -0.4240493928480423    0.7473487651585282   -0.2594233015442978   0.07377338342708981    -0.368553726739793    0.2303847318313784
   0.4678116171187996 0.0004952157637700405   -0.6184385849748157   -0.4164602833457332    0.1041485213742874    0.4630331307320567
  -0.6323798768993988   -0.4156309649641492  -0.08126732724150808     0.108366727879827    0.3124868546383253    0.5579882003640926
   0.3698759288497887    0.3836448278788889    0.4041409517677053    0.4157226754036327    0.4282117709784894    0.4432695238275341

0.3997761144332233
0.3999976581201343
0.3997901966885192
0.3997729813471518
0.3997412833096339
0.3996427583094357

0.001042507101870485

 4.238727355604125 -1.502415276225004  1.011149709664026 -6.342737099457366  6.436504219310391 -3.837592396224613

-5.423960578222322e-06 -1.026391803268783e-05  -3.71671910263393e-05  1.824491917798692e-05   -0.02299914255959129   -0.06815598572986092

cov:
0.05444149234393497 0.05528127069021547  0.0564806831948555 0.05715475692066846  0.0578854397646429  0.0587669609533248
0.05528127069021547 0.05656710398745059 0.05843151737615396 0.05948627144428632 0.06062257481231757 0.06199770710961443
 0.0564806831948555 0.05843151737615396 0.06133216278715738 0.06296589918179413 0.06472933997199747 0.06685558167779709
0.05715475692066846 0.05948627144428632 0.06296589918179413 0.06493333912874827 0.06705064941988527 0.06960566082957302
 0.0578854397646429 0.06062257481231757 0.06472933997199747 0.06705064941988527 0.06955582337247655 0.07256947753668083
 0.0587669609533248 0.06199770710961443 0.06685558167779709 0.06960566082957302 0.07256947753668083 0.07614231155403471

cov.inverse():
 108536.1426502985 -113592.1753356352 -42847.98350188104  55054.07420127773 -64367.96620634889  57363.85450342631
 -113592.175335739  179123.1920589047 -28276.43826495885 -99336.45653322268  95898.16756509428 -33939.37877621967
-42847.98350191778 -28276.43826493357  326945.3081960226  -233800.390579623 -103366.1444542748  81269.65172195993
 55054.07420155178  -99336.4565333464  -233800.390579415  454463.1709506966 -96385.43191762475  -79908.7361404702
-64367.96620634254  95898.16756475063  -103366.144454735 -96385.43191624257  377168.2722426708 -209004.5007488171
 57363.85450328636 -33939.37877588113  81269.65172220059 -79908.73614149423 -209004.5007482324  184262.6254629131

cov*(cov_.inverse()):
                     1                      0 -9.094947017729282e-13  3.637978807091713e-12 -1.818989403545856e-12  1.818989403545856e-12
-9.094947017729282e-13     0.9999999999986358 -1.818989403545856e-12 -9.094947017729282e-13 -3.637978807091713e-12 -1.818989403545856e-12
-1.364242052659392e-12  4.547473508864641e-13      0.999999999998181                      0 -1.818989403545856e-12                      0
-4.547473508864641e-13  4.547473508864641e-13  7.275957614183426e-12     0.9999999999972715 -1.818989403545856e-12  3.637978807091713e-12
-9.094947017729282e-13                      0  9.094947017729282e-13 -1.818989403545856e-12      1.000000000001819                      0
                     0 -4.547473508864641e-13 -9.094947017729282e-13  2.728484105318785e-12                      0                      1
