6
1

0.0006490751880068178
0.0009651467948200045
 0.001218732339367908
  0.00189818421663265
  0.07505088030618225
    0.593056822861079

-0.06027403948738282 -0.04192567406849596   0.5796194097826605  -0.7730405713544164  0.05463784050845372    0.240984645248584
  0.1112493810217696   0.2479795197197057  -0.4503832962594211  -0.3846457724296983    0.718667474626936  -0.2425887675422318
 -0.1260065658534074   0.6879208941621956  -0.3620281558925528  -0.1996021975763664  -0.4124554813101313    0.412143472273755
  0.6854828774941819  -0.4354753336807935  -0.3521261316307935  -0.1752384349445743  -0.1317937446531303   0.4103700106356625
 -0.5939384172628047  -0.3453356841484902  -0.2165078619477736   0.1122760702994331   0.3366730197205224   0.5959447367820567
  0.3813965677737927   0.3932146208343072   0.3990781549173959   0.4138845762661088   0.4239032081710559   0.4355010607926687

0.3823979074077228
0.3810231778425525
0.3802750702219532
0.3783544488520715
0.3770754108621356
0.3755785388806824

0.02066346576281372

  2.909063619986042   1.663336742074164  0.6364784918729565 -0.9229034723958804  -5.984115933291373   1.701048297858522

 3.876987448495429e-07 -3.641087312691577e-06   5.79378863985292e-06  9.707145460830047e-06   -0.01996541615623228   -0.05637776334720637

cov:
0.05315055614504203 0.05390127796904171 0.05425716122839848 0.05514386667076086 0.05573733463196262 0.05642681322976028
0.05390127796904171 0.05505476727310372 0.05561372891399056  0.0570218509287887  0.0579708969294257 0.05907032449971587
0.05425716122839848 0.05561372891399056 0.05628054504192301 0.05795718399807415 0.05908956683317955 0.06040060159243772
0.05514386667076086  0.0570218509287887 0.05795718399807415 0.06032073803657005 0.06192043188443939 0.06377239417235468
0.05573733463196262  0.0579708969294257 0.05908956683317955 0.06192043188443939 0.06384055082131899 0.06605998733913385
0.05642681322976028 0.05907032449971587 0.06040060159243772 0.06377239417235468 0.06605998733913385 0.06870831367762281

cov.inverse():
  163074.206424869  -105557.184146808 -172968.7610121532  48242.00228559515    87895.312323613 -20403.85763405661
-105557.1841476263  441451.9476703844 -302680.1606229141 -96740.95185725311  10760.99061075043  52688.53976956023
 -172968.761010533 -302680.1606278768  1137857.895552616 -811794.6464736989 -158905.4478112974  308253.3798426724
 48242.00228502489 -96740.95185192516 -811794.6464810167  1612631.619590126 -335168.1791109283 -417342.6782497675
 87895.31232257161  10760.99061260829  -158905.447808232 -335168.1791171308  680920.8462913145 -285328.9091032195
-20403.85763324665  52688.53976651932  308253.3798435814 -417342.6782461249 -285328.9091055397  362184.2905179957

cov*(cov_.inverse()):
    0.9999999999997726  4.547473508864641e-12 -3.637978807091713e-12  1.091393642127514e-11 -5.456968210637569e-12  3.637978807091713e-12
-2.955857780762017e-12     0.9999999999995453  3.637978807091713e-12                      0 -1.091393642127514e-11  7.275957614183426e-12
-9.094947017729282e-13  6.366462912410498e-12      0.999999999996362  7.275957614183426e-12 -3.637978807091713e-12  3.637978807091713e-12
-2.046363078989089e-12  6.821210263296962e-12 -7.275957614183426e-12                      1                      0 -3.637978807091713e-12
-1.364242052659392e-12  3.637978807091713e-12                      0  1.455191522836685e-11     0.9999999999890861                      0
-4.547473508864641e-13  4.092726157978177e-12 -3.637978807091713e-12  3.637978807091713e-12                      0                      1
