8
1

0.0006637898936573719
0.0008226429167797713
0.0009055690412089376
 0.001281571904228522
 0.001423779062240927
 0.001787764751265881
   0.1118197804360129
    0.794529200806584

-0.02798401777538257 -0.02656853701298965 -0.02211457227898358   0.6854652537384609  -0.6523106048152184 -0.01259311914484935  -0.1963495882802071   0.2528605674642084
-0.04307277323717169  0.04770391670703393 -0.06380534110439255   0.1238570460763883  -0.2866615229015884  -0.1430998921978557   0.8178820680877175  -0.4526299790795055
-0.06137201438365399  -0.0799232862949273   0.6066436236884306  -0.3847523006058797  -0.4606698652961656   0.5011966002579581 -0.02182405599061078 -0.09951823377130217
 0.08094817479867217   0.1545875811496007  -0.6266400861026691  0.02164732497517988 -0.04607028223066929   0.7186805335963434 -0.07390500536336216  -0.2287302744912422
 -0.4925543907609526  -0.2287219183464188   0.2710940628846967   0.4719791048270902   0.3820169175633815   0.1923637707528806  -0.1457265992455067  -0.4523750684495905
  0.5675991337172857   -0.806061708992729 -0.01749806900573023  0.09370328296000206  0.06405207777004936  0.08501360961338504  0.06827066733956275 -0.05493988112063346
 -0.5752619575421546  -0.4044126354783371  -0.2202723485535104  -0.1297982167563545  0.01959686595957163   0.1729782839743392   0.3348621746376253   0.5456357905917117
  0.3022210706623947   0.3180167021762435   0.3353020423131031     0.34336820011528   0.3571459355919079   0.3708253927096059   0.3854188901642244   0.4044579200255611

0.4036586583576998
0.4032254076717173
0.4015442461603944
0.4009431489740625
0.4002740958146185
0.3994052033730869
0.3985088521177661
0.3973348825005487

0.0130359038460745

 0.9892544955778598  0.3196506634668408 -0.2132835561503447  0.3868153890977848  0.1480921271344625   1.792232440436738  0.1594379034423372  -3.579209181424614

-3.621118805877337e-07  1.005431464433611e-06  6.710356017427419e-07  3.875515785221716e-06  3.165635163193816e-06  2.279447012353848e-06    -0.0286110598765842    -0.1305226508786163

cov:
0.06179860701967746 0.06358053192227238 0.06555461429534389 0.06644287036561539 0.06799693521863741 0.06950378605604685 0.07112379871466068 0.07324018980776548
0.06358053192227238 0.06589112389974094 0.06842762728865669 0.06958931371415017   0.071599955148971 0.07357076301559927  0.0756819804045155 0.07843876268985152
0.06555461429534389 0.06842762728865669 0.07158060640986955 0.07303770060488608 0.07554256043172967 0.07801519731460017 0.08065864738802961 0.08410810191227766
0.06644287036561539 0.06958931371415017 0.07303770060488608 0.07464007912463275  0.0773835724878542 0.08009955900078246 0.08299995371155301 0.08678450224130159
0.06799693521863741   0.071599955148971 0.07554256043172967  0.0773835724878542 0.08052690053432672 0.08364784999398378 0.08697759467147634 0.09132163631899774
0.06950378605604685 0.07357076301559927 0.07801519731460017 0.08009955900078246 0.08364784999398378 0.08718307597942164 0.09094807119351267 0.09586060975074888
0.07112379871466068  0.0756819804045155 0.08065864738802961 0.08299995371155301 0.08697759467147634 0.09094807119351267 0.09517731396369006  0.1006914748879228
0.07324018980776548 0.07843876268985152 0.08410810191227766 0.08678450224130159 0.09132163631899774 0.09586060975074888  0.1006914748879228   0.106991410389597

cov.inverse():
 233608.9186374267 -75304.40546233006 -139786.7839413495 -119590.4841957874  10431.72880435425  -23831.0873507662  5922.739453940193  109059.9251674398
-75304.40546227212  256413.8545104851 -147435.5555005202  -69946.8766683657  430.2163223501859 -33681.90735745707  63877.19735425142  5897.146044999849
-139786.7839429715 -147435.5554988449  731333.7330025646 -276356.3624838695  -212703.699553005  135945.3365658276 -75072.84471194756 -16572.61219959308
-119590.4841956821 -69946.87667402532 -276356.3624807881  1382484.551998145  -760908.643445085 -224180.7906544247 -178437.1126337415  247268.2364399921
 10431.72880699624  430.2163277254136  -212703.699554797 -760908.6434574923  1420490.068452925 -184494.0541045749 -67522.59812791721  -206646.495745108
-23831.08735071833    -33681.90735672    135945.33656307 -224180.7906586139 -184494.0540968344  671930.2304010119 -225017.7539535905 -116806.5596264254
 5922.739452554357  63877.19735187586 -75072.84471353577 -178437.1126090795 -67522.59814963699 -225017.7539541291  1091806.861782998 -615408.7522400187
 109059.9251675937   5897.14604530036 -16572.61219647976  247268.2364294709 -206646.4957373261 -116806.5596243042 -615408.7522429744  593697.7980553671

cov*(cov_.inverse()):
    0.9999999999990905 -3.353761712787673e-12  3.410605131648481e-12 -3.637978807091713e-12  1.091393642127514e-11  1.818989403545856e-12  7.275957614183426e-12                      0
                     0     0.9999999999970441 -8.185452315956354e-12  1.818989403545856e-11 -3.637978807091713e-12 -5.456968210637569e-12                      0                      0
                     0 -7.389644451905042e-13      0.999999999998181 -7.275957614183426e-12  2.546585164964199e-11 -1.818989403545856e-12  7.275957614183426e-12 -7.275957614183426e-12
                     0 -3.012701199622825e-12 -5.456968210637569e-12      0.999999999996362  1.455191522836685e-11  1.818989403545856e-12                      0  7.275957614183426e-12
 1.818989403545856e-12 -4.661160346586257e-12 -5.002220859751105e-12 -2.182787284255028e-11      1.000000000007276 -5.456968210637569e-12                      0                      0
                     0 -4.206412995699793e-12  -7.73070496506989e-12                      0  1.818989403545856e-11      1.000000000003638                      0 -7.275957614183426e-12
                     0 -4.320099833421409e-12 -1.364242052659392e-12  7.275957614183426e-12 -3.637978807091713e-12  1.818989403545856e-12                      1  7.275957614183426e-12
                     0 -1.591615728102624e-12 -3.183231456205249e-12                      0  7.275957614183426e-12 -7.275957614183426e-12                      0      0.999999999992724
