5
1

0.001016719151644795
0.001278623802081363
0.001985952046015121
 0.06649826458896833
  0.5826814797441489

    0.14849039611878   0.1457235984548403  -0.8299495469229329   0.5172532951878765  0.01865511440767667
 0.06537394444112975   -0.607612562263088   0.2899520150089441   0.6313306571578075  -0.3793186679999253
  0.4648827242483456  -0.6234221053868328  -0.1620112196311446  -0.2379314012865888   0.5589006568308139
 -0.7704121136506399  -0.1691222457502043 0.002478743760199898   0.2525775891784204   0.5604116865367371
   0.405001330225577   0.4385363742506592   0.4481716179073289   0.4620214710125415   0.4788926103004033

0.4019789294211452
0.4014572615007292
0.4013533827321206
0.4012472875836713
0.4009704546961063

0.003536533389838528

  3.666968340791168   -0.55077307992438  0.7249165696523542  -3.460353288473394 -0.3753504047325102

 -1.99949619317136e-06 -2.056150893489024e-06  1.003423177399307e-05     -0.016867749815516   -0.07130890172059064

cov:
0.05831526221883521 0.06087597422518238 0.06161705542199069  0.0626695542209748 0.06394197657391669
0.06087597422518238 0.06542269818858476  0.0667267910182965 0.06860191873203864  0.0708826294818814
0.06161705542199069  0.0667267910182965 0.06819575952984812 0.07030497952054018 0.07287494290175921
 0.0626695542209748 0.06860191873203864 0.07030497952054018     0.0727580094684 0.07574625511987094
0.06394197657391669  0.0708826294818814 0.07287494290175921 0.07574625511987094 0.07925460922669667

cov.inverse():
 78875.06121773616 -76817.08929164782 -126721.6620233416  71458.28948035958  53292.87547633451
-76817.08929196485  344915.8638096269 -199151.4015455584 -124120.1057641652  55240.61506347556
-126721.6620230479 -199151.4015472942  724428.1881090023   -293548.04491438 -105208.8865877088
 71458.28948057753 -124120.1057623896 -293548.0449172212  516989.7190192287 -170828.7136229629
 53292.87547613944  55240.61506311908 -105208.8865863088 -170828.7136238116  167617.6970800887

cov*(cov_.inverse()):
    0.9999999999990905  9.094947017729282e-13 -2.728484105318785e-12  1.818989403545856e-12 -1.818989403545856e-12
                     0      1.000000000005002 -3.637978807091713e-12 -3.637978807091713e-12  1.818989403545856e-12
                     0 -9.094947017729282e-13      1.000000000002728                      0                      0
-9.094947017729282e-13  6.366462912410498e-12 -3.637978807091713e-12      0.999999999998181  1.818989403545856e-12
                     0                      0  1.818989403545856e-12 -3.637978807091713e-12      1.000000000001819
