5
1

0.001774623234433081
0.002162369781257726
0.002984479863941846
 0.09659673161615298
  0.5682409951734267

  0.4303369918462489  -0.8093475301686163   0.3986001641844873 -0.02818886611215871 0.009483975858940513
 -0.4979612356922862  -0.0320479789120249   0.5191550028666727   0.4959072684119369  -0.4853468851555366
  0.2805325578298587  -0.1734475582369548  -0.6007549506801224   0.6987770624398698  -0.2049915480704151
 -0.5697448926957187  -0.3703578449101596  -0.1376812744240987   0.2197589871715329   0.6862766775805109
  0.4043969861919273   0.4203338122406471   0.4378736667314955   0.4655082958753478   0.5013494213624621

0.4002256709021659
0.4004459060193415
0.4001019678436647
0.4000234379252113
0.3997571681706652

0.001595036994409142

   3.940922318474695 -0.03378568624059074   -3.279589443110834    1.073923689490131   -1.701097029107159

 1.164034251601437e-06 -1.078142028369638e-05     3.723880213443e-05    -0.0253119012009257    -0.0676385826475185

cov:
0.05583706644588513 0.05685418933569306 0.05790684376822806 0.05961782500165521 0.06181787341849086
0.05685418933569306 0.05833196611118112 0.05990597968918494 0.06242053409077866 0.06567432993091987
0.05790684376822806 0.05990597968918494 0.06209213531507313   0.065532605483267 0.07000329571448168
0.05961782500165521 0.06242053409077866   0.065532605483267  0.0704274347501912 0.07676348888469656
0.06181787341849086 0.06567432993091987 0.07000329571448168 0.07676348888469656 0.08555688678303229

cov.inverse():
 120705.6700430305 -112620.6028905717 -19733.19070978601 -34668.94375333207  46486.17326185343
-112620.6028905227  211609.7635809632 -94291.56622106115  -9769.89719529198  4854.413802404712
-19733.19070988843 -94291.56622097103  148613.0238150209  4359.609481277515 -38870.75718862384
-34668.94375326221  -9769.89719531948  4359.609481206285  107672.8643609579 -67624.47942562685
 46486.17326183702  4854.413802390973 -38870.75718856475 -67624.47942565578  55175.98307104518

cov*(cov_.inverse()):
    0.9999999999986358   1.13686837721616e-13 -9.094947017729282e-13                      0 -4.547473508864641e-13
-9.094947017729282e-13      1.000000000000796                      0  9.094947017729282e-13 -4.547473508864641e-13
-9.094947017729282e-13  1.932676241267473e-12     0.9999999999990905  9.094947017729282e-13                      0
 4.547473508864641e-13  -1.70530256582424e-13  9.094947017729282e-13     0.9999999999990905                      0
-9.094947017729282e-13  -1.70530256582424e-13                      0                      0     0.9999999999990905
