7
1

                  nan
                  nan
2.697414524011393e-09
5.448259844392693e-09
 7.33468751028012e-09
  0.06511189566351502
   0.9527104250663361

                   0  -0.4384964441447944   0.3628156318798545    0.581026584698403  -0.1746563914665384  -0.5202690053103988   0.1931556383927707
  0.7485506096915241  -0.4967722235902087  -0.3156062774447297  -0.1860427760290088 -0.04283492138891005  0.08753835426706909   0.2217483072458651
                  -0  -0.1582009697447731   -0.310490502458367   0.2352341338734364    0.804466793834279  -0.2225998247163623   -0.355690172720613
                   0  -0.2700211007081668   0.6733617714894042  -0.5921211100758877   0.3357996288620696  -0.0924236946227868 -0.04197130924655244
                  -0  -0.3764558096375354   0.2181927826821707   0.2769532011241734  -0.1537079388802217   0.6173012009585425  -0.5738318169838331
  -0.608145713008364  -0.4815456176974626  -0.2428096890141719 -0.06594551729094654   0.1255589117987732   0.2987640668295579   0.4795229353590501
   0.264255135200806   0.2989885050504304   0.3352199755192947   0.3752356589674617   0.4102937124752067   0.4395948555439028   0.4754117143092483

0.4877419819434484
0.4952724774678548
0.5096020648876826
0.5245364407698313
0.5349747681369384
0.5414955584953228
0.5571570234994093

-0.1346277170110418

  -4.46572150039279   1.198578016051556  0.2912704316925179   1.941339678574886   2.144052536445429 -0.6586895648044593   -2.05457411257552

-2.594681041555505e-17  1.913672016539692e-17  2.021904904848288e-17 -1.216833347885003e-17   3.18919907772284e-17   0.004354409386391814    -0.3469638549563441

cov:
0.06495036745061153  0.0729548634528083 0.08102956706786152 0.09017144783101422 0.09808647933243292  0.1046678786882297  0.1127926169078061
 0.0729548634528083 0.08212231326994945 0.09146738631279611  0.1019657292309307  0.1110887865317087  0.1186868976334011  0.1280378162912028
0.08102956706786152 0.09146738631279611  0.1022455915576591  0.1142388907990534  0.1247086869451054   0.133445695218619  0.1441574306458349
0.09017144783101422  0.1019657292309307  0.1142388907990534   0.127818197894841  0.1397049158380054  0.1496360306470939  0.1617841907723964
0.09808647933243292  0.1110887865317087  0.1247086869451054  0.1397049158380054  0.1528626866993445  0.1638668084698547  0.1773014429629774
 0.1046678786882297  0.1186868976334011   0.133445695218619  0.1496360306470939  0.1638668084698547  0.1757773925078501  0.1902973240759455
 0.1127926169078061  0.1280378162912028  0.1441574306458349  0.1617841907723964  0.1773014429629774  0.1902973240759455  0.2061201636067195

cov.inverse():
-6.263880471425567e+16   7.86638131545129e+16  5.271985931053477e+16 -6.850270969450806e+16       2444396360423239 -5.324294829376155e+16  4.936219360583336e+16
 5.567866750747647e+16 -6.292283255114852e+16 -3.547271992307364e+16      -6146913533201659  8.011066697148533e+16       5663911280940328 -3.588719719341194e+16
 1.675711179748969e+17 -2.142724924496675e+17 -1.188790626115136e+17  3.353379681293385e+17 -3.112310343127336e+17  2.141898673114174e+17 -6.869260795602058e+16
 -1.93644655939502e+17  2.329095897791379e+17  1.309130122140938e+17 -3.228603158676211e+17  2.838152946152708e+17 -1.894491119158208e+17  5.391448009132583e+16
 5.108029532555428e+16 -4.222338741197476e+16 -8.068246925321539e+16  1.335222234122936e+17 -1.176409956450311e+17  6.796975151449659e+16 -1.165650546040055e+16
-1.025044650595068e+17  9.408796166512053e+16  1.092737932449474e+17 -1.734044967891413e+17  1.639166271574604e+17 -1.223243657267809e+17  2.926327762903607e+16
 8.518311296735803e+16 -8.745739526465528e+16  -5.79094681162043e+16  1.054268577703609e+17 -1.063381820775132e+17  7.898252708806491e+16 -1.598456661228037e+16

cov*(cov_.inverse()):
   0   -4   -2   10   -6   -1 -0.5
  -2   -2   -1    6   -2    0 1.25
  -4    2    1    6    0   -4    2
 -10    8    4    4    6  -10  2.5
  -6    0   -2    0    0   -4    2
 -12    6    4   -4    4   -8  3.5
  -2    0    2    8   -4   -4  1.5
