5
1

                  nan
                  nan
                  nan
6.968397497107366e-10
   0.0942983327637502

                   0  -0.8772797329311557 -0.06061003430842247   0.1338258634955892   0.4569434671696625
  -0.975237872113521  0.08246492831226443  0.09843375861501615   0.1165576409120112    0.137243360145008
                   0 -0.08538189388786174  -0.2959426999021957   0.8388443104755384   -0.448851950372882
                   0   0.2899188521596284   -0.842998239541215 -0.02584625626847236   0.4523637898083361
  0.2211585241302987   0.3636437778173293   0.4340611770373666    0.513981661564311   0.6051990219950582

-0.0004313616082072258
 -0.006755121983587742
  -0.01008721254765987
  -0.01213677600026131
  -0.01673675887286663

0.04947400279816738

 -3.696268785404834 -0.7153284515496672    2.02426792683947  -6.326265878443108   3.869300002771425

-1.45105722738132e-18 -9.06910767113325e-19  1.45105722738132e-18                     0 -0.009859804688020913

cov:
0.0004349260240679104  0.000715134734621147 0.0008536162134084157  0.001010786273724092  0.001190172549040075
 0.000715134734621147  0.001175872815975262   0.00140357341355324  0.001662003038717934  0.001956962064606762
0.0008536162134084157   0.00140357341355324  0.001675366842798873  0.001983839788365568    0.0023359158302645
 0.001010786273724092  0.001662003038717934  0.001983839788365568  0.002349109583264453  0.002766010791170961
 0.001190172549040075  0.001956962064606762    0.0023359158302645  0.002766010791170961  0.003256900295916468

cov.inverse():
 nan  nan  nan  nan  nan
 nan  nan  nan  nan  nan
 nan  nan  nan  nan  nan
 nan  nan  nan  nan  nan
 inf  nan  nan  nan -inf

cov*(cov_.inverse()):
nan nan nan nan nan
nan nan nan nan nan
nan nan nan nan nan
nan nan nan nan nan
nan nan nan nan nan
