5
1

0.0008040219560673225
  0.00182735630031298
 0.002353769682615988
    0.115230520733577
   0.6504917308641122

-0.02452909867870021  -0.2530017005814914  -0.0152363091407198   0.8142694835364307  -0.5216526870303331
  -0.709218906243442   0.6329275099808288   0.2296874637347557  0.04955600951353487   -0.202975813979186
 -0.1268380446540298  -0.4633693188819831   0.8539679098447138  -0.1831093768422233 -0.08006715815546722
 -0.5752029708100783  -0.3941259466689617  -0.1820927890809406   0.2667592381008706    0.639912498382491
  0.3866012404849061   0.4066282320418528   0.4296423501088298   0.4793953223621445   0.5203657729446718

0.3677600594067082
0.3611088398980294
0.3536350237583264
0.3367176790346914
0.3232773179415522

0.08883763978624869

 1.366670316602542 0.2011421121538992 -1.638530593424044  5.335836978083582 -5.225228354000141

 4.532345289301762e-06  3.563219295163916e-07 -1.232410151885184e-05   -0.03302693142199858    -0.1078541675920307

cov:
 0.0676375799803562 0.06952779052977696 0.07167318766633178 0.07638508575540305  0.0802378445767558
0.06952779052977696  0.0720297636276965 0.07487569155578425 0.08108940973969782 0.08618542672417429
0.07167318766633178 0.07487569155578425 0.07855288546241478 0.08650760253031681 0.09305405656911959
0.07638508575540305 0.08108940973969782 0.08650760253031681 0.09819136195272188  0.1078231400955047
 0.0802378445767558 0.08618542672417429 0.09305405656911959  0.1078231400955047  0.1200154997220035

cov.inverse():
 154490.7620458072 -114201.6267505055 -67747.62193271382 -37241.03846628349  64709.53293618256
-114201.6267506954  257751.1962702152 -21918.98230407381  -293980.431936448  172364.7287526884
-67747.62193283945 -21918.98230440724  147791.0747365811 -44010.49233986205 -14016.43578750482
-37241.03846548014 -293980.4319363327 -44010.49234119486  1032446.370692105 -657425.7939664444
 64709.53293569457  172364.7287527165 -14016.43578663088 -657425.7939668579  434473.2027827853

cov*(cov_.inverse()):
     1.000000000001819                      0 -2.046363078989089e-12                      0  7.275957614183426e-12
 1.818989403545856e-12      0.999999999994543 -6.821210263296962e-13  7.275957614183426e-12  7.275957614183426e-12
-1.818989403545856e-12 -5.456968210637569e-12     0.9999999999979536  1.455191522836685e-11                      0
-9.094947017729282e-13                      0 -2.273736754432321e-12                      1  7.275957614183426e-12
                     0                      0 -1.364242052659392e-12                      0      1.000000000007276
