5
1

0.001627622018535903
0.001810033209019273
0.002743216119325998
  0.1046311879030322
  0.5613495112752407

 -0.5768642740425965   0.3005428411360357   0.6191469856510069  -0.4310005602990745  0.08830139951520473
 -0.3021859036792251   0.7621472604708943  -0.5567715818263607   0.1292417099117121 -0.03342482705939219
  0.2927734205979809  0.03969445190185927  -0.2953768479850661  -0.6607335412128494   0.6236118823998659
 -0.5734002991366369  -0.3915508012671859   -0.176183284342998   0.3633674331009753   0.5956707361091047
  0.4017550374198833   0.4170346202820898   0.4340211790020911   0.4784667109830287   0.4973632857908185

0.4001428730291028
0.4004947408059105
0.4004048525670583
0.4005653147310931
0.4007277360280551

-0.0008285198467462151

  1.870227046924657  0.8642195504441855 0.05099907131939367  -2.570353680501234 -0.2129386074064632

7.986266483627004e-07 -8.51712383735248e-07  1.60462188668715e-05  -0.02715665240973674  -0.06359591849754131

cov:
0.05446281520267674 0.05525268979912603 0.05605129130043942 0.05829116383127775 0.05922737385322326
0.05525268979912603 0.05648439689420989 0.05779032525874957 0.06131899544887535   0.062806859162781
0.05605129130043942 0.05779032525874957 0.05970177866585035 0.06473756223689954 0.06687219531124303
0.05829116383127775 0.06131899544887535 0.06473756223689954 0.07358832530543882 0.07735444704665495
0.05922737385322326   0.062806859162781 0.06687219531124303 0.07735444704665495  0.0818370938311055

cov.inverse():
 164908.1335810445 -134176.6108507354 -94949.41103327707  56206.79776199511  8086.377323318129
 -134176.610850742  211618.4655586852 -60831.60998360147 -22328.55063774052  5510.864344894194
-94949.41103326887 -60831.60998356887   250920.964371342 -96765.46711136159  1831.077849466305
 56206.79776199561 -22328.55063788212 -96765.46711118106  133246.2217065755 -70418.72095236731
 8086.377323316065  5510.864344996603   1831.07784932657 -70418.72095232808  54995.81963517188

cov*(cov_.inverse()):
     1.000000000000114  1.477928890381008e-12  2.842170943040401e-14                      0 -9.094947017729282e-13
 9.094947017729282e-13      1.000000000001194 -5.826450433232822e-13  1.818989403545856e-12 -9.094947017729282e-13
 1.932676241267473e-12  1.193711796076968e-12     0.9999999999986215  9.094947017729282e-13 -4.547473508864641e-13
 4.547473508864641e-13 -5.684341886080801e-14  5.968558980384842e-13      1.000000000000909 -9.094947017729282e-13
 1.591615728102624e-12   1.13686837721616e-12 -1.989519660128281e-13                      0                      1
