5
1

0.001111233894518395
 0.00162538729676867
0.003018984173625997
 0.06340729350561709
  0.5900442432429733

 -0.04370357382451429  -0.09955714754848673   -0.2566244531940849     0.848886036270201   -0.4491266630420396
  -0.5495023983017406    0.8081827933273525 -0.008025805808852003   -0.0453471724792725   -0.2068016131936256
   0.2705609372698447    0.2636772120202702   -0.8563200633559509  -0.02832435734604035    0.3509769037413644
  -0.6771695829705535   -0.2861646847416803    -0.052636626901467     0.248247975989504    0.6286123265031723
   0.4054321731421291    0.4307122566279238    0.4449997877150635    0.4635804186671934    0.4870113852197194

0.3987831444904547
0.3984357997488482
0.3983374283161207
0.3981893132091202
0.3979260204416276

0.002690032765172603

 2.962232048038966 -1.013861395402941  1.365649331222027  0.382690489556713 -3.691620126722927

 1.980540918908583e-06 -4.522958858502735e-06 -1.769820506659033e-05   -0.01613533580105656   -0.08649420531631877

cov:
 0.0590727007189672 0.06157452240813226   0.062953877202598 0.06475943533734045 0.06703244442132991
0.06157452240813226 0.06491838736376272 0.06678775767784539 0.06922958717689448 0.07230625013262251
  0.062953877202598 0.06678775767784539 0.06896067945756774 0.07176884666708859 0.07531591135786009
0.06475943533734045 0.06922958717689448 0.07176884666708859 0.07506895197022372 0.07922882285401828
0.06703244442132991 0.07230625013262251 0.07531591135786009 0.07922882285401828 0.08416496533343279

cov.inverse():
 123987.5411597034 -156699.5246818642 -14659.03993623665 -21493.87966566893  69223.11177114255
-156699.5246821388  262908.2219462964 -6534.417369714032 -83148.88603858507 -16943.17239204692
-14659.03993639397  -6534.41736952801  133811.8430963298 -173619.1046304879  60982.46280779671
-21493.87966472665 -83148.88603985951 -173619.1046305796  584445.4367139848 -306251.7917102199
 69223.11177063214 -16943.17239123237  60982.46280791749 -306251.7917106463  193155.4536387344

cov*(cov_.inverse()):
                     1  -1.13686837721616e-12                      0                      0  1.818989403545856e-12
 9.094947017729282e-13     0.9999999999956799 -1.818989403545856e-12  3.637978807091713e-12 -3.637978807091713e-12
 9.094947017729282e-13 -1.591615728102624e-12      0.999999999996362  3.637978807091713e-12 -1.818989403545856e-12
 9.094947017729282e-13  2.046363078989089e-12 -1.818989403545856e-12                      1                      0
                     0  6.821210263296962e-13 -9.094947017729282e-13                      0                      1
