6
1

0.001591037542968754
0.001799511877111746
0.001930712083543449
0.003034595829716158
  0.1059072127924104
  0.6115691634295383

  0.2745027135971089   -0.178324084600225  -0.6289327165511571   0.6955715994359625 -0.08228776217649968 -0.08186142794367622
  0.6466937652523469  -0.6097098296400477  0.08553560154977848  -0.3118542834051468  -0.1138325051947312   0.3041608541126189
 -0.1658981968439691  -0.5368453237099587   0.5718629559162857   0.4120070192045518   0.1320708138125828  -0.4123774516270493
  0.1070128401027164  -0.1025307442329303  -0.2903484167181864  -0.2656766621467547   0.8548786212828592  -0.3038617276221403
 -0.5782002527000099  -0.3919961168980766  -0.1710488284125433  0.07635187363826891   0.2232855707099167       0.653513393679
  0.3648916857456213   0.3795761237570355   0.3956515560158028   0.4156483786671428   0.4267953630045931   0.4596933908582219

0.3983600876118382
0.3985670673326251
0.3981644046332938
0.3978501226047869
0.3977731040755942
0.3974025505192063

0.002382448859506143

   2.182390460461615   0.7486921649482179 -0.09036948253521351   -2.029459215420086   0.7240001073776928   -1.533290868568097

-2.084088277185412e-06   3.33939685657278e-06 -3.443986481347539e-06  1.664061032466381e-05   -0.02843572555037384   -0.07279050125318964

cov:
 0.0535503738132426 0.05434393128070637 0.05510520114206381 0.05623002644285277 0.05679956222982825 0.05849926004188163
0.05434393128070637 0.05561357972830733 0.05692111145210428 0.05867273922592126 0.05960868279979384  0.0623888947915396
0.05510520114206381 0.05692111145210428 0.05887983853803416 0.06136170124423151  0.0627270378869513 0.06677194219092626
0.05623002644285277 0.05867273922592126 0.06136170124423151 0.06468469584885149 0.06653869166762688 0.07202302192842305
0.05679956222982825 0.05960868279979384  0.0627270378869513 0.06653869166762688 0.06869482999389352 0.07501423614439029
0.05849926004188163  0.0623888947915396 0.06677194219092626 0.07202302192842305 0.07501423614439029 0.08382856752149115

cov.inverse():
 167571.8809601702 -118378.2085862816 -79934.47684885243 -8278.938428580324 -27610.68963881559  66653.93373859755
-118378.2085864642  205831.2943685713 -50918.87026646905 -46662.46908297887 -1316.469885275126  11248.29571603275
-79934.47684885451 -50918.87026642739  255406.9833409322  -109471.456336917   10742.0492060478 -25319.31676314639
 -8278.93842833183 -46662.46908346179 -109471.4563366092  274363.9015029241 -21712.49855147835 -88592.91790197483
-27610.68963870098 -1316.469885229685  10742.04920572999 -21712.49855135191  90721.63657559258   -50836.416635783
   66653.933738419   11248.2957162465 -25319.31676309692 -88592.91790202881 -50836.41663581373  86901.52129538466

cov*(cov_.inverse()):
     1.000000000002728                      0   1.13686837721616e-12                      0 -4.547473508864641e-13                      0
                     0      1.000000000001705  9.094947017729282e-13  1.818989403545856e-12                      0 -1.818989403545856e-12
 2.728484105318785e-12  2.273736754432321e-13      1.000000000005457 -2.728484105318785e-12  4.547473508864641e-13                      0
 1.818989403545856e-12 -2.273736754432321e-13  6.821210263296962e-13      0.999999999998181 -4.547473508864641e-13 -9.094947017729282e-13
 9.094947017729282e-13  2.160049916710705e-12                      0  1.818989403545856e-12     0.9999999999995453 -9.094947017729282e-13
-9.094947017729282e-13  9.094947017729282e-13  1.818989403545856e-12  9.094947017729282e-13                      0     0.9999999999990905
