5
1

                  nan
4.005387198151334e-09
7.038883371343912e-09
  0.06250479119177361
   0.8233626628725328

                   0    0.287937064682153  -0.6185644543725691  -0.3261210462397607   0.6543052237056305
  0.6738711424759459  -0.7018361497217354  -0.1455207030566451  0.01484557611079008   0.1786813816091975
                   0 -0.08273581796835867   0.6048853562556959  -0.7576874258562739   0.2306041086186889
 -0.6728291861987715  -0.5461266414709093   0.0696969544000946   0.2457550213015824   0.4287113034749769
  0.3052844076222404   0.3455701688902085    0.474823947483103   0.5088603995928304   0.5504416421917216

0.4877419819434484
0.4952724774678548
0.5349747681369384
0.5414955584953228
0.5571570234994093

-0.1346277170110418

 -16.74523388086263   15.91399186766535   3.039557342045909 -0.7235541543531087  -3.458876268164753

-1.316722311513568e-17 -3.774023856113011e-16  1.350241130502656e-17   0.004402231985696014    -0.2993049869450593

cov:
0.06495036745061153  0.0729548634528083 0.09808647933243292  0.1046678786882297  0.1127926169078061
 0.0729548634528083 0.08212231326994945  0.1110887865317087  0.1186868976334011  0.1280378162912028
0.09808647933243292  0.1110887865317087  0.1528626866993445  0.1638668084698547  0.1773014429629774
 0.1046678786882297  0.1186868976334011  0.1638668084698547  0.1757773925078501  0.1902973240759455
 0.1127926169078061  0.1280378162912028  0.1773014429629774  0.1902973240759455  0.2061201636067195

cov.inverse():
 2.741614647675931e+16 -1.108492535755015e+16 -3.377361228063815e+16 -3.846542975999201e+16  5.644731243410472e+16
-1.516698771041895e+16      -5971020870199859  3.817743691000298e+16  4.795938018736094e+16  -6.51086988493613e+16
-8.111024995631894e+16   9.70148066475535e+16 -2.580472312839174e+16  1.666888947424064e+16      -9071199168829342
 7.798912003707856e+16 -9.400291996771274e+16  4.897154107155708e+16 -6.027780304266662e+16  2.924173587370274e+16
     -7813633494428228  1.311105659467263e+16 -2.824895932533566e+16  3.256978123632672e+16      -9638803967162616

cov*(cov_.inverse()):
2.375 -0.25  -0.5   0.5 0.625
1.875     2    -1  -0.5  1.25
-0.25     3     0     1  0.25
 0.75   1.5     0    -1  1.75
    0   0.5     0     0  0.75
