6
1

0.001015754892385596
0.001810198626640938
0.002006009161779032
 0.00259872586747516
  0.1065140032089745
  0.6223427783126756

0.009408180384939062 0.008824451922860089 -0.03979432813493383   -0.312230816508597   0.8168994958149886  -0.4831533479113926
  0.5269197260277434  -0.8015912546038522   0.2695498660422525 -0.06483717776337711  0.02063236185910073  0.05020337245514563
 -0.4904381320839134  -0.1593661993794455   0.6543532684973954   0.4030870555666831 -0.02996856066086919  -0.3775147203840751
  0.1258740188512299  -0.1780418895032428  -0.5552362648014825   0.7527966262697462   0.1099204531709511  -0.2557034232489552
 -0.5780091643145402  -0.3967328386446712  -0.1831887010843024  0.01584112851446498   0.3567065745763796   0.5894572408629558
  0.3630408577686292   0.3779948999778853     0.39463359108927   0.4109442557828417    0.438211499600281   0.4568161777153622

0.3992181325860265
0.3994863737244063
0.3993328989974085
0.3993608518199798
0.3993088587915776
0.3992832831845808

0.0003849686879205604

  2.547096950133041  0.3534673426350737  -1.820168668332954   1.360932365327113 -0.9754081082008957  -1.465484616471618

-4.273196253572146e-07  1.265562636810754e-06 -5.494910474170769e-06  1.729082028502791e-05   -0.02801432346437689   -0.07653851687551608

cov:
0.05483937682135583 0.05575010592288116 0.05668923977210722 0.05767853509998649  0.0592777608338418 0.06036787267969949
0.05575010592288116 0.05712711185943502 0.05859898954604779 0.06009051949442067 0.06254907443550506 0.06422578156616209
0.05668923977210722 0.05859898954604779  0.0607028351179579 0.06277635292308709 0.06623690764391138  0.0685973588916868
0.05767853509998649 0.06009051949442067 0.06277635292308709 0.06541457895700792 0.06981142445431676 0.07281242179897293
 0.0592777608338418 0.06254907443550506 0.06623690764391138 0.06981142445431676 0.07581931558692222  0.0799175745564228
0.06036787267969949 0.06422578156616209  0.0685973588916868 0.07281242179897293  0.0799175745564228 0.08476763428082308

cov.inverse():
 146964.2233137008 -112692.1479619406 -47107.82234225462 -48369.01481126423  16450.16234505859  44881.56380215356
-112692.1479620724  207184.0286984934 -77548.72870033197  -22619.6403087477  216.5451095367016  5258.517336093867
-47107.82234215277 -77548.72870039498  175764.8235440082   10363.1105363601 -43725.86894829171 -17609.00544217806
-48369.01481096002 -22619.64030928383  10363.11053678591  220061.5118978993 -238366.6951919099  78901.49534212891
 16450.16234453059  216.5451104049854 -43725.86894909749 -238366.6951912445  648938.1257696792 -383554.3474963992
 44881.56380240684   5258.51733569364 -17609.00544175941  78901.49534165666  -383554.347496198  272150.0812163221

cov*(cov_.inverse()):
     1.000000000000909 -3.410605131648481e-13 -2.501110429875553e-12 -9.094947017729282e-13                      0 -3.637978807091713e-12
                     0     0.9999999999991473  -1.13686837721616e-12  2.728484105318785e-12                      0                      0
 4.547473508864641e-13  3.410605131648481e-13     0.9999999999984084                      0                      0                      0
-4.547473508864641e-13   1.70530256582424e-13 -2.273736754432321e-13      1.000000000002728 -7.275957614183426e-12                      0
-2.728484105318785e-12  1.989519660128281e-12 -2.728484105318785e-12                      0                      1                      0
-4.547473508864641e-13   1.13686837721616e-13 -9.094947017729282e-13  1.818989403545856e-12                      0      0.999999999996362
