5
1

0.001487377799970281
0.002453688637363245
0.002661343852585442
 0.09461215166686858
  0.5653362445070818

 0.2212856104808143 -0.2018724337566267  0.2797451386122822 -0.7769024130848037   0.477959723249893
 0.5747448949368339  -0.503966081645885 -0.5487141284724919  0.2424348431772998  0.2362723985632111
 0.2069016901500614 -0.5783053212066582  0.6360038717390896  0.1706624183377009 -0.4348885606418354
-0.6472195803910149 -0.4459347944697328 0.09241278188861476  0.2944044693151257  0.5357563439014075
 0.3987474008814459  0.4146936502829178  0.4556472489919849  0.4710077863167597  0.4894557553245673

0.4000041160203907
0.4002523921425026
0.4000021602656537
0.3999580323919125
0.3998679172358657

0.0007082211195237964

 6.491111154862383 -5.433346223104246 -1.104272081917225  3.693424226524832 -3.641592900752728

-5.277750277096274e-06  4.280572833862825e-05  4.247419160684028e-05   -0.02456236429542495   -0.06736828945737494

cov:
0.05456914853235645 0.05543011960290296 0.05753222706518966 0.05832108742052392  0.0592735468856675
0.05543011960290296 0.05674680286736073 0.06002070754823985 0.06125023907943709 0.06273381767974318
0.05753222706518966 0.06002070754823985 0.06643591705485966 0.06883455831181923 0.07171880633770755
0.05832108742052392 0.06125023907943709 0.06883455831181923 0.07168160656080848  0.0750918476402682
 0.0592735468856675 0.06273381767974318 0.07171880633770755  0.0750918476402682 0.07913836921277076

cov.inverse():
 83092.52873503028 -85163.34961244928 -5827.531928684615 -49601.70717601464  57621.36201312949
-85163.34961237687  107847.7513099063  -31529.1667893777  36650.46620437763 -27909.14711579728
-5827.531928900517 -31529.16678928718  142495.7753845943 -105006.4440614186 -140.7096479851398
-49601.70717591254  36650.46620456612 -105006.4440621081  286713.7373949435 -168794.0014516994
 57621.36201317078 -27909.14711600385 -140.7096474207433 -168794.0014520985   139269.609938786

cov*(cov_.inverse()):
     1.000000000001364 -9.094947017729282e-13  1.140421090894961e-12 -5.456968210637569e-12  3.637978807091713e-12
 9.094947017729282e-13     0.9999999999995453 -5.027089855502709e-13 -3.637978807091713e-12  1.818989403545856e-12
-9.094947017729282e-13 -6.821210263296962e-13     0.9999999999992077  1.818989403545856e-12 -1.818989403545856e-12
                     0 -9.094947017729282e-13 -1.314504061156185e-13      0.999999999994543  3.637978807091713e-12
 9.094947017729282e-13 -9.094947017729282e-13   7.94031507211912e-13                      0                      1
