5
1

                  nan
3.690489410452792e-09
4.283562833534028e-09
  0.05996558602308821
   0.7939004077429196

                   0  0.01672240066026479   0.4984093226805689  -0.8137900460203858   0.2984196196287905
  0.7001624982046164  -0.6188865267520357  -0.2426004502051389 -0.06917570481932279   0.2512203943466511
                   0  -0.4883066720754602   0.6986927140042829   0.2493567517342677  -0.4595718613758386
   0.639574746685189   0.4993834184082073  0.04213314190487082   -0.168557317845191  -0.5580085785860012
  0.3173588182333172   0.3589883337191918   0.4503181746009301   0.4923110031537565   0.5703105947997974

0.4877419819434484
0.4952724774678548
0.5245364407698313
0.5349747681369384
0.5571570234994093

-0.1346277170110418

 0.977897408882297 -2.471557866416083  1.287687340348565 -3.138474275200434  1.898985421128147

-3.451723442388026e-17  3.535782762377715e-17  8.280054947960398e-18  -0.003902238194429152    -0.2893863901713708

cov:
0.06495036745061153  0.0729548634528083 0.09017144783101422 0.09808647933243292  0.1127926169078061
 0.0729548634528083 0.08212231326994945  0.1019657292309307  0.1110887865317087  0.1280378162912028
0.09017144783101422  0.1019657292309307   0.127818197894841  0.1397049158380054  0.1617841907723964
0.09808647933243292  0.1110887865317087  0.1397049158380054  0.1528626866993445  0.1773014429629774
 0.1127926169078061  0.1280378162912028  0.1617841907723964  0.1773014429629774  0.2061201636067195

cov.inverse():
-1.717468295256817e+16   4.12359756729948e+16       4716652687545399 -6.717863725967319e+16  3.786724454616966e+16
 4.593179222395858e+16 -7.935310486611107e+16     -867755913302903.8   7.75374959111624e+16  -4.18575715777491e+16
 -4.11929372999999e+16  6.099762870359035e+16 -3.753124487396342e+16   1.71439533143531e+16     -637635638228010.6
     -9159123055748708      -3588462699560202  4.590571054825572e+16  -3.32317426360199e+16     -204938346006472.2
 2.107733054711093e+16 -1.806289915050932e+16 -1.207103964869442e+16       3725680856090320       5956242520569749

cov*(cov_.inverse()):
    1.5       0    0.25  -0.875  -0.125
      0     0.5       0 -2.6875     0.5
      1    -0.5       0   -0.75  -0.125
   -0.5       0      -1  -0.875   0.875
      0     0.5    -0.5    -1.5     0.5
