5
1

0.0005952522866390235
0.0006878993249580445
 0.001818936479000181
  0.03962914710930972
   0.5913821358185469

  0.1830676634387381   0.4048012120183699  -0.8727567237263197   0.1305473762805469   0.1545163198121989
-0.06820178118679929    -0.32925656725096  -0.1022739096976955   0.8628456426366401   -0.363285114398008
  0.6948652280579359  -0.6590398941797064  -0.1384197672288586  -0.1193713830285572   0.2223042367336991
 -0.5364363118770671   -0.313709157031967  -0.1009565522150572   0.1471191632387364   0.7628803146410355
  0.4373021218582775   0.4415643490415265   0.4455148607968148   0.4500679995856324   0.4612408095907851

0.4028175402812461
0.4029702104677833
0.4029371886602606
0.4029243610766688
0.4028453512820773

0.0008152869760201737

0.7192816656179991  6.159127373710799 -9.008404314439153  11.58232532568385 -9.455703866826555

 3.733889238520606e-06  5.807750577117717e-06 -1.917957051040297e-05   -0.01086474902454381   -0.04466299590885547

cov:
0.06733404532796973 0.06779517790964396 0.06822123669857066 0.06870867343757499 0.06989950529720608
0.06779517790964396 0.06834668521722016 0.06885059022009478 0.06943146178081311 0.07085295585097603
0.06822123669857066 0.06885059022009478 0.06943253800413353 0.07010227000982959 0.07174538568167656
0.06870867343757499 0.06943146178081311 0.07010227000982959 0.07087670012497996 0.07277697490756276
0.06989950529720608 0.07085295585097603 0.07174538568167656 0.07277697490756276 0.07531746725229477

cov.inverse():
 250535.4937215285  118296.2633096744 -465219.0721713755 -82030.54469937463  178621.3763062424
 118296.2633125788  822904.7474344823 -898331.1918856533 -427474.3919307563  384868.5830896983
-465219.0721653482 -898331.1918552526   2177634.32666122 -503059.4766540288 -311429.2781072343
-82030.54471290778 -427474.3919672772 -503059.4765881732   1625737.84910309 -613434.9633780227
 178621.3763108454  384868.5830987238 -311429.2781366758 -613434.9633622065  361588.5270136906

cov*(cov_.inverse()):
                     1 -3.637978807091713e-12  1.455191522836685e-11 -7.275957614183426e-12  3.637978807091713e-12
                     0                      1 -1.091393642127514e-11                      0 -7.275957614183426e-12
 5.456968210637569e-12  7.275957614183426e-12                      1 -2.182787284255028e-11  1.091393642127514e-11
                     0 -1.455191522836685e-11  2.182787284255028e-11      0.999999999992724                      0
 1.818989403545856e-12                      0 -3.637978807091713e-12 -7.275957614183426e-12      1.000000000007276
