5
1

0.001086856057631744
0.002051983326047013
0.003881786723542972
 0.09172641558794951
   0.555953030227645

 -0.03126864368963572   0.03131819161647613   -0.2414358434516037    0.7954732554335709   -0.5540509689391523
   0.7031668430265323   -0.5543429721066057   -0.3982331966276345   0.06071908862566964    0.1896938942726414
-0.001660442224575412   -0.6110185152850891    0.7517346898756926   0.09155188397933361    -0.230579325802977
  -0.5812706838677418   -0.3733835316046507   -0.1637728524378459    0.3625990186532787    0.6036634284751875
   0.4082894779411512    0.4230415493248075    0.4372556042435784    0.4729436503198861    0.4893540537556559

0.3970160725272534
0.3969470899478152
0.3966364366358672
0.3959138737177242
0.3955601128996114

0.004591031451732487

 4.672391702101571 -6.067546130329323  3.860620249237252  1.179996325573999 -3.642835725024272

1.994853488923177e-06 1.891489054429892e-05 0.0001137621164152398   -0.0240115259255983  -0.06046376073057305

cov:
0.05436923585998962 0.05521046795146312 0.05597952398405209 0.05791023266144435 0.05880263048437154
0.05521046795146312     0.0564948390846 0.05768197798209961 0.06069980009724771 0.06209084589817622
0.05597952398405209 0.05768197798209961 0.05932940891769391 0.06341874576174417 0.06530093608500112
0.05791023266144435 0.06069980009724771 0.06341874576174417  0.0702416386941031  0.0733742611894022
0.05880263048437154 0.06209084589817622 0.06530093608500112  0.0733742611894022 0.07708284473935462

cov.inverse():
 118295.8921433435 -93309.38061407099 -60184.04038840994 -10951.27296558138  46328.91389501192
-93309.38061405781  98605.22414232016  15552.52720139724  9368.351645235605 -30339.24372122011
-60184.04038825617  15552.52720121787  124517.7129375076 -163767.7254665516  83786.77498037466
-10951.27296612485  9368.351645871611 -163767.7254665231  537130.2596725934 -371743.8751796122
 46328.91389538848 -30339.24372166376  83786.77498032054 -371743.8751794904  271987.9465809911

cov*(cov_.inverse()):
    0.9999999999990905                      0 -1.818989403545856e-12                      0 -3.637978807091713e-12
                     0      1.000000000000227  1.818989403545856e-12 -3.637978807091713e-12  3.637978807091713e-12
-4.547473508864641e-13 -2.273736754432321e-13      1.000000000000909  3.637978807091713e-12                      0
-4.547473508864641e-13 -4.547473508864641e-13 -9.094947017729282e-13      0.999999999996362                      0
-4.547473508864641e-13  4.547473508864641e-13  9.094947017729282e-13                      0      0.999999999996362
