5
1

0.0006641317845769407
0.0009957713595395278
 0.001251170911366694
  0.05748877077906123
   0.5489258444309197

-0.07913706125056107    0.532647589642145  -0.8013581029251798   0.1135104082826943   0.2344449804809034
 -0.3979657650180283   0.4738605307275987   0.3344099794209989  -0.6640211699723931   0.2536243260894256
  0.5569893473342786  -0.3584407531374258  -0.2133678546821208  -0.5002580706554606   0.5152660621260002
 -0.5882002969765457  -0.4221339465963183 0.001692067848427226   0.2910079357439772   0.6254077549952073
  0.4232538871683022   0.4301928640601371   0.4477348010089786   0.4596167067438864   0.4733669586652759

0.3811282200058947
0.3803770749871497
0.3784469138230352
0.3771606995367587
0.3756581273350576

0.02077317505521931

 3.520168334577326  3.722944505864438 -1.730327058657272 -7.558110318469481  2.043208430932218

1.196250355325669e-06 5.276653152577136e-06 9.125257814997986e-06  -0.01509277116461121  -0.05721003153480374

cov:
0.05512364476046789 0.05568461213215808 0.05709813728142466 0.05805118068618555 0.05915526806042626
0.05568461213215808 0.05635346272120446 0.05803559071205387 0.05917206110337517 0.06048780162104603
0.05709813728142466 0.05803559071205387 0.06040494253005389 0.06200900475230223 0.06386586098408105
0.05805118068618555 0.05917206110337517 0.06200900475230223 0.06393373082610203 0.06615824607791929
0.05915526806042626 0.06048780162104603 0.06386586098408105 0.06615824607791929  0.0688117586723348

cov.inverse():
 372209.1082195195 -413212.8048633478 -66353.87661635492  68094.67747164813  39367.21978667573
-413212.8048611948  951820.2685203064  -759070.315170738 -65744.68034995695  286265.4726928325
-66353.87662071889 -759070.3151647516  1597808.752272451   -361990.20872866 -410643.7459476728
 68094.67747304168  -65744.6803533034 -361990.2087257509  633780.9155142058  -274116.306580322
  39367.2197874929  286265.4726923451 -410643.7459489589 -274116.3065793656  359209.2888166762

cov*(cov_.inverse()):
    0.9999999999972715 -3.637978807091713e-12  7.275957614183426e-12  1.818989403545856e-12                      0
-1.364242052659392e-12      1.000000000003638                      0  3.637978807091713e-12                      0
-2.728484105318785e-12 -3.637978807091713e-12      1.000000000003638  1.091393642127514e-11                      0
-2.728484105318785e-12 -3.637978807091713e-12  3.637978807091713e-12      1.000000000007276                      0
-1.818989403545856e-12                      0 -3.637978807091713e-12                      0                      1
