6
1

0.0008924099384415762
0.0009990629113218901
 0.001558419274758692
 0.003020971116741187
  0.09500988635415679
   0.6317702089373075

-0.009182054389676387   0.07472897988073787   -0.4357298121170825   0.07132447066845761    0.7637126507720287   -0.4648941892626825
  0.07403071221908286    0.3332792779256526     -0.73760412184535    0.4020735568476157   -0.3318020874057645    0.2600553127077488
 -0.05209852413796227    0.5873507112461874   -0.1111697196943607   -0.7575997651045441   0.09460871744281635    0.2388262249035614
   0.5673293930935731   -0.5657581454341096   -0.2888896787247647   -0.2865027677573558    0.1702705645285305    0.4043784527591047
  -0.7385363165057482   -0.2573080386306743  -0.09029561825969344   0.07095490699004763    0.2874107119486136    0.5408917337254111
   0.3527355330022271    0.3899614578402976      0.40262940595744    0.4149383519545036    0.4313960708445206    0.4506893173265296

0.3996099137094829
0.3992709924198048
0.3991411546516107
0.3989937786661928
0.3987424385765094
0.3984751401032973

0.002920720715272067

  1.714293467851392 -0.2895904882733231 -0.2328470897366696   3.310846129080624  -2.555049542087872  -1.945997076638774

-5.944452862729412e-07  1.871539868985708e-06 -8.374782861682386e-06  -8.82383318026725e-06   -0.02457595215897487   -0.08280800195463972

cov:
0.05458767563407102  0.0566145387308585 0.05728606997595506 0.05794419866731781 0.05882041470469039 0.05984805424241995
 0.0566145387308585 0.06129774228707099 0.06287873645585421 0.06441952364506204 0.06647700850941327  0.0688903023286888
0.05728606997595506 0.06287873645585421 0.06477880717982124 0.06662461070996267 0.06909184946490887 0.07198505578208628
0.05794419866731781 0.06441952364506204 0.06662461070996267 0.06876811762011119 0.07162939919234514 0.07498631154534105
0.05882041470469039 0.06647700850941327 0.06909184946490887 0.07162939919234514 0.07502631340295128  0.0790054048803512
0.05984805424241995  0.0688903023286888 0.07198505578208628 0.07498631154534105  0.0790054048803512 0.08371516874101653

cov.inverse():
 42042.74467757614 -23890.55986963191 -65250.26283843373  27435.21173843944 -24882.73420040941  44619.15862984559
-23890.55986953045  295421.1606519202 -296149.2483466459 -24511.95153381326 -26811.10777936967  75885.33796973457
-65250.26283849345  -296149.248345457  797715.3780907635 -292404.1195808329 -182373.1353552587  38441.01836021556
 27435.21173837066 -24511.95153404475 -292404.1195811304   413675.290320392  -100116.689463003 -24067.39509737755
 -24882.7342004529 -26811.10778139052 -182373.1353512633 -100116.6894648194  849542.1716692501 -515398.7473127411
 44619.15862991632  75885.33797089929  38441.01835764677 -24067.39509615863 -515398.7473126269  380572.5989722067

cov*(cov_.inverse()):
     1.000000000000455 -4.547473508864641e-12 -5.002220859751105e-12  -1.13686837721616e-12                      0                      0
 1.364242052659392e-12                      1 -2.273736754432321e-12 -4.547473508864641e-12                      0                      0
-4.547473508864641e-13 -7.275957614183426e-12      1.000000000006366 -4.547473508864641e-12 -7.275957614183426e-12  7.275957614183426e-12
 9.094947017729282e-13 -9.094947017729282e-13  3.637978807091713e-12     0.9999999999993179 -7.275957614183426e-12  7.275957614183426e-12
 9.094947017729282e-13 -4.547473508864641e-12 -3.637978807091713e-12 -4.547473508864641e-12      0.999999999992724                      0
 4.547473508864641e-13  9.094947017729282e-13  4.547473508864641e-13                      0                      0                      1
