5
1

0.001777854028398106
0.001811016649998552
0.002934656406527228
  0.1041585757516612
  0.5618484198694444

    0.38579164427965  -0.7315906499577821   0.5410901203630185 -0.05215644880343526  -0.1429724259852326
 -0.5572280791000193   0.2566549458573487   0.6358098011117405   0.1173244918560626  -0.4534379417852347
 0.02312651028468358  -0.2078343760151355  -0.3101901929282936   0.8547278031682291  -0.3598506125752363
 -0.6195731775844855  -0.4313374319365342  0.04235202975738351   0.1908043721066392   0.6260008742714986
  0.3952921921900597   0.4118934954792397   0.4527203642893934   0.4653479800484103   0.5025767209073797

 0.398398011083018
0.3985811434566036
0.3978005662142534
0.3977026025733132
0.3972732801582496

0.0027321170413802

 2.159518808839587 0.7234593954996299  -2.06750326873955 0.7289918607052585 -1.542256792831334

-1.998800874317874e-06 -5.074994472921646e-06  1.480415601751655e-05   -0.02781639529787832   -0.06952369933751625

cov:
 0.0534919877117077  0.0542953830600879 0.05620670972697948 0.05678502157318553 0.05850595399077173
 0.0542953830600879 0.05557676702920167 0.05866612661472714 0.05961217385383474  0.0624181658540776
0.05620670972697948 0.05866612661472714 0.06472166191428505 0.06658930104739834  0.0721115928415892
0.05678502157318553 0.05961217385383474 0.06658930104739834 0.06876004912997037 0.07512060836047421
0.05850595399077173  0.0624181658540776  0.0721115928415892 0.07512060836047421 0.08398724278171833

cov.inverse():
 141858.2271504439 -133433.4316538837 -42814.06323320019 -24014.31710319354  58586.03520635404
-133433.4316538277  194451.4199752215 -68001.68279329492  619.4809428915115  6269.084327473731
-42814.06323331834 -68001.68279313657  227058.5165638978 -16968.16866943856 -99413.60067665215
-24014.31710317112  619.4809428392861 -16968.16866939178  89889.99722522314 -49563.19318899297
 58586.03520639375  6269.084327423546 -99413.60067665862 -49563.19318897599   84228.9073871782

cov*(cov_.inverse()):
     1.000000000003183 -2.501110429875553e-12  9.094947017729282e-13                      0  1.818989403545856e-12
 2.728484105318785e-12      1.000000000000114  9.094947017729282e-13                      0  1.818989403545856e-12
 1.818989403545856e-12 -9.663381206337363e-13      0.999999999998181                      0  9.094947017729282e-13
 1.818989403545856e-12 -2.387423592153937e-12  9.094947017729282e-13      1.000000000000909                      0
 9.094947017729282e-13 -1.250555214937776e-12                      0                      0      1.000000000000909
