5
1

0.001036230724997827
0.001945785710253426
0.002865751693057213
 0.07968224663826735
  0.5890051418890956

-0.01402699246843605   0.1308906860814728   0.2483776106157513  -0.8361210826125656   0.4710424285932354
  0.6343438452051616  -0.6704533544406801  -0.2426435878689477 -0.01976659769086817    0.298049587235717
0.004219319154234302   0.4536714753419582  -0.8219369011764737  0.02044408956130055    0.343753050158614
 -0.6612088966569659  -0.3889718890451785  0.02942352958162726   0.2828746034525836   0.5749955470634586
  0.4002450772466456   0.4198130414958987   0.4505403846518857    0.469121321994718   0.4904074177430934

0.4004902341316974
0.4001618979942746
0.4001014437385835
0.3999744992604414
0.3998606966503587

0.001436406836097844

 3.609074619895032 -2.081146779210748  3.324789537134987 -3.770492426838889 -1.086579041788546

 3.375451311530652e-06  9.952256591315961e-06 -3.377236109473051e-05   -0.02012951920399574   -0.08080315074853665

cov:
0.05835377188794495 0.05992487582494579  0.0624360261594156 0.06395264362538378 0.06568271879341062
0.05992487582494579   0.062107509938835 0.06554365207819819 0.06762633981067984 0.07000567783690435
 0.0624360261594156 0.06554365207819819 0.07043289124821661  0.0733783470728761 0.07675791042269504
0.06395264362538378 0.06762633981067984  0.0733783470728761 0.07685871880763537 0.08084656875769754
0.06568271879341062 0.07000567783690435 0.07675791042269504 0.08084656875769754 0.08553649810739525

cov.inverse():
 106536.6580302546 -113767.7318387909 -44323.47243945127  7592.235619831414  43901.03457477078
-113767.7318387838  159767.4012559209  27838.73176231892 -97308.36851414805   23594.0632187284
-44323.47243956929   27838.7317625347  155266.3482452566 -194182.8241849956  55455.99353216145
 7592.235620028399 -97308.36851452061 -194182.8241847811  651233.9308671163 -367463.0364866019
 43901.03457468509  23594.06321889186  55455.99353204502 -367463.0364865632  244541.0114610059

cov*(cov_.inverse()):
    0.9999999999986358  6.821210263296962e-13  3.637978807091713e-12 -1.455191522836685e-11  3.637978807091713e-12
-1.818989403545856e-12      1.000000000000455  1.818989403545856e-12 -3.637978807091713e-12                      0
-1.818989403545856e-12  1.364242052659392e-12      1.000000000001819 -1.091393642127514e-11                      0
-4.547473508864641e-13  4.547473508864641e-13  9.094947017729282e-13      0.999999999996362 -7.275957614183426e-12
-4.547473508864641e-13  -1.13686837721616e-12                      0                      0                      1
