5
1

0.001605774959105213
0.001823902079902498
0.001973968038456499
  0.1026791684692515
  0.5533505358773705

  0.205143611749158 -0.1624240966105609 -0.6117813074303452  0.7288825555947691  -0.161209067447244
-0.6147140454333316   0.736805238050504 -0.1435814046193073  0.1811521660103174 -0.1606641108824403
 0.3341601702933169  0.3546563828638152 -0.6301375881024027 -0.4561742743097127  0.3967209122317481
-0.5512774668424933 -0.3572957639915103 -0.1273128047041065  0.1304821756374254  0.7315727873456922
 0.4055525564544797  0.4210641769959315  0.4379795451219444  0.4591225829757672  0.5055813037093138

0.3983242950155951
  0.39855115334262
 0.398174190507105
0.3978876948171413
0.3975042291107532

0.002100146546746006

 2.399322859450479  0.763230360988792 -0.171710718133486 -1.862757948256567 -1.125981849475727

-1.812501732070704e-06 -3.474415918360158e-06  6.170910383955815e-06   -0.02783697741061934   -0.06286064802126365

cov:
0.05356696495413531 0.05436280360392119 0.05512692613671469 0.05625438038657158 0.05853129835361107
0.05436280360392119 0.05563546475095463 0.05694666765691263 0.05870197605817087 0.06242825097418856
0.05512692613671469 0.05694666765691263 0.05891000323907076 0.06139672741681636 0.06681986393397175
0.05625438038657158 0.05870197605817087 0.06139672741681636  0.0647261035704088 0.07208086804604663
0.05853129835361107 0.06242825097418856 0.06681986393397175 0.07208086804604663 0.08391109236057366

cov.inverse():
  158598.072923835 -118640.0468627869 -76172.81424512612 -14612.17811409109  50847.33069647979
-118640.0468628125  205717.4567390695 -50613.55284865158 -47314.21923914511  10654.32046735766
-76172.81424500726 -50613.55284881689  253255.1774817933 -106984.2441368481 -18981.40011667239
-14612.17811421409 -47314.21923896421 -106984.2441368938  269309.1888525172 -100753.7087294006
 50847.33069650996  10654.32046731597 -18981.40011667317 -100753.7087293883  58281.43030906205

cov*(cov_.inverse()):
     1.000000000000909 -4.547473508864641e-13  4.547473508864641e-13 -9.094947017729282e-13 -9.094947017729282e-13
 1.364242052659392e-12     0.9999999999979536  2.046363078989089e-12 -4.547473508864641e-12 -4.547473508864641e-13
-4.547473508864641e-13 -4.547473508864641e-13      1.000000000000909 -2.728484105318785e-12                      0
 9.094947017729282e-13 -2.273736754432321e-13 -2.501110429875553e-12      1.000000000001819                      0
                     0  3.410605131648481e-13 -9.094947017729282e-13                      0                      1
