7
1

0.0006654481914568561
0.0008258386425489863
0.0009160946186247701
 0.001298680121961842
 0.001456205277743229
   0.1010943337706896
   0.7529970826095749

 0.03415827890961368  0.04563200456641547  -0.6869777019715213    0.657307944357329  0.02016605118182685   0.1765877498874659  -0.2473235378795743
 0.03460752319257916 -0.01021822659480514 -0.08571571911803236   0.3020436415175835   0.1082861053539179  -0.8177698933732985   0.4686649999499781
 0.07839613003863825   -0.565851672027798   0.4078329025887552   0.4681082209041226  -0.5265759122987271  0.09536616269542943  0.04284918605797714
-0.08252029418914308   0.5863584209853022  -0.1175300333048089 -0.03823538986737704  -0.7294535855497077  0.06943841694837509   0.3117286034357452
   0.644501322594918  -0.3475494456020244  -0.4126529147123185  -0.3361690086116667 -0.08899916409973237   0.1589198454696481   0.3838737151317567
 -0.6847679484686524  -0.2975400087120523  -0.1988135501530131 -0.03589176860034211   0.1314827238047397   0.3081062424443249   0.5380804678630196
  0.3168452005092475   0.3528290258536474   0.3616133454152272   0.3766043440840759   0.3915024482846651    0.407391452326998   0.4281165628915147

0.4027968012786619
0.4007631676244132
0.4001879306877202
0.3995539356579543
0.3987223243396443
0.3978661928629191
0.3967468722010419

0.01247414269167705

   1.086583323588271 -0.05627981715776764   0.4399359252497435   0.1936745978096196    1.860962942539973    0.107698870943002   -3.629784586901081

 3.604136150567818e-07 -1.042616282205043e-06 -6.194266009331272e-07 -4.491827803790175e-06 -2.266153802217378e-06   -0.02551927066479509    -0.1276195819560927

cov:
0.06171525199012542   0.065468385403243 0.06635564768223041 0.06790876052506771 0.06941425030451258 0.07103292449041292 0.07314709524340113
  0.065468385403243  0.0714913403170931 0.07294735346836469 0.07545098056661839 0.07792206065996048 0.08056397724292029 0.08401091105056988
0.06635564768223041 0.07294735346836469   0.074548615012668 0.07729078358114859 0.08000513705366451 0.08290392680282822  0.0866858387438996
0.06790876052506771 0.07545098056661839 0.07729078358114859 0.08043258029342318  0.0835517243766388  0.0868796875473149 0.09122083973298771
0.06941425030451258 0.07792206065996048 0.08000513705366451  0.0835517243766388  0.0870849953205118 0.09084806356071218 0.09575750460409314
0.07103292449041292 0.08056397724292029 0.08290392680282822  0.0868796875473149 0.09084806356071218 0.09507522889876995  0.1005860881254202
0.07314709524340113 0.08401091105056988  0.0866858387438996 0.09122083973298771 0.09575750460409314  0.1005860881254202  0.1068824300704581

cov.inverse():
 211683.4930403063 -184158.3338692274 -138899.0502564808  9458.477743048186 -33507.21475379444  25916.87440178997   110090.474362506
-184158.3338683028  647208.2693845037   -317711.86296474 -210608.1792327711  116479.2160406305 -35765.48386431761 -15953.82732440653
-138899.0502601612 -317711.8629580918  1363213.310967454 -762120.2300530346 -232640.5166361976 -160599.8406227394  249175.3628664204
 9458.477745171973  -210608.179237645 -762120.2300507973  1424714.379971937 -185178.6070705962 -73622.77465104028 -203582.7374294322
-33507.21475252239  116479.2160405464 -232640.5166319997 -185178.6070789972  667743.6182231646 -218335.6070793212 -114665.4436512168
  25916.8744026683 -35765.48386838488 -160599.8406311375 -73622.77463544978  -218335.607080403  1076589.582637691 -614095.8029680629
 110090.4743609849 -15953.82732110205  249175.3628713593 -203582.7374371402 -114665.4436531596 -614095.8029651331  589517.6724122488

cov*(cov_.inverse()):
     1.000000000000909  4.547473508864641e-13  3.637978807091713e-12                      0                      0  7.275957614183426e-12 -7.275957614183426e-12
 1.818989403545856e-12     0.9999999999936335 -1.091393642127514e-11  1.455191522836685e-11 -5.456968210637569e-12  7.275957614183426e-12 -7.275957614183426e-12
-1.818989403545856e-12  4.092726157978177e-12      1.000000000003638  3.637978807091713e-12 -3.637978807091713e-12  7.275957614183426e-12 -7.275957614183426e-12
                     0  2.955857780762017e-12 -7.275957614183426e-12                      1  9.094947017729282e-12  7.275957614183426e-12 -1.455191522836685e-11
 1.818989403545856e-12 -3.183231456205249e-12 -3.637978807091713e-12  2.182787284255028e-11      0.999999999996362  1.455191522836685e-11 -7.275957614183426e-12
 1.818989403545856e-12 -6.821210263296962e-12 -7.275957614183426e-12  1.818989403545856e-11  3.637978807091713e-12                      1 -7.275957614183426e-12
                     0  2.273736754432321e-13                      0  1.091393642127514e-11 -1.818989403545856e-12                      0      0.999999999992724
