5
1

0.001067051111893456
0.001261027433789494
0.002124858956514291
 0.06402030620712297
  0.5702964064595858

 -0.04168436067895952    0.6204049912173197   -0.6070499046657486   -0.3354839859274845    0.3637320021374768
     -0.1139373446674   0.03966870064224671    0.6022732580077884   -0.7556115151205701    0.2275144755512905
   0.5551490291333049   -0.5984161828485701   -0.2616950150074367   -0.1782310688309708    0.4831739156669395
  -0.7134664592921094   -0.2587732731810719 -0.007235142414232312    0.2670343641191715    0.5938369352322665
   0.4099461702253829    0.4341180786999019     0.447460286247275    0.4619827571308736    0.4794130323726192

0.3999004499021966
0.3996945546632273
0.3996681323363188
0.3996150380663465
0.3995376701602361

0.0009532910109834684

 2.307951744587349  2.952302413603633 -7.895629666496054  9.800122113529495 -7.166868933216707

 7.217064030190389e-07 -2.216220403341456e-05 -1.638381696852792e-05   -0.01636357375722354   -0.06947077444429245

cov:
0.05674589338093836 0.05863616503912742 0.05968033164991729 0.06081503347997212 0.06218481934679711
0.05863616503912742   0.061570380606283  0.0631856647507545 0.06494510520962533  0.0670582747380483
0.05968033164991729  0.0631856647507545 0.06512090095314708 0.06722465191207844 0.06975128457668063
0.06081503347997212 0.06494510520962533 0.06722465191207844 0.06970835584424717  0.0726830244020666
0.06218481934679711  0.0670582747380483 0.06975128457668063  0.0726830244020666 0.07619830385680455

cov.inverse():
 78073.26296057209 -99088.65625970124  -53103.8346634066  44461.35806500739  29688.55181675061
-99088.65625986218  418369.2279191407    -281062.3333033 -178043.2897558675  139791.4991530688
 -53103.8346631996 -281062.3333029437  566927.4740227003 -96986.74788450271 -135761.8392775674
 44461.35806504687 -178043.2897571676 -96986.74788274393  464947.2634684828 -234314.5164695091
 29688.55181666489  139791.4991538517 -135761.8392787625 -234314.5164690111  200541.1622480302

cov*(cov_.inverse()):
     1.000000000001364 -1.818989403545856e-12                      0 -3.637978807091713e-12  3.637978807091713e-12
  1.13686837721616e-12      0.999999999996362  1.818989403545856e-12 -1.818989403545856e-12                      0
 4.547473508864641e-13 -3.637978807091713e-12      1.000000000005457 -7.275957614183426e-12  1.818989403545856e-12
 9.094947017729282e-13 -1.818989403545856e-12  3.637978807091713e-12      0.999999999996362  1.818989403545856e-12
 2.273736754432321e-12 -1.818989403545856e-12                      0                      0      1.000000000001819
