6
1

                  nan
                  nan
1.495621211054472e-10
4.557938996844135e-10
8.099428889636204e-10
  0.09526985266955078

                  0  0.5618635727182207 -0.1876474735431194 -0.4104941749123741 -0.4156352199673042  0.5548329907377006
                  0  0.2906120226798596 -0.7846718185502918 0.05234905611032434  0.5309593393572836 -0.1231931236739071
-0.9898024413959119 0.03150335213829538 0.05179993866630212 0.06183068079128019 0.07321510821507753 0.08620874089587161
                  0   0.409044740930666  0.4525647366755883 -0.5654299366682689  0.4151864483110698 -0.3684789802592234
                  0 -0.6193749147711023  -0.109667337062405 -0.5662455209497214  0.3298069262256891  0.4182597178212029
 0.1424469269822706  0.2189032471196863   0.359935499082025  0.4296348127467686  0.5087403034490825  0.5990274695011267

  0.002573478501290083
-0.0004313616082072258
 -0.006755121983587742
  -0.01008721254765987
  -0.01213677600026131
  -0.01673675887286663

0.04947400279816738

 -12.19535609896079  -1.852985860265284   8.571602351121513 -0.5827902723317947  -6.251065003219582   2.321490439123723

-7.255286136906599e-19  2.085894764360647e-18  2.720732301339975e-19                      0   -3.6276430684533e-19  -0.009961386510742179

cov:
0.0001841692656549476 0.0002830194453863782 0.0004653596813452786 0.0005554737447809001 0.0006577490303244955 0.0007744810751789339
0.0002830194453863782 0.0004349260240679104  0.000715134734621147 0.0008536162134084157  0.001010786273724092  0.001190172549040075
0.0004653596813452786  0.000715134734621147  0.001175872815975262   0.00140357341355324  0.001662003038717934  0.001956962064606762
0.0005554737447809001 0.0008536162134084157   0.00140357341355324  0.001675366842798873  0.001983839788365568    0.0023359158302645
0.0006577490303244955  0.001010786273724092  0.001662003038717934  0.001983839788365568  0.002349109583264453  0.002766010791170961
0.0007744810751789339  0.001190172549040075  0.001956962064606762    0.0023359158302645  0.002766010791170961  0.003256900295916468

cov.inverse():
 nan  nan  nan  nan  nan  nan
 nan  nan  nan  nan  nan  nan
 nan  nan  nan  nan  nan  nan
 nan  nan  nan  nan  nan  nan
 nan  nan  nan  nan  nan  nan
 inf  nan  nan  nan  nan -inf

cov*(cov_.inverse()):
nan nan nan nan nan nan
nan nan nan nan nan nan
nan nan nan nan nan nan
nan nan nan nan nan nan
nan nan nan nan nan nan
nan nan nan nan nan nan
