5
1

0.0009056139179782337
 0.001627255750248961
 0.002270658773910903
  0.06880157464931963
   0.6983837331788572

0.007840521184246833   0.4967006274315283  -0.8300028219495831  0.08793021966063555    0.237887799104635
  -0.591443613964831   0.6723342511697694   0.2975744246967917 -0.05141338754345656  -0.3270584528060487
-0.04048897411340086   -0.151010871417741  -0.1456925815913121   0.8383152564518686  -0.5015551436863108
 -0.7015823292819581  -0.3132451504598191 0.001090906437341716   0.2598356410793617   0.5849307313697327
  0.3953174116356714   0.4246508375597206   0.4486839187161789   0.4683352543602223   0.4926871632449345

0.3536350237583264
0.3441937358300316
0.3367176790346914
 0.329828340946356
0.3232773179415522

0.08883763978624869

-0.4423682878071222  0.7865635545100722   3.887982162990974   4.676310249982219  -8.869938666353931

-3.722336746522388e-06  1.220179772036759e-05  3.970895670586807e-05   -0.01848500344226409    -0.1348161253322397

cov:
0.07855288546241478 0.08291708331515382 0.08650760253031681 0.08943765972539237 0.09305405656911959
0.08291708331515382 0.08841930769497276 0.09292971086743651 0.09661519951072381   0.101177509913973
0.08650760253031681 0.09292971086743651 0.09819136195272188  0.1024915774798924  0.1078231400955047
0.08943765972539237 0.09661519951072381  0.1024915774798924  0.1073030646000627  0.1132597830905344
0.09305405656911959   0.101177509913973  0.1078231400955047  0.1132597830905344  0.1200154997220035

cov.inverse():
 132600.9416063397 -144190.1850450646 -73256.18343591083  5702.829682652535  79177.76332360077
-144190.1850452975  475971.6069924249 -422852.3909811517  15628.93566189328  75681.91109638673
 -73256.1834354928 -422852.3909812383  877546.1119121653 -118453.9906417336 -263330.7125645379
 5702.829682545221  15628.93566113094 -118453.9906403254   146745.076627525 -49661.94002643252
 79177.76332352302  75681.91109700318 -263330.7125656157 -49661.94002589333  158260.6041215194

cov*(cov_.inverse()):
     1.000000000002728  1.818989403545856e-12 -7.275957614183426e-12                      0  1.818989403545856e-12
 1.818989403545856e-12                      1 -1.455191522836685e-11  1.818989403545856e-12                      0
 1.818989403545856e-12  1.000444171950221e-11      0.999999999996362 -9.094947017729282e-13  3.637978807091713e-12
 3.637978807091713e-12 -1.091393642127514e-11 -3.637978807091713e-12      1.000000000000909                      0
 1.818989403545856e-12  1.818989403545856e-12 -7.275957614183426e-12 -9.094947017729282e-13                      1
