5
1

0.0009475238629270679
 0.001286334606912038
 0.001765903814208807
   0.1000761267496688
   0.6143276545203191

0.004030320341801909  -0.0497676915532442   0.5873837204111134  -0.7736408068973056   0.2323084163234055
 -0.4055085187750982  -0.2838786791178672   0.6653600167298508   0.4060318471785371  -0.3839400004651241
  0.6095203363725595  -0.7847207664788074  0.02045049267886394  0.08900578748163375  0.06601534177114467
 -0.5553713205330886  -0.3603665063015108  -0.1500550601430327   0.1237010949766512   0.7237956862902855
  0.3944543745433481   0.4138663699948478   0.4351340821033383   0.4619459382616358   0.5199852448931275

0.4035549675946202
0.4030973721849425
  0.40138980731856
0.4000973790979002
0.3970955679807068

0.01332720553007526

  1.159513220587267  0.4524802116744202 -0.3126777208029419   1.520313496474309  -2.816577855295645

-1.824331502348473e-06  1.475965995514181e-06  9.188763037686204e-07   -0.02614639023132703   -0.09574282450578679

cov:
0.06181153432840969 0.06361394745022231 0.06561110415028359 0.06808011122282613 0.07338287886105327
0.06361394745022231 0.06594551092444714 0.06850587772556506 0.07170567625080196  0.0786055312734173
0.06561110415028359 0.06850587772556506 0.07168380754384437 0.07567441251204685 0.08430338115770665
0.06808011122282613 0.07170567625080196 0.07567441251204685 0.08068867483499464 0.09154933182119196
0.07338287886105327  0.0786055312734173 0.08430338115770665 0.09154933182119196  0.1072898414964295

cov.inverse():
  218563.521577564 -84012.72504526465 -156417.6832365529 -85589.07335099291  107999.1017145789
-84012.72504493481  248943.1629508271 -151852.1392843491   -49176.559571001  36354.94225188482
-156417.6832370351 -151852.1392827921  651981.1008939011 -342298.6900449739 -1977.791302463226
-85589.07335088645 -49176.55957256493 -342298.6900431914  768828.4114573204 -292501.7670538496
  107999.101714625  36354.94225222168 -1977.791303173369 -292501.7670535219  150648.8503528119

cov*(cov_.inverse()):
                     1 -9.094947017729282e-13  3.069544618483633e-12                      0  5.456968210637569e-12
 1.818989403545856e-12     0.9999999999990905  2.643218977027573e-12  3.637978807091713e-12  3.637978807091713e-12
-1.818989403545856e-12 -4.547473508864641e-13       1.00000000000378                      0  1.818989403545856e-12
                     0 -4.547473508864641e-12 -4.121147867408581e-12      1.000000000007276  1.818989403545856e-12
                     0 -9.094947017729282e-13  2.330580173293129e-12                      0      1.000000000001819
