5
1

0.0006537432000968241
   0.0011600629161077
 0.001886373366922897
  0.06965378067222883
   0.5372872968949439

0.06932999893435472 0.04749369876819606 -0.6023104708760082  0.7488655798353865 -0.2633631330236061
0.04638466792157859 -0.7135496466168573   0.531373720015426  0.3817829572384212  -0.246128234126068
 0.7019571865652315 -0.4594832158475306 -0.3682419965007466 -0.2125869018220488  0.3396114305654077
-0.5670780617321675   -0.29702486810751 -0.1571728902911964  0.1998746990679268  0.7249451612762321
 0.4227533488466773  0.4350202897226768  0.4410879514572399  0.4563978864393484  0.4787267925460922

0.3821465809491311
0.3807573856626785
0.3800024955809592
0.3780630839019289
0.3752609537266008

0.02085983249559785

  3.704462114855145   1.780864928995638 -0.7144571894224573   -4.04475377829892 -0.7217070653957263

-8.834677201215956e-07 -3.828828478666021e-06  9.465181932794979e-06   -0.01867413858513349   -0.04788293122211904

cov:
0.05315452111861223 0.05390563493762689 0.05426164564954708 0.05514814891488257 0.05642985884760326
0.05390563493762689 0.05505959040292797 0.05561867821642314 0.05702669891232918 0.05907379828847598
0.05426164564954708 0.05561867821642314 0.05628558124911678 0.05796210481587379 0.06040399088058937
0.05514814891488257 0.05702669891232918 0.05796210481587379 0.06032569200616202 0.06377567505674243
0.05642985884760326 0.05907379828847598 0.06040399088058937 0.06377567505674243 0.06870923532041201

cov.inverse():
 151385.7123424714 -107495.5942663556 -152015.2833264388  92681.64696406566  15703.76756175226
 -107495.594266016  442970.6656617679 -301121.5148619817 -91772.72817655285  57340.33235435871
-152015.2833267335 -301121.5148601918  1096769.806833195 -882640.0713003294   238807.570812165
 92681.64696390019 -91772.72817872478  -882640.071297572  1433199.588119002 -551555.2145534947
 15703.76756187267  57340.33235508038  238807.5708109023 -551555.2145530739  239828.0685069076

cov*(cov_.inverse()):
     1.000000000002615  1.818989403545856e-12  1.091393642127514e-11                      0  3.637978807091713e-12
 2.501110429875553e-12      1.000000000002274  3.637978807091713e-12  7.275957614183426e-12  5.456968210637569e-12
 1.932676241267473e-12  3.183231456205249e-12      1.000000000001819                      0  3.637978807091713e-12
 2.728484105318785e-12  9.094947017729282e-13  3.637978807091713e-12      1.000000000007276                      0
 1.591615728102624e-12 -4.547473508864641e-13 -3.637978807091713e-12                      0                      1
