6
1

0.0005110357722736945
0.0007676442382265156
 0.001148834637771225
 0.001681754097903222
  0.05663564307049626
   0.5862493084053695

  0.0295992959355315  0.04028174685606699  -0.6112672326934553   0.7727251966577792  -0.1162352769349462  -0.1150598263151928
-0.02145932139568763 -0.04613422077553566   0.3020022189051025   0.1792689719268456  -0.8347135840519957   0.4210957839713296
-0.06599374185925601  -0.6219114083052517   0.5273002097978683   0.4144242646362145   0.1247367078229867  -0.3788387488160788
   0.658389911576018  -0.5976297337438132  -0.2760591144967996  -0.1568046532018805  0.04706623757809276   0.3261132640631868
 -0.6403282694180087  -0.3048744909093589  -0.1312048301929684  0.07494889071118196   0.3117061878695491   0.6140345763358351
   0.388343452320022   0.3992060381576091   0.4045715963782937   0.4108599512615249   0.4180997111222237   0.4272381742675656

 0.382613265657382
0.3812135643936974
0.3804498208170052
0.3795168217133597
0.3784930098204723
0.3771898095940157

0.02104929193894303

 2.970882180983734   1.46866726725209 0.9015344263993361 -2.692853419884784  1.591859870844687 -4.237433341158369

-5.699214197659747e-07 -2.036013874776116e-06  7.103572182010424e-08 -1.564206074262306e-07   -0.01531931552356246   -0.05033797366249275

cov:
0.05314825586848616 0.05390679182410862 0.05426671460009668 0.05468283759904882 0.05516325328656334 0.05576254654254172
0.05390679182410862 0.05507170003117288 0.05563653045410358 0.05629761631363754 0.05705931199343774  0.0580173876176071
0.05426671460009668 0.05563653045410358  0.0563102180054007 0.05709741710113685 0.05800404127499659 0.05914713206390046
0.05468283759904882 0.05629761631363754 0.05709741710113685 0.05803509371620124 0.05911378627645937 0.06047662318363446
0.05516325328656334 0.05705931199343774 0.05800404127499659 0.05911378627645937 0.06039133216522116 0.06200610513906252
0.05576254654254172  0.0580173876176071 0.05914713206390046 0.06047662318363446 0.06200610513906252 0.06394424643840806

cov.inverse():
 160828.7277171506 -101716.5822810266 -170880.4577383067  23812.87017868582   21880.7725301814  66359.94237508479
-101716.5822810574  429186.0374199964 -308050.6095026458 -57000.98781927546 -21330.68640330462   58830.8299485473
-170880.4577403607 -308050.6095025723  1823131.224634146 -1535896.534306991 -110496.8313117893  301909.1310245303
 23812.87018170738 -57000.98781903684 -1535896.534308151    2479737.3779702 -561291.6665149349 -349360.2143159939
 21880.77252994915 -21330.68640403878 -110496.8313180011 -561291.6665045531  1246710.894395875 -575589.9937110668
 66359.94237438093  58830.82994893796  301909.1310299268 -349360.2143242831 -575589.9937078623  498067.4852429929

cov*(cov_.inverse()):
                     1  2.273736754432321e-12                      0 -1.818989403545856e-11  7.275957614183426e-12 -3.637978807091713e-12
 2.273736754432321e-12                      1                      0  -2.91038304567337e-11  1.455191522836685e-11 -7.275957614183426e-12
 9.094947017729282e-13  4.092726157978177e-12      0.999999999996362 -2.182787284255028e-11  7.275957614183426e-12 -3.637978807091713e-12
 9.094947017729282e-13  3.183231456205249e-12  3.637978807091713e-12     0.9999999999708962  7.275957614183426e-12                      0
 9.094947017729282e-13 -9.094947017729282e-13 -1.818989403545856e-11 -7.275957614183426e-12      1.000000000007276 -1.091393642127514e-11
-9.094947017729282e-13  4.547473508864641e-13 -3.637978807091713e-12 -3.637978807091713e-12                      0                      1
