6
1

                  nan
4.352529331231451e-09
6.166300294907602e-09
8.737807398231005e-09
   0.0649467789746838
   0.8830970677071396

                   0  0.03759704029100705   -0.416301595315956   0.5024749070381278   0.4670020921791038  -0.5955732179976794
                  -0   0.2517071997375234   -0.134087392640747   -0.726903670974211   0.6245648049270053 -0.01392531169519342
                  -0    0.546857288923874  -0.6991133202527089  0.06639615528713938  -0.2852800233439964   0.3555200835958492
  0.7332400345513154  -0.5391268119421331  -0.3537007064477921 -0.07609530940383093  0.05709518260949652   0.1937699322499605
 -0.6173620681051055  -0.4914486852797316  -0.2531580924846045   0.1139668808534427   0.2867614175440911    0.466939703053839
  0.2849967168164799   0.3224864711804472    0.361608778634202   0.4426540697199104   0.4742901940358586   0.5129567476171061

0.4877419819434484
0.4952724774678548
0.5096020648876826
0.5349747681369384
0.5414955584953228
0.5571570234994093

-0.1346277170110418

-0.3330001387682481  -2.153081386509435   4.259170560970899  -3.774396260134918  -5.679561276082713   6.240987116103871

 4.639996665192759e-17 -3.795696643830008e-17 -2.154454481744755e-17  4.446560182599563e-17   0.004390167739083659    -0.3214941343572417

cov:
0.06495036745061153  0.0729548634528083 0.08102956706786152 0.09808647933243292  0.1046678786882297  0.1127926169078061
 0.0729548634528083 0.08212231326994945 0.09146738631279611  0.1110887865317087  0.1186868976334011  0.1280378162912028
0.08102956706786152 0.09146738631279611  0.1022455915576591  0.1247086869451054   0.133445695218619  0.1441574306458349
0.09808647933243292  0.1110887865317087  0.1247086869451054  0.1528626866993445  0.1638668084698547  0.1773014429629774
 0.1046678786882297  0.1186868976334011   0.133445695218619  0.1638668084698547  0.1757773925078501  0.1902973240759455
 0.1127926169078061  0.1280378162912028  0.1441574306458349  0.1773014429629774  0.1902973240759455  0.2061201636067195

cov.inverse():
-2.155235649571502e+16  2.924634922485133e+16  2.494346304815651e+16 -5.777395745504777e+16 -1.304668731762784e+16  3.792291848742341e+16
  5.93654537048693e+16 -6.735718090262809e+16 -3.796516302277306e+16  7.470712869298211e+16       9270818827812412 -3.691367096866761e+16
-3.355736474789949e+16  2.763840447951008e+16  1.709337302088344e+16 -1.644706879329909e+16  1.741907470707852e+16  -1.26944833243522e+16
-2.900345526940055e+16   5.40987827432038e+16 -2.654203883997869e+16     -266244667632976.2  -1.03788884492224e+16  1.064038549247612e+16
      1499813164837470 -3.100505295478836e+16  3.896194663372294e+16  1.148275428718192e+16  -2.05734650915282e+16      306441404797814.9
 2.195035689183271e+16 -1.140306158474195e+16 -1.516111274185173e+16 -1.366109162107658e+16  1.711978461072762e+16       1620676104144793

cov*(cov_.inverse()):
       1        0     -0.5     0.25     0.25 -0.03125
     0.5     0.25     -0.5        0    -0.25  -0.1875
     0.5        0      0.5     0.75        0 -0.21875
     0.5     1.75       -1        1        0  -0.0625
       0      0.5       -1      0.5        0        0
       1       -1        0        1        0    0.375
