5
1

0.0009788528129983482
 0.002093704697744089
 0.002989343113614345
  0.07811997136605368
   0.5464062869377784

 0.06498647906979395 -0.09362403986781287   -0.609414939096294   0.7729652322766978  -0.1347199999800798
 -0.7002187404693254   0.6251458507489879   0.1318265772681724   0.1945491561543068  -0.2523068769421109
  0.1720759296171107   0.5682997938887981  -0.6362487766146737  -0.3962716077549392   0.2925432034008038
 -0.5478803087814607  -0.3007347304927965  -0.1018573350443663   0.0637655571044049   0.7713266663027937
  0.4191509450419997   0.4324594438690512   0.4427728120447439   0.4511963454479199   0.4875093942144096

0.3958830344036618
0.3957452545810176
0.3954573841759996
 0.395198310085598
0.3942087273095131

0.005460883735565173

 4.777681527544173 -5.374328636370236  4.707154372697594 -1.760394697420298 -2.347487900417873

-2.969727109414962e-06 -2.557755400016147e-05 -4.661263177055314e-05   -0.02077211280392237   -0.05258102152250777

cov:
0.05428752628544602 0.05512315736523455  0.0557484593940233 0.05624908570355164 0.05842995733342822
0.05512315736523455  0.0563935558880538  0.0573527435328811 0.05813764661972039 0.06152997261970688
 0.0557484593940233  0.0573527435328811 0.05859935171154799 0.05960780591875291 0.06396470939409371
0.05624908570355164 0.05813764661972039 0.05960780591875291 0.06080721122227073 0.06597076010386962
0.05842995733342822 0.06152997261970688 0.06396470939409371 0.06597076010386962 0.07458919314848605

cov.inverse():
 119621.1390480015 -95237.49090391657 -74632.78273267887  13713.92552357539  36729.82920532618
-95237.49090386061  134457.1679635996  37890.74663802909 -72987.66122774003 -4250.514423264796
-74632.78273264924  37890.74663831347  436873.9883236897 -457565.4182001377  57257.54976314929
 13713.92552345414 -72987.66122798667 -457565.4181996519  649778.0815452774 -132843.5099304237
 36729.82920536171 -4250.514423246357  57257.54976297751 -132843.5099303058  43139.44608710986

cov*(cov_.inverse()):
    0.9999999999995453  1.392663762089796e-12 -3.637978807091713e-12 -1.818989403545856e-12                      0
                     0      1.000000000000739 -9.094947017729282e-13 -8.185452315956354e-12 -9.094947017729282e-13
-9.094947017729282e-13  9.663381206337363e-13      1.000000000005002 -1.091393642127514e-11                      0
-4.547473508864641e-13  4.547473508864641e-13  9.094947017729282e-13      0.999999999992724 -4.547473508864641e-13
-1.364242052659392e-12 -5.684341886080801e-14 -2.728484105318785e-12  1.818989403545856e-12     0.9999999999995453
