5
1

0.001782290936283297
0.002051780032490517
0.006888444172891305
 0.08522578721158831
  0.5547635124738962

  0.4456802627481529    -0.81278010459988   0.3736125424233019 -0.02682601657668181  0.02125177503103802
  0.1373126315215171  0.08210490641952942 -0.07533598053346158  -0.7642446269695452      0.6202085663321
  0.5028009660874834 -0.09948549506275897  -0.8046148730553651   0.2680153721059669   0.1343744438001928
  -0.600800081513182  -0.3765940115219679  -0.1116064585028091   0.3507074758771926   0.6014686004471521
  0.4107855829707532   0.4253549960519549   0.4414488222428718   0.4694491896484186   0.4848388679095814

0.4004168595144468
0.4007099752329993
0.4005425167227767
0.4005961096426487
0.4005853617375018

0.0001662679561510327

  5.830760119311884 0.02055856729604545  -5.812565946440171   0.676593396558767 -0.7167741684193792

 1.19729201231293e-06 1.172800051986423e-06 0.0003649698527582087  -0.02219686996425627  -0.05906186917313725

cov:
0.05456785033932961 0.05541519025510492 0.05627823653918716 0.05782531375104919 0.05867433532378681
0.05541519025510492 0.05671523552124615 0.05809742480964528 0.06049404083024996 0.06182373987443653
0.05627823653918716 0.05809742480964528 0.06009752312435608 0.06348571042450135 0.06537801568909102
0.05782531375104919 0.06049404083024996 0.06348571042450135 0.06872473513303794 0.07158083480453631
0.05867433532378681 0.06182373987443653 0.06537801568909102 0.07158083480453631 0.07497548248564616

cov.inverse():
 72387.01443298436 -112379.7026384674  41445.49703766195 -25879.82502351385  24586.01943267696
-112379.7026384917  209794.3786163702  -95371.4090458883 -8620.812629711207  6346.204003594216
 41445.49703766191 -95371.40904587082  58936.86088420649   5971.87436805141 -10886.44644415611
-25879.82502341976 -8620.812629875831  5971.874368118762  140498.5042227099 -111982.9686952534
 24586.01943260719  6346.204003717079 -10886.44644420596 -111982.9686952568  91945.44679138824

cov*(cov_.inverse()):
    0.9999999999995453  3.979039320256561e-13  2.273736754432321e-13 -1.818989403545856e-12                      0
 -1.13686837721616e-12      1.000000000002501                      0                      0 -9.094947017729282e-13
-9.094947017729282e-13                      0     0.9999999999995453 -9.094947017729282e-13 -9.094947017729282e-13
-4.547473508864641e-13  1.534772309241816e-12  5.684341886080801e-13      1.000000000001819 -1.818989403545856e-12
-6.821210263296962e-13 -4.547473508864641e-13  5.684341886080801e-13                      0                      1
