5
1

0.0005634593570593309
0.0006492119065062648
 0.001804921150058916
  0.04245851516965687
   0.5928199845651905

  0.1437977757186099   0.4247995560705362  -0.5522302525725641  -0.5049596702902761   0.4887995666780332
 -0.1279879476373246  -0.1850140458678462   0.6701925887797184  -0.6457536091216047    0.288501400936559
  0.6827079815794547  -0.6865211378977788  -0.1623136736405174 -0.02261128967177947   0.1890543309103103
 -0.5539115308577315  -0.3465991128447491  -0.1485477204514041   0.3478731037716562   0.6557201761262529
  0.4359278757185848   0.4403100296253289   0.4443776414114373    0.454412852963482   0.4605772854342918

0.4028741217140674
0.4030243531497097
0.4029886819079156
0.4029482629231034
0.4028861837168155

0.0009009341486963129

 1.110604739734698  7.266990603135005 -6.146680099456649  8.948530662094656 -11.18218100438765

-1.061481883700382e-06 -6.158069133476039e-06 -1.807854107971714e-05   -0.01161002552520989   -0.04621588719536671

cov:
0.06733902898029408 0.06780033606561529 0.06822680724886335 0.06926888975548368 0.06990634907700431
0.06780033606561529 0.06835200420493427 0.06885631092451132 0.07009878685145293 0.07085991260347212
0.06822680724886335 0.06885631092451132 0.06943864958506744 0.07087245872708488 0.07175269786496066
0.06926888975548368 0.07009878685145293 0.07087245872708488  0.0727867057161693 0.07396377378602439
0.06990634907700431 0.07085991260347212 0.07175269786496066 0.07396377378602439  0.0753258678267239

cov.inverse():
 247237.6509293992  104821.4319842841 -487603.0142234122 -37460.68191144197  173200.0771656537
 104821.4319825674  794341.9224793864  -998846.752211565 -387477.1894964273  487409.4737462594
-487603.0142199636 -998846.7522128589  2034318.062797729 -147401.7675475948 -400933.6913443047
-37460.68191486332 -387477.1894997925 -147401.7675382511   1792733.54238176 -1220636.775370703
 173200.0771673434  487409.4737492023  -400933.691351496 -1220636.775368143  961242.1425747391

cov*(cov_.inverse()):
     1.000000000001819                      0  1.818989403545856e-11                      0  1.455191522836685e-11
 5.456968210637569e-12     0.9999999999854481  2.182787284255028e-11 -1.455191522836685e-11  1.455191522836685e-11
                     0                      0       1.00000000001819                      0                      0
-1.818989403545856e-12 -2.182787284255028e-11  3.274180926382542e-11                      1                      0
-1.818989403545856e-12                      0  3.637978807091713e-12                      0                      1
