5
1

  0.00063210599203738
0.0009729570737755457
 0.003172301697855935
  0.05608875344858588
   0.5417213231736446

-0.02083650366490048   0.4311272777169415  -0.7992106174520746   0.4173173555327821 -0.02835003080070592
-0.02974227816109878   0.5633991848952352  -0.1004419801066546  -0.7540880307029466   0.3208728812660528
  0.6542747034906997  -0.4891175761020564  -0.3849890259186428  -0.1726090831295075    0.393291448500486
  -0.623546223214253  -0.2542184583653797 -0.06793312781872753   0.1503547902093297   0.7206535992746053
  0.4263753708790035   0.4391441688581809    0.445356416425212   0.4525450344484803   0.4713990838032744

0.3999811310204751
0.4002300520810566
0.4002746492645194
0.4003020776409186
0.4004181429936775

-0.0008067473336932145

-2.928122455242404  6.819629353654009  4.905360637583226 -3.156003536248102 -5.648722351921614

-8.295582247354474e-07  3.790312780350942e-06 -8.872730994339703e-05    -0.0150577189427802   -0.04697776806795614

cov:
0.05457768839645305 0.05544334526112275   0.055855941540832 0.05632862055222014 0.05757270900218325
0.05544334526112275 0.05679953672642011 0.05745006051488135 0.05820071100407532 0.06017208231461037
  0.055855941540832 0.05745006051488135 0.05822221210890439 0.05911392948040597 0.06145402959153911
0.05632862055222014 0.05820071100407532 0.05911392948040597 0.06017216478081965 0.06294400386460783
0.05757270900218325 0.06017208231461037 0.06145402959153911 0.06294400386460783  0.0668477479333382

cov.inverse():
 44682.70574475752 -71932.79985930267  19817.87868302572  -9321.50367351535  16824.59370694609
 -71932.7998592708  824293.6165172856 -903417.2273448816   9869.70701982886  141205.8483241208
 19817.87868295902 -903417.2273460166    1623998.0299343 -748121.7475708908  7600.584966143157
-9321.503673478159  9869.707021476617 -748121.7475729907  1039533.320033011 -291924.7171115415
 16824.59370694367  141205.8483236401  7600.584967041388 -291924.7171119567  126309.9632138354

cov*(cov_.inverse()):
    0.9999999999989768 -6.366462912410498e-12 -1.875832822406664e-12  3.637978807091713e-12  9.094947017729282e-13
-7.958078640513122e-13      0.999999999994543   1.13686837721616e-11  3.637978807091713e-12  1.818989403545856e-12
 -1.13686837721616e-12 -3.637978807091713e-12      1.000000000003524  1.091393642127514e-11 -9.094947017729282e-13
-9.094947017729282e-13                      0  2.501110429875553e-12      1.000000000003638                      0
-2.273736754432321e-13                      0  3.240074875066057e-12  3.637978807091713e-12                      1
