5
1

0.001226671368401533
 0.00151910558755848
0.002522762532647686
  0.0789191032729378
  0.5663193341638347

 0.03118418883569723  -0.6222488867297615   0.6606337967014198   0.2593637104524303  -0.3288271912212362
-0.04764483992342244  0.08564260802733623  -0.4325689454668174   0.7995303812251062  -0.4050069009717113
  0.4681040250225896    -0.61896525793149  -0.4154607889792392    0.103943994866594    0.462977980019975
 -0.7872979175097448  -0.1774068744505371  0.03253315817621668   0.2581947591392592   0.5300621189583465
  0.3972381230921841   0.4368987033916946   0.4503121367600729   0.4647717154502605   0.4822111866608393

0.3998048172070733
0.3997980540107183
0.3997719329365815
0.3997321294238274
0.3996224579737118

0.001154401234032149

 3.276009015309982 0.7767185067246962 -7.167283642895883  7.267300202921668 -4.150172805220113

-2.808623104548946e-06   2.42354022610187e-05  1.823018098664837e-05   -0.02038893624097426   -0.06749052713289896

cov:
0.05447052631349006 0.05652946855554337 0.05720964589036111 0.05794668288404659 0.05883657480006126
0.05652946855554337 0.06141778623104185 0.06306321696749628 0.06483854189524267 0.06698068370944471
0.05720964589036111 0.06306321696749628 0.06504421888730798 0.06717523717703942 0.06974865349483915
0.05794668288404659 0.06483854189524267 0.06717523717703942 0.06969593427657879 0.07273044400221587
0.05883657480006126 0.06698068370944471 0.06974865349483915 0.07273044400221587 0.07632752413598332

cov.inverse():
 36159.56731336521 -60166.46742730657 -7939.169887860331 -3519.008187989053  35533.33487360773
-60166.46742733879  320700.6677041409 -248840.3129249061  -87698.5229083531  75907.97958063861
-7939.169887940319 -248840.3129243298  398250.6506104346 -42782.20098214065 -98670.43885996912
-3519.008187758679 -87698.52290956546 -42782.20098102734  323423.7121914028 -189415.2342416329
 35533.33487348963  75907.97958124221 -98670.43886058574 -189415.2342415019  176664.3999467556

cov*(cov_.inverse()):
     1.000000000000455 -3.637978807091713e-12  4.547473508864641e-12                      0 -1.818989403545856e-12
                     0     0.9999999999990905  9.094947017729282e-13  3.637978807091713e-12                      0
 4.547473508864641e-13                      0     0.9999999999990905  3.637978807091713e-12  1.818989403545856e-12
 9.094947017729282e-13 -3.637978807091713e-12  5.456968210637569e-12      1.000000000001819                      0
 4.547473508864641e-13  9.094947017729282e-13 -9.094947017729282e-13                      0      0.999999999998181
