5
1

0.001766313967628673
0.001860217479545838
0.004884156923903249
 0.09870091220314994
  0.5644928604596446

 -0.5700034443519993   0.7740528107881472  -0.2402735734094305   0.1115485105856288 -0.07592008459569251
-0.01623123572699998   -0.177054613853123  0.01955737387534324   0.7771350869611022  -0.6033794630588255
  0.3307457060399386 -0.02964973196696555  -0.8566808362608545    0.255404717195912    0.300989279789014
 -0.6384113741988118  -0.4447401575095421  0.05217526707811265    0.307438667341611   0.5453405513259719
  0.3973296057977045   0.4133049667218692   0.4530582802873095   0.4731467876435164   0.4921163488905876

0.4006758196074672
0.4010232065569307
0.4008679839600503
0.4009866537165216
 0.401014569606207

-0.0002624632266979296

  3.153407048895717  0.7907421234128145  -3.948565304382957  0.3244393242167963 -0.3165398268758145

-5.504014933979157e-07  6.045854082996907e-07  0.0001047181294919042   -0.02575497122332033   -0.06737504768036097

cov:
0.05427999024285905 0.05509290182893747 0.05703085800629429 0.05799480403153094 0.05891772168882126
0.05509290182893747 0.05636136455144163 0.05944197589523608 0.06098128749724423  0.0624492157649072
0.05703085800629429 0.05944197589523608 0.06545133224497958  0.0684582774420244 0.07131691271857085
0.05799480403153094 0.06098128749724423  0.0684582774420244 0.07226046304371668 0.07582951245241658
0.05891772168882126  0.0624492157649072 0.07131691271857085 0.07582951245241658 0.08007134475960961

cov.inverse():
 108844.5823755686 -140971.4107857081  31925.96226121526 -20503.66438966013  20838.92873569475
-140971.4107856881  201162.8827336668 -59550.65587192588 -12417.91334222385  11637.91270638448
 31925.96226124063 -59550.65587196428   49381.0474713243 -13368.41251979266 -8368.747302829624
-20503.66438979497 -12417.91334204576 -13368.41251982623  181261.4385359691 -134980.3040329298
 20838.92873578427  11637.91270626484 -8368.747302809208   -134980.30403292  110885.6503898435

cov*(cov_.inverse()):
     1.000000000002274 -3.183231456205249e-12 -2.842170943040401e-13 -9.094947017729282e-13 -1.818989403545856e-12
 2.046363078989089e-12     0.9999999999968168  3.410605131648481e-13 -3.637978807091713e-12 -1.818989403545856e-12
 2.501110429875553e-12 -4.206412995699793e-12      1.000000000000455 -1.818989403545856e-12                      0
 4.547473508864641e-13 -3.069544618483633e-12                      0      1.000000000001819 -1.818989403545856e-12
 2.273736754432321e-13 -1.023181539494544e-12 -2.273736754432321e-13                      0      0.999999999998181
