5
1

0.0006225740754891441
0.0009476473123124071
 0.001281075574078042
  0.05348511421287889
   0.5508255918220211

-0.04514963566648779   0.6294872739869485  -0.7463516300222852 -0.04451345856898853   0.2066036753229924
 -0.3295189298709784   0.4121025732466466   0.4541645236540693  -0.6992528322975771   0.1623847466915117
  0.5127614623275429  -0.4054733883430213  -0.1902764421677149  -0.4746416919899124   0.5578325500347741
  -0.670107188712063  -0.2809143363133868  -0.0382270218085913   0.2716787393506165   0.6298990781692974
  0.4212016424991768   0.4365726835375888   0.4461248706100029   0.4582247869112459   0.4722246423347005

0.3813027081564928
0.3796337060528703
0.3786250466331035
0.3773406279168987
 0.375839755025334

0.02075185184792393

 4.711280811766776  1.611988307505814 0.0461353609876119 -7.631941164293961   1.26023718616133

5.301083793237467e-07 4.197508414613186e-06 9.976259270527362e-06  -0.01399225163404095  -0.05864836599231395

cov:
0.05511310073741486  0.0563303967919489 0.05708610491881749 0.05803844621821934 0.05914149595582499
 0.0563303967919489 0.05805473985972276 0.05912453586445893 0.06047818431483374 0.06204443262024852
0.05708610491881749 0.05912453586445893 0.06039131199785628 0.06199466098290445 0.06385043997018428
0.05803844621821934 0.06047818431483374 0.06199466098290445 0.06391869185598684 0.06614213597918615
0.05914149595582499 0.06204443262024852 0.06385043997018428 0.06614213597918615 0.06879457238599809

cov.inverse():
 286535.1568252625 -351159.7466806495 -139149.0878955869  113404.3929711429  90491.31218386463
-351159.7466816094  1311649.782877075 -956699.3539012093 -275933.7693174618  272173.6478760033
-139149.0878951878 -956699.3539014518   1688906.38455057 -212892.4853864576 -380391.9012362591
 113404.3929728435  -275933.769320497 -212892.4853856309  686882.0117110063 -311439.0439398665
 90491.31218272497  272173.6478783212 -380391.9012369295 -311439.0439403747  329237.9316093998

cov*(cov_.inverse()):
     1.000000000003638 -3.637978807091713e-12 -1.091393642127514e-11                      0                      0
 1.818989403545856e-12      0.999999999996362 -1.091393642127514e-11  7.275957614183426e-12 -3.637978807091713e-12
 2.728484105318785e-12 -1.091393642127514e-11      0.999999999996362  3.637978807091713e-12                      0
 1.818989403545856e-12                      0  1.091393642127514e-11                      1 -3.637978807091713e-12
 1.818989403545856e-12 -3.637978807091713e-12                      0                      0                      1
