5
1

0.001110005016484805
0.001992813371060853
0.002383280833797555
 0.08421204696471184
  0.5545309338530847

 0.0812534946348388 -0.1717354223125672  0.4054140173790649 -0.7698067185300519  0.4549086775950867
-0.5819841938510719  0.2695802521158082  0.6710620525990904 0.01220008948428856 -0.3716823444216399
 0.3255225411405209 -0.7513905026402078  0.4292534166735993  0.2679718665134883 -0.2708873765660426
-0.6172370447345383 -0.3916659788273433 -0.0579469865670947  0.3397318874063573  0.5889317303930054
  0.409567788691855  0.4240795986175437  0.4446333850442373  0.4690651312548823  0.4844479084972808

0.3960111600855252
0.3958799796618963
0.3953406270059834
0.3947672200221867
0.3943689292410117

0.005383883381025897

 5.305197351159511 -5.211801779490691  1.237303181583918  4.098922004372852 -5.425047716923336

-4.676529719031764e-06 -6.337531678435158e-06  4.965564715111601e-05   -0.02203682987366764   -0.05926418131069765

cov:
0.05428633996322097 0.05512265125197509 0.05625182101386439 0.05758922267410146 0.05843579638884003
0.05512265125197509 0.05639410725999165 0.05814279520905588 0.06022450404838671 0.06153997760294044
0.05625182101386439 0.05814279520905588 0.06082014657875556 0.06399446223408856 0.06599356851354676
0.05758922267410146 0.06022450404838671 0.06399446223408856 0.06847744061097391 0.07129463555301276
0.05843579638884003 0.06153997760294044 0.06599356851354676 0.07129463555301276  0.0746290744848201

cov.inverse():
 109356.5969391975 -93859.18611881597 -47000.53476507097 -37225.46695457232  68893.54484922004
-93859.18611884397    141657.63866793 -67735.37668587503   72659.0292059631 -52834.25305258868
  -47000.534764876 -67735.37668605713  279232.8489306231 -230986.5808123967  66401.45583477616
-37225.46695496745  72659.02920629962 -230986.5808121697  493661.8659238372 -298113.6969344947
  68893.5448494485  -52834.2530527713  66401.45583456187  -298113.696934326  215712.2817429417

cov*(cov_.inverse()):
                     1 -1.364242052659392e-12 -4.547473508864641e-13 -3.637978807091713e-12 -1.818989403545856e-12
                     0     0.9999999999977263  1.364242052659392e-12 -7.275957614183426e-12                      0
                     0 -1.818989403545856e-12                      1 -7.275957614183426e-12                      0
                     0  4.547473508864641e-13 -2.728484105318785e-12      0.999999999996362 -3.637978807091713e-12
                     0 -9.094947017729282e-13                      0                      0      0.999999999998181
