5
1

0.001112952324432421
0.001798309776662939
 0.00293483096027122
 0.07983917154478286
  0.5850354522570781

 -0.04741895093743383  -0.07956759113714686   -0.2487274893804096    0.8431901802958288   -0.4675311726632042
   -0.453608751882089    0.8227042133623301   0.05843202994803235    -0.108001347022733   -0.3198722939694372
    0.184756383737811    0.3064720089052265   -0.8563858618956567 -0.006960837482179696    0.3721488797678989
  -0.7787437380362098   -0.1845126190435089  0.002129971269202947    0.2432852136740496    0.5480155580939842
    0.389119277915506     0.434576548985102     0.448685917619772    0.4670437671600827    0.4901841261335749

0.3992001746901918
0.3984645296054839
0.3983831350439079
0.3982484993767042
0.3980043697443283

0.002469560087313059

 2.769020376436033 -1.483838988769243  1.046941923191326 0.1886016357904423 -2.521268664571584

 1.318131720021044e-06 -5.269743078710545e-06 -1.532593263957303e-05   -0.02050068834302815   -0.08399732099443276

cov:
0.05569047285160831 0.05879318030408695 0.05974509884257875  0.0609944942250142 0.06256471238547393
0.05879318030408695 0.06485936225165585 0.06673339996140686 0.06918202468140273 0.07226610591489306
0.05974509884257875 0.06673339996140686 0.06891119710197381 0.07172705555563284 0.07528242866800984
 0.0609944942250142 0.06918202468140273 0.07172705555563284 0.07503674496893614 0.07920706002949406
0.06256471238547393 0.07226610591489306 0.07528242866800984 0.07920706002949406 0.08415608235012161

cov.inverse():
 69499.85534457548  -105754.442914717 -17043.62878125099 -17308.90476746602  70681.71869459043
-105754.4429146423  225316.5910482056   371.442531172016 -81893.25556394055 -38116.02590624286
-17043.62878115213  371.4425311930181  136149.3225600876 -170573.9346963565  51101.41927281048
-17308.90476782304 -81893.25556365239 -170573.9346958762  577603.9927483941 -307857.2576484875
 70681.71869477391 -38116.02590647736  51101.41927244991 -307857.2576480758   224235.066236657

cov*(cov_.inverse()):
     1.000000000000909 -1.818989403545856e-12 -3.183231456205249e-12  3.637978807091713e-12                      0
-9.094947017729282e-13     0.9999999999977263 -1.364242052659392e-12                      0  1.818989403545856e-12
                     0 -4.547473508864641e-13     0.9999999999986358                      0  3.637978807091713e-12
 9.094947017729282e-13 -1.818989403545856e-12 -2.273736754432321e-12      0.999999999996362  7.275957614183426e-12
 9.094947017729282e-13  9.094947017729282e-13 -9.094947017729282e-13                      0                      1
