5
1

0.001228768829369034
0.001853458720886689
0.002980000437904198
 0.09950653436636361
  0.5667906402006015

-0.03145744214588573   0.1767564397609927  -0.7304187768045216   0.6552321633539554 -0.07019125967339736
 -0.6684897116573572   0.6949379413704365   0.1876101116137445 -0.03019748167863756  -0.1845896020165542
  0.1285815746936378   0.3721600729407835  -0.4767956660455617  -0.5674870397628143   0.5436800633639436
 -0.6138083992269937   -0.418576873370119   0.0259781534372344   0.1813715773090893   0.6437873380290235
  0.3985448060502132   0.4148598556563947   0.4508679240041646   0.4634886566599173    0.500948817731826

0.3992386425376403
0.3994897651121537
0.3993325244934247
0.3993245405721774
0.3992163264003695

0.0005624881016713952

 1.950860925920455 -0.134202541085804 -1.266772021355585  2.447766948269568 -2.996094746259034

 4.007714519027415e-06 -3.970944694527588e-06 -1.965323365941272e-05   -0.02632903091471555   -0.06929222097856362

cov:
0.05475915334670239 0.05565860819676005  0.0575672220560586 0.05823899767785062 0.06022639523440182
0.05565860819676005 0.05702795347460196 0.05998016336441484 0.06101769672359351 0.06409677767356976
 0.0575672220560586 0.05998016336441484 0.06531426430741294 0.06718096355594359 0.07272171039708321
0.05823899767785062 0.06101769672359351 0.06718096355594359 0.06934106159197471 0.07574288043517242
0.06022639523440182 0.06409677767356976 0.07272171039708321 0.07574288043517242  0.0847245730645958

cov.inverse():
 132639.6309945376 -133498.1512308671  -28194.5421557798 -16002.64723359168  45215.17508061886
-133498.1512308377  176887.9509010136 -67537.93402767619  46808.07595577864 -22800.22895852699
-28194.54215589178 -67537.93402739281  389194.7368189426 -288155.4907419118 -5313.222120932121
-16002.64723350935  46808.07595547976 -288155.4907415654  320881.6433891398 -63568.39212025775
 45215.17508061928 -22800.22895848225 -5313.222121107038 -63568.39212012799   46509.6935057256

cov*(cov_.inverse()):
     1.000000000001819 -6.821210263296962e-13 -3.751665644813329e-12  4.547473508864641e-13                      0
 4.547473508864641e-13      1.000000000000227  -1.70530256582424e-12  3.183231456205249e-12 -9.094947017729282e-13
 9.094947017729282e-13  4.547473508864641e-13     0.9999999999985221  1.818989403545856e-12 -4.547473508864641e-13
 4.547473508864641e-13  6.821210263296962e-13  5.684341886080801e-13      1.000000000000909 -1.818989403545856e-12
                     0 -2.273736754432321e-13 -4.149569576838985e-12                      0                      1
