5
1

0.0007382535842798939
 0.000789073123699731
 0.002012655543671476
  0.05283492399957236
   0.5417329097713927

0.006727746635146965 -0.06520373688984603  -0.3640953672161589   0.8333379503140068  -0.4107135671718106
 -0.1245511776878134   0.6100146250521231  -0.7061056606888959  -0.1011762998365638   0.3217876841235161
   0.612598470602799  -0.5555744390197037  -0.4068339649064445 -0.03575159962725506   0.3863523063806492
 -0.6535790453527538  -0.3527255877774538  0.04251332987268964   0.2924175037367954   0.6009190556924539
  0.4266137443316693   0.4365230032347762   0.4489188137029523   0.4566454243176707    0.466256620272006

0.4001971471811092
0.4004513071541087
0.4005677805933069
0.4006105541980337
0.4007072060334864

-0.001183271780113487

 0.722847852773759 0.4695266380821672  9.199427887686149 -4.471379598555661 -5.922758041418384

-2.544600255664682e-06 -4.827209368762624e-06 -2.304527941796296e-05   -0.01427465701207038   -0.04702281596033204

cov:
0.05460613299959472 0.05529491626637215 0.05612623774075692 0.05663854341978182 0.05728002143379556
0.05529491626637215 0.05627105252917827  0.0574690663050688 0.05821219544582919 0.05913896106209979
0.05612623774075692  0.0574690663050688 0.05914946645096515 0.06019596119803402 0.06149817756174122
0.05663854341978182 0.05821219544582919 0.06019596119803402 0.06143588049642433 0.06297508801378897
0.05728002143379556 0.05913896106209979 0.06149817756174122 0.06297508801378897 0.06480876068434457

cov.inverse():
 117794.7699458162  -206767.339375508  75219.14801236564  25051.42607060297  -11151.8502990333
-206767.3393753213   681692.997337202 -592439.4414039979 -193955.2558122134  311336.2616394447
 75219.14801182515 -592439.4414021708  1084856.839148022  -438369.500705385 -129344.5808654538
 25051.42607100181 -193955.2558147578 -438369.5007019366  1290968.881946111  -683620.347077204
 -11151.8502990791  311336.2616403496 -129344.5808676155 -683620.3470759011  512788.4308360915

cov*(cov_.inverse()):
    0.9999999999994316                      0 -4.547473508864641e-12 -1.455191522836685e-11                      0
 -1.13686837721616e-13      0.999999999992724 -9.094947017729282e-13 -7.275957614183426e-12  3.637978807091713e-12
  1.13686837721616e-13 -3.637978807091713e-12                      1                      0  3.637978807091713e-12
 3.410605131648481e-13 -3.637978807091713e-12 -1.000444171950221e-11                      1  3.637978807091713e-12
  1.13686837721616e-13 -3.637978807091713e-12                      0                      0                      1
