6
1

0.0007875255556206215
0.0009966807133836141
 0.001324766049053096
 0.001779296594049407
   0.1096495420922187
    0.681348161228747

 -0.01864042746428846   0.04226269221448057    0.1254791772344233    -0.406318604221009    0.7546562269071608   -0.4975143680793992
 -0.02981047210401981   0.07822831801609317   -0.6783362855194367     0.624679951326777    0.2697752551601248    -0.264287381224808
   -0.453892308703226   -0.2937933410361686    0.5783549975823991    0.5173307099951708  -0.02587858604659785   -0.3238394307592035
    0.599035518967151   -0.7894136738135887 0.0003837093137602039   0.08330378436545439    0.1050671275902753  0.001931214481548343
  -0.5556949162992152   -0.3799979627497209   -0.1905994077501307  -0.09756585970621466    0.3802644632018418    0.5969559574341911
   0.3537022043073857    0.3717623807920281    0.3915253186349391    0.4007374069142286    0.4487821591858462    0.4705310957417147

 0.403976932990549
0.4035757144686223
0.4019276769219646
0.4013448536885383
0.3989974075245034
0.3978599579785291

0.01262177354933731

  1.033217145634382  0.4103617683805702 -0.4689794687571476   1.391850355810906  0.7662189796985915  -3.128897862694072

9.356316035866143e-07 2.207793270584126e-06 1.496512635064655e-06 1.536146366547287e-06  -0.02828955043792609   -0.1096620914415835

cov:
0.06179244500685806  0.0635813258466293 0.06556184883572162 0.06645308744012385 0.07115010993765343 0.07327363577843193
 0.0635813258466293 0.06589893208624766 0.06844193332658181 0.06960667062460331 0.07571563881204188 0.07847951741434922
0.06556184883572162 0.06844193332658181 0.07160142291903077 0.07306163583113628 0.08069903557769316 0.08415551346340523
0.06645308744012385 0.06960667062460331 0.07306163583113628 0.07466719739916729 0.08304376024427192 0.08683535472939653
0.07115010993765343 0.07571563881204188 0.08069903557769316 0.08304376024427192 0.09523851532066638   0.100759648205242
0.07327363577843193 0.07847951741434922 0.08415551346340523 0.08683535472939653   0.100759648205242  0.1070663606292571

cov.inverse():
 232216.3492383875 -76985.99435722188 -132911.6308995511 -124562.7813098452 -4221.521410616134  106976.1433803087
-76985.99435680364  255074.3361229541 -141776.2633069534 -85865.59859391347  50792.28112955714 -1003.634775893493
-132911.6308988811 -141776.2633069397  679195.2250359077 -338280.9701113438 -40057.07895250748 -26914.95730597271
-124562.7813109076 -85865.59859368154  -338280.970108817  813715.1043862061  -329628.101380419  64334.29789695346
-4221.521411528362  50792.28113098459 -40057.07895698295 -329628.1013758369   995412.252781417  -672291.635919777
 106976.1433811969 -1003.634777150487 -26914.95730334195  64334.29789407049 -672291.6359191565  529201.2605287333

cov*(cov_.inverse()):
     1.000000000004547 -1.293187779083382e-12  2.046363078989089e-12 -1.182343112304807e-11 -7.275957614183426e-12                      0
 5.456968210637569e-12      1.000000000002956 -1.818989403545856e-12 -9.094947017729282e-12                      0                      0
 1.818989403545856e-12  1.890043677121866e-12      1.000000000006821 -6.366462912410498e-12                      0                      0
                     0 -7.673861546209082e-13  5.002220859751105e-12      0.999999999992724 -1.455191522836685e-11                      0
                     0  1.790567694115452e-12  9.094947017729282e-13 -9.094947017729282e-12     0.9999999999854481  7.275957614183426e-12
 1.818989403545856e-12  8.384404281969182e-13 -9.094947017729282e-13  1.818989403545856e-12                      0                      1
