5
1

0.001131100296857116
0.001877189255265301
0.003117216627445062
 0.09684021134355139
   0.558235495086536

-0.06738144895707113  0.02110443159085184  -0.5558904103467137   0.8034231946301422  -0.2012743533551445
  -0.656122358226042   0.7373045323580089  0.08902315241749607 -0.04447140664199817  -0.1264225056118112
   0.289693691753139   0.3857492172200455  -0.6936760874882612  -0.3687243288544691   0.3874673680845379
  -0.561482847427244  -0.3588154514020016 -0.07383307763320293  0.09558294922535293   0.7357996061053353
  0.4071581613768473   0.4223572454461567   0.4431962232605342   0.4554555230203973   0.5019700818586459

0.3999184141466781
0.4000244433365712
0.3996547765303763
0.3995526003705898
0.3989853047740005

0.0024752065722802

  1.867165975242788 -0.5161920211766111 -0.1229175620363591   1.567954138043976  -2.794168282710184

 2.243723353600528e-06 -4.697651366292192e-06  -1.19883135096582e-05   -0.02588491799676671    -0.0625490230783699

cov:
0.05461968969179416 0.05547804651372911 0.05662003224870935 0.05728453862915912 0.05981765127305285
0.05547804651372911 0.05680052837633408  0.0585786039736071 0.05962297305406748 0.06359339764823659
0.05662003224870935  0.0585786039736071 0.06126687236903239 0.06283952289193408 0.06881603495374181
0.05728453862915912 0.05962297305406748 0.06283952289193408 0.06473162692371735 0.07190368737753745
0.05981765127305285 0.06359339764823659 0.06881603495374181 0.07190368737753745 0.08360069741357964

cov.inverse():
 134386.4503473617 -126871.7854619654 -7974.180548367392 -45031.36748578203  45647.93184521107
-126871.7854618639  169944.6462868669 -18077.49220520678 -10692.59114796614 -14417.66900305577
-7974.180548411171 -18077.49220539609  293302.8901666122 -323886.3497591683  56593.86757653114
-45031.36748590036 -10692.59114752106 -323886.3497595802  519083.9711077928 -139494.3910585298
  45647.9318452715 -14417.66900321001  56593.86757671011  -139494.391058615  51709.04238408128

cov*(cov_.inverse()):
    0.9999999999995453  -1.70530256582424e-12 -1.364242052659392e-12                      0                      0
-1.364242052659392e-12      1.000000000000341 -1.364242052659392e-12                      0  9.094947017729282e-13
-9.094947017729282e-13 -3.410605131648481e-13                      1  1.818989403545856e-12 -9.094947017729282e-13
-1.364242052659392e-12 -6.821210263296962e-13 -3.637978807091713e-12      1.000000000007276 -4.547473508864641e-13
-1.364242052659392e-12 -2.273736754432321e-13 -9.094947017729282e-13 -1.818989403545856e-12                      1
