5
1

0.001055652832363567
0.001413152607015026
0.002167796319505446
 0.06806381783254413
  0.5914745037569805

   0.1683068829917976    0.1902545121079114   -0.8368271065732217    0.4849246806516497 -0.006667950161111155
  -0.2032135992864912    0.7594541366466666      -0.1916335872593   -0.5554992974731051    0.1913916041426962
   0.6404780661028335   -0.3481260780064608   -0.2337547103826214    -0.483259285286573    0.4247531980000406
  -0.5915705595354395    -0.283162691003853   -0.1177775496313733    0.1232819298250592    0.7353864141360128
   0.4125641115447598    0.4308825352554259    0.4410035670095975    0.4555552804706602    0.4920531830983825

0.4022610593721332
0.4015510104331774
 0.401445786083987
0.4013330164057493
0.4007622250347469

0.003625267682297892

  3.957062826291031  0.5565892637732675   1.900105920112229  -6.150512000604905 -0.2624626150023749

-4.233561564412075e-06   5.23378405353135e-06    2.2356175314392e-05   -0.01701832624684263   -0.07721840307048747

cov:
0.06116959899505886 0.06296496699523413 0.06397304850888517 0.06541233751273474 0.06900499256462132
0.06296496699523413 0.06532481327973476 0.06663166611576371 0.06850911771831052 0.07320742495385377
0.06397304850888517 0.06663166611576371 0.06810411288727439  0.0702168270240905 0.07551297715657482
0.06541233751273474 0.06850911771831052  0.0702168270240905 0.07267532859835357   0.078838519894621
0.06900499256462132 0.07320742495385377 0.07551297715657482   0.078838519894621 0.08720872887616198

cov.inverse():
  133465.528030854 -95957.51274076304 -138727.5460470498  63885.74250035069  37313.77947829553
-95957.51274166726  347106.2889536337 -198419.3932183213 -92674.28126028723  40137.40566062374
 -138727.546045921 -198419.3932206696  658410.2488047845  -286797.655263107 -34505.13892633442
 63885.74250028157 -92674.28125897399 -286797.6552645676  415233.2066286767 -99799.83012144659
 37313.77947813951  40137.40566075449 -34505.13892609211 -99799.83012166354  56891.82190561871

cov*(cov_.inverse()):
     1.000000000002274  3.183231456205249e-12 -6.821210263296962e-12  9.094947017729282e-13  4.547473508864641e-13
 1.364242052659392e-12     0.9999999999990905   7.73070496506989e-12  1.818989403545856e-12 -9.094947017729282e-13
 9.094947017729282e-13 -2.273736754432321e-12      1.000000000003638 -2.728484105318785e-12                      0
 3.183231456205249e-12  4.092726157978177e-12 -5.002220859751105e-12      1.000000000000909  1.818989403545856e-12
 2.273736754432321e-12  9.094947017729282e-13  4.547473508864641e-12  1.818989403545856e-12                      1
