6
1

0.0008522810759056679
 0.001266266703902174
  0.00129064307075291
  0.00177504353760699
   0.1036449977103202
   0.6813216330008117

  0.03632672158515676   0.05269740720830617   -0.4780981255851551    0.7903568721585625   -0.3769060676461203  -0.02456350316283588
   0.2830926025905051   0.09565546272105828   0.01156249279156293   -0.3147638702728221     -0.67307461534512    0.5987229640822983
  -0.3049199417340647   -0.2712849710962364    0.7613262992324842    0.3044479382298679   -0.3879051215766363   -0.1032067306398996
     0.60159669737321   -0.7871136842794078 -0.009776834414462823    0.0734830087065641    0.1138926929089402   0.00815948355946752
  -0.5815720797863169   -0.3954907551281074   -0.1948522862994587   0.06637905365318475    0.2333567525468607    0.6391650901152081
   0.3541441888736396    0.3721781707875317    0.3919282551718911    0.4168515829137867    0.4324523968564698    0.4708261120090524

0.4034952178171275
0.4030211108961791
0.4012950969137056
 0.399975116092651
 0.399074440145708
0.3969206207157083

0.01355204596376948

   1.02910979766524  0.3421356549873091 -0.1245644400968038   0.384859321216923   1.888959454131528  -3.517619445590244

-1.499335510383258e-07 -5.092513679670821e-06  -1.25593598605946e-06  1.782536482191813e-06   -0.02676475740212319    -0.1095066600985866

cov:
0.06185372648087371  0.0636531337791728 0.06564734337310266 0.06811282996169177   0.069634557505103 0.07340793359939975
 0.0636531337791728 0.06598160992968097  0.0685388941464893 0.07173493156615607 0.07372091552131324  0.0786268183266369
0.06564734337310266  0.0685388941464893 0.07171358188084748 0.07570012469187336 0.07818843257648658 0.08432071305278896
0.06811282996169177 0.07173493156615607 0.07570012469187336 0.08070979722391323 0.08384682291280056 0.09156126670852974
  0.069634557505103 0.07372091552131324 0.07818843257648658 0.08384682291280056 0.08739833868161258 0.09611721666711262
0.07340793359939975  0.0786268183266369 0.08432071305278896 0.09156126670852974 0.09611721666711262  0.1072915453018314

cov.inverse():
 222512.1132362474 -81083.56227708849 -163086.3757715384 -57749.23263533165 -44942.86366525813  124894.4956433742
-81083.56227718102  250359.0204407714 -155534.5530881434 -29380.80366413865 -32783.41585252136  48682.51482489104
 -163086.375770396 -155534.5530882384  662757.0646822521 -383557.4670898964  65575.04827497715 -26721.68580243719
-57749.23263681142 -29380.80366455672 -383557.4670881296  979113.1510030964 -346210.6660685839 -162928.2590369204
-44942.86366528058 -32783.41585201434  65575.04827567143 -346210.6660704605  572560.5160807945 -214238.2456710592
 124894.4956438271   48682.5148248051 -26721.68580385529 -162928.2590351692 -214238.2456717589  230848.5267576311

cov*(cov_.inverse()):
                     1 -2.728484105318785e-12  5.229594535194337e-12  1.091393642127514e-11  1.818989403545856e-12 -7.275957614183426e-12
-1.818989403545856e-12     0.9999999999968168  7.275957614183426e-12  9.094947017729282e-12                      0 -3.637978807091713e-12
                     0                      0      1.000000000005457  5.456968210637569e-12  7.275957614183426e-12                      0
-3.637978807091713e-12  9.094947017729282e-13 -4.092726157978177e-12      1.000000000005457                      0 -7.275957614183426e-12
                     0 -3.637978807091713e-12  2.728484105318785e-12  1.818989403545856e-11      1.000000000003638 -3.637978807091713e-12
-1.818989403545856e-12                      0                      0 -3.637978807091713e-12                      0                      1
