5
1

                  nan
                  nan
0.0002424568917060526
  0.04494881748221369
   0.8306377841121171

  0.570323787424746 -0.7339025255117565 -0.2155155500282945   0.289303270542599 0.07729505737313647
-0.1349587188164585  -0.222737746048314   0.641057210738823   0.347624434917604 -0.6327534634505871
 0.1413862036499336   -0.30376408701906   0.572597796645658 -0.6960871870350039  0.2744662313968148
-0.7208498740344657 -0.4181119448166468 0.04071902528370628  0.2609985432761691  0.4855713975244006
 0.3419098159381624  0.3803745004228082  0.4615976868575543   0.492750706092833  0.5315423165901288

0.5771584510803223
0.5980998687446117
 0.638845871668309
0.6507794982753694
0.6738123474642634

-0.2187139056334903

-119.7055878808503 -35.24386775311206  690.5809785860823 -596.5291928328701  54.92694064759272

 2.642860994141277e-14 -6.040997528193407e-15  4.817565767493282e-05  0.0002487619735451257    -0.2125001696388579

cov:
0.08170767297584723 0.09034072622876654  0.1088333492273846  0.1158616386523369  0.1246856665582217
0.09034072622876654  0.1001797775307429  0.1211086088489951  0.1290984374160653  0.1390892929217007
 0.1088333492273846  0.1211086088489951  0.1470146334709825  0.1569544366220188  0.1693274339213499
 0.1158616386523369  0.1290984374160653  0.1569544366220188  0.1676619828624341  0.1809686532545499
 0.1246856665582217  0.1390892929217007  0.1693274339213499  0.1809686532545499  0.1954155165330748

cov.inverse():
-9.041820095426624e+16  8.601768139090664e+16   7.93204331160972e+16 -1.402576300934825e+16 -5.927465223006731e+16
 8.475953058826782e+16 -8.568636221827493e+16 -6.683634161310998e+16  1.845073172358471e+16  4.773407596982791e+16
 8.119322182398448e+16 -6.972171210497342e+16 -8.242135293810963e+16       4701503680020563  6.488371181509243e+16
-1.270515349949683e+16  1.738955994517369e+16       3252474530701548      -7536829258055914     -109276837897408.8
-6.122489718445906e+16  5.041420008046355e+16  6.536685983828472e+16      -1277540990664867 -5.227535804521511e+16

cov*(cov_.inverse()):
       1        1        0  -0.4375        0
       0        0       -2 -0.09375        1
      -2        2        0  -0.3125        2
       0        0       -2     0.75        2
       2        0       -2   0.4375        2
