6
1

 0.00101934187766328
0.001242360808753512
0.001851446956938872
0.003003129920002938
  0.1054534470048712
  0.6290185105242767

0.0002019038319650988   0.01053702823576624    0.3173603631745112 -0.009290651849970848   -0.8106512540911034    0.4918633531635261
  0.03107572033605148   -0.1867046727748194    0.6715670164092536   -0.6759669036811812    0.2274050440874352  -0.06729857570620912
   -0.669083482220569    0.6965955330197844    0.1901428171286441  -0.02420760917709013  -0.02129252122006392   -0.1728822908480933
   0.1324409856007357    0.3651731262578056    -0.495310723756149   -0.5975727948478667     0.111397727456913    0.4840171084781109
  -0.6378731946134937   -0.4562691365895302  -0.04259990685086054    0.1019783195605788    0.2990187049655699    0.5322684914082672
   0.3562846131770454    0.3718226222701277    0.4061753147592259    0.4182147746925238    0.4345762063233038    0.4539501611280909

0.3992001128262581
0.3994538126909717
0.3993042465150197
0.3992991002875466
0.3992373437813575
 0.399202417819214

0.0005029667403144021

  1.916950916015521 -0.0210585505146438 -0.7327924182533916   2.788814942431582   -2.25379946584867  -1.696598602892635

 7.629247598070435e-07 -4.186034570504877e-06 -3.985959841676666e-06 -1.920657636527786e-05   -0.02751774590176691   -0.08142270069107363

cov:
0.05475151949393945  0.0556508393780611 0.05755935121436446 0.05823129313696469 0.05914094171955663 0.06021830992437584
 0.0556508393780611 0.05701939155717512 0.05997004714673337   0.061007214952647 0.06241656644765605 0.06408427952303763
0.05755935121436446 0.05997004714673337 0.06529937363832156 0.06716454568629776 0.06969813926925002 0.07269957291242359
0.05823129313696469   0.061007214952647 0.06716454568629776 0.06932268290528627 0.07224874864255496 0.07571742280350728
0.05914094171955663 0.06241656644765605 0.06969813926925002 0.07224874864255496 0.07571894209102366 0.07982501251986096
0.06021830992437584 0.06408427952303763 0.07269957291242359 0.07571742280350728 0.07982501251986096 0.08468783554503644

cov.inverse():
 133205.9817093386 -134336.4936132413 -30801.96275728225 -17667.33510090193  10196.21117176127  39563.18200202784
-134336.4936131228  179056.0450954909 -59430.81168569704  52555.06996653135 -35557.13953394819 -2427.169776913846
 -30801.9627581457 -59430.81168472688  426883.8705527582 -265478.2306955775 -155952.6463770143  84774.83404311408
-17667.33510037855  52555.06996620413 -265478.2306963134  335893.1673420602 -99572.40166467689 -5768.236961960601
 10196.21117242052 -35557.13953514022  -155952.646375875 -99572.40166525265  667474.5401364664 -386589.7838250919
 39563.18200158993 -2427.169776246254  84774.83404281845 -5768.236961925108 -386589.7838250619  270491.1687224663

cov*(cov_.inverse()):
     1.000000000001364 -7.958078640513122e-13  5.456968210637569e-12 -2.330580173293129e-12                      0  1.818989403545856e-12
 9.094947017729282e-13      1.000000000000512                      0  4.263256414560601e-12                      0 -3.637978807091713e-12
                     0 -8.242295734817162e-13      1.000000000001819  -1.13686837721616e-13 -7.275957614183426e-12  3.637978807091713e-12
                     0  1.364242052659392e-12 -3.637978807091713e-12      1.000000000003752  3.637978807091713e-12 -3.637978807091713e-12
                     0 -2.842170943040401e-14 -2.728484105318785e-12  3.069544618483633e-12      1.000000000003638 -3.637978807091713e-12
 4.547473508864641e-13 -1.108446667785756e-12                      0 -7.958078640513122e-13 -3.637978807091713e-12                      1
