5
1

                  nan
3.094984880906974e-09
6.372162900395945e-09
  0.05550275197035679
   0.8359878266732728

                  0 0.01257652267167116  0.3871218873867341 -0.8221310261550134  0.4172278169261081
 0.5466921045842676 -0.7406904863849821  -0.197895924777619 0.06329364064433159  0.3306606480583988
                  0 -0.4093960521737487  0.7684703067787719  0.1126512417827478  -0.478704457665368
-0.7815912821095621 -0.3713786872210852 0.04133006958245913  0.2369326602378969   0.439713177274888
 0.3004044116113399  0.3816964469297038  0.4676740961505061  0.5012655016303124  0.5422903729099408

0.4877419819434484
0.5096020648876826
0.5349747681369384
0.5414955584953228
0.5571570234994093

-0.1346277170110418

-2.458611548768577 0.9499640621093333 -1.613706255208365  4.502431361387925 -2.877845484560822

 2.525974584248481e-17 -2.294155944948624e-17  1.038845084165716e-17   0.004015457278243741    -0.3035795942901452

cov:
0.06495036745061153 0.08102956706786152 0.09808647933243292  0.1046678786882297  0.1127926169078061
0.08102956706786152  0.1022455915576591  0.1247086869451054   0.133445695218619  0.1441574306458349
0.09808647933243292  0.1247086869451054  0.1528626866993445  0.1638668084698547  0.1773014429629774
 0.1046678786882297   0.133445695218619  0.1638668084698547  0.1757773925078501  0.1902973240759455
 0.1127926169078061  0.1441574306458349  0.1773014429629774  0.1902973240759455  0.2061201636067195

cov.inverse():
      4131679346509422       8739994124789937 -2.563022107203589e+16      -9005458208487023   2.19873285406757e+16
     -9175573680628000       1464036463498835  1.426006592343059e+16  2.118692060151857e+16 -2.782968550168718e+16
 1.905817282848623e+16 -5.830480406394863e+16  6.109614759675042e+16      -2848377530793972 -1.957570222315579e+16
-2.611944597832606e+16  5.747698050085824e+16 -2.405173530862503e+16 -2.495984945141317e+16   1.78272067391198e+16
 1.187716568452009e+16      -8718449498901862 -2.629654917134642e+16  1.560405886815208e+16       7811841973590365

cov*(cov_.inverse()):
    1 0.875     1  0.25  0.25
 -0.5  1.25     1     0 -0.25
 0.25  0.75     0   0.5 -0.25
 -0.5   1.5     0     1   0.5
    0  0.25     1     0  1.25
