5
1

0.001702428264598592
0.001788554542208469
0.007492984688104496
 0.08695806509977187
  0.5542422152480454

    0.4740372661926545    -0.2976371124359032    -0.6676044822992827     0.4909226761871561 -2.793849886214696e-05
    0.3547908591639086    -0.7707145150523745     0.5189017148280224    -0.1042041047032389   0.002257753939903382
    0.3740441289741909    0.07743568709328974    -0.2835949207745306     -0.699860677959503     0.5327885662261173
   -0.5832197421709687    -0.3605701907530029   -0.09709617220926602     0.2125512777278942     0.6893751936071683
     0.411531090485638     0.4259156459830213     0.4418048435855372     0.4616854084228154     0.4908086061841062

0.4003963341010773
0.4007156301507657
0.4005824461334572
0.4005777408625392
0.4006876850917865

-0.0002182404590827889

   3.256397438922173     1.07010273510672  -0.6976372299990037   -3.529593838038251 -0.09686516888598315

-1.213147356123626e-07  1.075385479533576e-06  0.0002199395904711624    -0.0229444865976844   -0.05819346495920703

cov:
0.05460507891056739 0.05543303479961522 0.05627310003728168 0.05741287579380898 0.05901698692648092
0.05543303479961522 0.05671012452593029 0.05806618364413619 0.05982171595946002 0.06233748710192678
0.05627310003728168 0.05806618364413619 0.06003775419839927 0.06251186133764471 0.06609574253807325
0.05741287579380898 0.05982171595946002 0.06251186133764471 0.06584726767902975 0.07069480053195347
0.05901698692648092 0.06233748710192678 0.06609574253807325 0.07069480053195347  0.0776081549439127

cov.inverse():
  119420.209927039 -133616.4287849742   -53523.050177212  64059.35027041575  3742.830801336509
-133616.4287848806  216377.9503162744 -56844.72600896717 -26284.27739656971  161.5483115191331
-53523.05017741227 -56844.72600871103  239386.3567691585 -126452.3609802154 -2326.663235518708
  64059.3502705393 -26284.27739674148 -126452.3609801858  95280.07642750548 -6699.519369351377
 3742.830801319415  161.5483115285674 -2326.663235492209   -6699.5193693702   5121.14490667845

cov*(cov_.inverse()):
    0.9999999999998579  6.306066779870889e-13  6.252776074688882e-13 -2.160049916710705e-12  5.684341886080801e-14
 1.222133505507372e-12     0.9999999999993392  1.023181539494544e-12   1.13686837721616e-13  -1.13686837721616e-13
 9.094947017729282e-13  1.023181539494544e-12     0.9999999999998863  5.684341886080801e-14 -5.684341886080801e-14
 1.364242052659392e-12  5.506706202140776e-13   -1.4210854715202e-12     0.9999999999997158                      0
 5.684341886080801e-14 -2.398081733190338e-13  2.842170943040401e-14 -3.410605131648481e-13      1.000000000000057
