5
1

0.001021061060008141
0.001291576466489438
0.002805269309536309
 0.09184941381179637
  0.5845205118528948

-0.00731845773424115  -0.3257390492977187  0.01749986094237355   0.8072862789204062  -0.4917551531736625
 -0.1290218195710743   0.6786332868287767  -0.6792442680690686   0.2276300554308756 -0.09809186634167606
  0.4185059930717409  -0.4712503248365366  -0.5786641494645961   0.1311950378730692   0.5007110237116764
 -0.8150498432037184    -0.14323843890645  0.01993413019463799   0.2425559985725586   0.5059107833631235
   0.379270743806573   0.4367571576193031   0.4506344546748642   0.4694974667933081   0.4918308704171288

0.3992265757128395
0.3993139246573314
0.3993065463765461
0.3992436464482972
0.3992026553110599

0.0005552176911608022

  1.898568688582314 -0.7445944442914876   2.811087577757625  -2.262167527405747  -1.701418497260566

-7.419866589665037e-07 -5.017388394270032e-06 -1.282676908681053e-05   -0.02357279514280763   -0.08106138969454896

cov:
0.05475283695078423 0.05757962461219741 0.05825584831813721 0.05917156356561665 0.06025606350848801
0.05757962461219741 0.06535049650104705 0.06722289248801969 0.06976682084408185 0.07277997024520073
0.05825584831813721 0.06722289248801969 0.06938899471217888 0.07232644379354695 0.07580797251825473
0.05917156356561665 0.06976682084408185 0.07232644379354695 0.07580955718660172   0.079930131189624
0.06025606350848801 0.07277997024520073 0.07580797251825473   0.079930131189624 0.08480923851508511

cov.inverse():
 32365.88143002589  -75248.1993419007  21637.09176934065  -16318.4371580762  37618.44726638711
-75248.19934193057  406073.5618769058 -247140.8060571723 -167485.3576877635  83746.87354921816
 21637.09176933969 -247140.8060566462  319419.0549149162 -88781.51445685644 -5129.845654540635
-16318.43715800116 -167485.3576888817 -88781.51445556573  658359.2459046385 -385801.4848984627
 37618.44726634277  83746.87354978071 -5129.845655306348 -385801.4848982152  269607.5614781789

cov*(cov_.inverse()):
    0.9999999999986358  6.366462912410498e-12 -1.193711796076968e-12 -7.275957614183426e-12  1.818989403545856e-12
 1.364242052659392e-12      1.000000000002728    1.4210854715202e-12 -7.275957614183426e-12                      0
                     0 -9.094947017729282e-13      1.000000000000966 -3.637978807091713e-12 -3.637978807091713e-12
-4.547473508864641e-13 -9.094947017729282e-13  2.273736754432321e-12      0.999999999996362 -7.275957614183426e-12
                     0 -9.094947017729282e-13 -1.364242052659392e-12 -3.637978807091713e-12                      1
