6
1

                  nan
                  nan
                  nan
0.0002545064697095515
  0.04569959125651784
   0.9021885571218624

  0.3834595415582742   -0.766245316246655   0.2624510007111293 -0.09848341566298086    0.391268625883025  -0.1848140870785318
 0.00839328703991485  0.04700667649800165   0.4733171184782926  -0.7378381813104614  -0.2179929794114739   0.4263387263438111
 -0.5307010027622563   0.1138546362510304   0.6718100563544788   0.1269762484082815  0.09877454785948626  -0.4776875931899278
 0.05521129205172438  -0.3567320668348347   0.2753400385726383    0.493849058529604  -0.7063124972451614   0.2260919558614842
 -0.6848467359017004  -0.3843663685457435   -0.166163989655373  0.07266016448895192   0.2915221986380914   0.5151429702472948
  0.3149308494614101   0.3502860784009643   0.3903063123531982   0.4249782056362932   0.4536176539317988   0.4892890297654379

0.5771584510803223
0.5980998687446117
0.6214719489216805
 0.638845871668309
0.6507794982753694
0.6738123474642634

-0.2187139056334903

 1569.803262077158 -1439.711993584884 -1491.395121400659  950.3054677538053 -38.22517016716407  419.4442007612226

-6.028525210042156e-14  1.952274660900987e-14  1.870430061875882e-14  5.057264638753303e-05  0.0002046508022805022    -0.2308158772742402

cov:
0.08170767297584723 0.09034072622876654  0.1002872723110984  0.1088333492273846  0.1158616386523369  0.1246856665582217
0.09034072622876654  0.1001797775307429  0.1114149068608723  0.1211086088489951  0.1290984374160653  0.1390892929217007
 0.1002872723110984  0.1114149068608723  0.1240531266431024  0.1349850814878242  0.1440075056915651  0.1552622724007524
 0.1088333492273846  0.1211086088489951  0.1349850814878242  0.1470146334709825  0.1569544366220188  0.1693274339213499
 0.1158616386523369  0.1290984374160653  0.1440075056915651  0.1569544366220188  0.1676619828624341  0.1809686532545499
 0.1246856665582217  0.1390892929217007  0.1552622724007524  0.1693274339213499  0.1809686532545499  0.1954155165330748

cov.inverse():
-2.851253492494613e+16   8.21925938742195e+16 -7.697669081255965e+16  4.852972258209028e+16 -3.594726797741926e+16  1.208955110981531e+16
  5.67251386719673e+16 -8.395415098070816e+16  3.485941200517954e+16 -5.289256522062384e+16  2.837803390130193e+16  1.541631937929431e+16
 -3.61381969599171e+16       2232947957760171  4.493608619520418e+16  1.797445910367643e+16  1.279694562111339e+16 -4.165973115792073e+16
 3.047487440384461e+16 -6.658787807525477e+16   6.30658039488499e+16 -5.719500390442082e+16  2.266145138626055e+16       6416131875194712
-2.315632593277177e+16  1.803533043837008e+16  1.299552144566368e+16       8450691390014562      -3835951487058014  -1.21572768146542e+16
      1568352483010905  4.653426603970074e+16  -7.80803533692043e+16  3.413468104470716e+16 -2.351334723657964e+16   2.01120400402947e+16

cov*(cov_.inverse()):
    0.25       -1        0        0        0      0.5
-0.65625       -4        4        0      0.5      0.5
    -0.5       -2        2        1        0        0
  0.4375       -3        2        3     -0.5      0.5
  -0.125       -4        2       -1        2      0.5
  -0.625       -2        2        0        1      0.5
