5
1

0.001185365557277484
0.001919453063453567
0.003272372527976481
 0.07877219999422919
  0.5755397402913539

 0.02393594983689227   0.1513575702939965  -0.7345554887426716   0.6541859628802194 -0.09479934677305775
 -0.6571357964889195    0.691601313772768   0.1775162703105237   0.0285966668306272  -0.2398548981819512
  0.1723443971495735   0.4603207785061512  -0.4775445314084671   -0.586453530426847   0.4317703866853254
 -0.6102312760997192   -0.324954787758283  -0.0586110047705755   0.1342267611288958   0.7075097895430897
  0.4068351185912266   0.4257789044691382   0.4443334090237946   0.4574695507499834   0.4964745134967398

0.3995921471546356
0.3994315348008919
0.3994501715954712
0.3994478683185221
0.3993536992575284

0.0004719555971131083

  2.308098649665211  -0.697443695321143 -0.5750402267599869   2.468295444146922  -3.505428792890263

 3.258573978378996e-06   -4.3835320541538e-06 -2.794612818549513e-05   -0.02045774926994439   -0.07441005820134418

cov:
0.05713868239309706 0.05860865921725637 0.06010007824482546  0.0611403595157947 0.06422852139771414
0.05860865921725637 0.06071010659068477 0.06278382124426564 0.06424705852038581 0.06859645181295389
0.06010007824482546 0.06278382124426564 0.06542325012759743   0.067285569593046 0.07281335903217435
 0.0611403595157947 0.06424705852038581   0.067285569593046 0.06943871071078316 0.07581969367758552
0.06422852139771414 0.06859645181295389 0.07281335903217435 0.07581969367758552 0.08475610013793661

cov.inverse():
 120449.4855721946 -113335.3544684505 -51854.69030656765 -3407.563294190815  48045.92709434849
-113335.3544685114  165934.1291292017 -66328.76165218369  50621.27520103354  -36712.4005380689
-51854.69030613213 -66328.76165246972  413862.2482247319 -314465.9386825961  18741.75969539875
-3407.563294663612  50621.27520127629   -314465.93868211  336920.5076666699 -69628.79948225811
 48045.92709444659 -36712.40053808643  18741.75969506235 -69628.79948200229   39501.6443988508

cov*(cov_.inverse()):
                     1 -4.547473508864641e-13  5.229594535194337e-12 -2.728484105318785e-12 -9.094947017729282e-13
 4.547473508864641e-13     0.9999999999990905   1.13686837721616e-12 -1.818989403545856e-12 -9.094947017729282e-13
 2.273736754432321e-12 -9.094947017729282e-13      0.999999999998181                      0                      0
 9.094947017729282e-13 -1.364242052659392e-12  2.728484105318785e-12     0.9999999999954525  4.547473508864641e-13
 9.094947017729282e-13                      0  2.273736754432321e-12  9.094947017729282e-13     0.9999999999995453
