6
1

                  nan
                  nan
6.176158095494053e-09
6.263638421211551e-09
  0.06140051080133414
   0.8557740927093204

                    0   -0.4406631506505877    0.6083109249086167   -0.3312668317128543    0.4819239486841885   -0.3062440206552406
                    0   -0.4053105756983318   -0.1260444337862684    0.8127716281071402    0.1020267699397322    -0.385783561985629
   0.7445425658998148   -0.5009717309766433    -0.308127907376581   -0.1692276809057462  -0.01634045214418498      0.26615008296129
                    0   -0.2628133161285654    0.5830926533634919    0.1627013471404349   -0.7119035237956866    0.2401119799281187
  -0.5990123594571103   -0.4587414295554415   -0.1993040493288099 -0.004817568459465905    0.2043329047096973    0.5909680575422255
   0.2946872253440004    0.3332448218997365    0.3733746986054529     0.417769818726874    0.4566336303692606    0.5288220575146796

0.4877419819434484
0.4952724774678548
0.5096020648876826
0.5245364407698313
0.5349747681369384
0.5571570234994093

-0.1346277170110418

-0.1749538620202911   22.15724752161179   4.873623801356713  -43.86144730170641   -6.76231961364569     22.377208961849

 2.44358408358764e-17 1.327211836478658e-17 2.886242312257172e-17 2.722510401003355e-18  0.003855888739281929   -0.3122815068870148

cov:
0.06495036745061153  0.0729548634528083 0.08102956706786152 0.09017144783101422 0.09808647933243292  0.1127926169078061
 0.0729548634528083 0.08212231326994945 0.09146738631279611  0.1019657292309307  0.1110887865317087  0.1280378162912028
0.08102956706786152 0.09146738631279611  0.1022455915576591  0.1142388907990534  0.1247086869451054  0.1441574306458349
0.09017144783101422  0.1019657292309307  0.1142388907990534   0.127818197894841  0.1397049158380054  0.1617841907723964
0.09808647933243292  0.1110887865317087  0.1247086869451054  0.1397049158380054  0.1528626866993445  0.1773014429629774
 0.1127926169078061  0.1280378162912028  0.1441574306458349  0.1617841907723964  0.1773014429629774  0.2061201636067195

cov.inverse():
-1.802267365470036e+16  3.771105244949923e+16       5157307982053578       6973395181208057 -6.890201489933858e+16  3.662504865150108e+16
 5.093246512540913e+16 -5.856633444621612e+16 -3.041308142346678e+16 -1.417595729479773e+16  8.770039963165262e+16 -3.453223731035315e+16
-1.191411899712525e+16 -4.952454624190904e+16  7.245926264110051e+16  3.170683186473614e+16 -2.421315024366505e+16 -1.745263205081019e+16
 -3.48914937420029e+16  8.719143564425477e+16 -3.832410553370723e+16 -5.430116394617886e+16  2.995042265199962e+16       8593158164755309
     -5876493110060900  1.005675593385429e+16 -1.996429156411201e+16  3.716970616663213e+16 -2.656043004559913e+16       4603686833487193
 1.899792050706637e+16  -2.67065797037189e+16  1.264655139557404e+16      -6537142888602848     -500319214072908.4       2910177736391017

cov*(cov_.inverse()):
    0.75     -0.5     0.75     0.25 0.296875   0.0625
       0        0     -0.5        1 0.515625   0.1875
       0     -0.5        1    1.375 2.109375     0.25
    -0.5      0.5    -1.25    1.625 2.671875   0.4375
       0        0    -1.25    -0.25   2.5625   1.0625
    -0.5        0        0    -0.25 0.796875        1
