5
1

0.0008711443234809869
 0.001402711988460245
 0.002190737366120593
   0.1039286645056351
   0.6648367782267931

  0.1203350181108919  -0.0446341911027628   0.3512677539677549  -0.8334532758026878   0.4068093834673322
 -0.2765904284179455   -0.212634292908889   0.8222519965209442   0.1045382994147601  -0.4373302991555754
  0.5037241242157902  -0.8321972109445531 0.003894076483365455   0.1862357792106031   0.1378799459287081
 -0.7175233976729353   -0.290859102372981 -0.02172845828251455   0.1963124389233627   0.6012906591518753
  0.3747524500236799   0.4190981163482242   0.4472419138551041   0.4703244006800192   0.5125299978448323

0.3677600594067082
0.3536350237583264
0.3441937358300316
0.3367176790346914
0.3232773179415522

0.08883763978624869

  1.517531510901329  -1.507035784116856 -0.5254899567525735   5.920217157545329  -5.365604592115871

-5.351491517817875e-06  4.789255802825029e-06  1.141889707405028e-05   -0.02919757349677706    -0.1164819392315288

cov:
 0.0676375799803562 0.07167318766633178 0.07425073389842451 0.07638508575540305  0.0802378445767558
0.07167318766633178 0.07855288546241478 0.08291708331515382 0.08650760253031681 0.09305405656911959
0.07425073389842451 0.08291708331515382 0.08841930769497276 0.09292971086743651   0.101177509913973
0.07638508575540305 0.08650760253031681 0.09292971086743651 0.09819136195272188  0.1078231400955047
 0.0802378445767558 0.09305405656911959   0.101177509913973  0.1078231400955047  0.1200154997220035

cov.inverse():
 110879.5475828703 -64512.36407417632 -59476.07610735561 -127318.9437191937  140414.9538580271
-64512.36407426799  169914.1487119508 -110192.9601937049  5424.390373083274 -589.0342923228445
-59476.07610782157  -110192.960192986  506210.1840972653 -341942.3580486318  5652.161263107725
-127318.9437182754  5424.390371679631 -341942.3580485655  928124.6522051243   -464651.66682025
  140414.953857666 -589.0342917290568  5652.161263293934 -464651.6668206684  319271.6694105242

cov*(cov_.inverse()):
     1.000000000003638 -6.110667527536862e-13  7.617018127348274e-12 -1.455191522836685e-11  3.637978807091713e-12
                     0      1.000000000003396  5.798028723802418e-12                      0 -7.275957614183426e-12
                     0  1.648459146963432e-12     0.9999999999997726                      0 -7.275957614183426e-12
 3.637978807091713e-12  3.481659405224491e-13  6.366462912410498e-12      0.999999999992724                      0
                     0  -1.70530256582424e-13 -3.410605131648481e-13                      0                      1
