5
1

0.0005241036620908846
0.0008505253431036182
 0.002458840307753367
  0.03510436260219346
   0.5619912833962252

-0.003421177727245338   -0.1080512778461395    0.5657941707636461   -0.7586564512277246    0.3043526938261076
 0.003587616122013806    0.5738396932979345   -0.6074467541339391   -0.3730224685794634    0.4031845907686931
   0.6149527167877531   -0.6193053671773596   -0.3326350027238972  -0.01952649370811059    0.3567445715172387
  -0.6570465726388345    -0.282306639280938  -0.02097448958937998    0.2836764864785185    0.6384986175451997
   0.4360027317029587     0.442489266937366    0.4469892873116286    0.4521515166491301    0.4581096480247103

0.4015877450436608
0.4017944546306484
 0.401811064782376
0.4018361463128132
0.4018504196251172

-0.0002645490334900841

  -3.691711954989196    11.02443631128759 -0.03691876772064737    6.758855441676048   -14.06189586316511

-2.913549309194286e-06 -1.342114432928071e-06 -8.605680821195737e-05  -0.009546807445294911   -0.04224834367492886

cov:
0.06057386078670411 0.06115907617501376 0.06156821387778312 0.06203356984674037 0.06256813612317684
0.06115907617501376 0.06194008304824043 0.06247647664423351 0.06309089385546555 0.06379900440627694
0.06156821387778312 0.06247647664423351 0.06310505738206523 0.06382501964195324 0.06465605214455962
0.06203356984674037 0.06309089385546555 0.06382501964195324 0.06466888676897405 0.06564330022943242
0.06256813612317684 0.06379900440627694 0.06465605214455962 0.06564330022943242 0.06678567487472592

cov.inverse():
 62960.67916474463 -58649.25803665694 -43881.37670276339  5462.288730769286  34155.01682018006
-58649.25803639041  561211.4116855157 -670348.7338048341  4460.431406445497  163420.5344753679
-43881.37670390859 -670348.7338073964  1693806.477728376 -1248373.077392305  268705.0265984338
 5462.288732205859  4460.431412187396 -1248373.077403156  2287827.306525777  -1049506.44590564
 34155.01681962217  163420.5344724545  268705.0266055792 -1049506.445909315  583322.3583106033

cov*(cov_.inverse()):
     1.000000000000909 -1.818989403545856e-12 -1.091393642127514e-11  4.365574568510056e-11 -1.455191522836685e-11
 4.547473508864641e-13                      1 -1.455191522836685e-11  5.820766091346741e-11 -2.182787284255028e-11
 4.547473508864641e-13  1.818989403545856e-12      0.999999999996362   2.91038304567337e-11 -2.182787284255028e-11
 4.547473508864641e-13 -1.818989403545856e-12                      0      1.000000000029104 -7.275957614183426e-12
 4.547473508864641e-13 -1.818989403545856e-12 -3.637978807091713e-12                      0                      1
