6
1

0.001013192368272127
0.001267911512917527
0.001653882846961573
0.001991087976829764
 0.07292344658506608
  0.6321967442337055

  0.1254763749663476  0.04254810257128338   0.1433020962950942  -0.8427810403122751   0.5006732852682403  0.03092292028879412
 -0.1346520563210725   0.1279092558397453   0.5570504178415514  -0.2898624295651071  -0.6484612678906304   0.3881760347495352
 -0.3939447631535494   0.8235099200796002  -0.3925910628406908   -0.089575232898271 -0.01371909743386886  0.06556871593085387
  0.5147405805849929 -0.09744619019294078  -0.5870268790208265  -0.1470918276083186  -0.2343763130517098   0.5517042288709632
  -0.636821293747295  -0.3779528995968393 -0.08323326175318721  0.07470592129424693   0.3049559905409928    0.588305480860945
  0.3747436472667018    0.388993751198935   0.4043553709332849   0.4128670333683909   0.4250948359406788   0.4399806672718554

0.4018872801060833
0.4020769103076308
0.4013952209503808
 0.401301836423367
0.4012080003665496
0.4009482425802635

0.003359431206994637

  3.266462521602895  0.7562687578594728 -0.6897291535941712  0.4909907661262457  -3.554335473858292 -0.2648371543287088

-1.907701416354381e-06  2.141981211214445e-06 -1.110031438005874e-06  1.041572821494734e-05   -0.01867419265004186     -0.074085242332597

cov:
0.05828527995046826 0.05954029837547927 0.06084324351315191 0.06158384160414083 0.06263550585572178 0.06390669727968823
0.05954029837547927 0.06123849732224133 0.06303195998322257 0.06403812495363674  0.0654765962378948 0.06722146585921825
0.06084324351315191 0.06303195998322257 0.06538694400168563  0.0666903523780612 0.06856457008607478 0.07084379495560376
0.06158384160414083 0.06403812495363674  0.0666903523780612 0.06815853820331857 0.07026677790482344 0.07283512684456141
0.06263550585572178  0.0654765962378948 0.06856457008607478 0.07026677790482344 0.07271880701791347 0.07570534553818724
0.06390669727968823 0.06722146585921825 0.07084379495560376 0.07283512684456141 0.07570534553818724 0.07921181990409801

cov.inverse():
 150262.1017124745 -136722.4694872843 -48810.23349324347 -84940.61865306647  87020.62913225508  33386.00578871583
 -136722.469487243  262292.6196545046  -53498.2696664605  -81351.3040523268 -29234.09207882272  38305.10565178887
-48810.23349343109 -53498.26966623273  356299.9724697498 -183452.1133022335 -118137.8388248822  47711.49795316309
-84940.61865251655 -81351.30405252225 -183452.1133026766  752560.5386809629 -284968.6788785462 -117986.4039528587
 87020.62913156218 -29234.09207882975 -118137.8388241113 -284968.6788778887  519702.7794933456 -174409.0502259775
 33386.00578900534  38305.10565180474  47711.49795287576 -117986.4039536057 -174409.0502252484   173076.112020172

cov*(cov_.inverse()):
     1.000000000000909 -2.273736754432321e-12  3.637978807091713e-12 -1.728039933368564e-11                      0                      0
-9.094947017729282e-13     0.9999999999995453 -9.094947017729282e-13 -9.094947017729282e-13                      0                      0
 1.818989403545856e-12  4.547473508864641e-13     0.9999999999986358  1.818989403545856e-12 -1.818989403545856e-12  1.818989403545856e-12
 1.818989403545856e-12 -1.818989403545856e-12 -1.364242052659392e-12      0.999999999998181 -1.818989403545856e-12 -1.818989403545856e-12
-9.094947017729282e-13  9.094947017729282e-13  1.364242052659392e-12 -5.456968210637569e-12      0.999999999998181 -1.818989403545856e-12
                     0 -1.818989403545856e-12  9.094947017729282e-13 -1.818989403545856e-12 -1.818989403545856e-12                      1
