5
1

0.001023848526158243
0.001854216969135674
0.002399404146203684
  0.1048969833950139
  0.5715809736266677

0.0004576924402791074  -0.01205075530448991    -0.310267368923606     0.813531117423639   -0.4916867402919158
   0.6676857378595615   -0.7105231193581124   -0.1488452764151721   0.03030835844249767    0.1621084187016914
   0.1084647524380674    0.3661205627403321   -0.8253254005553639  -0.06068829931129553    0.4115167609491536
  -0.6227983399070057   -0.4391858494866139  -0.02126492186720135    0.3242252251745764    0.5600569827064714
   0.3931325110750697    0.4099795108339356    0.4471744958807745    0.4779575902516501    0.4989540475703032

0.3991420164757335
0.3993963816030067
 0.399246288306605
   0.3991744446804
 0.399138711938489

0.0005199961789298284

  2.059776161989362 -0.4536844457678025   1.476139636322652  -1.433714049171269   -1.64669791298601

-8.473126630898122e-07  4.014084592757116e-06 -1.008432059922768e-05   -0.02753104710156405    -0.0728634889243218

cov:
 0.0547628302272844 0.05566535174426453 0.05757919290858225  0.0591662056952845 0.06024742348702637
0.05566535174426453  0.0570384748776268 0.05999696184088255 0.06245168883983464 0.06412502853696302
0.05757919290858225 0.05999696184088255 0.06533861126061931 0.06975090823428562  0.0727612979532145
 0.0591662056952845 0.06245168883983464 0.06975090823428562 0.07579099154534034 0.07990969280353212
0.06024742348702637 0.06412502853696302  0.0727612979532145 0.07990969280353212 0.08478752215314227

cov.inverse():
 131744.5031515473 -131066.3366158564  -44588.7609299807  5079.963903926046  38988.79673204968
-131066.3366159023  170276.6518396233 -18157.25982574234 -19487.56821127168 -1700.659322218402
 -44588.7609293428 -18157.25982650337  216594.0189513919 -233402.2438313346  79517.97920491803
  5079.96390254869 -19487.56820962667 -233402.2438313609  632276.9629285767  -384476.638886888
 38988.79673283546 -1700.659323148729  79517.97920482066 -384476.6388866452  267712.2579974052

cov*(cov_.inverse()):
     1.000000000001364 -1.037392394209746e-12 -2.728484105318785e-12 -3.637978807091713e-12                      0
 4.547473508864641e-13      1.000000000000469  9.094947017729282e-13 -7.275957614183426e-12  3.637978807091713e-12
 9.094947017729282e-13   1.84741111297626e-13      0.999999999998181 -3.637978807091713e-12 -3.637978807091713e-12
                     0  7.958078640513122e-13 -1.818989403545856e-12      1.000000000003638 -3.637978807091713e-12
 1.364242052659392e-12 -1.165290086646564e-12                      0                      0                      1
