5
1

0.001105444610929406
0.001829395919071459
0.002882707994311276
 0.09507903497514072
  0.5812029930662055

  -0.04922565708556803   -0.06589242058466231    -0.2384374894560626     0.8377539804255335    -0.4843045069964275
   -0.3952636313830709     0.8044132122765461     0.1349542450553202    -0.1498823165223176    -0.3949793520631783
    0.1207131937935473     0.3750700210130646    -0.8484462009378622 -0.0005886235812685662     0.3533970880154629
   -0.8285281734494029    -0.1272449113614454    0.03044300848464271     0.2341285678100498     0.4915351821617998
    0.3745836182151057     0.4378456174204549     0.4518264962482295     0.4699861984490322     0.4928936181632469

0.3985445567438046
0.3978267861811771
0.3976993048184533
0.3975181419667807
0.3972062974371256

0.003171785243510164

  2.657965039344938  -1.834224611435355  0.7211791002692165 0.04840777267787791  -1.590667266122052

 7.686263039424565e-07 -6.049877371310845e-06 -1.280703589490129e-05    -0.0245652098729499   -0.08205356692571425

cov:
0.05360351235311486 0.05635437316973126   0.056942018107113 0.05771539850443101 0.05868675297067984
0.05635437316973126 0.06490834618664587 0.06678916892341248 0.06924253184424074 0.07233506156963762
  0.056942018107113 0.06678916892341248 0.06897477993085931 0.07179605061407068 0.07536092767500933
0.05771539850443101 0.06924253184424074 0.07179605061407068 0.07511142951807118 0.07929178492110943
0.05868675297067984 0.07233506156963762 0.07536092767500933 0.07929178492110943 0.08425175275482558

cov.inverse():
   50495.749227869 -86891.08788434326 -18661.03238396103 -16074.42037729086  71247.45337400664
-86891.08788424208  213833.5313813714  7000.363310154225 -81228.00070040497 -52878.97775943083
-18661.03238386309  7000.363309950727  138592.2994659183 -169444.5414447283  42490.50553285463
 -16074.4203777098 -81228.00069952119 -169444.5414447159  581046.0018857371 -314339.9151052703
 71247.45337422629 -52878.97776000994  42490.50553273644 -314339.9151047923  253611.0020702757

cov*(cov_.inverse()):
                     1  1.818989403545856e-12 -9.094947017729282e-13                      0                      0
 9.094947017729282e-13      1.000000000000909  4.547473508864641e-13 -3.637978807091713e-12  7.275957614183426e-12
-9.094947017729282e-13  2.728484105318785e-12     0.9999999999986358  3.637978807091713e-12  3.637978807091713e-12
-9.094947017729282e-13 -9.094947017729282e-13 -2.728484105318785e-12      1.000000000010914                      0
 9.094947017729282e-13                      0 -4.547473508864641e-13                      0                      1
