5
1

0.001004926428040176
0.001686497302128355
0.002441925179287556
 0.05230635928565708
  0.5422032089902881

-0.0212417721525876  0.0571207125134523  0.4184003102354079 -0.8263548439812899  0.3719742780641497
-0.5628556993062127  0.4415941900967914  0.5060592809126531 0.08801226255104426 -0.4736516429551237
 0.1980432794646756 -0.7198472619455413  0.6059116592102498  0.1476557960283167 -0.2316626988980101
-0.6800428449916658 -0.3028672775823038  0.0251196169877582  0.2815547907220163   0.604904162499644
 0.4255147909401623  0.4379761718565359  0.4484253011066096  0.4564166727783176   0.466596834231075

0.3995416767939371
0.3997620960865042
0.3996136989148911
0.3995473317679686
0.3995155567817373

0.00103250146313668

 3.817625842091959 -2.578072441012587  5.204252360563097  -1.34023624171781  -5.10260817787778

1.170021467454483e-06 4.679760704653622e-06 4.024654959440577e-05    -0.014086189649789  -0.04807425418313577

cov:
0.05449603561147027 0.05535043401006611 0.05604877761198151 0.05657149569253676 0.05724379211905709
0.05535043401006611 0.05664760471374814  0.0577156458726483 0.05853347987019698 0.05957731285038927
0.05604877761198151  0.0577156458726483 0.05912073140739858  0.0601890744172854  0.0615516751248954
0.05657149569253676 0.05853347987019698  0.0601890744172854 0.06145941954901824 0.06307299524750745
0.05724379211905709 0.05957731285038927  0.0615516751248954 0.06307299524750745 0.06500630092830785

cov.inverse():
 118577.8708748668 -112420.6121234878 -88827.19165292259  4799.364415570483  78063.55800081212
-112420.6121235032  158725.0145172003  29087.81126179438 -50931.11938576688  -24598.4301806975
-88827.19165257603  29087.81126160409  324954.5776500166  -311699.333679758  46305.41373376986
 4799.364414992383 -50931.11938548685 -311699.3336789144  682592.9373416805 -324706.3631322093
 78063.55800105896  -24598.4301808025  46305.41373308207 -324706.3631316631  225022.5161461221

cov*(cov_.inverse()):
    0.9999999999990905  4.547473508864641e-13 -1.364242052659392e-12 -3.637978807091713e-12  5.456968210637569e-12
                     0      1.000000000000909  9.094947017729282e-13                      0  3.637978807091713e-12
 9.094947017729282e-13 -2.273736754432321e-13      1.000000000000455 -7.275957614183426e-12  5.456968210637569e-12
 9.094947017729282e-13  9.094947017729282e-13  2.728484105318785e-12                      1                      0
                     0  1.591615728102624e-12  9.094947017729282e-13                      0      1.000000000001819
