5
1

0.001710660056899201
0.001856679918914939
 0.00521625624142628
 0.09041781141463506
  0.5687143935552783

  0.2954620096637933   -0.793503518914294   0.5307339609951083 -0.03693712922044157 0.003387838169195819
  0.1163424233440437  0.07291891517407306 -0.01407253949883738   -0.782351453751137   0.6073511659541028
  0.4505058770987861  -0.3246410238094634  -0.7181453809585513   0.2870567103436341   0.3058076474092582
 -0.7362252371194851  -0.2777255857617925  0.01119397982605061   0.2880378137253583   0.5456645598915126
  0.3926620637439781   0.4272138831471681   0.4497391831962698   0.4703132086274445   0.4897396804743805

0.4004286257778136
0.4006101368643668
0.4005914826104269
0.4006977778172768
0.4007157659131618

-0.0001547132306745224

  3.928366936595638  -0.586145462443477  -3.352472422462187  0.3949726025456374 -0.3813429367068428

-4.956090545077438e-07 -2.728300691652702e-07  0.0001187514110063379   -0.02339157134501446   -0.07006432243181349

cov:
0.05430560912770287 0.05592359309691508   0.057041632662064 0.05799977739796618 0.05891714703685175
0.05592359309691508 0.05966617396904798 0.06212302192645355 0.06432953468173713 0.06642895950142695
  0.057041632662064 0.06212302192645355  0.0654357847747245 0.06843337007165512 0.07128238653365136
0.05799977739796618 0.06432953468173713 0.06843337007165512 0.07222491539616897 0.07578305588769106
0.05891714703685175 0.06642895950142695 0.07128238653365136 0.07578305588769106 0.08001254173764383

cov.inverse():
 41283.84105312148 -83005.31056735608  41220.21049534517 -25405.71414879289  25854.42123523041
-83005.31056740352  220590.1360655643  -135641.523834785 -9967.188275969564  8261.934644680532
  41220.2104954052 -135641.5238348416  115268.0226906754 -11080.63507986718 -9934.783381777954
-25405.71414876566 -9967.188276089113 -11080.63507974864  181059.1828536519 -134634.1671446038
  25854.4212351905  8261.934644809389 -9934.783381893114 -134634.1671445774  110483.4696023352

cov*(cov_.inverse()):
     1.000000000000455 -4.547473508864641e-13  4.547473508864641e-13                      0 -9.094947017729282e-13
-6.821210263296962e-13      1.000000000000341 -1.364242052659392e-12                      0 -9.094947017729282e-13
 6.821210263296962e-13 -6.821210263296962e-13      1.000000000000227 -1.818989403545856e-12 -9.094947017729282e-13
-6.821210263296962e-13   1.13686837721616e-13 -3.410605131648481e-13      0.999999999998181                      0
 4.547473508864641e-13  9.094947017729282e-13                      0 -1.818989403545856e-12                      1
