7
1

0.0006734819812157968
0.0009073940053745444
 0.001283161844352407
 0.001410681925464502
 0.001784589692197003
   0.1041008136493128
   0.7344264492376684

-0.03423827758221731 -0.01418821777965634 -0.03610363078482116   0.6922302572662387   -0.703733136206114 -0.04727409129054605   0.1437534934944907
-0.06024439748402573 -0.08004251813500336   0.6067295558148275  -0.3875220007285104  -0.4635199234967305   0.4946338367337841  -0.1102560701009715
 0.04576006676499211   0.1486932148004023   -0.611493880154819   0.0456597586785567 -0.03844958257015024   0.7121537881177569  -0.3019029261241353
 -0.5031677726272429  -0.2178495588095984   0.3023063510550556   0.4597622343170341   0.3542268753128703   0.1114185705558592  -0.5086280991694786
  0.5566063131584663  -0.8117311282178916 -0.01242976250164792   0.1083718329981383  0.08295898215816924   0.1073989974149386 -0.03108531943812562
 -0.5672852467170808  -0.3813248577655165    -0.18081600008433 -0.08240012713896253  0.08021260334314553   0.2470602327764749   0.6525502084235248
   0.329094853816149   0.3456988800934223   0.3638859075418188   0.3723487734232793   0.3868302592579193   0.4011883707065644   0.4365117872965075

0.4032847341064744
0.4028237960946229
0.4011102372723365
0.4004995430790138
 0.399809036031773
 0.398919327863851
0.3967941677861813

0.01338208841212081

0.9869920836315607 0.3165636133885697 -0.206223724268799 0.4171560175918904 0.1549963814060802  1.817236544927011 -3.483802196645966

-1.986054555796548e-07  6.912589810915505e-07  4.243617731288704e-06     3.170508338434e-06  2.090781134908749e-06    -0.0269804058964453    -0.1171397584209344

cov:
0.06190591293161669 0.06370733508903868 0.06570382136449898  0.0666011638095055 0.06817213428121549 0.06969537565661182 0.07347307358849429
0.06370733508903868 0.06603836091611827 0.06859847583590466 0.06976964065498018 0.07179803634147798 0.07378598045860663 0.07869728635474316
0.06570382136449898 0.06859847583590466 0.07177660205174921 0.07324371293268636  0.0757674136380454 0.07825815897092483 0.08439700339763968
 0.0666011638095055 0.06976964065498018 0.07324371293268636 0.07485627937096971 0.07761898267447918 0.08035339485903584 0.08708516181899019
0.06817213428121549 0.07179803634147798  0.0757674136380454 0.07761898267447918 0.08078228735436584 0.08392234503891913 0.09164479086413679
0.06969537565661182 0.07378598045860663 0.07825815897092483 0.08035339485903584 0.08392234503891913 0.08747727875232547 0.09620507867031167
0.07347307358849429 0.07869728635474316 0.08439700339763968 0.08708516181899019 0.09164479086413679 0.09620507867031167  0.1073905655951958

cov.inverse():
 232796.7593704474 -75705.22241702069 -137262.4555421696  -119933.244309043  10898.10392783263 -22244.85218029153  111962.9204082957
-75705.22241632042  252409.0161945486 -142995.3693939625 -57806.59911267077  3676.891857425605 -21872.45197350567  42537.64209518209
 -137262.455545019 -142995.3693942367  723045.0200952118 -288197.2266773608 -217782.5548226667  120270.6659996384 -57721.09520154446
-119933.2443079101 -57806.59911288892 -288197.2266856085  1350015.861520291 -772252.2175044935 -255807.0775589516  144338.1178973928
  10898.1039306973  3676.891859821328 -217782.5548227459 -772252.2175189205  1418907.873539572 -199110.0011451451 -245257.0774020272
-22244.85218231569 -21872.45197382768  120270.6660054366 -255807.0775526813 -199110.0011567421  619967.1966982038 -241309.6640242742
 111962.9204084724  42537.64209429725 -57721.09520213366   144338.117898221 -245257.0773996842 -241309.6640261501   246024.134935161

cov*(cov_.inverse()):
     1.000000000001819 -9.094947017729282e-13    1.2732925824821e-11 -1.091393642127514e-11 -1.455191522836685e-11  3.637978807091713e-12                      0
 3.637978807091713e-12      1.000000000001364  6.366462912410498e-12 -7.275957614183426e-12 -3.637978807091713e-12  3.637978807091713e-12  3.637978807091713e-12
                     0 -2.273736754432321e-12      1.000000000008185  1.818989403545856e-12  7.275957614183426e-12                      0                      0
 3.637978807091713e-12  2.273736754432321e-12    1.2732925824821e-11     0.9999999999872671  1.091393642127514e-11                      0                      0
 1.818989403545856e-12  5.002220859751105e-12  9.094947017729282e-12 -2.000888343900442e-11     0.9999999999854481  7.275957614183426e-12  3.637978807091713e-12
 1.818989403545856e-12  1.818989403545856e-12  1.455191522836685e-11 -1.818989403545856e-11 -1.818989403545856e-11      1.000000000007276                      0
 1.818989403545856e-12 -9.094947017729282e-13  3.637978807091713e-12 -3.637978807091713e-12  3.637978807091713e-12                      0                      1
