6
1

0.001698402913526854
0.001793385612437543
0.001858829166876817
0.005230051706180163
  0.1004815211028109
  0.6148367608080577

  -0.4392204673808191    0.2618351293352384    0.6744930116055788   -0.5307877069348906   0.04226694996990137 -0.008052234599981585
  -0.3872583264934312    0.7632219648297445   -0.4863899272755368   0.08961041983942437    0.1164408347901789  -0.09674484098595534
 -0.01286957539804332   -0.1905806796420111   0.01849398115853173   0.01101131147638369      0.77544746807073   -0.6014410415987884
   0.4108647207625111   0.06944268570195175   -0.3461828913841783   -0.7277807595518231    0.2834409414347194     0.310679415302826
  -0.5949009704172529    -0.403682276031155   -0.1767910456988907   0.08677489206806491    0.3390432960200528    0.5739321763989583
   0.3663792574010039    0.3805679116996322    0.3962881785703748    0.4158346041100002    0.4336440214493467    0.4504713404226324

0.4005389820008214
0.4008943436772696
0.4007568507106843
 0.400758008936774
0.4008829561788463
 0.400916968452155

-0.0003594269075972234

  3.330811942928876  0.9895577247660099 -0.8422319948525181  -3.488675153212398  0.3491667358202667 -0.3362358131489509

  2.80588562545884e-07 -1.172041906550984e-06  6.479921404705969e-07  0.0001165884130322094   -0.02634584489206308   -0.07091532217664871

cov:
0.05432250890040025 0.05513294715783732 0.05594375280450068   0.057064366050616 0.05802631106976383 0.05894674967443895
0.05513294715783732 0.05639763657040225 0.05773077090087523 0.05946833938949191  0.0610041939590088 0.06246807637137165
0.05594375280450068 0.05773077090087523 0.05968748073733568 0.06214557080397801 0.06435479089637486 0.06645625169369442
  0.057064366050616 0.05946833938949191 0.06214557080397801  0.0654587067712499 0.06845831570285404 0.07130870873817022
0.05802631106976383  0.0610041939590088 0.06435479089637486 0.06845831570285404 0.07225130106500244 0.07581026793474688
0.05894674967443895 0.06246807637137165 0.06645625169369442 0.07130870873817022 0.07581026793474688 0.08004005397082103

cov.inverse():
 119761.6264445101  -129988.970036115 -49394.89825164291  59053.40188962021 -19106.51426311374  19748.24023027601
-129988.9700361311  215586.6344548261 -56089.01245147208 -29373.25440781765 -10596.44322479625  10251.09882732221
-49394.89825159562 -56089.01245165388  235755.5496191116 -128396.0548557644 -7168.287234472636  5587.176728596668
 59053.40188962547 -29373.25440769954 -128396.0548558937  119566.5417376599 -9600.008527753433 -11391.18849524787
-19106.51426320786 -10596.44322454155 -7168.287234726176 -9600.008527648368   181814.586414966 -135360.5341621556
 19748.24023033405   10251.0988271146  5587.176728845049 -11391.18849535877 -135360.5341621431  111184.9010961909

cov*(cov_.inverse()):
     1.000000000000909 -7.958078640513122e-13    1.4210854715202e-12  -1.13686837721616e-12 -9.094947017729282e-13 -9.094947017729282e-13
-2.273736754432321e-13     0.9999999999995453 -2.273736754432321e-13 -6.821210263296962e-13 -3.637978807091713e-12                      0
                     0 -7.958078640513122e-13      1.000000000001705 -1.364242052659392e-12                      0 -9.094947017729282e-13
  1.13686837721616e-12 -1.818989403545856e-12 -2.842170943040401e-13      1.000000000000227 -3.637978807091713e-12  9.094947017729282e-13
 6.821210263296962e-13  -1.70530256582424e-12   1.13686837721616e-12 -2.614797267597169e-12                      1 -1.818989403545856e-12
 1.591615728102624e-12 -1.023181539494544e-12 -2.273736754432321e-13  4.547473508864641e-13                      0                      1
