5
1

0.001153871700994383
0.001904526742746859
0.002527399804629203
 0.09364092051850349
  0.5645178138572826

  0.1513299096723796  -0.1245109843444128   0.3065110963478018   -0.803836144155046    0.470632207123304
 -0.3830138236600147   0.1246399863597075   0.7860885785251437 -0.06363786552593413  -0.4645215317605958
  0.5011959315396946  -0.7735209220385331   0.2674289392169962   0.2014783016038962  -0.1958475882639302
 -0.6478208491158094  -0.4452213130933035  0.09467945967369987   0.2959677237907314   0.5343641419560039
   0.399412637485113   0.4152171168364455   0.4556679239458892   0.4707518198352446   0.4886959771799475

0.3996011813606037
 0.399781141336709
0.3994176521101233
0.3993079837175595
0.3991745621326686

0.001525335198050968

   5.625758472266803   -5.307909107991431 0.006589707972674302    5.517930596209169   -5.837808243904862

 -7.54743904625187e-06 -1.634072941467139e-06  5.865367410986641e-05   -0.02426322857695366   -0.06669039965107117

cov:
0.05452133419538848 0.05537729902351971 0.05746167481438488 0.05823895639644077 0.05916830956088022
0.05537729902351971 0.05668420176567168 0.05992403868125959 0.06113426397500434 0.06257953899660727
0.05746167481438488 0.05992403868125959 0.06625006850669209  0.0686045600946031 0.07140689161499891
0.05823895639644077 0.06113426397500434  0.0686045600946031 0.07139112527291933 0.07470000678975726
0.05916830956088022 0.06257953899660727 0.07140689161499891 0.07470000678975726 0.07861360080887513

cov.inverse():
 97017.52051387595 -87971.87577085929 -27191.62290656775 -68857.53555363706   87137.6494199154
-87971.87577083222  109619.0979786398 -34040.62777631902  48573.63750513009 -36284.82911892694
-27191.62290671845 -34040.62777601961  252121.3483015546 -190406.6944552631 -517.6110490878806
-68857.53555347101  48573.63750471241 -190406.6944547803  492792.9467537657 -282149.8813148129
  87137.6494198733  -36284.8291187819 -517.6110494216979  -282149.881314582  231886.8404704438

cov*(cov_.inverse()):
     0.999999999998181  1.364242052659392e-12 -2.664535259100376e-13                      0 -3.637978807091713e-12
                     0      1.000000000001364 -1.804778548830654e-12                      0 -5.456968210637569e-12
                     0  9.094947017729282e-13      1.000000000003475 -7.275957614183426e-12                      0
                     0  1.818989403545856e-12 -3.730349362740526e-12                      1 -3.637978807091713e-12
-9.094947017729282e-13  9.094947017729282e-13   1.49213974509621e-13                      0                      1
