5
1

0.000953931675712892
0.002029296549042472
0.002398662502556004
  0.1091833234153924
  0.6780623953542935

 -0.2111336273144694 -0.04746662647861366   0.8356741273870676 -0.07861093128186204  -0.4986367265721976
 -0.3814099660122167   0.5524710140535328  -0.2731917400209553   0.5355864730188149  -0.4333769947295427
 -0.3372132823215269   0.6327017834354337  0.05887599645476588  -0.6350992967222624   0.2813505923361626
 -0.7508286885920423  -0.3529821263217416   0.1012402116532026   0.2685306087854544   0.4788544983335382
  0.3639952085628206   0.4094078281327856   0.4618431146894574   0.4811524154054154   0.5050604013089719

0.3677600594067082
0.3536350237583264
0.3367176790346914
 0.329828340946356
0.3232773179415522

0.08883763978624869

 1.644768558299246 -1.423806972909425  1.869090659485477  4.742729378884799 -6.794395801673813

  3.91054770627816e-06   1.46607045356962e-05 -3.607006629376206e-05    -0.0300777852038955    -0.1244169579847994

cov:
 0.0676375799803562 0.07167318766633178 0.07638508575540305 0.07811946397259235  0.0802378445767558
0.07167318766633178 0.07855288546241478 0.08650760253031681 0.08943765972539237 0.09305405656911959
0.07638508575540305 0.08650760253031681 0.09819136195272188  0.1024915774798924  0.1078231400955047
0.07811946397259235 0.08943765972539237  0.1024915774798924  0.1073030646000627  0.1132597830905344
 0.0802378445767558 0.09305405656911959  0.1078231400955047  0.1132597830905344  0.1200154997220035

cov.inverse():
  104124.225873902 -77215.91802485296 -172045.8625418469   5839.79282284177  139312.5259787044
-77215.91802513896  146181.5558092145 -73769.60350211068  6106.793896314956 -1205.942511529833
-172045.8625412378 -73769.60350318566  786158.4436059342 -114218.4383958686 -426282.9928376867
 5839.792822879454  6106.793896571709 -114218.4383965565  146559.4111033494 -44333.69666947136
 139312.5259783431 -1205.942510997577 -426282.9928374636 -44333.69666986514  332619.3437808804

cov*(cov_.inverse()):
     1.000000000001819 -1.691091711109038e-12                      0 -4.547473508864641e-13  7.275957614183426e-12
-1.818989403545856e-12     0.9999999999994884  1.455191522836685e-11 -1.818989403545856e-12  3.637978807091713e-12
-1.818989403545856e-12 -1.733724275254644e-12      1.000000000007276  1.818989403545856e-12                      0
                     0 -5.115907697472721e-13  7.275957614183426e-12      0.999999999998181  7.275957614183426e-12
                     0 -1.051603248924948e-12                      0 -9.094947017729282e-13                      1
