5
1

0.0008567453784526572
 0.001220800313962222
  0.00199974326479075
  0.06316580919457403
   0.5525983528294076

0.003229395768426556  -0.3891119561368648   0.7810287500259274  -0.4808532894227807  0.08576515771886695
-0.03544361168167642  -0.4004423886846054   0.2826948773359966    0.687653847850773  -0.5344206541663024
  0.4996769953662619  -0.6776866599712664  -0.3295265707598187   0.0909555183244271   0.4173763577975443
  -0.760203555476351   -0.189245569185624  0.01762952961265618   0.2759469006294406   0.5566140283027067
  0.4136988952569118   0.4395050447679856   0.4485299731454229   0.4598833561966105   0.4722464415643696

0.3997601273402556
 0.400014446418187
0.4000022754671973
0.4000411454358655
0.4000765850200369

-0.0002430032706902574

 2.231557542476264  7.862016812710035 -3.778879099493928 -9.155591337226705  2.840019036766215

-9.963050786530801e-07 -1.804712377663534e-05 -1.045763315895464e-05   -0.01674398545662851   -0.05669612743138694

cov:
0.05456903735866761 0.05609496997347666 0.05660826037386738 0.05725982371229209 0.05797105401566711
0.05609496997347666 0.05913080337098367 0.06018414231356168  0.0615118037202956  0.0629588046495365
0.05660826037386738 0.06018414231356168 0.06143529611408658  0.0630073791967367 0.06471981528809156
0.05725982371229209  0.0615118037202956  0.0630073791967367 0.06488718265875816 0.06693104105912071
0.05797105401566711  0.0629588046495365 0.06471981528809156 0.06693104105912071 0.06933876283765876

cov.inverse():
 63437.83489929026 -76829.82103313983 -44464.33804607657 -7156.321267167831  65133.25495132923
-76829.82103352092   428723.111357362 -434150.0276689217  54716.47119734098  27371.27442892461
-44464.33804549401  -434150.027669563  911833.4973960846  -388710.413826047 -44501.68141951897
-7156.321267274241  54716.47119678853 -388710.4138250237  634382.2711560526 -293236.0335973561
 65133.25495123419  27371.27442973771 -44501.68142060181 -293236.0335969915  245297.5327125718

cov*(cov_.inverse()):
     1.000000000000455  4.547473508864641e-12 -5.002220859751105e-12                      0  1.818989403545856e-12
-9.094947017729282e-13      1.000000000001137 -3.183231456205249e-12  3.637978807091713e-12  1.818989403545856e-12
                     0 -4.547473508864641e-13      1.000000000009095 -3.637978807091713e-12  1.818989403545856e-12
                     0 -1.364242052659392e-12  2.728484105318785e-12      0.999999999996362                      0
                     0 -1.818989403545856e-12 -4.547473508864641e-13                      0                      1
