5
1

0.001785957541529857
0.002549189495715162
0.004308068894601749
  0.0896426229830372
  0.5560969199449878

-0.4462913268822919  0.8129410256244244 -0.3735863892242142 0.01653439882783634 -0.0105244405156722
-0.2520875782534889 -0.1233761970192341 0.08284216744266704  0.8063653907294823 -0.5139476615633662
 0.4839258445548318 -0.1085063844890655 -0.8045949731271268  0.2998521576289304  0.1294517449895391
-0.5789368166236911 -0.3631303363110545 -0.1085324751462147  0.2140466078726418  0.6894731849064905
 0.4097851190190459  0.4245797054046644  0.4409285839418999   0.462357225003116  0.4935747261959871

0.4001290798988315
 0.400392401611064
0.4001954184795486
0.4001763049918499
0.4000698000476251

0.0005336930843588592

  5.310742663024817 0.08781983874568078  -5.197680504885533  0.5432421702192974 -0.7452237644978978

 -1.08491957187306e-06 -6.232821432878194e-06   0.000126369974173341   -0.02362436785503598   -0.06027400788817833

cov:
0.05462814118661194 0.05549165940994505 0.05637410054039329 0.05759708286711932 0.05934195566093172
0.05549165940994505 0.05680879091890689 0.05821060872683248 0.06008106784834154  0.0627938996296864
0.05637410054039329 0.05821060872683248 0.06022972380145998 0.06285371008516918 0.06669757947800868
0.05759708286711932 0.06008106784834154 0.06285371008516918 0.06648240648147143 0.07175580152543462
0.05934195566093172  0.0627938996296864 0.06669757947800868 0.07175580152543462 0.07915876930815649

cov.inverse():
 84883.96369766799 -111762.2075417197  28087.23284218978 -25790.72002374399  24736.20790497247
 -111762.207541666   210187.107349885 -92078.84658883151 -12857.42589515183  6288.007453063868
 28087.23284216429 -92078.84658883646   79695.4363588507 -4658.428878278838 -10939.84766790654
-25790.72002382021 -12857.42589500028 -4658.428878357839   104996.378888125 -61718.41428895837
 24736.20790502046  6288.007452970882 -10939.84766785796 -61718.41428896185  41645.06614627211

cov*(cov_.inverse()):
                     1 -1.932676241267473e-12  5.684341886080801e-13                      0                      0
 6.821210263296962e-13     0.9999999999994316 -2.273736754432321e-13 -9.094947017729282e-13 -4.547473508864641e-13
 6.821210263296962e-13   1.13686837721616e-13     0.9999999999997726  9.094947017729282e-13 -4.547473508864641e-13
                     0  4.547473508864641e-13  5.684341886080801e-13     0.9999999999990905                      0
                     0                      0 -2.273736754432321e-13                      0     0.9999999999995453
