5
1

0.001169990526435788
0.001889454573741453
0.003455157506712753
 0.08084652513163203
  0.5772359892670466

0.006633184947352363  -0.1273290968045103  -0.2392455575022809   0.8363307763976833  -0.4765036176461548
 -0.6336215960408129   0.6987171281016529   0.1929873108289216  0.01276482924174708  -0.2700203787152413
 0.05011374315961332   0.4126704075086337  -0.8381684913330506  0.02338641480235827   0.3523044184400198
 -0.6595631139238323  -0.3854947198916663  0.02222341623700858   0.2830429441269031   0.5794507151065359
  0.4011792434632906   0.4203315735305049   0.4499968455241424   0.4687511695634949   0.4900528164991695

 0.401464444253095
0.4012018311616314
0.4011113102799557
0.4010133158931087
0.4009036653477417

0.001064945806400181

  2.673172052980347 -0.9795269282768675   2.767980527447122  -2.539525114193865  -1.923784442462494

-2.364005316205977e-06 -4.844407654050181e-06 -3.972337190036623e-05   -0.02063820285166387   -0.07559799664151876

cov:
0.05647187257768425 0.05784772135139515 0.06005589900082979  0.0614393919335403 0.06300986475397548
0.05784772135139515 0.05984467717758828 0.06296473524602245 0.06493780538381622 0.06717550730111176
0.06005589900082979 0.06296473524602245 0.06748416120032204 0.07032496483122071 0.07355892355113064
 0.0614393919335403 0.06493780538381622 0.07032496483122071 0.07373815881936138 0.07761216648877756
0.06300986475397548 0.06717550730111176 0.07355892355113064 0.07761216648877756 0.08221555518582388

cov.inverse():
 112766.6885261599 -122855.7858211561 -38931.46471578906  1857.248530865423  47036.08082994926
-122855.7858212197  162882.8251554701  31050.71876514952 -74502.49365307178  3620.148657839232
-38931.46471608419   31050.7187654334  111094.5799042721 -147119.9889219168  43951.80324510107
 1857.248531627329 -74502.49365387138 -147119.9889222264  511069.7406421004 -291374.5932672857
  47036.0808295462  3620.148658291105  43951.80324539918 -291374.5932676321  196741.8897508191

cov*(cov_.inverse()):
     1.000000000000455 -8.526512829121202e-14                      0 -3.637978807091713e-12                      0
 1.364242052659392e-12      1.000000000000313 -1.818989403545856e-12  3.637978807091713e-12                      0
                     0  5.684341886080801e-13                      1  7.275957614183426e-12 -3.637978807091713e-12
                     0    1.4210854715202e-12 -1.364242052659392e-12      1.000000000003638 -1.818989403545856e-12
                     0   1.70530256582424e-13                      0 -3.637978807091713e-12                      1
