5
1

0.001232123353819146
0.001909373139344484
0.002366956677827123
 0.06902223135392328
  0.5496700932276808

 0.2069500190375768 -0.2501463560713068 -0.4393585541937767   0.782248142061429 -0.2994167584868784
0.03573466700746568 -0.4868513564816209  0.7612288170741961  0.1039354294039814 -0.4140373229991483
 0.5887532887949474 -0.6104287707906086 -0.1454553271826244 -0.2664288058448372  0.4342864491720752
-0.6602561002664273 -0.3778747074050438 0.05787365169909692   0.304601751270786  0.5702113653079042
 0.4163245971454425  0.4301046134731315  0.4505420481439903  0.4620808752750066  0.4745281644329614

0.3997516594868999
  0.39997769420685
0.3997759108509645
0.3997629918882854
0.3997350965523817

0.0009847650181347028

 5.424533430953551 -2.195716658111136  2.703153110684266 -8.012459395041446  2.085076471630844

-9.727911858265272e-06  5.922345822623396e-06  4.023212578189438e-05    -0.0183278905926917   -0.05472120936240235

cov:
0.05444713640837201 0.05528808610832922 0.05648984093821613 0.05716509176112684  0.0578972283741097
0.05528808610832922 0.05657566094772777 0.05844334113505215 0.05949977009603876 0.06063808063903359
0.05648984093821613 0.05844334113505215 0.06134875044141926 0.06298496529902585 0.06475130424876498
0.05716509176112684 0.05949977009603876 0.06298496529902585 0.06495534217080301 0.06707604190464866
 0.0578972283741097 0.06063808063903359 0.06475130424876498 0.06707604190464866 0.06958515615933841

cov.inverse():
 90524.45892305045 -102967.5179724875 -67724.55878995825  79614.19320863264  685.2889379451852
-102967.5179725695  172772.9360023164  -13416.5057039088  -113767.215575704  57263.72777863669
-67724.55878967937 -13416.50570422232  289877.4272940194 -197765.5018362358 -11065.56400867079
 79614.19320838797 -113767.2155754794 -197765.5018360639  418723.6371620953 -186700.2433330568
 685.2889379931512  57263.72777864349 -11065.56400887757 -186700.2433329047  139808.3256732787

cov*(cov_.inverse()):
     1.000000000000405 -9.094947017729282e-13 -1.477928890381008e-12  1.818989403545856e-12  1.818989403545856e-12
 4.334310688136611e-13      1.000000000000455 -1.023181539494544e-12 -1.818989403545856e-12  1.818989403545856e-12
 1.520561454526614e-12 -9.094947017729282e-13     0.9999999999951115  1.818989403545856e-12  1.818989403545856e-12
 1.058708676282549e-12                      0 -2.842170943040401e-12      1.000000000005457  1.818989403545856e-12
 9.805489753489383e-13  9.094947017729282e-13 -7.958078640513122e-13                      0      1.000000000001819
