5
1

0.0008177413317350823
0.0008634587450265846
 0.001281322554571537
  0.06257642101862679
   0.6595753212377881

  -0.1196752503122434  -0.01659952454058445   -0.2031369449565411    0.8355029635470383   -0.4960569218805122
  -0.3835232929783113    0.8491237959532243   -0.3419725821830215   -0.1222710752371038 -0.001788877999978157
   0.4402076562880728   -0.1098526838793173   -0.8011230589958256   0.09139426650436527    0.3794713949498335
  -0.6968017181156455   -0.2887004440744565  -0.02734634791160653    0.2483231977945185      0.60721263649178
   0.3990893423560962     0.428132778897781    0.4463677365467491    0.4657974447672646    0.4911401069648679

 0.402430172017201
0.4012856890629347
 0.400495807557163
0.3996838589019688
0.3986204781205905

0.01184991064438984

 1.316723604419851  0.780271395122046  2.260223522697096 0.1308423435796954 -4.488655959427593

 1.140992125373599e-06 -4.647456118566689e-07 -4.938757114400149e-06   -0.01526243621721466    -0.1197107018251448

cov:
0.07119144995898362 0.07511968206592179 0.07757236965240699 0.08019407232813335 0.08361509234599747
0.07511968206592179 0.08006868076030298 0.08316894062151903 0.08647613875191738 0.09079064522224625
0.07757236965240699 0.08316894062151903 0.08668319571276888 0.09042531442096009  0.0953078865516551
0.08019407232813335 0.08647613875191738 0.09042531442096009 0.09463130843792546   0.100115021416006
0.08361509234599747 0.09079064522224625  0.0953078865516551   0.100115021416006  0.1063838340328293

cov.inverse():
 336861.6747946702 -463228.8733549668 -2528.954844353213  -62168.4252866605  191336.8793963535
-463228.8733539698  974856.1200965423 -330826.0663052448 -166128.4649185666 -15158.34727499438
-2528.954846028977  -330826.066301586  609478.9217130854 -242322.5552417482 -33657.83290620796
-62168.42528618374 -166128.4649214185 -242322.5552387007  1069068.727226368 -598337.7019191034
 191336.8793965555   -15158.347274805 -33657.83290727055 -598337.7019184321  455793.2555481071

cov*(cov_.inverse()):
                     1 -6.821210263296962e-12  -7.73070496506989e-12  7.275957614183426e-12                      0
 7.275957614183426e-12     0.9999999999895408 -1.045918907038867e-11  7.275957614183426e-12                      0
 3.637978807091713e-12 -8.185452315956354e-12      1.000000000000455                      0                      0
                     0  3.865352482534945e-12 -6.366462912410498e-12      1.000000000007276                      0
 3.637978807091713e-12 -2.955857780762017e-12  4.547473508864641e-13                      0      0.999999999992724
