5
1

 0.000829247968664755
0.0009570156131071036
 0.001356101275526339
  0.09808638981880156
   0.6367942853755145

 -0.04811691156899968   0.08370941615488318   -0.3380892890531613    0.7957142776525712   -0.4931652029852113
-0.006216296241200572   -0.5459335380406176    0.7449357888959539     0.156710334256577   -0.3499006591343463
   0.5888686431855986   -0.6485942689630153   -0.3610567114114168     0.131129539677651    0.2915515225646823
  -0.7148719110022297   -0.3171534928427756  -0.04833364058340677     0.305065160487229    0.5412678818131582
   0.3739491842682307    0.4167594533246025    0.4450485517134258    0.4816855313976822    0.5063441528344313

0.4030676339288293
0.4010426170583646
0.3998416714139987
0.3981628667783459
0.3970466077413859

0.01242386602041328

   1.29616723981977 -0.1107108882901144    1.40298513267959  0.8734765108727385  -3.459049624537213

 1.275561321253318e-06  2.239070908283167e-06 -1.039833859823954e-06   -0.02467865166281612    -0.1085830778229654

cov:
0.06162262169531669 0.06537758285915275 0.06781875841217952 0.07094426717411496 0.07305915424201972
0.06537758285915275 0.07140065892891724 0.07536021764477667 0.08047326680270792  0.0839198046483169
0.06781875841217952 0.07536021764477667 0.08034134191198594 0.08678790062629568 0.09112805875627765
0.07094426717411496 0.08047326680270792 0.08678790062629568 0.09498197089098465  0.1004909803285144
0.07305915424201972  0.0839198046483169 0.09112805875627765  0.1004909803285144  0.1067847508691404

cov.inverse():
 192023.8462112735 -209814.0729432821 -97008.80627955718  -14775.2460457615  130200.7942188682
-209814.0729427827  564369.4180451689 -357852.9089806998 -42804.41957469244  45689.72973087904
-97008.80628082163 -357852.9089795864  843009.9906279101 -289503.4204445902 -99368.62508425108
-14775.24604441981 -42804.41957481862 -289503.4204472599  956932.0193114954 -609727.0067236285
 130200.7942182923  45689.72973038915 -99368.62508172879  -609727.006725088  533612.7207221291

cov*(cov_.inverse()):
     0.999999999998181 -3.637978807091713e-12                      0 -1.455191522836685e-11                      0
                     0     0.9999999999949978                      0                      0                      0
                     0 -3.637978807091713e-12      1.000000000001819                      0                      0
 1.818989403545856e-12 -9.094947017729282e-12 -9.094947017729282e-12      0.999999999992724  7.275957614183426e-12
 1.818989403545856e-12 -1.818989403545856e-12  3.637978807091713e-12                      0      0.999999999992724
