6
1

0.001108240998537896
0.001622615816546452
0.001935724805907503
0.003015741985523077
 0.08779298317959466
  0.6321091189261322

 -0.04626430369490061 -0.001786667344201185   -0.0798040003896535   -0.2479229431016025    0.8433897859912245   -0.4676704253154685
   0.0467253065010078   -0.5886029314309191    0.7836654413118476  -0.01964617247157806  -0.03496568306981362    -0.188741198076893
   -0.669686338553606    0.5463919167527952    0.3819465485424626    0.1327506135448792    -0.113803623395999   -0.2766205437486013
  0.02769774222783166    0.2477784573892982    0.2492726513830998   -0.8618378780178162  -0.02605308091144468    0.3636736523182147
  -0.6441946568448766   -0.3857842310775356  -0.09723102106577988   0.07483741619903365    0.2966840553499771    0.5771549463746077
    0.362550199363716    0.3804939333861067    0.4025244160131921    0.4149221010562286    0.4310679917033888    0.4514153859748579

0.3991765980884682
0.3987953539461784
 0.398505679585406
0.3984455645035961
 0.398336442936099
0.3981274663022702

0.002111815724962772

 2.322682765682876 0.9211132827667985 -1.972698890306791  1.047483474168728 0.1498667524009157 -2.466843686356291

 1.312571608928209e-06 -4.054117268963368e-06 -3.751778989980887e-06 -1.821637672996064e-05   -0.02281991687225882   -0.08624014773037494

cov:
0.05571972984285203  0.0570329455727917 0.05879217098269519 0.05973401724136294 0.06097218374536757 0.06252770122038372
 0.0570329455727917 0.05899654107832534 0.06148538991549157  0.0628568113300309 0.06465323037070111 0.06691347619769239
0.05879217098269519 0.06148538991549157 0.06481498807658029 0.06667548248536122 0.06910742889885249 0.07217024186641634
0.05973401724136294  0.0628568113300309 0.06667548248536122 0.06883878840021292  0.0716365282979098 0.07516891530696904
0.06097218374536757 0.06465323037070111 0.06910742889885249  0.0716365282979098 0.07492581112441993 0.07907040579196119
0.06252770122038372 0.06691347619769239 0.07217024186641634 0.07516891530696904 0.07907040579196119 0.08399039041319964

cov.inverse():
 122399.8416222662 -107244.9893286342 -50581.90932534483 -17366.17074624742 -12153.95377766698  64765.47129863442
-107244.9893286207  218034.8076140586 -112586.9685106968  626.9191715860313 -10729.09035628629  12417.76800894677
 -50581.9093253114  -112586.968510836  284206.7010575076   170.989472814177  -77525.6294840534 -44026.23320042012
-17366.17074644697  626.9191717082925  170.9894729578989  136566.4138073161 -171544.6513962302  51555.10083786141
-12153.95377743614 -10729.09035611163 -77525.62948464233 -171544.6513963335  583153.5339822416 -311255.1104578248
 64765.47129855605  12417.76800880264 -44026.23320008021  51555.10083803103 -311255.1104581124  226615.9095373761

cov*(cov_.inverse()):
    0.9999999999995453  2.614797267597169e-12 -3.637978807091713e-12  1.818989403545856e-12 -3.637978807091713e-12  3.637978807091713e-12
-9.094947017729282e-13      1.000000000004206 -5.002220859751105e-12  2.728484105318785e-12  3.637978807091713e-12                      0
-9.094947017729282e-13  1.591615728102624e-12     0.9999999999995453  1.364242052659392e-12  3.637978807091713e-12  1.818989403545856e-12
-1.818989403545856e-12  2.728484105318785e-12 -3.183231456205249e-12      1.000000000001819 -3.637978807091713e-12                      0
-1.818989403545856e-12  2.160049916710705e-12 -3.637978807091713e-12 -9.094947017729282e-13      1.000000000003638 -3.637978807091713e-12
-9.094947017729282e-13  1.591615728102624e-12 -3.183231456205249e-12                      0                      0                      1
