6
1

0.0007803831861176146
0.0008589033002873157
 0.001283445739214745
 0.001521445764994298
  0.08904761049555397
   0.7014583957990824

 -0.03227521087573129   -0.1523009347040189    0.4803278973925438  -0.07455007756555029   -0.7085006323949096    0.4873571450883334
  0.06579415459351542   -0.4878001920882768    0.5750434059670411   -0.4584813606986433    0.4445107343517697   -0.1387524126340166
  -0.1520334677317669     0.587220137940529  -0.07755919044906109   -0.7340292761251741    0.0972090888937823    0.2789163334963381
   0.6997287108419021   -0.3398876740954308    -0.465221831870392   -0.2356024339936864 -0.008323398009731534    0.3504953088338088
  -0.5950013384810406    -0.368259162366778   -0.2568454945453927    0.1162560328082642    0.3157577072733275    0.5754742336574221
   0.3575869168510022    0.3780072298448084    0.3875484528417812    0.4200168776965737    0.4372816544534743    0.4598031153770538

0.4049098759640884
0.4033171160643848
0.4027566116775139
0.4013475487231412
0.4005225785112896
 0.399438934797746

0.01203825019237827

0.6123631135444676 0.4248610679783282  0.949643838554736  1.906663568517597 0.1442149356356867 -4.036671972334799

-1.120525520554225e-06   9.52850132505308e-08 -4.000614842014797e-06 -4.682745786474022e-06   -0.02236532904289581    -0.1203413028269496

cov:
0.06572528630066175 0.06824653448075758 0.06939964536157962 0.07335260016345796 0.07544926844485765 0.07818701315424065
0.06824653448075758 0.07138426692170127 0.07283257270542606 0.07778168756201896 0.08041066320985343 0.08384116165158287
0.06939964536157962 0.07283257270542606 0.07442594172125692 0.07985673154427259 0.08274249791003568 0.08650787530210226
0.07335260016345796 0.07778168756201896 0.07985673154427259 0.08691186163541656 0.09066242154438835 0.09555600547821237
0.07544926844485765 0.08041066320985343 0.08274249791003568 0.09066242154438835 0.09487735069449674  0.1003726993917724
0.07818701315424065 0.08384116165158287 0.08650787530210226 0.09555600547821237  0.1003726993917724  0.1066539594414344

cov.inverse():
 233173.0366449527 -192346.9307710617 -107621.6371607916 -40418.72151228063  65681.45319275325  41960.30640268319
-192346.9307714282  619898.2682551718 -459686.3063921962  94721.86719630257 -80877.63297447776  17807.02613236969
-107621.6371608127 -459686.3063917231  924245.1666614518 -334273.1786825631 -215228.7401511292  192638.5301973995
-40418.72151247105  94721.86719632523 -334273.1786801103   645142.208872962 -231993.2185127959 -133380.2959398339
 65681.45319449107 -80877.63297768739 -215228.7401538421 -231993.2185057141  1097880.729411314 -635367.7673800995
 41960.30640152364  17807.02613471803  192638.5301981109 -133380.2959446307 -635367.7673772045  516449.6823426924

cov*(cov_.inverse()):
     1.000000000001364 -1.818989403545856e-12                      0  1.818989403545856e-12 -7.275957614183426e-12 -7.275957614183426e-12
-4.547473508864641e-13     0.9999999999947704  1.818989403545856e-12 -3.637978807091713e-12 -1.455191522836685e-11                      0
 1.364242052659392e-12  1.591615728102624e-12      1.000000000010914                      0 -1.455191522836685e-11  7.275957614183426e-12
-9.094947017729282e-13  5.229594535194337e-12  7.275957614183426e-12      0.999999999998181 -1.455191522836685e-11  7.275957614183426e-12
                     0   6.59383658785373e-12  3.637978807091713e-12  1.091393642127514e-11      0.999999999992724  7.275957614183426e-12
-9.094947017729282e-13  4.547473508864641e-13  7.275957614183426e-12 -1.818989403545856e-12                      0                      1
