5
1

0.001016531569101384
0.001918731632987153
0.002581829785649628
 0.08350588848574968
  0.5804945881539085

 0.01614990455588112 -0.03716151200055984  -0.3089891229223242   0.8162993467112977  -0.4863530621709604
  0.6607097291492522  -0.6728441156734817  -0.2338767218980716 0.008723088048327598   0.2365777599441775
  0.1066814637089266   0.4902601603236075  -0.8024917753817229  -0.1007723044433166   0.3067832029337099
 -0.6247482492917774  -0.3577653192971503  -0.1090724887522535   0.3168930573260806   0.6077627692866568
  0.4018837203696334   0.4213653634757861   0.4403834051278328    0.472231952719554   0.4939637082655703

0.3995443632361428
0.3993963492217545
0.3994280367876463
0.3993871217154434
 0.399366473411504

0.0003183912187572826

  2.30586396062147 -1.004247892542006  2.207064188737962  -1.27415705094222 -2.236292320454839

-5.785298570223177e-07  4.207461682378753e-06 -1.716560304091745e-05   -0.02151197966342719   -0.07779265347924073

cov:
0.05714825080649239 0.05862045256690057  0.0601126683000519 0.06257111964908195 0.06424777250242772
0.05862045256690057  0.0607251296300282  0.0627997495463587 0.06626085628264958 0.06862169119662247
 0.0601126683000519  0.0627997495463587 0.06543945536957377 0.06983740182380693 0.07283915291179911
0.06257111964908195 0.06626085628264958 0.06983740182380693 0.07584722838650876 0.07994678961003153
0.06424777250242772 0.06862169119662247 0.07283915291179911 0.07994678961003153 0.08479851680771959

cov.inverse():
 120591.1529595714 -113454.6753182753 -59635.01748563648  12682.74577295497  39712.46443536023
-113454.6753181463  160383.3666116128 -5159.737099801308 -38377.81177516127 -3214.135983750815
 -59635.0174857006 -5159.737099251682  203864.8240720978 -232517.1670651734  93458.55520805725
 12682.74577268493 -38377.81177596885 -232517.1670636222  646406.8802504216 -388250.7669652025
 39712.46443556583 -3214.135983363948  93458.55520699077 -388250.7669647281   258283.791741723

cov*(cov_.inverse()):
    0.9999999999986358 -3.979039320256561e-13  9.094947017729282e-13                      0 -3.637978807091713e-12
-4.547473508864641e-13     0.9999999999987779 -2.728484105318785e-12                      0                      0
-1.364242052659392e-12 -4.547473508864641e-13      1.000000000001819 -3.637978807091713e-12  3.637978807091713e-12
-1.364242052659392e-12 -1.080024958355352e-12 -2.728484105318785e-12      1.000000000003638 -3.637978807091713e-12
-1.364242052659392e-12  -1.70530256582424e-12 -9.094947017729282e-13                      0                      1
