5
1

0.0007350288536148874
0.0007655160478093008
 0.002187398525857572
  0.05330957196717382
   0.5401508140940293

  0.1133536515018108  -0.6778836847603142   0.4865666482398199   0.4183653134408258  -0.3403645412748102
 0.03876759321693202  -0.2487795546024872   0.5285808888328356  -0.7099639204385776   0.3913556982645442
  0.6584398393801373  -0.4378294342883136  -0.5204784834317647 -0.02085165675052772   0.3216049145817946
 -0.6070737729730551  -0.3081415148136012  -0.1267477000984535   0.3331799287854142   0.6398721720710615
  0.4284465374964435   0.4381057366284099   0.4437254889970602   0.4576877097436083   0.4670402325330847

0.4002329155396396
0.4004903128380886
0.4005520349410286
0.4006554098208497
0.4007547756585552

-0.001230747803003747

0.6378691478001841 -1.150218547674882  8.195630007905031 -2.952176291226942 -4.733566781111528

 2.817921132228119e-06   2.86348126273056e-06 -2.298016775002429e-05   -0.01444845565336771   -0.04550203483542847

cov:
0.05460731173065413 0.05529551663910622 0.05568489172705629 0.05663828831975594 0.05727933547336541
0.05529551663910622 0.05627103457838942 0.05683015304984755 0.05821124139126383 0.05913753518325217
0.05568489172705629 0.05683015304984755  0.0574931146591285 0.05913338623570351 0.06023300507981127
0.05663828831975594 0.05821124139126383 0.05913338623570351 0.06143379002459302 0.06297242432165159
0.05727933547336541 0.05913753518325217 0.06023300507981127 0.06297242432165159 0.06480547243154687

cov.inverse():
 117087.7749153834 -218869.5441740523  65457.73996879089  37869.97426630517 -1400.885438643242
-218869.5441739073  996265.2784022094 -787260.3149466247 -221658.8260482594  231423.0068453298
 65457.73996924768 -787260.3149504886  971603.1819990597 -261346.7562624662  11454.55981448232
 37869.97426471597 -221658.8260380132 -261346.7562725556  1184228.715856352 -739024.9809226734
-1400.885437655208  231423.0068390921  11454.55982116432 -739024.9809241055   497546.063490225

cov*(cov_.inverse()):
      0.99999999999973 -1.818989403545856e-12 -3.410605131648481e-13  7.275957614183426e-12 -3.637978807091713e-12
-2.984279490192421e-13      0.999999999994543 -2.387423592153937e-12                      0                      0
 1.890043677121866e-12  7.275957614183426e-12      0.999999999984766                      0 -7.275957614183426e-12
 7.389644451905042e-13                      0 -2.501110429875553e-12                      1  3.637978807091713e-12
  1.06581410364015e-12 -3.637978807091713e-12  1.591615728102624e-12                      0                      1
