5
1

0.001019374023743655
0.001536117303991578
  0.0016659139498904
 0.05515744122255108
  0.5680857097295927

 -0.1250307601131652 -0.03511728570161795   -0.123003250664429   0.8226675539278734  -0.5396502397949883
 -0.2714268615247665 -0.06648924942833576   0.8702194896799103  -0.1588787921656032   -0.373339266263954
 -0.5186378496542676   0.8333828138245046  -0.1449623080887634  -0.1067808623514774 -0.06380942874686212
  -0.682350837872279  -0.3334369276405451  0.06335752999757084   0.2757936299774548   0.5857822516917858
  0.4196509059079171   0.4343257497121165   0.4500666536563288    0.458815154734085    0.471362834089202

0.4019292542982778
 0.402110165029369
0.4014084674273346
0.4013116178422536
0.4012079598883662

0.003517659917616919

  3.303687051243701  0.8257308621722949 -0.6065275212993718  0.3187632404691057  -3.836647209907105

 2.042115117750568e-06 -2.305322156386201e-07 -2.016419514972832e-06    -0.0143828540408214   -0.06136413601509028

cov:
0.05825091488105581 0.05951191837612069  0.0608208099802618 0.06156509777382691 0.06262116697549165
0.05951191837612069 0.06121797850579801 0.06301939465733455 0.06403035261800832 0.06547483429384415
 0.0608208099802618 0.06301939465733455 0.06538451256115542 0.06669389726888855  0.0685758675473616
0.06156509777382691 0.06403035261800832 0.06669389726888855 0.06816871237788906 0.07028564224583046
0.06262116697549165 0.06547483429384415  0.0685758675473616 0.07028564224583046 0.07274777264435622

cov.inverse():
 143341.6301453349 -143792.3250153775  -58222.8662384225 -60816.77145456722  119670.8515626232
-143792.3250150014  253353.1070230903 -63900.63694841934  -55420.0545891665  9532.473845580198
-58222.86623861973 -63900.63694842732  343062.9227233205 -150390.0107822794 -70458.67417774808
-60816.77145535126 -55420.05458761299 -150390.0107831084  666132.4606011014 -399591.4267430789
 119670.8515632279  9532.473844410848 -70458.67417712427  -399591.426743137  340907.1968502792

cov*(cov_.inverse()):
    0.9999999999972715 -6.821210263296962e-13 -9.094947017729282e-13                      0 -3.637978807091713e-12
 9.094947017729282e-13     0.9999999999997726 -1.818989403545856e-12  3.637978807091713e-12                      0
-1.818989403545856e-12 -1.250555214937776e-12     0.9999999999972715  3.637978807091713e-12 -3.637978807091713e-12
-3.637978807091713e-12  2.273736754432321e-12  1.818989403545856e-12      1.000000000003638                      0
-1.818989403545856e-12  1.477928890381008e-12                      0                      0                      1
