5
1

0.0009754688392081293
 0.001326883252635424
 0.001768959906618415
  0.09910524099523245
    0.610133205127012

 0.01917766366993702 -0.05497743502739497   0.6802720985618135  -0.7260992191801821   0.0813602770288278
 -0.4557690407905636  -0.2898913421552784   0.5751818694368925   0.5104975800201529  -0.3417537550121568
  0.5947854874603475   -0.793453355222253  0.02188296809433186   0.1044288060095517  0.07264817393374391
 -0.5284208387811835  -0.3298965148265277  -0.1157867148647214 -0.01077714372853949   0.7735741699934088
  0.3986332145235261   0.4177805093264639   0.4387599131160522   0.4484981854455724   0.5223888614815443

0.4036030587875554
0.4031741266026654
0.4014936763912618
 0.400901221572958
0.3973190855506028

0.01296833575581824

  1.033896914606881  0.3822841598071812 -0.4426902068068766   1.639202597091159  -2.608974435824291

-1.62221270667936e-06 1.570066148104427e-06 8.873764468870771e-07  -0.02609754011569491  -0.09310210997504613

cov:
0.06189967150889131 0.06370798413131191 0.06571084011152267 0.06661113569555434 0.07350603340909095
0.06370798413131191  0.0660459573547539 0.06861249715037329 0.06978668277852425 0.07873747985979981
0.06571084011152267 0.06861249715037329  0.0717970581121038 0.07326725661476828 0.08444376908039022
0.06661113569555434 0.06978668277852425 0.07326725661476828 0.07488297458737679 0.08713533400595587
0.07350603340909095 0.07873747985979981 0.08444376908039022 0.08713533400595587  0.1074645566059312

cov.inverse():
  231453.360230107  -76861.5020099703 -131019.9888847939 -126935.5241701492  103876.6070548059
-76861.50201026828  252109.6983742337  -139554.105496476 -68581.28531924525     33123.75550114
-131019.9888848955 -139554.1054985393  674401.1227641338 -351594.0560257453 -52983.13323472657
 -126935.524169615 -68581.28531739909 -351594.0560288134  705576.7360855786 -158752.7402083236
 103876.6070546709  33123.75550106056 -52983.13323382014 -158752.7402090164  75042.69672621724

cov*(cov_.inverse()):
     1.000000000001819  1.364242052659392e-12 -4.092726157978177e-12                      0  3.637978807091713e-12
-9.094947017729282e-13     0.9999999999972715  7.275957614183426e-12 -7.275957614183426e-12  2.728484105318785e-12
                     0 -1.818989403545856e-12      1.000000000001819  3.637978807091713e-12                      0
                     0 -4.547473508864641e-13 -9.094947017729282e-13      1.000000000012733  9.094947017729282e-13
 1.818989403545856e-12                      0 -1.818989403545856e-12  7.275957614183426e-12      1.000000000000909
