5
1

                  nan
2.112644258674838e-10
4.479581646191907e-10
9.013779125045187e-10
  0.08602893690427099

                  0 -0.2902920474353197  0.2339042144718524 -0.7239851754221347  0.5804005611791702
 -0.987479392255773 0.03872568621394113 0.06367538799955641 0.09000011473097329  0.1059726163164147
                  0  0.2866738324971449   0.829884661046857 -0.1966665719420714 -0.4363849477251656
                  0  0.8793650787201611 -0.3060146705351067 -0.3341592613372334  0.1463204285372655
 0.1577480582136246  0.2424170384109839  0.3985984623550933  0.5633873380370741  0.6633728233546601

  0.002573478501290083
-0.0004313616082072258
 -0.006755121983587742
  -0.01213677600026131
  -0.01673675887286663

0.04947400279816738

 -4.204733567474429 -0.5848130637155002  -3.431161534840205  0.1682774801407965    1.30018303453417

                     0   1.81382153422665e-19 -7.255286136906599e-19  5.441464602679949e-19  -0.008995159198830068

cov:
0.0001841692656549476 0.0002830194453863782 0.0004653596813452786 0.0006577490303244955 0.0007744810751789339
0.0002830194453863782 0.0004349260240679104  0.000715134734621147  0.001010786273724092  0.001190172549040075
0.0004653596813452786  0.000715134734621147  0.001175872815975262  0.001662003038717934  0.001956962064606762
0.0006577490303244955  0.001010786273724092  0.001662003038717934  0.002349109583264453  0.002766010791170961
0.0007744810751789339  0.001190172549040075  0.001956962064606762  0.002766010791170961  0.003256900295916468

cov.inverse():
 nan  nan  nan  nan  nan
 nan  nan  nan  nan  nan
 nan  nan  nan  nan  nan
 nan  nan  nan  nan  nan
 inf  nan  nan  nan -inf

cov*(cov_.inverse()):
nan nan nan nan nan
nan nan nan nan nan
nan nan nan nan nan
nan nan nan nan nan
nan nan nan nan nan
