6
1

0.0008953757617128127
 0.001250724086259811
 0.001657411426114322
 0.002409333217388804
  0.09300755196143465
   0.6404497104765876

-0.08313162904305138  -0.0174519976844962 -0.04614482777931405   0.5173578878040025  -0.7573086167824506   0.3866260334906571
 0.08075064799901077  -0.1176886201968203   -0.609322917212218   0.6438224503620064   0.3124323858130937  -0.3102143787591111
 -0.4251587257499681    0.833790987058674  -0.3371452383197033 -0.09750845265227373 -0.00378661498407247   0.0290430594989235
  0.5782286327020176 0.002768734259779339  -0.5753538634351433  -0.3762203864261131 -0.06352873730438338   0.4347806741775738
 -0.5801611994574876  -0.3802196090151748  -0.1524164061269734 -0.03022196312466623   0.3673124068892072   0.5998195556981146
  0.3672508052906854   0.3821816183225688   0.3983296331948611   0.4072719285446518   0.4357763417980833    0.452356182777613

0.4021273164875193
0.4023276163980427
0.4016599887458363
0.4015716909094471
0.4012402637713928
0.4009935231994376

0.00320193280272873

 3.808530337880536 0.6275564634779358 -1.321569044592158 -1.165547029702757 -2.853590146233542 0.9093086480081576

 1.317211845339416e-06 -1.384559853091873e-06 -1.372278491203108e-06  2.310023281678651e-05   -0.02347940283447327   -0.07989569204121284

cov:
0.05823577517279821 0.05947805004198214 0.06076665215552163 0.06150095698676934 0.06380069342398828 0.06513284984210153
0.05947805004198214 0.06116392044361255 0.06294345285712778 0.06394367137055493 0.06710485732030647 0.06893939414329814
0.06076665215552163 0.06294345285712778 0.06528493405821201 0.06658276142117994 0.07071505763841597 0.07311626234992463
0.06150095698676934 0.06394367137055493 0.06658276142117994 0.06804565076725695 0.07270190269316551 0.07540958201342539
0.06380069342398828 0.06710485732030647 0.07071505763841597 0.07270190269316551 0.07906054359263429 0.08276169150106583
0.06513284984210153 0.06893939414329814 0.07311626234992463 0.07540958201342539 0.08276169150106583 0.08704633024457219

cov.inverse():
 136228.0368892809 -133010.7602947063 -31789.04298930045  -42794.3212237011  88890.34039529991 -17330.49611204783
-133010.7602942003  262330.0447598382 -55753.81846232993  -89473.4270503584 -8215.069715647669   23918.9077677683
-31789.04299005456 -55753.81846090558  338404.5181285391 -231299.6732692126 -71351.97884036732  51911.36755373448
-42794.32122397835  -89473.4270500748 -231299.6732690259   626687.979383009 -355873.8083259802  92614.67175635202
 88890.34039635683 -8215.069718455523 -71351.97883869418 -355873.8083255865  778494.4388151892 -431948.9471845015
-17330.49611257944  23918.90776937397  51911.36755254578  92614.67175615177 -431948.9471841881  280885.5488659148

cov*(cov_.inverse()):
    0.9999999999972715 -1.591615728102624e-12  1.364242052659392e-12  5.456968210637569e-12                      0  3.637978807091713e-12
-1.364242052659392e-12      0.999999999998181 -2.728484105318785e-12                      0  1.091393642127514e-11 -3.637978807091713e-12
-2.273736754432321e-12 -1.818989403545856e-12      1.000000000001364  1.818989403545856e-12                      0  7.275957614183426e-12
-2.501110429875553e-12 -2.728484105318785e-12 -4.092726157978177e-12      1.000000000004547                      0  3.637978807091713e-12
 2.273736754432321e-13 -2.273736754432321e-12 -1.818989403545856e-12 -2.728484105318785e-12      1.000000000007276 -3.637978807091713e-12
-1.818989403545856e-12 -9.094947017729282e-13 -9.094947017729282e-13                      0                      0      1.000000000003638
