5
1

                  nan
5.301044886617686e-18
3.057208326831106e-10
 6.01322350942899e-10
   0.0929592319439549

                  0 -0.6205655453919975 -0.2011853781666197 -0.2382281586625788  0.7194930103236057
                  0 -0.5270320977695603 -0.1708621316201794  0.7976782837203619 -0.2382281586625787
-0.9892864158324493 0.05443542952882042 0.06497651838190865 0.07694016568941484 0.09059489182095133
                 -0 -0.4450823634409069  0.8557057118799776 -0.1708621316201792 -0.2011853781666197
 0.1459876277270994  0.3688821567368352  0.4403139360786902  0.5213856950311053  0.6139170641899583

 0.002573478501290083
-0.006755121983587742
 -0.01008721254765987
 -0.01213677600026131
 -0.01673675887286663

0.04947400279816738

    -3.043975464950117 -2.041079433163177e+16      -6617114673513727  3.089232602858306e+16      -9226052779410190

7.255286136906599e-19  1.08829292053599e-18 2.720732301339975e-19  9.06910767113325e-19 -0.009719788717920686

cov:
0.0001841692656549476 0.0004653596813452786 0.0005554737447809001 0.0006577490303244955 0.0007744810751789339
0.0004653596813452786  0.001175872815975262   0.00140357341355324  0.001662003038717934  0.001956962064606762
0.0005554737447809001   0.00140357341355324  0.001675366842798873  0.001983839788365568    0.0023359158302645
0.0006577490303244955  0.001662003038717934  0.001983839788365568  0.002349109583264453  0.002766010791170961
0.0007744810751789339  0.001956962064606762    0.0023359158302645  0.002766010791170961  0.003256900295916468

cov.inverse():
 nan  nan  nan  nan  nan
 nan  nan  nan  nan  nan
 nan  nan  nan  nan  nan
 nan  nan  nan  nan  nan
 inf  nan  nan  nan -inf

cov*(cov_.inverse()):
nan nan nan nan nan
nan nan nan nan nan
nan nan nan nan nan
nan nan nan nan nan
nan nan nan nan nan
