5
1

0.001189819538887173
0.001279852545313108
0.001771233028539142
   0.103330749472346
  0.6195362459514814

   0.3642295014744785    0.2469308985866002   -0.6137408282338151    -0.461443260333566     0.465568807836679
  0.06667843543375744    0.1614535347383836   -0.6356955933842353     0.695002639584841   -0.2869654785693866
   0.6203084096440837   -0.7731850919460577 -0.009910261639228712    0.1262682140452584   0.03688380882252421
  -0.5709063231117355   -0.3836975461583497   -0.1818450213189411    0.2489082368473597     0.657129546706091
    0.390095249470723    0.4097790796369711    0.4313322191147931    0.4755443998347499    0.5174136089933928

0.4037530344916954
0.4032944373853464
0.4015830930888361
0.3993931895882439
0.3972699163679309

0.01336295223537312

  1.053527216750595  0.3517830455155811 0.02532176255944318   2.026390010371118  -3.453918598212028

-2.955990832920654e-06  4.112172106224865e-06   1.59919777220248e-06   -0.02676075061251974   -0.09880223023328315

cov:
0.06188980580671261 0.06369310200945179 0.06569073937635027 0.06968530086440811 0.07346610908050678
0.06369310200945179 0.06602544540840449 0.06858607998729904 0.07377527843363624 0.07868848202187677
0.06569073937635027 0.06858607998729904 0.07176397148520007 0.07824569598365662 0.08438501726490895
0.06968530086440811 0.07377527843363624 0.07824569598365662 0.08746182674910224 0.09618719414214112
0.07346610908050678 0.07868848202187677 0.08438501726490895 0.09618719414214112  0.1073675453442658

cov.inverse():
 219104.6122172983 -82751.59144327565 -185732.1175964098 -65477.51695465318  115360.1893378196
-82751.59144356777  249552.3346396383 -167261.5102048215 -43111.83059229168  43809.46286962673
-185732.1175958522 -167261.5102050118  512817.5225725378 -70073.01996355281 -90599.23964650024
-65477.51695505534 -43111.83059277827  -70073.0199623618  450382.8621474226 -272011.1351826489
 115360.1893379556   43809.4628700125 -90599.23964732533 -272011.1351823445  203859.0135908261

cov*(cov_.inverse()):
     1.000000000001819 -1.818989403545856e-12 -1.818989403545856e-12 -3.637978807091713e-12  5.456968210637569e-12
 1.818989403545856e-12                      1 -1.818989403545856e-12 -3.637978807091713e-12                      0
 3.637978807091713e-12 -9.094947017729282e-13      0.999999999998181                      0  3.637978807091713e-12
 1.818989403545856e-12 -1.818989403545856e-12 -1.818989403545856e-12      0.999999999996362  7.275957614183426e-12
 3.637978807091713e-12                      0 -1.818989403545856e-12  3.637978807091713e-12      1.000000000003638
