6
1

0.0008408435267042259
 0.001280929816147368
 0.001334478822466406
 0.001779717564192064
   0.1036685442515186
   0.6775059234030395

0.004536234400095792  0.03862862356782983  -0.4955701399139778   0.7384721354037528  -0.4316028563887021    0.145860783055958
  0.1101927896106304   0.1861115727390403  -0.6803369891812777 -0.03561139318176819   0.6577878990555691   -0.237504781623225
 -0.4588108046350134  -0.2256852728588959   0.3277365282700563   0.5247917005169156   0.3283027736212613  -0.4979543464047869
  0.5824807893577498  -0.7971304956579353 -0.01198274174881484   0.1008612979902128   0.1223483003485432 0.003661801611319807
 -0.5571084333937485  -0.3698112872200491  -0.1678626139399922 -0.06876012880531285   0.2630389021507815   0.6713974447147044
  0.3573177027747186   0.3751786964704236   0.3947393346960735   0.4038359174601054   0.4348479876955795   0.4728315154561006

0.4035433285942703
0.4030979267689819
0.4013990625764532
0.4007946577450189
 0.399238955852324
0.3971443917703303

0.0131926805938955

 0.9875902982457482  0.3145845195351569 -0.1827794400513534   0.500156435350058   1.840653172529197  -3.457242291082506

-5.812702621603994e-07  3.783287770469864e-06  3.569326147625448e-06  1.867702186380985e-06    -0.0269459531338644    -0.1072023154121304

cov:
0.06194214514775883 0.06374746369704365 0.06574738394015524 0.06664615789244924 0.06974629835994256  0.0735314416383594
0.06374746369704365 0.06608236337627592 0.06864583384390446 0.06981836919958379 0.07384052613371701 0.07875914402235569
0.06574738394015524 0.06864583384390446 0.07182716781453352 0.07329555970555712 0.07831560662463569 0.08446150072873121
0.06664615789244924 0.06981836919958379 0.07329555970555712 0.07490935340451736 0.08041193090217347 0.08715057895455798
0.06974629835994256 0.07384052613371701 0.07831560662463569 0.08041193090217347 0.08754095379872584 0.09627524703057778
 0.0735314416383594 0.07875914402235569 0.08446150072873121 0.08715057895455798 0.09627524703057778   0.107466755798989

cov.inverse():
  232783.513242558 -75680.05296382445 -135502.2117078078 -114307.7888227235  -20689.8660614435  113916.3537181937
-75680.05296382029  252446.9415148047 -142757.9882200789 -55579.92804052942 -21374.71265836332  43190.94693869851
-135502.2117087475 -142757.9882217934  689819.8697121253 -406651.3021244179  89729.65080137245 -95423.92258341321
-114307.7888225619 -55579.92803782354 -406651.3021281527  929961.5064027965 -364439.0303226762  10875.89632244177
-20689.86605981561 -21374.71265973099  89729.65080095195 -364439.0303229756   592437.535657874 -275898.2403809459
 113916.3537173399  43190.94693907914 -95423.92258190695  10875.89632186849 -275898.2403814077  203754.7556484361

cov*(cov_.inverse()):
     0.999999999996362 -3.183231456205249e-12  1.182343112304807e-11  1.261923898709938e-11 -3.637978807091713e-12  1.818989403545856e-12
-1.818989403545856e-12     0.9999999999949978  1.000444171950221e-11  2.080469130305573e-11 -7.275957614183426e-12                      0
-1.818989403545856e-12 -4.547473508864641e-12      1.000000000010914  1.614353095646948e-11                      0                      0
                     0  4.547473508864641e-13  1.818989403545856e-12      1.000000000019668                      0  3.637978807091713e-12
                     0 -5.456968210637569e-12 -3.637978807091713e-12  1.591615728102624e-11      0.999999999996362  7.275957614183426e-12
-1.818989403545856e-12 -9.094947017729282e-13  1.818989403545856e-12  6.139089236967266e-12                      0      1.000000000003638
