5
1

0.001013548134986033
0.001194800216237807
 0.00321080991519773
 0.06113542336524741
  0.5935411862954904

 -0.02985176533550835   -0.2699387045838058  -0.03351137303414546    0.8260154030645263   -0.4927651668406424
   -0.187466378416428    0.6848969250220663   -0.6789542503039304    0.1864610022782605 -0.005097026815958482
   0.6160422189977581    -0.418664588264314    -0.579356325322902   0.05650074974612537    0.3261377937808826
  -0.6454318788425509   -0.3132810170845544  -0.07247035190082081    0.2555323208860239    0.6439906638967804
   0.4097253998178244    0.4296792579714265    0.4438382704041083    0.4630785535848786    0.4858669313172844

0.3992963344000184
0.3992911370016891
0.3992743521218579
0.3991994267316019
0.3991399646806987

0.000714871092138436

 1.621080819312014 0.9019475585165491  2.968762072759275 -2.478401961622417 -3.012813363780203

-9.799619660054437e-07 -3.067199546560295e-06  -2.29026697761589e-05    -0.0153894816354103   -0.08529842570610145

cov:
0.06070179760708533   0.062773935807262 0.06423610788576171 0.06622583141916977 0.06857988118580406
  0.062773935807262  0.0654108650169398 0.06727147506590159 0.06979772387621568  0.0727914192644401
0.06423610788576171 0.06727147506590159 0.06942242971207174 0.07233733668947737 0.07579393648047215
0.06622583141916977 0.06979772387621568 0.07233733668947737 0.07579076013942269 0.07987841017603757
0.06857988118580406  0.0727914192644401 0.07579393648047215 0.07987841017603757 0.08471559147127664

cov.inverse():
 62409.79245299185 -107060.0121997607  55527.50980427374 -45156.71425811492  34366.66173672444
-107060.0121995481  416554.9708587608 -293402.7465963723 -129909.0354918181  113740.7126586186
 55527.50980407534 -293402.7465967751  356570.1485023469 -118807.9044827809  158.9277219803631
-45156.71425827275 -129909.0354903691 -118807.9044844325  688865.2455337889 -395056.4013597066
 34366.66173686792  113740.7126577852  158.9277230307742  -395056.401360067  246816.6918090587

cov*(cov_.inverse()):
     1.000000000000909 -5.456968210637569e-12 -2.877698079828406e-13  3.637978807091713e-12 -3.637978807091713e-12
 4.547473508864641e-13                      1 -2.996713988068223e-12  3.637978807091713e-12                      0
 4.547473508864641e-13                      0     0.9999999999956692  1.091393642127514e-11 -7.275957614183426e-12
 4.547473508864641e-13 -3.637978807091713e-12 -2.566835632933362e-12      1.000000000007276 -3.637978807091713e-12
                     0  1.818989403545856e-12  6.448175327022909e-13                      0      0.999999999996362
