5
1

                  nan
2.850695070286009e-09
4.931848746879818e-09
  0.06139964667789896
   0.7775160486910307

                   0  -0.2138155234868468  -0.1248197672682714   0.8323577704557872  -0.4958664029524598
  0.7315129701793754  -0.5394064514364789  -0.3463652094000995 -0.05623274780348014    0.225385168988001
                  -0    0.563556208797894  -0.8096171404263997   0.1005878185455128   0.1296401797799549
 -0.5997437978689926  -0.4595654973577573  -0.2002229288500577   0.2032154232008736   0.5896788965971137
  0.3243395618437959   0.3667799820442946   0.4109525910695836   0.5025972568268616   0.5820569205136822

0.4877419819434484
0.4952724774678548
0.5096020648876826
0.5349747681369384
0.5571570234994093

-0.1346277170110418

-0.1758145540876039   3.033983545627302  0.8917055774770281   -14.4055229522193    9.18918994562846

4.270002261748917e-17 6.559294868979968e-18  1.77594923729516e-17  0.003859778506463695   -0.2837156745812496

cov:
0.06495036745061153  0.0729548634528083 0.08102956706786152 0.09808647933243292  0.1127926169078061
 0.0729548634528083 0.08212231326994945 0.09146738631279611  0.1110887865317087  0.1280378162912028
0.08102956706786152 0.09146738631279611  0.1022455915576591  0.1247086869451054  0.1441574306458349
0.09808647933243292  0.1110887865317087  0.1247086869451054  0.1528626866993445  0.1773014429629774
 0.1127926169078061  0.1280378162912028  0.1441574306458349  0.1773014429629774  0.2061201636067195

cov.inverse():
-2.250346479514064e+16  4.890824037289086e+16      235698325255942.4 -6.505575972139051e+16   3.77285883066889e+16
 6.004129980395454e+16 -8.132868387559782e+16 -2.040812307771868e+16  7.988148965586074e+16 -3.677558228343242e+16
-3.228750780116077e+16       1387146788418528  5.008154764905997e+16      -6724887630252677 -1.243502650948083e+16
-2.976008005104385e+16  6.974019193452632e+16 -4.619753664148829e+16      -6059057171811822  1.048579212949765e+16
 2.319839548057411e+16 -3.720327686538301e+16  1.726026748829086e+16      -4105954493718632       1875674998235206

cov*(cov_.inverse()):
     0.5        1     0.75  -0.1875   -0.375
       0        2     0.75  -1.1875   0.5625
    -0.5        0      0.5     0.25 -0.65625
    -0.5        0      0.5    1.125  -0.4375
       1        1        1   -0.625     1.25
