6
1

0.0008199861230413313
0.0008569614374886635
 0.001277168423467647
 0.001354632250980805
  0.09872265382474719
   0.7017737159147038

-0.02168525842148239 -0.09977406270774043 0.001748743766096446  -0.2020185903670961   0.8305522281143263  -0.5088647299564447
 0.05389962879860255  -0.4336046090685604   0.8162226509719529  -0.3576235699557552  -0.1165021848595655  0.03735077221744969
 -0.1481078765692919  -0.2820278824315651   0.2115886494585751   0.7951934356187726  -0.1230442024891223  -0.4541828905102296
  0.5741311797186133  -0.6836979612425689  -0.3480430951008467   0.1110855021059104   0.1079212851612009   0.2404360573028184
 -0.7282507336615223  -0.3350139818162957 -0.06924795490570473   0.1007704617614286   0.2801790228978805   0.5137764599656154
  0.3386929197327128   0.3779089608845043   0.4038297835101498   0.4200792741439067   0.4374049300913689   0.4600040868544137

0.4030071123844526
0.4009476839966153
 0.399719573884037
0.3988769269056719
0.3980082713948639
0.3968726429841529

0.01264517018587338

  1.139135978957478 0.04266567940737284  0.4311086056158748   1.929017858525243  0.1651358689222061  -3.704336152715414

 1.078665912925627e-06 -3.324413189504434e-07  5.067259929757829e-06 -3.371859701898322e-07   -0.02471888647927526    -0.1208574186177925

cov:
0.06166404606760899 0.06541297823621856 0.06785058209417866 0.06935459179914716 0.07097137344568008 0.07308320224214447
0.06541297823621856 0.07142951447996486 0.07538496266977389 0.07785365239875733 0.08049271025229859 0.08393606020482706
0.06785058209417866 0.07538496266977389 0.08036145217227189 0.08347762010702042  0.0868021056067812  0.0911388771094172
0.06935459179914716 0.07785365239875733 0.08347762010702042 0.08700753440997062 0.09076672984266189 0.09567127912157367
0.07097137344568008 0.08049271025229859  0.0868021056067812 0.09076672984266189 0.09498959788782141  0.1004950259874898
0.07308320224214447 0.08393606020482706  0.0911388771094172 0.09567127912157367  0.1004950259874898  0.1067852386571592

cov.inverse():
 197788.2750967394 -216883.8522514666 -68250.15023903464 -57186.61834984085  9580.076363362643  135580.3921073714
-216883.8522518426  574328.1826535845 -389091.6464693953  62249.91087003711 -73403.21161865868  42386.25479019013
-68250.15023845843 -389091.6464697337  1000646.641884876 -315922.2638158938 -163756.6322528428 -64331.34315891899
-57186.61835072925  62249.91087119166 -315922.2638137523   629234.350228426 -246257.5819518593 -72152.51702309235
 9580.076364862009 -73403.21162185312 -163756.6322547981 -246257.5819470355  1060056.473598431 -586082.8376362245
 135580.3921065605  42386.25479219289 -64331.34315886922 -72152.51702550448 -586082.8376350563  545010.1180129577

cov*(cov_.inverse()):
                     1  4.547473508864641e-12 -3.637978807091713e-12  2.728484105318785e-12 -7.275957614183426e-12                      0
                     0       1.00000000000864 -8.185452315956354e-12  2.728484105318785e-12                      0                      0
                     0  7.275957614183426e-12      1.000000000000909  8.185452315956354e-12  7.275957614183426e-12                      0
                     0 -4.547473508864641e-13 -1.182343112304807e-11      1.000000000013642                      0 -7.275957614183426e-12
-1.818989403545856e-12  4.547473508864641e-12 -6.366462912410498e-12  3.637978807091713e-12      1.000000000007276                      0
                     0                      0 -2.728484105318785e-12                      0  7.275957614183426e-12                      1
