6
1

0.0008119167560663093
0.0008602388151012127
 0.001276888332400015
 0.001456014969142268
   0.0860731119902068
   0.7054238138420182

 0.05397435601120024  -0.2212803585434481  0.07599993422799151  -0.2489039904541166   0.8114361336730106  -0.4711305406351972
 0.04782497254145433  -0.4049173796704335    0.819719978000332  -0.3138271911123628   -0.236129101518837  0.08700222321186045
-0.08431816041011166   0.4999008445334954 -0.05671362033303611  -0.7877964714765219   0.0977964908763055   0.3310373462766627
  0.6711155322894962  -0.4791869449950327  -0.3836659878991286  -0.1913939957149242  0.01594887096402163   0.3686437246376883
 -0.6415155798575563  -0.4084284215837787  -0.1046705735230035  0.08973097141858308   0.2948505320835366   0.5618714913388154
  0.3546148499984874   0.3751561813262868   0.4011374000276566   0.4174358733461175   0.4348092593344947   0.4574747356008119

0.4048313465131121
0.4032116624652592
0.4020081228512505
0.4011821200292271
0.4003311946911306
0.3992148142125569

0.01239423991189078

0.6989695578221488 0.6554684641963184 0.5690770242188188  2.055856868322467 0.2740316600244269 -4.252646428631295

 1.087782736538389e-06 -6.255895300173586e-07  -4.50674764783775e-06 -4.282693065364618e-06   -0.02148374140548749    -0.1224611195256191

cov:
0.06562681749534439  0.0681420909023648 0.07128344195286412 0.07323592887954118 0.07532705126256524 0.07805806108294737
 0.0681420909023648 0.07127340304802429 0.07520364515112617 0.07765770717160934 0.08028074660771435 0.08370402951554552
0.07128344195286412 0.07520364515112617 0.08015506805413639 0.08325694604856762 0.08656572383982826 0.09088285427248155
0.07323592887954118 0.07765770717160934 0.08325694604856762 0.08677296771976126 0.09051681012134376 0.09540221222479604
0.07532705126256524 0.08028074660771435 0.08656572383982826 0.09051681012134376 0.09472467661909394  0.1002114215609731
0.07805806108294737 0.08370402951554552 0.09088285427248155 0.09540221222479604  0.1002114215609731  0.1064835544497784

cov.inverse():
 224379.4068585761 -221798.0615340027 -59314.64554690619 -60517.17880951722  51144.06901342756  66580.30193198868
-221798.0615325089  557447.0691889164 -404704.8734990081  56985.43820471994  -116810.897158046  128682.2552412739
-59314.64554881248  -404704.873495302  988185.8687479543 -314286.9856469067 -174305.1823876319 -36181.11364959683
 -60517.1788086641  56985.43820394184 -314286.9856472199  624997.9445947463 -254932.4186544477 -52231.58964536696
 51144.06901124883 -116810.8971591962 -174305.1823821947 -254932.4186542167  1080160.643297623 -585035.2083335248
 66580.30193372644  128682.2552409871 -36181.11365291824 -52231.58964583764 -585035.2083311785  478300.2376934261

cov*(cov_.inverse()):
     1.000000000000909 -5.456968210637569e-12 -2.273736754432321e-12 -4.092726157978177e-12 -7.275957614183426e-12 -7.275957614183426e-12
-1.818989403545856e-12      0.999999999996362 -1.318767317570746e-11 -9.094947017729282e-12 -7.275957614183426e-12                      0
 9.094947017729282e-13  7.275957614183426e-12      1.000000000004547                      0 -1.455191522836685e-11  7.275957614183426e-12
-9.094947017729282e-13 -1.818989403545856e-12  7.275957614183426e-12     0.9999999999890861 -7.275957614183426e-12                      0
-1.818989403545856e-12                      0 -2.728484105318785e-12  3.637978807091713e-12     0.9999999999854481                      0
                     0  3.637978807091713e-12  2.273736754432321e-12  9.094947017729282e-13                      0      0.999999999992724
