5
1

0.001076384458544946
0.002076479477975363
0.002169718738431019
 0.08218202375001885
  0.5542676214148566

 -0.0860997149228542  0.08479109311332639   0.5809391923126876  -0.7797059475562585   0.1999139810001543
   -0.37651550385248   0.8011756320274213  -0.4183843864947094  -0.1470525959200939   0.1402986855775296
 -0.5568791867351639   0.1701905487363314   0.5358316209531412   0.3508575205368943  -0.5007037275389919
 -0.6094317012038973  -0.3749097025992313 -0.01110655219806177   0.1905532550871333   0.6720132572640581
  0.4114626196847321   0.4259177962845548   0.4474653935865083   0.4593719915677922   0.4878981843743601

0.3995741261179344
0.3997974059359956
0.3995849069814219
 0.399554999361149
0.3994175425794908

0.001012869756031219

  4.96941471830905 -3.222939626577744  3.415866890622119 -4.400790400089669 -0.757886687662672

 5.286799882003138e-06 -2.303143551580674e-05 -1.247592342082143e-05   -0.02165323143059881   -0.05863708814726232

cov:
0.05452206940246601 0.05538016265177077  0.0566074655531306  0.0572826789471261 0.05890853876200133
0.05538016265177077 0.05668241882997984 0.05857680788500831 0.05962478746720758 0.06213866628984135
 0.0566074655531306 0.05857680788500831 0.06151505815918318 0.06313482364687342 0.06701811138692775
 0.0572826789471261 0.05962478746720758 0.06313482364687342 0.06507542333086914 0.06971833153539868
0.05890853876200133 0.06213866628984135 0.06701811138692775 0.06971833153539868 0.07618168950396241

cov.inverse():
  105206.444307763 -96359.71951606401 -70019.85906042285  29263.51223575424  32061.53649315031
-96359.71951610302  161247.0143456589 -15852.77025021508  -71711.8062061782  22561.66896859423
-70019.85906037776 -15852.77025057098  392877.2199589333 -336750.7215372677  29635.03115989717
 29263.51223577477 -71711.80620577651 -336750.7215379226  555889.3419146305 -176618.2255676163
 32061.53649312337  22561.66896850981  29635.03116024101 -176618.2255678488  92381.69890501538

cov*(cov_.inverse()):
     1.000000000000682                      0 -1.364242052659392e-12  5.456968210637569e-12 -9.094947017729282e-13
 2.273736754432321e-13      1.000000000000227                      0  3.637978807091713e-12 -9.094947017729282e-13
                     0 -6.821210263296962e-13      1.000000000002274 -1.818989403545856e-12 -9.094947017729282e-13
 1.364242052659392e-12  6.821210263296962e-13                      0      1.000000000005457                      0
 4.547473508864641e-13  4.547473508864641e-13  1.818989403545856e-12                      0      1.000000000000909
