7
1

0.0007835808312862554
0.0008595156352448924
 0.001278635472082247
 0.001337991076055981
 0.001785080582585141
   0.1117555287257453
   0.7424008985194305

  0.01668903037155895  -0.03582441806067836   -0.1644497713599011    0.4720819233759391  -0.07722301900178119   -0.7056966318038628    0.4945319876955944
-0.006023863437402813   0.06809735662261671    -0.482288584639722    0.5762711011315133   -0.4604299191599611    0.4457895574591044   -0.1411090437213521
   0.1522679051252523    0.1948131518501832   -0.6969889746562905  -0.07081178968567796    0.6473013730471924  -0.07074743753409136   -0.1550809888981511
  -0.4443234709867057   -0.2202737569281507    0.2792789901965105    0.5304992943016552    0.4076675584155227   -0.0838717197328786    -0.470534340897584
   0.5882993403249821   -0.7938028948425752  -0.01833440158876642   0.08556149042470679   0.09088901282838517   0.08182323753179579  -0.03417713467100975
  -0.5729136545907286   -0.4018924234693764   -0.2175716207386136   -0.1270142380674951    0.1760554833669745    0.3380946565422162    0.5490709130091814
   0.3236512908831427    0.3405379759498796    0.3590126017785937    0.3676317172031556    0.3969793990484285     0.412578756178654    0.4329280861728447

0.4039178793833343
0.4035001983829323
0.4018337582594176
0.4012389652744212
  0.39972558697476
0.3988430199864615
0.3976859278200526

0.01284609448035543

  0.99035099791561 0.3177224763760989 -0.191604513907662 0.4661363753350338  1.814125565298505 0.1602373154474563 -3.553935391112955

-1.076951813818065e-06  8.447563683616453e-08  3.314500827580014e-06  3.727455253105807e-06   2.14537906442603e-06   -0.02860542033300937      -0.12181411261822

cov:
0.06183485966022297 0.06362069732141133 0.06559822978032553 0.06648792482706321 0.06955479655542389 0.07117820975013188 0.07329867928894847
0.06362069732141133 0.06593517931737634 0.06847505413760398 0.06963811833794355 0.07362541171471547 0.07573997990529022 0.07850075643256467
0.06559822978032553 0.06847505413760398  0.0716312566329504 0.07308963883790766 0.07807276281517181 0.08071945714823642 0.08417274949193522
0.06648792482706321 0.06963811833794355 0.07308963883790766 0.07469325144102344 0.08015821925942972 0.08306178830537177 0.08685007545287846
0.06955479655542389 0.07362541171471547 0.07807276281517181 0.08015821925942972  0.0872469001088802 0.09101491437914727 0.09593095775546258
0.07117820975013188 0.07573997990529022 0.08071945714823642 0.08306178830537177 0.09101491437914727 0.09524710031356726  0.1007646525919346
0.07329867928894847 0.07850075643256467 0.08417274949193522 0.08685007545287846 0.09593095775546258  0.1007646525919346  0.1070678092567305

cov.inverse():
 233602.3736048682 -75248.76928161259 -138142.0501456339 -114327.0253520015 -22466.74798242682  6502.119826503517  110598.3179532813
-75248.76928175931  256444.0146614565 -147701.7545541508 -69447.31894606665 -33611.64515189936  63761.94779782583  6052.246200230122
-138142.0501471593 -147701.7545531816  699713.0455701707 -390188.3751132859  108380.9493764793 -85414.60369785874 -47435.98693382319
-114327.0253494944 -69447.31894769664 -390188.3751148582  975053.8346226297 -323322.0976099509 -214445.1605492873  136516.3532516532
-22466.74798304157 -33611.64515133305  108380.9493745736 -323322.0976074401  648382.9638972625 -233849.3865325956  -143769.617005085
 6502.119825761692  63761.94779774614 -85414.60369318836 -214445.1605534683 -233849.3865321897  1089190.267030172 -625643.5171656518
 110598.3179538027  6052.246200257567 -47435.98693556951  136516.3532526243 -143769.6170049346 -625643.5171655739  564037.4492622507

cov*(cov_.inverse()):
     0.999999999998181 -1.762145984685048e-12  2.273736754432321e-12 -2.000888343900442e-11  1.818989403545856e-12  2.182787284255028e-11                      0
-1.818989403545856e-12     0.9999999999993179 -9.094947017729282e-13 -9.094947017729282e-12 -1.818989403545856e-12  7.275957614183426e-12                      0
-1.818989403545856e-12 -2.557953848736361e-12      1.000000000000455 -7.275957614183426e-12  1.818989403545856e-12                      0  7.275957614183426e-12
-3.637978807091713e-12 -4.774847184307873e-12 -6.366462912410498e-12      1.000000000001819 -3.637978807091713e-12  1.455191522836685e-11                      0
-3.637978807091713e-12 -3.865352482534945e-12 -7.275957614183426e-12  5.456968210637569e-12      0.999999999994543                      0                      0
-3.637978807091713e-12 -5.798028723802418e-12 -3.637978807091713e-12 -7.275957614183426e-12                      0      1.000000000014552                      0
                     0  -1.13686837721616e-12 -1.818989403545856e-12 -1.818989403545856e-12  1.818989403545856e-12                      0                      1
