6
1

0.000972827868564043
0.001479326111976866
0.001916380060942903
0.003232691946327386
 0.09927659105335102
  0.6159012198626636

-0.01279761553416984 -0.06634548460283883  -0.3112007319462835   0.8477279687531855  -0.4227896262005452 -0.03456624243901577
  0.1940165712221232  -0.2753489473686953   0.5614973668201639  -0.1334426396823239  -0.6699679108476745   0.3234150501711378
 -0.6404483894903552   0.6699064344076882   0.2664651309610683 0.008724208591961005  -0.2607345883616281 -0.04459737813621611
  0.2689659455214878   0.4149097848515947  -0.5852837761371334  -0.3013165149216962  -0.2866593704449706   0.4898824911612263
 -0.5871855661664074  -0.3914941174282449  -0.1154590608643837  0.04807023556347386   0.2061116135572615   0.6661996152647672
  0.3672738522718819   0.3815610428862288   0.4012271826870557    0.412761252276629   0.4239738352026134   0.4565218193521204

 0.399696475066365
0.3997802285490246
0.3993866965870893
0.3992690074186138
0.3991300719224765
0.3986396686382386

0.002756215930930397

  1.750250347431285  -0.130464877710711  -0.350182338397221 -0.7816433066213938   2.973019250452577  -3.459367677188462

-1.613385646998362e-06 -6.187629805393709e-06 -7.085617524566308e-06 -1.765915070250227e-05    -0.0262721567976226   -0.07165182195895849

cov:
0.05456894659449217 0.05542405436369172 0.05656495620923074 0.05722659512954503 0.05787457166607868 0.05974860944133305
0.05542405436369172 0.05674103739080737 0.05851659806692802 0.05955599472725329 0.06056889536841242 0.06350788885363075
0.05656495620923074 0.05851659806692802   0.061202479689409 0.06276868440827729 0.06429474997094987 0.06872154113871448
0.05722659512954503 0.05955599472725329 0.06276868440827729 0.06465233166362262 0.06648189454994104 0.07179363927122288
0.05787457166607868 0.06056889536841242 0.06429474997094987 0.06648189454994104 0.06860774476066532 0.07477284550921104
0.05974860944133305 0.06350788885363075 0.06872154113871448 0.07179363927122288 0.07477284550921104 0.08343487167006011

cov.inverse():
 136019.3955258273  -129636.636224677 -7536.680670662164 -32573.02251480534 -15600.26567713092  49486.78720166957
-129636.6362248102  177983.3415522435 -23458.78440556817   -53011.990710052  54985.63422079532 -26980.59286355041
 -7536.68067047274 -23458.78440618748   298514.734667771 -295486.5208692251  -35739.4252401495  63667.89506742443
-32573.02251460827 -53011.99070984459 -295486.5208711867  776194.5883186141 -330211.6753757839 -64910.58315260322
-15600.26567741104  54985.63422120593 -35739.42523842173  -330211.675378104  420362.0249138548 -93826.78571458843
 49486.78720169631 -26980.59286368211  63667.89506722823 -64910.58315184082 -93826.78571504963  72610.17515836327

cov*(cov_.inverse()):
                     1  4.547473508864641e-13 -4.547473508864641e-13 -1.364242052659392e-12  7.275957614183426e-12                      0
-9.094947017729282e-13     0.9999999999984084  2.728484105318785e-12                      0                      0                      0
 4.547473508864641e-13 -9.094947017729282e-13      1.000000000000909  1.818989403545856e-12  9.094947017729282e-13                      0
                     0  -1.13686837721616e-12 -2.728484105318785e-12     0.9999999999990905  2.728484105318785e-12 -9.094947017729282e-13
                     0 -9.094947017729282e-13 -9.094947017729282e-13 -1.182343112304807e-11      1.000000000004547                      0
                     0                      0  9.094947017729282e-13  3.637978807091713e-12  1.818989403545856e-12                      1
