5
1

0.0008565394184629357
  0.00127129658540338
 0.001352655187411017
  0.09371600975935437
   0.6322169307294978

  0.04757553514480034   -0.4427333762264186    0.8107800885452587   -0.3780584286878041  -0.03783118485447106
   0.2081296080758036    0.2115429965021377   -0.2202102062478296   -0.7488523574549363    0.5501447433826677
  -0.5523249724155869    0.7051253442005599    0.3039873465111583   -0.2193988496436106   -0.2391468413931661
  -0.7112894213106814   -0.2910429033470428 -0.007144746357729096    0.1744039422040072    0.6155433413546325
   0.3787124485352119    0.4211044948506473    0.4490921496123256    0.4666255253959584    0.5097300716522148

0.4026400093780667
0.4005210308471298
0.3992620981381752
0.3983987952920952
 0.396340104241568

0.01298853524484437

  1.140197669434345 0.05259871507748096  0.4567897426879451   1.961980060396533  -3.608916101514363

-1.495926346574942e-07 -5.344455625862296e-06 -3.880365854558226e-08   -0.02379099014429682    -0.1059063629100155

cov:
0.06177004881391403 0.06556038127273578 0.06802367444629473 0.06954388246784264 0.07331330348716134
0.06556038127273578 0.07162316094683593 0.07560713979821958 0.07809373153378976 0.08422155572168853
0.06802367444629473 0.07560713979821958 0.08061382302509532 0.08374888523971885 0.09145825681529719
0.06954388246784264 0.07809373153378976 0.08374888523971885 0.08729828901093949 0.09601174269934445
0.07331330348716134 0.08422155572168853 0.09145825681529719 0.09601174269934445  0.1071797957202965

cov.inverse():
 196676.0455221567 -214300.3578945989 -67545.34786200657 -54734.93576783026  140535.0249027652
-214300.3578945367  566613.2089010414 -400943.3609804166  45567.92936371832  2654.845488718426
 -67545.3478624455 -400943.3609758765  976517.0079178669 -352217.2182680573 -156498.7882524366
-54734.93576733782  45567.92935749373 -352217.2182600466  568103.1121839844 -206721.7970201437
 140535.0249026499  2654.845490462691 -156498.7882563452 -206721.7970178624   220518.653219543

cov*(cov_.inverse()):
     1.000000000001819  1.222133505507372e-12 -1.091393642127514e-11  5.456968210637569e-12  1.818989403545856e-12
                     0      1.000000000006509 -1.455191522836685e-11                      0                      0
-1.818989403545856e-12   6.02540239924565e-12     0.9999999999909051  3.637978807091713e-12  3.637978807091713e-12
                     0 -3.325340003357269e-12  5.456968210637569e-12      1.000000000003638                      0
 3.637978807091713e-12 -3.410605131648481e-13  3.637978807091713e-12                      0                      1
