5
1

0.0008396790503337009
 0.001282542587364672
 0.001521637688891091
  0.08329678970755633
   0.6319813569381313

-0.03863434563988762   0.4933071932456875  -0.7420616888516555    0.429279650096306   -0.142192940685751
 -0.1542712137947767   0.5972047126062604  -0.0692466190999067  -0.7089191637746084    0.334940963173366
  0.7009957962668818  -0.3436707936103093  -0.4662352769300902   -0.233957794837179   0.3440693186209242
 -0.5692257827741009  -0.3232444672566294  -0.2025028603920098   0.2019701703790885    0.699782583681022
  0.3991173784397727   0.4211863534590995   0.4314702930224023   0.4665023062732587   0.5094274809706312

0.4045098626560416
0.4028850002654153
0.4023149358751029
0.4008639406503538
0.3989009443984462

0.01238146970551815

0.6114984581981383 0.4200654604076711  0.991636040638065  1.923588175273165 -3.945803897397325

 5.884185032768066e-07 -4.272534510321354e-06 -4.597677084130288e-06    -0.0212131264129774    -0.1054000278378667

cov:
0.06587169515354827 0.06841625704103714  0.0695787317211627 0.07356614776143583 0.07844333256922856
0.06841625704103714 0.07157881575832727 0.07303701648104916 0.07802262044789945 0.08412746028902403
 0.0695787317211627 0.07303701648104916  0.0746404500196443 0.08010840643842417 0.08680578838443186
0.07356614776143583 0.07802262044789945 0.08010840643842417 0.08720339322079274 0.09589716581481392
0.07844333256922856 0.08412746028902403 0.08680578838443186 0.09589716581481392  0.1070491018982862

cov.inverse():
 228863.4388472143 -187062.4953209747 -93982.28486185103 -27883.75901238174  80490.74154393787
-187062.4953212885  612998.4373395569 -475123.1928887378   77688.7949022244 -28985.65252798008
-93982.28486170153 -475123.1928911007  877808.8759900866 -374858.7440198297  66251.75405331819
-27883.75901200713  77688.79490570709 -374858.7440243053  590542.8074541386 -265671.9042187101
 80490.74154372769 -28985.65252941398  66251.75405558018 -265671.9042193277  148078.5354755711

cov*(cov_.inverse()):
     1.000000000001819 -3.637978807091713e-12 -1.818989403545856e-12 -3.637978807091713e-12                      0
 2.728484105318785e-12     0.9999999999931788  5.456968210637569e-12  3.637978807091713e-12  1.818989403545856e-12
                     0  9.094947017729282e-13      1.000000000002728  7.275957614183426e-12                      0
 1.818989403545856e-12 -3.183231456205249e-12   -1.2732925824821e-11      1.000000000003638  1.818989403545856e-12
 1.818989403545856e-12 -1.818989403545856e-12 -2.728484105318785e-12                      0      0.999999999998181
