6
1

0.001177350746364434
0.001808586548338895
0.002009986176581261
0.003273636904653066
  0.1004637178701136
  0.6180866914020705

-0.06926738665659973  0.08000974065471489   0.1683423638888761  -0.7159357232001023   0.6581740375649101  -0.1212612699417517
  0.5278257516795943  -0.7986429591689244   0.2715297966426183 -0.07553301856660523  0.01264060135334505  0.06305511456366067
 -0.4968827106417156  -0.1507765230260136   0.6953737094828557   0.3013625814772453  0.04366455021606941  -0.3925600816045609
 0.04555513037289887  -0.2009235993555242  -0.4816292176524702   0.4653651960524783   0.5827866765546732  -0.4115612444771694
 -0.5769865139433268  -0.3834809300237644  -0.1556629595410041  0.05718491607586354   0.2112164243308026   0.6692648874166928
  0.3670434166406112   0.3815840520836594   0.3977312685042277   0.4136139716135923    0.424838640251364   0.4581683007210593

0.3992846271960506
0.3995418861973604
0.3993766971399372
0.3993928438919299
0.3993861515744934
0.3992834388083551

0.0005254000856525646

  2.381958649643939  0.4789644919867905  -1.525913171927964 -0.7555511149089912   1.929111772080595  -2.508068677219271

 2.399715111524506e-06  1.255123619001172e-06 -5.962071189700039e-06  2.734983832054722e-05   -0.02659304788597919    -0.0733189491841679

cov:
0.05482958905613004 0.05573850678111179  0.0566760074865598  0.0576643313758184  0.0583418693930203 0.06034852820411456
0.05573850678111179 0.05711304353787759 0.05858247969938112 0.06007300336834096 0.06111295570066954 0.06420098522173756
 0.0566760074865598 0.05858247969938112 0.06068285271813127 0.06275524709762009 0.06421785770478243 0.06856628737548016
 0.0576643313758184 0.06007300336834096 0.06275524709762009 0.06539298216763574 0.06725441849451688 0.07278059277438242
 0.0583418693930203 0.06111295570066954 0.06421785770478243 0.06725441849451688 0.06940650949722514 0.07578543750835579
0.06034852820411456 0.06420098522173756 0.06856628737548016 0.07278059277438242 0.07578543750835579 0.08471855360274047

cov.inverse():
 149972.7737192245 -115159.8534916917 -52158.20796854684 -11501.59518642889 -33754.38123976015  62727.91264346505
-115159.8534916674  209023.7339855028 -73495.31314782202 -42855.87787988513  22340.25456808663 -53.01080415695129
-52158.20796851488 -73495.31314780739  184320.6701263047 -62261.58785227424  62302.81835748034 -58573.38569210297
-11501.59518683259 -42855.87787956956 -62261.58785211471  414206.9039197143 -311666.6358737409  14024.17955055226
-33754.38123933374  22340.25456770405  62302.81835738828 -311666.6358738269  344732.4989282296 -83943.03866410184
 62727.91264338635 -53.01080408059607  -58573.3856921236  14024.17955070969 -83943.03866423637  65817.90303747942

cov*(cov_.inverse()):
    0.9999999999995453  2.762234885267389e-13  9.094947017729282e-13  -1.70530256582424e-12                      0 -1.364242052659392e-12
-4.547473508864641e-13      1.000000000000816                      0 -5.684341886080801e-12  1.818989403545856e-12 -1.818989403545856e-12
                     0  6.292744103575387e-13      1.000000000001819 -5.229594535194337e-12 -9.094947017729282e-13 -9.094947017729282e-13
-9.094947017729282e-13  1.376676550535194e-14 -9.094947017729282e-13     0.9999999999989768 -1.818989403545856e-12 -1.818989403545856e-12
 1.818989403545856e-12 -3.108624468950438e-13 -9.094947017729282e-13  4.320099833421409e-12     0.9999999999936335 -9.094947017729282e-13
                     0 -4.618527782440651e-13                      0  2.728484105318785e-12                      0     0.9999999999990905
