5
1

0.001103042863544751
0.001642091404195304
0.002220531930573488
  0.0686583921803661
  0.5500973730873742

  0.1572524183725261  -0.1768120736253024  -0.4652288694728492   0.7947481734368151  -0.3097524937174426
-0.05287315326863309  -0.3862861022625085   0.7572964127846029   0.1754170594656842  -0.4936785141104034
  0.6017849868367949  -0.7009566079261536 -0.05645993354067812  -0.1777994982143884   0.3342368587720292
 -0.6610822359881071  -0.3783983508860367   0.0611864424250382   0.3041310348055112   0.5688105996192309
  0.4162946233837605   0.4301105202974561   0.4507024931820737   0.4620561093309989   0.4744208483409935

0.3996157325376202
0.3998417129681197
0.3996322245184665
0.3996050720918852
0.3995505313925269

0.0009772486753205402

 5.343309911730614 -2.304754109689461  3.344953348882129 -8.397445596499576  2.017975182385666

-9.255877043062202e-06  1.810977179473659e-06  3.357722615045143e-05   -0.01820378901393513    -0.0550897867702154

cov:
0.05450415145993229 0.05535977453344772 0.05658562697614799 0.05725875387789543 0.05799296187664537
0.05535977453344772 0.05665865722999943 0.05855132472393979 0.05959644851747576 0.06073281493078004
0.05658562697614799 0.05855132472393979 0.06148888616874467 0.06310556320237064 0.06486739604583247
0.05725875387789543 0.05959644851747576 0.06310556320237064  0.0650423934043884   0.067148878069309
0.05799296187664537 0.06073281493078004 0.06486739604583247   0.067148878069309 0.06963585036115107

cov.inverse():
 94900.15432046849 -100773.6207648694 -81876.38515458289  77535.38916416396  10359.86685110939
-100773.6207649019  180711.3433812919 -32858.25750966033 -115370.7078605782  68176.02351741122
-81876.38515465161 -32858.25750956772  391221.8721435333 -252580.4491414912 -24028.16618462732
 77535.38916441235 -115370.7078609078 -252580.4491414768  536971.1195684202 -246460.5678926774
 10359.86685096238  68176.02351761558 -24028.16618461765 -246460.5678927446  191968.2741403868

cov*(cov_.inverse()):
    0.9999999999992042 -1.818989403545856e-12  4.320099833421409e-12 -1.818989403545856e-12                      0
 -1.13686837721616e-12     0.9999999999990905  2.046363078989089e-12 -1.818989403545856e-12                      0
  1.13686837721616e-13 -2.728484105318785e-12     0.9999999999984084  5.456968210637569e-12 -1.818989403545856e-12
-1.364242052659392e-12 -9.094947017729282e-13  6.139089236967266e-12      0.999999999996362                      0
-6.821210263296962e-13                      0  2.273736754432321e-12                      0                      1
