5
1

0.0006717433870438366
 0.000830631038092254
 0.001070876648395209
  0.06990862490470384
   0.6495415523637119

 0.07679232881720352  -0.6652221472730422   0.6640653587828091   0.1939721082836092  -0.2701378416381977
-0.03950368073714056  -0.0198070488089852   0.4011721139480171  -0.7949846717009549   0.4528878964784781
  0.7279051684062596  -0.4676387247371914  -0.4220809965364605 -0.09255244231083887     0.25445975461498
 -0.5452767042536804  -0.4053174250369615  -0.1743012972634709   0.3138044178778581   0.6399507370511118
  0.4066568320448437   0.4172756686921751   0.4353674590391406   0.4725833531888043   0.4976257501048132

0.4023428219613268
0.4018127504634225
0.4012435849178783
0.3996968396473138
0.3986685108814736

0.01146441473061817

0.6474568743645184  1.964875421148157 0.6399864197933209 0.6153213146847816 -3.867463263490081

 1.496928382305906e-07 -1.413323076987181e-06 -2.016898254697696e-06   -0.01731485481554814     -0.114733466659623

cov:
0.07122392003716504 0.07267179675732059  0.0751602507292542  0.0802449363175456 0.08367256344611367
0.07267179675732059 0.07426486881392183 0.07699189219659046 0.08257686903813245 0.08633947374241713
 0.0751602507292542 0.07699189219659046 0.08011875540383229 0.08653827297072245 0.09086035612423443
 0.0802449363175456 0.08257686903813245 0.08653827297072245 0.09470771435635929   0.100200216379131
0.08367256344611367 0.08633947374241713 0.09086035612423443   0.100200216379131  0.1064784734357442

cov.inverse():
 477422.2157690709 -408857.4951092505 -177850.0740903867  19746.73448057686  89541.98925895011
-408857.4951076503  1171977.226635151 -818356.5759682473 -225417.5666638227   281421.358060479
-177850.0740894943 -818356.5759642711  1365890.450698992 -142733.2890222236 -227893.3744928484
 19746.73447322486 -225417.5666679418 -142733.2890062426  1006884.244174359 -658452.7859716696
 89541.98926380937    281421.35806222 -227893.3745039618 -658452.7859671499  515546.5071118312

cov*(cov_.inverse()):
     1.000000000005457  1.091393642127514e-11 -2.182787284255028e-11  1.455191522836685e-11 -7.275957614183426e-12
                     0      0.999999999992724 -1.091393642127514e-11  7.275957614183426e-12                      0
 4.547473508864641e-12 -3.637978807091713e-12     0.9999999999854481                      0 -7.275957614183426e-12
-5.456968210637569e-12 -1.091393642127514e-11 -1.455191522836685e-11                      1 -1.455191522836685e-11
 1.818989403545856e-12  7.275957614183426e-12 -7.275957614183426e-12  1.455191522836685e-11                      1
