5
1

0.0009479939041190339
 0.001134097389380352
 0.002972079365631628
  0.06709417063279595
   0.5608087406134185

-0.009559484844808093    0.6094006511625197   -0.5927573263496871   -0.3758678035630186    0.3686483540118976
  -0.1145770255803916   -0.1017529471195787    0.5759140108046024   -0.7184193723188574    0.3587688679324973
   0.6933752931590431   -0.5578639032177766   -0.3124201049712487   -0.1291217731148323    0.3061695837941353
  -0.5755748785598842    -0.349775592255077   -0.1620308135199943     0.331337981339439    0.6405714260137892
    0.418001176393127    0.4297930719130017    0.4394331549821087    0.4649082807944792    0.4809487754644352

0.3958702142887815
0.3955842578000344
0.3953266509081579
0.3947431455049653
0.3943408185568383

0.005439125315800607

-1.266366881357524  6.648803746894432 -2.674012730840011  3.085506306624286 -5.798561026257698

 2.113328595981329e-06 -8.190980089080338e-06 -5.234171173803798e-05   -0.01735591282625593   -0.06325237308444524

cov:
0.05644772510361157  0.0574052135220334 0.05818750056412542  0.0602595453478094  0.0615695636481292
 0.0574052135220334 0.05865012445621183 0.05965562854228917 0.06232171623902223 0.06400116836212164
0.05818750056412542 0.05965562854228917 0.06085145549210876  0.0640107894967398 0.06600130339322977
 0.0602595453478094 0.06232171623902223  0.0640107894967398 0.06847247998735184 0.07127736438898605
 0.0615695636481292 0.06400116836212164 0.06600130339322977 0.07127736438898605 0.07459730436711334

cov.inverse():
 64809.93662982641 -41162.55309859647 -69501.59294309454  57820.10358250323 -11929.88010414823
-41162.55309875568  456542.3434777243 -427765.0186731209 -189909.1523172009   202210.921701881
-69501.59294305151 -427765.0186742031   659903.893062797 -69218.55228652951 -93356.68911555053
 57820.10358290016 -189909.1523150182 -69218.55228982292  560402.1895528794 -359007.9768043142
-11929.88010442922   202210.921700622 -93356.68911329686 -359007.9768050277   262001.260997817

cov*(cov_.inverse()):
    0.9999999999990905  1.818989403545856e-12  5.456968210637569e-12                      0  3.637978807091713e-12
-3.410605131648481e-13      1.000000000003638  9.094947017729282e-13  3.637978807091713e-12                      0
                     0  1.818989403545856e-12      1.000000000001819  3.637978807091713e-12                      0
  1.13686837721616e-13  3.637978807091713e-12 -9.094947017729282e-13      1.000000000007276                      0
 4.547473508864641e-13  1.818989403545856e-12 -9.094947017729282e-13                      0                      1
