5
1

0.0007552000558447723
 0.001047206355159456
  0.00166260799711591
  0.05646015124611866
   0.5343924269658211

-0.03645914141266839 -0.08541826652585618   0.4788232843557355  -0.7693952874051624   0.4124725503941841
-0.09538152771149126  -0.5322732898397586   0.6951019943509522   0.2993739059670985  -0.3671457353285122
  0.6431846369833034  -0.6579799413101723  -0.2775562267984664   0.0176554294919138   0.2757294803915117
  -0.627889026052459  -0.2909017628654288  -0.1164731896222501   0.3284813493411459   0.6321910585882409
  0.4261947781125712   0.4379810793426201     0.44379952329034   0.4584696773933981   0.4683781840409632

0.3825650154156777
0.3811646276881278
0.3804005536948739
0.3784437697363655
0.3771401741453019

0.0210479193059482

   2.99693700218404   1.410284335585654 -0.7733148033676968  0.9873998164108698  -4.618663064969407

-1.861994543289834e-06  4.576090646144232e-07 -1.155054545780926e-07   -0.01529310532374087    -0.0453573851084501

cov:
0.05313036636333134 0.05388812084803927 0.05424769597985853 0.05514320289920939 0.05574178713076605
0.05388812084803927 0.05505243929702558 0.05561700301758449 0.05703903433093913 0.05799658176884989
0.05424769597985853 0.05561700301758449 0.05629045664240839 0.05798365010839548  0.0591262892071579
0.05514320289920939 0.05703903433093913 0.05798365010839548 0.06037072940405541   0.061985320852815
0.05574178713076605 0.05799658176884989  0.0591262892071579   0.061985320852815 0.06392345420396098

cov.inverse():
 160406.0590073049 -101284.1757693925 -155624.5492160362  27190.57188534088  69597.32423456409
 -101284.175769774  427787.6001970469 -343014.9555199036 -34305.14869278356  50735.04838574165
-155624.5492158825 -343014.9555207353  870462.2730832599  -457979.746351314  85873.06331149219
 27190.57188612118 -34305.14869231347 -457979.7463532029  1119820.549709745 -654843.5682572003
 69597.32423401161  50735.04838572208  85873.06331270337 -654843.5682578405  448855.5077798478

cov*(cov_.inverse()):
    0.9999999999990905 -9.094947017729282e-13 -9.094947017729282e-12                      0  3.637978807091713e-12
                     0      1.000000000001364 -1.818989403545856e-12 -7.275957614183426e-12                      0
-9.094947017729282e-13 -1.818989403545856e-12     0.9999999999954525                      0  3.637978807091713e-12
 9.094947017729282e-13 -9.094947017729282e-13 -6.366462912410498e-12      1.000000000007276  3.637978807091713e-12
-1.818989403545856e-12  1.818989403545856e-12 -9.094947017729282e-13 -7.275957614183426e-12                      1
