6
1

0.0005977403040119753
 0.000878737962394765
 0.001284778456783174
 0.002507398840570714
  0.06657528119589232
   0.6018884339121675

  0.02309610893343387   -0.6064381916270142    0.7859886478866955  -0.06578296945364584  -0.07913524436180797  -0.05771783876058501
-0.002083363053554992    0.1847731079697211    0.1273500169075756   -0.7842314099579579    0.5703975588444572  -0.09625098369821407
 -0.08290014280542155    -0.224928363843195   -0.1189177496168234    0.4394557353358614    0.5999281959307994   -0.6126648208403745
   0.6335994718571787   -0.5523780864035169   -0.4166875889225233   -0.1122526572181233    0.1674269132655815    0.2813701864506216
  -0.6678122709550571   -0.2912449226675741   -0.1234540641630477   0.07397935590912297    0.3204148399989138    0.5880677214671591
   0.3810095480398313    0.3969303391374082    0.4037238346846947    0.4116536761555431    0.4216313042388184    0.4324966932541006

0.3997878010325084
0.4000305526181474
0.4000552540297467
0.4000472489691912
0.4000919200563209
 0.400133536435165

-0.0003336912038875934

 1.981398387410327  3.395480871370101  4.173672442941695 -4.134317893526147 -8.648688909385889  3.231243931918433

 7.277910351149869e-07 -6.541577738593989e-07 -1.718239044803508e-05 -1.530301143203154e-05    -0.0177477220861163   -0.05914078256893636

cov:
0.05456927414684814 0.05564747171461795 0.05608905531613285 0.05660034015336849  0.0572491940833604 0.05795731342546743
0.05564747171461795 0.05745504798292938 0.05821450670299321 0.05909871279109968  0.0602145018633896 0.06143134767398409
0.05608905531613285 0.05821450670299321 0.05911629940019021 0.06016682558441982 0.06149064294422284 0.06293320640971921
0.05660034015336849 0.05909871279109968 0.06016682558441982 0.06141489998160362 0.06298276445998592 0.06469032168316602
 0.0572491940833604  0.0602145018633896 0.06149064294422284 0.06298276445998592 0.06485781893330389 0.06689618054553609
0.05795731342546743 0.06143134767398409 0.06293320640971921 0.06469032168316602 0.06689618054553609 0.06929768167718452

cov.inverse():
  69616.2886670203 -84026.87429659501  14462.38318140608 -35530.41446543529 -19959.11902459684  55566.21230404543
-84026.87429635131   1152729.63279675 -1250770.983452656 -126027.4290874334  174325.6052922376  133659.6413514205
 14462.38318086451  -1250770.98345047  1786240.466466543 -298270.9507560208  -134338.953567757 -117370.2620546379
-35530.41446516612 -126027.4290851729 -298270.9507571409  927584.7696552257 -407993.5061839763 -59743.99570381483
-19959.11902447565   174325.605283238 -134338.9535609762 -407993.5061782622  661396.2855171451 -273451.4714846833
 55566.21230395293  133659.6413562169  -117370.262058653 -59743.99570811947 -273451.4714810677  261391.7741147137

cov*(cov_.inverse()):
     1.000000000000909  1.546140993013978e-11 -1.728039933368564e-11 -5.456968210637569e-12 -5.456968210637569e-12 -1.818989403545856e-12
-4.547473508864641e-13      1.000000000016371 -3.637978807091713e-12 -7.275957614183426e-12  7.275957614183426e-12 -7.275957614183426e-12
-4.547473508864641e-13  1.637090463191271e-11     0.9999999999854481 -1.364242052659392e-12 -7.275957614183426e-12 -3.637978807091713e-12
                     0    1.2732925824821e-11  7.275957614183426e-12     0.9999999999836291 -7.275957614183426e-12 -3.637978807091713e-12
-9.094947017729282e-13  1.091393642127514e-11 -9.094947017729282e-13 -6.821210263296962e-12                      1 -1.091393642127514e-11
-4.547473508864641e-13  1.818989403545856e-11 -5.456968210637569e-12 -4.547473508864641e-12 -3.637978807091713e-12                      1
