5
1

0.000893869790660338
0.001150048113583007
0.002953366516197409
 0.08161084413616067
  0.5789299512372885

 0.02522534916999455 -0.04611330034842542   0.3379624394886758  -0.8037994311340622   0.4867495344565301
-0.05274151177194625  -0.5723628514528668   0.7461783469433192   0.1691851073735789  -0.2901954052163458
  0.6489702966576762  -0.6231355807833044  -0.3472415520551911   0.0653271679785534    0.256310880900725
 -0.6433485057895211  -0.3176308127380338  -0.1236628132105649   0.3147959154415021   0.6089535344736593
  0.4018983314840949   0.4255432346647631   0.4394656723828945   0.4710825476461605   0.4922822794714476

0.4000333107627692
0.3996867209202198
0.3995981848929493
0.3992930882541655
0.3990834365857205

0.002255800417124814

  1.297329898986753 0.05859971580685139   2.755432465359367  -1.834220930299998  -2.277439985036768

 1.060324342464579e-06  3.048168362477607e-06 -7.457147687127237e-06   -0.02103500844477922   -0.07640418787589005

cov:
 0.0568961558859771 0.05867829098021032 0.05972398754752707 0.06210638194665829 0.06370268930604929
0.05867829098021032 0.06136889176128402 0.06294172356761321  0.0665217467506448 0.06892232307037809
0.05972398754752707 0.06294172356761321 0.06483318754892096 0.06912681978679955 0.07200639325251972
0.06210638194665829  0.0665217467506448 0.06912681978679955 0.07503887557077693 0.07900197946656412
0.06370268930604929 0.06892232307037809 0.07200639325251972 0.07900197946656412 0.08369395154091203

cov.inverse():
 51247.48093431523 -24963.76260813675 -44908.72391142051 -27292.64450320145   45951.3054421692
-24963.76260817007   294885.872529741 -317601.6705431601 -31506.59866840609   79151.1664085496
-44908.72391130919  -317601.670544004  577750.1442183682 -247147.7778410914  31951.06654741663
-27292.64450337306 -31506.59866644684 -247147.7778432765   830771.009292797 -524843.3190294298
 45951.30544226328  79151.16640740033  31951.06654886921  -524843.319029827  367786.1480710658

cov*(cov_.inverse()):
    0.9999999999990905 -6.366462912410498e-12  1.364242052659392e-12 -7.275957614183426e-12 -3.637978807091713e-12
-9.094947017729282e-13     0.9999999999954525  4.092726157978177e-12 -7.275957614183426e-12                      0
-9.094947017729282e-13 -9.094947017729282e-13      1.000000000005457 -7.275957614183426e-12                      0
-4.547473508864641e-13 -2.728484105318785e-12 -9.094947017729282e-13      0.999999999992724  3.637978807091713e-12
-9.094947017729282e-13                      0  1.818989403545856e-12                      0                      1
