6
1

0.0009434480457245845
 0.001112647292844304
 0.002122263452476035
 0.003001616815103662
   0.0855564435414231
   0.6046260697072164

 0.03731060918577414  -0.0250760483248584   -0.627211707732906   0.6104803584207394   0.3428482603524551  -0.3381617753104989
 0.08410876281232704  -0.1796524478448304   -0.098234463249935   0.5155771234330846   -0.723641272103324   0.4019007879224502
  -0.705229183184112   0.5945261195294487   0.1795661909690219   0.2539686138428068  -0.1625762894865175  -0.1612928043130329
  0.1486221130021738   0.5814764161629699  -0.6127567312122192  -0.3608955484049883   -0.106448887945895   0.3503553492151918
 -0.5746685345670098  -0.3518559336447055  -0.1720819483627599 -0.02269330917381523   0.3697224105257989   0.6157366590183095
  0.3766337432456254   0.3895092584089713   0.3995352780111396    0.407717208145449   0.4293498610560501   0.4429746016198613

0.3959486951138845
0.3958139227125376
0.3955301670945968
 0.395273801809935
0.3946962264466051
0.3942961464167185

0.005402699758286815

 4.738307097926878 -5.076715900563205  3.828856794060254 -2.077727305169452  2.655910437359378 -4.065647085963159

-9.616593131419578e-07 -4.571491065800598e-06 -2.691594117830072e-05 -5.001492296283918e-05   -0.02247085203376049   -0.06245697446989846

cov:
0.05427737662615057 0.05510932392150937 0.05573326127797776 0.05623160653904078 0.05756096347088155 0.05840275178965995
0.05510932392150937 0.05637466204069464 0.05733191694490689  0.0581135706167685 0.06018374151929563 0.06149236105902217
0.05573326127797776 0.05733191694490689 0.05857644536873369 0.05958122205123536 0.06224513210521877 0.06392298770613175
0.05623160653904078  0.0581135706167685 0.05958122205123536 0.06077625609519523 0.06393318342640003 0.06592195310743923
0.05756096347088155 0.06018374151929563 0.06224513210521877 0.06393318342640003 0.06839171098817846 0.07119437220404035
0.05840275178965995 0.06149236105902217 0.06392298770613175 0.06592195310743923 0.07119437220404035 0.07451177986597929

cov.inverse():
  120199.086245801 -96726.71347816894 -71175.42314276383  14901.19555996796 -11121.50519286321   44116.7149618726
-96726.71347807947  142799.4068884507  16090.21272930937 -81784.18591384984  67006.36246064949 -47503.94589794568
-71175.42314290038  16090.21272950955   498601.973743395  -436419.872693011 -183419.6329098892  176124.9507681885
 14901.19555985403 -81784.18591380444 -436419.8726926941  662201.4491670248 -71129.25048330304 -87684.34383919676
-11121.50519248122  67006.36246032202 -183419.6329105818 -71129.25048266182  562195.6714201722 -363463.4792402763
 44116.71496165167 -47503.94589777431  176124.9507686275 -87684.34383958897 -363463.4792402739  278399.4240942365

cov*(cov_.inverse()):
                     1 -4.547473508864641e-13  3.637978807091713e-12 -7.275957614183426e-12 -7.275957614183426e-12  9.094947017729282e-12
-9.094947017729282e-13                      1                      0 -7.275957614183426e-12 -3.637978807091713e-12  7.275957614183426e-12
 4.547473508864641e-13  1.364242052659392e-12                      1 -4.547473508864641e-12 -7.275957614183426e-12  7.275957614183426e-12
-9.094947017729282e-13 -9.094947017729282e-13 -5.456968210637569e-12      1.000000000004547                      0                      0
                     0  1.364242052659392e-12  1.818989403545856e-12  9.094947017729282e-13      0.999999999996362  3.637978807091713e-12
-4.547473508864641e-13                      0                      0  9.094947017729282e-13                      0                      1
