5
1

0.001208917641786475
0.001659178572782391
0.002403232273881627
 0.08500871814497642
  0.5766921029610157

   0.04152752020355544    -0.1158560644499637    -0.5791019289227073     0.7935889176422412    -0.1403938143556368
   -0.4246301392430075     0.8335969054427836    -0.3382952992467305   -0.09820973210343535     0.0267690700327027
    0.5851091630544345 -6.529935810520304e-05    -0.5897590874701464    -0.3908828701836245     0.3962853310294559
   -0.5543455214028273    -0.3320406916254594   -0.07896602978429385    0.05682351731701787     0.7569580411260215
    0.4102596983894162     0.4259607334100894     0.4428835414779504      0.452275522212204     0.4995452473658328

0.4021717221299844
0.4023618780128312
0.4016721207593882
0.4015793503188063
0.4009587803591658

0.003383737151349399

  4.109268056333085  0.6042128259006178  -1.587134321000764  -2.428314168273782 -0.6933077196419218

-1.183783588550841e-06 -1.333503403856994e-06  2.318755935624205e-05   -0.02179534550641102   -0.06793926690768355

cov:
0.05819966418908198 0.05944793494572934 0.06074245029197451 0.06148041349599768 0.06512771213691253
0.05944793494572934 0.06114169338485924 0.06292917571323721 0.06393416868173879 0.06895103890121365
0.06074245029197451 0.06292917571323721  0.0652808365539118  0.0665846444434655 0.07314553446689699
0.06148041349599768 0.06393416868173879  0.0665846444434655 0.06805417705344258 0.07544885687498722
0.06512771213691253 0.06895103890121365 0.07314553446689699 0.07544885687498722 0.08713388247771828

cov.inverse():
  125998.592583019 -131854.7702867976 -24013.95112011143 -1905.120116203437   31971.2111185284
 -131854.770286561  261621.3194843137 -56521.09413847876 -92646.65626851738  19196.75385223615
-24013.95112038218 -56521.09413843392  331261.3433273465 -262470.8357410517  11866.77720420347
-1905.120116248057 -92646.65626812828 -262470.8357414881  460880.4623890563 -104002.8850817544
  31971.2111186071  19196.75385203854  11866.77720441438 -104002.8850818463  41017.90224937353

cov*(cov_.inverse()):
    0.9999999999986358 -1.364242052659392e-12  2.387423592153937e-12 -5.456968210637569e-12  4.547473508864641e-13
-4.547473508864641e-13     0.9999999999988631 -2.501110429875553e-12 -2.728484105318785e-12  4.547473508864641e-13
-9.094947017729282e-13  4.547473508864641e-13      1.000000000003524 -9.094947017729282e-13  4.547473508864641e-13
-1.364242052659392e-12  2.046363078989089e-12 -9.094947017729282e-13     0.9999999999990905                      0
-9.094947017729282e-13 -6.821210263296962e-13  2.501110429875553e-12 -1.818989403545856e-12     0.9999999999990905
