5
1

                  nan
                  nan
4.656305276789552e-09
  0.05363853359107555
   0.8069200176742268

                  -0   0.1242468239004366  -0.6361273955052524   0.7303003154673069  -0.2157918271545762
 -0.5910134049472927    0.588947877588753    0.344739171040917  0.07493839445775913  -0.4235359413821038
                   0   0.6244214307201577  -0.5219788778968081  -0.4535933144581913   0.3631652970285196
  -0.743906354400541  -0.3019495200388803 -0.08811379185561609   0.1436002754617544   0.5718782595998203
  0.3119398837197697   0.3957619087785459   0.4430246622391801   0.4844354985244024    0.561353201578233

0.4877419819434484
0.5096020648876826
0.5245364407698313
0.5349747681369384
0.5571570234994093

-0.1346277170110418

-0.8779702738819772  -1.260988450935401   1.311537671386712  -1.717229979708077   1.019929670110973

 4.686436678005724e-17  8.725383837841574e-19 -6.995564060872041e-18    0.00361074757447884    -0.2938035260019541

cov:
0.06495036745061153 0.08102956706786152 0.09017144783101422 0.09808647933243292  0.1127926169078061
0.08102956706786152  0.1022455915576591  0.1142388907990534  0.1247086869451054  0.1441574306458349
0.09017144783101422  0.1142388907990534   0.127818197894841  0.1397049158380054  0.1617841907723964
0.09808647933243292  0.1247086869451054  0.1397049158380054  0.1528626866993445  0.1773014429629774
 0.1127926169078061  0.1441574306458349  0.1617841907723964  0.1773014429629774  0.2061201636067195

cov.inverse():
 1.482564494047014e+16 -1.461181164153363e+16      -2344037131640818 -1.192444982063977e+16  1.420350242371605e+16
-5.592036317516119e+16   1.00831304216443e+17  4.535082357563022e+16 -1.034335074443948e+17  1.345664652833594e+16
   4.1814954219372e+16 -8.606559477009754e+16 -7.717004992554334e+16   1.65529722850318e+17 -4.450407751604767e+16
      3240890856065323 -2.617303494679447e+16  3.469194009431207e+16 -1.057330349498969e+16      -1603222958820926
     -4611390527099409  2.754263384510919e+16      294463763137658.8 -4.196451024436327e+16  1.912663004797931e+16

cov*(cov_.inverse()):
    0.3125          0 0.91015625          0          0
      0.25       -1.5  0.0859375         -2       -1.5
    -0.125       -2.5   -1.28125          0       -0.5
     0.875         -3 -0.7109375          1       -0.5
     0.125          1   -0.46875          1        0.5
