6
1

0.0006733696227121252
0.0009171860500597126
 0.001299316126170141
 0.001441176685902088
  0.09507734329678776
   0.6888849169276747

  0.03671493753613776    0.0483521323390585   -0.6909906227706224    0.7034843035477627   0.04883651972486308   -0.1468702587528649
  0.08107171373418147   -0.5654831289135358    0.4064104797424998    0.4895765274131844   -0.5091688136537503   0.09771731223438025
  0.04423447153042826   -0.5661757797610368    0.1387477875967223   0.04428867577411021    0.7166887716049013   -0.3776679324897121
   0.6416622749127565   -0.3750377032797104   -0.3972400411966894   -0.3048259640106815 -0.006332192549865161    0.4436864103677146
  -0.6758890920913329    -0.258658615229679   -0.1523681272120398   0.02314606897541053    0.2033471347118524    0.6412236833311594
   0.3486633939318599    0.3870120547354439    0.3963531709416506    0.4123209463780453    0.4281695509270178    0.4671423165832162

0.4024295769177583
0.4003361622338196
0.3997513311036595
0.3990959686819964
0.3982436140474209
  0.39621352527381

0.01281891763619503

   1.08543443244643 -0.0541562705522487  0.4587678970977903  0.1989668023664302   1.878805779907158  -3.565091606437822

 2.156311490373215e-07 -7.592274919364846e-07  4.801440187319579e-06 -2.325767795458568e-06   -0.02430678941308676    -0.1137019832276306

cov:
0.06182116895611192 0.06561578202525092 0.06651204654137674 0.06808189747441447 0.06960361810308063 0.07337735367709562
0.06561578202525092 0.07168506636299402 0.07315100557122589 0.07567329186918928 0.07816230848340053 0.08429666146664547
0.06651204654137674 0.07315100557122589 0.07476236334800622 0.07752355777312432 0.08025616304008036 0.08698324552977554
0.06808189747441447 0.07567329186918928 0.07752355777312432 0.08068514174856836 0.08382321562137567  0.0915405350234464
0.06960361810308063 0.07816230848340053 0.08025616304008036 0.08382321562137567 0.08737601205548153 0.09609832153389593
0.07337735367709562 0.08429666146664547 0.08698324552977554  0.0915405350234464 0.09609832153389593  0.1072774373771977

cov.inverse():
 210229.9992152076 -181260.8076860395 -135859.7129738063  11131.04315617142 -28308.23415929357  124653.5261960912
-181260.8076849692  642884.0938046622 -321676.4429552667 -213892.0717719573  108259.4366639999 -34824.08755650606
-135859.7129757873 -321676.4429539125   1336745.47854005 -773599.4633666645 -260300.6604224058  155120.9834085545
  11131.0431574041 -213892.0717714739 -773599.4633669289  1422266.569569749 -200823.5933091113 -246020.2255993049
-28308.23415964435  108259.4366640782 -260300.6604252002 -200823.5933048944  617717.9171601251 -236630.2363337797
 124653.5261961185 -34824.08755735437  155120.9834109928 -246020.2256020744 -236630.2363326254  238237.1735645921

cov*(cov_.inverse()):
                     1  2.728484105318785e-12  3.637978807091713e-12  7.275957614183426e-12                      0  3.637978807091713e-12
-1.818989403545856e-12      1.000000000003638  9.094947017729282e-12  3.637978807091713e-12                      0  3.637978807091713e-12
-1.818989403545856e-12 -2.273736754432321e-12      0.999999999994543  1.455191522836685e-11 -3.637978807091713e-12                      0
-1.818989403545856e-12  1.818989403545856e-12                      0      1.000000000014552                      0  3.637978807091713e-12
                     0  6.821210263296962e-12 -1.637090463191271e-11  1.091393642127514e-11      0.999999999996362                      0
-1.818989403545856e-12  3.637978807091713e-12  3.637978807091713e-12                      0 -3.637978807091713e-12      1.000000000003638
