7
1

0.0009535812038947293
 0.001069856898896109
 0.001215899227592347
 0.002217950516116213
 0.002807248914287743
   0.0892394922729798
   0.6588455013602227

  0.01739948296402269  -0.03007894099085486    0.5159854806471457   -0.6104433133472912    0.2252412608874914   -0.4478295066240295    0.3295839311056597
 -0.01156433683239366   0.06052494223085692     -0.10320590383238   -0.5040371646852165    0.5281976055150774    0.4905175576899624   -0.4603236802922715
   0.2142882301116353   -0.3377395837745817   -0.3684311377216274    0.2803232891379915    0.6541248198872927   -0.4447518987846803  0.002519294790189199
  -0.6415548923748609    0.6240227485097161 -0.004710303179516616    0.1860819315575695    0.2523069579329187   -0.2914263262317712   -0.1255633408352622
   0.2703982893833367    0.4708123909764101    -0.644495084240279    -0.341477176292097   -0.1006136771975465   -0.0542918675313773    0.4002113980686667
  -0.5914490947433639   -0.3774221521454734   -0.1910422982416036  -0.04501557199850766    0.1390748976195385    0.3393503473393726    0.5785468352433627
   0.3451436397176351    0.3575580835947187    0.3680662462781157    0.3761180698524797    0.3863555923251387    0.3974939476040239    0.4108752104921631

0.3995682255542931
0.3997915897751252
0.3996509054097875
0.3995879959584722
0.3995614016583166
0.3995076265068382
0.3994296251340174

0.0009588080826339793

 3.460755290395503 -1.398154172225746  3.601493483154707  -1.57511386069715 -6.817629717804111  5.944419988399342 -3.214231597542788

-2.123210764875571e-06  1.249838718550636e-06 -1.133365016889977e-05 -3.173795101650499e-05 -1.914149448192491e-05   -0.02330814177963858   -0.07123675885979872

cov:
0.05449755565998149 0.05534564056738519 0.05604170165140348 0.05656045206207897 0.05722756284081006 0.05795443662838085 0.05883317329983528
0.05534564056738519 0.05663407588176406 0.05769874971944161 0.05851093685440074 0.05954752445885088 0.06067338992260245  0.0620332062688429
0.05604170165140348 0.05769874971944161 0.05910004387508712 0.06016193437293162 0.06151634175901084 0.06299127353287415  0.0647631950787811
0.05656045206207897 0.05851093685440074 0.06016193437293162 0.06142464560767612 0.06302858146754248 0.06477459864711409  0.0668727634519173
0.05722756284081006 0.05954752445885088 0.06151634175901084 0.06302858146754248 0.06495043536440472 0.06703830914785713 0.06954724127125504
0.05795443662838085 0.06067338992260245 0.06299127353287415 0.06477459864711409 0.06703830914785713 0.06950313145375384 0.07245682348416047
0.05883317329983528  0.0620332062688429  0.0647631950787811  0.0668727634519173 0.06954724127125504 0.07245682348416047 0.07594752607386175

cov.inverse():
 124500.6731159459 -115340.4405102012 -63971.22981723552 -1937.705150204915  57418.35315616016 -41870.68004270634  41387.22048396849
-115340.4405102192  188655.5850851226  22549.61052664872 -67293.11487280077 -102965.0582709858   102126.921340678 -27864.39062435094
-63971.22981702707  22549.61052621513  446631.4703938319 -343052.3491925281  -74844.0999603293 -182799.8442051593  195275.3545976558
-1937.705150396687 -67293.11487214346 -343052.3491949262  706751.1768506254 -245875.3358353478 -8371.526550657001 -40163.30313333404
 57418.35315637096 -102965.0582715273 -74844.09995858822 -245875.3358361615  603187.6416422906 -95597.71749984796 -141211.6373321112
 -41870.6800431938  102126.9213412675 -182799.8442028197 -8371.526555190945 -95597.71749749799  582212.1513959746 -355640.7071173096
 41387.22048424602 -27864.39062464004  195275.3545957483 -40163.30312992002  -141211.637333864 -355640.7071170509  328163.7757233669

cov*(cov_.inverse()):
    0.9999999999995453 -6.821210263296962e-13 -1.818989403545856e-12  4.547473508864641e-12  3.637978807091713e-12 -3.637978807091713e-12                      0
 1.364242052659392e-12     0.9999999999959073                      0  4.547473508864641e-12  3.637978807091713e-12 -3.637978807091713e-12                      0
                     0   1.13686837721616e-12      0.999999999998181  1.091393642127514e-11 -1.818989403545856e-12                      0  3.637978807091713e-12
-9.094947017729282e-13 -9.094947017729282e-13                      0     0.9999999999954525  9.094947017729282e-12 -3.637978807091713e-12                      0
                     0 -2.501110429875553e-12 -3.637978807091713e-12  8.185452315956354e-12      0.999999999998181 -1.455191522836685e-11  7.275957614183426e-12
-9.094947017729282e-13  2.273736754432321e-13  5.456968210637569e-12  2.728484105318785e-12 -1.818989403545856e-12      0.999999999992724  3.637978807091713e-12
                     0 -1.364242052659392e-12                      0 -1.364242052659392e-12  1.818989403545856e-12 -3.637978807091713e-12                      1
