5
1

0.001197788565463212
0.001774907440835334
0.002191482120200129
 0.08541286491044001
  0.5587096024397277

 0.1052664663205449 -0.2577958591123848  0.6593735445109296 -0.6772173779450092  0.1704799633425378
-0.4896668637081626  0.2984155911191052  0.5531318531964029  0.2058072126209678 -0.5682103851356002
   0.39717331225519 -0.6963520129031557  0.2065408982992488  0.4404649844146915 -0.3473883835021965
-0.6534654299900379 -0.4274446135033428 0.09937623057621246  0.2943390020731331  0.5419990321485537
 0.4054400393335294  0.4205643904496003   0.454683300666309  0.4673062845775051  0.4833548390991256

0.3998498197873185
0.3999903450757341
0.3995726751934842
0.3994879507047884
0.3992885871610325

0.002029294556536661

  3.294833829097715 -0.9470831844493415  -2.666879283502291   5.011473050881006  -4.689457219529848

-7.691119107805031e-06  1.023419082847527e-06  2.523160391997658e-05   -0.02246873887171886   -0.06237396211023919

cov:
0.05442955072168661 0.05526284208833959   0.057070929452084 0.05773984440975245 0.05859011937667691
0.05526284208833959 0.05654811292225306 0.05938137039004222 0.06042996054432532 0.06176614505388028
  0.057070929452084 0.05938137039004222 0.06460809055618648 0.06653940734454124 0.06899543729721901
0.05773984440975245 0.06042996054432532 0.06653940734454124 0.06880096899283789 0.07167082463599798
0.05859011937667691 0.06176614505388028 0.06899543729721901 0.07167082463599798  0.0750744417453577

cov.inverse():
  116740.245408207 -122848.5519878022 -20524.08994175016 -45277.81352415332  72051.46298929839
-122848.5519879618  175583.3848250585 -96037.09701492386   77300.3712708448 -34118.89957127529
 -20524.0899409392 -96037.09701577952   409045.842429165 -256159.5895346333 -36347.62436638288
-45277.81352497764  77300.37127160371 -256159.5895340702  373520.2173717237 -149429.9828782994
 72051.46298947104 -34118.89957133772 -36347.62436699161 -149429.9828778007  147912.9136379096

cov*(cov_.inverse()):
     1.000000000000909  4.547473508864641e-13  9.094947017729282e-13  3.637978807091713e-12                      0
                     0                      1  3.637978807091713e-12                      0                      0
 9.094947017729282e-13  1.364242052659392e-12                      1  1.818989403545856e-12                      0
 9.094947017729282e-13 -9.094947017729282e-13  7.275957614183426e-12                      1                      0
                     0  1.818989403545856e-12  2.728484105318785e-12                      0      0.999999999998181
