5
1

0.001016434785809906
0.002030942939895802
0.002635330985077774
 0.06218990258695382
   0.542693366121257

-0.09511962432304265   0.1332986430216841   0.5599429416605084  -0.7893925539312869   0.1910681206262249
 -0.6471697541826131   0.3989041653352766   0.3746435352429018   0.3061527389061974  -0.4335429599362869
  0.1325319570792847  -0.7367984365791502   0.5873841779796181   0.2257303367946359  -0.2087797564828633
 -0.6125780186418831  -0.3000739502686148 -0.04742720317578771   0.1617270374116087   0.7115467807642449
  0.4234465937628725   0.4361085035532482   0.4459109904940763    0.453894345281717   0.4750217544881933

0.3959530238472458
0.3958080362982589
0.3955161504152853
0.3952532544053575
0.3946568978460384

0.005557307547750918

 5.376266334753301 -5.785154351888734  6.424517317178327 -3.347018114695718  -2.66580561970384

 4.594973596910956e-06 -1.340179282843956e-05  5.937755994074465e-05   -0.01663159380037667   -0.04922504185061998

cov:
0.05426197856940563 0.05509706989802156 0.05572222778520113 0.05622230157830937 0.05755598655413205
0.05509706989802156 0.05636689882782772 0.05732597069611847 0.05811017632062371 0.06018684317060409
0.05572222778520113 0.05732597069611847  0.0585725798067629 0.05958029087954977 0.06225170935735107
0.05622230157830937 0.05811017632062371 0.05958029087954977  0.0607787707580274 0.06394455912376128
0.05755598655413205 0.06018684317060409 0.06225170935735107 0.06394455912376128  0.0684155484920714

cov.inverse():
 112925.1770996358 -88872.93177593387 -99117.35717269193  28925.53124470976  46335.31222259086
-88872.93177590048  133968.3272949717  46165.55724378857 -96201.36325114265  4819.189163794571
-99117.35717241417  46165.55724352413   387187.673926122 -380938.7104876279  46511.37854538369
 28925.53124426494 -96201.36325069722 -380938.7104874454  633220.4375330926 -184924.2931092553
 46335.31222272453  4819.189163646911  46511.37854521408 -184924.2931090715  87312.94737985062

cov*(cov_.inverse()):
    0.9999999999995453  5.115907697472721e-13 -4.092726157978177e-12  5.456968210637569e-12                      0
-4.547473508864641e-13      1.000000000002444 -1.818989403545856e-12 -1.818989403545856e-12  1.818989403545856e-12
 4.547473508864641e-13  1.989519660128281e-12     0.9999999999972715  1.818989403545856e-12                      0
                     0  9.094947017729282e-13  4.547473508864641e-13      1.000000000001819  9.094947017729282e-13
-1.364242052659392e-12  1.875832822406664e-12 -4.547473508864641e-13  1.818989403545856e-12     0.9999999999990905
