5
1

0.001083779522908364
0.001437977073209734
0.003696389428853316
 0.07265501362901006
  0.5722423798651703

  0.0126024925116857   0.2675650248869547 -0.07002603195431435  -0.7764098551064432   0.5661574219084842
-0.08610561672290321   -0.298754866163781   0.8787769400250348  -0.3144589005237216  -0.1794381293757772
  0.6289553953894528  -0.7174732765015293  -0.1405877135207241 -0.03311850657758891   0.2622698370871924
 -0.6561325402402263  -0.3793380763680933  0.02813313358718701   0.2838981652100484   0.5866882238806199
  0.4078384486529765   0.4248402155213411   0.4497677913440999   0.4654120035919167     0.48402395793816

0.3997833088204667
0.3995653242608905
0.3994313080684014
0.3993242697467185
0.3991954756832568

0.001476664647747579

-0.9846540528967884   6.575075191601454  -4.801867900631297   3.534113878331416  -4.326631340045328

-3.653370548200245e-06 -1.330469027840302e-05 -8.079721153650608e-05   -0.01857201646350142   -0.07116492843879371

cov:
 0.0567453405136117  0.0580457256577762 0.05996827821185869 0.06117285142542669 0.06261230525246636
 0.0580457256577762  0.0598701388740072 0.06251561013384406 0.06417932305074221 0.06615972135899463
0.05996827821185869 0.06251561013384406  0.0662485544936746 0.06858832506531436 0.07137405701440801
0.06117285142542669 0.06417932305074221 0.06858832506531436 0.07135724046145769 0.07464610867847957
0.06261230525246636 0.06615972135899463 0.07137405701440801 0.07464610867847957 0.07853572362736147

cov.inverse():
 32755.23597974697 -17667.95586268388 -43819.56458758727  3204.945939828858  25547.22193540174
-17667.95586263607  141817.9187525628 -135537.4031098414 -129710.9573456575  141080.6382304266
-43819.56458768083 -135537.4031101081  379090.1381534611 -87009.71170299465 -112706.7218838952
 3204.945939849001 -129710.9573449697  -87009.7117042297  561133.7897659825 -347551.9767019255
 25547.22193542721  141080.6382300537 -112706.7218830208 -347551.9767024523  293564.6528795986

cov*(cov_.inverse()):
     1.000000000000455  1.818989403545856e-12  9.094947017729282e-13  3.637978807091713e-12 -3.637978807091713e-12
 6.821210263296962e-13      1.000000000001819 -3.637978807091713e-12  1.091393642127514e-11                      0
 6.821210263296962e-13  1.818989403545856e-12     0.9999999999990905  7.275957614183426e-12  3.637978807091713e-12
 4.547473508864641e-13  1.818989403545856e-12 -1.818989403545856e-12      1.000000000007276  3.637978807091713e-12
 4.547473508864641e-13                      0                      0  3.637978807091713e-12                      1
