6
1

0.0009947950720984031
 0.001217628327602889
 0.002137456760298643
 0.002435775253356615
  0.06898341414326033
   0.6011223969742842

-6.925692210847392e-05  -0.008969750973126476     -0.371086565868461     0.7842130059929431    -0.4897672903412258    0.08574533192096583
    0.2149728795933517    -0.3383064712476898    -0.3696758178998818     0.2790121965477468     0.6557359043591667    -0.4414043499142242
   -0.6267777059208939     0.3685636223382619     0.3401072452488803     0.2967681363463545     0.1228616959500881     -0.502465224962324
   -0.1049672965334157     0.6847827668485328    -0.6593353782655347    -0.2057199970582985     0.1766598360171581      0.108636425759976
   -0.6359747538595821    -0.3544786035131268    -0.1088876640498598    0.08288780010926503     0.3247398990545798     0.5879609844857576
    0.3813847699044543     0.3937595881333781     0.4042053285230573     0.4121889421879309     0.4223490606296636     0.4334035571551786

 0.399572351829831
0.3997945833952016
0.3996497019285427
0.3995852819525523
0.3995566346921262
0.3994996910625013

0.0009908204967265684

  3.86589423362367 -1.667537557740233   5.51880283632509 -1.980283401391441 -8.202028916041876  2.466168981662868

 6.356509634217904e-07  -1.13634314014137e-05 -1.825309062139384e-05 -3.536130829759173e-05   -0.01830243496673493   -0.05890333252024103

cov:
0.05448631126848262 0.05533627400094603  0.0560334766141808 0.05655337489098355 0.05722200190714743 0.05795031731772842
0.05533627400094603 0.05662733350436405   0.057693830547961 0.05850770910687311 0.05954644646925789 0.06067452607303651
 0.0560334766141808   0.057693830547961 0.05909763060124455 0.06016171502533761 0.06151886621185379 0.06299676563915656
0.05655337489098355 0.05850770910687311 0.06016171502533761 0.06142702029783895 0.06303416656147573 0.06478371689652898
0.05722200190714743 0.05954644646925789 0.06151886621185379 0.06303416656147573 0.06495978495730695   0.067051866543273
0.05795031731772842 0.06067452607303651 0.06299676563915656 0.06478371689652898   0.067051866543273 0.06952174090019893

cov.inverse():
 119099.4929597237 -111682.5365180812  -88554.2340803999  3316.293646442029  75089.26184894683  2924.910962991834
-111682.5365180743  186073.0420468251   39062.0790328447 -70582.65372579097 -114910.1475778549  71904.22193991349
-88554.23408060338  39062.07903353259  329918.3252561089 -318680.5104428522  9658.789075008344  28416.34175372775
 3316.293646873693 -70582.65372710797 -318680.5104435234  700361.3269233109  -262848.090515431 -51513.73614955375
 75089.26184863184 -114910.1475771168  9658.789077813884 -262848.0905199155  540995.8210316246 -247898.0440368576
 2924.910963071613  71904.22193981141  28416.34175207799 -51513.73614662627 -247898.0440381127  196167.2127083633

cov*(cov_.inverse()):
     1.000000000000313                      0  3.865352482534945e-12  5.456968210637569e-12 -3.637978807091713e-12                      0
-2.842170943040401e-13                      1  -1.13686837721616e-12 -1.818989403545856e-12                      0  1.818989403545856e-12
-5.115907697472721e-13  2.728484105318785e-12      1.000000000001592 -4.092726157978177e-12 -3.637978807091713e-12  1.818989403545856e-12
  1.84741111297626e-12 -9.094947017729282e-13  1.364242052659392e-12     0.9999999999995453  1.818989403545856e-12 -1.818989403545856e-12
 1.193711796076968e-12  9.094947017729282e-13  3.410605131648481e-12 -1.364242052659392e-12      0.999999999996362                      0
-5.684341886080801e-14 -9.094947017729282e-13 -4.547473508864641e-13  1.364242052659392e-12                      0                      1
