6
1

0.0004746234228153891
0.0007536497555668472
0.0008561463235340247
 0.002295518454081112
  0.05345851350184213
   0.5923505321746825

0.005840410988306955  -0.1894006218347668   0.6717026541679527  -0.6981548234670567   0.1464590401005116  0.06354864651854313
 0.05286072169177068  -0.2781447338671845  -0.1161763401484314  0.08138863729832697   0.7880489166085446  -0.5279195998111031
 -0.1471888513203278    0.706053096689262  -0.3849001133217138  -0.4998463412434966   0.2828006994009193  0.04305541814080223
  0.6632507707060171  -0.3543651609447934  -0.4513864698494485  -0.2875224647453158  0.04927408059229783   0.3816764335819817
 -0.6189545815558212  -0.3211740293560815  -0.1404848740021043  0.07013161984515741   0.3176037637594956   0.6230697185376186
  0.3905134016620276   0.3994051973895812   0.4045797327497281   0.4105140137663603   0.4174354240488863   0.4260468548402381

0.4002467931872512
0.4005027441998878
0.4005635706872851
0.4006208436133439
 0.400664543469631
0.4007622734670139

-0.001202792599646654

 0.7695817772619364 -0.9434074497617596     3.7717482600525   6.184548755159645  -4.264056194885403  -5.520892187136078

-5.803918427112344e-07 -4.399016825905698e-08 -4.959403266416762e-06 -2.610082921616704e-05   -0.01447099279603494   -0.05037918080080356

cov:
0.05460649953475957 0.05529449042250056 0.05568369231341808 0.05612486429511452 0.05663662910291645 0.05727741589376299
0.05529449042250056 0.05626969592798624 0.05682857837501807 0.05746657238459763 0.05820904416120491 0.05913496869193782
0.05568369231341808 0.05682857837501807 0.05749126331978226 0.05824854967342043 0.05913080764600356 0.06022998724665996
0.05612486429511452 0.05746657238459763 0.05824854967342043 0.05914555913143268 0.06019122660400832 0.06149238290781471
0.05663662910291645 0.05820904416120491 0.05913080764600356 0.06019122660400832 0.06143021378357333 0.06296822642832002
0.05727741589376299 0.05913496869193782 0.06022998724665996 0.06149238290781471 0.06296822642832002 0.06480052958277006

cov.inverse():
 118244.2498055487 -217110.2455033429  27109.10996074088  53641.78593020844  26483.58243954448 -8223.456030679743
-217110.2455026168  999429.2708053056 -848248.5475707197  84988.13545796298 -239988.6454867784  220828.9173395028
 27109.10995874249 -848248.5475594648  2267436.360080484 -1811304.272023972  122786.0329318651  242136.0708319787
 53641.78593234534   84988.1354431957 -1811304.272010675  2531954.311072474 -536518.9628440578  -322769.844760607
  26483.5824384254  -239988.645485229  122786.0329344528 -536518.9628477684  1298198.127313701 -670889.5086952163
-8223.456030426487  220828.9173421933  242136.0708253487 -322769.8447562285 -670889.5086959077   538916.338210703

cov*(cov_.inverse()):
     1.000000000000455                      0 -1.455191522836685e-11 -1.091393642127514e-11                      0                      0
-3.979039320256561e-13      0.999999999998181 -1.818989403545856e-12  7.275957614183426e-12                      0                      0
-8.526512829121202e-13  5.456968210637569e-12      1.000000000010914 -1.818989403545856e-11 -7.275957614183426e-12  3.637978807091713e-12
 1.648459146963432e-12                      0  2.728484105318785e-11     0.9999999999890861 -7.275957614183426e-12                      0
-7.958078640513122e-13                      0  9.094947017729282e-12 -1.818989403545856e-11                      1  7.275957614183426e-12
                     0  1.818989403545856e-12                      0                      0                      0      1.000000000007276
