6
1

0.001455029560911126
0.001785152657771269
0.002555674912402606
0.004502664682569085
 0.09607148475226862
   0.616054324172767

  -0.1341608303293448  0.007895154443721342    0.1169931753223039   -0.2898926652394144    0.7974525590960312   -0.4982798347326884
    0.442974020578318   -0.8130317503105371    0.3767033419906447  -0.02265277579885852   0.01825107372045328 -0.001316157058173581
  -0.2421971156541198   -0.1229189999163889   0.07006402112948057    0.8280723350009461  -0.05044331353742446   -0.4827775778730756
   0.4756291848946625   -0.1146165482966092   -0.8075435064967206    0.1981450407875886    0.2627733110398262  -0.01421760403317224
  -0.6049209087049965   -0.4062984756664652   -0.1717992615667425    0.1257699312352864    0.3254061906637203    0.5637109118001433
   0.3673731325979165    0.3815659241999051    0.3973118684916879    0.4179303406112469    0.4315701385655643    0.4479611054381585

0.4001433031456291
0.4004052712044844
0.4002076980381851
0.4001880413448803
0.4001568383194549
0.4000819589142416

0.0005426908971179879

   5.109959439249974  0.07214811528527658   -5.014207828966084 -0.03271731159413081    1.540141507259131   -1.676390811148323

 1.696591705600327e-06  1.106154928116716e-06 -5.834302219668484e-06  0.0001397572652260345    -0.0249843335740883   -0.07110952902617554

cov:
0.05460462205767065 0.05546681990204737 0.05634761432013891  0.0575690215605925  0.0583579125640384 0.05931108503958993
0.05546681990204737 0.05678181416275863 0.05818102841363997 0.06004904197255693 0.06127608857605844 0.06275708500622698
0.05634761432013891 0.05818102841363997 0.06019639509349295 0.06281689076699104 0.06455592467662233 0.06665362379687609
 0.0575690215605925 0.06004904197255693 0.06281689076699104 0.06644111547397864 0.06883116051547061 0.07170497487212868
 0.0583579125640384 0.06127608857605844 0.06455592467662233 0.06883116051547061 0.07166729513134633 0.07506418927833018
0.05931108503958993 0.06275708500622698 0.06665362379687609 0.07170497487212868 0.07506418927833018 0.07909352793975885

cov.inverse():
  90256.2724152864 -111618.9293439628  23418.00615766312 -10843.93629761312  -39983.1223543975  48925.00260058677
-111618.9293439462  210435.4794814176 -92416.23854703984 -12010.93398302946  -2232.60696515679  7619.236364847224
 23418.00615761911 -92416.23854698263  83915.54746721107 -17708.91455558002  35211.89691799967 -32313.44253147603
-10843.93629756765 -12010.93398301873 -17708.91455562168  146778.8218323795 -113145.8617372543  6899.816280746889
-39983.12235441307 -2232.606965271437  35211.89691809337 -113145.8617371158  304288.4890636202 -184130.0318753347
 48925.00260058452  7619.236364910083 -32313.44253151456  6899.816280622924 -184130.0318752329  153004.5847586565

cov*(cov_.inverse()):
     1.000000000001364 -1.193711796076968e-12 -1.591615728102624e-12  6.252776074688882e-13 -1.818989403545856e-12                      0
 9.094947017729282e-13     0.9999999999994884 -9.094947017729282e-13  3.410605131648481e-13                      0                      0
 4.547473508864641e-13   1.13686837721616e-12     0.9999999999995453 -4.547473508864641e-13 -1.818989403545856e-12                      0
 1.818989403545856e-12 -9.094947017729282e-13 -4.547473508864641e-13      1.000000000000114 -1.818989403545856e-12                      0
                     0  6.821210263296962e-13 -1.818989403545856e-12 -2.273736754432321e-13                      1                      0
 1.364242052659392e-12 -9.094947017729282e-13 -9.094947017729282e-13  5.684341886080801e-13 -1.818989403545856e-12      1.000000000001819
