5
1

0.0006227698644395432
 0.001170731482773614
 0.001870255011930305
  0.06859701853988616
   0.5389847447634051

 0.02497486538640057  0.01006598553326841  -0.6195887466155371   0.7637197967363341  -0.1792115765640589
-0.08648737922105161   0.6787322883196897  -0.5411596922516374  -0.3702370147916036   0.3192383974212784
  0.6676536050017127  -0.4896588471970546  -0.3507881975767868  -0.2098847818185604   0.3838865664381501
  -0.607588897908899  -0.3343003380099178 -0.02457380956690359   0.1686063193483326   0.7000336078385676
  0.4206787185019833   0.4332420271576474   0.4467658680715209   0.4551669060773175    0.478073329565836

0.3822831359402709
0.3808959155810025
 0.379217118878862
0.3782041442790897
0.3754043683353648

0.02084528474147832

  3.808324849774817   2.237934626896926  -3.444310309768682  -1.693432895800036 -0.9039752858543053

4.345346138371111e-07 4.648974439631344e-06 9.316332691806498e-06  -0.01833157927339893  -0.04941854914409218

cov:
0.05314945180593209 0.05390066559335625 0.05466834392885488 0.05514303946941292 0.05642433615310546
0.05390066559335625 0.05505466103521389 0.05626815937029864 0.05702154151851761 0.05906816594886742
0.05466834392885488 0.05626815937029864  0.0579884561661823 0.05905583591490742 0.06196633973774409
0.05514303946941292 0.05702154151851761 0.05905583591490742 0.06032017476743122 0.06376960837938625
0.05642433615310546 0.05906816594886742 0.06196633973774409 0.06376960837938625 0.06870261857379321

cov.inverse():
 134583.2938781951 -135600.6265503391 -72703.12046147202  32458.77736032545  41500.16547296492
-135600.6265502885  404942.9566535541 -234956.3121568701 -134151.1868657001  99648.15062980927
-72703.12046150588 -234956.3121558123  1238656.693067716 -1052833.990471076  121748.6861327005
 32458.77736027381 -134151.1868670186   -1052833.9904691   1616490.11586738 -462137.7460285907
 41500.16547300024  99648.15063012028  121748.6861317482 -462137.7460279848   199400.985486205

cov*(cov_.inverse()):
     1.000000000000909  9.094947017729282e-13 -4.547473508864641e-12                      0  3.637978807091713e-12
-1.364242052659392e-12      1.000000000000909                      0 -1.091393642127514e-11  5.456968210637569e-12
-4.547473508864641e-13 -1.818989403545856e-12     0.9999999999918145  3.637978807091713e-12  1.818989403545856e-12
-4.547473508864641e-13                      0                      0      0.999999999996362  1.818989403545856e-12
 4.547473508864641e-13                      0  3.637978807091713e-12 -3.637978807091713e-12                      1
