5
1

0.0005159407154957645
0.0007691464609437093
 0.001156358941855296
  0.04073361963564633
   0.5408138086324439

 0.05884951760197588  -0.5888029842619352   0.7855998025904322  -0.1284537296895842  -0.1272020813546869
-0.05832281435705709   0.2943853664810299    0.159628944458515  -0.8327017415438839   0.4371065259729553
  0.6793107260813951  -0.5033975018006962  -0.3931713420133351  -0.1224872839149487   0.3399133032262187
 -0.5874623311185446  -0.3480794014279928 -0.06408563734557232   0.2621699294678282   0.6788878397696794
   0.431926070700787   0.4382693089966695   0.4457138960884888   0.4542810169053857   0.4651104844588962

0.3813680730818107
 0.380603580111965
 0.379669846281268
0.3786425741150788
0.3773360101465885

0.02110030134752438

  3.32562302215824  4.081722806308094 -3.142525315984207  1.214862794009835 -5.482261557304223

-1.100738242536068e-06 -1.716753148123833e-06 -7.653211543641659e-07    -0.0109117311604339   -0.05069206490544644

cov:
0.05513826719367464 0.05570517439210487 0.05636895373773423 0.05713348775124732 0.05809575674774058
0.05570517439210487 0.05638098637138157 0.05717093774262506 0.05808047421586557 0.05922788475807256
0.05636895373773423 0.05717093774262506 0.05811144950550257 0.05919315952586763 0.06056047920915473
0.05713348775124732 0.05808047421586557 0.05919315952586763 0.06047385184837038 0.06209331149802761
0.05809575674774058 0.05922788475807256 0.06056047920915473 0.06209331149802761 0.06403644340432445

cov.inverse():
 364074.0725599451 -414806.8255843728 -41776.05224240181 -8622.920893909002  101229.4752286072
-414806.8255901166  1638465.903242316 -1510223.497273512 -84181.33214946327  370767.0486459342
-41776.05223614931 -1510223.497282713  2477160.426043462 -567779.0898612019   -357427.47018639
-8622.920890902995 -84181.33215051125 -567779.0898648745  1245337.972394091 -584906.7425968264
 101229.4752250921  370767.0486504411 -357427.4701856669 -584906.7425985418   470435.627635997

cov*(cov_.inverse()):
     1.000000000000909 -1.091393642127514e-11 -1.455191522836685e-11 -1.455191522836685e-11  3.637978807091713e-12
 4.547473508864641e-12      1.000000000007276 -1.818989403545856e-11 -1.455191522836685e-11 -3.637978807091713e-12
 1.818989403545856e-12 -1.091393642127514e-11     0.9999999999818101 -7.275957614183426e-12 -7.275957614183426e-12
 3.637978807091713e-12  3.637978807091713e-12  1.818989403545856e-11     0.9999999999781721                      0
-2.728484105318785e-12                      0  7.275957614183426e-12                      0                      1
