5
1

0.001758381062223872
0.001826164221602619
0.003612390832056141
 0.08290314209750194
  0.5529113451554855

  0.5576012566935588  -0.7384012702952589   0.1539243168602419  -0.2308813771481035   0.2585449611294243
  0.1510835217050981   0.3453518922853676  -0.5570456436289514  -0.4923537300829361   0.5524434770648742
  0.3568628102389829  -0.1201420633045357   -0.679186983575379   0.6078654477959178  -0.1655882182128658
 -0.6079665584861514   -0.373673787860498 -0.09682415897728347   0.3396813729478367   0.6049679422408332
  0.4114367587294439   0.4259453244398634     0.44197011117635   0.4683991421936601   0.4843088256196014

0.4012657281560603
0.4015399421701963
0.4013319931843181
0.4013690123735452
0.4013106412199737

0.0004112748107603612

 3.969475652225511 0.3328723425961515 -3.389272548047695  1.627845119797865 -2.540977655894722

1.277276958334386e-06 1.325405734145419e-06 6.640539739661143e-05    -0.021950712049981  -0.05842753818525317

cov:
0.05429390865373176 0.05513545354122614  0.0559927236470312 0.05749840539566452 0.05838880210879316
0.05513545354122614  0.0564269148838669 0.05780038620484886 0.06011975974645146 0.06151143798774086
 0.0559927236470312 0.05780038620484886 0.05978839883102137 0.06305717023887458 0.06503541677730099
0.05749840539566452 0.06011975974645146 0.06305717023887458 0.06787111513173802 0.07076043793388541
0.05838880210879316 0.06151143798774086 0.06503541677730099 0.07076043793388541 0.07422302521817639

cov.inverse():
 117217.3370394309 -120771.0868358126 -16042.03124883165 -47349.37053864614  67073.33325871541
-120771.0868358304  213234.1195787306 -88187.20791909164 -1462.715513749431 -3043.045216525405
-16042.03124886755 -88187.20791905127  136061.7055056392  39105.03624673676 -70796.39021105846
-47349.37053848542 -1462.715513937572  39105.03624672147  118263.6856993717 -108550.6247892741
 67073.33325860834  -3043.04521639533 -70796.39021103871 -108550.6247893169  115290.5445627793

cov*(cov_.inverse()):
     1.000000000001819 -2.842170943040401e-13 -9.094947017729282e-13                      0                      0
-9.094947017729282e-13      1.000000000001762 -9.094947017729282e-13  9.094947017729282e-13 -1.818989403545856e-12
-9.094947017729282e-13  2.017941369558685e-12      1.000000000000909                      0 -9.094947017729282e-13
                     0  5.684341886080801e-13 -9.094947017729282e-13                      1 -9.094947017729282e-13
                     0  1.193711796076968e-12                      0  9.094947017729282e-13                      1
