6
1

0.001077084502676562
0.001382417569470629
0.002138921539586099
0.003704270088509086
 0.09526448078989852
   0.614590927820062

-0.04750142403825886  0.03007014933671771   -0.231398091164613  0.03556642614899045   0.7846189935819285  -0.5713163646177564
  0.1692728805882212  -0.2224463476671306  -0.3815513926089644   0.8325979356588413  -0.2436206191309851  -0.1539887027542986
 -0.6844403061828236   0.5517328097189778   0.2334501362775904   0.3004697174498663   -0.173688536182191  -0.2284374074411287
 0.05989597191062349   0.5815842072102019  -0.7445342883666645  -0.1533254132676872 -0.02576577417562916   0.2822559449264638
 -0.6011777799671144  -0.4010278754223074  -0.1860491008707817   0.1303376126239203   0.3288283471695148   0.5639429730979167
  0.3682791377566195   0.3822836228063854   0.3967731311304063   0.4180156458136611    0.431349468786622   0.4472151008996973

0.3995534684852245
0.3997294683494592
0.3995037976471809
0.3993608189485391
0.3992484316022849
0.3991123811538882

0.001552310329360174

  4.03166899924157 -4.386138707257711  4.472634903863862 -3.905516875367149  2.590239871499817 -2.801062957808664

 2.477275777857435e-06 -6.688461512358125e-06 -2.341840360475327e-05 -8.093009000824082e-05   -0.02481053860343268   -0.06998972639448586

cov:
0.05451246049224939  0.0553650170615841 0.05620758202235134 0.05743705306866077 0.05821014120374391 0.05913493460696765
 0.0553650170615841 0.05666623764100189 0.05796474463240999 0.05988500326433609  0.0610882727635049  0.0625257664265999
0.05620758202235134 0.05796474463240999 0.05978669854888487 0.06242918286045103 0.06409115349457296 0.06606904768989498
0.05743705306866077 0.05988500326433609 0.06242918286045103 0.06615827335177916 0.06849578432247409 0.07127833787895931
0.05821014120374391  0.0610882727635049 0.06409115349457296 0.06849578432247409 0.07126212176245419  0.0745474052727934
0.05913493460696765  0.0625257664265999 0.06606904768989498 0.07127833787895931  0.0745474052727934 0.07843290585412739

cov.inverse():
  119635.510045159 -100910.6634132519 -62483.53787227176  26661.43775103136 -27854.43969816644  45123.91258212826
-100910.6634132559  117877.8036333715  35019.54187705079 -66259.13219657309   26641.8027804731 -12494.74009987257
-62483.53787237074  35019.54187717095  174647.7925740775 -149674.9143962337 -115333.3805733568  117717.2537046964
  26661.4377509873 -66259.13219649885 -149674.9143961073  385277.0874420042 -93197.49565520613 -102751.7614743316
-27854.43969775192  26641.80277993145 -115333.3805735867 -93197.49565471469  568373.2461676747 -358605.2293184703
  45123.9125818611 -12494.74009952982  117717.2537048213 -102751.7614746661 -358605.2293183368  311010.2909191267

cov*(cov_.inverse()):
     1.000000000001364 -7.958078640513122e-13 -9.094947017729282e-13                      0 -7.275957614183426e-12                      0
 1.364242052659392e-12     0.9999999999990905  9.094947017729282e-13  1.818989403545856e-12                      0                      0
 1.364242052659392e-12 -6.821210263296962e-13      1.000000000001819  9.094947017729282e-13 -7.275957614183426e-12  7.275957614183426e-12
 9.094947017729282e-13 -1.250555214937776e-12 -1.818989403545856e-12      1.000000000001819 -7.275957614183426e-12                      0
 1.364242052659392e-12 -2.273736754432321e-13                      0  1.818989403545856e-12      0.999999999996362  3.637978807091713e-12
 4.547473508864641e-13  6.821210263296962e-13                      0  9.094947017729282e-13 -3.637978807091713e-12                      1
