5
1

0.001071955309510157
0.001317748018481565
0.002214930492891067
 0.07843890827090366
  0.5664184273953461

 0.02378230037797482  -0.6122606798329596   0.6530343094605395   0.2808573529681619  -0.3453065305932216
 0.02178966238382447 -0.06830539987897336   0.4731827243766528  -0.7964077533056294   0.3697193297445255
  0.4678032193627737  -0.6315646576081814  -0.3817407920555482  0.06398555289935703   0.4821473300922156
 -0.7888107312289313  -0.1746924051064162  0.03323166983579919   0.2585019405502123     0.52851924917444
  0.3973630469153294   0.4371268455909024   0.4503486691660276   0.4646896098583823   0.4819464415056571

 0.400393512553172
0.4005481474446278
 0.400566478465182
 0.400565639322542
 0.400551540602551

0.0001966769931743652

  2.91450067834779  1.094278622823454 -7.228761207472349  8.425215104900998  -5.20306462868041

-1.331061833605364e-06 -2.095098579200301e-05  7.173757979983129e-06   -0.02031831051694573   -0.06785490684721709

cov:
0.05448759312178708 0.05657388184490748 0.05725099159306919 0.05798692328960067 0.05887744181163052
0.05657388184490748 0.06149428525088654 0.06312334774108475 0.06489147470560044 0.06702041597285112
0.05725099159306919 0.06312334774108475 0.06507714609754958 0.06719310334476453 0.06974137543513927
0.05798692328960067 0.06489147470560044 0.06719310334476453 0.06969120332656734 0.07269173267817959
0.05887744181163052 0.06702041597285112 0.06974137543513927 0.07269173267817959  0.0762400608920716

cov.inverse():
  45474.5888255012 -73728.72122345981 -16951.26970177134  1887.998741508723  43400.60899616245
-73728.72122335693  410223.6837226039  -317421.675502063  -126563.676047841  107360.2725571642
-16951.26970198092 -317421.6755014527  529770.1939482454 -62383.67911436388 -133005.4569705177
  1887.99874162586 -126563.6760484587 -62383.67911379864   434755.990144314 -247655.2711135126
 43400.60899615219  107360.2725572742 -133005.4569706821  -247655.271113448  229916.2292373098

cov*(cov_.inverse()):
    0.9999999999995453                      0 -4.547473508864641e-12                      0                      0
                     0      1.000000000000909 -3.637978807091713e-12                      0                      0
-4.547473508864641e-13                      0      0.999999999992724  3.637978807091713e-12 -1.818989403545856e-12
                     0 -3.637978807091713e-12 -3.637978807091713e-12                      1 -3.637978807091713e-12
-9.094947017729282e-13 -9.094947017729282e-13  1.818989403545856e-12                      0                      1
