5
1

0.0008989927252202127
  0.00114403032840068
 0.002926499659944432
   0.0948990457243247
   0.5752597199767061

 0.01754925927817585 -0.04706502773332969   0.3458290585788131   -0.801509937654332   0.4852432263793989
-0.05607478424422697  -0.5574849845931426   0.7504988072523119   0.1696883675593734   -0.306632530487289
  0.5624716901174209  -0.6659777714943972  -0.3398624217236224   0.1081913227224031   0.3359871689209865
 -0.7276346017309401  -0.2442267877251924 -0.07608813812490808   0.3040908054466081    0.559142682864408
  0.3882281883777358   0.4287449814871708    0.442558393991333   0.4739315324883894    0.494962205647588

0.3998433599469882
0.3995508805016885
0.3994362358344064
0.3990768992236005
0.3988324071632733

0.002636549935114351

  1.504952463417347 -0.1194701685478973   2.135165307343996  -1.791177470278338  -1.727904505188701

 1.105300801618115e-06    2.3696467487955e-06 -4.915524018550675e-06   -0.02466844391431209   -0.07484331788775743

cov:
0.05464806867061092  0.0566797897684202 0.05735412903898146 0.05889564941228247 0.05992735022533228
 0.0566797897684202 0.06137252576994512  0.0629597545311895 0.06657275658619927 0.06899465007759269
0.05735412903898146  0.0629597545311895 0.06486800193195189 0.06919998681242392 0.07210445150061126
0.05889564941228247 0.06657275658619927 0.06919998681242392  0.0751625827400914  0.0791586867518296
0.05992735022533228 0.06899465007759269 0.07210445150061126  0.0791586867518296 0.08388907658803858

cov.inverse():
 39783.43495080752 -20855.18033362402 -46959.09587795929 -17592.91083029239  45695.71813857764
-20855.18033365544  291995.6749226398 -313383.2882420712 -34023.25548135128  76210.43014793712
-46959.09587794864 -313383.2882438182  591823.7344290219 -249963.6403407107  18471.68081405008
-17592.91083021972 -34023.25547716042 -249963.6403461571  818265.1513698382 -516725.0164510173
 45695.71813852584  76210.43014546162  18471.68081776015    -516725.0164522  376399.9953264781

cov*(cov_.inverse()):
    0.9999999999995453  1.818989403545856e-12  5.229594535194337e-12 -3.637978807091713e-12  3.637978807091713e-12
-4.547473508864641e-13      1.000000000000909  2.273736754432321e-13 -7.275957614183426e-12  3.637978807091713e-12
                     0 -1.818989403545856e-12     0.9999999999986358                      0  3.637978807091713e-12
                     0  3.637978807091713e-12 -5.456968210637569e-12      1.000000000007276  3.637978807091713e-12
                     0                      0 -9.094947017729282e-13                      0      1.000000000003638
