5
1

0.001647563078353134
0.001773671330945486
0.002956775567574269
 0.08127110913756737
  0.5765179613309959

-0.08764896547395898  -0.2371151559886763   0.1824671150560174   0.7391265967431452    -0.59706924854814
 -0.4617166779219368   0.7795108810079644  -0.3608038462626189   0.1769629304294251  -0.1329857191387424
  0.4506495170537808  -0.1502299978274224  -0.7976053660933864   0.3339761856273977   0.1631917520733695
 -0.6430279343921333  -0.3680668912458044 -0.04558135344467946   0.3006451119589729   0.5988127387033142
  0.4031940680995389     0.42201528469011   0.4452800878575428   0.4695193492601527   0.4905250931044928

0.4008315200543964
0.4006849861254207
0.4006605283504509
0.4007539532380305
0.4007623293211767

-0.0001227269926165671

 3.594794403176194 0.8372921992251804 -3.517645001829939 0.5168035103356359 -1.430830009751345

2.193791942417129e-07 1.710798446432313e-06   3.7059540065617e-05  -0.02087718479488905  -0.07405142115321925

cov:
0.05676589403137099  0.0581161925322505 0.05986327451163354 0.06164465077150919 0.06319336659528313
 0.0581161925322505 0.06009165524533844 0.06256872295997025 0.06512644883261579 0.06734830546602023
0.05986327451163354 0.06256872295997025  0.0659208193625295 0.06939574548167861 0.07241568902894764
0.06164465077150919 0.06512644883261579 0.06939574548167861 0.07387065890550991 0.07773745847805774
0.06319336659528313 0.06734830546602023 0.07241568902894764 0.07773745847805774 0.08234352826879375

cov.inverse():
 93887.71200790899  -114457.883196046  5953.339662599465 -32651.75014218435  47151.40139881635
-114457.8831960065  216466.6624559026 -91631.89606083003 -26470.83606514741  16366.53789723322
  5953.33966253256 -91631.89606074449  126414.7626906754 -1082.580519190856 -39774.99876196904
-32651.75014216759 -26470.83606516814 -1082.580519191899  223985.3531384353 -163795.7054872471
 47151.40139882717  16366.53789720776 -39774.99876194941 -163795.7054872521  140053.2822716354

cov*(cov_.inverse()):
     1.000000000001819  4.547473508864641e-13                      0 -1.818989403545856e-12 -1.818989403545856e-12
 1.818989403545856e-12      1.000000000000909 -1.364242052659392e-12 -3.637978807091713e-12                      0
 2.273736754432321e-12 -2.273736754432321e-13                      1 -3.637978807091713e-12                      0
 2.273736754432321e-12  1.364242052659392e-12 -1.364242052659392e-12      0.999999999998181                      0
 1.818989403545856e-12 -4.547473508864641e-13                      0                      0                      1
