5
1

0.0004110181539559076
0.0007354267339666492
0.0008149368425492519
  0.03362965863753831
   0.5378620187309604

0.03676365526311358 -0.2032132342452189  0.6045481936145078 -0.7169990068222819   0.278902708650507
 0.6540965016405897 -0.4291938954180202 -0.4868612068788484 -0.1104452349232284   0.372449166996882
 0.1548251524332256  -0.682716541698078  0.4418424148263342  0.4372950451774655 -0.3513909785260813
-0.5967156460460652 -0.3371076832921989 -0.0550834071378906  0.2792348899775022  0.6702854183902014
 0.4367674554394966  0.4413088658985753  0.4463504739018672   0.452233561316611  0.4590607097266054

0.4013597485637201
0.4012952807439423
0.4012451265832279
0.4011822137902843
 0.401088533555247

0.001886090128869161

 5.310060681093319 -8.316459974357981  14.46064459462902 -1.536425782732999 -9.921194426733814

1.513996358187195e-06 -1.90548311190382e-06 1.042909964214726e-05 -0.009319796660761739  -0.04212262363685222

cov:
0.05559064601248892 0.05598880606252538 0.05643561177794441   0.056953475734307 0.05755231164550094
0.05598880606252538 0.05647026506167935 0.05700587365647618 0.05762945984067153 0.05835219496773547
0.05643561177794441 0.05700587365647618 0.05763974087377295  0.0583783451358707  0.0592352976680799
  0.056953475734307 0.05762945984067153  0.0583783451358707 0.05925373909408194 0.06027004510429169
0.05755231164550094 0.05835219496773547  0.0592352976680799 0.06027004510429169 0.06147348800185942

cov.inverse():
 835461.6003603447 -722263.3284502845 -354203.9893990423 -187804.0061822654  428855.4252499413
-722263.3284522721  1286965.397258058 -795058.9856757469  500501.6726844539 -270019.3995028924
-354203.9893914947 -795058.9856857931  2895637.198544265 -2175486.888802045  428989.1089909974
-187804.0061911241  500501.6726966345 -2175486.888803486  3353654.807977282 -1490986.319195849
 428855.4252532396 -270019.3995070139  428989.1089899392 -1490986.319193968  903253.1015436315

cov*(cov_.inverse()):
     0.999999999996362  1.091393642127514e-11 -7.275957614183426e-12   2.91038304567337e-11  7.275957614183426e-12
                     0      0.999999999998181  7.275957614183426e-12                      0  1.455191522836685e-11
                     0                      0     0.9999999999890861   2.91038304567337e-11  7.275957614183426e-12
-1.091393642127514e-11  3.637978807091713e-12                      0      1.000000000029104                      0
-7.275957614183426e-12  3.637978807091713e-12 -7.275957614183426e-12                      0      1.000000000007276
