5
1

0.0008457854668995904
  0.00115229458078795
  0.00178278639686558
  0.07293959148422335
   0.5437247907889794

0.04634220290975278  0.2415198542545728 -0.8399564344300496   0.477979388809358 0.07436028754188147
  -0.13224494808659  0.4546634131352391 -0.2049127200413157 -0.6616540862792785  0.5440745369312847
 0.6187073822986671 -0.6272668002802417 -0.2087627927339226 -0.1703720386661383  0.3887531365352509
-0.6523140874734679 -0.3977270819837831 0.07096910118761553  0.3008171008014967  0.5663673349358408
 0.4147905258173513  0.4281341732213362  0.4515146160108024  0.4628520436267852  0.4759753004635583

 0.382491761542148
0.3811165145770096
0.3784465765362517
 0.377166885685698
0.3756689624812678

0.02067412997691002

  3.006051955867524   1.833849267046768 -0.4763115799527278  -5.886854577797591    1.52631048555496

-1.228975987076981e-06  6.983260321000806e-06  7.644841278559149e-06   -0.01931481676666279   -0.05359975470592431

cov:
0.05312968668312518 0.05387990851148315  0.0551213138146719 0.05571411950122728 0.05640268944029616
0.05387990851148315 0.05503301342744045 0.05699915465821836 0.05794767864101267 0.05904636163222425
 0.0551213138146719 0.05699915465821836 0.06029759253378954  0.0618970510563901 0.06374860631290952
0.05571411950122728 0.05794767864101267  0.0618970510563901 0.06381709998642625 0.06603632147846343
0.05640268944029616 0.05904636163222425 0.06374860631290952 0.06603632147846343 0.06868466095681711

cov.inverse():
 136694.4323801335 -151694.6969792788 -74652.09446471283   63662.6210632684  26235.95956420911
-151694.6969798811  361056.1264408369 -312559.4367970113 -31586.23879143967  134644.4118409362
-74652.09446362815  -312559.436800477    1031601.1965568 -447929.5787629401 -196804.3557765716
  63662.6210634321 -31586.23878773728 -447929.5787705441  658235.3475733002  -242241.062019392
 26235.95956356273  134644.4118400985 -196804.3557713492 -242241.0620231324  278281.5036838299

cov*(cov_.inverse()):
     1.000000000003638                      0  1.818989403545856e-12 -5.456968210637569e-12  1.818989403545856e-12
 2.728484105318785e-12     0.9999999999990905  5.456968210637569e-12  5.456968210637569e-12 -3.637978807091713e-12
 2.273736754432321e-12 -3.637978807091713e-12      1.000000000007276  3.637978807091713e-12 -7.275957614183426e-12
 2.046363078989089e-12  1.818989403545856e-12 -9.094947017729282e-12      1.000000000005457 -3.637978807091713e-12
  1.13686837721616e-12  1.818989403545856e-12                      0                      0                      1
