5
1

 0.00101653289606105
0.001918751851032279
0.002581853840271737
 0.08350600081645208
  0.5804883273917779

 0.01615128569464555 -0.03716117877855082  -0.3089922799017599   0.8162990733349227  -0.4863514949045165
  0.6607098256876471  -0.6728433141876492  -0.2338774225851704 0.008721478498437765   0.2365791364649434
  0.1066802271723078   0.4902612279397776  -0.8024904225228718  -0.1007750070623931   0.3067845778719718
 -0.6247499868846212  -0.3577671365123953  -0.1090740604221916   0.3168909268195726   0.6077607422019251
  0.4018811332077423   0.4213638875787431   0.4403828939322112   0.4722333079488942   0.4939662322585674

0.3995524729464033
0.3994043560040881
0.3994359918702561
 0.399394887791383
0.3993741534468762

0.000319576358140733

 2.305862046740379 -1.004244656993237  2.207047414341594 -1.274121068149116 -2.236313219292001

-5.784928292548277e-07  4.207523458285489e-06 -1.716589465885183e-05   -0.02151202243336509   -0.07779539205275138

cov:
0.05714639862914855 0.05861867090413346 0.06011093815788231 0.06256951375313337  0.0642462350919485
0.05861867090413346 0.06072343151573373 0.06279811516199953 0.06625936668266708 0.06862028430331538
0.06011093815788231 0.06279811516199953 0.06543789667784966 0.06983600749941844  0.0728378547958603
0.06256951375313337 0.06625936668266708 0.06983600749941844  0.0758460312388378 0.07994571139362321
 0.0642462350919485 0.06862028430331538  0.0728378547958603 0.07994571139362321 0.08479757326593866

cov.inverse():
 120588.6600404715 -113452.2672087641 -59634.30457376665   12683.4833151879  39711.09100718554
-113452.2672088593   160379.940016325 -5159.505003841681 -38377.20913639809 -3213.953856906855
-59634.30457355411 -5159.505004183889  203864.1209033339 -232518.7508506476  93459.96186993684
 12683.48331498006 -38377.20913595775  -232518.750850882  646404.8098489703 -388248.5682197036
  39711.0910072761 -3213.953857100284  93459.96187004195 -388248.5682197061   258281.438338772

cov*(cov_.inverse()):
     1.000000000000455 -2.842170943040401e-14  1.818989403545856e-12 -7.275957614183426e-12  3.637978807091713e-12
 9.094947017729282e-13     0.9999999999997158 -1.818989403545856e-12                      0 -3.637978807091713e-12
 1.818989403545856e-12  -1.84741111297626e-12      1.000000000000909                      0                      0
                     0  1.762145984685048e-12                      0                      1 -3.637978807091713e-12
                     0 -4.547473508864641e-13  9.094947017729282e-13                      0                      1
