5
1

0.0008937078827383101
 0.001062855780185809
 0.001578923838738793
  0.05836180556689832
   0.5922373402562484

 0.08502698381009492  -0.4763374190912835  0.09288703966047707   0.7461596516707646    -0.44776204314266
 -0.4365956959650057   0.6791387981928605  -0.3758792464681839    0.381337248237793  -0.2478939011652516
  0.5087436674900784 -0.09877473995316757   -0.803802899144066   0.1346021653517515   0.2592423344018921
 -0.6098465724198083  -0.3439307593385276 -0.08770578434682889   0.2570957323500382   0.6603092235370795
  0.4140309761183897   0.4287520722872606   0.4430523497932552   0.4621814782258247   0.4846059304749579

0.3993567126642584
0.3992410490934122
0.3991071301128971
0.3988731063159797
0.3986266714155977

0.002701787167771623

0.6819464561998471  2.428673459120675  2.202185249288905 -1.551941517919031 -3.762195940266453

-2.937328470124654e-07  9.768508009706955e-07 -7.098304542406902e-06   -0.01474001105428623   -0.08457586106071455

cov:
0.06139293666719381 0.06297700539437789 0.06452111665294927 0.06658367556807171 0.06900297216270432
0.06297700539437789 0.06488051191813138 0.06673001553559557 0.06920288423402765 0.07210272457801818
0.06452111665294927 0.06673001553559557 0.06887761586414134 0.07174509462610637 0.07510929419229995
0.06658367556807171 0.06920288423402765 0.07174509462610637 0.07514904795252407 0.07913637902794048
0.06900297216270432 0.07210272457801818 0.07510929419229995 0.07913637902794048 0.08385547651751081

cov.inverse():
 281716.8974010734 -333279.0325607126    -8855.538622458 -40525.53270351033  100926.0287658859
-333279.0325597522   696316.877758708 -249513.1613921049 -221098.4540754617  107668.4389986674
-8855.538622054884  -249513.161393071  395038.9628384142 -83514.36785770721 -53191.94349477076
-40525.53270665234 -221098.4540706399 -83514.36785884395  833078.0021109285 -487933.4047769085
 100926.0287676644  107668.4389957724 -53191.94349419718 -487933.4047763658  332501.9377990738

cov*(cov_.inverse()):
                     1  1.818989403545856e-12  4.547473508864641e-13                      0 -3.637978807091713e-12
 2.728484105318785e-12      1.000000000005457                      0 -7.275957614183426e-12  7.275957614183426e-12
-3.637978807091713e-12  2.728484105318785e-12     0.9999999999990905                      0 -3.637978807091713e-12
 9.094947017729282e-13  3.637978807091713e-12 -2.728484105318785e-12                      1                      0
 1.818989403545856e-12  1.818989403545856e-12  1.818989403545856e-12  7.275957614183426e-12                      1
