6
1

0.0008889385815282802
0.0009842574524778437
 0.001524138112766782
 0.003114237204919018
  0.08159521226561765
   0.6351497609448338

-0.01858765335439447  0.06335780559937904  -0.3950557185896147  0.04388268106319367   0.7819624182560523  -0.4755842234135866
 0.09213937195356989   0.3107724635043579  -0.7550934547906193   0.4354944825624753  -0.2982262293767967   0.2148728888555768
-0.09098628114833175   0.6259950453138599  -0.1279329346826966  -0.7207454367451152  0.07067946739290233   0.2429306329158956
  0.6507056968625257  -0.5004116793881787  -0.2815183975489816  -0.3404256805852484   0.1367330568497588    0.335159762212893
 -0.6523877443291729  -0.3269946094308988  -0.1338543440011572  0.05264963638859479   0.3028193955632071   0.5958827070012436
  0.3658669963816414   0.3875553433699485   0.4002854286617938   0.4126539145066492   0.4291908552976817   0.4485819088598024

0.3997694326164233
0.3994031831437992
0.3993019110630381
0.3991791735982047
0.3989635226311353
0.3987352912814436

0.002493974806687942

  1.659005573183606 -0.1845775734778746  0.1704358612914989   3.547973847727067  -2.749932726038274   -2.44327672038138

-7.447972945031244e-07  1.750587464127989e-06 -8.440359259826327e-06 -1.240248381491388e-05   -0.02094944884685389    -0.0841145194352475

cov:
0.05683837010410499 0.05861876256919814 0.05966023288215781 0.06067555786454439 0.06203251640255156 0.06362293776668225
0.05861876256919814  0.0613079424182225 0.06287525677130265 0.06440279096002807  0.0664422880983844 0.06883535964152379
0.05966023288215781 0.06287525677130265  0.0647593545472956 0.06658975472708525 0.06903598421726725  0.0719055297667594
0.06067555786454439 0.06440279096002807 0.06658975472708525 0.06871582703468991 0.07155325343242031 0.07488325568549106
0.06203251640255156  0.0664422880983844 0.06903598421726725 0.07155325343242031 0.07492229360029173 0.07886991415958301
0.06362293776668225 0.06883535964152379  0.0719055297667594 0.07488325568549106 0.07886991415958301 0.08354299023323607

cov.inverse():
 56486.81116959817  -29993.4240531384 -76388.34367201476  45772.52477503008 -40381.72708797378  44537.58768025577
-29993.42405327161  299301.2301645757 -293846.2750808595 -33439.73298217236 -20995.50667898228  78940.48175861452
-76388.34367171091 -293846.2750810542  801273.9323402805 -311806.7660615026 -166348.8908202449  47162.14709113948
 45772.52477491761 -33439.73298132206  -311806.766063423  433780.1463011573 -117365.1059848265 -16949.47139065412
-40381.72708810292 -20995.50668063904 -166348.8908160072 -117365.1059874086    869698.26830265 -524622.1606421336
 44537.58768032656  78940.48175948299  47162.14708893048 -16949.47138925375 -524622.1606422643  370927.6923953994

cov*(cov_.inverse()):
    0.9999999999995453  4.547473508864641e-12  1.818989403545856e-12  3.865352482534945e-12 -7.275957614183426e-12 -3.637978807091713e-12
-9.094947017729282e-13      1.000000000004547  6.366462912410498e-12 -2.501110429875553e-12                      0                      0
-9.094947017729282e-13  8.185452315956354e-12      1.000000000000909  1.364242052659392e-12                      0 -7.275957614183426e-12
-9.094947017729282e-13  5.456968210637569e-12 -4.547473508864641e-12       1.00000000000432                      0                      0
-1.364242052659392e-12                      0  4.547473508864641e-12  2.273736754432321e-12     0.9999999999854481                      0
-4.547473508864641e-13  3.637978807091713e-12  2.273736754432321e-12  2.501110429875553e-12                      0      0.999999999996362
