5
1

0.001349515386233704
 0.00192616712964658
0.002282972303915199
 0.08542288172950335
  0.5617518082058867

   0.16842314346127 -0.3307976658636517  0.6383031396622104 -0.6511562010640249  0.1754173672103645
-0.5693131454269026   0.457555021501689  0.5265003235432831 0.01930713634649911 -0.4346844700902379
 0.2361578228431545 -0.5669503343887248  0.3134924740817886    0.52083841015133 -0.5032361476003173
-0.6541211029855007 -0.4280643585447933  0.1008072200954171  0.2928963451046213  0.5412357369701817
 0.4048101438078897  0.4201720241019106  0.4548921677462649   0.467506061818833    0.48383407850015

0.3992522254761439
0.3995226686911424
0.3993960926417832
0.3994114247045156
0.3993455674093871

0.0002902691524911684

  3.478079389881659 -0.8564696624027276  -2.981364588626033   4.289412850476865  -3.926685963277059

-8.224126607819773e-06 -7.984185428220576e-06   2.38835960168564e-05   -0.02245974626745889   -0.06394615784944843

cov:
0.05483582108953175 0.05571589126269055 0.05762802273216221 0.05832342899342511 0.05922382104469451
0.05571589126269055 0.05705105074771406 0.05999959133878225 0.06107137869732067 0.06246237769815779
0.05762802273216221 0.05999959133878225 0.06537533788620876 0.06732518759199843 0.06985012176390211
0.05832342899342511 0.06107137869732067 0.06732518759199843 0.06959870248565674 0.07253453115211557
0.05922382104469451 0.06246237769815779 0.06985012176390211 0.07253453115211557 0.07601199381057394

cov.inverse():
 113695.7239382208 -126453.3012215761 -7564.643679494605 -39607.42842970008  60074.41666112545
-126453.3012213917  178211.7320997721 -85115.42829114226  63983.13089011525  -30760.2010161064
-7564.643680120915 -85115.42829041072  317290.0978778177 -194149.1555584894  -30465.1246434641
-39607.42842930886  63983.13088970457 -194149.1555586476  284977.9986244317 -115248.1096496104
 60074.41666117632 -30760.20101624333 -30465.12464319984 -115248.1096497886  116455.0305021142

cov*(cov_.inverse()):
    0.9999999999990905 -9.094947017729282e-13  9.094947017729282e-13                      0 -1.818989403545856e-12
-1.818989403545856e-12      1.000000000000227  9.094947017729282e-13  1.818989403545856e-12 -1.818989403545856e-12
-1.818989403545856e-12 -4.547473508864641e-13      1.000000000001364                      0 -1.818989403545856e-12
-9.094947017729282e-13                      0 -2.273736754432321e-12                      1 -1.818989403545856e-12
-1.818989403545856e-12 -4.547473508864641e-13 -1.364242052659392e-12  1.818989403545856e-12                      1
