5
1

0.0003977528618365867
0.0007337870655363565
 0.001241287349863567
  0.03916376670110661
   0.5952374514781426

0.0001213556506470381    0.1865594126728857   -0.6393641884166413    0.7027578882684857   -0.2500806987008428
  -0.1155361999990333    0.6695803959649075   -0.4486564721348312   -0.4597967914606351    0.3544118513866221
   0.5679376988810539   -0.5076168619537463   -0.4356778102120656  -0.09441235937330247    0.4701521495604483
  -0.6899770614451763   -0.2518701964700275 -0.002476282777304672    0.2840388735350483    0.6162863337395834
    0.433624026815584    0.4424298865052028    0.4473248464978027    0.4529089155199207    0.4593473575013988

0.4029457647898832
0.4030595263438543
0.4030439851753513
0.4030200986948955
0.4029582187589424

0.0008815882295721323

-0.1436804032158442  -2.117160508265158   13.52588265720681   1.812731384428049  -13.08320304677758

-7.114885908745291e-07  -6.96735817261441e-06 -1.729088955542168e-05   -0.01065871972919358   -0.04863492766684147

cov:
0.06735108851844497 0.06823935526918995 0.06872760090701627   0.069282600618082 0.06992060912888848
0.06823935526918995 0.06945161002128701 0.07012209642294108 0.07088651684863957 0.07176725353862139
0.06872760090701627 0.07012209642294108 0.07089725974786365 0.07178083184098188 0.07279952318004898
  0.069282600618082 0.07088651684863957 0.07178083184098188 0.07280182750847626 0.07397935533411081
0.06992060912888848 0.07176725353862139 0.07279952318004898 0.07397935533411081 0.07534187591342222

cov.inverse():
 234444.3001806447 -330525.7661833295 -64809.66789445856  64272.02625434086  96782.14075183499
-330525.7661843015  1219924.922567915  -1168333.89289252  287976.6911855051 -9161.942820442666
-64809.66789375527 -1168333.892891772   3080901.35275516 -2430238.626637764  582398.3421556484
 64272.02625557371  287976.6911802625 -2430238.626632997  3520130.285481195 -1442199.176711583
 96782.14075087156 -9161.942816921583  582398.3421523339 -1442199.176710827   772294.348666398

cov*(cov_.inverse()):
    0.9999999999954525 -2.501110429875553e-12  7.275957614183426e-12                      0  1.455191522836685e-11
-3.637978807091713e-12     0.9999999999956799  7.275957614183426e-12   2.91038304567337e-11  7.275957614183426e-12
-9.094947017729282e-13 -6.821210263296962e-13                      1  -2.91038304567337e-11  2.182787284255028e-11
-1.818989403545856e-12  2.614797267597169e-12 -1.455191522836685e-11      1.000000000014552  1.455191522836685e-11
                     0 -1.250555214937776e-12                      0 -1.455191522836685e-11                      1
