6
1

0.001011889738873316
0.001192530525485136
0.002002848032603253
0.003217918285086262
 0.09642563188411582
   0.633520935871192

-0.01547192756242097  0.04810316131174951    0.270850081813773  0.04368672181697628   -0.830038927042577   0.4829221349676222
 0.02675270138610782  -0.2150841173451231   0.6731692407454579  -0.6832652802022656   0.1808641738211249  0.01740678737506322
 -0.5896548957398453   0.6389093640944772   0.3169126223091659  0.06275590911187492 -0.05993570619646275  -0.3689684610069324
 0.05979657779807276   0.5537873673812385  -0.4516087633481918  -0.5905248412328964  0.06463143790721025   0.3645499074209487
 -0.7233970960026673  -0.2956552850062844  -0.0798088175040215  0.07652387705575189   0.2894221051669092   0.5415663282299602
  0.3528073513046854    0.386169958679965   0.4033979100497561   0.4156034542755471   0.4321907722517253   0.4518348893353257

 0.399183268796286
0.3992328218814929
0.3992240976618299
 0.399202882053329
0.3991231045800362
0.3990599728772239

0.0007717850612889412

  2.587577051434166   -1.19141778036166 -0.2997473940547884   2.198420783051767   -1.73020753181116  -1.563608829380114

 6.128654799987576e-07 -2.444007796523804e-06 -6.271389991896728e-06 -2.433172564382543e-05   -0.02487189652079791   -0.08375848020993039

cov:
0.05482415372980021 0.05666862476627249 0.05765645167657096 0.05833370368868047 0.05925122099221349 0.06033775290855754
0.05666862476627249 0.06066966406336549 0.06273959654931348 0.06420052090086353 0.06618925355355226  0.0685417770759643
0.05765645167657096 0.06273959654931348  0.0653738925603853 0.06723296750362669 0.06975789140662633  0.0727496454081215
0.05833370368868047 0.06420052090086353 0.06723296750362669 0.06938220179792812   0.072295562284922 0.07574994840504692
0.05925122099221349 0.06618925355355226 0.06975789140662633   0.072295562284922 0.07574713169242285 0.07983222713649109
0.06033775290855754  0.0685417770759643  0.0727496454081215 0.07574994840504692 0.07983222713649109 0.08466644727568892

cov.inverse():
 87815.14106741532 -95468.03120947903 -40615.02134653044 -26153.98462505371  25105.97009231695  49330.12125017485
-95468.03120954617   166177.077914677  -62759.8222993762  83801.97686636924 -72447.22430156106 -19232.68477693614
-40615.02134561384 -62759.82230038596  435026.6881103003  -281157.629282518 -141507.2306171075  90930.52920387774
-26153.98462562114  83801.97686706255 -281157.6292821661  364799.6578186945 -126931.7855538508 -14315.63603690054
 25105.97009132806 -72447.22430068869  -141507.230616511 -126931.7855535289  697179.4475459894 -381460.2869972055
 49330.12125088172 -19232.68477755934  90930.52920283633 -14315.63603674493 -381460.2869964033  274782.3214997325

cov*(cov_.inverse()):
     1.000000000000455  6.821210263296962e-13 -2.728484105318785e-12   1.13686837721616e-13  3.637978807091713e-12                      0
 1.364242052659392e-12      1.000000000000227  4.547473508864641e-12  -1.13686837721616e-13 -3.637978807091713e-12  3.637978807091713e-12
 1.364242052659392e-12 -1.364242052659392e-12      0.999999999996362  1.364242052659392e-12                      0                      0
                     0 -2.273736754432321e-13  9.094947017729282e-13      1.000000000001819                      0                      0
-4.547473508864641e-13  9.094947017729282e-13 -9.094947017729282e-13  1.818989403545856e-12                      1  3.637978807091713e-12
                     0 -4.547473508864641e-13                      0  2.273736754432321e-13                      0      0.999999999996362
