5
1

 0.00134432741360077
0.001624177400912831
 0.00197682734176824
 0.08755559958558855
   0.575335861941358

  -0.1549204939331714   0.04734966562087828   -0.1180583267647719     0.796344410754649   -0.5706623000220232
  0.02371069660441965   -0.5782332198482728    0.7838746065150383 -0.005974890635134872   -0.2249200930846871
   0.6452344025784427   -0.5912152333794831   -0.4112023954238188    0.2067435501846313    0.1493546383747485
  -0.6324409595741752   -0.3725164441252456  -0.08213488751428701    0.3143258006604963    0.5964084865269212
   0.3989090645851157     0.418449996183315    0.4424582273990679    0.4735570458117176    0.4957273446714082

0.3991583457593604
0.3988027366699145
0.3985407730365172
0.3984089057618044
0.3982264436222674

0.001830360371822289

 2.456903492219153 0.9178628738058793  -1.98554648691396  1.483225124583624 -2.870845187366165

 4.909641193104442e-06 -3.672173862658678e-06  6.787768082706608e-06   -0.02283438217832458   -0.07782915800383915

cov:
0.05574124469217091 0.05705809709781785 0.05882096011698618 0.06100645439829715  0.0625665047117456
0.05705809709781785 0.05902626923131253    0.06151993841559 0.06469516930804613 0.06696081980951681
0.05882096011698618    0.06151993841559 0.06485587810563398 0.06915811982400082 0.07222747219066324
0.06100645439829715 0.06469516930804613 0.06915811982400082 0.07499009120612574 0.07914304747769035
 0.0625665047117456 0.06696081980951681 0.07222747219066324 0.07914304747769035 0.08407220683411787

cov.inverse():
 120082.3537863841 -106842.1072762599  -50721.3152997618 -34208.36644900113  71509.11015787197
-106842.1072761797  217451.1575123212 -112701.6631514246 -9118.585845651405  11726.32887254296
 -50721.3152999216 -112701.6631512051  283912.9018373003 -75554.78930475873 -45278.02845977778
-34208.36644889249 -9118.585845829457 -75554.78930470155  361871.5927331543 -243024.4674925469
 71509.11015784313  11726.32887258175 -45278.02845977576 -243024.4674925588  205130.0362814361

cov*(cov_.inverse()):
                     1 -6.821210263296962e-13  2.273736754432321e-12 -3.637978807091713e-12 -1.818989403545856e-12
-9.094947017729282e-13     0.9999999999998863  4.547473508864641e-13 -3.637978807091713e-12 -1.818989403545856e-12
-9.094947017729282e-13  9.094947017729282e-13      1.000000000000455 -3.637978807091713e-12                      0
-1.818989403545856e-12  -1.13686837721616e-12 -4.547473508864641e-13      0.999999999996362 -1.818989403545856e-12
                     0 -1.364242052659392e-12  1.364242052659392e-12 -3.637978807091713e-12                      1
