5
1

0.0008565412734097157
 0.001276213463715907
 0.001455914634176564
  0.08125135456399703
   0.6363850793746434

 0.06074820671057868  -0.4530582595847161   0.8089605333848191  -0.3661273609899953 -0.05080826471912006
 -0.0787284514267929    0.498808264576954  -0.0387531535041136  -0.7698289967811622    0.388398834877324
  0.6716456271364925   -0.485658125149003  -0.3791420577690231  -0.1768585362222996   0.3714844481551819
 -0.6187390278640109  -0.3685254848621372  -0.0426415721412896   0.1658465506969262   0.6723299787695602
   0.395178001998739    0.417437038480868   0.4455491497862232   0.4631738885522897   0.5064943925935729

 0.404432227320682
0.4027805844746568
0.4015463874348312
0.4006998388132378
0.3986784397228934

0.01273568547715151

0.6950527316572696 0.6748911539525633 0.6207382350246864  2.107335658196453 -4.097402879342029

-2.382646623638506e-07 -4.814253257844804e-06 -4.220524386966134e-06   -0.02053519166786196    -0.1078417795605273

cov:
0.06577328061329768  0.0683118392277778 0.07148005753665596 0.07344944910651262   0.078314302095201
 0.0683118392277778 0.07146794664308125 0.07542665474293458  0.0778985775259317 0.08399021028301859
0.07148005753665596 0.07542665474293458 0.08040819418920975 0.08352891697980527 0.09120281174091381
0.07344944910651262  0.0778985775259317 0.08352891697980527 0.08706437308907114 0.09574318425830693
  0.078314302095201 0.08399021028301859 0.09120281174091381 0.09574318425830693  0.1068784394056757

cov.inverse():
   221712.04653194 -215476.0056000153 -51274.60967005358  -49158.7273584218  94665.04705263551
-215476.0055992067  543834.4713591462 -424554.1265561333  30840.92966381775  65175.00342928292
-51274.60967125612 -424554.1265564772  960724.9167971067  -353753.284296062 -131714.3315507178
-49158.72735838361   30840.9296663609   -353753.28429983  561339.7318260355 -189202.4625405307
 94665.04705299216  65175.00342789042 -131714.3315484936 -189202.4625417195   161312.930625275

cov*(cov_.inverse()):
                     1 -6.366462912410498e-12  5.456968210637569e-12 -7.275957614183426e-12                      0
-1.818989403545856e-12      1.000000000003638 -5.456968210637569e-12 -1.091393642127514e-11  1.818989403545856e-12
                     0  2.728484105318785e-12     0.9999999999909051 -7.275957614183426e-12  1.818989403545856e-12
                     0                      0 -7.275957614183426e-12      0.999999999996362  3.637978807091713e-12
                     0  3.637978807091713e-12                      0                      0      0.999999999996362
