6
1

0.0007966764661423782
 0.001825932582030818
 0.002065806113932592
 0.002508476746113901
   0.1234905318473128
   0.7269564740448023

 0.02675235353104499   0.2452954621740719  0.01791940353052801  -0.8307624567839436  0.04427367285941894   0.4966557410161607
  0.7067066858845211  -0.6476620217300979  -0.2120362034592942 -0.06935667357057108  0.05370259107648703   0.1686591168602075
 0.08998462322477926   0.2717934136750436  -0.4453837316859887   0.3018889089458458  -0.6590187665760333   0.4407060146759004
  0.1167608040106214   0.3557206651167674  -0.7425139900481366 -0.01426390178752768   0.5079150964221141  -0.2243245273499632
 -0.6004485737919668  -0.4348765164199013  -0.2409701864681743   0.1694356929573653   0.3206229156842886   0.5106562315504838
  0.3429010996887411   0.3617148130828118   0.3833526037024289   0.4300866958450023   0.4472955842263957   0.4685873509304137

0.3677600594067082
0.3611088398980294
0.3536350237583264
0.3367176790346914
 0.329828340946356
0.3232773179415522

0.08883763978624869

   1.650029093018784 -0.01184572709117628   -1.422787015240832    1.882365666427183    4.743031843396104   -6.802408817675538

-2.99354516344335e-06  1.50801898804391e-06 -2.03835505590177e-05 3.242526877030691e-05  -0.03472076595023615    -0.127002037916761

cov:
 0.0676375799803562 0.06952779052977696 0.07167318766633178 0.07638508575540305 0.07811946397259235  0.0802378445767558
0.06952779052977696  0.0720297636276965 0.07487569155578425 0.08108940973969782 0.08337623254594549 0.08618542672417429
0.07167318766633178 0.07487569155578425 0.07855288546241478 0.08650760253031681 0.08943765972539237 0.09305405656911959
0.07638508575540305 0.08108940973969782 0.08650760253031681 0.09819136195272188  0.1024915774798924  0.1078231400955047
0.07811946397259235 0.08337623254594549 0.08943765972539237  0.1024915774798924  0.1073030646000627  0.1132597830905344
 0.0802378445767558 0.08618542672417429 0.09305405656911959  0.1078231400955047  0.1132597830905344  0.1200154997220035

cov.inverse():
 155014.4507480354 -114595.2596234522 -67348.89606245881 -43623.56148398518  8765.820658822167  61794.67136419218
 -114595.259623638   258047.072117839 -22218.68632510242 -289182.9809672151 -6588.866926002692  174555.6970319943
 -67348.8960625981 -22218.68632542863  148094.6564616187 -48870.01486486814  6674.116618703741 -16235.75178951102
-43623.56148321461 -289182.9809670265 -48870.01486639089   1110234.18604573 -106834.5600854415 -621900.5458608783
 8765.820658913215 -6588.866926138501  6674.116619000931 -106834.5600860159   146727.648498992 -48790.72944845058
 61794.67136365462   174555.697032082 -16235.75178875076  -621900.545860866 -48790.72944877293   450697.379374452

cov*(cov_.inverse()):
     1.000000000002728 -1.818989403545856e-12 -2.273736754432321e-13  2.182787284255028e-11                      0  7.275957614183426e-12
-9.094947017729282e-13      0.999999999996362  2.728484105318785e-12  2.182787284255028e-11 -9.094947017729282e-13                      0
-2.728484105318785e-12 -1.818989403545856e-12      1.000000000001819   2.91038304567337e-11  9.094947017729282e-13                      0
-9.094947017729282e-13                      0  2.046363078989089e-12      1.000000000029104  2.728484105318785e-12  7.275957614183426e-12
 9.094947017729282e-13 -3.637978807091713e-12  2.046363078989089e-12   2.91038304567337e-11     0.9999999999990905                      0
-9.094947017729282e-13                      0  4.547473508864641e-13  1.455191522836685e-11  9.094947017729282e-13                      1
