6
1

0.0005137347827603377
0.0006710831898285038
 0.001018578245389043
 0.001334320751183829
  0.05867819299389121
   0.5994233296140907

 0.06018152134203222  -0.5874352973646993   0.7853993438960563  -0.1305057089578983  -0.1318941421631373 0.004245197180014228
 0.05302529024386026   -0.400810666171577   -0.175461430615322   0.8591655481744604 -0.09342152079372312  -0.2426095528348848
 -0.3310138161214955   0.3378829817346738   0.1868247948548225   0.2286909728995933   -0.758870290961474    0.336419025366446
  0.6634499419732542  -0.2855122705778546  -0.3494793140254993  -0.1513634296001704  -0.3419800868510611   0.4651019880525615
 -0.5414756644713699  -0.3782746801638744  -0.1844214885011351  0.03827050970090923   0.3226134020806443    0.651273403876144
  0.3881167812671489   0.3943306755042356   0.4016348797711863   0.4100338278003655   0.4206690494996978   0.4329756536559388

0.3812043821960778
0.3804553267485545
0.3795369343568106
0.3785296235596142
0.3772466861952526
0.3757477258223073

0.02072731156119375

 3.545566109286533  5.328457149131237 -2.700169372369447 -1.039399990584361 -7.101808202993952  1.965291171054719

-1.044286916163541e-06 -9.818928705478591e-07   6.15769283914247e-06  9.391110049503017e-06   -0.01545436632703606   -0.06107926174481997

cov:
0.05513469043556887  0.0556956013080433 0.05635278800938875 0.05710910071105243 0.05806219107933643 0.05916622274582321
 0.0556956013080433 0.05636436319690025 0.05714651098604318 0.05804635105599915 0.05918279696518119 0.06049839073925062
0.05635278800938875 0.05714651098604318 0.05807776921777515 0.05914803442853924 0.06050225939146574  0.0620692899832065
0.05710910071105243 0.05804635105599915 0.05914803442853924 0.06041517204297959 0.06201896052041635 0.06387536250822938
0.05806219107933643 0.05918279696518119 0.06050225939146574 0.06201896052041635 0.06394325494476172 0.06616712015139303
0.05916622274582321 0.06049839073925062  0.0620692899832065 0.06387536250822938 0.06616712015139303 0.06881974077026921

cov.inverse():
 372888.4192213491 -395277.0683687391 -31373.56069423829 -57972.16108645976  73556.59762685614  38281.55177828043
-395277.0683671846  1820085.872682374 -1475058.693478067 -375427.2517098678  184376.5707376842  241377.1900322338
-31373.56069851533 -1475058.693461975  2507852.302501435 -652214.8828749885 -425640.9734585017  76405.69307918393
 -57972.1610838035 -375427.2517234971 -652214.8828639427   1766894.37767379 -251202.4736335014 -430318.7027508692
 73556.59762790884  184376.5707278349 -425640.9734442278 -251202.4736384681  706078.8727391518 -287139.6371213406
 38281.55177729314  241377.1900411773  76405.69306567694 -430318.7027458292   -287139.63712083  361474.9521823711

cov*(cov_.inverse()):
     1.000000000008185 -3.637978807091713e-12 -5.456968210637569e-12                      0                      0                      0
 5.002220859751105e-12      1.000000000009095  1.455191522836685e-11  1.818989403545856e-11 -3.637978807091713e-12                      0
 2.273736754432321e-12 -9.094947017729282e-12      1.000000000008185                      0 -7.275957614183426e-12  3.637978807091713e-12
 1.364242052659392e-12 -3.637978807091713e-12 -1.637090463191271e-11      0.999999999996362                      0                      0
 4.547473508864641e-12 -5.456968210637569e-12 -9.094947017729282e-12                      0                      1                      0
 9.094947017729282e-13 -3.637978807091713e-12 -9.094947017729282e-13 -1.091393642127514e-11 -3.637978807091713e-12                      1
