5
1

0.001785753733544746
 0.00253906893353179
0.004300757995803462
 0.08961823854189094
  0.5560191462786632

 -0.4463547756925774   0.8128493667697971  -0.3736788194354111  0.01705487408678791 -0.01079779299716037
 -0.2493523894472772   -0.124440280632668  0.07886166029785663   0.8079280690417452  -0.5131969175886951
  0.4852547581126255  -0.1080339770017666  -0.8049585754855407   0.2956708669449848   0.1322002637460634
  -0.578943448178856  -0.3630924404530398  -0.1084392839814555   0.2139676227730349   0.6895267519038533
  0.4098086183002941    0.424597530606385   0.4409394424207259   0.4623396601733597   0.4935466341879414

0.4001534144713553
0.4004212452987796
0.4002290024583283
0.4002209674969898
0.4001231485654455

0.0004761429714528625

  5.311654027050909 0.08956327930928284  -5.197039046301496   0.536029738860771 -0.7413110526451018

-1.080758298242149e-06 -6.008187338783167e-06  0.0001259930648588817   -0.02361693524687029   -0.06023414202660819

cov:
0.05461816481589732 0.05548088089649752 0.05636235975526878 0.05758270853294296 0.05932595460042198
0.05548088089649752  0.0567970784774762 0.05819778597276438 0.06006497875314511 0.06277594987381015
0.05636235975526878 0.05819778597276438 0.06021562016089759 0.06283561668565529 0.06667736059084867
0.05758270853294296 0.06006497875314511 0.06283561668565529 0.06645835439102243 0.07172839965916014
0.05932595460042198 0.06277594987381015 0.06667736059084867 0.07172839965916014 0.07912763416929566

cov.inverse():
 84893.93967121026  -111769.492911017  28144.23608918591 -25894.17159235225  24780.04308797264
-111769.4929110575  210243.9213445037 -92065.22874862717 -12983.70182078438   6350.96206579773
 28144.23608919888  -92065.2287486501  79786.00752439155 -4985.146387095084 -10774.30556076347
-25894.17159228474 -12983.70182085341 -4985.146387111365  106074.2882754911 -62239.72103367922
  24780.0430879327   6350.96206584914 -10774.30556075709 -62239.72103369711  41893.96649153405

cov*(cov_.inverse()):
    0.9999999999988631  6.821210263296962e-13  4.547473508864641e-13 -1.364242052659392e-12                      0
 2.273736754432321e-13                      1  1.023181539494544e-12                      0 -4.547473508864641e-13
-4.547473508864641e-13  2.103206497849897e-12      1.000000000000341 -9.094947017729282e-13 -4.547473508864641e-13
                     0 -4.547473508864641e-13  2.273736754432321e-13      0.999999999998181  4.547473508864641e-13
-9.094947017729282e-13                      0 -5.684341886080801e-13                      0     0.9999999999995453
