5
1

0.001413188989365818
0.002127565414676232
0.003603477730564578
 0.07815079978008367
  0.5520170314657037

-0.02440089901100195    0.050171866527587   0.2818604476725666   -0.813438945172285   0.5057263592610272
 -0.6343516523637599   0.4034176203936056   0.5589377332279487  0.02040864850450929  -0.3493197706107548
  0.2094736694108988   -0.716251439671366   0.6370355883208162  0.05523310826839943  -0.1850395091757221
 -0.6181142882038563  -0.3725383765081239 -0.07173770398722402   0.3421460278426247   0.5974442921353317
  0.4135916897286456   0.4277102296678036   0.4440525413182731   0.4666754428141093    0.480663338780853

0.3996202081474892
0.3998388703775778
0.3996594925674431
0.3995838623524024
0.3995064616280387

0.001048998242913122

 6.677420227009557 -7.566411267154979  4.383328225354322 -1.395614020998212  -2.09434429996858

  1.53579726748163e-06 -1.871783328452758e-05  0.0001288245049318517   -0.02047150997328947   -0.05669406244282135

cov:
0.05446117364617795 0.05530795435796445 0.05623524102036365 0.05752396272757926 0.05832342012084318
0.05530795435796445  0.0565998213130312  0.0580330751601041 0.06004419715309789 0.06128809505512535
0.05623524102036365  0.0580330751601041 0.06012432627876731  0.0629973661778994  0.0647760723003722
0.05752396272757926 0.06004419715309789  0.0629973661778994 0.06708068721629441 0.06960099945639441
0.05832342012084318 0.06128809505512535  0.0647760723003722 0.06960099945639441 0.07258385076967155

cov.inverse():
 92638.93569641613 -68664.44790326376 -71489.26548220776  7935.656438991875  39730.02015370638
-68664.44790327309  76745.68974915013  21761.42013093525 -21683.45375017997 -8256.395199692734
-71489.26548231579  21761.42013099181  140051.9734644545 -109578.0038562138  19157.21324335778
 7935.656439310694   -21683.453750373 -109578.0038565136  331668.1946552046 -208314.9629717139
 39730.02015350494  -8256.39519956567  19157.21324360623 -208314.9629718882  157718.6736445281

cov*(cov_.inverse()):
     1.000000000001819 -7.958078640513122e-13 -4.547473508864641e-13  1.818989403545856e-12                      0
 4.547473508864641e-13      1.000000000000512  6.821210263296962e-13  3.637978807091713e-12 -1.818989403545856e-12
 9.094947017729282e-13  3.410605131648481e-13      1.000000000000909  1.818989403545856e-12 -1.818989403545856e-12
 2.273736754432321e-12 -9.094947017729282e-13  9.094947017729282e-13      0.999999999998181                      0
 1.364242052659392e-12 -9.094947017729282e-13  2.273736754432321e-13                      0                      1
