5
1

0.0007742181447962467
 0.001365750244670005
 0.001859949162650484
    0.112215056589453
   0.6593740622484879

0.004091229004148013   0.2073845774663891   0.1665500279465147  -0.8438346053598931   0.4660248339546423
 -0.1292791234619247  -0.2983397065337235   0.8732867943866504 -0.09498140756718162   -0.350184286781595
  0.6647209017875286  -0.7123504920084802 -0.07376103808249997 -0.07684281737268195    0.198386970190262
 -0.6303337930917622  -0.4477292662693397  0.01614206808732081   0.2187352525467661   0.5950732193130833
  0.3795992651408561   0.4001004088921362   0.4515861001401177   0.4745226672406723   0.5164516367908082

0.3645764830836421
0.3576817948101872
0.3401903531188706
0.3324500057588231
0.3185223691524512

0.09197787996787241

0.8566837547568076 0.1292828886271781 -1.403024427700457  5.751141017168274 -5.293966500176093

-4.509682803544188e-06 -1.248834984637068e-07 -3.152694143100492e-06   -0.03164233937887797    -0.1137780301945867

cov:
0.06765375235097587 0.06958474759370492 0.07440124284475859 0.07657887353222839 0.08051241843311351
0.06958474759370492 0.07212499546905078 0.07846360898739387 0.08131172061586002 0.08648327284797493
0.07440124284475859 0.07846360898739387 0.08866823482800371 0.09321105640832304  0.1015194459119601
0.07657887353222839 0.08131172061586002 0.09321105640832304 0.09850180238100413  0.1081880566842307
0.08051241843311351 0.08648327284797493  0.1015194459119601  0.1081880566842307  0.1204235119607667

cov.inverse():
 136745.1164128554  -114761.451684203 -73562.82854283067 -13952.26019485471  65541.94682437305
-114761.4516838863  266169.5714301427 -66865.86671867485 -260941.4667338895  176372.8854630799
-73562.82854331026   -66865.866719411  456706.7359249934 -277292.8986562694 -38691.23755841462
-13952.26019499594 -260941.4667317258 -277292.8986598688  1194469.870520327 -642618.2818998154
  65541.9468246763  176372.8854619687 -38691.23755602989 -642618.2819013906  439468.0924119474

cov*(cov_.inverse()):
     1.000000000000909 -1.818989403545856e-12 -4.092726157978177e-12                      0  7.275957614183426e-12
 1.818989403545856e-12                      1 -4.092726157978177e-12                      0  7.275957614183426e-12
                     0 -3.637978807091713e-12     0.9999999999918145  7.275957614183426e-12 -7.275957614183426e-12
 2.728484105318785e-12                      0 -9.094947017729282e-13      1.000000000014552                      0
 2.728484105318785e-12                      0                      0  1.455191522836685e-11      1.000000000007276
