5
1

0.0007959561566424776
  0.00184314043770298
 0.002191178583145756
   0.1184975858681802
   0.6725542048482214

 0.03609867556248519   0.2477549447105511  -0.8268892329463952  0.04127388895670894   0.5018615700786596
  0.6407995442521845  -0.7345721960789774  -0.1388025117786114    0.157823357851741  0.07486843977438119
  0.1184870672144661 -0.06709916439707966   0.2529183770839687  -0.8119878758438495   0.5081008768501908
 -0.6618673080964521  -0.4925461456451389   0.1254796954935452   0.2801066686558428   0.4744734566618515
  0.3687347435283216   0.3897655355037316   0.4661278791419033   0.4853907677983888   0.5091543175416994

0.3645764830836421
0.3576817948101872
0.3324500057588231
0.3253217745482562
0.3185223691524512

0.09197787996787241

  1.012234804950948 -0.2862523156355798   1.640675221659569   4.657709581756859  -6.985309910308984

-2.980488702531625e-06    2.8648267955758e-06 -3.253885882013812e-05   -0.03275628355321992    -0.1218358334174315

cov:
0.06765375235097587 0.06958474759370492 0.07657887353222839 0.07835471945430869 0.08051241843311351
0.06958474759370492 0.07212499546905078 0.08131172061586002 0.08363812453519182 0.08648327284797493
0.07657887353222839 0.08131172061586002 0.09850180238100413  0.1028338085416161  0.1081880566842307
0.07835471945430869 0.08363812453519182  0.1028338085416161  0.1076756061302725  0.1136523437705356
0.08051241843311351 0.08648327284797493  0.1081880566842307  0.1136523437705356  0.1204235119607667

cov.inverse():
 125884.9244865758 -126076.2129859679 -67061.04861580132  12070.28774517193  55234.82699553314
-126076.2129856123  256679.6983816823 -296889.0117762397 -6647.307956104015  172952.3367115828
-67061.04861672784 -296889.0117751786  1098231.831397457 -103088.5383893683 -631306.3933136289
 12070.28774506664 -6647.307955930175 -103088.5383895076  147350.1314798057 -49746.64976247628
 55234.82699620959  172952.3367107031 -631306.3933133548 -49746.64976254691  452985.1412594076

cov*(cov_.inverse()):
    0.9999999999990905  1.818989403545856e-12                      0                      0                      0
 9.094947017729282e-13      0.999999999998181 -7.275957614183426e-12 -9.094947017729282e-13                      0
 1.818989403545856e-12 -7.275957614183426e-12                      1 -9.094947017729282e-13 -1.455191522836685e-11
-9.094947017729282e-13                      0                      0     0.9999999999990905                      0
 9.094947017729282e-13  3.637978807091713e-12                      0  9.094947017729282e-13                      1
