6
1

0.0007855822132561821
0.0008681235029034266
 0.001297172848729172
 0.001386526682459209
   0.1009827512558411
   0.6978144975269255

 0.008881008443855988   -0.2123076945522324    0.4931490152396962  -0.09946302523220583   -0.6797209241602893    0.4896296469387798
-0.007867681222052596     0.428706481927485   -0.5755824495865758    0.4618123138351108   -0.4885849970118548    0.1812947411224356
 -0.03248384951836665     0.534915557800195   -0.1593154618100644   -0.7533388670187929   0.07124806984723013    0.3388701715316743
    0.636659911116025   -0.4979290217732996   -0.4537246338281063   -0.1224086353379615   0.09816788140891174    0.3409457384475641
  -0.6903890309681596   -0.3034448056768485   -0.2047870103264831    0.1252752806699947    0.3017743680747096    0.5315871058013827
   0.3418057493639586    0.3807748421235388    0.3902867063882308    0.4226573965855943    0.4398672257959756    0.4623128647422691

0.4030541539572878
0.4010504504832932
0.4004814355305212
0.3990400984236532
 0.398197584267276
0.3970949324017757

0.01228663841490212

   1.086685469902342 -0.02843980759998577    0.542583769967997    1.888528078885442   0.1117663908086216   -3.598259058941418

-1.075278707084529e-06 -1.264989803539961e-07   -4.6627037835332e-06 -1.897819789890977e-06   -0.02544478011856417    -0.1187120031140873

cov:
0.06175165745771651 0.06551208880868445 0.06640077545668525 0.06946527985861539 0.07108732368745321 0.07320553496408548
0.06551208880868445 0.07154201207630571 0.07299929890561015 0.07797957858937991 0.08062470792608943 0.08407544125158349
0.06640077545668525 0.07299929890561015 0.07460178043743375 0.08006373606879373 0.08296566878810561  0.0867512813398926
0.06946527985861539 0.07797957858937991 0.08006373606879373 0.08714870408057389 0.09091475983099707 0.09582766781505747
0.07108732368745321 0.08062470792608943 0.08296566878810561 0.09091475983099707 0.09514483655680947  0.1006590491207999
0.07320553496408548 0.08407544125158349  0.0867512813398926 0.09582766781505747  0.1006590491207999  0.1069585742925864

cov.inverse():
 211726.7109948194 -182735.7139016585 -134064.7073869914 -32255.45140003349  26433.72537835703  111486.8525685848
-182735.7139022787  615932.6891882905  -430194.313243113  89134.04128437892 -46879.24155292441  -45908.6752606071
-134064.7073846092 -430194.3132450765  955837.4739926296 -331968.8398236183 -199926.5850017935  140233.2581503522
-32255.45140317494  89134.04128833622 -331968.8398226413  644089.9546609609 -227989.3897356857 -141236.2421114662
 26433.72537853323 -46879.24155692269 -199926.5849980075 -227989.3897348601  1073437.979673061 -625039.8336630799
  111486.852569789 -45908.67525922113  140233.2581459999   -141236.24211049 -625039.8336622915  560816.9146179963

cov*(cov_.inverse()):
    0.9999999999990905  9.094947017729282e-12 -3.637978807091713e-12  9.094947017729282e-12  7.275957614183426e-12                      0
 1.818989403545856e-12      1.000000000002274  7.275957614183426e-12  1.818989403545856e-12                      0  7.275957614183426e-12
                     0  9.549694368615746e-12     0.9999999999909051                      0                      0  7.275957614183426e-12
-1.818989403545856e-12  8.185452315956354e-12  3.637978807091713e-12      0.999999999998181                      0  7.275957614183426e-12
 1.818989403545856e-12  9.094947017729282e-12 -1.818989403545856e-12  1.091393642127514e-11      1.000000000007276  7.275957614183426e-12
-1.818989403545856e-12  5.456968210637569e-12  1.818989403545856e-12  1.818989403545856e-12                      0                      1
