5
1

6.674249654530257e-18
1.523090331347877e-10
3.156233411797147e-10
8.263126348512975e-10
  0.07628528384794438

                   0    -0.45679633181387   0.8367029111077613  -0.1949185739862407  -0.2308074940298967
 -0.9840491734805202  0.04942172975763155  0.08126254498218605  0.09699854108802713   0.1148581673625384
                   0  -0.1243833045341852 -0.04446496200373741   0.7975754777089451  -0.5885788121097381
                   0   0.8358748154221887    0.298811340044645  -0.1690567789285755  -0.4283046596780616
  0.1778966671197208   0.2733801206474861   0.4495100527702864   0.5365549323206409   0.6353468363998578

  0.002573478501290083
-0.0004313616082072258
 -0.006755121983587742
  -0.01008721254765987
  -0.01213677600026131

0.04947400279816738

    3.603237177399434     -7439988382344707 1.362764870154924e+16     -3174701338345550     -3759235691148744

 7.255286136906599e-19 -9.069107671133249e-20 -7.255286136906599e-19  -1.08829292053599e-18  -0.007976365830299278

cov:
0.0001841692656549476 0.0002830194453863782 0.0004653596813452786 0.0005554737447809001 0.0006577490303244955
0.0002830194453863782 0.0004349260240679104  0.000715134734621147 0.0008536162134084157  0.001010786273724092
0.0004653596813452786  0.000715134734621147  0.001175872815975262   0.00140357341355324  0.001662003038717934
0.0005554737447809001 0.0008536162134084157   0.00140357341355324  0.001675366842798873  0.001983839788365568
0.0006577490303244955  0.001010786273724092  0.001662003038717934  0.001983839788365568  0.002349109583264453

cov.inverse():
 nan  nan  nan  nan  nan
 nan  nan  nan  nan  nan
 nan  nan  nan  nan  nan
 nan  nan  nan  nan  nan
 inf  nan  nan  nan -inf

cov*(cov_.inverse()):
nan nan nan nan nan
nan nan nan nan nan
nan nan nan nan nan
nan nan nan nan nan
nan nan nan nan nan
