6
1

0.001288420820503695
0.001610754685232333
0.001837916113021884
0.002050814231733871
  0.1117677980056605
  0.6158334789186517

   0.2065379157483766  -0.02768629649897642   -0.1490744052532847    0.1360859978875282   -0.7545526112256413    0.5886283531349711
   0.1461269829439366    -0.140552430577442   -0.5847416902964238    0.7370195735500298   0.09514885578859564     -0.25439716623817
   0.5387054806145827   -0.7964040317502276    0.2343848102544027  -0.08783268114965827     0.113509884003223 -0.001307839989802654
   0.4250174795573997    0.2024753868542508   -0.6233152319494653   -0.5084267057423322     0.299524164967857    0.2040331857737576
  -0.5786357859405121   -0.4034664676353577   -0.1955452690959282   0.03723482196793113    0.3546338982674824    0.5805220501321894
   0.3610071587510583    0.3760819440879806    0.3926294785209762    0.4131392288637903    0.4395823371885853    0.4584339010844345

0.3984648115164511
0.3986999311325386
0.3983288485847443
 0.398046367225464
 0.397887905562866
0.3976844578054207

0.002027538871735054

  2.296074759060904  0.7827584186519754 -0.1618993239870512  -2.072021894877746  0.9142979873105549  -1.757238821611009

  -2.5390626763727e-06 -1.745912986063809e-06  2.917322489581697e-06  9.269947223454057e-06    -0.0298032025835038   -0.07584556460869971

cov:
0.05361075680924859 0.05440548002897511 0.05516830478657241 0.05629394533708344 0.05762132452285736 0.05856948672791328
0.05440548002897511 0.05567623091379875 0.05698513953188027 0.05873766311403048 0.06090992004850728 0.06246049742318357
0.05516830478657241 0.05698513953188027 0.05894493478623404 0.06142768273469517 0.06458910163170936 0.06684476205037927
0.05629394533708344 0.05873766311403048 0.06142768273469517 0.06475193735134345 0.06903955246195562 0.07209822249675819
0.05762132452285736 0.06090992004850728 0.06458910163170936 0.06903955246195562 0.07485609769902569 0.07899765364064219
0.05856948672791328 0.06246049742318357 0.06684476205037927 0.07209822249675819 0.07899765364064219  0.0839147952019511

cov.inverse():
  162815.589943719 -117889.4349801119 -77080.92123405644  -6945.92508361991 -40166.82282634659  79291.57960281894
-117889.4349799892  205602.1023746148 -51097.44514185832 -45965.13829492159 -4923.176992403454  14076.59840719354
-77080.92123436221 -51097.44514142161  253816.7485734755 -109071.0077375733  9797.263330577493 -25863.05972837592
-6945.925083593033 -45965.13829510458 -109071.0077372873  284264.7439811082 -73986.38061081384 -48639.59987347949
-40166.82282589612 -4923.176992832921  9797.263330224016 -73986.38061049199  371621.1454171856  -262382.258134663
 79291.57960252419  14076.59840749253 -25863.05972817736 -48639.59987367188 -262382.2581346733  243591.4073307966

cov*(cov_.inverse()):
     1.000000000001819 -2.273736754432321e-13  9.094947017729282e-13  4.547473508864641e-13                      0  3.637978807091713e-12
                     0      1.000000000002046 -1.818989403545856e-12  9.094947017729282e-13                      0  1.818989403545856e-12
 9.094947017729282e-13  1.250555214937776e-12     0.9999999999997726                      0                      0  5.456968210637569e-12
 9.094947017729282e-13  5.684341886080801e-13 -1.364242052659392e-12                      1  3.637978807091713e-12 -3.637978807091713e-12
 9.094947017729282e-13  1.818989403545856e-12 -3.410605131648481e-12  2.273736754432321e-12      1.000000000003638                      0
 9.094947017729282e-13  6.821210263296962e-13                      0 -4.547473508864641e-13  3.637978807091713e-12                      1
