6
1

0.001019273550982594
0.001359520127330298
0.001659771961171157
0.002662094060364226
 0.08713285112003784
   0.636384732323345

  0.1263272003786827   0.0281059394968459   0.1050148977088959  -0.8094040744895997   0.5629586370360159 -0.01288344111097261
  0.2074830203174819  -0.1231068695981836   -0.735150102589305   0.3022759501400257   0.5272314625123102  -0.1789023658442814
 -0.4334615421861091   0.8361990590714262  -0.3209107787557585 -0.09339637147001355 -0.01823415551028595  0.02903670954390641
   0.528487782560228  0.05678178908467398  -0.4125663881771223  -0.2766285305219313   -0.429957811780917   0.5346759800563737
 -0.5799955512385647  -0.3648149803167783  -0.1197727013462823  0.01162761388438989   0.2031925034371574   0.6890190823442068
  0.3706874025349479   0.3853722187646769   0.4012305389164638   0.4100156907478628   0.4226359664439538   0.4542676859029545

0.4021245600425845
0.4023066108310122
0.4016081857812704
0.4015106262260589
0.4014080387993747
0.4008636710848469

0.003499506408593008

  3.311357597325223   0.836669841941216 -0.5719344737919914  0.2913020301130802  -3.900342384891578 0.03794948366548172

-2.130025261189269e-06 -1.793974542391444e-06 -1.397170603059035e-06  2.586783374970159e-05   -0.02217119806870518   -0.07748064178547268

cov:
 0.0582052649488838 0.05945884470677138 0.06075992300670462 0.06150068327426406 0.06255134215231761 0.06516391120779079
0.05945884470677138 0.06115752300003851 0.06295112136082842 0.06395859493754216 0.06539776196270489 0.06898956516012549
0.06075992300670462 0.06295112136082842 0.06530839126787197 0.06661431881741668 0.06849104988299934 0.07318722665000464
0.06150068327426406 0.06395859493754216 0.06661431881741668 0.06808572030006849 0.07019748633449951 0.07549102114315272
0.06255134215231761 0.06539776196270489 0.06849104988299934 0.07019748633449951 0.07265459669013527 0.07881422862890868
0.06516391120779079 0.06898956516012549 0.07318722665000464 0.07549102114315272 0.07881422862890868 0.08717889387286186

cov.inverse():
 146311.3386818701 -137711.3022838224 -50019.52258139534 -70421.34972515986  98428.22365017433  13602.47809733975
-137711.3022843783  263250.8676557199 -48901.95048077461 -72596.10754192523 -28875.93693191659  24632.46789933155
-50019.52258106432  -48901.9504825687  364420.5976657525 -175059.7834214785  -125647.279126739  35335.32267435637
-70421.34972408674 -72596.10754199866 -175059.7834252318  693993.2349197888 -334964.3960313145 -41074.76937438588
 98428.22364933358 -28875.93693028134 -125647.2791245321 -334964.3960349183  481657.0114236994 -90626.01007397327
 13602.47809733275  24632.46789900687   35335.3226744393  -41074.7693735348 -90626.01007457549  58185.26643535528

cov*(cov_.inverse()):
     1.000000000000114  9.094947017729282e-13  4.547473508864641e-13  4.547473508864641e-12  6.366462912410498e-12                      0
 1.023181539494544e-12      1.000000000001592  1.364242052659392e-12                      0  5.456968210637569e-12 -4.547473508864641e-13
  1.13686837721616e-12 -6.821210263296962e-13      1.000000000002728  5.456968210637569e-12  2.728484105318785e-12  9.094947017729282e-13
  1.13686837721616e-12  1.818989403545856e-12  4.547473508864641e-13      1.000000000001364  9.094947017729282e-12                      0
 -1.13686837721616e-12  1.818989403545856e-12  1.364242052659392e-12  4.547473508864641e-12      1.000000000010004 -9.094947017729282e-13
-2.273736754432321e-13  9.094947017729282e-13 -9.094947017729282e-13 -4.547473508864641e-13  1.818989403545856e-12                      1
