5
1

0.001021750190434255
0.001292193184766956
0.002805869225862592
 0.09184919591722365
  0.5845634193365326

-0.007457215493716978   -0.3245708410261443   0.01607304501314458    0.8077464811171603   -0.4918185016441655
  -0.1291829302780217    0.6794419588572461   -0.6790371279527013    0.2260505524520117  -0.09736591635114647
   0.4184506131445971   -0.4708908367625951   -0.5789472915152235    0.1310917086277247    0.5007952693348687
  -0.8150546877713405   -0.1432428147839679   0.01993640770938693    0.2425532377228854    0.5059029733778209
    0.379263893302194    0.4367558924222981    0.4506360054196555    0.4694993725003205    0.4918340365538829

0.3992154351902761
0.3993047111698002
0.3992978540232517
0.3992352871485123
0.3991950979318794

0.0005487221930101192

  1.898391970952957 -0.7462606424608309   2.812638278175632  -2.260075210939263   -1.70321967882674

-7.460520963800108e-07 -5.021348967404098e-06 -1.284716077388159e-05   -0.02357243112029858   -0.08107906147458251

cov:
0.05475831732287566 0.05758677914184474 0.05826355075084438 0.05917966062510863 0.06026472992196845
0.05758677914184474 0.06535969743854883  0.0672327980049378 0.06977718395142407 0.07279099977509476
0.05826355075084438  0.0672327980049378 0.06939966353914297 0.07233760337370164 0.07581984399253731
0.05917966062510863 0.06977718395142407 0.07233760337370164 0.07582121264063324 0.07994250948404569
0.06026472992196845 0.07279099977509476 0.07581984399253731 0.07994250948404569 0.08482236171464955

cov.inverse():
 32367.76425132811 -75261.14842660919  21646.68065696297 -16313.74228670212  37615.23671377745
-75261.14842658695  405547.7996535481 -246675.5333620988 -166990.2714013821  83325.72518423227
 21646.68065677162 -246675.5333605341  318963.7783535839 -89130.00812720446 -4801.564774939872
-16313.74228640344 -166990.2714041589 -89130.00812430655  657765.0742531423 -385358.7029862453
 37615.23671364799  83325.72518546683 -4801.564776464538 -385358.7029858257   269261.080145062

cov*(cov_.inverse()):
     1.000000000000455 -2.728484105318785e-12  1.591615728102624e-12                      0 -3.637978807091713e-12
                     0     0.9999999999972715 -3.012701199622825e-12  7.275957614183426e-12 -3.637978807091713e-12
-4.547473508864641e-13  9.094947017729282e-13      1.000000000002331 -3.637978807091713e-12                      0
 4.547473508864641e-13 -7.275957614183426e-12  2.728484105318785e-12                      1 -3.637978807091713e-12
                     0 -9.094947017729282e-13  2.273736754432321e-13                      0                      1
