6
1

0.001020026975317954
0.001242989567379629
0.001851550560440767
0.003003794906728276
  0.1054535284059777
  0.6290643313839807

1.348843645652353e-05   0.01101479109936086     0.315800958141245 -0.007478363749374487   -0.8112425778658678    0.4919125765472402
   0.0310162810476207   -0.1868009409909736    0.6725424599286827   -0.6757710361790853    0.2253342714961409  -0.06624206442048004
   -0.669091584172677    0.6965765575825652     0.190121418953583  -0.02416356881304294  -0.02120247292298394   -0.1729681316166768
     0.13241203585015    0.3651439778254861   -0.4949920322992936   -0.5978195614618922    0.1113157691731554    0.4840871694714851
   -0.637877211604431    -0.456274579257677  -0.04260423967712167    0.1019800740946802     0.299015380117762    0.5322601966530977
   0.3562782028066114    0.3718179205328306    0.4061748480728141    0.4182170956578044    0.4345791102609675    0.4539545426503582

 0.399188783536959
0.3994428122109805
0.3992948756021553
0.3992902592323606
0.3992288413851641
0.3991947304848413

0.0004963651346470808

   1.916515402038688 -0.02071926271255266  -0.7346721764202899    2.790546737047676   -2.251655512978243   -1.698499583271422

 7.679018506759183e-07 -4.189203920277238e-06 -3.984767530900221e-06 -1.922979887503333e-05   -0.02751744367592178   -0.08144202294745606

cov:
0.05475709366356193 0.05565693387133597 0.05756663061317528 0.05823913036142229 0.05914918103135912 0.06022712923870033
0.05565693387133597 0.05702603705561115 0.05997795373026393 0.06101572540540803  0.0624254965532352 0.06409381592423569
0.05756663061317528 0.05997795373026393 0.06530873813008339 0.06717462767735623 0.06970868784450451 0.07271080069481124
0.05823913036142229 0.06101572540540803 0.06717462767735623 0.06933354221357971 0.07226010837939287 0.07572950811835275
0.05914918103135912  0.0624254965532352 0.06970868784450451 0.07226010837939287 0.07573080762935779 0.07983761494477887
0.06022712923870033 0.06409381592423569 0.07271080069481124 0.07572950811835275 0.07983761494477887 0.08470119748206545

cov.inverse():
 133189.7582244752 -134316.0461889264 -30862.09962452149 -17628.81010909821  10267.99132166263  39508.86662088417
-134316.0461889723  179033.7699439335 -59369.87825659602  52518.13899642626   -35647.355377226 -2359.225656634639
-30862.09962429433 -59369.87825681482  426307.2222594868 -264973.8107315045 -155426.1656335548  84320.28313729785
-17628.81010956774  52518.13899705402 -264973.8107325442  335407.5788257745   -99949.882286935 -5411.825673288692
 10267.99132216341 -35647.35537807507 -155426.1656314259 -99949.88228919053  666902.5781784413 -386148.3951460866
 39508.86662067154  -2359.22565624048    84320.283136217 -5411.825671914084 -386148.3951465621  270134.4646456284

cov*(cov_.inverse()):
    0.9999999999995453  5.115907697472721e-13                      0  4.774847184307873e-12  7.275957614183426e-12 -5.456968210637569e-12
-4.547473508864641e-13     0.9999999999979821 -9.094947017729282e-13 -6.821210263296962e-13  1.455191522836685e-11                      0
-4.547473508864641e-13 -6.536993168992922e-13      1.000000000004547  4.547473508864641e-12  7.275957614183426e-12 -3.637978807091713e-12
-4.547473508864641e-13 -6.536993168992922e-13  5.456968210637569e-12      1.000000000000512  7.275957614183426e-12                      0
-4.547473508864641e-13 -1.591615728102624e-12  9.094947017729282e-12 -1.989519660128281e-12                      1                      0
 4.547473508864641e-13 -5.400124791776761e-13                      0 -1.193711796076968e-12  3.637978807091713e-12                      1
