5
1

0.000895897417827291
0.001260973924800324
0.002409187815567908
 0.08474808083827348
  0.5921958244020193

 0.09202404766820207  0.04617852017031845  -0.5081340182792869   0.7606505210180313  -0.3906529447834511
 0.02023076228897017  -0.6512781868942497   0.6277728001486511   0.3025792366087271  -0.2996240252378763
  0.5796718263935798  -0.5740340418005798  -0.3762145489017846 -0.06338010081450389   0.4346390094722186
 -0.7065329059444775  -0.2431868063374259  -0.1107841017023871    0.319935412737558   0.5718738012249726
  0.3948596173466608   0.4301736435767671    0.440330133951208    0.472737649172846   0.4915943522354375

0.4022319233689375
0.4017314894001031
0.4016315104431469
0.4012672396573494
0.4009999046688563

0.003401363228779318

   4.12855607571854  -1.200126117782583 -0.9432815892549656  -2.827344012442628  0.8473716053390759

 -1.34667959501584e-06 -1.329946386973397e-06  2.312675126032515e-05   -0.02111996558309326   -0.07766045818939231

cov:
0.05826569062095568 0.06080067285900344 0.06153588940870158 0.06383899628456365  0.0651733035655242
0.06080067285900344 0.06532339704986792 0.06662234441278587 0.07075838226628794 0.07316198663435877
0.06153588940870158 0.06662234441278587  0.0680864506386485 0.07274664389185524 0.07545685232663475
0.06383899628456365 0.07075838226628794 0.07274664389185524 0.07910962635816091 0.08281356677089602
 0.0651733035655242 0.07316198663435877 0.07545685232663475 0.08281356677089602 0.08710116385067783

cov.inverse():
 68770.76917204696  -60297.0568104189 -87833.31160686405  84699.74414690744 -5249.395359659336
-60297.05681047386  326197.6506940945 -249155.4002861065 -73913.65634579929  57244.07996166503
-87833.31160708731 -249155.4002862789  593931.6458485958 -357990.3635381503  100840.6448219927
 84699.74414768939  -73913.6563456084 -357990.3635398417  779150.9448555171 -431956.7424440078
-5249.395360163081  57244.07996159214  100840.6448232885 -431956.7424447277  279190.1926088859

cov*(cov_.inverse()):
     1.000000000000227  3.183231456205249e-12 -2.728484105318785e-12 -7.275957614183426e-12                      0
 1.591615728102624e-12      1.000000000001819 -9.094947017729282e-13                      0 -7.275957614183426e-12
 4.547473508864641e-13  1.818989403545856e-12      0.999999999998181  3.637978807091713e-12 -7.275957614183426e-12
-1.250555214937776e-12  4.547473508864641e-12  1.818989403545856e-12      0.999999999992724                      0
 -1.70530256582424e-13  9.094947017729282e-13                      0                      0      0.999999999996362
