6
1

0.0009546029207430669
 0.001071005624061612
 0.001341955592989746
 0.002730972554234355
  0.06931003850606277
   0.6190622238499103

 -0.0112845869598805   0.5294893153344717  -0.6182828425186617    0.210609389893682  -0.4340032093175074   0.3233031841500107
 0.04657188436603418  -0.1179035091766318  -0.4942257532801476    0.544905152401497   0.4807782571149405  -0.4600014883420761
 -0.1712749409740855  -0.2952253287883463    0.340209530832787   0.6957674902286048  -0.5312345633368243 -0.03823366610715108
  0.6869715520041194   -0.581473524706025   -0.261006770084807 -0.03332895280606451   -0.132268592459915   0.3212916013941609
 -0.5940469848562426  -0.3572980367187358  -0.1717205795543294  0.06226283713237867   0.3169712677820665   0.6209757562180065
  0.3788758092018063   0.3909072597626834   0.4001402442890132   0.4118764126931511    0.424638146370836   0.4399689599058057

0.3998447563932494
0.3997021534130756
0.3996387678911368
0.3996107456832553
0.3995550728962902
0.3994761365170554

0.0009689508557089476

 1.813489685346299  5.376122239750972 -1.534286557824841 -8.407400119721457  7.121814102786239 -4.373345348109185

-2.278828608987702e-06   1.21977733559223e-06 -2.140392692109104e-05 -2.645203251516809e-05    -0.0178536589817598   -0.07205997187826475

cov:
  0.056711449697337 0.05777631878937702 0.05858879409476879 0.05962625935168145 0.06075226356713253 0.06211285851488401
0.05777631878937702  0.0591782467711446 0.06024068617734727    0.06159635758258 0.06307179275753902 0.06484497502929304
0.05858879409476879 0.06024068617734727 0.06150409271849595 0.06310952164551921 0.06485624522660446 0.06695595434281325
0.05962625935168145    0.06159635758258 0.06310952164551921 0.06503321988421329 0.06712212506264756 0.06963303454469989
0.06075226356713253 0.06307179275753902 0.06485624522660446 0.06712212506264756 0.06958827116880013  0.0725443371991423
0.06211285851488401 0.06484497502929304 0.06695595434281325 0.06963303454469989  0.0725443371991423 0.07603795557140632

cov.inverse():
 81670.64815955552 -36780.22288999301 -68786.01496101102 -49734.51727267263  63197.42975116349  10473.69300520233
-36780.22289054073  413537.0537349424 -343861.7737591025 -45103.61338425211 -204216.6914513198  216310.1828959323
-68786.01496077485 -343861.7737622185  705853.8705664114 -245070.0629379394 -8426.272262658644 -39646.84301023132
-49734.51727241513 -45103.61338257846 -245070.0629407954   576495.745838738  -76562.9934296151 -160000.8945253209
 63197.42975183691 -204216.6914484595 -8426.272266493688 -76562.99343064761  567291.3610146524 -341161.4591193057
 10473.69300458262  216310.1828939676 -39646.84300642133 -160000.8945252133 -341161.4591206387  313910.2354369907

cov*(cov_.inverse()):
    0.9999999999998863  3.637978807091713e-12 -5.911715561524034e-12  3.637978807091713e-12                      0                      0
 5.684341886080801e-13      1.000000000005457 -3.183231456205249e-12  1.818989403545856e-12 -7.275957614183426e-12  3.637978807091713e-12
 7.958078640513122e-13  1.818989403545856e-12     0.9999999999995453  5.456968210637569e-12                      0  3.637978807091713e-12
 1.364242052659392e-12  3.637978807091713e-12 -4.092726157978177e-12      1.000000000009095  3.637978807091713e-12                      0
 4.547473508864641e-13  9.094947017729282e-12 -8.640199666842818e-12  5.456968210637569e-12      0.999999999992724  3.637978807091713e-12
-2.273736754432321e-13                      0 -1.364242052659392e-12 -1.818989403545856e-12                      0                      1
