5
1

0.0009736318342319488
 0.001520518220406986
 0.003078586130167305
  0.07695254083496041
   0.5738670605369656

 0.07896650328455125   0.3112089497993678   -0.845510743080942   0.4256100153073556  0.02968129256908363
 -0.0829504857118082   0.6268705544495492  -0.1235305937521413  -0.7084722537070421   0.2880273997709208
  0.6519767335423862   -0.496816838947178   -0.260597268397894  -0.3039559661458289   0.4096330086868559
 -0.6295650838496702  -0.2803398414144014 -0.07318110110936692   0.1269244454307494    0.709642226833792
  0.4067648613092627    0.429842877553149   0.4433794829329989   0.4565349235204129   0.4947402813003625

0.3998601302223051
0.3994943883063007
0.3993938254795296
0.3992713397659096
0.3988280269578384

0.002485168897609494

  1.538390463207305  -0.257551233947605 -0.3599462196028758   3.176522336561742  -4.097852076870051

 1.493981062089241e-06 -8.497363127532035e-06 -1.345251181547524e-05   -0.01998455697506129   -0.07301602267257899

cov:
0.05684020393622236 0.05862250904218558 0.05966504488186108 0.06068123833856678  0.0636308841346518
0.05862250904218558 0.06131613356354326 0.06288589658544889 0.06441568434487548 0.06885453774877302
0.05966504488186108 0.06288589658544889 0.06477323178418282 0.06660666498549714 0.07193097547619488
0.06068123833856678 0.06441568434487548 0.06660666498549714 0.06873655109676861 0.07491476373740932
 0.0636308841346518 0.06885453774877302 0.07193097547619488 0.07491476373740932  0.0835917139567447

cov.inverse():
 54471.53010421861 -30713.06548368641 -83918.62689409238  39950.73975676981  20242.56578834676
 -30713.0654836623  298194.7910977654  -297405.566028646 -36442.69554383686  66334.36678978604
-83918.62689399584 -297405.5660275097  767901.5402603353 -333402.5369099785 -53134.39778810586
 39950.73975659927  -36442.6955453072  -333402.536907828  417941.0533962945 -88057.07113019086
 20242.56578839661   66334.3667901444 -53134.39778902365 -88057.07112968132   54602.4122114822

cov*(cov_.inverse()):
     1.000000000000227 -9.094947017729282e-13 -7.275957614183426e-12  3.637978807091713e-12  4.547473508864641e-13
-2.273736754432321e-13     0.9999999999954525                      0  3.637978807091713e-12 -1.364242052659392e-12
-2.273736754432321e-13 -2.728484105318785e-12      1.000000000005912 -9.094947017729282e-13 -9.094947017729282e-13
 2.273736754432321e-13 -2.728484105318785e-12  6.366462912410498e-12     0.9999999999972715 -1.364242052659392e-12
 4.547473508864641e-13  9.094947017729282e-13  1.818989403545856e-12  1.818989403545856e-12                      1
