7
1

0.0007653071715025362
 0.001282792541882672
 0.001838876372122156
 0.002105099787177978
 0.002541248231466725
   0.1235012568052695
    0.785417341610163

 -0.01480516332481744   -0.1955228804803549   0.02380639572197862   -0.1903075169744629    0.8581633112145598  -0.05053401233546414   -0.4310103939998141
  0.01160231850370047    0.2997191974976402    0.1952286490318959   -0.8497887559481963   0.05678811924737406  -0.08672458381902438    0.3728707413993091
  -0.7195452975785694    0.5970551022690304    0.2042284306883549    0.1355080926173159   0.02095335692106375   0.01675655461485873   -0.2549279294860667
 -0.01781087108936584   -0.3067297298540013     0.528723417681027   -0.2185127483918766   -0.2681776635156201    0.6242004976638194   -0.3416984805178326
   0.1497844737229325    0.3489713805601516   -0.6760386611055715   -0.1790449816603287 -0.008524459146249205    0.5695613927110537   -0.2054881109544623
  -0.5986379575629007    -0.432984147956413   -0.2389841046885285  -0.01217252582208466    0.1716255375941055    0.3228889406497179    0.5130137986022877
   0.3174598213070968    0.3348506931553911    0.3548515918112584    0.3785849693659808    0.3980509350126542    0.4139573271383461     0.433639053075509

0.3677600594067082
0.3611088398980294
0.3536350237583264
0.3441937358300316
0.3367176790346914
 0.329828340946356
0.3232773179415522

0.08883763978624869

     1.656067835430918 -0.0006220988888201578     -1.403250700219041   -0.09466305859810041      1.935672855438634      4.740255144709469     -6.795120341524245

 2.524673047960609e-06 -4.952069824416488e-06   1.22022442980272e-06  1.777495211135077e-05  3.418265870154778e-05   -0.03474247202795218    -0.1370257173069818

cov:
 0.0676375799803562 0.06952779052977696 0.07167318766633178 0.07425073389842451 0.07638508575540305 0.07811946397259235  0.0802378445767558
0.06952779052977696  0.0720297636276965 0.07487569155578425    0.07828174110416 0.08108940973969782 0.08337623254594549 0.08618542672417429
0.07167318766633178 0.07487569155578425 0.07855288546241478 0.08291708331515382 0.08650760253031681 0.08943765972539237 0.09305405656911959
0.07425073389842451    0.07828174110416 0.08291708331515382 0.08841930769497276 0.09292971086743651 0.09661519951072381   0.101177509913973
0.07638508575540305 0.08108940973969782 0.08650760253031681 0.09292971086743651 0.09819136195272188  0.1024915774798924  0.1078231400955047
0.07811946397259235 0.08337623254594549 0.08943765972539237 0.09661519951072381  0.1024915774798924  0.1073030646000627  0.1132597830905344
 0.0802378445767558 0.08618542672417429 0.09305405656911959   0.101177509913973  0.1078231400955047  0.1132597830905344  0.1200154997220035

cov.inverse():
 157138.0691229235 -110648.2948983374 -60478.64757293309 -33289.73127523253 -24877.27281239009  7789.351711511824  64357.78343315542
-110648.2948983776  265382.9149067745 -9449.617850941719  -61872.4139000099 -254341.0616321413 -8403.735612354625  179319.5063127553
-60478.64757286294 -9449.617851350877  170321.0201376044 -107697.6582618823   11777.2572425554  3515.081836437181  -7943.67020411606
-33289.73127605421  -61872.4138992489 -107697.6582612574  521848.0973366635 -293865.8469338224  15307.07646899339 -40179.21158300812
-24877.27281119912  -254341.061632458  11777.25724054409 -293865.8469331645  1275717.468316332 -115454.3615441205 -599274.6167807343
 7789.351711561373 -8403.735612500504   3515.08183669635  15307.07646926639  -115454.361544868  147176.6423560696 -49969.28364327244
 64357.78343270437   179319.506312828 -7943.670203328458 -40179.21158337442  -599274.616780465 -49969.28364358453  453790.9406074737

cov*(cov_.inverse()):
     1.000000000002728  3.637978807091713e-12  9.094947017729282e-13  3.637978807091713e-12                      0 -1.364242052659392e-12                      0
 1.818989403545856e-12      0.999999999998181  2.728484105318785e-12 -5.911715561524034e-12  7.275957614183426e-12                      0  7.275957614183426e-12
 9.094947017729282e-13                      0      1.000000000001137                      0  1.455191522836685e-11 -9.094947017729282e-13  7.275957614183426e-12
-1.818989403545856e-12  3.637978807091713e-12  1.932676241267473e-12     0.9999999999940883  7.275957614183426e-12  1.818989403545856e-12  7.275957614183426e-12
 1.818989403545856e-12  3.637978807091713e-12  1.250555214937776e-12  9.094947017729282e-13      0.999999999992724                      0  7.275957614183426e-12
-9.094947017729282e-13  3.637978807091713e-12  1.932676241267473e-12  9.094947017729282e-13                      0     0.9999999999972715  7.275957614183426e-12
 1.818989403545856e-12                      0  3.410605131648481e-13  2.728484105318785e-12                      0 -1.818989403545856e-12                      1
