5
1

  0.0010198860173732
0.001243542484407062
 0.00296946529358892
 0.07702138028181711
    0.58837558505426

 -0.0105973306101907  -0.3186758094379735  0.01091313169621456   0.8101477396926079  -0.4918078572883212
 -0.1557212609294045   0.6803874748958219  -0.6745481543973725   0.2275561426959273 -0.07763222410759542
  0.4944923916082246  -0.4531298721134817  -0.5868892019840327   0.1041150689846629   0.4414427603267064
 -0.7591131241420817  -0.2055586236360664 -0.01208319725529098   0.2517016627335143   0.5639088457591073
  0.3935265237253031    0.433517685603719   0.4475273755808843   0.4665674304747513   0.4891148866261869

0.3994859107545097
0.3993314598645677
0.3993267104792635
0.3992643429287867
0.3992264193201827

0.0005175201303571034

 1.913391082217846 -0.289137143364211  3.046239209948941 -2.411563312371064 -2.259724982145993

-7.668779184983699e-07 -4.519896197907277e-06 -1.727612780178749e-05    -0.0196425777282579   -0.08291929926691671

cov:
0.05703211310898343 0.05998309970312371 0.06102015119159222 0.06242893027832856 0.06409624663337826
0.05998309970312371 0.06531462543002858 0.06718023627951826 0.06971397857277627 0.07271589506394405
0.06102015119159222 0.06718023627951826 0.06933896520732478 0.07226537961649607 0.07573478223087377
0.06242893027832856 0.06971397857277627 0.07226537961649607 0.07573621131472728  0.0798433375523698
0.06409624663337826 0.07271589506394405 0.07573478223087377  0.0798433375523698 0.08470761133692373

cov.inverse():
 43617.40222437763  -90652.3137834174  34905.05479843107 -25361.59238520264  37512.32945313965
-90652.31378319113  420284.3007454438 -269972.2472275753 -153442.5433277266  93814.21528304734
 34905.05479839165 -269972.2472279172  333419.2125184337 -97691.12842055492 -678.2756581001108
-25361.59238568761 -153442.5433261371 -97691.12842156496  665719.9930819042 -389237.6907612765
  37512.3294534378  93814.21528202581 -678.2756574712741 -389237.6907611819  258586.2225443131

cov*(cov_.inverse()):
                     1                      0  3.055333763768431e-13  3.637978807091713e-12 -3.637978807091713e-12
-4.547473508864641e-13      1.000000000003638 -6.750155989720952e-13                      0                      0
 4.547473508864641e-13 -9.094947017729282e-13     0.9999999999991545                      0 -3.637978807091713e-12
-4.547473508864641e-13                      0  2.650324404385174e-12      1.000000000007276 -3.637978807091713e-12
                     0 -9.094947017729282e-13 -3.055333763768431e-13                      0                      1
