5
1

0.001005309435755818
0.001226699102978659
 0.00272338770901343
 0.06498127867963649
  0.5607244484247046

 -0.0334842957844922  -0.3885897372247539   0.8225192782779771  -0.4137161149372398  0.01333533508111433
-0.09537689259352111   -0.462568706013466    0.172558656864229   0.7727804135600124  -0.3872562238821492
  0.7018920789604134  -0.5920417613470693  -0.2924360591599876 -0.07385014750989223   0.2566347001662727
 -0.5665935890238875   -0.312343322574258  -0.1124219613253477   0.1396113616801243   0.7411365083585388
   0.419644211999498   0.4323845626348812   0.4421854822549325   0.4546473711150672   0.4844688767624747

0.3998119540463763
0.3996657412860071
0.3996002149745483
0.3995689305975654
0.3994280928693219

0.00101386430988983

0.9895691174951752  7.947909127571218 -1.441861148389413 -7.373097052538865 -0.127676196787323

-1.272306691372425e-06 -1.454829122185342e-05 -2.282557203496414e-05   -0.01691161820474224   -0.06280825512280799

cov:
0.05672756655580023 0.05779358317052514   0.058609847513717 0.05965219243706034 0.06214961190988043
0.05779358317052514 0.05919634233191001 0.06026283883024835 0.06162369695728289 0.06488367963840903
  0.058609847513717 0.06026283883024835 0.06153106215865354 0.06314262994708419 0.06700245302937424
0.05965219243706034 0.06162369695728289 0.06314262994708419 0.06507368732755281 0.06968947009748522
0.06214961190988043 0.06488367963840903 0.06700245302937424 0.06968947009748522 0.07611574754447764

cov.inverse():
  73654.6643046337 -13792.14996729356 -65847.45984950333 -42280.37215091612  48291.12007815675
-13792.14996720337  338886.4294687513 -345947.1027941834 -72593.17350604208  93374.40376845771
-65847.45985017985  -345947.102795545  700732.4772332198 -245178.8888818363 -43692.57465684272
-42280.37215011476 -72593.17350391331 -245178.8888856933   566957.359452291 -206863.2383652631
 48291.12007794164  93374.40376778092 -43692.57465502426 -206863.2383661895  108846.7254239381

cov*(cov_.inverse()):
     1.000000000000455  3.637978807091713e-12                      0 -7.275957614183426e-12                      0
                     0                      1  5.456968210637569e-12  5.456968210637569e-12 -9.094947017729282e-13
                     0  9.094947017729282e-13      1.000000000000909                      0 -9.094947017729282e-13
 4.547473508864641e-13  3.637978807091713e-12 -4.547473508864641e-13                      1  9.094947017729282e-13
 9.094947017729282e-13 -9.094947017729282e-13  1.364242052659392e-12 -3.637978807091713e-12                      1
