5
1

0.0006051116472641814
0.0008801924567474411
 0.001317289631975307
  0.04614054007997813
   0.5570624734632317

  0.5917295601648315  -0.7971455930139308  0.05412461653112864  0.07138440193915502  0.07993637601712143
  -0.184246184991473  -0.1250525170036995   0.7851064453081336  -0.5701827367569314  0.09441783489960928
  0.2848551713762504   0.1846350332959951  -0.4213403166372839  -0.6183078740392229   0.5700308292514389
 -0.5932402553989078  -0.3536298637366881 -0.07139725599350119    0.280678688443037   0.6626717321104811
  0.4275897585977342   0.4356335564242793   0.4450316447552652   0.4568487283764263   0.4697089283872846

0.4000191766508337
0.4000274783384417
0.4000008352672204
0.4000220060634126
0.4000379083670032

5.875816846810558e-05

 5.765740207793835  3.789599877658683 -3.120041360137843 -8.087248826135687  1.647108307937974

-8.187871572009177e-08  6.050297927811275e-07  1.665148692272321e-05   -0.01216960460778023   -0.05997113806587221

cov:
0.05748602599200289 0.05825036823660534 0.05914069297120032 0.06026412611525959 0.06148857927343514
0.05825036823660534 0.05915774505605835 0.06021521499334549 0.06154770897752046 0.06299894414852822
0.05914069297120032 0.06021521499334549 0.06147121984184228 0.06304898200343335 0.06476646835951656
0.06026412611525959 0.06154770897752046 0.06304898200343335   0.064935467794415 0.06698533295842367
0.06148857927343514 0.06299894414852822 0.06476646835951656 0.06698533295842367 0.06939996624636836

cov.inverse():
 1047002.942159127 -1228071.502053098 -168390.0231846274  149381.6815151713  200117.2442207097
-1228071.502051101  1775308.712593687 -289376.6555300265 -129207.6006541359 -128721.7393897871
-168390.0231847785 -289376.6555290647  905922.9935014106 -417137.2781923047 -30934.68906091256
 149381.6815101556 -129207.6006494303 -417137.2781902371  653906.9495964688  -256930.836225793
  200117.244223879 -128721.7393934569 -30934.68906216915 -256930.8362240357  216419.9439823807

cov*(cov_.inverse()):
     0.999999999998181  8.185452315956354e-12 -3.865352482534945e-12 -5.456968210637569e-12 -3.637978807091713e-12
 5.456968210637569e-12      1.000000000010004 -1.364242052659392e-12 -9.094947017729282e-12 -1.818989403545856e-12
 7.275957614183426e-12  1.455191522836685e-11     0.9999999999979536                      0 -1.818989403545856e-12
 3.637978807091713e-12  7.275957614183426e-12 -1.818989403545856e-12      0.999999999992724 -5.456968210637569e-12
 9.094947017729282e-12 -3.637978807091713e-12                      0                      0      0.999999999998181
