7
1

0.001102003335046011
0.001591905087321908
 0.00180769524312287
0.001949467442892607
0.003038702085914779
  0.1131347032140922
  0.6688780301302303

 -0.05879680249689979 -0.003387200555468793   0.02856983506197137   -0.0816483034988653   -0.2351920959956769     0.835632059133406   -0.4852345017395719
  -0.2616060053394669    0.1706290236208297    0.6276183575473886   -0.7000454022193622   0.08588719172630767  -0.02379408176148924    0.1026493952250826
  -0.6332867851444669    0.6598839019104346   -0.1247938231471259    0.2740269566236271    0.1336676285085969  -0.09713271196697562   -0.2133893480555911
    0.227128914636402    0.4767442641741852   -0.5697547657257829   -0.4549390792240354   -0.1908839652103038    0.1492477608168978    0.3616983847868044
   0.1117759447445078   -0.1020726311421779   -0.2952301081259315   -0.2765447852727258    0.8417925684847267   0.04094592759343942   -0.3211824774174307
  -0.5943838042595714   -0.4224197981326103   -0.2181979599860711   0.01027146762852608    0.1463333826564862    0.3218131938877385    0.5436693516746012
   0.3311790592630147    0.3453767477181862    0.3609900330272287    0.3802987369120321    0.3911216664379582    0.4052196254279394     0.422983802066015

0.3985015292950701
0.3987165906285511
0.3983195573378964
 0.398009009319799
0.3979371821517967
0.3978127024520547
0.3975823943928404

0.002312565952300419

  2.175895084899038  0.7796497176824811 -0.1052906158163738  -2.059791163497033  0.7250053999926196 0.02211654347455373  -1.535644403104334

 7.62294766581715e-07 2.138270297381646e-06 -3.24271247341125e-06 4.455769766980387e-06 1.725570963621042e-05  -0.02998289197474806  -0.08432840435159394

cov:
0.05359414827218093 0.05438656423822966 0.05514650438180314 0.05626948479222568  0.0568391369180452 0.05759294137514277 0.05853726303269769
0.05438656423822966 0.05565426581439278 0.05695945906227097 0.05870825617556979 0.05964443394913625 0.06087490872766309 0.06242085939063833
0.05514650438180314 0.05695945906227097 0.05891458712684554 0.06139241083856214 0.06275806612259119 0.06454629387430678 0.06679644407447982
0.05626948479222568 0.05870825617556979 0.06139241083856214 0.06471020073897031 0.06656473717134484 0.06898784078747502 0.07203985072667067
 0.0568391369180452 0.05964443394913625 0.06275806612259119 0.06656473717134484 0.06872210606388866 0.07151083484291471 0.07503225360301533
0.05759294137514277 0.06087490872766309 0.06454629387430678 0.06898784078747502 0.07151083484291471 0.07479057977618622 0.07892363093369559
0.05853726303269769 0.06242085939063833 0.06679644407447982 0.07203985072667067 0.07503225360301533 0.07892363093369559 0.08383144293870061

cov.inverse():
 167537.7365611139  -118058.270975674 -79602.86123356203 -7422.817613370593 -24608.25951391684 -9776.732366695571   71954.5446798857
-118058.2709756055   205701.266010286  -51223.5892604656 -45583.94668488107  175.9815649488663 -5288.102197267013   14079.7352472091
-79602.86123352051 -51223.58926040062   255736.184370519  -108715.139555981  12333.56548482848 -6214.043413059268  -21808.9001352472
-7422.817613563747 -45583.94668494203 -108715.1395555636  284593.9252373184  935.3599849895611 -76846.04816963727 -47304.82361983597
-24608.25951345581  175.9815646295152  12333.56548432753  935.3599852069774  140259.3093294596 -170373.8586206664  41283.37862272157
-9776.732367496212 -5288.102196421791 -6214.043412669312 -76846.04816985126 -170373.8586208876  584157.2237136745 -315714.8291410508
 71954.54468030889  14079.73524674734 -21808.90013544711 -47304.82361967681   41283.3786228016 -315714.8291410516  257593.9658439443

cov*(cov_.inverse()):
     1.000000000001819 -4.547473508864641e-13 -2.273736754432321e-12  9.094947017729282e-13 -9.094947017729282e-13                      0                      0
 9.094947017729282e-13      1.000000000001478 -2.046363078989089e-12 -4.547473508864641e-13                      0 -7.275957614183426e-12  3.637978807091713e-12
 2.728484105318785e-12                      0     0.9999999999979536 -9.094947017729282e-13  1.364242052659392e-12 -3.637978807091713e-12  3.637978807091713e-12
 1.818989403545856e-12  -1.13686837721616e-13 -2.273736754432321e-13      1.000000000002274 -4.547473508864641e-13  3.637978807091713e-12                      0
 1.818989403545856e-12   1.13686837721616e-12 -4.774847184307873e-12  1.818989403545856e-12     0.9999999999968168  7.275957614183426e-12                      0
 2.728484105318785e-12 -4.547473508864641e-13 -2.273736754432321e-13                      0 -9.094947017729282e-13                      1                      0
                     0  9.094947017729282e-13 -4.547473508864641e-13  1.818989403545856e-12 -1.364242052659392e-12                      0                      1
