5
1

0.001309724344286645
0.001781602852010267
0.001894642069697064
  0.1093043056406188
  0.5667037524415118

  -0.1698710689327891   0.04246415185124238  -0.03597565787579197    0.7724788718628385   -0.6093625852586512
   0.3004329724746707   -0.6916947275101901    0.6235375695866116  -0.02798779495932396   -0.2042449892456942
  -0.5790516634176521     0.389814963246258    0.6388365261972206   -0.2651570652533977   -0.1852649159043385
  -0.6272432947496666   -0.4494743097863338 -0.002003127244444083    0.3201931392448239    0.5495553066757422
   0.3900626478842835    0.4071514939350899    0.4492110101410424     0.479229757199594    0.5006267071325785

0.3984832237340441
 0.398693033772036
0.3979730100125383
 0.397766597521159
0.3975272440669385

0.002392135549385698

 2.252670676596288 0.7415572089849486 -2.138496159903094 0.9212747916911223 -1.774623426083756

 2.605340350156516e-06 -2.643759178850731e-06 -8.245465568062638e-06   -0.02893987635715738   -0.07288531825497248

cov:
0.05356515465016221 0.05437065869282988 0.05628688230118526 0.05763382680568057 0.05859546020266049
0.05437065869282988 0.05565408043445891 0.05874820440572332 0.06094340517048626 0.06250993589441961
0.05628688230118526 0.05874820440572332 0.06480841270478922 0.06912795979625076 0.07220923256601455
0.05763382680568057 0.06094340517048626 0.06912795979625076 0.07498257611720288 0.07915122834264722
0.05859546020266049 0.06250993589441961 0.07220923256601455 0.07915122834264722 0.08409882951140726

cov.inverse():
  138698.961623357 -132532.0435757664 -40469.32015480436 -36389.97553151847   70869.1180374009
-132532.0435758732  194132.6076057988  -67396.3093795841 -3584.053091664091  9285.232811692793
-40469.32015483085 -67396.30937969235  236936.6695265136 -68886.97272197364 -60313.19552922132
-36389.97553098966 -3584.053091951515 -68886.97272258071  367709.5143327775  -258910.357410487
 70869.11803700525  9285.232811981879 -60313.19552874884 -258910.3574108535  239197.3182734069

cov*(cov_.inverse()):
                     1  5.684341886080801e-13 -4.547473508864641e-13                      0  3.637978807091713e-12
                     0     0.9999999999980673  4.547473508864641e-13  1.818989403545856e-12  1.818989403545856e-12
-9.094947017729282e-13 -1.364242052659392e-12      1.000000000002728  3.637978807091713e-12                      0
 9.094947017729282e-13 -1.250555214937776e-12                      0      0.999999999996362  3.637978807091713e-12
 9.094947017729282e-13  -1.13686837721616e-12 -1.818989403545856e-12                      0                      1
