5
1

0.0008297764439599738
0.0009502752219678368
 0.001446764968471369
  0.08563250779955539
   0.6409641116482797

   0.0191353639003293 -0.005218912222267471    -0.350690591103674    0.8087555944321538   -0.4717383793901738
 -0.05482975627166892    0.6011557454947748   -0.7240889223759507   -0.1294524606234799     0.307478064935975
   0.6703189280878602   -0.5598369887203862   -0.3876772433712463    -0.015816323513405    0.2944677904121656
  -0.6282454260075371   -0.3930812564329546  -0.08659994583488619    0.3164606105511203    0.5857883080880887
   0.3906504256024073    0.4131031402875294    0.4414953523620107    0.4782875440499694    0.5030516072041045

0.4049022981078961
0.4033005507209916
0.4021238970044453
0.4004791218391351
0.3993819080783357

0.01217532339451713

0.8941847061791431 0.4862710833843659  1.598825337663451  1.074427128064521 -4.052938051529689

 1.538693589286899e-06 -2.076656499089558e-06 -3.146234348276112e-06    -0.0214526194950088     -0.110467032085198

cov:
0.06559179904117043 0.06811016823882884 0.07125529646058795 0.07530383768544124 0.07803793026479151
0.06811016823882884 0.07124473273530417 0.07517904754009716 0.08026140289412785 0.08368784935344135
0.07125529646058795 0.07517904754009716 0.08013506147310412 0.08655156672616189 0.09087205585030519
0.07530383768544124 0.08026140289412785 0.08655156672616189 0.09471703060024611  0.1002073238559407
0.07803793026479151 0.08368784935344135 0.09087205585030519  0.1002073238559407   0.106482979644103

cov.inverse():
 218582.9985136999 -215898.2503495248  -89925.8004313167  25244.96443965481  62472.96525620509
-215898.2503486627  549995.6412536175 -375683.6639203762 -88094.80407566439  129477.8915151853
-89925.80043254676 -375683.6639197126  831033.8153423334 -305198.3730221546 -60825.28760341462
 25244.96443959295 -88094.80407343664 -305198.3730252851  968666.7992242473 -600388.0090077992
 62472.96525663585  129477.8915131537 -60825.28760084818 -600388.0090087653  469376.4916355975

cov*(cov_.inverse()):
     1.000000000001819 -1.818989403545856e-12 -9.094947017729282e-13  1.455191522836685e-11                      0
 4.547473508864641e-12                      1 -9.094947017729282e-12                      0                      0
 3.637978807091713e-12 -3.637978807091713e-12      1.000000000010004  2.182787284255028e-11                      0
 5.456968210637569e-12 -3.637978807091713e-12 -9.094947017729282e-13      1.000000000007276                      0
 4.547473508864641e-12                      0 -1.818989403545856e-12  7.275957614183426e-12      1.000000000007276
