6
1

0.0006663348086897088
0.0008302991052925413
  0.00106680535072867
 0.001456954500603335
   0.1000308249546698
    0.692827697926114

 0.03420556892282708  0.04187748955911549  -0.6796883301413538   0.6673099368866559    0.177375258511883  -0.2415274199603832
 0.04804928854476969 -0.09078822824406223 -0.01786191933748806   0.3686724128458244  -0.7887908093493027   0.4806448027522365
-0.07736214602228052   0.7801706073158325  -0.4296677675060338  -0.3700702697586065   -0.123514970620188   0.2202874914359383
  0.6479665279615083  -0.3955833024540346  -0.4083280328875445  -0.3378580459867441   0.1481454156314976   0.3476008107134463
 -0.6720176239169191  -0.2785578478152391  -0.1782377764355037 -0.01267969123665696   0.3368342315173094   0.5704481216773485
  0.3450623640364165   0.3837407630172697   0.3931791549448359   0.4092887266609221   0.4423649682017364   0.4646300861734482

0.4028579600763331
0.4008587582142443
0.4002953370524234
0.3996767102132261
0.3980214863026728
0.3969215422183709

0.01225272022816693

   1.15940915141212 -0.3530713339502392   1.118958871987549  0.6934939652686976  0.6673682206546862  -3.283035745460187

 2.834608715253277e-07 -1.227773396278821e-06 -2.171688074044485e-06 -1.788591701304805e-06   -0.02538600056737388    -0.1160692042963997

cov:
0.06167363521595182 0.06543280758319524 0.06632161730153265 0.06787676084068654 0.07100565077318365 0.07312288455885095
0.06543280758319524 0.07146230648995293 0.07292015022466834 0.07542606027953667 0.08054436239702209 0.08399448518048762
0.06632161730153265 0.07292015022466834 0.07452335904053416 0.07726794822491141  0.0828866980280064 0.08667191885825454
0.06787676084068654 0.07542606027953667 0.07726794822491141 0.08041229583164912 0.08686530956243406 0.09120984724174538
0.07100565077318365 0.08054436239702209  0.0828866980280064 0.08686530956243406 0.09506742639147207  0.1005818628219059
0.07312288455885095 0.08399448518048762 0.08667191885825454 0.09120984724174538  0.1005818628219059   0.106881756173905

cov.inverse():
 209082.2947045621 -176868.8867463493 -149031.6090240672 -870.5358238927536  12283.72279343057  105986.7299757526
-176868.8867446902  624455.1719002018 -280199.8394213393 -176338.9347652737  8318.621175658047  140.1094176183711
-149031.6090290157 -280199.8394108985  1281711.398811814 -826377.6741740037 -232964.1168969912  207240.4413118368
-870.5358208362263 -176338.9347719436 -826377.6741673574   1374197.52222398 -138656.7006524487   -232921.92113388
 12283.72279562101  8318.621167677691 -232964.1169019303 -138656.7006391575  997131.1772228418 -646059.2507059599
 105986.7299737916  140.1094234898324  207240.4413156318 -232921.9211441488 -646059.2507033956  566082.2519050256

cov*(cov_.inverse()):
     0.999999999998181  5.909939204684633e-12 -1.818989403545856e-12 -7.275957614183426e-12                      0                      0
-1.818989403545856e-12      1.000000000005603 -1.455191522836685e-11 -1.818989403545856e-11  7.275957614183426e-12 -7.275957614183426e-12
-1.818989403545856e-12  7.508660360144859e-12     0.9999999999708962                      0  1.455191522836685e-11                      0
-1.818989403545856e-12  2.664535259100376e-13  3.637978807091713e-12     0.9999999999745341                      0  7.275957614183426e-12
-1.818989403545856e-12  7.370104526671639e-12                      0  7.275957614183426e-12      1.000000000007276 -7.275957614183426e-12
                     0  6.981082378842984e-12                      0 -7.275957614183426e-12                      0                      1
