5
1

0.001045674277777315
0.001801875532522745
0.002806097421224606
    0.10251523951658
  0.5715438812295337

0.005402024326939931   0.0887014125477695   0.2283578245173577   -0.827552463400721   0.5050866280612658
 -0.6557346393321526   0.6850951553585866   0.2155460254748404 -0.01322793498534221  -0.2324255655519614
-0.02108193467072228   0.3798077177582858  -0.8277864233709227  0.06107566373718024   0.4078492983242956
 -0.6447856120058928  -0.4597311686255313  0.08749358671901029   0.2932010293855332   0.5284664566410034
  0.3921606399089908   0.4088643266924505    0.456625803530109   0.4746418246654506   0.4952252100744008

0.3996455749600413
0.3999841942329126
0.4000198759415332
0.4000321434940982
 0.400091582973791

-0.0004927715808261677

  2.011420853774224 -0.3971337225080279   2.893563625577949  -3.053555717886422  -1.452336661214843

 2.656859382654715e-06 -1.913586263886661e-06 -2.651492617093042e-05   -0.02652575650285281   -0.07215217781811177

cov:
 0.0546080571932705 0.05549096471412531 0.05790245307010487 0.05881677923943254 0.05985978553264804
0.05549096471412531 0.05683202057564923 0.06056252067228323 0.06197692555746947 0.06359005190703226
0.05790245307010487 0.06056252067228323 0.06819749348952123 0.07106773906011211 0.07435225423422906
0.05881677923943254 0.06197692555746947 0.07106773906011211  0.0744963319663151 0.07841164497019466
0.05985978553264804 0.06359005190703226 0.07435225423422906 0.07841164497019466 0.08305009365217221

cov.inverse():
 132559.3517751735 -138915.9779692527 -40193.36088272648 -1597.800041682871  48313.64809122784
-138915.9779690941  170097.4568715943  24075.82187418394 -66990.05188098869  11579.55433905409
-40193.36088253255  24075.82187397352  149024.7511936245 -180125.5353108725  47183.52941210789
-1597.800042712683 -66990.05187980353 -180125.5353107903  626859.2927351334 -378142.6665220431
 48313.64809190542  11579.55433823754  47183.52941200892 -378142.6665218042  271103.8203119655

cov*(cov_.inverse()):
    0.9999999999990905  1.250555214937776e-12 -4.547473508864641e-13                      0                      0
-9.094947017729282e-13      1.000000000000455  4.547473508864641e-13 -3.637978807091713e-12                      0
-1.364242052659392e-12   1.13686837721616e-13      1.000000000000909                      0                      0
                     0   1.70530256582424e-12  9.094947017729282e-13      0.999999999996362                      0
-4.547473508864641e-13  3.410605131648481e-13  4.547473508864641e-13                      0                      1
