5
1

0.001015917124263662
 0.00199795640446912
0.002566168894187926
 0.09618032851618229
  0.5763693821831379

-0.01438312847907087  0.03638408121697242   0.3118229004533017  -0.8170966438947507   0.4833103325379836
 -0.5832700910934002    0.580824685711771   0.4174809284704369 -0.03145525919148819   -0.383612990312343
-0.04110234764363842   0.6337972935750973  -0.7263575045373027  -0.1060917467710562   0.2403349840212032
 -0.7120134467321513  -0.2813196235519346 -0.06433921599337127   0.3075270485333718   0.5614122378278832
  0.3885055664232301   0.4248283690660261   0.4435554012793138   0.4749055662892893   0.4962938552896483

0.3991514336429585
0.3992093563881972
0.3992053392148839
0.3991076151312723
0.3990488294242331

0.0007341387931696015

 2.742862093998387 -1.694314773166883  1.402524507574575 -0.978979000745378  -1.47134413773013

 4.386856024528489e-07 -5.601260811190008e-06 -1.616723737017298e-05   -0.02491794660970065   -0.07548289576452269

cov:
0.05483249238780789 0.05668069511780095 0.05766923015845022 0.05926691437839978 0.06035580284013665
0.05668069511780095 0.06069156876464665 0.06276377721516134 0.06622194910360538 0.06858042003909932
0.05766923015845022 0.06276377721516134 0.06540038244000659 0.06979441863843175 0.07279304688486572
0.05926691437839978 0.06622194910360538 0.06979441863843175  0.0757988294128594 0.07989410534749863
0.06035580284013665 0.06858042003909932 0.07279304688486572 0.07989410534749863 0.08474065644652298

cov.inverse():
 85737.32089588795 -89308.57210436134 -60807.07608302693  16622.20742396835  47773.88647838964
-89308.57210448376  146803.7553193054  1831.510596406002  -43601.4582662837 -15664.19739459674
-60807.07608286551  1831.510595971081  217991.3859514473 -238457.2191615343  79389.55658330317
 16622.20742397686 -43601.45826582594 -238457.2191621661  648857.7489623579 -383463.1867526474
 47773.88647834223 -15664.19739474206  79389.55658366188 -383463.1867528137  271997.7334965791

cov*(cov_.inverse()):
    0.9999999999990905  3.410605131648481e-13  2.728484105318785e-12 -7.275957614183426e-12  7.275957614183426e-12
-1.364242052659392e-12                      1  3.637978807091713e-12 -7.275957614183426e-12  3.637978807091713e-12
-1.364242052659392e-12 -2.046363078989089e-12     0.9999999999972715                      0                      0
-9.094947017729282e-13 -1.364242052659392e-12  1.818989403545856e-12      0.999999999996362  3.637978807091713e-12
-9.094947017729282e-13  -1.13686837721616e-12 -9.094947017729282e-13  3.637978807091713e-12                      1
