6
1

0.0006172937572119498
0.0009297320840283183
 0.001235085253995933
 0.001881153129196267
  0.07328074967538428
   0.5946877665618826

-0.03340543793195703 -0.01616069261493975   0.6476471265172034  -0.7285022929020737 -0.07611808599859063   0.2065588402008512
 0.08134161447929464   0.2177182151498971  -0.3934375801886585  -0.4796330738108341   0.7322455511923173  -0.1579802465720604
 -0.1554890996614304     0.66266732363523  -0.3789566559069255  -0.1753477082822115  -0.4014613306930908   0.4485186642434723
  0.6513389641577156  -0.4654116923048759  -0.3318778550578695   -0.173600822095639  -0.1289813488916698   0.4497034200046252
 -0.6321754704027291  -0.3783105630779272 -0.09044383349582888   0.0890269671371185   0.3182049239737592   0.5829880195583349
  0.3797400252119812   0.3917686862446298   0.4047578600322774   0.4128276379234478   0.4230375015268073   0.4348545712542937

 0.382535127540069
0.3811623754358319
0.3794989550332273
0.3784961755462393
 0.377218519570896
0.3757226169543672

0.02064895809995357

  3.076376995132574   1.980116529494489 -0.8336590878391521 0.09147804527608594  -5.678844617582562   1.367696839283879

-1.011844295188139e-08 -2.946672918952325e-06  6.142882882926216e-06   9.52100800829676e-06   -0.01943992201359785   -0.05775490843910058

cov:
0.05314538954626003 0.05389620971804766 0.05466385517836347 0.05513865327024139 0.05573201546181923 0.05642117906827363
0.05389620971804766 0.05504973700478443 0.05626318336293624  0.0570165870296821 0.05796550224428001 0.05906457759198457
0.05466385517836347 0.05626318336293624  0.0579835094143005 0.05905086912152323 0.06040086816806051 0.06196301054269535
0.05513865327024139  0.0570165870296821 0.05905086912152323 0.06031510781040589 0.06191464215451004 0.06376620566981603
0.05573201546181923 0.05796550224428001 0.06040086816806051 0.06191464215451004 0.06383460812997374  0.0660536449860766
0.05642117906827363 0.05906457759198457 0.06196301054269535 0.06376620566981603  0.0660536449860766 0.06870156569163283

cov.inverse():
 146392.1634727313 -131260.5110461194 -116246.8912359974  4641.354717129973  92722.56138433567  4011.710403358024
-131260.5110470613   404630.599318579 -247531.1084500904 -143256.6911688665  30202.05680887929  87105.58028011507
-116246.8912352805 -247531.1084519238  1405105.949036116 -960036.5378685441 -350833.9097963827  269371.7087682151
 4641.354718626591 -143256.6911713148 -960036.5378708476  1687575.554106935 -208298.1252319424 -380852.4569238895
 92722.56138313877  30202.05681379114 -350833.9097954445 -208298.1252398328  745875.9555591753 -309485.0456407904
 4011.710403282614  87105.58027854568  269371.7087684632 -380852.4569192565  -309485.045644028  329932.0683106962

cov*(cov_.inverse()):
    0.9999999999980957  1.818989403545856e-12 -1.818989403545856e-12 -1.091393642127514e-11 -7.275957614183426e-12  1.091393642127514e-11
-2.728484105318785e-12      0.999999999998181  3.637978807091713e-12 -7.275957614183426e-12 -7.275957614183426e-12  7.275957614183426e-12
-1.477928890381008e-12 -1.818989403545856e-12      1.000000000003638 -1.091393642127514e-11 -3.637978807091713e-12                      0
-1.506350599811412e-12 -1.818989403545856e-12  3.637978807091713e-12                      1                      0                      0
-1.932676241267473e-12 -9.094947017729282e-13 -7.275957614183426e-12  3.637978807091713e-12     0.9999999999890861  7.275957614183426e-12
-2.614797267597169e-12 -9.094947017729282e-13  7.275957614183426e-12                      0 -3.637978807091713e-12                      1
