5
1

0.001198898572216549
0.001813404472390492
 0.00314232960082872
  0.1027271505858928
  0.5688058563059456

 0.02368349620939583  -0.1240127879735728  -0.2262012965502197   0.8264586807009474   -0.499858923056666
 -0.6558641459467053    0.702524840777154   0.1529499762395501  0.02798869209967863  -0.2283068287097509
-0.02220358101826064  -0.3360669515848987   0.8425866295145885 -0.06982190225053322  -0.4144136565941834
  -0.643862416364694  -0.4589785006408016  0.08515698594754559   0.2936640792029925   0.5303674396800091
  0.3927206435265171   0.4092400475417953   0.4563281031395022   0.4744143682062908   0.4949633816360934

0.4008248940573566
0.4010603623865467
0.4007184900080553
0.4006237417484692
0.4005180838290609

0.001007951112818514

  2.204216603504737 -0.4421487362084099   2.347681427789088  -2.838112204714948  -1.269483443343963

-3.068805978274277e-06  -3.90275702395839e-06   2.76678910153725e-05   -0.02662592176683974   -0.07078398081878577

cov:
 0.0542756338461407  0.0551155265833002 0.05740231952528928 0.05828416041430864 0.05928741584428056
 0.0551155265833002 0.05641150113890511 0.06000551755645177 0.06139287885214852 0.06296798841225472
0.05740231952528928 0.06000551755645177 0.06745616950695572 0.07030581238798625 0.07354982671368809
0.05828416041430864 0.06139287885214852 0.07030581238798625 0.07372994181645322 0.07761623418583612
0.05928741584428056 0.06296798841225472 0.07354982671368809 0.07761623418583612 0.08223432335586921

cov.inverse():
 131289.1617589722 -141374.6879353506 -36131.66116646282  8175.087434046201  38198.67874336121
-141374.6879353158  172241.9064152731    23511.388810685 -62961.89048525148  8434.675227707885
-36131.66116640477   23511.3888106128  114612.6978917426 -134715.4730802795  32687.70862053281
 8175.087433791386 -62961.89048494283 -134715.4730802931   475941.870436025  -286408.536369374
 38198.67874352275  8434.675227506586  32687.70862053221 -286408.5363693335  207102.8318661963

cov*(cov_.inverse()):
                     1  4.547473508864641e-13  2.501110429875553e-12                      0  1.818989403545856e-12
-4.547473508864641e-13      1.000000000000682  2.273736754432321e-12  3.637978807091713e-12                      0
-1.364242052659392e-12  1.477928890381008e-12      1.000000000003183  3.637978807091713e-12  1.818989403545856e-12
-9.094947017729282e-13  1.591615728102624e-12  9.094947017729282e-13      1.000000000010914 -3.637978807091713e-12
                     0  2.046363078989089e-12  9.094947017729282e-13                      0                      1
