5
1

0.001221154059218028
0.002164923612281195
0.002512545919890267
 0.08289646835934318
  0.5539219060945494

  0.1269522386143962  -0.1429438364883631  -0.5655836305405734   0.7778866547478225  -0.1961063434735568
 -0.5350240675630209   0.8032979783869721  -0.2535794352625495  0.03729427700563952 -0.05261380011248919
  0.3984239229119483   0.1134412191276717  -0.6446360103644538  -0.3827791082779129   0.5160562332359215
 -0.6079835968555862  -0.3742605841329052 -0.01475268924359909   0.1896099656991652   0.6738808353015268
  0.4113960377119731   0.4258397850092402   0.4472576429508531   0.4593796952863685   0.4882055653501127

0.3998681390483905
 0.400099623703086
0.3998990786221336
0.3998880879803021
0.3997739493054089

0.0009290472262679446

  5.332235383364544  -3.161282227469723   2.818565248670513  -4.695988499583146 -0.2889482276676547

-6.056715314419799e-06 -2.937270485747255e-05  1.008379238186433e-05   -0.02189000870912826    -0.0583658042558745

cov:
0.05447237340855488  0.0553149765189872 0.05651717426308137 0.05719368718765361 0.05881137071757081
 0.0553149765189872 0.05660599036325949 0.05847541855621832 0.05953469389478157 0.06205612711368503
0.05651717426308137 0.05847541855621832  0.0613828817884163 0.06302315092095295 0.06692715394303177
0.05719368718765361 0.05953469389478157 0.06302315092095295 0.06499902331078228 0.06968973635766224
0.05881137071757081 0.06205612711368503 0.06692715394303177 0.06968973635766224 0.07625352464534035

cov.inverse():
  97082.5712787285 -96675.05472684672 -59885.96318598697   37792.3752197241  21821.63794638319
-96675.05472682758  153440.8331864273 -828.8941893600236 -75062.19111675875  19017.98610816091
-59885.96318638726 -828.8941889598066  294059.4527800655 -257964.4010924321  24527.68433675673
  37792.3752202519 -75062.19111727715 -257964.4010926243  429293.3347355509 -133988.1493683686
 21821.63794623657  19017.98610829816  24527.68433694931 -133988.1493685519   68632.7316815589

cov*(cov_.inverse()):
    0.9999999999986358  2.273736754432321e-12                      0 -1.818989403545856e-12  9.094947017729282e-13
-4.547473508864641e-13     0.9999999999993179 -3.183231456205249e-12 -1.818989403545856e-12                      0
-1.591615728102624e-12                      0     0.9999999999979536  3.637978807091713e-12 -1.818989403545856e-12
-6.821210263296962e-13 -4.547473508864641e-13  9.094947017729282e-13      1.000000000001819                      0
-6.821210263296962e-13   1.13686837721616e-12                      0                      0                      1
