5
1

0.001216380977744152
 0.00178901798960287
0.002247608615137286
  0.1041869739054285
  0.5703135902631564

 -0.1131483364640006 -0.02025839436468401 -0.03984889329735625   0.7830563885836929  -0.6099359059888464
   -0.45593265230391   0.8194033765647261  -0.3438371811128167 -0.04395738641654814  0.02339367652307772
  0.5365978528771028 -0.03861158965994697  -0.8130077916760903   0.1576620340687458   0.1572669803833208
  -0.576247249388793   -0.392514733688929  -0.1769370791842997   0.3602287846954492   0.5939695144496289
  0.3991550104634599   0.4154624326135058   0.4334739430127995   0.4798628409950452   0.4998982289125291

0.4001254941635086
0.4004414332036363
0.4002488631825833
0.4002920174947266
0.4002917638229092

0.0001084712045892039

 3.325791092784286 0.3333358086175814 -2.396266275007858 0.5547664282806666 -1.816969974474004

 1.856989610078641e-06 -1.556017436230841e-06  1.779043105570237e-05   -0.02716673900303964   -0.06986942371592841

cov:
0.05542821053296847 0.05639266879981718  0.0573822079564451 0.06004681337216714 0.06118602897488926
0.05639266879981718 0.05781695002438261 0.05932947235315334 0.06330997138002001 0.06502171471383916
 0.0573822079564451 0.05932947235315334 0.06145934263779978 0.06696367861350129 0.06933955990728638
0.06004681337216714 0.06330997138002001 0.06696367861350129 0.07630615361124521 0.08034562009115719
0.06118602897488926 0.06502171471383916 0.06933955990728638 0.08034562009115719 0.08511159187656288

cov.inverse():
 130630.4047753065 -119257.1483096161 -34320.04071583247 -36892.54991254194   59985.2470095729
-119257.1483096556  210368.1851837239 -81261.51023454884 -23192.86511867751  13117.52808463532
-34320.04071597919 -81261.51023433375  168857.1989489355 -41746.10178191497  -11404.9997831988
-36892.54991189189 -23192.86511958344 -41746.10178174146  419962.7696282633 -318195.9558199828
 59985.24700910885  13117.52808528708 -11404.99978330391 -318195.9558200662  256537.1570980289

cov*(cov_.inverse()):
                     1 -2.273736754432321e-13   1.70530256582424e-12 -3.637978807091713e-12                      0
 1.364242052659392e-12      1.000000000000909  -1.70530256582424e-12                      0  3.637978807091713e-12
                     0 -4.547473508864641e-13      1.000000000001023 -3.637978807091713e-12                      0
 9.094947017729282e-13 -1.818989403545856e-12  -1.13686837721616e-13                      1                      0
                     0  6.821210263296962e-13  9.094947017729282e-13 -3.637978807091713e-12                      1
