5
1

0.001663735630104727
0.001796493045288287
0.002324733971837307
  0.1048289151431892
  0.5622439669371257

 -0.1615509000326529 -0.00561087847983469  0.01605510738971598   0.7691114484784273  -0.6181259079568217
 -0.4662066074577081   0.8200951939743281  -0.3247909799704191 -0.06059156166884649  0.03057374637444143
  0.5138617675991883 -0.02173626295671804  -0.8221231022719769   0.2161309048683326   0.1134665384331855
 -0.5757210606810852  -0.3913250133806837  -0.1725881788487624   0.3595693569246272   0.5969365060652022
  0.4013029403698631   0.4168988602025409   0.4342579626085478   0.4783236895613179   0.4977727999075939

0.4006637887089534
0.4009985395618849
  0.40086649350065
0.4009644001208505
0.4009838368668714

-0.0002515247510336558

  3.505053343714601  0.4039829090996476  -2.610093011261256 0.06817104756284703  -1.366838297894524

 7.941237989475319e-07 -1.616791525289451e-06   2.05247473455441e-05   -0.02765906180534098   -0.06518755486880348

cov:
0.05455355833005314  0.0553619410357854 0.05617972000931056 0.05840523343901089 0.05937098940235336
 0.0553619410357854  0.0566278219896162 0.05797199399628147 0.06149151060150062 0.06303421871961117
0.05617972000931056 0.05797199399628147 0.05994490076904892 0.06497996561416754 0.06719998979944684
0.05840523343901089 0.06149151060150062 0.06497996561416754 0.07374850770106231  0.0776241748717524
0.05937098940235336 0.06303421871961117 0.06719998979944684  0.0776241748717524 0.08224399080906153

cov.inverse():
 125663.5690564635 -120183.6567886331 -32179.69641672623 -15603.32965773438  42417.48617002515
-120183.6567887879  208503.5585115175 -79250.28217819997 -17837.08187682741  8544.947933393309
-32179.69641650804 -79250.28217850608  157844.5801467603 -22324.42470001354 -23931.46385804973
-15603.32965779571  -17837.0818766008 -22324.42470021122  223496.1527628983 -167766.3201564204
 42417.48617002366   8544.94793331765 -23931.46385794042 -167766.3201564524   140738.842410692

cov*(cov_.inverse()):
     1.000000000001819  6.252776074688882e-13 -1.591615728102624e-12                      0                      0
 4.547473508864641e-13      1.000000000001819 -1.364242052659392e-12                      0                      0
 1.818989403545856e-12  -1.13686837721616e-12     0.9999999999995453  3.637978807091713e-12 -1.818989403545856e-12
 9.094947017729282e-13 -4.547473508864641e-13 -4.547473508864641e-13                      1                      0
 9.094947017729282e-13  5.684341886080801e-13 -4.547473508864641e-13  1.818989403545856e-12                      1
