5
1

0.0006748638336946619
 0.001062664752651781
 0.001443096722916158
  0.09260873480960241
   0.6225210642914377

 0.03943127914174653  0.03173024119893844  -0.6697153289893363   0.7291979493207781  -0.1311110019860291
-0.08624981397235497    0.787712460002404  -0.4352000420202301  -0.4044896315230898    0.138054740456822
  0.6422187265968282  -0.3811949353582229  -0.3961659740775785  -0.3028861147371174   0.4399523280404434
 -0.6546998034868333  -0.2222287656625554  -0.1120793315526303  0.06985119840199128    0.710310901329073
  0.3872072033648523   0.4287272665923584   0.4388314550760626    0.456113253784569   0.5154135876172581

0.4024913816384409
0.4004324178166294
0.3998593834004552
0.3992193852188453
0.3963888314972362

0.01259746553317913

  1.153469157001687 -0.3597733767974375   1.268925550515964  0.7903735346785364  -2.849964197115662

 6.114234174924392e-08 -1.861319285952065e-06 -2.328315198345092e-06   -0.02389890394404007    -0.1004403070058281

cov:
0.06177949519181871 0.06558004498380304 0.06647783529744891 0.06804967747096047 0.07335278495353791
0.06558004498380304 0.07165576204101971 0.07312350806240346 0.07564803411918188 0.08427974880130387
0.06647783529744891 0.07312350806240346 0.07473678875716014 0.07750035965523301 0.08696881065526554
0.06804967747096047 0.07564803411918188 0.07750035965523301 0.08066444879357169 0.09152897688366078
0.07335278495353791 0.08427974880130387 0.08696881065526554 0.09152897688366078   0.107276025691732

cov.inverse():
 208101.8944766485 -174953.4786751012 -146905.5663589896  616.4046109471294  113724.9925461751
 -174953.478674748  621461.0189812683 -277712.9026187652 -175908.6844912818    6617.0338134233
-146905.5663597599  -277712.902623218  1227886.347495317  -858764.661958085    55888.924690594
 616.4046114216706 -175908.6844848183 -858764.6619662038  1356442.446487522 -323350.1900866178
 113724.9925461173  6617.033811759935  55888.92469349634 -323350.1900877975  147624.7073175821

cov*(cov_.inverse()):
     0.999999999998181 -3.694822225952521e-12 -1.000444171950221e-11  1.091393642127514e-11                      0
                     0      1.000000000008754 -1.182343112304807e-11  7.275957614183426e-12 -1.818989403545856e-12
 1.818989403545856e-12  1.364242052659392e-12     0.9999999999754436  1.091393642127514e-11 -1.818989403545856e-12
 1.818989403545856e-12  1.307398633798584e-11  4.547473508864641e-12      0.999999999992724                      0
 1.818989403545856e-12 -1.477928890381008e-12  6.366462912410498e-12                      0                      1
