5
1

0.001522225081871197
0.001747655877439406
0.002943646049071994
  0.1023754361507765
  0.5673848411662468

  0.2423301747921492 -0.05580137248669755  -0.7257742309714776   0.6343404878976674 -0.09500633813234198
 -0.5635058504589038   0.7903357156653185  -0.2402473307748152  0.01028548085575055 0.002458044246788339
  0.2629220115413796  0.05243288145788242  -0.4597306315537676  -0.5219941310567923   0.6665528353720331
 -0.6310104899767928  -0.4475084809005522    0.026991385159751   0.3148404710285447   0.5492803145853767
  0.3955186724670237   0.4113910740846158   0.4510567561312754   0.4752935506001566   0.4949406099722036

0.3999458599699597
0.4003112942844311
0.4003200222863887
0.4004196909789495
0.4005888320161229

-0.0009593150952362455

  2.056456957813127   1.039768271912489 -0.9630161006840009  -1.937789731705321 -0.1932436915759264

-1.659226640704044e-07 -3.851582948014798e-07  1.664245931249901e-05   -0.02625615439041025   -0.06757845823337887

cov:
0.05453529277615211 0.05533972856577381 0.05725241277999093 0.05843493990421261 0.05938840762757615
0.05533972856577381 0.05658437361119394 0.05960944903357949 0.06146963104144305 0.06297267657149384
0.05725241277999093 0.05960944903357949 0.06550732593440937 0.06910587712008953 0.07202157991891484
0.05843493990421261 0.06146963104144305 0.06910587712008953 0.07376644923520642 0.07753977544095576
0.05938840762757615 0.06297267657149384 0.07202157991891484 0.07753977544095576 0.08202688287767501

cov.inverse():
 137323.7106623927 -150030.9673937969  -45527.6185732584  48584.73016046603  9803.335254582818
-150030.9673940336  206189.2052819693 -47471.33837169852 -15785.97142506822    6934.5019761652
 -45527.6185726335 -47471.33837252854  270613.6124672134  -171798.313254849 -5798.187886688384
 48584.73016008037 -15785.97142441048 -171798.3132552333  205145.3389120797 -66137.12797536745
 9803.335254580314  6934.501976100936 -5798.187886509785 -66137.12797547923  55200.97710161468

cov*(cov_.inverse()):
     1.000000000001251  5.684341886080801e-14  5.684341886080801e-13  9.094947017729282e-13 -4.547473508864641e-13
-7.958078640513122e-13      1.000000000001876  4.433786671143025e-12                      0 -9.094947017729282e-13
 6.821210263296962e-13  -1.70530256582424e-13      1.000000000001933  1.818989403545856e-12 -4.547473508864641e-13
  1.13686837721616e-13                      0  2.842170943040401e-12      1.000000000001819 -9.094947017729282e-13
-1.023181539494544e-12                      0  2.785327524179593e-12                      0     0.9999999999990905
