5
1

0.001007952985826768
0.001274015249936737
0.002724270633891795
  0.0773200415416023
  0.5570072189309714

-0.009839643510072285   -0.3845477897762249    0.8073742163434051   -0.4461705289048599   0.03324022735248289
 -0.01356801202306718   -0.5394158131290298    0.1683087438902378    0.7430899084065627   -0.3582402048214378
    0.602470498976365   -0.5672884682983748   -0.3449094142581505   -0.1166452786300023     0.427369239099262
  -0.6857420075395769   -0.2231452204302831  -0.05313800053727837    0.1613306570026953    0.6716493740819611
   0.4080518195328841    0.4353660325052608    0.4450088654947923    0.4572915320071992    0.4866227437164001

0.4003742279653398
 0.400547392094898
0.4005241580267683
0.4005400823203908
0.4005209518177633

0.0002085313337744368

 2.169292169730236  6.382502538288572    -2.218595497365 -7.131453338942181 0.7969268778482125

-1.075530181884241e-06 -1.530673118849442e-05  -2.79156984939528e-06   -0.02038137125799622   -0.06103895270490298

cov:
0.05447373256028672 0.05603004608235501 0.05655483763305676 0.05723161275723244 0.05885530484254058
0.05603004608235501 0.05910792870746742 0.06018161849819554  0.0615536181019287 0.06483323900664653
0.05655483763305676 0.06018161849819554 0.06145957077338059  0.0630858154857389 0.06697207378187674
0.05723161275723244  0.0615536181019287  0.0630858154857389 0.06503637297327261   0.069688008692933
0.05885530484254058 0.06483323900664653 0.06697207378187674   0.069688008692933 0.07616788648536822

cov.inverse():
 49194.91438049071 -37791.40432409864 -37218.51719931275 -11377.38333784049  37289.02121755638
-37791.40432407155  368189.4598991008 -335162.1085378734 -69166.15313683437  73782.56862330415
-37218.51719975454 -335162.1085381878  675090.1454179279 -272089.6978849227 -30598.79484677899
-11377.38333726082 -69166.15313631544 -272089.6978866486  537976.8195365141 -185304.2995348599
  37289.0212173914  73782.56862312672 -30598.79484580877 -185304.2995354879  104841.2019067112

cov*(cov_.inverse()):
                     1 -1.818989403545856e-12  4.547473508864641e-13 -5.456968210637569e-12                      0
 4.547473508864641e-13      1.000000000002728 -6.821210263296962e-13  1.818989403545856e-12                      0
 9.094947017729282e-13  9.094947017729282e-13     0.9999999999972715 -1.818989403545856e-12 -9.094947017729282e-13
 1.818989403545856e-12  4.547473508864641e-12  -7.73070496506989e-12      0.999999999992724  1.818989403545856e-12
 4.547473508864641e-13  9.094947017729282e-13                      0 -3.637978807091713e-12                      1
