6
1

                  nan
                  nan
                  nan
6.322325039438292e-09
  0.06291112539102178
    0.897604206614113

                   0  0.09499311351061823  -0.6096158684960784     0.42420278437832   0.5133558088990989  -0.4193597649495767
  0.7021224020293798  -0.6177940888831115  -0.2559212923844179 -0.08913498658526514  0.06294749513396855   0.2189782076752686
                   0  -0.3797830835302167   0.3236616668569891   0.7231654482002207  -0.3796131697168961  -0.2897128074119292
                   0   0.2947668811058577  -0.5373093174373414   0.3019987681607069  -0.5469356087636826   0.4838071589940144
  0.6546104725489947   0.5268968706212128   0.1040386548373297 -0.09081747953061431  -0.2672836235785009  -0.4509461444971518
  0.2801950424216591    0.317117888369017   0.3982343105309675   0.4355314177675609   0.4667099443299322   0.5048075167779849

0.4877419819434484
0.4952724774678548
0.5245364407698313
0.5349747681369384
0.5414955584953228
0.5571570234994093

-0.1346277170110418

-11.76513182787417  13.25612238489798 0.7387087562702882   -8.0935911505657  3.470523609711143  0.591572584440595

 3.225530990335685e-17  2.135106039881245e-16  5.602077435945149e-17 -2.181059718922454e-17  -0.004351440756122271    -0.3265104061869482

cov:
0.06495036745061153  0.0729548634528083 0.09017144783101422 0.09808647933243292  0.1046678786882297  0.1127926169078061
 0.0729548634528083 0.08212231326994945  0.1019657292309307  0.1110887865317087  0.1186868976334011  0.1280378162912028
0.09017144783101422  0.1019657292309307   0.127818197894841  0.1397049158380054  0.1496360306470939  0.1617841907723964
0.09808647933243292  0.1110887865317087  0.1397049158380054  0.1528626866993445  0.1638668084698547  0.1773014429629774
 0.1046678786882297  0.1186868976334011  0.1496360306470939  0.1638668084698547  0.1757773925078501  0.1902973240759455
 0.1127926169078061  0.1280378162912028  0.1617841907723964  0.1773014429629774  0.1902973240759455  0.2061201636067195

cov.inverse():
 1.167475033971898e+16 -1.636062098810646e+16  8.021120268746142e+16 -1.355787002353126e+17  4.174484368859532e+16  1.889875835020916e+16
      5676562809317780       1014651013344333 -1.062095281072884e+17  1.729799331737474e+17 -5.824891749301678e+16 -1.538978083362452e+16
     -9110564466506404      -3053386416897890  4.642341293353177e+16 -5.892119153567022e+16  4.642287512287037e+16 -2.173177776782316e+16
-6.264916448621158e+16  1.032020004073748e+17  -9.40695384057427e+16  9.358954239044859e+16 -7.739955914517512e+16  3.496473386957732e+16
 5.152713055672659e+16 -1.028715997888641e+17  1.348386117243763e+17 -1.221673555707719e+17  7.455924658968821e+16 -3.387905941792022e+16
      3554320643551890  1.692100238677324e+16 -5.792607374625974e+16  4.527155694949122e+16 -2.535562144208029e+16  1.747761169617159e+16

cov*(cov_.inverse()):
 0.3125   -0.25      -1       2      -1       0
-0.5625       0       0       3     0.5     0.5
  0.625    -1.5       4      -1       1       0
   -1.5     2.5       0       5       1     0.5
  -0.75    -0.5       4      -1       3      -1
   0.25     0.5       0       2       0       1
