6
1

0.0008278850659501591
0.0009503536787661801
 0.001287746862695701
 0.001775267492496503
   0.1090750997037404
   0.6851971104110901

 -0.05742935438359881    0.0334945298374883   0.03823543163139066   -0.3150922216215847    0.8021921080579285   -0.5013210060800969
 -0.01283790474604459   0.05694846669955653    -0.589370565536298     0.734298472672084    0.1199367280881316   -0.3092819605290349
  -0.3980190088145369   -0.2942849046241063    0.6732333652695199    0.4313138993292935  -0.08474989722998814   -0.3294235489235987
   0.6145320982345079   -0.7800971360030686 0.0009234947983177704    0.0574527432735687    0.1023244441945552  0.005176505315181268
  -0.5810332563460446   -0.4055930749318102   -0.2164718134902426   0.02991115272165294    0.3536963729721745    0.5701217109010204
   0.3505261492934775    0.3687466603090598     0.388685380811867    0.4138785696114049    0.4464852089500844    0.4684404783115487

0.4039280799179046
0.4034980524486785
0.4018227526047851
0.4005612592561704
0.3988054094535119
0.3976347908045882

0.01298246713900103

  1.133928237783707  0.4777099542126101 -0.3698028500398871   1.249332044307239  0.9075202988494064  -3.395443316447744

1.352486122460888e-06  2.08359593618263e-06 1.226488623667997e-06 1.484064391383509e-06  -0.02795900726560321   -0.1119315962701723

cov:
0.06170420012312604  0.0634872032786525 0.06546205375035448 0.06790518292022261 0.07103340471169654 0.07315052066145114
 0.0634872032786525 0.06579842283914991 0.06833527975098831 0.07150796363960317 0.07559069166889823 0.07834763913212309
0.06546205375035448 0.06833527975098831 0.07148816941953268 0.07545004048971238   0.080566180234679 0.08401523567036934
0.06790518292022261 0.07150796363960317 0.07545004048971238 0.08043389883261561  0.0868840376603971 0.09122707512778959
0.07103340471169654 0.07559069166889823   0.080566180234679  0.0868840376603971 0.09508226860128173   0.100594559954083
0.07315052066145114 0.07834763913212309 0.08401523567036934 0.09122707512778959   0.100594559954083   0.106891896107832

cov.inverse():
 220383.5408114933 -85075.16417836794 -156223.1222725352  -76357.0000873236 -28643.77095248979  126451.3377676519
-85075.16417928773  250560.8017110648 -154988.2336660287 -59861.78027656436  36465.08684625371  13159.50106931409
-156223.1222695038 -154988.2336667236  660054.2304584227 -321627.3381872518 -67897.14171858979  40109.28611636382
-76357.00008932789 -59861.78027601249 -321627.3381850175  855086.6400288031 -291452.5612642361  -106568.704741835
-28643.77095436016  36465.08684251706 -67897.14171119967 -291452.5612642764  962485.7046927097 -610801.3417666499
 126451.3377694133  13159.50107227715  40109.28610906752  -106568.704741008 -610801.3417648947  538071.2416916823

cov*(cov_.inverse()):
     1.000000000003638   1.13686837721616e-13 -4.547473508864641e-12  5.456968210637569e-12                      0                      0
 1.818989403545856e-12     0.9999999999995453  2.273736754432321e-12 -1.091393642127514e-11  7.275957614183426e-12 -7.275957614183426e-12
 3.637978807091713e-12 -2.955857780762017e-12       1.00000000000955 -7.275957614183426e-12                      0  7.275957614183426e-12
 1.818989403545856e-12  2.273736754432321e-13  2.728484105318785e-12     0.9999999999909051 -7.275957614183426e-12                      0
 1.818989403545856e-12 -2.501110429875553e-12 -1.818989403545856e-12 -7.275957614183426e-12                      1  7.275957614183426e-12
 3.637978807091713e-12 -6.821210263296962e-13 -2.728484105318785e-12  3.637978807091713e-12                      0                      1
