5
1

0.001086560726319315
0.001496757419184678
0.003093252067394032
 0.08601634206836792
  0.5684196818460535

 0.01876610693184932   0.2582322084227366 -0.07781966300834549  -0.7730717626780024    0.573818882194489
-0.05632799373536943  -0.3145750588006629   0.8723791595667432  -0.3251562138008601  -0.1763454793370663
  0.5384419115316598  -0.7535900097896713  -0.1564478403267117  0.03072771352243505   0.3417049691329146
 -0.7419364696913405  -0.2885778475790192  0.05930381879728509   0.2766981716833972   0.5349525957425905
  0.3950766674968968   0.4279995116183422   0.4526652541736076   0.4681104739111959   0.4865157723369163

0.4001066594608919
0.4001133438716746
0.4000221288195874
0.3999406520563741
0.3998439950022991

0.001079137739262785

0.2571590617379082  5.813281234013771 -6.418554514846721  3.656784819473808 -3.311564694017147

-3.213281670113152e-06 -1.802903086314427e-05 -4.073578523875737e-05   -0.02226101842904462   -0.06950764322181786

cov:
0.05450699764519264 0.05621427982025129 0.05745609395022386 0.05823539577640816 0.05916876452125042
0.05621427982025129 0.05980867281666127 0.06247160713880372 0.06414259739402624 0.06613446759067527
0.05745609395022386 0.06247160713880372  0.0662332334489998 0.06858502931996614 0.07138994295006679
0.05823539577640816 0.06414259739402624 0.06858502931996614 0.07136769120925268 0.07467889798905396
0.05916876452125042 0.06613446759067527 0.07138994295006679 0.07467889798905396 0.07859613979802088

cov.inverse():
 32089.75426113666 -30364.01237762749 -31980.75665253331  -2410.65207919873  32730.94479364959
-30364.01237752963  160018.6295967975 -127198.5372864133 -125864.3051175786  123338.8582794572
-31980.75665263068   -127198.53728638  347398.1309371633 -76160.58953933507  -112075.153727247
-2410.652079331584 -125864.3051171558 -76160.58953970992  553514.1491382853 -349026.3325195189
 32730.94479378191  123338.8582790989 -112075.1537269361 -349026.3325196037  305019.3238933526

cov*(cov_.inverse()):
     1.000000000000227 -2.728484105318785e-12 -1.818989403545856e-12 -3.637978807091713e-12                      0
 4.547473508864641e-13      0.999999999998181 -5.456968210637569e-12 -3.637978807091713e-12  3.637978807091713e-12
                     0 -3.637978807091713e-12      0.999999999996362  3.637978807091713e-12  3.637978807091713e-12
                     0 -1.818989403545856e-12 -1.818989403545856e-12      0.999999999996362  3.637978807091713e-12
 4.547473508864641e-13                      0                      0                      0                      1
