5
1

0.0005316636306924238
0.0006813740443525296
 0.001286696168589808
  0.05483598298996793
   0.5438811513206961

-0.08139648251549485   0.5864351165235256  -0.7723549722223785   0.2264141884289723  0.04090084233317508
-0.08292688440229087   0.4689100282566292   0.1404951487300123  -0.8176999408491741    0.291332176668293
  0.7365497045765557  -0.3673391837921008  -0.4144077333971942  -0.2509525444712272   0.2963874283149651
  -0.510141053054023    -0.33446157841041   -0.125755217839909   0.1140909906484023   0.7739899415335141
  0.4286588190560819   0.4352178949980998   0.4429229794821422   0.4517847809406489   0.4759692707265251

 0.380957654905319
0.3801997513004216
0.3792702573836677
0.3782498293057431
0.3754345000375091

0.02098834877656162

 4.344763845426256  7.249407096598247 -6.965836603473051 -3.812730866182525 -0.817462097940158

 2.36904412470702e-06 2.293437511381513e-06 6.851429748684051e-06  -0.01453217507746477  -0.05308449103748873

cov:
0.05513745681785769 0.05569827599248328 0.05635511565762145 0.05711108582751426 0.05916603576671953
0.05569827599248328 0.05636691152317114 0.05714869849522977 0.05804820930877239 0.06049793313472011
0.05635511565762145 0.05714869849522977 0.05807960193974643 0.05914958240099116 0.06206842473697183
0.05711108582751426 0.05804820930877239 0.05914958240099116 0.06041652591602604 0.06387429571001718
0.05916603576671953 0.06049793313472011 0.06206842473697183 0.06387429571001718 0.06881559811943543

cov.inverse():
 366019.9104003968 -415992.4361780689  12969.43774539122 -30806.89834319171  67913.55405148589
-415992.4361759436  1771789.382635683 -1368508.832874837 -300470.7183809507  313251.2302486404
 12969.43774567146 -1368508.832875513  2256628.391150125 -803288.9738295457 -97815.70655981264
  -30806.898347143 -300470.7183758889 -803288.9738301419  1659580.756962392 -525245.6175590741
 67913.55405303204  313251.2302463803  -97815.7065596133 -525245.6175585593  241990.6739479583

cov*(cov_.inverse()):
     1.000000000003183  7.275957614183426e-12  5.456968210637569e-12 -7.275957614183426e-12  3.637978807091713e-12
 5.456968210637569e-12     0.9999999999781721  3.637978807091713e-12 -1.455191522836685e-11                      0
 9.094947017729282e-13 -7.275957614183426e-12      1.000000000016371 -1.091393642127514e-11  5.456968210637569e-12
 1.818989403545856e-12  3.637978807091713e-12 -1.818989403545856e-12      0.999999999992724                      0
                     0  3.637978807091713e-12  2.728484105318785e-12 -1.455191522836685e-11                      1
