6
1

0.001510560836256348
 0.00166781516036456
0.001808341991766447
0.002975447300863556
   0.104468253295359
  0.6175876308791265

  0.3211213523017347 -0.05320348759544003  -0.1875150088320509  -0.6413173453259237   0.6614300827742978   -0.100552949492293
   0.494223896534367   -0.350177581907855  -0.6310422397917419   0.4839779753077278  0.01970064622892461   -0.016771904405071
  0.2893426531110554  -0.7464693392867876   0.5880246298830355 -0.06420291624476029 -0.09205689301193802  0.02636101744960234
  0.3072855074292076   0.1046970679640177  -0.1710365916473524  -0.4177968113227106  -0.4925714010950662    0.669462369721546
 -0.5841455229842949  -0.4032598245071632  -0.1889561772425784   0.0642665718540912   0.3479311706250491   0.5790205464811534
  0.3650400953077996    0.379141943656708   0.3948327432113314   0.4143319921723521   0.4358497148319172   0.4532860538440683

 0.400024798753149
0.4004178519087205
0.4003713590725686
0.4005028359583059
0.4006437700059576
0.4008465753244575

-0.001346034995493925

  1.959269759352214  0.9932853120043887  0.2734037627021551  -1.034901708957915  -1.999044218196135 -0.1896669883049515

 -2.61051358058277e-07 -2.478652998130915e-07  7.576206024824146e-07  1.725826894702847e-05   -0.02694105233137778   -0.07105455771541593

cov:
0.05455114268075605 0.05535842734425461 0.05617689441931735 0.05727738709864037 0.05846501862467437 0.05942214540633351
0.05535842734425461  0.0566048253601826   0.057927496974625 0.05963318108720805 0.06149674224763921  0.0630021016567022
0.05617689441931735   0.057927496974625 0.05985204993003005 0.06226369960813347 0.06491950491357683 0.06706763587291693
0.05727738709864037 0.05963318108720805 0.06226369960813347 0.06552602962045521 0.06912323103871397 0.07203755893323628
0.05846501862467437 0.06149674224763921 0.06491950491357683 0.06912323103871397 0.07377972696435169 0.07754956784139064
0.05942214540633351  0.0630021016567022 0.06706763587291693 0.07203755893323628 0.07754956784139064 0.08203150999454867

cov.inverse():
 169302.0691178128 -132098.1717895365 -92406.98533188588 -24447.70454682676  71324.68062614597  8407.051406555509
-132098.1717893446  216975.2483804171 -52429.93137371376 -36261.95046340235 -2725.909590263153   6334.48253013812
-92406.98533194393  -52429.9313734902  267615.1775974422 -60567.90042735041 -65867.96360220468   3865.53543258118
-24447.70454725315 -36261.95046311479 -60567.90042694128  285433.6644594867 -157417.7945111346 -6763.284681176829
 71324.68062647271 -2725.909590680966 -65867.96360245743 -157417.7945106982  221878.4830868435 -67236.42828685438
 8407.051406521172  6334.482530236778    3865.5354325905 -6763.284681342941 -67236.42828676198  55398.99740572004

cov*(cov_.inverse()):
    0.9999999999997726 -3.979039320256561e-13  3.211653165635653e-12  1.875832822406664e-12 -2.728484105318785e-12                      0
  1.70530256582424e-12     0.9999999999991473  1.250555214937776e-12  2.046363078989089e-12 -9.094947017729282e-13 -4.547473508864641e-13
 3.069544618483633e-12 -4.547473508864641e-13      1.000000000000057  1.932676241267473e-12 -9.094947017729282e-13 -4.547473508864641e-13
  1.13686837721616e-13 -2.273736754432321e-13  3.581135388230905e-12      1.000000000001592 -3.637978807091713e-12                      0
 -1.13686837721616e-12  6.252776074688882e-13  4.604316927725449e-12  -1.13686837721616e-12     0.9999999999990905                      0
 5.684341886080801e-13  3.410605131648481e-13   1.70530256582424e-12  1.023181539494544e-12  9.094947017729282e-13                      1
