5
1

0.001622871222024205
0.001924408469801377
0.003013122141470803
 0.08293684926281121
  0.5703937039227093

 -0.0382433762991291   0.5824796320464469  -0.7835337209666421  0.03009630859754987   0.2107701182265851
 -0.6704551272971655   0.5506121546247912   0.3562197868037874  0.09761352125280244  -0.3330093713673534
 0.03004541649226709   0.2462069193631771   0.2426485323248052  -0.8696100429190956   0.3512541655558928
  -0.620585272890289  -0.3438007141974717 -0.03451746483332052   0.1494311774797271   0.6878617999333131
  0.4037307995059048   0.4227611089084277   0.4462203558554126    0.459363156041819   0.4981439262064809

0.3990248542937737
0.3986435040579498
0.3983565817088121
0.3982947406181088
0.3979724896032581

0.002114631329074525

 2.300950237462204 0.9421293667422075 -1.930975552913507   1.08716231622258 -2.397649905479479

 3.953532431414938e-06 -2.989439033106243e-06 -1.774969869793829e-05   -0.02181855868056164   -0.07461972773173343

cov:
0.05568218888998649  0.0569973367229708 0.05875916778425207 0.05970055286998843 0.06249751948695242
 0.0569973367229708 0.05896423262249105 0.06145702682031709 0.06282797733090034 0.06689089983862781
0.05875916778425207 0.06145702682031709 0.06479189958769588 0.06665179110172079  0.0721557895449188
0.05970055286998843 0.06282797733090034 0.06665179110172079 0.06881385326428702 0.07515342267869417
0.06249751948695242 0.06689089983862781  0.0721557895449188 0.07515342267869417 0.08399074003985033

cov.inverse():
 122090.6228504038 -107294.6665933149 -52305.97433613766 -20999.76797959515  58328.56132099801
-107294.6665931988  217382.2752278843 -113743.5411484122 -2420.124631304173  6594.657739417929
-52305.97433629802 -113743.5411482179  273852.9181439909 -22806.26472202343 -85351.11374752615
-20999.76797960211 -2420.124631283104 -22806.26472204095  86215.09522162876 -39997.71558694328
 58328.56132104954  6594.657739318515 -85351.11374747501 -39997.71558694672  60471.30000457734

cov*(cov_.inverse()):
    0.9999999999990905 -2.842170943040401e-12  1.818989403545856e-12 -4.547473508864641e-13 -1.818989403545856e-12
-1.364242052659392e-12     0.9999999999993747  9.094947017729282e-13 -4.547473508864641e-13 -9.094947017729282e-13
-1.818989403545856e-12 -1.591615728102624e-12      1.000000000002728  4.547473508864641e-13 -1.818989403545856e-12
                     0  -1.70530256582424e-12  9.094947017729282e-13      1.000000000000455 -9.094947017729282e-13
-9.094947017729282e-13  -1.13686837721616e-13                      0 -4.547473508864641e-13     0.9999999999990905
