6
1

0.0006784335608054514
0.0009132432479818422
 0.001283060562684451
 0.001586390353349574
  0.08332620225327118
   0.6925280723036321

  0.02273424497824257    0.0664164642803599    -0.687311467434762    0.7014783189188373   0.06036014017843491   -0.1641943229069771
  0.09492735435094769   -0.5766480521776504    0.4000898571014836    0.5022795856628466   -0.4910635834963221   0.07046773978407303
  -0.1461532788200151    0.5873303735195897  -0.07655709794522055    0.0147335251355957    -0.716858254461107    0.3372216310288498
   0.7162614326768399   -0.2574716777420419   -0.4073413341173316   -0.2959988211288671   -0.1386426745451969    0.3845956830558641
  -0.5687770656890881   -0.3227714373584962    -0.202016401934945 -0.002436248874126157    0.2024926642714359    0.7003509175610321
   0.3641062759651215    0.3842341004124767    0.3936146270150103    0.4096401734839791    0.4255612566524066    0.4647051176685064

0.4042417280511446
0.4026024911382109
 0.402026276465855
0.4013869380308511
0.4005512873538255
 0.398558344116134

0.01256686230174833

 0.6129544361281799   0.410199942299627  0.9544939612125657 0.06678035817216392   1.913264787385266  -3.956696698543287

 9.073872252543225e-08 -8.184031941972566e-07 -4.323984672755962e-06 -4.686324518731913e-06   -0.02123022342107882    -0.1154067857312168

cov:
0.06582907600800808 0.06837036794421461 0.06953150673699876 0.07154197175900209 0.07351324484546076   0.078383294053004
0.06837036794421461   0.071529804102846 0.07298675771651564  0.0754926275978797 0.07796689966371688  0.0840648659522257
0.06953150673699876 0.07298675771651564 0.07458899722794991 0.07733375800612063 0.08005162935273469 0.08674230499958104
0.07154197175900209  0.0754926275978797 0.07733375800612063 0.08047919430696865 0.08360284856017189 0.09128448457653175
0.07351324484546076 0.07796689966371688 0.08005162935273469 0.08360284856017189 0.08714161457711769 0.09582906862101227
  0.078383294053004  0.0840648659522257 0.08674230499958104 0.09128448457653175 0.09582906862101227  0.1069751578517344

cov.inverse():
 228805.6450564399 -187749.1306850147 -97530.38964605708  6265.596627253117 -28744.39507987818  79375.18552959026
 -187749.130685285  644184.5401652949 -361434.7066693778 -210520.8617174258  106659.6422167166  8515.828013312193
-97530.38964598543 -361434.7066625496  1287771.210140164 -759320.7314133075 -269933.4444490782  201038.6607094322
 6265.596627478706 -210520.8617252957 -759320.7314008693  1406530.619827884 -193856.9189200391 -250018.5541154036
-28744.39507977059  106659.6422147704 -269933.4444524281  -193856.918913103    616852.46539399 -231033.7071908058
 79375.18552945564  8515.828016036903  201038.6607072372 -250018.5541175505 -231033.7071890539  192450.5929070837

cov*(cov_.inverse()):
     1.000000000001819 -3.524291969370097e-12  3.637978807091713e-12 -1.091393642127514e-11 -3.637978807091713e-12                      0
 9.094947017729282e-13       1.00000000000864 -3.637978807091713e-12 -1.091393642127514e-11 -3.637978807091713e-12 -1.818989403545856e-12
 1.818989403545856e-12  -1.13686837721616e-12                      1 -1.091393642127514e-11 -3.637978807091713e-12                      0
 9.094947017729282e-13 -1.932676241267473e-12 -3.637978807091713e-12      0.999999999992724 -3.637978807091713e-12 -3.637978807091713e-12
 1.818989403545856e-12 -4.433786671143025e-12  7.275957614183426e-12  3.637978807091713e-12      0.999999999992724 -3.637978807091713e-12
                     0 -4.092726157978177e-12                      0                      0                      0                      1
