6
1

0.0007753877736723248
 0.001296845941976699
 0.001839038280167452
 0.002353914703727094
   0.1154356681777727
   0.7151991323685256

-0.01282719969964794  -0.2065833772737505  0.02542496808545387  -0.1842902438828228   0.8413622124296528  -0.4633131507792322
 0.01403979681973463   0.2850089054976704   0.2117465161633433  -0.8773636363917702  0.04726085183184393   0.3189603144695363
  -0.719987385414095   0.6006882100091376   0.1970903711432172   0.1429004938758142   0.0260198730072977  -0.2466771976935754
  0.1296832648331019   0.4643857880465915  -0.8520182233559664 -0.01213909117010138   0.1853992276079162  0.08409997990409171
 -0.5840351684085652  -0.4037912764076396   -0.192724033347712  0.05405187549835155   0.2540571246129488   0.6254968795427918
  0.3512003484934321   0.3695474953705479   0.3906337972227983   0.4156689086493506   0.4362122297965532   0.4737472420066648

0.3677600594067082
0.3611088398980294
0.3536350237583264
0.3441937358300316
0.3367176790346914
0.3232773179415522

0.08883763978624869

  1.405188932817778  0.2700448380259855  -1.516464213525593 -0.5876723216854575   5.654218968033277  -5.185713100844849

 4.302248464934879e-06 -1.842629754540135e-06  6.559661729536437e-07  1.229524971934796e-05   -0.03299873720800353    -0.1195090807823226

cov:
 0.0676375799803562 0.06952779052977696 0.07167318766633178 0.07425073389842451 0.07638508575540305  0.0802378445767558
0.06952779052977696  0.0720297636276965 0.07487569155578425    0.07828174110416 0.08108940973969782 0.08618542672417429
0.07167318766633178 0.07487569155578425 0.07855288546241478 0.08291708331515382 0.08650760253031681 0.09305405656911959
0.07425073389842451    0.07828174110416 0.08291708331515382 0.08841930769497276 0.09292971086743651   0.101177509913973
0.07638508575540305 0.08108940973969782 0.08650760253031681 0.09292971086743651 0.09819136195272188  0.1078231400955047
 0.0802378445767558 0.08618542672417429 0.09305405656911959   0.101177509913973  0.1078231400955047  0.1200154997220035

cov.inverse():
 156725.8162061921 -110203.5255971197 -60664.68394584163 -34099.86120064303 -18766.82882953951  67002.41724758882
-110203.5255971643  264903.0644963224 -9248.907888147987 -60998.38510314018 -260933.4659307029  176466.2774188609
-60664.68394575892 -9248.907888568789  170237.0679552474 -108063.2436265485  14534.70246420857 -6750.232723124906
-34099.86120145563 -60998.38510237935 -108063.2436259439  520256.0879914244 -281858.0397671761 -34982.16649770202
-18766.82882834771 -260933.4659310932   14534.7024623835 -281858.0397663821  1185148.004396929 -638473.5796561989
 67002.41724717188  176466.2774188655 -6750.232722241309 -34982.16649794367 -638473.5796564281  436825.4135519203

cov*(cov_.inverse()):
     1.000000000002728 -3.637978807091713e-12  -1.13686837721616e-12  4.547473508864641e-12 -7.275957614183426e-12                      0
 3.637978807091713e-12     0.9999999999909051  2.728484105318785e-12  6.366462912410498e-12  7.275957614183426e-12 -7.275957614183426e-12
 1.818989403545856e-12 -7.275957614183426e-12     0.9999999999994316  8.185452315956354e-12                      0 -7.275957614183426e-12
 4.547473508864641e-12 -7.275957614183426e-12  1.023181539494544e-12      1.000000000006366 -7.275957614183426e-12                      0
 1.818989403545856e-12 -7.275957614183426e-12  2.273736754432321e-12  4.092726157978177e-12                      1  7.275957614183426e-12
 2.728484105318785e-12                      0  3.410605131648481e-13  3.637978807091713e-12                      0      0.999999999992724
