5
1

                  nan
                  nan
0.0002536065130191765
  0.03163769297482265
   0.8563434060628387

  0.4545047013238233  -0.7636466371872705   0.3699358015855865  -0.2163861566421842   0.1630761291727552
 -0.3220171501375571  -0.1143057078925854   0.6359714737340362   0.3770230032533327  -0.5802009132833701
   0.310063187942077  -0.3066930017821115  -0.5063901476311219   0.7161069216118626  -0.2013954253273553
 -0.6764653299629126  -0.3751586810592516 -0.04221631246205578   0.2639769779651555   0.5746168805826548
  0.3687626720984548   0.4110637241833783    0.447743887335187   0.4780561872368425    0.515779409753673

0.5980998687446117
0.6214719489216805
 0.638845871668309
0.6507794982753694
0.6738123474642634

-0.2187139056334903

 52.30731232761639 -54.87909053996662  360.9375598997909 -770.6571400154653  406.7261481386419

-2.930777724527119e-14  5.944260919866492e-15 -5.039252027485835e-05  0.0002430278587541249    -0.2190250575189989

cov:
0.1001797775307429 0.1114149068608723 0.1211086088489951 0.1290984374160653 0.1390892929217007
0.1114149068608723 0.1240531266431024 0.1349850814878242 0.1440075056915651 0.1552622724007524
0.1211086088489951 0.1349850814878242 0.1470146334709825 0.1569544366220188 0.1693274339213499
0.1290984374160653 0.1440075056915651 0.1569544366220188 0.1676619828624341 0.1809686532545499
0.1390892929217007 0.1552622724007524 0.1693274339213499 0.1809686532545499 0.1954155165330748

cov.inverse():
 4.608226978557152e+16 -6.434958827728754e+16  1.958804913886162e+16 -2.640329668508947e+16   2.58059749764087e+16
-6.104015267601486e+16  7.682698324069818e+16 -1.442149864597576e+16  3.784440130706024e+16 -4.014520157880138e+16
  1.50529026563388e+16      -9495321556452722      -9394529394501882 -1.255881461942009e+16  1.660088715632763e+16
-2.753301955338341e+16  4.131812802284502e+16  -1.56374799305441e+16  1.479531778276572e+16 -1.338293220965692e+16
 2.815245522877846e+16 -4.527511925972622e+16  2.013797090001313e+16  -1.40947290559851e+16  1.153749735981323e+16

cov*(cov_.inverse()):
  0.5     0   0.5 -1.25     1
   -1     1     1 -0.25     1
   -1    -1   1.5  -1.5  1.25
   -1     0     1     0     1
   -1     1     1     0   1.5
