5
1

0.0008197058278423229
 0.001236441474117822
 0.001314445654663219
  0.09840380847594306
    0.642249433860975

  0.02176448011272474   0.09894857779567511    0.2011460227791618   -0.8307938235776645    0.5089768035804444
  -0.3930933042382391    0.2451838280172527    0.7340415044960454   -0.1011875959133538   -0.4861138598644642
   0.3972681898378688   -0.7986875355542138     0.449784334694614 -0.002952073062706227  -0.04428931497818084
  -0.7419736602579978   -0.3489443867835277   0.08664398552733345    0.2659717593895853    0.4994644585901631
   0.3696715222934795    0.4128318118963518    0.4592496262737403     0.478323114233801    0.5031994036648938

0.4032636951813051
0.4012341468202685
0.3991938327100419
0.3983387723190129
0.3972197862950854

0.0124579727157882

 1.169803411749926 0.2089868134317442  2.067366351041954 0.2295272157570979 -3.672706789718897

-1.073745040311271e-06  4.389239733519064e-06  2.401015446946675e-06   -0.02454817719535289    -0.1114363789828977

cov:
0.06170029835330957 0.06545651495055678 0.06940544206463466 0.07102558727917982 0.07314144963143451
0.06545651495055678 0.07148001009340589 0.07791098621955389 0.08055325260301933 0.08400039756212545
0.06940544206463466 0.07791098621955389 0.08707105639662187 0.09083323722802554 0.09574125173760267
0.07102558727917982 0.08055325260301933 0.09083323722802554 0.09505901540164699  0.1005677962486031
0.07314144963143451 0.08400039756212545 0.09574125173760267  0.1005677962486031  0.1068611930448708

cov.inverse():
 193181.7478358203 -243454.7379851735 -78813.44259857212   -1591.3448033115  131258.4764263261
-243454.7379851723  423112.3547983477 -60577.07809844011 -137217.8776760582  17447.41223437482
-78813.44259737826 -60577.07809929277  529754.7830108585 -298057.8052156821 -92562.52009598246
-1591.344805426651 -137217.8776745436 -298057.8052124389  1033946.894121367  -597060.372034743
 131258.4764272457  17447.41223371464 -92562.52009888791 -597060.3720320944  541282.3020817393

cov*(cov_.inverse()):
     0.999999999998181  9.094947017729282e-13  9.094947017729282e-13 -7.275957614183426e-12  7.275957614183426e-12
 3.637978807091713e-12     0.9999999999988631  6.366462912410498e-12 -1.455191522836685e-11                      0
 1.818989403545856e-12 -9.094947017729282e-13      1.000000000003638 -1.455191522836685e-11  7.275957614183426e-12
-3.637978807091713e-12  3.865352482534945e-12  5.456968210637569e-12      1.000000000007276  7.275957614183426e-12
                     0  2.273736754432321e-13 -1.818989403545856e-12 -7.275957614183426e-12                      1
