6
1

0.0009553832393539133
 0.001079184728336431
 0.001465545749111568
 0.002713259358794184
  0.08196677015115444
   0.6155695758710267

-0.005381016632939177    0.5363800534954475   -0.6398394379590535    0.2038416071181604   -0.4059110860205445    0.3107374550284646
  0.02028010778766515   -0.1465115650875452   -0.4483898367906561    0.5937078497964711    0.4511850090366081   -0.4701198884298072
 -0.03237732112061188    -0.373216675373552    0.3004475715317429    0.6394507030715961   -0.5971145133286002   0.06284373775034678
   0.6049179967056134   -0.5676913649079133   -0.3525146451721225   -0.1354540197362678   0.04265117554301418    0.4091054169427684
  -0.7054563526351311     -0.27322884864724   -0.1145812783219717    0.0855704565023674    0.3021685377170427    0.5620679080321743
   0.3673105263310253    0.3932081169137103    0.4023529051132165    0.4139955218961207    0.4266117530933136    0.4418060816231066

0.4003682572125517
0.4005387560388179
 0.400514030277699
0.4005288695468576
0.4005235017780161
 0.400505231694007

0.0002394876826621422

 2.494707423391456   3.84423269381176 -1.906325102109585 -7.657609195000873  6.718439717297091  -3.49300147091281

-1.921488176816664e-06  5.463921547632859e-07 -2.409023226380288e-05 -7.835822877195601e-07    -0.0213670180791017   -0.07062402406542286

cov:
0.05446986377600165  0.0560205706948538 0.05654235098707475 0.05721512622431729 0.05794537790344597 0.05882990736879257
 0.0560205706948538 0.05909125386577927 0.06016060419828165 0.06152695354586684  0.0630090940172784  0.0647943491822956
0.05654235098707475 0.06016060419828165 0.06143342710904397 0.06305302071315685 0.06480894454970246 0.06692496299346069
0.05721512622431729 0.06152695354586684 0.06305302071315685 0.06499563605533436 0.06709722636368461 0.06963027168776259
0.05794537790344597  0.0630090940172784 0.06480894454970246 0.06709722636368461 0.06957820982523451 0.07256058731668132
0.05882990736879257  0.0647943491822956 0.06692496299346069 0.06963027168776259 0.07256058731668132 0.07608765051315672

cov.inverse():
 50653.54584451952   -46705.528621805 -37518.66646950953 -11641.59912510419  22724.08588551434  22592.11535179483
-46705.52862127845  442273.9991928267 -344611.6706903658 -55573.12698790414 -194835.1613351986  199255.3963408883
-37518.66646989621 -344611.6706894264  680066.9260607511 -275537.1295038438  25260.43031026982 -47636.26831745125
-11641.59912527324 -55573.12698712167 -275537.1295035618  541053.4789908058 -39199.39831970413 -159071.2593292324
 22724.08588513837 -194835.1613365118  25260.43031088714 -39199.39831727868   521567.066086157 -335388.7190379166
 22592.11535219967  199255.3963410053 -47636.26831779676 -159071.2593307619 -335388.7190365629    320177.01936124

cov*(cov_.inverse()):
     1.000000000000682  7.275957614183426e-12 -8.185452315956354e-12  1.091393642127514e-11                      0 -3.637978807091713e-12
 6.821210263296962e-13      1.000000000010914 -5.911715561524034e-12  3.637978807091713e-12 -3.637978807091713e-12  3.637978807091713e-12
                     0  7.275957614183426e-12     0.9999999999949978  3.637978807091713e-12 -1.091393642127514e-11  3.637978807091713e-12
 9.094947017729282e-13  1.818989403545856e-12 -1.091393642127514e-11      1.000000000007276 -7.275957614183426e-12                      0
 4.547473508864641e-13                      0 -1.091393642127514e-11    1.2732925824821e-11      0.999999999992724                      0
 4.547473508864641e-13                      0 -4.547473508864641e-13  3.637978807091713e-12 -3.637978807091713e-12                      1
