5
1

                  nan
5.027378243396106e-09
6.604854711861922e-09
  0.05230416053777503
   0.8513478037499159

                   0  -0.4828550908471794   0.4856815976955317   0.5156505124344802  -0.5148484203422752
                   0  -0.2297774258723221   0.6857715886847361  -0.6608285435962111    0.200562455810686
  -0.436334892878446   0.7013498499723763   0.2877369866695799 -0.08982636068992306  -0.4762970718238713
 -0.8501338133599571  -0.2144386999076806  0.01154840409611515   0.2167902477376219    0.429135370498232
  0.2947615318165053   0.4197353067447158   0.4592436985717626   0.4922838595826933   0.5326253266129971

0.4877419819434484
0.5245364407698313
0.5349747681369384
0.5414955584953228
0.5571570234994093

-0.1346277170110418

 -1.214875842702082 -0.5555429440419479  0.5573062284068113  -1.823853760209638   1.515173165886929

 5.930876589058572e-17  5.102871094262531e-17 -1.121235584826557e-17   0.003866109430029904    -0.3088882897594665

cov:
0.06495036745061153 0.09017144783101422 0.09808647933243292  0.1046678786882297  0.1127926169078061
0.09017144783101422   0.127818197894841  0.1397049158380054  0.1496360306470939  0.1617841907723964
0.09808647933243292  0.1397049158380054  0.1528626866993445  0.1638668084698547  0.1773014429629774
 0.1046678786882297  0.1496360306470939  0.1638668084698547  0.1757773925078501  0.1902973240759455
 0.1127926169078061  0.1617841907723964  0.1773014429629774  0.1902973240759455  0.2061201636067195

cov.inverse():
 7.200651892933816e+16  -1.12819542697884e+18  1.829898538965005e+18 -6.161284311752006e+17  -1.59099811674569e+17
      1761859872199964 -1.725556791260639e+17  2.972527466427233e+17 -7.291394597020288e+16  -5.39003840242065e+16
-4.292082216706254e+17  7.299025905765243e+18 -1.192968138222098e+19   3.94564726987945e+18  1.124820205958531e+18
 4.146189118522735e+17 -7.195346275377945e+18  1.179840068856505e+19  -3.91433260900739e+18 -1.114200179546378e+18
 -5.43783634992564e+16  1.117291041114623e+18 -1.865631141954599e+18  6.142491171057751e+17   1.90483941479679e+17

cov*(cov_.inverse()):
  -7   16   96   16   16
   4 -256  448  -80   -4
  -4   96 -192   64    4
 -10 -224  128    0   32
   6  -64   64   16    8
