5
1

0.001751855446914686
0.001859867918944627
0.004397423737782614
  0.0772243885127467
  0.5731243632827804

  0.3950381279590797  -0.8097076543386763   0.4231125194356605   0.0631766304010507 -0.07282102190934257
  0.2092592563465427 -0.02049425174102705 -0.01613452598892697  -0.7721440684549951   0.5994362050291491
  0.4600209134275619  -0.1817762498672121  -0.7876453606124911   0.3049614261155775   0.2048205767999307
 -0.6513750526573736  -0.3623199613695811 -0.02686251629667817   0.2966587815596604   0.5964115683909033
  0.4052736619578836   0.4238338598180801   0.4467758544189128   0.4677545796954081    0.487560362701048

0.4009011597739652
0.4007404223336146
0.4007156944779375
0.4008121171776568
0.4008228518339549

-0.0001071091543713671

  4.60537451858531 0.5309211943948269 -5.129214074824572 0.8765426976680246 -0.883264944026923

-2.029005851008601e-06 -5.904158151973171e-07  0.0001188948779927291   -0.01980609723087628   -0.07252248843558168

cov:
0.05648539708880288 0.05782596326204399 0.05957303029490016 0.06111773923628754 0.06258983629778102
0.05782596326204399 0.05979055998185091 0.06225871553259402 0.06447738237642019 0.06658759799091143
0.05957303029490016 0.06225871553259402  0.0655826146803313 0.06859241477949965  0.0714522283020801
0.06111773923628754 0.06447738237642019 0.06859241477949965 0.07239642382248675 0.07596549401314014
0.06258983629778102 0.06658759799091143  0.0714522283020801 0.07596549401314014 0.08020601183770062

cov.inverse():
 74523.26335672567  -109748.744599795  34752.52224990806 -31355.95115994987   31697.5191701702
-109748.7445997146  215481.6041754822 -104129.8287630859 -14977.58267466142  13700.23598945146
 34752.52224982987 -104129.8287630327  90491.35633620831 -110.8315292344753 -21180.32231652714
-31355.95116004365 -14977.58267443809 -110.8315293896419  178483.7741403963 -132045.0122058838
 31697.51917026197  13700.23598925516 -21180.32231639696 -132045.0122059098  107835.2765502401

cov*(cov_.inverse()):
                     1 -1.591615728102624e-12  4.547473508864641e-13                      0  2.728484105318785e-12
                     0     0.9999999999989768  2.273736754432321e-13                      0  2.728484105318785e-12
-4.547473508864641e-13  3.410605131648481e-13     0.9999999999997726  1.818989403545856e-12  9.094947017729282e-13
 4.547473508864641e-13  4.547473508864641e-13 -9.094947017729282e-13      1.000000000001819  1.818989403545856e-12
                     0 -2.273736754432321e-13  4.547473508864641e-13                      0                      1
