6
1

0.0007660632194331965
 0.001282965737875788
 0.002104943596634655
 0.002516011419419499
  0.09573423601468624
   0.7452072498034411

  -0.2064367120177828   0.01831823627390784   -0.1940024618258811     0.857693797915279  -0.05002625140563537    -0.425758257870076
   0.3087739789606215    0.1993688620274522   -0.8472676173318757   0.05659946268580684  -0.08694611783789867    0.3691681795714059
   -0.322619292154175    0.5252532642560378   -0.2214867988287165   -0.2687107907828896    0.6220152207604615   -0.3344562373795288
   0.4597613415826003   -0.6164956227716631   -0.1480691952396323 -0.004456674128147618    0.5659714873219154   -0.2574579245332488
  -0.6510549095330673   -0.4064981427856438   -0.1205997065453604    0.1110054458856595    0.3016571028383249     0.541316228056022
   0.3502946184815121     0.372448539367884    0.3987172576815947     0.420250270431344    0.4378516640956614    0.4596476309778317

0.3611088398980294
0.3536350237583264
0.3441937358300316
0.3367176790346914
 0.329828340946356
0.3232773179415522

0.08883763978624869

  1.16549304571223 -0.765870187811885 0.2561752425354948  2.197852806959943  4.658163676182594 -7.473382812793022

 2.658197036460693e-06 -5.019336806024809e-06  1.759623313173613e-05  3.494805868560973e-05   -0.02634667323622511    -0.1370172710303046

cov:
 0.0720297636276965 0.07487569155578425    0.07828174110416 0.08108940973969782 0.08337623254594549 0.08618542672417429
0.07487569155578425 0.07855288546241478 0.08291708331515382 0.08650760253031681 0.08943765972539237 0.09305405656911959
   0.07828174110416 0.08291708331515382 0.08841930769497276 0.09292971086743651 0.09661519951072381   0.101177509913973
0.08108940973969782 0.08650760253031681 0.09292971086743651 0.09819136195272188  0.1024915774798924  0.1078231400955047
0.08337623254594549 0.08943765972539237 0.09661519951072381  0.1024915774798924  0.1073030646000627  0.1132597830905344
0.08618542672417429 0.09305405656911959   0.101177509913973  0.1078231400955047  0.1132597830905344  0.1200154997220035

cov.inverse():
  187470.253563613 -52035.47415629799 -85313.27723676129 -271858.3178520497 -2918.887223917148  224636.8443732063
-52035.47415635535  147044.2493803486 -120510.0718096561  2202.595779222043  6513.015180200277  16826.08625584711
-85313.27723670278 -120510.0718087482  514795.6611301909  -299136.102140905   16957.2521829808 -26545.00233070436
-271858.3178521791  2202.595777605692 -299136.1021382203  1271779.029304351 -114221.1923410376 -589085.8309289094
-2918.887223619699  6513.015180311344  16957.25218203867 -114221.1923406577  146790.5233180409 -53159.50618680057
 224636.8443730372  16826.08625638731 -26545.00233148075 -589085.8309283508  -53159.5061869538  427432.4374700128

cov*(cov_.inverse()):
     1.000000000003638 -2.273736754432321e-13 -2.273736754432321e-12 -7.275957614183426e-12  1.818989403545856e-12                      0
 3.637978807091713e-12      1.000000000000909 -4.092726157978177e-12  1.455191522836685e-11  9.094947017729282e-13                      0
                     0                      0      1.000000000008185 -7.275957614183426e-12  2.728484105318785e-12 -7.275957614183426e-12
 1.091393642127514e-11 -1.818989403545856e-12  5.002220859751105e-12      0.999999999992724  2.728484105318785e-12                      0
 3.637978807091713e-12 -1.591615728102624e-12 -5.456968210637569e-12  1.455191522836685e-11                      1 -7.275957614183426e-12
 1.091393642127514e-11  -1.13686837721616e-12  5.456968210637569e-12                      0 -9.094947017729282e-13                      1
