5
1

0.001398547049944252
0.001790870847894258
0.002316378244283489
  0.1041320077044993
  0.5619689908698265

 -0.1374353705651727 -0.02990299052511147 0.009884921202738817   0.7742941272866259  -0.6169183275422503
  -0.452920877484434   0.8184767694665017  -0.3517317526084609 -0.03118851681902765  0.01644710333218566
  0.5323108337724766 -0.04875575611599122  -0.8110145487193897   0.2023710442440598   0.1247774607493802
 -0.5761740122730766  -0.3915187644072083   -0.173154907497377   0.3597581688007845    0.596093954581725
  0.4008027962551413   0.4165783508104395   0.4341196175190152   0.4786605282460077   0.4982407576006918

0.4012973498355697
0.4015493936207273
0.4013105239373043
0.4011811580275603
0.4011003346845936

0.0007581951373414871

 3.441879713077235 0.4025281892452381 -2.603872453025117 0.3778908017668587  -1.61804513824947

 1.525605802273749e-06 -1.128852982832367e-06  2.038330869495859e-05   -0.02730824342444891   -0.06584216330553387

cov:
0.05433448536676679 0.05517409947637419  0.0560296576404852 0.05834024798934202 0.05934217971608045
0.05517409947637419 0.05646906302824929 0.05784685708123551 0.06144471573388686  0.0630175572007089
 0.0560296576404852 0.05784685708123551 0.05984638397403012 0.06494754115331508 0.06718848269232564
0.05834024798934202 0.06144471573388686 0.06494754115331508 0.07376171974048024 0.07764132913552584
0.05934217971608045  0.0630175572007089 0.06718848269232564 0.07764132913552584 0.08225149837871001

cov.inverse():
 126458.7223102194 -118299.1160144062  -31472.6049758361 -29943.72115113505  53373.51969149728
-118299.1160144168     209788.7852635 -82536.19572349248 -21648.17900625435  12474.25027948646
-31472.60497596511 -82536.19572315848  161212.5965709691 -23260.03509894147 -23790.53678673386
-29943.72115067106 -21648.17900739348  -23260.0350981848  314467.9056924768 -239652.2744336178
 53373.51969117283  12474.25028028101 -23790.53678728506 -239652.2744335378  197600.9401499891

cov*(cov_.inverse()):
                     1   1.13686837721616e-13  9.094947017729282e-13 -3.637978807091713e-12  1.818989403545856e-12
-1.818989403545856e-12      1.000000000002501 -4.547473508864641e-13                      0 -3.637978807091713e-12
-9.094947017729282e-13  2.614797267597169e-12      1.000000000002046 -3.637978807091713e-12  1.818989403545856e-12
                     0  2.273736754432321e-12  1.591615728102624e-12                      1  1.818989403545856e-12
-9.094947017729282e-13  1.364242052659392e-12                      0                      0                      1
