5
1

0.0008907385012389777
 0.001843455229852622
 0.002182267766138117
    0.104196974426719
   0.5691075811030498

-0.004197308109679929    0.0296450112520031    0.2849688677681483   -0.8146386358708615    0.5042421970262935
   0.6764041963073337   -0.6437056960250458    -0.276144594006734   0.01706030629555529    0.2270978847825308
 0.002924638247905013    0.4738959037941923    -0.801355379089852  -0.03840373058380666    0.3629997641035198
    -0.62193068641309   -0.4373260209653331  -0.02242439250323138    0.3266902773433921    0.5609980231645486
   0.3945293570969401    0.4110143233106301    0.4470610815407853    0.4773588326009151    0.4976733333539739

0.3998573847438988
0.3999644913261105
0.3994935285691842
0.3991607756720334
0.3989316934475951

0.002456502761509054

  1.834571126195168 -0.4484368115307804   2.032352844926518  -1.673208753740362  -1.743432865284171

 8.268267329320673e-07  1.848262876498959e-06 -1.145041850492436e-05   -0.02730668921734777   -0.07070924377640139

cov:
0.05461458488854589 0.05547152355452263 0.05727691625024157 0.05879176778968764 0.05980595175751442
0.05547152355452263 0.05679345310972106 0.05961837307849593 0.06199507161828236 0.06358732475893276
0.05727691625024157 0.05961837307849593 0.06474135477590108 0.06903990674117638 0.07192288292576315
0.05879176778968764 0.06199507161828236 0.06903990674117638 0.07496305606454717 0.07893400063395224
0.05980595175751442 0.06358732475893276 0.07192288292576315 0.07893400063395224 0.08363695354479654

cov.inverse():
 134691.8285656862 -127963.6444485306 -56961.75261502306  7663.556466988528  42725.50538552976
-127963.6444484584  170212.8885496016 -16787.04124090212 -37503.65024622015  11924.04596440164
-56961.75261503633 -16787.04124093996  259636.2420810918  -287515.766662942   101570.862849016
  7663.55646671424 -37503.65024576166 -287515.7666631719  836835.7890124655 -519500.0718509234
 42725.50538574472  11924.04596405343  101570.8628491947 -519500.0718509686  363338.1028172307

cov*(cov_.inverse()):
     1.000000000000455 -2.273736754432321e-12 -1.818989403545856e-12  1.091393642127514e-11  3.637978807091713e-12
 1.364242052659392e-12     0.9999999999988631 -1.818989403545856e-12                      0  7.275957614183426e-12
 1.364242052659392e-12 -1.477928890381008e-12      0.999999999998181                      0  3.637978807091713e-12
 1.364242052659392e-12 -2.046363078989089e-12  5.456968210637569e-12      0.999999999992724  1.091393642127514e-11
-4.547473508864641e-13  -1.70530256582424e-12                      0                      0                      1
