6
1

0.0006705754185784906
0.0008240406098619364
0.0009264594889657493
 0.001300182453905703
  0.07004079620352784
   0.7132484833563117

-0.08496631516630385   0.6788549465112191  -0.6486469170933886 -0.03458597998755814  -0.1852351724442377   0.2751101683097292
-0.03737623735617383  0.09779186990451574  -0.3099858111817845  -0.1282897724794091    0.823473207188177  -0.4454011397022282
 -0.5072885686805653   0.4297726735721259   0.5338609488778397  -0.5197260403517737  0.05200885123735444  0.01123239837168019
   0.538470104601761  -0.1691203008055447 -0.08333091729129496  -0.7341555909652904  0.09162877131774082   0.3565444783616873
 -0.5540695656190738  -0.4146252499857239  -0.1844317131280894  0.05226814770842594   0.3019560211002825   0.6270313897868444
  0.3702687039962173   0.3799636650499795   0.3964837480786529   0.4129334041165515   0.4304667430984992   0.4533362156756723

0.4022523671049387
  0.40171076694553
0.4011266207401249
0.4003477011308832
0.3995481854424237
0.3985009901432102

0.01168007840404844

   0.9065832514474058     1.164138690003818    0.1021125151373101     2.028831777571464 -0.005572146713544154    -4.196021748607161

-2.592301279154437e-07  1.122017385330593e-06 -8.642739618407049e-07 -4.569821926097626e-06   -0.01731962454529839    -0.1263358959886801

cov:
0.07125216033591734 0.07269823620246921 0.07518443428991178 0.07763942597708558 0.08026388819096476 0.08368836570446755
0.07269823620246921   0.074289393172324 0.07701402628125667 0.07971222740334832 0.08259347760928787 0.08635281610353002
0.07518443428991178 0.07701402628125667 0.08013837293376021 0.08324151059791553 0.08655207428030466 0.09087081837829225
0.07763942597708558 0.07971222740334832 0.08324151059791553  0.0867590166523837 0.09050488824802275 0.09539219903977296
0.08026388819096476 0.08259347760928787 0.08655207428030466 0.09050488824802275 0.09471505116513604  0.1002040313871733
0.08368836570446755 0.08635281610353002 0.09087081837829225 0.09539219903977296  0.1002040313871733  0.1064787953992982

cov.inverse():
 489512.3284473786 -441481.0969913129 -202419.4174998887   86907.3778744822 -11910.85914231795  79395.12772485205
-441481.0969885903  1271075.627512849 -748222.6246575606 -257477.6715767631 -144202.5946207959  321082.8625222043
-202419.4174981984 -748222.6246617611  1413342.031616626 -178615.4871760246 -80898.17120064487 -204129.0854231094
 86907.37787021312 -257477.6715732093 -178615.4871753865   660434.200672206  -212611.205180103 -98649.21658346881
 -11910.8591477175 -144202.5946066845 -80898.17120910164  -212611.205182634  1083065.004451199 -633418.5651854567
 79395.12773010724  321082.8625114656 -204129.0854178008 -98649.21658101553 -633418.5651877411  535890.5353706772

cov*(cov_.inverse()):
                     1 -3.637978807091713e-12 -2.182787284255028e-11                      0 -7.275957614183426e-12  7.275957614183426e-12
 1.091393642127514e-11      0.999999999992724 -2.182787284255028e-11 -5.456968210637569e-12 -1.455191522836685e-11  1.455191522836685e-11
                     0 -7.275957614183426e-12      1.000000000003638 -1.818989403545856e-12 -1.455191522836685e-11  7.275957614183426e-12
                     0  3.637978807091713e-12 -3.637978807091713e-12      0.999999999994543 -7.275957614183426e-12  7.275957614183426e-12
-4.547473508864641e-12 -3.637978807091713e-12 -1.091393642127514e-11                      0     0.9999999999781721  1.455191522836685e-11
 1.818989403545856e-12 -7.275957614183426e-12 -3.637978807091713e-12                      0                      0      1.000000000007276
