6
1

0.0008129594212757141
 0.001188003237616079
 0.001278740908649541
 0.001778516930096018
   0.1106583412620152
   0.6901259192447612

 0.03305287405632829 -0.05814441022929612      0.1501325197206   0.2083855759307909  -0.8277782741396772   0.4943132025390147
  0.3653714842844962   0.2514165259354788   -0.632473032094659  -0.4554242197484101    0.031190900103158   0.4414602818471599
-0.06598434988362765  -0.1450134677925496   0.6090146647020757  -0.7311015192708678   0.0830273502265047   0.2496303778413722
    0.62028922584535   -0.773496130782774  -0.0170837306391903  0.08984484147869025   0.0919605852553924 -0.01114958882007611
 -0.5964285593194936  -0.4247425642167806  -0.2397089893157691   0.1555192794169262   0.3182192433670517   0.5300533889075525
  0.3472340730502204   0.3656193950148609   0.3857291471509636   0.4270789839358554   0.4440681024773608   0.4662306761492481

0.4041274428384722
0.4036964537424171
0.4020174120802743
0.3998792145836083
0.3989840723385458
 0.397810613678072

0.01301779546946047

   1.049021703851901   0.3581502568719475 -0.01583505427030545    1.957473618770325    0.267742162869092   -3.613378548536903

-1.049772548772445e-06 -2.815576247953021e-06 -3.992599304394811e-06  1.944427883942761e-06   -0.02815983544492266    -0.1146303404016865

cov:
0.06178243154373886 0.06356628507284513 0.06554157759212269 0.06949387681876187 0.07111538868220231 0.07323350632622876
0.06356628507284513 0.06587825005928433 0.06841533360193539 0.07356028488853325 0.07567248154281696 0.07843029960156296
0.06554157759212269 0.06841533360193539 0.07156814053414397 0.07800302339817351 0.08064684000113771 0.08409652529714591
0.06949387681876187 0.07356028488853325 0.07800302339817351 0.08716803962299026  0.0909321508114861 0.09584326450644791
0.07111538868220231 0.07567248154281696 0.08064684000113771  0.0909321508114861 0.09516000447177597  0.1006720816720326
0.07323350632622876 0.07843029960156296 0.08409652529714591 0.09584326450644791  0.1006720816720326  0.1069690572278491

cov.inverse():
 220571.4613330543 -83631.18543650536 -184140.3142808599  -60365.2776092354 -18655.95092725628  126721.6618960723
-83631.18543707801  251925.1138255517 -175699.6513613125 -56600.54735716723  48520.44236289822  15723.24097749308
 -184140.314279739 -175699.6513626731  544458.4332420599 -21355.37343984014 -171597.4049550275   7480.58789060649
-60365.27761087083 -56600.54735613539 -21355.37343976054  542099.8769115712 -305572.6775250351 -98515.52483536117
-18655.95092585615  48520.44236297359 -171597.4049553415 -305572.6775287836  1044376.153464773 -597003.7199448599
 126721.6618957598  15723.24097717408  7480.587890600748 -98515.52483213374 -597003.7199474517  545972.0473715636

cov*(cov_.inverse()):
                     1 -4.547473508864641e-13  3.069544618483633e-12 -2.728484105318785e-12 -7.275957614183426e-12 -7.275957614183426e-12
                     0     0.9999999999959073  1.057287590811029e-11 -1.818989403545856e-12 -7.275957614183426e-12                      0
                     0 -2.501110429875553e-12     0.9999999999930651  5.456968210637569e-12                      0 -7.275957614183426e-12
-3.637978807091713e-12 -9.094947017729282e-13  2.842170943040401e-12      0.999999999996362  1.455191522836685e-11 -1.455191522836685e-11
-3.637978807091713e-12   1.13686837721616e-12 -6.366462912410498e-12 -5.456968210637569e-12      1.000000000014552 -1.455191522836685e-11
-1.818989403545856e-12 -4.547473508864641e-13  2.955857780762017e-12 -1.818989403545856e-12                      0      0.999999999992724
