5
1

0.001811108344058733
0.002008757291424144
0.002577219594279574
 0.09777971963993738
  0.5597978112225848

  0.5260818826740338   -0.802544502228654   0.2695120828136064 -0.05306349593141638  0.06089069946810061
  0.4914949521231864   0.1563448251572062  -0.6579973914717195  -0.3829264042087984   0.3929323217299924
  0.1119476846652067  -0.1742203750657625  -0.5367544620989784   0.7942066115595304   -0.195564522298933
 -0.5508002227225521  -0.3500633844829292  -0.1138064874852815   0.1065110529913617   0.7414703099181239
  0.4071331419897647   0.4225890501958458   0.4397105876107416   0.4565554600539316   0.5038579267869818

0.3992351739205126
0.3994959173821189
0.3993319612141558
0.3993509230558462
0.3992431147794729

0.0005111927792501393

 2.568644602573134 0.3575589773816066 -1.876176168067355 0.9894844415466396 -2.039082182830227

 1.25313980454139e-06 5.539297932136236e-06 1.605341539600103e-05  -0.02612972572168044  -0.06384888665711484

cov:
0.05484654203527603 0.05575820389260136 0.05669845688852367  0.0576883635843195 0.06038065869571627
0.05575820389260136 0.05713677148373411 0.05861049934540228 0.06010333544400687 0.06424370044463681
0.05669845688852367 0.05861049934540228  0.0607170728190237 0.06279270409193928 0.06862136229193512
 0.0576883635843195 0.06010333544400687 0.06279270409193928 0.06543375085713511 0.07284159313155786
0.06038065869571627 0.06424370044463681 0.06862136229193512 0.07284159313155786 0.08481428310741902

cov.inverse():
 146161.2590883008 -112588.4362918292 -45960.94699345019 -41772.54664409054  54288.80782874375
-112588.4362919511  206999.2798453939 -77352.56006857607 -22689.11117758113  5429.666500757839
  -45960.946993315 -77352.56006856593  172820.8991050906  -6098.47591740744 -43275.91700038715
-41772.54664406275 -22689.11117784286 -6098.475917115098  132164.6311741436 -61648.93494153189
 54288.80782870287  5429.666500887609 -43275.91700053432 -61648.93494147383   45209.8753868397

cov*(cov_.inverse()):
                     1 -9.094947017729282e-13                      0                      0  4.547473508864641e-13
-1.364242052659392e-12     0.9999999999996021 -4.547473508864641e-13  9.094947017729282e-13                      0
                     0 -1.591615728102624e-12      1.000000000000909                      0  4.547473508864641e-13
-9.094947017729282e-13 -1.534772309241816e-12  2.728484105318785e-12                      1 -4.547473508864641e-13
                     0 -6.821210263296962e-13                      0                      0                      1
