5
2

0.0001338613541670054
0.0003398490598734977
 0.001703926320890914
  0.05600210473091408
    0.549575868371396

 -0.03443396148454506    0.5002506696362018   -0.7980411433659889    0.3342004997840355 -0.001982237175132962
  -0.3940225671228622    0.7012911245281961    0.2266880354169919   -0.5489311297953086   0.01497079143925469
   0.3647217799947752   -0.1345215776023327   -0.3334657963692356   -0.5534527559540632    0.6567895994422461
  -0.7306821449583959   -0.2161065547354333   0.00647527396346641    0.2671570886394668    0.5899039929142385
    0.420288169154012    0.4394791557585754    0.4477739402564863    0.4574951121075321    0.4694812534572562

0.3990549490435374
0.3991998277790411
0.3991878333443604
0.3991713405142885
0.3991352996434203

0.0002807701331437716
   0.3992758077562495

      -0.7223965018645      8.073217737709948       7.96189912774935     -15.03606817151076    -0.2770276903668755
     1.260592966367033     0.4938443483391717     0.6767577165455099     -1.430209370004832 -0.0009513135734004197

-1.310751844863788e-07  1.848050800278929e-06  1.200624920248918e-05   -0.01676534245092673   -0.06024358182619645
-1.459341781389867e-08  9.102483489952647e-08  2.783124788366649e-06  -0.004409815078639286     0.1193397281985254

cov:
0.05502669832760071  0.0562830486364759 0.05682574334891729 0.05746218564589494 0.05824537242285385
 0.0562830486364759 0.05848194115036805 0.05943214031594087 0.06054585749001285 0.06191769245692408
0.05682574334891729 0.05943214031594087 0.06055866906169181 0.06187885788316236 0.06350529927820676
0.05746218564589494 0.06054585749001285 0.06187885788316236 0.06344094512536225 0.06536561379659499
0.05824537242285385 0.06191769245692408 0.06350529927820676 0.06536561379659499 0.06766465394659586

cov.inverse():
 1456376.726097702  -3370633.78288229   718320.203278795   1160887.66754372   35105.2815708834
-3370633.783200918  18230204.86877089 -20887468.07914106  6022616.322994466  5091.290772062068
 718320.2038746285 -20887468.08041429  36025082.80526772 -15897903.80184541  42231.38467192921
 1160887.667262354  6022616.323992471 -15897903.80258734  8947557.281224364 -233272.0811110754
 35105.28157505329  5091.290728650944  42231.38473644597 -233272.0811363504  150848.2534120097

cov*(cov_.inverse()):
    0.9999999999997726 -9.066525308298878e-11 -8.822098607197404e-11  1.309672370553017e-10 -1.818989403545856e-12
 1.818989403545856e-11     0.9999999998104272  3.319655661471188e-10  1.873559085652232e-10                      0
 2.273736754432321e-11 -3.273044058005325e-10      1.000000000226464  9.276845958083868e-11 -3.637978807091713e-12
 5.002220859751105e-12 -2.461320036672987e-11 -5.502442945726216e-11      1.000000000030923                      0
 2.273736754432321e-12   6.59383658785373e-12  3.137756721116602e-11  9.822542779147625e-11      0.999999999998181
