5
2

0.0001338467084215419
0.0003401270077302219
 0.001703661066472683
  0.05600041667678694
   0.5495743762687616

 -0.03440299788257375    0.5002004718939527   -0.7980604204304982    0.3342328263821557 -0.001976047734870249
  -0.3941109957354596    0.7013536031859982    0.2267058964672009   -0.5487841894214991   0.01483227178865986
   0.3646592129601632   -0.1343668278355448    -0.333408399427513   -0.5535856952389716    0.6567731200335896
  -0.7306660800748129   -0.2161165342096847   0.00646348548818195    0.2671445045173882    0.5899260632747163
   0.4202900125014602    0.4394790216081894    0.4477734520891416    0.4574942873332167    0.4694809981452672

0.3990546573416446
0.3992001267828084
0.3991881395987221
0.3991716938523834
0.3991353454698823

0.0002807701331437716
   0.3992758077562495

0
0
0
0
0

0
0

0
0
0
0
0

0
0

0
0
0
0
0

0
0

0
0
0
0
0

0
0

0
0
0
0
0

0
0

0
0
0
0
0

0
0

0
0
0
0
0

0
0

0
0
0
0
0

0
0

0
0
0
0
0

0
0

0
0
0
0
0

0
0

0
0
0
0
0

0
0

0
0
0
0
0

0
0

0
0
0
0
0

0
0

0
0
0
0
0

0
0

0
0
0
0
0

0
0

0
0
0
0
0

0
0

0
0
0
0
0

0
0

0
0
0
0
0

0
0

0
0
0
0
0

0
0

0
0
0
0
0

0
0

0
0
0
0
0

0
0

0
0
0
0
0

0
0

0
0
0
0
0

0
0

0
0
0
0
0

0
0

0
0
0
0
0

0
0

0
0
0
0
0

0
0

0
0
0
0
0

0
0

0
0
0
0
0

0
0

0
0
0
0
0

0
0

0
0
0
0
0

0
0

0
0
0
0
0

0
0

0
0
0
0
0

0
0

0
0
0
0
0

0
0

0
0
0
0
0

0
0

0
0
0
0
0

0
0

0
0
0
0
0

0
0

0
0
0
0
0

0
0

0
0
0
0
0

0
0

0
0
0
0
0

0
0

0
0
0
0
0

0
0

0
0
0
0
0

0
0

0
0
0
0
0

0
0

0
0
0
0
0

0
0

0
0
0
0
0

0
0

0
0
0
0
0

0
0

0
0
0
0
0

0
0

0
0
0
0
0

0
0

0
0
0
0
0

0
0

0
0
0
0
0

0
0

0
0
0
0
0

0
0

0
0
0
0
0

0
0

0
0
0
0
0

0
0

0
0
0
0
0

0
0

0
0
0
0
0

0
0

0
0
0
0
0

0
0

0
0
0
0
0

0
0

0
0
0
0
0

0
0

0
0
0
0
0

0
0

0
0
0
0
0

0
0

0
0
0
0
0

0
0

0
0
0
0
0

0
0

0
0
0
0
0

0
0

0
0
0
0
0

0
0

0
0
0
0
0

0
0

0
0
0
0
0

0
0

0
0
0
0
0

0
0

0
0
0
0
0

0
0

0
0
0
0
0

0
0

0
0
0
0
0

0
0

0
0
0
0
0

0
0

0
0
0
0
0

0
0

0
0
0
0
0

0
0

0
0
0
0
0

0
0

0
0
0
0
0

0
0

0
0
0
0
0

0
0

0
0
0
0
0

0
0

0
0
0
0
0

0
0

   -0.7200087549481864      8.059263306141958       7.98087351867092     -15.04475201110879    -0.2757425999459139
     1.260248940284621     0.4933579066149602     0.6794540401821161     -1.432345547528716 -0.0006799153255593882

-1.315154944644883e-07  1.850716018902245e-06  1.201942036968467e-05   -0.01676486765503274   -0.06024211181479259
  -1.4646529028912e-08  9.132457906249305e-08  2.784081896527284e-06  -0.004409584726794407     0.1193397460797126

cov:
0.05502670183815721 0.05628295565365781 0.05682565047537937 0.05746209969510371 0.05824533808040239
0.05628295565365781 0.05848159343673898 0.05943174250949868 0.06054541048284689 0.06191729221427689
0.05682565047537937 0.05943174250949868 0.06055820749960551 0.06187833230519642 0.06350482899248791
0.05746209969510371 0.06054541048284689 0.06187833230519642 0.06344033953806427 0.06536507483150195
0.05824533808040239 0.06191729221427689 0.06350482899248791 0.06536507483150195 0.06766423546895818

cov.inverse():
 1454677.152394024 -3366706.366652851  718344.2080321623  1158095.806191161   35644.1512330377
-3366706.366548961  18224246.57918841 -20892679.75650936  6030648.677471653  4303.643615156851
 718344.2078282783 -20892679.75604672  36033920.65913354 -15900973.46539676  41651.35989634893
  1158095.80630027  6030648.677060345 -15900973.46507546  8944554.622991931 -232441.8445025942
 35644.15122392264  4303.643667715047  41651.35983380412 -232441.8444834931   150846.904618936

cov*(cov_.inverse()):
    0.9999999999968168 -7.196376827778295e-11   3.54702933691442e-11  6.002665031701326e-11  1.818989403545856e-12
-5.911715561524034e-12     0.9999999999870397 -9.549694368615746e-11  1.455191522836685e-10 -1.818989403545856e-12
 2.273736754432321e-11 -5.877609510207549e-11     0.9999999997953637  3.092281986027956e-11                      0
 1.364242052659392e-12 -1.655280357226729e-10  2.855813363566995e-10      1.000000000030923                      0
-2.273736754432321e-12  6.463096724473871e-11  8.185452315956354e-12  7.275957614183426e-11                      1
