5
2

0.1399633547032882
 1.320419175564587
 1.466245929443347
 6.132773849114849
 9.836755316904755

 0.6224841453390773 -0.7774086176632823 0.04323968180318336 0.06249863314849131 0.04871940841669691
 0.1733585952252805  0.1358747526350892 -0.8447543272003893  0.4798421390601874 0.08732981916981281
 -0.161364563876084 -0.1022368607049129  0.2633361353790788  0.6719354734948081 -0.6653314220004987
-0.3812956560568894 -0.2075654530696076  0.2412508001091898  0.4909898373958959  0.7157214796167449
 0.6411204149457599   0.568891993074635  0.3961976625928832  0.2706975091683969  0.1872879719611144

26.59112633166593
43.42003648824619
84.80950611725829
110.0525577388112
130.0963252830467

 1.257361385662348
-1.207563576891111

 -0.07110202921669775   0.07003177779093155 0.0003220956104920134 0.0004036743563271682 0.0003261492317116466
    2.554583812067664    -1.525241282660214 -0.009678027881270035  -0.01018353761366031  -0.00869949303770462

-0.001932491621176354 -0.004987312635499526   0.00957250854574856    0.4921032827576716   -0.5270103672401132
   0.0543506555159375     0.415210250061884   -0.5587243226315377    -25.23788581450939     73.72064279560293

cov:
45.35658846785821 38.33547442038812 20.77258836207318 9.664439406900195 1.612312426436857
38.33547442038812 33.00269651631184 19.66744883611772 11.03309194366324 4.888380755469377
20.77258836207318 19.66744883611772 18.77127715736631 14.50648214103579 13.16898167846398
9.664439406900195 11.03309194366324 14.50648214103579 17.52950648304731 17.23458770482081
1.612312426436857 4.888380755469377 13.16898167846398 17.23458770482081 23.62557528992493

cov.inverse():
    19.81753585315144    -24.67590047592619      1.27040454478348     1.980051609741134      1.60071574665453
   -24.67590047592621     30.87099562158863     -1.79330237695012    -2.475902448671781    -1.897807580618041
    1.270404544783517    -1.793302376950164    0.5401625029582999 -0.007977204046026842  -0.01091404060438717
    1.980051609741124    -2.475902448671767 -0.007977204046031004    0.5486323135023592  -0.01861152578495988
    1.600715746654521    -1.897807580618027  -0.01091404060439086  -0.01861152578495993    0.3454240093299086

cov*(cov_.inverse()):
      1.00000000000011  1.358912982141192e-13 -6.706440958126336e-15 -1.304512053934559e-15  7.216449660063518e-15
 1.865174681370263e-14      1.000000000000053 -1.465494392505207e-14 -5.828670879282072e-16 -4.884981308350689e-15
 9.592326932761353e-14 -8.171241461241152e-14                      1  8.909539772616881e-15  4.440892098500626e-15
  1.06581410364015e-14    1.4210854715202e-14  -3.05311331771918e-16      1.000000000000002  8.881784197001252e-16
-7.105427357601002e-15  7.105427357601002e-15  1.387778780781446e-15  2.997602166487923e-15     0.9999999999999991
