5
2

0.1399692946265876
 1.320466116030138
 1.466620347133416
 6.134309543798812
 9.837022758655882

 0.6224864886608993 -0.7774087127864476  0.0432355207584031 0.06249727309018898 0.04869338065263804
 0.1733520914187901  0.1358677245826888 -0.8447469471648614  0.4798779879842733  0.0872280099581922
-0.1614381333922344 -0.1022543453640049  0.2634823172741497  0.6719992763970024 -0.6651885589415677
-0.3813569758657538 -0.2076571290337663  0.2410856824721409  0.4908314426126593  0.7158264890109182
 0.6410649030174037  0.5688569418720963  0.3962171717520365  0.2707631344351307  0.1874482532404428

26.59067856045815
 43.4199426769397
84.80920090675367
110.0521703939472
130.0955010743176

 1.257361385662348
-1.207563576891111

0
0
0
0
0

0
0

0
0
0
0
0

0
0

0
0
0
0
0

0
0

0
0
0
0
0

0
0

0
0
0
0
0

0
0

0
0
0
0
0

0
0

0
0
0
0
0

0
0

0
0
0
0
0

0
0

0
0
0
0
0

0
0

0
0
0
0
0

0
0

0
0
0
0
0

0
0

0
0
0
0
0

0
0

0
0
0
0
0

0
0

0
0
0
0
0

0
0

0
0
0
0
0

0
0

0
0
0
0
0

0
0

0
0
0
0
0

0
0

0
0
0
0
0

0
0

0
0
0
0
0

0
0

0
0
0
0
0

0
0

0
0
0
0
0

0
0

0
0
0
0
0

0
0

0
0
0
0
0

0
0

0
0
0
0
0

0
0

0
0
0
0
0

0
0

0
0
0
0
0

0
0

0
0
0
0
0

0
0

0
0
0
0
0

0
0

0
0
0
0
0

0
0

0
0
0
0
0

0
0

0
0
0
0
0

0
0

0
0
0
0
0

0
0

0
0
0
0
0

0
0

0
0
0
0
0

0
0

0
0
0
0
0

0
0

0
0
0
0
0

0
0

0
0
0
0
0

0
0

0
0
0
0
0

0
0

0
0
0
0
0

0
0

0
0
0
0
0

0
0

0
0
0
0
0

0
0

0
0
0
0
0

0
0

0
0
0
0
0

0
0

0
0
0
0
0

0
0

0
0
0
0
0

0
0

0
0
0
0
0

0
0

0
0
0
0
0

0
0

0
0
0
0
0

0
0

0
0
0
0
0

0
0

0
0
0
0
0

0
0

0
0
0
0
0

0
0

0
0
0
0
0

0
0

0
0
0
0
0

0
0

0
0
0
0
0

0
0

0
0
0
0
0

0
0

0
0
0
0
0

0
0

0
0
0
0
0

0
0

0
0
0
0
0

0
0

0
0
0
0
0

0
0

0
0
0
0
0

0
0

0
0
0
0
0

0
0

0
0
0
0
0

0
0

0
0
0
0
0

0
0

0
0
0
0
0

0
0

0
0
0
0
0

0
0

0
0
0
0
0

0
0

0
0
0
0
0

0
0

0
0
0
0
0

0
0

0
0
0
0
0

0
0

0
0
0
0
0

0
0

0
0
0
0
0

0
0

0
0
0
0
0

0
0

0
0
0
0
0

0
0

0
0
0
0
0

0
0

0
0
0
0
0

0
0

0
0
0
0
0

0
0

0
0
0
0
0

0
0

 -0.07110298053820562   0.07003249927955411 0.0003222424355052321 0.0004037370232804253  0.000325892197631924
    2.554633913551775    -1.525292632566118 -0.009676599378837969  -0.01018416574617309 -0.008687842855212818

-0.001932681883735831 -0.004988067180713237  0.009586985918614776    0.4922727006459506   -0.5269030773095811
  0.05435679906806579    0.4152323972957659   -0.5593865837868809     -25.2510759031306     73.71641539936577

cov:
45.35644243577384 38.33548743652204  20.7729412944729 9.665350932708673 1.613724979645009
38.33548743652204 33.00280352340528 19.66780575929479 11.03411644769923  4.89108572808365
 20.7729412944729 19.66780575929479  18.7720070731342 14.50816227821234 13.17545070022674
9.665350932708673 11.03411644769923 14.50816227821234 17.53278868981593 17.24408665973287
1.613724979645009  4.89108572808365 13.17545070022674 17.24408665973287 23.64692602097351

cov.inverse():
     19.8160066521511    -24.67390169739735     1.270163124405127     1.979847155486035     1.599740952979109
   -24.67390169739734     30.86838192967386    -1.792985036617138    -2.475631025347154    -1.896636749160775
    1.270163124405125    -1.792985036617134    0.5401163020865223 -0.007997016276000581  -0.01092847786764275
    1.979847155486038    -2.475631025347158 -0.007997016275999963    0.5485426896995869  -0.01861377746389744
    1.599740952979108    -1.896636749160775   -0.0109284778676427  -0.01861377746389768    0.3450780961628718

cov*(cov_.inverse()):
     1.000000000000012 -5.906386491005833e-14  2.539635168830046e-15  3.143318938469974e-15 -1.099120794378905e-14
-2.486899575160351e-14     0.9999999999997655 -5.204170427930421e-16 -1.804112415015879e-15 -3.774758283725532e-15
 3.552713678800501e-14 -3.907985046680551e-14      1.000000000000004 -4.274358644806853e-15 -3.552713678800501e-15
                     0 -4.263256414560601e-14 -2.220446049250313e-16                      1                      0
 7.105427357601002e-15                      0 -2.775557561562891e-16  1.110223024625157e-15                      1
