5 
6 
11 
12 
15 
inputFileName = /Users/demattia/RemoteProjects/extracted_endcaps.root
eventsFractionStartBuild = 0
eventsFractionEndBuild = 0.2
eventsFractionStartTest = 0.8
eventsFractionEndTest = 1
var name = R
var name = z
par name = cotTheta
firstOrderChargeOverPtCoefficientsFileName = 
firstOrderCotThetaCoefficientsFileName = 
2 < pT < 10, pT regions = 1
0 < phi < 0.8, phi regions = 1
-3 < eta < 3, eta regions = 1
-15 < z0 < 15, eta regions = 1
charge regions = 1
endcap regions = 0
Training
Requested running from track number 0 to track number 1000000 for a total of 1000000 tracks.
Analyzed 10% of 1000000 tracks
Analyzed 20% of 1000000 tracks
Analyzed 30% of 1000000 tracks
Analyzed 40% of 1000000 tracks
Analyzed 50% of 1000000 tracks
Analyzed 60% of 1000000 tracks
Analyzed 70% of 1000000 tracks
Analyzed 80% of 1000000 tracks
Analyzed 90% of 1000000 tracks
Analyzed 100% of 1000000 tracks
Evaluating eigenvalues:
geomIndex = 0
Sqrt(eigenvalues) of cov:
 0.0600509 0.114118 0.481043 1.09895 1.57973 1.91218 2.94541 3.07607 5.84429 11.0691
Analyzed 10% of 1000000 tracks
Analyzed 20% of 1000000 tracks
Analyzed 30% of 1000000 tracks
Analyzed 40% of 1000000 tracks
Analyzed 50% of 1000000 tracks
Analyzed 60% of 1000000 tracks
Analyzed 70% of 1000000 tracks
Analyzed 80% of 1000000 tracks
Analyzed 90% of 1000000 tracks
Analyzed 100% of 1000000 tracks
opening GeometricIndex.txt for writing
Matrices built:
geomIndex = 0

V_0:
    0.202836   -0.0694653  -0.00504925   0.00131528    -0.740919     0.261376     0.547037    -0.193322     -0.00343   0.00955847
    0.412924    -0.139353    -0.801722      0.27425     0.235808   -0.0836943     0.163367   -0.0494407 -0.000413673   -0.0189916
   -0.629843     0.160909    -0.129564    0.0308162      0.26162   -0.0854143     0.578402    -0.184657     -0.31477     0.127284
    0.596781    0.0700082     0.498287    0.0272199     0.363852    -0.168975     0.341137   -0.0560754    -0.284446     0.168971
   -0.030144  -0.00914927   -0.0859814   -0.0417927    -0.190212    -0.270664     0.146115     0.774872    0.0216784     0.508116
   0.0263826    0.0217425   -0.0613707   -0.0194789     0.177149     0.721472    -0.158365   -0.0979971   -0.0426271     0.637402
  -0.0253793   -0.0364932    0.0979948     0.192103     0.222064     0.535503     0.251553     0.545239   -0.0118577    -0.504714
    0.172282     0.482405    -0.266954    -0.697575   -0.0354011    0.0901166   -0.0551524     0.108242    -0.349337    -0.183194
  -0.0584195    -0.687998   -0.0106072    -0.105215   -0.0885871   0.00695209    -0.176489    0.0449492     -0.68486   -0.0443386
   0.0125754     0.486846  -0.00103374     0.621598    -0.261963     -0.01077    -0.281496    0.0434351    -0.475922  -0.00832385
corrPV_0:
-0.000291368   0.00214975   -0.0283484    0.0234548    0.0259179    0.0653578   -0.0877482    0.0804938      1.18207      1.71046
D_0:
    0.140559   -0.0479913     -0.11202    0.0382957    0.0657281   -0.0222268   -0.0958294    0.0328552 -0.000488357   0.00234757
opening matrixVD_0.txt for writing
