10
1

0.06002646431415049
 0.1146307331509785
 0.4813840450673645
  1.095491184828254
  1.571660663957499
  1.916769508339162
  2.939521292507818
  3.078371959836089
  5.848053267645171
  11.06278822373788

    0.2029691277611333   -0.06948849972027055  -0.005309168989154116   0.001450653008278477    -0.7407509967937703     0.2613191835612369     0.5471737688326704     -0.193494294333788  -0.003537892679425984   0.009651064295615387
    0.4135731964969023    -0.1394520676286279     -0.801291974999738     0.2743870718203201     0.2362324453467844   -0.08359930539702021     0.1629019842609715   -0.04959624538693803 -0.0004560282792947973   -0.01901508612928048
   -0.6295130433549045     0.1613570855448307    -0.1304007832097092    0.03037759324176065     0.2618365113611659   -0.08505269969965337     0.5785983629997724    -0.1834002071374962    -0.3149402326665282     0.1279010733087539
    0.5967293832462394    0.07091798523497771      0.498699449531584     0.0262952647012615     0.3641252959484267      -0.16891424969184     0.3411784936401133   -0.05677014745183854    -0.2843390553879515     0.1670285399275229
  -0.02699433779165697  -0.006240820323754687   -0.08749141107622384   -0.04737884618028575    -0.1910534403053586    -0.2724745013444083      0.144883150974095     0.7740929934375389    0.01884425593658086     0.5079595347750835
   0.02868874749340577    0.02583514340957507   -0.06305038288144647   -0.02508495038861767     0.1757885042027468     0.7193749380670331     -0.160039145891171    -0.0989503547122401   -0.04553243660994754     0.6387692010320243
  -0.02005639343530906   -0.02043461517738317    0.08927968863764268     0.1712412616399381     0.2208758312567205     0.5403523615396864      0.249533008681189     0.5501087405005384   -0.02044028070280664    -0.5057813497619308
    0.1728149498736406     0.4824180922299643    -0.2692579706315196    -0.7025557195202827   -0.04270125558017647    0.07095751854585701   -0.06353468126408761    0.08733937178746859    -0.3486091049802131    -0.1768385910403413
  -0.05845360861429894    -0.6908599103014499  -0.009796443541264592    -0.1074524670189567   -0.08627455934186012   0.008364869806606669    -0.1741892664088572    0.04545595772358014    -0.6823917430834132   -0.04553955109754749
   0.01234046388037217     0.4832394770837091 -0.0008322555803147224     0.6211016342904874    -0.2624514388791634   -0.01136593403347131     -0.282198592672088    0.04377800092916001    -0.4794979810577537   -0.00886413195392039

22.69071946054003
64.98866358116943
35.43034928295602
102.2308331524423
45.39889210257154
 130.898564396136
 53.8663412305737
155.5625907383905
 90.0433233384895
261.7687820296862

2.923108030474508

0
0
0
0
0
0
0
0
0
0

0

0
0
0
0
0
0
0
0
0
0

0

0
0
0
0
0
0
0
0
0
0

0

0
0
0
0
0
0
0
0
0
0

0

0
0
0
0
0
0
0
0
0
0

0

0
0
0
0
0
0
0
0
0
0

0

0
0
0
0
0
0
0
0
0
0

0

0
0
0
0
0
0
0
0
0
0

0

0
0
0
0
0
0
0
0
0
0

0

0
0
0
0
0
0
0
0
0
0

0

0
0
0
0
0
0
0
0
0
0

0

0
0
0
0
0
0
0
0
0
0

0

0
0
0
0
0
0
0
0
0
0

0

0
0
0
0
0
0
0
0
0
0

0

0
0
0
0
0
0
0
0
0
0

0

0
0
0
0
0
0
0
0
0
0

0

0
0
0
0
0
0
0
0
0
0

0

0
0
0
0
0
0
0
0
0
0

0

0
0
0
0
0
0
0
0
0
0

0

0
0
0
0
0
0
0
0
0
0

0

0
0
0
0
0
0
0
0
0
0

0

0
0
0
0
0
0
0
0
0
0

0

0
0
0
0
0
0
0
0
0
0

0

0
0
0
0
0
0
0
0
0
0

0

0
0
0
0
0
0
0
0
0
0

0

0
0
0
0
0
0
0
0
0
0

0

0
0
0
0
0
0
0
0
0
0

0

0
0
0
0
0
0
0
0
0
0

0

0
0
0
0
0
0
0
0
0
0

0

0
0
0
0
0
0
0
0
0
0

0

0
0
0
0
0
0
0
0
0
0

0

0
0
0
0
0
0
0
0
0
0

0

0
0
0
0
0
0
0
0
0
0

0

0
0
0
0
0
0
0
0
0
0

0

0
0
0
0
0
0
0
0
0
0

0

0
0
0
0
0
0
0
0
0
0

0

0
0
0
0
0
0
0
0
0
0

0

0
0
0
0
0
0
0
0
0
0

0

0
0
0
0
0
0
0
0
0
0

0

0
0
0
0
0
0
0
0
0
0

0

0
0
0
0
0
0
0
0
0
0

0

0
0
0
0
0
0
0
0
0
0

0

0
0
0
0
0
0
0
0
0
0

0

0
0
0
0
0
0
0
0
0
0

0

0
0
0
0
0
0
0
0
0
0

0

0
0
0
0
0
0
0
0
0
0

0

0
0
0
0
0
0
0
0
0
0

0

0
0
0
0
0
0
0
0
0
0

0

0
0
0
0
0
0
0
0
0
0

0

0
0
0
0
0
0
0
0
0
0

0

0
0
0
0
0
0
0
0
0
0

0

0
0
0
0
0
0
0
0
0
0

0

0
0
0
0
0
0
0
0
0
0

0

0
0
0
0
0
0
0
0
0
0

0

0
0
0
0
0
0
0
0
0
0

0

0
0
0
0
0
0
0
0
0
0

0

0
0
0
0
0
0
0
0
0
0

0

0
0
0
0
0
0
0
0
0
0

0

0
0
0
0
0
0
0
0
0
0

0

0
0
0
0
0
0
0
0
0
0

0

0
0
0
0
0
0
0
0
0
0

0

0
0
0
0
0
0
0
0
0
0

0

0
0
0
0
0
0
0
0
0
0

0

0
0
0
0
0
0
0
0
0
0

0

0
0
0
0
0
0
0
0
0
0

0

0
0
0
0
0
0
0
0
0
0

0

0
0
0
0
0
0
0
0
0
0

0

0
0
0
0
0
0
0
0
0
0

0

0
0
0
0
0
0
0
0
0
0

0

0
0
0
0
0
0
0
0
0
0

0

0
0
0
0
0
0
0
0
0
0

0

0
0
0
0
0
0
0
0
0
0

0

0
0
0
0
0
0
0
0
0
0

0

0
0
0
0
0
0
0
0
0
0

0

0
0
0
0
0
0
0
0
0
0

0

0
0
0
0
0
0
0
0
0
0

0

0
0
0
0
0
0
0
0
0
0

0

    0.1410987323680429   -0.04818273165587962    -0.1126922799468842       0.03849222084621    0.06496953624725384   -0.02195283965127256   -0.09496611021601617    0.03255064391910527 -0.0005204517783361983    0.00236248720464811

-0.0002863035691292829   0.002181128619560695   -0.02834205765862429     0.0231053150297343    0.02649233992838975    0.06643192416014819   -0.08469809344134074    0.08290276303139459      1.179483586968092      1.726841786115656

cov:
  0.9483706020966672    2.934085446146413 -0.06710946740605388 -0.01096418290717059 -0.07753846201604808 -0.02615756578065901 -0.09059189050990284 -0.05341445001306407 -0.09111791160701009   0.0100212009726727
   2.934085446146413    47.12646743637696   -1.030053503635099     36.0308216142413   -13.65736580479389  -0.5858451890507363   -12.87571335993599    1.784364267085659   -13.86583163135008 -0.09555761268954023
-0.06710946740605388   -1.030053503635099    1.103634680275811    1.925455185092146   0.5430955598844494   0.0287498333355378   0.6324624987224752 0.009557674120832851   0.9970265661301401 -0.08425009180101806
-0.01096418290717059     36.0308216142413    1.925455185092146    52.54776410071024   -19.00140702118829  -0.6082219175869531   -20.00539960536469    3.308443920933739    -31.6592485814767  -0.1897085329597439
-0.07753846201604808   -13.65736580479389   0.5430955598844494   -19.00140702118829     9.50479051815781    1.856229390771802     10.0916916070379  -0.9905094161882515    17.33541106464969  -0.2211666394953643
-0.02615756578065901  -0.5858451890507363   0.0287498333355378  -0.6082219175869531    1.856229390771802    4.709800599041335   0.8643547355963185    1.811803905579828  0.07274717026433637   -1.171105383644672
-0.09059189050990284   -12.87571335993599   0.6324624987224752   -20.00539960536469     10.0916916070379   0.8643547355963185    11.72490250222085  -0.3623220392816732    20.66623820746059   -0.514927927278279
-0.05341445001306407    1.784364267085659 0.009557674120832851    3.308443920933739  -0.9905094161882515    1.811803905579828  -0.3623220392816732    4.520322383737519    -3.93022517774058   -1.946576894623221
-0.09111791160701009   -13.86583163135008   0.9970265661301401    -31.6592485814767    17.33541106464969  0.07274717026433637    20.66623820746059    -3.93022517774058    45.34777460503814    2.106945283465838
  0.0100212009726727 -0.09555761268954023 -0.08425009180101806  -0.1897085329597439  -0.2211666394953643   -1.171105383644672   -0.514927927278279   -1.946576894623221    2.106945283465838    4.761039736058003

cov.inverse():
   26.46077645925823   -8.696157916180267   -24.92125804645397    8.635651680762498   -34.81975781112411    12.24475641218663    34.54332845913891   -11.99963546380846   0.4947773460109934  -0.3217659327371911
  -8.696157916180221    2.977276433285897    8.530924333007244   -2.948841178189598    11.98215885455351   -4.213760020896487   -11.86111684658151    4.126640121874874  -0.1692052001943571   0.1108923867721933
  -24.92125804645344    8.530924333007034    49.16411650736546   -16.71660928431301   -13.30278006623845    4.691394088459385   -10.92180099001605    3.366577550711428   0.1020968509588327    1.113615692900369
   8.635651680762312   -2.948841178189532     -16.716609284313    5.794802698988777    4.685905399964312   -1.649642017532222    3.712339040535902   -1.148496922758588 -0.03336261911356719  -0.3836708542434233
  -34.81975781112538    11.98215885455385   -13.30278006623669    4.685905399963623     156.968732275906   -55.30401953870416   -108.8147429032783    38.61186081000059   0.2771648705931158   -2.151470184377485
   12.24475641218683   -4.213760020896578    4.691394088458761   -1.649642017532007   -55.30401953870418    19.74418290032817    38.35460801622227   -13.71197080108673  -0.1130740425199169   0.7865391249244671
   34.54332845913926   -11.86111684658157   -10.92180099001713    3.712339040536331    -108.814742903277    38.35460801622182     86.6789523973158   -30.40803290083928   -1.400692591738949     1.58550086530834
  -11.99963546380864    4.126640121874907    3.366577550711845   -1.148496922758748    38.61186081000014   -13.71197080108657   -30.40803290083928    11.00703008116892   0.4559546162720796  -0.4475401074665535
   0.494777346011081  -0.1692052001943874   0.1020968509587987 -0.03336261911355597   0.2771648705928635  -0.1130740425198281   -1.400692591738752   0.4559546162720104   0.5279618282033742  -0.2176138748687595
 -0.3217659327371996   0.1108923867721966    1.113615692900365  -0.3836708542434216   -2.151470184377443   0.7865391249244523    1.585500865308315  -0.4475401074665452  -0.2176138748687617   0.3956892881905003

cov*(cov_.inverse()):
     1.000000000000131 -3.962910728738667e-14  3.720634911275056e-14 -5.733694768972342e-15  2.417788191877435e-13  5.527175939157303e-14   -1.2820300376859e-13  7.276557828506114e-14  8.469787371456761e-16 -1.056446596869876e-15
 1.080732725533551e-14      1.000000000000015  6.256106743762757e-14  1.509209424099822e-14 -2.228772721935002e-14   3.22519788653608e-14 -2.181865799144589e-13 -1.496719415072789e-14  2.609024107869118e-15  1.991462550421375e-15
 1.100855517854882e-14  -1.81157172596258e-14     0.9999999999999738 -7.584211036970601e-15  2.856881398116684e-13 -9.728329253277934e-15 -1.952049633047181e-13  5.861977570020827e-14  1.384309333829492e-15  -2.10248485288389e-15
-3.186201302796121e-13  5.399847236020605e-14 -5.662137425588298e-14     0.9999999999999718 -1.670885652060861e-14  2.281508315604697e-13 -4.191091917959966e-14 -1.666722315718516e-14  1.887379141862766e-15  6.938893903907228e-15
 9.826861546713417e-14 -1.818337147518889e-14  7.405187574249794e-14 -2.946254351599009e-14     0.9999999999998346  2.431388423929093e-14 -1.366129431801255e-13   3.50414142147315e-14  9.783840404509192e-16 -7.494005416219807e-16
 6.106226635438361e-15 -4.274358644806853e-15 -1.110223024625157e-15  1.443289932012704e-15 -1.301181384860683e-13      1.000000000000006  4.840572387365683e-14 -1.176836406102666e-14 -6.661338147750939e-16  9.436895709313831e-16
 2.055855485849634e-13 -7.185918526886326e-14 -5.895284260759581e-14 -1.079691891447965e-14 -1.534328220031966e-13   1.02917674382752e-13      1.000000000000048 -4.485301019485632e-14 -4.385380947269368e-15  2.858824288409778e-15
-2.997602166487923e-14  6.966649479522857e-15  4.440892098500626e-16 -1.998401444325282e-15 -5.329070518200751e-15 -7.327471962526033e-15   3.33066907387547e-14      1.000000000000002  7.771561172376096e-16 -4.440892098500626e-16
 2.017275235743909e-13   -4.6074255521944e-15 -1.332267629550188e-15 -2.231548279496565e-14  -5.10702591327572e-13 -1.367794766338193e-13   8.79296635503124e-14 -2.100541962590796e-13      1.000000000000002 -5.551115123125783e-16
-2.220446049250313e-16  2.220446049250313e-15  3.552713678800501e-15                      0  7.105427357601002e-15 -3.996802888650564e-15 -2.664535259100376e-15  6.217248937900877e-15  2.220446049250313e-16     0.9999999999999998
