5 
6 
7 
8 
10 
inputFileName = /Users/demattia/RemoteProjects/extracted_prompt_extrapolated.root
eventsFractionStartBuild = 0
eventsFractionEndBuild = 0.2
eventsFractionStartTest = 0.8
eventsFractionEndTest = 1
var name = R
var name = z
par name = cotTheta
firstOrderChargeOverPtCoefficientsFileName = 
firstOrderCotThetaCoefficientsFileName = 
2 < pT < 10, pT regions = 1
0 < phi < 0.8, phi regions = 1
-3 < eta < 3, eta regions = 1
-15 < z0 < 15, eta regions = 1
charge regions = 1
endcap regions = 0
Training
Requested running from track number 0 to track number 1000000 for a total of 1000000 tracks.
Analyzed 10% of 1000000 tracks
Analyzed 20% of 1000000 tracks
Analyzed 30% of 1000000 tracks
Analyzed 40% of 1000000 tracks
Analyzed 50% of 1000000 tracks
Analyzed 60% of 1000000 tracks
Analyzed 70% of 1000000 tracks
Analyzed 80% of 1000000 tracks
Analyzed 90% of 1000000 tracks
Analyzed 100% of 1000000 tracks
Evaluating eigenvalues:
geomIndex = 0
Sqrt(eigenvalues) of cov:
 0.321838 0.4212 0.934813 1.00467 1.03944 1.09095 1.23457 1.516 8.4486 48.4796
Analyzed 10% of 1000000 tracks
Analyzed 20% of 1000000 tracks
Analyzed 30% of 1000000 tracks
Analyzed 40% of 1000000 tracks
Analyzed 50% of 1000000 tracks
Analyzed 60% of 1000000 tracks
Analyzed 70% of 1000000 tracks
Analyzed 80% of 1000000 tracks
Analyzed 90% of 1000000 tracks
Analyzed 100% of 1000000 tracks
opening GeometricIndex.txt for writing
Matrices built:
geomIndex = 0

V_0:
    0.216932     -0.46163    -0.341717     0.742676     0.104782     -0.24403   0.00482895   -0.0114915    0.0120724   -0.0258628
    0.230086    -0.432752    0.0109001   -0.0416163    -0.377198     0.749079    0.0394431    -0.087642    0.0963103    -0.189802
     0.48888   -0.0104331     0.287716   -0.0645513      0.11788   -0.0967789    -0.703139     0.268324     0.272155    -0.101033
    -0.67571    -0.117333    -0.271847    0.0162296    0.0163265    0.0851152    -0.310381      0.11452     0.574303   -0.0932655
   0.0660178   -0.0967187     0.458113    0.0722066     0.506521    0.0759487     0.489073   -0.0410897     0.517527   -0.0126377
    0.375183     0.274402     -0.35896    -0.128527    -0.442046    -0.241591     0.279755   0.00374385     0.545446    0.0949326
   -0.240479   -0.0762563     0.621819     0.307754    -0.614444    -0.268868   0.00833212  -0.00411116    0.0567381    0.0429733
    0.037795     0.179393    0.0321932     0.148648    0.0553502     0.125015    -0.300257    -0.822032     0.134586     0.374914
 -0.00586492    -0.650861  -0.00386214    -0.476376  -0.00274365    -0.273404 -0.000918313   -0.0309483   0.00298858     0.523136
 0.000143549     0.198695  5.75911e-05     0.277117  5.11789e-06     0.368668 -8.41836e-05     0.478185 -6.78163e-05      0.72052
corrPV_0:
0.000723858  0.00492094  0.00246761  -0.0037082 -0.00114863 -0.00559489 -0.00122039 -0.00522631    0.959242     14.2902
D_0:
  0.00995574   -0.0239007  0.000303186 -0.000980081  -0.00758866    0.0180397 -0.000889175   0.00221594  -0.00201159   0.00470333
opening matrixVD_0.txt for writing
