5 
6 
7 
8 
10 
inputFileName = /Users/demattia/RemoteProjects/extracted_prompt_extrapolated.root
eventsFractionStartBuild = 0
eventsFractionEndBuild = 0.2
eventsFractionStartTest = 0.8
eventsFractionEndTest = 1
var name = R
var name = z
par name = cotTheta
firstOrderChargeOverPtCoefficientsFileName = 
firstOrderCotThetaCoefficientsFileName = 
pT > 2, pT regions = 1
0 < phi < 0.8, phi regions = 1
-3 < eta < 3, eta regions = 1
-15 < z0 < 15, eta regions = 1
charge regions = 1
endcap regions = 0
Training
Requested running from track number 0 to track number 1000000 for a total of 1000000 tracks.
Analyzed 10% of 1000000 tracks
Analyzed 20% of 1000000 tracks
Analyzed 30% of 1000000 tracks
Analyzed 40% of 1000000 tracks
Analyzed 50% of 1000000 tracks
Analyzed 60% of 1000000 tracks
Analyzed 70% of 1000000 tracks
Analyzed 80% of 1000000 tracks
Analyzed 90% of 1000000 tracks
Analyzed 100% of 1000000 tracks
Evaluating eigenvalues:
geomIndex = 0
Sqrt(eigenvalues) of cov:
 0.323387 0.420065 0.953304 0.993257 1.02278 1.0835 1.24639 1.52076 8.43427 48.4405
Analyzed 10% of 1000000 tracks
Analyzed 20% of 1000000 tracks
Analyzed 30% of 1000000 tracks
Analyzed 40% of 1000000 tracks
Analyzed 50% of 1000000 tracks
Analyzed 60% of 1000000 tracks
Analyzed 70% of 1000000 tracks
Analyzed 80% of 1000000 tracks
Analyzed 90% of 1000000 tracks
Analyzed 100% of 1000000 tracks
opening GeometricIndex.txt for writing
Matrices built:
geomIndex = 0

V_0:
   -0.221506     0.470433     0.341809    -0.741976    -0.095803     0.227558  -0.00734289     0.015316   -0.0130162     0.029115
   -0.225748      0.42205   -0.0176457    0.0578152     0.379718    -0.754245   -0.0421118    0.0882974   -0.0946948      0.18881
   -0.376679    0.0470279     -0.29963      0.04335    -0.125222    0.0834819     0.729763    -0.290313    -0.331992     0.120579
   -0.778056    -0.133348    -0.308696    0.0378372   -0.0194129     0.115039    -0.320682    0.0671446     0.390636   -0.0810501
  -0.0540275    -0.119152     0.419725    0.0817599     0.512952    0.0981634     0.464991   -0.0394203     0.555872   -0.0225947
    0.291591     0.251222    -0.371941    -0.124884    -0.429802    -0.233329     0.231561    0.0368633     0.631134    0.0737903
   -0.244295   -0.0678682     0.618925     0.314929    -0.614371    -0.260712    0.0268631    -0.045899    0.0378024     0.061535
    0.071108     0.188032     0.013952     0.132644    0.0725953     0.127865    -0.303681    -0.817593     0.138873     0.374451
 -0.00578537    -0.650972  -0.00368525    -0.476316  -0.00283976    -0.273341 -0.000498828   -0.0302426   0.00316862     0.523128
 0.000174968     0.198841  5.03744e-05     0.277282  4.64951e-05     0.368801 -0.000110594     0.478317 -6.39262e-05     0.720261
corrPV_0:
-0.00082948 -0.00492381  -0.0023492 -0.00314604  -0.0015533 -0.00598581 -0.00137154 -0.00505074    0.957613     14.2788
D_0:
   0.0100881   -0.0242124  0.000187234 -0.000737965  -0.00767449    0.0182185 -0.000869491   0.00215118   -0.0019797   0.00465753
opening matrixVD_0.txt for writing
