10
1

0.3218375918795762
0.4212002625368953
 0.934813410220118
 1.004672756781225
 1.039441678553969
 1.090949884374162
  1.23456597970275
 1.515997095697598
  8.44860107539429
 48.47959319718306

    0.2169319835975132    -0.4616298081815537    -0.3417171210313698      0.742676274282269     0.1047820934313465    -0.2440297264150627      0.004828949323349   -0.01149154655111914    0.01207241808906167   -0.02586277929119284
    0.2300858898794276    -0.4327521122780228     0.0109001265890055    -0.0416162988103785    -0.3771977198677308     0.7490793141423394    0.03944305215230117   -0.08764196694692603    0.09631026344286794    -0.1898022370356796
    0.4888797136072124   -0.01043306632518786     0.2877157658938027    -0.0645513176734732     0.1178796343681013   -0.09677886667270634    -0.7031391935193202     0.2683242440429379     0.2721553191768261    -0.1010328748451746
   -0.6757102362125201    -0.1173330804289661    -0.2718469974816426    0.01622962021702155    0.01632652487245618     0.0851152134391028    -0.3103810487970075     0.1145199570654317     0.5743027143045515    -0.0932655115952767
   0.06601776962367029   -0.09671870789309522     0.4581125622929468    0.07220663581534652     0.5065210614606265     0.0759486590376274     0.4890730112734657   -0.04108973535844162     0.5175267667329362   -0.01263772706006424
     0.375182609997014     0.2744023438797355    -0.3589596413045795    -0.1285268266456166    -0.4420457422786256    -0.2415907252950297     0.2797545374338472   0.003743847289947334     0.5454455549251418    0.09493263804318926
   -0.2404788629181347   -0.07625626721841981     0.6218190897200814     0.3077539167569285    -0.6144438433502928    -0.2688679174497437   0.008332123486336959  -0.004111161871282911    0.05673814112108617    0.04297334433730583
   0.03779499782251284     0.1793927122528711    0.03219318043394808     0.1486484432526719    0.05535016841270668     0.1250146093259956    -0.3002574224410852     -0.822031594980278     0.1345864181167449     0.3749143527203727
  -0.00586492491729533    -0.6508611071345627  -0.003862138152747473    -0.4763760208106541  -0.002743654335852007    -0.2734042435497048 -0.0009183133753230857   -0.03094830256581508   0.002988576947063142     0.5231361316209694
 0.0001435494584326916     0.1986945641383193  5.759113667579071e-05     0.2771170736680352  5.117892658002141e-06     0.3686680862628643 -8.418361608608131e-05     0.4781851989619111 -6.781629554987655e-05     0.7205201729953661

22.67707912989659
9.408082775706035
35.56036726275432
14.79163372448834
50.57325880474301
21.07488397935129
68.34594324365588
28.53326138281325
107.7150286501112
45.16737297004636

0.4172978655747837

  0.009955735674274243   -0.02390068747423363  0.0003031859713005705 -0.0009800810943587312   -0.00758865640481342    0.01803972008891048 -0.0008891752363386398    0.00221593631604328  -0.002011587876167008   0.004703325028013553

0.0007238579540334305  0.004920940478098399  0.002467606335086462 -0.003708199469439389 -0.001148627111774693 -0.005594894195455133 -0.001220385563373374 -0.005226307312912806    0.9592422018479442     14.29017092364981

cov:
   0.9501554185609219    0.5462008746457088  -0.04999600101803104    0.1171329456588269     0.096092600762852    0.1714784901596141   0.04404046215354019    0.1358210307777795  -0.00113104218926387   0.09451062201967524
   0.5462008746457088     123.2769538490225   0.02729304309523429     151.4835035940735   0.04773260839326054     184.8055123380945  -0.04124394550827856      224.401960132013  -0.07603239832005267     312.3788431607177
 -0.04999600101803104   0.02729304309523429     1.131935485171275    0.5151038573535223   -0.1172037799043853  -0.01709463351629234   0.01676130590842741   0.02288019643299587 -0.003371159663770592   -0.0242980466419073
   0.1171329456588269     151.4835035940735    0.5151038573535223     196.9664851326262  -0.06107926443637681     249.3522393192839  -0.09225125575670767     312.1944259328109   -0.1219852567805275     451.6229642889896
    0.096092600762852   0.04773260839326054   -0.1172037799043853  -0.06107926443637681     1.131566010017996     0.433002027599444 -0.005482553088267675  -0.07809507575263872 -0.009155801543084615   -0.1427214803055733
   0.1714784901596141     184.8055123380945  -0.01709463351629234     249.3522393192839     0.433002027599444     325.1183704431143   -0.1470904847370908     414.6738884898457   -0.1772165864439643     614.1376260974397
  0.04404046215354019  -0.04124394550827856   0.01676130590842741  -0.09225125575670767 -0.005482553088267675   -0.1470904847370908     1.088524486150339    0.2527850265774668   0.01627199487117337   -0.3201297912873657
   0.1358210307777795      224.401960132013   0.02288019643299587     312.1944259328109  -0.07809507575263872     414.6738884898457    0.2527850265774668     539.1162784539216   -0.2292949946999583     807.8725384129258
 -0.00113104218926387  -0.07603239832005267 -0.003371159663770592   -0.1219852567805275 -0.009155801543084615   -0.1772165864439643   0.01627199487117337   -0.2292949946999583     1.089952036102054   0.08962970974932463
  0.09451062201967524     312.3788431607177   -0.0242980466419073     451.6229642889896   -0.1427214803055733     614.1376260974397   -0.3201297912873657     807.8725384129258   0.08962970974932463     1240.036838943412

cov.inverse():
   1.639448685848247   -1.359723254727266  -0.5413401093333132    1.372299388076068  -0.2252686515821695   0.3222720859763638  -0.0124941894398297 -0.07848289203791389   0.1148100129859017  -0.2659138100766923
  -1.359723254727264    3.222439376463963    1.372199432590092   -3.245063915547313    0.337624229923437  -0.7851343601884004 -0.07638653878721481   0.1893878588447302  -0.2716727530093194   0.6357171900124807
 -0.5413401093334064    1.372199432590314    1.852610256386122   -2.281286705277692  -0.2362592736856012   0.7934521926558091 -0.03922835175082495   0.0582853290709052 -0.01902028071329965  0.05428147983664786
   1.372299388076291   -3.245063915547844   -2.281286705277696    5.433537108653145   0.7924554006452029   -1.930090589744221  0.05706297924185297   -0.136701793054244  0.04892449769194796  -0.1165288694871138
 -0.2252686515820482   0.3376242299231496  -0.2362592736857393     0.79245540064553    1.574821749561756   -1.614440719414348 -0.06405760482055844   0.1739686982249107  -0.1261512696889004   0.3127468733923746
  0.3222720859760728  -0.7851343601877113   0.7934521926561384      -1.930090589745   -1.614440719414346    3.865383124515256   0.1666546126349465  -0.4104817717466171   0.3194586842647135   -0.746384716540606
-0.01249418943983481 -0.07638653878720258 -0.03922835175082688  0.05706297924185787  -0.0640576048205484   0.1666546126349224   0.9966123636290877  -0.1814817418812216 -0.02840466660742786  0.03440906691277332
 -0.0784828920379009   0.1893878588446991  0.05828532907090868   -0.136701793054253   0.1739686982248869  -0.4104817717465604  -0.1814817418812217   0.4356716390191058  0.03354775047429274 -0.07848588211095539
  0.1148100129858786   -0.271672753009265 -0.01902028071325342  0.04892449769183765  -0.1261512696889264   0.3194586842647765 -0.02840466660742485  0.03354775047428547   0.9730726687080345  -0.1295527136516373
 -0.2659138100766386   0.6357171900123542     0.05428147983654  -0.1165288694868564   0.3127468733924357  -0.7463847165407533  0.03440906691276627 -0.07848588211093833  -0.1295527136516373   0.3039633513006733

cov*(cov_.inverse()):
                     1                      0 -1.994931997373328e-17   4.85722573273506e-17  1.734723475976807e-17  4.163336342344337e-17 -8.673617379884035e-18 -8.673617379884035e-19  5.204170427930421e-18 -3.469446951953614e-17
 5.684341886080801e-14      1.000000000000028 -6.750155989720952e-14 -2.273736754432321e-13   -1.4210854715202e-14                      0  -1.06581410364015e-14   1.06581410364015e-14  7.105427357601002e-15 -2.842170943040401e-14
-3.469446951953614e-17 -1.144917494144693e-16                      1 -4.436555289810684e-16 -2.862293735361732e-17 -6.245004513516506e-17 -1.951563910473908e-18  1.301042606982605e-18 -8.673617379884035e-19  3.469446951953614e-18
 7.105427357601002e-14  -1.13686837721616e-13 -4.263256414560601e-14     0.9999999999995808  -1.13686837721616e-13   1.70530256582424e-13 -8.881784197001252e-15   -1.4210854715202e-14    1.4210854715202e-14 -5.684341886080801e-14
-5.551115123125783e-17  1.387778780781446e-17 -3.382710778154774e-17  6.245004513516506e-17                      1  -9.71445146547012e-17  1.301042606982605e-17  1.214306433183765e-17                      0 -2.775557561562891e-17
                     0   1.13686837721616e-13  -1.13686837721616e-13 -3.410605131648481e-13  5.684341886080801e-14      1.000000000000057 -3.552713678800501e-15   -1.4210854715202e-14                      0 -2.842170943040401e-14
                     0                      0  3.469446951953614e-18  6.938893903907228e-17                      0  5.551115123125783e-17                      1  -2.42861286636753e-17 -2.081668171172169e-17                      0
 5.684341886080801e-14   1.13686837721616e-13  -1.13686837721616e-13 -7.105427357601002e-14 -2.842170943040401e-14  -1.13686837721616e-13 -3.552713678800501e-15     0.9999999999999858    1.4210854715202e-14  5.684341886080801e-14
-1.734723475976807e-17 -1.110223024625157e-16  4.423544863740858e-17 -8.673617379884035e-18 -2.081668171172169e-17  1.665334536937735e-16  1.301042606982605e-17 -9.540979117872439e-18                      1 -2.081668171172169e-17
  1.13686837721616e-13  2.273736754432321e-13 -8.526512829121202e-14 -4.547473508864641e-13  -1.70530256582424e-13                      0 -3.552713678800501e-14   -1.4210854715202e-14  2.842170943040401e-14                      1
