6 
7 
8 
9 
11 
inputFileName = /Users/demattia/RemoteProjects/extracted_hybrid.root
eventsFractionStartBuild = 0
eventsFractionEndBuild = 0.2
eventsFractionStartTest = 0.8
eventsFractionEndTest = 1
var name = R
var name = z
par name = cotTheta
firstOrderChargeOverPtCoefficientsFileName = 
firstOrderCotThetaCoefficientsFileName = 
2 < pT < 10, pT regions = 1
0 < phi < 0.8, phi regions = 1
-3 < eta < 3, eta regions = 1
-15 < z0 < 15, eta regions = 1
charge regions = 1
endcap regions = 0
Training
Requested running from track number 0 to track number 1000000 for a total of 1000000 tracks.
Analyzed 10% of 1000000 tracks
Analyzed 20% of 1000000 tracks
Analyzed 30% of 1000000 tracks
Analyzed 40% of 1000000 tracks
Analyzed 50% of 1000000 tracks
Analyzed 60% of 1000000 tracks
Analyzed 70% of 1000000 tracks
Analyzed 80% of 1000000 tracks
Analyzed 90% of 1000000 tracks
Analyzed 100% of 1000000 tracks
Evaluating eigenvalues:
geomIndex = 0
Sqrt(eigenvalues) of cov:
 0.145229 0.670508 0.758559 1.0052 1.41551 1.61775 1.81203 1.89582 4.2645 8.88211
Analyzed 10% of 1000000 tracks
Analyzed 20% of 1000000 tracks
Analyzed 30% of 1000000 tracks
Analyzed 40% of 1000000 tracks
Analyzed 50% of 1000000 tracks
Analyzed 60% of 1000000 tracks
Analyzed 70% of 1000000 tracks
Analyzed 80% of 1000000 tracks
Analyzed 90% of 1000000 tracks
Analyzed 100% of 1000000 tracks
opening GeometricIndex.txt for writing
Matrices built:
geomIndex = 0

V_0:
   0.459733   -0.357973   -0.632058    0.493084   0.0415036  -0.0341545   0.0795126  -0.0546847   0.0532647  -0.0532289
    0.24194   -0.105463    0.171344  -0.0743947   -0.791075     0.35732    0.342273   -0.128194   0.0539324  -0.0740199
   0.223715  -0.0953038    0.106374  -0.0251776   -0.203621    0.067177   -0.795507    0.272408    0.301471   -0.291587
   0.705447  -0.0161071     0.56713  0.00438744    0.391719  -0.0238203    0.157745   0.0107262  -0.0231532   0.0297139
  -0.168925  -0.0902896  -0.0114991  -0.0536982    0.210801     0.12176     0.42136     0.43958    0.273578   -0.674844
  0.0285034   0.0224256   0.0343846   0.0488433  -0.0438643  -0.0711027    -0.13825   -0.226657   -0.759965   -0.583185
   0.389552     0.46956   -0.457184   -0.586924  -0.0544481   -0.111481   0.0565735    0.218069  -0.0900768  -0.0021122
-0.00013384   0.0847129    0.166413    0.288367    -0.35785   -0.749328    0.133539    0.411244   -0.060398   0.0427073
 -0.0341212   -0.486631  -0.0101375   -0.164152   0.0136932    0.250175  -0.0213827    0.592248   -0.468297    0.318882
   0.011981    0.615031  0.00799835    0.539287  0.00145237    0.457915  -0.0257733    0.306949   -0.139208   0.0821539
corrPV_0:
 0.00239863  0.00369626  0.00832934   0.0130918  -0.0214541  0.00333448  0.00361498 -0.00210882    0.353439    -0.36833
D_0:
  0.0682059  -0.0540322  -0.0622527   0.0492706 -0.00155966  0.00136407 -0.00261398  0.00188958 -0.00184771  0.00177133
opening matrixVD_0.txt for writing
