6 
7 
8 
9 
11 
inputFileName = /Users/demattia/RemoteProjects/extracted_hybrid.root
eventsFractionStartBuild = 0
eventsFractionEndBuild = 0.2
eventsFractionStartTest = 0.8
eventsFractionEndTest = 1
var name = R
var name = z
par name = cotTheta
firstOrderChargeOverPtCoefficientsFileName = 
firstOrderCotThetaCoefficientsFileName = 
pT > 2, pT regions = 1
0 < phi < 0.8, phi regions = 1
-3 < eta < 3, eta regions = 1
-15 < z0 < 15, eta regions = 1
charge regions = 1
endcap regions = 0
Training
Requested running from track number 0 to track number 1000000 for a total of 1000000 tracks.
Analyzed 10% of 1000000 tracks
Analyzed 20% of 1000000 tracks
Analyzed 30% of 1000000 tracks
Analyzed 40% of 1000000 tracks
Analyzed 50% of 1000000 tracks
Analyzed 60% of 1000000 tracks
Analyzed 70% of 1000000 tracks
Analyzed 80% of 1000000 tracks
Analyzed 90% of 1000000 tracks
Analyzed 100% of 1000000 tracks
Evaluating eigenvalues:
geomIndex = 0
Sqrt(eigenvalues) of cov:
 0.145358 0.674471 0.755591 0.993468 1.40966 1.60959 1.82294 1.90632 4.26751 8.85593
Analyzed 10% of 1000000 tracks
Analyzed 20% of 1000000 tracks
Analyzed 30% of 1000000 tracks
Analyzed 40% of 1000000 tracks
Analyzed 50% of 1000000 tracks
Analyzed 60% of 1000000 tracks
Analyzed 70% of 1000000 tracks
Analyzed 80% of 1000000 tracks
Analyzed 90% of 1000000 tracks
Analyzed 100% of 1000000 tracks
opening GeometricIndex.txt for writing
Matrices built:
geomIndex = 0

V_0:
   0.459409   -0.358201   -0.631967    0.493482   0.0417476  -0.0344499   0.0784763  -0.0547428   0.0530195  -0.0532231
   0.247501   -0.109261    0.172014  -0.0747823    -0.79964    0.362142    0.308944   -0.122863   0.0641208  -0.0799989
   0.219421  -0.0866035   0.0980216  -0.0265116   -0.176509    0.050197   -0.808555    0.277427    0.292738   -0.289733
  -0.701065    0.021763   -0.570701 -0.00746703   -0.392383   0.0172247   -0.164537  -0.0120252   0.0213161  -0.0186076
  -0.187964   -0.105437 -0.00500497  -0.0370594    0.202303    0.130737    0.418217    0.436247    0.288566   -0.667569
  0.0281718   0.0293631   0.0222412   0.0346781     -0.0361  -0.0587833   -0.128853   -0.229018   -0.755071   -0.593888
  -0.387898    -0.46825    0.448654    0.578929    0.055757    0.129923  -0.0840846   -0.246695   0.0763393  0.00912313
-0.00988831      0.0682    0.183717    0.306987   -0.357997   -0.744508    0.133279     0.40072  -0.0733383   0.0329594
 -0.0349487   -0.485293 -0.00960205   -0.161485   0.0145414    0.254132  -0.0228785    0.590074   -0.472531    0.316715
  0.0118336    0.616751  0.00817902    0.540437  0.00131057     0.45667  -0.0263691    0.303998   -0.137959   0.0815303
corrPV_0:
 0.00240772  0.00402345  0.00805715  -0.0126603  -0.0213712  0.00223494 -0.00269869 -0.00178129     0.35384   -0.372147
D_0:
  0.0682604  -0.0541356  -0.0623966   0.0494004 -0.00157321  0.00133807 -0.00255055  0.00188154 -0.00184044  0.00178763
opening matrixVD_0.txt for writing
