10
1

0.1452288706151986
0.6705082298866033
0.7585589638184137
 1.005200712831129
 1.415511713590195
  1.61775207864105
 1.812033401658369
 1.895817736883309
 4.264496110655871
 8.882110444164089

    0.4597327891455246    -0.3579725363890663    -0.6320579080351828     0.4930842003507843    0.04150359243785726   -0.03415446891780542    0.07951262701490973   -0.05468468027840392    0.05326472199625393   -0.05322893364199614
    0.2419397630259097    -0.1054628727390264     0.1713435273698366   -0.07439467665009941    -0.7910752678560909     0.3573198712414171     0.3422726949704428    -0.1281941535147957    0.05393237647758876   -0.07401993993102962
    0.2237151354300645   -0.09530376523694947     0.1063738774919887   -0.02517763310296785    -0.2036207900234969    0.06717699045078712    -0.7955072111907784     0.2724077317071353     0.3014708542249084    -0.2915868138591818
    0.7054473444080372   -0.01610713264315426     0.5671302158278593   0.004387443459306013     0.3917190599919056   -0.02382027632795754     0.1577447616212197    0.01072621438345242   -0.02315317056081437    0.02971388319228064
   -0.1689249021055394   -0.09028960266863517   -0.01149912128704404   -0.05369823913856184     0.2108011558069463     0.1217604060572046     0.4213600692895031     0.4395800195348575     0.2735781013825942    -0.6748435607804461
   0.02850335528315377    0.02242555419910256    0.03438460791332042    0.04884331377774534   -0.04386429367358751   -0.07110274595459264    -0.1382498719580331    -0.2266568502739709    -0.7599645557495028    -0.5831848121174672
    0.3895518098612786     0.4695597804425402    -0.4571844854269332    -0.5869238301853276   -0.05444805671290562    -0.1114813308439786     0.0565734686213425     0.2180693441533169   -0.09007679084373399  -0.002112203465473433
-0.0001338402685953021    0.08471293772605273     0.1664126946950308     0.2883668182190827    -0.3578501305166565    -0.7493279776326007     0.1335388899826175      0.411243827432014   -0.06039803502778934    0.04270733093339306
  -0.03412122922836127    -0.4866308952069295   -0.01013754183411196    -0.1641515642841548    0.01369323124275117     0.2501752464702992   -0.02138266652736592     0.5922478941846385    -0.4682966188291818     0.3188823284622866
   0.01198096495969818     0.6150313675301181   0.007998345084973506      0.539286871755893   0.001452373552384959     0.4579153547948714   -0.02577334944986156     0.3069488667542782    -0.1392079209729638    0.08215394518371173

35.55722008847035
 43.4679003835261
50.55265997527623
62.37111258020025
68.46360565794704
85.05424156154521
88.29366615887407
110.1023367546655
104.1501178490786
130.6118531713856

1.256866694186419

  0.06820589631907838  -0.05403223715042534  -0.06225271405275721    0.0492706152140821 -0.001559664754307124  0.001364066046339799  -0.00261398134982502  0.001889578507126588 -0.001847711647062303  0.001771333482393843

 0.002398627055633728  0.003696263801578939  0.008329342775380992   0.01309176466108042  -0.02145409590831239  0.003334477459505928   0.00361498428143947 -0.002108816124940508    0.3534388262222193   -0.3683301415577548

cov:
    1.15248591088839    1.477400373294474  -0.1340930527037911  -0.1208720597058759  0.01614554495963277   0.1190358112406959 -0.04368827657619441  0.06389876952158209 -0.07677749927332472  0.03704306578853506
   1.477400373294474    34.92912409145448   -0.190725839618149    26.81602853435434  -0.2423383245502776     19.5582861456519  -0.9935468121488256    10.01214284477285   -2.880636953157629    1.281158498101628
 -0.1340930527037911   -0.190725839618149    1.149236972913491    1.418391874535555 0.007806361944866529 -0.02876618147171081  0.02748421778327398 -0.01373797237517404  0.03152653362537935 -0.02097948537560615
 -0.1208720597058759    26.81602853435434    1.418391874535555    24.88416568991954   -0.241753200312584    18.13798017067921   -1.064730499762846    11.22076603325434   -4.545977172033542    2.595998899368771
 0.01614554495963277  -0.2423383245502776 0.007806361944866529   -0.241753200312584    1.027921083543567    1.013633055256385  0.03768101508318668  -0.1556947992646277   0.1003923516911059  -0.1116140806027592
  0.1190358112406959     19.5582861456519 -0.02876618147171081    18.13798017067921    1.013633055256385     19.8431896220551   -1.259814675326944    12.73506894433841   -6.734960011135652    4.224483714552215
-0.04368827657619441  -0.9935468121488256  0.02748421778327398   -1.064730499762846  0.03768101508318668   -1.259814675326944   0.9831674135005741  -0.3062086342110597   0.7920779960009979  -0.5029546880134832
 0.06389876952158209    10.01214284477285 -0.01373797237517404    11.22076603325434  -0.1556947992646277    12.73506894433841  -0.3062086342110597    15.14773053734038    -7.83302473939067     5.19607741812962
-0.07677749927332472   -2.880636953157629  0.03152653362537935   -4.545977172033542   0.1003923516911059   -6.734960011135652   0.7920779960009979    -7.83302473939067    7.272470101242378    -2.88977008839961
 0.03704306578853506    1.281158498101628 -0.02097948537560615    2.595998899368771  -0.1116140806027592    4.224483714552215  -0.5029546880134832     5.19607741812962    -2.88977008839961    4.243219622606735

cov.inverse():
   10.79139240785819   -7.843262932100123   -13.30042256808643    10.63687106830148   0.6485441514163568  -0.5673305814187111    1.687899579392639   -1.162294816204945    1.249918084221613   -1.242988383482566
   -7.84326293210008    6.207665924245909     10.6003879655315   -8.412983543932906   -0.517816089409137   0.4422925027853122   -1.309132024154674   0.9185872414673548  -0.9879448370244009   0.9868332629823219
  -13.30042256808645     10.6003879655315    19.41638543266472   -14.71089046343888   -1.373814054611433     1.13785668893695   -2.316793667625002    1.629164740307423   -1.534483441243689    1.528015600818842
   10.63687106830144   -8.412983543932905   -14.71089046343889    11.67652972473415    1.086242079092559  -0.9045594054588512     1.82448083384072   -1.294344623863624    1.216044693955553   -1.210583143060915
  0.6485441514163502  -0.5178160894091325   -1.373814054611425    1.086242079092553    1.757003659272034  -0.6382948406183839 -0.07073586476192895  0.03165715410656835 -0.05706987221481121  0.07500413216282739
 -0.5673305814187098   0.4422925027853088    1.137856688936945  -0.9045594054588465  -0.6382948406183838   0.5231448604064174  0.04583853260012999 -0.03212663399131509  0.03802376505083038 -0.03650925319378195
   1.687899579392638   -1.309132024154682   -2.316793667625018    1.824480833840732 -0.07073586476192671  0.04583853260012812    1.786630461107241  -0.5560269327955415 -0.08405896659406464  0.04077754580192693
  -1.162294816204943   0.9185872414673631    1.629164740307439   -1.294344623863636  0.03165715410656659 -0.03212663399131359  -0.5560269327955421   0.5054996136813165  0.08614546803013635 -0.06070477383750931
   1.249918084221597  -0.9879448370243946   -1.534483441243679    1.216044693955545 -0.05706987221481151  0.03802376505083063 -0.08405896659406728  0.08614546803013853   0.5732877422869488  -0.2285663955057388
  -1.242988383482561   0.9868332629823174    1.528015600818834   -1.210583143060908  0.07500413216282743 -0.03650925319378199  0.04077754580192901 -0.06070477383751115  -0.2285663955057389   0.6585847323619045

cov*(cov_.inverse()):
     1.000000000000058 -4.940492459581947e-14  3.470834730734396e-14  4.055089597443384e-14   5.28656979303932e-16  3.769120432428608e-15  1.235144798938936e-14 -1.388862982953931e-14  9.183626081821217e-15   1.52655665885959e-15
-2.997602166487923e-14     0.9999999999999742  2.442490654175344e-15  1.532107773982716e-14 -1.360023205165817e-15  2.081668171172169e-16 -3.608224830031759e-16 -5.412337245047638e-16 -2.442490654175344e-15 -1.110223024625157e-16
 5.551115123125783e-17  1.991462550421375e-15     0.9999999999999881  4.499872696683838e-15  4.293440603042598e-17 -1.152940590221085e-15 -7.436542701078075e-16  6.153931531027723e-16 -1.942890293094024e-16 -3.070460552478949e-16
-2.708944180085382e-14  2.442490654175344e-14  -5.10702591327572e-14     0.9999999999999747  -9.71445146547012e-16 -9.603429163007604e-15  1.734723475976807e-15  4.191091917959966e-15 -2.220446049250313e-15 -4.662936703425657e-15
 4.996003610813204e-16 -5.967448757360216e-16  1.304512053934559e-15  1.110223024625157e-15                      1   7.28583859910259e-17  1.613292832658431e-16 -2.949029909160572e-16  1.457167719820518e-16  1.249000902703301e-16
-2.664535259100376e-14  -1.06581410364015e-14 -6.661338147750939e-14  2.131628207280301e-14 -1.332267629550188e-15     0.9999999999999957 -1.554312234475219e-15 -4.440892098500626e-16  1.998401444325282e-15 -3.996802888650564e-15
-1.554312234475219e-15  2.331468351712829e-15  9.992007221626409e-16 -9.992007221626409e-16  3.469446951953614e-17 -1.249000902703301e-16     0.9999999999999996  3.087807787238717e-16 -6.938893903907228e-17  2.220446049250313e-16
-2.486899575160351e-14  1.243449787580175e-14   1.77635683940025e-15  -1.77635683940025e-14 -1.831867990631508e-15 -2.220446049250313e-16   -4.6074255521944e-15      1.000000000000005 -1.110223024625157e-15 -1.332267629550188e-15
-8.881784197001252e-15  6.217248937900877e-15  5.329070518200751e-15 -5.773159728050814e-15 -2.220446049250313e-15  5.967448757360216e-16 -1.915134717478395e-15  6.938893903907228e-16     0.9999999999999994  1.332267629550188e-15
 4.440892098500626e-15 -3.552713678800501e-15 -3.552713678800501e-15  7.105427357601002e-15  2.220446049250313e-16 -1.110223024625157e-16  8.881784197001252e-16 -1.110223024625157e-16  6.661338147750939e-16     0.9999999999999989
