5 
7 
8 
11 
12 
inputFileName = /Users/demattia/RemoteProjects/extracted_hybrid.root
eventsFractionStartBuild = 0
eventsFractionEndBuild = 0.2
eventsFractionStartTest = 0.8
eventsFractionEndTest = 1
var name = R
var name = z
par name = cotTheta
firstOrderChargeOverPtCoefficientsFileName = 
firstOrderCotThetaCoefficientsFileName = 
2 < pT < 10, pT regions = 1
0 < phi < 0.8, phi regions = 1
-3 < eta < 3, eta regions = 1
-15 < z0 < 15, eta regions = 1
charge regions = 1
endcap regions = 0
Training
Requested running from track number 0 to track number 1000000 for a total of 1000000 tracks.
Analyzed 10% of 1000000 tracks
Analyzed 20% of 1000000 tracks
Analyzed 30% of 1000000 tracks
Analyzed 40% of 1000000 tracks
Analyzed 50% of 1000000 tracks
Analyzed 60% of 1000000 tracks
Analyzed 70% of 1000000 tracks
Analyzed 80% of 1000000 tracks
Analyzed 90% of 1000000 tracks
Analyzed 100% of 1000000 tracks
Evaluating eigenvalues:
geomIndex = 0
Sqrt(eigenvalues) of cov:
 0.254007 0.668008 0.963559 1.04335 1.67478 1.84416 2.00045 3.01242 6.55406 11.889
Analyzed 10% of 1000000 tracks
Analyzed 20% of 1000000 tracks
Analyzed 30% of 1000000 tracks
Analyzed 40% of 1000000 tracks
Analyzed 50% of 1000000 tracks
Analyzed 60% of 1000000 tracks
Analyzed 70% of 1000000 tracks
Analyzed 80% of 1000000 tracks
Analyzed 90% of 1000000 tracks
Analyzed 100% of 1000000 tracks
opening GeometricIndex.txt for writing
Matrices built:
geomIndex = 0

V_0:
  0.390037  -0.230269   -0.73441   0.439388   0.182941  -0.107595  0.0741091 -0.0332497  0.0921536  -0.047894
  0.363906  -0.109797  0.0120772 -0.0147429  -0.831607   0.311752   0.123058 -0.0670457   0.192508 -0.0984709
  0.485808 -0.0236002   0.283309 -0.0603008    0.21305 -0.0424121  -0.448759   0.468118   0.311354  -0.338946
  0.657001  0.0384982    0.35724 -0.0491065   0.254708 0.00242309   0.251946  -0.365352  -0.278359   0.312269
 -0.180823  -0.308998   0.326326   0.347035   0.276825   0.375623    0.38238  -0.178298   0.224705  -0.445735
 0.0996678   0.182657  -0.103371  -0.159972 -0.0264951 -0.0533145   0.511045   0.467282   -0.50217  -0.430334
-0.0586698   -0.18779   0.367672   0.602181  -0.270739  -0.543289  0.0490035   0.226864  -0.140192   0.146638
 0.0271115    0.18484  0.0051743  0.0103265  -0.116774  -0.377767  -0.268753  -0.579907  -0.178599  -0.606798
-0.0306173  -0.765484  -0.013339  -0.201715 -0.0159586   0.137429  -0.309135 0.00584205  -0.505826  -0.040365
0.00621506   0.385541 0.00710845   0.501229 -0.0131139   0.537342  -0.370038  0.0620262  -0.412244  0.0202561
corrPV_0:
 0.00523163   0.0103129  0.00938471   0.0146888  -0.0141998 -0.00273273   0.0164012  -0.0451843    0.823528    0.577553
D_0:
   0.0537109   -0.0343008   -0.0519017    0.0329845  -0.00106267  0.000710354 -0.000529226  0.000266082  -0.00048879  0.000161864
opening matrixVD_0.txt for writing
