5 
7 
8 
11 
12 
inputFileName = /Users/demattia/RemoteProjects/extracted_hybrid.root
eventsFractionStartBuild = 0
eventsFractionEndBuild = 0.2
eventsFractionStartTest = 0.8
eventsFractionEndTest = 1
var name = R
var name = z
par name = cotTheta
firstOrderChargeOverPtCoefficientsFileName = 
firstOrderCotThetaCoefficientsFileName = 
pT > 2, pT regions = 1
0 < phi < 0.8, phi regions = 1
-3 < eta < 3, eta regions = 1
-15 < z0 < 15, eta regions = 1
charge regions = 1
endcap regions = 0
Training
Requested running from track number 0 to track number 1000000 for a total of 1000000 tracks.
Analyzed 10% of 1000000 tracks
Analyzed 20% of 1000000 tracks
Analyzed 30% of 1000000 tracks
Analyzed 40% of 1000000 tracks
Analyzed 50% of 1000000 tracks
Analyzed 60% of 1000000 tracks
Analyzed 70% of 1000000 tracks
Analyzed 80% of 1000000 tracks
Analyzed 90% of 1000000 tracks
Analyzed 100% of 1000000 tracks
Evaluating eigenvalues:
geomIndex = 0
Sqrt(eigenvalues) of cov:
 0.253981 0.672603 0.962197 1.03986 1.67001 1.84621 1.99993 3.00597 6.5499 11.8637
Analyzed 10% of 1000000 tracks
Analyzed 20% of 1000000 tracks
Analyzed 30% of 1000000 tracks
Analyzed 40% of 1000000 tracks
Analyzed 50% of 1000000 tracks
Analyzed 60% of 1000000 tracks
Analyzed 70% of 1000000 tracks
Analyzed 80% of 1000000 tracks
Analyzed 90% of 1000000 tracks
Analyzed 100% of 1000000 tracks
opening GeometricIndex.txt for writing
Matrices built:
geomIndex = 0

V_0:
     0.39059    -0.229961    -0.734035      0.43925     0.184154    -0.107855    0.0743103   -0.0334888    0.0914948   -0.0474237
    0.343285    -0.111424 -0.000345921   -0.0134103     -0.83717     0.316558     0.127516   -0.0719298     0.193556   -0.0979796
    0.514476   -0.0251205     0.293326   -0.0676066     0.211458   -0.0246178    -0.434006     0.451719     0.309056    -0.332905
    0.644904    0.0395654     0.342018   -0.0585651     0.240875    0.0236873     0.273401    -0.382908    -0.281257      0.32105
   -0.189263    -0.314412     0.339099     0.374839     0.263283     0.346608     0.389723    -0.166465     0.210025    -0.443476
    0.102553     0.196129    -0.129541     -0.19927   -0.0140438   -0.0211222     0.503929      0.45397    -0.493392    -0.436365
  -0.0224534    -0.163787     0.355072     0.570785    -0.280681    -0.560135    0.0632887     0.264613    -0.181983     0.145335
   0.0346068     0.184641   0.00904471    0.0107117    -0.117498    -0.381563     -0.26989    -0.579114    -0.181316    -0.603347
  -0.0304513    -0.765302   -0.0138508    -0.202836   -0.0147279     0.138591    -0.308672   0.00539967    -0.505713   -0.0396697
  0.00645049     0.385459   0.00754433     0.501611   -0.0133993     0.536525    -0.370346    0.0617631    -0.412623    0.0210366
corrPV_0:
 0.00526717   0.0103405   0.0101003    0.014444  -0.0141979 -0.00359676    0.019506  -0.0429853    0.822993    0.576648
D_0:
   0.0539903   -0.0344549   -0.0523116    0.0332387  -0.00104681  0.000674809 -0.000462274  0.000205042  -0.00045569  0.000167185
opening matrixVD_0.txt for writing
