10
1

0.2540068579234264
0.6680077388494506
0.9635594456281867
 1.043348950125555
 1.674776715159316
 1.844157663623896
 2.000453663726044
 3.012421291566444
 6.554061198858153
 11.88895503853911

  0.3900371019418593  -0.2302691028459187  -0.7344097782494017   0.4393878414737127   0.1829409020296302  -0.1075946703617526  0.07410905333408578 -0.03324969080822719  0.09215361322449277  -0.0478939753951812
   0.363906121178703  -0.1097972729589931  0.01207721532227073 -0.01474289164745328  -0.8316068579192495   0.3117521950955756   0.1230584360777411 -0.06704571618352857   0.1925078102136311 -0.09847091351472854
  0.4858079967337738 -0.02360023045391822   0.2833090037309655 -0.06030080614228108   0.2130498461566721 -0.04241210386267536  -0.4487591088955235   0.4681178708671885   0.3113538926766101  -0.3389455587367188
  0.6570007616091582  0.03849820537908806   0.3572398220360973 -0.04910653952651273   0.2547081359654137 0.002423089102382647   0.2519455374171999  -0.3653516777591826   -0.278359033543583   0.3122689306446318
 -0.1808233410365614  -0.3089983600687279   0.3263258694731791   0.3470348776513575   0.2768246610354865   0.3756234095966959    0.382379655688606  -0.1782978537105589   0.2247053615954563  -0.4457347746931585
 0.09966780833271327   0.1826567768144881  -0.1033714001080915  -0.1599724480520443 -0.02649506632986991 -0.05331452859891421   0.5110450006253708   0.4672824591324953  -0.5021696360795276  -0.4303339856354978
-0.05866984877253369  -0.1877895748653622   0.3676719779649158   0.6021814211136463  -0.2707387597843393  -0.5432891984346624  0.04900353224451649   0.2268638019879712  -0.1401921356352155   0.1466382698944311
 0.02711145648280782   0.1848396810634679  0.00517430460137801  0.01032645318899472  -0.1167740581210856  -0.3777671851695663  -0.2687528162297851  -0.5799065110193672  -0.1785989245926413  -0.6067984934946824
-0.03061734490717914  -0.7654841592493977 -0.01333904430696561  -0.2017152415059288 -0.01595859840038609   0.1374290590106672  -0.3091352991028219 0.005842049344954438  -0.5058261451818433  -0.0403650393946707
0.006215055407894309    0.385540531725887 0.007108451224641705    0.501229292636911 -0.01311387403218739   0.5373415742932379  -0.3700377393981411  0.06202615230344413  -0.4122439977696499  0.02025612512445019

22.67748542960759
34.26969986039136
50.58021848395462
78.13274690762566
68.21091908545408
 105.926769166632
84.27701750460204
131.3404558941376
 99.7285500416443
155.7728714810401

1.568257527090669

   0.05371091071194228   -0.03430082948342732   -0.05190169429755987    0.03298447665859752  -0.001062669337967474  0.0007103544756057473 -0.0005292255776179829  0.0002660821729455389 -0.0004887897496034228  0.0001618642658812315

 0.005231630696915091   0.01031289047986878  0.009384706202965904   0.01468881071690855  -0.01419975863957485 -0.002732727222445198   0.01640118182897628   -0.0451843471190637    0.8235277539934962    0.5775529375176806

cov:
   0.9495828613364266     1.646911487641485    0.1049514460113824    0.2828787949972998   0.04274442854553267    0.1478515657156483  -0.01721159952830224   0.03781017641341159  -0.01716645905604092   0.02062596758368141
    1.646911487641485     47.02403195166691    0.2304041957323791     33.10541172374486   -0.3946550904894143     24.16685991145443    -10.48858718461516     2.467840327667557    -6.562950235669359     1.448165967262231
   0.1049514460113824    0.2304041957323791     1.139342323372768     1.823727826306026 -0.003233417425014409  0.003162010851742199   0.01223445079222128   0.02033573455493595   0.01350229522061266  0.008069749426654683
   0.2828787949972998     33.10541172374486     1.823727826306026     39.15411436867462    -1.185192604270118     35.92559506334798    -23.33758128776248     4.401169106489615    -24.68736089186135     1.883182628102694
  0.04274442854553267   -0.3946550904894143 -0.003233417425014409    -1.185192604270118     1.093179978901004   0.07049291070378523     1.316674998178841   0.08498417283393048     1.585820287714085    0.2224611092251171
   0.1478515657156483     24.16685991145443  0.003162010851742199     35.92559506334798   0.07049291070378523     44.55075562736766    -28.77003334846753     5.939165342484923    -33.03873170300263     2.670778001688904
 -0.01721159952830224    -10.48858718461516   0.01223445079222128    -23.33758128776248     1.316674998178841    -28.77003334846753     25.68599666479434    -1.541156210813267      27.8601127453774  -0.01957995372912736
  0.03781017641341159     2.467840327667557   0.02033573455493595     4.401169106489615   0.08498417283393048     5.939165342484923    -1.541156210813267     4.985569140423861     -3.59892503668315     2.764418999567894
 -0.01716645905604092    -6.562950235669359   0.01350229522061266    -24.68736089186135     1.585820287714085    -33.03873170300263      27.8601127453774     -3.59892503668315     36.57072629284615    0.8505893316019275
  0.02062596758368141     1.448165967262231  0.008069749426654683     1.883182628102694    0.2224611092251171     2.670778001688904  -0.01957995372912736     2.764418999567894    0.8505893316019275      4.95973998996141

cov.inverse():
    3.320909334033773    -1.441549222518102    -4.095431746545887     2.547308640564565    0.6779595145912788   -0.4359479473819782    0.4546187873457207   -0.2111133486420341      0.68165918029402   -0.3465296603167276
     -1.4415492225181    0.9219252409176852     2.565166398436378    -1.634653901937999   -0.4660462269446266    0.2810326327198898   -0.2924073979302874    0.1326907211745336   -0.4349154715019335    0.2223467250506087
   -4.095431746545872      2.56516639843638     8.638517783199763     -4.93570377063982    -1.948205985403602     1.216190137684526   -0.8611093149686675    0.3851709248421051    -1.011533844132588    0.5159137949721384
    2.547308640564563       -1.634653901938    -4.935703770639817     3.142731848864789     1.242656221837905   -0.7723315059407267    0.5488883685693208   -0.2485122104476596    0.6445929829612452   -0.3282551513791076
   0.6779595145912742   -0.4660462269446272    -1.948205985403606     1.242656221837906     2.224347687761636   -0.8162246607720304  -0.02917739591798316   0.02347112766022913  -0.05305065803732274  0.000261032531253788
  -0.4359479473819752    0.2810326327198903     1.216190137684525   -0.7723315059407274   -0.8162246607720304    0.5422742736461074   0.02878151758466276   -0.0511956619995075   0.02721715384214783  -0.02039217733591952
   0.4546187873457183   -0.2924073979302881    -0.861109314968669    0.5488883685693225  -0.02917739591798148   0.02878151758466168    0.5349508134840883   -0.3018433492080824  -0.09251125896779151   0.04850578250236535
  -0.2111133486420343    0.1326907211745345    0.3851709248421092   -0.2485122104476616   0.02347112766022736   -0.0511956619995063   -0.3018433492080825    0.5113366563813633   0.09392655571845079   -0.2199226300857016
   0.6816591802940211    -0.434915471501932    -1.011533844132583    0.6445929829612417  -0.05305065803732539   0.02721715384214967   -0.0925112589677918   0.09392655571845084    0.4979992319992865   -0.2693486763843109
  -0.3465296603167244    0.2223467250506078    0.5159137949721349   -0.3282551513791054 0.0002610325312555713  -0.02039217733592071   0.04850578250236547   -0.2199226300857016   -0.2693486763843109    0.4418722987737727

cov*(cov_.inverse()):
     1.000000000000005 -1.778958924614216e-15  -1.59611907024626e-14  1.615894917872396e-15  5.688016823225759e-15 -3.374470841643884e-15  3.079134169858833e-15 -1.090273704651423e-15 -3.294239880879957e-15 -1.606353938754523e-15
 2.664535259100376e-15     0.9999999999999973  1.332267629550188e-14   -4.6074255521944e-15 -1.224606353822377e-15 -2.258609965721803e-15  1.942890293094024e-16  5.551115123125783e-17 -9.436895709313831e-16 -1.554312234475219e-15
-1.637578961322106e-15  1.517015679741718e-15      1.000000000000008 -4.065758146820642e-15  3.357910500492115e-15  1.989294146076404e-15 -1.168824152047998e-15  -1.19370659190654e-15  -5.26488574958961e-16  1.118896642005041e-16
-1.176836406102666e-14 -2.331468351712829e-15  3.863576125695545e-14     0.9999999999999855 -3.070894233347943e-15  2.983724378680108e-15 -3.594347042223944e-15 -1.887379141862766e-15 -2.664535259100376e-15 -1.332267629550188e-15
 5.551115123125783e-17  4.926614671774132e-16  -1.52655665885959e-16 -4.996003610813204e-16      1.000000000000001  2.168404344971009e-17  2.775557561562891e-17 -9.020562075079397e-17 -2.498001805406602e-16 -8.326672684688674e-17
 2.997602166487923e-15 -4.773959005888173e-15  3.552713678800501e-14  3.108624468950438e-15    1.3425675501888e-15     0.9999999999999948  4.801714581503802e-15  -1.77635683940025e-15 -4.440892098500626e-16 -8.881784197001252e-16
-5.852089646207759e-15  3.204034260129163e-15 -1.182907938268585e-14  9.065664885454794e-15  7.086497865295763e-15 -1.511106777901672e-15                      1  9.107298248878237e-17 -1.535230276239474e-15  1.392982951209376e-15
 -3.33066907387547e-16 -2.220446049250313e-16  6.661338147750939e-16  5.551115123125783e-16 -1.154458473262565e-15  4.163336342344337e-17  7.216449660063518e-16     0.9999999999999994 -1.110223024625157e-16  2.220446049250313e-16
-4.440892098500626e-15  1.035282970462958e-14  1.498801083243961e-14  6.827871601444713e-15  4.021847958834979e-16  6.186023915333294e-15 -2.643718577388654e-15   1.02695629777827e-15                      1  -3.33066907387547e-16
 8.881784197001252e-16 -2.220446049250313e-16  -1.77635683940025e-15  4.440892098500626e-16  2.281161370909501e-16 -1.942890293094024e-16  1.942890293094024e-16  4.440892098500626e-16  6.661338147750939e-16     0.9999999999999996
