10
1

0.2539807510105487
0.6726025240545064
0.9621965943182936
 1.039860290252756
  1.67000867404457
 1.846212883889659
 1.999928526213569
 3.005972046331643
 6.549899412469523
  11.8636885898503

    0.3905896222571339    -0.2299610643618507    -0.7340352715676519     0.4392500087545002     0.1841543811160073    -0.1078546841371838    0.07431029660213073    -0.0334888473514802    0.09149484718496152   -0.04742369294340207
    0.3432850460723131    -0.1114237819835725 -0.0003459211169161631   -0.01341026708506385    -0.8371695685907495     0.3165580979824048     0.1275160031435326   -0.07192981193261799     0.1935562343392662   -0.09797960144986717
     0.514476104679103   -0.02512051837354153     0.2933258024452545   -0.06760664219486752     0.2114576869404086   -0.02461784274821836    -0.4340060601864834     0.4517187240318531      0.309055619049163    -0.3329050610739644
    0.6449039631879823    0.03956539914185134     0.3420184964514209   -0.05856506864046117     0.2408746465970601     0.0236872883883589     0.2734013853686706    -0.3829076667351371    -0.2812572262631838     0.3210498858116296
   -0.1892630109450181    -0.3144123757081304     0.3390990453613706     0.3748393044963444      0.263283110532916     0.3466084282288275     0.3897225606189278    -0.1664650885005686     0.2100254751408191    -0.4434763860287821
    0.1025533017189375     0.1961290424091333    -0.1295411732772115    -0.1992697778304348   -0.01404378649520492   -0.02112217782737267     0.5039285679871727     0.4539697578346528    -0.4933924834613491    -0.4363654424517206
  -0.02245338495618077    -0.1637868938005477     0.3550715077448208     0.5707851368624635     -0.280681013062511     -0.560134657075627     0.0632887003824764     0.2646130321077919    -0.1819833613243935     0.1453345297600056
   0.03460679277949778      0.184641329279408   0.009044709999562096    0.01071169093096709    -0.1174981784679262    -0.3815629787167088    -0.2698900169983669    -0.5791143715494228     -0.181315949549759    -0.6033471003260344
  -0.03045126709650604    -0.7653021646527202   -0.01385080295358174     -0.202835925259177    -0.0147278537138538     0.1385909203881575    -0.3086720162569946   0.005399673880525882    -0.5057128120422048      -0.03966974339484
   0.00645049076609869     0.3854587849273145   0.007544326709231882     0.5016107009412872   -0.01339931560962697     0.5365250031310727    -0.3703456501438675     0.0617630721431666    -0.4126232731292652    0.02103664170850426

22.68274868810079
34.29403053683983
50.56788897522434
78.15185112694647
68.20541534586602
105.9498926094683
84.27489611018667
131.3428663712678
 99.7472476083573
155.7737754030604

1.569787520307897

0
0
0
0
0
0
0
0
0
0

0

0
0
0
0
0
0
0
0
0
0

0

0
0
0
0
0
0
0
0
0
0

0

0
0
0
0
0
0
0
0
0
0

0

0
0
0
0
0
0
0
0
0
0

0

0
0
0
0
0
0
0
0
0
0

0

0
0
0
0
0
0
0
0
0
0

0

0
0
0
0
0
0
0
0
0
0

0

0
0
0
0
0
0
0
0
0
0

0

0
0
0
0
0
0
0
0
0
0

0

0
0
0
0
0
0
0
0
0
0

0

0
0
0
0
0
0
0
0
0
0

0

0
0
0
0
0
0
0
0
0
0

0

0
0
0
0
0
0
0
0
0
0

0

0
0
0
0
0
0
0
0
0
0

0

0
0
0
0
0
0
0
0
0
0

0

0
0
0
0
0
0
0
0
0
0

0

0
0
0
0
0
0
0
0
0
0

0

0
0
0
0
0
0
0
0
0
0

0

0
0
0
0
0
0
0
0
0
0

0

0
0
0
0
0
0
0
0
0
0

0

0
0
0
0
0
0
0
0
0
0

0

0
0
0
0
0
0
0
0
0
0

0

0
0
0
0
0
0
0
0
0
0

0

0
0
0
0
0
0
0
0
0
0

0

0
0
0
0
0
0
0
0
0
0

0

0
0
0
0
0
0
0
0
0
0

0

0
0
0
0
0
0
0
0
0
0

0

0
0
0
0
0
0
0
0
0
0

0

0
0
0
0
0
0
0
0
0
0

0

0
0
0
0
0
0
0
0
0
0

0

0
0
0
0
0
0
0
0
0
0

0

0
0
0
0
0
0
0
0
0
0

0

0
0
0
0
0
0
0
0
0
0

0

0
0
0
0
0
0
0
0
0
0

0

0
0
0
0
0
0
0
0
0
0

0

0
0
0
0
0
0
0
0
0
0

0

0
0
0
0
0
0
0
0
0
0

0

0
0
0
0
0
0
0
0
0
0

0

0
0
0
0
0
0
0
0
0
0

0

0
0
0
0
0
0
0
0
0
0

0

0
0
0
0
0
0
0
0
0
0

0

0
0
0
0
0
0
0
0
0
0

0

0
0
0
0
0
0
0
0
0
0

0

0
0
0
0
0
0
0
0
0
0

0

0
0
0
0
0
0
0
0
0
0

0

0
0
0
0
0
0
0
0
0
0

0

0
0
0
0
0
0
0
0
0
0

0

0
0
0
0
0
0
0
0
0
0

0

0
0
0
0
0
0
0
0
0
0

0

0
0
0
0
0
0
0
0
0
0

0

0
0
0
0
0
0
0
0
0
0

0

0
0
0
0
0
0
0
0
0
0

0

0
0
0
0
0
0
0
0
0
0

0

0
0
0
0
0
0
0
0
0
0

0

0
0
0
0
0
0
0
0
0
0

0

0
0
0
0
0
0
0
0
0
0

0

0
0
0
0
0
0
0
0
0
0

0

0
0
0
0
0
0
0
0
0
0

0

0
0
0
0
0
0
0
0
0
0

0

0
0
0
0
0
0
0
0
0
0

0

0
0
0
0
0
0
0
0
0
0

0

0
0
0
0
0
0
0
0
0
0

0

0
0
0
0
0
0
0
0
0
0

0

0
0
0
0
0
0
0
0
0
0

0

0
0
0
0
0
0
0
0
0
0

0

0
0
0
0
0
0
0
0
0
0

0

0
0
0
0
0
0
0
0
0
0

0

0
0
0
0
0
0
0
0
0
0

0

0
0
0
0
0
0
0
0
0
0

0

0
0
0
0
0
0
0
0
0
0

0

0
0
0
0
0
0
0
0
0
0

0

0
0
0
0
0
0
0
0
0
0

0

0
0
0
0
0
0
0
0
0
0

0

0
0
0
0
0
0
0
0
0
0

0

0
0
0
0
0
0
0
0
0
0

0

0
0
0
0
0
0
0
0
0
0

0

   0.05399026694216352   -0.03445490498595685   -0.05231162034095652    0.03323871932951718  -0.001046812197953139  0.0006748094672818449 -0.0004622738894030677  0.0002050419344735596 -0.0004556896059354711  0.0001671849957544002

 0.005267165901703813   0.01034046376679255   0.01010027029285598   0.01444404649837751  -0.01419789988038909 -0.003596764742861292   0.01950604792542253  -0.04298525224803346    0.8229925445603006    0.5766476902898292

cov:
    0.9521474321957458      1.649232101075865     0.1312828194485929     0.3409109717995317  -0.005021043957138207    0.09793732530439284   -0.04701891828982545    0.02684702131904964   -0.05419651689019691 -0.0003418356373940051
     1.649232101075865       46.8721422932784     0.2813039578302047      33.04834884483338    -0.4509503971103129        23.956922254772     -10.43997761968625      2.460645132926445     -6.509600428257321      1.466185930970361
    0.1312828194485929     0.2813039578302047      1.140041345045244      1.846320325297317   -0.02058564397810372   0.004927561454572192   -0.01623116232991824    0.01562711205214211   -0.01887724315211098    0.00685750265417005
    0.3409109717995317      33.04834884483338      1.846320325297317        39.030698837875     -1.203413426525398      35.72884685552913     -23.26577439127125      4.374652554480586     -24.60909529970444      1.936323058628651
 -0.005021043957138207    -0.4509503971103129   -0.02058564397810372     -1.203413426525398      1.091808355816912    0.07022488170619054      1.309838249388063    0.06947042754049995       1.58737278724725     0.2130499916473633
   0.09793732530439284        23.956922254772   0.004927561454572192      35.72884685552913    0.07022488170619054      44.29363054764069     -28.63787008891017      5.876141730956959     -32.88157378811977       2.71212188680282
  -0.04701891828982545     -10.43997761968625   -0.01623116232991824     -23.26577439127125      1.309838249388063     -28.63787008891017      25.61814054623727     -1.511836376595394      27.78605650791128   -0.07178717637392713
   0.02684702131904964      2.460645132926445    0.01562711205214211      4.374652554480586    0.06947042754049995      5.876141730956959     -1.511836376595394       4.97820881896502     -3.569643335723092      2.746508410538022
  -0.05419651689019691     -6.509600428257321   -0.01887724315211098     -24.60909529970444       1.58737278724725     -32.88157378811977      27.78605650791128     -3.569643335723092      36.50884955014369     0.7939840417708234
-0.0003418356373940051      1.466185930970361    0.00685750265417005      1.936323058628651     0.2130499916473633       2.71212188680282   -0.07178717637392713      2.746508410538022     0.7939840417708234      4.919666667139572

cov.inverse():
     3.312267837752136     -1.437917437924149     -4.106771336226336      2.542586340191786     0.7238200792190626    -0.4349579548206308     0.4561269145721467    -0.2134594538726363     0.6764475494247799    -0.3411505478201508
    -1.437917437924149      0.921289787453654      2.561665402796805      -1.63479379753779     -0.468401417010502     0.2819097892837439    -0.2930928715071695     0.1331265232740272    -0.4329528968149023     0.2213467273885247
    -4.106771336226331      2.561665402796796      8.631606301922766     -4.934365364685121      -1.94420755901284      1.219583394333038    -0.8630627598374083     0.3885568299148985     -1.004247011351375     0.5107727772566271
     2.542586340191781     -1.634793797537787     -4.934365364685125      3.145787823699904        1.2463479314726    -0.7746072510106086     0.5508849972820454    -0.2497982152618584      0.641762574968042    -0.3269079748621091
    0.7238200792190531    -0.4684014170104965      -1.94420755901283      1.246347931472592      2.223036503466719     -0.817075202976381   -0.02812838425791821    0.02674683820426233   -0.05184340507770564 -0.0009992627259267021
   -0.4349579548206228     0.2819097892837406      1.219583394333031     -0.774607251010604     -0.817075202976381     0.5432713919227513    0.02794703190579915   -0.05058937059711818    0.02717511172883457   -0.02071702714307614
    0.4561269145721425    -0.2930928715071665     -0.863062759837401     0.5508849972820405   -0.02812838425791925    0.02794703190579994     0.5353485124112894    -0.3022868516622234   -0.09237051101442531    0.04905087256535984
   -0.2134594538726335     0.1331265232740255     0.3885568299148933    -0.2497982152618555    0.02674683820426312   -0.05058937059711876    -0.3022868516622233     0.5098632665304742     0.0932003000347712    -0.2192776983481439
    0.6764475494247858    -0.4329528968149058     -1.004247011351389     0.6417625749680502   -0.05184340507770072    0.02717511172883134    -0.0923705110144232    0.09320030003477021     0.4952393506980397    -0.2681539218996069
   -0.3411505478201515     0.2213467273885263     0.5107727772566332    -0.3269079748621131 -0.0009992627259293009   -0.02071702714307451    0.04905087256535884    -0.2192776983481434    -0.2681539218996069     0.4431039932978683

cov*(cov_.inverse()):
                     1 -1.536422898629208e-15  4.663966695489519e-16  1.342215184482742e-15  1.759121783566434e-15  -3.09042596607868e-15 -3.578409270288407e-16 -1.935436403158186e-16 -1.637687381539354e-16 -1.684280969901919e-15
 -8.43769498715119e-15      1.000000000000004  8.881784197001252e-15 -1.298960938811433e-14 -8.633068218633078e-15 -3.913536161803677e-15 -1.443289932012704e-15 -1.054711873393899e-15 -7.771561172376096e-16                      0
-1.732555071631836e-15 -3.853254521013483e-15      0.999999999999999  5.834742411447991e-15  1.647485858673192e-15 -5.238864897449957e-16  4.518954654919582e-16  6.323067069935462e-16   9.17668718791731e-16 -1.973247953923618e-16
-1.287858708565182e-14  4.052314039881821e-15  6.883382752675971e-15     0.9999999999999922 -9.487636370986152e-15  2.567390744445674e-16  4.302114220422482e-16  2.331468351712829e-15 -7.327471962526033e-15  3.774758283725532e-15
-2.775557561562891e-17  2.636779683484747e-16 -1.387778780781446e-16 -8.326672684688674e-17                      1 -3.469446951953614e-17 -1.717376241217039e-16  5.551115123125783e-17  2.359223927328458e-16   1.52655665885959e-16
-1.110223024625157e-16  4.884981308350689e-15   1.77635683940025e-15 -1.654232306691483e-14 -1.157494239345525e-15     0.9999999999999922 -2.109423746787797e-15  7.771561172376096e-16 -8.881784197001252e-16 -4.440892098500626e-16
 -6.87297441182011e-15 -1.134509153288832e-15  2.089300954466466e-14  1.012037675884869e-14  3.748900061911753e-15  3.517802368846468e-15                      1 -2.671474153004283e-16 -1.169203622808368e-15  4.440892098500626e-16
 1.110223024625157e-16 -4.440892098500626e-16                      0  2.220446049250313e-16  3.556183125752455e-17 -3.885780586188048e-16 -1.110223024625157e-16                      1                      0 -6.661338147750939e-16
-1.054711873393899e-15  1.251776460264864e-14  1.981748098955904e-14 -4.940492459581947e-15 -2.275740360047074e-16   4.90579799006241e-15  1.033895191682177e-15   6.38378239159465e-16      0.999999999999999  3.885780586188048e-16
 1.554312234475219e-15 -6.661338147750939e-16 -1.332267629550188e-15 -2.220446049250313e-16  4.336808689942018e-17 -3.747002708109903e-16  1.387778780781446e-16  2.220446049250313e-16  2.220446049250313e-16     0.9999999999999991
