5
1

0.0006655239289440144
0.0009636023735794165
 0.001434251614343029
   0.0504295578367276
   0.5658488977661298

 -0.5863898163983409   0.8005030294418711 -0.07024002632580964 -0.06704475823290038 -0.07689747833282806
  0.2024962871820461    0.117408590588086  -0.7958334305204415   0.5530800796655366 -0.07721433077372705
  0.2831461352697577   0.1745351687637095  -0.3982123165725852  -0.6335892614592887   0.5738966280087312
 -0.5961966306650706  -0.3566152440250686 -0.07442652940690213   0.2788707882868719   0.6588375524158141
  0.4236981007359175   0.4333280112156033   0.4445257385328254   0.4586972390088993   0.4740258060867206

0.3994478499235767
0.3994865729273688
0.3994873282885802
0.3995431195281583
0.3996215593010851

-0.0005513148048135882

 5.752007417513799  3.758897770252928 -2.636298830988227 -8.859268879061585  1.979162861325023

 1.165058239690069e-07 -1.252180663071459e-06  2.074253820959163e-05   -0.01459823975416048   -0.07412290985730718

cov:
0.05838394811581619 0.05932666320940062 0.06041762968913368 0.06180460265032373  0.0633085804350815
0.05932666320940062 0.06044592797231338 0.06174302072773225 0.06338889759837261 0.06517142232828217
0.06041762968913368 0.06174302072773225 0.06328455767499136 0.06523391872267016 0.06734319870411649
0.06180460265032373 0.06338889759837261 0.06523391872267016 0.06756681868513202 0.07008567225486591
 0.0633085804350815 0.06517142232828217 0.06734319870411649 0.07008567225486591 0.07305029148782644

cov.inverse():
 859603.3103462975 -1010082.614323214  -135359.786297979  122103.5185092626  163806.4529419733
-1010082.614322417  1476472.099216649 -261351.8606461037 -105032.9889471607 -100140.7691549551
-135359.7863007857 -261351.8606423358  770329.1693814844 -340763.5852117065 -32740.14268908717
 122103.5185125449 -105032.9889517939 -340763.5852109067  534771.1349768792  -211042.769236792
 163806.4529407006 -100140.7691532928 -32740.14268892521 -211042.7692373437  180052.1583190066

cov*(cov_.inverse()):
     1.000000000021828  9.094947017729282e-13  2.273736754432321e-12 -5.456968210637569e-12  1.818989403545856e-12
 1.637090463191271e-11      1.000000000006366  -7.73070496506989e-12 -1.818989403545856e-12                      0
 2.182787284255028e-11 -7.275957614183426e-12      1.000000000007276 -9.094947017729282e-12                      0
 1.455191522836685e-11  7.275957614183426e-12  4.547473508864641e-13                      1  1.818989403545856e-12
 1.637090463191271e-11 -9.094947017729282e-13 -1.818989403545856e-12 -1.818989403545856e-12      1.000000000001819
