5
1

0.0005969750457825945
0.0008852783181858182
   0.0013189536881334
  0.04595397129923932
   0.5556570936684131

 -0.5842918430075685   0.8016341252151088 -0.07903260807383944  -0.0600145962150602 -0.07834453770121266
  0.2238672003819343   0.1172460421005979  -0.8148008097816206   0.5197236191747109 -0.04608516307940139
  0.2712957630623793   0.1694774361904542  -0.3559233281804747  -0.6619364844089171   0.5769182633892003
  -0.593200801767848  -0.3535957362832007 -0.07149183289690282   0.2819215897998245   0.6621872840051404
  0.4277825808916927   0.4357562952006591   0.4450404358327876   0.4567777530990177   0.4694801480640191

0.3998139934338775
0.3998233908334669
0.3997986967294482
0.3998051577942707
0.3998310200782625

0.0001004263954220197

0
0
0
0
0

0

0
0
0
0
0

0

0
0
0
0
0

0

0
0
0
0
0

0

0
0
0
0
0

0

0
0
0
0
0

0

0
0
0
0
0

0

0
0
0
0
0

0

0
0
0
0
0

0

0
0
0
0
0

0

0
0
0
0
0

0

0
0
0
0
0

0

0
0
0
0
0

0

0
0
0
0
0

0

0
0
0
0
0

0

0
0
0
0
0

0

0
0
0
0
0

0

0
0
0
0
0

0

0
0
0
0
0

0

0
0
0
0
0

0

0
0
0
0
0

0

0
0
0
0
0

0

0
0
0
0
0

0

0
0
0
0
0

0

0
0
0
0
0

0

0
0
0
0
0

0

0
0
0
0
0

0

0
0
0
0
0

0

0
0
0
0
0

0

0
0
0
0
0

0

0
0
0
0
0

0

0
0
0
0
0

0

0
0
0
0
0

0

0
0
0
0
0

0

0
0
0
0
0

0

0
0
0
0
0

0

0
0
0
0
0

0

0
0
0
0
0

0

0
0
0
0
0

0

0
0
0
0
0

0

0
0
0
0
0

0

0
0
0
0
0

0

0
0
0
0
0

0

0
0
0
0
0

0

0
0
0
0
0

0

0
0
0
0
0

0

0
0
0
0
0

0

0
0
0
0
0

0

0
0
0
0
0

0

0
0
0
0
0

0

0
0
0
0
0

0

0
0
0
0
0

0

0
0
0
0
0

0

0
0
0
0
0

0

0
0
0
0
0

0

0
0
0
0
0

0

0
0
0
0
0

0

0
0
0
0
0

0

0
0
0
0
0

0

0
0
0
0
0

0

0
0
0
0
0

0

0
0
0
0
0

0

0
0
0
0
0

0

0
0
0
0
0

0

0
0
0
0
0

0

0
0
0
0
0

0

0
0
0
0
0

0

0
0
0
0
0

0

0
0
0
0
0

0

0
0
0
0
0

0

0
0
0
0
0

0

0
0
0
0
0

0

0
0
0
0
0

0

0
0
0
0
0

0

0
0
0
0
0

0

0
0
0
0
0

0

0
0
0
0
0

0

 5.866510523382178  3.669971653461429 -3.036229803859043 -8.222466920901175  1.717588381549673

 4.030142568119921e-08 -1.058286665602169e-07    1.6922964404404e-05   -0.01212442831435195   -0.05925223593899685

cov:
 0.0572448852502686 0.05799754372504491 0.05887017206668548 0.05997780007927544 0.06117966106260543
0.05799754372504491 0.05889178215281113 0.05992974510714978 0.06124504529208765 0.06267040808901624
0.05887017206668548 0.05992974510714978 0.06116381868012243 0.06272260481816085  0.0644102047213161
0.05997780007927544 0.06124504529208765 0.06272260481816085 0.06458924721544249 0.06660543114115405
0.06117966106260543 0.06267040808901624  0.0644102047213161 0.06660543114115405 0.06897971965929195

cov.inverse():
 1064382.634676824 -1254276.533679574 -158655.6129221445  143545.9776502898  205068.2757210119
-1254276.533685135  1837294.750167601 -334332.7563500798 -121777.1566094872 -127027.7308429869
-158655.6129116348 -334332.7563638652  937467.0023790583 -391606.5250777586 -52769.90422310658
 143545.9776448592 -121777.1566012445 -391606.5250798737  606668.6780945746 -236797.7523465878
 205068.2757214947 -127027.7308430063 -52769.90422426754 -236797.7523458904  211465.1802258753

cov*(cov_.inverse()):
     1.000000000005457 -4.547473508864641e-12  1.045918907038867e-11                      0  1.818989403545856e-12
-3.637978807091713e-12      1.000000000014552  1.500666257925332e-11                      0  1.818989403545856e-12
 5.456968210637569e-12 -1.818989403545856e-12      1.000000000004547 -1.818989403545856e-12  3.637978807091713e-12
 1.091393642127514e-11                      0  9.549694368615746e-12                      1  3.637978807091713e-12
 1.455191522836685e-11   -1.2732925824821e-11  3.637978807091713e-12                      0      1.000000000001819
