5
1

0.0009497393100988029
 0.001339029045645673
 0.003634448608560377
  0.08054636069288708
   0.5629227937904643

 -0.0109865220368243  -0.6194630783555499   0.7494948318824703  0.09432824554932176  -0.2133177675695446
-0.04410479318376375  0.01348656915260732  -0.2432881897197888   0.8082116087290272  -0.5343011622008834
  0.6105944481704987  -0.5972891376079258  -0.4155837218405292   0.1112945544533966   0.2921023763154598
 -0.6790600287315728  -0.2706968041117386  -0.1066858759521042   0.3254879328181093    0.590149512483822
  0.4049518005814912   0.4313380731468409   0.4415616012945887   0.4685800949101854   0.4851984674088527

0.3992977803716724
0.3994017648749263
0.3993563547467756
0.3992942585977735
0.3992429941697861

0.0008632041090963192

 -1.852351516977762   10.19468359748612  -2.014979117090689  -5.465690764120224 -0.8708851655339734

-7.337708900846621e-06  -5.81417555940651e-06 -9.570745943411771e-05   -0.02322478768329808   -0.07166647807802408

cov:
0.05496077139783668  0.0565379049788541 0.05712872234359683 0.05869599862479329 0.05966408886809992
 0.0565379049788541 0.05943716994892911 0.06054431414965286 0.06347454027072948 0.06527990747724886
0.05712872234359683 0.06054431414965286 0.06186134064613073  0.0653389260893996 0.06748041806717368
0.05869599862479329 0.06347454027072948  0.0653389260893996 0.07026560964056802 0.07329035552233933
0.05966408886809992 0.06527990747724886 0.06748041806717368 0.07329035552233933 0.07686080057649604

cov.inverse():
 29514.97025589637 -20367.34910131254  -22343.0244880998 -15918.48480426214    29182.403563367
-20367.34910133607  452545.3463865134 -497758.1856275742 -63747.31971514631  129247.6151553682
-22343.02448802366 -497758.1856272714  668859.6841515471 -34791.38843026481 -113951.1079709652
-15918.48480438636 -63747.31971605496 -34791.38842891659  375128.4572069769 -260657.9606724873
 29182.40356343867  129247.6151559504 -113951.1079719344 -260657.9606721719  216180.0164622149

cov*(cov_.inverse()):
    0.9999999999997726  1.818989403545856e-12 -9.094947017729282e-13 -1.818989403545856e-12 -1.818989403545856e-12
-2.273736754432321e-13      1.000000000001819                      0 -3.637978807091713e-12                      0
-2.273736754432321e-13  5.456968210637569e-12      0.999999999998181 -3.637978807091713e-12                      0
-9.094947017729282e-13 -1.818989403545856e-12  3.637978807091713e-12                      1 -3.637978807091713e-12
-4.547473508864641e-13                      0                      0                      0                      1
