5
1

0.0009793428172076501
 0.001197085383085531
 0.004126326226560987
  0.07767622762528523
   0.5564495982561616

 0.02397770084538124  -0.6513706347678047   0.7027768235938927   0.1603794560582596  -0.2356364409807871
-0.06627590469695895  0.08003747689156203  -0.2817108230480072   0.7949916402619273  -0.5270946886857204
  0.5956244007490943  -0.5608735491588572   -0.471187438029356   0.1376988978618316   0.2994559180533899
  -0.688177254134739  -0.2587804164313128 -0.09357904041563539   0.3249946831963249   0.5874233414261112
  0.4082599838860317   0.4333172698850158   0.4426839841637756   0.4665663847834137   0.4815668467947058

0.4000495774014172
0.4001154309833813
0.4000760338549112
0.3999905350641638
0.3999329494561558

0.0008570314415850361

0
0
0
0
0

0

0
0
0
0
0

0

0
0
0
0
0

0

0
0
0
0
0

0

0
0
0
0
0

0

0
0
0
0
0

0

0
0
0
0
0

0

0
0
0
0
0

0

0
0
0
0
0

0

0
0
0
0
0

0

0
0
0
0
0

0

0
0
0
0
0

0

0
0
0
0
0

0

0
0
0
0
0

0

0
0
0
0
0

0

0
0
0
0
0

0

0
0
0
0
0

0

0
0
0
0
0

0

0
0
0
0
0

0

0
0
0
0
0

0

0
0
0
0
0

0

0
0
0
0
0

0

0
0
0
0
0

0

0
0
0
0
0

0

0
0
0
0
0

0

0
0
0
0
0

0

0
0
0
0
0

0

0
0
0
0
0

0

0
0
0
0
0

0

0
0
0
0
0

0

0
0
0
0
0

0

0
0
0
0
0

0

0
0
0
0
0

0

0
0
0
0
0

0

0
0
0
0
0

0

0
0
0
0
0

0

0
0
0
0
0

0

0
0
0
0
0

0

0
0
0
0
0

0

0
0
0
0
0

0

0
0
0
0
0

0

0
0
0
0
0

0

0
0
0
0
0

0

0
0
0
0
0

0

0
0
0
0
0

0

0
0
0
0
0

0

0
0
0
0
0

0

0
0
0
0
0

0

0
0
0
0
0

0

0
0
0
0
0

0

0
0
0
0
0

0

0
0
0
0
0

0

0
0
0
0
0

0

0
0
0
0
0

0

0
0
0
0
0

0

0
0
0
0
0

0

0
0
0
0
0

0

0
0
0
0
0

0

0
0
0
0
0

0

0
0
0
0
0

0

0
0
0
0
0

0

0
0
0
0
0

0

0
0
0
0
0

0

0
0
0
0
0

0

0
0
0
0
0

0

0
0
0
0
0

0

0
0
0
0
0

0

0
0
0
0
0

0

0
0
0
0
0

0

0
0
0
0
0

0

0
0
0
0
0

0

0
0
0
0
0

0

0
0
0
0
0

0

0
0
0
0
0

0

0
0
0
0
0

0

0
0
0
0
0

0

0
0
0
0
0

0

-2.613203101218208  5.766963724657972  4.865806652226696 -5.747280418021472 -2.280210410804955

-7.519041116533672e-07 -5.879851596221807e-06 -0.0001457124947872664   -0.02025268474948284   -0.05991093891190183

cov:
0.05447246799023162 0.05584531836880675 0.05634441251362298 0.05763150101163638 0.05843984508554221
0.05584531836880675 0.05854830461116729 0.05954535764598223 0.06209077232870387 0.06369219579103325
0.05634441251362298 0.05954535764598223 0.06073632579582672 0.06376789004332589 0.06567481495035775
0.05763150101163638 0.06209077232870387 0.06376789004332589 0.06804142707278731 0.07072188618012601
0.05843984508554221 0.06369219579103325 0.06567481495035775 0.07072188618012601 0.07389064496142163

cov.inverse():
 24579.85343917805 -39576.29595360508  14126.42778123448  -27977.8213051708  28896.10894497953
-39576.29595352227  465329.0065578619 -477491.3872965074 -69066.86156945884  120701.3910912678
 14126.42778115158 -477491.3872962638  583372.4291473003 -42583.56712386723 -77335.33074494189
-27977.82130522331  -69066.8615696849 -42583.56712348813  468986.7593135801 -329364.0314200732
  28896.1089450318  120701.3910913334 -77335.33074516033 -329364.0314199727  257093.5512023238

cov*(cov_.inverse()):
    0.9999999999997726                      0 -1.818989403545856e-12                      0  1.818989403545856e-12
-2.273736754432321e-13      1.000000000002728 -3.637978807091713e-12  3.637978807091713e-12  3.637978807091713e-12
                     0  9.094947017729282e-13      1.000000000007276 -3.637978807091713e-12  3.637978807091713e-12
-2.273736754432321e-13                      0 -4.547473508864641e-12      0.999999999996362  7.275957614183426e-12
                     0                      0  9.094947017729282e-13 -3.637978807091713e-12                      1
