12
1

0.01965658093734921
0.03004942554035568
 0.1614140011362946
 0.1741743231648714
 0.3551242081690404
  0.530192701825133
 0.8070433082933886
 0.8369247902239874
 0.8887940373263007
  1.688383423481202
  2.755550420547259
   3.96340041148636

    0.2587378985041026    -0.1037707734282173    -0.6128016474544156     0.2461611031189172     0.6006930385654394    -0.2401579522721302    -0.2417827405352642    0.09580479163943682  -0.000390348697354658 -0.0008656654798775397  -0.004326979690428643    0.00036579203235818
   -0.3778871620198713     0.1509267885596446     0.4821384301451968    -0.1931101522573348     0.4365942428570793    -0.1743079045620185    -0.5438896967563089     0.2179551854067929   0.008424474337237793     0.0027894571114456     0.0165822326750891  -0.001197370645064644
   0.02945294212565816  -0.006193276680092296    -0.0262818933053811    0.01077637646995945   -0.08742699249983342    -0.0125929169470748   -0.08589456036774976    0.02704602277220978     0.9832055086147374     0.0702389029296322     0.1032665468972088   0.009236911388958297
   0.03688916670490747    -0.0138285963556209  -0.001950287205558139  0.0008057455936621956   -0.01808103923185436    0.00906947579667965   -0.01596674415111766    0.01096182760407367    -0.1079016064760075   -0.01147414460765249     0.9929170912805894 -0.0006824006741362585
   -0.4927637509356306     0.1574525605460164   -0.03861121200584453    0.02427622389826447     0.4875976416752459   0.001596731575019146     0.6286658083394657    -0.2716633174854503     0.1107476680746463    0.04126643129468394    0.05494534015036678    0.08093080439933838
    0.6441330650165211    -0.1600109834869372     0.4650842214113632    -0.1480139117349207     0.4192615929004181     0.2366931009204099     0.1806786549258652    -0.1355913635008176    0.04139596849632387     0.1879599951420992  -0.008605207449167339   -0.03643201284203546
  -0.02729018768079697   -0.03014799728390447  -0.005905596166323013   0.005241936534270447    0.06681983175505073     0.1605355468169538     0.3451546188446607     0.8451636544783316    0.02332286665037848   -0.06187626955112966  -0.001880265904131044    -0.3608849681555303
    0.0511746455719426   -0.05089108246387961    0.06124424064554286   -0.01807287080576772    0.09824702623816613    0.09472216632372334   -0.02530488860110204    -0.2045441271367495    0.08178613589273501    -0.9186791022672268   -0.00162149201234412    -0.2809759228310301
  -0.09738807027763151    0.03434549111081618   -0.05633586434898538     0.0205463824569104   -0.02285251636146223    -0.0273218556550088    -0.1078013963006136    -0.3036825316967413   -0.01745125425062304     0.3218180249028613   0.006638544497200711    -0.8813124686857748
    0.2300809058465798     0.1609280547021879     0.2400980766185161    0.09483626305102555    -0.1107252868618059    -0.8696603918414207     0.2696527110167232    0.03957248084105888   0.006717948721181443   -0.07562535045936025   0.003717854735806264   -0.07679801944873992
   -0.2263346483468632     -0.726157283450482      0.274565171824325     0.5843362712914028  -0.009582445057133866   -0.05854504713143095  -0.003255167334308686   -0.01517968228172394 -0.0003061101257833947    0.02758338747315561 -0.0008711564064021112    0.01054772852455945
    0.1152890079388762     0.5982872761411472      0.183126710653847     0.7268286542581626   0.007725030017899401     0.2458592031660535   -0.07816934684885365     0.0109529570733318  -0.005628132145064425  -0.006898421731934726 -0.0003473831138583899    0.01136980017127999

22.49474949324214
44.36999574193072
35.74436348040504
77.33758605138095
49.86359536350806
112.5132615135333
56.66023496774947
129.4685663826932
 67.6520570544611
158.1612767954935
107.5103958577363
259.2617550965079

2.484455379890923

    0.1115782459156854   -0.04498897838798249   -0.03506060214568112    0.01418053219052037   -0.08889553942107069    0.03535477528483595    0.01002444900965477  -0.004072132146185644 -0.0007585918270837501 -0.0001055399774989917  0.0008801879102008793 -0.0002528197283115573

  -2.3928941799636e-06 -0.0001082675925278769  0.0002691420952944089  0.0002274777245877948   -0.01214575513958042   0.009579025911062307  -0.001025680556459826  0.0006268390674836164   -0.00688491942150087   -0.01988957160868296    0.03705328830821245   -0.04692325187811222

cov:
    0.9059532461117488      2.394243989329921     0.1102592034164324     0.3437485614249087   0.007365731520165723    0.02091789164689471     0.0358633516304778    0.06518590260056763 -0.0001567912200158045    -0.1345773160689553  -0.001017268812425851   0.004618864894084918
     2.394243989329921      9.714207761779655     0.2921384740106642      3.660715906858343    0.06008854896104403      2.216586849947099    -0.5974897124072412     0.1879668467126174   -0.05174669355816278    -0.2165610722612347   0.004566279445428147   0.009902596317912984
    0.1102592034164324     0.2921384740106642       1.33005568736385       3.35263271598635   -0.01601701315854222    0.02556127237466069   -0.02426856797120767    0.01208447190229347  -0.003825385505145281   -0.04326626569304498  -0.002142402881638287    0.02552533457109973
    0.3437485614249087      3.660715906858343       3.35263271598635      10.92365998175505  -0.001632377680311851      2.301278187268124    -0.8398325419835615    0.07373669037875069   -0.06615111939096462    0.03214403686316777  -0.006128277317235067     0.1456379635429573
  0.007365731520165723    0.06008854896104403   -0.01601701315854222  -0.001632377680311851     0.1265821439996668     0.3504837109259789   -0.01924911844529248   -0.01451337090981042    0.01368890237242918   -0.02615959679466588  0.0001246978090445994   0.006382467068296854
   0.02091789164689471      2.216586849947099    0.02556127237466069      2.301278187268124     0.3504837109259789      3.170984870190223    -0.9199256219950422    0.02317376145474799    -0.0275900353057186    0.08669784592338879   -0.01094310197440365     0.1898458409143097
    0.0358633516304778    -0.5974897124072412   -0.02426856797120767    -0.8398325419835615   -0.01924911844529248    -0.9199256219950422     0.4500741984289036     0.2082218524525492    0.02609277812259756   -0.06271002498028071   0.005546050612033957   -0.06980678053635785
   0.06518590260056763     0.1879668467126174    0.01208447190229347    0.07373669037875069   -0.01451337090981042    0.02317376145474799     0.2082218524525492     0.5900382514710171  0.0004187053032604719  -0.001072224252351592  -0.003083628042787007    0.04372111643944072
-0.0001567912200158045   -0.05174669355816278  -0.003825385505145281   -0.06615111939096462    0.01368890237242918    -0.0275900353057186    0.02609277812259756  0.0004187053032604719    0.03347549992858623   -0.05430639875918591 -4.645802340579344e-05   -0.01098388545191524
   -0.1345773160689553    -0.2165610722612347   -0.04326626569304498    0.03214403686316777   -0.02615959679466588    0.08669784592338879   -0.06271002498028071  -0.001072224252351592   -0.05430639875918591     0.7085671339833086   0.001535214211012925   -0.01265498854944343
 -0.001017268812425851   0.004566279445428147  -0.002142402881638287  -0.006128277317235067  0.0001246978090445994   -0.01094310197440365   0.005546050612033957  -0.003083628042787007 -4.645802340579344e-05   0.001535214211012925    0.03067414158879717  -0.004153191032198147
  0.004618864894084918   0.009902596317912984    0.02552533457109973     0.1456379635429573   0.006382467068296854     0.1898458409143097   -0.06980678053635785    0.04372111643944072   -0.01098388545191524   -0.01265498854944343  -0.004153191032198147     0.7745814848316154

cov.inverse():
    334.9286119919342    -133.6248810931534    -610.9226428297613     245.2265294625912     218.4715829632447    -87.40362465125106     63.56583692192671    -26.27244696653191    -3.136956891598663    -1.523332287686143    -8.747936818624746    0.4527661057451174
   -133.6248810931535     53.49985270156464     244.8497206340462    -98.29842061015515    -87.97120575108332     35.18121229401222    -25.26926645266575     10.39300563718301     1.435538643082849    0.7082346073760918     3.530857769708253    -0.184590069307092
   -610.9226428297136     244.8497206340276     1230.191922547847    -493.7518419037339     -718.948255891342     288.1592619040503     93.27716580706814      -35.739947867969     4.175735046797094     2.982435645372523     15.51728041487058    -1.278208322809171
    245.2265294625726    -98.29842061014779    -493.7518419037336     198.2964714028743     289.1569649186349    -115.8786265602052    -37.72555178681542     14.45982757316583    -1.649478319279539    -1.179483130550977    -6.218563216417896    0.5078852709659019
    218.4715829630978    -87.97120575102474    -718.9482558911031      289.156964918539     1147.814130888326    -457.1840930065749    -635.8449037480043     253.0432783382529    0.7356143798096544   0.07233347388268592    0.5512190803334672    0.1697599081309615
   -87.40362465119357     35.18121229398922     288.1592619039559    -115.8786265601674    -457.1840930065755     183.4511236436539     255.4723691735873    -101.5699973524037     -1.83956303841065 -0.006870530562042304   -0.2732144433225592   -0.1034810757193987
    63.56583692202558    -25.26926645270534     93.27716580687638    -37.72555178673843    -635.8449037479101     255.4723691735496     482.6685878232431    -192.2690725097035    -7.423539704001153    -1.088136344360794      -7.8765614925955     0.774094887256579
   -26.27244696657137     10.39300563719881     -35.7399478678924     14.45982757313508     253.0432783382149    -101.5699973523885    -192.2690725097032     78.32083278839441     2.672962961103493    0.4110293233558264      3.27697030873854   -0.3942537134678388
   -3.136956891599816     1.435538643083312     4.175735046799709    -1.649478319280586    0.7356143798073929    -1.839563038409743    -7.423539704000363     2.672962961103181     37.67967434011151     2.665430642464862    0.5709802888168394    0.3787140439082788
   -1.523332287686207    0.7082346073761187     2.982435645372877    -1.179483130551119   0.07233347388192279 -0.006870530561736183    -1.088136344360319    0.4110293233556371     2.665430642464859     1.687435342215883  -0.01910308737360909   0.06860117353477879
   -8.747936818625694     3.530857769708637     15.51728041487367     -6.21856321641914    0.5512190803286858   -0.2732144433206414    -7.876561492592866     3.276970308737492    0.5709802888168124  -0.01910308737360941     33.28462316042489   0.01875013477623284
   0.4527661057451091   -0.1845900693070891    -1.278208322809248    0.5078852709659331    0.1697599081312394   -0.1034810757195103    0.7740948872563852   -0.3942537134677616    0.3787140439082834   0.06860117353477906   0.01875013477623435     1.359880161717442

cov*(cov_.inverse()):
     1.000000000000338 -4.636883325220831e-14 -5.509707273754216e-13  1.231393459422137e-14   3.78223385770482e-13 -8.717148097109328e-15 -5.743626060872309e-14  2.509971397390842e-14  3.972516759986888e-16 -8.380882793312949e-16 -4.151504986137089e-15  5.238864897449957e-16
-1.667502941282706e-14       1.00000000000002  1.428475393527862e-13 -1.316568382092598e-14 -9.583696683468368e-15  1.267670864113501e-14  3.213141558378041e-14  3.034031359483436e-15 -7.376911581591372e-16  1.972163751751133e-16 -7.045958868440172e-16  2.133709875451473e-16
-4.251807239619154e-14  2.188093456423346e-14     0.9999999999996612  -1.82198006681844e-14  1.631802332147103e-13  6.918380798803803e-14 -2.414735078559715e-15  -9.35015953551499e-16  5.082739784612045e-16  7.851792133140023e-16 -2.828141366928438e-15 -2.012279232133096e-16
-9.766493169749424e-13  9.658940314238862e-15  1.439126595670359e-13      1.000000000000201 -1.513338065972647e-13  1.602641630515933e-13 -5.986877660291157e-14   3.14817616420271e-14  1.484923295436147e-15  9.506284648352903e-16 -4.067926551165613e-16 -1.304512053934559e-15
-3.447762908503904e-15 -2.548091945775433e-15 -1.230959778553142e-14  1.464670398854118e-14      1.000000000000001 -1.799818974412837e-14 -2.941483862040073e-14   7.90513488002631e-15  1.175275154974287e-16  5.632430286062196e-17   3.07073160302207e-16 -1.214306433183765e-17
-2.743361093848762e-13 -2.445266211736907e-14  3.780031843092502e-13  2.374350716038975e-13 -2.171179902532572e-13      0.999999999999824 -3.036459972349803e-14  3.531896997088779e-14 -1.970645868709653e-15 -1.040834085586084e-16   1.95590071916385e-16  5.551115123125783e-17
 1.854558173697285e-13 -5.894590371369191e-15 -4.069522496763511e-13 -1.983829767127077e-14  1.439889873999789e-13  2.720653563548225e-14      1.000000000000022 -4.374972606413507e-15  -2.42861286636753e-17 -4.588343593958655e-16 -2.763848178100048e-15  2.220446049250313e-16
   3.1339514316997e-14 -7.919012667834124e-15 -6.010469899564441e-14  7.924216838262055e-15  -2.92526419753969e-14  1.644517855226013e-15  2.094158180199202e-14     0.9999999999999867  -9.71445146547012e-17  -1.99926880606327e-16 -8.149947730573537e-16  6.938893903907228e-17
 5.713311768129614e-15  4.935288289154016e-16 -1.438259233932371e-14  -5.64479019082853e-15  1.122821453869438e-14  1.497066359767985e-15 -1.897787482718627e-15  8.205242041370298e-16                      1 -1.485356976305141e-17 -1.680513367352532e-17 -5.204170427930421e-17
-1.039871314056917e-13  1.531023571810231e-14  2.086907036069618e-13 -1.514934011570546e-14 -1.145060608831461e-13  8.435092901937224e-15  1.332441101897786e-14 -6.174748212739445e-15  1.517883041479706e-16                      1  1.396262662781145e-15 -1.179611963664229e-16
-2.078849245523706e-15  -2.34187669256869e-17  3.619500532625608e-15  4.158999533654395e-16  -1.32164244825983e-15 -9.969781077090456e-16 -4.258746133523061e-16  1.608956023968489e-16 -1.292368989602721e-16  -9.14524532491523e-17                      1  1.387778780781446e-17
-1.110223024625157e-16  2.886579864025407e-15  1.565414464721471e-14 -1.998401444325282e-15 -1.740274591099933e-14  1.279532035880493e-14  1.476596622751458e-14 -4.662936703425657e-15  1.665334536937735e-16 -2.081668171172169e-17 -6.765421556309548e-17                      1
