12
1

0.05336583637310984
 0.3764769719694688
 0.6922713397930543
 0.8041937323355395
  0.943775409989697
 0.9885958706718879
  1.172200076826298
  1.602201719930998
  1.862493606010727
  2.223538505580087
  3.988270957819819
  6.498154379779677

   -0.1549537704668512    0.06787721943359824     0.7075185513473988    -0.3094933057245768    -0.5607862896552163     0.2458466250131648 -0.0005326965554839761 -0.0002356354463946353 -0.0007815180767737993  -0.004700601791045372   0.003357686344712518  -0.007567023220415738
   -0.5371467713011007      0.196048369946984     0.3706113813804421    -0.1418673523537183     0.5929849391197269    -0.2782571789723611   -0.07130881425913221     0.0261070499784139     -0.141551667539934    0.07402175229151811    -0.2094274063762658     0.1065766737617877
    0.1544197713951728   -0.02795093496799061    0.08800473692295462   -0.02206691446863831    0.03235380548179546    -0.1117199493087738    -0.9196538993763888    -0.2153650859399235     0.1101072475099788    -0.1786037279364031    0.08641175878656052   -0.09989032323115982
  -0.07187571013985083   -0.01225631559653337   0.002032419700751556    0.06817995344775528     0.3835546722345864     0.9111388652736958    -0.1037281940730684    0.01374723571777195   0.004012235220441264   -0.02260692880796458    0.01581715682195911    -0.0318893616372246
   -0.6539270875696865    0.04430330885731366    -0.4049229279116695    0.07106032380477202     -0.330283466326687    0.08074358331242606   -0.08033051248366138    -0.2295168612408563     0.1561652972190313    -0.3300450692517687    -0.1903082455742097     0.2390233931397352
   -0.2021777595978578    0.01086453955009483    -0.1303774694356649    0.02675434974548926    -0.1055735128905313    0.03270293103842049   -0.02191809487294568    -0.5651314362721336    -0.4205333761916307     0.5292682779884552     0.1661579017086862    -0.3530455568237044
   -0.3644042620598139   -0.06242146346695805    -0.1361016359180801     0.0125200861101965   -0.09530447928558669    -0.0270536854127802    -0.1815661966309036     0.5729116564407319     0.3673702866153727     0.4047592600894551     0.2506468031976085    -0.3346774346371611
    0.1697774445066909     0.1010194718062011    0.04949490971233952    0.02699974422999724    0.01857033714445888    0.03076594109282523    0.03187438002721271    -0.2948126300755449       0.60722389633629     0.4254926484059263    -0.5645992496539404   0.005737859407774181
   -0.1060028315392328    -0.1313752342721429     0.1771654615847117     0.1688936318003885     0.1216798756072991   -0.07991634844121621     0.2549232288561168    -0.1968608621916071     0.2436324261627507    -0.4578280559448694  -0.005255641017850424    -0.7194912867327876
    0.1011061584700563     0.2690774801010169    -0.3476862892861396    -0.7986200189161607    0.03172153269446216    0.04793059113091448   0.001699217314614141     0.0767986852445818   -0.06964256014691859    -0.1219200654933949    -0.1963247440092432    -0.3020474263907108
  -0.06859811803063862    -0.4739592274363866   0.005374827108974688    -0.4452086584793277     0.1955472833269355   -0.03863676749306533     0.1491710139901601    -0.3109790505848971     0.3576476129964179     0.0368451120896397     0.4639693132492451     0.2630378460200002
   0.04663694905170066     0.7909137511480848   0.008901138426257874    0.08815467444182352    0.04488786319888202  -0.005725674384834056     0.1011709000396768    -0.1555418589003775     0.2660572156517182   -0.04828059552858226     0.4991506316613101    0.07539642464479097

22.60355548481757
48.75983997820227
50.18177474504685
 111.367792163647
58.06826780382923
129.2501301549018
69.11802746862195
155.3743401142255
83.56008505657532
187.3076703993336
98.31285134977055
221.4182280500594

2.266147169307277

   0.07078642736770392   -0.03131935316757275   -0.03268304417164323    0.01437325970670193    -0.0385791440528143    0.01678952359621619 -6.724855617208257e-05  0.0004056040626831147 -0.0002006491326186771 -0.0004313951483716156  0.0002929701481919744 -0.0008564490956320184

-4.241934341250027e-05   -0.01218977627958692   0.002697736288647042  -0.002093199242162299   -0.01742289954205576  -0.005282106035728252   -0.02148033882565049    0.01752571994759664    -0.0420480393905401  -0.007445836491591019   -0.08100120735108214    -0.9434195256685128

cov:
  0.9892335577687655     2.28838852538178   0.1019391857931756   0.1630260474072245  0.05485965683930575  0.02814613116815026  0.04169628322828226 -0.04477109556255213   0.1008719951112663  0.02475390166244359   0.1085587996629283  0.06163730989136951
    2.28838852538178    30.44458661482444  -0.2701466824846319    5.165868970033274  0.02338556777105138   0.2006658326527255    2.171907824693978   -2.795462546139048    6.107799628438562   -1.770912761264214    12.73281858190172   0.5014863372749904
  0.1019391857931756  -0.2701466824846319   0.9293640359587076    1.434832497863574   0.2384858013001681   -0.178917766039824   0.2316258385072553  -0.3355531771041599   0.4029425700179713 -0.06050037192136817   0.4830582187176389   0.1512946725242577
  0.1630260474072245    5.165868970033274    1.434832497863574    6.746880554126574   -1.290540803286099  0.07059233304580925  -0.5371151542338772    1.167149360978717   -1.075475683721202  -0.1986633837459227  -0.6940331419696116   -0.812929475407945
 0.05485965683930575  0.02338556777105138   0.2384858013001681   -1.290540803286099    1.017456852904955  0.02113809513535302   0.7688251901593596   -1.294131008731128    1.677740850812599  -0.1816595166578899     2.32300556760925    0.619727423683178
 0.02814613116815026   0.2006658326527255   -0.178917766039824  0.07059233304580925  0.02113809513535302   0.6229539948286804  -0.1926863569743608   0.2409488275742549  -0.3340251094789011  0.09211273139272361  -0.5002172236577267 -0.05085406220703408
 0.04169628322828226    2.171907824693978   0.2316258385072553  -0.5371151542338772   0.7688251901593596  -0.1926863569743608    1.478721231935451   -1.620591446137577     2.10857928539031  -0.4991150992896251    3.091283404938317   0.4269523652420792
-0.04477109556255213   -2.795462546139048  -0.3355531771041599    1.167149360978717   -1.294131008731128   0.2409488275742549   -1.620591446137577    3.779060973600171   -3.691230406628342   0.1914736856331882   -5.082189669670282   -1.530933174078538
  0.1008719951112663    6.107799628438562   0.4029425700179713   -1.075475683721202    1.677740850812599  -0.3340251094789011     2.10857928539031   -3.691230406628342    6.588703429753077 -0.08458961312249473    7.470815898844629    1.850222995415773
 0.02475390166244359   -1.770912761264214 -0.06050037192136817  -0.1986633837459227  -0.1816595166578899  0.09211273139272361  -0.4991150992896251   0.1914736856331882 -0.08458961312249473    1.997667682458558  -0.9642306967613627   0.9025619754188092
  0.1085587996629283    12.73281858190172   0.4830582187176389  -0.6940331419696116     2.32300556760925  -0.5002172236577267    3.091283404938317   -5.082189669670282    7.470815898844629  -0.9642306967613627    15.10926379791169    3.607616784132473
 0.06163730989136951   0.5014863372749904   0.1512946725242577   -0.812929475407945    0.619727423683178 -0.05085406220703408   0.4269523652420792   -1.530933174078538    1.850222995415773   0.9025619754188092    3.607616784132473    3.921115950009754

cov.inverse():
     11.15983238001412     -4.442903238918967     -39.52112976150822       17.2836525339408      28.51962155282088     -12.51238903821292     0.1199117570450933   -0.03431207653070863     0.5189661271065436     -0.014907207182099     0.6333097344280031    -0.0193798190775503
    -4.442903238918973      1.948516756450919      17.33139064986254     -7.603325641858511      -12.5751403799744      5.477375431300816   -0.06257629611387502   0.005457134611747708    -0.2293109576090389  -0.002276303389485896    -0.2711780860745012   0.001273807766762005
    -39.52112976150823      17.33139064986254      177.0063884188526     -77.23542138716886      -137.582646218855      60.28617524137051    -0.4169920961738405      0.071925374922425    -0.5661125246548162    -0.9743648621393015     0.3449027277715579     -1.663375178947429
     17.28365253394084     -7.603325641858515     -77.23542138716887      33.94066753299901      60.35365886095216     -26.34050586822837     0.1605217449520299   -0.03443054952236675     0.2463045045725487     0.4351738533217714    -0.1523570762037931     0.7298672165151565
     28.51962155282101     -12.57514037997441     -137.5826462188551      60.35365886095217       113.283295043476     -49.07567603814675       -0.2611762521307     0.2431216790004577    -0.4493048411385944      1.233599977415427     -1.486206050055302      1.859165726450358
    -12.51238903821297      5.477375431300817      60.28617524137051     -26.34050586822836     -49.07567603814672      23.09045369385248     0.1519708771364017   -0.05049498750199802     0.1833535341210529    -0.5471110224309803     0.6767751175034157    -0.8545887109776422
    0.1199117570450738   -0.06257629611386627    -0.4169920961737477     0.1605217449519894    -0.2611762521307741      0.151970877136434      1.869915526124479      0.334265909204476    -0.1643603017508622     0.2462392495724786   -0.08522243671248479      0.124923343397746
  -0.03431207653072221   0.005457134611753591     0.0719253749224832   -0.03443054952239214     0.2431216790004132   -0.05049498750197858     0.3342659092044756     0.7795801738096065      0.188084818678526    0.01624854239461413    0.03129609681088288    0.09754128187844523
    0.5189661271065311    -0.2293109576090337    -0.5661125246547692     0.2463045045725278    -0.4493048411386302     0.1833535341210683    -0.1643603017508623     0.1880848186785262     0.6449046721898541    -0.2204641885582008     0.0727581546414718   -0.06170224371985835
  -0.01490720718209544  -0.002276303389487313    -0.9743648621393143      0.435173853321777      1.233599977415436    -0.5471110224309843     0.2462392495724794    0.01624854239461449    -0.2204641885582004     0.7760186807089469  -0.000884183449145437    -0.1679727318629898
    0.6333097344280114    -0.2711780860745052     0.3449027277715175    -0.1523570762037756     -1.486206050055272      0.676775117503402   -0.08522243671248519    0.03129609681088307    0.07275815464147257 -0.0008841834491454267     0.5954239735753346    -0.3369463337519083
  -0.01937981907755834   0.001273807766766102     -1.663375178947385     0.7298672165151373      1.859165726450324    -0.8545887109776271      0.124923343397747    0.09754128187844564   -0.06170224371985839    -0.1679727318629901    -0.3369463337519083     0.5680132037490678

cov*(cov_.inverse()):
    0.9999999999999714  8.891284518537657e-15  2.856048730848215e-14 -4.711508960753008e-14 -1.174199626419181e-13  5.370703881624195e-14 -3.842412499288628e-16  2.046973701652632e-16  8.573870780015369e-16 -5.186823193170653e-16  1.051242426441945e-15 -1.623701173514291e-15
-3.991598718222633e-15     0.9999999999999964 -5.995204332975845e-15  6.661338147750939e-15  4.884981308350689e-15  1.559863349598345e-14   3.33066907387547e-16  1.179611963664229e-16  1.484923295436147e-15 -8.049116928532385e-16  2.164934898019055e-15 -5.551115123125783e-17
-8.428587688902311e-15   3.92435107847422e-15     0.9999999999999434 -3.261280134836397e-15 -2.681188604469753e-14  1.582067810090848e-15 -3.087807787238717e-16 -3.712308238590367e-16  6.401129626354418e-16 -1.040834085586084e-16  5.342948306008566e-16 -1.110223024625157e-15
 9.159339953157541e-16  7.233796894823286e-16 -1.587618925213974e-13      1.000000000000059  6.283862319378386e-14 -1.099120794378905e-14  2.359223927328458e-16 -6.938893903907228e-17  1.040834085586084e-16                      0 -3.885780586188048e-16 -4.996003610813204e-16
-2.896988204881268e-16  1.740795008142726e-15 -5.506706202140776e-14  2.775557561562891e-15      1.000000000000001 -7.993605777301127e-15  3.608224830031759e-16  2.498001805406602e-16  7.840950111415168e-16  5.551115123125783e-17  1.387778780781446e-16   3.33066907387547e-16
-2.162983334108581e-15  4.456613030001666e-16  2.182976022169214e-14 -4.718447854656915e-16 -1.068589661201713e-14      1.000000000000009 -2.602085213965211e-17  6.852157730108388e-17 -5.290906601729262e-17 -1.509209424099822e-16  2.463307335887066e-16 -2.706168622523819e-16
-5.100087019371813e-15  2.902409215743695e-16  1.088018564132653e-14 -9.547918011776346e-15   5.10702591327572e-15 -1.054711873393899e-15     0.9999999999999999  3.469446951953614e-17  2.185751579730777e-16 -1.387778780781446e-17 -7.216449660063518e-16  2.220446049250313e-16
 7.577272143066693e-15 -3.102552936784519e-15 -3.996802888650564e-15  2.087219286295294e-14  1.332267629550188e-14  7.327471962526033e-15 -1.942890293094024e-16                      1  -1.52655665885959e-16  2.775557561562891e-16 -6.661338147750939e-16  6.661338147750939e-16
-7.778500066280003e-15  6.774095173689432e-16 -3.419486915845482e-14 -3.175237850427948e-14  1.909583602355269e-14 -1.687538997430238e-14  5.273559366969494e-16  5.551115123125783e-17                      1  1.110223024625157e-16 -1.110223024625157e-16  2.220446049250313e-16
 6.591949208711867e-16  8.029601289427646e-16 -6.883382752675971e-15 -2.997602166487923e-15 -2.242650509742816e-14  6.439293542825908e-15  1.804112415015879e-16  4.163336342344337e-17  -4.85722573273506e-17                      1  2.220446049250313e-16 -2.220446049250313e-16
 5.287437154777308e-15  1.348747502571968e-15   1.77635683940025e-15 -8.881784197001252e-16  5.684341886080801e-14 -3.819167204710538e-14 -6.106226635438361e-16 -6.661338147750939e-16   2.55351295663786e-15  -3.33066907387547e-16                      1  4.440892098500626e-16
-6.425415755018093e-15  7.528699885739343e-16  3.552713678800501e-15 -1.376676550535194e-14 -6.217248937900877e-15   1.77635683940025e-15  1.110223024625157e-16  1.110223024625157e-16  1.942890293094024e-16                      0  6.661338147750939e-16                      1
