10
1

0.05437970446452893
 0.3120484393901956
 0.7110637313115078
 0.8075906539024421
 0.8998425719758483
  1.336338778225611
  1.691173151052623
  2.387267188113715
  3.990396104787298
  4.840067927636039

   -0.2538013542344494     0.1115074285263888     0.7336140138462632    -0.3207438710150735    -0.4864199940020556      0.213120951724467 -0.0007538365023114301  -0.001337850486264313   0.002978430342807026  -0.006973813678919595
   -0.5800375478575279     0.2342995291763608     0.2271620138996518   -0.09700047098143745     0.6283320579886907    -0.3011837605615926     -0.107077302118023    0.04936697321294536    -0.1940873092833434     0.1027771314706761
    0.1934922784389922   -0.04857296396807091     0.1219998455231567     -0.017944837713062    0.04676884656094247   -0.09734603049759911    -0.8970013900989384    -0.2706439198358875     0.1451402227028299    -0.1854900044626473
  -0.01763096442759517   0.005958235393351194   -0.05302155601361658   -0.05282064408038255    -0.4275501416228301    -0.8958949278846744    0.07228354645054388   -0.04936755178319289  -0.005972743717282354     0.0304591094082645
   -0.6520576506934225    0.04785837689800427    -0.4929648923215101    0.05706073529645077    -0.3369425441857515     0.2094052251117846     -0.139854570273125    -0.3837246056308461   -0.04307479085009419   -0.01483056211481774
     0.270557359877783    0.09246254449226518     0.1762661214035743    0.07828291388350544    0.09254670448202215   0.004282003014395055     0.2026676678028573    -0.7727670569978002     -0.447220659180271      0.184983184937451
  -0.08052247277255083   -0.06127005157812208    0.08189958148602633   0.004240329944911156     0.1338298394349965   -0.06551399653040392     0.2790907618940949    -0.2071676425670616     0.1066271271752419    -0.9103047022271896
    0.1991946190172579     0.3043332479306257    -0.3331402716360258    -0.8438241374511932    0.03936193340470037    0.04385014130890081   -0.01856648555275466    0.02153091242298128    -0.1741470194267216    -0.1003667613439125
   -0.1057860314875126    -0.5921796056556982    0.02713836204443398    -0.3890612137785794     0.1991660337644331   -0.04049738871831562     0.1568832959984356    -0.3080105317458955     0.5077293976999455     0.2597082332336417
    0.0752176096765366     0.6873032910362783   0.001430760520490868      0.108592424529583    0.04884565902448695  -0.006323754089035548     0.1233501416784292    -0.1980147173018448      0.663228815640639     0.1159254057433125

35.63669182041133
78.31294593495636
 50.1835146665311
111.3684447459886
58.06608328255052
129.2517225052888
69.11173264111852
155.3837160369489
98.29630903771422
221.4299832019339

2.267263474408608

   0.1059142524867167  -0.04631596967073134  -0.01530768650467486  0.006782343290099786  -0.08998685444679817   0.03909335249911684  0.000238007737293067  0.001437902883395932 5.630393163149477e-05 -0.001901351095760488

1.970426892963257e-05  -0.01410933296494086  0.006319178186292656  0.001075079420397422  -0.02056532015366979   0.02251125519481668  -0.05724242102208221   0.02711788770962917   -0.1147638914081233   -0.6613939068760372

cov:
    1.08248597858039    2.569440311922256 -0.09563506649616761 -0.09992966034135872  -0.0385712542147857  0.03107681159418123 -0.04303998864671857  0.04259970302257029 -0.07695586887463884 -0.06458456709250006
   2.569440311922256    17.21244344179167   -0.812791818742005    3.965841060454903   -1.033154261507069    0.368513412959129   0.4735368736575015  -0.3451015545900723    5.486754870490407  -0.5599646941107153
-0.09563506649616761   -0.812791818742005   0.9316856760015396    1.438319534050531   0.2384586360628418  -0.1797735321675246   0.2319709479507969  -0.3331214683095861   0.4785359463623205    0.147351034841702
-0.09992966034135872    3.965841060454903    1.438319534050531    6.761309494821129   -1.291065866911749  0.06779275940289536  -0.5369170943475042    1.176307304273663  -0.6832757551947474  -0.8175526628904508
 -0.0385712542147857   -1.033154261507069   0.2384586360628418   -1.291065866911749    1.014270997625275  0.02145188586695617   0.7650752459093615   -1.290500560072456    2.301918157172941   0.6133734827553152
 0.03107681159418123    0.368513412959129  -0.1797735321675246  0.06779275940289536  0.02145188586695617   0.6230593379829502  -0.1934837569003373   0.2418984231497414  -0.4978440769664873 -0.05194708925082128
-0.04303998864671857   0.4735368736575015   0.2319709479507969  -0.5369170943475042   0.7650752459093615  -0.1934837569003373    1.473618474686332   -1.625596957754018    3.067315286462039   0.4208752318263117
 0.04259970302257029  -0.3451015545900723  -0.3331214683095861    1.176307304273663   -1.290500560072456   0.2418984231497414   -1.625596957754018    3.779092002618146   -5.041320286565218   -1.510218003184932
-0.07695586887463884    5.486754870490407   0.4785359463623205  -0.6832757551947474    2.301918157172941  -0.4978440769664873    3.067315286462039   -5.041320286565218    14.98777878769358    3.559906362103889
-0.06458456709250006  -0.5599646941107153    0.147351034841702  -0.8175526628904508   0.6133734827553152 -0.05194708925082128   0.4208752318263117   -1.510218003184932    3.559906362103889    3.896549339287591

cov.inverse():
   25.88876896066302   -10.99071706603683   -63.85883041423048    28.03985265141541    38.31603007008059   -16.67468141323667   0.4914846713381669 -0.08155607820999519   0.9128136050132974 -0.02475722585239454
  -10.99071706603684    4.840543945474742     28.1567668286384   -12.34674534421552    -16.8601657309001    7.330432698141325  -0.2061974966793081  0.04242931315969702  -0.4054053429158078  0.01901655605275324
  -63.85883041423121    28.15676682863868    182.8989531624718   -79.77508605375792   -118.9436706791269    52.08645626009361  -0.5446246842319949  -0.1284066746652075   0.3178386141794183   -1.530002198728524
   28.03985265141573   -12.34674534421564   -79.77508605375792    35.03303970190091    52.13603376285924   -22.73054670171833   0.2133419656229965  0.05173097896115133  -0.1404051205937638   0.6729066830167618
   38.31603007008137   -16.86016573090044   -118.9436706791279    52.13603376285967    84.50411074232392   -36.51148907243814  -0.6134526836600199   0.6517622849415842   -1.718709158097118    1.749147725785956
  -16.67468141323697    7.330432698141463    52.08645626009404    -22.7305467017185   -36.51148907243812    17.59662399285367   0.3076252787113971  -0.2245343467350503    0.777772538045997   -0.810627041453575
  0.4914846713382137   -0.206197496679328  -0.5446246842321268   0.2133419656230544  -0.6134526836599303   0.3076252787113579    1.793959350051324   0.3749442509706294 -0.06933334179704374   0.1594330797670618
-0.08155607820994329  0.04242931315967405  -0.1284066746653554  0.05173097896121585   0.6517622849416799  -0.2245343467350923   0.3749442509706291   0.7132050817297356  0.01314470858050416   0.1387802714696834
  0.9128136050131863  -0.4054053429157592   0.3178386141797295  -0.1404051205938996   -1.718709158097321    0.777772538046086 -0.06933334179704292  0.01314470858050397   0.5901277007986149  -0.3302499153203176
-0.02475722585232518  0.01901655605272301   -1.530002198728708    0.672906683016842     1.74914772578607   -0.810627041453625   0.1594330797670603   0.1387802714696824  -0.3302499153203156   0.5101408469545171

cov*(cov_.inverse()):
    0.9999999999999489  1.480998483571749e-14  1.364047763630083e-13 -6.023653797981865e-14 -6.160350007888837e-14  5.537237335317968e-15 -1.294103713078698e-15  1.318389841742373e-16  1.245531455751347e-15 -9.992007221626409e-16
 7.174816296640074e-15      1.000000000000006 -2.386979502944087e-14 -3.069766663088558e-14  4.551914400963142e-15 -1.104671909502031e-14 -2.498001805406602e-16 -8.326672684688674e-17 -3.885780586188048e-16 -5.551115123125783e-17
-6.331740687315346e-17 -2.111592151132768e-15     0.9999999999999845   4.20496970576778e-15  4.168887457467463e-14 -3.089195566019498e-14  -1.52655665885959e-16  7.042977312465837e-16 -1.255939796607208e-15  4.718447854656915e-16
-6.782768791069316e-15  5.032432803808717e-15  9.303668946358812e-14     0.9999999999999873  7.771561172376096e-15  7.993605777301127e-15 -9.159339953157541e-16  -6.38378239159465e-16 -1.998401444325282e-15 -6.661338147750939e-16
 1.177877240188252e-14 -1.000588500943422e-14 -3.430589146091734e-14  1.976196983832779e-14      1.000000000000039 -2.792210906932269e-14 -1.304512053934559e-15  2.220446049250313e-16 -3.885780586188048e-16  2.775557561562891e-16
 3.276675805685692e-15 -4.490765398434959e-16 -1.330879850769406e-14  6.716849298982197e-15  2.498001805406602e-16      1.000000000000002  3.295974604355933e-16  7.979727989493313e-17  -4.40619762898109e-16  2.914335439641036e-16
 -7.28583859910259e-15  2.397387843799947e-15   2.34257058195908e-14 -6.550315845288424e-15  6.883382752675971e-15  1.387778780781446e-15     0.9999999999999996 -7.632783294297951e-17 -2.775557561562891e-16 -2.775557561562891e-16
-8.208711488322251e-15  5.651729084732438e-15  7.549516567451064e-15  6.439293542825908e-15 -5.151434834260726e-14   1.77635683940025e-14  5.551115123125783e-16      1.000000000000001  7.216449660063518e-16 -5.551115123125783e-16
 4.302114220422482e-15  4.524158825347513e-15  4.884981308350689e-14  6.661338147750939e-15  -1.77635683940025e-15  1.021405182655144e-14  2.220446049250313e-16 -6.106226635438361e-16     0.9999999999999982 -2.220446049250313e-16
-4.760081218080359e-15   2.05391259555654e-15  8.881784197001252e-15 -4.440892098500626e-15  8.881784197001252e-15 -5.329070518200751e-15 -4.440892098500626e-16 -1.110223024625157e-16  2.220446049250313e-16     0.9999999999999999
