10
1

0.1342526560458754
 0.902813821254245
 0.965143306208008
 1.188354934347064
 1.403674745068803
 1.758708273164569
 2.753348669423156
  2.89157039989446
 5.912310936272234
 11.68721240593432

    0.586637066051378   -0.2218589093812349   -0.7235800633796297    0.2745938371293113   0.04941843974147054  -0.01731306291862266   0.03459356891353697  -0.02177804151519401   0.05660318833502678 -0.006989290859915405
   0.7464889289494966  -0.03062294445818881    0.5858297951680528  -0.05068520152758345   -0.2524703085679049   0.09418656662810505  -0.02968492312951783  -0.08518614844007101    0.1045439363975423  -0.06611581082989559
  -0.0575927723113707  0.002245603672570595  -0.05254071206424047  0.003804167205731436   -0.2630023914670964    0.1957551637156678    0.4399834813561764   -0.6750625087608769   -0.2738230845594465    0.4026645669189817
    0.228743098766904    0.0527640138778554    0.1940578684685559   0.02597567795023081     0.645616270254157   -0.2991504216421137    0.1759120741892163    0.1447095715636728   -0.4725153238053595    0.3536825823847672
 0.004692732032856393  0.001048223187263844  -0.01581852595937972 -0.007233570314753547   -0.2362639192501216    0.2457100226268912    0.6989508377185227    0.5948266282352191   -0.1459224957808431   -0.1408400101265332
  0.01130117932988224  0.004134316504285269  0.009079636114278389  0.002448517705801553    0.2820024250528347    0.7745288471807805   -0.1836087387002393    0.1712194056604079    0.2280079720020456     0.453134156506351
   -0.013577490496136  -0.03019874792372014   0.06448534665712528    0.1384254695575744    0.4002087142494541    0.4159969089384664   0.05164868067853346   -0.3010138357589109   -0.2791456163180637   -0.6864139297600736
   0.2020266057954619    0.5527328737570024   -0.2967261544089653   -0.6891300551239585  -0.04477077754935026   0.09787239414322282   -0.1362612418282024  0.006935063511411845    -0.232396219582873  -0.08073614536890134
 -0.04133935827094645   -0.5506654789323026  -0.00958835819770662   -0.1286653640245787   -0.2861818947072659     0.125428567322752   -0.4046397433760439     0.170169111261507   -0.6205658000243544   0.05465082242558424
  0.01063580775640875    0.5808403572102582   0.01367433442135187    0.6408315599657927   -0.2615500203668953   0.06621918160445113   -0.2572529727377729     0.113441759510879   -0.3119352999373712   0.05014114141621662

22.68156266175114
58.25413600760258
35.55984595102633
91.69148910947435
71.38894836829667
185.0490960965964
85.18583993854793
220.8350813676238
100.5237622507998
261.4814579992123

2.593377573214583

   0.1627858612708473  -0.06281221751166778   -0.1541151398635646   0.05933435040996447 -0.003360233378768116  0.001207149687923602 -0.002283362858911593  0.001416075503501065 -0.003694178138914045 0.0004226617608700357

  0.004266774131800021    0.02497691410990262 -0.0007937208396315525   0.006670698805592755   0.006941676360335046   0.001002960537466817   -0.02034629199910037    0.03698598154854257     0.9191888684896696     0.5523433451861968

cov:
   0.9556621881034101      2.57242331778458  -0.05967141750706041  -0.08114636342623265 -0.006001328730034457    0.0167911142578901   -0.0089240123331899  0.003985253501198391     0.012629387223818 -0.004971961293514927
     2.57242331778458      59.2490665396241   -0.1139263027484178     50.10426052408875    -15.48384090322323     3.182654061838001    -13.24883707538503     5.840611869945133    -13.84917869647747     2.744514339022943
 -0.05967141750706041   -0.1139263027484178     1.142117624270861       2.9968953333293 -0.001995083329015876  0.009919813213501322  0.003545060415044073  0.009064973293617299  0.009512686339958921  0.002936186296558718
 -0.08114636342623265     50.10426052408875       2.9968953333293     60.79233679840666    -20.88994965222992     5.092878296205897    -19.86053640913774     8.807720091857144    -23.48564171171587     3.910563625172164
-0.006001328730034457    -15.48384090322323 -0.001995083329015876    -20.88994965222992     14.49881311863954    -2.173862706905117     13.01923179667015    -6.483635602090209     16.47359983127356    -3.692118076578135
   0.0167911142578901     3.182654061838001  0.009919813213501322     5.092878296205897    -2.173862706905117     4.684647152478044     -4.14742989791234     1.335941131785278    -5.979472222647805   -0.6013310894044136
  -0.0089240123331899    -13.24883707538503  0.003545060415044073    -19.86053640913774     13.01923179667015     -4.14742989791234     16.22989224727876    -6.035608058250124     19.33134139136353    -2.908469740813918
 0.003985253501198391     5.840611869945133  0.009064973293617299     8.807720091857144    -6.483635602090209     1.335941131785278    -6.035608058250124     4.705116719448538    -7.883206178590041     2.562294290924185
    0.012629387223818    -13.84917869647747  0.009512686339958921    -23.48564171171587     16.47359983127356    -5.979472222647805     19.33134139136353    -7.883206178590041     28.39135130384813    -1.696717761864177
-0.004971961293514927     2.744514339022943  0.002936186296558718     3.910563625172164    -3.692118076578135   -0.6013310894044136    -2.908469740813918     2.562294290924185    -1.696717761864177     5.079602212500943

cov.inverse():
   19.82313384182935   -7.226569032004132   -22.98711263394716    8.878315012646697    1.497066496733845  -0.5329106655059526    1.098120944937484  -0.7191149426139606    1.874537966446827  -0.2551087701499993
  -7.226569032004123    2.781851793355102    8.872172050024787   -3.418512730220292  -0.5762359369621356   0.2031511579247118  -0.4208784253832005   0.2750555284448856  -0.7245590550490676  0.09998247913535289
  -22.98711263394718    8.872172050024792    29.51067679626139    -11.0310835189842   -2.054084968419547   0.7109327994240935   -1.411558591670288   0.8639182127791665   -2.238877321202223   0.2584378246255348
   8.878315012646711   -3.418512730220294    -11.0310835189842    4.249941364022299   0.7913101751377729  -0.2752367871649435   0.5436594883831256  -0.3347986371491882    0.861637885173819 -0.09919057604312208
   1.497066496733849  -0.5762359369621369    -2.05408496841955   0.7913101751377739   0.6613701704251131  -0.2072425996520318 -0.03304962570794089    0.150175701997378  0.01457630041022833   0.0711753702675873
 -0.5329106655059531   0.2031511579247118   0.7109327994240933  -0.2752367871649434  -0.2072425996520316   0.3810686378538801   0.0593876202341977 -0.06016078199766429  0.01874226193653301  0.06628550228614957
   1.098120944937482  -0.4208784253832003   -1.411558591670286   0.5436594883831248 -0.03304962570794243  0.05938762023419811   0.5637995148785249  -0.1430289994140295  -0.1390074442245543   0.1422955099746575
 -0.7191149426139537   0.2750555284448833   0.8639182127791585  -0.3347986371491851   0.1501757019973793 -0.06016078199766465  -0.1430289994140291   0.7412007674907032  0.04688069562914951  -0.2301541114155344
   1.874537966446832  -0.7245590550490686   -2.238877321202225   0.8616378851738198   0.0145763004102292  0.01874226193653273  -0.1390074442245547  0.04688069562914913   0.4858478575337831  -0.1968697134930639
 -0.2551087701500021  0.09998247913535391    0.258437824625538 -0.09919057604312334  0.07117537026758643  0.06628550228614979   0.1422955099746578  -0.2301541114155344  -0.1968697134930641   0.4102014738245937

cov*(cov_.inverse()):
    0.9999999999999942 -8.885470484387703e-15  6.625125795189923e-15 -8.820309933821324e-15 -6.521476067500309e-16  6.510091944689211e-16  1.276648058101681e-15 -8.304988641238964e-16 -2.427311823760547e-15  2.996734804749934e-16
 -3.11972669919669e-14      0.999999999999972  7.183142969324763e-14 -8.770761894538737e-15  3.386180225106727e-15   1.52655665885959e-15   3.33066907387547e-15 -2.775557561562891e-15  2.997602166487923e-15 -4.440892098500626e-16
-6.576228277210827e-15   4.72446517671421e-15      1.000000000000002 -3.303889280215078e-15 -6.385137644310257e-16  1.468551842631616e-16 -3.290553593493506e-16  2.805915222392485e-16 -8.378714388967978e-16  5.269222558279552e-17
 6.161737786669619e-14 -4.674038933671909e-14  4.951594689828198e-14      1.000000000000056  9.825473767932635e-15 -3.885780586188048e-15  2.886579864025407e-15  -2.55351295663786e-15  1.543210004228968e-14 -1.554312234475219e-15
-4.662936703425657e-15  4.829470157119431e-15 -4.496403249731884e-14  -3.05311331771918e-15     0.9999999999999993  9.992007221626409e-16  1.332267629550188e-15 -4.440892098500626e-16  -2.55351295663786e-15  4.440892098500626e-16
 5.329070518200751e-15 -1.387778780781446e-16  6.356026815979021e-15 -2.546574062733953e-15 -8.326672684688674e-17     0.9999999999999997  -6.38378239159465e-16  3.885780586188048e-16 -1.387778780781446e-16                      0
-2.375877272697835e-14  6.217248937900877e-15  -2.97539770599542e-14  2.164934898019055e-15 -2.470246229790973e-15  2.775557561562891e-17      1.000000000000002 -1.332267629550188e-15 -2.442490654175344e-15  2.220446049250313e-16
-3.885780586188048e-15 -7.049916206369744e-15  1.409983241273949e-14  1.221245327087672e-15  -3.05311331771918e-16   3.05311331771918e-16  2.220446049250313e-16     0.9999999999999997  1.665334536937735e-15 -2.220446049250313e-16
-1.904032487232143e-14  -3.05311331771918e-16 -3.852473895449293e-14 -5.051514762044462e-15  5.551115123125783e-16 -2.914335439641036e-16  1.387778780781446e-15  -1.27675647831893e-15     0.9999999999999998  7.771561172376096e-16
 6.217248937900877e-15  1.110223024625157e-16  7.771561172376096e-15  1.110223024625157e-16 -1.665334536937735e-16 -5.551115123125783e-17   3.33066907387547e-16                      0  2.220446049250313e-16                      1
