10
1

0.07060439112377645
 0.1622768482341398
 0.1718478699663143
 0.3954245205189029
 0.6175198581870264
 0.8112549563243707
  0.849218035219364
  0.884933943145402
  1.694768979842057
    2.2662950357315

   0.6731567695956715   -0.2578424031324557   -0.6427878153615941    0.2562588132016523 -0.003350196131007893 -0.001744380528845089    0.0224317290642375 -0.001532284692120653   0.02891610398050133  -0.01328780122533758
   0.1074578356449587  0.009059390941886878   0.09720861069443081  -0.03230767551999319   -0.9819075237195728  -0.06760895428031652 -0.001030651381180277 -0.006149365805319422  -0.09510043824769591 -0.009006384993691559
  0.01605160942789084 -0.008305299305245126  -0.02297511105019953  0.003792782386081745   0.09511261502643024  0.008045929277720404   0.01628619909809647 -0.002991167330964884    -0.994854343745608 -0.003260025237660747
   0.7148455914093192   0.08181747185931039    0.6027133251798205   -0.2705436492963527    0.1381183514267807    0.1171477969112265  -0.09576587449527339   0.02589158042662533  0.008223417550254686   0.05599175514540659
 -0.06526634981070484  -0.04021745192639007  -0.04320906652216666   0.09170412738482571  -0.02793683073387493    0.1608509590840114   -0.7152885304078116    0.6673366513015152  -0.01446486358980628  0.002751727120860879
  0.03415461072404495    0.1253155921403404    0.3366436839068382    0.8615431134927751  0.002141320622860196    0.1610491973257495   0.04797773163871196  -0.07177203498077014 -0.001471095637661161   -0.3068342835106344
 -0.08140792026527643  -0.06925391047550225  -0.06990535560838285  -0.01878889993122135  -0.08120416866287829     0.908350153302526    0.1170328220888186   -0.1124078800039759   0.00148412144979911    0.3539891683880809
 0.001975618286836798  -0.01570885599206125    0.1216327487437961    0.3300061624662402   0.01579183936547459   -0.3213880042539619  -0.01811058614716625   0.01674158609701233 -0.005703075981698682    0.8785614977694848
  -0.1040070059190014   -0.8184521508236668    0.2139601704739638   0.01035181749470598  0.008136196412564186  -0.03655565143965767   -0.3341057496083208   -0.3958486267127259 -0.003345038428798377  -0.06079486030222176
  0.03429372686604838    0.4841940823173011   -0.1814576263192196 -0.006996416808637778 -0.005343580677980723   0.01005993070747785   -0.5920038353979169   -0.6157752331385539 -0.007724139738942717    0.0395867867006825

49.86518832174758
112.5211980452029
56.65869667968285
129.4697258579771
67.65224728743274
158.1569180519773
79.66774988746195
187.2472319182818
107.5106081456052
259.2654240818472

2.484674686436924

    0.3251050304008126    -0.1312793809536415    -0.3306166137000926      0.131930339549849   0.003988261147518808   0.001263855387531784 -0.0009245419350405537 -0.0006364330273707659   0.005834654372365272  0.0004882895606856457

  0.002488240743188412 -0.0001899016383629626  0.0002650538957774743   -0.00194742551419299    0.00407677443350505   -0.00192757128378726   0.003048779528955316   0.004766896327768101    0.01366467399515525    0.03882438031194165

cov:
    0.1267567222425147     0.3459436460621045   -0.01746869687303355   -0.01509675625839122    0.01485679406917821   -0.02861577371244397  -0.003106870093787506   0.001066370976303635  0.0001452469715815072   0.004932145060244674
    0.3459436460621045      3.144123480275893    -0.9152489671359064    0.02099450187114266   -0.02643516464939652    0.08183794004701687    -0.6787746394762986    -0.6112055740405772   -0.01095951129701721     0.1882595181763238
  -0.01746869687303355    -0.9152489671359064     0.4501354404333843     0.2082302202556462    0.02696193168856768   -0.06434847567261601     0.3520943799520411     0.3134208238345516   0.005551331643643655   -0.07114510941651536
  -0.01509675625839122    0.02099450187114266     0.2082302202556462     0.5896089165362611  0.0008515865933941613  -0.004770840065167968    0.01134618595646281  -0.002244045062797735  -0.002997265974497801    0.04275984220240249
   0.01485679406917821   -0.02643516464939652    0.02696193168856768  0.0008515865933941613    0.03422776646996063   -0.05548562867964556   0.007053746834284169    0.00793866778794578 -2.982591705976687e-05   -0.01140118995939347
  -0.02861577371244397    0.08183794004701687   -0.06434847567261601  -0.004770840065167968   -0.05548562867964556     0.7094880976958085    0.04517803889527462   -0.03429284032739659   0.001399839628922688   -0.01211145346675184
 -0.003106870093787506    -0.6787746394762986     0.3520943799520411    0.01134618595646281   0.007053746834284169    0.04517803889527462      2.328854838023046      2.057783393947388    0.03020527080624847   -0.05588997556129655
  0.001066370976303635    -0.6112055740405772     0.3134208238345516  -0.002244045062797735    0.00793866778794578   -0.03429284032739659      2.057783393947388      2.580217918299765    0.02456199036730238   -0.05783378307292542
 0.0001452469715815072   -0.01095951129701721   0.005551331643643655  -0.002997265974497801 -2.982591705976687e-05   0.001399839628922688    0.03020527080624847    0.02456199036730238    0.02992829932000182  -0.004060963536748568
  0.004932145060244674     0.1882595181763238   -0.07114510941651536    0.04275984220240249   -0.01140118995939347   -0.01211145346675184   -0.05588997556129655   -0.05783378307292542  -0.004060963536748568     0.7759493365667081

cov.inverse():
   94.64253888593514   -34.35772601750844    -83.6363826932032    33.26933070454989   -3.762268501634237 -0.09262433597541372     2.71574303026646  -0.2102519634844297    3.015817408890717   -1.628558126095972
  -34.35772601750845      13.698803041079    33.59760167716568   -13.26249078996829  -0.1109760992234614  0.07028767394516576   -1.102207864217105  0.07268775171566476   -1.242837446940142    0.625136993303402
  -83.63638269320327     33.5976016771657    85.80928154266033   -33.72393470621794   -2.718846565711358   0.3437662723255165   -3.190613817315919   0.1704451801867944   -3.274081411763685    1.837469163058983
   33.26933070454994   -13.26249078996829   -33.72393470621795    14.97099669506105   0.8105627206124745  -0.1181270774751823     1.20189678558571 -0.04048240200181469    1.453294377791368  -0.8095945115606192
  -3.762268501634237  -0.1109760992234618   -2.718846565711358   0.8105627206124747    37.05451640655501    2.531365692463345  0.02989976938792804   0.2069489899786364   0.3304882527358219   0.3601551244210341
-0.09262433597540994  0.07028767394516418   0.3437662723255123  -0.1181270774751806    2.531365692463347    1.647902504066208  -0.2045605770651109   0.1542148894754668  -0.0330708430301516   0.0810666563565713
   2.715743030266457   -1.102207864217104   -3.190613817315915    1.201896785585709  0.02989976938792665  -0.2045605770651111    1.640340382788054   -1.182769951259227  -0.3911627468713529 -0.08342479025261297
 -0.2102519634844285  0.07268775171566418   0.1704451801867926 -0.04048240200181398   0.2069489899786375   0.1542148894754668   -1.182769951259227    1.328437555290131  0.09132691823583282  0.02130536830378276
   3.015817408890716   -1.242837446940142   -3.274081411763686    1.453294377791368   0.3304882527358222 -0.03307084303015173  -0.3911627468713529  0.09132691823583303    34.02655922687264  0.06313782824450739
  -1.628558126095967   0.6251369933033994    1.837469163058976  -0.8095945115606169   0.3601551244210341  0.08106665635657134  -0.0834247902526128  0.02130536830378274  0.06313782824450746    1.362979922972424

cov*(cov_.inverse()):
    0.9999999999999934  1.366094737331736e-15  5.625708232592785e-15 -5.815660453212246e-15  1.745565497701662e-16   1.83772268236293e-17 -2.275198258960831e-16  5.419655609711915e-17  7.464731957562698e-17  1.118896642005041e-16
 -7.16093850883226e-15     0.9999999999999988 -4.996003610813204e-15 -4.218847493575595e-15                      0  2.255140518769849e-17 -6.245004513516506e-17  6.331740687315346e-17  2.272487753529617e-16                      0
-6.661338147750939e-16  1.873501354054952e-16      1.000000000000003  1.505739977147869e-15  3.191891195797325e-16  8.673617379884035e-18  2.333203075188806e-16  5.724587470723463e-17   2.83627288322208e-16 -2.775557561562891e-17
 1.443289932012704e-15  9.853229343548264e-16 -3.469446951953614e-15      1.000000000000003  4.336808689942018e-17 -6.938893903907228e-18  1.778091562876227e-16 -1.832301671500502e-17  2.602085213965211e-17 -2.081668171172169e-17
-7.979727989493313e-16  2.914335439641036e-16  1.453698272868564e-15 -9.939965517347105e-16     0.9999999999999999 -4.000706016471511e-17  -1.24683249835833e-17 -2.157562323246154e-17 -6.722053469410127e-18  2.081668171172169e-17
 2.935152121352758e-15 -1.248133540965313e-15 -4.312522561278342e-15  2.496267081930625e-15 -1.708702623837155e-16                      1  9.540979117872439e-17  6.342582709040201e-18  5.301748623454117e-17 -6.938893903907228e-17
  7.91033905045424e-16   -1.1518563880486e-15 -2.289834988289385e-15   5.48172618408671e-16 -1.387778780781446e-17   -4.9439619065339e-17                      1  5.204170427930421e-17  6.245004513516506e-17                      0
-4.815592369311616e-15   2.42861286636753e-16  7.688294445529209e-15 -2.157996004115148e-15  6.938893903907228e-18  2.255140518769849e-17 -7.598088824778415e-16                      1  5.074066167232161e-17   1.52655665885959e-16
-3.729655473350135e-17 -3.556183125752455e-17  3.209238430557093e-17 -1.517883041479706e-17 -2.168404344971009e-19  5.421010862427522e-19 -4.336808689942018e-19  2.968003447179068e-18     0.9999999999999999  5.204170427930421e-18
                     0  1.110223024625157e-16 -1.332267629550188e-15  2.220446049250313e-16 -5.551115123125783e-17                      0 -1.387778780781446e-17 -1.734723475976807e-17  4.163336342344337e-17                      1
