10
1

                  nan
                  nan
    3162.277660168379
    3162.277660168379
2.013937676240295e-10
9.133290206223494e-10
2.305276717214313e-08
  0.04503058031813478
    1.152318481324539
    2.443461587411424

                    0  -0.03075067701921985    0.9480312539317481   -0.2945740099826266  0.009530052195072356    0.1152190926502491  0.001200991410148049                     0   0.01223055550076211                     0
                   -0  -0.01128909263679509  0.007459425467717455   0.09748461769916475    0.9784033839141095    0.1122193621465602    0.1117743964770585                    -0  -0.08918396755137761                    -0
                    0                     0                     0                     0                     0                     0                     0                     1                     0                     0
                    0                     0                     0                     0                     0                     0                     0                     0                     0                     1
                    0 0.0003010216614419328   0.01610936310931749   0.01247377767803993  -0.03915847644993662  0.003911393981864708   -0.4025979142125761                     0   -0.9143035802552301                     0
                   -0 -0.009792764616957174   0.02982317997778584    0.1744222211850655    0.1007031026604987    0.1575569982965593   -0.8845801751792561                    -0    0.3887726321851898                    -0
  -0.8428094113724592    0.4121220602011671   0.05130177191260929    0.2169434955090009  -0.05561270951864265    0.2488032623037186   0.06803461706067972                     0  -0.02251234419036487                     0
  -0.3072922715006576    0.1510393819031402   -0.1418949085386584   -0.6869026207767952    0.1645323609082102   -0.5667849676751495   -0.1956223715678709                     0   0.06484581609226278                     0
  -0.0183454240021947   -0.1468098425983535   -0.2776925931769357   -0.5885801037544335  -0.02730734678212043    0.7441343912193286  0.001551210323814721                     0 -0.009301131996057433                     0
   0.4414829570845904    0.8857879803449147  -0.01236736514439374    -0.088419264715541  0.007220308368350925    0.1113894681840058 -0.006216705996063437                     0   0.00177213943570589                     0

35.92797391503741
 60.6879358291626
51.64543417725555
93.55715942382812
69.60637505416963
129.3940048217773
85.15384990938162
159.2149963378906
107.5008184051094
217.4080047607422

2.078709359182596

0.05004710650087568  -1.459145368201536  0.6391675786575621   16.36384666616814   76.53310281085524   17.31742771504682  -2.459249236262085                   0   128.2400646706314                   0

-2.667428822007939e-17 -3.560127951217884e-17                      0                      0 -4.825579572869394e-18  5.451700948690725e-17 -3.325949936119933e-17  1.419206782322929e-05   0.005785476524511121  -0.006347969636271812

cov:
     1.164332696394921      2.338309410216571   -0.02574590250122774    -0.2182965359061692    0.01959451538310853     0.2758350693111959   -0.01630235837743015                      0    0.00485730677555998                      0
     2.338309410216571      4.713244651461537   -0.01131621712597188    -0.3530869914975543    0.04355900773613125     0.4438595667670479   -0.03323998427829746                      0    0.01120515862770648                      0
  -0.02574590250122774   -0.01131621712597188     0.1033478227881616     0.2237540473992087    0.00948857447022277    -0.2824470811145089 -5.665503338498582e-05                      0   0.003280101652256209                      0
   -0.2182965359061692    -0.3530869914975543     0.2237540473992087     0.5076322503155115    0.01730092753756721    -0.6395839090691873   0.002341991498104183                      0   0.006243349376748095                      0
   0.01959451538310853    0.04355900773613125    0.00948857447022277    0.01730092753756721   0.001356309541563163   -0.02236933315809686 -0.0003895074137320376                      0  0.0004352860589590258                      0
    0.2758350693111959     0.4438595667670479    -0.2824470811145089    -0.6395839090691873   -0.02236933315809686     0.8100027465843553   -0.00237686460979036                      0  -0.008086317591033527                      0
  -0.01630235837743015   -0.03323998427829746 -5.665503338498582e-05   0.002341991498104183 -0.0003895074137320376   -0.00237686460979036  0.0003115380766160878                      0 -0.0001106569738961845                      0
                     0                      0                      0                      0                      0                      0                      0                      0                      0                      0
   0.00485730677555998    0.01120515862770648   0.003280101652256209   0.006243349376748095  0.0004352860589590258  -0.008086317591033527 -0.0001106569738961845                      0   0.000142149558364451                      0
                     0                      0                      0                      0                      0                      0                      0                      0                      0                      0

cov.inverse():
nan nan nan nan nan nan nan nan nan nan
nan nan nan nan nan nan nan nan nan nan
nan nan nan nan nan nan nan nan nan nan
nan nan nan nan nan nan nan nan nan nan
nan nan nan nan nan nan nan nan nan nan
nan nan nan nan nan nan nan nan nan nan
nan nan nan nan nan nan nan nan nan nan
nan nan nan nan nan nan nan nan nan nan
nan nan nan nan nan nan nan nan nan nan
nan nan nan nan nan nan nan nan nan inf

cov*(cov_.inverse()):
nan nan nan nan nan nan nan nan nan nan
nan nan nan nan nan nan nan nan nan nan
nan nan nan nan nan nan nan nan nan nan
nan nan nan nan nan nan nan nan nan nan
nan nan nan nan nan nan nan nan nan nan
nan nan nan nan nan nan nan nan nan nan
nan nan nan nan nan nan nan nan nan nan
nan nan nan nan nan nan nan nan nan nan
nan nan nan nan nan nan nan nan nan nan
nan nan nan nan nan nan nan nan nan nan
