10
1

0.07381485094635058
 0.2266281779087945
 0.7585751565330769
 0.9929775465306979
  1.380382057840732
  1.584041437637171
  1.611211174509218
  1.860979681919286
  4.520322260745434
  10.15882498442111

    0.3479059720818253    -0.2742641736763461     -0.640288418366719      0.505378678055488     0.2920941166328498    -0.2303117412211747  0.0004628375773440462 -0.0007773060639326649  0.0002320817818043915 -0.0006223332048876902
    0.4433655195468429    -0.3312353084010086   -0.05184777140512355    0.03642894024785305    -0.6373650083734614     0.4809408260918341     0.1524458642540062    -0.1050273240697734    0.09335351125613896   -0.09576709750290922
   -0.1653561177120124    0.04950436401178274   -0.07354790619310005    0.02897809780266063    0.02166068999088525   -0.01160535883213997     0.8454112991062235    -0.2855002500669107    -0.2960591274290259     0.2819079874676661
    0.6789140837132842   0.005521334342716355     0.5768999141011129   0.002973110556484932     0.4211101583610031   -0.04400876563144302     0.1611380008709155   0.008447037471621736   -0.02919381250497203   0.007950354963512188
    0.2646053420120995     0.2340979019570712   -0.05527432899170171   -0.06718755403944487    -0.2449476004868144     -0.184984935322645    -0.3967348468127686    -0.3776996900661092     -0.284237215928611     0.6265362109756042
    0.3047721709838421     0.4486657578161085    -0.2181172200620892    -0.2530486923043486    -0.3307790163430848    -0.4423000174982906     0.2024104155292727     0.3436115808141867    -0.1418285507884492    -0.3316713787132422
   0.05203737173116172    0.07947779235180331   -0.06258167329965283   -0.08051262189042407   -0.04470557216342842   -0.07686164549165483     0.1887005033404914     0.3237578856558134     0.7340507841136414     0.5416758638487301
    0.1674426502367821     0.1855978588694298    -0.4410422328752873    -0.5846501051963268     0.3987504512400094     0.4811945288288646   -0.02598385985070042   -0.09815166653983283   0.003901872399927221   -0.01755462373891957
   -0.0188693223309014    -0.3040017240805917  -0.002878111720776961   -0.08726753479596454    0.01314729657124068     0.1628190965360335   -0.03403418238092743     0.7056840688739252    -0.5095300835383639     0.3378621730928297
    0.0108824726025885     0.6506135899607192   0.006809613625605917     0.5638752486382159   0.007515023154580258     0.4687923748879781   -0.01626169664461749     0.1849811184600322   -0.05838634615470548    0.02945628584925346

22.68870117387142
27.27761298911862
35.54518275976012
43.48074837589368
50.56065103824017
62.42424745816516
 88.2920652987044
110.1310000761566
104.1577384036036
130.6155044372706

1.258625333794589

   0.04616700904531131   -0.03650198741156879  -0.004287807011594276   0.003445648590053818    -0.0409182333262413    0.03234862047383448  -0.000584216080948727  0.0004416329126531299 -0.0003537292435848627  0.0003062357720708039

6.078835948405013e-05  0.003818500394053996 -0.006166643260661958  0.009806945433085777   0.01538216390769702 -0.007613498973993728 -0.003182430980097527 0.0001632335409733337    0.3122500691675651   -0.6557858102259245

cov:
   0.9710699073334056     1.418335207150005  -0.05933688998496872   0.09064858235214156    0.1179825801786722     0.283029031964723 -0.009061733839984097   0.02524729855854442 -0.008709391410703525  0.004381959983363619
    1.418335207150005     46.32617934726226   -0.0886201889825781     37.69538596591686    0.2016731251191441     30.16999139257593   -0.7849702993501534     8.252679207979069   -0.8979157992381742   -0.1046287458357943
 -0.05933688998496872   -0.0886201889825781     1.147623059479006     1.451673834043541   -0.1511625763856425   -0.1660992009781732  -0.01391568740928573    0.0547124161064588  -0.03304875820665849    0.0480259845655646
  0.09064858235214156     37.69538596591686     1.451673834043541     34.34099290638792   -0.1415701397505986     26.33626462933698   -0.9353279098273379     9.462548233060614    -2.528824292622142     1.168936806007669
   0.1179825801786722    0.2016731251191441   -0.1511625763856425   -0.1415701397505986     1.150530479785955     1.499668306109196   0.01009002979070301   0.05440192248599596  -0.03045418526420115   0.01930677164123659
    0.283029031964723     30.16999139257593   -0.1660992009781732     26.33626462933698     1.499668306109196     24.60942338211298    -1.074596793398627     10.81974826928753    -4.396738781446608     2.554467883225829
-0.009061733839984097   -0.7849702993501534  -0.01391568740928573   -0.9353279098273379   0.01009002979070301    -1.074596793398627    0.9865244703430747   -0.3120948764719518    0.8064700078044648   -0.5218972793102563
  0.02524729855854442     8.252679207979069    0.0547124161064588     9.462548233060614   0.05440192248599596     10.81974826928753   -0.3120948764719518     14.62804316940938    -7.715969825926177     5.112750481199794
-0.008709391410703525   -0.8979157992381742  -0.03304875820665849    -2.528824292622142  -0.03045418526420115    -4.396738781446608    0.8064700078044648    -7.715969825926177     7.311725920866491    -2.933140578849657
 0.004381959983363619   -0.1046287458357943    0.0480259845655646     1.168936806007669   0.01930677164123659     2.554467883225829   -0.5218972793102563     5.112750481199794    -2.933140578849657     4.255064128514228

cov.inverse():
   26.63972103887277   -20.28418707090416   -40.96964277875809    32.50781498726609    13.37667702828349   -10.63891868885665    1.185598375254299  -0.8780208416391211   0.8443310541099195  -0.8855560675506878
  -20.28418707090417    16.07595040597912    32.48979591054938    -25.7537851266442   -10.65759048525895    8.412252723165926  -0.9405858869573207   0.7023166309683184  -0.6697606633966059   0.7017184693762089
  -40.96964277875798     32.4897959105492    75.72011822539922   -59.32721846922779   -33.45184557399931     26.5393873871865  -0.2293790365941946   0.2244956457344303 -0.09830381834582225   0.1382171787399317
   32.50781498726585   -25.75378512664405    -59.3272184692278    47.03538975635239    26.61903745827917   -21.04762637556312   0.1862831607088702  -0.1777531398832757  0.07550130240338915  -0.1151903669317035
   13.37667702828295    -10.6575904852587   -33.45184557399893    26.61903745827886    23.87073002985978   -18.19531257403493    -1.74829535084731    1.241392718178787   -1.126945873513705    1.121134969088553
  -10.63891868885643    8.412252723165745    26.53938738718623    -21.0476263755629   -18.19531257403495    14.40943372724005    1.376998786766903  -0.9859052446807731   0.8987090220135981  -0.8945143405155458
   1.185598375254351  -0.9405858869573633  -0.2293790365942988   0.1862831607089531   -1.748295350847259    1.376998786766861    1.833809794432196   -0.600446353309546 -0.06069672703311682  0.01289541061796788
 -0.8780208416391676   0.7023166309683508   0.2244956457345135  -0.1777531398833419    1.241392718178743  -0.9859052446807373  -0.6004463533095452   0.5463888404121134  0.06635909038433586 -0.03371372520563332
  0.8443310541099408  -0.6697606633966201 -0.09830381834584896  0.07550130240341008   -1.126945873513699    0.898709022013593 -0.06069672703311488  0.06635909038433394   0.5935976842206256  -0.2493796201530777
 -0.8855560675507173   0.7017184693762288   0.1382171787399746  -0.1151903669317373    1.121134969088537  -0.8945143405155329  0.01289541061796657  -0.0337137252056318  -0.2493796201530773   0.6853738670542578

cov*(cov_.inverse()):
     1.000000000000126  5.840380262744915e-15   1.14307543465364e-13  5.198359104285899e-14  2.123370923534651e-13  6.453171330633722e-15  2.013898759128246e-15  5.280308525493216e-15 -3.358207809056601e-15  4.110427276327044e-15
 2.926825448668069e-14      1.000000000000022  4.152182070393806e-13  5.923386781070406e-14 -5.312417172831374e-14  1.309230501789216e-13 -1.786548339821614e-15  3.679782173415802e-15  6.661338147750939e-16  1.360023205165817e-15
-1.935951399190117e-15 -6.036837696399289e-16     0.9999999999999828  1.419437484218022e-14 -1.866562460151044e-15 -5.967448757360216e-15 -1.061000245994315e-15  2.875304161431558e-16  3.035766082959412e-16 -2.081668171172169e-16
-1.809663530139005e-13 -1.172395514004165e-13 -2.273181642920008e-14      1.000000000000072 -7.016609515630989e-14  7.105427357601002e-15 -1.362451818032184e-14  6.071532165918825e-15 -5.162537064506978e-15 -3.108624468950438e-15
-2.775557561562891e-16  1.309716224362489e-14  4.029675898520324e-14  -2.01423079604357e-14      1.000000000000007  1.796132687026386e-14  1.140634895563375e-15  2.168404344971009e-19  7.025630077706069e-17  1.422473250300982e-16
-2.478017790963349e-13  2.087219286295294e-14  8.071321389024888e-14  3.164135620181696e-14 -2.327027459614328e-13      1.000000000000108 -5.988265439071938e-15  3.622102617839573e-15  8.881784197001252e-16  3.108624468950438e-15
-5.551115123125783e-17  3.552713678800501e-15  6.591949208711867e-15    -5.759281940243e-16 -7.771561172376096e-16  1.720845688168993e-15     0.9999999999999997 -1.665334536937735e-16  1.942890293094024e-16 -2.775557561562891e-16
-4.174438572590589e-14 -1.332267629550188e-15  5.750955267558311e-14 -1.720845688168993e-14 -6.217248937900877e-14  2.842170943040401e-14 -2.914335439641036e-16      0.999999999999998 -4.440892098500626e-16 -4.440892098500626e-16
-5.773159728050814e-15  6.217248937900877e-15    3.7247982476174e-14 -2.486899575160351e-14  -8.43769498715119e-15    1.4210854715202e-14 -5.551115123125783e-17                      0      1.000000000000001 -8.881784197001252e-16
 3.552713678800501e-15  -1.77635683940025e-15 -1.376676550535194e-14  1.021405182655144e-14  7.993605777301127e-15 -3.108624468950438e-15  1.110223024625157e-16  6.938893903907228e-16                      0                      1
