12
1

0.0600815878942167
0.2865540169603793
0.7513654229627466
0.8653189133645954
0.9523415395710784
 1.405092275471585
 1.452274331207336
 1.853374954541856
 2.457804458709199
 2.812504931650786
 4.503685926768054
  8.84758882653283

   0.4418806138802058    -0.176379622625724   -0.7556521632816047    0.3016445253829161    0.3092652255137773    -0.125591032952739 -0.003688500493617762  0.002636896973288839  0.008629023160380419  -0.01032461123234529  0.001220033112443048 -0.003308864343775486
   0.4700815158205924   -0.1716338178272506  -0.04447901481094039   0.01736001168863295   -0.7651063786867295      0.32824282168668     0.106199916752909  -0.06021154878512614    0.1182234814234842 -0.008215008154489977    0.1325584555037425  -0.08737535483010891
 -0.08208508577263143   0.02821629609223337  -0.05289983619162857   0.01524259572720524   0.02984748403029247   0.04905441558374769   0.09466650895573711   -0.9480940427357331   -0.1017327180958683    0.2559381904685469  -0.04823433356673099  -0.01065016191248931
   0.4300173311559481  -0.03504636926850438    0.3080212846151607   -0.0434003126099121    0.1688094493442781  -0.02976493056136888   -0.3729145552757139   0.09226459761723499   -0.4092824173506711    0.5278790071048216    0.1483663657731022   -0.2682435897085068
  -0.5177906449232613  0.003212225618709434   -0.4344567726400995   0.02346559029999529    -0.211415481460537      0.26986381176897   0.07487709860269731    0.2549345854638543   -0.2147089497146813    0.5456196005736923   0.01700730287637855   -0.1018237348666312
   0.2059916560096762     0.087508207439286    0.1549778846354115   0.05126898854183897   0.09728095219584029 -0.003016952066728375    0.7014444048957946    0.1267601096264537   -0.1296277318772448     0.117857993593179   -0.5550014377235243   -0.2588002738799323
  -0.1827418479247039  -0.08971696653249832   -0.1116546326087423  -0.03047446303091175  -0.09690145677326767   -0.1030305687577301   -0.2930731418809278  -0.08449652541612641   0.02961944554512372    -0.305064558096464   -0.2046898551476525   -0.8344366245373082
  0.08076241309283812   0.08410849286446022   0.02764782124919105   0.01395986746051192   0.07636943782721464    0.2416530082205192   -0.3679970875436082   0.01882352020889545    0.6354994533726556    0.3313611614897343   -0.5143036287365983   0.08527173188134063
 -0.05895137226963325   -0.1203682102316797   0.02140134514104597   0.07920339582325375    -0.344639847894297   -0.8396453434397221   0.04341582285141293   0.01597708288776422    0.2116616468855459    0.3191610889204489  -0.02727598450887064    0.0444462939644283
   0.1875280434059277    0.5000134499264994   -0.3195638034791446   -0.7016168755609029   -0.1394324143536687   -0.1567190900515941  -0.09543646114103954 -0.005532705421903976   -0.1630094230104419  -0.05077579339302004    -0.169236899160399   0.09746864489273488
 -0.04985893077497874   -0.3885381113010066   0.01637470639683286   0.09672062654226141   -0.2005882262808624  -0.01634849016952906   -0.2902811826412284  -0.01148221707195313   -0.4933874595973639    -0.170662008576968   -0.5584250012226533    0.3572619600132709
  0.02296118809120814    0.7065072232064318    0.0220625661467337    0.6280097729735346   -0.2043130314448621  -0.03888127072505754   -0.1627273376527227 -0.001034905032405748   -0.1601344638883939  -0.08741824969714515  -0.04628223254273305   0.01653566418075653

22.68117486576255
54.26034958781486
35.55733701770398
86.43827222713419
53.50584451477535
131.3525397859588
64.27907777241299
158.1505723658183
74.50769331732114
184.0155183985916
104.5930535827532
260.7304283808184

2.495977706744354

   0.09950120713452731    -0.0398994975635478   -0.03487061007442629    0.01393121408336941   -0.06294388450612892    0.02545786798093284  0.0004159436921468182  -0.000318695912929894  -0.002104150563213492   0.001940961323059072 -0.0005962629807342516  0.0008372756014944483

 0.0002124356115049191   0.009161881653601402  -0.003835597596645676    0.01710580823555756   -0.01326829440353494    0.01378449600354316   -0.01894828363633634    0.01642065956644443 -0.0008942447539555743     0.0415577527916651     0.5019971639841936     -0.462887016448858

cov:
    0.9717479207356349      2.519871264038818   -0.04209497658796677   -0.02608130940613741   -0.02716593108725649  -0.007413449508571301   -0.01535009762885281    0.03679867528078805   -0.01554060209984963   -0.01453104092533189  -0.002140967611963342  -0.004244697290803783
     2.519871264038818      44.26103536370475    -0.1415624212358854      31.15705736691099     -9.956457805671638     -1.944237917947422     -7.040731171915247    0.02714560088873337      -5.60420696402297     -3.756877097738117     0.9794235854661029     -1.402183126304948
  -0.04209497658796677    -0.1415624212358854      1.176478070086079      2.904114841230341    0.07155711599414329     0.1457936841124817 -0.0006215833094229972    0.02027538937554373   0.005495047479987127  0.0004976724641887927    0.01688564059696071     0.0108956847378737
  -0.02608130940613741      31.15705736691099      2.904114841230341      35.00504260575995     -9.819445021706734       -1.4500785749634     -7.931929429617531   -0.02170208710195726     -7.810777174658891     -4.153761437639569     -2.516943472621985      1.031957237911684
  -0.02716593108725649     -9.956457805671638    0.07155711599414329     -9.819445021706734      5.124410303048993       2.61770320552227      3.830001126896811    0.03325011238843208      4.423699465614392      1.622853253029073      3.062328905252385     -1.783917734464441
 -0.007413449508571301     -1.944237917947422     0.1457936841124817       -1.4500785749634       2.61770320552227      4.876807648656184     0.2758013170338229  -0.001530847492777732     0.2582843881614856    -0.7639288330834252     0.2981510689897646     -0.283006782619307
  -0.01535009762885281     -7.040731171915247 -0.0006215833094229972     -7.931929429617531      3.830001126896811     0.2758013170338229       5.59834690187882     0.2334884491726443      4.217544607463481      2.076601781503184      3.964421548494312     -2.259807639616593
   0.03679867528078805    0.02714560088873337    0.02027538937554373   -0.02170208710195726    0.03325011238843208  -0.001530847492777732     0.2334884491726443     0.6256209206213277     0.1347630298060429     0.2108151882351157    0.04225156343113864    -0.0310104161264286
  -0.01554060209984963      -5.60420696402297   0.005495047479987127     -7.810777174658891      4.423699465614392     0.2582843881614856      4.217544607463481     0.1347630298060429      9.022227872533087      3.668580697965043      5.313760631603702     -3.549371960235835
  -0.01453104092533189     -3.756877097738117  0.0004976724641887927     -4.153761437639569      1.622853253029073    -0.7639288330834252      2.076601781503184     0.2108151882351157      3.668580697965043      2.941210307427933      1.742292701816845    -0.8874664485521201
 -0.002140967611963342     0.9794235854661029    0.01688564059696071     -2.516943472621985      3.062328905252385     0.2981510689897646      3.964421548494312    0.04225156343113864      5.313760631603702      1.742292701816845      8.348393588387406      -3.78315367614205
 -0.004244697290803783     -1.402183126304948     0.0108956847378737      1.031957237911684     -1.783917734464441     -0.283006782619307     -2.259807639616593    -0.0310104161264286     -3.549371960235835    -0.8874664485521201      -3.78315367614205      4.387068203607548

cov.inverse():
   57.38126022676563   -22.56645053784724   -92.30383402350134    36.97445555905367    33.71167235695676   -13.65415349131497 -0.02630915931907941  0.04411178953119006    1.629506663142748   -1.313841154313776   0.9360746810257972  -0.9513135762157411
  -22.56645053784723    9.037540700855338    36.98812261069095   -14.81037582910584   -13.50869094425708    5.472206313868618  0.01243690790151436  -0.0445727573509779  -0.6533869983673297   0.5308881028228094  -0.3743430434093408   0.3806639057969229
  -92.30383402350155    36.98812261069107    158.5786355644062    -63.1496565039264   -64.13969509603754    25.97701369942147   0.5878025168501715  -0.4998577312726378    -1.92610171014674    2.128629290134721   -0.300386138141601   0.7004727942033618
   36.97445555905392   -14.81037582910589   -63.14965650392639    25.28404414709764    25.67633372027705   -10.41040838030032  -0.2323618844616097   0.1884929692136587   0.7738646700149672  -0.8580708860455436   0.1185865109308469  -0.2828879903302781
   33.71167235695743    -13.5086909442573   -64.13969509603822    25.67633372027732    33.74947406232295   -13.82447297502662   -1.359721703752469   0.7080442800517907  -0.4074142136013332  -0.7908581625402064   -1.122875751257881   0.5130035499937491
  -13.65415349131518    5.472206313868702    25.97701369942175   -10.41040838030042   -13.82447297502662    5.909285166916808   0.5817137140626358  -0.3394705114442129   0.1336618770993862   0.4848343108800706   0.4647026016412996  -0.2159649489802125
-0.02630915931915337   0.0124369079015434   0.5878025168502913  -0.2323618844616576   -1.359721703752514   0.5817137140626537    0.684221335493793  -0.2093432974882892   0.2057643802111974  -0.1207169786724108  -0.0140909745556861  0.02263879558843522
 0.04411178953122418 -0.04457275735099123  -0.4998577312726923   0.1884929692136805   0.7080442800518104  -0.3394705114442209  -0.2093432974882891    1.732995878696838 -0.02539497152924327  -0.1903405160816715 -0.02213358926338737  0.03499182461247547
   1.629506663142661  -0.6533869983672942   -1.926101710146581   0.7738646700149039  -0.4074142136014064    0.133661877099416   0.2057643802111997 -0.02539497152924435   0.6333207931543022  -0.4344946320985631  0.07196351568520153  0.05081169479231696
  -1.313841154313737   0.5308881028227951    2.128629290134652   -0.858070886045516  -0.7908581625401674   0.4848343108800547  -0.1207169786724129  -0.1903405160816707  -0.4344946320985645   0.9486202539715809  0.02746746485296395  -0.1248190985477579
  0.9360746810257411  -0.3743430434093184  -0.3003861381415052   0.1185865109308085   -1.122875751257922   0.4647026016413163 -0.01409097455568519 -0.02213358926338796   0.0719635156852005   0.0274674648529657    0.520278630667376 -0.06748582801803985
 -0.9513135762157133   0.3806639057969115   0.7004727942033097  -0.2828879903302572   0.5130035499937747  -0.2159649489802229  0.02263879558843417  0.03499182461247598  0.05081169479231663  -0.1248190985477584 -0.06748582801804034   0.5777360031765855

cov*(cov_.inverse()):
    0.9999999999999812   -1.0695437591135e-14 -1.048271712489335e-13 -1.082565027205051e-13 -1.128160065366757e-13 -5.578437017872417e-15   1.10114283143059e-15 -7.106403139556239e-16 -1.483893303372286e-15 -3.056365924236637e-15   4.85722573273506e-17  6.639654104301229e-16
 1.887379141862766e-14     0.9999999999999962 -7.438494264988549e-14  -1.38222766565832e-14 -1.074695887837152e-13  1.604272270583351e-14 -4.579669976578771e-16 -5.065392549852277e-16 -1.262878690511116e-15 -1.915134717478395e-15  2.067790383364354e-15 -1.110223024625157e-16
-2.840783164259619e-14  1.599761989545812e-14      1.000000000000045  -3.62609248183432e-14 -1.359936468992018e-14  8.225191361344031e-15  2.032879073410321e-17  2.840609691912022e-17 -4.753142324176451e-16  6.093216209368535e-16 -1.810617628050792e-17  3.365363543395006e-16
-2.325917236589703e-13  1.331712518037875e-13   6.06514838352723e-13     0.9999999999999322 -7.549516567451064e-14  6.103451077876798e-14  1.078998002057574e-15 -1.318389841742373e-15 -5.127842594987442e-15  1.129651927556097e-14 -4.579669976578771e-16  1.998401444325282e-15
 3.352873534367973e-14 -1.432187701766452e-14 -1.620925615952729e-13  5.662137425588298e-15     0.9999999999999744 -2.259303855112194e-14 -7.147060721024445e-16  1.595945597898663e-16  1.304512053934559e-15 -1.054711873393899e-15  8.049116928532385e-16 -4.440892098500626e-16
 2.775557561562891e-15 -5.828670879282072e-16  5.717648576819556e-15 -2.498001805406602e-16 -1.126876369994534e-14     0.9999999999999972  2.376571162088226e-16 -1.283695372222837e-16  1.249000902703301e-16 -4.996003610813204e-16  6.349087922075114e-16 -2.220446049250313e-16
 3.907985046680551e-14 -7.105427357601002e-15 -8.859579736508749e-14 -1.221245327087672e-15 -1.465494392505207e-14 -8.326672684688674e-15     0.9999999999999992  -3.33066907387547e-16  8.881784197001252e-16 -1.165734175856414e-15 -2.220446049250313e-16  6.661338147750939e-16
   1.4883927423881e-15 -1.301042606982605e-15 -7.421147030228781e-15 -3.001071613439876e-15 -3.011479954295737e-15 -9.992007221626409e-16  7.253312533928025e-17     0.9999999999999998 -2.840609691912022e-17  -1.01047642475649e-16  9.107298248878237e-18  1.387778780781446e-17
-4.884981308350689e-15  6.661338147750939e-16 -6.084022174945858e-14  -1.06581410364015e-14  -1.48769885299771e-14  1.887379141862766e-15 -6.522560269672795e-16 -1.665334536937735e-16                      1 -6.106226635438361e-16 -4.718447854656915e-16  1.332267629550188e-15
 -2.05391259555654e-14  4.551914400963142e-15 -8.948397578478762e-14 -1.282307593442056e-14 -1.387778780781446e-14 -3.969047313034935e-15 -3.816391647148976e-17 -1.942890293094024e-16   3.95516952522712e-16     0.9999999999999998  1.734723475976807e-16  1.110223024625157e-16
-1.598721155460225e-14  5.773159728050814e-15  4.929390229335695e-14 -1.376676550535194e-14 -6.217248937900877e-15 -6.772360450213455e-15 -8.049116928532385e-16 -2.775557561562891e-16  3.608224830031759e-16  3.885780586188048e-16     0.9999999999999996                      0
 2.664535259100376e-15 -8.881784197001252e-16 -2.531308496145357e-14  2.220446049250313e-15 -1.154631945610163e-14 -1.443289932012704e-15  6.245004513516506e-16  1.665334536937735e-16 -1.110223024625157e-16  -3.33066907387547e-16 -7.216449660063518e-16      1.000000000000001
