10
1

                  nan
                  nan
                  nan
                  nan
    3162.277660168379
4.630398869453931e-12
2.089810531458664e-10
2.095289277205166e-10
8.693878011526162e-09
    1.465187467363491

                     0     0.8026174970992456  -0.009112415638539536 -7.619248530611191e-20    0.02280429011856873    0.05244921216735237 -7.679975197503867e-05     0.5936187225850059  -0.008244272249786846                      0
                     0   -0.01274104860687632 -0.0004176827029842809  4.339003999163115e-16     0.2352999926191966   -0.07014071419928204  -0.003364380103988604    0.02783431172559401     0.9688991779044174                      0
                     0   0.002544251566314564  7.430456516903071e-06 -6.614254473197028e-14    -0.2252972274633079   -0.01853803612014498      0.972436016129395    0.00776428930456927    0.05655915123917374                      0
                     0  5.282809927153772e-17  6.851545840402176e-14     0.9999999999999999 -1.511686358075287e-14 -1.353997688084327e-15  6.425479719785006e-14  1.639281812463371e-15  3.777172175200766e-15                      0
                     0                      0                      0                      0                      0                      0                      0                      0                      0                      1
   -0.9999999772106648  0.0001053206145365472  2.113159920310913e-06                     -0  7.088691513651069e-06 -0.0001311387030235622  2.663651821983063e-07 -0.0001311387030235622 -6.060797750238644e-06                     -0
                    -0     0.0108870474005537     0.1090332571245562 -7.661870129868219e-15    -0.9368815865113949    -0.0841799366784468    -0.2317480168127759    0.03340573373401763     0.2198562389686728                     -0
                    -0  -0.001504309089934595     0.9939134444221355 -6.811537088370968e-14     0.1032648317128745   0.009402138319067194    0.02541366329213319    0.01215990974660914   -0.02424992145262061                     -0
                    -0     0.3348830113235157   0.008162778620757826  5.805771326464539e-19   -0.06198245760448181     0.7794225242305821  -0.001521626078782064    -0.5178864781959771    0.09075638709899822                     -0
 0.0002134916155725187     0.4933243483774433   0.009898093030429135                      0    0.03320360536452364    -0.6142569097307392    0.00124766106347414    -0.6142569097307392   -0.02838892570026182                      0

34.76656227536987
 71.9398078918457
 62.6074370539047
134.1940002441406
69.64575562870587
154.1949996948242
80.15213073313308
187.6740036010742
 97.0122021933486
221.5279998779297

2.439964797375706

-220.4046975275961 -0.376638457491264 -2.099405872668352 -289.9687120981234  39.82985417009782   3.79233397178171 -44.94159262192292 -1.570546367124659 -11.44163160513841                  0

4.558686625001185e-18 1.380113263954947e-18 1.725141579943684e-19 2.059321853881634e-32                     0  4.72560755052933e-21  -1.3111076007572e-18 5.175424739831052e-20 1.414616095553821e-17  -0.05828377507689722

cov:
  9.78471178736913e-08   0.000226099584923761  4.536477336011269e-06                      0   1.52178205182512e-05 -0.0002815251928745517  5.718259183939757e-07 -0.0002815251928745517 -1.301116463919132e-05                      0
  0.000226099584923761     0.5224581307411427    0.01048263520661125                      0      0.035164478805216    -0.6505324902536813   0.001321342984924946    -0.6505324902536813   -0.03006546322696396                      0
 4.536477336011269e-06    0.01048263520661125  0.0002103243004736194                      0  0.0007055424767201625   -0.01305232780223765  2.651151485408835e-05   -0.01305232780223765 -0.0006032354839209116                      0
                     0                      0                      0                      0                      0                      0                      0                      0                      0                      0
  1.52178205182512e-05      0.035164478805216  0.0007055424767201625                      0   0.002366774477963177   -0.04378463003950059  8.893408802328578e-05   -0.04378463003950059  -0.002023580995693976                      0
-0.0002815251928745517    -0.6505324902536813   -0.01305232780223765                      0   -0.04378463003950059     0.8100027465843596  -0.001645254407741898     0.8100027465843596    0.03743565180222611                      0
 5.718259183939757e-07   0.001321342984924946  2.651151485408835e-05                      0  8.893408802328578e-05  -0.001645254407741898  3.341793688488724e-06  -0.001645254407741898 -7.603822504802939e-05                      0
-0.0002815251928745517    -0.6505324902536813   -0.01305232780223765                      0   -0.04378463003950059     0.8100027465843596  -0.001645254407741898     0.8100027465843596    0.03743565180222611                      0
-1.301116463919132e-05   -0.03006546322696396 -0.0006032354839209116                      0  -0.002023580995693976    0.03743565180222611 -7.603822504802939e-05    0.03743565180222611   0.001730152189936507                      0
                     0                      0                      0                      0                      0                      0                      0                      0                      0                      0

cov.inverse():
nan nan nan nan nan nan nan nan nan nan
nan nan nan nan nan nan nan nan nan nan
nan nan nan nan nan nan nan nan nan nan
nan nan nan nan nan nan nan nan nan nan
nan nan nan nan nan nan nan nan nan nan
nan nan nan nan nan nan nan nan nan nan
nan nan nan nan nan nan nan nan nan nan
nan nan nan nan nan nan nan nan nan nan
nan nan nan nan nan nan nan nan nan nan
nan nan nan nan nan nan nan nan nan inf

cov*(cov_.inverse()):
nan nan nan nan nan nan nan nan nan nan
nan nan nan nan nan nan nan nan nan nan
nan nan nan nan nan nan nan nan nan nan
nan nan nan nan nan nan nan nan nan nan
nan nan nan nan nan nan nan nan nan nan
nan nan nan nan nan nan nan nan nan nan
nan nan nan nan nan nan nan nan nan nan
nan nan nan nan nan nan nan nan nan nan
nan nan nan nan nan nan nan nan nan nan
nan nan nan nan nan nan nan nan nan nan
