10
1

0.7331267195037141
0.7702260572490646
0.9233872137291825
 1.068798381435985
 1.198361642780559
 1.485758449418606
  1.75412480522003
 2.098503403556097
 4.545052636377984
 6.317156743423952

   0.6420307648396217   -0.1662078481113085   -0.3515311929524045    0.5932956162177523   -0.1820510782224121   0.07086344632444767   0.04383129200681259  -0.05213741284507111    0.1282096574796813    -0.159236142344549
   0.3546470758734858  -0.07313925536846683   -0.1006824637353342   -0.6835884096661069    -0.347750627626004    0.4551252783234148  -0.03027659960864568    -0.217667720477095   0.09206374714785565  -0.08127033912302248
  -0.4414902363086525   0.04886084419623758  -0.01512252553754696    0.3494199698505078   -0.3295300369301437    0.4969582664177889    0.2681063420180567   -0.4370995642459225   -0.1646993280564009    0.1864282995763585
   0.2717961142640289 0.0006868799264665596   -0.1877566119195274   -0.1864339246313497    0.1944934712828079   -0.2896178560511927    0.6141951735173445   -0.2028981894626383   -0.4499351665223912     0.336994055505312
   -0.217172076861027  -0.01639720878706161   -0.2923102333977237  -0.06393685513448945  -0.04841418150665353    0.1605821127423028    0.3434803156776253    0.4552911333167785   -0.3210423158730198    -0.637625883071421
   0.3469218074575022    0.1522039489884831     0.750007121380262    0.1298981313474867  -0.08298240795666605    0.1406195244815735  -0.01988084053012277   0.05632111938493769   -0.4656772018991294   -0.1732411827504756
  -0.1147455234479384   -0.1026481002450593  -0.04793301856150915  -0.03961143760210679  -0.06662281156077172   -0.4267463498426459   -0.2296865012041072   -0.6490672143051982   -0.1988417020441469   -0.5218208370600218
  0.06951928863430422   0.09048146647979327   -0.2540896874752113   0.03573154409243157    0.6840047313771279    0.4470310355576368   -0.3730229684296726   -0.1456332476968052   -0.3050789398584428  -0.00378200383163363
 -0.07254669587595111   -0.5687143417044354   -0.1343675576910123 -0.006912067657255152   -0.3078313999095837  -0.06945629886273426   -0.3992461761720212    0.2347580742081446   -0.4937815523720529    0.3086828873442332
  0.04954039669956282    0.7739788791604678   -0.3129502947751491 -0.000492422269345509   -0.3510240660622299   -0.1570334199962647   -0.2799498445743659   0.09802050704184143   -0.2217300138110364    0.1246707262176422

35.56021233236766
72.02476417968329
64.56820022432498
133.3327952167298
74.51480841693157
154.7569221676032
88.33864140039266
184.4116203713898
 104.680790838114
219.4809498458112

2.109727050385565

  0.04092091366154475  -0.01945936495334048 -0.007597302855090179   0.00540866975355811  -0.01160238819432596  0.001626211769010615 -0.009348608353628537  0.006659522284495209 -0.009864489834992675    0.0074683622315771

 0.01849071929982133 0.008956011311245779  -0.0126029378292721 0.009894170128165422 -0.01097750733389908  0.02492541147145801 -0.02024638104738237 0.006593317400559407   0.5166906209584156 -0.01809302092465436

cov:
    1.148611895353062     2.477132067957106 -0.007747375754070836    0.0252200175031236 0.0002801077760796808  -0.01801323150560407  -0.01205728940777654  -0.03455799475747675   0.00786053955562622  -0.00445874829232177
    2.477132067957106     30.72713916255284    -7.879676335985382    0.1289641797576661    -6.940904770952518    -3.683496483276564    -4.038119582348534    0.4204576543238198    -1.277790581504797    0.3700983056191655
-0.007747375754070836    -7.879676335985382     6.050031729521637    0.1973127687426554     4.383399532284855     1.897219156377169     4.736910636383771    -1.642955209015053      3.94309183432963    -2.391500072589614
   0.0252200175031236    0.1289641797576661    0.1973127687426554    0.6647848464968596   0.09062663808832479    0.2087006399441277  -0.03010348105394026  -0.02027354014022918 -0.002659646382678477 -0.008696592476376677
0.0002801077760796808    -6.940904770952518     4.383399532284855   0.09062663808832479     9.192613176255522     3.733702421403152     5.426717730578523    -3.085763819331133     5.390205707310983    -3.482843928814835
 -0.01801323150560407    -3.683496483276564     1.897219156377169    0.2087006399441277     3.733702421403152     3.036762696984722     1.871384538348336   -0.4418715385536852     1.648717276256022   -0.8077389975706262
 -0.01205728940777654    -4.038119582348534     4.736910636383771  -0.03010348105394026     5.426717730578523     1.871384538348336     7.859479867078582    -2.350758114039773     6.701346671962854    -3.593784627960994
 -0.03455799475747675    0.4204576543238198    -1.642955209015053  -0.02027354014022918    -3.085763819331133   -0.4418715385536852    -2.350758114039773     3.455752105793991    -2.786778372512541     2.458142565255034
  0.00786053955562622    -1.277790581504797      3.94309183432963 -0.002659646382678477     5.390205707310983     1.648717276256022     6.701346671962854    -2.786778372512541     8.425174515649362    -3.670195648092254
 -0.00445874829232177    0.3700983056191655    -2.391500072589614 -0.008696592476376677    -3.482843928814835   -0.8077389975706262    -3.593784627960994     2.458142565255034    -3.670195648092254     4.253538849432241

cov.inverse():
     1.36526051175949   -0.2327857330031965   -0.3570125958264163    0.1069213726700398   -0.2002416974001602   0.05133140790546084 -0.009764544553512812  -0.05315065353658847    0.1658360395041049   -0.1674751636307644
  -0.2327857330031965    0.1098485779815696    0.1691982398521361  -0.06735862866404704   0.09317771217122604  -0.01957025796126273  0.006178852184778255   0.03057185157638807  -0.07948979333656996   0.07673311275199422
  -0.3570125958264159    0.1691982398521362    0.6111873130090132    -0.191828092667289   0.09995159762564824  -0.08717223775878022    -0.176011383931655   0.05482269045353131  -0.08982390116172645    0.1355336285667617
   0.1069213726700396  -0.06735862866404707   -0.1918280926672891     1.627514061737616   0.03674907413990819   -0.1850131913719116   0.07650786293403701   0.03738738297548012    0.0285218017144997   -0.0359508281919946
  -0.2002416974001607   0.09317771217122603   0.09995159762564818   0.03674907413990822    0.5460912659013174   -0.4617718361688725  -0.05153033995862311    0.2492436353878442   -0.1157891852350278    0.1199239869140913
  0.05133140790546086   -0.0195702579612627  -0.08717223775878012   -0.1850131913719115   -0.4617718361688725    0.8539110042161616   0.01667192429729741   -0.2486229073548038   0.03918975973867946  -0.07199926704061659
-0.009764544553512795  0.006178852184778143   -0.1760113839316554   0.07650786293403714  -0.05153033995862322   0.01667192429729748    0.5604127905049655  -0.07572516105587403   -0.3087565526639145    0.1124586858466615
 -0.05315065353658861    0.0305718515763881   0.05482269045353137    0.0373873829754801    0.2492436353878442   -0.2486229073548038  -0.07572516105587403    0.6354591636740827    0.0503454916055744   -0.2027194449767404
   0.1658360395041047  -0.07948979333656986  -0.08982390116172609   0.02852180171449956   -0.1157891852350277   0.03918975973867941   -0.3087565526639147   0.05034549160557442    0.4709296961466464  -0.01433741589826263
  -0.1674751636307643   0.07673311275199421    0.1355336285667617  -0.03595082819199452    0.1199239869140913  -0.07199926704061663    0.1124586858466616   -0.2027194449767404  -0.01433741589826274    0.5886944923696902

cov*(cov_.inverse()):
    0.9999999999999999 -2.233456475320139e-17 -4.375839968151496e-16  3.015166241682188e-16  6.091047805023564e-16 -1.352000109089424e-16  1.753154912909061e-16  1.473430752407801e-16  5.708324438136181e-17 -2.949029909160572e-17
 5.134781488891349e-16                      1 -1.734723475976807e-16  2.393918396847994e-16  3.538835890992686e-16 -1.630640067418199e-16  7.632783294297951e-17 -8.326672684688674e-17  6.262351748276274e-16 -2.498001805406602e-16
 5.551115123125783e-17  5.551115123125783e-17     0.9999999999999986  1.804112415015879e-16  5.551115123125783e-16 -1.387778780781446e-16  4.440892098500626e-16  5.551115123125783e-17 -4.093947403305265e-16                      0
 3.512815038853034e-17 -8.239936510889834e-18 -1.016981637791403e-16                      1  2.797241605012601e-17 -2.005774019098183e-17  3.165870343657673e-17  4.119968255444917e-18 -2.032879073410321e-18 -1.474514954580286e-17
 -3.33066907387547e-16 -1.665334536937735e-16 -3.885780586188048e-16  1.387778780781446e-16      1.000000000000001 -2.220446049250313e-16 -2.775557561562891e-16 -1.110223024625157e-16  5.551115123125783e-17                      0
-1.110223024625157e-16 -4.163336342344337e-17 -2.775557561562891e-16   7.28583859910259e-17  1.249000902703301e-16     0.9999999999999999  1.249000902703301e-16 -2.775557561562891e-17 -1.543903893619358e-16  5.551115123125783e-17
  3.33066907387547e-16 -1.110223024625157e-16 -4.996003610813204e-16  8.326672684688674e-17  -3.33066907387547e-16  1.665334536937735e-16                      1                      0 -1.457167719820518e-16                      0
-1.110223024625157e-16  2.775557561562891e-17  1.110223024625157e-16 -6.938893903907228e-17  2.220446049250313e-16  -3.33066907387547e-16 -1.665334536937735e-16                      1  3.747002708109903e-16 -2.220446049250313e-16
-2.220446049250313e-16  5.551115123125783e-17 -4.996003610813204e-16  1.942890293094024e-16  2.775557561562891e-16 -2.775557561562891e-16  5.551115123125783e-17                      0      0.999999999999999                      0
-5.551115123125783e-16                      0  7.771561172376096e-16 -1.110223024625157e-16                      0 -2.220446049250313e-16  2.775557561562891e-16  1.110223024625157e-16  1.387778780781446e-16                      1
