10
1

0.07592219641323691
 0.3360885751240412
 0.9501606007871589
  1.047300574359599
  1.619673089234817
  1.883213057354336
  2.282076098181157
  2.413127505166717
  5.236303715758869
  10.71327585153966

    0.3831698186239708    -0.2161420127418997    -0.7106520516389864     0.4007040350783609     0.3269143284319955     -0.184390985943067 -7.542337135808588e-06 -4.218846239083335e-05  0.0003703875185096233 -0.0005525775123354391
     0.469767966894923    -0.2293718982977541   -0.08086136832684145    0.03837265395106482     -0.720088706958138     0.3641162944459606     0.1460878983721391   -0.06453151906658915     0.1679990977082601    -0.1177177067710665
     0.671571238000279   -0.01830291382955563     0.5224572602530981    -0.0236997143975435      0.343348726655154   -0.03868269931199535    -0.2744097038206061     0.2071127058733622     0.1224887949960355    -0.1501640691908856
    0.2757904120106084    0.02826045218567317     0.2276612240756636    0.02215053313978521     0.1623790294125338  -0.003206325964441258     0.5441589287017696    -0.5247643585593438    -0.3003367793308536      0.427498226874967
   -0.1912479477270708    -0.2247663901758958    0.06976430320213994    0.08223644587535792      0.272695082573659     0.2612727252026318    -0.1204574239319726    -0.6166532625111919     0.5649113631785685    -0.2115473254783279
     0.184625863672321     0.3379640474662261    -0.1466981846577823    -0.2231259646019535    -0.2651761562681702     -0.402742084519649     -0.485677515242042    -0.3556504823904504     0.2107224614928516     0.3756255967207405
   -0.1831601514272373     -0.366143539129641     0.3539043106853749     0.6420228300069137    -0.2261362674353198    -0.3218842594538581   -0.09975388332175347    0.09364960767817149     0.1170715915958193     0.3282921877877031
  -0.01244379608304262    -0.1225559154710895    -0.1082484723855351    -0.2039428326163756     0.1850616400604319     0.4184809003349298    0.01252966810272589     0.3550085144407628     0.3542516339776973     0.6858997420335099
   -0.0312862423159589    -0.5023342464867733   -0.01426092359882528     -0.163569342533081    0.01414126280430673     0.2469775345338198    -0.5282848161228981    -0.1831070040401096     -0.578259465748884     0.1073697471771208
  0.009320041429757071     0.5773882111695295   0.009332558826727419     0.5475605363497508    0.00880791634788225     0.5115802870497422    -0.2601218639349737   -0.04984370829095078    -0.1716324228552991    0.07231123973250835

22.69091114673126
39.97007198789945
35.56219128521353
62.65338785799963
50.56169747441782
89.12277402088506
73.70372273202733
 130.354951271736
88.43548893705679
156.0367178822959

1.760290667829719

   0.06547620442383748   -0.03715747907200505  -0.006480514939981471   0.003619019937944824   -0.05851327677561716    0.03307151524836689  -0.000501458436346959   0.000253102271476316 -0.0004018845103803467  0.0002419975483142296

 8.0399573716991e-05   0.0106105266885338  0.01797951793237444 0.006387459177446459 -0.03151792872619501  0.00720175938018454  0.02257740556947104  0.03971965905614242    0.656266472800075  -0.2657301410505641

cov:
  0.9456322579400468    1.725548155126057  -0.0588038870835972 -0.06369288167489003     0.10894560297855   0.2117881706824667  0.01758260924786867  0.02861998041502758  0.02199709249330312 0.006504783366625485
   1.725548155126057    46.51263024887097 0.001740665349819805    37.14435362251736   0.2270326227212309    30.17002571619911   -10.27401025540485   -1.293717821112631   -3.981604741347129    2.791405030156792
 -0.0588038870835972 0.001740665349819805    1.132103293628163    2.085827120662151  -0.1339338471308054  -0.1699183573300715 -0.02806206743448726 0.006450542997094318 0.009737738214629393  0.01104290156045709
-0.06369288167489003    37.14435362251736    2.085827120662151     37.7307988762358  -0.2228623892750795    29.84677301263892   -13.94863834734832   -2.288801965513998   -8.276295878418361    4.016229441599878
    0.10894560297855   0.2270326227212309  -0.1339338471308054  -0.2228623892750795    1.119135791077057    1.966123137876983    0.033737268252125  0.02021826508657231  0.02292740008164895 0.001840044414685799
  0.2117881706824667    30.17002571619911  -0.1699183573300715    29.84677301263892    1.966123137876983    34.04080913202548   -18.02827326718233   -3.381196320995969   -13.23657333967691    5.411463040680363
 0.01758260924786867   -10.27401025540485 -0.02806206743448726   -13.94863834734832    0.033737268252125   -18.02827326718233    16.74074264760826    4.559521246283823    12.71693781888927   -4.124360966709765
 0.02861998041502758   -1.293717821112631 0.006450542997094318   -2.288801965513998  0.02021826508657231   -3.381196320995969    4.559521246283823    3.771408399180491    3.689416202386893   0.2204815792021802
 0.02199709249330312   -3.981604741347129 0.009737738214629393   -8.276295878418361  0.02292740008164895   -13.23657333967691    12.71693781888927    3.689416202386893    14.46189469283644   -1.704203728532804
0.006504783366625485    2.791405030156792  0.01104290156045709    4.016229441599878 0.001840044414685799    5.411463040680363   -4.124360966709765   0.2204815792021802   -1.704203728532804    5.057252115492504

cov.inverse():
   28.02361801846234   -15.28058789462202   -47.15542603089902    26.74452309114012    19.00673527829207   -10.80235600481244   0.5273194624997141  -0.2264716751191287   0.7044654626069764  -0.5086690482060899
  -15.28058789462199    8.663537081326325    26.76485737994668   -15.16565013663188   -10.83583394024024    6.126610063071376  -0.2976277915317708   0.1228934512371049   -0.399531811860559   0.2886222577782884
  -47.15542603089899    26.76485737994659    88.05608541246509   -49.37946994759422    -39.5571941847469    22.44328321458526  -0.1393775075537124   0.0605017066886647  -0.1494191447171118   0.1425736078666849
   26.74452309113994   -15.16565013663183   -49.37946994759425    27.97603224224229    22.46632192366567    -12.7133611037845  0.08325092780740585 -0.03787854509687305  0.08264681865245835 -0.07993804671377922
   19.00673527829171   -10.83583394024012   -39.55719418474662    22.46632192366552    23.34993119562668   -12.70940137092104  -0.9273067405047136   0.3796834114139416   -0.999032681088315   0.6828142979678909
  -10.80235600481231    6.126610063071314    22.44328321458512   -12.71336110378442   -12.70940137092104    7.200143522248583   0.5256327891666529  -0.2171854464094284   0.5699138822453349  -0.3900413705281978
  0.5273194624997488  -0.2976277915317906  -0.1393775075537766  0.08325092780744187   -0.927306740504686   0.5256327891666371   0.6270605034425065  -0.3271251954690891 -0.01370281075461261  0.05671347808935227
 -0.2264716751191398   0.1228934512371108  0.06050170668868417 -0.03787854509688389   0.3796834114139335  -0.2171854464094236  -0.3271251954690889   0.5406358126446141 -0.05047309365991547  -0.1126932373188841
  0.7044654626070068  -0.3995318118605777  -0.1494191447171758  0.08264681865249433  -0.9990326810882839   0.5699138822453172 -0.01370281075461365 -0.05047309365991497   0.5195498338801304  -0.2890509806348826
 -0.5086690482061155    0.288622257778303   0.1425736078667339 -0.07993804671380705    0.682814297967867  -0.3900413705281843  0.05671347808935286  -0.1126932373188844  -0.2890509806348825   0.4731249593990933

cov*(cov_.inverse()):
     1.000000000000045 -2.022904413423454e-14  1.236957584971332e-13  7.205141431404494e-14  1.304746241603816e-13 -1.656660919557851e-14  6.021116764898249e-16  2.284413977426958e-16  2.695977122102455e-15 -3.777360368939497e-16
  9.50350909079134e-14      1.000000000000012 -2.986499936241671e-14  -2.07556194453673e-13  1.234568003383174e-13 -5.639932965095795e-14  1.304512053934559e-15 -2.775557561562891e-16 -1.998401444325282e-15 -1.554312234475219e-15
 1.899522206194604e-16 -5.813058367998281e-15     0.9999999999999651  1.625197372512321e-14 -1.598721155460225e-14  1.481453848484193e-15  5.955522533462876e-16 -3.129007469793166e-16   1.39645239816133e-16  2.524022657546254e-16
-4.130029651605582e-14  3.930189507173054e-14 -1.825206652483757e-13     0.9999999999998108 -1.305622276959184e-13 -1.398881011027697e-14 -3.885780586188048e-16 -1.165734175856414e-15 -5.773159728050814e-15  8.881784197001252e-16
 3.063846919226787e-15  2.622901895676932e-15  3.640420213543716e-14  -4.11354435757294e-15      1.000000000000012  1.384200913612244e-15 -1.806687395175532e-16 -1.471804449149072e-17  1.899522206194604e-16    1.0321604682062e-16
-2.176037128265307e-14  8.837375276016246e-14 -1.975086760808153e-13 -1.904032487232143e-13 -8.304468224196171e-14     0.9999999999999512 -3.885780586188048e-16 -6.661338147750939e-16  -1.77635683940025e-15  1.332267629550188e-15
 2.220446049250313e-15 -3.375077994860476e-14  1.043609643147647e-13  6.916689443414725e-14   9.50350909079134e-14 -1.643130076445232e-14     0.9999999999999979  1.443289932012704e-15  6.661338147750939e-16  6.661338147750939e-16
 5.440092820663267e-15 -2.622901895676932e-15  4.093947403305265e-16  4.673345044281518e-15  8.881784197001252e-15   2.42861286636753e-15  9.402201239794294e-16     0.9999999999999997  3.747002708109903e-16 -4.163336342344337e-17
 3.719247132494274e-14 -2.575717417130363e-14 -3.400058012914542e-14  5.218048215738236e-15  4.729550084903167e-14 -4.463096558993129e-14 -1.734723475976807e-15  1.498801083243961e-15                      1 -2.220446049250313e-16
 4.884981308350689e-15 -1.332267629550188e-14 -2.864375403532904e-14 -7.216449660063518e-16  6.217248937900877e-15  7.327471962526033e-15 -1.665334536937735e-16  1.110223024625157e-16  2.220446049250313e-16     0.9999999999999991
