10
1

0.1568442602499365
0.9070903845893725
 1.111764654440025
 1.197350821082706
 1.692372937593946
 1.980394102582236
 2.603435095155286
 2.832954978399084
 6.767516304422818
  14.0276150540643

   0.5718820975889948   -0.2435858967323601   -0.7152504402134691    0.3059687652942576   0.04320015222314118  -0.01735934623803662   0.04511059427932082  0.003489593271526167   0.05850988418580102  -0.02790251297399981
  -0.7460710380698554   0.03382390629855291   -0.5793531513706233   0.05700954545618193    0.2297588172043098   -0.1029318076941876   0.07367362652748494  -0.02252437716908725   -0.1564822266146349   0.09761085012807291
-0.009554092468936544 -0.007154765240732702  -0.03404415873944038 -0.004097019113602983   -0.3352023577798697    0.4974266895397749    0.4979205259266898   -0.4859459282015567    -0.110959399328461    0.3775016856118016
   0.2529450408129455   0.06403349129556407    0.1931821864367868   0.03152634884576176    0.5247233306839045   -0.3803900829881802    0.2459835693284059    -0.140249931161908   -0.5327955171804831    0.3309456734794254
 -0.04346527072117127  -0.03246559050999524  -0.02098980092444109  -0.01481370558297134    -0.539368664315091   -0.6142372196048832    0.3928140013798881   -0.1082226717120674   -0.1483850803255866   -0.3743764170580666
-0.004209525296541365   0.00171881887120676  -0.03370888511486946  -0.03857840679178947   -0.1082957046949613   -0.4114408131600666   -0.4455187395977065   -0.5783230601669196    0.3605978939177931    0.3916221270708321
   -0.211140809737509   -0.5117424164191151    0.3263819043956435    0.6732432195777979    0.1796121420425006   0.02001795358561207   0.08130086359829042   -0.2074023635458029    0.1405363272328139   -0.1781022384568899
  0.06779072819169404    0.2068748938525295  -0.07627872118382895   -0.1911620650683585    0.3038496980718453    0.1834841259588923  -0.09621754173743796   -0.5936678349458128    -0.100720429088366   -0.6421922104151254
 -0.03384501879397114   -0.6649676521627613  -0.01778374756682372   -0.3225504865333237   -0.1737689352275014    0.0892880197632539   -0.3778424085899722  -0.04230134994152326   -0.5192249592053766 0.0007853142445032183
 0.005285710093238236    0.4329594736292874  0.007187398150187073    0.5536934229506176   -0.3165787725063228   0.09145146943099297   -0.4155504133287549  -0.01583146839409938   -0.4736752677188271  0.001886539718076724

 22.6822979810304
50.96375260880988
35.56084288395534
80.46289095551047
68.90162304334383
 156.479178072562
81.44067924333801
185.1439529411379
96.41308163369817
219.9750918502097

2.287887643275817

    0.1290155615302767   -0.05641292605888727    -0.1170795325089785    0.05102857847474831   -0.00374394376958161   0.001398938482095264  -0.003956336660367767 -0.0003365439206509816  -0.005032923726192556    0.00230202208661131

 0.004579387557742756  -0.02279125958724549  0.005586467500031747   0.01151691447782281 -0.007295709761530334   0.00867439031316445  -0.02875967771217569  -0.04029094508671211     1.084008519533226     1.775099472917928

cov:
   0.9603642384246016     2.329096605053835  -0.05432407656532072 -0.008334203808748443  -0.02890283209404321   0.03027975493781947  -0.01803779104370399   0.01469768346598698  -0.02624057337921091  0.001612447348235996
    2.329096605053835     59.26750639190133  -0.09685140496982532      54.3465400234622    -21.69065322370692     5.319420518016895    -24.35699465348333   -0.3298237566835764    -25.23291233974697   -0.2442953625080254
 -0.05432407656532072  -0.09685140496982532     1.142776385764614     2.634489872986289  0.001004767468514081  0.002983963851026036  0.005336085991528189 -0.008067991633649057    0.0174564093040059  0.001639892147780273
-0.008334203808748443      54.3465400234622     2.634489872986289     68.46944728575274    -31.49580115617785     8.518335185494262     -39.1117942032073    -1.048398614599036    -43.22066283284413    0.3405282038964416
 -0.02890283209404321    -21.69065322370692  0.001004767468514081    -31.49580115617785     23.51998451588436    -5.323794753996494      28.3330104812441    0.1270602854183075     33.25678449557746    -1.383643505032823
  0.03027975493781947     5.319420518016895  0.002983963851026036     8.518335185494262    -5.323794753996494     4.550256129105457    -8.960134303726013   -0.4570153010286524    -10.86171437971562   -0.8626375043859548
 -0.01803779104370399    -24.35699465348333  0.005336085991528189     -39.1117942032073      28.3330104812441    -8.960134303726013     42.25508713039044     2.909556444315967      46.8099335802479   -0.5206469342611063
  0.01469768346598698   -0.3298237566835764 -0.008067991633649057    -1.048398614599036    0.1270602854183075   -0.4570153010286524     2.909556444315967       4.9171640403869     2.168645323557009     2.235416509919708
 -0.02624057337921091    -25.23291233974697    0.0174564093040059    -43.22066283284413     33.25678449557746    -10.86171437971562      46.8099335802479     2.168645323557009     57.72781521075432    0.5507380690316607
 0.001612447348235996   -0.2442953625080254  0.001639892147780273    0.3405282038964416    -1.383643505032823   -0.8626375043859548   -0.5206469342611063     2.235416509919708    0.5507380690316607     4.869537596437775

cov.inverse():
    14.02364228087543    -5.663305035002155    -16.07829423314554     7.044727806110706     0.896512708803093   -0.3705563157578208     1.012880157493913   0.08429813043081361     1.405935368134796   -0.6763035948938246
   -5.663305035002162     2.471181023200642     7.041176840494076    -3.075577471691544   -0.3907741602614379    0.1566936767171923   -0.4442385540105809  -0.03702147426893489   -0.6138121105551548    0.2941959687167907
   -16.07829423314554     7.041176840494081     21.24775260840237    -8.897023723784551    -1.327184931409237    0.5194685575307053     -1.33812557255763  -0.08967960727988661    -1.653838374074799    0.7736401995338714
    7.044727806110745     -3.07557747169155    -8.897023723784557     3.885914360496828    0.5806706045677449   -0.2285851151516646    0.5841448485279294   0.04040963006954086    0.7214401981163396   -0.3385640845192918
   0.8965127088031352   -0.3907741602614552    -1.327184931409287    0.5806706045677655    0.5449727764073528   -0.1993266565826038 -0.006269804452208977   0.08885524443840218   -0.0852313353992401   0.02765776500892774
   -0.370556315757832    0.1566936767171961    0.5194685575307159   -0.2285851151516689   -0.1993266565826032    0.5056027952019199   0.05367434030005579  -0.08839285475435267   0.06587254132935783     0.095590484572668
    1.012880157493963   -0.4442385540105995     -1.33812557255768    0.5841448485279518 -0.006269804452207926   0.05367434030005465    0.4427139618200994   -0.1595764678791548  -0.09597009358516161    0.0761501868147576
  0.08429813043080041  -0.03702147426892917  -0.08967960727986948   0.04040963006953352   0.08885524443840059  -0.08839285475435203   -0.1595764678791562    0.3455519697757913   0.06443108260317693   -0.1780704788314673
    1.405935368134753   -0.6138121105551334    -1.653838374074733    0.7214401981163111  -0.08523133539924883   0.06587254132936067  -0.09597009358516946   0.06443108260317768    0.4289356265905258   -0.1820523464715256
  -0.6763035948938038    0.2941959687167799    0.7736401995338373   -0.3385640845192775   0.02765776500893197   0.09559048457266664   0.07615018681476157   -0.1780704788314677   -0.1820523464715256    0.3790264974194761

cov*(cov_.inverse()):
    0.9999999999999947  2.500603890620567e-15 -2.156478121073668e-14 -1.839522457969256e-14 -2.016466963024321e-15  2.227574678534405e-15 -6.014042345722781e-15  7.995991022080595e-17 -4.150163285948638e-15  3.240355032907427e-15
 3.444466933899548e-14      0.999999999999982  1.609823385706477e-14 -6.036837696399289e-15  1.134509153288832e-15  5.620504062164855e-16  8.985867605559861e-16 -2.775557561562891e-16 -3.157196726277789e-15  1.262878690511116e-15
 1.293821820513852e-14 -4.459648796084625e-15     0.9999999999999881  3.264641161571102e-15  3.429582193324038e-15 -7.772103273462339e-16  -1.08566584541836e-15 -3.710681935331639e-16 -1.701275838955629e-15  1.443940453316195e-15
 9.797718192317006e-15 -5.148659276699163e-15  2.819966482547898e-14     0.9999999999999905 -1.491862189340054e-15 -1.179611963664229e-15 -2.081668171172169e-17  3.261280134836397e-16  7.896461262646426e-15  -2.80331313717852e-15
 6.883382752675971e-15  6.605826996519681e-15  -1.06581410364015e-14 -2.109423746787797e-15                      1   3.05311331771918e-16 -5.745404152435185e-15  5.551115123125783e-17   1.27675647831893e-15  1.332267629550188e-15
-2.664535259100376e-15 -7.771561172376096e-16  5.773159728050814e-15                      0  1.040834085586084e-16     0.9999999999999997   3.05311331771918e-16                      0 -4.718447854656915e-16 -1.110223024625157e-16
 2.942091015256665e-14 -6.938893903907228e-16 -4.257705299437475e-14  8.298917109073045e-15  1.798908244587949e-15 -5.620504062164855e-16     0.9999999999999981  6.938893903907228e-17  -5.35682609381638e-15  2.636779683484747e-15
                     0  4.440892098500626e-16 -1.554312234475219e-15 -7.771561172376096e-16  5.551115123125783e-17 -2.775557561562891e-17 -5.551115123125783e-16                      1  1.665334536937735e-16 -1.110223024625157e-16
 3.641531520770513e-14   2.05391259555654e-15 -1.865174681370263e-14  4.246603069191224e-15  2.156261280639171e-15 -4.232725281383409e-16 -3.060052211623088e-15 -6.938893903907228e-17     0.9999999999999981  2.525757381022231e-15
 8.881784197001252e-16 -2.220446049250313e-16 -4.440892098500626e-16 -4.440892098500626e-16                      0  2.220446049250313e-16  5.551115123125783e-17 -2.220446049250313e-16 -2.220446049250313e-16                      1
