12
1

0.2107010450437776
0.5611697910064234
0.6916698844254479
0.7650618024749488
0.9791116096873286
 1.045578654853604
 1.200631309078976
 1.780816451834965
 1.875160225257805
 2.194242377915831
 3.680646000406045
 6.275820338860985

   -0.4134395776882703     0.2205540898340506     0.7567680608830725    -0.4104891166374006    -0.1278798340879485    0.07664711045944239   -0.07515523013168135    0.02202295646233233   -0.06250219200639441    0.02601587988697552   -0.06043860132114817    0.05125300899220066
    -0.205957452262601     0.0754559645200045   -0.01783208331960034    0.01674996772565967     0.8041412941352967     -0.291482695426046    -0.3464480750207339      0.286537442671831   -0.03196924552325032   -0.02292882289886555    -0.1018099435024345    0.07510655818100229
   -0.2173723467001982    0.06493883551248797   -0.00548044680771578    0.02711447818211461     0.3610795897449448   -0.09959514240298727     0.5639982740744096    -0.6505831334616001    -0.1519790980398573     0.1797701490257292   -0.04330550380069273    0.09394962321681399
    0.0874782380021393   -0.03056443196911329    0.03008396946325007   -0.01758480845486374    0.02366991704117063  -0.003707598005151985     -0.124317220192693    0.09018422814364795    -0.5263030704028147     0.6130230992321627     0.4721893503655369    -0.3004697995857744
    0.7379099057913338   -0.01690450734568322     0.4393436895378699   -0.09197241847257258     0.2912921097348737 -0.0003816820094880063     0.0287853504643101    -0.1722992021551143   -0.03249247819693948    -0.2657636985460474   0.001177177131227641    -0.2581996603021364
    0.3594495232918882    0.02314913571647451    0.08547940726536536   -0.06447070027019325   0.003987708008104507    0.01861224764531562    -0.0396179152260361     0.0445738130034794  -0.009776069644051042     0.2817950563376662    0.08879254715858896     0.8760651197976141
   -0.1602220178244159   -0.04759263497827521   -0.03169902282555897    0.03176344599502254  -0.007093680885199828   -0.01805539004582022   0.006446624862358788    -0.0410698871011777    -0.3893057149417191     -0.649257336133942     0.5885768112863674     0.2200654414933028
    0.1525851321424373     0.3356134738451359    -0.2209128192988536    -0.3166066146844596     -0.278359523825734    -0.6398526855210167   -0.03669267829435053   -0.03799938794083275    -0.3647653617640754    -0.0897687737817455    -0.2902175509488027  -0.003864306540748055
  -0.06902623103839522    -0.2709474470953496     0.3467541098982145     0.4731064998580742    -0.1953826057965337    -0.6273938606345225    -0.1580236007958346    -0.1790936764910605     0.2384665306859161     0.0791279539531274     0.1599926841771568    0.01364135917676134
  0.004546185345876059    -0.1003875819667531      0.233097736826895     0.4604322778427598   -0.03850295913156258    0.02781202049895137     0.4191890295255543     0.4632103437285803    -0.4391722645385943   -0.05492868142160022     -0.363249225728372     0.0564848551347748
   -0.0546712907418786    -0.4344041680073203   -0.01347759358315778    0.05221694935763076   -0.04453931525183963     0.2255821394365929    -0.5095773174478094    -0.4034950444037406    -0.3960634113580965   -0.03983728827752841    -0.4061384849040433    0.08152155317355787
   0.03610428526078356     0.7433644997914362    0.03402229798402575     0.5270250362969963   -0.04497622774489001     0.2094331297849062    -0.2768222674241161    -0.2043734998751451   -0.05108858638151524   -0.01360497016409288   -0.01064151652879319 -0.0004717407201071158

22.70079080219171
 33.7525328840654
50.57539418945395
83.04713374506521
67.67135693885724
113.1556971946682
76.92385637353694
130.9812288172773
90.64080217089912
154.2323265218793
106.5872523309731
183.5306328153737

1.764882651952614

    0.0637722840490678   -0.03608344213490384   -0.06409356972059799    0.03618341248993997 -0.0003654136745128244  0.0001676662489366128 -4.436976430001417e-05  6.534048255071997e-05 -3.708714584108898e-06  9.185322435695136e-05  0.0003594338075024895  -0.000225956767578773

-0.004335055289168481 -0.004557484506566374 -0.007228295944279699  0.002584245154666085   0.01543118268599559   0.01546094345509056 -0.007523518531332446 0.0006565960927202183  0.001023134921902706   0.02655716581210006    0.2008399808192633   -0.2987833082075419

cov:
  0.9308071979455116    1.595638544578767   0.2134859861445248   0.3577968533567088  0.00403468599889577  0.01288195280366406 -0.02431546887755137 0.001846088716306923  0.03185851312623102  0.03270261341695295  0.03463171168529405  0.01482208680658523
   1.595638544578767    24.99524175573027   0.4007723642518012    14.10795809994051   -1.121703990675204    4.700044821129878   -5.188241555971451   -3.710890945272065   0.4621889401937547  -0.2579596933343358     1.74183830186812  -0.5161333123906864
  0.2134859861445248   0.4007723642518012    1.107757058368659    1.951593032963081 -0.02451566319886616 -0.03921285348783844  0.02946567052975618  0.06382632010002325  0.04967797114777875  0.04215763590889039  0.03948425556897966  0.02604162579393696
  0.3577968533567088    14.10795809994051    1.951593032963081    13.12443201631062   -1.111266447280995     4.16096480902633   -5.394646616721391   -3.758685218758549   -1.561121643044747  -0.2413155438196313  -0.7401745645929858   0.1745354391900989
 0.00403468599889577   -1.121703990675204 -0.02451566319886616   -1.111266447280995   0.8421360166087751   0.3922553262600557    0.877284486939604   0.5900093865545559   0.5226426033925267  0.05044914295579758   0.4458430563435662  -0.1045230856010333
 0.01288195280366406    4.700044821129878 -0.03921285348783844     4.16096480902633   0.3922553262600557    5.135712639937504   -3.357540022218855   -2.378058311856464   -1.455441185337561  -0.2186995759345925   -1.144965009304129   0.2321981893176865
-0.02431546887755137   -5.188241555971451  0.02946567052975618   -5.394646616721391    0.877284486939604   -3.357540022218855    7.675896616365639    5.832033233451579    2.311636677877703   0.2597023888915834    2.098386909781739  -0.4549304672368835
0.001846088716306923   -3.710890945272065  0.06382632010002325   -3.758685218758549   0.5900093865545559   -2.378058311856464    5.832033233451579    5.267292044859134    1.535050191194285   0.2361877534433136    1.428236864451061  -0.2899322847918068
 0.03185851312623102   0.4621889401937547  0.04967797114777875   -1.561121643044747   0.5226426033925267   -1.455441185337561    2.311636677877703    1.535050191194285    4.171688286440224   0.6953278094136303    2.966110458353208  -0.5799717778340229
 0.03270261341695295  -0.2579596933343358  0.04215763590889039  -0.2413155438196313  0.05044914295579758  -0.2186995759345925   0.2597023888915834   0.2361877534433136   0.6953278094136303    1.088677879655931  0.09065586666376274 -0.02429304588427047
 0.03463171168529405     1.74183830186812  0.03948425556897966  -0.7401745645929858   0.4458430563435662   -1.144965009304129    2.098386909781739    1.428236864451061    2.966110458353208  0.09065586666376274    3.874278760710412  -0.3519673185356352
 0.01482208680658523  -0.5161333123906864  0.02604162579393696   0.1745354391900989  -0.1045230856010333   0.2321981893176865  -0.4549304672368835  -0.2899322847918068  -0.5799717778340229 -0.02429304588427047  -0.3519673185356352    1.137831414988902

cov.inverse():
     4.80974630551258     -2.11369635551018    -6.676280294338406     3.677550421824429    0.7213286824654458   -0.4897926663386391    0.6635936578458306   -0.1932509468374675    0.5873239798840775   -0.2628729967344762    0.6685462034387819   -0.5499107684741468
    -2.11369635551018     1.213011931144853     3.694262623701886    -2.102779712152131    -0.412688620741234    0.2753819948385584   -0.3642256452840161   0.09958820006508655   -0.3341838886475444    0.1348013894024448   -0.3954072196562814    0.3116411835771363
   -6.676280294338407     3.694262623701884      13.1723323071799    -6.955956535211496    -2.096101248698757       1.3096849764722    -1.256861817040381    0.3043336697860989    -1.068009336453173    0.4001595778673029   -0.9863801903067286    0.8024972608932519
    3.677550421824433     -2.10277971215213    -6.955956535211494     3.958338995792066     1.213649682433078   -0.7454030166542081    0.7287181888996987   -0.1952721600257591    0.6028209391943314   -0.2414058819830233    0.5584532364339843    -0.469666825588737
   0.7213286824654439   -0.4126886207412324    -2.096101248698753     1.213649682433076      2.81960893848246   -0.9505548175745679   -0.2283229030960356    0.1400200412345763  -0.02194106130542433  -0.04547832719283933   -0.0808516861013763   0.02543129614294156
  -0.4897926663386394    0.2753819948385577     1.309684976472199   -0.7454030166542071   -0.9505548175745684    0.6695013443440462    0.1015891890538166  -0.05649548819416574  -0.01697926571217916   0.04080704880325291   0.01114295334747522   0.01360175505987096
   0.6635936578458342   -0.3642256452840191    -1.256861817040392    0.7287181888997046   -0.2283229030960333    0.1015891890538154     1.267142834164456     -1.08018810889851   0.04175435778324395   0.03611331397300708   0.04232135637363495   -0.0320480118532674
   -0.193250946837471   0.09958820006508877    0.3043336697861064   -0.1952721600257634    0.1400200412345746  -0.05649548819416494    -1.080188108898511     1.271438843090934   0.04405776431703985   -0.0872020962988625  -0.03180132858700171 -0.002076994808207603
    0.587323979884078   -0.3341838886475442    -1.068009336453172    0.6028209391943312  -0.02194106130542415  -0.01697926571217918    0.0417543577832434   0.04405776431704015    0.8289176090410135   -0.4389064251848292   -0.3859334341185452   0.09586575909498594
  -0.2628729967344758    0.1348013894024447    0.4001595778673031   -0.2414058819830233  -0.04547832719283945   0.04080704880325294   0.03611331397300724  -0.08720209629886257   -0.4389064251848293     1.170312299929843    0.2248849079066741  -0.05701053331926603
   0.6685462034387818   -0.3954072196562813   -0.9863801903067285    0.5584532364339843  -0.08085168610137586   0.01114295334747507   0.04232135637363406  -0.03180132858700079   -0.3859334341185452     0.224884907906674    0.8209946186614722    -0.189996784152671
  -0.5499107684741463     0.311641183577136    0.8024972608932516   -0.4696668255887366   0.02543129614294139   0.01360175505987101  -0.03204801185326691 -0.002076994808208072   0.09586575909498585  -0.05701053331926592   -0.1899967841526709     1.056161962446029

cov*(cov_.inverse()):
     1.000000000000001 -9.185360805297194e-16 -2.463307335887066e-16 -3.866698627952303e-15  1.565587937069068e-16  1.033190460270061e-15  1.732012970545593e-15 -3.526096515465982e-16 -8.096821824121747e-16  -3.70688722772794e-16  5.117434254131581e-17 -1.908195823574488e-16
-1.665334536937735e-15      1.000000000000002   3.05311331771918e-15 -2.858824288409778e-15 -7.459310946700271e-17   8.81239525796218e-16  5.238864897449957e-16  4.475586568020162e-16  2.498001805406602e-16 -1.249000902703301e-16 -5.412337245047638e-16   3.33066907387547e-16
 2.029626466892864e-15 -2.737393645091402e-15     0.9999999999999969 -5.377642775528102e-17  1.381707248615527e-15  -3.97089045672816e-16  1.503137891933903e-15 -1.974128868188763e-16 -1.327063459122257e-16 -1.932048271369169e-16  3.061786935099065e-16 -3.157196726277789e-16
-1.179611963664229e-15  2.220446049250313e-15  1.371125435412068e-14     0.9999999999999998 -4.709774237277031e-16  1.049941383834962e-15 -5.282232984349378e-16  3.343137398859053e-16   1.07552855510562e-16  -1.89084858881472e-16  1.040834085586084e-16 -3.885780586188048e-16
 6.938893903907228e-17  2.220446049250313e-16  1.595945597898663e-15 -1.547373340571312e-15     0.9999999999999996  3.606056425686788e-16  1.426810058990924e-16   2.93086952277144e-16 -5.724587470723463e-17 -2.602085213965211e-17  -1.07552855510562e-16  8.326672684688674e-17
-1.249000902703301e-15  -3.05311331771918e-16 -1.082467449009528e-15   1.52655665885959e-15 -1.726049858596923e-16     0.9999999999999999 -1.634109514370152e-15  6.133873790836741e-16  1.214306433183765e-16  7.459310946700271e-17  2.706168622523819e-16                      0
 2.331468351712829e-15 -4.718447854656915e-16 -4.329869796038111e-15  2.498001805406602e-16  5.880712583561376e-16 -5.993469609499869e-16     0.9999999999999998  8.406903645452601e-16  2.914335439641036e-16 -2.775557561562891e-17   6.38378239159465e-16 -1.110223024625157e-16
 8.881784197001252e-16  1.387778780781446e-17 -1.387778780781446e-16 -1.193489751472043e-15 -4.839878497975292e-16  5.013350845572973e-16  1.535230276239474e-15      1.000000000000001 -2.324529457808922e-16  1.769417945496343e-16  2.567390744445674e-16                      0
-9.992007221626409e-16  1.387778780781446e-16 -5.551115123125783e-17 -9.992007221626409e-16   2.51534904016637e-16  1.318389841742373e-16  1.762479051592436e-15 -4.273924963937858e-16      0.999999999999999  8.118505867571457e-16 -4.440892098500626e-16 -1.110223024625157e-16
 3.538835890992686e-16 -1.821459649775647e-16 -5.065392549852277e-16  6.245004513516506e-17  1.062518129035794e-17  -4.77048955893622e-18  1.782428371566169e-16 -3.646307431340312e-17 -8.283304597789254e-17                      1  1.101549407245273e-16 -6.591949208711867e-17
-9.992007221626409e-16  2.498001805406602e-16  1.831867990631508e-15 -7.494005416219807e-16 -1.734723475976807e-18  2.792904796322659e-16  1.259409243559162e-15  2.989145389542536e-16 -4.649058915617843e-16  2.255140518769849e-16                      1  5.551115123125783e-17
-1.110223024625157e-16  5.551115123125783e-17  4.440892098500626e-16  2.220446049250313e-16  1.214306433183765e-16 -6.765421556309548e-17 -2.775557561562891e-16 -8.283304597789254e-17 -6.938893903907228e-17  1.387778780781446e-17  2.775557561562891e-17                      1
