12
1

0.1419447873181211
0.5513482679690067
0.6815787766927467
0.7620731368386832
0.9352516591505515
 1.042305293907913
  1.20177908591293
 1.815351343118519
 2.113677359007282
 2.312553528730171
 3.387553356670211
 5.853607421646412

   -0.4964530139060485      0.276265450220855     0.7109463030458261    -0.3964334721529656   -0.06983279422159407     0.0435319943216504   -0.04777269334433182    0.01337043364151642   -0.04129780670147757    0.01616776378243143   -0.04498133105758453    0.03721269096352726
    0.2307999391718039   -0.08919281297633019     0.1081682066454859   -0.04160156821393111    -0.8203985578743938      0.305141164292081     0.2911034690211312    -0.2401263275096721    0.02190090061372298    0.03033958844925593     0.1017645766794307   -0.07086609129806029
    0.2246040302565038   -0.07565048276223876    0.09687303261165986   -0.03847518088163822    -0.2792342302332945    0.08185575294599549    -0.6032970410019608     0.6668988292066224     0.1037112883616248    -0.1292546335780428    0.06077673485105824   -0.09173450398688887
    0.1303543607403563   -0.02884956889539303    0.09191800675084404   -0.02227906130764817     0.0965350314495543   -0.01778090837705067   -0.08410994823489484    0.02976312858781452     -0.535285917784361     0.6234554425883048     0.4528998414975504    -0.2743878589841441
    0.7023583303282231   -0.07265745471118196     0.5593218401202376  -0.006895527554058063     0.3337812412209986   -0.01233666355531982    0.04922763059895063    -0.1812626890002271    0.04982951301424834    -0.1917855285635122   -0.04916219690074786  -0.001406315500890865
    0.1308358602814135     0.0115148726981668     0.0203788137170881   -0.01232189656831833   -0.04958888895120135    0.01421933454947106   -0.03905093001894765    0.07827509737977353    0.02827640023762426     0.3455183254254371    0.07225105837833277     0.9200360663300238
   0.09341858100169134    0.03501091031901948    0.03791343558195981   0.007303684521287795  0.0004297688857586787    0.01510397032824475 -0.0005492258972087695    0.04922572517652307     0.4100147346212831     0.6503901239635268    -0.5847811529709508    -0.2298178656283066
   0.08243559267402845     0.1036276573165535    0.06012085667153713    0.07692811637153801    -0.3403130214181146    -0.8920705327434716    -0.1033811193640924    -0.1155936314004173    -0.1394025841659182   -0.01946832422683085    -0.1318264397444804   0.009517955183497843
   -0.1681051823398263    -0.2551955333069141    0.09148330302412756    0.09846928617008921    0.01992956486829706    -0.1050998483134981    -0.3693453139931859     -0.411194816168602     0.5778414910411899     0.1088434251025213     0.4728829106477159    -0.0473736400988681
    0.2577939267942533     0.3746515015780183     -0.371047021058133    -0.7226301230121079    0.02494032809793786    0.01838277876037775    -0.2411800759338901    -0.2618319140240775    0.05640368444773221   -0.02063476935362332    0.03623731309974268   -0.02653899427086254
   -0.1034544018652436    -0.4968423924286202  -0.002788190183630719   -0.05569889663057855   -0.03670148874651719     0.1717565076791336    -0.4629786603957605    -0.3724623982217484    -0.4037025403360927   -0.03414037094177675    -0.4286939972239066    0.08654512230731444
   0.03819403449079729     0.6629100436490036    0.02570341188975366     0.5458659149843565   -0.05225419135076662     0.2464158267635718     -0.344042751417391    -0.2557090281022988   -0.09819466830713897   -0.02062722961496137   -0.05580587277419861   0.008687592492398304

35.54507422542007
56.44839007310978
50.57392158302806
83.04735832304351
67.67123287328215
113.1593501103097
76.92096123915543
130.9772553585946
90.63728164986942
154.2338435635103
106.5782006112323
183.5354643821431

1.765030071686164

    0.1104787526756471   -0.06226275569042023    -0.1071124910558158    0.06043266668915578  -0.001326371569539669  0.0008344458488901681 -0.0009188739004191869  0.0003151291690135229 -0.0007787090777613983  0.0004403606934967467 -0.0002970398193062359  0.0001264681349888827

-0.003463958331052951  0.005443869534020904  0.008296188602468746  0.003177676059034205   0.01848079334316467   0.01213876365075204  0.006731878212232117   0.00253892305777096  -0.03120169537480811  0.006853100013887541    0.1993933641920426   -0.2132795077487701

cov:
    1.194019093358231     2.136356347434114   -0.1577971232049579   -0.2784663351390912   0.02153134673812799  0.005157302407525968 -0.007601697511521355  -0.01475733039898591   0.01887695345837779  -0.04722679537970554   0.04428926232238387  -0.02658495287908537
    2.136356347434114     18.98100511940052   -0.2647596146908426     11.18404283972278    -1.058400492472931     4.461047908544302    -5.261678284901487    -3.782314398503424   -0.4997012936141788   -0.4032082278812198     0.626778161489316   -0.2820892138216574
  -0.1577971232049579   -0.2647596146908426     1.107480957611573     1.958743036963856  -0.02678249986914339  -0.03615176807040836   0.01938534902613961   0.05494989151365012   0.04674079380801502   0.04262864608434253    0.0349559159425404    0.0265919273150916
  -0.2784663351390912     11.18404283972278     1.958743036963856     13.10586465269363    -1.114461785528441     4.150337023388675    -5.386879369598684    -3.751844621201898    -1.568929777540068   -0.2441744651660842   -0.7499215935593128    0.1823654145863507
  0.02153134673812799    -1.058400492472931  -0.02678249986914339    -1.114461785528441     0.842231814219077    0.3878792484959805    0.8793684079719331    0.5907323382823911    0.5255674454603513   0.05001095465493267    0.4488357678529479   -0.1064184757012112
 0.005157302407525968     4.461047908544302  -0.03615176807040836     4.150337023388675    0.3878792484959805     5.125114462734365    -3.360030425536437    -2.378978738228222    -1.460440279398274   -0.2242860170791294    -1.151151479524549    0.2376054497916695
-0.007601697511521355    -5.261678284901487   0.01938534902613961    -5.386879369598684    0.8793684079719331    -3.360030425536437     7.674052062455668     5.828116247189968     2.323337300663772    0.2632024663735512     2.118529459697954   -0.4591673449684131
 -0.01475733039898591    -3.782314398503424   0.05494989151365012    -3.751844621201898    0.5907323382823911    -2.378978738228222     5.828116247189968     5.262058062832416     1.543380276704902    0.2375634335566703     1.443622612215602   -0.2913238177841517
  0.01887695345837779   -0.4997012936141788   0.04674079380801502    -1.568929777540068    0.5255674454603513    -1.460440279398274     2.323337300663772     1.543380276704902     4.190840863000341    0.6988184958080487     2.982687473920604   -0.5923580703826287
 -0.04722679537970554   -0.4032082278812198   0.04262864608434253   -0.2441744651660842   0.05001095465493267   -0.2242860170791294    0.2632024663735512    0.2375634335566703    0.6988184958080487     1.091000580090197   0.08912220384727014   -0.0255338852696799
  0.04428926232238387     0.626778161489316    0.0349559159425404   -0.7499215935593128    0.4488357678529479    -1.151151479524549     2.118529459697954     1.443622612215602     2.982687473920604   0.08912220384727014     3.904711138983009   -0.3623411749120326
 -0.02658495287908537   -0.2820892138216574    0.0265919273150916    0.1823654145863507   -0.1064184757012112    0.2376054497916695   -0.4591673449684131   -0.2913238177841517   -0.5923580703826287   -0.0255338852696799   -0.3623411749120326      1.14770237680545

cov.inverse():
    13.15321257242065    -6.937147201598983    -16.93380650769598     9.670846497076255     1.238735730856555   -0.8313261230494549     1.125835129799267   -0.3125505663398382      1.01515445548612     -0.37350317928075     1.232500829802205   -0.9818862720391884
   -6.937147201598983     3.913384762080429     9.622084992089901    -5.456391351802708   -0.7138819673334261    0.4730264143286548   -0.6282062313247961    0.1734736440665123   -0.5747429289394088    0.2310249990480616   -0.6994833347382878    0.5614715723301794
   -16.93380650769598     9.622084992089903     25.54719728131148    -13.96522700776045      -2.5940146127285     1.632104624104757    -1.683353283754599    0.4245076856074218    -1.463963209381425    0.5572242278488074    -1.507233711471307     1.236655358014257
    9.670846497076251    -5.456391351802708    -13.96522700776045     7.920670992201527     1.492115601422081   -0.9269021171663023    0.9721720769539658   -0.2644444458536186    0.8251288393014549   -0.3300250436623201    0.8489582601346712   -0.7134693676025701
    1.238735730856558   -0.7138819673334275    -2.594014612728504     1.492115601422083     2.805207306828443   -0.9410959824204587   -0.2409283242038723    0.1435341111823621  -0.03076395337075204  -0.04281353577256655  -0.08487501618890367   0.02760002731124882
  -0.8313261230494563    0.4730264143286554     1.632104624104759   -0.9269021171663032   -0.9410959824204586    0.6641979768244579    0.1104951256927806  -0.05880666136073465  -0.01103731328747294    0.0395312783780594   0.01519929330179617   0.01096499743137033
    1.125835129799268   -0.6282062313247971    -1.683353283754602    0.9721720769539673   -0.2409283242038719    0.1104951256927802      1.25866696592538    -1.078056389086285   0.03469369033155642   0.03895132505930215   0.03570525064670534  -0.02905103185208001
  -0.3125505663398415    0.1734736440665142     0.424507685607427   -0.2644444458536215    0.1435341111823616  -0.05880666136073397    -1.078056389086285     1.271065592848326   0.04521390613872595  -0.08709819482849802   -0.0306565957677996 -0.003882085682236175
    1.015154455486119   -0.5747429289394081    -1.463963209381422    0.8251288393014536  -0.03076395337075217  -0.01103731328747281   0.03469369033155534     0.045213906138727    0.8184422690761675   -0.4358015557491624   -0.3889141345543738   0.09978896719069721
  -0.3735031792807488     0.231024999048061    0.5572242278488055   -0.3300250436623191  -0.04281353577256638   0.03953127837805928   0.03895132505930265  -0.08709819482849847   -0.4358015557491621     1.169045643878672    0.2272368815237305  -0.05819716927356958
    1.232500829802207   -0.6994833347382886    -1.507233711471309    0.8489582601346722  -0.08487501618890404   0.01519929330179634   0.03570525064670604   -0.0306565957678001   -0.3889141345543735    0.2272368815237304    0.8116540112959418   -0.1872869147191783
  -0.9818862720391869    0.5614715723301792     1.236655358014257   -0.7134693676025698   0.02760002731124901   0.01096499743137021  -0.02905103185207968 -0.003882085682236568   0.09978896719069712  -0.05819716927356953   -0.1872869147191782     1.050039980844368

cov*(cov_.inverse()):
    0.9999999999999873   4.40099345855316e-15 -4.822531263215524e-15   1.43982048506075e-15 -7.383416794626285e-16  5.604241029577572e-16  4.861562541425002e-16 -1.601502134032651e-16  3.239596091386687e-16  -1.91253263226443e-16 -1.236857838371463e-15 -1.242062008799394e-15
-1.887379141862766e-15      1.000000000000003 -8.326672684688674e-16  4.357625371653739e-15 -5.984795992119984e-17  1.808449223705821e-16  7.667477763817487e-16  3.517151847542976e-16  2.081668171172169e-16 -3.122502256758253e-17  4.163336342344337e-17  6.106226635438361e-16
 3.538835890992686e-15 -9.488937413593135e-16     0.9999999999999952 -1.387778780781446e-17  4.823615465388009e-16  -5.51316804708879e-16  2.628106066104863e-16 -1.798691404153452e-16 -2.693158196453993e-16  3.252606517456513e-18  2.445960101127298e-16  2.046973701652632e-16
  7.91033905045424e-15   1.30589983271534e-14  1.365574320288943e-14     0.9999999999999919 -1.283695372222837e-16 -9.744809126299714e-16 -5.993469609499869e-16  -9.24173931826644e-16 -1.131039706336878e-15  7.754213937616328e-16 -1.498801083243961e-15  1.998401444325282e-15
-2.289834988289385e-15   3.05311331771918e-16  2.414735078559715e-15 -9.575673587391975e-16     0.9999999999999996  1.988426784338415e-16 -1.144917494144693e-16 -4.228388472693467e-16 -1.665334536937735e-16  6.505213034913027e-17 -1.769417945496343e-16  -9.71445146547012e-17
-4.718447854656915e-16   2.05391259555654e-15  4.052314039881821e-15  8.049116928532385e-16 -1.114559833315099e-15     0.9999999999999997 -2.844946500601964e-16 -9.023814681596853e-16  3.365363543395006e-16 -4.336808689942018e-17   2.42861286636753e-16  4.163336342344337e-16
 -2.55351295663786e-15 -2.609024107869118e-15  4.884981308350689e-15 -3.996802888650564e-15  1.249000902703301e-16   3.95516952522712e-16                      1  1.763563253764922e-15 -1.665334536937735e-16  3.191891195797325e-16   4.85722573273506e-16 -7.216449660063518e-16
-8.271161533457416e-15  8.604228440844963e-16  5.551115123125783e-16 -5.717648576819556e-15 -5.204170427930421e-16  7.207776042683633e-16  6.661338147750939e-16     0.9999999999999997 -4.267419750902945e-16  3.122502256758253e-16 -1.706967900361178e-15 -5.551115123125783e-17
 2.886579864025407e-15 -1.443289932012704e-15 -9.992007221626409e-16 -1.110223024625157e-15  5.100087019371813e-16  1.188285581044113e-16 -1.682681771697503e-15   9.75781955236954e-16                      1 -4.163336342344337e-16  1.804112415015879e-16                      0
 4.753142324176451e-16 -3.400058012914542e-16  2.914335439641036e-16 -3.608224830031759e-16   5.00901403688303e-17  2.840609691912022e-17  -6.01732205729455e-17   1.24683249835833e-18 -1.830133267155531e-16                      1   9.80118763926896e-17  1.040834085586084e-17
 2.609024107869118e-15 -1.887379141862766e-15 -1.665334536937735e-15                      0  1.457167719820518e-16  3.521488656232918e-16  6.071532165918825e-16 -7.032135290740982e-16 -6.938893903907228e-17  2.463307335887066e-16                      1 -5.551115123125783e-17
-6.661338147750939e-16  -3.33066907387547e-16                      0   3.33066907387547e-16  -4.85722573273506e-17 -1.908195823574488e-17  3.816391647148976e-16 -3.001071613439876e-16  5.551115123125783e-17 -2.775557561562891e-17  1.665334536937735e-16                      1
