10
1

0.0720551672594332
0.3030047648440385
0.9594172187874376
 1.074243228871121
 1.444781301645854
 2.065303946814003
 2.202291423543584
 2.658927978447894
 5.953382637491655
 9.721722490128103

   -0.3889019276407331     0.1796793326360703     0.7406737072782579    -0.3415082716454884    -0.3527811430407035     0.1636125313775776  0.0002322668717399479 -0.0009222370672292023    0.00108612381198548  -0.004416831697659824
    -0.533145369957416     0.2191016511200265    0.06847423639665459   -0.02616730653472104     0.7243150395569588    -0.3076658328688625   -0.09657605253238501    0.09295857256158892    -0.1497481946828072    0.05190124081932886
    0.6386051859214926   -0.02096272796690883      0.527455847915679   -0.01937774510118435     0.3996498578953091   -0.02960997041632482    -0.2269694272564925     0.2182458820581814     0.1573794275495001    -0.1692553769326365
    0.2619256788091987    0.01953451925505045      0.226321180564662    0.01490533103754903     0.1748584129035013  -0.003984101226563746     0.4204987255554238    -0.5492326478763349    -0.4031968526997117     0.4559990968550706
   0.05006393639444321    0.02405622664182782    0.01873438458466765     0.0126785363773904   -0.01288576559816104   0.003405850480967799     0.6632009583054519     0.5730878943569224    -0.3787381059880896    -0.2907193428829513
    0.2007556964663757     0.3683476106240032   -0.07464502217855778    -0.1394359378394094    -0.2766362145066534    -0.4586047627997553    -0.1405161459371295     0.3951100334242668    -0.0451250536925849     0.5781556953755592
   -0.1671537471238086    -0.3601400356471181      0.107746449321595     0.2072912477193637     0.1593992857276381     0.2999339334239005     0.2504829708215329     0.3148055562452863     0.4595190461674007     0.5471830712014072
    0.1268321059826496     0.2829176111832469    -0.3152879988984484    -0.6917662931810628     0.2418669048126942     0.4972140695951632    0.06201127435517424    0.03568241272743517    0.09609556448147678    0.07648329659631981
  -0.03332929277442746    -0.5120300385798919  -0.008751532775933454    -0.1403663950827165  -0.003611800793877282     0.2327548439526146     -0.443662202485446     0.2202438318469644    -0.6208017329712509      0.178910408057292
   0.01195044063765381     0.5574155772843737    0.01635617942603096     0.5668100121654691  -0.001816572837549399     0.5253504643232464    -0.1983309051237897    0.09298008001144818    -0.1974147560837841    0.06822394920815629

22.65225271797063
46.04564015117763
35.58450193480144
73.96562891299362
50.42775734243754
106.0324991910575
86.89912713977621
185.2725728721485
102.7665133988404
220.0543660249269

2.155952913019901

   0.08025172021088875    -0.0372555217551221  -0.006447734324811668   0.003039140597204958   -0.07346758447258524    0.03412096197137977 -0.0002459525343175779  0.0002208466157439792 -0.0002496528865170102 -0.0002995340807190823

-6.342622008537356e-05   -0.01056892709771439    0.01685783896725281   0.006503063943755712   0.008865588545974945    0.03020471754730926  -0.008775038362168679  -0.009116326539177537     0.8682545982032651   -0.00316834136378302

cov:
     0.96069398668216     2.080520239899649  -0.02960501581762127   -0.1053439964670086    0.1046668794313568    0.1248634919602043    0.1000087892903313  -0.02241336788674891    0.1237488682133971 -0.008800668641688748
    2.080520239899649     40.43850809169481   0.08231562535514869     30.44392159622475   -0.2496185568056024     23.19743835957441    -2.886116284386854     1.057821990471205    0.1503863952795168    0.4529626885971647
 -0.02960501581762127   0.08231562535514869     1.130073117692296      2.60795316244413   -0.1270464152395902  -0.08222847393060236   -0.1066095942113085   0.02009770888792479   -0.1169571539169234  0.007208401489523997
  -0.1053439964670086     30.44392159622475      2.60795316244413     34.73866956791144   -0.9430353166363133     25.12879831196844    -8.356246186012067     3.793857996600227    -7.487646648515933      2.59995813994981
   0.1046668794313568   -0.2496185568056024   -0.1270464152395902   -0.9430353166363133     1.095482637858338      1.47071019005977    0.5334327333275587   -0.2457622451824424    0.6629485897093104   -0.1219901832184746
   0.1248634919602043     23.19743835957441  -0.08222847393060236     25.12879831196844      1.47071019005977     31.09567207052744    -12.63854578552598      6.24203473263034    -13.82965904612735     4.796221109104104
   0.1000087892903313    -2.886116284386854   -0.1066095942113085    -8.356246186012067    0.5334327333275587    -12.63854578552598      12.2802005498747    -4.564431197892842     13.33824834271893    -3.886657817427073
 -0.02241336788674891     1.057821990471205   0.02009770888792479     3.793857996600227   -0.2457622451824424      6.24203473263034    -4.564431197892842     4.770177811813757    -6.098214242715516     3.154901605425168
   0.1237488682133971    0.1503863952795168   -0.1169571539169234    -7.487646648515933    0.6629485897093104    -13.82965904612735     13.33824834271893    -6.098214242715516      18.9528163295096    -4.056857507147535
-0.008800668641688748    0.4529626885971647  0.007208401489523997      2.59995813994981   -0.1219901832184746     4.796221109104104    -3.886657817427073     3.154901605425168    -4.056857507147535     4.936701500110904

cov.inverse():
    32.74778763657758    -14.70531550496466    -55.47278470008392     25.69690179427487     22.52143819393541    -10.51329369390408    0.4835536176344511   -0.4220354111784316    0.7811311252235618     0.018122143751457
   -14.70531550496466     6.822729412095576     25.76132829190828     -11.9300347509014    -10.51258254507163     4.886374946262298   -0.2255152894644223    0.1917977941386689   -0.3609166153928598  -0.01059882816086883
   -55.47278470008461     25.76132829190858     106.0787920106447    -48.70850202656152     -49.5261309003114     23.08603545049198  -0.07519760909150837  -0.04129753546733295    0.0578004810530302   -0.6029596988747553
    25.69690179427525    -11.93003475090154    -48.70850202656154     22.55642474396457     22.98424297521192    -10.69219566021296   0.03628397347000437   0.02269256324153337  -0.02659619052456644    0.2801224705482642
    22.52143819393637    -10.51258254507206    -49.52613090031254     22.98424297521244     29.91644209163871    -13.50122103437809   -0.7970891533690398    0.7899404633300722    -1.224223671901356    0.6900561735789915
   -10.51329369390453     4.886374946262495     23.08603545049252     -10.6921956602132    -13.50122103437809      6.29512706139889    0.3688245282894898   -0.3632997765508022    0.5666040534873001   -0.3311032377600321
    0.483553617634339   -0.2255152894643703  -0.07519760909129707   0.03628397346990694   -0.7970891533691373    0.3688245282895354    0.5455756492204318   -0.1690864794558264   -0.1142424528199811   0.06823615415007032
  -0.4220354111783538    0.1917977941386338  -0.04129753546747381    0.0226925632415986    0.7899404633301368   -0.3632997765508325   -0.1690864794558264    0.6234424549908864  -0.00450199510467466   -0.1930048366272677
   0.7811311252234596   -0.3609166153928129   0.05780048105322245  -0.02659619052465558    -1.224223671901449    0.5666040534873432   -0.1142424528199805 -0.004501995104675214    0.5375778210837563   -0.1775992277087607
  0.01812214375151127  -0.01059882816089336   -0.6029596988748491    0.2801224705483074    0.6900561735790297     -0.33110323776005   0.06823615415007131   -0.1930048366272683   -0.1775992277087596    0.4267731291266975

cov*(cov_.inverse()):
     1.000000000000031 -8.617401497240662e-15  2.333896964579196e-14 -5.828714247368971e-14 -2.540762739089431e-14  1.809576793965206e-14  2.172741153660951e-16 -2.220229208815816e-15  1.252470349655255e-15 -1.446325698095663e-15
 1.152758444256108e-13     0.9999999999999576 -1.657562975765359e-13 -3.577693696854567e-14  5.662137425588298e-15 -5.384581669432009e-15  1.762479051592436e-15  -1.52655665885959e-16  3.608224830031759e-16   9.71445146547012e-16
 3.966174177277848e-15 -1.709434460303583e-15     0.9999999999999912  6.580239825249024e-15  -2.61483543151364e-14 -5.092714444598911e-15 -1.011452206711727e-15  5.117434254131581e-17  2.200930410145574e-16  5.737597896793289e-16
 -1.17128529097954e-14 -6.536438057480609e-14 -1.778577285449501e-13      1.000000000000175  1.494360191145461e-13 -1.687538997430238e-14 -1.110223024625157e-16  -3.33066907387547e-16  1.665334536937735e-16  1.332267629550188e-15
 1.997534082587293e-14 -4.128425032390304e-15 -2.016442568475441e-14  1.464106613724425e-15      1.000000000000013 -3.400058012914542e-15 -6.591949208711867e-17 -4.510281037539698e-17 -2.081668171172169e-17 -1.387778780781446e-17
-7.326084183745252e-14 -9.235667786100521e-15 -2.344791028008331e-13 -1.043609643147647e-14  1.034727858950646e-13      1.000000000000031  1.332267629550188e-15  1.221245327087672e-15  6.661338147750939e-16 -8.881784197001252e-16
-3.949618410103994e-14  1.769417945496343e-14  8.748557434046234e-14 -3.730349362740526e-14 -7.105427357601002e-15 -1.332267629550188e-15     0.9999999999999999 -1.110223024625157e-16 -1.110223024625157e-15  4.440892098500626e-16
-7.743805596760467e-15 -6.002143226879753e-15 -1.043609643147647e-14  1.110223024625157e-15  1.865174681370263e-14  -1.77635683940025e-15  2.775557561562891e-17                      1  6.661338147750939e-16  4.440892098500626e-16
-2.003952559448408e-14  1.268429805634241e-14  -1.77635683940025e-15 -1.354472090042691e-14  3.996802888650564e-15  1.310063169057685e-14  6.661338147750939e-16 -1.110223024625157e-16     0.9999999999999971 -4.440892098500626e-16
 3.524958103184872e-15  -4.53109771925142e-15 -3.463895836830488e-14  6.661338147750939e-15 -1.332267629550188e-15  4.440892098500626e-16  5.551115123125783e-17 -1.110223024625157e-16  1.110223024625157e-15                      1
