10
1

0.3053519843540523
0.9235914419186335
  1.10148905025374
 1.182102387010919
 1.701806360164844
 1.977910465275852
 2.081056024248018
 2.867079963044779
 6.463488250209193
 14.07533870956597

  -0.4425808019099445    0.2034047595428123    0.7669527479807531   -0.3635713684277626  -0.09341726422727482   0.04315632316528704  -0.09479564553831867 -0.004426707846576363   -0.1295725682301844   0.07722671767213442
  -0.7798774413972851   0.05462426776655122   -0.4102856774877837   0.08450918529601027    0.3279550979211424   -0.1807308186679464    0.1037982232208145  -0.03674966466756403   -0.2087310609221861    0.1319840382775763
 -0.02835963945928115 -0.002582179204106363   0.05159131042648939 2.162120799340637e-05    0.2669527226974002   -0.4274568316174214   -0.5219673050986914    0.5218463600482064    0.1867984879542195    -0.403580393700937
   0.4092506208613344   0.09313338931240829    0.2070968233541177 -0.002943121635055278    0.5030029582119293   -0.4456452930605468    0.1510997767949955  -0.08823490316317865    -0.473340640227931    0.2732448340580224
   0.0733149408365644   0.07188491550861383  -0.04371874448679455  -0.05066581114500743    0.4976411352254956    0.5803117695200304   -0.4155561341943264    0.1044325848280775     0.144666833205089    0.4427743420208344
 0.009497606780631057   0.04569824757073171   -0.1323924484044625   -0.1689761668629262   -0.2101263540639572   -0.4361868626896662   -0.4623439362362021   -0.5310589595214072    0.3057055750145508    0.3578928107123724
   0.1389674481931326    0.3576883113884091   -0.4197606685591317   -0.6584314612934203     -0.23203551996296    0.0372561627094674  -0.05584895066440509    0.2696473875686138   -0.3345212280801008  0.007371364539350308
  0.03604746105309418     0.161880173539363  -0.04489642993427134   -0.1611497919552964    0.3245417635363215    0.2036712747979487   -0.1413124270026346   -0.5924424951150905   -0.1089904084336556   -0.6441000539258041
 -0.03916264406997669   -0.8159581939507654  -0.01450006621347291   -0.1724124010963974  -0.08498396314417132   0.07275334067208734   -0.2964756377420425  -0.04115322648323471   -0.4479034532905257 -0.004243488810796091
 0.003563912745956178    0.3460816860784523  0.005859900510809356    0.5833679328871412   -0.3182028275018159   0.09471560266352533   -0.4330401565357753  -0.01412974947050736   -0.4918455053309574  0.001663913178319686

22.68200743787008
42.55143646991885
50.54940051836665
96.34698595648645
68.99966657844622
131.6060135388254
81.51567467914859
155.7516290060681
96.57429764392269
185.1281490885338

1.92680654210558

   0.06651170255424263   -0.03451355519186305   -0.06481243307819809     0.0335102458795774 -0.0007070669676412743  0.0003635027786499233 -0.0006244608141889318 -7.457081997020716e-05 -0.0007178077197770071  0.0004891951996372166

-0.009144628272977911  -0.02088023691854684 -0.006707945555716248   0.01446627240418475   0.01087369847146679  0.008789436317774388   0.01072079159552939  -0.04882501106829883    0.8903956190798492     1.653527733701551

cov:
    0.948920943949851       1.8681499214761    0.1056788657492176    0.1900190684336683   0.03289539079141231   0.01593513302466627   0.03763526623669868   0.00274606156696813   0.06107326099893091  0.008167803533488342
      1.8681499214761     52.35432098279157    0.1755214867911105     44.59675797277924    -18.70373934080558     4.321372937109612    -20.00409708169461  -0.02472108917110101    -19.10759330933283    -0.386331468662112
   0.1056788657492176    0.1755214867911105      1.13094296228943     2.075635196854405   0.07074817894615382   -0.0139492198742189   0.09057142113978732   0.01848589657326365    0.1105177018420728 0.0005252518345594053
   0.1900190684336683     44.59675797277924     2.075635196854405      70.8926140730463     -35.8414848042699     10.23712153185997    -47.18961509148426   -0.9871135125430736    -52.75214579085127    0.7592778742064944
  0.03289539079141231    -18.70373934080558   0.07074817894615382     -35.8414848042699     22.88298958307817    -5.031021667765896     27.77908214821976   -0.1307920100455619     32.26967940267873    -1.374018796503582
  0.01593513302466627     4.321372937109612   -0.0139492198742189     10.23712153185997    -5.031021667765896     4.592296352994725    -9.021759405191299   -0.4669064914055046    -10.87606649560043    -0.906290149984248
  0.03763526623669868    -20.00409708169461   0.09057142113978732    -47.18961509148426     27.77908214821976    -9.021759405191299     42.70991947902849     2.827439247998095     46.98883522980996   -0.1997229283845524
  0.00274606156696813  -0.02472108917110101   0.01848589657326365   -0.9871135125430736   -0.1307920100455619   -0.4669064914055046     2.827439247998095     4.787707036705894     1.878875497440992     2.244976215782057
  0.06107326099893091    -19.10759330933283    0.1105177018420728    -52.75214579085127     32.26967940267873    -10.87606649560043     46.98883522980996     1.878875497440992     57.71022105401882    0.8005548994441191
 0.008167803533488342    -0.386331468662112 0.0005252518345594053    0.7592778742064944    -1.374018796503582    -0.906290149984248   -0.1997229283845524     2.244976215782057    0.8005548994441191     4.798029235532184

cov.inverse():
   2.940854804621424  -0.9732143416492844   -3.221017200461086    1.624280865379952    0.290804053441836  -0.1444883162960253   0.3977378195243281  0.02401849270558025   0.6564824962414516   -0.388285314663939
 -0.9732143416492706   0.5050321846330065    1.622653111635697  -0.8443230221660079  -0.1516058288856102  0.06892211144853158  -0.2070469913147221 -0.01123022052969292  -0.3427014509027612   0.1991749809007783
  -3.221017200461079    1.622653111635694    6.584941144647938   -2.960413122127476  -0.8199165053986545   0.3589459807871683   -0.801281992027513 -0.01611369024383494   -1.006993841833457   0.5790983599216315
   1.624280865379947  -0.8443230221660066   -2.960413122127473    1.539935372509694   0.4243981652821247  -0.1862444762035203   0.4180432916159988 0.005673289493365033   0.5232259140680168  -0.3003137954457555
  0.2908040534418357  -0.1516058288856097  -0.8199165053986546   0.4243981652821244   0.5822062460922072  -0.2383036224489303  0.02656726850474567  0.08210187708486182 -0.05595674357339108  0.01396929157867726
 -0.1444883162960271  0.06892211144853233   0.3589459807871727  -0.1862444762035221  -0.2383036224489309   0.5214420552462414  0.03341828756275102 -0.08227885651290651  0.05770509995757405  0.09574060488996332
  0.3977378195243177  -0.2070469913147177  -0.8012819920274959   0.4180432916159909  0.02656726850474217  0.03341828756275354   0.4703707336508719  -0.1792096453000572 -0.07165596682929931  0.04589233783104758
 0.02401849270558433 -0.01123022052969493  -0.0161136902438428 0.005673289493368898  0.08210187708486351 -0.08227885651290746   -0.179209645300056   0.3672019994779127  0.07659831472772394   -0.185923437092822
  0.6564824962414603  -0.3427014509027643   -1.006993841833469   0.5232259140680229 -0.05595674357338823  0.05770509995757304 -0.07165596682929588  0.07659831472772317   0.4846595779855933   -0.236213795582619
 -0.3882853146639439   0.1991749809007801   0.5790983599216382  -0.3003137954457591  0.01396929157867569  0.09574060488996382  0.04589233783104537  -0.1859234370928215  -0.2362137955826189   0.4229780068497705

cov*(cov_.inverse()):
    0.9999999999999958 -1.259517663776411e-14 -3.213575239247035e-15  2.881375693597477e-15 -4.762358042642578e-16   2.30067701001424e-16  1.729519305548877e-15 -2.287666583944414e-16 -2.664318418665879e-15  1.389079823388428e-15
-9.214851104388799e-15     0.9999999999999977  6.800116025829084e-15 -5.828670879282072e-16  7.199102425303749e-16  7.077671781985373e-16  1.925543058334256e-15 -2.636779683484747e-16 -1.179611963664229e-15 -2.775557561562891e-16
-6.034940342597439e-16 -1.607627876307194e-15      0.999999999999992 -2.683779847661993e-15  1.295918057651717e-16 -8.238920071353129e-16 -1.953193601864425e-15  4.642418177311369e-16 -1.306273882464848e-15  3.916409297560763e-16
 2.442490654175344e-14  6.328271240363392e-15 -2.392530618067212e-14     0.9999999999999978 -1.306246777410536e-15 -3.608224830031759e-16  7.702172233337023e-15 -7.494005416219807e-16  1.942890293094024e-16 -2.275957200481571e-15
-7.105427357601002e-15 -4.496403249731884e-15  1.998401444325282e-14 -7.605027718682322e-15     0.9999999999999957  2.414735078559715e-15  -1.40165656858926e-15 -1.221245327087672e-15  -6.38378239159465e-15  2.220446049250313e-15
-2.609024107869118e-15   3.83026943495679e-15  6.661338147750939e-15 -2.220446049250313e-16 -6.401129626354418e-16      1.000000000000001 -8.118505867571457e-16  1.665334536937735e-16  5.828670879282072e-16  1.665334536937735e-16
 1.137978600240785e-15  -8.23646706393788e-15  4.107825191113079e-15 -7.230327447871332e-15 -2.286365541337432e-15  4.544975507059235e-16     0.9999999999999972  1.068589661201713e-15 -2.872702076217593e-15  2.456368441983159e-15
 -3.33066907387547e-16  1.110223024625157e-16  1.110223024625157e-15  -3.33066907387547e-16 -2.775557561562891e-17 -2.775557561562891e-17 -8.326672684688674e-17                      1                      0  1.110223024625157e-16
-2.442490654175344e-15 -8.271161533457416e-15                      0 -1.210143096841421e-14  3.771288836773579e-15 -4.829470157119431e-15 -2.421673972463623e-15 -2.220446049250313e-16     0.9999999999999909  2.720046410331634e-15
                     0                      0 -8.881784197001252e-16  2.220446049250313e-16  1.387778780781446e-17                      0  1.110223024625157e-16 -1.110223024625157e-16                      0                      1
