10
1

0.1277027954148018
0.8926424651836995
 1.013595115411624
 1.063187384913799
  1.39493317119138
 1.761397731310224
 1.871577890663672
 2.464918362819664
 5.076594541139858
 9.925851465862056

     0.57156222770777      -0.2642520277152   -0.7008061153594664    0.3246438287750191   0.04129909181127385  -0.01090007761095068   0.02950404450658175  -0.02616509717207315   0.05025211921330792  -0.03255542512620789
  -0.6698384402944951   0.04173519874736371   -0.5292130476862503    0.0589723070435509    0.3056227329663024   -0.2453427443279069    0.1959340141764848   0.06327882242973545   -0.1908344332421276    0.1833575985869099
-0.002106648345903757 -3.87825813282532e-05  -0.01546176426703706 -0.004019511245084342   -0.2762345460763553    0.2328128945656035    0.3162888711289222   -0.7021268569829893   -0.1062103362721187    0.5147150286846878
   0.4007986004181388   0.04804842222909179    0.3189169280497009   0.01234793667602389    0.3808015194261258   -0.4811898383908739    0.3843376929144116    0.1305642263013025   -0.3117599920842301    0.3109358819285303
 -0.03340793479251015  -0.02349879135411433  -0.02294366725658873 -0.001236398400100566    -0.383002156165664   0.09398702853691986    0.6383806486442599    0.1369722077861435   -0.3673500675715264   -0.5301341835561834
 -0.02241650965724269   -0.0322651834095703  -0.02309575316657781  -0.01683401400544089   -0.2479653269316252    0.1777892814985619    0.3575416371537689    0.5735745722308828    0.4948287666915104    0.4504048264200837
  0.06341336386240501   0.07203790284667426   0.01745753574229998   0.02680196148456648     0.471073779137713    0.7798299998945121    0.0088173024052978    0.1908206015033739   -0.3404150053073285   0.08572174985806165
    0.238849608652133    0.5456886982985323   -0.3538739329139631   -0.6877903285371212   -0.1268434351850485  -0.03544758713184806  -0.08637530674943293   0.07069177569360827   -0.1169796434972533   0.05834694789144516
 -0.03263126830844255    -0.393481245686238 -0.003021020737268961  -0.03870110932965554    -0.421023598665725  -0.05652954493987023   -0.3866834689535798    0.2931728422083281   -0.5700242292463837    0.3189706955335938
  0.01534104767682654    0.6831793657535955   0.01602458999480877    0.6445180010588892    -0.245225855905517  -0.03021724504399159    -0.143376576852215    0.1008598914456535      -0.1352264772854   0.08547398631920404

22.68019818980384
47.45270663291652
35.56282317642417
74.88453518562554
72.82469684459195
154.7531543942711
87.33252696273554
185.3900088361537
103.2637803543582
220.3116882025062

2.126894163097029

   0.1383145877124943  -0.06504440374731398   -0.1324856451820521   0.06218347599265177 -0.002098554282160221 0.0005784212178411717 -0.001463439447933609  0.001244276464225979 -0.002353490801111287  0.001304903959096196

 0.003407529453809929  -0.01743877395137165  0.001858648183712045   0.01185635663989145 0.0002677060181594942  0.003871973060124326   0.01414833467873571   0.01499457763913301    0.5827866669398341   -0.3051745822327031

cov:
   0.9594952841288322     2.172198941959361  -0.05936275129393329 -0.007072938594265404  -0.04348958242212551   0.01751041631788165  -0.01213414592366557   0.02872815689565486  -0.01961502060190133  0.009384560192473752
    2.172198941959361     51.81085615642577   -0.0535353488050575     41.50339789990869    -12.46498274399204    -1.437727863614197    -6.051103733225463     4.043935007708498    -3.851413744734408     2.735875292250474
 -0.05936275129393329   -0.0535353488050575     1.136519179920436     2.478205952636292 -0.005665885746355385 -0.009921562192168493  -0.01355405904784267   -0.0192919282077145   0.01172596993789592  0.008263592520553554
-0.007072938594265404     41.50339789990869     2.478205952636292     43.84747720367846    -14.54260350916603    -1.669830844602589     -8.36367699089976     5.811919000076855    -7.598966261818862     4.862050209022028
 -0.04348958242212551    -12.46498274399204 -0.005665885746355385    -14.54260350916603     12.16108478101071     2.117759920988645     7.113444884046936    -5.629984769958426     8.723220085958545    -5.348618248124931
  0.01751041631788165    -1.437727863614197 -0.009921562192168493    -1.669830844602589     2.117759920988645     2.790762546469602     1.175140046600872   -0.1312540619440984    0.7155793573153088   -0.4279336302122389
 -0.01213414592366557    -6.051103733225463  -0.01355405904784267     -8.36367699089976     7.113444884046936     1.175140046600872     7.414376616998402      -3.7327230832843     7.534521217581976    -4.242026608842212
  0.02872815689565486     4.043935007708498   -0.0192919282077145     5.811919000076855    -5.629984769958426   -0.1312540619440984      -3.7327230832843     4.961393126852033     -5.12478092826086     3.685797368348429
 -0.01961502060190133    -3.851413744734408   0.01172596993789592    -7.598966261818862     8.723220085958545    0.7155793573153088     7.534521217581976     -5.12478092826086     11.83739932986148    -5.091536003013907
 0.009384560192473752     2.735875292250474  0.008263592520553554     4.862050209022028    -5.348618248124931   -0.4279336302122389    -4.242026608842212     3.685797368348429    -5.091536003013907     4.972823136314787

cov.inverse():
   20.74862174587474   -9.255544552747795   -24.01685704340666    11.30665390012715      1.3385198123268  -0.3369799800199041   0.9886598829023843   -0.923112002281975    1.804005934674245   -1.176643809096861
  -9.255544552747784    4.347977590216157    11.31082776811071   -5.312828911048594  -0.6267707087864522   0.1538334746829812  -0.4655850290691338   0.4317429882596507  -0.8479715445085674   0.5547677629544545
  -24.01685704340661    11.31082776811071    30.57867634882794   -13.94614549097698   -1.850033414869678   0.4956149775807075    -1.29943060959155    1.120703403720535    -2.11329669038035    1.357112424839132
   11.30665390012713   -5.312828911048593   -13.94614549097698    6.549638053869892   0.8685819467606838  -0.2324708679870895   0.6119422406408543  -0.5215346174276015   0.9914137457294656  -0.6411043034811059
   1.338519812326777  -0.6267707087864431   -1.850033414869655    0.868581946760673   0.5930633551919084  -0.2725040992734505  0.04973775978869787   0.1371215160159711  -0.0233369833570298  0.02747442672779727
  -0.336979980019892   0.1538334746829759   0.4956149775806937  -0.2324708679870831  -0.2725040992734502    0.529106568445524  -0.1173026506770613  -0.1358038519080146  0.07061709595711152 -0.03219925977558991
  0.9886598829023713  -0.4655850290691291   -1.299430609591538   0.6119422406408487  0.04973775978869823  -0.1173026506770618   0.5875111219212743 -0.09757445553060326  -0.1486483303256278   0.1228292635869574
 -0.9231120022819724   0.4317429882596512    1.120703403720535  -0.5215346174276021   0.1371215160159706  -0.1358038519080142 -0.09757445553060383   0.6722693622102149   -0.020111755396741  -0.1940410286443906
   1.804005934674255  -0.8479715445085741   -2.113296690380368    0.991413745729474 -0.02333698335702715  0.07061709595711024  -0.1486483303256261 -0.02011175539674154   0.4939190480825837  -0.1279076816191083
  -1.176643809096873   0.5547677629544604    1.357112424839148  -0.6411043034811134  0.02747442672779482 -0.03219925977558877   0.1228292635869563  -0.1940410286443905  -0.1279076816191086   0.6670856557706683

cov*(cov_.inverse()):
     1.000000000000019 -1.014379552577438e-14 -5.182659856828309e-14   1.99475852502573e-14   3.91256037984844e-15 -9.090493115204712e-16  2.955968803064479e-15 -2.819142488896809e-15  3.598250170044892e-15 -1.457167719820518e-16
-3.419486915845482e-14      1.000000000000006 -7.416289804496046e-14 -4.773959005888173e-14  1.956768080901838e-15 -5.551115123125783e-16  2.498001805406602e-15 -2.331468351712829e-15  9.992007221626409e-16  1.110223024625157e-15
 5.620504062164855e-16 -2.525757381022231e-15      1.000000000000009 -1.405126015541214e-16  3.048776509029238e-16  3.404394821604484e-17 -7.567731163948821e-17  2.619432448724979e-16  3.571361956167252e-16 -3.564856743132339e-16
 7.815970093361102e-14 -6.217248937900877e-15 -1.625366508051229e-13      1.000000000000028  4.218847493575595e-15 -2.442490654175344e-15   3.33066907387547e-15 -5.551115123125783e-16   8.43769498715119e-15 -3.996802888650564e-15
 -1.77635683940025e-14  9.325873406851315e-15  2.398081733190338e-14 -1.465494392505207e-14      0.999999999999999   3.05311331771918e-16 -7.771561172376096e-16  8.881784197001252e-16 -2.109423746787797e-15  4.440892098500626e-16
                     0 -4.440892098500626e-16 -4.440892098500626e-16  2.775557561562891e-16   9.71445146547012e-17                      1  1.942890293094024e-16 -1.110223024625157e-16  1.249000902703301e-16 -1.110223024625157e-16
-2.664535259100376e-15 -2.220446049250313e-15 -2.664535259100376e-15                      0  1.235123114895487e-15 -2.220446049250313e-16      1.000000000000001 -1.110223024625157e-16  2.331468351712829e-15 -1.332267629550188e-15
 4.440892098500626e-15 -1.332267629550188e-15  -1.77635683940025e-15  4.884981308350689e-15 -1.054711873393899e-15  1.110223024625157e-16  -3.33066907387547e-16     0.9999999999999989  6.661338147750939e-16  4.440892098500626e-16
 8.881784197001252e-16 -5.773159728050814e-15 -1.598721155460225e-14  1.287858708565182e-14  1.165734175856414e-15 -6.938893903907228e-16   1.77635683940025e-15  -3.33066907387547e-16      1.000000000000002 -1.332267629550188e-15
-3.552713678800501e-15   1.77635683940025e-15  3.552713678800501e-15 -4.884981308350689e-15 -1.498801083243961e-15  1.665334536937735e-16  -3.33066907387547e-16  -3.33066907387547e-16 -4.440892098500626e-16      1.000000000000001
