12
1

0.02350245253385724
 0.1626174525552018
 0.1720745303613083
 0.2129836671096694
 0.4573905177555814
 0.6168518197844532
 0.8121318516294879
 0.8504493307130651
 0.8848548868951848
  1.634360613937338
  2.199138346958794
    3.5575594443443

   -0.2347905347080065    0.09457231235413434     0.7429260149641396    -0.2969599527893257    -0.5051662428910911     0.2014000293290154   0.004342251085164859   0.001019614470344298 -0.0001185634152261174 -0.0002955923485619576   0.005501792982150265 -0.0001859829666999488
   0.04914573821176246   -0.01857297508017117    -0.1051355156526108  -0.008865815884002979    -0.1452413355753554    0.05165946775509803     0.9699143227095366    0.06633547150959582    0.00642553438216853   0.005601679993194372     0.1307847844586253   0.005692202278446865
  -0.07397680783847943    0.02917019998769287    0.01329976156597385   -0.01008868364714699    0.04614109621765401   -0.02445030060405357     0.1456615542580926    0.01323527532638721   0.007224858477017702  -0.001917035560317527    -0.9844879749329142   0.002478080861795814
    0.6755273544155722    -0.2639670330769784     -0.186470302963277    0.05673682812826071    -0.5794412468721976     0.2359238576589008    -0.1408811151323296   -0.03051243455188238    0.08773084141802105    -0.0102181948639073    -0.1154202695688281    -0.0517714613407518
   -0.5533346673344191     0.1788550303309403    -0.6131659235869173    -0.1835447387240504    -0.4238623871720801      0.201885090239526    -0.1014771040478557    -0.1367926104113513    0.04369812433422196   -0.01488776830962152 -0.0009695672970774584    -0.0247317100926954
   0.02062364163436613   -0.01073787614802494   -0.05529435342072336   -0.03072039390039536   -0.03798732987057081    0.09317684436021212   -0.02661808320085311     0.1649688673271669    -0.7152719701984671     0.6675111425718455   -0.01465605166794225   0.003166629782030197
  -0.03294349930015709   0.008088388740497412    0.03194378191364282     0.1189397317407288     0.3391451150716509     0.8648884117381814   0.003442859315005099     0.1425291082771123    0.04814070884073441   -0.07425262412176335  -0.001499117148844143      -0.30409083777807
   0.03110667394127907   -0.01648916497162343    0.08921607408087701    0.08314769810488251    0.06320364762926997  -0.001363841823710125    0.08219426093153297    -0.9019004721027769    -0.1170164417171782      0.116257549085831  -0.001441886259901245    -0.3640051799978475
  -0.04347639781456594    0.01935645407168106   -0.01208311266521127   -0.00257526864949783    -0.1191948359111617    -0.3202671055371639   -0.01815897358074027     0.3355471611189947    0.01903102515277514   -0.02051734580836293   0.005870530793915702     -0.875822367215974
    0.2795861668808892     0.1096894662768172    -0.1146533738268433    -0.8208111202872967     0.2118660551749713    0.01800971043726823   0.006250330196530964   -0.04653108139565339    -0.2662731345493055    -0.3179561117962789  -0.002598455281096609    -0.0591903590931216
   -0.1288313425284032    -0.1613587738526386    0.02685434034864746      0.347585911816772    -0.1389097483123219   -0.01046517524242925  -0.002436913110868813   0.007768658722828488    -0.6214942570985994     -0.655131660477016  -0.008018434235601864    0.02898415890850278
    0.2744716777584606     0.9215729941440346   0.006084431785494378     0.2411829762929196   -0.08557943144593744   0.005763376071409861  -0.005826333705693531   0.003006620299381509   -0.07181387557646089   -0.06575608866544598  -0.001040348284216365    0.01673458820306992

35.75116265504254
77.35747035751984
49.86576679295163
112.5226146754313
56.65858635423263
129.4687674403094
67.65242368113333
158.1585995215447
79.66754744268641
187.2453246572357
107.5105045975538
259.2618831465569

2.484540080977479

    0.1725066084198148   -0.06916894695367673    -0.1655841485822344    0.06593113097064096   -0.01071627896965466   0.004359357396083937  0.0004379191442351873  0.0004949620435852661  0.0008723593122133735 -0.0005432249444869228     0.0036635174798056 -0.0004515405572516032

-0.0001012628517539619  0.0007749602795700126  -0.000644830582977745   0.007995162223079099  -0.002726344745251387   0.004289235034406134  -0.002155305531985395  -0.002809099768203535  -0.005107950543244346   0.008698754449579602    0.04170671727114843  -0.007583800164367698

cov:
     1.330589467066599      3.353608017483746    -0.0149252975968326    0.03042659378046959   -0.02361241343837147    0.01675476360222488  -0.003498605123015451   -0.04770444302839816   -0.07341326101012059   -0.04610473204357155  -0.001972195620055158    0.02540412816465062
     3.353608017483746      10.91742133386195  -0.005041680390538111       2.29349587417674    -0.8371241251907164    0.08475419044985152    -0.0678120303308276    0.02652596176072584    -0.4251847259786805    -0.3541332610907394  -0.006048722515168452     0.1443517572491973
   -0.0149252975968326  -0.005041680390538111     0.1276122898087427     0.3465973449786239   -0.01687690371683015   -0.01519085916379108    0.01500025167446257   -0.02872163624563984  -0.002728112558290633   0.001294702343755313  0.0001541203849111973   0.005100130663413012
   0.03042659378046959       2.29349587417674     0.3465973449786239       3.14206317143802    -0.9132730987505192    0.02065463183224361   -0.02676176676880991    0.08374828568356295    -0.6765309413868168    -0.6109258316090386   -0.01099963316546719     0.1863764457580233
  -0.02361241343837147    -0.8371241251907164   -0.01687690371683015    -0.9132730987505192     0.4499134277238578     0.2085322915621753    0.02726577235755555    -0.0651598921388373     0.3523965874376683     0.3139341354964452   0.005576646248853614   -0.07052820008891367
   0.01675476360222488    0.08475419044985152   -0.01519085916379108    0.02065463183224361     0.2085322915621753     0.5899639957863809  0.0009180895302992984  -0.004533257588885875    0.01364055451400913  -0.001324460015037601  -0.003024674408195257    0.04193841295908789
 -0.003498605123015451    -0.0678120303308276    0.01500025167446257   -0.02676176676880991    0.02726577235755555  0.0009180895302992984    0.03454466239175066   -0.05596686342051412   0.007008989514261237   0.008051778422732154 -2.971190868745381e-05   -0.01146089083822326
  -0.04770444302839816    0.02652596176072584   -0.02872163624563984    0.08374828568356295    -0.0651598921388373  -0.004533257588885875   -0.05596686342051412     0.7104987148805861     0.0466124995899722   -0.03345376517343006   0.001435201900199634   -0.01116814779244739
  -0.07341326101012059    -0.4251847259786805  -0.002728112558290633    -0.6765309413868168     0.3523965874376683    0.01364055451400913   0.007008989514261237     0.0466124995899722      2.329808087346454      2.060673404814355    0.03038873615626536   -0.05341879034307727
  -0.04610473204357155    -0.3541332610907394   0.001294702343755313    -0.6109258316090386     0.3139341354964452  -0.001324460015037601   0.008051778422732154   -0.03345376517343006      2.060673404814355      2.583790197158846     0.0247450407589606   -0.05622762486361577
 -0.001972195620055158  -0.006048722515168452  0.0001541203849111973   -0.01099963316546719   0.005576646248853614  -0.003024674408195257 -2.971190868745381e-05   0.001435201900199634    0.03038873615626536     0.0247450407589606    0.03020938115578511  -0.004073002588675263
   0.02540412816465062     0.1443517572491973   0.005100130663413012     0.1863764457580233   -0.07052820008891367    0.04193841295908789   -0.01146089083822326   -0.01116814779244739   -0.05341879034307727   -0.05622762486361577  -0.004073002588675263     0.7746296771916488

cov.inverse():
    111.645721997902   -44.67770690409032   -317.1874309111004    127.4722352176768    206.8491849938555   -82.48953736160037   -2.233182891317183  -0.4963804865876925    1.175054993423861  0.05682752105662837    -1.35336099275123   -0.580387517390381
  -44.67770690409026    18.00103681934749    127.8411406626909   -51.36167233349128   -83.32632898695417    33.22333142006152    0.937174790259072    0.225627286669436  -0.4623664872119004 -0.02859126016004318   0.5517215924396698   0.2273701915373164
  -317.1874309110997    127.8411406626907    1002.241863162997   -399.0150569399681   -675.1997073024011    269.1355188753663    2.940323068151254    1.508483875907564  -0.5709902374141906  -0.4110237756901833     6.91685014362197 -0.03022159563041666
   127.4722352176765    -51.3616723334912    -399.015056939968    160.2038813824739    271.2603064691548   -108.0235740505497   -2.786371768800727   -0.570549386354481   0.2192181764526186   0.1534879272929513   -2.808838663964846 -0.01928928880022857
   206.8491849938545   -83.32632898695384   -675.1997073023997    271.2603064691544    471.3535330041072    -187.449340520516   -7.051153648728038   -0.686305856281731   -1.044526491474769   0.2997728841752541   -5.808110632189075   0.7933111276496184
   -82.4895373616001    33.22333142006143    269.1355188753659   -108.0235740505496   -187.4493405205161    76.26429593551644    2.532379666306681   0.2911414084283085   0.3417332702422092 -0.08925571762166391    2.465284881905847  -0.3913661798046763
   -2.23318289131703   0.9371747902590074    2.940323068150771   -2.786371768800536   -7.051153648727721    2.532379666306555     36.8230986115702    2.546067698059473  0.01289117901121824   0.1988782745358094    0.356663877879784   0.3692632380594547
 -0.4963804865877391   0.2256272866694547    1.508483875907717  -0.5705493863545427  -0.6863058562818384   0.2911414084283512    2.546067698059478    1.655773073091737   -0.210462185831106   0.1533176746158621  -0.0258923797201615  0.08134817511777538
   1.175054993424031  -0.4623664872119688  -0.5709902374147291   0.2192181764528337   -1.044526491474403   0.3417332702420634  0.01289117901122087  -0.2104621858311066    1.656438157446843   -1.185165173529892  -0.4039358464157173 -0.09172795627972095
  0.0568275210564862 -0.02859126015998598   -0.411023775689737   0.1534879272927737   0.2997728841749548 -0.08925571762154462   0.1988782745358066   0.1533176746158627   -1.185165173529892    1.330346037823717  0.09004081698981223  0.02182902666166226
  -1.353360992751225   0.5517215924396691    6.916850143621983   -2.808838663964853   -5.808110632189095    2.465284881905855   0.3566638778797867 -0.02589237972016173  -0.4039358464157137  0.09004081698981095    33.72906691448073  0.07048514815806682
 -0.5803875173904129   0.2273701915373293 -0.03022159563031427 -0.01928928880026963   0.7933111276495481  -0.3913661798046482   0.3692632380594553  0.08134817511777562 -0.09172795627972105  0.02182902666166227   0.0704851481580674    1.368126405590213

cov*(cov_.inverse()):
    0.9999999999999913 -1.189673359824894e-14  7.038315243124149e-14  1.024842103541923e-14  2.115668751301314e-14 -1.289940376736354e-14 -7.441963711940502e-16 -1.721713049906981e-16 -1.340073885192083e-16  4.065758146820642e-17  -1.16009632455949e-16 -1.179611963664229e-16
 1.734723475976807e-14     0.9999999999999786  7.893772441258662e-14  7.434114088211707e-14  -5.22221155208058e-14 -2.427225087586748e-14 -1.200428645375951e-15  6.071532165918825e-17  3.677613769070831e-16  2.211772431870429e-17  -4.31946145518225e-16 -4.163336342344337e-16
 -2.54830878620993e-15   1.65449251521288e-16      1.000000000000012  4.560316967799904e-15  8.743006318923108e-16 -3.469446951953614e-15  2.350550309948574e-16 -1.215932736442493e-16  2.522938455373769e-16 -3.851899268297876e-16  1.832301671500502e-17 -1.214306433183765e-17
-3.076705556992465e-14  1.749989042565403e-14 -1.256807158345197e-13      1.000000000000055  9.420242363944453e-14 -7.109590693943346e-14  1.360023205165817e-15  4.336808689942018e-17  1.006139616066548e-16  8.586881206085195e-17  8.170547571850761e-16 -1.665334536937735e-16
-1.026262408387879e-14  3.368832990346959e-15  1.253467815653941e-13  7.084176995020286e-16     0.9999999999999558  2.910865992689082e-14  4.961309141293668e-16  1.769417945496343e-16 -2.697495005143935e-16 -9.519295074422729e-17  7.311859451242242e-16  2.775557561562891e-17
 7.813194535799539e-15 -4.586608870482678e-15 -3.022560500498539e-14  1.729681935874749e-14  3.166217288352868e-14     0.9999999999999954  -5.48172618408671e-16 -3.295974604355933e-17 -3.512815038853034e-17  5.778797579347739e-17 -6.466181756703548e-16  8.326672684688674e-17
-1.222980050563649e-16 -5.872038966181492e-16  6.711211447685272e-16  2.087034971925972e-15  2.929947950924827e-15 -4.440892098500626e-16                      1 -1.170938346284345e-16 -1.769417945496343e-16   1.18774347995787e-16  4.933119884809045e-17  2.775557561562891e-17
 1.046211728361612e-14 -6.765421556309548e-16 -2.535287518118379e-14  5.967042181545534e-15  1.210143096841421e-14 -3.259545411360421e-15 -4.241398898763293e-16                      1  9.085614205428527e-17 -6.871131268126884e-17 -1.382357769919018e-16 -3.469446951953614e-18
 1.782254899218572e-14  -2.84668122407794e-15 -2.882243055335465e-15  4.661397136340728e-14   4.04121180963557e-14 -2.016789513170636e-14 -8.326672684688674e-17 -3.556183125752455e-17                      1  -8.59772322781005e-16 -1.040834085586084e-16   9.71445146547012e-17
-1.214306433183765e-15 -9.506284648352903e-16  2.844968184645413e-14  1.261881224512429e-14 -1.705580121580397e-14  5.211109321834329e-15 -4.302114220422482e-16  1.335737076502141e-16  -7.91033905045424e-16                      1  4.033232081646076e-16  8.326672684688674e-17
-3.122502256758253e-17  2.743031496388326e-17  1.133208110681849e-15  2.193476520209736e-16 -5.052382123782451e-16  1.994931997373328e-17  3.729655473350135e-17  3.474867962816042e-17 -8.294146619514109e-18   5.02663232218592e-17     0.9999999999999996  8.673617379884035e-18
 1.110223024625157e-16  5.551115123125783e-16  1.051242426441945e-15 -5.309988559965007e-15  4.440892098500626e-15  4.496403249731884e-15  6.106226635438361e-16  6.938893903907228e-17  6.938893903907228e-17  3.122502256758253e-17  1.387778780781446e-17                      1
