12
1

1.207944467829601e-09
  0.02323227264877715
  0.02850242313986184
  0.03784319237036964
  0.04338725435052312
    0.189003408014498
   0.4948608267708725
   0.5720084302272325
    1.622775452270021
     1.79621510571939
    2.691799729061367
    3.657685104608558

                     0 -2.215310477110646e-17   1.17739550500435e-16 -8.518273290520373e-17  -2.01297293694599e-15  7.896475821382972e-16 -4.438227518875525e-15                     -1  1.095037206040513e-16 -1.695309189418589e-16  1.384377921093522e-14 -4.621908196874187e-16
   0.06543778497233255    -0.0389639760163783    -0.1021127299611519    0.05812775541607541   -0.04150770049685636    0.01501198679558178     0.8843123657359683 -9.915384001610407e-15  -0.001409640390171275   0.006517747453364481    -0.4418870356238428    0.03359508578832361
  -0.09153002749980335    0.05684297049626343     0.1226465119658407   -0.06787629566959398    0.03465687925785716   -0.01445390486476581    -0.4161703117399891 -1.055727177440101e-14  -0.009760682829216044    0.01062718937803479    -0.8908317487223274     0.0185638553455672
    0.1679896530071978    -0.1000491469671285     -0.210364298197176     0.1182700752171587     0.8875081939765033    -0.3389127626794625  -0.009423518481394669 -2.254226662713258e-15   0.002341791978223567  -0.002241083934990005   -0.01774428918645003    -0.0241220230738051
   -0.5091376977981052       0.28560502649742       0.62562234167721    -0.3471913516922644     0.2856360270668403    -0.1085790825316809     0.2096694993838671 -1.208864367167557e-16     0.0133062413472549   -0.01383362433405879    0.09763344911487822  -0.004904357630683542
  0.007494295342833539   -0.01549405075173191   0.005861166022577484   -0.01753415093882251   -0.01741548184751666    0.02494032680116395    0.02155450873376126 -4.681061601630313e-17   -0.01316866574614322  0.0002695718894429461   -0.03142558160595289    -0.9984042271799713
   -0.2701937482564338     0.1119667336923834    -0.2098534957358557    0.06971552930216271    0.01518349143839592    0.01754730692389294  -0.001312560140140899 -1.526875820624992e-19    -0.6134644848258025     0.6988554921873255    0.01671494198699648   0.001677097400859292
     0.668706448082232    -0.2625799245664551     0.5544191664032232    -0.2031980445861644   0.009165137159477411    0.01230113211381259    0.01612444429580487 -2.713480383508081e-20    -0.2582809815529949     0.2599841750997685   0.005317183739003848      0.019722769520349
    -0.105012615267449   -0.04587379128297995     0.4301743470321983     0.8880270290003621    -0.0398168794205603     -0.098802535379253  -0.002529606102161143 -9.394355781718443e-23    0.02450129105090304     0.0322105938628466  0.0004575119749133682   -0.01530372829316159
    0.1543951200319533      0.307431839963389   -0.04798847458516442   -0.05937537167612675    -0.3301530759593206    -0.8686146425226806   0.001100187257193087 -2.683853351826403e-23    0.06488415664714245    0.08788308968373068    0.00233320455398039   -0.01967195898960925
   -0.3804828411788274    -0.8497025610258244   0.008217371600789568     -0.132443957809885    -0.1243829578903001     -0.315275112467529  -0.001639349289134651 -3.634397944899696e-26   -0.02545340988163303  -0.006974748706577104   -0.00251073894054473   0.007376108260816978
  0.006049535053355069    0.05772873891881246 -0.0007268921966507425    0.03699107187940565   -0.03379174988781222   -0.09045145957951735   0.002682463494032784  -1.74073209923645e-26    -0.7423212953179669    -0.6594298600564451  -0.000554213453555333   0.006513875753136997

22.38786997435234
26.30974542089255
35.39088690570536
49.43728159709148
68.45962354197094
107.8576445981681
85.15334016964022
134.4140014648438
94.78001495806443
156.1889718297017
107.5216346628166
182.6756935579231

1.77440963887752

    0.1392477130635996   -0.07750262663213145    -0.1362476602961973    0.07736326019630192   -0.01999543301767463   0.006752124895268624   -0.01423810667155408  -0.002940907581734107  0.0002513077645427387 -6.052746252438587e-05  -0.007883696915073228   0.001114467320676488

  4.29116600142685e-21  1.209134821674132e-05 -2.188306721469838e-05  7.041823147502895e-05 -0.0004053519558314305 -2.033334225489352e-05  -0.003136739658823256   0.007125535979362268  -0.002181557578220339  0.0009963101858693709    0.01384391479483978   -0.01042489984205781

cov:
     1.320120125717586      2.447876848289978   -0.03104974201067966    0.04426758520096982     0.1876567566671965     0.4580539392738425   0.009463754547308995                      0    0.01970370684312179    0.01138305116471385   0.007914513169129431   -0.02143951868377472
     2.447876848289978      5.612293978032667    -0.2037357119709159     0.6969950228930545     0.4166982714847699      1.020976642781217    0.01220471496884047                      0    -0.3498273347329991    -0.3862593428070254    0.01733108103591823   -0.05914074081521898
  -0.03104974201067966    -0.2037357119709159     0.6074136871116197     0.9660217926633136 -0.0001118770381397616   0.005976145947333783 -3.085134475641833e-06                      0   0.008097759187370924    0.04011192428453757  0.0001678333898683964   -0.01063073140004062
   0.04426758520096982     0.6969950228930545     0.9660217926633136      2.248423882859989    0.07239717843728606     0.1926204645445358  -0.004421458396663724                      0    -0.2913752533866562    -0.2665084294580771   0.002678097850963844   -0.03653274692084923
    0.1876567566671965     0.4166982714847699 -0.0001118770381397616    0.07239717843728606     0.4846102923106972      1.260241200404129 -0.0005426301481611665                      0     0.2838134954829525     0.2107837496373894  9.246456367307282e-05    0.01361966703968202
    0.4580539392738425      1.020976642781217   0.005976145947333783     0.1926204645445358      1.260241200404129      3.290000281777015  -0.001874005770957292                      0     0.7645403784220578     0.5633034932391457 -0.0001908154567288211    0.03358944581186377
  0.009463754547308995    0.01220471496884047 -3.085134475641833e-06  -0.004421458396663724 -0.0005426301481611665  -0.001874005770957292  0.0008842506095032829                      0   -0.02743855841918174   -0.02234394252869765  0.0001426972887260886 -0.0004788153225497174
                     0                      0                      0                      0                      0                      0                      0                      0                      0                      0                      0                      0
   0.01970370684312179    -0.3498273347329991   0.008097759187370924    -0.2913752533866562     0.2838134954829525     0.7645403784220578   -0.02743855841918174                      0      7.506041217978812      6.443774464995912   0.003549197551908253    -0.0726063700887466
   0.01138305116471385    -0.3862593428070254    0.04011192428453757    -0.2665084294580771     0.2107837496373894     0.5633034932391457   -0.02234394252869765                      0      6.443774464995912      5.987402484838103   0.009017575494389193   -0.06276044894619986
  0.007914513169129431    0.01733108103591823  0.0001678333898683964   0.002678097850963844  9.246456367307282e-05 -0.0001908154567288211  0.0001426972887260886                      0   0.003549197551908253   0.009017575494389193  0.0009493306468182057  0.0007912327655591135
  -0.02143951868377472   -0.05914074081521898   -0.01063073140004062   -0.03653274692084923    0.01361966703968202    0.03358944581186377 -0.0004788153225497174                      0    -0.0726063700887466   -0.06276044894619986  0.0007912327655591135    0.03856530650262657

cov.inverse():
                 nan                  nan                  nan                  nan                  nan                  nan                  nan                  nan                  nan                  nan                  nan                  nan
                 nan                  nan                  nan                  nan                  nan                  nan                  nan                  nan                  nan                  nan                  nan                  nan
                 nan                  nan                  nan                  nan                  nan                  nan                  nan                  nan                  nan                  nan                  nan                  nan
                 nan                  nan                  nan                  nan                  nan                  nan                  nan                  nan                  nan                  nan                  nan                  nan
                 nan                  nan                  nan                  nan                  nan                  nan                  nan                  nan                  nan                  nan                  nan                  nan
                 nan                  nan                  nan                  nan                  nan                  nan                  nan                  nan                  nan                  nan                  nan                  nan
                 nan                  nan                  nan                  nan                  nan                  nan                  nan                  nan                  nan                  nan                  nan                  nan
                 nan                  nan                  nan                  nan                  nan                  nan                  nan                  inf                  nan                  nan                  nan                  nan
  -2.246002283559472    1.212059862398759    2.960317267457397   -1.599337892163984    3.118757335645778   -1.262359805761947    4.139758470293224                   -0    2.007170376902143   -2.163496203323799    12.48396647849098 -0.03753658755550632
    2.83481009390411   -1.552643540605797    -4.05133936316172    2.225261483343797   -3.492996365108558    1.360412311816125    3.717679506474451                   -0   -2.163496203323797    2.559155075137417   -17.62738638889094   0.7341884764746234
   18.29199533194702   -14.36159803415517   -15.84494028090131    7.385407541943667  -0.1864378585110939    2.105877746230124   -256.6637635072985                    0    12.48396647849092   -17.62738638889087    1343.937804881616   -46.93761367249933
  0.3066806398260752   0.2303236913670055   -1.773884291995019    1.452827492423757   -16.99524098441237    5.904852965701006    44.54361150979607                   -0 -0.03753658755551498   0.7341884764746327   -46.93761367249943    30.84022734219043

cov*(cov_.inverse()):
nan nan nan nan nan nan nan nan nan nan nan nan
nan nan nan nan nan nan nan nan nan nan nan nan
nan nan nan nan nan nan nan nan nan nan nan nan
nan nan nan nan nan nan nan nan nan nan nan nan
nan nan nan nan nan nan nan nan nan nan nan nan
nan nan nan nan nan nan nan nan nan nan nan nan
nan nan nan nan nan nan nan nan nan nan nan nan
nan nan nan nan nan nan nan nan nan nan nan nan
nan nan nan nan nan nan nan nan nan nan nan nan
nan nan nan nan nan nan nan nan nan nan nan nan
nan nan nan nan nan nan nan nan nan nan nan nan
nan nan nan nan nan nan nan nan nan nan nan nan
