12
1

0.06171399964822787
 0.2738472478248357
 0.7830125153847324
 0.9129685246115175
  1.038797978304351
  1.181232240575143
  1.386767658557154
  1.725838519572266
  2.135851090642218
  2.644514179894031
  4.935585220107109
  9.175036206115331

   -0.3961145143052485     0.1872688775047858     0.7384627128485789    -0.3482681051844944    -0.3399018004606757     0.1608466980591048 -0.0003592315661322341  0.0007121056185684701 -9.777569855439942e-05   1.91997728655908e-05  0.0004832694856623327  0.0001840259857451747
   -0.5142459375637513     0.2225248272184913    0.06413908680239065   -0.02685894160085738     0.7355505571653639    -0.3238436449543237   -0.04354303363642333    0.03204357908273483   -0.08493815004868678    0.08804787093755373    -0.1035527605444553    0.08170915115098792
   -0.1106798681444939    0.03148488287850732   -0.07503576937243789     0.0229929207247774   -0.04014147392974151   0.004901545152039887     0.2298859124155313    -0.9560939771218243   -0.08771931246713119   -0.01167166233185774   -0.01692185314594771    0.06232001575583762
    0.6256215957533789   -0.03863881628466852     0.5166335647280429   -0.04002669173388162     0.3902116634591993   -0.04831881317246257    -0.2391398797104359    -0.1938215183484586    -0.1293638278037095     0.1122386316987705     0.1578760103913229    -0.1870305495174946
   -0.1626653787370059   -0.01190373988267015    -0.1354144844242541  -0.002589290186747911    -0.1050605065157869   0.006043959426395375     0.1700578923398392    0.09142974490965027    -0.6120545685187604     0.4244615154834698     0.4371260928614003    -0.4010530763052413
    0.1383301647234972    0.02901321159021399      0.107772652911811    0.01008900979736181    0.08666442425255988    0.01549975415435974     0.3812829967221753      0.140126957113362    -0.4092905424676961    -0.4365113090952381     0.3137116756819557     0.5822947081646591
    -0.211578508984747   -0.09372198907140063    -0.1519420148224783   -0.06288332139146079   -0.08338697960983131   -0.02939574437239871    -0.7581636345189394    -0.1385368798513928    -0.0542017459825543    -0.2604308285241393     0.4777199423929119     0.1364169502223075
   0.07923621572734819    0.08538430838918787   0.002493516471472758   0.001824255546114126   -0.07731119995963005   -0.07651622376127354  -0.001700570176709951  -0.007355254879050526     0.2951242238880619     0.6952498847097781      0.279286256489034     0.5710177999293231
   -0.2503778535737807    -0.5143323406322839     0.1491389262789413     0.2735743820372252     0.3028991476762465     0.5297195185101682     0.1738423523606298   0.002210789437747652      0.293766349475007 -0.0003292491273042499     0.2864749104738618   -0.06887995458108977
     0.120537475655139        0.2720887935818    -0.3199358714822833    -0.6874339711218803     0.2559165878225975     0.5012522886250644    0.04911067497171649  -0.005188400261278397    0.09291077452685045  -0.003862043864416882    0.08548631733820818     -0.037051401191418
  -0.02874107897313857    -0.3769384401104579   -0.01143324670810133   -0.06899346820900153    0.02647693320660477     0.3274311689970297    -0.2740038525802558  -0.003681175598943428    -0.4808872049768856     0.2394619963141462    -0.5264273748513917     0.3216774031124892
   0.01756381203665239     0.6443744254276108    0.01554577962851726     0.5653516386620212    0.01160170774717884     0.4699271122326856    -0.1767651784082303   0.001827709834344264    -0.1000327924916541    0.01582538188118289   -0.04304009461269395    0.01685688212333673

22.67216091097985
44.83172842546738
35.56082473631577
72.05470429255543
50.53405561228791
103.7260946231102
 64.5525291594177
133.3337084273443
 88.3221688860266
184.4147226834676
104.6724484525604
219.4863169065383

2.109708646025287

    0.0810057131554256   -0.03842527250451331   -0.01071219407865619   0.005080481251204165   -0.07017390688916933    0.03323159521232935 -0.0002355617746364685  0.0001705507573002777 -7.813532213258798e-05  0.0001644407047995341  3.912270866278481e-05 -7.617582358417136e-05

-7.527988331410344e-05  -0.008502831022481096  -0.003980805812279498    0.01459468061431721  -0.003850043666563369   0.004581036132676947   -0.01390461944536209     0.0180514408135181   -0.02018947065227076   -0.01448748147567636     0.5126943618985501    -0.4865740004370108

cov:
    0.9479007689117529      2.068297391941412   -0.03115921991272663 -0.0002125148058620033    0.09758311091677099     0.2656159593873586   -0.01346914224002034    0.02658380956814673    -0.0065211436877698    0.02007996632533422  -0.007392058756405774    0.00428303672169416
     2.068297391941412      40.18491196058714   0.007170863309384717      29.36390790025166     0.1613977281494337      22.17797369329774     -7.226091276350452     0.1338029906004676     -1.445892988710564     -1.148672226959923      1.974471083697216     -1.790265390361868
  -0.03115921991272663   0.007170863309384717      1.149558879913611      2.484182501546732    -0.1340784216257943    -0.2500219055598329  -0.006374927385857012    0.02534575694164347    -0.0111558447857939   -0.03467688972199519   0.007972325302548173  -0.003958882859902695
-0.0002125148058620033      29.36390790025166      2.484182501546732      30.67841593632169    -0.3480962366312516      20.07124278262237       -7.8633685173661     0.1322273211682113      -4.02523773837178     0.3927136961553742     -1.275422064274751     0.3566561620645048
   0.09758311091677099     0.1613977281494337    -0.1340784216257943    -0.3480962366312516      1.127454938874851      2.288823180321931    0.04170579195448075   -0.01407366282698465    0.08037714387300833   -0.01505400729661568    0.06078478328380645   -0.03289449849716223
    0.2656159593873586      22.17797369329774    -0.2500219055598329      20.07124278262237      2.288823180321931      24.26814593663578     -8.521952022451291    0.04738501847478455     -6.827313203766773      2.364611795272098     -4.994504713482653      2.814144976842326
  -0.01346914224002034     -7.226091276350452  -0.006374927385857012       -7.8633685173661    0.04170579195448075     -8.521952022451291      6.033664260698302      0.194474427448374      4.724363832536421     -1.637860951234668      3.926408495268003     -2.385106256139493
   0.02658380956814673     0.1338029906004676    0.02534575694164347     0.1322273211682113   -0.01407366282698465    0.04738501847478455      0.194474427448374     0.6661523803482261    -0.0329976555295791   -0.01929586908056389  -0.004392570049013152  -0.006294908236383538
   -0.0065211436877698     -1.445892988710564    -0.0111558447857939      -4.02523773837178    0.08037714387300833     -6.827313203766773      4.724363832536421    -0.0329976555295791      7.851993991729282      -2.34617019669049      6.681068362552919     -3.590233544134885
   0.02007996632533422     -1.148672226959923   -0.03467688972199519     0.3927136961553742   -0.01505400729661568      2.364611795272098     -1.637860951234668   -0.01929586908056389      -2.34617019669049      3.459657240455027     -2.768439786998496      2.458390849450771
 -0.007392058756405774      1.974471083697216   0.007972325302548173     -1.275422064274751    0.06078478328380645     -4.994504713482653      3.926408495268003  -0.004392570049013152      6.681068362552919     -2.768439786998496      8.368699146815777     -3.658211362565989
   0.00428303672169416     -1.790265390361868  -0.003958882859902695     0.3566561620645048   -0.03289449849716223      2.814144976842326     -2.385106256139493  -0.006294908236383538     -3.590233544134885      2.458390849450771     -3.658211362565989      4.261525575670699

cov.inverse():
    45.29319542634789    -20.98671854507919     -76.8079661324594      36.3532325849319      30.6269529494017    -14.56418079649097    0.2020790171591996   -0.2517287967132156    0.5628774762880544   -0.5798568320079772     0.687828149994178    -0.609945783029198
   -20.98671854507919     9.958764617518492      36.4548072309055    -17.24976623711422     -14.5701511969622     6.908148972174859  -0.09582820684189705   0.09804940318573158   -0.2688404940493546    0.2715724796640317       -0.326428305876    0.2911035585354481
   -76.80796613245896     36.45480723090533     143.6235467807625    -67.53059274472291    -65.00397521905468     30.87647307089912    -0.211712081297089    0.1729554207034618   -0.1057686804290249   0.08425880068303594   0.04262390927256866   0.06631005001836669
    36.35323258493175    -17.24976623711414    -67.53059274472291     31.94888763022418     30.79422750897405    -14.60393709277387    0.1008747041813781  -0.09715646924031655   0.05192127774828738  -0.03456342907964394    -0.019570692402572  -0.03499842566880533
    30.62695294940109    -14.57015119696198    -65.00397521905411     30.79422750897378     37.78527126356254     -17.4965770508421   -0.4689694478502656    0.2285544516849853   -0.8279691767037705    0.8401075642776183    -1.013257629873393      0.74226817076621
   -14.56418079649073     6.908148972174752     30.87647307089884    -14.60393709277374    -17.49657705084209     8.301322414220616    0.2244211985483792   -0.1004886850444664    0.3884833345794854   -0.3993704947801096    0.4818326708097161   -0.3525052669520675
   0.2020790171591907  -0.09582820684189278   -0.2117120812970729    0.1008747041813705   -0.4689694478502722    0.2244211985483825    0.6204312935337697   -0.2141473452726259   -0.1160798499724097  -0.04058543348764312 -0.007911886835385519   0.06483705991974534
  -0.2517287967132151   0.09804940318573138    0.1729554207034624   -0.0971564692403169    0.2285544516849836   -0.1004886850444657   -0.2141473452726259     1.581670616060057   0.04091925579655428   0.03886399365405332  -0.02088795099772824 -0.005537160267016414
   0.5628774762881089     -0.26884049404938   -0.1057686804291228   0.05192127774833384   -0.8279691767037259    0.3884833345794645   -0.1160798499724096   0.04091925579655405    0.6565763227536126   -0.1567725252424731   -0.2005274684083954   0.02566356557304026
  -0.5798568320080132    0.2715724796640477   0.08425880068309917  -0.03456342907967415    0.8401075642775878   -0.3993704947800954  -0.04058543348764324   0.03886399365405347   -0.1567725252424727    0.6221451369030346  -0.03094909523919708   -0.1523509733772791
   0.6878281499942254   -0.3264283058760221   0.04262390927248057  -0.01957069240253035    -1.013257629873351    0.4818326708096965 -0.007911886835385637  -0.02088795099772835   -0.2005274684083955  -0.03094909523919701     0.596317970997735   -0.1057998120066676
  -0.6099457830292563    0.2911035585354751   0.06631005001847411  -0.03499842566885623    0.7422681707661587   -0.3525052669520434   0.06483705991974528  -0.00553716026701626   0.02566356557304053   -0.1523509733772791   -0.1057998120066673    0.6540320267258025

cov*(cov_.inverse()):
     1.000000000000098 -3.677613769070831e-15 -7.459863889808238e-14  3.272582942484559e-15  1.329713249231812e-13 -1.337515168065018e-14 -6.689527404235562e-17 -3.745918505937418e-17 -9.584076154228738e-16  1.870899268840986e-15 -7.528699885739343e-16  1.357421119951852e-15
-2.398081733190338e-14      1.000000000000011  2.248201624865942e-15  6.707134847516727e-14  1.014743844507393e-13   7.66053886991358e-15  1.804112415015879e-16  1.682681771697503e-16  1.249000902703301e-16 -7.771561172376096e-16  8.326672684688674e-17                      0
  1.21465337787896e-14 -9.841953640954415e-15      1.000000000000001  7.054415645385559e-15  1.123320186868781e-14 -2.132842513713484e-15   8.59772322781005e-17  2.630545520992955e-17 -2.943473373026584e-16  5.026361271642799e-16  2.529443668408682e-16  3.989863994746656e-17
-7.477352070850429e-14 -4.379829832146243e-14   2.40096137416046e-13      1.000000000000165  9.797718192317006e-14  -5.33739719088544e-14  4.579669976578771e-16  -4.90059381963448e-17 -5.377642775528102e-16 -2.019218126037003e-15  -1.52655665885959e-16 -5.551115123125783e-17
 1.630640067418199e-14 -6.279698983036042e-16 -1.131386651032074e-14  1.936168239624614e-15      1.000000000000025 -7.462780393652224e-15 -1.262011328773127e-16  6.272109567828643e-17  -2.52510685971874e-16  3.070460552478949e-16 -6.323067069935462e-16  4.198030811863873e-16
-1.505462421391712e-13  7.904787935331115e-14  3.892441924335799e-13  -5.90361093344427e-14  -1.06137321154165e-13      1.000000000000057   6.38378239159465e-16  4.302114220422482e-16  1.582067810090848e-15 -1.387778780781446e-15  4.440892098500626e-16  2.220446049250313e-16
  2.90878432451791e-14  3.108624468950438e-15 -1.387778780781446e-14  -7.16093850883226e-15 -2.886579864025407e-15  1.743050148661496e-14     0.9999999999999996 -2.949029909160572e-17  2.636779683484747e-16                      0  1.665334536937735e-16 -2.220446049250313e-16
 3.779962454153463e-15 -6.136584296267955e-16 -3.677071667984588e-15  5.787742247270744e-16  3.570060913560269e-15 -4.505944228849756e-16  1.696776399939814e-17     0.9999999999999998  2.772847056131678e-17  1.919037845299343e-17  5.345116710353537e-17 -1.214306433183765e-17
 3.552713678800501e-15  -1.77635683940025e-14 -7.369105325949477e-14  1.690314554991801e-14 -4.440892098500626e-15 -2.087219286295294e-14 -3.608224830031759e-16 -1.283695372222837e-16      1.000000000000001 -7.771561172376096e-16 -2.775557561562891e-16                      0
-6.217248937900877e-15  1.221245327087672e-15  1.687538997430238e-14 -1.378064329315976e-14 -1.043609643147647e-14   1.06581410364015e-14  2.220446049250313e-16  3.469446951953614e-18  3.608224830031759e-16                      1  9.436895709313831e-16 -8.881784197001252e-16
  1.06581410364015e-14  3.774758283725532e-15 -1.348920974919565e-14  4.884981308350689e-15  4.884981308350689e-15 -2.220446049250313e-14 -2.220446049250313e-16  1.561251128379126e-16 -6.938893903907228e-16  1.110223024625157e-16     0.9999999999999987  4.440892098500626e-16
-3.996802888650564e-15  6.661338147750939e-16  2.325917236589703e-14 -2.087219286295294e-14 -1.199040866595169e-14  1.221245327087672e-14  5.551115123125783e-17  7.632783294297951e-17 -1.942890293094024e-16  1.110223024625157e-16  9.992007221626409e-16     0.9999999999999993
