10
1

                nan
 0.0238571211756862
0.03037000487410682
0.03577322216408677
  0.190166553741481
 0.3017807512821002
 0.5014621039555772
  1.876825808560093
  2.802103147700128
  3.666789273286684

 3.797200331770611e-16 -2.152140879856609e-16  1.925795879378747e-15 -7.136769577501166e-16 -1.343232483756766e-14                     -1 -1.728917837802791e-17 -5.786883941866681e-17   5.21309045387883e-15 -7.829594290825482e-16
  -0.02523675209928577    0.01427921060585621   -0.07787703858282982    0.02847707349580878     0.8208574638971925 -1.417506833464843e-14  -0.002075612839920845   0.007268339758904787    -0.5631237769139282    0.03620680242144052
-0.0005472901811776097  -0.001654187615575739     0.3300094948821011    -0.1261404983648296    -0.5048207382447021  3.443433373578747e-15  -0.008337576291916601   0.008540361942024621    -0.7875136125599107    0.00389248084279303
   0.01377588867086495  0.0005995576935594933    -0.8702359506731796     0.3327252485270192    -0.2643073790514872   4.07511057979148e-16   -0.01195477561142885    0.01167265773800304    -0.2482797185893439   0.003575987698848596
   -0.1385081027608671    0.06461114080784176  -0.001626669290727585   -0.01386154783813573   -0.03076087847428067 -3.057690812403652e-16    0.01301891134020271  0.0006722090702970183    0.02596700972636553     0.9872465022655119
     0.871933598932121    -0.4564292654531076    0.01228748801625996   0.009056595354310486    0.02225372293878628 -3.090390637632168e-17    0.04613457037007277    -0.0713833162102894   -0.01072158606862272     0.1527644048892946
  -0.08188682453068583    0.01861904818588523   -0.02245468946256179   -0.02290911862512125  -0.006489669948535986 -3.485369336729976e-17     0.6649222271909463    -0.7409655979085923   -0.01674181706541751   -0.02109143111770095
   0.09133260058054238     0.1356960446673246     -0.348475528972033    -0.9159014601138974 -0.0004387177864036802 -1.546122614607409e-20    0.06619562342937213    0.09187930417112078  0.0008521276966061675   -0.01047257898764065
   -0.4523220330557833    -0.8765930843887224    -0.0639058016587761    -0.1483531204642029  0.0001150251369847918  -2.11146537184588e-22    -0.0078067412151544    0.02772360325494452 -0.0005925157933946862  -0.008175285037592244
  0.008832818513164184   -0.01073374901814231    0.03925943241561199     0.1043475673685083  -0.002621875666755347 -5.377544360802107e-22     0.7422405239375629       0.66060694124549  0.0007068288638912903  -0.006866590414645134

50.45005711794214
76.24817517908608
68.46989948902601
107.8835488296137
85.15355854708112
134.4140014648438
94.75247205900922
156.1740203485257
107.5220173530011
182.6759580286538

1.774356861374475

  0.02942162161070585  -0.01706877274551279  -0.01839467656758614   0.00633702334939386  -0.03602896921594163    0.0140527316247328  0.002246117779443554 -0.002119487348931539  -0.02585061353017533  0.003696724522866743

  1.62316669174728e-19 -8.125943840169159e-06  2.920654659359993e-05  4.404015213941557e-05 -4.055605943183345e-05    0.00305734572976266  0.0003001018669316849   0.003120928468877594    0.01408912782791648   0.009411678434210171

cov:
     1.708488729728769      3.118679574701269      0.120947519542118     0.2458784590609703   0.001177615346055701                      0     0.1270771115969923    0.01913762977034859   0.001829826506212499    0.03246971410536507
     3.118679574701269      6.119051409740664     0.2669982071623899     0.5677247208990814  -0.001643069486023159                      0   -0.02052053508512647    -0.2427379409442257   0.004807868899000221     0.0481124526587968
     0.120947519542118     0.2669982071623899     0.4817557816303575      1.253516183131567 -0.0007355024956745425                      0     0.3107660735837473     0.2261064553731509 -0.0002328056579425056    0.01356019250040602
    0.2458784590609703     0.5677247208990814      1.253516183131567      3.274426812269501  -0.002366382180820266                      0      0.833082685013622     0.6023194982282546  -0.001015945968903345    0.03343044758532222
  0.001177615346055701  -0.001643069486023159 -0.0007355024956745425  -0.002366382180820266  0.0008910759908675559                      0   -0.02727395091708724   -0.02234542913841982  0.0001375011146026897 -0.0004894481524330429
                     0                      0                      0                      0                      0                      0                      0                      0                      0                      0
    0.1270771115969923   -0.02052053508512647     0.3107660735837473      0.833082685013622   -0.02727395091708724                      0      7.534613569068744      6.488177088071955   0.004467333410118848   -0.07288721750345845
   0.01913762977034859    -0.2427379409442257     0.2261064553731509     0.6023194982282546   -0.02234542913841982                      0      6.488177088071955      6.041865204795176   0.009602454089800438   -0.06319761925525468
  0.001829826506212499   0.004807868899000221 -0.0002328056579425056  -0.001015945968903345  0.0001375011146026897                      0   0.004467333410118848   0.009602454089800438  0.0009487523523061924  0.0007924814863502999
   0.03246971410536507     0.0481124526587968    0.01356019250040602    0.03343044758532222 -0.0004894481524330429                      0   -0.07288721750345845   -0.06319761925525468  0.0007924814863502999      0.039029809702819

cov.inverse():
                nan                 nan                 nan                 nan                 nan                 nan                 nan                 nan                 nan                 nan
                nan                 nan                 nan                 nan                 nan                 nan                 nan                 nan                 nan                 nan
                nan                 nan                 nan                 nan                 nan                 nan                 nan                 nan                 nan                 nan
                nan                 nan                 nan                 nan                 nan                 nan                 nan                 nan                 nan                 nan
                nan                 nan                 nan                 nan                 nan                 nan                 nan                 nan                 nan                 nan
                nan                 nan                 nan                 nan                 nan                 inf                 nan                 nan                 nan                 nan
  0.146254732348534 -0.1986145459845867   5.372259154190071  -2.144085646447283   4.021858204340393                  -0   2.023088255713734  -2.169764234934539   11.45146964596421  0.1758299947617927
-0.6451960706111064   0.476511925652511  -5.827301580964764   2.271389615138828   3.398330289127552                  -0   -2.16976423493454    2.55261488975358  -16.68953783303152  0.4911501432415654
  22.56703199944587  -12.73266579711451  -35.88553496133405   14.96495766845624  -329.8665134585603                   0   11.45146964596423  -16.68953783303154   1277.737274460598  -39.14763530913292
 -3.880803110526216   1.900251785765958  -6.013937051117288   1.850474234354879   48.54727959147822                   0  0.1758299947617874  0.4911501432415715  -39.14763530913297    29.5392469431208

cov*(cov_.inverse()):
nan nan nan nan nan nan nan nan nan nan
nan nan nan nan nan nan nan nan nan nan
nan nan nan nan nan nan nan nan nan nan
nan nan nan nan nan nan nan nan nan nan
nan nan nan nan nan nan nan nan nan nan
nan nan nan nan nan nan nan nan nan nan
nan nan nan nan nan nan nan nan nan nan
nan nan nan nan nan nan nan nan nan nan
nan nan nan nan nan nan nan nan nan nan
nan nan nan nan nan nan nan nan nan nan
