12
1

0.08006364415552276
 0.3261899739520879
 0.8634547098206899
 0.9389165794057789
  1.159624611888304
  1.506886204589496
  1.552208604358947
  1.976364992864436
  2.455744820240386
  3.134521013950913
  6.664140349316216
  10.37094995370833

   -0.4604288304893649     0.1623339588851028     0.7645075449948873    -0.2681917553181725    -0.3069086595717103     0.1038918186370475 -0.0002216295516334145   -0.01257687198375672 -0.0005880322832799053  -0.002919380833794658 -0.0001085509500229727    0.01004148365706685
   -0.4594121713378747     0.1440220099616792    0.04105388053380774    -0.0159272777681452     0.7921868788840416    -0.2670673023790155   -0.09068094935090576    0.02554503772885216     -0.143110150402676    0.02431054772423396    -0.1846603611366854     0.0576842502887565
    0.2408893988371018   -0.01001619135787499     0.1710491037661363   -0.01689717308047349    0.08354237288260578    0.01421662682642768    -0.3146635374918613    -0.4284497491567796    -0.3783703160671282     0.6271955934631513     0.1656480405266832    -0.2420479524516408
   -0.6341289284665267   0.007383158676755375    -0.5078063220474642    0.03274029517781325    -0.2735952952099024     0.1666653540612461       0.25398436052444    -0.2961405468572982   -0.09907898448758282      0.269328279900185   -0.01275372916629238   -0.03912510181601708
    0.2797959121115064    0.05306894537176771     0.2061668086750877    0.02731466954116898     0.1243154745841036    0.01450270317732062     0.7296923342984075    -0.3925386734853564    -0.1298601791092921 -0.0002190081374678937    -0.3587636478542564     0.1669426332331803
  -0.01490663861372342   0.006721213306248804   -0.02693941310909012  -0.008842825615567373     0.0310949058448581    0.09597921726298687    -0.4082260901466932    -0.6853003613368543     0.4372982084733113    -0.3254708724933283    -0.2315328985721223    0.04118453029794412
  -0.06148367413385073   -0.03827844202982635    0.01447997845187286    0.02680614729527374    -0.1071862699704171    -0.5448558988917339     0.1621596156441958     -0.205558195083701    -0.1686412760616854     -0.409429319921047     0.2316301942279407      -0.60596594373113
   0.01621403714043823    0.01154966520376827    0.02143709882503575    0.03760071811237346    -0.1716535729419482    -0.4567052085304609    0.01300196674360146     0.1561433324789465     0.4842514777027355     0.4620952139279408    -0.4795745058182033    -0.2389827859535088
  -0.00168412771415084   0.007150641279953918    0.05486037418065479      0.044692252751691     0.2804146477354235     0.6043051256175235     0.1471168036296046     0.1340913454205099     0.2102589542268262   -0.01168682680880278    -0.0830144000023003    -0.6784255826777464
        0.179764054644     0.5402572347528806    -0.2817366268966986    -0.7241789375933267   -0.05466607421190446   0.007674763085747584   -0.05269347845719773    0.04829236835763678    -0.1367683161127239   -0.06570734421863031    -0.1738886758799508     -0.102859166916046
   -0.0422567103571402    -0.6632599284964835   -0.01609966797478352    -0.2513532488713427   -0.09095298648902786    0.06171208970330975    -0.1662317014896945    0.08985035909902307    -0.3879463841025966    -0.1351323839204401    -0.5214906578801919   -0.07975227205375476
    0.0119945736787889      0.465239342310484    0.01317744547448523     0.5778359678277408    -0.2216867924030009    0.07733167426211242    -0.2250301056072271    0.09579679655827388    -0.3769467307956377    -0.1538764112198777    -0.4040474578418918   -0.07333826680291054

 22.6847656156871
63.81582760167116
35.53639905105931
100.1636353926551
55.22086623558928
155.6084187475417
66.12468753530274
186.7089411355829
78.08042066390691
220.3112004937957
92.34902717418686
261.4500451048673

2.825270484999791

    0.1075060050948512   -0.03798568712091009   -0.03654510322354935    0.01306000487418851   -0.07098198293628323    0.02361799352174731 -5.992570362620933e-05  -0.003033451512381868  -0.001007260426040884 -0.0005296553581353879 -0.0005943981501030501   0.002524912002900079

-0.0004025751407171283   -0.01263952419847486    0.01108598344752874    -0.0223582464568874    0.01925288025145577   0.002605918050496498   -0.02713450290399363   0.003455170493953069   -0.05904387197686783    0.03513924870068441      1.162634323271152     0.9124324221591116

cov:
     0.949780764233458      2.811749534702499   -0.06292492154469705   -0.07312843624680179   -0.03384911901276798   -0.03250177515282857  -0.001810245945661969    0.04213621019119428   -0.01553545742985587  0.0008980651958100795   0.005187494181193751  -0.008128017838794915
     2.811749534702499      45.69579273998193    -0.3487347962800266        32.477224378666     -8.671189910160022      2.147798107231245     -6.603180154109263      2.398314228315333     -8.117073162603402     -4.017690490206609     -5.860281214101339     -1.835794776156856
  -0.06292492154469705    -0.3487347962800266      1.142391630847423      3.012102293059181     0.1444655113181336     0.1116114908057967    0.07424247078010564 -0.0008039958200327132     0.1586677053109645     0.0603119019152043     0.1627319054351794   0.002912577931231734
  -0.07312843624680179        32.477224378666      3.012102293059181      43.89316936182606     -12.33597702636194      4.126802866732485     -11.65662007218116      4.649154593885434     -18.01806673174536     -7.542815903539292     -18.14155197264826     -3.185833615810645
  -0.03384911901276798     -8.671189910160022     0.1444655113181336     -12.33597702636194      6.461144349539572    -0.6812522632994298      6.268202155667109     -2.564972145071987      10.70023293392619      3.979429124546095      11.87675716167286      1.325520655887948
  -0.03250177515282857      2.147798107231245     0.1116114908057967      4.126802866732485    -0.6812522632994298      4.598705704518339     -2.069357399333512      1.320870471989179      -4.00675625435871     -2.010036925319225     -4.606452953723711     -2.084673029087201
 -0.001810245945661969     -6.603180154109263    0.07424247078010564     -11.65662007218116      6.268202155667109     -2.069357399333512      8.121507670318028     -2.676316165549045      11.73866342135488       4.82352294560214      13.53441667057702      1.739367563342255
   0.04213621019119428      2.398314228315333 -0.0008039958200327132      4.649154593885434     -2.564972145071987      1.320870471989179     -2.676316165549045      3.161822170268819     -5.413529094836464     -1.444728268327867     -6.301315600396638     -1.581471226412817
  -0.01553545742985587     -8.117073162603402     0.1586677053109645     -18.01806673174536      10.70023293392619      -4.00675625435871      11.73866342135488     -5.413529094836464      23.97586964974887      9.156739443994022      24.28321879563831      3.502127076854416
 0.0008980651958100795     -4.017690490206609     0.0603119019152043     -7.542815903539292      3.979429124546095     -2.010036925319225       4.82352294560214     -1.444728268327867      9.156739443994022       5.23671340767377      9.085976640876419      1.820216712866788
  0.005187494181193751     -5.860281214101339     0.1627319054351794     -18.14155197264826      11.87675716167286     -4.606452953723711      13.53441667057702     -6.301315600396638      24.28321879563831      9.085976640876419      31.32200760016318      5.526269735270474
 -0.008128017838794915     -1.835794776156856   0.002912577931231734     -3.185833615810645      1.325520655887948     -2.084673029087201      1.739367563342255     -1.581471226412817      3.502127076854416      1.820216712866788      5.526269735270474      4.935102973387156

cov.inverse():
    35.65243280699225    -12.26788601193195    -54.63187813252163     19.29560506328243     18.87450433589407    -6.410143192874681    0.2726451472830933    0.7971462226206638    0.5833631798153914    0.1270082104809414    0.7840799980051214   -0.9730753225449765
   -12.26788601193197     4.350538815455682     19.40245282319082    -6.845622287055876    -6.699465638507113     2.279413545557766  -0.09816617975736855   -0.2925533476820958   -0.2071778967259515  -0.04257059416419448   -0.2785971458604017    0.3453436501827956
   -54.63187813252198     19.40245282319091     91.56689671863215    -31.98863370631623    -36.09964207998326     12.19538140134257   -0.1592718057122819    -1.470445220098632   -0.1726095837183119   -0.3443332453867591  -0.08797237466756387     1.203805192916879
    19.29560506328251    -6.845622287055906    -31.98863370631623     11.28417197095608     12.71490814766829     -4.30737708387785   0.06245793247524577    0.5124357543030571   0.06117448301544035    0.1201414738344997   0.03251309301233194   -0.4279222578137596
    18.87450433589445    -6.699465638507243     -36.0996420799837     12.71490814766845     20.72487003010083    -6.937972606117467   -0.7166062488660702    0.7984439329801457    -1.056689168125225    0.3013154112146755    -1.373706324937468  -0.04346914747355075
   -6.410143192874804     2.279413545557807      12.1953814013427    -4.307377083877898    -6.937972606117464     2.627463381334305    0.2327684750240588   -0.3234166033578283    0.3424863803012481  -0.02217851298137663    0.4430588184355358    0.1062363659558941
   0.2726451472830569  -0.09816617975735574    -0.159271805712221    0.0624579324752242   -0.7166062488660967    0.2327684750240676    0.7685376269920711  -0.02646843567998792    0.1024170055699052     -0.17446186613175  -0.05355681926011601   0.06743366901380106
   0.7971462226206973   -0.2925533476821076    -1.470445220098682    0.5124357543030746    0.7984439329801601   -0.3234166033578332  -0.02646843567998753    0.7251838439453151    0.1600761860229023   -0.2886408587123325 -0.003475653181418187    0.1115563838859726
   0.5833631798153617   -0.2071778967259413   -0.1726095837182623   0.06117448301542291    -1.056689168125247    0.3424863803012553    0.1024170055699046    0.1600761860229019    0.5782397625931031   -0.3554888956555711   0.08563460865303567   0.03205773158266421
   0.1270082104809425  -0.04257059416419483   -0.3443332453867594    0.1201414738344999    0.3013154112146739  -0.02217851298137603   -0.1744618661317491   -0.2886408587123329   -0.3554888956555708    0.7887817344297876   0.03394906692847042   -0.1358475538783927
    0.784079998005052   -0.2785971458603777  -0.08797237466745358   0.03251309301229313     -1.37370632493751    0.4430588184355501  -0.05355681926011641 -0.003475653181419901   0.08563460865303461   0.03394906692847039    0.5698092748910699   -0.2187770160668843
  -0.9730753225449564    0.3453436501827875     1.203805192916836   -0.4279222578137444  -0.04346914747352762    0.1062363659558863   0.06743366901380016    0.1115563838859741   0.03205773158266385   -0.1358475538783928   -0.2187770160668858    0.3934095743778204

cov*(cov_.inverse()):
    0.9999999999999344  2.819662905939602e-14  1.183081410616182e-13 -1.496979623594186e-14 -2.477754329835435e-14  1.036887589678237e-14  4.130810277169772e-16 -7.369322166383974e-16  1.111469857123515e-15 -1.940721888749053e-16  1.853768874515715e-15  2.462439974149078e-15
-3.175237850427948e-14      1.000000000000007 -1.554312234475219e-14  -4.75175454539567e-14 -7.077671781985373e-15 -2.470246229790973e-15 -1.249000902703301e-16  -3.05311331771918e-16  1.693090112553364e-15  1.387778780781446e-16 -1.998401444325282e-15   3.33066907387547e-16
 1.431840757071257e-14 -8.755366223689443e-15                      1  -1.18850242147861e-15 -1.331481582975136e-15  3.429168841245778e-15  3.155028321932818e-16  1.278816462446652e-16 -3.357774128187607e-16 -5.074066167232161e-17 -3.556183125752455e-16  -4.21320964227867e-16
 3.819167204710538e-14  -6.94999613415348e-14 -1.598721155460225e-13     0.9999999999999605  3.416711358283919e-14 -1.837419105754634e-14 -1.110223024625157e-16  2.775557561562891e-16 -2.359223927328458e-16 -8.881784197001252e-16  -3.33066907387547e-15 -4.884981308350689e-15
 7.993605777301127e-15  1.471045507628332e-14 -2.886579864025407e-15  2.475797344914099e-14      1.000000000000019  1.465494392505207e-14   6.38378239159465e-16   9.71445146547012e-16  -3.33066907387547e-16   3.05311331771918e-16 -1.609823385706477e-15  1.443289932012704e-15
 4.440892098500626e-16 -2.220446049250313e-15 -6.217248937900877e-15  1.998401444325282e-15 -6.952771691715043e-15     0.9999999999999949  5.551115123125783e-17 -4.996003610813204e-16  4.163336342344337e-17 -1.665334536937735e-16  1.665334536937735e-16 -2.220446049250313e-16
-1.199040866595169e-14  1.965094753586527e-14  3.819167204710538e-14  1.953992523340276e-14  -1.05609965217468e-14  1.898481372109018e-14      1.000000000000002 -2.498001805406602e-16 -4.926614671774132e-16 -1.387778780781446e-15 -3.885780586188048e-16  1.332267629550188e-15
 8.659739592076221e-15  -8.43769498715119e-15 -2.642330798607873e-14  3.219646771412954e-15  1.040834085586084e-14 -8.465450562766819e-15 -6.938893903907228e-16                      1 -3.261280134836397e-16 -1.387778780781446e-16  6.661338147750939e-16 -5.551115123125783e-16
 4.440892098500626e-15  1.798561299892754e-14   1.77635683940025e-15 -1.199040866595169e-14  3.202993426043577e-14  2.886579864025407e-14  7.216449660063518e-16  1.887379141862766e-15     0.9999999999999984  7.216449660063518e-16 -3.774758283725532e-15                      0
-9.103828801926284e-15  3.774758283725532e-15  2.930988785010413e-14  1.221245327087672e-15  1.679212324745549e-15  6.522560269672795e-15  7.494005416219807e-16  4.440892098500626e-16 -9.575673587391975e-16                      1 -1.110223024625157e-16  1.110223024625157e-16
-2.309263891220326e-14  2.686739719592879e-14  8.881784197001252e-15 -1.909583602355269e-14  -1.69864122767649e-14   4.04121180963557e-14  4.996003610813204e-16 -2.886579864025407e-15 -9.159339953157541e-16                      0     0.9999999999999964  8.881784197001252e-16
-6.217248937900877e-15  3.552713678800501e-15  1.687538997430238e-14  -1.77635683940025e-15   9.71445146547012e-16  3.108624468950438e-15 -1.110223024625157e-16                      0                      0 -1.110223024625157e-16  2.220446049250313e-16     0.9999999999999998
