12
1

                nan
0.01889992477576475
0.02389508746512548
0.02893038288141418
0.08760875513060661
  0.190350323922009
 0.4987509622036842
 0.6072405550732169
  1.630730008745634
  2.333638717765672
  3.025939784560223
  3.658250068516627

                     0  9.136392038808254e-16  -5.24554290355711e-15  2.925385419438156e-15  1.210732935284991e-14 -6.724751553112132e-15 -1.417515989865351e-13                      1 -1.425659455146338e-15  1.033356637680107e-15    -7.272493950433e-14   -3.9622589709995e-16
   -0.3625417881590825     0.2043182724649653     0.6917573077132489    -0.3885013083431269    -0.3338171562727807     0.1873944403867336    -0.2040456240461052 -1.232832544615514e-14   0.002643514075938362  -0.003612260409902308     0.0925757533953835   -0.02409486471045102
  -0.07480152465645734    0.03980281529094509     0.1489334569143429   -0.08265701472578287    -0.1090090394926999    0.06071047101718857     0.8538631526191918  8.998300699402346e-14 -0.0001362803316379564    0.00511764352580641    -0.4673492647792455    0.02673109821588433
  -0.01673100814747069    0.01475614388209207  -0.003044076736141341   0.002227416369170233    0.04825962277936108   -0.02688292091346535    -0.4744787355307949 -1.318741192042477e-13   -0.01112402124140704    0.01163465938082914    -0.8779093174329177    0.01795744735971131
   -0.4938615013669044      0.282860658424367    0.09496751286267983   -0.04522808900273521     0.7055497660086314    -0.3981774635932195    0.05793912250547052 -1.114572016173486e-16     0.0176511377302951   -0.01978386058288653    0.03410278260761689    0.05880124590356718
    0.0110307004988282   0.003761365797066293 -0.0001741830397830354    0.01359215807201625   -0.06355902856123405    0.02159060438679949   -0.02313086196076276  2.352685254037647e-18    0.01155627563465991 -0.0002790992005967886    0.02847451477650977     0.9968420307119435
   -0.1360307015819727    0.05816212309585572    -0.1009161620352511    0.02749400815647489   -0.04464074164796916    0.04081009855078218   0.001875442886261508  1.373777697874214e-18    -0.6495348869615286      0.735727450656195    0.01734411037931327   0.004447131772526046
    0.6438302700558228     -0.240216357912253     0.5405575182211446    -0.1762500224794567     0.3800664015130439    -0.1529977268484237    0.01547923447247504  9.711796592793385e-20    -0.1424685068017915     0.1242753857213205   0.002562509663941899    0.02579902633436153
   -0.1068049587142248   -0.05461568271161604     0.4331375193277536     0.8895512699724177   -0.06925778710954081   -0.02971792563142611  -0.002566463322150709  2.278818861000049e-22    0.01655496618922448    0.02289242757626455  0.0001556627310295868   -0.01468734649894731
    0.3520599739768032     0.7045049093443164   -0.01224002506235262    0.04745173297748188    -0.3235384472420734     -0.520540646959347   0.001985207237460296  3.978609826562239e-24    0.01909727545281069    0.03209444765274989   0.002216394290443647   -0.01678741567865803
   -0.2237794091266173    -0.5561699959077546    0.01056392577180555    -0.1136455393064245    -0.3413584031889103    -0.7084748764605604 -0.0004581993897941452  3.573442551578644e-25    -0.0832665869824232   -0.04659837314978033  -0.001779301349721285  0.0006984408207544055
    0.0146588329479771    0.08188956029114369  -0.002549458504218428    0.04136223842893912   0.008445658576152927    0.05106157941008713   0.002681236633147961  2.265550732755532e-25    -0.7413900438293587    -0.6625474614159483  -0.000583109121004967   0.006885144924141923

22.39890725134491
26.32713569082864
35.39734411679752
49.44607218300423
50.45005711794214
76.24817517908608
85.15355854708112
134.4140014648438
94.75247205900922
156.1740203485257
107.5220173530011
182.6759580286538

1.774356861374475

   0.08506985836160864    -0.0474327007702859   -0.01927635624933514    0.01154866285634839   -0.07046373289135038    0.03933053120556011   -0.01833548819865287    -0.4024289151606072  0.0004733832162481294 -0.0003641859276022893   0.005683040557987654  -0.004352030079067812

  5.34212197343677e-19 -8.246782598397027e-06 -1.166961921817391e-05 -2.405232436474409e-06   -0.00095379039655496  9.063010055211658e-05  -0.001952220355331517   0.007528444424260715  -0.001991260809158913  -0.001697680605484981    0.01821347627699129   -0.01190185432890357

cov:
     1.326107968517896      2.461797883196854   -0.03734380967721659    0.03675443087437052     0.1895458603534577     0.4358878922278091   0.009379111926922241                      0    0.04517588025313549     0.0252188309144983   0.007660451444139516    -0.0219432562757014
     2.461797883196854      5.655635603979508    -0.2155405832701642     0.6928066972573421     0.4835550211845855      1.684326956282984    0.01203834861676894                      0    -0.3143383104423796    -0.3693889682289615    0.01699006357692464   -0.06024370440566514
  -0.03734380967721659    -0.2155405832701642     0.6113604383684208     0.9730912447168004   -0.01421333240525067    -0.1015623509030903 -0.0001201618244403215                      0    0.02295808835121443    0.04861431831068054 -3.522209976518175e-05   -0.01090211716275448
   0.03675443087437052     0.6928066972573421     0.9730912447168004      2.269429911052283    0.08721159323497385     0.5710119900607364  -0.004634710870405714                      0    -0.2748327978395146    -0.2588496530329008   0.002431539692380769   -0.03717123099715195
    0.1895458603534577     0.4835550211845855   -0.01421333240525067    0.08721159323497385      1.708488729728769      3.118679574701269   0.001177615346055701                      0     0.1270771115969923    0.01913762977034859   0.001829826506212499    0.03246971410536507
    0.4358878922278091      1.684326956282984    -0.1015623509030903     0.5710119900607364      3.118679574701269      6.119051409740664  -0.001643069486023159                      0   -0.02052053508512647    -0.2427379409442257   0.004807868899000221     0.0481124526587968
  0.009379111926922241    0.01203834861676894 -0.0001201618244403215  -0.004634710870405714   0.001177615346055701  -0.001643069486023159  0.0008910759908675559                      0   -0.02727395091708724   -0.02234542913841982  0.0001375011146026897 -0.0004894481524330429
                     0                      0                      0                      0                      0                      0                      0                      0                      0                      0                      0                      0
   0.04517588025313549    -0.3143383104423796    0.02295808835121443    -0.2748327978395146     0.1270771115969923   -0.02052053508512647   -0.02727395091708724                      0      7.534613569068744      6.488177088071955   0.004467333410118848   -0.07288721750345845
    0.0252188309144983    -0.3693889682289615    0.04861431831068054    -0.2588496530329008    0.01913762977034859    -0.2427379409442257   -0.02234542913841982                      0      6.488177088071955      6.041865204795176   0.009602454089800438   -0.06319761925525468
  0.007660451444139516    0.01699006357692464 -3.522209976518175e-05   0.002431539692380769   0.001829826506212499   0.004807868899000221  0.0001375011146026897                      0   0.004467333410118848   0.009602454089800438  0.0009487523523061924  0.0007924814863502999
   -0.0219432562757014   -0.06024370440566514   -0.01090211716275448   -0.03717123099715195    0.03246971410536507     0.0481124526587968 -0.0004894481524330429                      0   -0.07288721750345845   -0.06319761925525468  0.0007924814863502999      0.039029809702819

cov.inverse():
                 nan                  nan                  nan                  nan                  nan                  nan                  nan                  nan                  nan                  nan                  nan                  nan
                 nan                  nan                  nan                  nan                  nan                  nan                  nan                  nan                  nan                  nan                  nan                  nan
                 nan                  nan                  nan                  nan                  nan                  nan                  nan                  nan                  nan                  nan                  nan                  nan
                 nan                  nan                  nan                  nan                  nan                  nan                  nan                  nan                  nan                  nan                  nan                  nan
                 nan                  nan                  nan                  nan                  nan                  nan                  nan                  nan                  nan                  nan                  nan                  nan
                 nan                  nan                  nan                  nan                  nan                  nan                  nan                  nan                  nan                  nan                  nan                  nan
                 nan                  nan                  nan                  nan                  nan                  nan                  nan                  nan                  nan                  nan                  nan                  nan
                 nan                  nan                  nan                  nan                  nan                  nan                  nan                  inf                  nan                  nan                  nan                  nan
  -3.466763344710811    1.901732374689544    5.399965878182679   -2.983908385620355   -1.512713885788822   0.7749591408174276    4.707230730256343                   -0    2.004812017565217   -2.159916671825731    12.50612180265114 0.007678624669605508
   3.852300812755748   -2.139901637535146   -6.060181349819396    3.363692909026899    1.246276480537417  -0.6315098449674009    2.982317112223811                   -0   -2.159916671825732    2.546474789064577   -17.36472414530506   0.5949095804007615
   -17.3734999911021     6.15776731855043    60.98752422731169   -35.55633986632665    -44.8247754955372    25.32145714996048   -253.8491241644359                   -0    12.50612180265092   -17.36472414530477    1327.552271323932   -45.91499165562227
   17.15584121732974   -9.349077750255827   -38.99776930751826     22.3943976345535    22.13294746009614   -12.83965157839445     43.3670369238173                   -0 0.007678624669753307   0.5949095804005849   -45.91499165562202    31.13945270942683

cov*(cov_.inverse()):
nan nan nan nan nan nan nan nan nan nan nan nan
nan nan nan nan nan nan nan nan nan nan nan nan
nan nan nan nan nan nan nan nan nan nan nan nan
nan nan nan nan nan nan nan nan nan nan nan nan
nan nan nan nan nan nan nan nan nan nan nan nan
nan nan nan nan nan nan nan nan nan nan nan nan
nan nan nan nan nan nan nan nan nan nan nan nan
nan nan nan nan nan nan nan nan nan nan nan nan
nan nan nan nan nan nan nan nan nan nan nan nan
nan nan nan nan nan nan nan nan nan nan nan nan
nan nan nan nan nan nan nan nan nan nan nan nan
nan nan nan nan nan nan nan nan nan nan nan nan
