10
1

0.07203612669430716
 0.2953237526715309
 0.9470881667049953
  1.218193727097689
  1.613308944331126
  2.080401993404265
  2.292515366158168
  2.661564001952487
  5.625029274817258
  9.816451039713266

    -0.390075003329294       0.18020769696291     0.7407046700988235    -0.3415152961286224    -0.3513879401515494     0.1630692637886874  2.475551260827445e-05   0.002718238465170869   0.001363263385006511   -0.00403171677684619
    0.5178405970070582    -0.2136885826227599   -0.07619225960792862     0.0296730588233548    -0.7287293675522368     0.3104628596189913     0.1231961466479619   -0.06050740870465785     0.1642397963016596   -0.07902992358467352
   -0.6775043332272738    0.02914175915030491    -0.5463688525160872    0.02653254951851651    -0.3970109062389396    0.03338790028884336     0.2342573271802933    -0.1167395173076844   -0.09424665740291134    0.06925520138823713
    0.1755903379589043    0.03934722636590139      0.169517516182211    0.03777482532764492      0.139286901246341   0.002875707117617137     0.6300782712645987    -0.5644604145259715    -0.4151233931516316     0.1735107307721713
  -0.08873490798593348   -0.07554482523283212      -0.02003535857418    -0.0150205484993011    0.04378011067671184     0.0159649261168605    -0.2864839150834812    -0.5670924879075918   -0.02135252657600979    -0.7612474185336269
    0.2404013121708987     0.4558390254571842    -0.1198052383954068    -0.2206035408805766    -0.3334427799884573    -0.5575446442480545    -0.3259949367813768    -0.1042596924435899    -0.3454734473278817     0.1134194500095526
  -0.07858944947077347    -0.1726716773495023    0.05930093456559337     0.1016429192297218   -0.01032506133229698   -0.05616300128139658    -0.3621831225630947    -0.5610778037544668     0.4286073529912856     0.5632142022580413
    0.1280348610603381     0.2888027318159919    -0.3157183622037395    -0.6978388172293173     0.2350542539624268     0.4693041039639829   -0.02367122828464139    -0.1132617918415158     0.1275714070051824    0.09155920847216581
  -0.03824862928207236    -0.5329609899531869  -0.009729585714096165    -0.1347393051386103 -0.0006165680727973145     0.2675627944122317    -0.3864703705562616    0.05307312308454924    -0.6605079682280475     0.1902713100924646
   0.01181777886033055     0.5556066492031667    0.01587952537044725     0.5621382224512959  -0.001802465162760857     0.5194196988638669    -0.2520031042194003   -0.03421293823603194    -0.1890931797669478    0.06839340783671902

22.65225421055851
46.03290229444554
35.58465603978328
73.95697759378966
50.42659953051145
106.0248589105666
 72.8839108236687
154.9379261034921
102.7667176074615
220.0472071800405

2.156229760409357

   0.08000325485549899   -0.03713162439734979  -0.006220465317521737   0.002936903223874381   -0.07324593647686654    0.03401855408229965 -0.0004133331743953467  0.0003867666537531004 -0.0003041863863083853 -0.0001843119148637279

-6.342613371781586e-05   0.009921084841085269   -0.01948130525419568   0.001713141631907568   -0.01777999405262921    0.03479453095197828  -0.007368381712423622   -0.01351260796530255     0.8191170839267407   -0.01880769614192362

cov:
  0.9606139286333966    2.085247324321495 -0.02975232630477751   -0.102003205975505   0.1044590943134633   0.1269049790553347  0.06322472760552426 -0.03055875227108017   0.1246927367625449 -0.00858024005459682
   2.085247324321495    40.40351887519017  0.07983437526418617    30.41874117542952  -0.2512996523954294    23.20097287806208   -7.240940161466862   -2.578356367436747    0.179284452475961   0.5162052621543389
-0.02975232630477751  0.07983437526418617    1.128816772617254    2.604234329348761  -0.1277768051126861 -0.08347813981627487 -0.09971808012731324 0.009014464498498928  -0.1168221901928767 0.007942620113787192
  -0.102003205975505    30.41874117542952    2.604234329348761    34.74365554587751  -0.9487487695409024    25.17904123106237   -11.71595499462508   -1.732241242573014   -7.523171512431722    2.674530941205313
  0.1044590943134633  -0.2512996523954294  -0.1277768051126861  -0.9487487695409024    1.095603758262421    1.464173882610247   0.5083551158891346  -0.1386570037633548   0.6683475524405517  -0.1278919505748752
  0.1269049790553347    23.20097287806208 -0.08347813981627487    25.17904123106237    1.464173882610247    31.19593782605897   -15.06926589427756   -1.253578753266052   -13.92621769967304    4.867592275444969
 0.06322472760552426   -7.240940161466862 -0.09971808012731324   -11.71595499462508   0.5083551158891346   -15.06926589427756    12.85208906616913    1.285813353725555    11.92868798116254    -4.49143012549932
-0.03055875227108017   -2.578356367436747 0.009014464498498928   -1.732241242573014  -0.1386570037633548   -1.253578753266052    1.285813353725555    3.316756686023691   -1.307865601964799  -0.7199886501429927
  0.1246927367625449    0.179284452475961  -0.1168221901928767   -7.523171512431722   0.6683475524405517   -13.92621769967304    11.92868798116254   -1.307865601964799    19.11416264785922   -4.112451513655552
-0.00858024005459682   0.5162052621543389 0.007942620113787192    2.674530941205313  -0.1278919505748752    4.867592275444969    -4.49143012549932  -0.7199886501429927   -4.112451513655552    4.936275370220945

cov.inverse():
   32.94920397347469   -14.79601187148745   -55.71133381228469    25.80684311228088    22.38795873953897   -10.46197127908344   0.6243061904239056  -0.5223861068637832   0.8729655169623205  -0.1726850481539545
  -14.79601187148742    6.863529552615902    25.86959057243765   -11.97986370619706   -10.45300942375067    4.863752246154999  -0.2866948705637611   0.2420920459286562  -0.4037421875290308  0.07692949400877788
  -55.71133381228449    25.86959057243751    106.1648122975668   -48.74691011412416   -49.26430267916583    22.97897007009998   -0.166533572686836   0.4534362468431349  0.07014917246821259  -0.5238621126419933
   25.80684311228073     -11.979863706197   -48.74691011412416    22.57376641960192    22.86302612629601   -10.64243497831014  0.07702531607051048  -0.2088344414720187 -0.03203243720224042   0.2449891457643585
   22.38795873953853   -10.45300942375047   -49.26430267916531    22.86302612629576    30.10620048304588   -13.59193978090532   -1.055346017448654   0.3160276483440723   -1.432194547505548    0.899355006328309
   -10.4619712790832    4.863752246154901    22.97897007009972   -10.64243497831002   -13.59193978090531    6.339482221432188   0.4871727700354436  -0.1266982318532889   0.6648110818196424  -0.4223593778979571
   0.624306190423957  -0.2866948705637852  -0.1665335726869291  0.07702531607055345   -1.055346017448614   0.4871727700354254   0.5892240420425993  -0.2468462838884985  0.03810450344681068  0.01372949336184156
 -0.5223861068638075   0.2420920459286675   0.4534362468431808  -0.2088344414720398   0.3160276483440511  -0.1266982318532789  -0.2468462838884981   0.4611776499609568  0.02107188865529623  0.07953790521802583
  0.8729655169623848  -0.4037421875290619  0.07014917246808154 -0.03203243720218012   -1.432194547505484   0.6648110818196122  0.03810450344680898  0.02107188865529658   0.5148323807772486  -0.1650309735711401
 -0.1726850481539932  0.07692949400879619  -0.5238621126419195   0.2449891457643244    0.899355006328275  -0.4223593778979413  0.01372949336184198  0.07953790521802589  -0.1650309735711407   0.3887302951762802

cov*(cov_.inverse()):
     1.000000000000077 -3.141844423515394e-14  1.477776234715122e-13  1.461938209379454e-15 -7.619772868228125e-15 -2.180373936955249e-14  6.860831347488272e-16 -7.480994990149981e-17  2.635478640877764e-15 -8.487134606216529e-16
 5.137557046452912e-14     0.9999999999999775  1.251776460264864e-13  3.413935800722356e-15 -5.806466418789569e-14 -5.237477118669176e-14 -4.805184028455756e-16 -2.983724378680108e-16 -1.207367539279858e-15  7.771561172376096e-16
 1.020299296439209e-14  1.103652759459894e-14      1.000000000000017 -1.884365059823256e-14  8.139322549283179e-15 -2.471547272397956e-15  2.165016213181992e-16 -1.714123634699583e-16  8.430756093247282e-16 -2.636779683484747e-16
-7.310818617156656e-14  5.037636974236648e-14  -8.79296635503124e-14      1.000000000000092 -8.393286066166183e-14 -1.509903313490213e-14  1.068589661201713e-15 -8.326672684688674e-17 -3.386180225106727e-15  2.220446049250313e-15
 2.594105485975717e-14 -1.044650477233233e-14 -6.356026815979021e-15  1.149774719877428e-14      1.000000000000012 -3.788636071533347e-15  2.350550309948574e-16  -1.07552855510562e-16  1.630640067418199e-16 -1.387778780781446e-16
 -1.77635683940025e-14 -8.715250743307479e-15 -1.945110739143274e-13  2.664535259100376e-13 -9.769962616701378e-15     0.9999999999999831 -6.245004513516506e-16 -7.216449660063518e-16  -3.33066907387547e-16  1.998401444325282e-15
 3.541611448554249e-14 -2.153832667772804e-14 -9.814371537686384e-14  2.220446049250313e-15  1.687538997430238e-14   -1.4210854715202e-14      1.000000000000001 -1.054711873393899e-15 -6.661338147750939e-16                      0
 1.500188862024743e-14  -2.10248485288389e-15 -1.904032487232143e-14 -6.855627177060342e-15  1.088018564132653e-14 -5.440092820663267e-15  1.873501354054952e-16                      1 -2.498001805406602e-16                      0
 1.620925615952729e-14 -2.381428387820961e-14 -7.682743330406083e-14  3.885780586188048e-14   1.77635683940025e-14 -1.243449787580175e-14 -2.151057110211241e-15  7.771561172376096e-16     0.9999999999999986  4.440892098500626e-16
 1.576516694967722e-14  2.109423746787797e-15 -2.309263891220326e-14  4.218847493575595e-15   1.06581410364015e-14 -7.105427357601002e-15  8.604228440844963e-16 -4.440892098500626e-16  5.551115123125783e-16     0.9999999999999997
