10
1

 0.0402488687785581
0.04274631338495495
 0.4780839776016945
 0.7212875897333482
 0.9777850973410074
  1.039943877358183
   1.24647982248998
  1.697848860773466
  2.851159511834882
  4.224041741269617

  -0.4216842327934789    0.1283891617951785    0.7740218502485053   -0.2377935803974273   -0.3700940930880203    0.1135468372124651   0.01301109980190134 -0.002265469459254135  0.002402401697119095 0.0005521078894013593
   0.3890155905080598   -0.1176645516766883   -0.1379040594352514   0.04494320627183686   -0.7170393338127762    0.2168753302681458    0.4817781456544294   -0.1430307547999834 -0.005889944727495592  0.001231750917053378
  -0.4719879385908458   0.09924876229116955   -0.1409737468007451   0.06499148106486399    0.2767713902412474   0.05763346492132088    0.7155626893632204  -0.08294428068577087   -0.3634569314273582    0.1111076201962969
   0.2169909345033588   -0.0350569606440012     0.135599529365286 -0.006208236206060602   0.02561476248353199   0.02881363611832212        -0.20276665653   -0.2523596394406272   -0.7966574279456433    -0.438532855655667
  -0.5338774893530864   0.04763334857817015   -0.5539366455212301   -0.2829082728891543   -0.3202520981024309    0.1323193425349377   -0.2889820302435793   -0.2175329099516209    0.0458961233056021   -0.2698435523534835
   0.2199223024008449   0.01824809798225278  0.003747534267030768    -0.525537473975796    0.3295348444718202    0.7369633480884806   0.06566924270963749   0.09714922881241307   0.08271045221836988  -0.05289495354830607
 -0.01537610468015804  -0.01803068142267773   -0.1333687552203038   -0.2398468450497744   -0.1769704752511887   -0.1915261460887701   0.07222137838128982    0.8750867358465823   -0.2464893788445317   -0.1561223417824099
   0.1629798514345347     0.153726509927795  -0.09435202121244535   -0.5803510795416833  -0.06100636367336575   -0.3331471091729416   -0.0732474596445038    -0.205218024726766   -0.2445400366654112    0.6181487025233834
  -0.1987939448691957   -0.6241144314055634  -0.02189318905607722    0.2194481373710229  -0.08346455622115183    0.3400660463496111   -0.2613879534653681    0.1317167569198515   -0.2684719833561026    0.4918982894150896
  0.03581503185123616    0.7365556810681428  -0.09789343344016553    0.3720937912688971   -0.1358865695680679    0.3346383171044682   -0.2187427871825882    0.1642341406671012   -0.1778033076473576    0.2669885001067969

35.06733573018335
109.6814951442461
41.43179016504025
130.5411315058951
48.99155394216364
155.2992207554148
57.68735182565695
  183.76693709868
68.40226123080983
220.4155303923099

3.272717197727348

   0.1764973961441159  -0.05388323356636962  -0.01229227282531794  0.003433826018343754  -0.07171680490482835     0.021440227895764  -0.09611889364763027   0.03160926560226844 -0.003554420411945696 -0.001964187641316926

-0.0001037277946876585  0.0001500406299005164   -0.04014438584233459    0.02730601776673691   -0.04195691473058448    0.02673201899404308    0.04592882073248492     0.0492662153739024     0.3423829456451852     0.2205082469336493

cov:
 0.8218678732962688   1.517107710797704  0.2452020541540819 -0.3718941180390964  0.2382278130265143 -0.3827980376244084  0.3098555970950477 -0.1107291446096894   0.156746657544007 -0.2664928423616864
  1.517107710797704    12.9203686029303  -1.244150585367982   3.504505497419107  -1.386635985699745   2.551560040906474  -1.575087968671937   1.369408767559493  -1.066055046813631   1.288613099330693
 0.2452020541540819  -1.244150585367982  0.5366754352340922 -0.3365744462497363   0.469013394656957 -0.5815504030559556  0.5493919507533017 -0.3353183061122383  0.4074751694438445 -0.5814839255334212
-0.3718941180390964   3.504505497419107 -0.3365744462497363   4.298430159001803 -0.9796079735158016   3.003151218897428  -1.770762618744546   1.345752672474007   -1.22067173936414   1.780218600737024
 0.2382278130265143  -1.386635985699745   0.469013394656957 -0.9796079735158016  0.6799922213565015 -0.7050250009715122  0.8545381558781467 -0.5992831781303409  0.7058533374806751 -0.9819078036383299
-0.3827980376244084   2.551560040906474 -0.5815504030559556   3.003151218897428 -0.7050250009715122    3.92048841822965   -1.95744416910254   1.326385900048292  -1.440608643177759   2.325362503838784
 0.3098555970950477  -1.575087968671937  0.5493919507533017  -1.770762618744546  0.8545381558781467   -1.95744416910254   1.656068839505155 -0.6994151454828549   1.306175923483328  -2.100056216916838
-0.1107291446096894   1.369408767559493 -0.3353183061122383   1.345752672474007 -0.5992831781303409   1.326385900048292 -0.6994151454828549   2.023688801232018 -0.8883289413354345  0.8371444047063955
  0.156746657544007  -1.066055046813631  0.4074751694438445   -1.22067173936414  0.7058533374806751  -1.440608643177759   1.306175923483328 -0.8883289413354345   1.786573989620347  -2.140556489686116
-0.2664928423616864   1.288613099330693 -0.5814839255334212   1.780218600737024 -0.9819078036383299   2.325362503838784  -2.100056216916838  0.8371444047063955  -2.140556489686116   4.553701815538525

cov.inverse():
  194.0084684842836  -58.68743496419052  -230.1858848850518   71.34603261247649  -56.63372079986042   16.55987675268711   97.79592467377017  -29.67701848551998  -1.475024046395174 -0.1288956188945989
 -58.68743496419051   17.88716140104343   70.12082403607559   -21.7641529630239   16.94957455452031  -4.952252292200544  -29.67526445183429   8.978194407197076  0.4723129201655922 0.03593012974617225
 -230.1858848850631   70.12082403607899   380.6935327220016  -116.8522632943351  -122.6743940718683   37.80730428126219  -30.47197636676429   9.754325597431654   1.613473831000092  0.1345490261723272
  71.34603261247995  -21.76415296302494  -116.8522632943351   36.53604764376052   36.73679685916322  -11.60154168487047   10.19146135878456  -3.275660981919254 -0.5688034729121567 0.01013238637941373
 -56.63372079984031   16.94957455451416  -122.6743940718959   36.73679685917179   366.4951052610357   -110.771464061868  -191.0584871935626   56.53665440025367   1.330309046385776 -0.4246513306222817
  16.55987675268098  -4.952252292198665    37.8073042812706  -11.60154168487308   -110.771464061868   34.31881499867112   58.25253011684985  -17.20942196246925 -0.5596614805586343 0.08862406547761767
  97.79592467376123  -29.67526445183155  -30.47197636674776   10.19146135877945  -191.0584871935703   58.25253011685225   129.5586095205061  -37.78018658373009  -2.364325585069278  0.8842583419837278
 -29.67701848551731   8.978194407196257   9.754325597426696  -3.275660981917718     56.536654400256  -17.20942196246997  -37.78018658373009   11.92099133006716  0.8455951003889112 0.01034500935274906
 -1.475024046395345  0.4723129201656443   1.613473831000208  -0.568803472912192   1.330309046385991 -0.5596614805586996  -2.364325585069439  0.8455951003889598   1.899429961334549  0.4281096275985293
-0.1288956188946254 0.03593012974618021  0.1345490261723879 0.01013238637939497 -0.4246513306223288 0.08862406547763235  0.8842583419837399 0.01034500935274561  0.4281096275985296  0.6854255797121284

cov*(cov_.inverse()):
    0.9999999999998419  1.712865960179499e-14  2.515418429105409e-13 -5.615993781127315e-14 -3.079481114554028e-14 -5.977857098216077e-15  -1.65145674912992e-14  1.203984828501703e-14 -5.412337245047638e-16  4.440892098500626e-16
 3.846922780326167e-14     0.9999999999999893 -2.506328478091291e-14 -7.690029169005186e-15 -9.103828801926284e-15 -2.954581024283698e-14 -1.887379141862766e-14  4.570996359198887e-15                      0                      0
 -4.06064071256651e-14  1.929012505286209e-15      1.000000000000067  8.956377306468255e-15  5.476175068963585e-14 -2.259303855112194e-14 -9.992007221626409e-15  1.415968037266069e-14  -1.02695629777827e-15  1.665334536937735e-16
 1.484923295436147e-14  5.639932965095795e-14  -5.65381075290361e-14      1.000000000000016  6.150635556423367e-14 -2.958744360626042e-14 -9.436895709313831e-14  2.034136747930404e-14  2.109423746787797e-15 -6.661338147750939e-16
-2.384203945382524e-14 -1.443983821403094e-14  5.467848396278896e-14  8.500145032286355e-17      1.000000000000034 -3.025357742103552e-15  6.883382752675971e-15  3.587408148320037e-15 -1.554312234475219e-15  2.220446049250313e-16
 8.587575095475586e-14  5.093148125467906e-15 -2.017275235743909e-13  5.258640745076093e-14  4.884981308350689e-15     0.9999999999999643 -6.306066779870889e-14  1.477290512141849e-14  1.887379141862766e-15 -4.440892098500626e-16
-3.019806626980426e-14 -2.577105195911145e-14  5.206945985491984e-14 -2.806782584130474e-15 -6.139533326177116e-14  2.708944180085382e-14      1.000000000000034 -1.277797312404516e-14 -2.220446049250313e-15  2.220446049250313e-16
 2.574329638349582e-14 -7.667477763817487e-16 -8.415490526658687e-14  7.013487013374231e-15 -5.551115123125783e-15 -1.904032487232143e-14  8.659739592076221e-15     0.9999999999999997  3.885780586188048e-16 -2.220446049250313e-16
-3.547162563677375e-14  9.284240043427872e-15  1.061928323053962e-13 -2.365121987146779e-14 -8.770761894538737e-15  2.292610545850948e-14  1.110223024625157e-15 -6.973588373426765e-16     0.9999999999999998                      0
-3.352873534367973e-14  9.658940314238862e-15 -3.297362383136715e-14 -1.922073611382302e-15 -3.774758283725532e-15 -1.609823385706477e-14  2.220446049250313e-14   1.27675647831893e-15  1.998401444325282e-15     0.9999999999999996
