12
1

0.02168960833460822
 0.1580732928859351
 0.1737562482099964
 0.2196498090725403
 0.5143983464995244
 0.6161852706730439
 0.8408480619912331
 0.8805771116478245
  1.517326969643511
  2.170879661321929
  2.778309562520135
  3.953684936420759

   -0.3887543199238324     0.1557138323522239     0.7553673983934912    -0.3032265990212107    -0.3738104559102875     0.1490665594017299   0.004379870681485282   0.001730709557579312   0.001327971443813788  -0.001603767279851149    0.01070095914165131 -0.0009399140069754144
    0.1332094620937389   -0.04621034983654157   -0.07194402014958182    0.02807656531225414    -0.2906614408580326     0.0543704759765563     0.9359947630615696      0.061553315777816    0.01034786777128393   0.006817673090193988    0.08175217114064992   0.001844364434001381
  -0.02793673471459453    0.01011554265072668   0.005655065596452216  -0.002164786719519875    0.01604905987711734  -0.007922868068825929    0.09659701816015097   0.008822752090758224    0.01200421995879136  -0.002599261419637327    -0.9945848355010338  -0.001235752118164467
     0.470306909640221    -0.1735204720616217    -0.1168505049789924    0.04014587767529942    -0.7580070272058254     0.1941604115391433    -0.3239191920174994   -0.05928264270490307    0.08085784364748701  -0.007356047306161677   -0.06043402196175131   -0.04980921405159432
   -0.6717113558220698     0.1763700021903039    -0.4823672104859956     0.1553869213369651    -0.4154770601860843    -0.2129196577499681   -0.04407884587915553    -0.1480594007816143    -0.1130203867384449    0.05401664666594757   0.005400820953532725    0.05773371544297354
    0.1103681024159938   -0.01022889086948675    0.04326069557771456   -0.01905480869501001   -0.02508227629170018  -0.009342005247419422    -0.0288905841179992     0.2069646115609547    -0.7102646069349319     0.6604446526057293      -0.01453405944075    0.01483503978311202
  -0.03297296956514324    0.05269533170063829   -0.05029957507126626    0.01496439619764155    -0.0996115234286177    -0.1134991719334034   -0.07985946188481707     0.8707055996763881     0.1228465650642123    -0.1487611498895824   0.001768899967818329     0.4109104829859828
    0.1046828441522532   -0.03041492404353743     0.0636328225521493   -0.02319784768275094    0.01929305268188898  -0.005497035964713205    0.02052334914468976    -0.4006841113143648   -0.03041165403026685    0.05116028753942872  -0.005668345014980987     0.9047559782777301
   -0.2636871450942036    -0.1554337868937949    -0.2191040615080019   -0.03798161341595065      0.128212527740398     0.8296592192371669  -0.005287281408918371    0.09165204531974426      0.231973760689395     0.2904258511146706   0.002370740346123736    0.07412616631321992
  0.004043342038794105   -0.05615504556313782     0.1393561246459372     0.1713219088866007   -0.02909216165394345    -0.3606404897561711   0.002095253839503831   -0.00383628906837937     0.6201419102715402     0.6570712827192866   0.008109268657071692   -0.02734031255460155
   -0.2254688947848081    -0.7247807946038285     0.2597505170675403     0.5606256562536103  -0.007866389519515064   -0.02675541437074712 -0.0004424182376384947    0.02684668772312159    -0.1447663119725351    -0.1395103964864449   -0.00189877132095894    0.01274385699192902
    0.1155413682460554     0.5965509220586459     0.1858286411550081     0.7316309029222057   0.007600816033123399     0.2441634835420926  -0.005576754864310845  -0.006958961693528496   -0.02446220371663323   -0.02202024896024955 -0.0003912730129540988    0.01116142099227054

22.49595545177762
 44.3772868959567
35.74656997840277
77.34665652232184
49.86401549750457
112.5172890389916
67.65206784008505
158.1612767954934
  79.671063031564
187.2502389560091
107.5104236833854
259.2617550965082

2.484406689220984

    0.1112714444500934   -0.04488233130445498   -0.03706072783056046    0.01499332611280299   -0.07720047835314994     0.0306458930907939 -0.0004483705146985614 -0.0001867229558119203  0.0008300241142499955 -0.0001026896476015453  0.0006030758846651759 -0.0003804467086797143

-2.321827785476813e-05   0.001092300327724845  -0.000178746432103386   0.006258843757553373  -0.009783075204667861   0.004481625677363308  7.172377576195473e-05   0.006464493820031503   0.001922063145530544   -0.03755834073720023    0.04547579003622114   -0.04624474175685435

cov:
    0.9057305818699447      2.392524475710892     0.1100781896376063     0.3424233263761581   0.007599962224943845    0.02122362860547409 -0.0002175827515083997     -0.133988277544964    0.06560996194797841    0.06479500267349897  -0.001019354024415492   0.005557059959810782
     2.392524475710892      9.700676675968108     0.2962582000993026      3.662325336732909    0.05990556101282762      2.209391048919573   -0.05193428500926929    -0.2122672980157366     0.3367605588577795     0.2906036457484018   0.004596416193431113    0.01051596628256206
    0.1100781896376063     0.2962582000993026       1.33091029449171      3.358773636546566   -0.01569645057826291    0.02988751500160162  -0.003877454312995835    -0.0433512103962465   -0.07463946097480811   -0.04686158820291064   -0.00205673613075141    0.02580637503435727
    0.3424233263761581      3.662325336732909      3.358773636546566      10.94233517310914  -0.001736636915430872      2.303489209562917   -0.06633464208997859    0.03424200341669723    -0.4233219398930068    -0.3555061622950125  -0.005899986435524508     0.1444851811151207
  0.007599962224943845    0.05990556101282762   -0.01569645057826291  -0.001736636915430872     0.1263402424223869     0.3488618209253582    0.01366280446730701   -0.02616204011235932  -0.003609341097372375  0.0007293139929141453  0.0001246523823805831   0.006096482167943808
   0.02122362860547409      2.209391048919573    0.02988751500160162      2.303489209562917     0.3488618209253582      3.158165816475017   -0.02773228439131005    0.08845133073450842    -0.6744354494337272     -0.610968637251656   -0.01094224212315085     0.1874241708984857
-0.0002175827515083997   -0.05193428500926929  -0.003877454312995835   -0.06633464208997859    0.01366280446730701   -0.02773228439131005    0.03347420566247634    -0.0543290653831103    0.00662905835411607   0.006954677358374015 -4.594796984574344e-05   -0.01100965941223346
    -0.133988277544964    -0.2122672980157366    -0.0433512103962465    0.03424200341669723   -0.02616204011235932    0.08845133073450842    -0.0543290653831103     0.7085671339833023    0.04387459547342704    -0.0347735593792441   0.001532785424606807   -0.01153263960443869
   0.06560996194797841     0.3367605588577795   -0.07463946097480811    -0.4233219398930068  -0.003609341097372375    -0.6744354494337272    0.00662905835411607    0.04387459547342704      2.314042696360281      2.045873430060996    0.03070752935047336   -0.05039095481692574
   0.06479500267349897     0.2906036457484018   -0.04686158820291064    -0.3555061622950125  0.0007293139929141453     -0.610968637251656   0.006954677358374015    -0.0347735593792441      2.045873430060996      2.570753750229828    0.02501083372278069   -0.05542670347223488
 -0.001019354024415492   0.004596416193431113   -0.00205673613075141  -0.005899986435524508  0.0001246523823805831   -0.01094224212315085 -4.594796984574344e-05   0.001532785424606807    0.03070752935047336    0.02501083372278069    0.03067652005564046  -0.004171364391442953
  0.005557059959810782    0.01051596628256206    0.02580637503435727     0.1444851811151207   0.006096482167943808     0.1874241708984857   -0.01100965941223346   -0.01153263960443869   -0.05039095481692574   -0.05542670347223488  -0.004171364391442953     0.7745814848315634

cov.inverse():
   328.3640475398846   -131.0375610802645   -624.4698527248811     250.708520885443    300.9905176476057   -120.5438833737679   -1.765881492024238   -1.358126416083041  -0.2165007203995957     1.33225477051387    -8.09486169868789   0.2540736895346207
  -131.0375610802644    52.47864234553704    250.2462938082456   -100.4821519558348   -120.7526316340609    48.34923764243108   0.8808946510664842   0.6426149051085474  0.07738794852444933  -0.5279248948936446    3.279166655187034  -0.1080207027668884
  -624.4698527248825     250.246293808246    1214.286851865564   -487.3108362125726   -596.7884578900571    239.0296938946865    5.225178880784121    2.937593667497612    2.013865235149735   -2.599017474425816    16.89469531626558   -1.459936069590261
   250.7085208854432   -100.4821519558349   -487.3108362125724    195.6881142294817    239.7362664750046   -96.00335114554915   -2.074702905145029   -1.163290428055352  -0.7980663277133594    1.037280138837184   -6.780324506145266   0.5805660809018554
   300.9905176476055   -120.7526316340609   -596.7884578900567    239.7362664750044    313.0041869095785   -121.7359555779113   -9.145027370203266   -1.063876195023991   -2.224030646698264    1.215272415614503   -9.040980330026057     1.38458587351999
  -120.5438833737678    48.34923764243106    239.0296938946864   -96.00335114554909   -121.7359555779113    48.65631481639771    2.142280109602919   0.4516813045136335   0.8907319867927259  -0.5039484535930375    3.582461169470433  -0.5842056198147453
  -1.765881492024109   0.8808946510664329    5.225178880783869   -2.074702905144926   -9.145027370203151    2.142280109602873    37.60516862077471    2.647838780843117 -0.04652797582066452   0.2400690931976909   0.3854073635677974   0.3573981192688072
  -1.358126416083032   0.6426149051085434    2.937593667497589   -1.163290428055342   -1.063876195023981   0.4516813045136291    2.647838780843119     1.71215556757952  -0.2141545597344144   0.1498698897539546  0.01861262988213921  0.07924204815452848
 -0.2165007203995633  0.07738794852443596    2.013865235149668  -0.7980663277133324    -2.22403064669823   0.8907319867927126 -0.04652797582066744  -0.2141545597344145    1.655534308531258   -1.183089537405651  -0.4059210128107408 -0.09874301806734909
   1.332254770513855  -0.5279248948936387   -2.599017474425789    1.037280138837173    1.215272415614487  -0.5039484535930315   0.2400690931976938   0.1498698897539548   -1.183089537405651    1.333991717581542  0.05720627319120334  0.02752831189256711
  -8.094861698687955    3.279166655187059    16.89469531626571   -6.780324506145317   -9.040980330026127     3.58246116947046   0.3854073635678018  0.01861262988213976  -0.4059210128107404  0.05720627319120043    33.35176049210394  0.08280622408492692
   0.254073689534679  -0.1080207027669113   -1.459936069590368   0.5805660809018984    1.384585873520043  -0.5842056198147665   0.3573981192688069  0.07924204815452823 -0.09874301806734939  0.02752831189256758  0.08280622408492357    1.363722007768094

cov*(cov_.inverse()):
     1.000000000000056 -4.637251953959476e-14  4.045357798743154e-13 -5.092237395643018e-14   5.06964262236842e-14  1.425986065339835e-14  -3.89011739487799e-16  7.311859451242242e-16  5.676882575134101e-16  7.743371915891473e-16 -2.513722736907642e-15 -8.023096076392733e-16
  2.92526419753969e-14     0.9999999999999828 -1.865695098413056e-14 -4.462055724907543e-14  4.196296088387896e-14  1.177617031666855e-14  2.654126918244515e-16   7.26415455565288e-17  1.238158880978446e-16  4.809520837145698e-16 -1.149471143269132e-15 -3.989863994746656e-17
 9.134706879798671e-14  -3.29250515740398e-14      1.000000000000046  7.656549005918833e-14 -3.572142581731441e-14 -8.491471414906471e-15  6.106226635438361e-16  1.704365815147213e-16 -1.756407519426517e-16  2.754957720285667e-16  3.186687025369395e-15 -2.983724378680108e-16
-2.407796184655808e-15  -1.07032438467769e-15 -1.432742813278765e-13      1.000000000000059 -2.562672296591018e-13  5.016820292524926e-14 -1.228184220991579e-15 -4.461708780212348e-15 -6.990935608186533e-16  3.920475055707584e-16 -6.683889552938638e-15  8.049116928532385e-16
 1.047556139055494e-15 -2.864570559923951e-15 -2.123995423986003e-14  9.272096979096034e-16      1.000000000000006 -9.436895709313831e-16  -9.84455572616838e-17 -2.130457268934016e-17 -1.459336124165489e-16  1.884885476866049e-16 -5.713745448998608e-17  8.673617379884035e-18
 -2.02469985222109e-13  4.693814781298045e-14 -4.538036613155327e-13  1.753458489517357e-13 -2.930988785010413e-14      1.000000000000016  5.551115123125783e-16 -1.103284130721249e-15  -1.11369247157711e-15 -1.474514954580286e-15 -2.142383492831357e-15  1.665334536937735e-15
 3.978154611283813e-15 -2.263380455280739e-15  1.155672779695749e-14 -3.337607967779377e-15  1.261143967035139e-15  8.847089727481716e-17                      1 -3.491130995403324e-17  8.586881206085195e-17  -2.51534904016637e-17 -1.669671345627677e-17 -5.030698080332741e-17
-7.135351337561602e-15  4.349168594708352e-15 -1.263850135657663e-13  3.226325456795465e-14  7.820133429703446e-15 -6.691695808580533e-15 -3.512815038853034e-16     0.9999999999999999 -2.860125331016761e-16  -2.42264975441886e-16 -1.643650493488025e-16  2.602085213965211e-16
 5.521624824034177e-15 -1.087671619437458e-15 -5.900835375882707e-14 -1.244837566360957e-14  3.634592626866606e-14  1.561251128379126e-15  -1.52655665885959e-16 -3.252606517456513e-16      1.000000000000001 -6.123573870198129e-16  1.127570259384925e-17  1.249000902703301e-16
 1.324287901560695e-14 -9.107298248878237e-16 -8.285039321265231e-14  4.253541963095131e-15  2.016442568475441e-14  5.828670879282072e-16 -1.457167719820518e-16 -2.602085213965211e-17  -1.42334061203897e-15      1.000000000000001  3.651592916931179e-16  2.081668171172169e-16
-1.548023861874803e-15   6.49003420449823e-16 -1.057313958607864e-15 -5.594483210025203e-16 -1.142315408930727e-15  2.996734804749934e-16  2.016616040823038e-17  1.029992063861229e-18 -3.274290560906223e-17 -6.796592368768506e-17                      1  6.852157730108388e-17
 1.082467449009528e-14 -8.534839501805891e-15 -1.576516694967722e-14  7.327471962526033e-15  1.310063169057685e-14 -7.605027718682322e-15 -1.665334536937735e-16  -4.85722573273506e-17 -5.551115123125783e-17  1.630640067418199e-16 -3.885780586188048e-16     0.9999999999999999
