10
1

0.04353383715961177
0.04451255610871166
0.06030230933219964
  0.850270012507563
  1.197881371183765
  1.352261475562207
  1.654054369793289
  2.628415620380506
  3.464960456052131
  7.278961389259512

 -0.07587593204827094   0.01605235222555017   -0.4926596241379517    0.1040629685732724    0.8131265263289558   -0.1712742701101283   -0.2175369938429439   0.04130429396661509  -0.02981537054737489     0.003948430963086
 -0.01503560578517523   0.00341972477682559   -0.2453683948409359   0.05314883548998506   0.03623162127680456 -0.008287932853558437    0.7741136622512248   -0.1637681584222836     -0.54373341606169    0.1167577337476616
  -0.6967121797480569    0.1466575747611629    0.5872568395779088   -0.1354935005462575     0.291368095976779  -0.05713608553392581   0.02121355394958632 0.0004585077608989801   -0.1987304994386184   0.04184105524050431
  -0.6390989514820661    0.0560510388684638   -0.4184106573284239    0.3798685960029994   -0.3773351408941162    -0.180839555570879   0.04716950344925024 -0.004570850049309222    0.2996016657652618    0.0441748411790991
   -0.239804883875829  -0.09501030042380826   -0.2453505232294139   -0.4956599093127997   0.09685494726763644    0.6423111539558092    0.1793862044299097   -0.1340159782391076    0.3077850375107531   -0.2465262950454732
 0.008203325814392365     0.065145019449007    0.1132627392208243    0.5622253156438696   0.08151631349686157    0.4228354463228456   0.08287146862358027    0.4660805504688049   -0.1249334016425734   -0.4915498342219667
 -0.08556295909888204  -0.08175201012306538   -0.1825806638987316   -0.4623332437550243   -0.1834622406081337   -0.4341295297454874  -0.02360021761173796    0.4250563256019039   -0.2412645092097108   -0.5266332745133246
  0.02512621591310539   0.09287637859933592   0.05353005557990313    0.1614502461629765  -0.01331865899544676    -0.137155359953773   -0.1261869320064051   -0.7396498670394466  -0.09491790975486222   -0.6089396900197164
  -0.1842870101500665   -0.4576501567249094   -0.1589913211487934   0.03399354909032412   -0.1914372694522409    0.3086443119188989   -0.4872302969227407  -0.08938234540678468   -0.5744175557226385    0.1513710563872434
  0.02595605148473245    0.8585199792203801   -0.2064898024961983   -0.1446984382794148   -0.1540309942027449     0.201827083499674    -0.240479006001398   0.02274799601247101   -0.2582567732321464   0.09586526334385521

22.40513743620447
103.8594089140875
27.97235800082308
130.2145179709523
33.37710453618098
156.0234251589789
46.91531095110418
220.3752333798807
 55.4141971030264
260.9386538920921

4.773638924504027

 0.06291358480777402 -0.01312545143273556   0.1515133206304465 -0.03162366073897207 -0.05395124117214094 0.007999002524876151 -0.07099166322786933  0.01150492555986036  -0.1043141718756298  0.01729206365612507

-0.0002066936020452852 -7.919700891917693e-05  0.0001864763947528128   -0.09494637407901647    -0.1235076752970729    0.00372678511602322    0.03200732875737219    0.01940008630904856     0.9381917282096429      1.033720279260971

cov:
  0.8475367518716647    2.235895751738025   0.3978731850697336  -0.1341509213888272   0.3937522640320817  -0.4584621961793426   0.6485980172764957  0.05636719451674327   0.7100717224219166  -0.1285648370758466
   2.235895751738025    41.66718532884497   -8.413594723899816   -6.411830616141988     -5.9406980497596    7.449229186028089   -8.349969352321777    1.029802685496042   -8.642981171443743    3.232865209342208
  0.3978731850697336   -8.413594723899816    2.911827591051691    1.984463719348696    2.234090021301476   -2.714920228388624    3.465743700499175  -0.4189793827250991    3.782353503767068   -1.328237625878973
 -0.1341509213888272   -6.411830616141988    1.984463719348696    2.923065943379159    1.231281580409548   -1.097004071575313    1.504505647135695   -1.000303627133697    1.679785233191224   -1.004147878467196
  0.3937522640320817     -5.9406980497596    2.234090021301476    1.231281580409548    1.920477817739456   -1.924680106636627    3.130024358662247 -0.07335687638571363    3.499843496984014  -0.9294320457658014
 -0.4584621961793426    7.449229186028089   -2.714920228388624   -1.097004071575313   -1.924680106636627    4.890167066553271   -4.006122274145419   0.3454852411530929    -4.36573908386795    2.175477104335948
  0.6485980172764957   -8.349969352321777    3.465743700499175    1.504505647135695    3.130024358662247   -4.006122274145419    6.087314492373381   0.8860857850928877    6.818690743812344    -1.67832381864526
 0.05636719451674327    1.029802685496042  -0.4189793827250991   -1.000303627133697 -0.07335687638571363   0.3454852411530929   0.8860857850928877    4.820264759591499   0.3431235343089512    2.080596752267533
  0.7100717224219166   -8.642981171443743    3.782353503767068    1.679785233191224    3.499843496984014    -4.36573908386795    6.818690743812344   0.3431235343089512    7.946825701805468   -1.595913182562066
 -0.1285648370758466    3.232865209342208   -1.328237625878973   -1.004147878467196  -0.9294320457658014    2.175477104335948    -1.67832381864526    2.080596752267533   -1.595913182562066    4.613031849845957

cov.inverse():
   137.249533826383  -28.79060575596197  -90.51011604787951   21.15438322010489  -88.32778252876327    17.9298991278865  -1.293148942328724 -0.4848221376026281   43.09473863872208  -9.048734279067313
 -28.79060575596197   6.104685259541148   19.08492514580123   -4.39676550921889   18.67818009540873  -3.808197419060056  0.3575063300939188 0.09194062738839849  -9.183902427999433   1.928012545008299
 -90.51011604789235    19.0849251458039     253.59965048535  -55.58284490526818  -168.5839141584442   36.36628403231347  -35.93439998220187   9.639045449041113   42.78151975002402  -8.714106791929497
  21.15438322010762  -4.396765509219463  -55.58284490526795    12.8143023164757   34.58707073075016  -7.614268156679043   8.018550400080043  -2.044319883448591  -8.767251765537834   1.821891458849246
 -88.32778252874724   18.67818009540539  -168.5839141584831    34.5870707307588   373.1006599939259  -78.03379315875914  -77.47664832561995   14.75190250750977  -38.77337489065359    7.15386030887485
  17.92989912788309  -3.808197419059351   36.36628403232147  -7.614268156680811  -78.03379315875893   16.92180470023342   16.16853672236981  -3.061008825935156   8.149797145374416  -1.637797847156043
 -1.293148942331235  0.3575063300943653  -35.93439998214905   8.018550400068786  -77.47664832568321   16.16853672238322   327.5896281994278  -68.70460378756169  -210.0911784228269   45.36660068086573
-0.4848221376024051 0.09194062738835615     9.6390454490308  -2.044319883446409   14.75190250752259  -3.061008825937868  -68.70460378756199   14.71360541228964    44.1812959408988  -9.679428905545091
  43.09473863872005  -9.183902427999008    42.7815197499995  -8.767251765532654  -38.77337489061488   8.149797145366247  -210.0911784228391   44.18129594090113   160.7929846148499  -34.34369664153691
 -9.048734279066872   1.928012545008208  -8.714106791923914   1.821891458848066    7.15386030886618  -1.637797847154212   45.36660068086828  -9.679428905545574  -34.34369664153679   7.704257573981512

cov*(cov_.inverse()):
    0.9999999999998612  3.549938121238938e-14  1.334488075599438e-13 -1.246225345141738e-14  1.060262988517024e-13  9.547918011776346e-15  2.806643806252396e-13 -1.332267629550188e-14  7.105427357601002e-15 -7.438494264988549e-15
   1.4210854715202e-13      1.000000000000029 -6.039613253960852e-14 -2.842170943040401e-14 -1.030286966852145e-13  -1.77635683940025e-14   1.70530256582424e-13   1.20792265079217e-13  -1.27897692436818e-13  3.552713678800501e-15
-4.440892098500626e-14  5.773159728050814e-15     0.9999999999998188  2.353672812205332e-14  4.423128530106624e-13  -1.77635683940025e-15  3.979039320256561e-13 -3.019806626980426e-14  4.973799150320701e-14  -1.77635683940025e-15
 -1.77635683940025e-14 -1.465494392505207e-14 -3.019806626980426e-14     0.9999999999999989  2.042810365310288e-14 -6.661338147750939e-15  -1.06581410364015e-13  3.197442310920451e-14  5.684341886080801e-14 -6.217248937900877e-15
-3.375077994860476e-14 -7.105427357601002e-15  1.740829702612245e-13 -4.596323321948148e-14     0.9999999999997646  5.750955267558311e-14  7.815970093361102e-14  1.953992523340276e-14  6.750155989720952e-14 -2.486899575160351e-14
  1.27897692436818e-13 -2.042810365310288e-14 -2.096101070492296e-13  4.529709940470639e-14 -2.433608869978343e-13      1.000000000000005   -1.4210854715202e-14 -4.263256414560601e-14 -1.989519660128281e-13  3.907985046680551e-14
-7.638334409421077e-14 -4.440892098500626e-16  2.415845301584341e-13 -6.661338147750939e-14  2.859934511434403e-13  8.881784197001252e-16     0.9999999999997158   1.27897692436818e-13  5.755396159656812e-13 -1.101341240428155e-13
                     0  2.664535259100376e-15 -3.197442310920451e-14  2.664535259100376e-15  5.151434834260726e-14 -2.664535259100376e-15  4.263256414560601e-14      1.000000000000004    1.4210854715202e-14  -1.06581410364015e-14
-1.740829702612245e-13  2.531308496145357e-14 -1.865174681370263e-13  1.909583602355269e-14  5.595524044110789e-13 -4.218847493575595e-14  2.842170943040401e-14  1.314504061156185e-13      1.000000000000128 -8.348877145181177e-14
 3.552713678800501e-14  -1.77635683940025e-15    1.4210854715202e-14   1.77635683940025e-15   -1.4210854715202e-13  1.509903313490213e-14  5.684341886080801e-14 -2.131628207280301e-14 -5.684341886080801e-14      1.000000000000007
