10
1

                nan
0.02664831462903752
0.03071915582431413
0.03663464412931699
0.05479858209775117
 0.1929908854864414
 0.4794796256729176
  1.635875820670136
  1.910691731309859
  2.811655233810347

                     0  1.723785961128952e-20 -4.193841172594279e-18  3.398962070525107e-18 -1.463108067430914e-16   5.58866674750611e-17   3.10297776478814e-16                     -1 -4.859503289632906e-17  7.349545259940471e-18
  -0.01072491592268345   0.006991378414967821  -0.002141117213185886   0.001528279394000702   -0.09594906512463243     0.0363458118877252     0.8049208591616729  2.380180360016483e-16    -0.5836162076037894     0.0282217709227978
  -0.03263572346854517    0.01943775514933118    0.04219868678352687   -0.02691177850695149     0.4267629798565331    -0.1637150270013114     -0.482343340277427 -1.391910819727797e-16    -0.7445750796965163   0.008701263279004322
   0.06634165205869613   -0.03596245507489931   -0.09698280553263312    0.04703367252026034     0.8213940323158144    -0.3128823528974799     0.3377963627932036 -3.178682939678552e-17     0.3095667169423364   -0.01289178319376645
    -0.519210512905932     0.2949657851828419     0.6858750473277467     -0.386791302500784    0.08213762735967471   -0.03339346869568557    0.07011985693145745 -2.290712701653038e-19    0.09282742784198153    0.04458808525474388
   0.00593942183500202   -0.01621126995214228    0.06454672925952498   -0.02454059726279937  -0.002111986362419379    0.01141667436692791    0.01788173699957122 -3.988387393002305e-21   -0.02309390698153135    -0.9969681593836878
   -0.7373620878869899      0.306291861057514    -0.5453250790256097     0.2489070387822411   -0.01042171386784153   -0.01713718791713335   -0.01007927553066984 -2.248590586888252e-26   0.004138094914433418   -0.05125700413445059
     0.424470555985445     0.8940531440594253   -0.08429720667276699   -0.03963619257287695   -0.04058036057194021   -0.09928735119049144  -0.001478515892216326 -7.812780424948177e-31  0.0007141077302060966    -0.0175851117338673
  -0.03042521247674978   -0.08771622266528672     0.0951250003486028     0.1473513953722348    -0.3481469155117196    -0.9161747860852186  0.0007417225654211748 -2.018644712150535e-30  0.0004596139877161727  -0.005974653262651815
 0.0002058751453234411     0.1008588724620861     0.4479776049296033     0.8727046041757271    0.06531674151824067     0.1523405427256985 -0.0002259404572545515 -5.171538851048819e-31   0.000644790524817151   0.007469960421062244

35.39734411679752
49.44607218300423
50.45005711794214
76.24817517908608
68.46989948902601
107.8835488296137
85.15355854708112
134.4140014648438
107.5220173530011
182.6759580286538

1.774356861374475

   0.1317338285793331  -0.07325002896905036    -0.136371849310888   0.07641214930037511 -0.004572279534590011  0.001864166945740736  -0.03658948829817001  -0.04389803093696337   0.01128278523859084 -0.009070934927477335

-7.280805409787634e-21  -2.64894979185861e-05 -6.248704821008999e-06  2.027153251094565e-05 -0.0006469835134064922 -2.041546164872936e-05  -0.005813906016893927  -0.002363208570955368   0.002264976263926799   -0.01449827727864438

cov:
    0.6113604383684208     0.9730912447168004   -0.01421333240525067    -0.1015623509030903  -0.005620620014688123  -0.007834308745866285 -0.0001201618244403215                      0 -3.522209976518175e-05   -0.01090211716275448
    0.9730912447168004      2.269429911052283    0.08721159323497385     0.5710119900607364    0.06578254843720704     0.1760692847217847  -0.004634710870405714                      0   0.002431539692380769   -0.03717123099715195
  -0.01421333240525067    0.08721159323497385      1.708488729728769      3.118679574701269      0.120947519542118     0.2458784590609703   0.001177615346055701                      0   0.001829826506212499    0.03246971410536507
   -0.1015623509030903     0.5710119900607364      3.118679574701269      6.119051409740664     0.2669982071623899     0.5677247208990814  -0.001643069486023159                      0   0.004807868899000221     0.0481124526587968
 -0.005620620014688123    0.06578254843720704      0.120947519542118     0.2669982071623899     0.4817557816303575      1.253516183131567 -0.0007355024956745425                      0 -0.0002328056579425056    0.01356019250040602
 -0.007834308745866285     0.1760692847217847     0.2458784590609703     0.5677247208990814      1.253516183131567      3.274426812269501  -0.002366382180820266                      0  -0.001015945968903345    0.03343044758532222
-0.0001201618244403215  -0.004634710870405714   0.001177615346055701  -0.001643069486023159 -0.0007355024956745425  -0.002366382180820266  0.0008910759908675559                      0  0.0001375011146026897 -0.0004894481524330429
                     0                      0                      0                      0                      0                      0                      0                      0                      0                      0
-3.522209976518175e-05   0.002431539692380769   0.001829826506212499   0.004807868899000221 -0.0002328056579425056  -0.001015945968903345  0.0001375011146026897                      0  0.0009487523523061924  0.0007924814863502999
  -0.01090211716275448   -0.03717123099715195    0.03246971410536507     0.0481124526587968    0.01356019250040602    0.03343044758532222 -0.0004894481524330429                      0  0.0007924814863502999      0.039029809702819

cov.inverse():
               nan                nan                nan                nan                nan                nan                nan                nan                nan                nan
               nan                nan                nan                nan                nan                nan                nan                nan                nan                nan
               nan                nan                nan                nan                nan                nan                nan                nan                nan                nan
               nan                nan                nan                nan                nan                nan                nan                nan                nan                nan
               nan                nan                nan                nan                nan                nan                nan                nan                nan                nan
               nan                nan                nan                nan                nan                nan                nan                nan                nan                nan
               nan                nan                nan                nan                nan                nan                nan                nan                nan                nan
               nan                nan                nan                nan                nan                nan                nan                inf                nan                nan
  33.7997538845036 -20.24370501200622 -32.75357572916911  18.88975244045038 -65.86908337287932  26.09560825069151 -200.8647171648245                  0  1141.415298663644 -31.03733834006973
-9.071187337767073  5.542307923583444  9.814406271336853 -5.780199735396711 -6.488809039028282  2.145006890310156  24.86126273919929                 -0 -31.03733834006973  28.68560375306423

cov*(cov_.inverse()):
nan nan nan nan nan nan nan nan nan nan
nan nan nan nan nan nan nan nan nan nan
nan nan nan nan nan nan nan nan nan nan
nan nan nan nan nan nan nan nan nan nan
nan nan nan nan nan nan nan nan nan nan
nan nan nan nan nan nan nan nan nan nan
nan nan nan nan nan nan nan nan nan nan
nan nan nan nan nan nan nan nan nan nan
nan nan nan nan nan nan nan nan nan nan
nan nan nan nan nan nan nan nan nan nan
