10
1

0.05831880671404216
0.08492269722663863
 0.6865276845751295
  1.008319777649597
  1.207096203051436
   1.78736385565327
  2.491950749714165
  2.776590468348926
  4.125822540249848
  9.419616987576635

     0.224011891415815   -0.07878938936390548   -0.05109627513818728    0.01831867570405193    -0.7248915000860476     0.2579072750445707     0.5551023133830351    -0.2012759884913327  -0.005465976480076499 -0.0004162118059088022
    0.4067268366914338    -0.1432772396174511    -0.7980748226899694      0.279312417192795     0.2723396489621817   -0.09492912163557925     0.1205484066912852   -0.03334712238029688   0.003269954692527907    0.01646207310708782
   -0.6211821522121546     0.1056507409603721    -0.1573741442546883    0.02012155699682145     0.2244074884174308   -0.06724037433743305     0.5057596105860835      -0.17909690450729    -0.4341340486502725     0.2158200882010621
    0.6063948368078191    0.02717898412266123     0.4668593960504545   -0.01057332984581591     0.3287668253963822      -0.10775120064964     0.2375905701378674    -0.1100050342928533    -0.4551472551104223     0.1344237947122451
   0.03641941906013203   -0.01059340942186653    0.06435801564854279   0.006621288398273066   -0.08613247682974522    -0.3665586070560015     0.0764688111007924    0.06764622797350328     0.4050802790238169     0.8234549594835066
   0.00613699481044056 -0.0005588417626994725   -0.02280799861233163   0.005767563102194064     0.1239783489532885     0.4803225146571588    -0.3347098875792106    -0.7428056925835831    0.05227952626992578     0.2946252732966255
  -0.09600635367593721    -0.1731266952741059     0.2189683658515868     0.3691501807889939    0.03499484043104274    -0.5179639971578209     0.1251108643743917    -0.5133424238265917     0.3071124150095433    -0.3654974378445011
    0.0659332488999483     0.1177400064595268    -0.2398462907224612    -0.4373916072306407    -0.3525499138926191    -0.5238372471146305      -0.33665432104985    -0.2711783414902362    -0.3838423634999759  -0.006837271149872311
   -0.1243730736035256    -0.7071429333156526    0.08503316596550396     0.3884418015079546    -0.2032536253511768 -0.0008530279580374046    -0.2762117640855915     0.1318099606385003    -0.4002051763555106      0.176688388276222
   0.02031937501407356     0.6460370469134635    0.01937122569207123     0.6652705569218269    -0.2286909069732053   -0.02393508294645281    -0.2047619442245034    0.05857324731673894    -0.1889118167092545    0.07310763296934102

22.68525964728407
63.84455885588873
35.53399841972016
100.2055630161725
46.48411764365105
130.9925598660541
55.19097961843678
155.6035213762306
66.09321860646988
186.7151769432087

2.826911505875471

   0.1121991301427177  -0.03964840407160418  -0.04746931217028392   0.01692821444613625   0.01320637385939417 -0.005251721723152697   -0.0795870643419084    0.0263335298582503 1.735515013778885e-05 -0.003266550072545061

-0.0001000334454073083  0.0006310138865495801   -0.05110896856829614    0.02772933560454049  -0.006755800859811731    0.02275308201112018    -0.1685753206276094      0.188678028884618      0.660669290019532     0.1517321437737019

cov:
   0.9498423962153011     2.809701975228911  -0.06306766358256569  -0.07647414039264186  -0.04696614866014005  -0.05567956771907497  -0.03342795415113216  -0.03186326281988043 -0.002492745272104307   0.04137346681770409
    2.809701975228911     45.84377701089139   -0.3613347930392723     32.66549368650725    -10.99883321020792    -1.281880581693558    -8.821792010002897     2.065070163830688    -6.730619332615644     2.451796094018238
 -0.06306766358256569   -0.3613347930392723     1.143188923295885     3.008525965118406    0.1330582618190174     0.106913031425727    0.1469001912638039    0.1166419396449895   0.07368921987508266 0.0005186666359622994
 -0.07647414039264186     32.66549368650725     3.008525965118406      44.1608281493782    -13.57374516069999   -0.8337950794831139    -12.49414265735436     4.053105298298936    -11.79350243067305      4.68297945674549
 -0.04696614866014005    -10.99883321020792    0.1330582618190174    -13.57374516069999     6.505413879861234     1.992138557285688     6.042411141131337    -1.377063600168087     6.099814707607674    -2.074489784030935
 -0.05567956771907497    -1.281880581693558     0.106913031425727   -0.8337950794831139     1.992138557285688     4.779421322089612    0.7999381508863352     1.461620726652281    0.8968218351831805     1.036098333066109
 -0.03342795415113216    -8.821792010002897    0.1469001912638039    -12.49414265735436     6.042411141131337    0.7999381508863352     6.535365899313829   -0.6467884327759243     6.324524951120892     -2.56457036155632
 -0.03186326281988043     2.065070163830688    0.1166419396449895     4.053105298298936    -1.377063600168087     1.461620726652281   -0.6467884327759243     4.600435547237994    -2.052859561759628      1.30456281027936
-0.002492745272104307    -6.730619332615644   0.07368921987508266    -11.79350243067305     6.099814707607674    0.8968218351831805     6.324524951120892    -2.052859561759628     8.161764412800272    -2.677049209458037
  0.04137346681770409     2.451796094018238 0.0005186666359622994      4.68297945674549    -2.074489784030935     1.036098333066109     -2.56457036155632      1.30456281027936    -2.677049209458037     3.141224232444497

cov.inverse():
   38.87689767911434   -13.38414643285992   -47.89302612170985    16.91413017509322   -32.48948098543383    11.65296318565606    42.83385690666699   -14.96232637064851     0.13018385062669   0.7221939600786718
  -13.38414643285987    4.736895082190344     17.0025310671934   -5.997521653984857    11.44239018572152   -4.097797034434331   -15.13382516030458    5.286928944452164 -0.04995003968379421  -0.2681970611725462
  -47.89302612171104    17.00253106719386    89.36924197434975   -31.16691897204674   -19.16456732246554    6.581686286222548    -21.7201953885241      6.7226993665178  -0.3055301813119594   -1.803308342755336
   16.91413017509369   -5.997521653985022   -31.16691897204673    10.97793811214467    6.664961009861496   -2.291261000340687    7.696204398326283    -2.39483807636623    0.114822844784482   0.6306574830878354
  -32.48948098543129    11.44239018572064   -19.16456732246958    6.664961009862921    165.0267797821819   -58.55941400964746   -113.4397118151694    41.49388946697709   0.9372280407522404   0.8152990750331431
   11.65296318565527   -4.097797034434041    6.581686286223901    -2.29126100034116   -58.55941400964745    21.07113802615765    40.35276564575722   -14.85426747493833  -0.4408704620942689  -0.4252238793181693
   42.83385690666579   -15.13382516030413    -21.7201953885209    7.696204398325178   -113.4397118151714    40.35276564575793    93.27462481901919   -33.54563266803136   -1.364019653878704   0.4724863615731997
   -14.9623263706481    5.286928944452005    6.722699366516721   -2.394838076365858    41.49388946697774   -14.85426747493855   -33.54563266803132    12.37454532650025   0.5141090329307422  -0.1464454276541877
  0.1301838506265991 -0.04995003968376274  -0.3055301813119107   0.1148228447844647   0.9372280407524629   -0.440870462094348   -1.364019653878886   0.5141090329308077   0.7714852606641805  -0.0391331973558371
  0.7221939600787415  -0.2681970611725706   -1.803308342755388   0.6306574830878535   0.8152990750330019  -0.4252238793181192    0.472486361573323  -0.1464454276542318 -0.03913319735583693   0.6701774846627232

cov*(cov_.inverse()):
    0.9999999999999398 -2.327131543022887e-14 -1.998401444325282e-14 -3.671368764557315e-14 -1.088712453523044e-13 -6.918077222195507e-15 -5.448419493347956e-14  2.649443164859377e-14  1.608305502664997e-15 -6.245004513516506e-16
-7.505107646466058e-14     0.9999999999999618  4.263256414560601e-14 -6.905587213168474e-14  8.215650382226158e-14  2.686739719592879e-14  9.126033262418787e-14  1.075250999349464e-13   6.38378239159465e-16 -4.440892098500626e-16
 2.315741999200926e-14 -6.394082312233262e-17     0.9999999999999937  2.456368441983159e-15 -1.172049653511142e-14 -4.926479146502571e-15 -4.456629293034253e-14   1.56598231560931e-14 -2.887772486415141e-16  6.696574718356718e-16
 2.273736754432321e-13  -1.13242748511766e-14  2.664535259100376e-13      1.000000000000073  8.126832540256146e-14 -1.620925615952729e-14  3.552713678800501e-14  1.787459069646502e-14 -1.748601263784622e-15  3.108624468950438e-15
 2.886579864025407e-14 -2.153832667772804e-14   -1.4210854715202e-14 -5.639932965095795e-14     0.9999999999996554  7.316369732279782e-14   6.94999613415348e-14 -2.248201624865942e-14  1.387778780781446e-17 -1.332267629550188e-15
 2.442490654175344e-15  4.107825191113079e-15 -7.327471962526033e-15  2.442490654175344e-15 -1.731947918415244e-14      1.000000000000002 -5.112577028398846e-14 -6.605826996519681e-15  4.996003610813204e-16   3.33066907387547e-16
-4.130029651605582e-14  1.076916333886402e-14 -3.996802888650564e-14 -2.220446049250313e-14 -2.575717417130363e-14 -4.929390229335695e-14      1.000000000000043  6.311617894994015e-14  9.853229343548264e-16 -1.110223024625157e-15
 8.992806499463768e-15  1.215694211964546e-14  3.241851231905457e-14 -2.664535259100376e-15 -9.992007221626409e-15  1.032507412901396e-14 -4.429789868254375e-14                      1 -3.400058012914542e-16 -1.110223024625157e-16
-5.861977570020827e-14  1.676436767183986e-14 -3.463895836830488e-14 -1.509903313490213e-14 -4.263256414560601e-14  -1.13242748511766e-14 -6.017408793468348e-14  2.287059430727822e-14                      1  2.220446049250313e-16
 1.909583602355269e-14  -3.33066907387547e-15                      0  1.243449787580175e-14  5.284661597215745e-14 -1.310063169057685e-14  2.997602166487923e-14 -1.104671909502031e-14  2.775557561562891e-17      1.000000000000001
