10
1

 0.133787840708109
0.6762326501699094
0.9432700394997512
 1.012410708161618
 1.754567096589207
 1.862493504097803
 1.994807333379572
 3.018137287559966
 7.112041778953131
 11.48944067433265

   0.5192485549278633    -0.324208483403817   -0.6646716088092341    0.4152359416428139    0.0746218028859774   -0.0458170417248254   0.03403645418458764  -0.01535559963187085   0.03971653251823109  -0.02052487072114321
   0.2693292811678731  -0.08482463877446836    0.1305540089794454  -0.04158640347371399   -0.8555593515758855    0.3184386333657752     0.131021298797787  -0.07021344498933103    0.1903460329234077  -0.09889212614497744
   0.6289365409971829 -0.007716057643996216    0.4927524285528457   -0.0496779975914754    0.2629692092386973  -0.03692646128864044   -0.3079086863057073     0.311890587282009    0.2093221773781715   -0.2295447462535783
   0.4068700866984876   0.03624840646047005    0.3135737038114947  -0.00166437775123183    0.1538780995161093   0.01514935896798472    0.4077717512071874   -0.4998230054694003   -0.3648057208152433    0.4021436600237338
  -0.1229900000064447   -0.1624544296709221   0.07659099329693381   0.06762867267999946    0.3208744214316586    0.4729026790072009    0.5038838378286078  -0.05127117792296657   0.03594372381412799   -0.6030134786409252
   0.1131885424752089    0.1877233626925698   -0.0398942866293866  -0.02849667514697647   -0.1988102479711437   -0.3368844609135773    0.3763296801631974    0.5471266903705474   -0.5553721023621029   -0.2170672892874155
  -0.2602799242651224    -0.467036278442879    0.4384788158347063     0.664128410104159   -0.1095620474225893   -0.2397771181418499   0.01354370382926579   0.07505762494953901  -0.03434938149194965   0.06563071685028682
  0.02518791710159503    0.1385936280224296  0.009110386015557864   0.05840960062050595   -0.1215383559055898   -0.3972733230756709   -0.2710461342700732   -0.5797459243140557   -0.1877171446129515   -0.5993796453823702
 -0.01953382212880785   -0.6304340436543613  -0.01363539042274439   -0.3836440501680993  -0.01391167172160638    0.2238993356326684   -0.3461094877414421   0.01955469754157589   -0.5325979279419504  -0.02536733406970733
 0.006197568862486366    0.4357872075915002  0.006599266211904291    0.4757439737629165  -0.01279258056760518    0.5406721861917017   -0.3628018913199999   0.06031404025507889   -0.3943142329549805    0.0209391453145609

22.69020072992315
34.34638106876829
 35.5521820612199
54.56581167347213
68.20199504810621
106.0071275393057
84.24841988640213
131.3561268338905
99.70544282764334
155.7740254766616

1.570208601708651

  0.08442015877807485  -0.05375574509400283  -0.07404653804198905   0.04700238380250424 -0.005665257063924355   0.00346353945383217 -0.002453202961896528  0.001073171275988868 -0.002919301434056541  0.001487597412903089

0.002312018728657627 0.009385992978610452  0.01175188822538659 0.008619402752314405 -0.02036618819874388  0.00693999662250281  0.00762522154459197 -0.03863493923906966   0.9336928711001317    0.402849093897884

cov:
   0.9503649290937578     1.627497038452087  -0.06142618498617777   0.02727308702565246 -0.004030963469899537   0.09142696732369868  -0.05988359529354475   0.01080467301957947   -0.0467172206936857  0.006667794022358997
    1.627497038452087     46.42588538197469  -0.04617243554324491     38.38841555426857   -0.4953980821211445      23.4404857452136    -10.19647789909191     2.338751112979194    -6.275605815017895     1.315509305725729
 -0.06142618498617777  -0.04617243554324491     1.137079538454981     1.832824556339367   0.01315436166149667   0.03160880263296132  -0.00599841316459098  0.006188361025564529   0.01905668878969569   0.01131885695861585
  0.02727308702565246     38.38841555426857     1.832824556339367     39.13134598499873   -0.7962507362353647     28.89223160872584      -16.098290507359     3.221785329472799    -14.56866663118738     1.568908696255001
-0.004030963469899537   -0.4953980821211445   0.01315436166149667   -0.7962507362353647     1.088415783556202   0.04234597147380269     1.329650943752337   0.08712789542396232      1.59899449133775    0.2198729746862103
  0.09142696732369868      23.4404857452136   0.03160880263296132     28.89223160872584   0.04234597147380269     43.92133699005659    -28.51661741820411     5.810372624851341    -32.74639099024078     2.688806308694015
 -0.05988359529354475    -10.19647789909191  -0.00599841316459098      -16.098290507359     1.329650943752337    -28.51661741820411     25.64019321524576    -1.459343789390555     27.80265244294763   -0.0690669869700315
  0.01080467301957947     2.338751112979194  0.006188361025564529     3.221785329472799   0.08712789542396232     5.810372624851341    -1.459343789390555     4.974975016511721    -3.506070657827925     2.743209637231896
  -0.0467172206936857    -6.275605815017895   0.01905668878969569    -14.56866663118738      1.59899449133775    -32.74639099024078     27.80265244294763    -3.506070657827925      36.4644336061715    0.7591012124335782
 0.006667794022358997     1.315509305725729   0.01131885695861585     1.568908696255001    0.2198729746862103     2.688806308694015   -0.0690669869700315     2.743209637231896    0.7591012124335782     4.880075154520313

cov.inverse():
   15.85361836587515   -9.402377104733915   -18.76520571798686    11.93882698134083    1.895347814318681    -1.17703460045281   0.9994002496600682  -0.4513738873797551    1.249776445103368  -0.6452172426172976
  -9.402377104733848    5.974432636703495    11.96448203058396   -7.588912015458562   -1.206314955007422   0.7495785799712679  -0.6325377978560701   0.2854190089923064  -0.7948510016300889   0.4099613759892585
  -18.76520571798686    11.96448203058396    25.13882280348755    -15.3839630683391   -2.824488740742436    1.765263320383714    -1.26277573048704   0.5701069578699948   -1.412748053735059   0.7239812912864102
   11.93882698134081   -7.588912015458557   -15.38396306833909    9.757008097867526    1.783670522566027   -1.118971950186156   0.8040298719688339  -0.3631876349702028   0.8939967003402463  -0.4590772705627356
   1.895347814318681   -1.206314955007421   -2.824488740742435    1.783670522566027    2.062096480400835  -0.7150405698084005  -0.0986927382165646  0.05344511354842391  -0.1442370254940788  0.04776643613576874
  -1.177034600452812   0.7495785799712693    1.765263320383717   -1.118971950186158  -0.7150405698084006   0.4811247514682505  0.07176254273649225 -0.06983488575012893  0.08254771495925012 -0.05024766853065295
   0.999400249660068  -0.6325377978560688   -1.262775730487038   0.8040298719688321 -0.09869273821656604  0.07176254273649324   0.5058212144398974  -0.2879260645441036  -0.1316805160743207  0.06798450914484297
 -0.4513738873797536   0.2854190089923052   0.5701069578699919  -0.3631876349702012  0.05344511354842498 -0.06983488575012964  -0.2879260645441037   0.5025155400964013   0.1106900025489958  -0.2285828818669589
   1.249776445103364  -0.7948510016300886   -1.412748053735059   0.8939967003402464   -0.144237025494078   0.0825477149592498   -0.131680516074321    0.110690002548996   0.4467292541364019  -0.2441360427636732
 -0.6452172426172974   0.4099613759892579   0.7239812912864092  -0.4590772705627351  0.04776643613576852 -0.05024766853065285  0.06798450914484322  -0.2285828818669591  -0.2441360427636731    0.434158020173454

cov*(cov_.inverse()):
    0.9999999999999679  -6.44662274951191e-14 -4.575333167888829e-15  1.649461817132547e-14  7.450637329320386e-16 -1.238104670869822e-15 -1.504330514323637e-15  2.059984127722458e-16  3.115780203288843e-15  4.163336342344337e-16
 1.687538997430238e-14     0.9999999999999454  4.918287999089443e-14  3.519406988061746e-14 -6.841749389252527e-15 -5.148659276699163e-15  1.817990202823694e-15 -1.221245327087672e-15 -6.106226635438361e-16  2.331468351712829e-15
-1.129304982860901e-15  5.875508413133446e-15      1.000000000000006 -7.214714936587541e-15 -1.990486768466138e-15 -6.581107186987012e-17  6.902031030042721e-16  1.487525380650112e-16 -6.643990912991171e-16  6.505213034913027e-17
 9.814371537686384e-14  6.916689443414725e-14 -4.107825191113079e-14      1.000000000000078 -1.110223024625157e-15 -2.123301534595612e-15   7.16093850883226e-15 -1.665334536937735e-16 -2.275957200481571e-15  5.551115123125783e-15
-1.387778780781446e-15 -6.661338147750939e-16  1.887379141862766e-15 -2.317590563905014e-15                      1 -1.752070710736575e-16  6.591949208711867e-17  9.020562075079397e-17 -2.081668171172169e-16 -6.938893903907228e-17
  5.46229728115577e-14  6.150635556423367e-14  3.796962744218035e-14  1.820765760385257e-14  3.247402347028583e-15     0.9999999999999939  2.775557561562891e-17 -1.110223024625157e-15 -4.773959005888173e-15 -1.332267629550188e-15
-2.964295475749168e-14 -1.301042606982605e-14  3.351485755587191e-14 -2.899763762442831e-14 -8.165777082291825e-15  3.215309962723012e-15      1.000000000000001  -1.07552855510562e-16  1.207367539279858e-15  -5.93275428784068e-16
 3.108624468950438e-15  2.220446049250313e-15 -1.554312234475219e-15  2.664535259100376e-15  8.326672684688674e-17  -3.05311331771918e-16 -6.106226635438361e-16     0.9999999999999999 -6.661338147750939e-16                      0
  8.93729534823251e-15 -3.080868893334809e-14  3.075317778211684e-14 -3.141931159689193e-14 -4.420075416788904e-15 -7.077671781985373e-16  1.512678871051776e-15    2.3037127760972e-15      1.000000000000005 -2.220446049250313e-16
 5.329070518200751e-15  4.440892098500626e-16 -2.220446049250313e-15   1.77635683940025e-15  2.775557561562891e-16 -4.163336342344337e-16 -5.551115123125783e-17  2.220446049250313e-16  2.220446049250313e-16     0.9999999999999996
