12
1

0.2255325036607301
0.7587179861563942
0.8041692512508666
0.9354894973644288
 1.063211768624771
 1.183958759413128
  1.43468318395462
 1.740934221430461
 2.090951178560771
 2.232394028624856
 5.282469413477515
 7.892462090522353

   0.4453987621523359   -0.1977390307838705   -0.7786256706750756    0.3521660963546697   0.06203249379278933  -0.04642163798198554   0.09357648261937937  -0.01542552099053465   0.07323644656432214  -0.05078616464489064   0.07700556519435139  -0.05805300741554231
   0.1668471811470941  -0.04412890203162313   0.05554913758835883  -0.01254070317337063   -0.1790315257549502    0.9211592566561608    0.1023628308903684    -0.242445993414121   0.06464205360401071   0.09544569930061317   0.02648491063055245  -0.05600788263894976
   -0.528262730255068   0.08514624862398387   -0.2514634935432604   0.06677731412466061    0.3175192295978492  -0.01069885919851574    0.4412174167036895    -0.483316820907832  -0.03976541316988257    0.2701691974250953   -0.1391009844738555    0.1512377392414385
   0.5222320042759707   -0.0235328845881729    0.3156669237633654  -0.05422005779677712  -0.03063310959620188   -0.2946892897656557    0.2516023025819563   -0.4096572578105699   -0.2844754558554723    0.3845896798614748    0.1930304126058794   -0.1978264798976291
  -0.2955570781651168   -0.0245074500155016   -0.1765954990859898   0.01929353949281934    0.1379215244036911     0.159839824951558   -0.1817238728893004    0.2667887905972254   -0.5733554239420692    0.2388434206708709    0.4459984061226578   -0.3834306275593323
    0.175528656649852   0.03612639035662656   0.09796079928742527  0.006812017840667013     0.374018159186537    0.1130431518200599   0.01950535914935893   -0.0817925508433113   -0.3898863219226764   -0.4301544290385316    0.3074206321697609    0.6057651466692298
  -0.2658122467809333   -0.1332150178291684   -0.1203750345373572  -0.02777827582504716   -0.7182909006404219   -0.1473329699008747   0.08507142066065901   -0.2240870655397673   0.01749251039340928   -0.1442886833871757    0.4885166605315091    0.2036200032657672
   0.1015297780626022    0.1084267553979512  -0.04096379629629821  -0.04880138269782999  -0.02637202451922954   0.03322059714813262   0.06502005424407528    0.4248831767178543    0.1990378820049276    0.6541143853171608    0.1909498914532325    0.5323342499393334
 -0.04285563063398976  -0.08869895979849951   0.02218367741562612   0.02906472834331207    0.2864402276964295  -0.03262982937848031   -0.6639484491710788   -0.4260257756276305    0.3967581164246992    0.1571638076184158    0.3181987912713838    0.0123638534388307
   0.1378275208556658    0.3709221535541252   -0.4120068448020048   -0.7061868185104875   -0.1170927808363393  -0.01103459361131232   -0.2431096672727583   -0.1639020859272618   -0.1899332070747711   0.02588799606402131   -0.1856568084486782   0.06291994921869974
 -0.03606828864000156   -0.5092978263837511  0.007526015711562406    0.1716031360214459   -0.2023752109259054 -0.005416663891053724   -0.3577751836343926   -0.1033856816758555   -0.4127772958305245    0.2227435746032957   -0.4730971160929796    0.2937909132521904
  0.02704603836338472    0.7175687259940803   0.02297816952155229    0.5795331550608277   -0.2237837184705108 0.0006842040708793528   -0.2235778403647007   -0.1091343846933849   -0.1529826137211043   0.04075598641114522  -0.09320221998278841   0.04741931508897238

22.67296085402937
44.80073422835709
50.53334973578964
103.6873788648929
64.57252902841599
133.3337422279388
74.52559842098829
154.7566446616543
88.34568097449717
184.4049160249222
104.6910835406346
219.4745295614464

2.109568721817127

   0.07487308336763993   -0.03551307191808072   -0.07432657623987579    0.03518953108315272  -0.000336514593708264  0.0002911521368090938 -0.0002167530014201798 -7.582669506102271e-05 -0.0001277513126745363  0.0001773760495481088  1.072874647217904e-05 -5.511499548465645e-05

 0.005624031223296268  0.005656435534220447  -0.01400853316698291   0.01276392135481673 -0.008244657641835131   0.00654688267243804  -0.01448681045346704   0.01550045372411247 -0.002774409545470284    0.0151718784657351    0.5884588040048702   -0.2875996330425455

cov:
    0.948432725905105     2.067659245477611   0.09821138933811346     0.267724869595138  -0.01486227980077566   0.02677842792232366  -0.04397277755089772  -0.01422239070095691  -0.00834054097451738   0.01889344608826158 -0.009868124357130078  0.005884994402475612
    2.067659245477611     40.11490746069671    0.1653864875972626     22.14151427446525    -7.228683879255493    0.1349773477752342    -5.081181547818358    -3.368895673654153    -1.418674445102205    -1.125779362641096     2.009896788934818    -1.769387994361971
  0.09821138933811346    0.1653864875972626     1.126909122389746     2.288193499602732   0.04218776714624649  -0.01304584364485417   0.04675163164831315    0.0138622772194538   0.08172845687580096  -0.01763390343405781   0.06148356110142168  -0.03397460086054182
    0.267724869595138     22.14151427446525     2.288193499602732     24.25283278540912     -8.52998592670127   0.04756536786616076    -9.023283128054237    -3.957040699191622    -6.814389571846535     2.371168490975008    -4.993660266656801     2.821097586618523
 -0.01486227980077566    -7.228683879255493   0.04218776714624649     -8.52998592670127     6.055715232536398     0.196607972770773     4.371923979929481     1.899988243420326     4.728724193870562    -1.636355992403994     3.934672123196839    -2.385168986535649
  0.02677842792232366    0.1349773477752342  -0.01304584364485417   0.04756536786616076     0.196607972770773    0.6655717077758974   0.08975975471633625    0.2072134258297186  -0.03318405955452219  -0.02148521547159441 -0.002226543148669691 -0.008641175383816875
 -0.04397277755089772    -5.081181547818358   0.04675163164831315    -9.023283128054237     4.371923979929481   0.08975975471633625      9.16081708244433     3.732298672315714     5.409518457985949    -3.068991777099633     5.367149442902376    -3.473689681401464
 -0.01422239070095691    -3.368895673654153    0.0138622772194538    -3.957040699191622     1.899988243420326    0.2072134258297186     3.732298672315714      3.03968557862877     1.872320689371217   -0.4389021505514794     1.647760148078189   -0.8063236059194735
 -0.00834054097451738    -1.418674445102205   0.08172845687580096    -6.814389571846535     4.728724193870562  -0.03318405955452219     5.409518457985949     1.872320689371217     7.860281978281425    -2.335536124602755     6.697649754110878    -3.584999847564569
  0.01889344608826158    -1.125779362641096  -0.01763390343405781     2.371168490975008    -1.636355992403994  -0.02148521547159441    -3.068991777099633   -0.4389021505514794    -2.335536124602755     3.444799939102428     -2.77203005656175     2.446090712958942
-0.009868124357130078     2.009896788934818   0.06148356110142168    -4.993660266656801     3.934672123196839 -0.002226543148669691     5.367149442902376     1.647760148078189     6.697649754110878     -2.77203005656175     8.406041853116463    -3.662352165295476
 0.005884994402475612    -1.769387994361971  -0.03397460086054182     2.821097586618523    -2.385168986535649 -0.008641175383816875    -3.473689681401464   -0.8063236059194735    -3.584999847564569     2.446090712958942    -3.662352165295476      4.24479750620058

cov.inverse():
    4.832929940672068    -1.784024906243554    -6.347152485144003     2.971180356644373    0.3104135355501424    -0.314090631104522    0.6800914273878709  -0.09208942569691578    0.6195766367722054   -0.4850999482960004    0.7683051091087495   -0.5972661570076927
   -1.784024906243556    0.8448748737782654     2.962768118913137    -1.407642860362342   -0.1460158574159178     0.126485665881328   -0.3197088648687224   0.04481749883426167   -0.2952944219478347      0.22696344988091   -0.3641422597838658     0.284615425821476
   -6.347152485144018     2.962768118913137     12.21219776021647    -5.379056766982819     -1.04341617833845    0.6892059602630467    -1.462928091393841    0.2241947530143059      -1.1258358676908    0.7512553506896992    -1.115047286100281    0.8311771888677923
    2.971180356644376    -1.407642860362342    -5.379056766982822     2.557001765501956    0.4975308158491634   -0.3182668720081018    0.6961775581428814    -0.106963632217738    0.5296356586690829   -0.3571034882829373    0.5303379535808115   -0.3943454466683342
   0.3104135355501438    -0.146015857415918    -1.043416178338451    0.4975308158491637    0.6796080456003409   -0.2390893357976303    0.2085038339279246   -0.1040647838077448   -0.0881759493678987 -0.005477092722885849   0.00389908534354196   0.06399130935886391
   -0.314090631104522    0.1264856658813278    0.6892059602630464   -0.3182668720081014   -0.2390893357976303     1.658709836959467  -0.03756251262399944   -0.1725564432942035   0.01900532840034974   0.08041539627490496  -0.03748868736915577   0.01307716091124516
   0.6800914273878739   -0.3197088648687229    -1.462928091393843     0.696177558142882    0.2085038339279246  -0.03756251262399954    0.7161942066407488   -0.4887839010460146   0.08390465587638934    0.1539941355259984    0.0309705651590131   0.01057101154780811
  -0.0920894256969171   0.04481749883426199    0.2241947530143067   -0.1069636322177383   -0.1040647838077447   -0.1725564432942035   -0.4887839010460147    0.8589418873140228 -0.003737490243630627   -0.2349296431820064    0.0170158440935805  -0.05706045264418156
   0.6195766367722066   -0.2952944219478344    -1.125835867690799    0.5296356586690822  -0.08817594936789866   0.01900532840034969   0.08390465587638914 -0.003737490243630625    0.6698216417224806   -0.1539225429246311   -0.1921940993441153   0.02207195909520218
  -0.4850999482959998    0.2269634498809093    0.7512553506896968    -0.357103488282936 -0.005477092722885745   0.08041539627490493    0.1539941355259988   -0.2349296431820065    -0.153922542924631    0.6897530057270551  -0.03228025447312707   -0.1382195865822466
   0.7683051091087552   -0.3641422597838665    -1.115047286100283    0.5303379535808121   0.00389908534354168  -0.03748868736915584   0.03097056515901295   0.01701584409358071   -0.1921940993441147  -0.03228025447312757    0.5998911999003655   -0.1096902576592964
  -0.5972661570076929    0.2846154258214759     0.831177188867792   -0.3943454466683339   0.06399130935886398   0.01307716091124523    0.0105710115478085  -0.05706045264418175    0.0220719590952022   -0.1382195865822464   -0.1096902576592963    0.6612309537123151

cov*(cov_.inverse()):
    0.9999999999999896  2.355971320811001e-15  1.726830484161113e-14 -2.834538159746103e-15 -1.026034725931657e-15  4.417039650705945e-16 -1.999810907149513e-15  7.424074376094492e-16 -1.891065429249217e-15  9.398948633276838e-16 -4.327809811910388e-15  4.115631446754975e-16
 1.554312234475219e-15                      1  6.883382752675971e-15  9.992007221626409e-16 -4.302114220422482e-16 -1.249000902703301e-16 -4.232725281383409e-16  1.387778780781446e-16  6.938893903907228e-16  7.216449660063518e-16 -1.942890293094024e-16 -6.661338147750939e-16
-1.384309333829492e-15  2.810252031082427e-16      1.000000000000001  1.644517855226013e-15 -4.215378046623641e-16 -8.917562868693274e-17 -9.036825107666679e-17  6.917209860457518e-17  8.521829075736065e-17  1.101549407245273e-16  -4.98732999343332e-17 -1.006139616066548e-16
-4.440892098500626e-15 -5.551115123125783e-16  2.176037128265307e-14      1.000000000000002 -1.804112415015879e-15  6.175615574477433e-16 -6.453171330633722e-16  1.387778780781446e-16  1.255939796607208e-15 -8.326672684688674e-16 -4.996003610813204e-16  1.332267629550188e-15
 -1.77635683940025e-15 -7.771561172376096e-16  4.218847493575595e-15  1.998401444325282e-15     0.9999999999999989  1.561251128379126e-16 -1.630640067418199e-16  2.775557561562891e-17 -6.036837696399289e-16 -2.220446049250313e-16 -7.216449660063518e-16  4.440892098500626e-16
 7.892991815694472e-17 -9.107298248878237e-17 -1.275021754842953e-16  1.630640067418199e-16 -3.361026734705064e-17                      1  5.963111948670274e-18 -1.940721888749053e-17 -9.215718466126788e-19                      0 -5.377642775528102e-17  -4.77048955893622e-17
-2.664535259100376e-15  7.771561172376096e-16  1.332267629550188e-15  1.110223024625157e-15  4.996003610813204e-16  2.844946500601964e-16                      1 -7.494005416219807e-16 -5.828670879282072e-16  9.992007221626409e-16  7.216449660063518e-16 -4.440892098500626e-16
 4.440892098500626e-16  2.775557561562891e-16  1.110223024625157e-15 -5.551115123125783e-16  3.191891195797325e-16  7.632783294297951e-17  3.747002708109903e-16     0.9999999999999993 -3.677613769070831e-16   3.33066907387547e-16 -2.081668171172169e-16 -1.110223024625157e-16
 6.217248937900877e-15  1.110223024625157e-15 -3.552713678800501e-15  4.440892098500626e-16  -3.05311331771918e-16  2.844946500601964e-16 -1.020017403874363e-15 -5.828670879282072e-16                      1  2.220446049250313e-16   3.33066907387547e-16 -4.440892098500626e-16
-6.661338147750939e-16 -1.221245327087672e-15 -2.220446049250313e-15  1.110223024625157e-15  1.665334536937735e-16  1.318389841742373e-16  2.844946500601964e-16 -2.498001805406602e-16  2.498001805406602e-16     0.9999999999999994 -1.110223024625157e-16  4.440892098500626e-16
 5.773159728050814e-15  1.110223024625157e-15  2.664535259100376e-15 -6.661338147750939e-16 -3.885780586188048e-16   1.52655665885959e-16 -1.249000902703301e-16 -8.604228440844963e-16  1.124100812432971e-15  5.551115123125783e-16     0.9999999999999991  4.440892098500626e-16
-3.996802888650564e-15  1.332267629550188e-15  3.108624468950438e-15 -8.881784197001252e-16  4.440892098500626e-16  1.179611963664229e-16  8.673617379884035e-16 -1.387778780781446e-16                      0 -1.110223024625157e-16 -9.992007221626409e-16                      1
