10
1

0.1620865225132994
 0.633436349469314
0.9496175391010837
  1.03536909575471
 1.469823632257805
 1.798474643004448
 1.894684417953355
 2.072056094884737
 4.507389096462541
   9.5560658814383

  0.4798444136908629  -0.3113540252723196  -0.6791017111761497   0.4379489203754156  0.08055605306112568  -0.0516932234827798  0.03861023818184791 -0.04175531780805978  0.06802438915032867 -0.05297713657999299
  0.3282410491838097  -0.1304260783006755   0.1645743298946438 -0.05948345899415332  -0.8218618033961831   0.3352688848355498  0.02056650581836056 -0.07151527960427821   0.1674158146709641  -0.1523034450521102
   0.577210263816799 -0.04261185849612536   0.4603530163371571 -0.01709194983958858   0.3562140398981365 -0.04671350768131389  -0.2950604049452026   0.3617882536747934   0.1444332622176971  -0.2913976014678857
  0.4386745830705495  0.01225223544588387   0.3317733501054926  0.02573326034992857   0.1660200471038955  0.02287512418226526   0.3891752978731357  -0.4880877751087682  -0.2163716065489131   0.4817562124284819
  0.0096935261709062  0.01372664726826378  0.01139327436819913 0.004945485822306831  0.02780952442585559  0.09760273358502669   0.7124879239558821   0.3511976520236514  -0.4105041174614534  -0.4356273911263412
  0.0863143670467761  0.08350023088642754 -0.06487482093740685 -0.05908130314292845  -0.1383660818015028  -0.1230034948933794   0.2507087426388687    0.645623386153748   0.3047981097337323   0.6091115236801581
 -0.2649668702468828  -0.3585664585252525   0.1460129220590241   0.1536221219105251   0.3152054816955994    0.542083158798886    0.253939049099788 -0.05981044683040542   0.5429722669270658 -0.01460353175489612
  0.2367588521167816   0.3155432559380102  -0.4048381673792781  -0.6761694628349086   0.2080149700246028   0.4091344479404009 0.001757292726056129 -0.06598038379839519  0.08598534119251082  -0.0294518771759712
-0.04995783310344533  -0.5767395763075625 -0.01046074787118898   -0.169423259994459  0.03010859193794806   0.3423964533455261  -0.2921695053301613   0.2387068260223373  -0.5432451010088287   0.2836563780039271
0.009897368944190129   0.5622767303186867 0.008718303313864029   0.5391511177411831   0.0123696069859479   0.5282807305146718  -0.1980483509299378   0.1376250144004856  -0.2022964869969679    0.121102370330447

35.55158416183111
52.81555033520512
50.56275340627565
75.59917196655037
68.39556805719809
102.7938163916878
87.20497021689927
131.1872118597506
103.1598216765677
156.0701916843117

1.514001840970212

  0.08693829820844054  -0.05744117463998399  -0.08187259343753031   0.05370864378714519 -0.002455539233684634  0.001638796696540732 -0.001263996963075903  0.001212809540171356 -0.001785004777094012  0.001440598420668725

 0.003629302422833932  0.008544928429478573   0.01190697694026723   0.01209094376129197  -0.00192427995862611   0.01870742133521519  -0.02660892254891981 -0.003568747344999306    0.4686344387093277   -0.1283858135999262

cov:
   1.132664739030126    1.741459183297763  -0.1410300127321897   -0.189701133767606  0.01046100752838902  0.02785900993233187 -0.00467288373106016 0.008375774350328416  0.01231200139089943  0.02058025223584813
   1.741459183297763    36.55180341391901  -0.1997538058521643    28.53948699395173   0.1527172094535582    22.92438872147534   -6.966165536558854    4.425665924222411   -4.551740778181519    3.050860878632921
 -0.1410300127321897  -0.1997538058521643    1.135346673532148    1.723881148617246 -0.01195749132598758 -0.03915747081145184  0.01599127551012412 -0.01204085475938723 0.008332052726918809 -0.01761133752720423
  -0.189701133767606    28.53948699395173    1.723881148617246    29.19442748109395   0.1216894204158407     23.9595313401786   -8.635239827573004    5.975357063075983   -8.114272522229818    4.963230542770893
 0.01046100752838902   0.1527172094535582 -0.01195749132598758   0.1216894204158407    1.053592059874024    1.724267576742097  -0.2151378622968473 -0.04013179424304348  -0.0778792398140726  0.01094891239624753
 0.02785900993233187    22.92438872147534 -0.03915747081145184     23.9595313401786    1.724267576742097    29.75778851827321   -11.01419820693393    7.847916272171532   -12.52724983935257    7.404718171002658
-0.00467288373106016   -6.966165536558854  0.01599127551012412   -8.635239827573004  -0.2151378622968473   -11.01419820693393    7.088658537616362   -3.197360807575878    6.866934232524677   -3.786864514130145
0.008375774350328416    4.425665924222411 -0.01204085475938723    5.975357063075983 -0.04013179424304348    7.847916272171532   -3.197360807575878    4.909030960525512   -4.837417609357934    3.507871145695103
 0.01231200139089943   -4.551740778181519 0.008332052726918809   -8.114272522229818  -0.0778792398140726   -12.52724983935257    6.866934232524677   -4.837417609357934    11.56783244830839   -4.580368162475085
 0.02058025223584813    3.050860878632921 -0.01761133752720423    4.963230542770893  0.01094891239624753    7.404718171002658   -3.786864514130145    3.507871145695103   -4.580368162475085    4.923221105205172

cov.inverse():
    9.616676191570058    -5.768033192235495     -11.8731122312746     7.900120328961662      1.07948697261734   -0.7114958578228158    0.6843505075315924   -0.7702917487668136     1.355561883999154    -1.068499696801827
   -5.768033192235477     3.815537202314764     7.931092869280767    -5.228167038890586    -0.722835603685903    0.4730134828291672   -0.4530320952286428    0.5095153793270413   -0.8983637870588125    0.7015671625104958
    -11.8731122312746      7.93109286928076     18.00466234987473    -11.27427334893119    -2.190035000592683     1.443283341957418    -1.010751076032562     1.076207423917906    -1.676957152979887     1.294805001773152
    7.900120328961656    -5.228167038890583    -11.27427334893119     7.429018929174696     1.445066096422519   -0.9484856748028511    0.6644185811754644   -0.7083587189095619     1.107723006329711   -0.8532105546927171
    1.079486972617334   -0.7228356036858992    -2.190035000592675     1.445066096422513     2.140919702815578   -0.7856257446355317   0.04034931526874483   0.05460061800131366   -0.0781090037372805   0.07508967394729922
  -0.7114958578228125    0.4730134828291652     1.443283341957414   -0.9484856748028483    -0.785625744635532    0.5235227433729084   0.01990313261926103  -0.02594045187568996   0.04366723017566479  -0.04002313606691937
   0.6843505075315808   -0.4530320952286344    -1.010751076032545    0.6644185811754526    0.0403493152687428   0.01990313261926243    0.5726314609751735   -0.2027258825561765  -0.08232088358085259   0.08273561509874511
  -0.7702917487668084    0.5095153793270364     1.076207423917896    -0.708358718909555   0.05460061800131442  -0.02594045187569053    -0.202725882556177    0.6374732976399713 -0.004440350386984985   -0.1699356578983665
    1.355561883999169   -0.8983637870588201    -1.676957152979905     1.107723006329723  -0.07810900373727725   0.04366723017566278  -0.08232088358084991 -0.004440350386987163    0.5183362441701287   -0.2151055815292238
   -1.068499696801832    0.7015671625104992      1.29480500177316   -0.8532105546927223   0.07508967394729803  -0.04002313606691866   0.08273561509874343   -0.1699356578983652   -0.2151055815292236    0.6822334677462388

cov*(cov_.inverse()):
    0.9999999999999911 -1.796306159373984e-14   6.38378239159465e-15  3.153727279325835e-15 -6.485697395808288e-16 -7.513521055324546e-17 -1.055796075566384e-15  2.499302848013585e-15 -4.166805789296291e-15 -2.393918396847994e-16
-1.332267629550188e-15       1.00000000000002  8.881784197001252e-16  1.287858708565182e-14  1.665334536937735e-16   1.52655665885959e-16 -2.942091015256665e-15 -2.220446049250313e-16  1.554312234475219e-15  8.881784197001252e-16
 2.244732177913988e-15 -7.181755190543981e-16     0.9999999999999957  6.187758638809271e-15  2.166235940626038e-16 -1.626303258728257e-17 -5.464378949326942e-17 -5.598820018715145e-16  1.209969624493823e-15 -3.001071613439876e-16
 2.930988785010413e-14  4.218847493575595e-14 -2.930988785010413e-14      1.000000000000028 -5.218048215738236e-15 -1.221245327087672e-15  9.992007221626409e-16 -5.218048215738236e-15  6.883382752675971e-15  -1.77635683940025e-15
-6.279698983036042e-16 -7.806255641895632e-18  2.203098814490545e-16 -9.194034422677078e-17                      1 -1.115101934401341e-16  6.732895491134983e-17  -2.45029690981724e-17 -6.852157730108388e-17 -1.734723475976807e-18
 2.664535259100376e-14  4.174438572590589e-14  -1.77635683940025e-15   1.77635683940025e-14 -6.106226635438361e-15     0.9999999999999956  2.220446049250313e-16 -5.329070518200751e-15   8.43769498715119e-15  -1.77635683940025e-15
-1.154631945610163e-14 -7.549516567451064e-15    1.4210854715202e-14  -8.43769498715119e-15  7.771561172376096e-16  1.637578961322106e-15     0.9999999999999994  2.220446049250313e-15 -2.664535259100376e-15  4.440892098500626e-16
-4.440892098500626e-16  3.108624468950438e-15 -4.440892098500626e-15  8.881784197001252e-16 -2.220446049250313e-16                      0                      0     0.9999999999999983 -1.110223024625157e-16                      0
 6.217248937900877e-15 -3.552713678800501e-15 -1.332267629550188e-14 -2.664535259100376e-15  3.219646771412954e-15 -1.221245327087672e-15 -2.220446049250313e-16  5.551115123125783e-16                      1  4.440892098500626e-16
 3.552713678800501e-15  4.440892098500626e-16  -1.77635683940025e-14   1.06581410364015e-14   2.05391259555654e-15 -1.304512053934559e-15  8.881784197001252e-16 -1.443289932012704e-15  6.661338147750939e-16     0.9999999999999996
