10
1

0.08925264582653418
 0.4060062145852253
 0.9441593446008461
  1.173540049267398
  1.310011984280631
  1.787836657496541
  2.395627859294227
  2.735235065103057
  6.234832884594228
  9.278696061824617

    0.4479501199563121    -0.1875753732776669    -0.7476577348521042     0.3115026945487951     0.3040833867398802    -0.1241271611013971 -0.0009733129269544663    0.01289762618774495 -9.613021155120254e-05  -0.009412152829826125
    0.4795411474416948    -0.1649272637137976   -0.02070361771565493    0.01085300704983213    -0.7487348483605628     0.2961590338887146     0.1270785147704835   -0.07817295563618602     0.2463711592563365    -0.1049766808379374
    0.6400796882761114  -0.008253452396833266     0.5169010954042406   -0.03409364952093606     0.2830096984485188    -0.1587399598503045    -0.4246067119360784     0.1571449492852899    0.08530001725454649    -0.0657753881954366
    0.3223198616427846    0.06924858588485079     0.2489946148345375    0.03721061600490332     0.1462623830423294   -0.05269466564078485     0.6255203511912275    -0.4342205400348761    -0.4386107396923087     0.1776502501749851
   0.07438419449601789   0.009514402802392038    0.05071680074108229    0.01062179347883787   -0.04873854395820766   -0.07765980203890609     0.4388934165797454     0.8532312822711231   -0.03973688957639238     0.2471333411302765
   0.06882593799579934    0.06141725926479886   -0.05330131984174186    -0.0603118378562825     0.1609097642060937     0.6672123860188557    -0.2154947064058074   -0.02047553736587708   -0.01188494904207298     0.6833370863885628
  -0.04002848665171684   -0.07635218844628593     0.1205914802596901     0.1736432038469365     0.3648157138862391     0.6300404990829355     0.2302905317632259     0.1274867612974872    0.05169493157546021    -0.5881099313588231
    0.2058847078548367     0.5290374680799029     -0.301712125665788     -0.676357776187568    0.00106199987911676    0.09437282868426577   -0.02154872134772835    0.08491166003747548    -0.2216883467335081    -0.2520186047475133
  -0.03566566117954674    -0.5602994207466551  -0.007534465996194971    -0.1298444781099221    -0.1521756485940767    0.08917764879380498    -0.2577776874157601      0.137934664341604    -0.7358204283072279   -0.09929285729600161
   0.01600084988568748     0.5737966949206409    0.01875383815328059     0.6261625541471864    -0.2468314967726416    0.06240067828243995    -0.2308045104048311    0.09782087278208575    -0.3803625961887065    -0.0757303957197604

22.68506787697117
53.84679338663174
35.56187495908592
84.48906794845655
55.05921527979081
130.6952277820125
66.15153635832915
157.2681977445694
92.38741767770897
220.2492664663707

2.376794219693381

    0.0942422427295386   -0.03963618006687602   -0.03648291226121735    0.01537783060632186   -0.05840542495330381    0.02360544937230551  -0.000315585591651156  -0.002363634208192168 -0.0006411130488502303   0.001947174671055794

0.0004857602138972122   0.01700430941064431   0.01833748988761298   0.01485887003218851  0.007398097724964079    0.0411548355207593  -0.06004445364654763  0.004964909022485161     1.094347298938158     0.304514271501047

cov:
   0.9702586161898147     2.426751388625423   -0.0602469030357607   -0.0519716697400661  -0.01373519714893406  0.008821548797943972  0.007396157206317495   0.04021913786293922    0.0086003376311333 -0.004877269620901803
    2.426751388625423     42.70056713993949   -0.1444749900466997     30.99913659693638     -8.97223311701252     1.355727882637227    -5.949333962981283      2.07777492757258    -3.715750678955774    -2.159777158101684
  -0.0602469030357607   -0.1444749900466997     1.138571641145348     2.702279473627864   0.04577099914837415   0.08572752863190941  0.004197626066957756   0.01555504770153845   0.02419180620976055  0.004775872841448939
  -0.0519716697400661     30.99913659693638     2.702279473627864     38.02224988902885    -12.21374767297781     2.936461070687491    -10.70804550551692     4.266944162304028    -15.64069106007674    -3.008524581449406
 -0.01373519714893406     -8.97223311701252   0.04577099914837415    -12.21374767297781     7.190222984429614   -0.2715928575330823     6.767299487447687    -2.747172255400371     12.44221804007113     1.326288998172615
 0.008821548797943972     1.355727882637227   0.08572752863190941     2.936461070687491   -0.2715928575330823       4.4632781194333    -1.813273576922783     1.372679181997847     -4.55210881605467    -1.639816103693613
 0.007396157206317495    -5.949333962981283  0.004197626066957756    -10.70804550551692     6.767299487447687    -1.813273576922783     8.658480799703749    -2.949608489019539      14.6088869022967     1.654363293567925
  0.04021913786293922      2.07777492757258   0.01555504770153845     4.266944162304028    -2.747172255400371     1.372679181997847    -2.949608489019539     3.244024573835071    -7.038125746965554    -1.557535171980985
   0.0086003376311333    -3.715750678955774   0.02419180620976055    -15.64069106007674     12.44221804007113     -4.55210881605467      14.6088869022967    -7.038125746965554     34.17050844805001     5.404204717992195
-0.004877269620901803    -2.159777158101684  0.004775872841448939    -3.008524581449406     1.326288998172615    -1.639816103693613     1.654363293567925    -1.557535171980985     5.404204717992195     4.983654705525579

cov.inverse():
   27.13011817987933   -10.99989824789655   -41.68155609750438    17.51195238592725     15.1575897027391   -6.235601519969479   0.1688477429409754   0.5469425150958298   0.6620760482663631  -0.8176399330540978
  -10.99989824789656    4.636947678368972     17.6100171759213   -7.388785237984185   -6.407767014783623    2.635126786022838 -0.07296035809599483  -0.2414646993545139  -0.2758224055754833   0.3416302386865879
  -41.68155609750434    17.61001717592131    70.53637518434422   -29.21830094382894   -28.25189597925258    11.50727941729143 -0.03545390161709135   -1.163276825967908 -0.04264987919935991   0.8842647014627426
   17.51195238592728   -7.388785237984187   -29.21830094382891    12.25657184497082    11.84098276244453   -4.832087765529974  0.01832775736690134   0.4835567303201139   0.0186239224683052  -0.3742415459035136
   15.15758970273914   -6.407767014783622   -28.25189597925255    11.84098276244453    15.14785648900573   -6.064108283042404  -0.6897415746925942   0.8332158940921432   -1.134472625875922   0.1060877446549437
  -6.235601519969507    2.635126786022838    11.50727941729141   -4.832087765529971   -6.064108283042405    2.709924774317252   0.2545639278094715  -0.3802196080094597   0.4459617817551102  0.02640327273074404
  0.1688477429410048 -0.07296035809600693  -0.0354539016171402   0.0183277573669218  -0.6897415746925735   0.2545639278094629   0.7228481794891782  -0.1106287914418446 -0.05065236605535639  0.02736203816829389
  0.5469425150958258   -0.241464699354512     -1.1632768259679   0.4835567303201108   0.8332158940921401  -0.3802196080094583  -0.1106287914418454   0.6513025975833102  0.01224388572805739  0.06906753711771338
  0.6620760482663539  -0.2758224055754791 -0.04264987919934261  0.01862392246829803    -1.13447262587593   0.4459617817551131 -0.05065236605535596  0.01224388572805694   0.5396859619410658  -0.2235354383302713
  -0.817639933054096   0.3416302386865868   0.8842647014627377  -0.3742415459035117   0.1060877446549452  0.02640327273074346  0.02736203816829433  0.06906753711771341  -0.2235354383302714   0.3564958960847637

cov*(cov_.inverse()):
    0.9999999999999536  1.341158087364569e-14     -5.26557963898e-14  -2.06286810550127e-14 -3.622969979577562e-14  2.650928521835683e-14 -5.581472783955377e-16 -5.532683686193529e-16 -7.400764029386053e-16  7.175249977509068e-16
 2.597921877622866e-14     0.9999999999999838 -9.325873406851315e-15  2.209343819004062e-14   3.83026943495679e-15 -2.838007606698056e-15 -1.235123114895487e-15 -8.326672684688674e-17  9.436895709313831e-16 -1.554312234475219e-15
-8.932958539542568e-15  5.937958458268611e-15      1.000000000000028 -1.875344497748177e-14 -1.026891245647921e-14  6.037434007594156e-15  1.542006539817509e-16  1.127570259384925e-17 -8.500145032286355e-17  4.258746133523061e-16
   1.4210854715202e-14  1.154631945610163e-14  2.078337502098293e-13     0.9999999999999875 -1.998401444325282e-15 -5.991040996633501e-14 -1.360023205165817e-15  2.775557561562891e-17  7.771561172376096e-16                      0
-2.642330798607873e-14  1.454392162258955e-14 -2.442490654175344e-15 -3.325117958752344e-14     0.9999999999999604  2.600003545794038e-14  1.838806884535416e-15 -1.471045507628332e-15  1.831867990631508e-15 -5.551115123125783e-17
  5.10702591327572e-15  1.110223024625157e-15  1.820765760385257e-14  4.440892098500626e-15 -7.938094626069869e-15     0.9999999999999993  9.020562075079397e-17  -4.85722573273506e-16  4.996003610813204e-16 -1.110223024625157e-16
 2.220446049250313e-14  -2.05391259555654e-14 -1.321165399303936e-13  4.884981308350689e-15  5.079270337660091e-15  7.292777493006497e-15      1.000000000000001  1.235123114895487e-15 -8.326672684688674e-16   3.33066907387547e-16
 2.886579864025407e-15  4.218847493575595e-15  3.064215547965432e-14   5.88418203051333e-15 -5.273559366969494e-16 -5.412337245047638e-16  1.318389841742373e-16     0.9999999999999993  5.551115123125783e-17  1.110223024625157e-16
-4.263256414560601e-14 -1.709743457922741e-14 -1.145750161413162e-13  -1.06581410364015e-14  3.552713678800501e-15    1.5931700403371e-14  9.992007221626409e-16  1.165734175856414e-15     0.9999999999999976  6.661338147750939e-16
 4.440892098500626e-15 -3.108624468950438e-15 -2.842170943040401e-14 -5.329070518200751e-15  1.221245327087672e-15  1.360023205165817e-15  6.106226635438361e-16  5.551115123125783e-17 -4.440892098500626e-16     0.9999999999999998
