12
1

                  nan
                  nan
                  nan
                  nan
                  nan
    3162.277660168379
    3162.277660168379
3.947360158022135e-10
4.656142591882415e-09
1.147977577536339e-08
    1.402552895736211
    3.734211264576378

                     0     0.5089162510238746    -0.3475358916724393     0.5463255509777741    -0.2015548465586181    -0.4275683589041844  -0.005059167123847882     0.3130294738952769   -0.01666136173761353                      0  -0.004662661332538818                      0
    0.9457986334779024    -0.2488349291058066    0.07177606400018829     0.1334872621146577   -0.03616465084726564   -0.08862574338550318  -0.001477973615114499      0.106808494002746  -0.001575081022463447                      0 -0.0005885737909652402                      0
                    -0     0.2740567335802473     0.5315566030915853   -0.08146198895978847     0.6337941007444214    -0.1838027826821785   0.004372879510980594     0.4457899132844464    0.02886942805212012                     -0    0.02539273609136699                     -0
                     0   0.003334602468017014    0.01065320528658539    0.00889988811243154    0.01274347142979003  -0.004476738956439033     -0.998570253452603   -0.02387345647857697   -0.02341707084025322                      0     0.0367816825057712                      0
                     0   0.005733315594252189   0.009603207493278219 -0.0004247244661150025   -0.06126120239473937   0.009251291681833985     0.0285937973945806   0.003899931493600292     0.2595898005401398                      0     0.9632323325818479                      0
                     0                      0                      0                      0                      0                      0                      0                      0                      0                     -1                      0                      0
                     0                      0                      0                      0                      0                      0                      0                      0                      0                      0                      0                      1
                     0  -0.002915159668959214  -0.002033709490240471   -0.01001533915183705    0.02498041323717876    0.02626869729934952    0.03167021975379627     0.0250029976022991    -0.9639921854425899                      0       0.26012286913197                      0
                     0     0.1162242714960467     0.1217078535326103    0.03710171656216239    -0.3637972307098799     0.6941268231415813   -0.02163840145921977      0.595086641759534    0.01322707541802469                      0   -0.03702459874967051                      0
                     0    -0.2250029294827074    -0.6555897517098058     0.1379639446239143     0.6092729990629212     0.2965663179804347  -0.004468837837869986     0.1970000806555015    0.03832523789528166                      0    0.03284379186178479                      0
   -0.1298328854094059     -0.400505755636178    -0.2105976982886552    -0.4961725937749938    -0.2188445348585481    -0.4441467972493434   -0.02186996122216138     0.5352694230613976  0.0003147761970243217                      0  -0.006990760615234378                      0
    0.2976715753604976     0.6159436547156949    -0.3199103238590023    -0.6405434894974837    0.01945519967021083    0.08787284012948021  -0.004842836411328524    -0.1059011226247035   0.005141833843984446                      0  -0.001179011916947224                      0

22.33130732891428
32.47709846496582
35.83038041430839
60.54763793945312
 51.7432941540546
 93.7699483235677
69.61799932554635
 129.094004313151
85.15043953756305
159.2149963378906
107.5051199416546
217.4080047607422

2.075431582203335

-0.0829566553852361 -0.1120721143108979 -0.2840883671087563  -2.883870729878758  -2.338619620101667   9.204141001979542   100.5630742532766   9.753216997335025  -180.9262959374305                   0   133.0985108643905                   0

2.818848173078626e-17 1.292670636132922e-17 2.356822440357798e-17 3.235071177981366e-17 -7.69544269163135e-18                     0                     0 3.313833569218166e-17 7.353670238439769e-17 3.660088980907721e-18  0.007993655635634284  0.008287762588636668

cov:
     1.268744136670704      2.658968224236336      -1.27410700671444      -2.53206512986136     0.1366484535328399     0.4781810757102836   -0.01451618151705934     -0.576286286650005    0.02126249316190416                      0  -0.003108430381767166                      0
     2.658968224236336      5.605834342328308     -2.581764609646776     -5.110666361448239     0.3395173734209934      1.104657189154151   -0.02436435685213109     -1.331292311418398    0.04391482106121648                      0  -0.004618725700427538                      0
     -1.27410700671444     -2.581764609646776      1.514345629655044      3.062977231482193   0.003874120866685343    -0.2079947933074395    0.03066383385912371      0.250667692985614   -0.02306779833482094                      0   0.008155617073917432                      0
     -2.53206512986136     -5.110666361448239      3.062977231482193       6.20559221052099     0.0398299034264043     -0.351367320981816    0.06460211995576329     0.4234550026012427   -0.04623385091481005                      0    0.01735419750280451                      0
    0.1366484535328399     0.3395173734209934   0.003874120866685343     0.0398299034264043    0.09949079681443763     0.2150446626991654   0.008101228918037696     -0.259163936897183   0.001259415583652295                      0    0.00268967580362289                      0
    0.4781810757102836      1.104657189154151    -0.2079947933074395     -0.351367320981816     0.2150446626991654     0.4957265370111522    0.01317383971731846    -0.5974314328179582   0.006025412398711141                      0   0.004663188921097914                      0
  -0.01451618151705934   -0.02436435685213109    0.03066383385912371    0.06460211995576329   0.008101228918037696    0.01317383971731846   0.001267917981925891   -0.01587662824242708   -0.00036077086825111                      0  0.0003803724993925255                      0
    -0.576286286650005     -1.331292311418398      0.250667692985614     0.4234550026012427     -0.259163936897183    -0.5974314328179582   -0.01587662824242708     0.7200024414083139  -0.007261605933757033                      0  -0.005619904182312758                      0
   0.02126249316190416    0.04391482106121648   -0.02306779833482094   -0.04623385091481005   0.001259415583652295   0.006025412398711141   -0.00036077086825111  -0.007261605933757033   0.000368861558391198                      0 -8.886327582045782e-05                      0
                     0                      0                      0                      0                      0                      0                      0                      0                      0                      0                      0                      0
 -0.003108430381767166  -0.004618725700427538   0.008155617073917432    0.01735419750280451    0.00268967580362289   0.004663188921097914  0.0003803724993925255  -0.005619904182312758 -8.886327582045782e-05                      0  0.0001155198778873582                      0
                     0                      0                      0                      0                      0                      0                      0                      0                      0                      0                      0                      0

cov.inverse():
nan nan nan nan nan nan nan nan nan nan nan nan
nan nan nan nan nan nan nan nan nan nan nan nan
nan nan nan nan nan nan nan nan nan nan nan nan
nan nan nan nan nan nan nan nan nan nan nan nan
nan nan nan nan nan nan nan nan nan nan nan nan
nan nan nan nan nan nan nan nan nan nan nan nan
nan nan nan nan nan nan nan nan nan nan nan nan
nan nan nan nan nan nan nan nan nan nan nan nan
nan nan nan nan nan nan nan nan nan nan nan nan
nan nan nan nan nan nan nan nan nan nan nan nan
nan nan nan nan nan nan nan nan nan nan nan nan
nan nan nan nan nan nan nan nan nan nan nan inf

cov*(cov_.inverse()):
nan nan nan nan nan nan nan nan nan nan nan nan
nan nan nan nan nan nan nan nan nan nan nan nan
nan nan nan nan nan nan nan nan nan nan nan nan
nan nan nan nan nan nan nan nan nan nan nan nan
nan nan nan nan nan nan nan nan nan nan nan nan
nan nan nan nan nan nan nan nan nan nan nan nan
nan nan nan nan nan nan nan nan nan nan nan nan
nan nan nan nan nan nan nan nan nan nan nan nan
nan nan nan nan nan nan nan nan nan nan nan nan
nan nan nan nan nan nan nan nan nan nan nan nan
nan nan nan nan nan nan nan nan nan nan nan nan
nan nan nan nan nan nan nan nan nan nan nan nan
