10
1

0.1315465920532047
0.7836678552262684
0.8889206429703708
  1.03785218921196
 1.183170753783477
 1.390860663280794
 1.734581381212274
  2.42176915817834
 4.636323329078031
 8.231467213812511

  -0.5724670690028483    0.2670067874333916    0.6984647738423837   -0.3259197400354071  -0.02272180817516926   0.01396100496795174  -0.03808549059316437   0.03888837892343578  -0.04461292996959362   0.03532419528308481
   0.1295016240502291  -0.03265677763999425   0.08793870603023275  -0.02746311237193205   -0.2339261711831114     0.951973416695408   0.08791139212613144   0.01218817887335493   0.02022820682005279  -0.06644126054659345
  -0.7034196271562815   0.04405537494699907   -0.5656454059617518   0.07106766752151568     0.239776026883792     0.218464642582201   0.09723558829647279  -0.08542398960679914   -0.1523971832233071    0.1818195567153459
  -0.1557516324467679    -0.015337850682747    -0.125700771832486  0.002797374269262228    0.1631220918100721   0.08595524356293151   -0.6165009290177493    0.4301663470192862    0.4393130854312455    -0.409375232071108
   0.1566276963527978   0.03830197408308716    0.1175545465794173  0.005572358696284368    0.3707382710882487    0.1385890783975624   -0.4156562607234961   -0.4344263882153388    0.3138955199995223    0.5860631290917373
   0.2316703107826713    0.1121533405758916    0.1591580241545462   0.05891961596295985    0.7517639424993988    0.1381514994702063   0.04708305583761997    0.2670612275999107   -0.4824114662367813   -0.1202227069339197
 -0.04259571295177163   -0.0358093810515295  0.002460049903869888  -0.01009784775127556 -0.008376782593234358  0.008681995408930599   -0.3262858442076083   -0.6917818300356606   -0.3153398078021692   -0.5587360563617991
   0.2353024821383123    0.5503391810762834   -0.3588246095963117   -0.6795769734749452   -0.1061446751548924 -0.007234598611807144   -0.1327505037628668   0.04343452084189293   -0.1309417361911009   0.05661749495440312
 -0.02294701644123717   -0.2348445463338271   0.01335574184950313    0.1109519001920724   -0.3407275670668387 -0.003210526352576453    -0.544453091906193     0.255925819611361   -0.5774610339555682      0.34689876173227
   0.0232691815139006    0.7430423168640148   0.02384236032822485    0.6404872644751647   -0.1750225058751214  0.002409749624896125  -0.07610301267484282 -0.002031992914319016 -0.009067469982314341 -0.006129065083459214

22.67367972516756
44.84502172134464
35.55931113613834
72.06207254490779
64.54917899370794
133.3323149510821
88.31696366756576
184.4197523757481
 104.664906904651
219.4901563741313

2.109677730324422

   0.1394142797132925  -0.06615398454569382   -0.1344584914134411   0.06362101300170932 -0.001151722960008893 0.0006028852909293645  -0.00163242332124041   0.00174207910537183 -0.001869165918223503  0.001315355389447708

-0.003665598833535664  0.004445899999711614   -0.0160658847883059 -0.003618893016880554  0.005057907665616364    0.0146567983973488  -0.01608448123179598   0.01254234431212394    0.4484092221053431   -0.5444891419578309

cov:
   0.9494419467524073     2.082942362340298  -0.03183583261487711  0.007248431429808564  -0.01411056118098176    0.0263126174809208 -0.006102548276573355   0.01949180645667022 -0.004068840317560889  0.005575226357342727
    2.082942362340298     40.40525399320111 -0.000812532077029473      29.5082624891741    -7.240201995496641    0.1378038752554515    -1.476823571248602    -1.155010871830749     1.968890618626909    -1.796881758469688
 -0.03183583261487711 -0.000812532077029473     1.148894807364864     2.478135558815038 -0.006941043800204579    0.0259007533503415    -0.011898370793629  -0.03453647728378038   0.00511473509927063 -0.003167774366637312
 0.007248431429808564      29.5082624891741     2.478135558815038     30.78213487537078    -7.878245280260728    0.1387112259019552    -4.057709454260557    0.3932167778756769    -1.299116412397802    0.3534378596352022
 -0.01411056118098176    -7.240201995496641 -0.006941043800204579    -7.878245280260728     6.030802740971475    0.1917863677656852     4.731239751781237    -1.639385841144076     3.933155618117214    -2.387827122431633
   0.0263126174809208    0.1378038752554515    0.0259007533503415    0.1387112259019552    0.1917863677656852    0.6671944097141476  -0.03470743503441323  -0.01860166536103035  -0.00615568517128811 -0.005717540405686093
-0.006102548276573355    -1.476823571248602    -0.011898370793629    -4.057709454260557     4.731239751781237  -0.03470743503441323     7.855777282095045    -2.353856369451382     6.687570152318917    -3.593567975823852
  0.01949180645667022    -1.155010871830749  -0.03453647728378038    0.3932167778756769    -1.639385841144076  -0.01860166536103035    -2.353856369451382     3.466509593494271    -2.778673710716494     2.465650650846631
-0.004068840317560889     1.968890618626909   0.00511473509927063    -1.299116412397802     3.933155618117214  -0.00615568517128811     6.687570152318917    -2.778673710716494     8.387883862300432    -3.662324270487036
 0.005575226357342727    -1.796881758469688 -0.003167774366637312    0.3534378596352022    -2.387827122431633 -0.005717540405686093    -3.593567975823852     2.465650650846631    -3.662324270487036     4.265534722728106

cov.inverse():
    19.66969499482778    -8.836186900338769    -22.54855343831448     10.69326485390413    0.5929917023714396   -0.4363812185202169     1.240047041561824    -1.275451440340776     1.529461647452992      -1.2242819723148
   -8.836186900338756     4.194630635721079     10.72167787782706    -5.077794046269366   -0.2814401484517056    0.1868323565501025   -0.5902326445125896    0.6015951612378432    -0.725904991712241    0.5817186810176925
   -22.54855343831441     10.72167787782705     28.66936783505813    -13.16310855971564     -1.04210209869074    0.5568598156571016    -1.545864253478376     1.564780842389259    -1.745937144598398     1.369517569733371
    10.69326485390411    -5.077794046269362    -13.16310855971564      6.23334583586113    0.4936873688183165   -0.2800712521372507    0.7332564942504585   -0.7345540736419577    0.8265078404644535   -0.6513302401993729
   0.5929917023714351   -0.2814401484517035    -1.042102098690735    0.4936873688183142    0.6145247176257582   -0.2110908412762886    -0.126979757379162  -0.03066147027620089  -0.02075553663666772   0.07563852705055521
  -0.4363812185202174    0.1868323565501028    0.5568598156571026   -0.2800712521372511   -0.2110908412762887      1.57780105567946   0.04474496402133952   0.03495303908488599  -0.01575231210823441 -0.009191090564414318
    1.240047041561819   -0.5902326445125887    -1.545864253478375    0.7332564942504579   -0.1269797573791618   0.04474496402133963    0.6380541853094219   -0.1375160168828178   -0.2222563058008741   0.04301538843649736
   -1.275451440340779    0.6015951612378437     1.564780842389261   -0.7345540736419586  -0.03066147027620109   0.03495303908488591    -0.137516016882818    0.6027697410185947 -0.007287404734990116    -0.170532816214116
    1.529461647452993   -0.7259049917122415    -1.745937144598401    0.8265078404644547   -0.0207555366366673  -0.01575231210823441   -0.2222563058008737 -0.007287404734990146    0.5664225437494028  -0.08592007120833607
   -1.224281972314799     0.581718681017693     1.369517569733373   -0.6513302401993738   0.07563852705055489 -0.009191090564414322   0.04301538843649737    -0.170532816214116  -0.08592007120833615    0.6394493743603035

cov*(cov_.inverse()):
     1.000000000000007 -1.008828437454312e-14 -4.306537765286222e-14  8.056923184174281e-15   5.51316804708879e-17  -2.51128328201955e-17  2.629786579472215e-15  2.683834057770618e-15 -2.441623292437356e-16 -2.506241741917492e-15
 2.753353101070388e-14     0.9999999999999734 -3.863576125695545e-14  -1.77635683940025e-15 -1.804112415015879e-15 -5.655198531684391e-16 -8.881784197001252e-16  4.440892098500626e-16 -5.828670879282072e-16  -1.77635683940025e-15
-8.057790545912269e-16  3.043355498166811e-15      1.000000000000001 -3.416537885936322e-15  2.980742822705773e-16 -7.527412395659516e-17 -4.674266616128131e-16 -2.033963275582806e-16 -1.263095530945613e-17  6.548581121812447e-17
 5.195843755245733e-14 -1.126876369994534e-14   6.38378239159465e-15     0.9999999999999882  2.532696274926138e-16  2.307182223049153e-16 -2.690556111240028e-15   1.47798440153224e-15 -1.453698272868564e-15 -2.026157019940911e-15
-4.440892098500626e-16   1.77635683940025e-15 -5.773159728050814e-15  7.771561172376096e-15                      1 -3.469446951953614e-16  9.992007221626409e-16  4.440892098500626e-16  1.387778780781446e-15 -6.661338147750939e-16
-7.502679033599691e-16  3.105155021998485e-16  3.729655473350135e-16 -5.403663627667754e-16 -5.800481622797449e-17                      1 -1.799775606325937e-17   1.60136660876109e-16 -9.584347204771859e-17 -5.204170427930421e-18
 -1.77635683940025e-15 -3.108624468950438e-15  4.440892098500626e-15  2.220446049250313e-15  9.992007221626409e-16 -1.387778780781446e-16     0.9999999999999996 -2.220446049250313e-16  9.992007221626409e-16 -4.440892098500626e-16
-3.996802888650564e-15  1.332267629550188e-15 -3.996802888650564e-15 -6.661338147750939e-16 -8.326672684688674e-17                      0  1.387778780781446e-16                      1 -3.608224830031759e-16                      0
 3.552713678800501e-15 -2.664535259100376e-15  3.552713678800501e-15  1.332267629550188e-15   3.33066907387547e-16 -8.326672684688674e-17 -7.771561172376096e-16 -9.992007221626409e-16     0.9999999999999993 -8.881784197001252e-16
 -1.77635683940025e-15                      0 -7.105427357601002e-15  2.664535259100376e-15 -1.665334536937735e-16 -1.318389841742373e-16  8.049116928532385e-16  2.220446049250313e-16 -1.665334536937735e-16                      1
