12
1

2.109099324040451e-09
  0.02379728562749601
  0.03024915317896958
  0.03550413174071729
  0.05434016759640861
   0.1897177384168196
   0.4625176352148923
   0.5103918040899075
    1.629963218023221
    1.881954966645955
    2.812517372029281
    3.668373350961993

                     0  1.808441948336637e-17 -6.782491439366842e-16   4.35211102917373e-16 -9.463946638846574e-15  3.578548124097932e-15  3.098742585059633e-14                     -1  2.474423657135661e-17  1.270041332002197e-16 -6.414632348611718e-15  1.049285733450127e-15
 -0.009063937364903326   0.006200929693804034    -0.0118458236535418   0.006676170552827162   -0.07299415061855467    0.02652898736673838     0.8170500803674968  2.976802438522891e-14  -0.001892746063672733   0.007088741128857413    -0.5697351139830141    0.03794468146714643
  -0.03061868895413869     0.0178502004908394    0.04029759143694187    -0.0245571887683037     0.3155197133051661    -0.1207680529505513    -0.5154869163871575 -1.440419446282134e-14   -0.00802705641680241   0.008163180762119228    -0.7851586473178085   0.006882525449307335
   0.04402756640595999   -0.02288586449624425   -0.06733110971407705     0.0295729288265171     0.8741179375134575    -0.3340355191302506     0.2501965449703714 -3.137040163567606e-15     0.0113206160479226   -0.01100948801853013     0.2314835902079716  -0.005962264645829307
    -0.521062565552398     0.2962163510495919     0.6897029293550063    -0.3890140473296789    0.05781301542015928   -0.02461695839116423    0.05490818575849341  6.508354273523921e-17   0.009343764334783983   -0.01008462811241541    0.06580410305781279    0.04738335656196691
   0.01362378768118495   -0.02074920036341155    0.07228375483016812   -0.02828978721260998   0.002221080977307016    0.01357407866053709    0.02966240522091317  6.259569583071759e-17    -0.0155847214243271   0.002687169237309093   -0.02561879212471594    -0.9956822463992326
   -0.6549047545109177     0.2726040922109828    -0.4719800531917179     0.2269046192132683   -0.00091647243110363   -0.01048390623707647  -0.009368604747214352  1.566921661239748e-19    -0.2984103750738918     0.3613001762709033    0.01417559081060363   -0.05049608827498032
    0.3360895326359619    -0.1455991183075214     0.2698987178426592    -0.1032486305680933    0.02515614670258737    0.03062483730984837    0.01051558570345434   1.68503966515037e-19    -0.5961043216098663     0.6507103330992869    0.01238503267233761    0.04171506196822462
   -0.4259148259409629    -0.8863777053791725    0.07666496073117532    0.03385787001533477    0.05685438503642091     0.1418317841727631   0.002024638658284842  1.315974111818027e-23   -0.02590895869645946   -0.03865904666641061  -0.000928373513669108    0.01969313880713861
   0.04569721600302568     0.1360009971558789    -0.1038579088248442    -0.1462713700033415     0.3436589733686708     0.9042221512317326  0.0002061086441573888  3.618583396737411e-23   -0.06244502824445453   -0.08686856364809455 -0.0007538939954635512   0.008269571901839546
-0.0001344329309796551    -0.1011802782363426    -0.4477194868326304    -0.8726213853521591   -0.06488700881094248    -0.1512319124327151  0.0002020837367217804  6.118857564022192e-23   -0.01238019360960028    0.02344972227394671 -0.0006230685614308571  -0.007530550372602206
   0.00141615828538831     -0.032144194002134   0.007747351468238998   -0.01377813027084022    0.03888201679559439      0.103385075592303  -0.002606945594930885  8.495858032490491e-26     0.7418629246534706     0.6603791858547727  0.0006989670895775702  -0.006785946350441314

35.39734411679752
49.44607218300423
50.45005711794214
76.24817517908608
68.46989948902601
107.8835488296137
85.15355854708112
134.4140014648438
94.75247205900922
156.1740203485257
107.5220173530011
182.6759580286538

1.774356861374475

   0.1311531963943395  -0.07287270487833521   -0.1357895254759244   0.07600296638345815 -0.001247804024295765 0.0004975982550901993  -0.02889703837587608    0.1120902566939868  0.001253790374870469 -0.001193568315563152   0.01510736505322147 -0.008410731254758864

-4.986110842189382e-19 -1.810377424260658e-05 -9.289258266965958e-06  1.754715007027378e-05 -0.0006324938625635359 -5.597486451651701e-05  -0.005203183252661461   0.002132183156859276   0.001782101481920691   -0.00344277651301121     0.0145528067218378   0.009646051288527238

cov:
    0.6113604383684208     0.9730912447168004   -0.01421333240525067    -0.1015623509030903  -0.005620620014688123  -0.007834308745866285 -0.0001201618244403215                      0    0.02295808835121443    0.04861431831068054 -3.522209976518175e-05   -0.01090211716275448
    0.9730912447168004      2.269429911052283    0.08721159323497385     0.5710119900607364    0.06578254843720704     0.1760692847217847  -0.004634710870405714                      0    -0.2748327978395146    -0.2588496530329008   0.002431539692380769   -0.03717123099715195
  -0.01421333240525067    0.08721159323497385      1.708488729728769      3.118679574701269      0.120947519542118     0.2458784590609703   0.001177615346055701                      0     0.1270771115969923    0.01913762977034859   0.001829826506212499    0.03246971410536507
   -0.1015623509030903     0.5710119900607364      3.118679574701269      6.119051409740664     0.2669982071623899     0.5677247208990814  -0.001643069486023159                      0   -0.02052053508512647    -0.2427379409442257   0.004807868899000221     0.0481124526587968
 -0.005620620014688123    0.06578254843720704      0.120947519542118     0.2669982071623899     0.4817557816303575      1.253516183131567 -0.0007355024956745425                      0     0.3107660735837473     0.2261064553731509 -0.0002328056579425056    0.01356019250040602
 -0.007834308745866285     0.1760692847217847     0.2458784590609703     0.5677247208990814      1.253516183131567      3.274426812269501  -0.002366382180820266                      0      0.833082685013622     0.6023194982282546  -0.001015945968903345    0.03343044758532222
-0.0001201618244403215  -0.004634710870405714   0.001177615346055701  -0.001643069486023159 -0.0007355024956745425  -0.002366382180820266  0.0008910759908675559                      0   -0.02727395091708724   -0.02234542913841982  0.0001375011146026897 -0.0004894481524330429
                     0                      0                      0                      0                      0                      0                      0                      0                      0                      0                      0                      0
   0.02295808835121443    -0.2748327978395146     0.1270771115969923   -0.02052053508512647     0.3107660735837473      0.833082685013622   -0.02727395091708724                      0      7.534613569068744      6.488177088071955   0.004467333410118848   -0.07288721750345845
   0.04861431831068054    -0.2588496530329008    0.01913762977034859    -0.2427379409442257     0.2261064553731509     0.6023194982282546   -0.02234542913841982                      0      6.488177088071955      6.041865204795176   0.009602454089800438   -0.06319761925525468
-3.522209976518175e-05   0.002431539692380769   0.001829826506212499   0.004807868899000221 -0.0002328056579425056  -0.001015945968903345  0.0001375011146026897                      0   0.004467333410118848   0.009602454089800438  0.0009487523523061924  0.0007924814863502999
  -0.01090211716275448   -0.03717123099715195    0.03246971410536507     0.0481124526587968    0.01356019250040602    0.03343044758532222 -0.0004894481524330429                      0   -0.07288721750345845   -0.06319761925525468  0.0007924814863502999      0.039029809702819

cov.inverse():
                nan                 nan                 nan                 nan                 nan                 nan                 nan                 nan                 nan                 nan                 nan                 nan
                nan                 nan                 nan                 nan                 nan                 nan                 nan                 nan                 nan                 nan                 nan                 nan
                nan                 nan                 nan                 nan                 nan                 nan                 nan                 nan                 nan                 nan                 nan                 nan
                nan                 nan                 nan                 nan                 nan                 nan                 nan                 nan                 nan                 nan                 nan                 nan
                nan                 nan                 nan                 nan                 nan                 nan                 nan                 nan                 nan                 nan                 nan                 nan
                nan                 nan                 nan                 nan                 nan                 nan                 nan                 nan                 nan                 nan                 nan                 nan
                nan                 nan                 nan                 nan                 nan                 nan                 nan                 nan                 nan                 nan                 nan                 nan
                nan                 nan                 nan                 nan                 nan                 nan                 nan                 inf                 nan                 nan                 nan                 nan
-0.8124997419105341  0.5209967667258704   1.275518089735513 -0.8374094380350378   5.447576218844759  -2.179717198276121   4.188092390304195                  -0   2.037335404674044  -2.181996283531414   11.04225753133132  0.3146001816799075
  0.747991444536947 -0.4720423050037036  -1.673258229832405   1.057800376712679  -5.876826284593882    2.29635557788118   3.268257979211271                  -0  -2.181996283531413   2.563166845354722  -16.32978281562073  0.3703564455074466
  31.82854137478517  -19.13079607532325   -19.7257963189986   11.14756453640527  -35.49857816825167   15.04070611395567  -332.5102991328347                   0   11.04225753133124  -16.32978281562065   1290.909393623899  -43.41155570142461
 -9.578688374863649   5.891460133086034   9.051047335384018   -5.40638780654182  -5.780305925973621   1.689206286596882   49.74868254067323                   0  0.3146001816799365   0.370356445507413  -43.41155570142438   30.94542046539863

cov*(cov_.inverse()):
nan nan nan nan nan nan nan nan nan nan nan nan
nan nan nan nan nan nan nan nan nan nan nan nan
nan nan nan nan nan nan nan nan nan nan nan nan
nan nan nan nan nan nan nan nan nan nan nan nan
nan nan nan nan nan nan nan nan nan nan nan nan
nan nan nan nan nan nan nan nan nan nan nan nan
nan nan nan nan nan nan nan nan nan nan nan nan
nan nan nan nan nan nan nan nan nan nan nan nan
nan nan nan nan nan nan nan nan nan nan nan nan
nan nan nan nan nan nan nan nan nan nan nan nan
nan nan nan nan nan nan nan nan nan nan nan nan
nan nan nan nan nan nan nan nan nan nan nan nan
