10
1

                  nan
                  nan
                  nan
    3162.277660168379
4.230041954700225e-09
2.464163921076711e-08
2.602581453845785e-08
  0.02925065189827121
    1.827624823429725
    3.974229381207746

                     0    0.04879043439943161    -0.8673379127587836    -0.1214592518224565    -0.4449890720265238 -1.416621849161759e-18    0.06470315030061903    -0.1035462555358232     0.1329228717404947                      0
                    -0  -0.003613953639930865    0.01054275684868592 -0.0005008241129332174    -0.3053796408590747 -1.720306169217959e-14   0.002557986606889365   0.002247719141603825    -0.9521592399406139                     -0
                     0  3.333450831547975e-18  2.753101196124995e-17 -1.498638389762144e-16 -4.985219225854459e-15                      1  6.014119209375662e-18  1.281427101543336e-17 -1.647670798707457e-14                      0
                     0                      0                      0                      0                      0                      0                      0                      0                      0                      1
                    -0     0.1796897007999733    -0.3709146081001485    -0.3865686433227268     0.7750153716183038 -3.757382746293224e-16    -0.1010744013441217   -0.07430888842264388    -0.2535980622434187                     -0
                     0     0.1091724386980388     0.1958108481379393    -0.2563947208352104    -0.0409983993188332 -5.406910074699495e-17     0.6216162131365537    -0.7040506225773163    0.01504570289539237                      0
   -0.8345779776738952     0.2383030805736844    -0.1026866474160477     0.4324618985285623     0.1217432293905762                     -0     0.1806363983168932   0.002427431031216017   -0.04082382899251753                     -0
     0.343787081832737    -0.4578406643015154     -0.247044066414908      0.608305046895513     0.3025643154508806                      0     0.3703625633191474   -0.05393329101723434   -0.09748935570088374                      0
   -0.3761702225654879    -0.7020070131550129   0.006792063010807243    -0.4529162764004845   0.004637939282918029                      0     0.2698750291803646     0.2960410386550512   0.002914303335149686                      0
    0.2092510578269881     0.4406576270615985   0.008532888747483572   -0.08878261802536153  -0.003196305194090276                      0     0.5971212104121417     0.6304831812219359   0.002586302810160204                      0

35.92797391503741
 60.6879358291626
69.60637505416963
129.3940048217773
85.15384990938162
159.2149963378906
92.78547978052248
184.1340065002441
107.5008184051094
217.4080047607422

2.078709359182596

0.0546032238789114 -1.702485647325969  4.930336294111339 0.7510805459039098 -107.1069340323795  12.90226173535034  1.045815736211439  1.022814243877301 -328.5041423161419                  0

 4.737680644594125e-17 -1.203664914468202e-17 -2.209472844655695e-31                      0 -4.130144042709702e-17 -2.089054314613711e-17  -4.74791174036626e-17 -1.009346508299932e-05  -0.003855683982681466   -0.02083593786066281

cov:
     1.164332696394921      2.338309410216571    0.01959451538310853     0.2758350693111959   -0.01630235837743015                      0      1.634509026887002      1.711768769182796    0.00485730677555998                      0
     2.338309410216571      4.713244651461537    0.04355900773613125     0.4438595667670479   -0.03323998427829746                      0       3.52298139220869      3.693990365933144    0.01120515862770648                      0
   0.01959451538310853    0.04355900773613125   0.001356309541563163   -0.02236933315809686 -0.0003895074137320376                      0    0.08651999328542569    0.09169958669929476  0.0004352860589590258                      0
    0.2758350693111959     0.4438595667670479   -0.02236933315809686     0.8100027465843553   -0.00237686460979036                      0     -1.245413393797995     -1.332001846312783  -0.008086317591033527                      0
  -0.01630235837743015   -0.03323998427829746 -0.0003895074137320376   -0.00237686460979036  0.0003115380766160878                      0   -0.02586838987129294   -0.02725712014968227 -0.0001106569738961845                      0
                     0                      0                      0                      0                      0                      0                      0                      0                      0                      0
     1.634509026887002       3.52298139220869    0.08651999328542569     -1.245413393797995   -0.02586838987129294                      0      5.874981243631334      6.213078313325884    0.02698819462629273                      0
     1.711768769182796      3.693990365933144    0.09169958669929476     -1.332001846312783   -0.02725712014968227                      0      6.213078313325884      6.571195935059237    0.02864111125291899                      0
   0.00485730677555998    0.01120515862770648  0.0004352860589590258  -0.008086317591033527 -0.0001106569738961845                      0    0.02698819462629273    0.02864111125291899   0.000142149558364451                      0
                     0                      0                      0                      0                      0                      0                      0                      0                      0                      0

cov.inverse():
nan nan nan nan nan nan nan nan nan nan
nan nan nan nan nan nan nan nan nan nan
nan nan nan nan nan nan nan nan nan nan
nan nan nan nan nan nan nan nan nan nan
nan nan nan nan nan nan nan nan nan nan
nan nan nan nan nan nan nan nan nan nan
nan nan nan nan nan nan nan nan nan nan
nan nan nan nan nan nan nan nan nan nan
nan nan nan nan nan nan nan nan nan nan
nan nan nan nan nan nan nan nan nan inf

cov*(cov_.inverse()):
nan nan nan nan nan nan nan nan nan nan
nan nan nan nan nan nan nan nan nan nan
nan nan nan nan nan nan nan nan nan nan
nan nan nan nan nan nan nan nan nan nan
nan nan nan nan nan nan nan nan nan nan
nan nan nan nan nan nan nan nan nan nan
nan nan nan nan nan nan nan nan nan nan
nan nan nan nan nan nan nan nan nan nan
nan nan nan nan nan nan nan nan nan nan
nan nan nan nan nan nan nan nan nan nan
