10
1

                  nan
                  nan
                  nan
    3162.277660168379
    3162.277660168379
6.621065589976064e-11
1.393721096289423e-09
1.793619735049392e-08
    1.181317690216015
    3.714122581339988

                     0    -0.1738003591111463     0.7474917415072789    -0.5030045154011394     0.3444792195823418     0.1944422146251793    0.03930514603854756                      0   0.004169769754043224                      0
    0.9380803386465432    -0.2937905297172546    0.06025223139300274     0.1042071531750768   -0.05476181842643952    -0.1272794416445474  -0.001645619504337299                      0  -0.001148758582590139                      0
                     0    0.03805085323060575     -0.115983174191096    0.05884706087797037      0.627851409777032    -0.3588819699334599     -0.627259678835158                      0     0.2553207659088708                      0
                     0                      0                      0                      0                      0                      0                      0                     -1                      0                      0
                     0                      0                      0                      0                      0                      0                      0                      0                      0                      1
                     0   0.003289962371757793   0.002555645787461485   0.001885096259650595   -0.05287949903755559   0.005157744237290412     0.3279417363131766                      0     0.9431916375128186                      0
                    -0    0.04322931654544218    -0.1367781014374876     0.0860076080594349     0.5593186061751825    -0.3419666082520714     0.7052199207764243                     -0    -0.2119246740730877                     -0
                     0      0.478468207357756     0.4998572588283285     0.1131496266216209    -0.3161591009223976     -0.638874257083946  -0.009488630410966582                      0   -0.01418202285195266                      0
   -0.1765983607395837    -0.5219219469932568    -0.2257914286052435    -0.5405215936530722    -0.2612253202299545    -0.5338155955031409 -1.494136959662447e-05                      0  -0.008208510166091532                      0
    0.2980239876736082     0.6154825347017934    -0.3234499026154365    -0.6483032135485314    0.01757919514797519    0.08431328905342927   0.005171008859266379                      0  -0.001248159928905059                      0

22.33130732891428
32.47709846496582
35.83038041430839
60.54763793945312
 51.7432941540546
 93.7699483235677
85.15043953756305
159.2149963378906
107.5051199416546
217.4080047607422

2.075431582203335

-0.04474759534052376   -8.381783868499131   -2.762086215455981   -6.181181918510133    107.2931675240351   -4.147771536522842   -757.9088690249912                    0   -2127.029588502622                    0

 7.085930370879478e-19  5.378051554652014e-18 -1.352182989960699e-18                      0                      0 -9.909641424610744e-18 -4.430571169995744e-17 -1.663843374294027e-18   0.006668154165990018   0.008746869958525933

cov:
     1.268744136670704      2.658968224236336      -1.27410700671444      -2.53206512986136     0.1366484535328399     0.4781810757102836    0.02126249316190416                      0  -0.003108430381767166                      0
     2.658968224236336      5.605834342328308     -2.581764609646776     -5.110666361448239     0.3395173734209934      1.104657189154151    0.04391482106121648                      0  -0.004618725700427538                      0
     -1.27410700671444     -2.581764609646776      1.514345629655044      3.062977231482193   0.003874120866685343    -0.2079947933074395   -0.02306779833482094                      0   0.008155617073917432                      0
     -2.53206512986136     -5.110666361448239      3.062977231482193       6.20559221052099     0.0398299034264043     -0.351367320981816   -0.04623385091481005                      0    0.01735419750280451                      0
    0.1366484535328399     0.3395173734209934   0.003874120866685343     0.0398299034264043    0.09949079681443763     0.2150446626991654   0.001259415583652295                      0    0.00268967580362289                      0
    0.4781810757102836      1.104657189154151    -0.2079947933074395     -0.351367320981816     0.2150446626991654     0.4957265370111522   0.006025412398711141                      0   0.004663188921097914                      0
   0.02126249316190416    0.04391482106121648   -0.02306779833482094   -0.04623385091481005   0.001259415583652295   0.006025412398711141   0.000368861558391198                      0 -8.886327582045782e-05                      0
                     0                      0                      0                      0                      0                      0                      0                      0                      0                      0
 -0.003108430381767166  -0.004618725700427538   0.008155617073917432    0.01735419750280451    0.00268967580362289   0.004663188921097914 -8.886327582045782e-05                      0  0.0001155198778873582                      0
                     0                      0                      0                      0                      0                      0                      0                      0                      0                      0

cov.inverse():
nan nan nan nan nan nan nan nan nan nan
nan nan nan nan nan nan nan nan nan nan
nan nan nan nan nan nan nan nan nan nan
nan nan nan nan nan nan nan nan nan nan
nan nan nan nan nan nan nan nan nan nan
nan nan nan nan nan nan nan nan nan nan
nan nan nan nan nan nan nan nan nan nan
nan nan nan nan nan nan nan nan nan nan
nan nan nan nan nan nan nan nan nan nan
nan nan nan nan nan nan nan nan nan inf

cov*(cov_.inverse()):
nan nan nan nan nan nan nan nan nan nan
nan nan nan nan nan nan nan nan nan nan
nan nan nan nan nan nan nan nan nan nan
nan nan nan nan nan nan nan nan nan nan
nan nan nan nan nan nan nan nan nan nan
nan nan nan nan nan nan nan nan nan nan
nan nan nan nan nan nan nan nan nan nan
nan nan nan nan nan nan nan nan nan nan
nan nan nan nan nan nan nan nan nan nan
nan nan nan nan nan nan nan nan nan nan
