10
1

0.1580589019329855
0.9115863289708757
 1.101255440604454
 1.158959554734763
 1.702878763242943
 1.984054182339982
 2.278737774018185
 2.837556648369087
 7.046949797406936
 13.19259157843547

    0.553238739441794   -0.2803596141377411   -0.6945354771919602    0.3528636739635342   0.04271387116395924  -0.01963900048671273   0.04329961183624622 0.0009836102471694919   0.05702464079495025  -0.03309507211162217
  -0.7323750670554503   0.03455407470719116   -0.5604276301963472   0.06638359309242338    0.2544510636834192   -0.1309653137818003   0.08891292860536104   -0.0434604926625295   -0.1902674281565068    0.1267027711645196
  0.02825267840517722 -0.001330001308157973 -0.009834114068557331 -0.002726457756221745   -0.2936256240482577    0.4481939790061338    0.5135907988269064   -0.5186178179046125   -0.1636573689011563    0.3904847498808549
   0.3019966051616861   0.07671782197026075    0.2292833427368698   0.03570291579054632    0.5311886632083296   -0.4375578496352966    0.1808315750509671   -0.1083816250531313   -0.4921046994981874    0.2980519059813693
  0.04419047056265615   0.03355561181907984    0.0136415649366977   0.01658750302220706    0.5170689564144422    0.5934321417014302   -0.3933285235945779    0.1046632813907328    0.1630869267480713    0.4297428272396187
 0.009381198359720818   0.01495608242616206   0.03225287514881372   0.03758261754410709    0.1458074366122227    0.4254164355045902    0.4442342788060736    0.5733159803373192   -0.3750199873761718   -0.3582197045696793
  -0.2483356110743493   -0.5330704358639996    0.3857228680600647     0.676391444712221    0.1139085124367254  0.003145923115888401   0.07534082698056511   -0.0987752306673883    0.1228009389010013  -0.06618092035813393
  0.03385055353560627    0.1246997046914047  -0.02259806462731267  -0.06828819332841984    0.3644738345585215    0.2009524851427738   -0.1044051653111178    -0.605181774618491  -0.06006004321743975    -0.651271424810035
 -0.02610576729431642   -0.6704663409294613  -0.01752931495198824   -0.3803836694245148   -0.1384941403006212   0.08367938233083534   -0.3531263504536704  -0.03907588907725067    -0.502377887396616  -0.00167618173802175
 0.003839740948769993    0.4046334462480052  0.006881902119331732    0.5111265168297088   -0.3338198794887573   0.09794281037802685    -0.447680407756076  -0.01500443196313654   -0.5032768310999178 -0.000631306476045967

 22.6821251555241
42.56059824146966
35.55974952487257
67.40685983479928
68.98916606499229
131.6074594628669
81.50000901819314
155.7499187810517
 96.5548884164718
185.1288478552377

1.927091493181711

     0.107517218410211   -0.05586114036974364   -0.09692356767745662    0.05023978329669658  -0.003482894973304819   0.001530701044533895  -0.003433097643725611 -0.0001276521949727439  -0.004248239086119697   0.002542681342880414

 0.003985590171482424  -0.01934157053262121  0.006825400514737151   0.01004253376940489  0.009372886244768033 -0.007232635344603123  -0.00858984501627332  -0.05228643527567212     1.052409924544232     1.359162227820736

cov:
   0.9487147569048121     1.872016776893567   -0.0491492140297567  -0.07374540570447205   0.03169427354875918   0.01674064491318317   0.03644350743285748  0.002371384253456988   0.05863560712340878  0.008137586351050448
    1.872016776893567     52.43496288456562 -0.006455283255961091     46.72666459846512    -18.72607662697213     4.337851283222988    -20.07562871848392  -0.05750880051515546    -19.17893182460226   -0.4046874614205521
  -0.0491492140297567 -0.006455283255961091     1.148598695429457     2.289930567139453  -0.03062668498791021   0.01292515613160631  -0.01066974496853873 -0.001720693229672962  -0.01174010818703872  -0.01313035986219454
 -0.07374540570447205     46.72666459846512     2.289930567139453      55.0825556073417    -26.79311504918206     7.094370702499194     -32.7735645230885     -0.52683666456029    -34.89748215747843   0.08852589545787347
  0.03169427354875918    -18.72607662697213  -0.03062668498791021    -26.79311504918206      22.8806289103955    -5.039894917094273     27.80702467753495   -0.1097632867933001     32.28792453945874    -1.363080189729389
  0.01674064491318317     4.337851283222988   0.01292515613160631     7.094370702499194    -5.039894917094273     4.591154694137465    -9.036180587864179   -0.4722204109744067    -10.88828677175275   -0.9096435906433417
  0.03644350743285748    -20.07562871848392  -0.01066974496853873     -32.7735645230885     27.80702467753495    -9.036180587864179     42.78718949104398     2.855053206761913        47.04446182117   -0.1914608044098702
 0.002371384253456988  -0.05750880051515546 -0.001720693229672962     -0.52683666456029   -0.1097632867933001   -0.4722204109744067     2.855053206761913     4.783763336697797     1.903390768559948     2.240751309737401
  0.05863560712340878    -19.17893182460226  -0.01174010818703872    -34.89748215747843     32.28792453945874    -10.88828677175275        47.04446182117     1.903390768559948     57.74256649494841    0.8073258642913156
 0.008137586351050448   -0.4046874614205521  -0.01313035986219454   0.08852589545787347    -1.363080189729389   -0.9096435906433417   -0.1914608044098702     2.240751309737401    0.8073258642913156     4.796402833939436

cov.inverse():
    12.97819251021281    -6.194858144138357    -14.85345681642945     7.731524093161363    0.8386086131974091   -0.3967088516907865    0.9243265795238814   0.02879622636593175     1.311759692732179   -0.7623227880789081
   -6.194858144138353     3.219161951652457     7.744595806742762    -4.018936242240921   -0.4365189018549753    0.1998341142715094    -0.480942210642525  -0.01381747147317622   -0.6832423169689876    0.3936036397780799
   -14.85345681642942     7.744595806742761     19.75483457861538    -9.797551766650477    -1.254925323795817    0.5618986746335226     -1.22923604973798  -0.01276618830086387    -1.532542712298101    0.8783285641533869
    7.731524093161359     -4.01893624224092     -9.79755176665047     5.083788653421413    0.6545895720553935    -0.294680573496573    0.6364152853316186  0.007299899313183772    0.7937528992958577   -0.4543287100818604
   0.8386086131973947   -0.4365189018549688    -1.254925323795801    0.6545895720553854    0.5497265510148934   -0.2249156871023917 -0.006487711706830174    0.0815514229054819  -0.09822027504437947    0.0379746462972081
  -0.3967088516907777     0.199834114271505    0.5618986746335117   -0.2946805734965674   -0.2249156871023914    0.5168862857905595   0.04695439870348962  -0.08214043724020199   0.07527775453924102   0.08619795735453603
   0.9243265795238946   -0.4809422106425307    -1.229236049737993    0.6364152853316256 -0.006487711706828692   0.04695439870348848    0.4359973340438335   -0.1799317537476049   -0.1140967915062612   0.07047112134631735
  0.02879622636592474  -0.01381747147317272  -0.01276618830085532   0.00729989931317944   0.08155142290548154  -0.08214043724020174   -0.1799317537476055     0.367509201676599   0.07577388586193019   -0.1854135670536065
    1.311759692732177   -0.6832423169689885    -1.532542712298103    0.7937528992958589  -0.09822027504437769   0.07527775453924015   -0.1140967915062624   0.07577388586193096    0.4308944436926033   -0.2048365462466469
   -0.762322788078909    0.3936036397780799    0.8783285641533868   -0.4543287100818604   0.03797464629720714   0.08619795735453652   0.07047112134631819   -0.1854135670536069   -0.2048365462466469    0.4048330631509824

cov*(cov_.inverse()):
    0.9999999999999941 -5.815660453212246e-15 -3.103507034696307e-14  4.573598444412852e-15  1.888463344035252e-15 -2.505591220614001e-16 -1.882717072521078e-15   2.92300905702092e-16  3.420441013757269e-15  8.304988641238964e-16
 1.798561299892754e-14     0.9999999999999954   1.48769885299771e-14  2.969846590872294e-15  2.570860191397628e-15 -7.632783294297951e-17  2.491062911502695e-15                      0 -4.135580766728708e-15  8.326672684688674e-17
-7.997075224253081e-16 -9.202708040056962e-16     0.9999999999999917 -2.785098540680764e-15 -5.529431079676073e-18 -1.084202172485504e-16   3.10623922417097e-16 -2.545706700995964e-16  9.727461891539946e-16 -7.979727989493313e-17
-3.982925100842749e-14 -2.775557561562891e-14  8.086586955613484e-14      1.000000000000015  3.837208328860697e-15 -1.147519579358658e-15  6.760217385881617e-15  3.469446951953614e-17  -3.70536934468646e-15 -6.147859998861804e-15
 3.108624468950438e-15  8.326672684688674e-15 -5.306866057708248e-14  4.884981308350689e-15     0.9999999999999994  6.938893903907228e-17 -5.384581669432009e-15 -2.220446049250313e-16 -4.996003610813204e-16 -4.440892098500626e-16
-1.221245327087672e-15  2.164934898019055e-15   5.10702591327572e-15  5.828670879282072e-15 -3.191891195797325e-16                      1  1.554312234475219e-15 -1.387778780781446e-16 -1.887379141862766e-15  2.220446049250313e-16
-2.256528297550631e-14 -4.343747583845925e-15 -4.385380947269368e-14 -4.926614671774132e-15  6.409803243734302e-16  1.700029006457271e-16     0.9999999999999944  8.604228440844963e-16  8.285039321265231e-15  -1.02695629777827e-15
 1.554312234475219e-15 -1.110223024625157e-15 -2.220446049250313e-15  1.110223024625157e-15 -1.387778780781446e-17  8.326672684688674e-17  2.498001805406602e-16                      1  1.110223024625157e-16                      0
 1.221245327087672e-14 -1.709743457922741e-14 -1.620925615952729e-14 -4.052314039881821e-15  4.347217030797879e-15  -2.55351295663786e-15 -3.747002708109903e-16 -4.996003610813204e-16      1.000000000000003  1.332267629550188e-15
 4.440892098500626e-16  2.220446049250313e-16                      0                      0 -2.498001805406602e-16  5.551115123125783e-17  5.551115123125783e-17  1.110223024625157e-16 -1.110223024625157e-16                      1
