10
1

8.936999479437422e-09
  0.02399447232590835
  0.03090447438698854
  0.05445423277465709
   0.1913771101934076
   0.4628561373946569
   0.5149912150034953
    1.636518159022536
    2.790810023688946
    3.652162864550236

                     0 -7.434905988047081e-16  1.513213559657812e-14 -7.950373176264352e-15 -5.576018282751194e-13     0.9999999999999999  3.014627516036498e-16 -3.489845904023229e-15  2.972519177084317e-13 -2.176701336375885e-14
  0.005588201322660706  -0.004329237862531354    0.01622610651959109  -0.008441460683294018    -0.8071709234763189 -6.264398216065855e-13   0.001932806926366425  -0.006994724659729311     0.5888491322739748   -0.03598086593104553
  -0.04145044688287253    0.02322322867903409    0.05830691492098427    -0.0317481635433375    -0.5868820744661732  -8.90110363129773e-14   -0.01144019222971404    0.01134153778608399    -0.8053514344055006   0.007340925052889427
    0.5216038109387148    -0.2962920215357428    -0.6922084173814949     0.3900058377513428   -0.05524679896791265 -3.451737477133044e-16  -0.008020370620550962   0.009013395769964206   -0.06078622274241921   -0.04461742366904963
  -0.01151717983024461    0.01926744978454428    -0.0673072352517091    0.02465777066177983   -0.02813913095157874  7.492075268845166e-18    0.01109738836384424  0.0004867818069122281    0.02474076069659851     0.9964088244594874
    0.6467208779620278    -0.2684983764216852     0.4653306948876431     -0.223458027053861   0.009006023177892997 -4.133552262779206e-17     0.3138918780080934    -0.3770603521299651   -0.01443379013013878    0.04693100711363161
   -0.3546079251582212     0.1509747315433233    -0.2833009487731341     0.1057004408259763   -0.01041976982313086 -5.074284197515511e-17     0.5864276301614424    -0.6439329187930688   -0.01219723097069054   -0.03497893244788636
    0.4266740802311453     0.8976483426394933   -0.09072471593310164   -0.05207214215104144  -0.001965715573216112 -1.541932983462796e-20    0.01813362267618862     0.0243469060771575  0.0007664190724292005    -0.0175541619946814
-0.0001821472747203217    0.09685380192537923     0.4556619765487248     0.8841300907858437 -0.0002984203548370516 -8.557718159775459e-19    0.03550961800735816 -0.0005623771889890189  0.0007034837104138767   0.006604573152378373
  0.001404616117481772    -0.0352673929547576   0.001834664760087794   -0.02654502311602733  -0.002622656799151506   -6.0247904257531e-21     0.7454278436892059     0.6650742544486149  0.0007123044670077007  -0.007239752541647062

35.39734411679752
49.44607218300423
50.45005711794214
76.24817517908608
85.15355854708112
134.4140014648438
94.75247205900922
156.1740203485257
107.5220173530011
182.6759580286538

1.774356861374475

    0.131137645120673  -0.07286026494629348   -0.1357895228002888   0.07599271368365433  -0.02896658142238045     0.123504012340091  0.001269382614117018 -0.001206933427979449   0.01495329270570336 -0.008388173510524753

 9.864260487832703e-18  1.767641023950002e-05 -1.202486193272201e-05  0.0006365430835262881  3.441891101953055e-05   0.005181778112652955  -0.002404530644639669  -0.002352036542192296   -0.01369115026575464    0.01038139191297661

cov:
    0.6113604383684208     0.9730912447168004   -0.01421333240525067    -0.1015623509030903 -0.0001201618244403215                      0    0.02295808835121443    0.04861431831068054 -3.522209976518175e-05   -0.01090211716275448
    0.9730912447168004      2.269429911052283    0.08721159323497385     0.5710119900607364  -0.004634710870405714                      0    -0.2748327978395146    -0.2588496530329008   0.002431539692380769   -0.03717123099715195
  -0.01421333240525067    0.08721159323497385      1.708488729728769      3.118679574701269   0.001177615346055701                      0     0.1270771115969923    0.01913762977034859   0.001829826506212499    0.03246971410536507
   -0.1015623509030903     0.5710119900607364      3.118679574701269      6.119051409740664  -0.001643069486023159                      0   -0.02052053508512647    -0.2427379409442257   0.004807868899000221     0.0481124526587968
-0.0001201618244403215  -0.004634710870405714   0.001177615346055701  -0.001643069486023159  0.0008910759908675559                      0   -0.02727395091708724   -0.02234542913841982  0.0001375011146026897 -0.0004894481524330429
                     0                      0                      0                      0                      0                      0                      0                      0                      0                      0
   0.02295808835121443    -0.2748327978395146     0.1270771115969923   -0.02052053508512647   -0.02727395091708724                      0      7.534613569068744      6.488177088071955   0.004467333410118848   -0.07288721750345845
   0.04861431831068054    -0.2588496530329008    0.01913762977034859    -0.2427379409442257   -0.02234542913841982                      0      6.488177088071955      6.041865204795176   0.009602454089800438   -0.06319761925525468
-3.522209976518175e-05   0.002431539692380769   0.001829826506212499   0.004807868899000221  0.0001375011146026897                      0   0.004467333410118848   0.009602454089800438  0.0009487523523061924  0.0007924814863502999
  -0.01090211716275448   -0.03717123099715195    0.03246971410536507     0.0481124526587968 -0.0004894481524330429                      0   -0.07288721750345845   -0.06319761925525468  0.0007924814863502999      0.039029809702819

cov.inverse():
                nan                 nan                 nan                 nan                 nan                 nan                 nan                 nan                 nan                 nan
                nan                 nan                 nan                 nan                 nan                 nan                 nan                 nan                 nan                 nan
                nan                 nan                 nan                 nan                 nan                 nan                 nan                 nan                 nan                 nan
                nan                 nan                 nan                 nan                 nan                 nan                 nan                 nan                 nan                 nan
                nan                 nan                 nan                 nan                 nan                 nan                 nan                 nan                 nan                 nan
                nan                 nan                 nan                 nan                 nan                 inf                 nan                 nan                 nan                 nan
-0.7326122673006092  0.4595134932057439   1.264874906846152  -0.786952211210002   4.450909300559375                  -0   1.967095136400177  -2.122512463677911   11.74731278450983  0.2047934602507781
 0.7519111523547106 -0.4596028120472534  -1.741637652017039   1.046159529509416   2.678332769549752                  -0  -2.122512463677911   2.507524300935348  -16.84688620466903  0.4037397568646645
  29.93998041161928  -17.91198031089591   -18.4439404343996    10.1690681762943  -329.5709847100888                   0   11.74731278450977  -16.84688620466898   1282.617893857918  -41.40434033866526
 -8.643934439625626   5.346941189680728   8.158696122493897  -4.975725038294129   46.00285047153047                   0  0.2047934602507848  0.4037397568646595  -41.40434033866516    30.0992860088475

cov*(cov_.inverse()):
nan nan nan nan nan nan nan nan nan nan
nan nan nan nan nan nan nan nan nan nan
nan nan nan nan nan nan nan nan nan nan
nan nan nan nan nan nan nan nan nan nan
nan nan nan nan nan nan nan nan nan nan
nan nan nan nan nan nan nan nan nan nan
nan nan nan nan nan nan nan nan nan nan
nan nan nan nan nan nan nan nan nan nan
nan nan nan nan nan nan nan nan nan nan
nan nan nan nan nan nan nan nan nan nan
