10
1

0.04382444202172668
0.04604751976597708
0.06053426600331411
 0.8450676664597004
  1.094700911437381
  1.355729834600515
  1.646127488600285
  2.622360040356146
  3.308615621971751
  7.234447261320021

 -0.08965658966036814   0.01908909515706323   -0.3964427629126963   0.08395496905019489    0.8375434585816515   -0.1773151951973495    -0.294874271314812   0.05952124443692573  -0.06233962988667667   0.00907931410004291
 -0.02902388121510736  0.006094550399900121    0.4876908016253369   -0.1031747820733853  -0.02296232223993771  0.000853826509552202    -0.779995187873554    0.1661779231741441     0.329840312885312  -0.07282096268086688
  -0.7077433130829518    0.1489716185721632    0.5214220612000163   -0.1194335218569053    0.2337202844199992  -0.04548851536552269     0.232332009252595  -0.04140381015858134   -0.2738635353566843   0.05808164254356193
   0.6100273785283827  -0.05859603901305278    0.3787504950254463   -0.4319399979832534    0.3463810187994983    0.1969780872113783   0.09286525579982526   -0.1130300828714005   -0.3378029386221523   0.01087403243971963
  -0.2589287839058305  -0.07704185385902677   -0.2537172904377028   -0.5449835849320696   0.08480327553258452    0.4841079186631493   0.04376659434410671   -0.3400884379653665    0.4515989502629902  -0.05071017211853233
  0.02029158232815023  -0.02006186683054109  -0.06603644483793955   -0.3524594499801052   -0.1429057716424614   -0.6230208623152055   -0.1161512341964899   -0.3865976621734127   0.02195169415137904    0.5464334399820712
  -0.1008727738839816   -0.1111019382559782   -0.2063937955202891   -0.5480630575810933    -0.165261266462184   -0.3482008620360076 -0.007296439720515768    0.3898746632944899   -0.2157234850207128   -0.5360618334426877
  0.02805027376287033    0.1257580514636837   0.05747579597696281    0.1926902104334429  -0.02413583957588705   -0.1799761015594369   -0.1262870666526273   -0.7179642652070709  -0.09684332983949562   -0.6076112528391771
  -0.1972348248090493    -0.429687568377602   -0.1800903924470512   0.03599017582859319   -0.2110602767783253    0.3338755298751143   -0.4101680974537559   -0.1414864019486619   -0.6117208183911947    0.1557601862314101
  0.02767194512192485    0.8688177965582209   -0.2063739892477167   -0.1464148310489414   -0.1527572738767191    0.2001635380480588   -0.2059329972625542    0.0417229554954335   -0.2523211768157042   0.09563977370917293

22.40525211790218
103.8581536733663
27.97271963288104
 130.214440419564
33.37739079462124
156.0230777025135
39.63786828319638
 185.713818640603
55.41456303106661
 260.938821239734

4.773640012503321

  0.07103115893916583  -0.01481949254929499    0.1359227602959257  -0.02953222738571621  -0.08386437329438566   0.01535823454745214   0.01660139835762344 -0.008122177214612388   -0.1520685238475764   0.02796487718102676

-0.0002527957036747603  5.573786804029378e-06  0.0001798666462411762    0.09751252717895731    -0.1221400847886778      0.034448639896881    0.01531309902714693    0.02049575052464042      0.890686245287982     0.9700821949253284

cov:
  0.8476211194824547    2.237897909350275   0.3974028613242809  -0.1346915049855178   0.3934926810565708  -0.4580151888141341   0.5870281148436269   0.1628065289494043   0.7098615970875475  -0.1277667639501734
   2.237897909350275    41.68020085008551   -8.414906744337745   -6.414031545545856   -5.941343472566111    7.450455130674506   -7.545307262020286    1.874813127218234   -8.643357397588835    3.236252305878967
  0.3974028613242809   -8.414906744337745     2.91164322246025     1.98440782318275    2.233952044109318   -2.714830452396871    3.012848966878823  -0.5537385680094593    3.782196979085917   -1.328368435103881
 -0.1346915049855178   -6.414031545545856     1.98440782318275    2.922993662790244    1.231249566576459   -1.097000550117879    1.277986611920063   -1.398421375783084    1.679644645505045     -1.0047799154851
  0.3934926810565708   -5.941343472566111    2.233952044109318    1.231249566576459    1.920322221444135   -1.924649584938149    2.676009153756643 -0.02302240059365025    3.499534023114554  -0.9295250721454401
 -0.4580151888141341    7.450455130674506   -2.714830452396871   -1.097000550117879   -1.924649584938149    4.890545293135267   -3.321779299336385   0.6701881631558207    -4.36630199719917    2.175386311595406
  0.5870281148436269   -7.545307262020286    3.012848966878823    1.277986611920063    2.676009153756643   -3.321779299336385    4.205951085173055   0.8582596409136144    5.550408012204783   -1.310331001683512
  0.1628065289494043    1.874813127218234  -0.5537385680094593   -1.398421375783084 -0.02302240059365025   0.6701881631558207   0.8582596409136144    4.689426115189628   0.4744841181505447    2.032693341727523
  0.7098615970875475   -8.643357397588835    3.782196979085917    1.679644645505045    3.499534023114554    -4.36630199719917    5.550408012204783   0.4744841181505447    7.946354330271025   -1.596164604276664
 -0.1277667639501734    3.236252305878967   -1.328368435103881     -1.0047799154851  -0.9295250721454401    2.175386311595406   -1.310331001683512    2.032693341727523   -1.596164604276664    4.613832684705971

cov.inverse():
  141.8611855373748  -29.76776231333523  -88.48782559680301   20.32587887238684  -83.63897090429913    17.1145134101601   -20.3551126866519   2.901311755652915   50.92201068572972  -10.60397478255729
 -29.76776231333511   6.311631871623774    18.6583174715218  -4.221054071030571   17.73991733684069  -3.648483778930665     4.2739335906563 -0.6014952924144783  -10.77980178997275   2.244916794990205
 -88.48782559679286   18.65831747151987   268.4751426960699  -58.11263402644835  -144.7211259800456    30.3677890568111   -85.4225799827321    20.0359313021426   49.51400092704369  -10.32876192289568
  20.32587887238458  -4.221054071030162  -58.11263402644863   13.27645946528127   29.92329005921439  -6.463879641069716   17.43465382355966  -3.937062184632835  -9.814326453657188   2.050553221660779
 -83.63897090429384   17.73991733683952  -144.7211259801104   29.92329005922814   380.5984731944492  -80.04258512837637  -105.2593758191519    21.4486480006521  -48.33251402498511   8.443259794103184
  17.11451341015881  -3.648483778930379   30.36778905682546  -6.463879641072768  -80.04258512837676   17.45689865061881   24.09932046764415  -4.987316498844825   9.380338272199404  -1.701369967279174
 -20.35511268667824   4.273933590661741  -85.42257998261714   17.43465382353487  -105.2593758192576    24.0993204676667   346.9701052437838  -72.87881666971947  -129.1291266358735   29.04768655824281
  2.901311755658437 -0.6014952924156333   20.03593130211844   -3.93706218462762   21.44864800067485  -4.987316498849687  -72.87881666972042   15.66478594981564   26.92009001408657  -6.199897246658715
  50.92201068574003  -10.77980178997488   49.51400092700567  -9.814326453648949  -48.33251402494047   9.380338272189823  -129.1291266358907   26.92009001408986   74.18435378535409  -15.93902449956752
 -10.60397478255941    2.24491679499065  -10.32876192288733   2.050553221658971   8.443259794093581  -1.701369967277114   29.04768655824608  -6.199897246659333  -15.93902449956733   3.791343949825317

cov*(cov_.inverse()):
    0.9999999999999378  1.654232306691483e-14  2.180478020363807e-13  6.378231276471524e-14 -2.049471703458039e-13  4.032885136950881e-14  3.437250484239485e-13 -1.332267629550188e-14 -1.683098105331737e-13 -6.272760089132134e-15
-1.989519660128281e-13      1.000000000000027   1.77635683940025e-13  3.019806626980426e-14  -1.27897692436818e-13  2.664535259100376e-14  5.258016244624741e-13 -7.105427357601002e-15  7.815970093361102e-14   -1.4210854715202e-14
-3.730349362740526e-14  1.953992523340276e-14      1.000000000000247  3.552713678800501e-15 -9.947598300641403e-14  -8.43769498715119e-15 -2.131628207280301e-13  9.237055564881302e-14 -7.815970093361102e-14 -3.197442310920451e-14
 1.243449787580175e-13 -4.440892098500626e-15   1.77635683940025e-14      1.000000000000006  8.348877145181177e-14 -1.110223024625157e-15 -2.096101070492296e-13  3.552713678800501e-14 -7.105427357601002e-15   -1.4210854715202e-14
 8.881784197001252e-15  2.531308496145357e-14  6.750155989720952e-14  7.815970093361102e-14     0.9999999999998499  2.575717417130363e-14  3.197442310920451e-13 -2.753353101070388e-14 -2.611244553918368e-13  9.769962616701378e-15
 4.618527782440651e-14 -1.865174681370263e-14  3.552713678800501e-15 -5.684341886080801e-14  8.526512829121202e-14     0.9999999999999734 -4.476419235288631e-13  3.375077994860476e-14  2.202682480856311e-13   -1.4210854715202e-14
-3.730349362740526e-14  3.375077994860476e-14  7.283063041541027e-14   6.17284001691587e-14  2.184918912462308e-13 -5.995204332975845e-14     0.9999999999997584  8.171241461241152e-14 -1.953992523340276e-13 -2.575717417130363e-14
-5.329070518200751e-14  4.440892098500626e-15  3.552713678800501e-14    1.4210854715202e-14                      0 -8.881784197001252e-16   1.56319401867222e-13      1.000000000000002 -2.842170943040401e-14  6.217248937900877e-15
 4.618527782440651e-14  4.840572387365683e-14  5.329070518200751e-14  6.128431095930864e-14  2.007283228522283e-13 -1.465494392505207e-14  3.552713678800501e-14  7.105427357601002e-15     0.9999999999998721 -2.309263891220326e-14
                     0   -1.4210854715202e-14  4.973799150320701e-14 -3.197442310920451e-14 -7.105427357601002e-14  1.687538997430238e-14                      0   -1.4210854715202e-14  7.105427357601002e-14     0.9999999999999964
