10
1

0.1190676293891801
 0.659136927614849
0.9518759467069039
 1.023130695927551
 1.468083599749851
 1.779058350320295
 1.856856018457366
 1.964051207645155
 5.473540906196356
 10.00195281030718

   -0.5202179480826913     0.3375283330584075     0.6520353521081008    -0.4251523155442077   -0.06176022527920225    0.04003025583060743   -0.02722816235574009    0.02735175497150439   -0.04054645643177504    0.03151294656555746
   -0.2756589018580636    0.09205924281714295    -0.1572715505093546    0.05562576928661708     0.8409940039355158    -0.3251811893109059   -0.04114177289858243    0.09499737360465532    -0.1887477581287393     0.1683808647833972
   -0.6178317309755363   0.005673061348582252    -0.4964620809194001    0.04383987739410858    -0.3156495503436292     0.0446646316083872     0.2650701252728962    -0.3276868421945293    -0.1339701059721074     0.2695122276100276
   -0.4042080457147312   -0.03654089886751982    -0.3107201082923415   0.000819028272953628    -0.1133719063880229   -0.01756940662045432    -0.3988486648402677     0.4994405459810264     0.2411844667228663    -0.5088025406528376
-0.0005987939181113885 -0.0008764432092355915    0.01821498055501216    0.01674005924588793    0.03102978134686287     0.1006417838768321     0.7153011986660217     0.3506516449232883    -0.4092792108621052    -0.4314781441235018
    0.1550719545826144     0.2189119581869736    -0.1313968800536689    -0.1435163487427349    -0.2508563115856061    -0.2787739740296614     0.1437476856446608     0.6336016568408485     0.1001696839427351     0.5633612705013633
   -0.1890139769528524    -0.3001224268349452     0.1386157717019156     0.1529758307221782      0.256321402082419     0.4381637717160783     0.3305685621535134     0.1511264082428818     0.6325475212674642     0.2041201221176049
    0.2187644943042145     0.3742107655120692    -0.4124206266752236    -0.6305044565602937     0.2140111200271969     0.3863570427792783    0.05475258341523743    -0.1138859418913707     0.1591118921834128   -0.09013758689558891
  -0.02309856871484899    -0.4421798576118877  -0.009653620523381942    -0.1875770433419991     0.0305476253900676      0.506131345628558    -0.3176453028578704     0.2516682700471477    -0.5173880756691039     0.2822004893723685
   0.01094821070659189     0.6345698472962509   0.009937406515542743     0.5807141147457747    0.01003083532156816     0.4528567850161777    -0.1507726530132109    0.09926783051255271    -0.1262755424623373    0.07849660746559992

22.68380265259168
33.33261012428923
35.55118129495759
 52.8340546427609
 68.3952177831391
102.8028758504933
87.20400985027661
131.1905509972067
103.1613224526781
156.0708367607647

1.513706425710322

  0.08646494590970204  -0.05710309756482965  -0.07838296172214376   0.05178489970284098  -0.00372229599866552  0.002468517342974864 -0.001491879774227311  0.001660414357407141 -0.002499326233310222  0.001886437442614967

-0.001939483110253917 -0.007302586597964658  -0.01030328123897055 -0.008610245539097651 -0.001520770114792129    0.0179477667861757  -0.01192650054070562  -0.01334065542177004    0.5437247498161146   -0.4063565023852607

cov:
   0.9656214254930932     1.618608855760721  -0.06190368682577901   0.03519193502547408  0.004643904673992072   0.07034783741173356  -0.01940864516799921   0.01102604189301078  -0.01267760137438445  0.002668173027491766
    1.618608855760721     47.15056695696963  -0.06495596379868213     38.18216977507602    0.1379685341159409     21.94219494006097    -5.513236817804046     3.068408698856336    -1.534425871087767     1.322181949470915
 -0.06190368682577901  -0.06495596379868213     1.131566465275318     1.740369436838468  0.009541794135955671   0.02666846163367293 -0.005781270880657055  0.008290353146293714  0.009900088370648302   0.01919210103961934
  0.03519193502547408     38.18216977507602     1.740369436838468     36.47581867663159    0.1488762820361821     22.87931898723982    -6.962856681808978     4.423654205834804    -4.551325965458568     3.043869851779466
 0.004643904673992072    0.1379685341159409  0.009541794135955671    0.1488762820361821     1.053543963543028     1.722364874965205   -0.2144339602070911  -0.04099718260841095  -0.07598269309015793   0.01167013872697717
  0.07034783741173356     21.94219494006097   0.02666846163367293     22.87931898723982     1.722364874965205     29.74433707470548    -11.01393822956948     7.853085203437197    -12.53374724893108     7.415178610573014
 -0.01940864516799921    -5.513236817804046 -0.005781270880657055    -6.962856681808978   -0.2144339602070911    -11.01393822956948     7.084438732376985    -3.204163653256731     6.868062362257522    -3.790681493234208
  0.01102604189301078     3.068408698856336  0.008290353146293714     4.423654205834804  -0.04099718260841095     7.853085203437197    -3.204163653256731     4.910080592655401    -4.845717470654382     3.517842379302599
 -0.01267760137438445    -1.534425871087767  0.009900088370648302    -4.551325965458568  -0.07598269309015793    -12.53374724893108     6.868062362257522    -4.845717470654382     11.57775258204679    -4.591855145038668
 0.002668173027491766     1.322181949470915   0.01919210103961934     3.043869851779466   0.01167013872697717     7.415178610573014    -3.790681493234208     3.517842379302599    -4.591855145038668      4.93221591953391

cov.inverse():
   19.87165820581762   -12.38470396192197   -23.40506909526887    15.48416723167562    1.977424020625493   -1.302365751068909   0.9905406040566409   -1.017315944358416    1.585554221549148   -1.239275048694465
  -12.38470396192199      8.1448092498505    15.43710344116388   -10.18795279289948   -1.309506313060261   0.8604497696257377  -0.6514626354385422    0.668227169649194   -1.040276720436678   0.8143489468556128
  -23.40506909526885    15.43710344116388    30.46497675776343   -19.51829270608222   -2.940220855662261    1.928146739935102   -1.256637762999723    1.249718662718844   -1.793722463035383    1.382474934636475
   15.48416723167562   -10.18795279289948   -19.51829270608222     12.8800198255868    1.932296355217075   -1.270767865896474   0.8296504986875106  -0.8252303872318845    1.182317900391262  -0.9172489469742022
   1.977424020625508   -1.309506313060267   -2.940220855662271    1.932296355217081     2.07050587059206   -0.739386876695451   0.0160083260281921  0.08481381316413773   -0.126697923953694   0.1094771380285937
  -1.302365751068914    0.860449769625741    1.928146739935108   -1.270767865896478  -0.7393868766954509   0.4931465350672773  0.03585762346046639 -0.04534182677569611  0.07520769646506081  -0.0629569400565984
  0.9905406040566341   -0.651462635438537   -1.256637762999713   0.8296504986875037  0.01600832602819043  0.03585762346046745   0.5656962362705129    -0.19248050096668 -0.09804693582530481  0.09380653201300075
  -1.017315944358408   0.6682271696491858    1.249718662718827  -0.8252303872318736  0.08481381316413987 -0.04534182677569751  -0.1924805009666796   0.6264286076313113   0.0160484012606512  -0.1859780389966901
   1.585554221549144   -1.040276720436678   -1.793722463035381    1.182317900391261  -0.1266979239536944  0.07520769646506119  -0.0980469358253042  0.01604840126065023   0.4859350186485878  -0.1918344839661171
  -1.239275048694486   0.8143489468556208     1.38247493463649  -0.9172489469742122   0.1094771380285928 -0.06295694005659783  0.09380653201299967  -0.1859780389966887  -0.1918344839661183   0.6663451651699401

cov*(cov_.inverse()):
    0.9999999999998928  2.303105622880608e-14  -9.54314752221741e-15 -6.034669292054318e-15 -7.516014720321262e-15 -5.180589030678862e-16 -1.476900199359754e-15  4.543782884669501e-15  2.766558683531262e-15   8.25142905391818e-15
  1.06581410364015e-14     0.9999999999999849 -1.332267629550188e-14  2.442490654175344e-14  4.524158825347513e-15 -8.326672684688674e-17 -2.720046410331634e-15                      0  5.717648576819556e-15 -2.220446049250313e-16
 3.472916398905568e-15  1.245531455751347e-15      1.000000000000001 -4.364564265557647e-15  3.747002708109903e-16  1.322726650432315e-16 -3.317658647805644e-17 -5.854691731421724e-17 -5.785302792382652e-16 -4.996003610813204e-16
 8.881784197001252e-16 -5.417888360170764e-14  1.119104808822158e-13     0.9999999999998925  4.662936703425657e-15  9.076073226310655e-15  6.661338147750939e-16  1.221245327087672e-15 -1.076916333886402e-14  3.108624468950438e-15
  -4.9439619065339e-16  9.124645483638005e-16  9.436895709313831e-16  1.509209424099822e-16     0.9999999999999996  1.349831704744453e-16  4.510281037539698e-17 -3.295974604355933e-17 -2.602085213965211e-18  5.811323644522304e-17
-2.309263891220326e-14 -1.154631945610163e-14  3.197442310920451e-14 -4.440892098500626e-15  9.658940314238862e-15      1.000000000000006 -4.662936703425657e-15  3.774758283725532e-15  3.108624468950438e-15                      0
 5.329070518200751e-15  4.440892098500626e-16 -2.664535259100376e-15 -6.661338147750939e-15 -1.831867990631508e-15 -1.110223024625157e-16                      1 -4.440892098500626e-16  8.881784197001252e-16                      0
 1.509903313490213e-14 -1.154631945610163e-14  -1.77635683940025e-14  1.154631945610163e-14  2.220446049250313e-15  8.326672684688674e-17  1.665334536937735e-16     0.9999999999999997  7.771561172376096e-16 -4.440892098500626e-16
-5.329070518200751e-15  3.552713678800501e-15   1.77635683940025e-15 -7.105427357601002e-15 -1.110223024625157e-15  8.326672684688674e-16 -5.551115123125783e-16  -3.33066907387547e-16     0.9999999999999988 -8.881784197001252e-16
-9.769962616701378e-15   1.77635683940025e-15  1.243449787580175e-14 -3.552713678800501e-15 -1.110223024625157e-15  5.551115123125783e-17  -3.33066907387547e-16  6.661338147750939e-16 -9.992007221626409e-16      1.000000000000001
