12
1

1.059831875845492e-09
   0.0236675735249897
   0.0287982265510932
  0.03406223654882844
  0.08758109144315639
   0.1890099926599006
   0.4903500741977336
   0.5248489264997926
    1.793735567380626
    2.359110074849973
    3.061572902159926
    3.669447357290548

                     0   1.36054187167977e-16  3.018252117538716e-15 -1.629041142965807e-15 -3.197842982602181e-15  1.316746661392824e-15 -7.822401394073367e-14                     -1  2.032056944488505e-16 -7.185122069605826e-16  6.132378984198812e-14  -3.37008011413612e-15
 -0.002231289214062428    0.00318926340384222    0.03501194812556838   -0.01963364716671688    0.04841779379876628   -0.01771010011894088    -0.8740191031472999  9.792176420313304e-14   0.000981625576079779  -0.006129000961845031     0.4803461554146936   -0.03217534774572017
  -0.01848740554775671    0.01582702748516109    0.04508388052023163   -0.02542230484866645    0.04344340955151699   -0.01814880863601584    -0.4767378772686136 -1.656610517848948e-14   -0.01029801400712347    0.01095174173028785    -0.8755827839749598    0.01902517087453852
   0.01093365815984468   -0.01080141036772542    -0.0426981659922242    0.01606432490725129     0.9311845695965165    -0.3547585352928267    0.06513928214305588 -7.626881120892971e-15   0.007825576268941013  -0.007722037556042663    0.01454372785385799   -0.01219639765536109
   -0.4450340143226894     0.2556513521854275     0.7420863806016542    -0.4186682488233845    0.03850039740965497   -0.01730991005324658    0.06065342822784292  9.534602724402533e-18    0.01778661101442725   -0.01975721500363564    0.03441259290641351    0.05709749386031986
  0.002359548137091897   -0.01368196311583579    0.06910205650043781   -0.02537195581235342  -0.003600679556525317    0.01831244907292454    0.02267756494789169 -6.771876459957764e-17   -0.01614878783165407   0.003298074070643469   -0.03032207562836623    -0.9961599944365616
   -0.4332318673514857     0.1864739964366748    -0.2254236518604764     0.1203993283279312    0.01178014655322807     0.0183227024626801  -0.006018623176251187 -1.426721503692174e-19    -0.5536837014885367     0.6362298139539181    0.01511684928611169   -0.01151186303941329
    0.6589096539502667     -0.282600985795372     0.4078028255088451    -0.1731800552797406    0.02105452845299663    0.01274768622109458    0.01807921651413414 -6.316568914649217e-20    -0.3708687052449364     0.3860628304138956   0.008126863598110309    0.04575443702650342
    -0.137550156223827    -0.2801727377962849 -0.0007810416149907838   -0.02784054548470734     0.3344680632177051     0.8806999203546472  -0.000918912602529999 -8.908320656427321e-24   -0.06764007036474455   -0.09656182975265851  -0.002529248871841346    0.01999107075681512
     0.327074109935281      0.645078868824232     -0.339126273002349    -0.5584059143336515     0.0772464354510128     0.2093620578457786   0.001955520173304211 -4.707618326744244e-25   -0.00708042342731719   0.005271442483435049   0.001785962396330066   -0.01369555129690273
   -0.2317560876534818     -0.567415434188873    -0.3275978569610861    -0.6819041410289375   -0.08618197626963292    -0.2084309372583846 -0.0007239471689274505 -3.466808691430229e-26   -0.03376497834970356 -0.0003083929028319249  -0.001623580455429687  -0.001053479762184037
  0.003558783907756845    0.05346213484240663  -0.002149668919342457    0.02665476635038819   -0.03637504782342488   -0.09727216685476672   0.002663244527319679 -1.049847817991172e-25    -0.7412017118794797    -0.6604518791181884 -0.0006298609582504559   0.006698289386137604

22.39890725134491
26.32713569082864
50.45005711794214
76.24817517908608
68.46989948902601
107.8835488296137
85.15355854708112
134.4140014648438
94.75247205900922
156.1740203485257
107.5220173530011
182.6759580286538

1.774356861374475

   0.07474070464883135    -0.0415092974252288   -0.08045200362448453    0.04506243250201918   -0.01192162504725501   0.004150152528398796   -0.02147075589827991    -0.9191538836646967   0.000493123332354777 -0.0003517004956148589   0.005651085265098508  -0.004781324081967541

 1.032433721890759e-18   9.51444956253349e-06  -1.83832031718449e-06 -9.746502441625594e-06 -0.0009537321322691175 -6.230148143804901e-05  -0.004051633455469371   0.005313111483544946 -0.0008508753528249831  -0.001305291836753014    0.01889943107673352   -0.01043728822113098

cov:
     1.326107968517896      2.461797883196854     0.1895458603534577     0.4358878922278091     0.1805315203571018     0.4399092521707306   0.009379111926922241                      0    0.04517588025313549     0.0252188309144983   0.007660451444139516    -0.0219432562757014
     2.461797883196854      5.655635603979508     0.4835550211845855      1.684326956282984     0.4069477337920755     0.9960376065312276    0.01203834861676894                      0    -0.3143383104423796    -0.3693889682289615    0.01699006357692464   -0.06024370440566514
    0.1895458603534577     0.4835550211845855      1.708488729728769      3.118679574701269      0.120947519542118     0.2458784590609703   0.001177615346055701                      0     0.1270771115969923    0.01913762977034859   0.001829826506212499    0.03246971410536507
    0.4358878922278091      1.684326956282984      3.118679574701269      6.119051409740664     0.2669982071623899     0.5677247208990814  -0.001643069486023159                      0   -0.02052053508512647    -0.2427379409442257   0.004807868899000221     0.0481124526587968
    0.1805315203571018     0.4069477337920755      0.120947519542118     0.2669982071623899     0.4817557816303575      1.253516183131567 -0.0007355024956745425                      0     0.3107660735837473     0.2261064553731509 -0.0002328056579425056    0.01356019250040602
    0.4399092521707306     0.9960376065312276     0.2458784590609703     0.5677247208990814      1.253516183131567      3.274426812269501  -0.002366382180820266                      0      0.833082685013622     0.6023194982282546  -0.001015945968903345    0.03343044758532222
  0.009379111926922241    0.01203834861676894   0.001177615346055701  -0.001643069486023159 -0.0007355024956745425  -0.002366382180820266  0.0008910759908675559                      0   -0.02727395091708724   -0.02234542913841982  0.0001375011146026897 -0.0004894481524330429
                     0                      0                      0                      0                      0                      0                      0                      0                      0                      0                      0                      0
   0.04517588025313549    -0.3143383104423796     0.1270771115969923   -0.02052053508512647     0.3107660735837473      0.833082685013622   -0.02727395091708724                      0      7.534613569068744      6.488177088071955   0.004467333410118848   -0.07288721750345845
    0.0252188309144983    -0.3693889682289615    0.01913762977034859    -0.2427379409442257     0.2261064553731509     0.6023194982282546   -0.02234542913841982                      0      6.488177088071955      6.041865204795176   0.009602454089800438   -0.06319761925525468
  0.007660451444139516    0.01699006357692464   0.001829826506212499   0.004807868899000221 -0.0002328056579425056  -0.001015945968903345  0.0001375011146026897                      0   0.004467333410118848   0.009602454089800438  0.0009487523523061924  0.0007924814863502999
   -0.0219432562757014   -0.06024370440566514    0.03246971410536507     0.0481124526587968    0.01356019250040602    0.03343044758532222 -0.0004894481524330429                      0   -0.07288721750345845   -0.06319761925525468  0.0007924814863502999      0.039029809702819

cov.inverse():
                nan                 nan                 nan                 nan                 nan                 nan                 nan                 nan                 nan                 nan                 nan                 nan
                nan                 nan                 nan                 nan                 nan                 nan                 nan                 nan                 nan                 nan                 nan                 nan
                nan                 nan                 nan                 nan                 nan                 nan                 nan                 nan                 nan                 nan                 nan                 nan
                nan                 nan                 nan                 nan                 nan                 nan                 nan                 nan                 nan                 nan                 nan                 nan
                nan                 nan                 nan                 nan                 nan                 nan                 nan                 nan                 nan                 nan                 nan                 nan
                nan                 nan                 nan                 nan                 nan                 nan                 nan                 nan                 nan                 nan                 nan                 nan
                nan                 nan                 nan                 nan                 nan                 nan                 nan                 nan                 nan                 nan                 nan                 nan
                nan                 nan                 nan                 nan                 nan                 nan                 nan                 inf                 nan                 nan                 nan                 nan
-0.6200021696237452  0.2904495770656897  0.8749073516342767 -0.6115512174119127   5.856686214684141  -2.318907481877376   4.947216561322238                  -0   2.047586286221057   -2.19259268822891   11.85995133019837  0.1719530593477596
 0.6353906817785238 -0.3099855487575237   -1.43374941179931  0.9231378278135566  -6.200649908834954    2.40640797867642   2.689318032731693                  -0  -2.192592688228908   2.574142333852377  -16.95493318733497  0.4781478912424718
  15.73581260922462   -12.9476133586638  -14.84097596354403   8.350555222240651   7.503064239759234 -0.5652550851507031  -245.1023931625148                   0   11.85995133019831   -16.9549331873349   1336.678909819183   -46.7278142219857
 -3.660870591558418   2.518858889322195   3.148478720539283  -2.066554368965234  -11.18133100297126   3.696845363802242   38.40503787190135                  -0  0.1719530593477798  0.4781478912424467  -46.72781422198555   30.62335609030033

cov*(cov_.inverse()):
nan nan nan nan nan nan nan nan nan nan nan nan
nan nan nan nan nan nan nan nan nan nan nan nan
nan nan nan nan nan nan nan nan nan nan nan nan
nan nan nan nan nan nan nan nan nan nan nan nan
nan nan nan nan nan nan nan nan nan nan nan nan
nan nan nan nan nan nan nan nan nan nan nan nan
nan nan nan nan nan nan nan nan nan nan nan nan
nan nan nan nan nan nan nan nan nan nan nan nan
nan nan nan nan nan nan nan nan nan nan nan nan
nan nan nan nan nan nan nan nan nan nan nan nan
nan nan nan nan nan nan nan nan nan nan nan nan
nan nan nan nan nan nan nan nan nan nan nan nan
