10
1

0.1833875093886871
0.6478429076601083
0.9394683413077886
 1.024126970547097
 1.772911773876171
 1.883513523413673
 2.112526494164284
 2.964551269427789
 5.398965812717762
 12.06949217757752

  0.4741285262246338  -0.2937547191896183  -0.6931122785570556   0.4291607962996196   0.1062746318691806 -0.06320994338791251  0.05114021229644336 -0.02283887513001085  0.06816412461589953   -0.035406328095318
   0.333359121494302  -0.1256420355397716   0.1286277248973271  -0.0421148713985856  -0.8331266189319638   0.3289910887556473  0.09904070902964728 -0.05241945053600848   0.1767885983997971 -0.09284854333482878
  0.5818081669192166 -0.05137569480463475   0.4563931220573719 -0.01964416342328118   0.3086648149377361 -0.04003220003482274  -0.3486725470335636   0.3452299464266987     0.22647995559012   -0.247493926395446
  0.4460256948167521  0.01038245932002906   0.3382512111670777  0.02537389124538882   0.2007160476440338  0.02099720606298045   0.3919066520570623  -0.4875762394626419  -0.3320021161547419   0.3789735282287495
 -0.1203406721635991  -0.1208362388248564  0.07622641855283049  0.06525788171318334    0.249498731326856   0.3895316676052465   0.5640938044250379  0.07060240225919817 -0.08218585824236024  -0.6456950490031982
  0.1722434354793952   0.2371051210337107 -0.03543910609462429 -0.01799872618523746  -0.2523044767007645  -0.4524419985343843   0.2806172712501847   0.5322327021380496   -0.524692083557903  -0.0827809182742676
 -0.2797740652772959  -0.3927347358553869   0.4159204067533163   0.6982224529201562  -0.1325856483471283  -0.2869912369791163  0.03697811105152758  0.03731876825293694  0.03924234799691897   0.0523312893738788
 0.04931545275766781   0.2262109103359684 0.007511766251321661   0.0510484580389994   -0.122670956990313  -0.3975513977127221  -0.2421834625144648  -0.5882171425300756  -0.1145254377636708  -0.5940291649194881
-0.04192041319145134  -0.6700806092705983 -0.01400139127572677  -0.2911832806411802 -0.01761233631473377  0.09816566875321683  -0.3426233260113906 -0.02160796343703358  -0.5753116688153428 -0.07391249797197061
0.004651047063446152   0.4122314637729957 0.005750349034805991   0.4832461422381776  -0.0141549129883426   0.5284313033130903  -0.3715554074503254  0.06083528619137682  -0.4181925588602942  0.02010757355127792

35.55279321769788
54.54968845749986
50.56726183843308
78.18581818127082
68.20303919080382
105.9921500852466
84.25866304793102
131.3541335655427
99.71425571296436
155.7742297006791

1.570229969617723

  0.08771847521629586   -0.0556842151858814  -0.08029269001889902   0.05081165890655022 -0.003603476402027214  0.002267156525230711 -0.001991551793680052 0.0008669599476929249 -0.002369549693912961  0.001234059284557046

   0.0045251298325555   0.01122366491407471   0.01341690243182276    0.0126408163455496  -0.02612710644393402   0.01690080373554248 -0.003714529624464869   -0.0635271381532608    0.6466983317888354    0.6706074034772403

cov:
    1.137451545911345     1.833293674495766   -0.1459914602495628   -0.1993814381848466   0.01328750699721168   0.03457838212131201 -0.007148112940240725   0.00609021117961629   0.01829823043007237   0.01143828717442238
    1.833293674495766     39.23827912464851   -0.1709623390094753     33.54369798004937   -0.7934262483124456     28.98480812041857    -16.13022020893203     3.243337279135895    -14.60627004632024     1.574656870173356
  -0.1459914602495628   -0.1709623390094753     1.132702440626314     1.829729234328056  -0.01927892234221065  0.004411574135820907  -0.01614285289927094  0.004004752743887152  -0.02255392740401868 -0.008803215705212889
  -0.1993814381848466     33.54369798004937     1.829729234328056     38.71098971438096    -1.231593804083161     35.39680865012603    -23.12802958382973     4.280465046140425    -24.48328985579047     1.827736764166076
  0.01328750699721168   -0.7934262483124456  -0.01927892234221065    -1.231593804083161     1.088465708200016    0.0471067931769814     1.325525643748871   0.08635908437631776     1.593333093728351    0.2183620920080624
  0.03457838212131201     28.98480812041857  0.004411574135820907     35.39680865012603    0.0471067931769814     43.96563250092951     -28.5084016249927     5.830562791471158    -32.73743964159376     2.691442705640064
-0.007148112940240725    -16.13022020893203  -0.01614285289927094    -23.12802958382973     1.325525643748871     -28.5084016249927     25.60612083675558    -1.472632638976789     27.76401466216031  -0.07642161171987019
  0.00609021117961629     3.243337279135895  0.004004752743887152     4.280465046140425   0.08635908437631776     5.830562791471158    -1.472632638976789      4.97609942570364    -3.519188382356384     2.737607536035854
  0.01829823043007237    -14.60627004632024  -0.02255392740401868    -24.48328985579047     1.593333093728351    -32.73743964159376     27.76401466216031    -3.519188382356384     36.41794042281554    0.7540970570372316
  0.01143828717442238     1.574656870173356 -0.008803215705212889     1.827736764166076    0.2183620920080624     2.691442705640064  -0.07642161171987019     2.737607536035854    0.7540970570372316     4.874731547698489

cov.inverse():
   7.553078595651992   -4.227586318223371   -9.255263577874132      5.9682623990452    1.111195261726043  -0.6685249874689873   0.7252877991281989  -0.3258577445978367    1.084886807632237  -0.5606961104560213
  -4.227586318223381    2.683996329870193     5.95099722878112   -3.790347506459268  -0.7124250018019878   0.4252155700807903  -0.4577587361816759   0.2053616934487214  -0.6910504507581059   0.3563659800257081
  -9.255263577874086    5.950997228781111    14.71007432761204   -8.792565104661664   -2.225123317546797    1.376466962388913   -1.063254870541746   0.4752868037253949   -1.333527075841023   0.6850595122493945
   5.968262399045149   -3.790347506459263   -8.792565104661666    5.597240389258594    1.422876302747293  -0.8742833327246426   0.6767538492167063   -0.304058276596207    0.849811393867802  -0.4352656122923179
   1.111195261726023  -0.7124250018019781    -2.22512331754678     1.42287630274728    2.179398081435097  -0.7857288376811917 -0.05459212672181158  0.03417174819416677 -0.08825151507591383   0.0198080162377585
 -0.6685249874689781   0.4252155700807846    1.376466962388902  -0.8742833327246352  -0.7857288376811916   0.5235888162891404   0.0453710834782791 -0.05835576642912482  0.04947832880782184 -0.03355457910249172
  0.7252877991281943  -0.4577587361816754   -1.063254870541746   0.6767538492167069 -0.05459212672180878  0.04537108347827735   0.5207061280892207  -0.2942823865643501  -0.1130983376298279   0.0588229560957251
 -0.3258577445978374   0.2053616934487219   0.4752868037253963   -0.304058276596208  0.03417174819416513  -0.0583557664291238  -0.2942823865643502   0.5049121940073666   0.1022381069422895  -0.2240048345649233
   1.084886807632242  -0.6910504507581096   -1.333527075841033   0.8498113938678081 -0.08825151507591118  0.04947832880782039  -0.1130983376298267    0.102238106942289   0.4699773209606554  -0.2556139828443498
 -0.5606961104560212     0.35636598002571   0.6850595122493999  -0.4352656122923211   0.0198080162377572   -0.033554579102491  0.05882295609572442  -0.2240048345649229  -0.2556139828443498   0.4396788335237446

cov*(cov_.inverse()):
      1.00000000000001  1.021665391176541e-14 -3.373516743732097e-14  4.657038643607336e-14   5.51075569725501e-15 -2.542996195564751e-16  3.661459156700797e-15   3.50414142147315e-16  8.608565249534905e-16 -3.320260733019609e-15
-7.216449660063518e-15      1.000000000000008 -3.397282455352979e-14  1.088018564132653e-14  2.376571162088226e-15  1.366962099069724e-15  1.734723475976807e-15   3.33066907387547e-16   2.55351295663786e-15 -7.771561172376096e-16
 2.771220752872949e-15 -4.592680402648597e-15      1.000000000000004 -2.492797634978672e-15  1.721523314526796e-15 -7.130797688437163e-16 -5.600988423060116e-16  3.898791012257874e-16  9.584347204771859e-16 -3.946495907847236e-17
 5.262457136723242e-14 -6.861178292183467e-14 -1.021405182655144e-14     0.9999999999999611 -6.036837696399289e-16 -3.878841692284141e-15  2.525757381022231e-15 -3.108624468950438e-15  2.720046410331634e-15 -1.110223024625157e-15
-2.220446049250313e-16  1.790234627208065e-15  6.106226635438361e-16  4.579669976578771e-16     0.9999999999999998  2.983724378680108e-16 -5.030698080332741e-17  7.632783294297951e-17 -2.983724378680108e-16 -1.387778780781446e-17
 2.886579864025407e-14 -5.662137425588298e-14 -3.308464613382966e-14 -8.881784197001252e-15  2.685351940812097e-15     0.9999999999999989  2.192690473634684e-15 -2.997602166487923e-15  3.219646771412954e-15 -2.442490654175344e-15
 2.535471832487701e-14  1.055058818089094e-14 -3.679001547851612e-14  2.674943599956237e-14   2.72850318727702e-15 -1.281093287008872e-15                      1  5.551115123125783e-17  1.713906794265085e-15  6.730727086790012e-16
-2.442490654175344e-15 -4.218847493575595e-15 -8.215650382226158e-15 -3.108624468950438e-15  1.165734175856414e-15 -1.262878690511116e-15  -3.05311331771918e-16                      1 -2.220446049250313e-16  4.440892098500626e-16
-1.221245327087672e-14  2.359223927328458e-14  4.440892098500626e-14 -1.310063169057685e-14 -8.425551922819352e-15  6.127043317150083e-15 -3.469446951953614e-15  2.664535259100376e-15     0.9999999999999976  1.942890293094024e-15
 -1.77635683940025e-15 -2.220446049250313e-16  4.440892098500626e-16 -3.552713678800501e-15 -4.302114220422482e-16 -3.608224830031759e-16 -2.775557561562891e-16                      0 -2.220446049250313e-16                      1
