10
1

0.1245564209139946
0.6826513853074188
0.8064223621801615
0.8566874853347969
0.9861708759881078
 1.220784540214055
 1.648469346208564
 1.925894071595502
 2.708677908204896
 4.911857951544896

   0.5846811099012522   -0.2522538269090089   -0.6978655340991556    0.3128231872190723   0.01025928235026012 -0.002948287007260976    0.0412387782131688  -0.02642763612499969   0.07260795656347108  -0.04308641296730442
  -0.2536788415803974   0.06203201744869442   -0.1791273807147895    0.1450929081475976    0.9009361457874687    0.1707574784153681  -0.07225848893696526    0.1435651269886392   -0.0620629126409902   0.09017986677662403
  -0.1261986645539695   -0.0362589045839132   -0.4788412051368459   -0.8624229668887819   0.02780491195795784  -0.07961436255760591   0.03070896867876185    -0.022166053747652 -0.009842419158137206    0.0324670230176403
   0.6405903914488236   -0.1261604475215853     0.418514323287808   -0.3612010673364952    0.2282994960467937    0.3496844213546193   -0.1344044553876056    0.2478884467512904   0.07612042786494687  -0.09164948657814714
 -0.06747260661002609    0.0139721480034862  -0.04664945945701308   0.03340209748065773  -0.01316792290587252    -0.505365475953568   -0.4377941358963194     0.585794449578071    0.2061105560432722   -0.3988637510229526
   0.2707315766591732   0.03401129406603942    0.1495512309420944  -0.05370420185280131     0.214440503648531   -0.5647823023376861   -0.4221631784186763    -0.465942484727657   -0.1822866146963217    0.3267745346252832
  -0.2064898243813605   -0.1567280384097169  -0.08267331557989578   0.02472483705416992   -0.1154281841194022     0.393728078312878   -0.6168181509736484   -0.2924484735580174    0.5348916032286279   0.07004888381949309
  0.02700047018418863   0.09610346790128485  -0.07858159539249311   0.03672562996801317   -0.2067066522420444   0.06110365145418951    -0.120220885576533     0.513062765511778  -0.02915708767630833    0.8108719777430295
  -0.2134950384237817   -0.9323110117260699    0.1331231444556668  0.008800543259338907   0.01054384394228716  -0.08431545247128025   0.01910340038414308   0.08154409959856053    -0.215295307583685   0.08264446205082396
  0.02678710266917124   -0.1045633910341274    0.1455351527422382  -0.02850852929888533    0.1816436982146177   -0.3193394513481257    0.4570584079954352  -0.03292614370169096    0.7589228439843179    0.2131506762633115

 50.1827727557871
111.3657237373561
58.06913001293211
129.2506947655885
69.11693912734019
155.3756711002131
83.55651689268331
187.3082277602875
98.30681816082897
 221.417593497086

2.266522800753297

    0.2458757088386293    -0.1078555561288331    -0.2408244121671135     0.1047965655665979   -0.00112043861180674  0.0004735412903420153  -0.003872283733560344  -0.000474264197218702    -0.0040651455473379 -0.0008535789729430072

 0.005761907533477775 -0.005248248772315517 -0.001525470103206928   0.02389115494647327 -0.002593374492521999    0.0343733710293223   -0.0292322925352878   0.07030789452848171    0.1288726780917281   -0.6163806991884172

cov:
  0.9307779135099381    1.437210704775214   0.2383567759678815  -0.1796164053201976   0.2309670743430063  -0.3331146311951184    0.401137615931492 -0.05881451972989216   0.4821671355706901   0.1514140208589916
   1.437210704775214    6.759315911929372   -1.293509666913179  0.06876313727456008  -0.5399818452109426    1.175396126303811   -1.081736293644741  -0.2011187337158701  -0.6954108330307375  -0.8221913710284801
  0.2383567759678815   -1.293509666913179    1.018123517433591  0.02086632743158898   0.7688100674386157   -1.294865817063955    1.677622214882643  -0.1788845585091634    2.323662375501997    0.622668735684896
 -0.1796164053201976  0.06876313727456008  0.02086632743158898   0.6229919273520725   -0.192905875006948    0.241248586276492  -0.3376663384988742  0.09077063432886555  -0.5011445112579932 -0.05324446273736512
  0.2309670743430063  -0.5399818452109426   0.7688100674386157   -0.192905875006948    1.477249935131969   -1.621524943129409    2.108534359738515  -0.4946192446119113    3.089457805448076   0.4294715645027953
 -0.3331146311951184    1.175396126303811   -1.294865817063955    0.241248586276492   -1.621524943129409    3.778831828056998   -3.691754722810716   0.1870797992862974   -5.081005581473288   -1.531657153728214
   0.401137615931492   -1.081736293644741    1.677622214882643  -0.3376663384988742    2.108534359738515   -3.691754722810716    6.598567296430335 -0.07624512885365797    7.476373229991642    1.853896461480238
-0.05881451972989216  -0.2011187337158701  -0.1788845585091634  0.09077063432886555  -0.4946192446119113   0.1870797992862974 -0.07624512885365797    1.996020216954673  -0.9584476946383208   0.9022909628106175
  0.4821671355706901  -0.6954108330307375    2.323662375501997  -0.5011445112579932    3.089457805448076   -5.081005581473288    7.476373229991642  -0.9584476946383208    15.11365590514268     3.60966805864502
  0.1514140208589916  -0.8221913710284801    0.622668735684896 -0.05324446273736512   0.4294715645027953   -1.531657153728214    1.853896461480238   0.9022909628106175     3.60966805864502    3.922874834885746

cov.inverse():
     22.83234428921576     -9.598604785487646      -25.7120398660643      11.54837129188465     0.1371073553807512     0.0216928071754375      1.469839622514718    -0.9551867992787355      2.757318521686349      -1.67371981005206
    -9.598604785487638      4.264900363815406      11.26574029514439     -4.959054530272724   -0.08380068480815904   -0.01418126743412487    -0.6466184538960589     0.4251561806493013     -1.210097762223682     0.7337809079219553
    -25.71203986606431       11.2657402951444      32.07625136598183     -13.70669801640917    -0.6667451867894861     0.2758495680016567     -1.923434414463963         1.215718426315     -3.234708402951891      1.862681992428025
     11.54837129188465     -4.959054530272725     -13.70669801640918      7.677988277959399     0.3266577770886864   -0.06534249725503942     0.8273021017057058    -0.5413143155049358      1.437370009057568    -0.8556085002063712
    0.1371073553807473   -0.08380068480815715    -0.6667451867894804     0.3266577770886838      1.869597076947421     0.3364676011512963    -0.1713706561730353     0.2449624152956049   -0.09342402233691682       0.12470801658373
   0.02169280717544088   -0.01418126743412604     0.2758495680016543   -0.06534249725503855     0.3364676011512962     0.7793799951682451     0.1877488073263122    0.01620631224115681    0.03236060146721931    0.09675369903372454
      1.46983962251472    -0.6466184538960605     -1.923434414463968     0.8273021017057082    -0.1713706561730348     0.1877488073263125     0.6161621323230846    -0.2213243453150562    0.04042248436296261   -0.06113747767214085
   -0.9551867992787351     0.4251561806493019      1.215718426315002    -0.5413143155049366     0.2449624152956048    0.01620631224115671    -0.2213243453150563     0.7756457158190424 -0.0006430841999708266    -0.1680475957975565
     2.757318521686344     -1.210097762223681     -3.234708402951889      1.437370009057567   -0.09342402233691621    0.03236060146721889    0.04042248436296181 -0.0006430841999704369     0.5578025824152743    -0.3364618044460742
     -1.67371981005206     0.7337809079219551      1.862681992428024    -0.8556085002063707     0.1247080165837298     0.0967536990337248   -0.06113747767214039    -0.1680475957975567    -0.3364618044460742     0.5673042275843353

cov*(cov_.inverse()):
     1.000000000000004 -2.789435349370706e-15  1.004751837285767e-14  4.218847493575595e-15 -5.898059818321144e-16 -7.840950111415168e-16  8.864436962241484e-16 -1.068589661201713e-15  1.616762279610384e-15  8.326672684688674e-17
  1.77635683940025e-15     0.9999999999999996  4.440892098500626e-16  1.443289932012704e-15 -4.163336342344337e-17                      0 -3.816391647148976e-16  2.775557561562891e-17  9.436895709313831e-16  5.551115123125783e-16
 3.774758283725532e-15 -1.665334536937735e-15      1.000000000000004  1.221245327087672e-15  -4.85722573273506e-16 -3.122502256758253e-16  1.013078509970455e-15 -6.938893903907228e-16  6.661338147750939e-16                      0
 6.245004513516506e-16 -1.873501354054952e-16  -4.98212582300539e-15      1.000000000000001  1.639313684798083e-16  2.784231178942775e-16 -4.432218481120742e-16  3.139849491518021e-16 -4.198030811863873e-16  5.204170427930421e-17
 -3.33066907387547e-15 -8.881784197001252e-16  7.438494264988549e-15 -2.275957200481571e-15     0.9999999999999996 -2.289834988289385e-16  2.532696274926138e-16 -2.636779683484747e-16                      0  5.551115123125783e-17
-5.773159728050814e-15  3.774758283725532e-15 -3.108624468950438e-15 -3.774758283725532e-15  4.718447854656915e-16     0.9999999999999999 -1.304512053934559e-15  8.326672684688674e-16  1.110223024625157e-16  1.110223024625157e-16
 1.332267629550188e-15 -2.664535259100376e-15  2.664535259100376e-15  4.218847493575595e-15 -5.551115123125783e-16 -1.387778780781446e-16                      1 -1.054711873393899e-15  2.109423746787797e-15  2.220446049250313e-16
-1.332267629550188e-15  7.771561172376096e-16  6.661338147750939e-16 -9.992007221626409e-16  1.387778780781446e-16 -1.110223024625157e-16 -1.110223024625157e-16                      1  -3.33066907387547e-16  1.110223024625157e-16
 -1.77635683940025e-15 -8.881784197001252e-16  1.332267629550188e-14  3.552713678800501e-15 -4.996003610813204e-16 -2.220446049250313e-16 -8.881784197001252e-16                      0     0.9999999999999993                      0
 4.440892098500626e-15 -2.664535259100376e-15   1.77635683940025e-15  3.108624468950438e-15 -5.551115123125783e-17 -3.885780586188048e-16  4.996003610813204e-16                      0  6.661338147750939e-16     0.9999999999999996
