10
1

0.06168452534400207
 0.3130569634882897
 0.7875289193884183
 0.9191229606742454
  1.325695619426775
  1.478239173597674
   2.03667209061702
  2.631410090304648
  4.199874506862958
   9.14046068436012

    -0.396072620953076     0.1872829376274024     0.7384187901590834    -0.3483281806840549    -0.3399498360139205     0.1609033123721423 -0.0004005265910315667  0.0007555854720322176   0.000453514323262007  0.0002124662987326947
   -0.5169976486717093     0.2174670830851178    0.06021860092509351   -0.02467086769345543     0.7295871960892312    -0.3141639345512845    -0.0665627371836184    0.04355946482687149    -0.1589336871616957     0.1363897763396162
   -0.1269642496396288    0.03363910592862148   -0.08450609032917732     0.0251702838606831   -0.04304133868976456   0.004814679633924685     0.2071489170557643    -0.9590915792046399   -0.07234204449533939    0.07139486575967506
    0.6360228182166437   -0.03484375457126555     0.5331815258006206   -0.03854200227852856     0.4137248217749593   -0.04974158425230678    -0.2705111488269562    -0.2221982159552925    0.06296686464929803   -0.09130856403761656
   -0.2688394073469705    -0.1022681337362668    -0.1779048312398047   -0.05510734283068974   -0.08293505240703439   -0.02161187879232344    -0.7392971739521765    -0.1604896247470584     0.1486007601713337    -0.5299386195171966
   0.03989612114536881    0.01836330749658809    0.05351926501082797    0.03069962009882727    0.06232955508910971    0.03259745166990621     0.3369438398187042    0.05420391405020801    -0.6047934210695474    -0.7120901944990602
   -0.2462224676079134    -0.4550142240149546     0.1315878874626047     0.2235856502926716      0.329354504473888     0.4991692172915129     0.2777565464229348    0.01107238827516016     0.4385093046130872    -0.1944855599823387
    0.1364065549492854     0.3218221798916913    -0.3277183570721665    -0.7046329312178596     0.2377778854601554       0.44205926658403     0.0675960709750183  -0.003700560092562677     0.1151765914260723   -0.06413703159934198
  -0.04212921996708091      -0.40699479782034   -0.01457402944550628   -0.04565059181609467    0.05660682506068298     0.4581088847900893    -0.3286125345407312  -0.006219502688546864    -0.6092501394906763     0.3714906311029316
   0.01793080679378956     0.6543999428092107    0.01568613897130525     0.5686637182769994    0.01164499368294083     0.4657617629248514    -0.1722982813763164   0.001827443297134511    -0.0307021490733696     0.0106036138120471

22.67199741162469
44.84913378949481
 35.5609005504427
72.06619975537566
50.53396144446318
103.7297553223677
64.55353332217041
133.3337287445685
104.6828973611921
219.4756927375739

2.109199851569375

   0.08115807796181333   -0.03850751120478559   -0.01071375359004795   0.005085382674541667   -0.07042349425165041    0.03336071333914091 -0.0002266405817063092  0.0001597117593563971  3.271484548589965e-05 -3.488354673925931e-05

-7.507374508042249e-05   -0.01106982329414324  -0.004700754952693031    0.01375943755985193   -0.01927899935011437  -0.002734002052665999   -0.03864293129548706   -0.02355621878133707     0.4147657714006326    -0.5233646303251974

cov:
      0.94751026525363       2.06873052331581   -0.03191133969206265 -0.0002714923716819144     0.0974332064759206      0.266659473046191   -0.01336712839601927    0.02703473373586445   -0.00768691402563248   0.004591645038414405
      2.06873052331581      40.30190628479735   0.002074314855999449      29.43856155931285     0.1581723628616662      22.21935162167921     -7.277457625306885     0.1338985841344441      2.066461963229587     -1.789266707312219
  -0.03191133969206265   0.002074314855999449      1.148696388784262      2.479023513003233    -0.1339121317008279    -0.2515244409876664  -0.005650827518622463    0.02539542678391759   0.008398161788746078  -0.003868572306219012
-0.0002714923716819144      29.43856155931285      2.479023513003233      30.70929171433694    -0.3502479704217744      20.07241646622253     -7.887207021215003     0.1314916106014382      -1.18112311099913     0.3445194894359072
    0.0974332064759206     0.1581723628616662    -0.1339121317008279    -0.3502479704217744      1.128230097617837      2.287746495932542    0.04382523781759309   -0.01356755322229636    0.05905500698120233   -0.03386879157234098
     0.266659473046191      22.21935162167921    -0.2515244409876664      20.07241646622253      2.287746495932542       24.2278928866051     -8.511957788129056    0.04754316722631827     -4.903985762751974       2.78471375733184
  -0.01336712839601927     -7.277457625306885  -0.005650827518622463     -7.887207021215003    0.04382523781759309     -8.511957788129056      6.034197587984475     0.1964766681076813      3.871518470077123     -2.366645080947428
   0.02703473373586445     0.1338985841344441    0.02539542678391759     0.1314916106014382   -0.01356755322229636    0.04754316722631827     0.1964766681076813     0.6656434817938673  -0.003676384589382559  -0.006042709698918778
  -0.00768691402563248      2.066461963229587   0.008398161788746078      -1.18112311099913    0.05905500698120233     -4.903985762751974      3.871518470077123  -0.003676384589382559      8.362729786345263      -3.63183837413816
  0.004591645038414405     -1.789266707312219  -0.003868572306219012     0.3445194894359072   -0.03386879157234098       2.78471375733184     -2.366645080947428  -0.006042709698918778      -3.63183837413816      4.242679558760276

cov.inverse():
    44.51985126573876    -20.62474961724904    -76.74935997175506     36.33663861171055     31.85684481929551     -15.1481021724527    0.2515915081093674   -0.2545615675630941    0.7973354144339484   -0.7475048503709169
   -20.62474961724898      9.78945528964479     36.43396248083969    -17.24496839576962    -15.15391688921203     7.185335769205286   -0.1202624655737837   0.09955669125519839   -0.3795251640558592    0.3554555112671156
   -76.74935997175487     36.43396248083957     143.7263038696237    -67.59478315517788     -65.2484829557178      30.9984430900036   -0.2286434278273821    0.1819470385232979   0.01905606231478144   0.09044511246222461
    36.33663861171034    -17.24496839576955    -67.59478315517788     31.98671033828966     30.91349971456095    -14.66335444896582    0.1098565451852915   -0.1021262136266816 -0.007189871639339718  -0.04495356315198994
    31.85684481929507    -15.15391688921186    -65.24848295571735     30.91349971456074     36.04941098546136    -16.68080754382459   -0.5387969159023265    0.2243609460585193    -1.175278802988419    0.9349328159053294
   -15.14810217245246       7.1853357692052     30.99844309000338    -14.66335444896571    -16.68080754382458     7.917795127135309    0.2563351775829902  -0.09831778993629584    0.5576661419206123   -0.4441934214394387
   0.2515915081093994   -0.1202624655737985   -0.2286434278274384    0.1098565451853182   -0.5387969159023017    0.2563351775829784    0.5897431987979088   -0.2021656460537629   -0.0502935149843574   0.05296080135559103
  -0.2545615675631095   0.09955669125520614    0.1819470385233284    -0.102126213626696     0.224360946058505  -0.09831778993628912   -0.2021656460537629     1.577144829979912 -0.002489624857122034   0.00438647165027173
   0.7973354144339999   -0.3795251640558839   0.01905606231468566 -0.007189871639294263    -1.175278802988375    0.5576661419205913  -0.05029351498435761 -0.002489624857122043    0.5202080486831168   -0.1184766100314744
  -0.7475048503709614    0.3554555112671366   0.09044511246230828  -0.04495356315202949      0.93493281590529   -0.4441934214394199   0.05296080135559136  0.004386471650271673   -0.1184766100314742    0.6172912256746006

cov*(cov_.inverse()):
    0.9999999999999306   -5.2805849970472e-14  8.913150165851258e-14  7.556940641827159e-14  7.012706387810042e-14 -5.507009778749072e-14  -8.76306405911409e-16 -7.218448657819038e-16  1.792186191118539e-16  1.049507702965968e-16
 8.659739592076221e-15     0.9999999999999395 -7.327471962526033e-15  5.215272658176673e-14  7.061018436615996e-14  8.992806499463768e-15  5.689893001203927e-16 -3.920475055707584e-16   6.38378239159465e-16  4.440892098500626e-16
 2.281074634735702e-14   5.48172618408671e-16     0.9999999999999285  1.044569162070297e-14 -1.442596042622313e-14 -1.294298869469745e-14  -1.49890950346121e-16  5.815050589490223e-17 -4.052205619664573e-16 -2.255140518769849e-17
 3.470002063465927e-13 -4.785061236134425e-14 -2.502616169852701e-13      1.000000000000031   7.41073868937292e-14  7.643885524544203e-14   2.80331313717852e-15  6.110563444128303e-16 -1.235123114895487e-15  1.471045507628332e-15
-1.432534646461647e-14 -7.880848751362635e-15    2.7300210703185e-15  9.762590041928476e-15     0.9999999999999983 -1.137978600240785e-15 -1.034328872551171e-16 -9.706319949176478e-17  1.968911145233676e-16  -3.05311331771918e-16
 1.079136779935652e-13 -3.497202527569243e-14 -2.189914916073121e-13  4.038436252074007e-14   7.72715225139109e-14      1.000000000000022  6.661338147750939e-16  5.100087019371813e-16 -1.609823385706477e-15 -2.664535259100376e-15
-2.753353101070388e-14 -1.310063169057685e-14 -9.409140133698202e-15  1.458555498601299e-14  1.554312234475219e-14 -3.752553823233029e-14     0.9999999999999997 -3.365363543395006e-16 -9.992007221626409e-16  2.220446049250313e-16
 -2.10248485288389e-15 -7.225123277443402e-16  2.718203266638408e-15  1.556046957951196e-15  7.259817746962938e-16  -1.01351219083945e-15 -4.537386091851836e-17     0.9999999999999997 -1.539567084929416e-17  1.344410693882025e-17
-1.643130076445232e-14 -7.771561172376096e-15 -2.109423746787797e-14 -3.191891195797325e-15  1.332267629550188e-15  6.439293542825908e-15  4.440892098500626e-16  1.387778780781446e-17      1.000000000000001  4.440892098500626e-16
 1.598721155460225e-14 -1.998401444325282e-15    4.6074255521944e-15  1.543210004228968e-14  7.993605777301127e-15  -1.06581410364015e-14 -1.665334536937735e-16  -7.28583859910259e-17   3.33066907387547e-16                      1
