12
1

0.0593731492519718
 0.107768733203037
0.3870446213408682
 1.050127969871799
 1.177863127461896
 1.547770697655735
 1.915852350104075
 2.316134242403304
 2.984753164712596
 3.136459502851231
 6.407273730045585
 12.19011322753757

   -0.1913943094365919    0.06543073111683496   -0.02295890672981076   0.008139318095236891     0.7507476922641888    -0.2637513335209449    -0.5375827166003946     0.1903001443906564 -0.0009375623474926284  -0.004314686508703886   0.002441454839176476  -0.008487407279040363
    0.4091655057990491    -0.1381679453386133    -0.8020242613595467      0.274010902490093     0.2184665060887938   -0.07191916781606401     0.1943036207279294   -0.06299707365827867   -0.00188063411925896   -0.01966768209430579  -0.005351554545313689   -0.01126118613458404
   -0.5920916889344765     0.1698247916299491    -0.0693833233765342    0.01533222974563236     0.2996522041668716   -0.09095767605197518     0.6235629223095165    -0.2030916717386887     -0.170650348094503    0.03350200483555948    -0.2239733127439351    0.08359540210387734
    0.6090519417265844    0.04651373389352641     0.4939989373897946    0.01453432639906074     0.3398440695784744    -0.1848002018017845     0.3031288980508242   -0.08412533572966507    -0.3141308033890648     0.1803108488536175    -0.0276243218725678   -0.04564464790501886
   -0.1971547518614974   -0.04279540647540908    -0.1508679179017773  -0.009754087943000003     -0.135433589625983   -0.07781043390774531   -0.07778422067421406   -0.01369821556996728    -0.4960578084436932     0.4731367631942938     0.4492384599214029    -0.4837980976847113
   0.01633349053023761   0.003368679090045632    0.05476724897025635    0.02807842557213954     0.1977153001375326     0.4219180866820733    -0.2005367621466178    -0.7608626523915899   0.007449170912583106    -0.2342072982538719   0.007622032978282725    -0.3236266288517855
-0.0008809944044240295  -0.004349129607711795    0.03960300550228824    0.04139277058432987    -0.1352813251676047    -0.5035275991967294   0.005703966873390072    -0.1556368126233313      0.493374679142603     0.2197496800933069    -0.3681004406702889    -0.5228725335142852
   0.03022566813326492     0.0423077630165941   -0.04877605847538915 -0.0009447640162435359    0.09679336511005464     0.4317954852462306    -0.1132790371994613    -0.0598593011712247     0.1810002232692712     0.7833820290536894    -0.2643057272872138     0.2576410121786952
  -0.01539890028069664   -0.06316456678381877   -0.03784952732276836   -0.04003788416933032    -0.1887072687681395    -0.5076205127191371    -0.2189913270020651    -0.5492262197835172   -0.09525713011553813     0.1184199938528148     0.1408669584673002     0.5539865672532852
    0.1770055944633444       0.50246060525334    -0.2755442545464993    -0.7445312991229366   -0.05713283741903719   -0.03013203840289563   -0.07084869907308265   -0.01476873138073407     -0.161065856927474   -0.05229829895788995     -0.209384495121425   -0.06341864500381617
  -0.05233266503453927     -0.728947305799613   -0.01735129151677956    -0.2625282774622779    -0.0210328241946465   0.009033585544827779   -0.09685941841558249    0.03106297495139319    -0.3582156326674355   -0.05009548179328339    -0.5038136695623593   -0.03388366305319848
  0.008775571935080745     0.3926222070877749  -0.003821609737588614     0.5449373125828364    -0.2427844507390398   -0.01065851219635977    -0.2665418147467932    0.04190333975474145    -0.4319176036569033   -0.07748183218165712    -0.4735989132177923  -0.009434454446974562

22.69524554779961
65.01745113329831
35.43313211683132
102.2477677206838
45.40257372561426
130.9161649231418
53.86684374016652
155.5669308787795
75.95382732368122
220.3151878066273
90.05341288597015
261.7617462327785

2.922710775629359

    0.1339775143123949   -0.04573481703825408   -0.08727497949454012    0.02994600231857697    0.04147497921359664   -0.01493856071772058     -0.091014796775227    0.03164643328342293 -0.0005971574019651617    0.00553449045469652  0.0005946133538588267   0.001300761145729169

0.0002242261997756136  0.001506021382675011  -0.01943104154003318   0.02702596679932873  -0.00948714749516597  -0.01808961536431187  -0.02072603882831265   0.08974019857654507    0.0601660464994794   0.06048412728757831     1.164428848647823     2.241131265607064

cov:
    0.9573294130750865      2.995854491507724   -0.07278876849785371  -0.003118611536154887   -0.08188915374076196   -0.02291938182978203   -0.08819549590767198   -0.03660692971526851   -0.09315871557078297   0.005050300504162196   -0.08206808642143645 -0.0009197967090347641
     2.995854491507724      47.25935411759394     -1.021852381474306       35.9927247730147     -13.65297586071719    -0.6531557225880521     -12.87112246082967        1.7254917272048     -15.17991143013397     -3.192106313812898     -13.75642285857871   -0.06892238299246309
  -0.07278876849785371     -1.021852381474306       1.10878257408583      1.926389500226299     0.5605745317747378    0.03888943918168913     0.6635748005110194    0.03223847311897996     0.9289844556097677   -0.02321531330465166       1.05784432383937   -0.09564701375947687
 -0.003118611536154887       35.9927247730147      1.926389500226299      52.43371074281817     -18.94658441014301    -0.6113639419745488     -19.94693794174387      3.286150146584629     -29.82522489654604      -5.38337095939409     -31.49853124496306    -0.2284403515845732
  -0.08188915374076196     -13.65297586071719     0.5605745317747378     -18.94658441014301      9.506453702243402      1.861524768342695      10.10641581304358    -0.9588653027523674      15.96281668436558      2.835755674541861      17.34647687896929    -0.2084348741099954
  -0.02291938182978203    -0.6531557225880521    0.03888943918168913    -0.6113639419745488      1.861524768342695      4.729623234814582     0.8604116131587342      1.834495268236676     0.6645976305335737     0.6675879312189379    0.02427730103236428     -1.187637715261026
  -0.08819549590767198     -12.87112246082967     0.6635748005110194     -19.94693794174387      10.10641581304358     0.8604116131587342      11.75363148214952    -0.3488958026915646      18.65915268044201      2.726880986914284       20.7032771336117    -0.4954699960937307
  -0.03660692971526851        1.7254917272048    0.03223847311897996      3.286150146584629    -0.9588653027523674      1.834495268236676    -0.3488958026915646      4.499388032049129     -2.966566288983362     -1.095090692574683     -3.968203732054936     -1.986620027222054
  -0.09315871557078297     -15.17991143013397     0.9289844556097677     -29.82522489654604      15.96281668436558     0.6645976305335737      18.65915268044201     -2.966566288983362       34.8493725403311      6.457520788679231      36.80101319585344     0.3783087146561409
  0.005050300504162196     -3.192106313812898   -0.02321531330465166      -5.38337095939409      2.835755674541861     0.6675879312189379      2.726880986914284     -1.095090692574683      6.457520788679231      5.094329396985404      5.621707835445257      1.311706779730675
  -0.08206808642143645     -13.75642285857871       1.05784432383937     -31.49853124496306      17.34647687896929    0.02427730103236428       20.7032771336117     -3.968203732054936      36.80101319585344      5.621707835445257      45.51921834563038         2.222941657051
-0.0009197967090347641   -0.06892238299246309   -0.09564701375947687    -0.2284403515845732    -0.2084348741099954     -1.187637715261026    -0.4954699960937307     -1.986620027222054     0.3783087146561409      1.311706779730675         2.222941657051      4.772588535942266

cov.inverse():
   27.51458770606228   -9.049226673746716   -26.44512066598409    9.147538270727708   -34.04041069676899    12.06055253109217    33.74371484555536   -11.79812175344549   0.5547876999949033  -0.5570229190775664   0.4803107246944353  -0.2254704663954979
  -9.049226673746759    3.094425003418432    9.048168454282056   -3.122080466468944    11.69319959782118   -4.141941571018654   -11.56976999841087    4.049592582077801  -0.1879134300820092    0.187645711817132  -0.1655855691678154   0.0798068833464345
  -26.44512066598312    9.048168454281726     55.8140268902861   -18.95244153296037   -19.94317312014813    6.655318853201371   -10.06174418802504      3.1530073817541   0.1371654999713087    1.390957351483789    0.400262928965714   0.8104301644663572
    9.14753827072736   -3.122080466468819   -18.95244153296036    6.546350732992651    6.928973477944451   -2.313306922656484    3.415048619515987   -1.075820291949008 -0.04570859137672397   -0.468444804479124  -0.1343840785075774  -0.2811685540546124
  -34.04041069677167    11.69319959782201   -19.94317312014473    6.928973477943206    164.7396321764234   -57.68254512392794    -109.497786634398    38.86545196211476  -0.6352410754614911     -1.2277999309685  -0.0724046197659922   -1.833117844166485
   12.06055253109308   -4.141941571018944    6.655318853200149   -2.313306922656043   -57.68254512392792    20.47680115146014    38.56085884293785   -13.79599796893323    0.219943772247587   0.3525865507969189 -0.01100077916331828   0.6928728036572607
   33.74371484555707   -11.56976999841136   -10.06174418802727    3.415048619516866   -109.4977866343969    38.56085884293746    87.94024647203983   -30.86395633323116  -0.6559184198976965   0.4925605616455078   -1.422472567767835     1.47623688671797
  -11.79812175344601    4.049592582077974    3.153007381754985   -1.075820291949334    38.86545196211434   -13.79599796893309   -30.86395633323116    11.17945630708629   0.2002196920411035  -0.1410402106087293   0.4693941512767925  -0.4141716870775565
   0.554787699994884  -0.1879134300820035   0.1371654999713121 -0.04570859137672559   -0.635241075461443   0.2199437722475702   -0.655918419897733   0.2002196920411161   0.5422868062283914  -0.1988731300984825  0.05192223277640786  0.02768049795440411
 -0.5570229190775319   0.1876457118171207    1.390957351483759  -0.4684448044791134   -1.227799930968542   0.3525865507969337    0.492560561645547  -0.1410402106087432  -0.1988731300984823   0.3893226659879355  0.04714085056230551 -0.07859441536325346
  0.4803107246944136  -0.1655855691678098   0.4002629289656837  -0.1343840785075682 -0.07240461976588006 -0.01100077916335739   -1.422472567767905   0.4693941512768173  0.05192223277640804  0.04714085056230389   0.5495196168353289  -0.2319191034022975
 -0.2254704663954484  0.07980688334641865   0.8104301644663404  -0.2811685540546058   -1.833117844166598   0.6928728036573004    1.476236886718055  -0.4141716870775869  0.02768049795440458  -0.0785944153632526  -0.2319191034022961   0.4140661305733845

cov*(cov_.inverse()):
    0.9999999999999276  3.243003196713723e-14 -4.044713782652698e-14 -6.249829213184066e-15  2.412820377523106e-13 -6.701475312176353e-14 -2.556516196655645e-13  8.983753411323514e-15  2.614953338499898e-15 -1.583314642589206e-15  4.944639532891704e-15 -3.109491830688427e-15
-4.968248035197576e-15      1.000000000000008  3.293892936184761e-14  2.072300664401894e-14  1.290911821882901e-13  7.896461262646426e-14  4.260480856999038e-15 -6.367475990920468e-14  4.560154337474032e-16  4.024558464266192e-16  1.519617764955683e-15 -9.645062526431047e-16
-1.087116507925145e-13  2.930294895620023e-14     0.9999999999999962 -7.178285743592028e-15  1.865729792882576e-13 -3.960720640350246e-14 -3.068378884307776e-13  5.040412531798211e-14  1.510076785837811e-15 -1.717376241217039e-15  4.003741782554471e-15 -2.345346139520643e-15
-1.148664496852803e-13   1.91999194321113e-14  5.490052856771399e-14     0.9999999999999986 -2.771116669464391e-13 -3.408384685599231e-14  -2.10775841225086e-13  1.799671522917379e-13  1.085069534223493e-15 -3.334138520827423e-15 -2.040034807748725e-15 -5.315192730392937e-15
-5.623973509116809e-14  1.261837856425529e-14  6.883382752675971e-15  1.908195823574488e-15     0.9999999999998076  1.554312234475219e-14  -1.93123295133546e-13 -2.886579864025407e-15  1.804979776753868e-15 -2.022687572988957e-15  5.002942504717112e-15 -2.067790383364354e-15
 1.831867990631508e-15 -1.942890293094024e-16  2.220446049250313e-15  5.551115123125783e-17  -4.39648317751562e-14      1.000000000000008 -1.088018564132653e-14  1.815214645262131e-14  1.665334536937735e-16 -4.163336342344337e-17  1.110223024625157e-16  4.996003610813204e-16
 1.648681191568357e-14  7.556455461354972e-15 -5.079270337660091e-14  1.360023205165817e-14 -2.099431739566171e-13 -3.125277814319816e-14      1.000000000000127 -8.282263763703668e-14  1.757274881164506e-15 -9.020562075079397e-16  6.217248937900877e-15  1.082467449009528e-15
 2.126077092157175e-14 -7.632783294297951e-15  4.662936703425657e-15 -2.442490654175344e-15 -1.079136779935652e-13  1.865174681370263e-14  7.460698725481052e-14                      1  6.938893903907228e-17  1.665334536937735e-16  -3.33066907387547e-16  1.554312234475219e-15
-8.801293027715928e-14  1.672273430841642e-15 -1.330047183500938e-13  -2.12191375581483e-14  7.971401316808624e-14 -3.841371665203042e-14 -3.597122599785507e-14 -2.667310816661939e-14      1.000000000000001 -1.953298633949885e-15   9.71445146547012e-16  1.942890293094024e-16
-1.071365218763276e-14  1.137978600240785e-15  -1.84297022087776e-14   1.77635683940025e-15  1.021405182655144e-14 -1.876276911616515e-14 -4.152234112098085e-14  -5.88418203051333e-15 -2.706168622523819e-16                      1  5.551115123125783e-16  1.110223024625157e-16
 1.665334536937735e-15 -2.692290834716005e-14 -9.103828801926284e-15 -2.653433028854124e-14  5.595524044110789e-14 -1.123545700920658e-13 -9.414691248821327e-14 -2.686739719592879e-14  4.711508960753008e-15   1.02695629777827e-15      1.000000000000003  1.110223024625157e-16
 3.774758283725532e-15  -1.77635683940025e-15  5.329070518200751e-15  2.220446049250313e-16   1.77635683940025e-15  3.996802888650564e-15  1.243449787580175e-14 -6.661338147750939e-16  5.551115123125783e-17  4.996003610813204e-16                      0                      1
