12
1

0.1294369404895352
0.1416791079431195
0.1642551872414022
0.4063188846685222
0.5532870923270856
0.6654148791824602
0.8472797597674891
0.8797507770109254
 1.260875174738348
 1.604134964891673
  2.17963693951538
 3.548400675540568

   -0.5224227907175122     0.2084852085297012       0.73914424883499    -0.2457856050129813    -0.2353397431384688 -0.0009627739954134928   -0.04669197004896947  0.0008012201367871009   -0.01998259494789796  -0.001169609796063856    -0.1354602619985187    0.02338595779890379
  -0.07141630310983267    0.02977447534183474     0.1106127364802473   -0.03707082909612201   0.007258566494379323   0.003136393704594935   -0.01773440361083999   0.002298298218944155   -0.02363542425868587   0.006523168172826944     0.9896495547378237   0.003745294633280568
   -0.2083703025921943    0.08359478578335293     0.1007537607488404   -0.07284723614052455     0.9610833144928804    0.07197466994811486   -0.01588876485889049  0.0009255779390133903   -0.04955323754853121    0.02522749635343791   -0.04051954854499926    0.01694416941035683
   -0.7088325183080626     0.2430551153406088    -0.6343395594355251    -0.1001268907999493    -0.1050297285089483   -0.09184752933951448    -0.0219098006006423    0.01458025967645734    0.07242120634126527   -0.01721861112734501    0.01110401486612821    0.01562543680790841
  -0.03619875764315016    0.01474769109687309   -0.02662477967542658   -0.02597687203933775    -0.0251577027640271    -0.1627184400543546      0.497188125079587    -0.4854908505164262    -0.5441603070958354      0.425570729993705  -0.005741818475802307    -0.0991313565723257
   0.01775524278874551  -0.008505071041263662   -0.06625820996618613   -0.05713489039405774   -0.04333306278785444    0.03960375327799551    -0.5198911626503903     0.4654376393665096    -0.6080524807868904     0.3350577557735552   -0.01960812036349529    -0.1386241061547914
  -0.03016276959600395    0.01854981436063205   -0.07747917745747196   -0.06169958828658871   -0.08408225119804887      0.930032302624108    0.07982386862018186   -0.09521810478638788    -0.0475158587495487      0.141694155423209 -0.0001986396143944145     0.2813058357736803
   0.05491595963636799   -0.02001017545811416  -0.006644126676880722   -0.05218388061565177     0.0076000508544733    -0.2962426295406672    -0.0484989939960121    0.04794292078575318   -0.09313799471779305     0.1000075392930669  -0.003183588718985276     0.9395009669101227
  -0.01344802241861912    0.01151821600014734     0.0475526928555591     0.1328488131980198    0.01153049082213567   -0.05746908107864346    -0.0917140606939892    0.03412596074044133     0.5434932756872571     0.8178921967962088   0.004494048393105259   -0.04911145726661185
     0.282657194334643     0.1049227253860665    -0.1217689070465603     -0.854830551478645   0.006371384691397814   -0.04739494582510816     -0.241190243700582    -0.2846353591152563     0.1247131461085094    0.04357291803254689   -0.00177951235330417   -0.06783186798101176
   -0.1172499972611237    -0.1481969852954548    0.02496176533083827     0.3281416453180395  -0.002150321529506413   0.007082764355335558    -0.6317523000684897    -0.6705988673401948   -0.04838865513970107   -0.06306928926995904  -0.005116369700575922    0.02785837726093188
    0.2770158167109276     0.9249029104318647   0.005864578721905898     0.2373875890824594  -0.005806592981643353   0.002871433658199718   -0.06979134818165267   -0.06478697604412267   -0.03593375239985534   -0.02731859450160123  -0.001407598510941116    0.01673066444495816

 35.7545739698018
77.36460029545667
 49.8658178913344
112.5199581993458
67.65242473591633
 158.158238111605
79.66914487200941
187.2446766411548
91.53034688019562
218.3742066794728
 107.512464159156
259.2613135819676

2.484437468262497

    0.1774315313953595   -0.07114662633526259    -0.1813579881408173    0.07224642351158361  0.0001409001203857027  0.0004537519535148344   0.000884966402336626 -0.0005493117218028547  0.0002688838574241272  9.975298072597389e-05   0.004387453705890231 -0.0004605355148711648

 -0.004356356065626447 -0.0006665930982158034  -0.001794081174101719   -0.00582416487012884  -0.001216629620585052   0.004776659440034563   0.002387928655177029    0.00614373053729303  -0.003316490701122286   0.007710294522616583    0.04122537252767943  -0.007775323412656573

cov:
    1.329731329110326     3.352368635365551   -0.0148257417581259   0.03389849001543394 -0.003648285853394699   -0.0474410618822094  -0.07528882012900046  -0.04876926230209432  -0.02895858278876993  -0.04497310709392347 -0.004976298413357341   0.02626536085138259
    3.352368635365551     10.91526055355191 -0.004662596578664468     2.300144586287519  -0.06822830514730746   0.02716854095539724   -0.4298429495827458   -0.3639309990888563    -0.337424254989649    -0.246632020660318  -0.01262117397426168    0.1460306865442928
  -0.0148257417581259 -0.004662596578664468    0.1277527360438399    0.3470903755031164   0.01501917259485929  -0.02867388956775619  -0.00278755999787365  0.001300934156583383   0.01099505523642003   0.01886046882794405 8.297025310791085e-05  0.005185618784072144
  0.03389849001543394     2.300144586287519    0.3470903755031164     3.138853164867964  -0.02676324446091203   0.08418212682981867    -0.674075295031778   -0.6116341445377715   -0.3178067912837643   -0.1250218059225251 -0.006923309842032981    0.1857736824405435
-0.003648285853394699  -0.06822830514730746   0.01501917259485929  -0.02676324446091203   0.03457838883399452  -0.05603678188055815  0.007112739452715828  0.008152833251750055   0.03084148316736325  0.001636458206057192 5.717644969729403e-05  -0.01147389875833871
  -0.0474410618822094   0.02716854095539724  -0.02867388956775619   0.08418212682981867  -0.05603678188055815    0.7105683745110111   0.04484654610761627  -0.03575042873218068  -0.06291502965211636  -0.02649029266698207 -5.97060063257776e-05  -0.01098906329964214
 -0.07528882012900046   -0.4298429495827458  -0.00278755999787365    -0.674075295031778  0.007112739452715828   0.04484654610761627     2.322371830056598     2.052962432334946   0.07786507000813417   0.05906042077401391   0.02052084925204048  -0.05146060545060932
 -0.04876926230209432   -0.3639309990888563  0.001300934156583383   -0.6116341445377715  0.008152833251750055  -0.03575042873218068     2.052962432334946     2.576031665669054   0.07714284280766169    0.2354622649442718   0.01577306326087816  -0.05354803414284411
 -0.02895858278876993    -0.337424254989649   0.01099505523642003   -0.3178067912837643   0.03084148316736325  -0.06291502965211636   0.07786507000813417   0.07714284280766169    0.8006484553557774    0.5741559791461169   0.01135968293908293   -0.1015068051928103
 -0.04497310709392347    -0.246632020660318   0.01886046882794405   -0.1250218059225251  0.001636458206057192  -0.02649029266698207   0.05906042077401391    0.2354622649442718    0.5741559791461169     1.224048411137188  0.003810694348311803  -0.01774645583876818
-0.004976298413357341  -0.01262117397426168 8.297025310791085e-05 -0.006923309842032981 5.717644969729403e-05 -5.97060063257776e-05   0.02052084925204048   0.01577306326087816   0.01135968293908293  0.003810694348311803   0.02040944083224135 -0.001959737721565547
  0.02626536085138259    0.1460306865442928  0.005185618784072144    0.1857736824405435  -0.01147389875833871  -0.01098906329964214  -0.05146060545060932  -0.05354803414284411   -0.1015068051928103  -0.01774645583876818 -0.001959737721565547    0.7744150668672298

cov.inverse():
    21.24729041108557     -8.26496613691724    -21.50723274289498     8.690287633376697    0.3467027468052422    -0.186765578752447     1.637736799268502  -0.03586395536234757    0.8238175272351238   -0.1445680232208558    0.9677317363967712   -0.8868491496600903
   -8.264966136917238     3.334183781169192     8.733444363105608    -3.513745015250966   -0.0973391291486016    0.1011926915863097   -0.6474886022320214  0.006484705737396902   -0.3361013539251949   0.07074200885973844   -0.3267096244449222     0.350177885115791
   -21.50723274289496     8.733444363105603     36.06039718343565    -10.87092379008558    -6.332294325069196    0.5074496932792969    -2.101144421581677  -0.01117510898491639    -1.320814495010711   0.06346894318349175   -0.7130061413083444     1.048447487871332
    8.690287633376693    -3.513745015250965    -10.87092379008558     4.272250467051763     0.920843734822661   -0.1700770945920876    0.8227405101649665  0.008615975143887336    0.5616438830782988   -0.1018310322483895    0.2660660528551825   -0.4457770313097706
   0.3467027468052403  -0.09733912914860071    -6.332294325069193    0.9208437348226606     37.62762600760181     2.534116403083479   0.09665577674150712   0.01911870485067298    -1.425963713032183    0.8511079723631187    0.8126029182515294    0.2639528299817406
  -0.1867655787524458    0.1011926915863093    0.5074496932792943   -0.1700770945920869     2.534116403083487     1.654913459981508   -0.2122850755631122     0.155645705096021   0.01189475639874239 -0.003452697714903374   0.05026579304440523      0.08394673289802
    1.637736799268497   -0.6474886022320193    -2.101144421581671    0.8227405101649645   0.09665577674150586   -0.2122850755631122      1.70020023731102     -1.24108818169537   -0.1095464064033159    0.2494531012606522   -0.4599745340597028   -0.1009702258245638
 -0.03586395536234317  0.006484705737395109  -0.01117510898492315  0.008615975143889554   0.01911870485067503    0.1556457050960209    -1.241088181695369     1.403633874521491    0.2302739820695386   -0.3134970204240716   0.09577083152619842   0.03831975421576365
   0.8238175272351237    -0.336101353925195    -1.320814495010712     0.561643883078299    -1.425963713032184   0.01189475639874243   -0.1095464064033158    0.2302739820695387     2.183539269571774    -1.015754524516417   -0.8853941804306877    0.1579249885924995
  -0.1445680232208554   0.07074200885973833   0.06346894318349131   -0.1018310322483893    0.8511079723631186 -0.003452697714903398    0.2494531012606524   -0.3134970204240718    -1.015754524516417     1.336047568146984    0.2711020580793413   -0.0788106154134702
   0.9677317363967727   -0.3267096244449229   -0.7130061413083474    0.2660660528551834    0.8126029182515307   0.05026579304440517   -0.4599745340597025   0.09577083152619817   -0.8853941804306878    0.2711020580793416     49.95013924237751  -0.02489398538776748
  -0.8868491496600902    0.3501778851157909     1.048447487871332   -0.4457770313097706    0.2639528299817405   0.08394673289802004   -0.1009702258245639   0.03831975421576378    0.1579249885924995  -0.07881061541347022  -0.02489398538776744     1.375132822198835

cov*(cov_.inverse()):
    0.9999999999999956  3.452099717193846e-16  2.161465451067102e-15 -1.247266179227324e-15  2.133709875451473e-16  -7.37257477290143e-18  2.892651396191326e-16 -4.119968255444917e-18  1.778091562876227e-16  1.517883041479706e-17 -2.050226308170089e-16  1.387778780781446e-17
 2.942091015256665e-15      1.000000000000002  3.552713678800501e-15 -3.691491556878645e-15  2.983724378680108e-16  3.642919299551295e-17  3.226585665316861e-16  1.387778780781446e-17   1.35308431126191e-16  2.949029909160572e-17 -1.513546232789764e-16  1.665334536937735e-16
-3.816391647148976e-17 -1.613292832658431e-16                      1 -1.778091562876227e-17 -1.463672932855431e-16 -1.680513367352532e-18  8.890457814381136e-18  1.127299208841803e-16  4.575333167888829e-17  2.927345865710862e-18  7.529784087911828e-17  3.469446951953614e-17
-1.887379141862766e-15  1.290634266126744e-15  -2.80331313717852e-15     0.9999999999999998 -1.040834085586084e-16  1.665334536937735e-16 -1.016547956922409e-15 -7.546047120499111e-17   1.52655665885959e-16  3.469446951953614e-17  4.076600168545497e-17 -5.551115123125783e-17
-2.081668171172169e-17 -1.561251128379126e-17 -8.673617379884035e-18  5.464378949326942e-17     0.9999999999999997 -2.333203075188806e-16  4.553649124439119e-17 -2.992397996059992e-17  1.084202172485504e-18 -8.023096076392733e-18 -1.523304052342134e-17 -1.040834085586084e-17
 4.371503159461554e-16 -3.165870343657673e-17 -4.388850394221322e-16  5.290906601729262e-17  1.908195823574488e-16                      1 -3.773023560249555e-17  7.199102425303749e-17  1.149254302834635e-17 -8.456776945386935e-18 -1.214306433183765e-17 -2.255140518769849e-17
 1.214306433183765e-15  1.040834085586084e-17  9.922618282587337e-16  2.289834988289385e-16 -1.387778780781446e-17 -2.775557561562891e-17      1.000000000000001 -9.419548474554063e-16  -2.51534904016637e-16  1.882174971434836e-16 -1.734723475976807e-18 -1.387778780781446e-17
 9.783840404509192e-16 -1.838806884535416e-16  2.775557561562891e-17  1.006139616066548e-16 -1.023486850826316e-16    4.9439619065339e-17 -2.480654570646834e-16                      1  1.231653667943533e-16  1.474514954580286e-17  2.151057110211241e-16 -4.163336342344337e-17
-4.996003610813204e-16   4.85722573273506e-17  4.579669976578771e-16 -2.081668171172169e-16 -1.734723475976807e-16 -9.367506770274758e-17  2.081668171172169e-17  3.079134169858833e-17     0.9999999999999994 -1.387778780781446e-17  1.101549407245273e-16                      0
 9.020562075079397e-17 -3.729655473350135e-17   -2.8796409701215e-16  2.550043509685906e-16 -7.979727989493313e-16  3.447762908503904e-17  8.955509944730267e-17  6.136584296267955e-17  3.443426099813962e-16     0.9999999999999993 -1.526014557773347e-16  3.122502256758253e-17
 1.105886215935215e-17 -3.252606517456513e-19  1.431146867680866e-17  1.301042606982605e-18 -1.192622389734055e-18  1.897353801849633e-19  6.098637220230962e-18 -3.266159044612582e-18 -6.451002926288751e-18  1.978668964786046e-18                      1 -4.336808689942018e-19
-1.110223024625157e-16                      0 -1.110223024625157e-16                      0 -2.498001805406602e-16  4.163336342344337e-17  4.163336342344337e-17 -6.245004513516506e-17 -1.387778780781446e-17  6.938893903907228e-18 -5.204170427930421e-17     0.9999999999999999
