10
1

 0.137207379232164
0.4881639482286523
0.9616740007144081
  1.14783957755668
 1.899850057483664
 2.302236779854317
 2.348982284257588
 2.468117491451631
 6.872920968846617
  21.2203953679679

   0.3866000234407769   -0.2129078865669401   -0.7159504089531787    0.3932025836580548    0.3252492505264659     -0.17952069462094  0.000912467224381288 -0.001150795259162771 0.0006421349478646296 0.0002642137949054714
    0.507278743889806   -0.2000933395737512   -0.0689808148250428   0.02412870555045216    -0.739927099676849    0.3188921312845286     0.108633738556309   -0.1107854004635577    0.1532012678003646  -0.02368031703174727
   -0.694527826298441   0.01305572451949612   -0.5530862618194208   0.02025530691798834   -0.3867133979111629   0.03984788590505038     0.170964676559773   -0.1278973101262079   -0.0870697230575367   0.08272285479592568
    -0.14535806707736  -0.02956478969930572   -0.1480875345316002  -0.03373194100086657   -0.1355708444767449  -0.01191114315471545   -0.5794890267082317    0.4892412939776726    0.4554194661414511   -0.3922198346158443
   0.2396502806941783    0.4257691523638397   -0.1403463560252857    -0.220536924818887   -0.3003203111285165   -0.4603350399205051  -0.02813806524604453    0.4422138796126193   -0.3852633539438745    0.2146657420632636
   0.1609860954848074    0.3430650306168406   -0.3162921837391647   -0.5926230611510958    0.1607291801154615    0.1963905099061442   -0.3199084586183125   -0.4434782917670931    0.1593383602298374    0.1278311065395172
 -0.07410677708360695   -0.1433923220067254    0.1498249835324014    0.2732892247149819   -0.1328806823785154   -0.2285606047164169   -0.4357342348180557   -0.1499513119690776     0.230753295321699    0.7357433473098743
 -0.01184492766918179   -0.1260667227322577   -0.1111185060205101   -0.2044779479811759    0.2123626485580759    0.5029167555676589    0.2475875757872991    0.5621285922791842    0.1413558285222891    0.4842680412588707
  -0.0269822024334274    -0.695938742208091  -0.01691417824665724   -0.3861348439246927 -0.002980491959685304  -0.01994217799085788   -0.3149690145227737  0.005749875854361226   -0.5151952228843971  -0.02199518281634767
 0.001375776239035394     0.306317584753572  0.001882967944864209    0.4216923468664576  0.001973321672649058    0.5552566204768834   -0.4118966396402284    0.0357404975044442    -0.499068829139252 -0.004464731506255882

22.68249133061836
39.85198890991015
35.55917807573111
62.91440107120115
50.55462487174575
89.80248240088886
74.74848089908447
131.5361159755377
88.41672504035625
155.8642997896115

1.788801812942019

   0.06447729833184794   -0.03602803036253449  -0.004058673581414619   0.002264371985485435   -0.05942425583304493    0.03304993257066157 -0.0005916619279734362  0.0005969258685964675 -0.0007617631054500163  4.867751883870196e-05

0.0002095544326011332   0.02252265308948383  -0.01735974435405084 0.0001962408792650645   0.01227002713576799  -0.02803496034806313   0.00424550510758918   0.04795927806087312     1.068835311627674     3.998186130358293

cov:
  0.9491405789100404    1.777071544419893 -0.05173990469638928 -0.04080147396961795   0.1086759506030976   0.2098945677247391  0.02357423595366031  0.01472765703903995   0.0328468146317172 0.003362590115778807
   1.777071544419893    66.63078910602763 -0.00300130496292693    69.38367634185136   0.1775488887078069    76.67642920249423   -46.91209379289391    4.285724991047032   -52.52274081649534  -0.2670483374108674
-0.05173990469638928 -0.00300130496292693    1.138108210696294    2.126144569429541  -0.1348267447234481  -0.1595533271441604 -0.05102716540363007  0.01250140677488137 -0.03526370210618426 0.005779118302827141
-0.04080147396961795    69.38367634185136    2.126144569429541    89.82706473301104  -0.3046851974114646    104.5818090100478   -72.37877101996631     6.77179852396986   -85.41412807186524  -0.4939289379473271
  0.1086759506030976   0.1775488887078069  -0.1348267447234481  -0.3046851974114646    1.131769896513502    1.911226462916263   0.0992825012333992  -0.0111978772971255   0.1188823541958682 0.007003598441644776
  0.2098945677247391    76.67642920249423  -0.1595533271441604    104.5818090100478    1.911226462916263    141.6770954598052   -101.6464258903569    9.624990940958117   -123.3500019213656  -0.7561114654695702
 0.02357423595366031   -46.91209379289391 -0.05102716540363007   -72.37877101996631   0.0992825012333992   -101.6464258903569    83.52303891052868   -5.195910259404781    99.30190588094176   0.1901937896574809
 0.01472765703903995    4.285724991047032  0.01250140677488137     6.77179852396986  -0.0111978772971255    9.624990940958117   -5.195910259404781    4.707393391962702    -8.56854812624451   0.7518656976773431
  0.0328468146317172   -52.52274081649534 -0.03526370210618426   -85.41412807186524   0.1188823541958682   -123.3500019213656    99.30190588094176    -8.56854812624451    126.0670186261832     2.45900054244967
0.003362590115778807  -0.2670483374108674 0.005779118302827141  -0.4939289379473271 0.007003598441644776  -0.7561114654695702   0.1901937896574809   0.7518656976773431     2.45900054244967    4.909331942767502

cov.inverse():
   9.578356306080813   -4.763410429875571   -14.43830721333099    8.078821837589897      5.3957857634319   -3.058839929245174   0.1794915627463798  -0.2005789111687509   0.3306292477572366  -0.0565098235413411
  -4.763410429875582    2.665928310974546    8.111982369306709   -4.527341222798395    -3.08540261159303    1.717942302606233 -0.09958279314284438    0.108914816280146  -0.1841507101487457  0.03163900457871315
  -14.43830721333097    8.111982369306682    27.62551737952905   -14.91362840338527   -11.91397666665154    6.703207121887228 -0.09931175666414067  0.09227504515847765 -0.05854143720855448 -0.01340433392084965
   8.078821837589883   -4.527341222798374   -14.91362840338526    8.319982436622857    6.700029161223941    -3.73740696810622  0.05842265840654862 -0.05432385915017989  0.03150928309742992 0.007926475701489013
   5.395785763431761   -3.085402611592977    -11.9139766666514    6.700029161223874    8.132813415646721   -4.039819081460191  -0.3216183459116744   0.3002075523695885  -0.4387560593050442  0.06903955010940865
  -3.058839929245129    1.717942302606204    6.703207121887158   -3.737406968106184   -4.039819081460192    2.258108200099164   0.1791251307752713  -0.1673787478789738   0.2477707270720303 -0.04023124791518293
  0.1794915627463841 -0.09958279314284484 -0.09931175666414259  0.05842265840654915  -0.3216183459116745   0.1791251307752712   0.4025245906430945  -0.2314467842388234  -0.1617317735689103   0.1293622834865283
  -0.200578911168762   0.1089148162801509  0.09227504515849391 -0.05432385915018892    0.300207552369581  -0.1673787478789697  -0.2314467842388234   0.3981671634706812   0.0560292319326195  -0.1057963367738534
  0.3306292477572612  -0.1841507101487594 -0.05854143720860119  0.03150928309745576  -0.4387560593050219   0.2477707270720181  -0.1617317735689105   0.0560292319326195   0.3291447352260203  -0.1353962732689815
-0.05650982354134598  0.03163900457871664 -0.01340433392083772 0.007926475701482338   0.0690395501094028 -0.04023124791517975   0.1293622834865283  -0.1057963367738534  -0.1353962732689814   0.2789807594601824

cov*(cov_.inverse()):
    0.9999999999999526   7.48599587267057e-15  2.076783162758764e-14 -1.822493707597655e-14  4.351345130569617e-14  5.207938030479808e-15 -3.256075964408467e-15  2.103081164078757e-15 -5.589062199162775e-17 -1.271335467456502e-15
-6.797166995919923e-14     0.9999999999999838  1.914831140870099e-14 -4.847728121704087e-14 -2.948682964465377e-14  9.322403959899361e-15 -1.158795281952507e-15   1.68962066560141e-15   4.85722573273506e-17  2.498001805406602e-16
-1.196021363544797e-14  9.502679676129389e-15      1.000000000000025 -1.109205229835736e-14 -1.545947614714493e-14  5.564992910933597e-15  1.219727444046192e-15 -1.588356182691264e-16  4.680500778619923e-16    9.6710833785707e-17
 1.615721445524798e-14 -5.201047925673663e-14  -1.61259894326804e-13      1.000000000000048  1.575128916186941e-14 -5.458480889508621e-14  3.011479954295737e-15 -1.873501354054952e-15  2.067790383364354e-15  1.915134717478395e-15
 -8.71741914765245e-15  2.976948115102074e-15  1.038790364490949e-14  -6.59211183903774e-15      1.000000000000003  1.870465587971992e-15 -3.660266534311063e-16  3.483541580195926e-16 -5.750608322863116e-16  3.816391647148976e-17
 5.553196791296955e-14 -7.248715516716686e-14 -1.042048392019268e-14 -7.914675859144182e-14 -1.252262182838138e-13       1.00000000000002  6.744604874597826e-15 -2.609024107869118e-15  2.067790383364354e-15  1.387778780781446e-15
-6.585357259503155e-14  5.041887046752791e-14  2.340445545701009e-13 -5.053531378085285e-14 -3.526692826660849e-15  8.683505303697103e-14     0.9999999999999962  4.336808689942018e-16  2.602085213965211e-15 -3.948230631323213e-15
-3.878841692284141e-15    4.3680337125096e-15 -6.876443858772063e-15 -3.544040061420617e-15   -9.3119956190435e-15 -3.434752482434078e-16 -1.387778780781446e-17     0.9999999999999998  7.632783294297951e-16 -1.387778780781446e-16
-2.950417687941354e-14 -1.360023205165817e-14  1.675257155220322e-13  1.030217577913106e-13 -1.557087792036782e-14  2.960132139406824e-14 -2.331468351712829e-15 -3.108624468950438e-15                      1 -1.332267629550188e-15
 2.775557561562891e-16 -4.440892098500626e-16 -3.469446951953614e-16  3.400058012914542e-16  7.771561172376096e-16 -2.220446049250313e-16                      0                      0                      0                      1
