12
1

0.06167658208503616
  0.250887729801089
 0.7701236847287781
 0.8540238708126072
  1.000458895607395
  1.377581154582181
  1.482685849915875
    1.9194623409263
  2.133106643885617
  2.638704451911989
  4.694604110411265
  9.281915766705895

   -0.3961978161880772     0.1873959082270897     0.7384366133450082    -0.3484202006537625    -0.3396726925309114     0.1607666961088649 -0.0004429522590833376  0.0008769284428171918 -5.652563395774856e-05 -0.0003139142723269317  0.0004516474347929384  0.0002373048905680383
   -0.4884105862161756     0.2138750376358111     0.0809522459890617   -0.03542270662690997     0.7428700633526195    -0.3323046304878587   -0.08628749289705846    0.05487502595751621    -0.1158679072970671    0.03455013861482657    -0.1160625961992296    0.08411792105786757
   -0.1370929388748098    0.03657745421345059   -0.08293021332049481     0.0268251026173486    -0.0292164748413726   0.002958435234200546     0.1756922081324853    -0.9510108990338531   -0.03617302977277675     0.1624269186466666   -0.07854375580221036     0.0475253528316056
     0.521091134535106   -0.05864937932205772     0.3971305895486047   -0.04922342971071979     0.2523744014780765   -0.04458149321110774    -0.3194617682873123    -0.1292895189129134    -0.3487512051989399     0.3846313977517795     0.1625051742416338     -0.290620082840987
   -0.4205889589949411   -0.01061835152636814     -0.361350851881953   0.002408541750736895    -0.2963102916607043     0.0148265941823227   -0.05235088709379625     0.1892124530612183    -0.3842179345784944     0.5928048190833153      0.065820444032912    -0.2499540932017924
   -0.2350752234503443    -0.1033741304859619    -0.1589315563066923   -0.06172830430416172     -0.076687963025655   -0.02628873333011892    -0.7142263445965423     -0.195209720660251     0.1400290110513158    -0.3907769148549261     0.2076929594917286     -0.367061944707721
  -0.01914044911623059  -0.006609874382173106   -0.03990737638350183   -0.02363458921925526   -0.05655318457347781   -0.02995612680867871    -0.2627023873949239   -0.02806754197867376   -0.05541313560683472      0.133362126804621     0.5889397591299484     0.7455445556428756
      0.13702363302037     0.2194174391542894   -0.04058151469004373   -0.06434159189283982    -0.1519946287383179    -0.1914289032645285    -0.4203470804117573    0.01989264096215909     0.4815483889481501     0.4113880201833404    -0.5019350067305304     0.1933683770191714
    -0.212157782511971     -0.433654188325475     0.1437602731334053     0.2636167915533151     0.2894074185062603     0.5055265287460705   0.002449867331295126    0.02613259477512179     0.4684202881139897     0.3179469005423058     0.1124971204815907   -0.06005207604311021
    0.1276913050377197     0.2945191043523633    -0.3215016607204974    -0.6896446217023915     0.2517259634372188     0.4854172118603054     0.0404386462330243  -0.001599842434413993    0.08185873463500312    0.04517207148178415    0.08054627845843992   -0.04601804434204441
  -0.03533602583251901    -0.4217946559109125     -0.015519297912777   -0.09426719429282472    0.03143803050331587     0.3378678793537528    -0.2616015252551542  -0.008464057682961752      -0.45679735700341    -0.1518236538909603    -0.5354264172379987     0.3311611896406012
   0.01703087337558665     0.6345610522884576    0.01495520474314937     0.5583024481734423    0.01129881476728803     0.4668366689043687    -0.1760396431013811   0.001284115232682501    -0.1632956761538541   -0.08456650120830735   -0.04324321958474132    0.01934548846588546

22.67221160734093
44.82162111948445
35.56123354903333
72.03471506446144
50.53388541504719
103.6922426989708
64.57401249729911
133.3340110086565
74.53054115472334
154.7528715912861
104.7045640420417
219.4616689941198

2.10888613185393

   0.08084010095672678   -0.03835943550180101   -0.01070198671331648   0.005079216465010661   -0.06977756930650113    0.03304692997090648 -0.0003202499858798525  0.0002335818058643748 -0.0002203393963684227 -2.014600543013737e-05 -3.738850068396842e-06  -2.76352260430827e-05

-7.560366086537372e-05  -0.007017540520288777   -0.00569380692853335    0.01527272135540508  -0.008415328183083817   -0.01707752328634276   0.004470922543470357    0.02604403482806639   -0.01959649271004806    -0.0180456249545897     0.4884066576358211     -0.478657181538394

cov:
   0.9475554578250064     2.069555794307974  -0.03230336647012679 0.0007248142939562218   0.09708592254973042    0.2683157515733607  -0.01452027090138012    0.0269801298704922   -0.0445926788877186  -0.01385050694756132  -0.01028151965225969  0.005859966087586531
    2.069555794307974     40.27627323605047  0.004531740944161291     29.42665821483287    0.1650769835282363     22.22731933641356    -7.293130892034361     0.132452276796557    -5.058086872749915    -3.358093090556435     2.090460979994019    -1.762004104880336
 -0.03230336647012679  0.004531740944161291     1.148101903274838     2.480527802179921   -0.1350278196787775   -0.2504962595290894   -0.0076296788999798   0.02476422310716319 -0.001228056089253688  -0.01633131207044495  0.007972993472759442 -0.003903360735151693
0.0007248142939562218     29.42665821483287     2.480527802179921     30.70439311622267   -0.3469382633812852     20.08059101489777    -7.903949575570357    0.1278329802552706     -6.85308718831235    -3.656298975053315    -1.162043990049504    0.3602637227738773
  0.09708592254973042    0.1650769835282363   -0.1350278196787775   -0.3469382633812852       1.1284132838598     2.291379797883628   0.04312504254405864  -0.01311848071181441    0.0466609062994968   0.01404504901652136   0.06020092643934947  -0.03526032569825731
   0.2683157515733607     22.22731933641356   -0.2504962595290894     20.08059101489777     2.291379797883628     24.24245779553699    -8.524833962654455   0.04507690247662683     -8.95003828681183    -3.931345292460213    -4.892372417921083     2.787254635753622
 -0.01452027090138012    -7.293130892034361   -0.0076296788999798    -7.903949575570357   0.04312504254405864    -8.524833962654455     6.056317226607677    0.1999710079424533     4.333252422675868     1.885766572000838     3.873641812527577    -2.363550593115659
   0.0269801298704922     0.132452276796557   0.02476422310716319    0.1278329802552706  -0.01311848071181441   0.04507690247662683    0.1999710079424533    0.6649718652630735   0.08889443475345297    0.2074601860557446 -0.001450388925210409 -0.008561289599629681
  -0.0445926788877186    -5.058086872749915 -0.001228056089253688     -6.85308718831235    0.0466609062994968     -8.95003828681183     4.333252422675868   0.08889443475345297     9.077588148506528     3.701866476618623     5.313262633667215    -3.437226170363837
 -0.01385050694756132    -3.358093090556435  -0.01633131207044495    -3.656298975053315   0.01404504901652136    -3.931345292460213     1.885766572000838    0.2074601860557446     3.701866476618623     3.026124037663502     1.629412795579666   -0.7915965919510461
 -0.01028151965225969     2.090460979994019  0.007972993472759442    -1.162043990049504   0.06020092643934947    -4.892372417921083     3.873641812527577 -0.001450388925210409     5.313262633667215     1.629412795579666     8.382815926774599    -3.627219915867847
 0.005859966087586531    -1.762004104880336 -0.003903360735151693    0.3602637227738773  -0.03526032569825731     2.787254635753622    -2.363550593115659 -0.008561289599629681    -3.437226170363837   -0.7915965919510461    -3.627219915867847     4.221697957333101

cov.inverse():
    45.68231155677522    -21.17581649597856    -77.07777763507866     36.50224270293255     29.92069150130869    -14.22333464585761    0.5449560321691728   -0.4452515516210605    0.8069999544455999   -0.1984591956858738    0.9076907604900696   -0.7434081998406963
   -21.17581649597854     10.05070290538048     36.59880361025218    -17.32772181283435    -14.25020970180852     6.753768780183926   -0.2580823642210213    0.1889095292288356   -0.3790184937524484   0.09400725774184243   -0.4310834582302266    0.3533110373325765
   -77.07777763507812     36.59880361025193     143.8423683490075    -67.66602952981222    -64.72712481258959     30.74904138955359    -0.308993584597016    0.2526193283926281   -0.2108260517385461 -0.009972581731331791 -0.008240825429551745   0.09467528583724864
    36.50224270293212    -17.32772181283422    -67.66602952981226     32.02834701933735     30.67207850663489    -14.54762421067322      0.14802281160092   -0.1370137108463918     0.098916794983525   0.01026422041074655  0.005813938576228991  -0.04757694238196512
    29.92069150130793    -14.25020970180818    -64.72712481258877     30.67207850663448     39.31276181336831    -18.23725702820077    -1.028323741526677    0.5248076917549773    -1.359590615790409    0.4024040218037168    -1.363019298019071    0.9253280533109156
   -14.22333464585724     6.753768780183763     30.74904138955318    -14.54762421067302    -18.23725702820077     8.660141199611006    0.4898873742680167    -0.241957460821162    0.6484161241858084   -0.1916776576615067    0.6473172556845176   -0.4395772171478023
   0.5449560321692269    -0.258082364221046   -0.3089935845971129    0.1480228116009661    -1.028323741526632    0.4898873742679951    0.6649043809995611   -0.2356579749049338    0.2264426835379506   -0.1120777071376748   -0.0231431825700769   0.06182766464219209
  -0.4452515516210973    0.1889095292288533    0.2526193283926991   -0.1370137108464253    0.5248076917549431   -0.2419574608211458   -0.2356579749049337       1.6523592598162  -0.06208643918575836   -0.1439306699943666   -0.0222603727710185   0.03027003720122461
   0.8069999544456747   -0.3790184937524834   -0.2108260517386817   0.09891679498358916    -1.359590615790347    0.6484161241857794    0.2264426835379508  -0.06208643918575868    0.6633735485015072   -0.4268326572762999    0.0740444160792765   0.04293949335295347
  -0.1984591956858883     0.094007257741849 -0.009972581731308622   0.01026422041073541    0.4024040218037078   -0.1916776576615024    -0.112077707137675   -0.1439306699943664   -0.4268326572763002    0.7755390781502116  -0.01154409986524134   -0.1065216231664608
    0.907690760490134   -0.4310834582302575 -0.008240825429671826  0.005813938576286259    -1.363019298019015    0.6473172556844909  -0.02314318257007687   -0.0222603727710187   0.07404441607927603    -0.011544099865241    0.5306277238970296   -0.1194147916380419
  -0.7434081998407687    0.3533110373326104   0.09467528583738194  -0.04757694238202844     0.925328053310853   -0.4395772171477727   0.06182766464219206   0.03027003720122479   0.04293949335295388   -0.1065216231664612   -0.1194147916380418    0.6345223000107025

cov*(cov_.inverse()):
     1.000000000000111 -2.614618591079143e-14  6.558772622233811e-15  1.618672101737217e-13  5.356479149121185e-14 -2.284457345513857e-14 -1.871712420470351e-15 -2.207435623180487e-16 -1.031238896359588e-15  6.307888239520665e-16  4.743384504624082e-16  8.864436962241484e-16
-6.661338147750939e-16      1.000000000000024 -1.668110094499298e-14   5.66352520436908e-14 -1.443289932012704e-14 -1.898481372109018e-14  1.665334536937735e-16  3.747002708109903e-16 -9.159339953157541e-16  5.551115123125783e-17  7.771561172376096e-16 -8.881784197001252e-16
 3.964537031997395e-14 -7.956309222567626e-15     0.9999999999999556  4.973937386097693e-14  4.123177493875474e-14 -1.924784116813516e-14 -3.214117340333278e-16 -2.830174246001849e-16  2.570914401506252e-16   3.30898503042576e-16 -1.013024299861831e-15  5.000340419503146e-16
-1.066924326664775e-13 -5.861977570020827e-14  1.797589854746207e-13     0.9999999999998582 -4.007905118896815e-14 -1.515454428613339e-14  2.435551760271437e-15 -7.684824998577255e-16  7.459310946700271e-16  1.665334536937735e-16 -4.128641872824801e-15 -8.049116928532385e-16
 8.659739592076221e-15 -8.864436962241484e-16 -7.310992089504253e-15  1.913204837611371e-14      1.000000000000022 -2.258609965721803e-15 -4.358492733391728e-16  2.560885531410761e-16 -3.857591329703425e-16  7.806255641895632e-18  1.647987302177967e-16  1.110223024625157e-16
-4.884981308350689e-14 -2.431388423929093e-14 -2.965405698773793e-13 -2.337019466835955e-14  3.552713678800501e-14     0.9999999999999645  2.942091015256665e-15   1.52655665885959e-16  3.885780586188048e-15 -7.216449660063518e-16 -5.551115123125783e-17 -3.108624468950438e-15
-1.532107773982716e-14  4.773959005888173e-15  2.162159340457492e-14  1.292022044907526e-14 -2.220446049250313e-14  2.997602166487923e-14     0.9999999999999996   3.33066907387547e-16 -7.632783294297951e-16  1.665334536937735e-16  5.551115123125783e-16  8.881784197001252e-16
-1.249000902703301e-16  4.575333167888829e-16   5.79289220759005e-15  2.274601947765964e-15 -5.950101522600448e-16  2.979387569990166e-16 -4.152494320619482e-17                      1  -1.83772268236293e-17  3.328500669530499e-17  2.190088388420719e-17  1.908195823574488e-17
-5.240252676230739e-14  1.465494392505207e-14  9.492406860545088e-14 -3.808064974464287e-14 -1.287858708565182e-14  4.352074256530614e-14  1.942890293094024e-16   3.33066907387547e-16                      1 -6.661338147750939e-16  2.997602166487923e-15  4.440892098500626e-16
-5.551115123125783e-15 -7.993605777301127e-15 -8.895661984809067e-15  1.493943857511226e-14  2.042810365310288e-14 -1.554312234475219e-15  -9.71445146547012e-17  1.249000902703301e-16  2.775557561562891e-17                      1  6.938893903907228e-17   3.33066907387547e-16
-3.508304757815495e-14  1.509903313490213e-14 -1.793010184769628e-14 -2.503552920529728e-14  1.509903313490213e-14  1.687538997430238e-14  7.771561172376096e-16  2.220446049250313e-16 -1.387778780781446e-16 -4.440892098500626e-16      1.000000000000001  4.440892098500626e-16
 4.884981308350689e-15  4.884981308350689e-15  5.256906021600116e-14    4.6074255521944e-15 -3.375077994860476e-14  1.554312234475219e-15 -1.110223024625157e-16 -1.110223024625157e-16  2.498001805406602e-16  2.775557561562891e-16  2.220446049250313e-16                      1
