12
1

0.1113204758068436
0.7607808713793784
0.8117178590414885
0.9242496003037188
 1.056451182636158
 1.183926540178775
 1.420256724436717
 1.742760754203951
 2.090920499093712
 2.431643277019556
 5.136649987218708
 8.354360440892409

    0.5620832961757469    -0.2632192606901415    -0.7064371927621734     0.3311678154031402    0.02835318413538277   -0.01985816110147483    0.04103127072766003  -0.006243294366027676    0.03188550365321719   -0.02191394416112368    0.03212806942540408    -0.0245447964631686
  -0.05334492042883329    0.02118490465716242   -0.02379167795349785    0.01463605422911598     0.1358267813128983    -0.9216293154413374    -0.1511027915901713     0.2914567591478183   -0.06010250526326746    -0.1243567343595882  -0.005951492196818656    0.03441404938414483
   -0.4983761167799471    0.06977152683800614     -0.367937322158415    0.06945445684152267     0.3299635980522163    -0.1403766387635344     0.4090931974747346    -0.4424788109056552   -0.06323094851258565     0.2533079991614866    -0.1418235641990076     0.1629357171769717
    0.4975774121423915   -0.01332665466579003     0.4013347951251316   -0.03797471678113436   -0.01258391937711847     -0.268021440752382     0.2817885320867178    -0.4322485820559737    -0.2328156363454836     0.3765233177124026     0.1567778763195805    -0.1758912427101378
   -0.2381832253428498   -0.02664150509132091    -0.1910141984580108 -0.0008740623363290611     0.1027087224592518     0.1213956668409242    -0.1732895595308228     0.2371289670098104     -0.588666606057033     0.2625984460777037     0.4616986326454242    -0.4072768603590765
    0.1608603316222339    0.03934351867647169       0.11785842247953   0.006249978017294184     0.3924336114375087     0.1257156212674786    0.01252734614353454   -0.06854000389320873    -0.4015885275828071    -0.4188076539227182     0.3048710720634076     0.5952844537453116
   -0.2063019705983708    -0.1082377508847158    -0.1481633422209834   -0.06005501003832749    -0.7171668387283189    -0.1606424306211013     0.0881603572883084    -0.2519591201110611    0.01213296479101709    -0.1706752411654212     0.4860962853799612     0.2078661797127935
   0.06129248687119887    0.05898198213987257    0.02028912929337258    0.02890439297999415     -0.031784804146438    0.03331593269184283    0.08107769454036666     0.4332870361672769     0.2157175375924178     0.6497268976667826     0.2202106544838612     0.5271754364552316
   -0.0394661982242273   -0.07811752762587726   0.003884394511978647   0.005859209952578891     0.2822681079228535   -0.03242642509883064    -0.6726507220462801    -0.4332539739301647     0.3884845924888504      0.154804676268796     0.3104289948046887    0.01204024133022238
    0.2319361003385088     0.5451909296002168    -0.3614536484035906    -0.6920998157447991   -0.05836261159593489   -0.01093628015162308    -0.1296146047251397   -0.06761625443378734   -0.06939338486833208    0.04581668822900753   -0.07660799532945507     0.0405031447352865
  -0.02217912758770621    -0.2896270447138389   0.001875047550874498    0.01891183873192091    -0.2738758539714626  -0.005720652296129947    -0.4335013174047284    -0.1413527456451926    -0.4671355473075314     0.2373530550818581    -0.5101406966030697     0.3122863510181214
   0.02205077065874022     0.7214914170487463    0.02290321268762743     0.6324330999829548    -0.1836616982077935   0.001701930353300568    -0.1643410519267809   -0.08931488394816677   -0.09346339757197614   0.009350219968913493   -0.02943358557116792   0.007674664524923294

22.67381515338502
44.81751815263011
35.55969426676721
72.03088322175633
64.56944531023125
133.3325894260838
74.51883143407059
154.7562124820293
88.34213683711636
184.4079934771936
104.6865678394228
 219.476321380203

2.109366868520708

   0.1298015469661839  -0.06161898384253295   -0.1214509963310036   0.05747036167716792 -0.001904512571869164  0.001219739642247713 -0.002545353116832436 0.0003322489493413863  -0.00191652377676952  0.001383883452377168 -0.001891542288507084  0.001277956892772072

 0.002399636344459058  -0.00312663272082149  -0.01406789519711155   0.01175829776204683 -0.006201183175784771  0.005923801236836396  -0.01133039365520935   0.01306035306120794 -0.002427935783275596  0.008476496116508133    0.5273246079160112   -0.4908540367089168

cov:
   0.9493636017744385     2.081966881687249  -0.03221343937523492   0.00702828152294072  -0.01512605142086673   0.02618092805542983  -0.04324845121146181  -0.01316627697724428 -0.007743014536769318   0.01990099021135548 -0.007055256339731886  0.007157934971398262
    2.081966881687249     40.37106597954595  0.001165685185869245      29.4910398639053    -7.253868294806569    0.1349662696380563    -5.136296039947089    -3.377439905723862    -1.462850579983914    -1.119487676579054     1.991188808182341    -1.769532875353625
 -0.03221343937523492  0.001165685185869245     1.148307498104811     2.479174105938825  -0.00872611482217402    0.0252208061405398 -0.001744700230541628  -0.01736567399467715  -0.01272640915626697  -0.03314571809028635  0.004872440276709327 -0.003173269317613739
  0.00702828152294072      29.4910398639053     2.479174105938825     30.77378994545654    -7.893383602979975    0.1339435320339847    -6.952095081948563    -3.683419058808413    -4.045918613082262    0.4196571806476263    -1.281152189393637    0.3692166625924282
 -0.01512605142086673    -7.253868294806569  -0.00872611482217402    -7.893383602979975     6.052618722538988    0.1954214113723365     4.379585702507315     1.898526889113862     4.734371585538692    -1.634657010302522      3.93643199632109    -2.384985743491584
  0.02618092805542983    0.1349662696380563    0.0252208061405398    0.1339435320339847    0.1954214113723365    0.6663711367947948   0.08625572362371378    0.2064789080762955  -0.03260083415845707  -0.02009025940300642 -0.004113868029479869 -0.007998490548090634
 -0.04324845121146181    -5.136296039947089 -0.001744700230541628    -6.952095081948563     4.379585702507315   0.08625572362371378     9.181600056606888     3.733204105363466     5.420142302064024     -3.07117850998465     5.375182787285169    -3.471851255710799
 -0.01316627697724428    -3.377439905723862  -0.01736567399467715    -3.683419058808413     1.898526889113862    0.2064789080762955     3.733204105363466      3.03701645258512     1.871515595107404   -0.4374128968578362     1.646834183976853   -0.8051666693909658
-0.007743014536769318    -1.462850579983914  -0.01272640915626697    -4.045918613082262     4.734371585538692  -0.03260083415845707     5.420142302064024     1.871515595107404     7.861117806325978    -2.338741085070053     6.694568979414561    -3.585338319674909
  0.01990099021135548    -1.119487676579054  -0.03314571809028635    0.4196571806476263    -1.634657010302522  -0.02009025940300642     -3.07117850998465   -0.4374128968578362    -2.338741085070053     3.445794673006282    -2.773946355264314     2.447930260186691
-0.007055256339731886     1.991188808182341  0.004872440276709327    -1.281152189393637      3.93643199632109 -0.004113868029479869     5.375182787285169     1.646834183976853     6.694568979414561    -2.773946355264314     8.409431394404814    -3.659182187783115
 0.007157934971398262    -1.769532875353625 -0.003173269317613739    0.3692166625924282    -2.384985743491584 -0.007998490548090634    -3.471851255710799   -0.8051666693909658    -3.585338319674909     2.447930260186691    -3.659182187783115     4.245290113075279

cov.inverse():
    26.26760022319252    -11.95647455408263    -31.47241999443036     14.92560370362547     1.107762709372941   -0.8602221575502329     1.762049636221569   -0.2497418415541134     1.440793663374559    -1.028119219513642     1.542194646176538    -1.196331040177105
   -11.95647455408262     5.670312238117372     14.94211414974452    -7.079341577150766   -0.5250191304420485    0.3869319994987451   -0.8336774043964635    0.1196526676846662   -0.6853924292147326    0.4845658025277743    -0.731688009438386    0.5682898246037393
   -31.47241999443041     14.94211414974452     40.74214863556183    -18.88810405112489    -1.740443969585012     1.124851366066327    -2.396873105908449    0.3667037714211395    -1.817223403227967     1.223866167261732    -1.761110075318418     1.329741811430167
    14.92560370362544    -7.079341577150762    -18.88810405112489     8.948291520755296    0.8245485660067245   -0.5500603188487128       1.1340949016882   -0.1693446387368826    0.8620894424231876   -0.5745135921713305    0.8338856140334276   -0.6326949349068887
    1.107762709372935   -0.5250191304420447    -1.740443969585003    0.8245485660067201    0.6589365818035909   -0.2268653604841509     0.177287640373416  -0.09903194782392101   -0.1117030973088445  0.009832656784406014   -0.0223371205302967   0.08298428092402284
  -0.8602221575502326     0.386931999498745     1.124851366066327   -0.5500603188487129   -0.2268653604841511     1.651274536198033  -0.01925191614634236   -0.1763734212466925   0.02982634986392714   0.07146665434077676   -0.0217670548766846  0.003094491263284118
    1.762049636221558   -0.8336774043964587    -2.396873105908436     1.134094901688194     0.177287640373416    -0.019251916146342    0.6691358662479776   -0.4802796575862404   0.04895105041647659    0.1780130605517925 -0.007877044997621178   0.03671448505305686
  -0.2497418415541037    0.1196526676846619    0.3667037714211281   -0.1693446387368773  -0.09903194782392064   -0.1763734212466928   -0.4802796575862399      0.85737916565503  0.002681957670759448   -0.2390825344181179   0.02349600490492102  -0.06046045547811919
    1.440793663374556   -0.6853924292147312    -1.817223403227963    0.8620894424231862   -0.1117030973088444   0.02982634986392729    0.0489510504164769  0.002681957670759026    0.6424691936790148    -0.134789455730761   -0.2205792316560638    0.0435827933782227
   -1.028119219513641    0.4845658025277745     1.223866167261733   -0.5745135921713311  0.009832656784405392    0.0714666543407769     0.178013060551792   -0.2390825344181175    -0.134789455730761    0.6771409681821997  -0.01163458162179935   -0.1538313697475983
    1.542194646176546   -0.7316880094383897    -1.761110075318429    0.8338856140334329  -0.02233712053029575  -0.02176705487668494 -0.007877044997619946   0.02349600490492027   -0.2205792316560633  -0.01163458162179971    0.5659786153396472  -0.08774125014666029
   -1.196331040177109    0.5682898246037428     1.329741811430177   -0.6326949349068934   0.08298428092402206  0.003094491263284389   0.03671448505305588  -0.06046045547811867   0.04358279337822206    -0.153831369747598  -0.08774125014666045    0.6455355760145786

cov*(cov_.inverse()):
    0.9999999999999815 -1.015420386663024e-14  5.172598460667643e-14  1.465060711636212e-14 -1.913725254654164e-15 -2.305284869247304e-17  7.765055959341183e-16  -4.82957857733668e-16  5.100087019371813e-16 -1.438085761584773e-15  2.650874311727058e-16 -2.454633718507182e-15
 9.769962616701378e-15     0.9999999999999956 -2.664535259100376e-15 -2.664535259100376e-15 -1.221245327087672e-15  2.445960101127298e-16 -2.636779683484747e-16 -4.163336342344337e-17  -3.05311331771918e-16 -1.554312234475219e-15  -3.33066907387547e-16 -1.110223024625157e-15
 5.076668252446126e-15 -1.110873545928648e-15      1.000000000000004 -4.940058778712952e-15 -5.136407792150077e-16 -8.210629170914835e-17  1.213764332097522e-16  1.092062638236024e-16 -1.382357769919018e-17 -1.339531784105841e-16  3.615272144152915e-16 -1.804112415015879e-16
 1.041944308610709e-13  -4.85722573273506e-15 -7.827072323607354e-14      1.000000000000008  6.467049118441537e-15 -4.258962973957559e-15  2.459837888935112e-15  1.099814683769296e-15  -5.30825383648903e-16 -4.975186929101483e-15  3.469446951953614e-17 -2.164934898019055e-15
-2.708944180085382e-14  8.881784197001252e-16 -3.108624468950438e-15 -1.110223024625157e-14      0.999999999999999 -5.342948306008566e-16  -3.33066907387547e-16 -4.718447854656915e-16  1.373900992973631e-15   3.33066907387547e-16 -2.775557561562891e-16 -2.220446049250313e-16
-1.288899542650768e-15  1.587271980518778e-16  2.537900445354069e-15 -2.454633718507182e-16  -9.71445146547012e-17                      1 -7.161155349266757e-17 -5.637851296924623e-18 -2.965292941747855e-17 -1.886511780124778e-17 -1.192622389734055e-18 -4.423544863740858e-17
-6.217248937900877e-15 -8.881784197001252e-16  2.664535259100376e-15 -1.554312234475219e-14 -1.054711873393899e-15  1.457167719820518e-16     0.9999999999999992 -5.273559366969494e-16  1.110223024625157e-16   3.33066907387547e-16  9.436895709313831e-16 -4.440892098500626e-16
  5.88418203051333e-15 -6.494804694057166e-15 -6.883382752675971e-15   1.77635683940025e-15  5.551115123125783e-17  -2.42861286636753e-16  -2.42861286636753e-17     0.9999999999999997  2.220446049250313e-16   9.71445146547012e-17  7.771561172376096e-16  -3.33066907387547e-16
-7.105427357601002e-15  3.996802888650564e-15  2.309263891220326e-14 -6.217248937900877e-15 -4.996003610813204e-16 -1.908195823574488e-16 -2.775557561562891e-16  1.110223024625157e-16                      1 -2.220446049250313e-16   3.33066907387547e-16  4.440892098500626e-16
 1.332267629550188e-15 -4.218847493575595e-15  -1.77635683940025e-15  4.440892098500626e-15 -1.942890293094024e-16                      0  3.747002708109903e-16 -1.942890293094024e-16  6.106226635438361e-16     0.9999999999999998  -3.05311331771918e-16 -4.440892098500626e-16
 9.769962616701378e-15   8.43769498715119e-15 -8.881784197001252e-16 -1.332267629550188e-15  4.996003610813204e-16 -3.348016308635238e-16 -8.326672684688674e-17  8.326672684688674e-17 -8.881784197001252e-16 -5.551115123125783e-16                      1  4.440892098500626e-16
                     0 -3.996802888650564e-15 -2.664535259100376e-15  5.329070518200751e-15 -2.775557561562891e-16  1.561251128379126e-16 -2.775557561562891e-16  1.110223024625157e-16 -8.326672684688674e-17  6.661338147750939e-16 -1.221245327087672e-15                      1
