10
1

0.06390162776831475
 0.2919138951610725
 0.9588609246281719
  1.051590341510213
  1.341469258959459
  1.726073575905706
  2.114268052935502
  2.652638886479805
  5.085460969242902
  9.805325234577387

   -0.3956063976341992     0.1850773501238246     0.7384951172181723    -0.3454440262338663    -0.3445681441851142     0.1606471046409328  0.0007027550169699127 -0.0001361600429872441  0.0003120971446378261  0.0001765808631607037
   -0.5267579375888232     0.2226006259513998    0.05893280564855036   -0.02345996367131249     0.7280877723848378    -0.3127717263974326    -0.0725142960539641    0.09259884556207723    -0.1386906066466678     0.0891385449878251
   -0.6187656952529349     0.0174391118657038    -0.5201903793241613    0.01482961651223189    -0.3905746165967595    0.04030398076719566     0.2531305556043641    -0.2386489849906235    -0.1287613431192155      0.232864986190045
   -0.3065449597118292   -0.02160332501300886    -0.2481701944844972    -0.0110545383101073     -0.179534711387731   0.004305937486749888    -0.3985759608509014      0.507589727921865     0.2506141667303133    -0.5764407975319549
   0.05653957041158034    0.02175046452226314    0.03249109266443931    0.01802757014141046  0.0009360693194051126    0.00455748321190373     0.6442674880492889     0.3582663230383724    -0.5341190783983506    -0.4076877956404024
     0.031430681264358    0.03279194959970058   -0.01229537068159707  -0.009749886694627593   -0.04843726575222645   -0.03082310127528466     0.2993546287863167     0.6681303150118227     0.3901209112818412     0.5533431978141692
   -0.2574172915024533    -0.5085334267282074     0.1376224612981984     0.2475484635250129     0.3143607013124052     0.5240921547171967     0.2734064999799198    -0.1114411463515653     0.3375661460357676    -0.1424553433242695
    0.1318418979716574     0.2891261644731113    -0.3137832301512808    -0.6912126444163069     0.2545378838073468      0.493228266635846    0.06681167840408889   -0.03353026124462247    0.08268087789902671   -0.04796953167336491
   -0.0341452250288841    -0.4393658564319883   -0.01124986042092871   -0.09034853917328227    0.02037594626795877     0.3260444016195873    -0.4123254385112672     0.2885564088342562    -0.5753267091939755     0.3263499781993057
   0.01357940451259643     0.6153320843059806     0.0152363417937433      0.576314029674483   0.002310204610438352     0.4995006579333898    -0.1337248536185694    0.07255122791743653    -0.1100568308444168    0.06361801161196873

22.66292287794511
46.09894536325714
35.57506250420228
73.60262838782016
50.47858559962948
105.3921252862846
87.64984235766829
185.0497986415971
103.6939795348941
220.0310055439681

2.127587399665551

   0.08138480229391973   -0.03830018887390009   -0.01044037257789533   0.004896563759731418   -0.07130011370661636    0.03335547655258209 -7.815418305280527e-05  0.0001521605951291364 -7.964635734853439e-05 -4.696249581466006e-05

-7.660655152759454e-05  -0.009752255804200386     -0.015066306709677  -0.009426046050061239   0.006601778226709724    0.01140887272507907   -0.02989959079754817   -0.01522405150592759     0.6013705786399257    -0.3149363171668526

cov:
    0.9553112096781855      2.037136681093453    -0.0412513102065693    -0.0960397755944668      0.105921283023465     0.2056946927621923    0.02483936358770864  -0.004402501866656959    0.02933948923673254   -0.01644290099496966
     2.037136681093453      43.14936818325725      0.077342065783925      33.15237071851947    -0.2847411074289469      25.65000335215266     -3.644989431055329      1.263578821914668    -0.5663208147287246     0.3389644095866706
   -0.0412513102065693      0.077342065783925      1.124840990030165      2.545156191768329    -0.1306374788221135    -0.1498947459865607   -0.04058678802448242 -0.0004243871072832679   -0.02213123672790259    0.01968582662496789
   -0.0960397755944668      33.15237071851947      2.545156191768329      35.78183355027521    -0.8124017911731103      25.09814971508053     -6.447911257157246      3.368115381113087     -4.815675597362361       2.81890551041712
     0.105921283023465    -0.2847411074289469    -0.1306374788221135    -0.8124017911731103      1.137440391736561      1.872124847855345     0.1984998715983294    -0.1536287742608765     0.2255036700908712    -0.1441816533597599
    0.2056946927621923      25.65000335215266    -0.1498947459865607      25.09814971508053      1.872124847855345      29.68980734877794     -9.039199727778444      5.472597936411931     -9.098920360990039      5.256158439826712
   0.02483936358770864     -3.644989431055329   -0.04058678802448242     -6.447911257157246     0.1984998715983294     -9.039199727778444      7.730663861706768     -3.430356043039765      7.590549265180294     -4.166062128004781
 -0.004402501866656959      1.263578821914668 -0.0004243871072832679      3.368115381113087    -0.1536287742608765      5.472597936411931     -3.430356043039765      4.621845068288228     -4.648758738785686      3.426146041768971
   0.02933948923673254    -0.5663208147287246   -0.02213123672790259     -4.815675597362361     0.2255036700908712     -9.098920360990039      7.590549265180294     -4.648758738785686      11.33549507884203     -4.925178676753925
  -0.01644290099496966     0.3389644095866706    0.01968582662496789       2.81890551041712    -0.1441816533597599      5.256158439826712     -4.166062128004781      3.426146041768971     -4.925178676753925       4.87975642619813

cov.inverse():
   42.10388426627808   -19.27589387788778   -71.50459950709441    33.57859038768705     29.1802005204582   -13.68004900261903   0.3297348826608922  -0.5155908845192945   0.8144679728954792  -0.5651416897279944
  -19.27589387788774    9.052471578752888    33.59257103419723    -15.7689640318709   -13.74535097963826    6.422845908102884  -0.1561140697290254   0.2398246614930835  -0.3835861077427724    0.266795339109408
   -71.5045995070948    33.59257103419734    133.9681045562637    -62.4575034367395   -61.55256098477776    28.80758992500203  0.03916794529264629  0.06218892615675698 -0.02717948060337901  0.07917110184459221
   33.57859038768703   -15.76896403187094   -62.45750343673948    29.31585260211744    28.93691877423856   -13.52093882695791 -0.01672873344786299 -0.02494606532836306   0.0124927097256823 -0.03979083218836843
   29.18020052045852    -13.7453509796384   -61.55256098477814    28.93691877423874    35.52360091854116   -16.19052065082515  -0.7049190679022742   0.8021530570611445   -1.177678119731573   0.7206821074655601
  -13.68004900261916    6.422845908102951     28.8075899250022     -13.520938826958   -16.19052065082514    7.572919433317533   0.3327309042034441  -0.3711263354280529   0.5488241985062624  -0.3346438881984539
  0.3297348826608595  -0.1561140697290112  0.03916794529270329 -0.01672873344788985  -0.7049190679023015   0.3327309042034569   0.5600315369978602  -0.1439140183488825  -0.1289718710080347  0.09123179585837904
 -0.5155908845192645   0.2398246614930705   0.0621889261567065 -0.02494606532833915   0.8021530570611678  -0.3711263354280638  -0.1439140183488824   0.6229317230601712 -0.03642669695415009  -0.1777827854423937
  0.8144679728954558  -0.3835861077427621 -0.02717948060334028  0.01249270972566384    -1.17767811973159   0.5488241985062704  -0.1289718710080351 -0.03642669695414986   0.5495826159980851  -0.1335070831049846
 -0.5651416897279613   0.2667953391093932  0.07917110184453276 -0.03979083218834076   0.7206821074655875  -0.3346438881984668  0.09123179585837901  -0.1777827854423935  -0.1335070831049846    0.656871447372584

cov*(cov_.inverse()):
    0.9999999999999954 -4.242266260501282e-14  1.289439475332665e-13    1.1969039041132e-13 -7.105427357601002e-15 -1.364793694724753e-14  2.371150151225798e-15 -2.335805160402771e-15  1.607654981361506e-15 -1.635844237846129e-15
 1.901256929670581e-14     0.9999999999999913  2.487246519855546e-13   -9.8206165421999e-14 -3.655409308578328e-14 -8.285039321265231e-15  1.311450947838466e-15 -6.314393452555578e-16 -5.204170427930421e-16  8.326672684688674e-17
 1.301389551677801e-14 -9.370976217226712e-15     0.9999999999999816 -1.395498300249542e-14  1.299654828201824e-14 -1.344410693882025e-15  6.982261990806649e-17 -3.317658647805644e-16  5.260548940899668e-16  6.782768791069316e-16
 2.100541962590796e-13   3.83026943495679e-14 -1.600664045753319e-13     0.9999999999997897 -2.122746423083299e-13   7.66053886991358e-14  -1.77635683940025e-15 -2.220446049250313e-16  1.498801083243961e-15 -8.881784197001252e-16
-9.006684287271582e-15 -3.677613769070831e-16  4.278521981149197e-14  7.249409406107077e-15     0.9999999999999971 -2.636779683484747e-16  2.307182223049153e-16  1.387778780781446e-17 -1.387778780781446e-17  1.110223024625157e-16
 2.651212582804874e-13  1.754152378907747e-14  2.087219286295294e-14 -6.858402734621905e-14 -4.085620730620576e-14     0.9999999999999907 -9.436895709313831e-16   3.33066907387547e-16  -3.33066907387547e-16  8.881784197001252e-16
-9.636735853746359e-14  1.176836406102666e-14  9.803269307440132e-14 -2.164934898019055e-15 -4.884981308350689e-15   1.06581410364015e-14     0.9999999999999996  7.771561172376096e-16 -1.110223024625157e-16 -4.440892098500626e-16
 3.375077994860476e-14  6.661338147750939e-16 -4.779510121011299e-14  1.779132396961813e-14  2.042810365310288e-14  -3.33066907387547e-15   3.33066907387547e-16      0.999999999999999  1.665334536937735e-16                      0
-1.909583602355269e-14  -1.48769885299771e-14 -1.648681191568357e-14  2.364775042451583e-14  4.440892098500626e-16 -1.332267629550188e-15                      0  5.551115123125783e-16     0.9999999999999996  4.440892098500626e-16
 1.687538997430238e-14   1.77635683940025e-15    1.5931700403371e-14 -8.548717289613705e-15 -8.881784197001252e-15  9.103828801926284e-15 -1.110223024625157e-16  -3.33066907387547e-16  8.881784197001252e-16     0.9999999999999996
