14
1

3.031061997393316e-09
   0.0185242158097106
  0.02387440718258668
  0.02878367441972013
  0.03402619697348812
  0.08753592863999374
   0.1880529718182513
   0.4964014601642859
   0.6070542584356287
    1.629733602288135
    1.794294903250467
    2.360636177852284
    3.078097249359824
    3.671503541466933

                     0  1.395251537299061e-15 -8.639924483794412e-15  4.979212579860844e-15   1.82070072769954e-14 -1.056213401217296e-14  5.313594354578517e-14 -2.058506920708579e-14 -2.158484089614167e-13                     -1 -2.119803241434869e-15  1.693008003832378e-15 -1.598298661958225e-13  1.042976019904575e-15
    0.3593107222696418    -0.2018418053909854    -0.6883984672254997     0.3866919900664854     0.3355235053690098    -0.1879352548895294   -0.04472643005690471    0.01497051620488676     0.2066614173807975 -1.327546991189221e-14  -0.002538140754868212   0.003801883666740772    -0.1143778717336256    0.02828705636758953
   0.08074469828048926   -0.04337238166401107    -0.1593916033189503    0.08856099694482503     0.1125567816750296   -0.06297241980132623     0.0309868218291284   -0.01148516766792513    -0.8486091305264601  1.145607819377293e-13  0.0002838435777122545  -0.005287131596079612     0.4687379716853956   -0.02725753142761968
   0.02235560727386104   -0.01799994958231071  -0.007272581268957773   0.003383545034541783   -0.04271903268539343    0.02416805172996849   -0.05019129111959199    0.02072723042024579     0.4786909148353498 -2.471481762883474e-13    0.01013803520630026    -0.0107807938967032     0.8740816590720779   -0.01927048554148334
   0.02797514301715713   -0.02029614965887786   -0.03388389393280632    0.02057876511192642   -0.02175670728513618   0.004289551769633016     0.9307165183527994    -0.3547239583853315    0.06190332850572221  3.930408536362347e-14   0.008003015798447397  -0.007941966250368469    0.02486270873275542   -0.01012302482528068
    0.4941913945896258    -0.2834015346546667    -0.0961564394570933    0.04567548767816114    -0.7038171118066364     0.3974457784535837   -0.03344453897927698    0.01548576141583327   -0.05806973661652189 -1.169935095309537e-16   -0.01882978261286785     0.0206760948179641   -0.03624228641419251   -0.06307492150809925
  -0.01347485404869925  -0.005278510427422455  -0.001274343385212151   -0.01336331400329929    0.06800405739024526   -0.02476729912127429  -0.002238433279124785    0.01810125052150914     0.0233351053854074 -2.442517868535791e-16   -0.01711868507904951    0.00436475013558124   -0.03076023662186303    -0.9961108909250876
    0.1341465689645252   -0.05263644490150035    0.09811771698381853   -0.02577299344461239    0.04230587270102289   -0.03810628345589419   -0.01957787797252281   -0.02172231516812258  -0.001840896478030269 -1.995440280889093e-19     0.6518560894090674    -0.7345065475201186   -0.01695779631988621   -0.01177096998985062
   -0.6439407448663343     0.2419751366127993     -0.541022542062146     0.1766545079518989    -0.3802537047451983     0.1538278205413995   -0.01196395409163932  -0.005191344033993566   -0.01543948579837363  -8.95414900247324e-21     0.1389103209468129    -0.1190165460467329  -0.002359600565416956   -0.02729869287630428
   0.09783021397266749    0.03642066229005111    -0.4318832095566684    -0.8889861205180569    0.06848878735360397    0.02661596633103481    0.02859172310773091     0.0665982588975797   0.002495642030993529 -1.453206401312392e-23   -0.02095745087557507   -0.03026948115086293 -0.0003653889907406899    0.01641947233429758
   -0.1407373274757268    -0.2819359856298547    0.03441637727448874    0.03685641329298269  -0.003172027248365438   -0.02924310441709667     0.3335765780390808     0.8786760753054378    -0.0010015565849177 -4.324510550824799e-24   -0.06690072050085456   -0.09536062566618447  -0.002515394558994008    0.01937361960981455
    0.3228015082691628     0.6396138669559133   -0.01000909758207185    0.04090105201606573    -0.3430975472551051    -0.5640492215140396    0.07632182625605984     0.2072362179614412   0.001889520621871265 -2.566558331810146e-26  -0.005743234216913722   0.006765873440943301   0.001776885538483815   -0.01397846745020669
   -0.2289728059399545    -0.5671233172656441    0.01039307013567743    -0.1156719602375111    -0.3219847278752399    -0.6750571136821807   -0.08631821725313069    -0.2091856891748078 -0.0006132052587506415 -4.522296334228295e-28   -0.04238092845705021  -0.008331851693522602  -0.001640644980804632 -0.0004351692644830601
  0.004991994030498742    0.05853900595624162  -0.002214619172806021    0.03671258456767292 -0.0002549120981724801    0.03167753721955224   -0.03564136605744023   -0.09542809196288182   0.002649980766467794 -4.640540628731966e-28    -0.7404205234935195    -0.6599559423468878 -0.0006128105193518415   0.006587255480326456

22.39890725134491
26.32713569082864
35.39734411679752
49.44607218300423
50.45005711794214
76.24817517908608
68.46989948902601
107.8835488296137
85.15355854708112
134.4140014648438
94.75247205900922
156.1740203485257
107.5220173530011
182.6759580286538

1.774356861374475

   0.08805086298588624   -0.04895823625058419   -0.02556104869525027    0.01509277418086719    -0.0666586228967929    0.03729944843278565   -0.01121976204851406   0.003776250931760691   -0.01647230683316982   -0.04967171637208154  0.0004885161480201672 -0.0003090988621604583   0.001994056674853442  -0.003193396900955984

  4.56350789335977e-19  1.112131265554543e-05  1.105959400233628e-05  1.163825817412502e-06 -7.490269403677594e-06  0.0009484679799648929 -0.0001320846269954715   0.001963317245735702  -0.007521370806684199   0.001901726902316949 -0.0008688019796763217   -0.00138286044567834    0.01937628535869562   -0.01080100449484435

cov:
     1.326107968517896      2.461797883196854   -0.03734380967721659    0.03675443087437052     0.1895458603534577     0.4358878922278091     0.1805315203571018     0.4399092521707306   0.009379111926922241                      0    0.04517588025313549     0.0252188309144983   0.007660451444139516    -0.0219432562757014
     2.461797883196854      5.655635603979508    -0.2155405832701642     0.6928066972573421     0.4835550211845855      1.684326956282984     0.4069477337920755     0.9960376065312276    0.01203834861676894                      0    -0.3143383104423796    -0.3693889682289615    0.01699006357692464   -0.06024370440566514
  -0.03734380967721659    -0.2155405832701642     0.6113604383684208     0.9730912447168004   -0.01421333240525067    -0.1015623509030903  -0.005620620014688123  -0.007834308745866285 -0.0001201618244403215                      0    0.02295808835121443    0.04861431831068054 -3.522209976518175e-05   -0.01090211716275448
   0.03675443087437052     0.6928066972573421     0.9730912447168004      2.269429911052283    0.08721159323497385     0.5710119900607364    0.06578254843720704     0.1760692847217847  -0.004634710870405714                      0    -0.2748327978395146    -0.2588496530329008   0.002431539692380769   -0.03717123099715195
    0.1895458603534577     0.4835550211845855   -0.01421333240525067    0.08721159323497385      1.708488729728769      3.118679574701269      0.120947519542118     0.2458784590609703   0.001177615346055701                      0     0.1270771115969923    0.01913762977034859   0.001829826506212499    0.03246971410536507
    0.4358878922278091      1.684326956282984    -0.1015623509030903     0.5710119900607364      3.118679574701269      6.119051409740664     0.2669982071623899     0.5677247208990814  -0.001643069486023159                      0   -0.02052053508512647    -0.2427379409442257   0.004807868899000221     0.0481124526587968
    0.1805315203571018     0.4069477337920755  -0.005620620014688123    0.06578254843720704      0.120947519542118     0.2669982071623899     0.4817557816303575      1.253516183131567 -0.0007355024956745425                      0     0.3107660735837473     0.2261064553731509 -0.0002328056579425056    0.01356019250040602
    0.4399092521707306     0.9960376065312276  -0.007834308745866285     0.1760692847217847     0.2458784590609703     0.5677247208990814      1.253516183131567      3.274426812269501  -0.002366382180820266                      0      0.833082685013622     0.6023194982282546  -0.001015945968903345    0.03343044758532222
  0.009379111926922241    0.01203834861676894 -0.0001201618244403215  -0.004634710870405714   0.001177615346055701  -0.001643069486023159 -0.0007355024956745425  -0.002366382180820266  0.0008910759908675559                      0   -0.02727395091708724   -0.02234542913841982  0.0001375011146026897 -0.0004894481524330429
                     0                      0                      0                      0                      0                      0                      0                      0                      0                      0                      0                      0                      0                      0
   0.04517588025313549    -0.3143383104423796    0.02295808835121443    -0.2748327978395146     0.1270771115969923   -0.02052053508512647     0.3107660735837473      0.833082685013622   -0.02727395091708724                      0      7.534613569068744      6.488177088071955   0.004467333410118848   -0.07288721750345845
    0.0252188309144983    -0.3693889682289615    0.04861431831068054    -0.2588496530329008    0.01913762977034859    -0.2427379409442257     0.2261064553731509     0.6023194982282546   -0.02234542913841982                      0      6.488177088071955      6.041865204795176   0.009602454089800438   -0.06319761925525468
  0.007660451444139516    0.01699006357692464 -3.522209976518175e-05   0.002431539692380769   0.001829826506212499   0.004807868899000221 -0.0002328056579425056  -0.001015945968903345  0.0001375011146026897                      0   0.004467333410118848   0.009602454089800438  0.0009487523523061924  0.0007924814863502999
   -0.0219432562757014   -0.06024370440566514   -0.01090211716275448   -0.03717123099715195    0.03246971410536507     0.0481124526587968    0.01356019250040602    0.03343044758532222 -0.0004894481524330429                      0   -0.07288721750345845   -0.06319761925525468  0.0007924814863502999      0.039029809702819

cov.inverse():
                nan                 nan                 nan                 nan                 nan                 nan                 nan                 nan                 nan                 nan                 nan                 nan                 nan                 nan
                nan                 nan                 nan                 nan                 nan                 nan                 nan                 nan                 nan                 nan                 nan                 nan                 nan                 nan
                nan                 nan                 nan                 nan                 nan                 nan                 nan                 nan                 nan                 nan                 nan                 nan                 nan                 nan
                nan                 nan                 nan                 nan                 nan                 nan                 nan                 nan                 nan                 nan                 nan                 nan                 nan                 nan
                nan                 nan                 nan                 nan                 nan                 nan                 nan                 nan                 nan                 nan                 nan                 nan                 nan                 nan
                nan                 nan                 nan                 nan                 nan                 nan                 nan                 nan                 nan                 nan                 nan                 nan                 nan                 nan
                nan                 nan                 nan                 nan                 nan                 nan                 nan                 nan                 nan                 nan                 nan                 nan                 nan                 nan
                nan                 nan                 nan                 nan                 nan                 nan                 nan                 nan                 nan                 nan                 nan                 nan                 nan                 nan
                nan                 nan                 nan                 nan                 nan                 nan                 nan                 nan                 nan                 nan                 nan                 nan                 nan                 nan
                nan                 nan                 nan                 nan                 nan                 nan                 nan                 nan                 nan                 inf                 nan                 nan                 nan                 nan
  -3.24374931288812    1.76598826147162   4.984578741574667  -2.735134359618475   -1.43228991314661  0.6788729381321063   6.187617912099214  -2.433860281586772   4.454827852412826                  -0   2.072028472464936  -2.219894655141674   12.00539650455117 0.06629903458805925
  3.892537114975146  -2.140807021354831   -6.19489818640875   3.426434997289821   1.483637746311517 -0.7097979027730549  -6.550835832762588   2.524735230041777   3.364264746341654                  -0  -2.219894655141673   2.605592678026079  -17.20984273327243  0.6361012329929642
 -31.50833086026666   13.53161356951147   90.43163110834981  -52.25497395640351  -61.54141917828117   34.58948861882077    7.58600728413542 -0.2729506669699487  -260.1404327226392                  -0   12.00539650455086  -17.20984273327204   1346.502965436128   -51.2266677058774
  21.34546454563911   -11.5053442771923  -47.79956448182609   27.36618278774149   27.36536002252463  -15.66264221871082  -11.79693118635529   3.771957279940626   45.76417997279946                  -0 0.06629903458826381  0.6361012329927216  -51.22666770587704   32.75198282664932

cov*(cov_.inverse()):
nan nan nan nan nan nan nan nan nan nan nan nan nan nan
nan nan nan nan nan nan nan nan nan nan nan nan nan nan
nan nan nan nan nan nan nan nan nan nan nan nan nan nan
nan nan nan nan nan nan nan nan nan nan nan nan nan nan
nan nan nan nan nan nan nan nan nan nan nan nan nan nan
nan nan nan nan nan nan nan nan nan nan nan nan nan nan
nan nan nan nan nan nan nan nan nan nan nan nan nan nan
nan nan nan nan nan nan nan nan nan nan nan nan nan nan
nan nan nan nan nan nan nan nan nan nan nan nan nan nan
nan nan nan nan nan nan nan nan nan nan nan nan nan nan
nan nan nan nan nan nan nan nan nan nan nan nan nan nan
nan nan nan nan nan nan nan nan nan nan nan nan nan nan
nan nan nan nan nan nan nan nan nan nan nan nan nan nan
nan nan nan nan nan nan nan nan nan nan nan nan nan nan
