10
1

0.05150920504858292
 0.5199115258285156
 0.8737050744170287
 0.9962979711153305
  1.218238874370295
  1.356112885653979
  1.844794660681351
  2.656082480804065
  5.311207985077025
   8.57683327735041

    0.2000685263927382   -0.05936681164799042    -0.7554079823763143     0.2241141026977362     0.5542099671280538    -0.1685601292481869  -0.003152703961646328  -0.000922199701278294 -0.0003815181651877954   0.002770409538663656
    0.6159600653514222    -0.1312045650389024    -0.2803591650634915    0.06158308107479019    -0.5894886327879306     0.1706833623292532     0.2550753998096996   -0.03028683210883035     0.2633679146143239   -0.09493025912581582
   -0.2626980632518042   0.007915873508371541   -0.05882875589114479   -0.06773526425631113   0.009561757382046392    -0.1283853754523331     0.2036698361085828     0.5509047414533949     0.2938352388108253    -0.6891932691699512
    0.6641097643939494   0.007023965453216596     0.3799214738332751    -0.1224780210085484     0.2796480157509165    -0.1557836106823879    -0.4485232450755925     0.2725993808026095    0.02370300426754848    -0.1450889057337808
   -0.1526113996712644   -0.01658086277618575    0.01156064026757773     0.4487044108770173    -0.1863107199556194     -0.236753378056924    -0.5244066131433767    -0.4451027352584473     0.3363842455786659    -0.3129354422684547
    0.1979038031877398    0.06192861328594882     0.2433842919115777     0.1099907561153982     0.1565464937444538    -0.2299099163715295     0.4935450393863383    -0.4582095085913429     -0.391678137421357    -0.4487151147557649
  -0.00885541150359194  -0.002674550865119774   -0.07859305501421249    -0.4156099533610558     0.2698350869344886     0.6760184193427513    -0.1385270519494811    -0.3649029313718287     0.1717558392286995    -0.3306812478039675
   0.03431446927223446    0.07322155844323193     0.2087336799579186     0.7338160680326609     0.1560665412538892     0.5653719701921149    0.07715662361815194      0.238566739671536   -0.06451328462215897   -0.01933706311089271
  -0.07390900874605072    -0.5971190915323321    -0.1551249990112775  -0.001998914435529766    -0.2153418818789865     0.1094341433920309    -0.2999073799753383     0.1255580666014749    -0.6250107515631145    -0.2433574036753709
   0.03659417611756065     0.7830192265673366       -0.2641522765594   -0.04166768504895439    -0.2535777388236933    0.06457865969247024    -0.2420656321971508    0.08584832782700359    -0.3909854476045045     -0.163467847225406

22.68707330359587
76.33053256550558
46.40676448108752
155.9261199738991
55.06649320168457
185.0707525619396
65.84828519842459
221.6017286437515
77.72069056992061
261.3197769080106

3.363269086105089

    0.1025206003991481   -0.03041991828964164 -0.0002990150219481218 -0.0008253203577600378    -0.1029232881520059    0.02815276461529762   -0.00045528130685868  -0.005494703670509265  -0.001841765805144824   0.001286009329964203

-0.0001045831999933222    0.03570587328517639   -0.02766805700027063    0.03292170791330155  -0.001992077530873714  -0.003504714558559187   -0.02679735611469881  -0.005471894952589424      1.020162481954431     0.5966731586968125

cov:
  0.9608935452955338    3.378040000802973 -0.03364104924822912 -0.03620962439158498  -0.0202578772872226 -0.01649622175476795 0.000860385344131106  0.03629826207453208  0.01158766021295482 0.006937804716472548
   3.378040000802973    55.21030668047307   -12.45403843318174   -1.985563501786574   -10.85556764691942    2.134094449147522   -8.792149100244755    2.921623804175295   -12.08839876731262   -5.368889768957042
-0.03364104924822912   -12.45403843318174    6.417919282383853    2.018842894473458    6.242845038666124   -1.254555580075794    6.181053846206187   -1.901062717486464    9.997762586446822    4.078535491258276
-0.03620962439158498   -1.985563501786574    2.018842894473458    4.855182927869061    1.079299325445962    1.590734116555019    1.153109952724611    1.029727962140605    0.787847856903737   0.6349369028449985
 -0.0202578772872226   -10.85556764691942    6.242845038666124    1.079299325445962    6.726924445406882  -0.6984628805901891    6.418391404405872    -2.36086158109591    10.93767472566577    4.129780167555462
-0.01649622175476795    2.134094449147522   -1.254555580075794    1.590734116555019  -0.6984628805901891    4.679949909609117   -2.049976086645103    1.160036156628677   -3.621873333185691   -1.980449292214217
0.000860385344131106   -8.792149100244755    6.181053846206187    1.153109952724611    6.418391404405872   -2.049976086645103     8.06000595292773   -2.396311295303013     11.5697453722638    4.902210942729855
 0.03629826207453208    2.921623804175295   -1.901062717486464    1.029727962140605    -2.36086158109591    1.160036156628677   -2.396311295303013     2.82736158915495     -4.7690464771036    -1.25962920139741
 0.01158766021295482   -12.08839876731262    9.997762586446822    0.787847856903737    10.93767472566577   -3.621873333185691     11.5697453722638     -4.7690464771036    22.92993501801925     8.80995571225499
0.006937804716472548   -5.368889768957042    4.078535491258276   0.6349369028449985    4.129780167555462   -1.980449292214217    4.902210942729855    -1.25962920139741     8.80995571225499    4.912640972852905

cov.inverse():
   17.06220740611376    -4.76296513145833   -57.30064448629754    16.95169966545036    40.66808341368518   -12.38130131835084  0.08177613152055083   -0.147471887747254   0.4100588488431199   0.1179031185339205
  -4.762965131458313    1.416190173337609    17.05160966400569   -5.039908245642133   -12.10193230730468    3.684957420266808 -0.02716909675511906  0.03353914727602399  -0.1247684930644473 -0.03222833390420193
  -57.30064448629756     17.0516096640057    215.5595652613907   -63.86488042854286    -157.054991274758    47.73301525940797   0.5149295381179807   0.3062384790139192   -0.228358678071389  -0.7455718148023975
   16.95169966545037   -5.039908245642139   -63.86488042854287    19.23528780394809    46.58061108447033   -14.27779810904868  -0.2748530733257213  -0.2599747333342603     0.04963465692121   0.2084756155519152
   40.66808341368532   -12.10193230730471   -157.0549912747581    46.58061108447036    117.1939950279482   -35.55199507908985   -1.236936850707833 -0.05091935702533632  -0.7009483554432422   0.7130725037128465
  -12.38130131835083    3.684957420266813    47.73301525940796   -14.27779810904868   -35.55199507908982    11.10918255722421   0.3967437856812505 -0.02048576824867431   0.1588840557510216 -0.05957232669200414
 0.08177613152055693 -0.02716909675512109   0.5149295381179525  -0.2748530733257129   -1.236936850707812   0.3967437856812441   0.8296777218636315  0.04647461905405406  0.09292544755965569  -0.2046668072806964
 -0.1474718877472593  0.03353914727602561   0.3062384790139402  -0.2599747333342666 -0.05091935702535207  -0.0204857682486695  0.04647461905405469   0.7716665496382553   0.1620564291346167  -0.2883694839230303
  0.4100588488431152  -0.1247684930644458  -0.2283586780713702  0.04963465692120432  -0.7009483554432556   0.1588840557510256  0.09292544755965611   0.1620564291346168   0.5551786802875661  -0.3472558638583412
  0.1179031185339243 -0.03222833390420347  -0.7455718148024149   0.2084756155519204   0.7130725037128582 -0.05957232669200779   -0.204666807280697  -0.2883694839230299  -0.3472558638583405   0.8897864253284493

cov*(cov_.inverse()):
    0.9999999999999749 -8.637350817214395e-15  1.125835535908948e-14 -7.227942203091864e-15 -7.959518460998183e-14  -1.87025958955922e-14  9.001046435974658e-16 -2.992397996059992e-17 -3.616898447411643e-16  1.003537530852583e-15
-4.440892098500626e-16     0.9999999999999999 -3.037570195374428e-13  4.796163466380676e-14  1.594280263361725e-13 -5.123679258645097e-14 -2.220446049250313e-16  6.661338147750939e-16  1.110223024625157e-15                      0
  2.65898414397725e-14 -9.298117831235686e-15      1.000000000000131  1.931788062847772e-14  6.794564910705958e-14 -7.907563492892677e-14 -2.220446049250313e-16                      0  4.440892098500626e-16  1.332267629550188e-15
-1.153244166829381e-14 -8.222589276130066e-16  6.411537967210279e-14     0.9999999999999979  1.015854067532018e-14  9.707512571566213e-15  2.775557561562891e-16  5.551115123125783e-16  4.718447854656915e-16  -3.33066907387547e-16
 6.855627177060342e-14 -2.883804306463844e-14  -4.75175454539567e-14  3.530509218307998e-14     0.9999999999999667 -6.816769371198461e-14 -1.332267629550188e-15  2.220446049250313e-16                      0   1.77635683940025e-15
 9.825473767932635e-15  1.748601263784622e-15 -9.725553695716371e-14  -2.19824158875781e-14  4.996003610813204e-14     0.9999999999999969 -2.775557561562891e-16 -1.110223024625157e-16  -3.33066907387547e-16  2.220446049250313e-16
-1.665334536937735e-14 -7.549516567451064e-15   1.48769885299771e-13   2.55351295663786e-14  8.837375276016246e-14 -7.704947790898586e-14                      1                      0 -8.881784197001252e-16  8.881784197001252e-16
-9.270362255620057e-15  7.056855100273651e-15 -2.631228568361621e-14 -6.772360450213455e-15 -1.476596622751458e-14  2.424449530025186e-14  5.551115123125783e-16      1.000000000000001  5.551115123125783e-16 -8.881784197001252e-16
-7.105427357601002e-14  1.099120794378905e-14  1.936228954946273e-13 -1.509903313490213e-14 -1.598721155460225e-14 -8.870681966755001e-14                      0                      0     0.9999999999999982                      0
 5.551115123125783e-15 -1.648681191568357e-14   -1.4166445794217e-13 -8.881784197001252e-16  1.194599974496668e-13 -4.968248035197576e-14 -2.220446049250313e-16  2.220446049250313e-16  1.110223024625157e-15     0.9999999999999996
