10
1

0.02350799091686535
 0.1415100252439715
 0.2379008054876812
  0.458778207849416
 0.6171101499481111
 0.8148624792321159
 0.8831453754597823
  1.263878438701133
   1.75812806071886
  3.548070481528227

   -0.2339915344153026     0.0942579221172415     0.7428521343572295    -0.2968012428586609    -0.5056869010469194     0.2015806729583353  0.0005446993179799327 -0.0007245135476536932   0.009394397444166477 -0.0002207651144558861
  -0.05086431043452284    0.01888068343595163    0.01833432451013475   -0.00663853700234008    0.03306660052436917   -0.01582817260889741    0.01545289225882114  -0.005382287554678042    -0.9975246350282522   0.003005758328682569
   -0.6893506153177463     0.2682862317619736     0.1943620152666411   -0.04762195022186982     0.5849261482439013    -0.2475349766303139   -0.05170994873896866    0.01029318401259992    0.06671737301106777    0.04615781661369744
    0.5464877848399979    -0.1778714704701879     0.6198619904089754     0.1824370859489078     0.4321559784603475    -0.2132571761924411    -0.1360087107494612    0.03784448258953356  -0.005652881266638543  0.0008492848347748268
  -0.03262615126043952    0.01080671506273852     -0.095472037315322   -0.07376489006132107   -0.05688587590298889    0.06239853824638845     -0.805933311692442     0.5470956684021948   -0.01821215794399726    -0.1672098795498735
   0.02808062632530712  -0.004920754198507713   -0.05173969251456993    -0.1384218292105524     -0.356099795402522    -0.8709304200528849   -0.05266990506234528     0.0488818943412437  0.0002688447769862524     0.2947188056256467
  -0.03554285909025184    0.01285363633778075    0.01637149892250584    0.03131561889513056   -0.09353859869201189    -0.2980108144877148    0.08410387076135185    -0.1329313423924151   0.002977630329624245    -0.9354195909271221
   0.02465202593617892   -0.01264201297704123   -0.05034158383045616    -0.1529552250512975     0.0132238571562783    0.02684303163471832    -0.5465107141261669    -0.8192540277954067  -0.005285440859018067    0.05028323625110274
   -0.2977618599205926    -0.1690738687998817     0.1058241332790711     0.8781497233617906    -0.2615557695786485   -0.01950481042754628    -0.1386350323670276    -0.0847428893629892  -0.001749799386443341    0.07218218835996847
    0.2764443599865661     0.9263321182320959   0.006010405888395171     0.2370422837515248   -0.08313327742039521   0.006140660470626036   -0.03631676608963482   -0.02645714337462801  -0.001251375428263976    0.01711285765985362

35.75325387345222
77.35879904149915
49.86543040018014
112.5172452485566
 56.6601929331913
129.4679181439559
91.53237023630399
218.3771555989899
107.5124449589988
259.2621598256682

2.484500355571583

    0.1718252218513479   -0.06890027541119828    -0.1656198965567503    0.06589711397425535   -0.01006790807595886   0.004094525917191212    0.00025477534536266 -1.045986108079993e-05    0.00495323891365206 -0.0004144659770090714

 -0.000101310717155213 -0.0003774848242910088   -0.01012322224247164   0.002152949275351152   0.001979089164390304   0.002985286716554112  -0.005844776389161662   0.005054492500841398    0.01022392152062954   -0.01082147005247268

cov:
     1.32883197644437     3.347307108756435    -0.015096126780743   0.03102680890854114  -0.02448041793221955   0.01674425757994626  -0.02725179345609731  -0.04458283121837121 -0.005042176100247802   0.02689692954525822
    3.347307108756435     10.90189121087331 -0.004467522058634632     2.301298830180278   -0.8403465830992924   0.08560479367498759   -0.3380054212402174    -0.248199461252743    -0.012769571667541    0.1504629443764376
   -0.015096126780743 -0.004467522058634632    0.1278974728080736    0.3484728449589225  -0.01718076260418138  -0.01469605461075083  0.009729832898935985   0.01793909787216017  8.29374982635421e-05  0.005491988399623755
  0.03102680890854114     2.301298830180278    0.3484728449589225     3.151093444824185   -0.9141276007315474   0.02228723185037651   -0.3267012126479807   -0.1304886540652752 -0.006898618602767948    0.1893794947742054
 -0.02448041793221955   -0.8403465830992924  -0.01718076260418138   -0.9141276007315474    0.4498351591208744    0.2085721142746775    0.1482500010706823   0.06896287547186779  0.003757727054974076  -0.07141774142773152
  0.01674425757994626   0.08560479367498759  -0.01469605461075083   0.02228723185037651    0.2085721142746775    0.5902771119552094  -0.01929924402537857  -0.01827617049970705 -0.001861950820643583   0.04145422044281106
 -0.02725179345609731   -0.3380054212402174  0.009729832898935985   -0.3267012126479807    0.1482500010706823  -0.01929924402537857    0.8118753527465066    0.5841518245378564    0.0113695529177913   -0.1031580851326129
 -0.04458283121837121    -0.248199461252743   0.01793909787216017   -0.1304886540652752   0.06896287547186779  -0.01827617049970705    0.5841518245378564     1.232803357485305  0.003798912169975391  -0.01866620029979447
-0.005042176100247802    -0.012769571667541  8.29374982635421e-05 -0.006898618602767948  0.003757727054974076 -0.001861950820643583    0.0113695529177913  0.003798912169975391   0.02039184793148336  -0.00193138102840248
  0.02689692954525822    0.1504629443764376  0.005491988399623755    0.1893794947742054  -0.07141774142773152   0.04145422044281106   -0.1031580851326129  -0.01866620029979447  -0.00193138102840248    0.7747336949592767

cov.inverse():
   109.0613386467744   -43.65328907602989   -315.3468973473597    126.6588030443987    208.0481395189991   -82.87753278521048  0.07391615347453709   0.2495251684816211    -2.26981460640978  -0.4105420476109115
  -43.65328907602993    17.59493209095274     127.111456291451   -51.03965299758545   -83.80560736151543    33.37888813255013 -0.03456402206864307 -0.08969521207242329   0.9824402205115984    0.157832121491823
    -315.34689734736     127.111456291451    1001.102270495695   -398.5344828238314   -676.4136561951008    269.5212340484082   0.3885911560383004  -0.9528844239559627    11.93204754099603  -0.1327773342189008
   126.6588030443988   -51.03965299758548   -398.5344828238314    159.9178303283283     271.467444323168   -108.0856828705071  -0.1893216316547844   0.3474181206035338   -4.772263558205026  0.02887410341375744
   208.0481395189992   -83.80560736151544   -676.4136561951008     271.467444323168    469.9556184476714   -186.9858193097945   -1.140600088900471   0.7467382707119848   -9.563383288133929   0.6590614469126497
  -82.87753278521051    33.37888813255013    269.5212340484081    -108.085682870507   -186.9858193097945    76.10860420009327   0.4470106909434171  -0.2803154571357968    3.924620866463795  -0.3417917356016454
 0.07391615347452735 -0.03456402206863912   0.3885911560383313   -0.189321631654797   -1.140600088900493   0.4470106909434254    2.059723266459757  -0.9305812058610267  -0.7770784154103634   0.1685072962134931
  0.2495251684816309 -0.08969521207242724  -0.9528844239559933   0.3474181206035462   0.7467382707120058  -0.2803154571358051  -0.9305812058610267    1.245839679042609   0.2430228255756492 -0.07886346834799499
  -2.269814606409804   0.9824402205116071    11.93204754099608   -4.772263558205045   -9.563383288133958    3.924620866463807  -0.7770784154103635   0.2430228255756494    49.92984133212497 -0.09475643562170304
 -0.4105420476109175   0.1578321214918254  -0.1327773342188827   0.0288741034137502   0.6590614469126372  -0.3417917356016406   0.1685072962134931 -0.07886346834799501 -0.09475643562170284    1.367593378283273

cov*(cov_.inverse()):
     1.000000000000012  -1.40989650510015e-14  2.469378868052985e-14  7.625941978589568e-14   1.23338839141951e-14 -1.304685526282157e-14 -4.250072516143177e-17  1.301042606982605e-17  1.650589387391932e-15  6.245004513516506e-17
-1.069977439982495e-14      1.000000000000005  1.321165399303936e-14 -1.485877393347934e-14 -2.781108676686017e-14  1.278144257099711e-14 -3.122502256758253e-17 -1.734723475976807e-18  4.597017211338539e-16  8.326672684688674e-17
 -9.88271964263987e-15  7.919012667834124e-15       1.00000000000004 -5.796524284867877e-15 -1.432534646461647e-14  1.120045896307875e-14  2.721347452938616e-17  5.204170427930421e-18  1.446325698095663e-16 -3.469446951953614e-18
-6.317169010117141e-14  3.276198756729798e-14  1.137978600240785e-15     0.9999999999999842  1.931788062847772e-14   1.12271303365219e-14  2.081668171172169e-17  -2.42861286636753e-16   -3.7921055184853e-15 -5.551115123125783e-17
  5.80785419757035e-15 -3.714042962066344e-15 -2.509971397390842e-14  1.077957167971988e-14     0.9999999999999931  3.871902798380233e-15 -3.469446951953614e-18  5.204170427930421e-18  5.325601071248798e-16  6.938893903907228e-17
-9.575673587391975e-15  4.807786113669721e-15  3.148783317419301e-14 -1.490257570124776e-14 -7.997075224253081e-15     0.9999999999999977  3.295974604355933e-17 -3.295974604355933e-17  6.088879400678593e-16                      0
 5.793976409762536e-15 -7.112366251504909e-16 -1.132600957465257e-14  1.704365815147213e-16 -9.298117831235686e-16 -5.273559366969494e-16                      1  1.283695372222837e-16  1.734723475976807e-17  5.551115123125783e-17
 6.719451384196162e-15 -5.837344496661956e-16 -2.012279232133096e-15  2.476209341739644e-15  1.609823385706477e-15 -6.331740687315346e-16 -6.071532165918825e-18                      1 -3.599551212651875e-17 -1.734723475976807e-17
-1.994931997373328e-16  5.220433460517704e-17  8.024180278565218e-16 -2.561224344589663e-16 -4.529796676644438e-16  2.530527870581167e-16  1.414883835093583e-17 -4.147073309757054e-18     0.9999999999999999 -4.336808689942018e-19
-4.718447854656915e-15  2.539635168830046e-15  9.575673587391975e-16 -7.927686285214008e-15  5.551115123125783e-16 -8.881784197001252e-16                      0 -1.387778780781446e-17   1.52655665885959e-16     0.9999999999999999
