14
1

0.04938880861106102
 0.2118850161663507
 0.5632444028803146
 0.6948352692995108
 0.7652163767049556
 0.9760964713404768
  1.039603241228034
  1.198834160100558
   1.76219153733501
  1.828933248728974
  2.152640760204444
  2.403252925978578
  3.724202008167417
  7.343724612379134

     -0.38014067514254     0.2152823241468838     0.7115698240629823    -0.4002778148371352    -0.3289573465213815      0.185405260560633  0.0001438689327527671  0.0001220147021796253 -0.0002793150799066565  4.020942182885454e-05 -0.0002477206198781968  0.0004111450751769215  0.0009446743485766492  -0.001833012645401522
   -0.4616704917755547     0.2469677637258832    0.08930116856914661   -0.04594612578586767     0.7232250920697356    -0.3914596839721542    -0.1278025809797873    0.07652188072083764   -0.07536628977100125    0.02228204554303862    -0.0628343544903677    0.02657402309132431   -0.06134309402925389    0.05199367685029248
   -0.1609031782851329    0.05675662171864918   -0.08572161268556806    0.02935667228049127   0.003988117832850125   0.003839864273912605     0.8048715662644406     -0.290803596611484    -0.3560601734357128     0.2947708281623265   -0.03086298327535963   -0.02652273547596755   -0.09883177553159946    0.07190853262517356
    0.1666555846303861    -0.0490840410483449    0.08036800118730746   -0.02832558398430739   -0.02310937353594025   -0.01318771624488023     -0.387105341254216     0.1049554884897843    -0.5578567971189428     0.6506003544807855     0.1563836183326473    -0.1778886810872014    0.04068539323730221   -0.09349124236721097
  -0.07348452769610692    0.02626631720712323   -0.05356123518415853   0.008961291119547994   -0.02227750272253598    0.01186131901249033   -0.01550885466747998   0.001702272721902173     0.1267716697866873   -0.09560995880862566     0.5234416955030202    -0.6167903579828893    -0.4699911278217712     0.2992575125006526
    0.6600849416097779  -0.006899900560285659     0.5340827074315547   -0.02582518230367967     0.3920231528337844   -0.04946239017050739     0.2440265029818002  -0.004074371391824243    0.01796498504677362    -0.1257975081941368  -0.005152871376813758    -0.1744747019479961   -0.01886641880313763    -0.1251523013677509
   -0.1996473168081092   -0.01521983586346805     -0.121500677761491   -0.01394689127000368  0.0001478881280044637    0.03702319337047629    0.05273190697133718   -0.01317222379709703    0.04158117892433184   -0.08189639706044649     -0.013705519710873    -0.3448165254493859    -0.0644702788501659    -0.8994157915910769
   0.08037516180405428    0.02767063485658173    0.05467648287669114    0.02758686593364962  0.0007328470068568527    -0.0166240074776956   -0.01103362855037601    0.01037597855421229 -0.0002820626968964302    0.05168029051470432     0.3932975834729049     0.6472088275814808    -0.5939803968203202    -0.2438676287283834
   -0.2428928205086168    -0.4685535542406667     0.1029651955536571      0.131768848183961     0.2772084960785513     0.4256562093021096     0.1883849062168889     0.4036497305863597    0.02293902953161741    0.02226985461897144      0.373032093286314    0.09032976214562519      0.297785007003537   0.005965111127493817
    0.1048339762608795     0.2307666068049833    -0.1239762381283131     -0.170657527717901    -0.2058566167136757    -0.3115169870007866     0.2880307625243952     0.7993872967579573     0.1082140069441378     0.1235281559322089   -0.04367509523007343   -0.02393685483806266   -0.01726661617496309   -0.01062362464694182
  -0.06963219580440018    -0.1650486005256965     0.1376090172973186      0.264277104847245    0.07402868067155419     0.2251585600775861   -0.02635508280185094    0.08218441785409673     0.4299083224191522     0.4733341756269825    -0.4925139894357631   -0.08477102173483114    -0.3932792714927841    0.04706428066783994
    0.1567914879481693     0.2473657014242358     -0.346584572482828    -0.6347081403968101     0.2982522119695728     0.5237979506776519   -0.01929711248594946   -0.02595704962206665    0.09803524056626682     0.1139364071441788   -0.03689312001593083    0.02635633344106725   -0.03953908370273851    0.02598108195895813
  -0.03743993205381113    -0.3407492811034712     -0.025323503453658    -0.1394385411179105   0.004640741387268353     0.1248613733650327   -0.04845729241846474      0.243562218804649    -0.5324402743862866    -0.4200092620402635    -0.3944869861290464   -0.03906188823841225    -0.4017252509603423    0.08180350296282568
   0.02090782221310924     0.6387162817356268    0.01873694327013397     0.5437579758783618    0.01805333182724748     0.4348381041088685   -0.03794958901789472     0.1719231725483797    -0.2192093290911425    -0.1606207279631659   -0.03381213858349088   -0.01254158512765335   0.002689323499519667  -0.003630999159849448

22.70152099413596
33.75993679867527
35.54430098954699
56.45188997315533
 50.5756575657998
83.05252943628366
 67.6708646298343
113.1585295824175
76.92213733310265
 130.979339937051
90.64021558454603
154.2335222734251
106.5837464910078
183.5335906675658

1.76484760715248

   0.07124184706157048   -0.04032728875571057   -0.01392571127084731   0.007845245387730022   -0.05773616870744458    0.03260060198290675 -0.0003407174159199854  0.0001504621956887337 -3.911022567418634e-05   7.25771856267144e-05  8.308187443625999e-06  8.011157250950426e-05  0.0003494541091995914 -0.0002016064565008959

-5.799399624629075e-05  -0.004442053585508248  -0.004050256605412188   0.006591146605112135  -0.002389847631553593    0.01460439857879089   -0.01159122446068602   0.004867435460752751  -0.002566821777223147   0.001004882612975843     0.0222402403787198   0.005126244511024324     0.1943940418133444    -0.3825513215009498

cov:
     0.929636736956391      1.597580228490438   -0.06606170306493675    -0.1466325989041513     0.2136817229158158     0.3620176666342045   0.004214802403660879    0.01632547328659671   -0.02829021073626752 -0.0005598734956065192    0.03363942382972827    0.03330341610684272    0.03531498500250986     0.0155890341789395
     1.597580228490438      24.95808793735658   -0.08307106098334434      17.95910193339031     0.4127560030737988      14.10011566150917     -1.118284030391829      4.694608225722923     -5.166033541241486     -3.691153431884826     0.4661665383947434    -0.2677146476689873      1.755822689188371    -0.5128326331514053
  -0.06606170306493675   -0.08307106098334434      1.194428339417632      2.138181621496615    -0.1576595690251451    -0.2776771876321736    0.02073035554630527    0.00280850424397469  -0.006729499152510672   -0.01401848807114685    0.02188873886295265   -0.04633225533205153    0.04550971091075488   -0.02758889966522594
   -0.1466325989041513      17.95910193339031      2.138181621496615      19.02023260543898    -0.2618580455829351      11.21864357821151     -1.062295477104359       4.47166452983832     -5.279835699714077     -3.797662837623407    -0.5025687511277506    -0.4079975667251605     0.6248870159033953    -0.2834045954168683
    0.2136817229158158     0.4127560030737988    -0.1576595690251451    -0.2618580455829351      1.108139011332022      1.960506261084562   -0.02598685257861565   -0.03702525892484059    0.02227297656919148    0.05747022362680487    0.04820864819254399    0.04215571305580282    0.03784726045239808    0.02685432583198562
    0.3620176666342045      14.10011566150917    -0.2776771876321736      11.21864357821151      1.960506261084562       13.1317271278477     -1.114418631722918      4.158404410320314     -5.393904591586546       -3.7582376764918     -1.568983978963697    -0.2508185242879984    -0.7410414256970984     0.1807570586254689
  0.004214802403660879     -1.118284030391829    0.02073035554630527     -1.062295477104359   -0.02598685257861565     -1.114418631722918     0.8419710321111749     0.3874234773008166     0.8799123216679663     0.5922320496331068      0.525017420694426    0.05055903379699161      0.447632608327614    -0.1066086512828495
   0.01632547328659671      4.694608225722923    0.00280850424397469       4.47166452983832   -0.03702525892484059      4.158404410320314     0.3874234773008166       5.12827204995035     -3.360212801244292     -2.378519247380251     -1.460209912223107    -0.2271088701026583     -1.146265068861925     0.2345342638440372
  -0.02829021073626752     -5.166033541241486  -0.006729499152510672     -5.279835699714077    0.02227297656919148     -5.393904591586546     0.8799123216679663     -3.360212801244292      7.678509625467944       5.83274460320725      2.321217140862185     0.2668347625515249      2.106512402926754    -0.4594930591713265
-0.0005598734956065192     -3.691153431884826   -0.01401848807114685     -3.797662837623407    0.05747022362680487       -3.7582376764918     0.5922320496331068     -2.378519247380251       5.83274460320725      5.267284753897893      1.542053812503184      0.239660916408589      1.435385094510963    -0.2915839640995956
   0.03363942382972827     0.4661665383947434    0.02188873886295265    -0.5025687511277506    0.04820864819254399     -1.568983978963697      0.525017420694426     -1.460209912223107      2.321217140862185      1.542053812503184      4.185711119300611     0.7020815500699521      2.972013417122099    -0.5855399026594569
   0.03330341610684272    -0.2677146476689873   -0.04633225533205153    -0.4079975667251605    0.04215571305580282    -0.2508185242879984    0.05055903379699161    -0.2271088701026583     0.2668347625515249      0.239660916408589     0.7020815500699521      1.092028082845725    0.09087401777431253   -0.02531681461677372
   0.03531498500250986      1.755822689188371    0.04550971091075488     0.6248870159033953    0.03784726045239808    -0.7410414256970984      0.447632608327614     -1.146265068861925      2.106512402926754      1.435385094510963      2.972013417122099    0.09087401777431253      3.886135820110158    -0.3553830861686551
    0.0155890341789395    -0.5128326331514053   -0.02758889966522594    -0.2834045954168683    0.02685432583198562     0.1807570586254689    -0.1066086512828495     0.2345342638440372    -0.4594930591713265    -0.2915839640995956    -0.5855399026594569   -0.02531681461677372    -0.3553830861686551      1.141283739814598

cov.inverse():
    64.66448475644651    -36.08507982792616    -111.3613492702984     62.77712974740707     44.07181894232163      -24.951033687424    0.9048939248711212   -0.6312617438273183    0.7945573590418268   -0.2182792801964389    0.6865557331787613   -0.3346029488819439    0.5544483557010168   -0.2905252838614193
   -36.08507982792609     20.49497617095435     63.22256324390517    -35.62917825991027    -25.10104104928309     14.14283703584553   -0.5181090348173605    0.3557645200437948   -0.4378846772262602    0.1130831544149724    -0.391696811713044     0.176400979337786   -0.3312715178635928    0.1646602340357884
   -111.3613492702976     63.22256324390462     208.1435259051066     -116.827133816364    -94.30559491516054     53.27104783229653    -0.366279928506179    0.2706571935974874   -0.2297258165581114   0.03819468194850852   -0.1948570369894136    0.1722019048823511    0.2060439655810646    -0.471706451390255
    62.77712974740659    -35.62917825990995     -116.827133816364     65.84391221738436     53.22584638759876     -30.0298717802125    0.1906536530803817   -0.1477286076199019    0.1359975426679064  -0.02458014602172954    0.1064489364533258  -0.07692980577703447   -0.1215253830503055    0.2743858356943446
    44.07181894232011    -25.10104104928222    -94.30559491515855     53.22584638759767     56.23098350250153    -31.24192778252715    -1.950904590956356     1.192780755745518     -1.14455192678532    0.2856158198726221   -0.9824392786774884    0.3423054654422911    -1.089780623227871     1.030331653279296
   -24.95103368742313     14.14283703584505     53.27104783229543     -30.0298717802119    -31.24192778252716     17.66086662458906     1.129789816128683   -0.6785611762906525    0.6661953926284472   -0.1844379224300621    0.5543545802501035   -0.2062257424054941    0.6166284977897747   -0.5975282451975621
   0.9048939248713199   -0.5181090348174718   -0.3662799285065449    0.1906536530805877    -1.950904590956187     1.129789816128588      2.81842984566279   -0.9496117555925945   -0.2283078144010328    0.1391919806207734  -0.02051075926222815  -0.04646839950984354  -0.07930545401824336   0.02609836273377082
   -0.631261743827442    0.3557645200438647     0.270657193597717   -0.1477286076200312     1.192780755745412   -0.6785611762905931   -0.9496117555925946     0.669980971354138    0.1023999569959079  -0.05674598309769542  -0.01782614883977785   0.04245708514332448   0.01088022781553741   0.01327550471417735
   0.7945573590418602   -0.4378846772262793    -0.229725816558173     0.135997542667941    -1.144551926785293    0.6661953926284322   -0.2283078144010327    0.1023999569959077     1.266697426080291    -1.079443947756777   0.04237867375405746   0.03446496552355849   0.04220525320356736  -0.03049777346351879
  -0.2182792801964131    0.1130831544149576   0.03819468194845996  -0.02458014602170203    0.2856158198726454   -0.1844379224300751    0.1391919806207738   -0.0567459830976955    -1.079443947756778     1.270477909861151   0.04333748382173704  -0.08517204801109432  -0.03197318280755421 -0.003846285497500447
   0.6865557331788609   -0.3916968117131007   -0.1948570369895992    0.1064489364534302   -0.9824392786774037    0.5543545802500559  -0.02051075926222818   -0.0178261488397779   0.04237867375405794   0.04333748382173665    0.8265751125887346   -0.4400847722479951   -0.3837354889532957   0.09636107114381541
   -0.334602948882002    0.1764009793378193    0.1722019048824616  -0.07692980577709672    0.3423054654422389   -0.2062257424054648  -0.04646839950984313   0.04245708514332427   0.03446496552355833  -0.08517204801109408   -0.4400847722479951     1.171250966657065     0.225652712330087  -0.05698702684991998
   0.5544483557010926   -0.3312715178636356    0.2060439655809235    -0.121525383050226    -1.089780623227806    0.6166284977897378  -0.07930545401824331   0.01088022781553735   0.04220525320356711  -0.03197318280755416    -0.383735488953296    0.2256527123300869    0.8192690496865299   -0.1912255968706772
  -0.2905252838614842    0.1646602340358256   -0.4717064513901357    0.2743858356942775     1.030331653279245   -0.5975282451975331   0.02609836273377005   0.01327550471417785  -0.03049777346351858 -0.003846285497500771   0.09636107114381506   -0.0569870268499197   -0.1912255968706774     1.056367438181256

cov*(cov_.inverse()):
     1.000000000000025 -6.653141579326949e-14  1.304303887117442e-13 -6.615107767116157e-14  2.008809785181143e-15 -2.408663546393797e-14 -2.196756231781505e-15  5.995909064387961e-16  4.233809483555895e-16  1.830268792427092e-17  1.743397093356691e-16 -4.704353226414604e-16 -1.431146867680866e-16 -7.702172233337023e-16
-1.942890293094024e-15     0.9999999999999832  2.583766534058896e-13 -5.756506382681437e-14  5.606626274357041e-14 -1.004751837285767e-14 -2.999336889963899e-15  9.367506770274758e-16 -1.217775880135719e-15  5.121771062821523e-16 -1.693090112553364e-15 -4.961309141293668e-16 -2.220446049250313e-16  1.110223024625157e-16
-3.679695437242003e-14  1.727437637377705e-14      1.000000000000031 -4.376533857541887e-14 -2.151750999601632e-14 -2.674943599956237e-15  5.421010862427522e-18 -8.337514706413529e-17 -5.637851296924623e-18 -2.773524682489481e-16   7.41594285980085e-17  3.903127820947816e-17  3.122502256758253e-17 -1.214306433183765e-16
-2.655375919147218e-13  5.914713163690521e-14  3.116951141635127e-13     0.9999999999999317  1.759703494030873e-14  1.183220188494261e-13  7.051650929845721e-16 -2.141082450224374e-15 -8.743006318923108e-16  3.046608104684267e-16 -4.649058915617843e-16  8.916478666520788e-16  2.498001805406602e-16  2.220446049250313e-16
 -3.97685356867683e-14  1.199301075116566e-14  9.262555999978161e-14 -5.574794098572866e-14     0.9999999999999684  7.851358452271029e-15 -9.370759376792215e-16  4.925530469601647e-16  3.176712365382528e-16 -2.867443695681038e-16 -2.224782857940255e-16  1.546072297964329e-16 -2.688821387764051e-17 -2.740863092043355e-16
 1.477151734263771e-13  1.249000902703301e-15 -1.456196274673971e-13  2.106162466652961e-13  8.165690346118026e-14     0.9999999999999666 -9.610368056911511e-16 -2.909998630951094e-16 -9.540979117872439e-18  4.889751797909625e-17 -7.840950111415168e-16  6.886852199627924e-16 -2.567390744445674e-16  6.106226635438361e-16
-5.242334344401911e-15  5.967448757360216e-16  1.678518435355159e-14 -1.126876369994534e-14 -4.329869796038111e-15  7.563394355258879e-15     0.9999999999999993  1.437652080715779e-16  1.908195823574488e-16 -4.560154337474032e-16 -3.469446951953614e-18  3.122502256758253e-17 -1.838806884535416e-16 -1.387778780781446e-17
-1.375288771754413e-14  3.104461132608094e-14  1.780520175742595e-14 -2.510491814433635e-14 -3.672062653947705e-14  2.095545958979983e-14 -5.238864897449957e-16                      1 -7.129713486264677e-16  2.045889499480147e-16 -2.706168622523819e-16  3.070460552478949e-16  1.595945597898663e-16  1.110223024625157e-16
-5.404010572362949e-14   2.66869859544272e-14  1.137701044484629e-13 -5.856426454897701e-14 -9.786615962070755e-14                      0  6.539907504432563e-16 -9.601694439531627e-16     0.9999999999999982  1.199778124072459e-15   4.85722573273506e-17  7.979727989493313e-17  1.249000902703301e-16 -8.326672684688674e-16
 4.325706459695766e-14 -2.884498195854235e-14   3.61932706027801e-14 -1.000588500943422e-14 -2.453592884421596e-14 -7.605027718682322e-15  -1.97758476261356e-16 -1.387778780781446e-17 -6.245004513516506e-16                      1  6.175615574477433e-16 -2.012279232133096e-16  2.081668171172169e-17  -3.33066907387547e-16
 -5.35682609381638e-15 -3.039235529911366e-15 -1.654232306691483e-14  7.632783294297951e-15    1.4210854715202e-14 -1.498801083243961e-15 -4.805184028455756e-16 -7.806255641895632e-17  6.106226635438361e-16 -6.088879400678593e-16     0.9999999999999999                      0   3.05311331771918e-16 -1.110223024625157e-16
-1.190974402431877e-14   3.53710116751671e-15  2.444225377651321e-14 -1.148300204922847e-14 -1.006139616066548e-14  4.178948853628128e-15 -3.014082039509702e-17  1.084202172485504e-19  -5.99563801384484e-17  4.068468652251855e-17  1.201296007113939e-16     0.9999999999999994  1.058181320345852e-16 -7.632783294297951e-17
-1.598721155460225e-14  6.730727086790012e-15    4.6074255521944e-15 -2.706168622523819e-15  1.598721155460225e-14  5.828670879282072e-16 -5.707240235963695e-16 -5.030698080332741e-17     5.759281940243e-16 -1.137761759806288e-15 -8.326672684688674e-17   3.33066907387547e-16     0.9999999999999994 -5.551115123125783e-17
 1.104671909502031e-14 -7.188694084447889e-15 -1.110223024625157e-14  4.773959005888173e-15  3.552713678800501e-15 -3.663735981263017e-15 -4.510281037539698e-17  9.367506770274758e-17  8.326672684688674e-17 -4.336808689942018e-17 -6.938893903907228e-17 -5.551115123125783e-17  2.775557561562891e-17                      1
