10
1

0.1311664827843174
0.8185589411755607
0.8863117664940492
0.9652479128554267
 1.291788355645176
 1.837342351079218
 2.310577542426051
 2.414943503255282
 5.513763803176873
 8.304247479464449

   -0.552731290645475    0.2635029138685228    0.7073490230038335   -0.3386578174996251  -0.03862411949607479   0.02437277551633498  -0.05611031380434503   0.01364201214319717  -0.06004879490552268   0.03156568790216899
   -0.164688876709872   0.01960511026825385   -0.1112010657292517   0.01793181999000125    0.1602219836323997    0.3205315911405622    0.4924246351534347   -0.6569071692179106   -0.2167466155641282    0.3322743681949408
  -0.5193447385120965   0.04407033373047946   -0.3753077148732589   0.05667780459418237    0.2806451569060505   -0.6768967836888997   0.02561947866752205   0.05404996234758802   -0.1974007041566734   0.06910021639590999
   0.5485465191761641    0.0168474756724051    0.4388033274718249  -0.02591390291660256   0.04504632779549752   -0.6098764927784738    0.2065510008910176    -0.246044588444364   -0.1279378627245664    0.1097502984800785
   -0.201493873490376  -0.06787535673538053   -0.1187380229856649  -0.03206221246121786   -0.7604472927145589   -0.2433734903444425    0.2104522697099402   -0.2971734101331404     0.362470786925579    -0.195367463087956
  0.04991996848699824   0.05937868593711793  -0.06483941951975963  -0.05415892525562827   -0.4231858113723925   0.04045700279993204    0.4028218448563224    0.5587106303652365   -0.4006322375274605    0.4137543135108557
 -0.09527756727987878   -0.1929144090985075    0.1781968384696637    0.2955199923446634   0.08455648916294355   0.06846064398657209    0.4376188930032249    0.1218561630371097   -0.3214678920393769   -0.7162978092868035
   0.2088454067216412    0.5001139505434096   -0.3214284454363376   -0.6216749456717615 -0.006464504535291139   0.02166475753098468   0.02802042610930083  -0.08483400443340609   -0.2432828651193968   -0.3857382433276586
 -0.02200557398176288   -0.3342562914340523  0.001420830076926431  0.007446412796727193   -0.3167587292018637   0.01042367065711715   -0.5345485010994376   -0.2714209938631011   -0.6538354519559173  -0.01933956880610577
  0.02175327054211569    0.7216409971431347   0.02263173948135383    0.6350409442804292   -0.1647793053254235   0.01986392208225881   -0.1626554683452769  -0.09296685291552405    -0.110271005816399  -0.01287412937003559

22.67394856849502
45.29552862569239
35.55995561105311
 71.8479523006847
65.35385993670582
 133.249750261248
 75.7882330207982
155.4873645741748
 89.9434333445254
184.7571943986027

2.058185821487671

   0.1255944040653613  -0.06100256554874078   -0.1159961694396596   0.05627345281295716  -0.00260054667256833  0.001361861589138147 -0.003550680678487361 0.0008376993283120442 -0.003658236272366978  0.001970936832501528

-0.003199640136439416 -0.005898388925302829  -0.01730603690700521   0.01332893339462549  -0.01711793661905426   0.03239198135609053  -0.03231275401927033  -0.01150217131903851    0.6914321976063041   -0.4720941639834691

cov:
   0.9420088204894749      2.03221125290483   -0.0372142880461309  0.006676235089216977   -0.0105709706823462   0.03189203124580936  -0.03642951627693333 -0.004555326373687647  -0.01054937067434092    0.0145116775122243
     2.03221125290483     40.98913827085053  -0.01310384393781004     29.40244439239179    -5.073607580422143    0.8822668906265781    -2.964203046165769    -2.106149631047457    0.6448122855337431   -0.7177879958010298
  -0.0372142880461309  -0.01310384393781004     1.152105990850437     2.423381090781501  -0.01171916070544529   0.02197659337770087 -0.003494601378434971  -0.01269058830530406  -0.01293961339514057  -0.03102247042060209
 0.006676235089216977     29.40244439239179     2.423381090781501     30.54901208105618    -6.999390181983721    0.8956404769544102    -6.737808469534733    -3.718768879195591    -4.556330866204235   -0.3607191178532487
  -0.0105709706823462    -5.073607580422143  -0.01171916070544529    -6.999390181983721     6.611761093044296   -0.1854042851004364     6.417168613845737     3.238378178395081     7.453768305543679   -0.2639664716510839
  0.03189203124580936    0.8822668906265781   0.02197659337770087    0.8956404769544102   -0.1854042851004364    0.9379641151576529   -0.2844277628366398  -0.01255566759459981   -0.5773205622733321   -0.2261834807976463
 -0.03642951627693333    -2.964203046165769 -0.003494601378434971    -6.737808469534733     6.417168613845737   -0.2844277628366398     12.36297701205138     6.116908791841634     10.55407632877681    -0.651708841261628
-0.004555326373687647    -2.106149631047457  -0.01269058830530406    -3.718768879195591     3.238378178395081  -0.01255566759459981     6.116908791841634     4.505925633059759     5.194338888480914    0.6757658723979402
 -0.01054937067434092    0.6448122855337431  -0.01293961339514057    -4.556330866204235     7.453768305543679   -0.5773205622733321     10.55407632877681     5.194338888480914      15.5706197455455     1.509111690745537
   0.0145116775122243   -0.7177879958010298  -0.03102247042060209   -0.3607191178532487   -0.2639664716510839   -0.2261834807976463    -0.651708841261628    0.6757658723979402     1.509111690745537     4.360364956720063

cov.inverse():
   18.49858224414284   -8.458661697931021   -22.19240508782278    10.79860643427947    1.126472177239429  -0.7438227071029349    1.760360021735406  -0.4183083904083646    1.985407070208459   -1.048155508809184
  -8.458661697931031    4.103998212841722    10.78714908281352   -5.240654113042043  -0.5486758134012009   0.3437524901251678  -0.8505039517689372   0.2005488210163099  -0.9644271520351505    0.507143861053119
  -22.19240508782278    10.78714908281352    29.51962445585665   -13.91812382005703   -1.662095921784947    1.002665356335219   -2.313322856326927   0.5473087200018629   -2.414293103806677    1.264617689230632
   10.79860643427947   -5.240654113042045   -13.91812382005703    6.761423338693375   0.8087392619307675  -0.4973608383397343    1.122864486542779  -0.2637558604784997    1.171947578419278  -0.6120545139256591
    1.12647217723944  -0.5486758134012066   -1.662095921784962   0.8087392619307744   0.6320962917835719  -0.1426447624594409   0.1293128448457359  -0.1098342540524147  -0.1064340385280988  0.06506135073313382
 -0.7438227071029397   0.3437524901251707    1.002665356335226  -0.4973608383397378  -0.1426447624594409    1.207297093195438 -0.02158377844132232  -0.1292771368391201 0.002141478142547936  0.09510978009256556
   1.760360021735403  -0.8505039517689358   -2.313322856326923    1.122864486542777   0.1293128448457343 -0.02158377844132142   0.7119110497629312  -0.5362860336764865  -0.0161074554275347   0.1323671835437101
 -0.4183083904083586   0.2005488210163072   0.5473087200018553  -0.2637558604784961  -0.1098342540524138  -0.1292771368391206  -0.5362860336764855   0.8754990219808173  0.05641906206913946  -0.2322400348262502
   1.985407070208458  -0.9644271520351481   -2.414293103806669    1.171947578419274  -0.1064340385281004 0.002141478142548698 -0.01610745542753535  0.05641906206913963   0.5168966055573258  -0.2819736605611098
  -1.048155508809182   0.5071438610531184     1.26461768923063  -0.6120545139256579  0.06506135073313458  0.09510978009256525   0.1323671835437101  -0.2322400348262502  -0.2819736605611098   0.4369140811049115

cov*(cov_.inverse()):
     1.000000000000018  1.112911846012921e-14 -1.630987012113394e-14  8.793313299726435e-15  1.302343649589588e-15 -1.239026242716434e-15  4.831204880595408e-16 -6.518223460982853e-16 -3.687154748188703e-15 -1.140580685454751e-15
 1.787459069646502e-14      1.000000000000003 -5.484501741648273e-14  7.271960811294775e-15  2.442490654175344e-15   -2.3037127760972e-15 -7.216449660063518e-16 -2.775557561562891e-16 -7.632783294297951e-15 -1.609823385706477e-15
-4.572731082674864e-15 -1.623701173514291e-15     0.9999999999999885  1.203898092327904e-15  6.643990912991171e-16 -3.651592916931179e-16  3.859759734048396e-16  5.377642775528102e-17  2.029626466892864e-16  -2.51534904016637e-16
 4.918287999089443e-14 -2.770006446439766e-14 -9.986456106503283e-14      1.000000000000004  1.918604164430349e-15  5.134781488891349e-16  5.939693181744587e-15 -2.914335439641036e-16                      0 -5.551115123125783e-16
 2.331468351712829e-15 -4.996003610813204e-15  7.216449660063518e-16  5.995204332975845e-15      1.000000000000002  -6.38378239159465e-16 -1.748601263784622e-15 -2.151057110211241e-16  8.604228440844963e-16  2.775557561562891e-17
 4.440892098500626e-16  3.469446951953614e-16 -3.164135620181696e-15  3.885780586188048e-16  6.938893903907228e-17                      1  6.245004513516506e-17  6.938893903907228e-18  -1.52655665885959e-16  -9.71445146547012e-17
-1.953992523340276e-14  1.154631945610163e-14  8.104628079763643e-15 -3.441691376337985e-15  6.245004513516506e-17  4.232725281383409e-16     0.9999999999999991 -1.221245327087672e-15 -2.220446049250313e-16 -2.220446049250313e-16
 -2.55351295663786e-15  7.771561172376096e-16  4.662936703425657e-15  4.107825191113079e-15  4.718447854656915e-16  1.110223024625157e-16  1.387778780781446e-17     0.9999999999999992  1.110223024625157e-16  1.110223024625157e-16
-1.110223024625157e-15  7.882583474838611e-15  2.442490654175344e-15 -2.997602166487923e-15  -7.91033905045424e-16  1.387778780781446e-16 -2.386979502944087e-15   1.77635683940025e-15      1.000000000000002 -2.220446049250313e-16
                     0                      0  8.881784197001252e-16                      0  2.220446049250313e-16 -1.110223024625157e-16                      0  2.220446049250313e-16 -4.440892098500626e-16                      1
