12
1

0.05350939699978682
0.06680240285250881
 0.4205021760437275
 0.7165718927971328
 0.8046062582364427
 0.9513780257766916
  1.307084655409518
  1.655155966507632
  2.191188790816706
  2.615907253039577
  4.028701860523754
  6.971460663478211

    0.1131613745649189   -0.04934768614811327    0.07211188028915239   -0.03196913414339809    -0.7236491503937778     0.3163003816235586     0.5455273603120053    -0.2390413070573809 -0.0001180233768698404  1.637831812211068e-05  -0.003278657243429631   0.008457243112990773
    0.4490069736275971    -0.1974527713888621    -0.7655437333752878     0.3347597535816411     0.1323678493012071   -0.05831560935396535      0.184015062304618   -0.08005824511544217  -0.004153029117784126  -0.005017313610065036  -0.003133072634711448    0.00622732339712208
   -0.4947093668817875     0.1707268022949214   -0.06699908237281521    0.02982115484384616     0.3880704216358796    -0.1439359707233954     0.5959979957472178    -0.2909152023397658    -0.1695268391450518    0.07986650670340412    -0.2427134928341857     0.1246895889456779
    0.1575777767625684   -0.02460618851592037     0.1012907919553127   -0.02896302537059848     0.0418700061667735  -0.005650316949118611   -0.02984297720307279   -0.09707566988720925    -0.8904811778149084    -0.3038079861838583     0.1633543169819221    -0.1985576302360607
  -0.06463541611793372   -0.01313255049061552    -0.0398872778876698   0.001707025052966512   0.005781169236719504    0.06577377378151324     0.3858840500896072     0.9081419414839939    -0.1156873961052603   0.006887967345637124     0.0223497984088554   -0.04623269186718069
    0.6077886778112292   -0.03681932745562136     0.5038444378116469   -0.01522106004483604     0.3763006101319566   -0.04598735483356779     0.3040690947330655   -0.05883691073902748    0.08311300521444537     0.3478171685289964    0.08316321421916968   -0.02662527148468259
   -0.2447701814362254   -0.07017157123964679    -0.1847284060459048   -0.05745807981454018    -0.1009769792085985   -0.02835656139216815    -0.0661300747090682   -0.04695920324039538    -0.1711886096446097     0.7469814663886598     0.4889578352103234    -0.2319311959727456
    0.1305567982495921     0.1105198925496745   -0.01924031232668627   -0.01858625163682459    -0.1630588064703178   -0.09699433383626675    -0.1511729448385438    0.08772045453514415    -0.3025827417106674      0.288016329899729    -0.1248615209287238     0.8446184366776064
    -0.174732881693189    -0.3737949248390474    0.05926441395602149     0.1518915693057748     0.3134453491631511     0.7289584968327556   -0.02748108575143623   -0.04824587473740978    0.01014156197887196   -0.08512504918174477     0.2726830285915653     0.2979025742632539
    0.1828792554939946     0.4239460908924381    -0.3074712427893863    -0.6804523275162954     0.1705172508971967     0.4251740488006477   -0.02584005382558468     -0.016092575171749   -0.00814881239662957    0.05494891058603497    -0.1061928607227654   -0.06428422194596492
 -0.007478474214254644   -0.08252644688306354   -0.07288584214044516    -0.4038965993527252     0.0264681123914431    -0.3609073862731984     0.2057715942929103   -0.04145748527673014     0.1801637625658181     -0.346570700055876     0.6451905476852779     0.2843100423659191
   0.03800611447079356     0.7641293950227925    0.02618777346437359     0.4817523924411085  -0.003759454817315753     0.1293956865726931   0.008849507434764646   0.002370426572576204    0.06712096926580216   -0.09466268424802819     0.3878084108151648    0.03446322840158131

22.60357125254878
 48.7388957772264
35.63597724663775
78.32029443880077
50.18237868967494
111.3696366570087
58.06536935974871
129.2509875426506
69.11290869495355
  155.38217659061
98.30274329582409
221.4309615930729

2.266892018699359

  0.06671871218635402  -0.02951169748066054  0.008264725332276462 -0.003477182524704647  -0.03622424709593348   0.01593735638104805  -0.03887976186683862   0.01689862042645864  6.12623334642333e-05 0.0005914097803408967  0.000359048665243761 -0.001061951935936218

4.497745580882378e-05 6.270204492001446e-05  -0.01473366228752263  0.005199333717047834 -0.001957844089089369    0.0171456455431981  -0.01665792710438349   0.04461441285995874 -0.002000397988691612  0.006221162241855577   -0.2099770272626787    -0.949113309986004

cov:
   0.9896420459730682      2.29744195038006  -0.01552191736544037  -0.03543747485657928    0.1004182802390738    0.1645758323972718    0.0527965091094681   0.02774692412481177   0.04010611566474792  -0.04249457285483357    0.1064896076956496   0.05818763509814871
     2.29744195038006     30.43811277734165   0.06905787580066801     16.18825149544803   -0.2816145833500516     5.184790953511295 -0.005739002525835083     0.202441319423466      2.14281512890529    -2.746900108079005     12.63187067372719    0.4690083845787871
 -0.01552191736544037   0.06905787580066801     1.082150739309563      2.57497342400738  -0.09677637073652204   -0.1024514399450061  -0.03719665068869622   0.03072653780073997  -0.04109320518576465   0.04044379768567418  -0.06763633191507244  -0.06653779759725548
 -0.03543747485657928     16.18825149544803      2.57497342400738     17.21441481706838    -0.812201024666854     3.955047359761431    -1.027202656074728    0.3687886505885966    0.4791274952740951   -0.3502792793111184     5.497418099854892   -0.5565795307005225
   0.1004182802390738   -0.2816145833500516  -0.09677637073652204    -0.812201024666854    0.9302984037683276     1.436587030020174    0.2384529379462685   -0.1789541979894576    0.2326803742253185   -0.3356666601763562    0.4794660206333642    0.1469050826466624
   0.1645758323972718     5.184790953511295   -0.1024514399450061     3.955047359761431     1.436587030020174     6.752013757428972    -1.288543203845069   0.06964802675423827    -0.534236974905703      1.16867104283618   -0.6823796690731991   -0.8097006376120559
   0.0527965091094681 -0.005739002525835083  -0.03719665068869622    -1.027202656074728    0.2384529379462685    -1.288543203845069     1.013665068640406   0.02181651107330883    0.7650793293604063     -1.28982314100891     2.301226847435908    0.6101445551365298
  0.02774692412481177     0.202441319423466   0.03072653780073997    0.3687886505885966   -0.1789541979894576   0.06964802675423827   0.02181651107330883    0.6230113461169687   -0.1932596181318947    0.2418090361097352   -0.4971018508584652  -0.04996952901485595
  0.04010611566474792      2.14281512890529  -0.04109320518576465    0.4791274952740951    0.2326803742253185    -0.534236974905703    0.7650793293604063   -0.1932596181318947     1.474783552971747    -1.624483570890553     3.068581728308343    0.4180836688123713
 -0.04249457285483357    -2.746900108079005   0.04044379768567418   -0.3502792793111184   -0.3356666601763562      1.16867104283618     -1.28982314100891    0.2418090361097352    -1.624483570890553     3.779027924394326    -5.041915900985785    -1.509137285599848
   0.1064896076956496     12.63187067372719  -0.06763633191507244     5.497418099854892    0.4794660206333642   -0.6823796690731991     2.301226847435908   -0.4971018508584652     3.068581728308343    -5.041915900985785     14.98171007950909     3.556176644470493
  0.05818763509814871    0.4690083845787871  -0.06653779759725548   -0.5565795307005225    0.1469050826466624   -0.8097006376120559    0.6101445551365298  -0.04996952901485595    0.4180836688123713    -1.509137285599848     3.556176644470493     3.895297147190292

cov.inverse():
    51.54943513028864    -22.28504023364296    -73.60020313765982     32.30033399519078     -16.1025741430796     6.981353229222672     38.56674887050406    -16.83634491721439   -0.1446545835228072    -0.676629243502054    0.2492268464029456    0.5985825791830011
   -22.28504023364298     9.830020495792725     32.52450726572988     -14.2729479056851     6.955943821018559    -3.038573038380122    -16.99115422672201     7.378342692435634   0.05741567311665512    0.2903440376227287     -0.10098820043512   -0.2738479027990255
   -73.60020313766142     32.52450726573053     133.5070004185195    -58.21726643096737    -40.85427028409889     17.98914583330509    -17.90628409395476     7.720667879555942    0.6717924007990246    0.8793173116895479    0.5774625090748255   -0.9292212283975734
    32.30033399519147    -14.27294790568538    -58.21726643096738     25.56527994798873     18.06290286655041    -7.936498110604277     7.810958274426089    -3.374702476972713   -0.2851643397230548   -0.3793291795845737   -0.2585309212897708     0.416423587600546
   -16.10257414307546     6.955943821016789    -40.85427028410508     18.06290286655317     187.8708557799092     -81.9402500429144    -130.9701745359903     57.37098221147948    -0.475633060524898   0.07617429223615146    0.2458265478324125    -1.725014392969144
    6.981353229220845     -3.03857303837933      17.9891458333079    -7.936498110605513    -81.94025004291441     35.97898769891381      57.3941387921303    -25.03701375103679    0.1838131304207117    -0.035918231787797   -0.1096337210173379    0.7591757248347224
    38.56674887050137    -16.99115422672086    -17.90628409394996     7.810958274423955    -130.9701745359924     57.39413879213125     113.8821204994184    -49.30162725284622   -0.7288352256942051    0.1551002897370497    -1.545137480561861     2.227954413764911
   -16.83634491721329      7.37834269243513     7.720667879553783    -3.374702476971767     57.37098221148046    -25.03701375103723    -49.30162725284625     23.17225562480585    0.3584134636419293  -0.00796981992350828     0.702756759532366    -1.018654475910271
  -0.1446545835228322   0.05741567311666531    0.6717924007990507   -0.2851643397230664   -0.4756330605248734     0.183813130420701   -0.7288352256942334    0.3584134636419415      1.79169836298236    0.3747939387550224  -0.07070241649453173    0.1583316212499746
  -0.6766292435020737    0.2903440376227369    0.8793173116895617   -0.3793291795845799    0.0761742922361926  -0.03591823178781495    0.1551002897370121 -0.007969819923492051    0.3747939387550223    0.7216129335532435  0.009856079203345934    0.1315794861094193
   0.2492268464029456   -0.1009882004351201    0.5774625090748373    -0.258530921289776    0.2458265478323776   -0.1096337210173227    -1.545137480561839    0.7027567595323565  -0.07070241649453116  0.009856079203345969    0.5909995846075852   -0.3278011228971523
    0.598582579182985   -0.2738479027990183   -0.9292212283975367    0.4164235876005298    -1.725014392969177    0.7591757248347369     2.227954413764925    -1.018654475910277    0.1583316212499748    0.1315794861094198   -0.3278011228971527    0.5184426616295067

cov*(cov_.inverse()):
    0.9999999999999444  1.924849168943865e-14  1.728617249341369e-13  -5.55284984660176e-14 -1.324079734743577e-13  3.681777105413175e-14  8.984479826779079e-14  3.584632590758474e-14  1.835337437583462e-15  1.027823659516258e-15  4.267419750902945e-16 -2.463307335887066e-16
-4.141131881851834e-14     0.9999999999999964 -1.015854067532018e-14 -6.605826996519681e-15 -7.882583474838611e-15  8.826273045769994e-15  2.930988785010413e-14  1.765254609153999e-14  4.163336342344337e-16  1.942890293094024e-16  2.775557561562891e-16 -6.661338147750939e-16
 6.591949208711867e-15  1.582067810090848e-14       1.00000000000002  1.592476150946709e-15 -5.491440635552181e-14  2.449429548079252e-15  3.194666753358888e-14  1.217081990745328e-14  4.926614671774132e-16  2.168404344971009e-16  1.040834085586084e-16  1.595945597898663e-16
-1.615374500829603e-14  -1.52655665885959e-14 -1.233457780358549e-13      1.000000000000076  5.961897642237091e-14 -7.605027718682322e-15  6.705747068735946e-14 -2.098321516541546e-14  -9.71445146547012e-16 -6.938893903907228e-16 -6.106226635438361e-16  1.387778780781446e-15
 1.207367539279858e-15  9.992007221626409e-16  5.329070518200751e-15  2.248201624865942e-15     0.9999999999999989  5.120903701083535e-15  9.381384558082573e-15  9.686695889854491e-15 -6.938893903907228e-17  3.122502256758253e-17  2.220446049250313e-16   9.71445146547012e-17
-9.825473767932635e-15 -1.659783421814609e-14 -2.853273173286652e-14  3.608224830031759e-15  1.001421168211891e-13       1.00000000000001 -4.707345624410664e-14  9.436895709313831e-15 -4.440892098500626e-16 -5.551115123125783e-16 -2.220446049250313e-16 -1.110223024625157e-16
  1.13242748511766e-14  2.969846590872294e-15 -6.106226635438361e-15  5.051514762044462e-15  -5.46229728115577e-14  9.048317650695026e-15       1.00000000000002 -4.329869796038111e-15 -2.636779683484747e-16 -1.387778780781446e-17 -8.604228440844963e-16  4.440892098500626e-16
 3.712308238590367e-15 -1.342675970406049e-15 -1.748601263784622e-15 -2.636779683484747e-16 -2.470246229790973e-15  1.110223024625157e-16 -2.414735078559715e-15      1.000000000000003  4.163336342344337e-17  4.336808689942018e-18                      0 -1.040834085586084e-16
-5.329070518200751e-15 -5.537237335317968e-15 -1.326716514427062e-14  2.775557561562891e-15 -1.232347557333924e-14 -4.773959005888173e-15  4.107825191113079e-15 -4.940492459581947e-15     0.9999999999999998 -9.020562075079397e-17 -2.498001805406602e-16  2.775557561562891e-16
-2.231548279496565e-14  4.884981308350689e-15  4.574118861455645e-14 -1.731947918415244e-14  1.509903313490213e-14  1.199040866595169e-14 -6.217248937900877e-15  4.440892098500626e-15  5.828670879282072e-16     0.9999999999999999 -2.220446049250313e-16 -7.771561172376096e-16
-4.085620730620576e-14 -1.876276911616515e-14 -1.021405182655144e-13  1.865174681370263e-14  4.618527782440651e-14  -5.81756864903582e-14 -1.012523398458143e-13  2.664535259100376e-15 -1.110223024625157e-15 -1.720845688168993e-15      1.000000000000001 -8.881784197001252e-16
 1.332267629550188e-15   1.77635683940025e-15  5.329070518200751e-15 -8.881784197001252e-16 -1.687538997430238e-14 -8.881784197001252e-16   1.77635683940025e-15 -2.664535259100376e-15  1.110223024625157e-16  1.110223024625157e-16                      0                      1
