10
1

0.05437713113322654
0.06762985046973517
 0.5579235339248285
 0.8031176651389131
 0.9803884817549604
  1.409408422600291
   1.94972918865487
  2.578854939661595
  3.100150001171417
  6.609689420805986

  -0.1027439963641025   0.04477786727438534  -0.09569403289506913   0.04238710176015307    0.7287615958367583   -0.3189839151337048   -0.5370291827450082     0.234920015242482 -0.001646359177611047 -0.007066160607914295
   0.4550190867281468   -0.2002963757778818   -0.7622049530286324    0.3334160804429824    0.1092010493660329  -0.04828783368938654    0.1978413128100111  -0.08533240867815196  0.002396187882530798  0.005584678805319011
  -0.4694700716446022    0.1334212753924032  -0.05778167876632247   0.02240422718320432    0.3860110016134138   -0.1265847305158334    0.5845180037284919   -0.2872034581916014    -0.345333375642553    0.2225432374325267
  0.09855516921661356  0.007744587379624145   0.06607266810156845 -0.006346843752950891   0.01276160672085301  -0.06885323976431901   -0.3734753857166804    -0.916624145575066   0.03366953342883808   0.01000336895347784
  -0.6850138014397161   0.02062648964399173   -0.5430022164082756  0.006357843877088224   -0.3717350330214814   0.03291721678525956   -0.2930126471226531  0.002744147269223575    0.1013828624488099 -0.005089804148167154
   0.1245877731807124    0.0513757669136846  0.001573419863096533 -0.004703973932919385   -0.1195401575282999   -0.0149727555522655    -0.148931572715011   0.08550898797284763   0.02247613779601082    0.9681436900122957
  -0.1961894010820319   -0.3189990997564843   0.09714238650487428    0.1629967622962964    0.3299244180461105    0.4958474133744245    0.1233337411980818  -0.07540770995329428    0.6616894920300322    0.1014860000602985
   0.1418226063421106    0.2948759487284876    -0.274510135779414   -0.5751892786955765    0.2154547740872798    0.6278495864329562  -0.08533694388609184  -0.01474862565806643   -0.1963883484744881 -0.007199999419747296
 -0.08376614657929694   -0.3066672719137589    0.1464236791574324    0.4907909728601533 0.0008980752586084682    0.4540607035583928   -0.2463038822803164   0.03963135812834528   -0.6067396816413506   0.00902922246937503
  0.04358108427464268    0.8088220454114633   0.03310147099336658    0.5367921754731126 -0.008114394710750813    0.1661760354502163  -0.01082028398860851  0.007176992723011764    0.1558354896832173  -0.05032330617477339

22.60280490911435
48.78351317058011
35.63649294970931
78.34243947047099
50.18564510702689
111.3697411665018
58.07402347569736
  129.24710532793
 83.5787767902297
187.2967287676744

2.264990572418125

   0.06741483578554679   -0.02983955388351211   0.007068348338105271  -0.002951968391824105   -0.03780473579029156    0.01664841329798132   -0.03700179195861769    0.01597275380553799 -0.0004858322339326994 -0.0008249814828261835

-5.409707453922038e-05   7.61928067724425e-05   -0.02460252575222299   0.002853236202158838   -0.02423121249284216    0.03422201794703581   -0.05281222724441501    0.03890852319291146     0.1984597285284643      -0.82978163541913

cov:
   0.9882015363752134     2.282594707007183   -0.0172277457234809  -0.04550819351692905    0.1005598756496019    0.1619600240125414   0.05269737445946709    0.0268966623362379   0.09787536467627984   0.02551767317857414
    2.282594707007183     30.46077292412548   0.06998156788822739     16.19605037972476   -0.2704166276496472     5.157175686640163   0.02783837201746939      0.19170128466561     6.097446091096624    -1.834025819591948
  -0.0172277457234809   0.06998156788822739     1.080896838546945     2.572041659987249  -0.09532220398734703   -0.1014397605353475  -0.03543051297153465   0.03039791759248698  -0.07080868308292353 -0.007357959064577547
 -0.04550819351692905     16.19605037972476     2.572041659987249     17.20559642760022   -0.8040631949250873     3.943998301001327    -1.007255587466708    0.3658097400701563     1.951698521863038    -1.054693892352555
   0.1005598756496019   -0.2704166276496472  -0.09532220398734703   -0.8040631949250873     0.934710546251374     1.441835215060443     0.240275166353931   -0.1807868704152849    0.4052214506706049  -0.06638172317583094
   0.1619600240125414     5.157175686640163   -0.1014397605353475     3.943998301001327     1.441835215060443     6.753993580672287    -1.288083749200344   0.07069661721865307    -1.074556099369236   -0.2028716880404773
  0.05269737445946709   0.02783837201746939  -0.03543051297153465    -1.007255587466708     0.240275166353931    -1.288083749200344     1.018356501565857   0.01783731219428505     1.678160624488598   -0.1928045377852641
   0.0268966623362379      0.19170128466561   0.03039791759248698    0.3658097400701563   -0.1807868704152849   0.07069661721865307   0.01783731219428505    0.6227399189308617   -0.3376076335724407   0.09789141972737841
  0.09787536467627984     6.097446091096624  -0.07080868308292353     1.951698521863038    0.4052214506706049    -1.074556099369236     1.678160624488598   -0.3376076335724407     6.568682607812512   -0.1115572291885742
  0.02551767317857414    -1.834025819591948 -0.007357959064577547    -1.054693892352555  -0.06638172317583094   -0.2028716880404773   -0.1928045377852641   0.09789141972737841   -0.1115572291885742     2.028311095991311

cov.inverse():
  50.07022395454153  -21.66747204643186  -72.02975870527989   31.63267563984108  -14.79416034841928   6.420042139231584   37.59726056327683  -16.35234227954335  0.7178261383351209  0.5258350475370185
 -21.66747204643187   9.573163688951722   31.86946560515323  -13.99447210673416   6.390194592281405   -2.79590316644026  -16.56704348492853    7.16714252396862 -0.3167112303956466 -0.2411903167936749
 -72.02975870527989   31.86946560515325   130.4557132427311  -56.90685677791972  -41.64390741186574   18.36196940175416  -15.56787860005658    6.57475089306163 -0.3198497567257652 -0.7356333842314576
  31.63267563984108  -13.99447210673417  -56.90685677791972   25.00278012941266    18.4282496398818  -8.108701365449969   6.767783160252781  -2.864553738672291  0.1427929066527878  0.3242218951098873
 -14.79416034841908   6.390194592281354  -41.64390741186589   18.42824963988186   182.8859835109024  -79.87761466516073  -126.7869798525765   55.47438624476504 -0.7657167913509531  -1.379753785948482
  6.420042139231495  -2.795903166440227    18.3619694017543  -8.108701365450031  -79.87761466516082   35.12750884736469   55.63497682561811  -24.23723413481845  0.3321474701261963  0.6170827038298065
  37.59726056327676   -16.5670434849285  -15.56787860005644   6.767783160252722  -126.7869798525766   55.63497682561812   107.5190716636821  -46.37649524282721 -0.2583942680120584   1.869158649560106
  -16.3523422795433   7.167142523968605    6.57475089306157  -2.864553738672265   55.47438624476506  -24.23723413481845   -46.3764952428272   21.82915869929322 0.08135959149875951 -0.8454450044395243
  0.717826138335118 -0.3167112303956452 -0.3198497567257547  0.1427929066527832 -0.7657167913509692  0.3321474701262034 -0.2583942680120497 0.08135959149875564  0.5578257137819639 -0.2119621821862769
 0.5258350475370209 -0.2411903167936764 -0.7356333842314625  0.3242218951098895  -1.379753785948482  0.6170827038298065   1.869158649560108 -0.8454450044395253 -0.2119621821862769  0.6576264770059329

cov*(cov_.inverse()):
     1.000000000000027  2.978520208252178e-15 -7.587680483922554e-14  3.210626209337875e-14 -3.747002708109903e-14 -3.226585665316861e-15 -1.258715354168771e-14 -5.918876500032866e-15 -2.072994553792284e-16   5.93275428784068e-16
 2.176037128265307e-14      1.000000000000004  1.643130076445232e-14 -3.386180225106727e-14  5.773159728050814e-15  1.465494392505207e-14 -1.554312234475219e-14   -1.4210854715202e-14  6.106226635438361e-16  6.661338147750939e-16
 2.187919984075748e-15 -2.938404727870214e-15      1.000000000000003  1.896486440111644e-15  4.553649124439119e-15 -3.287300986976049e-16  3.736594367254042e-15   2.38524477946811e-16   4.77048955893622e-17 -1.578598363138894e-16
 6.961098364399732e-14 -3.663735981263017e-14  1.946220962167899e-13     0.9999999999999711  6.039613253960852e-14  1.232347557333924e-14  1.376676550535194e-14 -1.887379141862766e-15 -8.881784197001252e-16  1.110223024625157e-16
-5.918876500032866e-15  2.171873791922962e-15  3.240463453124676e-15 -1.804112415015879e-15     0.9999999999999861  1.434963259328015e-14  9.534040223968532e-15 -5.079270337660091e-15  1.231653667943533e-16  2.012279232133096e-16
-8.382183835919932e-15  4.163336342344337e-15  4.013456234019941e-14 -3.137767823346849e-14  -7.80486786311485e-14      1.000000000000058  2.492450690283476e-14 -2.700617507400693e-14  6.314393452555578e-16 -5.551115123125783e-16
 1.292022044907526e-14 -5.398459457239824e-15 -1.565414464721471e-14  1.040834085586084e-15  2.048361480433414e-14  5.856426454897701e-15      1.000000000000015 -1.360023205165817e-15 -1.595945597898663e-16  1.110223024625157e-16
 2.081668171172169e-16 -1.259409243559162e-15 -2.692290834716005e-15 -3.400058012914542e-16 -9.103828801926284e-15  1.873501354054952e-16   4.85722573273506e-15     0.9999999999999966 -6.938893903907228e-18  1.804112415015879e-16
-1.014466288751237e-14  3.750472155061857e-15  4.046762924758696e-14 -2.282202204995087e-14  6.622480341889059e-14  9.825473767932635e-15 -5.939693181744587e-15   1.41137102005473e-14     0.9999999999999999 -8.604228440844963e-16
-5.329070518200751e-15  3.552713678800501e-15 -1.643130076445232e-14  6.994405055138486e-15 -1.243449787580175e-14 -2.442490654175344e-15 -1.110223024625157e-14 -6.661338147750939e-16  1.110223024625157e-16                      1
