10
1

0.05360350929111553
 0.3818704333346234
 0.8029169880630795
 0.9467536161339812
   1.06961477072475
  1.547176062074765
  1.798737613407109
  2.221288528716062
  3.752620056878266
  6.407147748460057

   0.1550256427588206  -0.06792754985801033   -0.7073887758675564     0.309621179779522    0.5608406302232375   -0.2458798057943413 0.0007852345491914088  0.004643980851875993 -0.003283364319727425  0.007529131867093164
   0.5486562572695645   -0.1993286984179737    -0.359728323039098    0.1378715442007869   -0.5817441036729639    0.2750948439015311    0.1655084686499232  -0.08911043676222072     0.221653514961636   -0.1107428242370882
  -0.1058362498291432 -0.006643108792675953  -0.02077149154996918   0.07294973339742952     0.365987702395498    0.9207711142006143  -0.02447375868610039  0.005782565246946426  0.003136749683509649  -0.02434653341013456
   0.6063072981633967  -0.03738673469911932    0.3742016989311467  -0.06133405119835349    0.3100989568237853  -0.05939649720806706    -0.272953626640579    0.4121535138268648     0.211376567747551   -0.3137855213205071
  -0.4899589227572669  -0.02258911142471282   -0.2690474826628139    0.0327022546822034   -0.2207487712865651  0.004568014288602452   -0.0938819981855607    0.6260931803473926    0.2703366020287155   -0.4041469230747115
   0.1065420044349238   0.04241800742421215   0.09318122554482582   0.04706795581953301   0.06329831849965969  0.002182026376237529    0.7853170357049507    0.3664231557031375   -0.4489187695460319   -0.1393668004207392
  -0.1639826073419471   -0.1761917018220522    0.1791856235403335    0.1562915505106619    0.1374233674880493  -0.09335402662349016    0.2180882609745358   -0.5230723837711106    0.1910771154238983   -0.7072862389143741
    0.102777768188436    0.2704534040717809   -0.3413019114108806   -0.7814990549405286    0.0302236218520748    0.0468756369259962  -0.07007835651772716   -0.1339366494063232   -0.2264447282784603   -0.3344038116707618
 -0.06956996157219565    -0.419587145674901 -0.004170637766873206   -0.4764168446606223    0.2071595512812389  -0.03950516970969213    0.3927002484925298   0.04124900997139205    0.5498835233623126    0.2989208091778986
  0.04928509375039368    0.8195489805020922  0.007557888530382844    0.1030386891210921   0.03837704937248304 -0.004469147908029569    0.2554996205602864  -0.05128334453274903    0.4913242696186055   0.06658834962990252

22.60355736800551
48.78499687491139
50.18289218153248
 111.368046839898
58.07203858061018
129.2480899074077
83.56986542535041
187.2971812437722
98.33106291597193
221.4114322923305

2.265163556811528

   0.07070057143262395   -0.03129337970577793   -0.03238403537973167    0.01425140087444503   -0.03904502925876674    0.01696877980964809 -0.0003412783229011923 -0.0004090135173039113  0.0002684388401763219  -0.000900272734427025

  4.1165071421923e-05   0.01256482371943969 -0.002707243289906847   0.01630632800458818  -0.01812852513603778  0.002420077407352948   -0.0510479264850324 -0.006648093409207243   -0.1052525563456434   -0.9239400613726728

cov:
  0.9895039441366076    2.287472112980718   0.1014918504997407   0.1625115262636102  0.05425263991334572  0.02775446774210486   0.1004433484042108  0.02439022231302234   0.1054971577702217  0.06082267077047183
   2.287472112980718    30.52523790175488  -0.2641204604004648    5.151250097808489  0.04607117438024005    0.189038057136821    6.144387572698721   -1.839862368769022      12.803685402752   0.4411322306047624
  0.1014918504997407  -0.2641204604004648   0.9309318752075986    1.437645514774248   0.2390684792288932  -0.1792305791536758   0.4048149729224803 -0.06418826809500515   0.4881499484642795   0.1503878963395186
  0.1625115262636102    5.151250097808489    1.437645514774248    6.740991938563687   -1.286709309571305  0.07047254197877204   -1.071223365729592  -0.2011700307550169  -0.6885929604845004  -0.8089194824029193
 0.05425263991334572  0.04607117438024005   0.2390684792288932   -1.286709309571305    1.018549392594505  0.01937916008889367    1.681666553251413  -0.1921156159468421    2.333778723481784   0.6099818601175664
 0.02775446774210486    0.189038057136821  -0.1792305791536758  0.07047254197877204  0.01937916008889367   0.6228116093009248  -0.3371674812176051  0.09657084510043074  -0.5075685592777748 -0.04725936455151793
  0.1004433484042108    6.144387572698721   0.4048149729224803   -1.071223365729592    1.681666553251413  -0.3371674812176051    6.587151154388815  -0.1140635378592149    7.487994424442848    1.823932037299558
 0.02439022231302234   -1.839862368769022 -0.06418826809500515  -0.2011700307550169  -0.1921156159468421  0.09657084510043074  -0.1140635378592149    2.028985575513976   -1.013575176171972   0.9251340914399265
  0.1054971577702217      12.803685402752   0.4881499484642795  -0.6885929604845004    2.333778723481784  -0.5075685592777748    7.487994424442848   -1.013575176171972    15.15224713575278    3.555826881595083
 0.06082267077047183   0.4411322306047624   0.1503878963395186  -0.8089194824029193   0.6099818601175664 -0.04725936455151793    1.823932037299558   0.9251340914399265    3.555826881595083     3.93441475261526

cov.inverse():
   11.08132850455398   -4.409884225376348   -39.15959371517841    17.13668431261818    28.31008411990736   -12.41827562843933   0.5454776514100796 -0.03523753173604487   0.6469905321989745 -0.02433547222002255
  -4.409884225376348    1.934422723167269    17.17822670799821   -7.541204701779788   -12.48591064873223    5.438410372835354  -0.2397081635683995 0.007789614956825343   -0.276892404969066 0.004839648104216492
  -39.15959371517841    17.17822670799819    175.2972860532124   -76.53691732182796   -136.4611873459812    59.79085967990902   -0.645260954044188  -0.9043028589221047   0.2948162716169546   -1.637129685253238
   17.13668431261819   -7.541204701779782     -76.536917321828    33.65612040705072    59.89438008417289    -26.1372805329572   0.2787519260179223   0.4081448734166324  -0.1317228998461409   0.7198887481607263
   28.31008411990731    -12.4859106487322   -136.4611873459811    59.89438008417284    112.1585357388941    -48.5931279920222  -0.5615942498494785    1.274218065534158    -1.49896824325287    1.835670897625429
  -12.41827562843933    5.438410372835347    59.79085967990902   -26.13728053295718   -48.59312799202222    22.88193118748588   0.2204177020653235  -0.5680121584045538   0.6809930102103881  -0.8525392685583967
   0.545477651410085  -0.2397081635684019  -0.6452609540442119   0.2787519260179325  -0.5615942498494606   0.2204177020653159   0.5656912819875883  -0.1892869251870837  0.05121560951971128 -0.07388862844754875
-0.03523753173604792 0.007789614956826505  -0.9043028589220957   0.4081448734166283    1.274218065534152  -0.5680121584045508  -0.1892869251870839   0.7386296764761983  0.01194406944525139  -0.1829472388095896
  0.6469905321989751  -0.2768924049690668   0.2948162716169453   -0.131722899846137   -1.498968243252862   0.6809930102103845  0.05121560951971106  0.01194406944525161   0.5876236948864209  -0.3343624611661166
 -0.0243354722200254  0.00483964810421792   -1.637129685253226   0.7198887481607209     1.83567089762542  -0.8525392685583927 -0.07388862844754898  -0.1829472388095895  -0.3343624611661168   0.5492097456594978

cov*(cov_.inverse()):
                     1    -1.552035409913e-15  1.929012505286209e-14  -1.31492039479042e-14  1.404432126150823e-14   2.62984078958084e-15 -9.540979117872439e-17  6.817463260588852e-16  7.355227538141662e-16  -4.85722573273506e-17
 8.427286646295329e-15     0.9999999999999942   1.48769885299771e-14 -1.731947918415244e-14 -4.229949723821846e-14  1.326716514427062e-14 -1.429412144204889e-15  2.775557561562891e-16 -8.326672684688674e-16  5.551115123125783e-16
 3.699297812520541e-15 -3.109817091340172e-15      1.000000000000013 -4.246603069191224e-15  3.591571484662381e-14 -1.457167719820518e-14  6.713379852030243e-16  2.983724378680108e-16  3.608224830031759e-16  6.938893903907228e-17
 1.084202172485504e-14  6.652664530371055e-16  5.351274978693255e-14      1.000000000000025  3.064215547965432e-14 -1.532107773982716e-14  1.318389841742373e-16  4.996003610813204e-16  2.775557561562891e-16  3.885780586188048e-16
-1.048813813575578e-14  2.717010644248674e-15  7.116529587847253e-14 -1.715294573045867e-14     0.9999999999999729  1.176836406102666e-14  3.261280134836397e-16  -3.33066907387547e-16  4.718447854656915e-16  -3.33066907387547e-16
-1.959153325681307e-15  2.139537462128582e-15   1.23789867245705e-14  -1.03667074924374e-14 -1.493249968120836e-14      1.000000000000006 -1.578598363138894e-16 -1.179611963664229e-16  1.595945597898663e-16 -1.595945597898663e-16
 -4.90579799006241e-15 -2.997602166487923e-15  4.840572387365683e-14  -1.84297022087776e-14  6.661338147750939e-15  5.995204332975845e-15                      1                      0  1.110223024625157e-16  4.440892098500626e-16
-1.557781681427173e-15   2.42861286636753e-16  5.773159728050814e-15 -6.217248937900877e-15 -3.552713678800501e-15  3.885780586188048e-15 -2.775557561562891e-17     0.9999999999999999  1.665334536937735e-16 -1.110223024625157e-16
  8.68749516769185e-15  5.065392549852277e-15  5.417888360170764e-14  2.842170943040401e-14 -2.042810365310288e-14  1.287858708565182e-14 -7.771561172376096e-16 -1.110223024625157e-16                      1 -2.220446049250313e-16
 7.077671781985373e-16 -1.255939796607208e-15  2.131628207280301e-14  4.884981308350689e-15  6.217248937900877e-15 -2.664535259100376e-15  1.665334536937735e-16  2.220446049250313e-16 -2.220446049250313e-16                      1
