12
1

0.01965841335101344
0.03006628611719206
 0.1737683433930365
 0.3153382887684601
 0.5371002673653632
 0.6286788857988289
 0.8079038629737169
 0.8827957400444345
  1.548826352442705
  2.193725609118151
    2.7797289910505
  3.964861806601686

    0.2591328921140191     -0.103889217992736     -0.612930715092895     0.2462170803587557     0.6004631835047547    -0.2400183893422304    -0.2416527240596074    0.09575238622211311 -0.0006679769876320664  0.0009393128263001054  -0.004400545091126181  0.0003855724355176453
    0.3783779097916248    -0.1509392371952111     -0.481783117134446     0.1929884948037851    -0.4373186991914058     0.1743911726701791     0.5434148581370427    -0.2178131596979462  -0.001612275716922541   0.002152221939738045   -0.01663166473228566   0.001386672547262403
  -0.02769866468587082   0.009592295700717877   0.006536835356604364  -0.002606845962103434    0.01768986968333372  -0.004918880418524384    0.01043247391349754  -0.008807892935066697    0.01273522929600876  -0.003581637378551594    -0.9991938519909588   -0.00208220159916593
    0.5229183331973651    -0.1741569140163666    0.06196031056338749    -0.0294784475177675    -0.4585406435221726    0.03616041736849863    -0.6265333940832417     0.2531753675571892     0.1277532483975286   -0.01480443043266867   -0.03091463941339991   -0.07624296952127942
   -0.5878393427277264     0.1556172524126551    -0.4566007709134854     0.1429193372666157    -0.4664985500479943    -0.2575990826883108    -0.2281803002300896       0.17101879270898    -0.1508772941618615     0.1085134004612175   0.001156361692256466    0.03854429026919688
    0.1764536784224333   -0.03790087154120329     0.1001035793574214    -0.0368395329719121    0.03882734351174064    0.03077113488262323   0.004272139874881589    0.04908245933177614    -0.7082669969517669     0.6702186583457876   -0.01576697249259678  -0.009175771959880442
  -0.03035132771848575   -0.02672159113803726   -0.01108015367800036   0.006816178195110059    0.05699171858980449     0.1525000595542906     0.3426233220095304     0.8561506237671119    0.02885631449294382   -0.04094770368256936  -0.001984043687096242    -0.3446639379398047
   0.07940180982231762   -0.01582384911090607     0.0367766410807988   -0.01501446548038542   -0.00647230641197275  -0.005084687803588724     0.1065347339771988     0.3349901909603799    0.02138393289485926   -0.01750402019132907  -0.005608971839065929      0.931362473280833
   -0.2596567629158608    -0.1651067174627603     -0.212582466454429   -0.04267727350211094     0.1190673845654111     0.7855011299779867    -0.2127090763971479   -0.04353633126486805     0.2608062500590554     0.3266794950090914   0.002739933079997383    0.07231149462630099
   0.01221774668056654   -0.04633198632677207     0.1497577718465962     0.1859224368729871   -0.03018741115523424    -0.3755343937783632     0.1447969250482399   0.009046808849222373     0.6061923170746257     0.6398203240456697    0.00795002286565806   -0.02866706796180237
   -0.2259077114570262    -0.7268096715875977     0.2585033106391609     0.5574170057310773  -0.007593728605042362   -0.02522329001463857   -0.01772168519587127   -0.01591701100264169    -0.1469434119800233    -0.1418585052284686  -0.001926551806274152    0.01394723738936376
    0.1137868904782192     0.5930640028327546      0.184109254577153      0.729451583452475   0.007711953639047436     0.2477630474448536   -0.07937929682901129     0.0106827084439314   -0.02713720363387065   -0.02444990969748688 -0.0004481712212027028    0.01166962644769986

22.49382531156813
44.37149485863245
35.74576881419408
77.34481259975517
49.86392667159838
112.5176778288227
56.65844129752327
129.4676091672874
79.67034179042305
187.2495689723802
 107.510391954057
259.2621689506196

2.484451574536201

    0.1121132219400183   -0.04519431447422433   -0.03474054592714865    0.01405934619938184   -0.08895764845882338    0.03535393556534361   0.008675776913312287  -0.003589927097863176  0.0007911106325971962 -7.762879540111838e-05  0.0004759278864987908 -0.0003377633872254007

-2.257604941184805e-06  0.0001077983302930935 -0.0001779283328836073   0.009920734007067571  -0.007329625117965669   0.005682760835127699 -0.0008826242956744528   0.006193409044210981    0.00187943545681401   -0.03873580322260903    0.04599897778094764   -0.04502152006491894

cov:
   0.9052004786442568     2.391042863904863    0.1092052415585982    0.3400003610591406  0.007449019867525267   0.02027301570574666   0.03632266291259158   0.06584020624194235   0.06472220257335085   0.06532801477293963 -0.001059366538138038  0.003123528678304429
    2.391042863904863     9.697892817522712    0.2922763150603268     3.653220758009303    0.0596609213350114      2.20891554566245   -0.5953781715936776    0.1877285997107085    0.3346315962060079    0.2926958873758608  0.004423627965804995  0.005933819145631968
   0.1092052415585982    0.2922763150603268     1.331508241518528      3.35926517876831   -0.0157113743060898   0.02958304683225685  -0.02554913644583794    0.0123019733547404   -0.0751216902649517  -0.04766473701031115 -0.002114875075920604   0.02737265416846133
   0.3400003610591406     3.653220758009303      3.35926517876831     10.94302613303384 -0.001618746667127711     2.305626576893272   -0.8425298772231127   0.07195000663940718   -0.4248066514832474   -0.3575580464694517  -0.00610437275233229    0.1503512680170701
 0.007449019867525267    0.0596609213350114   -0.0157113743060898 -0.001618746667127711    0.1265313571870438     0.349493349989168  -0.01909127396440872  -0.01506386536598949 -0.003656414587381088 0.0006376721465675213 0.0001247085639834222  0.006043028635945662
  0.02027301570574666      2.20891554566245   0.02958304683225685     2.305626576893272     0.349493349989168     3.163622887287374   -0.9196656058729015   0.01897319838285524   -0.6753054823284087   -0.6122924055071456  -0.01099266922568628    0.1895513192495548
  0.03632266291259158   -0.5953781715936776  -0.02554913644583794   -0.8425298772231127  -0.01909127396440872   -0.9196656058729015    0.4507363235495412     0.209578193945115    0.3523241783995355    0.3133870854748139  0.005556141286753803  -0.07089948298611783
  0.06584020624194235    0.1877285997107085    0.0123019733547404   0.07195000663940718  -0.01506386536598949   0.01897319838285524     0.209578193945115    0.5903906667170593   0.01640690047723379 -0.002389542584822817 -0.003109633502801105   0.04179295337622638
  0.06472220257335085    0.3346315962060079   -0.0751216902649517   -0.4248066514832474 -0.003656414587381088   -0.6753054823284087    0.3523241783995355   0.01640690047723379     2.317371436244047     2.048811840416648   0.03074070681980002  -0.05025139234623847
  0.06532801477293963    0.2926958873758608  -0.04766473701031115   -0.3575580464694517 0.0006376721465675213   -0.6122924055071456    0.3133870854748139 -0.002389542584822817     2.048811840416648     2.573253182030385   0.02505270548655282  -0.05597900441236361
-0.001059366538138038  0.004423627965804995 -0.002114875075920604  -0.00610437275233229 0.0001247085639834222  -0.01099266922568628  0.005556141286753803 -0.003109633502801105   0.03074070681980002   0.02505270548655282   0.03072179804413942 -0.004168968640760056
 0.003123528678304429  0.005933819145631968   0.02737265416846133    0.1503512680170701  0.006043028635945662    0.1895513192495548  -0.07089948298611783   0.04179295337622638  -0.05025139234623847  -0.05597900441236361 -0.004168968640760056    0.7747371228852378

cov.inverse():
   336.2332878910729   -134.0561293899385   -611.3381310496695    245.4095161138959    218.1121263178678   -87.30540916144236    62.59879972398353   -25.95123610893978  -0.4931288887995925    1.504585614759225   -9.168329513503673   0.4599845784325429
  -134.0561293899388    53.63044700163579    244.8498460254153   -98.30580491743476   -87.85692927863698    35.15347743169961   -24.79910783502617    10.23203752315581   0.2029967608326928  -0.6070064854437869    3.698959236286405  -0.1910169510633197
  -611.3381310496825    244.8498460254206    1229.727254405408   -493.5835001611809   -718.8339734184057    288.0910108456783    93.64968359021491   -35.87962667553467    2.051532528112593   -2.663037994034047    15.60171200942513   -1.418755077405966
   245.4095161139009   -98.30580491743682    -493.583500161181    198.2359718454628    289.1020867512163   -115.8481374743803   -37.87233839404116    14.51425748981128  -0.8106765401734497    1.061363448957795   -6.256666996664445   0.5620367375355702
   218.1121263179108   -87.85692927865435    -718.833973418478    289.1020867512452    1147.443155513538   -456.9960351331405   -635.0804315517531    252.7748924106299  -0.6535463407955703   0.3837370511835024    0.762139863587329   0.1813247022971371
   -87.3054091614601    35.15347743170674    288.0910108457078   -115.8481374743921   -456.9960351331408    183.2857663725116    254.8900745437277   -101.3615059978562   0.2725551706444918  -0.1700451745463353  -0.3262817841256588  -0.0950323670724232
   62.59879972395309   -24.79910783501398    93.64968359027409   -37.87233839406487   -635.0804315517821    254.8900745437393    482.1231157721467   -192.0435829212806   -1.226698011271253   0.6867137599134151   -7.399498409790464   0.9805848140451484
  -25.95123610892744    10.23203752315088   -35.87962667555865    14.51425748982088    252.7748924106418    -101.361505997861   -192.0435829212807    78.22907057135751   0.4108532897178725  -0.2406111861280118    3.123478135147947  -0.4635210269388448
 -0.4931288887996877   0.2029967608327313     2.05153252811283  -0.8106765401735448  -0.6535463407958227   0.2725551706445929   -1.226698011271142   0.4108532897178288     1.63107844614514   -1.167221595274266  -0.3951235480699357 -0.09140378591578853
   1.504585614759274  -0.6070064854438065   -2.663037994034105    1.061363448957818   0.3837370511834332  -0.1700451745463075   0.6867137599134939  -0.2406111861280434   -1.167221595274266    1.322526824904242   0.0482440433215227  0.02124144552144185
  -9.168329513503338     3.69895923628627    15.60171200942405   -6.256666996664012    0.762139863589018   -0.326281784126337   -7.399498409791407    3.123478135148323  -0.3951235480699359  0.04824404332152402     33.4306228117054  0.05759891722535329
  0.4599845784325311  -0.1910169510633148   -1.418755077405907   0.5620367375355462   0.1813247022970174 -0.09503236707237514   0.9805848140452218  -0.4635210269388741  -0.0914037859157886  0.02124144552144179  0.05759891722535315    1.363917481764894

cov*(cov_.inverse()):
     1.000000000000177  2.675214650499358e-14 -3.795522923732975e-13  2.564929605514132e-13  2.939889000644347e-13 -6.415430253009502e-14  1.069413654852802e-14 -4.715195248139459e-15 -4.628459074340618e-16 -9.119495523318699e-17 -2.032824863301697e-15 -2.775557561562891e-16
-5.137643782626711e-14      1.000000000000023  -5.33514205036667e-14 -6.111864486735286e-15 -9.156998076464973e-14  7.325954079484553e-16 -3.079741323075424e-14  4.856358370997071e-15  4.119968255444917e-18  5.016061351004186e-16 -2.901596064114331e-15  9.020562075079397e-17
 1.740101118752335e-13 -2.523502240503461e-14     0.9999999999994533  1.905853946881919e-13  2.511931634918696e-13 -1.202388882903804e-13  1.850949948867253e-14  3.590877595271991e-16 -8.625912484294673e-16  7.977559585148342e-16  -3.87667328793917e-15 -1.249000902703301e-16
-3.440303597557204e-13 -1.096102375530705e-13 -5.004330283497893e-14     0.9999999999998389  8.066464163292153e-14  8.637014714540925e-14 -7.788214517745473e-14 -1.605660049364133e-14 -1.165734175856414e-15  1.101549407245273e-15  2.364428097756388e-15  7.494005416219807e-16
 6.487865800153259e-16 -5.182269544046214e-15 -2.972448676086259e-14 -5.671678404706171e-15      1.000000000000019 -3.600093313738117e-15 -3.139849491518021e-16  1.702631091671236e-15  7.155734338404329e-18  6.751869029153479e-17  -2.22369865576777e-16  4.163336342344337e-17
-2.942923682525134e-13 -1.094957458036561e-14  3.944067294980869e-13 -3.691769112634802e-13 -2.244107677462637e-13      1.000000000000047 -1.792177517501159e-13  1.187938636348917e-14  5.689893001203927e-16 -3.564856743132339e-16  3.176278684513534e-15  6.106226635438361e-16
  8.58202398035246e-14  2.739822257957769e-14   -6.2977401071862e-14  1.037017693938935e-13   1.61854904479064e-13 -2.335631688055173e-14      1.000000000000044  4.968248035197576e-15 -6.028164079019405e-16   1.13841228110978e-16  1.004404892590571e-15 -2.775557561562891e-16
 1.010302952408892e-14   2.92300905702092e-15 -6.800116025829084e-15  4.933553565678039e-15 -5.211889947398518e-14  3.048342828160244e-14  5.736383590360106e-14      0.999999999999984 -2.376571162088226e-16   7.22078646875346e-17 -4.956972332603726e-16  6.938893903907228e-17
-2.618044669944197e-14 -5.318662177344891e-15  3.655409308578328e-14 -4.052314039881821e-15  9.768227893225401e-15 -5.232793365284039e-15  2.761679773755077e-14  9.679756995950584e-15      1.000000000000001   1.46150452851046e-16 -2.033963275582806e-16  4.163336342344337e-17
-4.039824030854788e-14  7.494005416219807e-16  6.715461520201416e-14 -1.103284130721249e-14 -8.206282875455884e-14 -1.000068083900629e-15  2.767924778268593e-14  6.886852199627924e-15  5.377642775528102e-17                      1  1.639313684798083e-16  6.938893903907228e-17
-1.979970007393028e-15 -1.146001696317178e-16   3.31418920085369e-15 -1.749034944653616e-15 -2.184233696689297e-15 -8.744090521095593e-17 -3.035766082959412e-16  3.029260869924499e-16  4.315124646492308e-17 -1.692710641792994e-17                      1 -8.673617379884035e-19
-4.274358644806853e-15  5.606626274357041e-15 -5.773159728050814e-15 -1.665334536937735e-16 -1.254552017826427e-14  8.604228440844963e-16 -4.662936703425657e-15 -1.942890293094024e-15 -6.938893903907228e-17  -2.42861286636753e-17  1.179611963664229e-16     0.9999999999999999
