10
1

0.2448019307911883
 0.862131446466765
0.9398302189390056
 1.228845452274966
 1.507400204240509
  1.56778883666346
 1.976499888616208
 2.455968416447238
 4.845736669915336
 9.562312733395601

  0.5077355022468216  -0.1684720546676844  -0.7813352079803149   0.2612179871216382  0.05726011346230313 -0.02496758945529143   0.1016243489841474 -0.01891486797533271   0.1382529137897789 -0.03743037140387243
  0.2597803640446423 -0.03235397107692576   0.1338783842525652 -0.01396836209054358  -0.3561516649092457  -0.4027486552666941  -0.3881209482057053   0.6207014911312414   0.1681347227539132   -0.245195558364913
 -0.6672418578956738  0.05809998125170514  -0.3563289136881216   0.2261231456149919   0.3752726182157041  -0.3752020564635388 -0.08743853813357419   0.2857084924453496 -0.04503081493249763 -0.02004962545164253
  0.4517257918393716  0.05769136676451279   0.2284071042966281 -0.08760700433052439   0.6727612024668802  -0.3577121631811402  -0.1667291117950783 -0.04941982045685137  -0.3254389460628037   0.1267030878319503
 0.01369429102048443 0.002801888386220015 -0.03099791482949754 -0.06457651258051844   0.3933920453739188   0.6990322954476991  -0.4251165865585588    0.349009522661315   0.2204881664128086 -0.01110752304350927
 0.08386926561626681 0.009909540155670494   0.1530583660200264   0.5350696386907037  -0.1394431839717285    0.140518612823148   0.1748044164967023   0.3849076636928175  -0.2643688515025098   0.6287687176495698
 -0.0356421738883018 -0.04897786642940513   0.1653442471729373   0.4541023892209485  -0.0152480361910611  -0.1535487906966046  -0.4860269397740961  -0.4644283944837913   0.4828385480781722   0.2322162505939339
 0.06044321556265741  0.05293070880058631   0.2823641727091925   0.6050220883194636   0.1477914930608371   0.1331094578090113   0.2113903788006689 -0.01124431131038999 -0.08189682289134123  -0.6757838669343416
 -0.1141892705975655   -0.802991430239118 -0.01258799347399333  0.03880280665953472 -0.09732298171611359  0.07212279403101129  -0.3054933313508765 -0.09997711890093311  -0.4633386449427058 -0.08845167137307496
 0.01632208827987246   0.5601470412264978  -0.2466522514833875  0.09234378481036075  -0.2658793029607706   0.1163910579271579  -0.4669856276772001  -0.1858038655314724  -0.5212003364782426 -0.09009466203728225

35.53626797527425
100.1603047848658
55.21988750276635
 155.609970206056
66.12261486857018
186.7105854214313
78.07509562539788
220.3093971195808
92.34228845283624
261.4501578809922

2.825610031050651

    0.1328795625423766   -0.04671940505380839    -0.1295426555182547    0.04353987245495635 -0.0008999327749648835  -0.005567991302080273  -0.002812592361162094 -0.0009017013776006057  -0.003013465623656913    0.00553910339269045

  0.01121390360489317   0.01435258392682806  -0.02968502633866719   0.04154069568059236 -0.002723357475887534   0.04162474619386321 -0.006288642344940507  -0.05809725370784042    0.6387747210234326     1.290692834525015

cov:
     1.142243738642512      3.011038498089802     0.1440315990564126     0.1116448770090936    0.07435443133775337 -0.0004488112056469586     0.1556645137651671    0.05871596615323802     0.1609722888974429   0.003027429177263497
     3.011038498089802       43.8675208785435     -12.32751582177463      4.118658510388284     -11.64786642966594      4.640771536216833     -18.00690297328823     -7.539043076369697     -18.11850275316503     -3.175411580969008
    0.1440315990564126     -12.32751582177463      6.454868111734489    -0.6795248461051006      6.262736452998295     -2.559367238252935      10.69082113551093      3.976818648119389      11.86135442854671      1.321805463973791
    0.1116448770090936      4.118658510388284    -0.6795248461051006      4.602765460194564     -2.071959228014056      1.320268458237569     -4.009706991944549     -2.013012640252287     -4.610927303859431     -2.085790598014795
   0.07435443133775337     -11.64786642966594      6.262736452998295     -2.071959228014056      8.120744041472514      -2.67119486011626      11.73341719127414      4.823443565031972        13.526328761963      1.737622472114586
-0.0004488112056469586      4.640771536216833     -2.559367238252935      1.320268458237569      -2.67119486011626      3.156849338451304      -5.40581192409605     -1.443650322058985     -6.287871876175551     -1.579317569596586
    0.1556645137651671     -18.00690297328823      10.69082113551093     -4.009706991944549      11.73341719127414      -5.40581192409605      23.97118586221744      9.157939230639151      24.26901140796139       3.50001965171271
   0.05871596615323802     -7.539043076369697      3.976818648119389     -2.013012640252287      4.823443565031972     -1.443650322058985      9.157939230639151      5.237906573996089      9.087265870540078      1.821299927525841
    0.1609722888974429     -18.11850275316503      11.86135442854671     -4.610927303859431        13.526328761963     -6.287871876175551      24.26901140796139      9.087265870540078      31.29740224697921      5.521285416509028
  0.003027429177263497     -3.175411580969008      1.321805463973791     -2.085790598014795      1.737622472114586     -1.579317569596586       3.50001965171271      1.821299927525841      5.521285416509028       4.93259291990087

cov.inverse():
    5.036155582937929    -1.459969499241732    -6.229137946208269     2.030860527062525    0.2780791286819935   -0.1644632026748337    0.7528864682844931   -0.1541105069518367     1.156008661246224   -0.3368650588722071
   -1.459969499241735    0.5130632682635915     2.175885527902032   -0.7212797523293162  -0.09197153511153927   0.05214340621367648   -0.2652020006468446    0.0530476499837547   -0.4062905282603843    0.1155733722232821
   -6.229137946208278     2.175885527902031     10.42022526329469    -3.431250586508991   -0.8673402305893152     0.348831111139198    -1.377389045812737    0.2352558842030895    -1.804515849590051    0.4888906791400974
     2.03086052706252   -0.7212797523293154     -3.43125058650899     1.433790961968698     0.284410213312389   -0.1700989591928899    0.4514144518186899 0.0003020402127335307    0.5896212466267959  -0.07486721301778282
   0.2780791286819885  -0.09197153511153762   -0.8673402305893078    0.2844102133123868    0.7654100781205806  -0.03337450489708715   0.09782911777013051   -0.1750449015337596  -0.05987240252696584   0.07522640300515267
  -0.1644632026748345    0.0521434062136768    0.3488311111391995   -0.1700989591928903  -0.03337450489708727    0.7051763911931979    0.1460529669830975   -0.2912737985050479  -0.02264029435258431    0.1350606026982649
   0.7528864682844992   -0.2652020006468453     -1.37738904581274     0.451414451818691   0.09782911777013169    0.1460529669830977    0.5682685218517455   -0.3573056151983971   0.07273515112918227   0.04838909003234474
  -0.1541105069518376    0.0530476499837548      0.23525588420309  0.000302040212733256   -0.1750449015337604   -0.2912737985050479   -0.3573056151983971    0.7882672282913122   0.03110647687669804   -0.1326101365860397
    1.156008661246227   -0.4062905282603844    -1.804515849590052    0.5896212466267963  -0.05987240252696417  -0.02264029435258411   0.07273515112918183   0.03110647687669795    0.5521458082860661   -0.1966709802332347
  -0.3368650588722076     0.115573372223282    0.4888906791400967  -0.07486721301778249   0.07522640300515229    0.1350606026982649   0.04838909003234498   -0.1326101365860397   -0.1966709802332345    0.3661892162258531

cov*(cov_.inverse()):
    0.9999999999999937  2.543538296650993e-15  1.233822072288504e-14  2.189654707551725e-15  2.501254411924059e-16 -3.117081245895825e-17 -4.640331088129335e-15  8.152116134918508e-16 -3.454268121538817e-15  1.029558382992235e-15
-6.883382752675971e-15     0.9999999999999989 -1.199040866595169e-14  4.801714581503802e-15  8.326672684688674e-17 -3.885780586188048e-16 -4.440892098500626e-16  3.885780586188048e-16 -2.442490654175344e-15                      0
 -3.33066907387547e-16 -2.775557561562891e-17      0.999999999999986  2.983724378680108e-15  3.608224830031759e-16  -3.33066907387547e-16 -2.650657471292561e-15  3.885780586188048e-16 -5.551115123125783e-17  6.106226635438361e-16
-1.554312234475219e-15 -4.163336342344337e-16 -4.440892098500626e-16                      1 -2.498001805406602e-16 -2.220446049250313e-16  9.436895709313831e-16   3.33066907387547e-16 -1.665334536937735e-16 -2.220446049250313e-16
-6.661338147750939e-16 -1.387778780781446e-16  4.107825191113079e-15  -6.38378239159465e-16     0.9999999999999997  1.942890293094024e-16  -2.80331313717852e-15  1.360023205165817e-15  -3.05311331771918e-15  5.551115123125783e-16
 1.887379141862766e-15  -3.05311331771918e-16 -4.218847493575595e-15 -1.068589661201713e-15 -6.661338147750939e-16     0.9999999999999996  8.743006318923108e-16  3.608224830031759e-16  4.996003610813204e-16  -3.33066907387547e-16
-4.884981308350689e-15 -5.551115123125783e-17 -9.547918011776346e-15 -4.884981308350689e-15  5.551115123125783e-17  1.665334536937735e-16     0.9999999999999956  1.443289932012704e-15   3.33066907387547e-16  1.110223024625157e-15
-3.108624468950438e-15  6.661338147750939e-16  5.551115123125783e-15 -9.436895709313831e-16  4.163336342344337e-16  1.110223024625157e-16 -1.859623566247137e-15      1.000000000000001 -2.220446049250313e-16  1.110223024625157e-16
  5.10702591327572e-15  2.886579864025407e-15  2.664535259100376e-15  5.440092820663267e-15  4.052314039881821e-15  7.771561172376096e-16 -4.773959005888173e-15   3.33066907387547e-16     0.9999999999999978 -4.440892098500626e-16
 1.332267629550188e-15 -1.110223024625157e-16  1.332267629550188e-15  2.164934898019055e-15  2.775557561562891e-16 -1.110223024625157e-16 -7.494005416219807e-16                      0  2.220446049250313e-16     0.9999999999999996
