10
1

0.0601159640093788
0.4901086212800431
0.8834916915340721
 1.021997636056095
  1.30530341413063
 1.429398018376984
 1.843009813314122
 2.622622378776906
 5.258805869666312
 8.534390614169183

    0.3823334157134783    -0.1133105150432195    -0.7825910155108471     0.2309453637329308     0.3990413814853805    -0.1262537729071953  -0.002321140025297992  -0.003798692897543083 -0.0009778402197258102   0.001616966346579424
    0.5399273497807268     -0.118948378082807    -0.1133218512703148    0.01003062704816644    -0.7106882554330312     0.2099487264219796     0.2458566966853231   -0.03735390876961422     0.2516539952541607   -0.08402652906371309
   -0.1677503779208707   0.003535533755226915   -0.04281126263842983   -0.01453803470528689     0.0394105180822727    -0.1781817664894327     0.1345896474330301     0.5354178617589562     0.3058750809240183    -0.7335904826160979
    0.6786673657595198     0.0218149867568972      0.418247082081531    -0.1990061304875178     0.2615282165429541   -0.09397891316631131    -0.4367585520556074     0.2332265270649523    0.01459714967891054    -0.0424957021027311
   -0.2194224547591129   -0.05890820526037883    -0.1348461844263504     0.2461889697404131    -0.2263188440648114   -0.02741691295987546    -0.7509252709739096   -0.08936356508347135     0.4931952057637324    0.05003079840674289
    0.1143486520129465    0.03575859697635924     0.1946548296612622     0.2451361211639453    0.05378885877795787    -0.2585346730888446   0.004526637907328708    -0.7249813196857927   -0.07382580319415043    -0.5355944509012353
   -0.0476180492018333  -0.009421586315827728    -0.1423058046900303    -0.4728870146481383     0.2616493515694814     0.7132024857182393   -0.09880658732776611    -0.2592967942040079     0.1644580368700558    -0.2694596454829675
   0.05839062320939249    0.07726243253139588     0.2352257543755081      0.749418077556411     0.1706650174401841     0.5529549964998031      0.059983741856564     0.1792200139600048   -0.03759584516729887   -0.04056297023073463
  -0.07263002512987535    -0.5731074370018588   -0.08398697406474186   0.004696365682381233    -0.2252352756728078     0.1152439793927512    -0.3105647506488572     0.1315434186887706     -0.646486467211096    -0.2519640561924225
   0.03736497878276326     0.7957791018021528    -0.2433847346088156   -0.02786511983879097    -0.2516081501038499     0.0641146332034824    -0.2386549447299625    0.08533043576696279    -0.3844479973083871    -0.1608471622849459

22.68711060641953
76.33108109763567
39.06704681254846
131.2979162299917
55.06379277685578
185.0707375629641
65.84560353197691
 221.602379892512
77.71537440272944
261.3170852253328

3.363538564200321

   0.09723025852215461   -0.02885062105257922    0.01025635085583664   -0.00249835429506201    -0.1081197855045543    0.02926219267784222 -0.0009302812045735409  -0.006121735102881028  -0.001932082986903281   0.001241499477158972

-5.409862520599081e-05    0.03294050233397908    -0.0243493746027332    0.03970660291242931   0.004070514276423944   0.004088811691640834    -0.0374614129688413   0.004032403632971779      1.016159756684727     0.5513931525761038

cov:
   0.9610683625289512     3.379204489396078   0.00600398411853604    0.1198894794384166  -0.02034528068637414  -0.01665183592438029 0.0008236450467878594   0.03632404573101566    0.0118467485027639  0.006835966262506963
    3.379204489396078     55.26152639822575     -12.6054576521541    -1.287895107163123    -10.87851607118483     2.135936919771329    -8.816361624925381     2.928385890679397    -12.12286437457833    -5.387120713361473
  0.00600398411853604     -12.6054576521541     5.256786072501321      1.87769081275382     5.337623049614194   -0.9913271069523314     5.069158929175411    -1.585678892196779     8.023041405013988     3.284930478453728
   0.1198894794384166    -1.287895107163123      1.87769081275382     4.947486859472694    0.8166643995793786     1.470495731647685    0.6890642533188907    0.7289604816103014    0.4023511267581421    0.2871466117022047
 -0.02034528068637414    -10.87851607118483     5.337623049614194    0.8166643995793786     6.734565004506905   -0.6948855115156913     6.423603700671738    -2.361877254318189     10.94649150867911     4.132078144049157
 -0.01665183592438029     2.135936919771329   -0.9913271069523314     1.470495731647685   -0.6948855115156913     4.680003547080888    -2.046259481526032     1.159085797242403     -3.61562267047786    -1.978662631339937
0.0008236450467878594    -8.816361624925381     5.069158929175411    0.6890642533188907     6.423603700671738    -2.046259481526032     8.062407344941551    -2.396807829354487     11.57311728540357     4.902075989419017
  0.03632404573101566     2.928385890679397    -1.585678892196779    0.7289604816103014    -2.361877254318189     1.159085797242403    -2.396807829354487     2.826582696516996    -4.768998919935254    -1.259406355320972
   0.0118467485027639    -12.12286437457833     8.023041405013988    0.4023511267581421     10.94649150867911     -3.61562267047786     11.57311728540357    -4.768998919935254     22.93906070331972     8.810664231630311
 0.006835966262506963    -5.387120713361473     3.284930478453728    0.2871466117022047     4.132078144049157    -1.978662631339937     4.902075989419017    -1.259406355320972     8.810664231630311     4.912061479371578

cov.inverse():
   42.17541553809311   -12.22928046520296   -82.73514624055409    24.32406567073226    40.81074103078752   -12.92430875367241  0.09389562245895927  -0.4735785897654927   0.3371866269373011  0.07983273969761938
  -12.22928046520295    3.636220164728117    24.61206971216406   -7.245104188998952   -12.14203085129867    3.850772813263648 -0.02666394063963407   0.1362373964183515  -0.1022930608982782 -0.02064664881239854
  -82.73514624055431    24.61206971216414    169.7365114646148   -50.04511141323679   -85.95454208279287    27.17916648095465   0.2721700457976264   0.8585610031240961  0.03110184866695639  -0.3310735532800682
   24.32406567073228   -7.245104188998966   -50.04511141323678    15.00947667336389     25.3761705331853   -8.112187721994705  -0.1449846316122726  -0.3429994944141216 -0.02500694920000118   0.0976652061251037
   40.81074103078785   -12.14203085129877   -85.95454208279335    25.37617053318544    46.28991923380251   -14.52999821166511  -0.9891690867793062  -0.2476027356016726  -0.8825557301185443   0.3395663192880047
  -12.92430875367253    3.850772813263675    27.17916648095476    -8.11218772199474   -14.52999821166509    4.871245450144913   0.2986339782554654  0.01061307264592178    0.212860130123721  0.04728828326749777
 0.09389562245891409 -0.02666394063962087   0.2721700457977168  -0.1449846316122992  -0.9891690867793514   0.2986339782554799   0.7976053402590163 0.004130214657160466  0.09071674078601369  -0.2081583926171275
 -0.4735785897655028   0.1362373964183544    0.858561003124115  -0.3429994944141274  -0.2476027356016797  0.01061307264592427 0.004130214657160308   0.7162679539499189   0.1582345246048143   -0.295775885397955
  0.3371866269371952  -0.1022930608982468  0.03110184866717174 -0.02500694920006479  -0.8825557301186523   0.2128601301237552  0.09071674078601376   0.1582345246048157    0.554718490134141  -0.3487835693342303
 0.07983273969765796 -0.02064664881240988  -0.3310735532801443  0.09766520612512618    0.339566319288041  0.04728828326748616  -0.2081583926171273  -0.2957758853979555  -0.3487835693342294   0.8874302180103888

cov*(cov_.inverse()):
    0.9999999999999716 -9.580823547711281e-16  1.410547026403641e-14    2.2176921757322e-14  1.278491201794907e-15  3.386315750378288e-14  6.754579534584693e-16 -2.688821387764051e-17  5.507747036226363e-16 -2.801578413702543e-16
-1.437183705377265e-13     0.9999999999999881  8.593126210598712e-14  -8.79296635503124e-14  3.375077994860476e-14  2.742250870824137e-14 -2.220446049250313e-15 -4.440892098500626e-16  1.554312234475219e-15                      0
 5.467848396278896e-14  1.995625886763719e-14      1.000000000000024  3.863576125695545e-14  2.708944180085382e-14    2.5729418595688e-14  9.992007221626409e-16  1.110223024625157e-16 -6.661338147750939e-16  8.881784197001252e-16
-4.110947693369837e-14  2.381254915473363e-14  4.211908599671688e-14     0.9999999999999928 -2.528532938583794e-14   2.14585293978331e-14  -9.71445146547012e-17   1.02695629777827e-15  9.298117831235686e-16  -3.33066907387547e-16
 2.536859611268483e-14 -4.996003610813204e-15 -1.241229341530925e-13  3.497202527569243e-14                      1  2.117750419472486e-14  1.110223024625157e-16  6.661338147750939e-16 -6.661338147750939e-16  4.440892098500626e-16
 1.262878690511116e-14 -3.885780586188048e-15  -7.66053886991358e-15 -1.115774139748282e-14  1.965094753586527e-14     0.9999999999999873 -5.551115123125783e-17 -1.110223024625157e-16  2.220446049250313e-16 -2.220446049250313e-16
 3.697042672001771e-14 -3.094746681142624e-15 -1.796340853843503e-13  4.152234112098085e-14  2.642330798607873e-14  1.676436767183986e-14      1.000000000000002 -2.220446049250313e-16 -1.110223024625157e-15                      0
-7.521760991835436e-15 -5.374173328576148e-15  1.465494392505207e-14 -9.728329253277934e-15  1.970645868709653e-14 -2.664535259100376e-15  3.885780586188048e-16                      1 -6.106226635438361e-16 -2.220446049250313e-16
 4.574118861455645e-14  1.137978600240785e-15 -2.620126338115369e-13  8.915090887740007e-14   3.68594044175552e-14   2.40918396343659e-14   1.77635683940025e-15                      0     0.9999999999999996  8.881784197001252e-16
-4.879430193227563e-14  2.094158180199202e-14 -2.620126338115369e-14  3.108624468950438e-15  8.881784197001252e-16  2.042810365310288e-14  1.554312234475219e-15                      0  6.661338147750939e-16                      1
