10
1

0.1774728208898221
0.8866580149657277
0.9787156102829259
 1.205728686162393
 1.506895255930486
 1.751202275855551
 2.354621352309163
 2.583883512153889
 4.849935956128861
 9.018759229353375

   -0.5400735335439785     0.2441479659095365     0.7247322503179808    -0.3288758044263928   -0.05892482402060181    0.02390203572801921   -0.05013659970253698    0.03366643318202357   -0.08087723141042241    0.03293240969221738
   -0.7443987047082831    0.08003543993933093    -0.5515460551708413    0.04118986907195527     0.2745442434753007    -0.1324995252189419     0.1013077730219641    0.03908808939648843    -0.1534017538337966    0.07287889268075974
  -0.06034852460577269 -6.749232098226389e-05   -0.06033317061425775   0.006643438241362367    -0.3408431049778448     0.3597257827599254     0.3636324317336171    -0.6564391197120109    -0.1444610473595327     0.4038406935667592
    0.2779026319014738    0.05572423268719023     0.2119552414692756    0.03632961875633015     0.4561109890257281    -0.4021953438573022      0.391843120385364   -0.01981015373773929    -0.5417778643424572     0.2369915928507421
  -0.03296033357198512   -0.01574518811141003   -0.03677777964812242  -0.009016047793436139    -0.3844556614233094     0.1457462837227518     0.6507365890558352     0.4258579640491548    -0.1980223948549771    -0.4291359850966333
   0.05560844964917006    0.05975928832000944    0.03560002299883652    0.07081678303984082     0.3514115955618456      0.656305265806079    0.08513448658261231     0.4675240657536369     0.1005542057045684     0.4437224997901164
  -0.09108044614109008    -0.1280883123494577     0.1822544863097832     0.3926050779876193     0.3921665081816622     0.4067435515851358   -0.07588918471394762    -0.3214606264818896     -0.221040543967328    -0.5574516838444072
    0.2360487809583056     0.4475244658713027    -0.2931722982759573    -0.6126088225993758    0.08663637391871142     0.2536647635195095     -0.203711756595851   -0.07663960023917528    -0.3425753910932042    -0.2148989977446677
  -0.06925091026206258    -0.6507643549256376   -0.01399884626682863    -0.1287746321293397    -0.2104629310433999    0.09227880828071196    -0.3590381060181221     0.1839600050180637     -0.562709192386897      0.150764346554884
   0.01817369140391385     0.5356144247378709  -0.003517079077122445     0.5810960290105692    -0.3464833691585131   -0.02070619455838608    -0.3075410236814793     0.1518167603153296    -0.3512151105215857     0.1167929996253266

 35.5851626069785
73.94449583495198
50.42731701857891
106.0194467440987
72.88264884071471
154.9402523908794
 86.9013191917923
185.2758323102955
102.7582988592953
220.0531453914058

2.156682195811031

    0.1314536889683079   -0.06080664863285012    -0.1264118857605258    0.05874669949996625   -0.00193410979049828   0.001580007185692006  -0.001503564969284678  0.0007202739829774976  -0.002165901183200415 -6.939844988073447e-05

-0.006184400812511671  -0.02446240261565707 0.0005566040036760204   0.01093160307026811  0.003417425774805919   0.01120457403304244  -0.02148367547851477   0.04092636321669298    0.6375735978981059    0.5176290893844779

cov:
   1.130203431777109     2.60465010298698  -0.1280698175467143 -0.08642706679496849 -0.09783467552487174 0.008315316744237649   -0.107822746142171  0.02066148605251338  -0.1182503713192812 0.006866795453985509
    2.60465010298698    34.74691204502825  -0.9484493569604879    25.19419850779374    -11.7609315122254   -1.771235586615467   -8.427134925502694    3.869015492642371     -7.5827176792789    2.654859440313511
 -0.1280698175467143  -0.9484493569604879    1.095070451985998    1.465898626268838   0.5054382515047995  -0.1372158101760691   0.5378590117891624  -0.2476882173460596   0.6665404812858133  -0.1225865509629294
-0.08642706679496849    25.19419850779374    1.465898626268838    31.23813242053749   -15.12421855456085   -1.294284172621887   -12.74847357509885    6.320677371576523   -13.98355162346646    4.851377415599516
-0.09783467552487174    -11.7609315122254   0.5054382515047995   -15.12421855456085     12.8967927490903    1.325087676846189    9.848501302621843     -5.5908774365434    11.94116503863187   -4.480410135234002
0.008315316744237649   -1.771235586615467  -0.1372158101760691   -1.294284172621887    1.325087676846189    3.324130933477337  -0.5051879154857988   0.1521585064723621   -1.288757850266875  -0.7464345391891059
  -0.107822746142171   -8.427134925502694   0.5378590117891624   -12.74847357509885    9.848501302621843  -0.5051879154857988    12.37604011403638   -4.597304749050735    13.45932865481632   -3.904812392928642
 0.02066148605251338    3.869015492642371  -0.2476882173460596    6.320677371576523     -5.5908774365434   0.1521585064723621   -4.597304749050735    4.779553769219306   -6.148300965166651    3.160796614727261
 -0.1182503713192812     -7.5827176792789   0.6665404812858133   -13.98355162346646    11.94116503863187   -1.288757850266875    13.45932865481632   -6.148300965166651    19.12110282877322   -4.078904332961713
0.006866795453985509    2.654859440313511  -0.1225865509629294    4.851377415599516   -4.480410135234002  -0.7464345391891059   -3.904812392928642    3.160796614727261   -4.078904332961713    4.939421460214958

cov.inverse():
   10.03397880598371    -4.23026809570232   -11.87258910356305    5.580586622999543   0.8682055216746745  -0.3721395951305257   0.8028938130650828  -0.5723615060439564    1.435388877472489  -0.5984232905013469
  -4.230268095702317    1.958574739002353    5.547238488655199   -2.585018751975282  -0.4015008274022567    0.173042670873219  -0.3701762317435737   0.2685910780572657  -0.6645670589652349   0.2784469544304219
  -11.87258910356304    5.547238488655201    17.11751539069858   -7.550577676917922   -1.440961939747895   0.5690798819808777   -1.193358536751212   0.7769068638581991   -1.810740235832379    0.718874833239676
    5.58058662299956   -2.585018751975284   -7.550577676917921    3.527650935659387   0.6668288899695892   -0.244623141566511   0.5535982295132998  -0.3610809369089973   0.8413726468152225  -0.3391234697516772
  0.8682055216746712  -0.4015008274022565   -1.440961939747894   0.6668288899695889   0.6080801729100109  -0.2633202619735839  0.01881323628832666   0.1334772282399582  0.01066193926280642 -0.02606796187290602
 -0.3721395951305249   0.1730426708732188   0.5690798819808768  -0.2446231415665107  -0.2633202619735839   0.4764867918080186  0.01838157123988449  -0.1205031161424467  0.03757192767080079    0.117720328734094
   0.802893813065082  -0.3701762317435741   -1.193358536751213   0.5535982295133001  0.01881323628832683  0.01838157123988445   0.5392662181072864  -0.1647148252770966  -0.1224560037449947  0.07493543674560102
 -0.5723615060439571    0.268591078057266   0.7769068638581993  -0.3610809369089975    0.133477228239958  -0.1205031161424466  -0.1647148252770967   0.6604389989833176 0.002190155304527899  -0.2178065617800986
   1.435388877472492  -0.6645670589652362   -1.810740235832381   0.8413726468152237  0.01066193926280674  0.03757192767080061  -0.1224560037449947 0.002190155304527662   0.5232343198571159  -0.1668952188266039
 -0.5984232905013457   0.2784469544304218   0.7188748332396755   -0.339123469751677 -0.02606796187290602   0.1177203287340941   0.0749354367456012  -0.2178065617800987  -0.1668952188266038   0.4594847522917359

cov*(cov_.inverse()):
     0.999999999999987  -1.63129058872169e-15 -1.286817874479596e-14 -1.443289932012704e-14  3.375283993273248e-15 -2.271403551357132e-16  1.203139150807164e-15  5.108760636751697e-16 -1.435266835936311e-15 -9.744809126299714e-16
-1.021405182655144e-14      1.000000000000003 -4.440892098500626e-16  1.887379141862766e-15  1.956768080901838e-15  7.771561172376096e-16  7.494005416219807e-16  1.443289932012704e-15 -2.331468351712829e-15 -1.554312234475219e-15
 9.992007221626409e-16  4.926614671774132e-16     0.9999999999999963 -3.108624468950438e-15 -9.228728892196614e-16  8.500145032286355e-17  4.683753385137379e-17  6.245004513516506e-17 -4.787836793695988e-16  1.387778780781446e-16
 2.486899575160351e-14  1.332267629550188e-14 -1.509903313490213e-14      1.000000000000025  -6.38378239159465e-16  7.771561172376096e-16  -3.83026943495679e-15 -2.220446049250313e-16  6.994405055138486e-15  -1.77635683940025e-15
-1.554312234475219e-14  -1.06581410364015e-14 -3.552713678800501e-15  -3.33066907387547e-15      1.000000000000002 -2.220446049250313e-16  3.386180225106727e-15 -1.110223024625157e-15  1.110223024625157e-15 -4.440892098500626e-16
-4.329869796038111e-15 -4.163336342344337e-16                      0 -2.664535259100376e-15 -1.804112415015879e-16                      1 -6.245004513516506e-17  2.775557561562891e-17                      0  1.110223024625157e-16
 -1.06581410364015e-14 -4.218847493575595e-15  1.598721155460225e-14 -1.310063169057685e-14  1.498801083243961e-15 -2.220446049250313e-16                      1  1.110223024625157e-15 -1.332267629550188e-15  6.661338147750939e-16
-1.554312234475219e-15  3.441691376337985e-15  2.664535259100376e-15 -2.220446049250313e-15 -7.077671781985373e-16                      0 -6.106226635438361e-16      1.000000000000001 -9.992007221626409e-16  4.440892098500626e-16
 3.108624468950438e-15 -8.881784197001252e-16    1.4210854715202e-14 -2.664535259100376e-15  1.262878690511116e-15                      0   1.77635683940025e-15  -3.33066907387547e-16     0.9999999999999998                      0
  1.77635683940025e-15 -1.110223024625157e-15 -4.440892098500626e-15  4.218847493575595e-15  -6.38378239159465e-16                      0 -1.110223024625157e-16 -2.220446049250313e-16  5.551115123125783e-16     0.9999999999999998
