12
1

0.1105599454631115
0.7472172693794563
0.8153181250104309
0.9113053156844492
 1.023346056227699
 1.149353963736853
 1.392282819931021
 1.759813092844285
 2.098145067011735
 2.818426403010878
  5.12682815305283
 8.715322673451487

    0.5782829520888209    -0.2285896651239726    -0.7243568287693801     0.2875115719176194    0.02690288555702848   -0.01402533917936983    0.04450471387204747  -0.008038576630401636    0.03240166205418019   -0.02117169461786309    0.03174652325451603   -0.02254238659710357
   0.04281006275766018   0.006784432471426525    0.03918155533366862 -0.0009267615555112991    0.06343782672978966    -0.9105339511785945     -0.190214908409327     0.3202064964563289   -0.04909490825906796    -0.1486145382378431    0.01638124419832656   0.003151954976421625
    0.4559289072044671   -0.05667567966788076     0.3307962435786623   -0.05542417178310075    -0.3289880511104947     0.3016526320967554    -0.3984640477549598      0.477172775124545    0.06897361627679288    -0.2463752706750625     0.1167551147670591     -0.107860613114526
    0.5551178521357674   -0.02249952232218465     0.4484748736709758   -0.04420015613867469   -0.04283956998670255    -0.1998951298198169     0.2474438089031349    -0.4194909355355224    -0.1945876756190278     0.3406334867976019     0.1529802601819941    -0.1787783670895913
   -0.1657703054193408   -0.01348398076008411    -0.1365910211928241   0.001711202687891457      0.203836709736623     0.1210402279984378    -0.1383746571671656     0.1663478130791048    -0.7133944271176884     0.0860657466418311     0.5320378183108957    -0.2263976802571004
    0.1953700719806739    0.02826387103603897      0.159561347110484   0.009870895678212558     0.3422181950808592    0.06651204202687361    0.05185435911632317    -0.1852293613969446    -0.1974348261455532    -0.5337279196429812     0.1302981207636446     0.6603899543278683
   -0.1679933888413912   -0.06884368147418041    -0.1299936564373462   -0.04470395318613457    -0.7251460026276545    -0.1282794982558185     0.1445062428745683    -0.1223721717431117    0.04975428237563709   -0.01132253799011894     0.5060461196056675     0.3336259186372709
   0.09763124898522814    0.09139553181317311    0.04630428895280781    0.03198595775427424     0.2112603526038259    0.05769636262349762     0.0831342298147064     0.4618451744710255      0.146051651677994     0.6467786804094969     0.1330956593823677     0.5033960013641441
  -0.03384631399383496   -0.04733167929187602   -0.02660648672667684   -0.03293542040890104     0.2292708759315592     -0.028777583285776    -0.6904411828961223    -0.4144150502926395      0.384385379894789      0.157806503090507      0.346548836953198    0.01510755521660296
    0.2036696547418934      0.549153526065656     -0.314242454317243    -0.7048797858791562   -0.08279831550881193  -0.004038616385797823    -0.1160321260752931    -0.0601368953368578    -0.1247585908342448    0.04198313890200508    -0.1282294680200178    0.06019456426605693
  -0.03377745812484415    -0.3474759579897801   0.006072447038745935    0.04058919936787115    -0.2579270428615382  -0.008582481491412578    -0.4164631840005033    -0.1405797776318218    -0.4547949934677892     0.2504536111151183    -0.4976903682025534     0.3152296120022479
   0.02363072358656224      0.710886552841415    0.02374141868051705     0.6400008587666242    -0.1735110841639484  -0.001277913745830301     -0.169090932618373    -0.0914346749792168    -0.1097455871394753    0.02484709445202208   -0.06012928325122582    0.02409083501763957

22.68069002586202
54.12794585414012
 35.5577946675963
86.29887441372163
64.37585516999876
158.1532760383134
74.57247454402766
184.0502899233967
 88.2832785251922
219.2449159578586
104.6527079400298
260.7020426588251

2.49527662280704

    0.157388568066233  -0.06311789722496031   -0.1484315192183807    0.0593722161462754 -0.001747297215852157 0.0009124321241777866 -0.002852388475541802 0.0003989590804553654 -0.002089626529613608  0.001124291691045739 -0.001938616064286024  0.001367675656978655

 0.002807212285944716  4.21667371897014e-05   0.01617057940661502   0.01566700692848142 -0.004609396108537385  0.007359645535635733  -0.01048010658820168   0.01581447639392015  -0.00108078223234939   0.02600590710377877    0.5868475038314607   -0.4193989094690685

cov:
   0.9695894098130754     2.510665397416886  -0.04316110736648809  -0.03145980786422726  -0.01535964259964327   0.03585828623203412  -0.01404719604347797  -0.01321839051860454  -0.02122210026974802 -0.008128345216336893 -0.001916374046890229 -0.003381458423544031
    2.510665397416886     44.00400302933324   -0.1190820264101018     31.13672285428067    -7.242460294930318   0.02094551959243056    -5.671331171222557    -3.700324902175939    -2.358326076359474   -0.6296699021130915    0.6273510307170171    -1.185495920685742
 -0.04316110736648809   -0.1190820264101018     1.170921725185997     2.910452733571718  -0.00538809027379461   0.01916775114896816  0.005326896892127707  0.001321058863535997   0.00607189875935269  0.001919354514674054   0.01728405128650986    0.0113977709389924
 -0.03145980786422726     31.13672285428067     2.910452733571718     35.11872216613446    -8.177257307611384  -0.02993178510835472    -7.912442463355976    -4.146175777094878    -5.166340110052344     1.271944694192322    -2.824086893126652     1.207802945452455
 -0.01535964259964327    -7.242460294930318  -0.00538809027379461    -8.177257307611384     5.752703723483945    0.2314971030816249     4.348138061193826     2.127249387536066     4.773838969270187    -1.641089455664488     4.118482114852672     -2.33826875862548
  0.03585828623203412   0.02094551959243056   0.01916775114896816  -0.02993178510835472    0.2314971030816249    0.6258032978797352    0.1432048365660123     0.215318163543286     0.045590495212068  -0.02824627014020085   0.04483675588534541  -0.03452896792826397
 -0.01404719604347797    -5.671331171222557  0.005326896892127707    -7.912442463355976     4.348138061193826    0.1432048365660123      9.19816789412995     3.829462114099082     5.422962713981061    -3.313707117635037     5.391731714439707    -3.568876874969396
 -0.01321839051860454    -3.700324902175939  0.001321058863535997    -4.146175777094878     2.127249387536066     0.215318163543286     3.829462114099082     3.057892910921623     2.003047044481378   -0.5559690478935865     1.803418973998505   -0.9199436226710414
 -0.02122210026974802    -2.358326076359474   0.00607189875935269    -5.166340110052344     4.773838969270187     0.045590495212068     5.422962713981061     2.003047044481378     7.816817187571134    -2.671538352331827     6.821849859546662    -3.722543010621049
-0.008128345216336893   -0.6296699021130915  0.001919354514674054     1.271944694192322    -1.641089455664488  -0.02824627014020085    -3.313707117635037   -0.5559690478935865    -2.671538352331827     3.648149798875869    -2.957441765241196     2.633008964356506
-0.001916374046890229    0.6273510307170171   0.01728405128650986    -2.824086893126652     4.118482114852672   0.04483675588534541     5.391731714439707     1.803418973998505     6.821849859546662    -2.957441765241196      8.34323833455675    -3.780735854395819
-0.003381458423544031    -1.185495920685742    0.0113977709389924     1.207802945452455     -2.33826875862548  -0.03452896792826397    -3.568876874969396   -0.9199436226710414    -3.722543010621049     2.633008964356506    -3.780735854395819     4.350370276581831

cov.inverse():
    28.12340451243217    -10.83749086217477    -33.68892008995105     13.52268501545317     1.107578341601311   -0.6563212131737332     2.005483853242839   -0.3356326177073981     1.524782277642656    -1.025939137255713     1.575552819722811    -1.138207503092819
   -10.83749086217476     4.335981826560821     13.49605826877803    -5.410996104306567   -0.4428433912314987    0.2371731281584686   -0.8037801452186891    0.1380723034287156   -0.6074114650614125    0.4109890071457212   -0.6322674586306567    0.4557482956945721
   -33.68892008995093     13.49605826877802      43.3935676581621    -17.05652692005206    -1.708331928251884     0.811441886250664    -2.690854107943027    0.4856175691375229    -1.923784531187809      1.23772503392413    -1.822172278937633     1.277906595838177
    13.52268501545312    -5.410996104306563    -17.05652692005206     6.839283698633882    0.6879600419393236   -0.3380948226227233     1.078255015723774   -0.1931380970143977    0.7711013980698175   -0.4965409074859883     0.727870889121263   -0.5144162201473131
    1.107578341601307   -0.4428433912314977    -1.708331928251883    0.6879600419393229    0.6611860006597233   -0.1819590206519625     0.168615157821551   -0.1535204447603847   -0.1309828003900056  -0.02701171178091079   -0.0124490737206564   0.04690584969216681
  -0.6563212131737378    0.2371731281584712    0.8114418862506729   -0.3380948226227268   -0.1819590206519629      1.71309371682769  0.002075542827052371   -0.1660750345319293   0.02575705991356687   0.06760023498058682  -0.01197272369630754  0.008961474513254391
     2.00548385324283   -0.8037801452186867    -2.690854107943021     1.078255015723771    0.1686151578215505  0.002075542827053157    0.6896990201978176   -0.5070445887300247   0.07850332174211438    0.1775307760600878   0.01725266026547354   0.01416220141105131
  -0.3356326177073893    0.1380723034287124    0.4856175691375131   -0.1931380970143937   -0.1535204447603839   -0.1660750345319297    -0.507044588730024    0.9126733929060425 -0.001334487630253935   -0.2510894587025958   0.02027920432693119  -0.04863210106521593
    1.524782277642655    -0.607411465061413    -1.923784531187811    0.7711013980698183   -0.1309828003900059   0.02575705991356726   0.07850332174211423 -0.001334487630253768    0.7101551690638537  -0.08832874523835516    -0.262687152388805   0.05337952612395389
   -1.025939137255712    0.4109890071457222     1.237725033924134   -0.4965409074859899  -0.02701171178091131   0.06760023498058672    0.1775307760600873   -0.2510894587025955  -0.08832874523835506    0.6733889021872641  -0.01696856553413143   -0.1735154574555993
     1.57555281972281   -0.6322674586306571    -1.822172278937636     0.727870889121264  -0.01244907372065569   -0.0119727236963073   0.01725266026547431    0.0202792043269304   -0.2626871523888051  -0.01696856553413137    0.5914157513705612  -0.05725309691447063
    -1.13820750309282    0.4557482956945735     1.277906595838183   -0.5144162201473153   0.04690584969216652   0.00896147451325421   0.01416220141105073  -0.04863210106521554   0.05337952612395411   -0.1735154574555993  -0.05725309691447122    0.6201991296282798

cov*(cov_.inverse()):
     1.000000000000022 -6.005829514266203e-15  -1.00972182004444e-13  3.411832448507734e-14  1.889574651262049e-15 -1.849276211763479e-15  3.195855309990475e-15  -5.72594272343907e-16  1.434155528709513e-15 -2.700964452095889e-15  1.992763593028357e-15 -2.788567987632717e-15
-4.884981308350689e-15                      1 -1.199040866595169e-14 -2.886579864025407e-15  1.658395643033828e-15 -1.073793831629644e-15  4.475586568020162e-16   9.71445146547012e-17 -5.273559366969494e-16 -3.608224830031759e-16   1.40165656858926e-15 -1.443289932012704e-15
-2.246466901389965e-15  5.863365348801608e-16      0.999999999999997  2.246466901389965e-16  1.328147661294743e-16 -9.164218862933726e-17  1.887595982297263e-16 -2.072994553792284e-16  2.602085213965211e-17  2.354887118638516e-16  4.778078974143618e-16 -1.014813233446432e-16
 9.570122472268849e-14 -5.406786129924512e-14  6.927791673660977e-14      1.000000000000008  4.149458554536523e-15 -7.181755190543981e-16  8.493206138382448e-15 -1.887379141862766e-15  2.997602166487923e-15   1.52655665885959e-15  4.093947403305265e-15 -9.992007221626409e-16
-2.620126338115369e-14   1.13242748511766e-14 -1.865174681370263e-14  -1.77635683940025e-15     0.9999999999999994 -6.938893903907228e-18 -1.450228825916611e-15  4.163336342344337e-16 -1.429412144204889e-15  -3.33066907387547e-16 -9.159339953157541e-16 -6.661338147750939e-16
-2.560451850541767e-15  1.259409243559162e-15  2.081668171172169e-16 -3.747002708109903e-16   -4.9439619065339e-17     0.9999999999999999 -1.101549407245273e-16 -4.401860820291148e-17 -1.530893467549532e-16  3.816391647148976e-17  -1.09721259855533e-16  3.122502256758253e-17
-1.687538997430238e-14  4.662936703425657e-15 -5.329070518200751e-15 -5.551115123125783e-15 -7.771561172376096e-16  1.942890293094024e-16     0.9999999999999991  8.604228440844963e-16  1.665334536937735e-16 -8.881784197001252e-16 -2.220446049250313e-16  4.440892098500626e-16
 3.996802888650564e-15 -1.665334536937735e-16 -8.215650382226158e-15  3.275157922644212e-15  2.151057110211241e-16 -2.099015405931937e-16  7.251144129583054e-16                      1  -2.42861286636753e-16  -3.05311331771918e-16  1.665334536937735e-16 -5.551115123125783e-16
-6.217248937900877e-15 -1.998401444325282e-15 -7.993605777301127e-15  4.884981308350689e-15 -5.551115123125783e-17  6.245004513516506e-17   2.42861286636753e-16  4.163336342344337e-16     0.9999999999999993  1.110223024625157e-16  1.665334536937735e-16 -8.881784197001252e-16
-4.884981308350689e-15  2.220446049250313e-16                      0  1.110223024625157e-15 -4.024558464266192e-16  3.122502256758253e-17 -1.040834085586084e-16 -5.551115123125783e-17  5.828670879282072e-16                      1  3.608224830031759e-16                      0
-8.881784197001252e-15  8.881784197001252e-16 -8.881784197001252e-16 -3.552713678800501e-15 -2.775557561562891e-17  1.942890293094024e-16 -5.828670879282072e-16  4.440892098500626e-16 -8.604228440844963e-16  2.220446049250313e-16                      1  4.440892098500626e-16
-8.881784197001252e-16  2.220446049250313e-15  3.552713678800501e-15  4.440892098500626e-16  -3.33066907387547e-16 -5.551115123125783e-17 -2.706168622523819e-16 -2.498001805406602e-16 -2.775557561562891e-17  2.220446049250313e-16 -4.996003610813204e-16     0.9999999999999998
