10
1

0.05433372950203684
 0.5181416746328621
 0.7129903422844466
  0.804591272669319
 0.9666561793164726
  1.086788504788201
  1.456657455321253
   2.12084743529081
  3.284705721484168
   5.79351734754385

   0.1592813712615102   -0.0696726812235464   -0.7094396144212164    0.3103308909825949    0.5573628520139774    -0.243824583753853 -0.001165048869437883 -0.001383234604219245  0.001632564757691526  0.007457979590886425
  -0.4628293208395106    0.1412672441609293    0.3969448472205373    -0.132650528281047    0.6019527615073516   -0.2869999351948629   -0.2752181564341348   0.06318084405408927   -0.2211991368052985    0.1314884421242216
  -0.2056881222818829   0.03369974686371504  0.002815928603240708 0.0007464119404603897    0.1037455255994097   0.08824559021250841    0.8648327572114111    0.2406961177815965    -0.204195896979314    0.3007183651703534
  -0.0686908210783445  -0.01196839788056673 -0.007460761641187973   0.07041858728366573    0.3691526585728078    0.9124769406394998   -0.1278579160370053   0.01027613790128604    0.0247656760682298  -0.06457128779620054
    -0.73989079506905   0.03550994725386875   -0.4025776382819222   0.07137504266536414   -0.3106036518260357   0.06158896328965687  -0.07395617449944036   -0.4029062408064343    -0.121800713091156   0.03508997284612075
   0.3791385616052283   0.03315189240278526    0.1197917691921297 -0.008858488851403949   0.07143098713747577   0.04803128704475397   0.05879943915422187    -0.684716644721756   -0.5617157758475113    0.2133028397482546
 -0.07730909697497479  -0.03031474301337318   0.08391408311007152  0.002987934787434423    0.1065552593296623  -0.06887533173471562    0.2664859884501073  -0.09517573004688376   -0.2317845947116137   -0.9144171281172808
   0.1043213314963739    0.2547105849021756    -0.393488222459048   -0.7285721860621076   -0.0590982231430156   0.07313661801909321   -0.1320640951622848    0.2815583391549898   -0.3620504854679769  -0.04417039433872561
 -0.02702888311091767   -0.1188299880886784  -0.02745915170163186   -0.5632568712691993    0.2517710075685788  -0.03975338569477997    0.2359387407307745   -0.4530707417727269    0.5841431522803063   0.00204564271085675
  0.06795437635316508    0.9442633804366264  0.004387135236782033    0.1669781729840905   0.01226485721787145  0.002417713656269916   0.08319001112261716   -0.1148438507426068    0.2288472684563148  -0.05666464105923433

22.60291766799608
48.75869962141788
50.18365319921516
111.3663167115801
 58.0710150469477
129.2492892515912
 69.1227746557561
155.3669002978334
83.57186536327217
187.3074562308993

2.26592527430039

   0.07113266497828755   -0.03148168015910501   -0.03573013766162062    0.01570995987652322   -0.03581237378139585    0.01551806431191995  0.0001024638496537099  0.0005936795344282089 -0.0002825404757681432 -0.0007449863451755845

5.903142849709506e-05   -0.0213900434837577 -0.009181788181062713 -0.001400111661054899  -0.02467082644354907   0.02278676027411776  -0.02474811289272027   0.02498948634768895   -0.1736436921843348   -0.7689897081611596

cov:
  0.9879765162004769    2.282612764790041   0.1019649528029259   0.1628578437718395  0.05427434578741482  0.02739528371462795  0.04217323379856835 -0.04362611352065487   0.1001646756041076  0.02578182768047074
   2.282612764790041    30.38217085552673  -0.2753215551980904    5.175848026254219 0.005490480476891788   0.2033481806113785    2.170905326336771   -2.764028666132074    6.066169480021578   -1.770188076397709
  0.1019649528029259  -0.2753215551980904   0.9323776817193495    1.438270356553607   0.2390821603059511   -0.180302784270294   0.2322081730376795  -0.3362439962989391   0.4025185319786934  -0.0618687481677322
  0.1628578437718395    5.175848026254219    1.438270356553607    6.759541888505376   -1.292483370738928  0.07025653450311041   -0.534356397827609    1.165021065504339   -1.075629603941829  -0.1984568399379532
 0.05427434578741482 0.005490480476891788   0.2390821603059511   -1.292483370738928    1.016830832079437  0.02010419316807865   0.7675168974642649    -1.28984854723925    1.672194702443234  -0.1832713061832338
 0.02739528371462795   0.2033481806113785   -0.180302784270294  0.07025653450311041  0.02010419316807865   0.6228963180976393  -0.1932797252843249   0.2415095893440604  -0.3335680781439319  0.09296040090250292
 0.04217323379856835    2.170905326336771   0.2322081730376795   -0.534356397827609   0.7675168974642649  -0.1932797252843249    1.482358203626263   -1.614492748947152    2.103935945738472  -0.5036016774018678
-0.04362611352065487   -2.764028666132074  -0.3362439962989391    1.165021065504339    -1.28984854723925   0.2415095893440604   -1.614492748947152     3.76926854150398   -3.677767441174191    0.190034369018108
  0.1001646756041076    6.066169480021578   0.4025185319786934   -1.075629603941829    1.672194702443234  -0.3335680781439319    2.103935945738472   -3.677767441174191    6.564238815903208 -0.08627639836872614
 0.02578182768047074   -1.770188076397709  -0.0618687481677322  -0.1984568399379532  -0.1832713061832338  0.09296040090250292  -0.5036016774018678    0.190034369018108 -0.08627639836872614    1.998998782352403

cov.inverse():
   10.19532113292371   -4.023296546744712   -38.61685315070466    16.88997340014288    29.21624467414646   -12.82217415616582   0.1394839173130583  -0.1718995170558619   0.4645918672635231   0.1337454715465787
  -4.023296546744704    1.766117763641009    16.91742000577706   -7.422990022676376   -12.85441117387594    5.601695597459681 -0.07033072637192239  0.06618937404053275  -0.2064984099932895 -0.06942898733050477
  -38.61685315070459    16.91742000577705    171.2976277941057   -74.73967522763692   -132.9051346986913    58.12904937097166 -0.06135267380829791   0.5039198781368488   -0.704240478256163   -1.621220518634282
   16.88997340014283   -7.422990022676367   -74.73967522763691    32.84900349374039     58.3053308528744   -25.39519726318892 0.004649281498926002  -0.2234508951140343   0.3071733342814383    0.718992372328106
   29.21624467414638   -12.85441117387592   -132.9051346986912    58.30533085287434    106.9302985058413   -46.16183765651619  -0.6846618152982252 0.008912458912935852  -0.2019392933174548    1.683347265781497
  -12.82217415616579    5.601695597459673    58.12904937097164   -25.39519726318891   -46.16183765651621    21.75584732827428   0.3462009803554408  0.05789748331748806  0.06972019546851545  -0.7554070261926514
  0.1394839173130505 -0.07033072637191909 -0.06135267380826338 0.004649281498910944  -0.6846618152982524   0.3462009803554526    1.830624981327862   0.3106175185567253  -0.1496256856552866   0.2808100258839098
 -0.1718995170558584  0.06618937404053127   0.5039198781368345   -0.223450895114028 0.008912458912946621  0.05789748331748338   0.3106175185567252   0.7416289236196424     0.19146823634609   0.0683812279156371
  0.4645918672635392  -0.2064984099932964  -0.7042404782562326   0.3071733342814689  -0.2019392933173999  0.06972019546849159  -0.1496256856552867   0.1914682363460898   0.6367895179527823  -0.2303238817685861
  0.1337454715465713  -0.0694289873305019   -1.621220518634255    0.718992372328094    1.683347265781476  -0.7554070261926426   0.2808100258839103  0.06838122791563704  -0.2303238817685869   0.7020103304054766

cov*(cov_.inverse()):
     1.000000000000009 -6.722920831148116e-15 -2.529920717364575e-14  2.729066972406713e-14  1.265654248072678e-14 -5.800915303666443e-15  2.151057110211241e-16 -1.376936759056591e-16  -4.77048955893622e-16  8.985867605559861e-16
 2.386979502944087e-15     0.9999999999999939  7.993605777301127e-15  7.327471962526033e-15  4.884981308350689e-15 -2.464695114667848e-14 -6.661338147750939e-16  1.387778780781446e-16 -9.992007221626409e-16  4.440892098500626e-16
-3.136380044566067e-15 -1.595078236160674e-15                      1 -6.827871601444713e-15 -3.319566843629218e-14  1.056793541565071e-14 -2.116362640691705e-16  9.974659986866641e-17 -2.185751579730777e-16 -5.967448757360216e-16
-3.722716579446228e-15 -8.814129981438157e-15  3.741451592986778e-14     0.9999999999999873  1.765254609153999e-14  9.686695889854491e-15 -2.081668171172169e-17 -1.405126015541214e-16  3.122502256758253e-16  8.049116928532385e-16
-1.498801083243961e-15 -9.575673587391975e-16  -8.93729534823251e-15 -6.716849298982197e-15     0.9999999999999689  3.108624468950438e-15  -4.85722573273506e-17  1.006139616066548e-16 -9.020562075079397e-17 -4.163336342344337e-16
-1.216041156659742e-15  9.029235692459281e-16  2.009503674571533e-14  3.885780586188048e-16  3.913536161803677e-15                      1  3.469446951953614e-17 -3.035766082959412e-17 -3.122502256758253e-17  4.163336342344337e-17
 4.649058915617843e-15 -1.491862189340054e-15  1.110223024625157e-15 -1.332267629550188e-14 -1.931788062847772e-14  6.827871601444713e-15     0.9999999999999996  6.938893903907228e-18 -1.110223024625157e-16 -5.551115123125783e-16
-5.283967707825354e-15 -1.700029006457271e-15 -5.606626274357041e-15  9.048317650695026e-15  2.753353101070388e-14 -1.068589661201713e-14 -4.163336342344337e-17     0.9999999999999994 -1.387778780781446e-16  5.828670879282072e-16
 2.095545958979983e-14 -7.327471962526033e-15 -8.756884106730922e-14  2.915029329031427e-14  6.522560269672795e-15 -3.079481114554028e-14 -7.147060721024445e-16 -1.665334536937735e-16                      1  3.469446951953614e-16
-1.665334536937735e-16 -1.110223024625157e-15 -3.996802888650564e-15  5.551115123125783e-15  1.287858708565182e-14 -2.220446049250313e-15  1.110223024625157e-16                      0 -2.220446049250313e-16                      1
