10
1

0.1044182340597805
0.3085187065968474
0.7454067020220355
0.9908275863323838
 1.529968055665367
 1.819117900903565
 1.990170051149133
 2.552145542957593
 6.877880186752193
 16.29114397809564

    0.3621640955748484    -0.2561839135702815    -0.6656229420440145     0.4722750093954375     0.3020790043521305    -0.2141193100613879   0.002774786657644301  -0.001570792288917811  0.0005680190194033392 -0.0003025606080165774
   -0.4135096547237789     0.2608065438427403    0.08590226115782226   -0.05197754746585297     0.6786687596147809      -0.44021816879065    -0.2310415087081098      0.154062284366242    -0.1120649322057503    0.08277446209690595
    -0.318360338762209     0.0867862111641457    -0.1405955643466545    0.04047084888176705    0.06539468877642032   -0.01189316828540759     0.8281601284123125    -0.2775295480370347    -0.2379755285281381     0.2139806829038634
    0.6651253961893966   0.004559946229169494     0.5552385055182957  0.0008489431604330337     0.4010527270183684   -0.03511671372961143     0.2890651662143185   -0.01730763804290114   -0.04161762785579066    0.04037536979507996
    -0.311708392984113     -0.380314828902599     0.1129099423660018     0.1333936775850126     0.3427207401817664     0.3577474910849773     0.2108994206461927     0.1722316092636784     0.3859479346865078    -0.5090354664261907
    0.1917543909070567     0.3401702957274398    -0.2860707815105134    -0.4181675444159269    -0.1062187797490702     -0.263919094667495      0.326114218567638     0.4910295530649323     0.1940774449706001    -0.3532018662928489
    -0.135356731483373    -0.1513779896072451       0.35582454211896     0.5144420011786415    -0.3923568282081669    -0.5725845716973426     0.1359477794968864     0.2391733274864357    0.03320797301666526   -0.09442542540760762
   0.03743872907173115     0.1717083159518048      0.012738403930941    0.05614902420498434   -0.01830792349031994   -0.08202864264794699    -0.0879436083242828    -0.4130293844137611    -0.4784743812884269    -0.7426107011643243
   -0.0209778231691612    -0.6485275237947896   -0.01207418993792736    -0.3822989396945717  -0.003326973717014113   -0.07363187830073364    0.01242456084396442     0.3160655376955375    -0.5716831700006954    0.01917168516969171
    0.0026066122886979     0.3541961599965954   0.002384310767856169     0.4074338063248106   0.002677742181749398     0.4704744993303198   0.002226502683673307     0.5481530940143989    -0.4308047543599836     0.0332770393462167

22.68378561582362
31.17884893161744
35.55364993039002
49.17504151567288
50.56102152800004
70.18682324700089
68.37020489611308
95.24215387759851
94.52516435456315
131.1709011638575

1.396614483385175

   0.04964584586635699   -0.03546618022547077  -0.002967674773996407    0.00210101279277764   -0.04488998614376418    0.03194292801083064  -0.001286674206164747  0.0009385292436760832 -0.0007122582683986086  0.0005353671053940628

 0.000104974442765178 -0.007053525580736761   -0.0126341772313437   0.01153652173383025  -0.01558011656730601  -0.02158457051153334 -0.008032503301780458  -0.04090864306638816    0.9313161510701962     1.104269360441336

cov:
    0.9617670468946465      1.481334647256237   -0.05651716815304493    0.03375810401830052     0.1183647106736007     0.2526671865184449 -0.0007005267081530855    0.05425212693245422  -0.004316459592341932   0.006075091573651408
     1.481334647256237      54.20761630732755   -0.02738634711551824      49.19313852300908     0.1648366778695354      46.11041969109067    -0.1369005372804095      41.61661649556532     -23.65351402228515      1.834210349232771
  -0.05651716815304493   -0.02738634711551824       1.13077156536878      1.630433907850435     -0.142892826268903    -0.1498643772205187    0.01659777827703068    0.06334911440360021   -0.02571696023212916    0.02121114188843399
   0.03375810401830052      49.19313852300908      1.630433907850435      52.66368456878892    -0.2024352495626799      51.48666608180147    -0.1044942289847595      53.26129565597986     -36.50588561443702      3.121905028516392
    0.1183647106736007     0.1648366778695354     -0.142892826268903    -0.2024352495626799      1.131745721959214      1.581909152344984   -0.01760115581737887   -0.02399182564807485  -0.001603644444321085   0.000725733815560093
    0.2526671865184449      46.11041969109067    -0.1498643772205187      51.48666608180147      1.581909152344984      60.89476668707415    -0.1405592658445719      66.73361792965837     -51.45924849168243      4.575183189551194
-0.0007005267081530855    -0.1369005372804095    0.01659777827703068    -0.1044942289847595   -0.01760115581737887    -0.1405592658445719      1.056438460809928      1.353981332983875   -0.01749096817327452    -0.1188953602565481
   0.05425212693245422      41.61661649556532    0.06334911440360021      53.26129565597986   -0.02399182564807485      66.73361792965837      1.353981332983875      86.72169035382852      -69.3958897860701      6.224550953992567
 -0.004316459592341932     -23.65351402228515   -0.02571696023212916     -36.50588561443702  -0.001603644444321085     -51.45924849168243   -0.01749096817327452      -69.3958897860701      66.72016626024661     -2.738844716735546
  0.006075091573651408      1.834210349232771    0.02121114188843399      3.121905028516392   0.000725733815560093      4.575183189551194    -0.1188953602565481      6.224550953992567     -2.738844716735546      4.985634316916467

cov.inverse():
   14.51671442398755    -9.61236935632267   -22.06975682180105    15.83139619782101    7.281375210329135   -5.260598079166143   0.8028740874733373  -0.5793469244328772   0.5700878040752513  -0.4186315228774594
  -9.612369356322645    6.863998783808785    15.79481241174228   -11.30985728806276   -5.278122537836767    3.758880715278576  -0.5759855521008505   0.4144763903965123  -0.4071470598176801   0.2977337110647807
  -22.06975682180095    15.79481241174224    41.12463444581233    -28.7993793547875   -17.62829972629255    12.64603204907491  -0.4299600869631348   0.2818334402186064 -0.09510628631807053  0.05790359749786209
   15.83139619782119   -11.30985728806274   -28.79937935478748    20.61957118592899    12.70104191257944    -9.05518915174485   0.2945394195984005  -0.1988415541442594  0.07004661780304966  -0.0458312735582142
   7.281375210328992   -5.278122537836679   -17.62829972629234     12.7010419125793    13.47229146565095    -8.96903660374843   -1.347722668848035    1.002130898652903  -0.7799362509209918   0.5717332315728897
  -5.260598079166085    3.758880715278514    12.64603204907476   -9.055189151744747    -8.96903660374843    6.402900009180937   0.9736541953973318  -0.7168531240783178   0.5585775903838766  -0.4095041282628468
  0.8028740874734293  -0.5759855521009221  -0.4299600869633385    0.294539419598546   -1.347722668847926   0.9736541953972537    1.937987520797689  -0.7153269234334617 -0.03344596332756118  0.05594715686743557
 -0.5793469244329442   0.4144763903965637   0.2818334402187532  -0.1988415541443636    1.002130898652824  -0.7168531240782622  -0.7153269234334619   0.5179256146164982  0.02296339851814957 -0.02184958207819247
   0.570087804075222  -0.4071470598176616 -0.09510628631801767  0.07004661780301095  -0.7799362509210257   0.5585775903839009 -0.03344596332755578  0.02296339851814561   0.3537099379395376  -0.2419987263932638
 -0.4186315228774363   0.2977337110647645  0.05790359749781566 -0.04583127355818079   0.5717332315729177  -0.4095041282628668  0.05594715686743199 -0.02184958207818975  -0.2419987263932639   0.3913824735740816

cov*(cov_.inverse()):
     1.000000000000061 -2.338689138181582e-14 -5.910831719913023e-14 -1.873179346009723e-13   1.79656636789538e-14  2.700530771226894e-14  8.131136822880913e-15 -4.522071736165478e-15  3.183434418851938e-15 -4.349819116011844e-16
 -2.40918396343659e-14     0.9999999999999477 -6.938893903907228e-14 -6.192268919846811e-14  1.332267629550188e-14  1.931788062847772e-14 -2.664535259100376e-15  2.914335439641036e-16  2.775557561562891e-16  -2.55351295663786e-15
 4.433953204596719e-15 -1.096171764469744e-14      1.000000000000026 -1.956757238880114e-14  -1.62977270568021e-14  1.741662369880714e-15  9.102961440188295e-16 -1.422690090735479e-15  1.167468899332391e-15 -2.706168622523819e-16
 8.038014698286133e-14 -7.405187574249794e-14 -1.505739977147869e-13      1.000000000000284  9.636735853746359e-14 -1.103561686477406e-13 -1.335043187111751e-14 -3.816391647148976e-15   3.33066907387547e-15 -3.108624468950438e-15
 1.080678515424927e-15  3.238538994268514e-15 -1.331102112214766e-15 -2.964667492619602e-14     0.9999999999999993  5.075855100816762e-15 -2.474420408155042e-16  4.525934206404958e-16  1.475870207295893e-16 -9.269928574751063e-18
 2.842170943040401e-14  -3.97459842815806e-14 -4.335420911161236e-14  2.931821452278882e-13  3.064215547965432e-14     0.9999999999999605  1.387778780781446e-15 -1.094957458036561e-14   1.77635683940025e-15 -1.110223024625157e-15
  9.71445146547012e-17  2.012279232133096e-16  1.038232000372119e-15 -1.136243876764809e-15 -7.632783294297951e-16 -3.538835890992686e-16     0.9999999999999998   2.34187669256869e-17  8.673617379884035e-17 -1.804112415015879e-16
-1.723066134218243e-13  1.088018564132653e-14  1.587618925213974e-14  1.063038546078587e-13 -9.370282327836321e-14  7.149836278586008e-14  3.996802888650564e-15      0.999999999999998   3.33066907387547e-15 -3.996802888650564e-15
 2.664535259100376e-14  8.104628079763643e-15 -6.292188992063075e-14  2.622901895676932e-14 -6.727951529228449e-14 -4.884981308350689e-14   1.40165656858926e-14  -1.02695629777827e-15     0.9999999999999989 -3.996802888650564e-15
-8.881784197001252e-16 -2.220446049250313e-16  3.774758283725532e-15  1.387778780781446e-16 -1.332267629550188e-15  3.552713678800501e-15  1.443289932012704e-15 -6.522560269672795e-16  2.220446049250313e-16     0.9999999999999999
