12
1

 0.0580346705295467
0.08469027549520586
 0.5120844957620377
 0.9403668116279628
  1.007137435843048
   1.28435672089148
   1.43425239988853
  1.860435681348599
  2.625603499312406
  3.086819174778362
  5.490661549110406
  9.933069374020617

    0.2236122598154258   -0.07865615668566307   -0.04843400199687201    0.01737340235327343    -0.7268348180349589     0.2586251394743062     0.5531100185404326    -0.2000044384012914  -0.006094943209236167   -0.00168846965440526 -5.372077004692149e-05   0.003846167243963554
    0.4102256000487672    -0.1446057053743483    -0.7979293547513517     0.2794562634213953     0.2678139855875893   -0.09352457389210146     0.1187805328816248   -0.03301601286076576   0.004054366279381256      0.017639960645937   0.003428729973422693  -0.002770833238904937
   -0.5473393718723691     0.1383439776641094   -0.08771717937136123    0.01705607691641607     0.3137582578379997   -0.08711971070052774     0.6071420504867979    -0.2078570426411972    -0.2663951622782362    0.05067229265289311    -0.2696153680435614    0.09596209727613934
    0.2054298318019576    0.00754124520444366    0.08124545589407195  -0.003345409707956045    0.04288828931626461    0.08622112593427914   -0.02081823934396083      0.126052483755724     -0.112254597372285    -0.6121247675877532    -0.3333416870295955     0.6535434769405208
   -0.6229419164054176    -0.0257609215957947    -0.4797085856462525   0.009949531996867824    -0.3254943095125593     0.1297355527817118    -0.2348487832328011     0.1241989885642512     0.3687545030027652    -0.2063420125147717  -0.006376865516236984    0.09542353179262124
    0.1156711400363803    0.02171489603988296     0.1356164645268511    0.02841721356728398  -0.007430024143608397    -0.3650689490065079     0.1715225283519845    0.09984217748750317     0.6947658500540045      0.331846873079546    -0.3970642779895064     0.2091610188838083
   -0.0705293052781729   -0.04299161232785452    -0.1079673620362064   -0.04590026504090419    -0.2202978818800744     -0.212758181532427   -0.06099759881438883     0.3348476458560328    -0.3836227448052609     0.5127372365300835     0.2410846840606326     0.5491675429768442
   0.01258658357592863   0.002990618066983427   -0.02202419945864072   0.003517387168337213    0.09477209008994848     0.4084622123366681    -0.3207578641049099    -0.6830132163465515    0.06314050742409362     0.3484940291443497    -0.1093611692858306      0.341650011433326
  -0.05845021347760349    -0.1425453285830132    0.02885036806634295    0.09547560281865579    -0.2331105022133929    -0.7249476296962417     -0.157170459028956    -0.5273357345861344   -0.09210089958584794    -0.2452871193732634     0.1162959345939879    0.03831806528439483
    0.1615257405996428     0.4585010197450541    -0.2914094612265918    -0.7162025988987355    -0.1233157474645718    -0.1451173323277686    -0.1187564291819836   -0.05809127291474681    -0.1264823374010262     0.0234017730613002    -0.2797818899450559     -0.131353658042535
  -0.05996618903658059    -0.6333320625806387  -0.001714051953665258   -0.03819793995990602    -0.1159575176969222   0.009373151328067673    -0.1870913724585966    0.09837597147940511    -0.2807925686098972     0.1330800898784522     -0.620504043304874     -0.232459618284549
   0.01607872906451161     0.5648559381242882    0.01608849253280106     0.6282942675387534    -0.2306405956541725   -0.02079011664443801    -0.2142814886161303    0.06822855082693095    -0.2078978326092436    0.08337211111387495     -0.334019161606808    -0.1404510397339782

22.68523699662659
63.81790228784234
35.53505832872006
100.1641354999663
46.50867647797936
131.0054723088489
55.21837335455866
155.6116322297488
66.11883850943204
186.7095978430234
78.07623372018716
220.3057661579982

2.825553146149473

    0.1102813156538994   -0.03898634791376464   -0.04669520822774037    0.01665999216193714    0.01463768746898999  -0.005679839275521278    -0.0784235093604943    0.02592242364809064 -0.0001621703096241268  -0.003524304174027062  -0.001369172062121942  0.0003428186371932582

-0.0001023319234630081  0.0006240380521452247   -0.02858913018445199    0.02335039066674717   -0.02868917104037062  -0.005797827876099542    0.01591299343600732    0.02735665824824384  -0.003794760287722239    0.08305168505860605       1.00511731664758     0.4866296544970752

cov:
    0.9497914211460801       2.81198133402611    -0.0628508289945973    -0.0712493573807904   -0.04878645703573296   -0.05604678507579765   -0.03532033276375719   -0.03180681163801993  -0.003924345109414578    0.04260335676420257   -0.01892699478020936 -0.0004072587073795942
      2.81198133402611      45.72664770013083    -0.3471780700365453      32.52780534802988     -10.90943516070082     -1.255218448639267     -8.698549436269131      2.145639555035671     -6.647962960516336      2.422112829332158     -8.153201960528811     -4.032901030886501
   -0.0628508289945973    -0.3471780700365453      1.142359482141179      3.016181379899355     0.1287923090531467     0.1052857221846954     0.1424217069904015     0.1133008062619486    0.07180471934643469  0.0006544046686646654     0.1531436885647786    0.05851899479180056
   -0.0712493573807904      32.52780534802988      3.016181379899355      43.94958310953577     -13.45594900518056    -0.7779853947699412     -12.35056399932462      4.130250295705436     -11.68952198589652      4.665316233543767     -18.04882003015544     -7.555852899103964
  -0.04878645703573296     -10.90943516070082     0.1287923090531467     -13.45594900518056      6.441625300101543      1.963189728985933      5.968315466121683     -1.410756430898485       6.04736375056907     -2.068777299331955      9.739108907946688      3.963355521252368
  -0.05604678507579765     -1.255218448639267     0.1052857221846954    -0.7779853947699412      1.963189728985933      4.785344447152214     0.7603370842970857      1.461849168871624     0.8671051206414128      1.053536163069053     0.2743791316434415     0.3894538537695947
  -0.03532033276375719     -8.698549436269131     0.1424217069904015     -12.35056399932462      5.968315466121683     0.7603370842970857      6.456742137636351     -0.681150786214478      6.268519798565249     -2.562846189540382       10.6958953730333       3.97920384015483
  -0.03180681163801993      2.145639555035671     0.1133008062619486      4.130250295705436     -1.410756430898485      1.461849168871624     -0.681150786214478      4.603208111832074      -2.07809063297034      1.321662140728964     -4.020809606704488     -2.016832440226546
 -0.003924345109414578     -6.647962960516336    0.07180471934643469     -11.68952198589652       6.04736375056907     0.8671051206414128      6.268519798565249      -2.07809063297034      8.132812267334673     -2.677271178145939      11.74787978697651      4.827893434523723
   0.04260335676420257      2.422112829332158  0.0006544046686646654      4.665316233543767     -2.068777299331955      1.053536163069053     -2.562846189540382      1.321662140728964     -2.677271178145939      3.157746915307576     -5.412941777621502     -1.448691245211529
  -0.01892699478020936     -8.153201960528811     0.1531436885647786     -18.04882003015544      9.739108907946688     0.2743791316434415       10.6958953730333     -4.020809606704488      11.74787978697651     -5.412941777621502      23.99302498774863      9.164141451911858
-0.0004072587073795942     -4.032901030886501    0.05851899479180056     -7.555852899103964      3.963355521252368     0.3894538537695947       3.97920384015483     -2.016832440226546      4.827893434523723     -1.448691245211529      9.164141451911858      5.235851518454369

cov.inverse():
   39.89561488528566    -13.7507195901193   -48.34845917228559    17.08519970554734   -33.37658637092218      11.930761243598    42.40085187546668   -14.78398786297383    0.191976271158752   0.7847475359320736   0.6407138031120151 -0.01522625876855892
  -13.75071959011931    4.868798328651409    17.17453548132688   -6.061918547837872     11.7536345970834   -4.195141503873261   -14.98240394729217    5.224931307688397 -0.07252011417128094  -0.2916257348781688  -0.2278980628875847 0.008355061815064372
  -48.34845917228569    17.17453548132687    89.75527111137787   -31.32274455207714   -19.27580535011499    6.641036628978424   -21.23991847731608    6.566108848966036  -0.3786798462907274   -1.917339325121312  -0.3536717489779494   0.2261261568418308
   17.08519970554742   -6.061918547837876   -31.32274455207718     11.0398727088708    6.712096199169131   -2.314998160528797    7.527991583840392    -2.33992768863306   0.1410994385231573   0.6720109875341881   0.1259456724726679 -0.08191293530477474
  -33.37658637092287    11.75363459708363   -19.27580535011409    6.712096199168787    167.3729018724987   -59.38430500110195   -114.1226527971963     41.6096734548677    1.070185904892351    1.080620681912519  -0.2212639355336036  -0.8663595797165348
    11.9307612435983    -4.19514150387337    6.641036628977929   -2.314998160528611   -59.38430500110185    21.36231952033572    40.63865353118054   -14.91125833884865  -0.4912277279298887  -0.5224652383576061  0.04936494449265325    0.310675872480549
   42.40085187546747   -14.98240394729241   -21.23991847731694    7.527991583840704   -114.1226527971963    40.63865353118054     94.3176344070492    -33.8295235466033   -1.549676607546201   0.1856492482327625  -0.5998452028281199   0.7467614424950003
    -14.783987862974    5.224931307688475    6.566108848966331   -2.339927688633165    41.60967345486771   -14.91125833884865    -33.8295235466033    12.46323344409418   0.5574864543956672 -0.07972935396157943   0.1801652669426389  -0.1552160944807078
  0.1919762711587192 -0.07252011417126891  -0.3786798462906645    0.141099438523135    1.070185904892335  -0.4912277279298828   -1.549676607546212   0.5574864543956703   0.8035338873301295  0.01629578700111669   0.1103832534847025  -0.1586788058981367
  0.7847475359320492  -0.2916257348781595   -1.917339325121269   0.6720109875341728    1.080620681912533  -0.5224652383576109   0.1856492482327287  -0.0797293539615683  0.01629578700111866   0.7588154281384688    0.149760003565965  -0.2514801833389083
   0.640713803111883  -0.2278980628875381  -0.3536717489778186   0.1259456724726217   -0.221263935533403  0.04936494449258174  -0.5998452028283212   0.1801652669427101   0.1103832534847043   0.1497600035659624   0.5559101168090209  -0.3340269795800704
-0.01522625876849154  0.00835506181504057    0.226126156841751 -0.08191293530474643  -0.8663595797166065   0.3106758724805745   0.7467614424950851  -0.1552160944807373  -0.1586788058981379  -0.2514801833389065  -0.3340269795800695   0.7434336374975243

cov*(cov_.inverse()):
    0.9999999999999907 -1.197179426990283e-15  6.001923675939824e-14 -4.825920750257257e-14  2.268487047513146e-14  9.831165829338184e-15 -7.128894913624451e-14 -5.782547563611823e-14 -1.440227060875432e-15 -1.648475193155585e-15  4.051934569121451e-16  8.261620554339544e-17
 2.370326157574709e-14     0.9999999999999771 -8.359979375427429e-14  -1.38222766565832e-14 -2.353672812205332e-14  4.973799150320701e-14 -1.056932319443149e-13  -5.88418203051333e-15  2.220446049250313e-16  1.110223024625157e-15  8.881784197001252e-16 -4.440892098500626e-16
-8.079040908492985e-15 -7.382115752019303e-15     0.9999999999999967  3.920475055707584e-15 -5.856426454897701e-15 -9.416079027602109e-15 -1.289940376736354e-14 -6.678685382510707e-16  4.059252933785729e-16  2.185751579730777e-16  2.046973701652632e-16 -4.718447854656915e-16
 1.335043187111751e-14  2.595146320061303e-15  -1.70086167372574e-13       1.00000000000007 -1.287858708565182e-13  8.348877145181177e-14 -3.730349362740526e-14  1.236788449432424e-13  6.439293542825908e-15  4.218847493575595e-15  3.108624468950438e-15 -8.881784197001252e-16
 2.133015986061082e-14 -8.160139230994901e-15  1.620925615952729e-14 -2.031708135064036e-14      1.000000000000019    1.4210854715202e-14 -4.884981308350689e-14 -7.960299086562372e-14  -1.77635683940025e-15 -6.661338147750939e-16 -1.110223024625157e-15  4.440892098500626e-16
 1.611558109182454e-15 -5.976989736478089e-15 -1.068589661201713e-15  5.551115123125783e-16 -5.290212712338871e-14       1.00000000000001  2.298161660974074e-14 -2.216976602298359e-14  1.942890293094024e-16 -4.302114220422482e-16  2.775557561562891e-17  2.220446049250313e-16
-4.936329123239602e-14 -2.482736238818006e-14  -4.54081217071689e-14 -5.995204332975845e-15  4.130029651605582e-14  1.976196983832779e-14     0.9999999999999498 -6.727951529228449e-14  1.110223024625157e-15  2.220446049250313e-16 -4.440892098500626e-16 -8.881784197001252e-16
  3.33066907387547e-15  1.429412144204889e-15 -1.498801083243961e-14   5.35682609381638e-15 -4.218847493575595e-14    1.4210854715202e-14  3.219646771412954e-14       1.00000000000001  3.885780586188048e-16 -1.110223024625157e-16 -2.220446049250313e-16 -2.220446049250313e-16
 3.358424649491099e-14  -1.67019176267047e-14   3.97459842815806e-14   -1.4210854715202e-14 -9.681144774731365e-14   8.43769498715119e-15 -3.907985046680551e-14 -4.440892098500626e-14     0.9999999999999974 -1.110223024625157e-15 -1.554312234475219e-15  8.881784197001252e-16
  5.68295410730002e-15   5.39499001028787e-16  2.797762022055394e-14 -9.645062526431047e-15 -2.398081733190338e-14  4.152234112098085e-14  5.928590951498336e-14 -1.501576640805524e-14 -4.718447854656915e-16     0.9999999999999999  6.106226635438361e-16                      0
-1.564581797453002e-13  5.508093980921558e-14  6.261657858885883e-14 -4.585221091701897e-14  1.731947918415244e-13 -4.574118861455645e-14 -2.930988785010413e-13  6.639133687258436e-14   3.33066907387547e-15 -3.552713678800501e-15                      1  -1.77635683940025e-15
 3.959332861569465e-14  -1.24761312392252e-14 -3.463895836830488e-14 -1.110223024625157e-16  9.681144774731365e-14 -4.263256414560601e-14 -8.393286066166183e-14  -1.48769885299771e-14  1.221245327087672e-15  6.661338147750939e-16  6.661338147750939e-16     0.9999999999999991
