10
1

                nan
0.02331423246087753
0.02859473380344018
0.04290610888040579
 0.1915488711574748
 0.4963792538653485
 0.5726107329245718
  1.625099751919997
  2.603137962359284
  3.645634276493658

                     0 -3.062469640839592e-16  2.594760377509648e-15  -1.73118725098427e-15 -1.054171344162612e-13                      1  1.729272572629069e-15 -2.781830519089225e-15  2.168996378872814e-13 -8.649282638926161e-15
  -0.06793829903544549    0.04081002722078047     0.1054153159825814   -0.05996933809795993    -0.8873601685957844  -1.88972054988507e-13   0.001342391734687342  -0.006354571914204181     0.4365647823963806   -0.03116341136452117
  -0.09465467301633977     0.0585486030840017     0.1264358157637915   -0.07010894307533287    -0.4104346897681104  1.501912407223803e-13   -0.01025006138530652    0.01102279391991152    -0.8931457996862836     0.0178509030468107
    0.5352628603992683    -0.3020911431760751    -0.6588003478542865     0.3660332721609809    -0.2083204137968415  2.543545842296559e-15   -0.01213654921999935      0.012605554663255    -0.1025681078199599  -0.003542520059185874
 -0.008073287324741692    0.01250943242120373  -0.006188184580144074    0.01680557372699942   -0.02139393217933567  1.315400979457305e-17   0.007698750450247207   0.003697050196775994    0.02923631780466176     0.9990356418286883
    0.2767790947520147    -0.1189091177892912     0.2163622876545423   -0.07315016518146665   0.001417208775014665  1.471464406312501e-16      0.609071814021691    -0.6970020905335995   -0.01690603447016759   0.004707112017421277
    -0.666493471373921     0.2585672723679709    -0.5520123905404124     0.2016342726166274   -0.01615494019578135  3.637998575600993e-17      0.265081952922453     -0.269659554195093  -0.005666913001455296   -0.01665971616738779
    0.1197976855196508    0.07559338060385454    -0.4326720275201679    -0.8898008838729135   0.002643157704156327  2.012067977792452e-19   -0.01820016921890965   -0.02205929912971364  -0.000170648293664479    0.01259304460423156
   -0.4055797232051737    -0.9006239988179845     0.0104616975627563    -0.1335878533060565  -0.001688924650630686   1.94091335988904e-21   -0.06442203123902675   -0.04629366332497921   -0.00292417295259603    0.01102880701451274
   0.01366604194533625    0.07521102976936081 -0.0007445425138708077    0.04033580171675009     0.0027151728248753  1.447913305041015e-21    -0.7442904049973709    -0.6621990968903653 -0.0005333297650478791   0.006745484209540353

22.38786997435234
26.30974542089255
35.39088690570536
49.43728159709148
85.15334016964022
134.4140014648438
94.78001495806443
156.1889718297017
107.5216346628166
182.6756935579231

1.77440963887752

    0.1395472870663008    -0.0779605357406898     -0.136609095572599    0.07752694079652783   -0.01791818915080672   -0.01644305664034917  0.0001721097171442938 -0.0001072219836777003  -0.002733327151583876  -0.000922857616511716

 7.876179207386557e-19 -9.227266609578132e-06 -2.510605928508737e-05  0.0004061729156440611 -2.095829682235355e-05   0.003169063691649723  -0.007124416446243206   0.002345829842849923    0.01254780624792317   -0.01113924074005404

cov:
     1.320120125717586      2.447876848289978   -0.03104974201067966    0.04426758520096982   0.009463754547308995                      0    0.01970370684312179    0.01138305116471385   0.007914513169129431   -0.02143951868377472
     2.447876848289978      5.612293978032667    -0.2037357119709159     0.6969950228930545    0.01220471496884047                      0    -0.3498273347329991    -0.3862593428070254    0.01733108103591823   -0.05914074081521898
  -0.03104974201067966    -0.2037357119709159     0.6074136871116197     0.9660217926633136 -3.085134475641833e-06                      0   0.008097759187370924    0.04011192428453757  0.0001678333898683964   -0.01063073140004062
   0.04426758520096982     0.6969950228930545     0.9660217926633136      2.248423882859989  -0.004421458396663724                      0    -0.2913752533866562    -0.2665084294580771   0.002678097850963844   -0.03653274692084923
  0.009463754547308995    0.01220471496884047 -3.085134475641833e-06  -0.004421458396663724  0.0008842506095032829                      0   -0.02743855841918174   -0.02234394252869765  0.0001426972887260886 -0.0004788153225497174
                     0                      0                      0                      0                      0                      0                      0                      0                      0                      0
   0.01970370684312179    -0.3498273347329991   0.008097759187370924    -0.2913752533866562   -0.02743855841918174                      0      7.506041217978812      6.443774464995912   0.003549197551908253    -0.0726063700887466
   0.01138305116471385    -0.3862593428070254    0.04011192428453757    -0.2665084294580771   -0.02234394252869765                      0      6.443774464995912      5.987402484838103   0.009017575494389193   -0.06276044894619986
  0.007914513169129431    0.01733108103591823  0.0001678333898683964   0.002678097850963844  0.0001426972887260886                      0   0.003549197551908253   0.009017575494389193  0.0009493306468182057  0.0007912327655591135
  -0.02143951868377472   -0.05914074081521898   -0.01063073140004062   -0.03653274692084923 -0.0004788153225497174                      0    -0.0726063700887466   -0.06276044894619986  0.0007912327655591135    0.03856530650262657

cov.inverse():
                 nan                  nan                  nan                  nan                  nan                  nan                  nan                  nan                  nan                  nan
                 nan                  nan                  nan                  nan                  nan                  nan                  nan                  nan                  nan                  nan
                 nan                  nan                  nan                  nan                  nan                  nan                  nan                  nan                  nan                  nan
                 nan                  nan                  nan                  nan                  nan                  nan                  nan                  nan                  nan                  nan
                 nan                  nan                  nan                  nan                  nan                  nan                  nan                  nan                  nan                  nan
                 nan                  nan                  nan                  nan                  nan                  inf                  nan                  nan                  nan                  nan
  -2.364061078539667      1.2799547885639    3.108748534272878   -1.691480202480061    4.312850437897902                   -0    1.975764444080332    -2.13949646741285     12.9105342831706 -0.07016301059465095
    2.94881893715915   -1.629586236620891   -4.194072976226057    2.311449505122304     3.42143735302639                   -0    -2.13949646741285    2.536544434638719   -17.79106051658691   0.6812485664257565
   18.99136090752288   -14.33142866803785   -16.74725117980927    8.037407994838352   -252.7832350195584                    0    12.91053428317056   -17.79106051658688    1331.975898008081   -43.53498351545593
  0.6178526909855406  -0.1560832359339369   -2.154063857696176    1.644753902660496     41.7335071245483                   -0 -0.07016301059464287   0.6812485664257488   -43.53498351545566    29.38635590140732

cov*(cov_.inverse()):
nan nan nan nan nan nan nan nan nan nan
nan nan nan nan nan nan nan nan nan nan
nan nan nan nan nan nan nan nan nan nan
nan nan nan nan nan nan nan nan nan nan
nan nan nan nan nan nan nan nan nan nan
nan nan nan nan nan nan nan nan nan nan
nan nan nan nan nan nan nan nan nan nan
nan nan nan nan nan nan nan nan nan nan
nan nan nan nan nan nan nan nan nan nan
nan nan nan nan nan nan nan nan nan nan
