10
1

0.1210617919281958
0.7702351937999981
 0.839550662244491
0.9960140802735481
 1.379882348300092
 1.486564673255193
 1.944208288553349
  2.42255736503077
  4.40492840342545
 8.329477875402647

   0.5607577204142767    -0.262028951419394   -0.7063637569452492    0.3306280909398208   0.03978122090934692    -0.023290545452056   0.05104217186520521  -0.01416415117506649   0.04913000659158184  -0.03580833548367204
  -0.1481458514478012   0.03702260266142372  -0.08990416411089373   0.02982908435238905    0.1780499892868944   -0.9488402999520036  -0.03344444170962942    0.1594601816384613   -0.0806690411696165   0.05153942842585404
  -0.5988358346927033   0.06557190363419634   -0.4519180613353805    0.0709693864569864    0.3012384315336608    0.1603096763087565    0.3058173711004518   -0.3334660910671414   -0.1679874205615607    0.2800748539053025
   0.4274692676163892   0.02075332987234662    0.3573511018556875  -0.01796501382676586   0.07353478182927757   -0.1864630264324481    0.4142686339769409    -0.632069821986981  -0.07473614534091191    0.2681878000100456
   -0.251719635504299   -0.1178906883447058    -0.163785996790155  -0.05741658582483898   -0.6998348285591508   -0.1916112946568375    0.1442289787023097   -0.3863177349702501    0.2040530075074986   -0.3930035592758306
    0.041117000678991   0.02774565768747071   0.04696858903466875   0.02099502654896601    0.2712498576142003   0.03077993638091736   0.04764443577957279   -0.1284608519732494   -0.6095388007571358   -0.7280515841070063
 -0.06228173810352816  -0.09448126991648925   0.02579488526910068   0.02295617392386874    0.4085870229962816   -0.0268421609514167   -0.5982817741906155   -0.4917792049366669    0.4352883326002093   -0.1705117459482342
   0.2277028620310411    0.5288462581656528   -0.3615003167039149   -0.6866331494143834  -0.06586461543599977  -0.01454751070135232   -0.1927073443490435   -0.1081767271157166   -0.0997236955888262   0.05470432381225746
 -0.03138105769143042   -0.2961407377354882   0.01133789587910139   0.08188511330662372   -0.3231574866491804 -0.009736441663112988   -0.5379482654707987   -0.1923069007070012   -0.5869150096109598     0.359328686086381
  0.02243863459708643    0.7309359292420662   0.02300947467062556    0.6340356461805303   -0.1774997531866096  0.001661458059080083   -0.1536094778002511  -0.08593844271156016   -0.0144335509851959 2.538287638085627e-05

22.67367893287001
44.83569074340884
 35.5600113551264
72.04369726627614
64.57023888244829
133.3330044888497
74.52053702671904
154.7512834733467
104.6965108385339
219.4660503911231

2.108868493475088

   0.1352130531716178  -0.06419966475222751   -0.1281699545505463   0.06066626254055486 -0.002203761153799308  0.001175267791466697  -0.00269068957958423 0.0007055251903182449 -0.002448886391215882  0.001627718201513713

 0.002972162853279879 -0.005991384097448034  -0.01664750537664222  0.008187608563565103  -0.01797638143652035 -0.003183930598773713  -0.01996478910072282   0.01419166553126535    0.4330480782047112   -0.5269568424977544

cov:
     0.94904027153895      2.08194116224511   -0.0330866801495065  0.006175037706843307  -0.01498244134582704   0.02649253040427094  -0.04309961176129592  -0.01341198273342985 -0.007319310467500069  0.007391000097272753
     2.08194116224511     40.47779630687911 -0.002622926032027906     29.56017873987104    -7.301969796396889    0.1323569753998084    -5.090951726301997    -3.359272806282396      2.08112368068449    -1.769469483022659
  -0.0330866801495065 -0.002622926032027906     1.147384652508087     2.475263323428817  -0.00826732593597931   0.02539029732324432 -0.002390396179757979  -0.01701319245372604  0.005759069614550135 -0.003115667260436028
 0.006175037706843307     29.56017873987104     2.475263323428817     30.80319767138168    -7.914511930875809    0.1307242969951489     -6.89327491250267    -3.659079313485625    -1.186665595740407    0.3559529805337898
 -0.01498244134582704    -7.301969796396889  -0.00826732593597931    -7.914511930875809     6.052018995625668    0.1987327553693616     4.343322370219126     1.884157139335648     3.881839787591874    -2.366187853860545
  0.02649253040427094    0.1323569753998084   0.02539029732324432    0.1307242969951489    0.1987327553693616    0.6647244731975922   0.08843063009452982    0.2072474580037989 -0.002106936144282253 -0.008351545251027446
 -0.04309961176129592    -5.090951726301997 -0.002390396179757979     -6.89327491250267     4.343322370219126   0.08843063009452982     9.104644088622871      3.70324252811628     5.335020311458603    -3.442255263741207
 -0.01341198273342985    -3.359272806282396  -0.01701319245372604    -3.659079313485625     1.884157139335648    0.2072474580037989      3.70324252811628     3.023257424914051     1.631877265309589   -0.7920637912332456
-0.007319310467500069      2.08112368068449  0.005759069614550135    -1.186665595740407     3.881839787591874 -0.002106936144282253     5.335020311458603     1.631877265309589     8.402558989385929      -3.6322268558784
 0.007391000097272753    -1.769469483022659 -0.003115667260436028    0.3559529805337898    -2.366187853860545 -0.008351545251027446    -3.442255263741207   -0.7920637912332456      -3.6322268558784     4.226460494948635

cov.inverse():
    22.22930688974549    -10.04271942375277    -26.45803339823342     12.55584922811735     1.342121357720868   -0.8449381120840976     1.865003276285166   -0.5179344871304444     1.962032412438242    -1.462577733790865
   -10.04271942375275     4.763457284287107      12.5662437580508    -5.956299865946954   -0.6369112701267338    0.3799804267509351   -0.8816869393643251    0.2458219376315195   -0.9319521847152826    0.6939868651350798
   -26.45803339823345      12.5662437580508     34.51380394788057    -15.94346927595759    -2.038383677651663     1.114201565688821    -2.505801093162802    0.6782849090620131    -2.296619182398919     1.649062558762121
    12.55584922811735     -5.95629986594695    -15.94346927595758     7.556252412347981    0.9662698731290585   -0.5460243830322077      1.18442631244618   -0.3151438134734003     1.088479614315895   -0.7828611582621141
    1.342121357720874   -0.6369112701267351    -2.038383677651668    0.9662698731290609    0.6368674663143197    -0.221668813332439    0.1895988854972597    -0.102258195414498  -0.06002316274905042   0.08790323462850519
  -0.8449381120840989    0.3799804267509346      1.11420156568882   -0.5460243830322072   -0.2216688133324387     1.646000680040279  -0.04479238170103363   -0.1486243053059189 -0.004789748519262482    0.0180698707159283
    1.865003276285163   -0.8816869393643223    -2.505801093162795     1.184426312446178    0.1895988854972593  -0.04479238170103353    0.6135610912283901   -0.4120696946948952   0.02455379332982023   0.07566051139576328
  -0.5179344871304464    0.2458219376315205    0.6782849090620159   -0.3151438134734017   -0.1022581954144982   -0.1486243053059188   -0.4120696946948954    0.7708656326694234  0.003002444001721721    -0.115245355995722
    1.962032412438244   -0.9319521847152834    -2.296619182398922     1.088479614315897   -0.0600231627490507 -0.004789748519262642     0.024553793329821  0.003002444001721854    0.4809016700540551  -0.08673663571911805
   -1.462577733790868    0.6939868651350807     1.649062558762124   -0.7828611582621153   0.08790323462850522   0.01806987071592851   0.07566051139576263   -0.1152453559957222  -0.08673663571911787    0.6115894487586789

cov*(cov_.inverse()):
    0.9999999999999541 -2.260865106240573e-14  2.959264777668835e-14  3.066991105526995e-15 -2.203966176228533e-15   2.12137707573945e-15 -2.150948689993992e-15 -1.325979256949772e-16  6.164773552752578e-16  7.840950111415168e-16
-2.753353101070388e-14      1.000000000000025  2.398081733190338e-14 -7.993605777301127e-15 -9.159339953157541e-16  1.554312234475219e-15  -3.83026943495679e-15 -1.665334536937735e-15 -1.915134717478395e-15 -2.664535259100376e-15
 6.179952383167375e-15  2.102918533752884e-15      0.999999999999988  -5.20200202358545e-15  1.301584708068848e-16 -1.366636838417978e-16  -8.57603918436034e-16  1.686476479301202e-16 -8.494724021423927e-17  1.177443559319258e-16
-3.996802888650564e-15   2.88935542158697e-14  4.618527782440651e-14     0.9999999999999544  -4.85722573273506e-17 -1.885644418386789e-15  2.081668171172169e-17 -1.297573160030652e-15 -1.336084021197337e-14 -5.995204332975845e-15
-1.332267629550188e-15 -9.769962616701378e-15 -8.881784197001252e-15  4.440892098500626e-15     0.9999999999999994  6.245004513516506e-17  5.828670879282072e-16  1.665334536937735e-16  4.718447854656915e-16   1.77635683940025e-15
-4.805184028455756e-16 -6.600622826091751e-16 -1.734723475976807e-17  2.853620117981848e-16 -3.263448539181368e-17                      1 -5.193328406205566e-17  4.477754972365133e-17  2.905661822261152e-17 -2.688821387764051e-17
-6.217248937900877e-15  -1.77635683940025e-15 -6.217248937900877e-15 -8.881784197001252e-15 -1.110223024625157e-15 -6.245004513516506e-17                      1   3.33066907387547e-16  3.885780586188048e-16  1.332267629550188e-15
-3.552713678800501e-15 -4.440892098500626e-16                      0 -2.442490654175344e-15 -5.134781488891349e-16  3.087807787238717e-16  2.359223927328458e-16     0.9999999999999998 -2.081668171172169e-16  7.216449660063518e-16
 1.243449787580175e-14  -1.77635683940025e-15 -1.332267629550188e-14  2.220446049250313e-15 -2.220446049250313e-16 -6.800116025829084e-16  8.881784197001252e-16  1.110223024625157e-16     0.9999999999999996 -8.881784197001252e-16
-2.664535259100376e-15 -3.552713678800501e-15  7.105427357601002e-15   1.77635683940025e-15 -2.775557561562891e-16  4.718447854656915e-16 -1.665334536937735e-16 -1.110223024625157e-16  5.551115123125783e-16                      1
