12
1

 0.0430670129130924
0.04352960040598195
0.04631669195686488
  0.060531570903508
 0.8348753250386639
  1.058791784502623
  1.291465096541352
   1.36565091875707
  1.692703673302312
   3.12377869517961
  3.751125943949596
  7.447896850523303

  -0.03044780661086934   0.006685916249868932   -0.08588059462314766    0.01880274642601558     0.2654566866021427   -0.05858499961501594    -0.5394883559254728     0.1109862478980165     0.7001094264528793    -0.1463355733499373    -0.3134076589883697    0.06513410779896056
   0.07693310612813925    -0.0162421142869283     0.4661154644846758   -0.09856444399322577    -0.7935255945842358     0.1670819496748803    -0.0383129969867289   0.006994737769303355      0.320793240971961   -0.06254675972545706   -0.02878034116878078   0.008610873839316066
  -0.04730934403498474   0.009913889400377983     0.4195022531884665   -0.08907009530588973     0.1314405040763557   -0.03064782656235292    -0.6711179402001843     0.1425076395559983    -0.3100163072742779    0.06654442999752999     0.4624290854379877    -0.1022026177846883
    0.7079229590751013    -0.1490206075736853    -0.5186926894486469     0.1188731379224816    -0.2367641164858636    0.04599316039626062    -0.2337299538216254    0.04217383449660691   0.000468520671362481 -0.0007963178198421798      0.274783008806927   -0.05811640624525188
   -0.5743548758774434    0.05863632673941867    -0.3552232166309379     0.4474853964899296    -0.3548035154760308    -0.2387850830532163   -0.08691864030902909     0.2296909435501124    0.02285857823449295    -0.1386318445985323     0.2770121396227692    0.02361960071348641
   -0.3293688290749524   -0.04336979269376865    -0.2874083897979987    -0.3130867453912342   -0.02838619387119178     0.3698913792037782   -0.09611859921403745    -0.5392580646014159     0.2312185981115392      0.334045869120474     0.3173943444082472   -0.07454553262122476
   -0.1094488109321724   -0.08975659889199707    -0.1501377818186668    -0.4578919199863027     0.0787327426607347     0.3888862432177139     0.1384211053587043     0.4050232779261476  0.0002111037228937447    -0.6044761193135487     0.1873043112366061   -0.08153775461771684
 -0.009696886271144286    0.04469885072631628    0.09357223822215004     0.4914523613191939     0.1203304029323152     0.5775074524099143    0.05717553382839793     0.2261401755386163     0.0647332796667812     0.1998371178341606   -0.08014932171633374     -0.542839688007395
  -0.08044398910920605   -0.08143723372732008    -0.1639496866024786    -0.4152180454762646    -0.1648670319831804     -0.395524568202464   -0.03644313444823596     0.2153885915451507   -0.03974875731423269     0.2546101749151157    -0.2445710218625507    -0.6557810284208697
    0.0767601470091652     0.2358152314908687    0.09152966980656731     0.1412198679288104    0.04300509089815104    -0.1946100462748971   0.004092350996133169    -0.5486720834983547    0.03446717135598746    -0.5701776918146952    0.09509868249886942    -0.4838012699616402
   -0.1628075857288372    -0.4617105849289113    -0.1136073725542557    0.07938014235592744    -0.1617534184305488     0.2271725513854108    -0.3416612336721084    -0.2410951266214374    -0.4357034095354356     -0.209170076388334    -0.5038495443311909    0.03200692554570771
   0.02123798209934364     0.8286103806098285    -0.2051550681115794    -0.1405702489007623    -0.1547634311629244     0.2027099443044596    -0.2124973409385779    0.03529138241794476    -0.2450464237405786    0.02079090586790614    -0.2643787976575317    0.09636070508367295

22.40522054439558
103.8588253651163
27.97250667015389
 130.214448651217
33.37712578144673
156.0229521303007
39.63764199040682
185.7139538591259
46.91542062557593
220.3755549796124
55.41409857261107
260.9382578844789

4.773670594621557

 0.06920051045072693 -0.01447083456582637   0.1343454172370303 -0.02920903555149427 -0.06817596422731562   0.0119479914547901  0.04160853745343804 -0.01223959287320102 -0.07580800076565504  0.01440150032600107  -0.1140122312865439  0.02006247074453663

-0.0001391750941295851  0.0001965101549162174 -2.953158305353851e-05 -0.0001762522449658644    -0.0845603234216102    -0.1043420744963988   -0.07455781776325751   -0.01599466424252327     0.0271714183341445    -0.1919707860137806     0.9626658058357078      1.146827054179332

cov:
   0.847584247304785    2.237022913290236   0.3976425733543605  -0.1345121506608113    0.393654858330646  -0.4584780149465196    0.587291108681714   0.1625005083096469   0.6487299390371749  0.05678904750911389   0.7102323749291622  -0.1284003027448186
   2.237022913290236    41.66921587052884   -8.412789112731687   -6.412068831087548   -5.939968379993259    7.448111412530148   -7.544359234677428    1.869463418103904   -8.349037805898034    1.028358690317014   -8.641618515198859    3.232507090611718
  0.3976425733543605   -8.412789112731687    2.911346652444436    1.984112970782326    2.233770317386162   -2.714655617689576     3.01289956157446  -0.5524868152444815    3.465609347702123  -0.4181213672283024    3.782119886286511   -1.327944668957379
 -0.1345121506608113   -6.412068831087548    1.984112970782326     2.92305451119411    1.231004587687231    -1.09651691492382    1.277676069519385   -1.397954198815532    1.504068748465703   -1.000064038794529    1.679276570988128    -1.00388454487501
   0.393654858330646   -5.939968379993259    2.233770317386162    1.231004587687231    1.920268899898884   -1.924500732941017    2.676199399839835 -0.02188740684017803    3.129931522945737 -0.07279277550081513    3.499664286129371    -0.92929727539136
 -0.4584780149465196    7.448111412530148   -2.714655617689576    -1.09651691492382   -1.924500732941017    4.890787418473156   -3.322016947766218   0.6684212552701103   -4.006608410025385   0.3441352042443848   -4.366109529799762     2.17536165165812
   0.587291108681714   -7.544359234677428     3.01289956157446    1.277676069519385    2.676199399839835   -3.322016947766218    4.206697193310998   0.8601267920831417    4.969022534324196   0.5653711434873356    5.551077471478437   -1.310543002974731
  0.1625005083096469    1.869463418103904  -0.5524868152444815   -1.397954198815532 -0.02188740684017803   0.6684212552701103   0.8601267920831417    4.689294694279061   0.6806930004298026     3.41191746662174   0.4769484749221252    2.030386982457958
  0.6487299390371749   -8.349037805898034    3.465609347702123    1.504068748465703    3.129931522945737   -4.006608410025385    4.969022534324196   0.6806930004298026    6.087653522045862   0.8870130941575323    6.818864943048041    -1.67844220554426
 0.05678904750911389    1.028358690317014  -0.4181213672283024   -1.000064038794529 -0.07279277550081513   0.3441352042443848   0.5653711434873356     3.41191746662174   0.8870130941575323    4.820158112945532   0.3440379380599348    2.079952037947438
  0.7102323749291622   -8.641618515198859    3.782119886286511    1.679276570988128    3.499664286129371   -4.366109529799762    5.551077471478437   0.4769484749221252    6.818864943048041   0.3440379380599348    7.946798898959935   -1.595988994881674
 -0.1284003027448186    3.232507090611718   -1.327944668957379    -1.00388454487501    -0.92929727539136     2.17536165165812   -1.310543002974731    2.030386982457958    -1.67844220554426    2.079952037947438   -1.595988994881674    4.612992663608069

cov.inverse():
  142.0242377860373  -29.79973740072476  -88.73830029510732   20.38335707867027  -84.91759276793582   17.37419189729729  -22.96181727213022   3.401419747176823   8.378358775184996  -1.713122651120408    46.5481757251937  -9.669320316519949
 -29.79973740072471   6.317977669488162   18.72835919450109  -4.236944354864561     17.974289000129  -3.694962994811154   4.787713742206503 -0.7036823078004645  -1.670717566945916  0.3474451122747654  -9.900780022448526   2.055889160229659
 -88.73830029513752   18.72835919450759   274.3838819868039  -59.41942075460003  -148.0749073569106   31.34873544469717  -82.53031499645809   18.45938852888296  -14.25464070436632   4.546283387020988   58.73782231934157   -12.6368293792103
  20.38335707867646  -4.236944354865895  -59.41942075459982   13.56543948987196   30.64393739493459  -6.676389934971887   16.75784165477687  -3.581531196614968   3.269041274399294   -1.02876637705951  -11.91405977630704   2.573653302898101
 -84.91759276795138   17.97428900013212  -148.0749073569178   30.64393739493556   393.8668841191034  -83.01951760622866  -87.12067446065872   18.87989378382036  -53.17341327898585   9.410284363599352  -22.34929299871444   3.195231507788044
  17.37419189730073  -3.694962994811868   31.34873544469873  -6.676389934972095   -83.0195176062293   18.13484288891266   20.36271411314082  -4.510102282674863    10.6934693984396  -1.802171694933221   4.255730226928018 -0.6861882034570707
 -22.96181727206749   4.787713742193149  -82.53031499642584   16.75784165477066  -87.12067446079008   20.36271411316838   382.5980829708913  -79.63514030435478  -113.1769064924161   23.00778088112428  -70.48592673918117    16.5480434110444
  3.401419747163681 -0.7036823077976722   18.45938852887614  -3.581531196613639   18.87989378384733  -4.510102282680521  -79.63514030435427   17.13130097495458   22.39526240852197  -4.850134831439629   14.98092580569212  -3.593482992182165
  8.378358775210371  -1.670717566951183   -14.2546407045285   3.269041274434068  -53.17341327882618   10.69346939840574  -113.1769064924056   22.39526240851933   363.4444441479601  -75.37030610914121  -189.8728323438355   40.77842989471774
 -1.713122651125446  0.3474451122758221    4.54628338705448  -1.028766377066704   9.410284363566097  -1.802171694926174   23.00778088112171  -4.850134831438996  -75.37030610914012    16.1010711808392    39.9047085968899   -8.66674981570457
  46.54817572515282  -9.900780022439903   58.73782231944647  -11.91405977632973  -22.34929299876586   4.255730226938855  -70.48592673922708   14.98092580570215  -189.8728323438026   39.90470859688359   173.9491533163169   -37.4739261364394
 -9.669320316511193   2.055889160227799  -12.63682937923229   2.573653302902854   3.195231507798525 -0.6861882034592822   16.54804341105372  -3.593482992184207   40.77842989471118  -8.666749815703321   -37.4739261364394   8.459415079534653

cov*(cov_.inverse()):
    0.9999999999998854 -6.994405055138486e-15 -2.442490654175344e-15  8.326672684688674e-16  3.418376692820857e-13  2.911559882079473e-14  4.152234112098085e-13 -5.156985949383852e-14 -4.911626660941693e-13   4.04121180963557e-14  1.882938249764265e-13   1.84297022087776e-14
-7.815970093361102e-14     0.9999999999999964  -1.84741111297626e-13 -3.019806626980426e-14  2.202682480856311e-13 -7.194245199571014e-14  2.629008122312371e-13  3.197442310920451e-14  2.842170943040401e-13 -7.105427357601002e-15   -1.4210854715202e-14  3.907985046680551e-14
-7.283063041541027e-14  -4.04121180963557e-14     0.9999999999998401  5.062616992290714e-14  2.948752353404416e-13  8.903988657493755e-14  5.364597654988756e-13 -8.881784197001252e-14  -1.27897692436818e-13 -2.131628207280301e-14  7.105427357601002e-15  6.394884621840902e-14
  -1.4210854715202e-14 -2.042810365310288e-14 -5.329070518200751e-14      1.000000000000003 -5.773159728050814e-15  2.275957200481571e-14  2.593480985524366e-13 -3.508304757815495e-14 -4.973799150320701e-14  3.552713678800501e-14  9.947598300641403e-14 -1.953992523340276e-14
 1.243449787580175e-14 -2.575717417130363e-14 -2.131628207280301e-13  3.241851231905457e-14      1.000000000000159  7.860379014346108e-14  6.981082378842984e-13 -7.593925488436071e-14  -1.70530256582424e-13  3.197442310920451e-14  7.815970093361102e-14  2.398081733190338e-14
 8.171241461241152e-14  2.930988785010413e-14  9.237055564881302e-14 -8.881784197001252e-15 -2.806643806252396e-13     0.9999999999999367 -4.831690603168681e-13  1.865174681370263e-14  4.831690603168681e-13 -7.105427357601002e-14 -3.410605131648481e-13  3.552713678800501e-14
-5.506706202140776e-14 -4.218847493575595e-14 -6.394884621840902e-14 -1.998401444325282e-14  3.579359031391505e-13  4.318767565791859e-14      1.000000000000082  1.953992523340276e-14 -4.050093593832571e-13  7.105427357601002e-14  4.192202140984591e-13 -4.085620730620576e-14
-3.552713678800501e-15  8.881784197001252e-16   1.06581410364015e-14  4.440892098500626e-15  8.171241461241152e-14 -3.108624468950438e-15  6.394884621840902e-14     0.9999999999999956    1.4210854715202e-14 -3.197442310920451e-14 -7.105427357601002e-14  2.131628207280301e-14
-8.526512829121202e-14  7.105427357601002e-15 -1.598721155460225e-13  6.483702463810914e-14   6.17284001691587e-13   5.10702591327572e-15  3.481659405224491e-13  4.085620730620576e-14      1.000000000000398 -6.572520305780927e-14  8.526512829121202e-14  3.552713678800501e-14
 3.552713678800501e-15 -8.881784197001252e-16  2.486899575160351e-14 -4.440892098500626e-15  2.575717417130363e-14 -4.440892098500626e-15  2.131628207280301e-14 -9.769962616701378e-15   -1.4210854715202e-13      1.000000000000018  7.105427357601002e-14 -7.105427357601002e-15
-2.131628207280301e-13  -1.77635683940025e-15   1.70530256582424e-13  8.881784197001252e-16  5.151434834260726e-13  4.818367926873179e-14  3.446132268436486e-13 -2.042810365310288e-14 -8.810729923425242e-13  1.438849039914203e-13      1.000000000000256 -7.105427357601002e-14
 2.131628207280301e-14   1.06581410364015e-14   -1.4210854715202e-14                      0 -8.171241461241152e-14 -2.131628207280301e-14 -2.131628207280301e-13                      0   1.13686837721616e-13 -2.842170943040401e-14  -1.13686837721616e-13      1.000000000000007
