10
1

                  nan
                  nan
                  nan
                  nan
                  nan
    3162.277660168379
8.890425308316998e-12
3.573557735264934e-10
8.082065724005081e-09
    1.584277799094078

                     0    -0.5686172736870224  0.0004197265644341284    -0.1540188145560233  -0.003029725130688089  4.061597391374161e-25   0.001559787294926561    -0.8062735062948717   -0.05351490944874157                      0
                     0   -0.01022971576363851    0.01647861308298264    0.01952746900146223    -0.7066738707129077 -1.805549970808681e-17    0.06660662306990046   -0.04036341934880495     0.7027011304772376                      0
                     0  0.0009772738086331928     0.1723828086271315  -0.003627951068832488   0.001970331258758867  7.780215909764362e-16     -0.980816755392009  -0.007822913142513148    0.09057296706940457                      0
   -0.9999998890254401 -0.0003224129063522217 -9.301852149937291e-08 -0.0002149419375681478 -4.312609546209653e-06                      0 -5.436072379024084e-07  0.0002676323817715397  1.236908479291972e-05                      0
                     0 -2.091913283193888e-18  2.000911139772197e-15  2.923150830601609e-18   7.02341425347583e-17                     -1 -4.550380444493697e-16  5.399412034020662e-19  4.122727541090379e-18                      0
                     0                      0                      0                      0                      0                      0                      0                      0                      0                      1
                    -0 -6.431295958554181e-05    -0.9848771250825871 -0.0002046381753574077   -0.01537426252373382 -1.891013130432098e-15    -0.1709190459942425  -0.002274810933989433    0.02370948079571864                     -0
                     0  -0.002970021269196918  -0.005427073370149528    -0.0226757996200813     0.7067191935939234 -2.870733580622887e-17    0.06578169934260092   -0.04274790139831884     0.7027381449184895                      0
                    -0     0.4562992307356116  5.301010766852461e-05    -0.8759072413581322   -0.02875405671151299  1.026701098774372e-20   0.004211115179423989    -0.1538880512353541  -0.007173017145322301                     -0
-0.0004711147498240001     0.6843616564606372  0.0001974434279789233     0.4562411043070914   0.009154052317892444                     -0   0.001153874247789772    -0.5680831520794807   -0.02625492711677324                     -0

21.36983834610914
39.12246131896973
34.76656227536987
 71.9398078918457
 62.6074370539047
134.1940002441406
80.15213073313308
187.6740036010742
 97.0122021933486
221.5279998779297

2.439964797375706

   27.27443093770496 -0.03636743473662358    220.7652970302561    0.160174801817567    2.664526677315965 -0.04782032721067612    3.614255797290989   0.5765476321251399   -7.424420715081457                    0

-2.449701043520031e-18  4.140339791864842e-19 -3.450283159887368e-20  5.092031665409946e-21 -1.915291902791698e-36                      0 -1.725141579943684e-20 -5.520453055819789e-19 -1.581092258018386e-17   -0.06302107611381404

cov:
 5.570780872030257e-07 -0.0008092357173673961 -2.334705233287597e-07 -0.0005394904782449307 -1.082437337678992e-05                      0  -1.36441930351723e-06  0.0006717401139551011  3.104560955336447e-05                      0
-0.0008092357173673961      1.175530794167571  0.0003391493773856415      0.783687196111714    0.01572395280991687                      0    0.00198201447738742     -0.975798735380522   -0.04509819484044593                      0
-2.334705233287597e-07  0.0003391493773856415   9.78471178736913e-08   0.000226099584923761  4.536477336011269e-06                      0  5.718259183939757e-07 -0.0002815251928745517 -1.301116463919132e-05                      0
-0.0005394904782449307      0.783687196111714   0.000226099584923761     0.5224581307411427    0.01048263520661125                      0   0.001321342984924946    -0.6505324902536813   -0.03006546322696396                      0
-1.082437337678992e-05    0.01572395280991687  4.536477336011269e-06    0.01048263520661125  0.0002103243004736194                      0  2.651151485408835e-05   -0.01305232780223765 -0.0006032354839209116                      0
                     0                      0                      0                      0                      0                      0                      0                      0                      0                      0
 -1.36441930351723e-06    0.00198201447738742  5.718259183939757e-07   0.001321342984924946  2.651151485408835e-05                      0  3.341793688488724e-06  -0.001645254407741898 -7.603822504802939e-05                      0
 0.0006717401139551011     -0.975798735380522 -0.0002815251928745517    -0.6505324902536813   -0.01305232780223765                      0  -0.001645254407741898     0.8100027465843596    0.03743565180222611                      0
 3.104560955336447e-05   -0.04509819484044593 -1.301116463919132e-05   -0.03006546322696396 -0.0006032354839209116                      0 -7.603822504802939e-05    0.03743565180222611   0.001730152189936507                      0
                     0                      0                      0                      0                      0                      0                      0                      0                      0                      0

cov.inverse():
nan nan nan nan nan nan nan nan nan nan
nan nan nan nan nan nan nan nan nan nan
nan nan nan nan nan nan nan nan nan nan
nan nan nan nan nan nan nan nan nan nan
nan nan nan nan nan nan nan nan nan nan
nan nan nan nan nan nan nan nan nan nan
nan nan nan nan nan nan nan nan nan nan
nan nan nan nan nan nan nan nan nan nan
nan nan nan nan nan nan nan nan nan nan
nan nan nan nan nan nan nan nan nan inf

cov*(cov_.inverse()):
nan nan nan nan nan nan nan nan nan nan
nan nan nan nan nan nan nan nan nan nan
nan nan nan nan nan nan nan nan nan nan
nan nan nan nan nan nan nan nan nan nan
nan nan nan nan nan nan nan nan nan nan
nan nan nan nan nan nan nan nan nan nan
nan nan nan nan nan nan nan nan nan nan
nan nan nan nan nan nan nan nan nan nan
nan nan nan nan nan nan nan nan nan nan
nan nan nan nan nan nan nan nan nan nan
