10
1

0.1292553886226135
0.7990025631124189
0.8830216320661531
0.9449221218548751
 1.285285402866508
 1.766668074464411
 2.355360050062814
 2.761084014239907
 5.505234843909554
 8.789798940586905

   -0.5706893328651279     0.2295426511025246      0.724972808977524    -0.2932302109997181    -0.0335879419241741     0.0177732922355764   -0.05910937440792866    0.01466059579590357   -0.06454418780882856    0.02711979217466928
   -0.1912196852995619    0.01882887287751896     -0.125585480050684    0.01881845142525627     0.2052455861154739     0.3411783196821592     0.4698074886361577    -0.6564352722418044    -0.1998360242938556     0.3112322003233408
   -0.4527944388264723    0.03797647651726608    -0.3330036189858534    0.04387450351733999     0.2564434964823084    -0.7618425713946703    0.05233275857757887  -0.002449022488341477    -0.1694765857533589    0.05553559358795401
    0.5937012031766842  0.0006272333948518703     0.4799106250258086   -0.02922326841067979    0.01851800275113611    -0.5131179209964074     0.2174241546398463    -0.2918831954096133   -0.09629401154906776     0.1047652794507969
   -0.1847038024555407    -0.0509111761947413    -0.1130658374823365   -0.02659578793853836    -0.8141508320516261     -0.182617881271177     0.2599963453503195    -0.2490649117782117     0.3297915393610593    -0.1233555055771853
    0.0480202107821634    0.03957207974127543   -0.03504346795501403   -0.02312108334292305    -0.3125101608889644    0.04452016173189305     0.4148185730648579     0.5628851642455226    -0.4679739884219939     0.4322117822708901
  -0.03191319286451376   -0.05974240445292771     0.0737667107187813     0.1102878777822812     0.0798177175622086    0.06302043225341562     0.4279755822690727    0.07947651754426674    -0.3423945519746667    -0.8128661400474804
    0.2026176681775726     0.5327611565305516    -0.3122048929668879    -0.6954733582017535   -0.07119603143119542   0.005053055444564685    -0.1046422105868361    -0.1119161076945399    -0.2013461169474575    -0.1576282620754587
  -0.03565472276775387    -0.4268998094490821   0.001910387654531864 -0.0004085118311783491    -0.2975268719122512   0.004380265700970573    -0.5037349618845152    -0.2709275701938453    -0.6327251205179081   -0.02117339098850085
   0.02190271547091913     0.6868100823508322    0.02254095245811292     0.6432684062663414    -0.1737059463460279    0.01548320012452773    -0.1955517159279538    -0.1120691041887298    -0.1789616774502834   -0.01640487135487994

22.68425659463053
54.21671221068579
35.55899811685865
85.63083224642413
65.26709330768605
158.0778688232554
75.98266823525447
184.9160540882864
90.06692493468037
219.6634058182718

2.437022366180288

   0.1528113777799943  -0.06270310035992092   -0.1431595987142224   0.05856319993833035 -0.002250794615356517  0.001181321988690633 -0.003776956373286824 0.0007482633196854763 -0.004081972193356591  0.001596520734771124

-0.003707650850792315 -0.007872987772397214  -0.01733138696372291   0.01709203274528966  -0.01899483608771591   0.03349026863526976  -0.03769432778980102   0.01959586377818071    0.7863536591274141   -0.2707912344533652

cov:
    0.9611444984437265      2.460964661025592   -0.04959841319539316    -0.0306475376078547 -0.0004231733664324927     0.0356578766595927  -0.001151160414283028   0.002667332618037998  -0.006473423368463298  -0.004356468462976701
     2.460964661025592      44.16283464944415    -0.1242438874992017      31.27776526222841     -5.643724420657135     0.7667332494395283     -4.389541493450031      -2.83991063130823     -2.107461271069564    -0.8980476869745132
  -0.04959841319539316    -0.1242438874992017       1.14854811860282      2.799211496428049  -0.006886094842037931    0.02102505087897078   0.001743134173136808   0.001366035679787663  -0.001624608325502935  -0.005661109223399323
   -0.0306475376078547      31.27776526222841      2.799211496428049      35.73162440338078     -8.133817569080676     0.7773655265256133     -8.935181475508889     -4.954495811084996     -8.014477166969099    -0.4996501081616008
-0.0004231733664324927     -5.643724420657135  -0.006886094842037931     -8.133817569080676      6.566424670500839    -0.1360670598184169      6.734440610417147      3.737631452919205      8.016210308771832   -0.06535803672617642
    0.0356578766595927     0.7667332494395283    0.02102505087897078     0.7773655265256133    -0.1360670598184169     0.8645688116826924    -0.2043868747814782 -0.0009941440315982333    -0.4888140660126242    -0.2286214879819079
 -0.001151160414283028     -4.389541493450031   0.001743134173136808     -8.935181475508889      6.734440610417147    -0.2043868747814782      12.57866464972036      6.475552027464638       11.1616074778067    -0.6105987359146582
  0.002667332618037998      -2.83991063130823   0.001366035679787663     -4.954495811084996      3.737631452919205 -0.0009941440315982333      6.475552027464638      4.768054872253296      5.917085445712746     0.7442303470918522
 -0.006473423368463298     -2.107461271069564  -0.001624608325502935     -8.014477166969099      8.016210308771832    -0.4888140660126242       11.1616074778067      5.917085445712746      16.48670441997621      1.664282231154359
 -0.004356468462976701    -0.8980476869745132  -0.005661109223399323    -0.4996501081616008   -0.06535803672617642    -0.2286214879819079    -0.6105987359146582     0.7442303470918522      1.664282231154359      4.571704630225747

cov.inverse():
    20.23604946301167    -7.846673134751186    -24.21070566224168      9.94952414422985     1.033411516317772   -0.5872107857076541     1.965172543756345   -0.4634643598970044     2.252233458022441   -0.9612412011283642
   -7.846673134751178     3.208235179908127     9.921668348685841     -4.06965911659005   -0.4249793912532476     0.222733049093738   -0.8048840997333525    0.1906976005981953   -0.9201700581381987    0.3917380579702391
   -24.21070566224172     9.921668348685847     31.90586168630886    -12.73020846633583    -1.534301078789647    0.7663351281408312    -2.575433080761458    0.6257859829203672    -2.754579373936697     1.147419893754202
    9.949524144229862    -4.069659116590049    -12.73020846633582     5.222169766235352    0.6314507348548605   -0.3244320669069199     1.056302715342563   -0.2565480902428717     1.128801721401647   -0.4702515114598868
    1.033411516317776   -0.4249793912532483    -1.534301078789648    0.6314507348548614    0.6558985337319863   -0.1009217704722208    0.1344454808236806   -0.1758861978623884   -0.1043313973287418   0.07351594363350661
  -0.5872107857076561    0.2227330490937386    0.7663351281408328   -0.3244320669069207   -0.1009217704722208     1.262033088835182 -0.006031897325981013   -0.1287564843485137 -0.001816073094515794   0.09116910731172354
    1.965172543756334   -0.8048840997333487    -2.575433080761445     1.056302715342559      0.13444548082368 -0.006031897325980657     0.750693898729027   -0.5581200988415076   0.02350074460576706    0.1402054109308417
  -0.4634643598969943    0.1906976005981908    0.6257859829203526   -0.2565480902428658   -0.1758861978623878    -0.128756484348514   -0.5581200988415068    0.9276965753841104   0.05069838255898611   -0.2432180381079492
    2.252233458022451   -0.9201700581381996    -2.754579373936698     1.128801721401648   -0.1043313973287419 -0.001816073094515627   0.02350074460576849   0.05069838255898448    0.5352082148687107   -0.2601844033082724
  -0.9612412011283686    0.3917380579702403     1.147419893754206   -0.4702515114598882   0.07351594363350657   0.09116910731172354    0.1402054109308409   -0.2432180381079485   -0.2601844033082726    0.4034456040827727

cov*(cov_.inverse()):
    0.9999999999999593 -7.205607638338662e-15  3.101598838872732e-14 -1.203767988067206e-14 -2.186998412229135e-15  4.048410912060874e-16  1.706642639709433e-15  7.990570011218168e-16 -6.395274934622996e-15   1.33356867215717e-15
 -2.55351295663786e-14     0.9999999999999879 -1.931788062847772e-14  8.215650382226158e-15 -3.233524559220768e-15  7.494005416219807e-16  5.911937606128959e-15  5.828670879282072e-16 -2.220446049250313e-16 -2.220446049250313e-16
 5.338611497318624e-15  1.376503078187596e-15      1.000000000000009  2.177077962350893e-15  5.258380536554697e-17  1.178527761491743e-16 -2.657379524761971e-16  1.916869440954372e-16  1.756407519426517e-16 -3.812054838459034e-16
-2.575717417130363e-14  4.179989687713714e-14 -5.684341886080801e-14      0.999999999999982  1.117161918529064e-15  -3.95516952522712e-16  4.787836793695988e-15 -2.817190924986335e-15  4.884981308350689e-15 -2.164934898019055e-15
-3.538835890992686e-15 -1.030772689425419e-14 -5.023759186428833e-15 -3.823330541052883e-15                      1 -3.599551212651875e-16  2.366162821232365e-15 -6.036837696399289e-16 -1.474514954580286e-15  6.938893903907228e-18
 5.551115123125783e-16 -2.081668171172169e-16 -1.720845688168993e-15  3.608224830031759e-16  6.938893903907228e-17     0.9999999999999998  2.706168622523819e-16 -1.387778780781446e-17  1.110223024625157e-16 -1.387778780781446e-17
 6.994405055138486e-15 -1.376676550535194e-14  4.440892098500626e-15 -3.497202527569243e-15  7.077671781985373e-16 -4.093947403305265e-16      1.000000000000002   -2.3037127760972e-15 -1.665334536937735e-16                      0
-2.442490654175344e-15 -4.829470157119431e-15  8.326672684688674e-15 -8.881784197001252e-16 -2.289834988289385e-16 -4.440892098500626e-16 -3.191891195797325e-16                      1 -8.604228440844963e-16  -3.33066907387547e-16
 3.996802888650564e-15 -1.043609643147647e-14 -1.332267629550188e-15   3.33066907387547e-15  6.938893903907228e-17 -9.992007221626409e-16  2.470246229790973e-15 -1.054711873393899e-15      0.999999999999998 -1.554312234475219e-15
                     0 -6.661338147750939e-16   1.77635683940025e-15  8.881784197001252e-16                      0  1.110223024625157e-16 -2.220446049250313e-16  2.220446049250313e-16                      0     0.9999999999999998
