14
1

0.05961619461182319
 0.2586314402884342
 0.7391100543568164
 0.8256387292902725
 0.9299189323233977
  1.019486177195712
  1.139599406777737
  1.400074336905936
   1.65040129376093
  2.050234304102188
  2.475097567926575
  2.841815472096467
  5.210109753261068
   8.89640175201478

  -0.4412926999002775    0.1761353320232802    0.7553652290697236   -0.3014838000240353   -0.3108283820028492    0.1264188630938785  0.003108207029379452 -0.002098993171984487 -0.006469380225029289  0.008294448451003082  0.003140969169773401  0.005169106060856205   -0.0026110003544107  0.001963342126167728
  -0.4723212839967156    0.1750696993255343   0.04786379876812516  -0.01901587596278055    0.7739269640817487   -0.3250574412811731  -0.07652265315116866   0.05004882411200875  -0.09945350155845391  -0.00712989320511621  -0.09404581433492457   0.04344458926521046  -0.08103616346684217   0.05817241198495773
  0.03974071603602203  -0.01995540193685634   0.02482888171950509 -0.009152144115683993  -0.03651462730759478  -0.04902386905417438  -0.07738642892381642     0.885520863332841    0.2024215066205826   -0.3744716523015865   0.06076930923278607    0.1357906246828168 -0.008173781234330848  -0.00688532303381715
   0.2903763844518518  -0.03646992482146985    0.2012943454527573  -0.03559700866670791    0.1002716906411906  -0.01108931466068212   -0.3242669604017109    0.3419729209717324   -0.4565134724812737    0.5757955848252096   0.06896896378502984   -0.2825549092874888    0.0934643251423015  -0.08377549406396767
  -0.5922453312609357    0.0152565351126678   -0.4770619093870184   0.03714874066869858   -0.2455327621934208    0.2194771533324431    0.1661991083168303    0.2353127144072026  -0.08978935454731717    0.3252714024614574    0.1631857197117151   -0.2043462422497183   -0.1470055916456987    0.1572660574908115
   0.1262887478358395   0.01091260579327931    0.1063188156028261  0.002858772758939528   0.04048003088528634   -0.1110820936740581   -0.1992783276203893   -0.1278179956254029   0.07939036172446652   -0.1426636896987493    0.7001998936380673   -0.2054145185753287   -0.5124472428106178    0.2843590999456846
  -0.1298113787307604  -0.01507279764618108   -0.1091520909222373 -0.009868339388249015  -0.02210430340483831    0.1142247177166039   -0.3275152808475827  -0.06085702995586934   0.01275194035454219    0.1659509053709856    0.2612461526312403    0.5792800115299352   -0.1984758244271027   -0.6127762055734254
   0.2013149876805173   0.08419988796774433    0.1541118385787527   0.05019812588822872    0.1006647446980943 -0.003295415344577554    0.7189894432964781     0.128031999848091   -0.1398884599909994    0.1079745549602053  -0.05471601700946833   0.01448303579751871   -0.5131601150833356   -0.2913175080752095
   -0.169279130800379    -0.129572208151894  -0.09880545542920051  -0.04037062102220359   -0.1628855024359971   -0.2680986082178296   -0.1218741411074556  -0.06280246931696823   -0.2196888415583525   -0.4048311264841724  -0.06515424499565582     -0.54596952984828  -0.05650192263001097   -0.5552347324604047
  0.03488560169891742   0.04480661872727846   0.02897268928177893   0.02558004332854811    0.0686956939472101    0.1566918802842835   -0.2805965707040453   0.01627022484024369    0.6412437529886275    0.2491038861496732   -0.4090383638769628    -0.311824444742907   -0.3711353221610943   -0.1071280322347793
 -0.05956509644040039   -0.1221534744475523   0.03718120904705886    0.1044707932978255   -0.3226695020930729   -0.8216390180728337   0.07597757540499825   0.01779541975857694    0.2277295759027615    0.3356689976358918  0.001505317389792632    0.1323190826630289   0.02149096985576743   0.03783494893832235
   0.1925640813913021    0.5274801438306428   -0.3146006376182185   -0.7067706940020921   -0.1205986399006467   -0.1697988095223535  -0.06337621628459503 -0.001738543317392494  -0.07655539511859656 -0.005894666966039055   -0.1139945840226644   0.05759822624070084   -0.1139566481277427   0.05996872703616435
 -0.03455428758888884   -0.3679471525418293  0.002333519569971339   0.01223325626678594   -0.1655184897510884  -0.02023874965973411   -0.2444286402954333 -0.007920711677002402   -0.4006299720287844   -0.1263142807949641   -0.4451316055934202    0.2514819942100202   -0.4895083184418582    0.3133501482548925
  0.02231895426965074     0.693967970291634   0.02183491156090879     0.624913457821802   -0.2078010701252955  -0.03874135022683699    -0.168310987983214  -0.00119965414888695   -0.1700269969710514   -0.0902965340724434   -0.1088411274690371   0.02637376856017551  -0.06070327010921456   0.02479969935558574

22.68088868319816
54.24440061037794
35.55794707554801
86.43207101916714
53.50335001013698
131.3477904346791
64.27780492792607
158.1508391932439
74.50291213572646
184.0186750280708
88.19970520996081
219.2748604873804
104.5806947388664
260.7425973537689

2.496578988547667

   0.09812217031771527   -0.03933264080453101   -0.03271327555997283    0.01306026180956448   -0.06374940389876409    0.02581833186107133  0.0003471910859934304 -0.0002153656148385455  -0.001751809971641082    0.00157171386626935  0.0003191246633304076   0.001032410036586207 -0.0007720598321660247   0.000572694398013322

-0.0001981830795826986  -0.007527739269253034   0.002084541383890315     0.0118114479280057   -0.01779802967766419   0.003365607292271761  -0.004834807510553176    0.01257869359460072   -0.01766577721696961  -0.001457875673868412   -0.00760835091758467    0.02230101911392863      0.605053961843992    -0.4163147873980558

cov:
    0.9713761420632072       2.51810861909558   -0.04144137322152869    -0.0258190833841123   -0.02683968479267964  -0.007827834123230843   -0.01506604911191142    0.03628649256505918   -0.01514921221016084     -0.014108171860605   -0.02186576181572136   -0.01060827739149197  -0.001639579190143856  -0.003801409711720915
      2.51810861909558      44.20147504042265    -0.1334446026797559      31.14073843934548     -9.941031479975265     -1.914113756198978     -7.006727572003848    0.02413545278242201     -5.651066911439499     -3.777457251777911     -2.080393282854347    -0.7908471128715575     0.9118715523844796     -1.392644560278841
  -0.04144137322152869    -0.1334446026797559      1.176495510697267      2.909850987652175    0.06973091351968351     0.1443662162544485  -0.002135436919634531    0.01997357657651292   0.005900281658730874 -0.0002519866860146952   0.007884672930129856   0.001352675250392408     0.0180993737761244   0.009351259239055491
   -0.0258190833841123      31.14073843934548      2.909850987652175      35.02758891680715     -9.826012051558081     -1.427457654035096     -7.924087708745421   -0.02422603512195152     -7.873028112308297      -4.18175819872537     -4.919495173313544        1.1633151442565     -2.590711194635155      1.049169244149108
  -0.02683968479267964     -9.941031479975265    0.06973091351968351     -9.826012051558081      5.131013756102871      2.609856297283879      3.833977702886678    0.03437193000358905      4.457507874389353      1.634297769775554      3.784049322873409     -1.727947587762096      3.100600053999713     -1.797453494069771
 -0.007827834123230843     -1.914113756198978     0.1443662162544485     -1.427457654035096      2.609856297283879      4.877380338827535     0.2665372511919742 -0.0004066929170508357     0.2597145554068679    -0.7675640392011582     0.4943240838552067    -0.7023921161054179     0.3063734770191957    -0.2784105743661297
  -0.01506604911191142     -7.006727572003848  -0.002135436919634531     -7.924087708745421      3.833977702886678     0.2665372511919742       5.59624020032767     0.2327046110076381      4.245873772734774      2.087264415479317      4.639355640629581     -1.595098483884584      4.007689861150013      -2.27959052654929
   0.03628649256505918    0.02413545278242201    0.01997357657651292   -0.02422603512195152    0.03437193000358905 -0.0004066929170508357     0.2327046110076381     0.6256961554082944     0.1358540067205043     0.2108741908988455      0.041943620006932   -0.02736530248868188     0.0418640031791636   -0.03191375853124044
  -0.01514921221016084     -5.651066911439499   0.005900281658730874     -7.873028112308297      4.457507874389353     0.2597145554068679      4.245873772734774     0.1358540067205043      9.087110146791074      3.690003536224487      5.364908992422822     -3.347444591171977      5.351359950475683     -3.576365093926551
    -0.014108171860605     -3.777457251777911 -0.0002519866860146952      -4.18175819872537      1.634297769775554    -0.7675640392011582      2.087264415479317     0.2108741908988455      3.690003536224487      2.950071966922436      1.957673116018877    -0.5437100273824186      1.757215087440604    -0.8997871095389306
  -0.02186576181572136     -2.080393282854347   0.007884672930129856     -4.919495173313544      3.784049322873409     0.4943240838552067      4.639355640629581      0.041943620006932      5.364908992422822      1.957673116018877      7.768979505753198     -2.677064517664847      6.789657702547004     -3.724088727325772
  -0.01060827739149197    -0.7908471128715575   0.001352675250392408        1.1633151442565     -1.727947587762096    -0.7023921161054179     -1.595098483884584   -0.02736530248868188     -3.347444591171977    -0.5437100273824186     -2.677064517664847      3.707293965452616     -2.980801186526887      2.673578547143819
 -0.001639579190143856     0.9118715523844796     0.0180993737761244     -2.590711194635155      3.100600053999713     0.3063734770191957      4.007689861150013     0.0418640031791636      5.351359950475683      1.757215087440604      6.789657702547004     -2.980801186526887      8.356935566153389     -3.806604127177816
 -0.003801409711720915     -1.392644560278841   0.009351259239055491      1.049169244149108     -1.797453494069771    -0.2784105743661297      -2.27959052654929   -0.03191375853124044     -3.576365093926551    -0.8997871095389306     -3.724088727325772      2.673578547143819     -3.806604127177816      4.404262382214869

cov.inverse():
     58.7253390397318    -23.09908951233197    -93.67523375736629     37.51815924510039      33.3659033994312    -13.56342790535558    -0.017553087490243  -0.03631594621933377     1.396684720387071   -0.9831477427347307    0.2479154726131396   -0.9693768729191516    0.9392829590577888   -0.6982647037839865
   -23.09908951233203     9.248661266312352     37.53281450797543    -15.02639303271771    -13.37450496084952      5.43763791464836  0.008447346425998443   -0.0118699820208537   -0.5591030505816026    0.3979815685225067  -0.09519990395369372    0.3887664728891155   -0.3769424485539968    0.2790484787765614
    -93.6752337573662     37.53281450797541     160.9472594918832    -64.08554782015833    -65.32145347865955      26.5003287772706    0.4839032665507771   -0.3942111182825295    -1.509474764172136     1.729894679193902    0.5826623432120897     1.112849196567398   -0.5766660056121643    0.4221086265879988
    37.51815924510031     -15.0263930327177     -64.0855478201583     25.65375825342539     26.14056021584509    -10.61632634192108   -0.1906825186829898    0.1461012916907695    0.6064012007420769   -0.6972912758530445   -0.2313552736695964   -0.4479945598079292    0.2286383097135458   -0.1705467988606859
    33.36590339943104    -13.37450496084946    -65.32145347865931       26.140560215845     36.26362640412064    -14.81958301543901    -1.210607901479085    0.6927341470987851   -0.6287389750353709   -0.7816668330243458    -1.381220422538659   0.05897334077087452   -0.6951192200939106    0.4779705983709869
   -13.56342790535553     5.437637914648339     26.50032877727051    -10.61632634192105    -14.81958301543902     6.304592460119347    0.5210535498012796   -0.3306464606595437    0.2295042528918311    0.4705114240733825    0.5455679751293131   0.00912550057195631     0.292639057858131    -0.210682993168379
 -0.01755308749018946  0.008447346425977654    0.4839032665506878   -0.1906825186829541     -1.21060790147905    0.5210535498012653    0.7001219801115408   -0.2131336282919644    0.1840144550532931   -0.1107959048998984  -0.08454902854141311  -0.02656079083093905   0.01195062941203328   0.02849994733728729
 -0.03631594621934239  -0.01186998202085039    -0.394211118282515    0.1461012916907638    0.6927341470987798   -0.3306464606595416   -0.2131336282919645     1.738194619774608  -0.00707107523985378   -0.2117483619097219  0.003442883320409014   0.06295732225293769  -0.02655561043666879   0.01908285577077024
     1.39668472038713   -0.5591030505816266    -1.509474764172244    0.6064012007421201   -0.6287389750353207    0.2295042528918107    0.1840144550532915 -0.007071075239853177    0.6968795476433214   -0.4943616876159936    0.1042472631851609    0.1727890684579518   0.02758517408849723  0.008250416713253959
  -0.9831477427347842    0.3979815685225285     1.729894679193998   -0.6972912758530831   -0.7816668330243908    0.4705114240734006   -0.1107959048998969   -0.2117483619097224    -0.494361687615993     1.026275483827762   0.01739838334369051   -0.2294906835684284   0.03852104824538496  -0.06517131671973611
   0.2479154726131471   -0.0951999039536964    0.5826623432120753   -0.2313552736695908    -1.381220422538652    0.5455679751293101  -0.08454902854141319  0.003442883320409137    0.1042472631851618   0.01739838334368953     0.755751613662683  -0.09235563360719702   -0.2312078291660555   0.03451217721061781
  -0.9693768729191792    0.3887664728891264     1.112849196567447   -0.4479945598079488    0.0589733407708511  0.009125500571965839  -0.02656079083093796   0.06295732225293736    0.1727890684579522   -0.2294906835684284  -0.09235563360719665    0.6721630044870307  -0.01955353649519126   -0.1717975900505084
    0.939282959057786   -0.3769424485539957   -0.5766660056121602    0.2286383097135441   -0.6951192200939121    0.2926390578581317   0.01195062941203301  -0.02655561043666875   0.02758517408849721   0.03852104824538501   -0.2312078291660553  -0.01955353649519123    0.5998490948442055  -0.06573103141889113
  -0.6982647037839568     0.279048478776549    0.4221086265879412   -0.1705467988606628    0.4779705983710162   -0.2106829931683909   0.02849994733728674   0.01908285577077066   0.00825041671325364  -0.06517131671973678   0.03451217721061677   -0.1717975900505085  -0.06573103141889142     0.621101021991065

cov*(cov_.inverse()):
    0.9999999999999906  5.220346724343905e-14 -1.180869638184312e-14  3.012585840511672e-14 -1.219835864263441e-14  1.458436236362326e-14 -7.075909953455084e-16 -1.451475658414969e-16  6.871944419756248e-16 -2.302303313272969e-16  1.426539008447802e-16   5.11526584978661e-16   2.92897216896959e-16  9.146329527087715e-16
-6.361577931102147e-14     0.9999999999999785   3.26405569239796e-14  9.930944955272025e-14  6.772360450213455e-15  4.601874437071274e-14 -1.824929096727601e-15 -5.377642775528102e-16 -1.334002353026165e-15  1.235123114895487e-15 -3.400058012914542e-16 -1.082467449009528e-15 -1.387778780781446e-16 -8.881784197001252e-16
 2.585605340943431e-15 -5.238864897449957e-15     0.9999999999999779 -1.960584472548987e-14  7.376911581591372e-15  1.734723475976807e-15  2.210146128611701e-16  6.984972496237862e-17  5.011589017042684e-16  1.458251921993003e-16 -6.602791230436722e-17 -6.156099935372694e-16  1.513546232789764e-16 -1.327063459122257e-16
-1.976196983832779e-14 -2.563504963859486e-13 -5.495603971894525e-15      1.000000000000135  1.465494392505207e-13  4.468647674116255e-15 -1.755540157688529e-15  1.273287031366976e-15  2.758210326803123e-16  -2.67841304690819e-15 -1.949829186997931e-15 -3.996802888650564e-15  2.914335439641036e-16  -1.77635683940025e-15
 7.505107646466058e-14  2.031708135064036e-14  8.992806499463768e-15 -3.358424649491099e-14      1.000000000000025 -1.543210004228968e-14  3.261280134836397e-16 -7.632783294297951e-17  2.319325287380991e-15  8.604228440844963e-16  1.207367539279858e-15  2.220446049250313e-16  9.992007221626409e-16 -2.220446049250313e-16
  2.21767049168875e-14  5.176414852314792e-15 -1.826316875508383e-14 -1.804112415015879e-16  7.632783294297951e-15     0.9999999999999952 -8.795048023202412e-16  4.154662724964453e-16  8.235599702199892e-16  8.291978215169138e-16  6.088879400678593e-16 -1.595945597898663e-16  -1.52655665885959e-16 -2.775557561562891e-17
 3.530509218307998e-14  1.609823385706477e-14  -1.27675647831893e-14  1.931788062847772e-14  1.287858708565182e-14 -7.938094626069869e-15     0.9999999999999999  7.632783294297951e-17   7.73686670285656e-16  -3.33066907387547e-16 -6.938893903907228e-17 -1.110223024625157e-15  8.604228440844963e-16 -4.440892098500626e-16
   1.7277845820729e-15  1.344410693882025e-15 -2.843211777125987e-15  1.595078236160674e-15  1.752070710736575e-16  3.295974604355933e-16  2.851451713636877e-17     0.9999999999999999  9.860818758755663e-17 -7.719519468096792e-17  3.079134169858833e-17 -3.209238430557093e-17  3.469446951953614e-17  1.734723475976807e-17
 6.572520305780927e-14  1.043609643147647e-14 -1.225686219186173e-13   3.47499806707674e-14  4.107825191113079e-14 -4.440892098500626e-15 -9.298117831235686e-16  2.775557561562891e-16      1.000000000000001 -4.163336342344337e-16 -4.163336342344337e-16 -1.110223024625157e-15                      0                      0
 7.771561172376096e-15  1.759703494030873e-14  6.661338147750939e-15 -1.218469769526109e-14 -1.149080830487037e-14  1.998401444325282e-15    2.8796409701215e-16 -2.046973701652632e-16 -1.821459649775647e-16      1.000000000000001 -3.989863994746656e-16   3.05311331771918e-16  1.873501354054952e-16  1.110223024625157e-16
 2.309263891220326e-14 -6.883382752675971e-15 -3.064215547965432e-14  5.995204332975845e-15  1.953992523340276e-14 -4.551914400963142e-15 -4.579669976578771e-16  4.579669976578771e-16  7.320533068622126e-16 -1.387778780781446e-15      1.000000000000001 -1.110223024625157e-16 -2.775557561562891e-17                      0
-8.659739592076221e-15  9.547918011776346e-15  3.441691376337985e-14 -3.885780586188048e-15 -1.154631945610163e-14 -1.110223024625157e-15                      0  -1.52655665885959e-16 -1.283695372222837e-16   3.05311331771918e-16 -5.551115123125783e-17      1.000000000000001                      0  4.440892098500626e-16
 2.309263891220326e-14 -9.103828801926284e-15 -2.509104035652854e-14  1.543210004228968e-14  3.086420008457935e-14 -1.665334536937735e-15 -1.249000902703301e-16  4.024558464266192e-16 -1.942890293094024e-16 -1.415534356397075e-15 -8.326672684688674e-17 -4.440892098500626e-16     0.9999999999999993                      0
 1.554312234475219e-14  2.886579864025407e-15  -2.90878432451791e-14  1.221245327087672e-14  2.575717417130363e-14 -1.165734175856414e-14 -4.440892098500626e-16   3.05311331771918e-16 -7.979727989493313e-16 -3.885780586188048e-16  -6.38378239159465e-16  7.771561172376096e-16  1.110223024625157e-16                      1
