10
1

0.1287870321199141
0.9072422683970847
 1.009703577287072
 1.081782749127297
 1.384670497942172
  1.75619589468967
 1.886739933376291
 2.172038392753618
 5.090457878150588
 9.578034786881458

   0.5525612789792104   -0.3027949197106853   -0.6765827265790518    0.3715963336463324   0.03620510902714724   -0.0110329193207344   0.02898569887760288  -0.02879079393645961   0.05128038595944313  -0.03757598592518582
   0.6857993084618177  -0.03784692080022561    0.5388809586184644  -0.06788831174219007   -0.2886660469439453    0.2220761183442556   -0.1673794354372553  -0.01253891684977723    0.1837063653556121   -0.1966682260919352
  0.06094100013697586  0.003933256836121751   0.03527734793748779 -0.002371037931647472   -0.2631349740161748    0.2047142439221445    0.3833702030280044   -0.6782399492349551   -0.1485841529653657     0.504790335544451
   0.3755753076984383   0.06319304217672175    0.2921653139566598   0.02445308953684407    0.4558721101062549   -0.5359928674466227    0.2809607650490686    0.1536043006602406   -0.2883462284544686    0.2969962769662363
 -0.02015715320138282  -0.01389545912076441  -0.01358322538922302 -0.009405598718490957   -0.3421116468793634   0.02119545874002616    0.6806313408202096    0.2294671448872758   -0.3480727156201986   -0.4945393833063737
 -0.03968544127687916  -0.05411935497779864  -0.02832975988090087  -0.03287157614776232   -0.3551552523967915   -0.1470368923511229    0.2968485112166112    0.4519663687330986    0.5999302717490688    0.4399420147003266
 -0.07495456622080438  -0.09295894338896246   0.01826039088149089   0.01398904864342122   -0.3579257350354299   -0.7670706662176604   -0.1365790521866796   -0.4013561885289273    0.1481687634795244   -0.2588599306180446
   0.2667128782991847    0.5312202489261976   -0.4045634881910588   -0.6665359542216592   -0.1245351446832662  -0.08058397113070331  -0.08696754941503544   0.02693092247242496  -0.08546435245245131   0.03364416727449404
 -0.02628764742043972   -0.3618442236500775 -0.003405015096897523  -0.05615042912042355   -0.4326248298342384   -0.0599234286889543   -0.3846558940428957    0.2955492484832809    -0.578190374228392    0.3237971092206847
  0.01258937275124672    0.6913642075729218    0.0153079485643777    0.6386830342919758   -0.2536572459290082  -0.02851492363707583   -0.1402743030599316   0.09653995984032038   -0.1173384088253415    0.0760686741454214

22.69083297150603
39.81498529991769
35.55979146685353
62.93687736675349
 72.6462674772106
129.9418620507778
87.26223405196386
156.0150527919801
103.2306946021622
185.5080976098242

1.794628857582211

    0.112083187182879  -0.06249905335714774   -0.1061023107025311   0.05903091329149909 -0.002067382924795692 0.0007237635278527782 -0.001538223776896445  0.001287934816405879 -0.002412327405785153   0.00172855116474097

 0.002889741861446785   0.01503261374922273  0.003223236010861229  0.009636411113754569 -0.001052247883871281 0.0002044573105399368  -0.01648148879160409   0.00426524377748596    0.5310311822297866   -0.4093650072177236

cov:
   0.9547216809726121     1.749233946439877  -0.06134971949093417   -0.0864678485694822   0.01863806819128917     0.030733105483309   0.01747871750595654   0.00499394578131323   0.01948748039171308 -0.005504435698822493
    1.749233946439877     48.62136696692564 -0.003664446698700665     39.36759487446497    -12.11552568439993    -1.216514254852981    -5.503258855929192     3.479781820369264    -2.402824527216898      1.92862453424195
 -0.06134971949093417 -0.003664446698700665     1.145749545337557      2.15206796212705  -0.04572112353636977  0.004208721498178077  -0.01431978323422438  0.009426379831052871 -0.007394077594559885  0.004544717346296715
  -0.0864678485694822     39.36759487446497      2.15206796212705      39.6103494457745     -13.7868125141509    -1.382140161641728    -7.418322744384046     5.078365783294047    -5.830077595927076     3.849551160202453
  0.01863806819128917    -12.11552568439993  -0.04572112353636977     -13.7868125141509     12.27764407983172     2.113544103472258     7.116732201686676    -5.442931860957396      8.48729483757808    -5.177791971017682
    0.030733105483309    -1.216514254852981  0.004208721498178077    -1.382140161641728     2.113544103472258      2.77990888820915     1.136460229606806  -0.06158324754449209    0.7298658821949316   -0.3442091632677264
  0.01747871750595654    -5.503258855929192  -0.01431978323422438    -7.418322744384046     7.116732201686676     1.136460229606806     7.166556443813142    -3.503754704012857     7.152987884157248    -4.014845870481424
  0.00499394578131323     3.479781820369264  0.009426379831052871     5.078365783294047    -5.442931860957396  -0.06158324754449209    -3.503754704012857     4.923037960861655    -4.957692778276177     3.629692212797723
  0.01948748039171308    -2.402824527216898 -0.007394077594559885    -5.830077595927076      8.48729483757808    0.7298658821949316     7.152987884157248    -4.957692778276177     11.52842206533492    -4.882616487689813
-0.005504435698822493      1.92862453424195  0.004544717346296715     3.849551160202453    -5.177791971017682   -0.3442091632677264    -4.014845870481424     3.629692212797723    -4.882616487689813     4.952259338568689

cov.inverse():
     19.12141984134412     -10.06525269549169     -22.01803616029469      12.29345955577687      1.105288793310664     -0.328984588016329     0.9266306018046855    -0.9593908838445505      1.748593207562028     -1.283634553823965
    -10.06525269549168      5.606531628327916      12.29751881099105      -6.84858439695163    -0.6159185559585573     0.1770569879212329    -0.5168676327174397     0.5323776393852088    -0.9750702491632208     0.7154776418070502
    -22.01803616029474      12.29751881099104      28.06138362210727     -15.13892669308647      -1.54662422565556     0.4728979930201109     -1.209327511731475      1.170941068755387     -2.043592927633819      1.490880314853167
     12.29345955577688      -6.84858439695163     -15.13892669308647      8.430580106851291     0.8659121465580173    -0.2674100325401209     0.6732871329081415    -0.6505032140194186      1.136464612251096      -0.82880786571084
     1.105288793310668    -0.6159185559585568     -1.546624225655558     0.8659121465580161     0.5749101944382237    -0.2701180239894616 -0.0003184798733122454     0.1178962261423695   -0.03610535776497128    0.02946321949079793
   -0.3289845880163316     0.1770569879212338     0.4728979930201127    -0.2674100325401219    -0.2701180239894618     0.5279136491040347   -0.09092398890874033    -0.1244728437279835    0.05614223323848866   -0.03474309741487892
    0.9266306018046924    -0.5168676327174411     -1.209327511731478     0.6732871329081428 -0.0003184798733117023   -0.09092398890874047     0.5792661372693526    -0.1306025027357335    -0.1340099953810183     0.1066246269840517
   -0.9593908838445585     0.5323776393852113      1.170941068755394    -0.6505032140194215     0.1178962261423691    -0.1244728437279834    -0.1306025027357335     0.6641119057429509   -0.00846741787130938    -0.1901819064048352
     1.748593207562029    -0.9750702491632203     -2.043592927633818      1.136464612251095   -0.03610535776497123    0.05614223323848874    -0.1340099953810185  -0.008467417871308698     0.4929035820798622    -0.1501696900533431
    -1.283634553823967     0.7154776418070478      1.490880314853161    -0.8288078657108368    0.02946321949079849   -0.03474309741487925     0.1066246269840519    -0.1901819064048356    -0.1501696900533427     0.6709194246410379

cov*(cov_.inverse()):
    0.9999999999999321 -1.274154393104965e-14  4.950553855742612e-14 -4.289971156090644e-15 -5.376395943029744e-15  1.088240825578013e-15 -4.244759925497998e-15  3.112527596771386e-15  -2.45257373437946e-15  5.806119474094373e-15
 2.531308496145357e-14     0.9999999999999569 -5.195843755245733e-14  1.820765760385257e-14  -7.91033905045424e-16 -1.942890293094024e-16  4.163336342344337e-16 -8.881784197001252e-16                      0  6.217248937900877e-15
 5.062790464638312e-15 -1.807148181098839e-15     0.9999999999999944  8.287641406479196e-16   2.63732178457099e-16  2.230745969888925e-17 -7.123208273229764e-17  -4.22296746183104e-16  1.036497276896142e-16 -1.621966450038315e-16
 7.993605777301127e-15  4.662936703425657e-14  2.930988785010413e-14     0.9999999999999907  2.248201624865942e-15  1.137978600240785e-15  4.718447854656915e-15  5.551115123125783e-16 -8.992806499463768e-15  4.440892098500626e-16
 1.332267629550188e-14 -1.110223024625157e-14  1.687538997430238e-14 -7.105427357601002e-15     0.9999999999999982  3.885780586188048e-16 -3.108624468950438e-15 -4.440892098500626e-16 -2.220446049250313e-16   1.77635683940025e-15
-5.329070518200751e-15  1.304512053934559e-15  8.770761894538737e-15  -3.05311331771918e-15 -6.453171330633722e-16                      1 -7.424616477180734e-16  4.163336342344337e-16 -3.538835890992686e-16  3.885780586188048e-16
-1.154631945610163e-14  4.440892098500626e-16 -8.881784197001252e-16  4.440892098500626e-16 -6.938893903907228e-16 -2.775557561562891e-16      0.999999999999999 -6.661338147750939e-16  7.771561172376096e-16  4.440892098500626e-16
-1.243449787580175e-14  6.661338147750939e-15 -8.881784197001252e-16   1.77635683940025e-15  1.387778780781446e-17  1.387778780781446e-16   3.33066907387547e-16      1.000000000000001  2.220446049250313e-16  8.881784197001252e-16
  1.77635683940025e-15 -6.217248937900877e-15  -1.06581410364015e-14 -6.217248937900877e-15 -2.220446049250313e-16  8.326672684688674e-17 -1.110223024625157e-16 -2.220446049250313e-16      1.000000000000001                      0
 8.881784197001252e-16  3.996802888650564e-15 -8.881784197001252e-15  4.440892098500626e-15  1.942890293094024e-16  -3.05311331771918e-16  2.220446049250313e-16  2.220446049250313e-16  -3.33066907387547e-16     0.9999999999999996
