10
1

0.7574836535287308
0.7781456341475613
0.9121287218011097
 1.057431624807343
 1.183909274822251
 1.436783380999294
 1.744907646690514
 2.090807310870889
 5.140078637138356
 6.617957195332663

   0.3704561311092951  -0.07964300716430035   -0.2388149072577517    0.8675532709130001   0.02748742307442421   -0.1581035197954265   0.06902086495674052    0.0463827990216314   0.06703409302055968  -0.09786170682378258
    0.657540692577718   -0.1086006341480667   -0.2393907937753851   -0.2833892503814713    -0.367894049346631    0.4275439682306992   0.01263732599474406   -0.2375655287826473    0.1479475051215943   -0.1469806022234802
  -0.4949052356549809   0.02318727718611549  -0.05052016200722063    0.3320961274941796   -0.3565400241020092    0.5142347042529902    0.2373211798353117   -0.3989056569625263   -0.1300663856149593    0.1332988490768989
   0.2589238407856684   0.02582220655701386   -0.1061793267765196   -0.1392369213163258    0.1809537415453899   -0.2511727684684101    0.5910331404578321   -0.2669887421429313   -0.4621468874164756    0.4142653320401688
  -0.1785362850959984  -0.04101662822000236   -0.3833190806232704    -0.116644349385641  -0.01690010137869945   0.08111463728089512    0.3990378592416365    0.4258919756293434   -0.3066390017835712   -0.6036515104460963
   0.2750520822594612    0.1480714951085792    0.7167420407560502    0.1468665971396174  -0.09078194535229528    0.2242637406924791  -0.02153203684187641    0.1521888152456718   -0.4961102901402888   -0.1970942996833578
 -0.08411807429052377  -0.08222475505253588   0.02313342581829531  -0.03299448085257446   -0.0770070023653769   -0.4314933862279088   -0.2120202916986539   -0.6521727516357106   -0.2098385202562444   -0.5273601432173732
  0.03656665335998283   0.07337056033929366   -0.2825097432286858   0.03268454631239463    0.6735890580738373    0.4332247756582824   -0.3881355216992901   -0.1558241237232967   -0.3096860587543199  -0.01256523076185552
 -0.01951463573324377   -0.2577196212346931   -0.2815113618328398 -0.005756140476095829   -0.4409200438503418   -0.1452775558113495   -0.4708239466993765    0.2382654056481592    -0.511916170321649    0.3128868562054582
  0.04590316223085977    0.9372765725260359   -0.2271231470279654   0.00116045489972784   -0.2035770296337095   -0.1132904011109826   -0.1116381873437871  0.008733525697865936  -0.03118065876030485  0.005416725576695522

22.67462789422535
 44.8143323628515
64.56854583643681
133.3319677488561
74.51468446830349
154.7546429770469
88.33836365921384
184.4109135478913
104.6810228661905
 219.480047434391

2.109585780708592

  0.03395706719650456  -0.01614811648171047  -0.00720124689839718  0.004749801277109967 -0.009844016902848134  0.001454680708015077 -0.007419135646344314    0.0050662024447195 -0.007287288829836396  0.005339550994658597

  0.01028070529788664   0.01546653026271845  -0.01090141546848312   0.00690366067249468 -0.006589186328133392    0.0148604057246697  -0.01442977819767811  0.002298616558321036    0.5212581367536382   -0.3927557960808136

cov:
   0.9498726266783272      2.08209932847475  -0.01568140811117207   0.02608114162198073   -0.0433067548306935   -0.0138950116212613 -0.008416086687168025   0.01889541352689843 -0.006561067677471528  0.007505813148945164
     2.08209932847475     40.33396396815257     -7.23929548834209    0.1385494670167637    -5.124806310837295    -3.368752972058112    -1.460181420269317    -1.130423769408691      1.99623571035943    -1.776983950855841
 -0.01568140811117207     -7.23929548834209      6.05218631724694    0.1933263787462353     4.384993682892468     1.898186871734599      4.73905053797793    -1.639601321097095     3.945702228229201    -2.390015858076614
  0.02608114162198073    0.1385494670167637    0.1933263787462353    0.6664359986273046   0.08605403299326085    0.2054334820917697  -0.03425436913500666  -0.02082402432926795 -0.003183576505192581 -0.008348274720785623
  -0.0433067548306935    -5.124806310837295     4.384993682892468   0.08605403299326085     9.195191153626928     3.734281073216849      5.42900640611203    -3.080066535869658     5.392185061482757    -3.479843962595442
  -0.0138950116212613    -3.368752972058112     1.898186871734599    0.2054334820917697     3.734281073216849     3.035703432244651     1.872521884704672   -0.4386781898111683     1.650609813785034    -0.807163312570927
-0.008416086687168025    -1.460181420269317      4.73905053797793  -0.03425436913500666      5.42900640611203     1.872521884704672     7.862452509380893    -2.344926507545455     6.704510175555188    -3.590617722745124
  0.01889541352689843    -1.130423769408691    -1.639601321097095  -0.02082402432926795    -3.080066535869658   -0.4386781898111683    -2.344926507545455     3.453935058365722    -2.784126028495649     2.455796084226429
-0.006561067677471528      1.99623571035943     3.945702228229201 -0.003183576505192581     5.392185061482757     1.650609813785034     6.704510175555188    -2.784126028495649     8.428182740825919    -3.669392245512756
 0.007505813148945164    -1.776983950855841    -2.390015858076614 -0.008348274720785623    -3.479843962595442    -0.807163312570927    -3.590617722745124     2.455796084226429    -3.669392245512756     4.251440151251709

cov.inverse():
     1.36965714988475   -0.1481550854086508   -0.2673927825743666    0.0582128321427092   -0.1298370857050972   0.03322985297587035  0.003120138708136073  -0.06998995021262601    0.1508044136784661   -0.1412892233486221
  -0.1481550854086507   0.06962033194703691    0.1273708244208856  -0.04808416573555018   0.06372233523346363  -0.01457594242434331 -0.003390436789670765   0.03020003087911532  -0.07195343523644972   0.06784935394208468
  -0.2673927825743671    0.1273708244208856    0.5834853858618901   -0.1754071807577961   0.07321436386449595  -0.08406029087432539   -0.1917942841316052   0.06309161770512123  -0.09896397122098538    0.1415060108369049
  0.05821283214270905  -0.04808416573555019   -0.1754071807577962     1.615023116937679    0.0497997619631053   -0.1854598042310484   0.08433285779829972   0.03656791766550345   0.02803541309250359  -0.03578771515458767
  -0.1298370857050966   0.06372233523346352   0.07321436386449565   0.04979976196310539    0.5251577483916572   -0.4585812713455633  -0.06035906702526567    0.2509425116475829    -0.113937853192245    0.1166314728444125
  0.03322985297586951  -0.01457594242434318  -0.08406029087432515   -0.1854598042310485   -0.4585812713455631    0.8539451187596557   0.01903917805568989   -0.2502769149774743   0.03971450309391426  -0.07207036899681438
 0.003120138708135858 -0.003390436789670694    -0.191794284131605   0.08433285779829965  -0.06035906702526565   0.01903917805568987    0.5603967133916955  -0.07964706794435833   -0.3010422181783988    0.1046039471537477
  -0.0699899502126257   0.03020003087911524   0.06309161770512098   0.03656791766550354    0.2509425116475829   -0.2502769149774744   -0.0796470679443583     0.639995428724729   0.04170058155276718   -0.1947934425928425
   0.1508044136784657  -0.07195343523644973  -0.09896397122098549   0.02803541309250359   -0.1139378531922452   0.03971450309391445   -0.3010422181783987   0.04170058155276709    0.4879762076928147  -0.02880737237786479
  -0.1412892233486222   0.06784935394208473    0.1415060108369051  -0.03578771515458774    0.1166314728444127  -0.07207036899681454    0.1046039471537475   -0.1947934425928424   -0.0288073723778648    0.6010851469067806

cov*(cov_.inverse()):
                     1 -1.170938346284345e-16  4.618701254788249e-16    1.6978606021123e-16 -3.408731630294426e-16  5.348369316870993e-16  5.757113535898029e-17 -1.121065046350012e-16  4.213480692821792e-16 -1.214306433183765e-17
-1.110223024625157e-16                      1  3.885780586188048e-16  2.636779683484747e-16  -3.05311331771918e-16 -8.326672684688674e-17  1.942890293094024e-16 -5.551115123125783e-17 -1.942890293094024e-16  2.220446049250313e-16
 3.885780586188048e-16 -1.942890293094024e-16     0.9999999999999991 -2.775557561562891e-17  4.440892098500626e-16  2.498001805406602e-16  2.775557561562891e-16  5.551115123125783e-17  5.273559366969494e-16 -6.661338147750939e-16
 2.233456475320139e-17 -6.288372600415926e-18 -2.710505431213761e-17                      1  2.840609691912022e-17 -5.084908188957016e-17  7.155734338404329e-18  1.561251128379126e-17  1.447409900268148e-17 -2.602085213965211e-18
 3.885780586188048e-16 -2.220446049250313e-16                      0  8.326672684688674e-17                      1 -4.996003610813204e-16  1.665334536937735e-16 -1.110223024625157e-16 -4.163336342344337e-17 -4.440892098500626e-16
-1.110223024625157e-16  2.775557561562891e-17  6.938893903907228e-17  1.214306433183765e-16  6.938893903907228e-16      0.999999999999999 -2.081668171172169e-16  4.163336342344337e-16  1.318389841742373e-16                      0
-2.220446049250313e-16  5.551115123125783e-17 -2.220446049250313e-16 -1.110223024625157e-16  9.992007221626409e-16 -1.110223024625157e-16     0.9999999999999999                      0  2.775557561562891e-17                      0
-1.110223024625157e-16 -5.551115123125783e-17  2.220446049250313e-16  8.326672684688674e-17 -3.885780586188048e-16  1.110223024625157e-16 -2.220446049250313e-16     0.9999999999999998  4.163336342344337e-17  2.220446049250313e-16
-1.110223024625157e-16  1.942890293094024e-16                      0  -3.05311331771918e-16  4.996003610813204e-16  5.551115123125783e-17  8.881784197001252e-16  1.110223024625157e-16     0.9999999999999987                      0
-2.220446049250313e-16 -5.551115123125783e-17  2.220446049250313e-16  2.775557561562891e-17 -6.106226635438361e-16  2.220446049250313e-16  -3.33066907387547e-16 -1.110223024625157e-16  2.636779683484747e-16                      1
