12
1

                  nan
                  nan
                  nan
                  nan
    3162.277660168379
1.161300603098512e-16
4.838384567379636e-10
7.933562629607598e-09
2.285161557751853e-08
   0.0460183359327996
    1.957935074904355
    3.988849445470318

                     0     0.1834690273311451     0.9336726766214382   -0.06702166226298178    0.03446855990130464    -0.1833442432415577   -0.04808331775482611 -4.249336343372271e-21    0.01339437396603104    -0.2292688489687272    0.01561194315394648                      0
                     0    -0.2571502309399615   -0.05529323762099422    -0.4048257348425771    0.02663771928497409     0.2131165769894232   -0.01166111175244989  2.898706328437756e-17     0.7300383027573987    -0.4330680664966189     0.0128235055409926                      0
                     0    -0.0766270702529058    0.04037695337245115     0.1332274304967996     0.6642530493652874     0.2834132244474791    -0.6249977454924012 -2.327442576491727e-16   -0.02179000982021357    0.08318615981911685     0.2348964719556995                      0
                    -0   0.001261876518854813  0.0005267611046004633  -0.004301202549325579     0.3508086790623043  -0.007337258178972928    0.01600512184978971 -5.910339954995874e-14   0.001777793028984953  -0.003986098588603494    -0.9362605682867121                     -0
                     0                      0                      0                      0                      0                      0                      0                      0                      0                      0                      0                      1
                     0   -4.5390991359304e-16  -6.18956653810086e-17  5.918952464552626e-16 -6.664120474842145e-15  6.426969340063674e-16 -3.189863021134834e-14                      1  6.491457466808236e-16 -6.911710443850291e-17 -6.597198732985292e-14                      0
                     0    0.01223304831015375   0.002540498387754323   -0.01711406543409291     0.6239752427720583   -0.02315199029623733      0.740663193612848  4.423950896421689e-14   -0.01464501886551081   -0.00192897525703977     0.2467179057512404                      0
   -0.8561201608574833     0.3410742493558573    0.01171110548087783     0.1326373544948412   -0.05812958210702714     0.3403560984330264    0.06656482095164361                     -0    0.09338621621684541  -0.009147469145716821   -0.02323681959383259                     -0
                    -0     0.3511223588805136    -0.2828477642062373     0.4319294823058347     0.1247885162711416    -0.5233785883325645    -0.1306306097975578 -1.375017868845051e-19     0.1794110366607845    -0.5186005241192002    0.04950407322737559                     -0
     0.309806335689789    -0.1234756453758985     0.1538742191646412     0.7028620649802608    -0.1593679919936621     0.5157905973113542     0.1912236816928251                      0      0.127745736594258    -0.1509972105466438   -0.06291039068147576                      0
   -0.3591539254048328    -0.6723124886277804     0.1321271484391351     0.3317746633292829    0.00598185482437317    -0.4191739546725369   0.004483647789100752                      0     0.2287062598902538      0.251786245140301   0.002609291898973379                      0
    0.2051505847082158     0.4328060249043278    0.04781312000644108    0.07292479875111492    0.00855816758027932    -0.0924074794719322  -0.003141610340143656                      0     0.5971912537986219     0.6306517635884983   0.002601334596024337                      0

35.92797391503741
 60.6879358291626
51.64543417725555
93.55715942382812
69.60637505416963
129.3940048217773
85.15384990938162
159.2149963378906
92.78547978052248
184.1340065002441
107.5008184051094
217.4080047607422

2.078709359182596

  0.4796311353815335   -1.436611825739104 -0.08958314967927769  -0.8302937936758452     200.255015635784   -2.742390425882661   -137.6588874493095   -6.393601913711734    4.763905683266479   -3.531987036576155   -934.2617085575911                    0

-3.683150209666294e-17  -2.36082870095513e-17  2.154914546246009e-17 -3.795762140378222e-17                      0 -8.622533599444399e-32 -4.857728047467117e-17 -3.541691486265947e-17  3.242923838934794e-18 -1.505145353515298e-05  -0.003937966525921149   -0.02107082290571621

cov:
     1.164332696394921      2.338309410216571   -0.02574590250122774    -0.2182965359061692    0.01959451538310853     0.2758350693111959   -0.01630235837743015                      0      1.634509026887002      1.711768769182796    0.00485730677555998                      0
     2.338309410216571      4.713244651461537   -0.01131621712597188    -0.3530869914975543    0.04355900773613125     0.4438595667670479   -0.03323998427829746                      0       3.52298139220869      3.693990365933144    0.01120515862770648                      0
  -0.02574590250122774   -0.01131621712597188     0.1033478227881616     0.2237540473992087    0.00948857447022277    -0.2824470811145089 -5.665503338498582e-05                      0     0.5701974754298288     0.6072520117367011   0.003280101652256209                      0
   -0.2182965359061692    -0.3530869914975543     0.2237540473992087     0.5076322503155115    0.01730092753756721    -0.6395839090691873   0.002341991498104183                      0     0.9839941970552301       1.05175809754291   0.006243349376748095                      0
   0.01959451538310853    0.04355900773613125    0.00948857447022277    0.01730092753756721   0.001356309541563163   -0.02236933315809686 -0.0003895074137320376                      0    0.08651999328542569    0.09169958669929476  0.0004352860589590258                      0
    0.2758350693111959     0.4438595667670479    -0.2824470811145089    -0.6395839090691873   -0.02236933315809686     0.8100027465843553   -0.00237686460979036                      0     -1.245413393797995     -1.332001846312783  -0.008086317591033527                      0
  -0.01630235837743015   -0.03323998427829746 -5.665503338498582e-05   0.002341991498104183 -0.0003895074137320376   -0.00237686460979036  0.0003115380766160878                      0   -0.02586838987129294   -0.02725712014968227 -0.0001106569738961845                      0
                     0                      0                      0                      0                      0                      0                      0                      0                      0                      0                      0                      0
     1.634509026887002       3.52298139220869     0.5701974754298288     0.9839941970552301    0.08651999328542569     -1.245413393797995   -0.02586838987129294                      0      5.874981243631334      6.213078313325884    0.02698819462629273                      0
     1.711768769182796      3.693990365933144     0.6072520117367011       1.05175809754291    0.09169958669929476     -1.332001846312783   -0.02725712014968227                      0      6.213078313325884      6.571195935059237    0.02864111125291899                      0
   0.00485730677555998    0.01120515862770648   0.003280101652256209   0.006243349376748095  0.0004352860589590258  -0.008086317591033527 -0.0001106569738961845                      0    0.02698819462629273    0.02864111125291899   0.000142149558364451                      0
                     0                      0                      0                      0                      0                      0                      0                      0                      0                      0                      0                      0

cov.inverse():
nan nan nan nan nan nan nan nan nan nan nan nan
nan nan nan nan nan nan nan nan nan nan nan nan
nan nan nan nan nan nan nan nan nan nan nan nan
nan nan nan nan nan nan nan nan nan nan nan nan
nan nan nan nan nan nan nan nan nan nan nan nan
nan nan nan nan nan nan nan nan nan nan nan nan
nan nan nan nan nan nan nan nan nan nan nan nan
nan nan nan nan nan nan nan nan nan nan nan nan
nan nan nan nan nan nan nan nan nan nan nan nan
nan nan nan nan nan nan nan nan nan nan nan nan
nan nan nan nan nan nan nan nan nan nan nan nan
nan nan nan nan nan nan nan nan nan nan nan inf

cov*(cov_.inverse()):
nan nan nan nan nan nan nan nan nan nan nan nan
nan nan nan nan nan nan nan nan nan nan nan nan
nan nan nan nan nan nan nan nan nan nan nan nan
nan nan nan nan nan nan nan nan nan nan nan nan
nan nan nan nan nan nan nan nan nan nan nan nan
nan nan nan nan nan nan nan nan nan nan nan nan
nan nan nan nan nan nan nan nan nan nan nan nan
nan nan nan nan nan nan nan nan nan nan nan nan
nan nan nan nan nan nan nan nan nan nan nan nan
nan nan nan nan nan nan nan nan nan nan nan nan
nan nan nan nan nan nan nan nan nan nan nan nan
nan nan nan nan nan nan nan nan nan nan nan nan
