10
1

0.1419980727912036
0.2074449108917502
0.4532914464902089
0.5626761652634364
0.6655043104399569
0.8769889541837443
 1.257132009925703
 1.527079121134504
  2.22353418055839
 3.302158984320053

   0.01336185732820915  -0.003445340798963832  -0.004817940830927346    0.00178505559713835  -0.009929333217200386   0.002262662508128939   -0.01786502859773285   0.005246043998813119     0.9996662005416751 -0.0005360863333063117
    0.4047585678512405    -0.1474750573761174    -0.8682451559816006     0.2229639800347502    0.06994027490073565   0.002572807475674651    0.06561922176423035   -0.01231514689704362  -0.008595187645826691   -0.03780658903247144
   -0.8261782008552181     0.2460964567651302    -0.4699603710886416    -0.1358828959084347     -0.104153977803859    0.04756885582621426    0.03515968831726134  0.0004926767759995126   0.009382209577603716     0.0557125048668204
  -0.07682634113386141    0.01674153381042508   -0.05477255547745076   -0.03183669000925839     0.4800331127938156     -0.475035612055326    -0.5687341297150634     0.4487672957143789  -0.005848610948689358   -0.09395957819460111
  -0.09330141235532689     0.0169522247907265    0.05115495674766816    0.04971094382035303     0.5355188895807109    -0.4829206826473151     0.5908367795235052    -0.3136946274423823    0.02015252136048828     0.1342685768315389
    0.0914074824778071  -0.009375330529288293   -0.02833273139105151   -0.07444371725966654   -0.02325753200812564    0.01533240165892991   -0.09414923752357487     0.1338942329119424  -0.003383834170952936      0.978587233931772
  -0.03325032776533195   -0.02049013456301545    0.05638017535694441     0.1728394135712627   -0.08406752863295865      0.044913654422911     0.5334957149046907     0.8183010366651713   0.004615591325213013   -0.04563144963545194
    0.2737847161843132     0.1865563869103517     -0.121253217858371    -0.8155980132906542    -0.2614351822403826    -0.3225263028632817      0.153785168113956    0.08216273917808899  -0.001740782689267311   -0.08695393633978202
  -0.06225971704891271   -0.07425346207025041    0.02765214550141872     0.3952070488781649    -0.6249568696058093    -0.6574493940800135   -0.06219146698088047    -0.0753198244289056   -0.00541256075593873    0.03572048984700634
    0.2247639814990507      0.936100160027361    0.01410928418728871     0.2674526169756328    0.02053628919522069    0.01841211060796046   -0.02434607196706614  -0.007491634282953764 -0.0004169710380534961   0.007608819211980198

22.49765783012058
 44.3776631938253
 49.8634048886645
 112.513601413715
79.67213319681457
187.2508219297407
91.52919896251031
218.3713218784634
107.5124725310244
259.2651988301535

2.484486045320135

   0.09222029210523591   -0.03720435209904469   -0.09584255990679413    0.03807831676564513  0.0008353667475847441 -0.0001015410143828379  0.0003030304982868811  -0.000128983978867609   0.001603828550724848 -0.0003722471603757742

7.014925296402724e-05  0.005792230942779579 -0.009362420112830845 -0.001084668996552737 -0.005113968855206909  0.006324179827631336 -0.001770817428557836 -0.002909478422500118   0.04416613219932132   -0.0573776504010821

cov:
   0.9060362550998986     2.391200978070026  0.007571909003227575   0.02447359631758769    0.0636637305897554   0.06377980681477183  0.007594643298792275   0.02544441494555575 -0.003111290560421851  0.009952126974175539
    2.391200978070026     9.677965332953105   0.06133684153993052     2.216965528833411    0.3290652762043076    0.2836689830503292   -0.1725897442199287  -0.04041281429263958 -0.002571728744959226   0.02471304229187718
 0.007571909003227575   0.06133684153993052     0.125808964643359     0.349287763034139   -0.0040883386345774 0.0004211622103910277   0.01125844735606158   0.02083519991586939 4.913885976161207e-05  0.005955139988356439
  0.02447359631758769     2.216965528833411     0.349287763034139     3.162253452209324   -0.6751040486945082   -0.6132513474753978   -0.3155083945652394   -0.1209958425583872 -0.006832301210232328    0.1908593535397055
   0.0636637305897554    0.3290652762043076   -0.0040883386345774   -0.6751040486945082     2.309005546673952     2.038188376605591   0.07690477987500009   0.06359818789578173   0.02060331206212809  -0.05083723023014492
  0.06377980681477183    0.2836689830503292 0.0004211622103910277   -0.6132513474753978     2.038188376605591     2.561881420856547   0.07787424665794211     0.240792915341651   0.01581248606004416  -0.05492712067934948
 0.007594643298792275   -0.1725897442199287   0.01125844735606158   -0.3155083945652394   0.07690477987500009   0.07787424665794211    0.7948224673947268    0.5719222767852302   0.01129725440149688    -0.101170678256614
  0.02544441494555575  -0.04041281429263958   0.02083519991586939   -0.1209958425583872   0.06359818789578173     0.240792915341651    0.5719222767852302     1.223791987484097  0.003817043938062051  -0.02080032846254412
-0.003111290560421851 -0.002571728744959226 4.913885976161207e-05 -0.006832301210232328   0.02060331206212809   0.01581248606004416   0.01129725440149688  0.003817043938062051    0.0205582391026247 -0.002034190108672914
 0.009952126974175539   0.02471304229187718  0.005955139988356439    0.1908593535397055  -0.05083723023014492  -0.05492712067934948    -0.101170678256614  -0.02080032846254412 -0.002034190108672914    0.7758661351267685

cov.inverse():
   7.225252826084483   -2.345089769309447   -6.296322513648078    2.534228064250885   0.8173516702147172  0.02310444545042047   0.4734459478347421  -0.1480130831273949   0.5404174325245535  -0.4786877113934921
  -2.345089769309448   0.8990509931324486    2.403189238967331   -0.976485412437566  -0.3252453816715447 -0.01094997604994419  -0.1817944348445088  0.04844010375743046   -0.129771049070041   0.1783757347993173
  -6.296322513648075    2.403189238967329     18.6187504823038   -4.123050732244373   -1.183736185536685  -0.1206922328929614   -1.219329077775575   0.1517796470631092 -0.08321790721747502   0.6343072383233473
   2.534228064250883  -0.9764854124375653   -4.123050732244374    1.603529828896864   0.4772505600556606  0.03976576124165611   0.4467628112698389  -0.1024106995253923  0.04161015167129715  -0.2745116302956914
  0.8173516702147182   -0.325245381671545   -1.183736185536687    0.477250560055661    1.660210779857836   -1.208759855119166 -0.08524563880776011   0.2309887766645344  -0.4947681898989983 -0.09145179846270764
  0.0231044454504203 -0.01094997604994414  -0.1206922328929607  0.03976576124165598   -1.208759855119166    1.384375482684437   0.2194042151423535  -0.3067594351334414   0.1016618577789151  0.03065331940373358
  0.4734459478347423  -0.1817944348445089   -1.219329077775575    0.446762811269839 -0.08524563880776055   0.2194042151423538    2.134344707768645  -0.9817368376737575  -0.8578987108080276   0.1588655843955958
 -0.1480130831273948  0.04844010375743044   0.1517796470631096  -0.1024106995253924   0.2309887766645346  -0.3067594351334416  -0.9817368376737577    1.314237048958375   0.2418297963129631 -0.07434653791079142
  0.5404174325245537   -0.129771049070041 -0.08321790721747586   0.0416101516712972  -0.4947681898989985   0.1016618577789152  -0.8578987108080284   0.2418297963129633    49.56478277666182 -0.01305108320409888
 -0.4786877113934918   0.1783757347993172   0.6343072383233472  -0.2745116302956913 -0.09145179846270768  0.03065331940373368   0.1588655843955957  -0.0743465379107914 -0.01305108320409884    1.366866692929898

cov*(cov_.inverse()):
     1.000000000000001 -3.274290560906223e-17  2.046973701652632e-16  2.524022657546254e-16 -1.422473250300982e-16  3.089976191583688e-18  1.105886215935215e-17 -8.608565249534905e-17  1.024842103541923e-16 -8.500145032286355e-17
 7.840950111415168e-16     0.9999999999999996 -1.630640067418199e-16 -1.125835535908948e-15 -2.116362640691705e-16  3.014082039509702e-17  5.117434254131581e-17   7.37257477290143e-18 -1.050049804052211e-16 -2.081668171172169e-17
 5.368969158148218e-16 -2.393918396847994e-16     0.9999999999999993  2.246466901389965e-16  1.487525380650112e-16 -3.930232875259954e-17  8.370040771588094e-17 -2.829767670187167e-17  9.021917327795004e-17 -3.122502256758253e-17
 1.249000902703301e-16 -2.220446049250313e-16 -9.575673587391975e-16     0.9999999999999999  2.498001805406602e-16  1.587271980518778e-16  1.040834085586084e-16  1.908195823574488e-17 -3.729655473350135e-17  1.110223024625157e-16
 3.087807787238717e-16 -3.295974604355933e-17  2.151057110211241e-16  1.994931997373328e-16                      1  5.095750210681871e-17 -7.112366251504909e-17  1.405126015541214e-16  2.592327394412841e-16 -1.387778780781446e-17
 1.665334536937735e-16 -1.283695372222837e-16  1.387778780781446e-16 -4.336808689942018e-17  1.118896642005041e-16                      1 -7.112366251504909e-17  6.938893903907228e-17 -9.096456227153382e-17 -1.387778780781446e-17
 6.938893903907228e-18  -2.42861286636753e-17  1.249000902703301e-16                      0 -1.058181320345852e-16  3.035766082959412e-17     0.9999999999999994  3.642919299551295e-16  2.808083626737456e-16                      0
 6.591949208711867e-17 -4.033232081646076e-17   1.35308431126191e-16  3.035766082959412e-17  2.010110827788125e-16 -1.501620008892424e-16 -1.296705798292663e-16                      1    4.9439619065339e-17 -3.469446951953614e-18
 4.228388472693467e-18  -2.38524477946811e-18  -4.98732999343332e-18 -8.565197162635485e-18 -5.637851296924623e-18  3.794707603699266e-19 -1.187201378871627e-17  4.689174395999807e-18                      1  8.673617379884035e-19
                     0  2.775557561562891e-17 -1.110223024625157e-16  1.387778780781446e-16 -5.551115123125783e-17  5.551115123125783e-17 -2.775557561562891e-17  6.938893903907228e-18 -1.908195823574488e-17     0.9999999999999998
