12
1

0.04606106277374557
0.06102284130080227
 0.5184670824450973
 0.8729791585210769
   1.05585549067423
   1.17510925756957
  1.346049185059912
  1.479185561829887
  1.892710263472995
  3.206714768484774
  5.322862949547055
  8.836108411588283

   0.02509537128697498  -0.007342560021664425    -0.4687827348807665     0.1360714369661917     0.7704251511362263    -0.2274684162495794    -0.3261861287670824    0.09664787978135679   0.001961822485670637  -0.001096241404819314 -0.0001585279454675848  -0.001883583688982973
     0.389398126441951    -0.1154621975341641    -0.6821623266502043      0.202604470140324    -0.2130305128022083    0.06166447840173882     0.5045803673900859    -0.1575861130828747  -0.002830035851554598  -0.003148051273440252  -0.001107637599620821   0.002277098638956471
    -0.623671797480508     0.1319398673497703    0.01071921335454365     0.0229532609796165     0.2711200801929684   -0.07777249368403688     0.5849810524214758    -0.1714378445390093    -0.2516604142668184    0.03139348328126144    -0.2618258150258861    0.09467792509966223
    0.2008292418782226  -0.001403122561057826    0.04066144020701733   -0.07214067779524971    0.03763116848107425     0.1293102636965037   -0.03632339686907426     0.1387040694812161    -0.1936772485326799    -0.5677355087880539    -0.2889683537998037     0.6861307204288211
   -0.4663533367962199   -0.03604627881378229    -0.2296380907458237     0.3136603914865547    -0.3270574362403206    -0.2169005042733591    -0.1430704194252223     0.1664920643395532     0.5949916493465279    -0.1526299116614225    -0.1117227663594818     0.1952041498745619
    0.3205702978957737    0.02074614671111888     0.2738758596230194     0.2350853745838755   -0.01943893591801109    -0.6074526829244246     0.1495633951758631     0.1578139579314509   -0.01992619188312771     0.4697817691555669    -0.1343817016155762     0.3327606759774128
   -0.2410083506583213   -0.08027374064749876    -0.1041937131747536     0.3804252724623991    -0.2460627476096944    -0.1066766704864631    -0.2142768105833762    0.01864657571955153    -0.6265104627038252   -0.03206421220118898     0.4981455277331148     0.1414563861162724
    0.1772334022114608    0.05134593436053131     0.2890958864254419     0.4665401555366956    0.05753962605493996     -0.287117651258939    0.06064154608661854    -0.2413516999991381  -0.007514113206481678    -0.5601786329215698    -0.1220302318728565    -0.4339267602758966
   -0.0139398768044054   0.003372311493393218   -0.05022096644827081    -0.2304878359664311   -0.02504310571715816    -0.2094299633813939     0.3005007528524659      0.799523140432928    -0.0905782203365736    -0.2416396710244632     0.1524208364838029    -0.2833641510235308
   0.04013798819087348    0.09776699626345772      0.162020016317214     0.6037542417385221     0.1566416021604908     0.6049423993418837    0.08320133202435585     0.3895564180097701    0.03874615133960423     0.1939693486633815   -0.09596905661614268   -0.02359854733775834
  -0.07610984312106124    -0.6175816656480521   -0.07077831966159111 -0.0003214287677939501    -0.1488205295909658   -0.00337198173570225    -0.2086927097706136     0.1057249760985465    -0.2925840143889058     0.1220168159242213    -0.6115111386080734    -0.2376168864536745
   0.03308904706735061     0.7532712548500213    -0.2391076138704138   -0.03209133355792059    -0.2600528071955125   -0.04469084761265575    -0.2495454415705826    0.06167361437779935    -0.2384308705534432    0.08341925463548004    -0.3846745048590882    -0.1606281532155587

22.68697598970359
 76.3276364553729
39.06823103113166
131.2990461865251
46.40505599036091
155.9244058814974
55.06481283579877
185.0713883727057
65.84621616648111
221.6025471756971
77.71657293762529
261.3176874452885

3.363550515352467

   0.09812022818967438   -0.02918512150594357    0.01441488717571927  -0.002624139792850499   -0.01153651720136414   0.001435727189924628    -0.1019886940731101    0.02780326164429853 -0.0004568233397444531  -0.005439727224824074  -0.001872705768832268   0.001349757119952403

  4.73222921660594e-05 -8.214866652309004e-05   -0.03549781471479743    0.02475153856118371   -0.02801183460529725    0.02875058661388585   0.001759754064814069    0.01653463777541897   -0.03341433534446185    0.02383581482078047      1.013383590334608      0.637113947388107

cov:
  0.9610681044931483    3.378396767607199 0.005919596083428252   0.1196889624408893 -0.03378820873985516 -0.03602851354758394 -0.02057762199548826 -0.01648323143678991 0.000512303259302181  0.03644403751566353  0.01106321497873193 0.006747772531222164
   3.378396767607199    55.23106120106187   -12.59654868177035   -1.285555336681503   -12.46878029515823   -1.992104673050402   -10.86898237400042    2.140387541471107   -8.808306059673376    2.926235066560939   -12.11287014497477   -5.381398439598548
0.005919596083428252   -12.59654868177035    5.253138343877595     1.87617972148697    5.579728547534352    1.554804180417388    5.333364874482831  -0.9932206599852644    5.065733900989018   -1.584417669326461    8.017223810055349    3.283121020363892
  0.1196889624408893   -1.285555336681503     1.87617972148697    4.947828565507904    1.414236501443906    3.393403263719299   0.8142104257193719    1.470038823729918   0.6865897479276342   0.7302485544845385   0.3981085950680669   0.2857935517450618
-0.03378820873985516   -12.46878029515823    5.579728547534352    1.414236501443906    6.421181001906834    2.019246828473949    6.245780940822157   -1.254141243193303    6.183416609207132   -1.901305349760525    10.00017971258753    4.079504941473449
-0.03602851354758394   -1.992104673050402    1.554804180417388    3.393403263719299    2.019246828473949    4.853987295134043    1.079718568008478    1.590693808611465    1.153724472996347    1.029516729150378     0.78644443145849   0.6335468080711836
-0.02057762199548826   -10.86898237400042    5.333364874482831   0.8142104257193719    6.245780940822157    1.079718568008478    6.729827241880181  -0.6971782823823334    6.420173281419441   -2.360820220856628    10.93994458396325    4.130394280971514
-0.01648323143678991    2.140387541471107  -0.9932206599852644    1.470038823729918   -1.254141243193303    1.590693808611465  -0.6971782823823334    4.680188611444706   -2.048743390819722    1.159416621983964   -3.619196337593388   -1.980548636851477
0.000512303259302181   -8.808306059673376    5.065733900989018   0.6865897479276342    6.183416609207132    1.153724472996347    6.420173281419441   -2.048743390819722      8.0610142621934   -2.395610733724504    11.56914169855715     4.90177811618562
 0.03644403751566353    2.926235066560939   -1.584417669326461   0.7302485544845385   -1.901305349760525    1.029516729150378   -2.360820220856628    1.159416621983964   -2.395610733724504    2.826287654972456   -4.767553428357316   -1.259214746469019
 0.01106321497873193   -12.11287014497477    8.017223810055349   0.3981085950680669    10.00017971258753     0.78644443145849    10.93994458396325   -3.619196337593388    11.56914169855715   -4.767553428357316    22.92937453895316    8.809520797130396
0.006747772531222164   -5.381398439598548    3.283121020363892   0.2857935517450618    4.079504941473449   0.6335468080711836    4.130394280971514   -1.980548636851477     4.90177811618562   -1.259214746469019    8.809520797130396     4.91239382224561

cov.inverse():
    42.8326537243306   -12.43019514791813    -76.6952918346135     22.6374766163372   -13.61223525323663    3.916028918611338    47.66672870457219   -14.95824091132784  0.09051111554758468  -0.4314075468198953   0.3535245589871532   0.1201911242380799
  -12.43019514791807    3.698171704817122    22.80280502761824   -6.748903464567126    4.096798983304119   -1.162120449229859   -14.20827853967136    4.460579377684004  -0.0298021905435532   0.1178883371604704  -0.1075793492555943 -0.03350261539665275
  -76.69529183460317    22.80280502761534    228.6980690545399   -67.14917183809891   -131.1020037851935    38.87273220828951   -20.26264006363007    7.472532558719919 -0.02354181953631542   0.8481982337124819   0.1627245428925713 0.004434334128060428
   22.63747661633429     -6.7489034645663   -67.14917183809906    20.11706751345734    37.71684817786085   -11.45169813466302    6.525353421139438   -2.405607066135027 0.007756685154067903  -0.2474083040055816 -0.05644910599740265  0.01188425550676188
   -13.6122352532545    4.096798983309377   -131.1020037851574     37.7168481778502    292.3624788186688   -86.11047817754978   -146.6542536113313    43.88454466770119   0.5250793299144584  -0.1828432868549565  -0.3067746417161936  -0.7740511971963348
    3.91602891861659   -1.162120449231403    38.87273220827895    -11.4516981346599   -86.11047817754981    25.85471169355575    43.10629573477543    -12.9935892812994  -0.2786276183765193  -0.1161026775850428  0.07864701882460229   0.2082340931603298
   47.66672870458019   -14.20827853967374   -20.26264006365644    6.525353421147148    -146.654253611313    43.10629573477006    119.8852735933572   -36.53585427592443   -1.232523930917396  -0.1237778742607779  -0.7264966756890433   0.7320134370752825
  -14.95824091133032    4.460579377684734    7.472532558728116   -2.405607066137422    43.88454466769534   -12.99358928129767   -36.53585427592429    11.46946692575055   0.3953173388469902 0.006227702133220679   0.1683847930723209  -0.0663192754117236
 0.09051111554752732 -0.02980219054353658 -0.02354181953611595 0.007756685154009586   0.5250793299143037  -0.2786276183764737   -1.232523930917385   0.3953173388469879   0.8294800013585846  0.04637008972419941  0.09301061862566581  -0.2045062920656147
 -0.4314075468198685   0.1178883371604625   0.8481982337125457  -0.2474083040055996  -0.1828432868551716  -0.1161026775849793   -0.123777874260654 0.006227702133183186  0.04637008972419868   0.7751171824011178   0.1625824305018629  -0.2884932669848079
  0.3535245589871351  -0.1075793492555893   0.1627245428926233  -0.0564491059974179  -0.3067746417162235   0.0786470188246115  -0.7264966756890489   0.1683847930723229  0.09301061862566537   0.1625824305018622   0.5554495850346427  -0.3476891899029282
  0.1201911242381101 -0.03350261539666149  0.00443433412793451  0.01188425550679861   -0.774051197196219   0.2082340931602955   0.7320134370752646 -0.06631927541171866  -0.2045062920656147  -0.2884932669848081  -0.3476891899029296   0.8904120738652163

cov*(cov_.inverse()):
     1.000000000000009 -1.078827240215408e-14 -6.380634817162653e-14 -4.644938947362398e-15 -1.927694115444467e-13  5.163708002853262e-14   5.04795857891871e-14   9.12800651037271e-15  1.257240839214191e-15  -3.82506526452886e-16  1.032594149075194e-15 -6.010816844259637e-16
 7.882583474838611e-15     0.9999999999999976  2.478572902475662e-13 -3.848310559106949e-14 -2.984279490192421e-13  3.819167204710538e-14 -5.639932965095795e-14  -8.93729534823251e-15 -2.220446049250313e-16                      0  8.881784197001252e-16                      0
  1.77635683940025e-15 -1.861011345027919e-14      0.999999999999834  3.389649672058681e-14 -1.039168751049147e-13  8.215650382226158e-15  1.811883976188255e-13 -1.365574320288943e-14  9.992007221626409e-16  1.110223024625157e-16                      0                      0
 2.896988204881268e-14 -7.558190184830949e-15 -1.206066496672875e-14       1.00000000000003  6.131206653492427e-14  6.036837696399289e-15 -2.808864252301646e-14 -4.246603069191224e-15  5.065392549852277e-16 -1.110223024625157e-16  -3.33066907387547e-16 -1.110223024625157e-16
-2.153832667772804e-14  2.109423746787797e-15 -2.914335439641036e-14 -4.474892678629772e-14     0.9999999999998397  3.430589146091734e-14 -9.725553695716371e-14  2.509104035652854e-14  1.443289932012704e-15  2.220446049250313e-16                      0  4.440892098500626e-16
 1.097733015598124e-14  9.020562075079397e-16  3.474347545773249e-14  1.381186831572734e-14  2.337019466835955e-14     0.9999999999999911 -5.639932965095795e-14 -1.333655408330969e-14  5.551115123125783e-16  2.775557561562891e-17 -5.551115123125783e-16  1.110223024625157e-16
 2.386979502944087e-15  -2.00672811700997e-14 -9.756084828893563e-15  5.812711423303085e-14  4.058975378029572e-13 -6.428191312579656e-14     0.9999999999999187  4.618527782440651e-14  3.552713678800501e-15  2.220446049250313e-16  4.440892098500626e-16 -8.881784197001252e-16
-3.569367024169878e-14  8.770761894538737e-15  7.836960247420421e-14 -2.574329638349582e-15  4.840572387365683e-14  5.273559366969494e-15  1.931788062847772e-14     0.9999999999999987 -6.661338147750939e-16   3.33066907387547e-16  1.110223024625157e-16 -2.220446049250313e-16
 5.229150445984487e-14 -4.052314039881821e-15 -1.008186589768201e-13   4.20427581637739e-14  1.190159082398168e-13  3.819167204710538e-14   1.77635683940025e-14  -3.79141162909491e-14      1.000000000000002  2.220446049250313e-16 -8.881784197001252e-16                      0
-2.922662112325725e-14 -2.019218126037003e-15  2.311519031739095e-14 -1.967002949410102e-14  5.073719222536965e-14 -4.662936703425657e-15  6.328271240363392e-14 -3.122502256758253e-15 -4.996003610813204e-16                      1  5.551115123125783e-16                      0
 9.325873406851315e-14 -2.420286193682841e-14  2.187833247901949e-13  7.989442440958783e-14 -1.900701818158268e-13 -2.309263891220326e-14 -1.030286966852145e-13 -9.592326932761353e-14 -2.220446049250313e-16  4.440892098500626e-16     0.9999999999999996  8.881784197001252e-16
-4.440892098500626e-16  4.829470157119431e-15  6.467743007831928e-14 -1.609823385706477e-15   1.77635683940025e-15  4.640732242933154e-14 -4.440892098500626e-14  1.887379141862766e-15  1.332267629550188e-15  8.881784197001252e-16 -6.661338147750939e-16                      1
