10
1

0.2678553609687542
 0.931642215821048
0.9797391428258693
 1.210116348373713
 1.506862175271835
 1.749539571308079
 2.190657334554513
 2.407248555232326
 6.078227935487903
 8.647158694044155

   -0.4712559288056418     0.1982000388828589     0.7681457737299343    -0.3331516012433778    -0.1002453176352325    0.04296193608018048   -0.08051467406197543    0.05073945140572579     -0.120788553107102    0.04533038884309012
     0.784475445843473   -0.04752091854135947     0.4378310095015989   -0.07019360040585032    -0.3218454296772075     0.1818436266132603    -0.0852345375067011    -0.1159630614620343     0.1619767485868925   -0.04600535312509578
   -0.1370891570229747   0.004548846363166927    -0.1039572578056378    0.01773372477577785     -0.300554673450588     0.3379287313092852     0.3807538237314416     -0.648169412902953    -0.1684828223848088     0.4147912870992921
    0.3318337532533855    0.06857316522323359     0.1974506676461257  -0.007617164208889973     0.4340122781718427     -0.396542026489923     0.3619068252759315   -0.00246479301130251    -0.5618992116005904     0.2319778181392504
   -0.0267668448809154   -0.01796374130215057   -0.03388330065549623 -0.0007903287859688813    -0.3845377725819212     0.1455877270895016     0.6541605399929332     0.4214373922133772    -0.1889479077756195    -0.4330245408946868
   0.07719970979579474     0.0756667021335815    0.00451391829847547    0.02457237119065013     0.3327249411886512     0.6602033027473284    0.06277495208164928     0.4799668618619239    0.07093353052288888     0.4491946591590185
   -0.1475991108198393    -0.3632873702649616     0.4026757486605002     0.6997096792159724     0.2649500190816734    0.09172381457654233      0.172100395074854    -0.1509098454880755      0.178527068857921    -0.1778183983910002
    0.0540521724478693     0.1627737089134433   -0.07005905018645028   -0.09163815698296947     0.3271200380220505     0.4717382361507236    -0.2204092312013577    -0.2864308453665385    -0.4248440558653713    -0.5626876994474992
   -0.0448772886909462    -0.7170287174421979   -0.01520870041871432  -0.006850853427787079    -0.2329000141267961    0.06885010303370603     -0.339664490258232     0.1741752914465244    -0.5086400434285402     0.1420252210769747
   0.01454931558154262     0.5244847135410471   0.002532321626292931     0.6205383272804867    -0.3429912431138101   -0.02984988708444256    -0.2913159600683021     0.1439350776758399    -0.3213168458329604     0.1107657672621398

22.65273685067118
46.02168046547182
50.42630393654988
106.0151161143241
 72.8863107918183
154.9377705838155
86.90664697672926
185.2729145490288
102.7651493013194
220.0510510756902

2.156354225872405

   0.07644042794789019   -0.03547850725812511   -0.07585051759983011    0.03522316584058661 -0.0004266243555859632  0.0003979810961955584 -0.0002555603846884581  9.241203463199784e-05 -0.0002453936320992367 -0.0002584662116525113

-0.008103816780904643   0.02270779784698046 -0.002007171941689563   0.01073368175375991  0.003146047331889761   0.01149478309318931  -0.02122649392486957  0.004466468336843968    0.8585511111567571    0.3321347477757293

cov:
    0.960945756131298     2.080357671811217    0.1056978967572296    0.1254071920373636   0.06448728583499182  -0.03147652353966782    0.1008156249771014  -0.02379326560854848    0.1259742405618866 -0.007519277967741857
    2.080357671811217     40.38027053137265   -0.2512484088806483     23.21430885813686     -7.28810441850186    -2.607722252299576    -2.906499064937811     1.120099548810364    0.1195009197228112    0.5102352599934249
   0.1056978967572296   -0.2512484088806483     1.094463607765548     1.462086476791158    0.5069440273192329    -0.137590659631783    0.5381044153196808   -0.2490473148912561    0.6671827660434626   -0.1237884739494008
   0.1254071920373636     23.21430885813686     1.462086476791158     31.20723434507422    -15.10202768685444    -1.297496303935266    -12.72296422832548     6.310018554773339    -13.95310490762094     4.846018200365267
  0.06448728583499182     -7.28810441850186    0.5069440273192329    -15.10202768685444      12.8853062648727     1.328617700001249     9.832218936298341    -5.586673764674718     11.92324199177545    -4.479684252610711
 -0.03147652353966782    -2.607722252299576    -0.137590659631783    -1.297496303935266     1.328617700001249     3.322686298567004   -0.4977895387117065    0.1546273524818572    -1.281713764509824    -0.745118678325226
   0.1008156249771014    -2.906499064937811    0.5381044153196808    -12.72296422832548     9.832218936298341   -0.4977895387117065     12.35314807339255    -4.591492387435403     13.43438495661606    -3.902407855573464
 -0.02379326560854848     1.120099548810364   -0.2490473148912561     6.310018554773339    -5.586673764674718    0.1546273524818572    -4.591492387435403     4.778169775646797    -6.141828618409445     3.160209358068439
   0.1259742405618866    0.1195009197228112    0.6671827660434626    -13.95310490762094     11.92324199177545    -1.281713764509824     13.43438495661606    -6.141828618409445     19.08687679054866    -4.078710692054359
-0.007519277967741857    0.5102352599934249   -0.1237884739494008     4.846018200365267    -4.479684252610711    -0.745118678325226    -3.902407855573464     3.160209358068439    -4.078710692054359     4.938428440587186

cov.inverse():
    3.906533101773812     -1.31412290388972    -4.602645173480965     2.098937420881877    0.5168728885999552   -0.2395306932576963    0.4663214348854173   -0.3371487730525993    0.8316309524932646   -0.3294954037905813
   -1.314122903889713    0.6050441251385199     2.075030225086176   -0.9672058893427594   -0.2378944321009423    0.1116893556268105   -0.2172979750633047    0.1528683834781583   -0.3842399762609159    0.1507789043951473
   -4.602645173480938     2.075030225086175     8.517960818428209    -3.545314720963914    -1.119955777729065    0.4623948532601356   -0.8898888188590989    0.5397576950532821       -1.245779872575    0.4474260515725786
    2.098937420881871   -0.9672058893427584    -3.545314720963908     1.661836461526202     0.517162078193089   -0.1949894857565836    0.4124112135201332   -0.2507951902539672    0.5783981267342189   -0.2126912655968692
   0.5168728885999502   -0.2378944321009407    -1.119955777729058    0.5171620781930869    0.6195729572252049   -0.2722867605738131    0.0287212434895665    0.1288693839486315   0.02518817875659042  -0.02822304456900355
  -0.2395306932576933    0.1116893556268097    0.4623948532601328   -0.1949894857565825   -0.2722867605738129    0.4822012437904424    0.0102865563995549   -0.1168216888421193   0.02564237443759197    0.1208526986931923
   0.4663214348854168   -0.2172979750633045   -0.8898888188590969    0.4124112135201329   0.02872124348956569   0.01028655639955548    0.5477591030291038   -0.1686891317201372   -0.1105456667738016   0.07325907052512111
  -0.3371487730526009    0.1528683834781591    0.5397576950532852   -0.2507951902539686    0.1288693839486309   -0.1168216888421192   -0.1686891317201367    0.6625436706275193 -0.003926084808762092   -0.2179227394197976
   0.8316309524932639   -0.3842399762609165    -1.245779872575003    0.5783981267342205   0.02518817875659264   0.02564237443759081   -0.1105456667738019   -0.0039260848087611    0.5422993375427582   -0.1680693002380831
  -0.3294954037905804    0.1507789043951472     0.447426051572579   -0.2126912655968692  -0.02822304456900405    0.1208526986931927   0.07325907052512085   -0.2179227394197978   -0.1680693002380826    0.4575065031547474

cov*(cov_.inverse()):
     0.999999999999996 -5.379377499004079e-15 -1.953949155253376e-14  2.619215608290482e-15  1.296461852803854e-15 -1.147519579358658e-15  8.998878031629687e-17 -1.732555071631836e-16  1.891932790987205e-15 -6.552917930502389e-16
-3.858025010572419e-15      1.000000000000001 -5.523359547510154e-15  3.760880495917718e-15  2.949029909160572e-17 -2.012279232133096e-16 -4.163336342344337e-16 -2.220446049250313e-16  1.332267629550188e-15 -1.942890293094024e-16
 6.869504964868156e-16 -5.273559366969494e-16     0.9999999999999994 -4.069661274641589e-15 -1.236424157502469e-15  1.422473250300982e-16 -1.523087211907637e-15 -1.040834085586084e-16  4.336808689942018e-16 -5.689893001203927e-16
  8.43769498715119e-15  5.551115123125783e-16 -8.881784197001252e-16      1.000000000000002 -1.693090112553364e-15  6.661338147750939e-16  1.110223024625157e-15 -2.220446049250313e-16 -1.443289932012704e-15  -1.77635683940025e-15
 6.883382752675971e-15 -1.110223024625157e-16 -7.993605777301127e-15 -3.108624468950438e-15      0.999999999999999                      0 -7.771561172376096e-16 -4.440892098500626e-16  -3.33066907387547e-16  -1.77635683940025e-15
-9.159339953157541e-16 -5.689893001203927e-16 -5.551115123125783e-16  7.771561172376096e-16  2.081668171172169e-17                      1  2.081668171172169e-17  1.110223024625157e-16  1.387778780781446e-16  5.551115123125783e-17
 8.215650382226158e-15 -1.221245327087672e-15  -1.06581410364015e-14  -3.33066907387547e-16 -1.804112415015879e-16  3.885780586188048e-16     0.9999999999999996 -1.665334536937735e-15  1.665334536937735e-15 -6.661338147750939e-16
 -5.10702591327572e-15 -1.221245327087672e-15 -1.332267629550188e-15  6.661338147750939e-16 -2.498001805406602e-16  2.220446049250313e-16  4.440892098500626e-16                      1 -9.992007221626409e-16  2.220446049250313e-16
 1.221245327087672e-14  5.551115123125783e-16 -4.440892098500626e-16 -8.548717289613705e-15   1.27675647831893e-15  1.110223024625157e-16 -4.329869796038111e-15                      0      1.000000000000002 -1.998401444325282e-15
-4.218847493575595e-15                      0  2.664535259100376e-15  1.110223024625157e-15 -1.387778780781446e-16                      0  1.665334536937735e-16  4.440892098500626e-16 -2.220446049250313e-16     0.9999999999999998
