10
1

0.7479526938490781
0.7801925072989736
0.8910453102329196
 1.022869556594125
 1.152426309432119
 1.406965213093647
 1.764520639712303
 2.100224165529386
 5.121547039169879
 6.905926053992332

  0.03640500104494455  0.006715215673723606   0.06562317630698732   -0.9123141148963407   -0.1885503566657058    0.3187263600830483  -0.04989004642707893   -0.1485747726186426   0.01666732846184654   0.00520836153463484
   0.7565932984888749   -0.1140757016439687   -0.3177782298567629    0.2111760928731434    -0.300656689843062    0.3315161903338736   0.03671746180639608   -0.1645148380462542    0.1484908957120227     -0.13496180850513
  -0.5220325796813332   0.03323879666859343  -0.04237319440744542    0.2919254013570053   -0.3551036130083205    0.5472021878296948    0.1886162605222591   -0.3844956413266801    -0.112894886211499    0.1329442852590728
   0.1708039248622072   0.01117151204738705   -0.2090826823181305   -0.1295758493478727    0.1394165249254674    -0.168074894979902     0.720321255520423   -0.0855645158672097   -0.5334152503420055    0.2275824756398048
  -0.2236564688688278  -0.03022039245110546   -0.3219248559425902  -0.05319486074012742  -0.05863702371379412    0.2033628032417124    0.1870541290792971    0.5374116015142349   -0.1342568163979989   -0.6752622498267139
   0.2300449952235359    0.0941263739374302    0.7250431232240898     0.118606466422311    -0.150476911772786   0.09060522664896285  -0.05487840986763599  -0.01238309960489351   -0.5130895100299567   -0.3180975747931358
  -0.1246640534861981   -0.1137021280462524    -0.223520064694679  -0.05729941073667591  -0.07274891312296944    -0.453798052975199   -0.1436090180823638   -0.6468130928098078   -0.1216817800279479   -0.5032534134152131
  0.05244794294071933    0.0716883986518202   -0.2266545311707246   0.02857027860823809    0.6854297332145628    0.4127628365422716   -0.3881183535426739   -0.1535645804122849   -0.3541609071011922 -0.009299796902361138
 -0.02789408543529824     -0.28963623992336   -0.2709737568085439 -0.008743234155468118   -0.4301003421745564   -0.1478326072119407    -0.464172132852594    0.2532182379082691   -0.5042118376614468    0.3180942332711723
  0.05036221536723055    0.9348702699286854   -0.2124055639628561 -0.002039202711997882   -0.2057779022623007   -0.1144773756625958   -0.1304145082216066   0.02586341884687789  -0.06814580268002832   0.02430263990983474

 22.6810903127379
54.11846012056101
64.37357511663345
158.1525605423737
74.56829208724005
184.0491036937675
88.27639721821456
219.2491958592954
104.6442002176277
260.7076404115394

2.495590582681303

   0.0400633140691297  -0.01615066962479384 -0.007737720252067102  0.003837563404642182  -0.01221721840210004  0.002088903153786725  -0.00876481671151658  0.005441322396714429 -0.008257516930533133  0.005809907648031376

-9.397061095222495e-05    0.02225513562080658   -0.01314985271657003   0.004892936997764994  -0.008731073962968095    0.01459159052280387   -0.01833084255085045   0.003227396767470476     0.5777772475500929     -0.342560349469115

cov:
   0.9691612795807618     2.505728713740456  -0.01660056472646709   0.03468481029404302  -0.01406825566089174  -0.01197976383301326  -0.02177561735085902 -0.007608070935612146  -0.00304589036171464 -0.001944978447562616
    2.505728713740456     43.97286715911373    -7.237367404115936   0.01715757368008823    -5.677934107152144    -3.690384349202828    -2.367156031868155   -0.6143549791074245     0.613697338362499    -1.174475969960253
 -0.01660056472646709    -7.237367404115936     5.749131510500607    0.2312725217300886     4.348702099232151     2.122587429442112     4.776675563185062    -1.647647882178286     4.126225006373731    -2.343385203222837
  0.03468481029404302   0.01715757368008823    0.2312725217300886    0.6256311895955269    0.1431997963761864    0.2144771428276293   0.04598993970961306  -0.02825574273954237   0.04508580568405222  -0.03373048983871638
 -0.01406825566089174    -5.677934107152144     4.348702099232151    0.1431997963761864     9.205279132843241     3.826086678487475      5.42780952293025    -3.324775732348292     5.402288878086121    -3.574050431434793
 -0.01197976383301326    -3.690384349202828     2.122587429442112    0.2144771428276293     3.826086678487475     3.053133811001768     2.002667806838814   -0.5575696812714349     1.803743552016147   -0.9200282956219897
 -0.02177561735085902    -2.367156031868155     4.776675563185062   0.04598993970961306      5.42780952293025     2.002667806838814     7.817011151926805    -2.678519070179366     6.829849290218128    -3.728053379600846
-0.007608070935612146   -0.6143549791074245    -1.647647882178286  -0.02825574273954237    -3.324775732348292   -0.5575696812714349    -2.678519070179366     3.658120952897975    -2.965355341656965     2.640506333554943
 -0.00304589036171464     0.613697338362499     4.126225006373731   0.04508580568405222     5.402288878086121     1.803743552016147     6.829849290218128    -2.965355341656965      8.35581008758845    -3.788368331536948
-0.001944978447562616    -1.174475969960253    -2.343385203222837  -0.03373048983871638    -3.574050431434793   -0.9200282956219897    -3.728053379600846     2.640506333554943    -3.788368331536948     4.356382060938864

cov.inverse():
      1.38400686662016     -0.138658028192099    -0.2521993986695522    0.01540316472993471    -0.1260431398533692    0.04497432702121371 -0.0004176209470790747   -0.04342778750798982     0.1369097528704644    -0.1211939889920568
   -0.1386580281920991    0.05497466820944724      0.101443804120417   -0.03022602222586038    0.04939601893058191   -0.01483983994334784   0.002747287326153525    0.01805611374974992   -0.05647292157115905    0.04878232015781016
   -0.2521993986695519     0.1014438041204169     0.5926722889289829    -0.1478687776520973    0.06039491006210752    -0.1340034662284266     -0.208847281944189    0.02286931295540335   -0.08588212968831596    0.09887987787698778
   0.01540316472993475   -0.03022602222586037    -0.1478687776520973      1.694912239304904    0.05460988011922596    -0.1743865589762969    0.06374874439050097    0.04299894856763868    0.02363893350195169   -0.01753805162288921
   -0.1260431398533692     0.0493960189305819    0.06039491006210759    0.05460988011922591     0.5196308290312032     -0.476509443898301   -0.04256519576202761     0.2561009208202267   -0.09824663971374008     0.0947594976988633
   0.04497432702121373   -0.01483983994334785    -0.1340034662284268    -0.1743865589762968     -0.476509443898301      0.907437328581237    0.01952598485517115    -0.2653601216475322    0.04180692615817631   -0.06280146585481694
-0.0004176209470789962   0.002747287326153526    -0.2088472819441891    0.06374874439050097    -0.0425651957620278    0.01952598485517129     0.6246046825151558   -0.03209557836474485    -0.3453911541654676     0.1117073795139687
  -0.04342778750798976    0.01805611374974992    0.02286931295540332    0.04299894856763872     0.2561009208202269    -0.2653601216475323    -0.0320955783647448     0.6368385130357306     0.0353223723525313    -0.2112012238464308
    0.1369097528704645   -0.05647292157115905   -0.08588212968831599    0.02363893350195172   -0.09824663971373981    0.04180692615817607    -0.3453911541654677    0.03532237235253139     0.5142675508276221  -0.002723121115101557
   -0.1211939889920569    0.04878232015781017    0.09887987787698781   -0.01753805162288921    0.09475949769886319   -0.06280146585481686     0.1117073795139688    -0.2112012238464309  -0.002723121115101633     0.5814203480060339

cov*(cov_.inverse()):
                     1  4.972422213561645e-17 -2.983182277593865e-16 -2.075569533951938e-17 -8.551644635479416e-17  6.388661301370835e-17 -2.710505431213761e-18  -1.01643953670516e-16 -9.511163558129088e-17  8.933825901280557e-17
 8.326672684688674e-17                      1 -4.024558464266192e-16  2.116362640691705e-16  2.359223927328458e-16 -2.498001805406602e-16 -1.387778780781446e-16                      0  7.459310946700271e-17 -1.110223024625157e-16
-1.665334536937735e-16  6.938893903907228e-17                      1  2.775557561562891e-17   3.33066907387547e-16 -2.775557561562891e-16 -2.775557561562891e-16  2.775557561562891e-16  1.769417945496343e-16                      0
 1.387778780781446e-17  1.951563910473908e-18 -4.423544863740858e-17                      1  2.732189474663471e-17 -2.168404344971009e-17  2.298508605669269e-17 -8.673617379884035e-18 -7.630072788866737e-18  6.938893903907228e-18
 5.551115123125783e-17  2.775557561562891e-17  2.220446049250313e-16                      0                      1  1.387778780781446e-16                      0 -2.220446049250313e-16 -2.463307335887066e-16  4.440892098500626e-16
-2.775557561562891e-17  4.163336342344337e-17  8.326672684688674e-17 -1.595945597898663e-16 -2.498001805406602e-16     0.9999999999999999  1.110223024625157e-16 -5.551115123125783e-17  1.222980050563649e-16                      0
 4.996003610813204e-16                      0 -6.106226635438361e-16  1.804112415015879e-16  4.440892098500626e-16  8.326672684688674e-17                      1  -3.33066907387547e-16  5.533767888366015e-16  4.440892098500626e-16
-5.551115123125783e-17 -5.551115123125783e-17                      0  7.632783294297951e-17  3.885780586188048e-16 -2.498001805406602e-16 -1.665334536937735e-16                      1  1.040834085586084e-17 -4.440892098500626e-16
  3.33066907387547e-16 -5.551115123125783e-17  5.551115123125783e-17  1.249000902703301e-16  4.440892098500626e-16 -3.608224830031759e-16  2.220446049250313e-16 -5.551115123125783e-16                      1                      0
                     0 -2.775557561562891e-17  1.110223024625157e-16  1.110223024625157e-16 -1.665334536937735e-16  1.110223024625157e-16  1.110223024625157e-16                      0 -8.673617379884035e-17                      1
