10
1

0.1210602788437863
0.7709535224121922
 0.839528298398375
0.9961007870186086
 1.379848038867615
 1.486520313277751
 1.944394449889062
 2.422699671100168
 4.405236668561974
 8.330637590394085

    0.560756875669199   -0.2620311445673487   -0.7063636597744228    0.3306298652378116   0.03977830138103778  -0.02326700827705526   0.05103801900039494  -0.01416567572835247   0.04913318973143894  -0.03581054326476638
  -0.1487356525356215   0.03704739574858784  -0.09044459969801029   0.02987658812613175    0.1781380979025072   -0.9485668602891557  -0.03425035054105586    0.1601017989175353  -0.08051189892425729   0.05130546988482314
  -0.5988054700586609   0.06557372591281804   -0.4519000131489027   0.07095940379310929    0.3012199768144862     0.160419814106073    0.3058301497810357   -0.3335003135182433    -0.167981177420084    0.2800768284557723
    0.427310381582268   0.02082113984675247    0.3572423380888473  -0.01792020695204984   0.07384871503933867   -0.1876957013397353    0.4140623886351795   -0.6319181532262822  -0.07479177473170671     0.268297900375737
  -0.2517065452473271   -0.1178757621271228   -0.1637801347952256  -0.05742311452224021   -0.6997957766394308   -0.1917464038445082    0.1441912638481055   -0.3863900043355443    0.2040885285602671   -0.3929458960817792
  0.04111106624622485    0.0277464257633913   0.04696481197799838   0.02099060485829057    0.2712478456707773   0.03070305721575649   0.04762030795009058   -0.1285260281543597   -0.6095189986474915   -0.7280629108634368
 -0.06233234984885499  -0.09460770201761956   0.02584449843563708   0.02303047639876035    0.4086238126144406  -0.02648418997729562   -0.5982388473768749   -0.4916344489904395    0.4354398265881056   -0.1705546682456433
   0.2277002760023386    0.5288139382933958   -0.3614970687945131   -0.6866588954147883  -0.06576439310931095  -0.01445661801914458   -0.1928079194670642     -0.10823218164163   -0.0995885376249331   0.05465261742881742
 -0.03138243660758374   -0.2962647833750949   0.01131014270616244   0.08172386573112329    -0.323090576084799 -0.009622169431031578   -0.5380254963207616   -0.1923352992172815    -0.586847962894423    0.3593058184573466
  0.02243611663074431    0.7308909333327064   0.02299630918792468    0.6340246521955515   -0.1775443012180558  0.001735353049631029   -0.1537772109135889  -0.08600033055313812  -0.01450827703921595 8.071647103605358e-05

22.67365712020429
44.83490337132237
35.56002858047412
72.04296484659471
64.57056047778869
133.3327344200285
74.52121426311795
154.7515678587221
104.6966897764221
219.4659192720081

2.108866363192777

   0.1352123163611861  -0.06419945915672234   -0.1281691263157379   0.06066606063192442 -0.002203597964757421  0.001173949179573034 -0.002690431719422627 0.0007056137419685926 -0.002449093812473433  0.001627869853750707

 0.002972074917338593 -0.006006048981970256  -0.01664577290863937  0.008179125871807075   -0.0179763373045288 -0.003185373607997736  -0.01997186955616769   0.01418868145300477    0.4331370391723557   -0.5267993617984408

cov:
     0.94906810759351     2.082247481597125  -0.03317164326861757  0.006264068883169317  -0.01509250973741347   0.02654658506841415  -0.04332736295912408  -0.01350848752348868 -0.007380301539123287  0.007435417814650803
    2.082247481597125     40.48530478740476 -0.003000111924591552     29.56702094255022    -7.305480348979136    0.1356011833434606    -5.098993736677651    -3.362573164331069     2.078779517473419    -1.767736404794306
 -0.03317164326861757 -0.003000111924591552     1.147412688679593      2.47510275597132 -0.008177901722652212   0.02533163625828327  -0.00220862144510116  -0.01693522442677106  0.005807598486176387 -0.003150917052933139
 0.006264068883169317     29.56702094255022      2.47510275597132     30.81004994932773    -7.917700421089225    0.1338474763711122    -6.900623737890776    -3.662115294581727      -1.1886458365662    0.3574375596833131
 -0.01509250973741347    -7.305480348979136 -0.008177901722652212    -7.917700421089225     6.053256732060187    0.1973559266520896     4.346463941303563      1.88547251653865     3.882495675925187    -2.366698918565648
  0.02654658506841415    0.1356011833434606   0.02533163625828327    0.1338474763711122    0.1973559266520896    0.6658727438166006   0.08555391118260607    0.2060288213087604 -0.002865629373853681 -0.007795234629211141
 -0.04332736295912408    -5.098993736677651  -0.00220862144510116    -6.900623737890776     4.346463941303563   0.08555391118260607     9.111262548944399     3.706029388913244     5.336582380118788    -3.443429650551011
 -0.01350848752348868    -3.362573164331069  -0.01693522442677106    -3.662115294581727      1.88547251653865    0.2060288213087604     3.706029388913244     3.024334145460503      1.63257197406294   -0.7925985692459201
-0.007380301539123287     2.078779517473419  0.005807598486176387      -1.1886458365662     3.882495675925187 -0.002865629373853681     5.336582380118788      1.63257197406294      8.40252620008031    -3.632363683769193
 0.007435417814650803    -1.767736404794306 -0.003150917052933139    0.3574375596833131    -2.366698918565648 -0.007795234629211141    -3.443429650551011   -0.7925985692459201    -3.632363683769193     4.226461056969013

cov.inverse():
    22.22980907923277    -10.04304477583085    -26.45862721533631     12.55622041167231     1.342055860948333   -0.8441934717606844     1.864918785480614   -0.5179969576048992     1.962185510425138    -1.462687475651797
   -10.04304477583085     4.763648096025753     12.56665868133873    -5.956522670254932   -0.6368861758512171     0.379640597499911   -0.8816497761737921    0.2458521413897707   -0.9320326797154094    0.6940446773105292
   -26.45862721533625     12.56665868133872     34.51467292994181    -15.94395470135726      -2.0383097828112     1.113171400465362    -2.505673731961056    0.6783694484218954     -2.29681914353262     1.649201278066826
    12.55622041167232     -5.95652267025493    -15.94395470135726     7.556512238513394    0.9662271484867337   -0.5454632365490077     1.184352506798951   -0.3151894623499537     1.088589660334583   -0.7829377674583862
    1.342055860948336   -0.6368861758512178    -2.038309782811202    0.9662271484867347     0.636824211837917   -0.2211564326846402    0.1894868085777631   -0.1022916434367022  -0.05997446949754657   0.08787313028838359
  -0.8441934717606855    0.3796405974999118     1.113171400465365    -0.545463236549009   -0.2211564326846403     1.642758538604656  -0.04401538210012381    -0.148458674088936 -0.005134811718542653    0.0183059737408566
      1.8649187854806   -0.8816497761737863    -2.505673731961043     1.184352506798944    0.1894868085777622  -0.04401538210012308    0.6134115881900347   -0.4121351241313662   0.02463577397720916   0.07561055129965208
  -0.5179969576048873    0.2458521413897649    0.6783694484218803   -0.3151894623499463   -0.1022916434367011   -0.1484586740889367   -0.4121351241313652    0.7709051052832371  0.003021308706025136   -0.1152654606404049
    1.962185510425144   -0.9320326797154116    -2.296819143532627     1.088589660334586  -0.05997446949754651 -0.005134811718542636    0.0246357739772108  0.003021308706023935    0.4808924513562955  -0.08671479622483057
   -1.462687475651798    0.6940446773105291     1.649201278066827   -0.7829377674583862   0.08787313028838364   0.01830597374085652   0.07561055129965134   -0.1152654606404042  -0.08671479622483029    0.6116096189948403

cov*(cov_.inverse()):
     0.999999999999995  3.120767533282276e-15 -4.230470140864639e-14 -1.650936332087127e-14 -2.139781407617392e-15 -3.057992227495365e-16    6.6418225086462e-16  4.466912950640278e-16  -1.48991062542958e-15  9.983333604246525e-16
-5.195843755245733e-14      1.000000000000012  -5.10702591327572e-14 -1.598721155460225e-14 -3.913536161803677e-15 -1.790234627208065e-15 -1.110223024625157e-16  2.220446049250313e-16 -7.299716386910404e-15  6.661338147750939e-16
 3.272555837430247e-15  3.599551212651875e-15      0.999999999999999  6.236330896136622e-16 -1.406210217713699e-16 -1.328418711837864e-16  2.415331389754583e-16  1.680513367352532e-17  2.829767670187167e-16  -4.98732999343332e-18
-8.781864124784988e-14 -3.122502256758253e-14  2.431388423929093e-14     0.9999999999999879 -4.114764085016986e-15  1.220377965349684e-15 -2.546574062733953e-15  8.881784197001252e-16 -8.049116928532385e-16  -9.71445146547012e-16
 1.021405182655144e-14  3.774758283725532e-15 -2.664535259100376e-15  5.773159728050814e-15      1.000000000000001 -4.232725281383409e-16  1.443289932012704e-15 -6.661338147750939e-16   1.77635683940025e-15  8.881784197001252e-16
 3.764349942869671e-16 -7.546047120499111e-17 -1.929012505286209e-15 -1.682681771697503e-16 -1.040834085586084e-17                      1  7.383416794626285e-17  3.089976191583688e-17  6.722053469410127e-18                      0
 4.440892098500626e-15   1.06581410364015e-14  3.552713678800501e-15 -5.329070518200751e-15  -3.33066907387547e-16  8.326672684688674e-17                      1 -4.440892098500626e-16 -7.216449660063518e-16  1.332267629550188e-15
 8.881784197001252e-15 -1.221245327087672e-15 -7.771561172376096e-15  2.886579864025407e-15  8.049116928532385e-16 -4.475586568020162e-16  1.575128916186941e-15     0.9999999999999998  4.163336342344337e-16 -1.665334536937735e-16
-8.881784197001252e-16 -4.440892098500626e-16  9.769962616701378e-15                      0 -5.551115123125783e-16 -1.387778780781446e-16 -1.665334536937735e-16                      0                      1  4.440892098500626e-16
 7.993605777301127e-15 -3.996802888650564e-15 -7.105427357601002e-15  3.996802888650564e-15   3.33066907387547e-16 -1.249000902703301e-16  6.661338147750939e-16  5.551115123125783e-17  4.996003610813204e-16     0.9999999999999996
