10
1

0.1112330142755571
0.6220606461932329
0.7669763783733852
0.9560378456466523
 1.046185664912914
 1.214830285181326
 1.815368291646038
 2.167191378199401
 2.915674945433656
 6.449159088298695

  -0.5349217000689886    0.3010271485412804    0.6834552806370039   -0.3803756151358912  -0.08156819997541769    0.0482277257527975  -0.02817730210271353   0.01249724723934059  -0.03096340973657355    0.0235911498747998
  -0.2773895887286032   0.09699554111120838   -0.1292685677143441   0.04253178866053049    0.8698253634001301   -0.2756060063942653  -0.06148114766254952   0.00221827916899851   -0.1862527365039517    0.1552346537136213
  -0.0147962803434806    0.0114433467708839  -0.02347820172668807 0.0008911905357338961    -0.102213626324293   0.01795988055473924    0.5508170032964848   -0.6552715749282798    -0.436401034071853    0.2551506348050008
   0.7431645754621684   0.01383732252753535    0.5811899336024839  -0.05619135164264072    0.3119225048065074  -0.01124742106883068  -0.02542413067733778  -0.08376708365689089  -0.03839489557546271 -0.004012872577324581
  0.07646016697516926 -0.008528048248648017   0.02757042681381475   0.01828686828895719   -0.1136075284329208  0.002900445256424721   0.02881252278963676    0.3343692503935478   0.09826701860404731    0.9261652823064507
 -0.05316969969868118  -0.01413985774500461  -0.03130315243687114  -0.02731120216688873   0.04275727685896195  0.002201888772549491      -0.4168480230763   -0.6637547297221096    0.5816673829656901    0.2018530785616371
  -0.0872377629959863   -0.1586503624688752  -0.01053846425093102  -0.03159651761650056    0.3321376185108476    0.8273623383736152    0.3172709081936445   0.05944063361080343     0.258607970333833  -0.01393911841980306
   0.2546967794561236    0.5250980494574797   -0.4162951368400554   -0.6486981586730881   0.01035863869497511    0.1814434607988221   -0.1309416359178732 0.0009381340487531864   -0.1201209203774894   0.02619138181062027
 -0.05025072918660387   -0.2001109415801658   0.04084756579272202    0.1473230142045864  -0.05110081696664096    0.4157881450537452   -0.6316215730616833  -0.08574491202594564   -0.5844762051468145    0.1032296962633953
  0.02687169672429035     0.747286523353636   0.03200487915109418    0.6369891312432596  -0.03519010892444955    0.1758497740347747 -0.005963389571667059  -0.01348113646915245   0.03896474419545315  -0.01281628563892422

22.70223446286579
33.74212991624998
35.54315420881027
56.43259516697751
67.67277767066365
113.1463914360156
90.64721601645617
154.2388177109714
106.5821604724074
183.5338964497125

1.76498006713747

    0.1212321159207613   -0.06865720600319322    -0.1173680821146412    0.06617802098504662  -0.002848457977327689    0.00161338196054784 -0.0008428152885985964  0.0003726505636768379 -0.0007835548280619855   0.000838329647883387

-0.002357301259954909 -0.009633314416119046 0.0002368680207747903   0.01492017161382687  0.009803782447005017 -0.005769385114287561 -0.002005156739972628  0.005851571055316446    0.1229580779370892   -0.3871303607570527

cov:
  0.9300737812830018    1.591727376801822 -0.06754022434052417  -0.1544761568642511 0.006479953571868197  0.01963895787052317  0.03514770619633468  0.03414448226946884  0.03568449152480801  0.01681855746409988
   1.591727376801822    24.95010198635438 -0.09063973765714455     17.9641119150461   -1.119148071228723    4.762881215515834   0.4097393004744083  -0.2965134499302942    1.750312548640834  -0.5073470110587853
-0.06754022434052417 -0.09063973765714455    1.194685634451551    2.135130493961088   0.0211291254894245 0.002923664028682486  0.01958214421600748 -0.04631852307921434  0.04556831577439545 -0.02653777660257291
 -0.1544761568642511     17.9641119150461    2.135130493961088    19.04709360882351   -1.067822792495632    4.536432095275959  -0.5650405464688653  -0.4362153633656636   0.6166979225518759   -0.275422984673402
0.006479953571868197   -1.119148071228723   0.0211291254894245   -1.067822792495632   0.8425126912258157   0.3791180948218664   0.5331032288213249  0.05487935100807687   0.4512192342793447  -0.1067549930428018
 0.01963895787052317    4.762881215515834 0.002923664028682486    4.536432095275959   0.3791180948218664    5.196096850852379   -1.511347654422401  -0.2461950367067229    -1.16036146417654   0.2452521379882983
 0.03514770619633468   0.4097393004744083  0.01958214421600748  -0.5650405464688653   0.5331032288213249   -1.511347654422401    4.243132000592753   0.7337737904435564    2.982155718954819   -0.597702078851049
 0.03414448226946884  -0.2965134499302942 -0.04631852307921434  -0.4362153633656636  0.05487935100807687  -0.2461950367067229   0.7337737904435564    1.113278788734491  0.09149161270340447 -0.02736725556023584
 0.03568449152480801    1.750312548640834  0.04556831577439545   0.6166979225518759   0.4512192342793447    -1.16036146417654    2.982155718954819  0.09149161270340447    3.892122799898289  -0.3640139291721012
 0.01681855746409988  -0.5073470110587853 -0.02653777660257291   -0.275422984673402  -0.1067549930428018   0.2452521379882983   -0.597702078851049 -0.02736725556023584  -0.3640139291721012    1.147906121016338

cov.inverse():
    23.95382972209102     -13.0388426265404    -29.00197931201599     16.33632156087785     3.141731087347124    -1.911377982716515     1.233017030703754   -0.5472731311096025      1.42796585181182    -1.082294380913291
   -13.03884262654041     7.433353640778519     16.55792247748422    -9.307536660897549    -1.777556799968716     1.078249979361808    -0.702011302001658    0.2933698278572723   -0.8268495729207406     0.609570205809941
   -29.00197931201597     16.55792247748421     38.20530849921235    -21.00155541637731    -4.599889368996799     2.731664596514559    -1.556967326609104    0.6842834373441169    -1.657972796580187     1.255806719341721
    16.33632156087786    -9.307536660897545    -21.00155541637731      11.8050106461866     2.575190151330216    -1.535322026335188    0.8740945582287211   -0.3643229766878464    0.9285905320164884   -0.6977179181320219
    3.141731087347118    -1.777556799968709    -4.599889368996786     2.575190151330208     2.664050778753244   -0.8635236163426253  -0.03640425958621683  -0.03954850089900463   -0.1158835617845497   0.05547097877595292
   -1.911377982716509     1.078249979361803     2.731664596514547    -1.535322026335182   -0.8635236163426252    0.6207814251074998 -0.005782860684684889   0.03876175997881938   0.03210297635767489 -0.005505911190023242
    1.233017030703756   -0.7020113020016595    -1.556967326609109    0.8740945582287235  -0.03640425958621561 -0.005782860684685719     0.790031734960513    -0.431703142779978   -0.3974950783867198    0.1182619660438454
  -0.5472731311096024    0.2933698278572726     0.684283437344118   -0.3643229766878469  -0.03954850089900455   0.03876175997881955   -0.4317031427799779     1.152856548175258    0.2362311156047964  -0.06825927945126739
    1.427965851811828   -0.8268495729207432    -1.657972796580194    0.9285905320164922   -0.1158835617845483   0.03210297635767381   -0.3974950783867197    0.2362311156047964    0.7941598423808656   -0.1690361107040628
   -1.082294380913292    0.6095702058099413     1.255806719341722   -0.6977179181320226   0.05547097877595242 -0.005505911190022796    0.1182619660438458  -0.06825927945126765   -0.1690361107040629     1.030731514232291

cov*(cov_.inverse()):
     1.000000000000026  6.075001612870778e-15 -1.063038546078587e-14  -6.47051856539349e-15 -2.750078810509482e-15  1.849364303189993e-15   9.75781955236954e-16  -6.34041430469523e-16 -2.384377417730121e-15  1.061650767297806e-15
 2.220446049250313e-16      1.000000000000007    1.4210854715202e-14  2.109423746787797e-15 -3.871902798380233e-15 -1.841408969749381e-15  4.371503159461554e-16  4.649058915617843e-16  2.414735078559715e-15   1.77635683940025e-15
 2.095545958979983e-15  8.916478666520788e-16      1.000000000000006  2.185751579730777e-16  1.608956023968489e-16  5.026361271642799e-16 -3.165870343657673e-17  4.185020385794047e-17   4.36282954208167e-16  3.295974604355933e-16
-5.911937606128959e-14  4.690692279041286e-15  9.969802761133906e-14      1.000000000000001 -5.186823193170653e-15 -4.068577072469104e-15 -2.720046410331634e-15  1.217775880135719e-15  9.298117831235686e-16   3.33066907387547e-15
-3.469446951953614e-16  5.967448757360216e-16  5.967448757360216e-15  -1.65145674912992e-15     0.9999999999999993  3.357774128187607e-16 -1.769417945496343e-16 -2.307182223049153e-16 -2.081668171172169e-16  2.775557561562891e-17
 8.548717289613705e-15 -8.187894806610529e-15 -1.137978600240785e-14  2.026157019940911e-14  2.524022657546254e-15     0.9999999999999988  4.302114220422482e-16 -2.046973701652632e-16  1.415534356397075e-15 -1.665334536937735e-16
-7.771561172376096e-16  7.216449660063518e-16  5.440092820663267e-15 -7.771561172376096e-16 -4.302114220422482e-16  1.140580685454751e-16     0.9999999999999996  2.012279232133096e-16  4.163336342344337e-17                      0
-2.983724378680108e-16  1.290634266126744e-15  3.698430450782553e-15 -2.480654570646834e-15 -3.475952164988527e-16   3.78576293577626e-16 -1.014813233446432e-16                      1  -1.56992474575901e-16  6.591949208711867e-17
 4.996003610813204e-15   1.27675647831893e-15   1.27675647831893e-15  3.663735981263017e-15  3.781697177629439e-16 -3.716645047280309e-16 -3.400058012914542e-16  1.040834085586084e-16      1.000000000000001  5.551115123125783e-17
-2.220446049250313e-16  -3.33066907387547e-16                      0   3.33066907387547e-16 -2.081668171172169e-16  1.240327285323417e-16  3.885780586188048e-16 -2.498001805406602e-16 -4.440892098500626e-16                      1
