10
1

0.1323098087000272
0.1416455669142461
0.4085729963739079
0.5628827222511298
0.6651938484231416
0.8768662432521998
 1.259336035822077
 1.602308025563332
 2.178751175191196
 3.549141004521584

   -0.5589769696911256     0.2229795784040541     0.7395552968766503    -0.2557353964123364   -0.04691889203321258 -0.0008878313544424161   -0.03254239937040621   0.005537330529124506    -0.1466226640621896    0.02630929068196924
   0.07452699492010513   -0.03096429315986653    -0.1147655157488835    0.03840595030661216    0.01763894959528516  -0.001999264609014145    0.02376041959104723  -0.006503939009956286     -0.988890724734911  -0.003734316925569559
   -0.7105189260075897     0.2443950182278612    -0.6434020977465488    -0.1020373240366975   -0.04230457435605663     0.0330916746104252    0.08380193554883543   -0.02398657133294149    0.01077585720275285    0.02137945099229647
  -0.06399274437332882    0.02510235626502932   -0.06361001439475894   -0.03638277247122469     0.4894510593706524    -0.4813530501776652    -0.5583495579715385     0.4440618022504085  -0.005901051725062677   -0.09829458969225793
  -0.02481786568010039    0.01099234164685726    0.05760733164314515    0.05401403592835505      0.534267168312328    -0.4801394444578564     0.5957211046682546    -0.3215259755313469    0.01961404853203871     0.1356632948986258
   0.04535969371811921   -0.01428832768308901   -0.02767356323055947   -0.06864871958610716   -0.02488307116892302    0.01924669454670766     -0.100806277741479     0.1364155678145741   -0.00309542492636975     0.9810655289855108
  -0.01324648114085409    0.01222594903423265    0.04522363289954259     0.1277633684077455   -0.09080218652116642    0.03092807781650207     0.5439097570592772     0.8208125317348098   0.004509810465125263   -0.05013426060091849
    0.2824528975993802      0.105351038356004    -0.1228221068601383    -0.8564358644309166    -0.2400620611135584    -0.2852774559469183      0.122879950400999    0.04165168495766605  -0.001787317973953093   -0.06858060880738036
   -0.1170617672955709     -0.148045901088055    0.02499741773882424      0.327917771953535    -0.6319520331049434    -0.6706397300329995   -0.04825057093808734   -0.06304229024597378  -0.005118364183212721    0.02782718995257838
     0.276995062369922     0.9249169557938147   0.005881953748402056     0.2375352021114581   -0.06954632787713327   -0.06478931323658516   -0.03589537025004785   -0.02702279352766896  -0.001401536113708746    0.01702264891225284

35.75542692666866
77.36773202764918
 49.8658441660361
112.5212117271854
79.66951537547834
187.2443107845166
91.53022319579884
218.3748547835339
 107.512472362883
259.2621598256682

2.48445240292579

     0.177483411828764   -0.07117501427279517    -0.1816040472685848    0.07230739821693344   0.000948081798083081 -0.0005941759198476521  0.0002415347139986519  0.0001138009689794886   0.004387439304369077 -0.0004845206276977881

-0.004701813724964814 0.0006969271256521749 -0.005682213076581686 -0.001120259947139016 -0.004789351382195831  0.006609883310379941 -0.003221613669989622  0.007734003955823356   0.04118679826226054 -0.007748859165202603

cov:
    1.329635064029769     3.353229732951364   -0.0147880754320608   0.03524368916480202  -0.07482232929645696  -0.04913250686311518  -0.02907238359113802  -0.04422751879153956 -0.004962503355769042   0.02717283066673025
    3.353229732951364     10.91990557226675 -0.004595313676105762     2.303357156926066   -0.4279900762024805   -0.3651209954443958    -0.337670857385025   -0.2438311485345109  -0.01256362322680488    0.1493240196973815
  -0.0147880754320608 -0.004595313676105762    0.1276577219145633    0.3468666368917888 -0.002775072678590924  0.001287565715805024   0.01098321529321805   0.01886769897990972 8.199479939091699e-05  0.005210170824775158
  0.03524368916480202     2.303357156926066    0.3468666368917888     3.138437334023878   -0.6729566985078114   -0.6117482646898792   -0.3177580993480048   -0.1238802647385437 -0.006906006997880113    0.1869929256391399
 -0.07482232929645696   -0.4279900762024805 -0.002775072678590924   -0.6729566985078114     2.320744523133098      2.05119240796301   0.07774506633472433   0.05932319337996238       0.0205095719242  -0.05101755416031928
 -0.04913250686311518   -0.3651209954443958  0.001287565715805024   -0.6117482646898792      2.05119240796301     2.574201374710626   0.07714104931210544    0.2349744304916366   0.01575694453088817  -0.05390440689100714
 -0.02907238359113802    -0.337670857385025   0.01098321529321805   -0.3177580993480048   0.07774506633472433   0.07714104931210544    0.8000460043015328    0.5736066399766387   0.01134923981537332   -0.1015624532837162
 -0.04422751879153956   -0.2438311485345109   0.01886769897990972   -0.1238802647385437   0.05932319337996238    0.2349744304916366    0.5736066399766387     1.223636914901611  0.003814567120117603  -0.01702762387944718
-0.004962503355769042  -0.01256362322680488 8.199479939091699e-05 -0.006906006997880113       0.0205095719242   0.01575694453088817   0.01134923981537332  0.003814567120117603   0.02039407805183392 -0.001949290017844076
  0.02717283066673025    0.1493240196973815  0.005210170824775158    0.1869929256391399  -0.05101755416031928  -0.05390440689100714   -0.1015624532837162  -0.01702762387944718 -0.001949290017844076    0.7747336949592624

cov.inverse():
    21.20678408652422    -8.246215513078079    -21.30875272033825     8.644920705448394     1.601854192371835  -0.01117037413681574    0.8534635489953631   -0.1637963230396914    0.9623877213063157   -0.8822641503295142
   -8.246215513078077     3.325249192035327     8.647036066379222    -3.493273732285195   -0.6302183058963298 -0.005507158669149258   -0.3479462809463459   0.07812994236477079   -0.3255487132070772     0.346708588688122
   -21.30875272033826     8.647036066379224       34.408213715583    -10.56696870397334    -1.942261121071852   -0.1092117380170218    -1.631054089814829    0.2487316139080021    -0.575154405262074     1.054515348423201
    8.644920705448394    -3.493273732285195    -10.56696870397334     4.211824960235315    0.7840744672256186    0.0339665207480799    0.6143088085879762   -0.1337344852188244    0.2463264223495412   -0.4432192056192194
     1.60185419237183   -0.6302183058963274    -1.942261121071843    0.7840744672256158     1.666141122863015    -1.217175892804512  -0.08912527007008546    0.2365250966168663   -0.4638819693701984  -0.09352156693950593
 -0.01117037413681272 -0.005507158669150455   -0.1092117380170262   0.03396652074808128    -1.217175892804511     1.386961719009448    0.2191776381116292   -0.3062985585759996   0.09673356530099336   0.03258235727435357
    0.853463548995371   -0.3479462809463493    -1.631054089814842    0.6143088085879803  -0.08912527007008467    0.2191776381116292     2.122918080159291   -0.9791331601617491   -0.8544053309611841    0.1638382935707713
  -0.1637963230396959   0.07812994236477265    0.2487316139080092   -0.1337344852188266    0.2365250966168659   -0.3062985585759996   -0.9791331601617492     1.313906952424087     0.251943946104432  -0.08329010354814678
   0.9623877213063176    -0.325548713207078   -0.5751544052620762    0.2463264223495421   -0.4638819693701984   0.09673356530099357   -0.8544053309611843    0.2519439461044322     49.97033632241489  -0.03115106128032399
  -0.8822641503295137    0.3467085886881217     1.054515348423199   -0.4432192056192189  -0.09352156693950593   0.03258235727435364    0.1638382935707718  -0.08329010354814703  -0.03115106128032397      1.37044807404506

cov*(cov_.inverse()):
    0.9999999999999947 -6.904199434387692e-16  3.063521658575041e-15  4.595282487862562e-15   4.77048955893622e-18 -6.277530578691071e-17  5.724587470723463e-17  3.903127820947816e-17  1.077696959450591e-16 -9.020562075079397e-17
-2.498001805406602e-15      1.000000000000002 -1.665334536937735e-15  5.315192730392937e-15 -7.632783294297951e-17 -5.811323644522304e-17  1.422473250300982e-16  -2.42861286636753e-17  3.304648221735818e-16 -8.326672684688674e-17
 2.168404344971009e-16  1.238158880978446e-16                      1  2.133709875451473e-16 -2.354345017552273e-16  1.264179733118098e-16  3.935653886122381e-16 -2.097389102673208e-16  3.361026734705064e-17  3.642919299551295e-17
 4.218847493575595e-15   1.40165656858926e-15 -5.079270337660091e-15      0.999999999999998 -9.020562075079397e-17  1.674008154317619e-16 -3.365363543395006e-16 -8.673617379884035e-18 -1.647987302177967e-17 -1.110223024625157e-16
-4.996003610813204e-16  6.245004513516506e-17  1.020017403874363e-15 -1.908195823574488e-16     0.9999999999999999  4.117799851099946e-16 -5.204170427930421e-17  9.627715291671279e-17 -3.404394821604484e-16  2.775557561562891e-17
-7.494005416219807e-16  6.938893903907228e-18 -9.645062526431047e-16 -2.185751579730777e-16  -7.24247051220317e-16                      1 -3.989863994746656e-17 -9.367506770274758e-17 -3.603888021341817e-16  2.775557561562891e-17
 -3.33066907387547e-16 -1.040834085586084e-16  9.436895709313831e-16 -2.359223927328458e-16 -2.567390744445674e-16  7.459310946700271e-17                      1 -2.740863092043355e-16  1.001802807376606e-16  2.775557561562891e-17
 1.630640067418199e-16 -1.604619215278547e-16  9.367506770274758e-17 -8.673617379884035e-18 -8.738669510233166e-17  7.849623728795052e-17 -2.979387569990166e-16                      1  1.130822865902381e-16 -1.734723475976807e-17
 2.645453300864631e-17 -8.239936510889834e-18 -3.035766082959412e-17 -2.168404344971009e-19 -7.589415207398531e-18  7.318364664277155e-18 -2.276824562219559e-18  -2.49366499671666e-18     0.9999999999999999 -2.168404344971009e-18
 2.220446049250313e-16 -1.110223024625157e-16 -5.551115123125783e-16  2.220446049250313e-16  1.665334536937735e-16 -3.469446951953614e-17  8.326672684688674e-17 -1.387778780781446e-17 -9.020562075079397e-17     0.9999999999999999
