5
2

0.0003171267745892052
 0.001139956092058993
  0.00268860935312459
  0.07272670659495338
   0.5583102485196919

-0.3588411498713618   0.797009698263405 -0.4844572530561068 0.01221817790029427 0.03406546819292385
-0.4346509627819531  0.2766359693850544  0.7483468037840698 -0.2838431879575751 -0.3065308906315309
 0.1318409190381034  0.0492438961876048 0.00572339779372871 -0.7871969314751969  0.6004009031881794
-0.7051137190697839 -0.3167686867060951 0.04798408575901789  0.2908853216163688  0.5617432683033118
 0.4095658493557367  0.4306747254335082  0.4504919549326755  0.4636706606235221  0.4783739258489839

0.3990199623626015
0.3992054399152286
0.3992134357013515
 0.399205346725979
0.3992175419156156

-0.0001247041786254656
    0.3991890497560578

0
0
0
0
0

0
0

0
0
0
0
0

0
0

0
0
0
0
0

0
0

0
0
0
0
0

0
0

0
0
0
0
0

0
0

0
0
0
0
0

0
0

0
0
0
0
0

0
0

0
0
0
0
0

0
0

0
0
0
0
0

0
0

0
0
0
0
0

0
0

0
0
0
0
0

0
0

0
0
0
0
0

0
0

0
0
0
0
0

0
0

0
0
0
0
0

0
0

0
0
0
0
0

0
0

0
0
0
0
0

0
0

0
0
0
0
0

0
0

0
0
0
0
0

0
0

0
0
0
0
0

0
0

0
0
0
0
0

0
0

0
0
0
0
0

0
0

0
0
0
0
0

0
0

0
0
0
0
0

0
0

0
0
0
0
0

0
0

0
0
0
0
0

0
0

0
0
0
0
0

0
0

0
0
0
0
0

0
0

0
0
0
0
0

0
0

0
0
0
0
0

0
0

0
0
0
0
0

0
0

0
0
0
0
0

0
0

0
0
0
0
0

0
0

0
0
0
0
0

0
0

0
0
0
0
0

0
0

0
0
0
0
0

0
0

0
0
0
0
0

0
0

0
0
0
0
0

0
0

0
0
0
0
0

0
0

0
0
0
0
0

0
0

0
0
0
0
0

0
0

0
0
0
0
0

0
0

0
0
0
0
0

0
0

0
0
0
0
0

0
0

0
0
0
0
0

0
0

0
0
0
0
0

0
0

0
0
0
0
0

0
0

0
0
0
0
0

0
0

0
0
0
0
0

0
0

0
0
0
0
0

0
0

0
0
0
0
0

0
0

0
0
0
0
0

0
0

0
0
0
0
0

0
0

0
0
0
0
0

0
0

0
0
0
0
0

0
0

0
0
0
0
0

0
0

0
0
0
0
0

0
0

0
0
0
0
0

0
0

0
0
0
0
0

0
0

0
0
0
0
0

0
0

0
0
0
0
0

0
0

0
0
0
0
0

0
0

0
0
0
0
0

0
0

0
0
0
0
0

0
0

0
0
0
0
0

0
0

0
0
0
0
0

0
0

0
0
0
0
0

0
0

0
0
0
0
0

0
0

0
0
0
0
0

0
0

0
0
0
0
0

0
0

0
0
0
0
0

0
0

0
0
0
0
0

0
0

0
0
0
0
0

0
0

0
0
0
0
0

0
0

0
0
0
0
0

0
0

0
0
0
0
0

0
0

0
0
0
0
0

0
0

0
0
0
0
0

0
0

   -0.8425997547701877      11.88861409104702     -10.25165395428619    -0.2832362828056418    -0.5115514735431752
     1.244800029656379     0.8221158096713159     -1.017037205019147 -0.0004269764304612456   -0.04941457912766037

 1.480713461363085e-06 -4.911507108595962e-06  2.396323933615065e-06   -0.02133376712181705   -0.06835911944600548
 7.035545995167817e-08 -1.376761631653965e-06  1.224863777381615e-06  -0.006425448300972855     0.1190385545298148

cov:
0.05491767974370165 0.05616372060243838 0.05733310935101871 0.05810949754413473 0.05897778136065231
0.05616372060243838 0.05834716609957926 0.06039647346523555  0.0617580777784031 0.06327860886050138
0.05733310935101871 0.06039647346523555 0.06327236045434592 0.06518354043081885 0.06731699399798106
0.05810949754413473  0.0617580777784031 0.06518354043081885 0.06746687843898579 0.07000079421784172
0.05897778136065231 0.06327860886050138 0.06731699399798106 0.07000079421784172 0.07300405140719261

cov.inverse():
 1428258.619566699 -2935393.414539789  1478384.402647364  36947.34178248371  -8145.43957750336
-2935393.414547542  6375525.214139333  -3679966.69209243  31025.09104116837  208771.1451886414
 1478384.402661415 -3679966.692112943  2764658.697115038 -222934.3000257727 -340139.9445453984
  36947.3417809785  31025.09104381392  -222934.300026585  149225.2719161056  5740.538104613639
-8145.439582296867  208771.1451987572 -340139.9445510487  5740.538104941646  133773.5167756825

cov*(cov_.inverse()):
     1.000000000005969  2.000888343900442e-11 -7.275957614183426e-12  7.389644451905042e-13  1.818989403545856e-12
  1.77351466845721e-11     0.9999999999799911 -2.182787284255028e-11   -1.4210854715202e-12 -1.818989403545856e-12
  1.70530256582424e-11 -1.818989403545856e-12     0.9999999999781721  5.684341886080801e-13                      0
 1.045918907038867e-11 -3.456079866737127e-11 -1.455191522836685e-11     0.9999999999994884 -3.637978807091713e-12
 6.366462912410498e-12 -1.818989403545856e-12 -1.091393642127514e-11  -1.70530256582424e-13                      1
