5
2

0.0003170643113618421
 0.001140136073209472
 0.002689812038782217
  0.07273588080472425
   0.5583170790096549

 -0.3586887610954509   0.7969100272163856  -0.4847254040584948  0.01236335389468108  0.03413519190797436
 -0.4348188339842392   0.2769061042327806   0.7481709692390875  -0.2835590561516407  -0.3067410202653813
  0.1316978386184969  0.04940513939401829 0.005960431266721607   -0.787314053097921   0.6002631644190015
  -0.705118962593671  -0.3167619518556601  0.04798420141668201    0.290837701821714    0.561765130691542
  0.4095581548088618   0.4306720515875789   0.4504924784296533    0.463671674947321    0.478381444603321

0.3990202976850248
0.3992048364544071
0.3992126084309309
0.3992052212296678
0.3992162156656758

-0.0001247041786254656
    0.3991890497560578

   -0.8477465405484305      11.89453806823924     -10.24919054828504    -0.2848108658393625    -0.5132277113986122
     1.244361036604633     0.8226107074364943     -1.016781977523939 -0.0007024393010946484   -0.04945114841688672

 1.480799249896375e-06 -4.897635215682464e-06  2.395387669549589e-06   -0.02133620398332723   -0.06836504597881252
 7.040821608405062e-08 -1.376142940843241e-06  1.225115663077079e-06  -0.006426740437229884     0.1190384823331436

cov:
0.05491769716302512 0.05616397324463598 0.05733345602340223 0.05810985916450451 0.05897846247873219
0.05616397324463598 0.05834797451103454 0.06039762965097083 0.06175931652606977 0.06328053742761935
0.05733345602340223 0.06039762965097083  0.0632740584052305  0.0651853572612666 0.06731981424262479
0.05810985916450451 0.06175931652606977  0.0651853572612666 0.06746878293466195  0.0700038313456432
0.05897846247873219 0.06328053742761935 0.06731981424262479  0.0700038313456432 0.07300859158520714

cov.inverse():
 1427734.482525124 -2935045.961652999  1479333.245081659  36368.62825193591 -8337.119592036657
-2935045.961644542   6376532.16367092 -3683055.430735137  32209.03195775119   209317.387860831
 1479333.245064749 -3683055.430708927  2767825.366165745 -223461.8788953014 -340636.2804784489
 36368.62825658169  32209.03194758485 -223461.8788893723  149066.5966331796  5821.351285293855
-8337.119588228687  209317.3878532418 -340636.2804750759  5821.351285702271  133834.2203107087

cov*(cov_.inverse()):
     1.000000000023988 -5.093170329928398e-11  1.091393642127514e-11 -1.591615728102624e-12 -4.547473508864641e-12
 1.682565198279917e-11     0.9999999999909051 -3.274180926382542e-11 -4.547473508864641e-13  1.818989403545856e-12
 3.865352482534945e-11 -2.000888343900442e-11      0.999999999992724  3.410605131648481e-13 -3.637978807091713e-12
  7.16227077646181e-12  2.364686224609613e-11                      0      1.000000000000455  1.818989403545856e-12
 1.693933882052079e-11  5.456968210637569e-12                      0  3.979039320256561e-13                      1
