5
1

0.001320255463692153
0.002164420464717584
0.002576269605257437
 0.07382768174772163
  0.5545397024804586

  0.1627591246907671  -0.2625757109822919  -0.3179991006617682   0.8074012494450633  -0.3892855734610482
 -0.3600074564908335  0.03171955178323337   0.7505133880727132   0.1178397932928442  -0.5405848117973612
 -0.4790634586578041   0.7781873804843698  -0.3597324048100807   0.1597988071348127 -0.09989765563587764
 -0.6668691432176364  -0.3758347825462021  0.05414426171029075   0.3053584768409243   0.5637892882964906
  0.4119318475232209   0.4280426183455788   0.4508516631391392   0.4641525044324683    0.477898420534853

0.3996549335788342
0.4001327156499725
0.4001053366638781
0.4002339066957648
 0.400377770481076

-0.00154836652165912

 5.272595958844922 -2.734923363833217  4.324880886803961 -8.319264109875606  1.461105677548322

-1.234932068772273e-05 -2.385622716780455e-06 -5.100900446636657e-05   -0.02164233413587867   -0.06518718446126558

cov:
0.05460754091131935  0.0555857445019813  0.0569145860607266 0.05768609312399716  0.0584896115093918
 0.0555857445019813 0.05711695604638414 0.05923273666461598 0.06047097858093928  0.0617500564560864
 0.0569145860607266 0.05923273666461598 0.06252722649459404  0.0644413476950772 0.06642236234249654
0.05768609312399716 0.06047097858093928  0.0644413476950772 0.06675972126536192 0.06914952429124666
 0.0584896115093918  0.0617500564560864 0.06642236234249654 0.06914952429124666 0.07196642845721517

cov.inverse():
 77523.59715779911 -83077.67226248005 -61408.88116807107  54764.37329422825  12335.17468488341
-83077.67226255422  131035.6286515024  10804.18285977834 -102113.0568036485   43230.6191736678
-61408.88116793841  10804.18285950989  197748.7463015852  -137077.701103602 -10163.88296383076
  54764.3732942362 -102113.0568034723 -137077.7011039461  380821.8308736131 -196289.9078317417
 12335.17468481704  43230.61917368598 -10163.88296362267 -196289.9078319017  150882.7150342538

cov*(cov_.inverse()):
    0.9999999999993179 -4.547473508864641e-13 -1.591615728102624e-12 -1.818989403545856e-12                      0
-1.477928890381008e-12                      1  6.821210263296962e-13 -1.818989403545856e-12 -1.818989403545856e-12
 9.094947017729282e-13 -1.364242052659392e-12     0.9999999999986358                      0 -3.637978807091713e-12
-7.958078640513122e-13                      0 -9.094947017729282e-13      0.999999999998181 -3.637978807091713e-12
 1.023181539494544e-12 -9.094947017729282e-13 -5.684341886080801e-13                      0                      1
