5
1

0.001218067115904916
0.001943658442978885
0.002321422796284008
  0.0669364139410739
  0.5473928980538918

 0.1707413508279177 -0.2702684129999721 -0.3219195193336049  0.8046766793830886 -0.3829695037218506
-0.3559211993219821 0.02495326349526716  0.7493102940441932  0.1248997694050208 -0.5437201167476837
-0.4791140000884133  0.7759644724663793 -0.3587977362306365  0.1679954667103433 -0.1066331094444748
 -0.663243724578142 -0.3716216340653995 0.05802411996527061  0.3095388926856547  0.5681760275825352
  0.418001229325528  0.4314033126205081  0.4503324242040004  0.4613661087892029  0.4727665126821666

0.3995681800241783
0.3998791637968331
0.3997522102767624
0.3997701734275627
0.3998155375633562

2.842739024506829e-05

0
0
0
0
0

0

0
0
0
0
0

0

0
0
0
0
0

0

0
0
0
0
0

0

0
0
0
0
0

0

0
0
0
0
0

0

0
0
0
0
0

0

0
0
0
0
0

0

0
0
0
0
0

0

0
0
0
0
0

0

0
0
0
0
0

0

0
0
0
0
0

0

0
0
0
0
0

0

0
0
0
0
0

0

0
0
0
0
0

0

0
0
0
0
0

0

0
0
0
0
0

0

0
0
0
0
0

0

0
0
0
0
0

0

0
0
0
0
0

0

0
0
0
0
0

0

0
0
0
0
0

0

0
0
0
0
0

0

0
0
0
0
0

0

0
0
0
0
0

0

0
0
0
0
0

0

0
0
0
0
0

0

0
0
0
0
0

0

0
0
0
0
0

0

0
0
0
0
0

0

0
0
0
0
0

0

0
0
0
0
0

0

0
0
0
0
0

0

0
0
0
0
0

0

0
0
0
0
0

0

0
0
0
0
0

0

0
0
0
0
0

0

0
0
0
0
0

0

0
0
0
0
0

0

0
0
0
0
0

0

0
0
0
0
0

0

0
0
0
0
0

0

0
0
0
0
0

0

0
0
0
0
0

0

0
0
0
0
0

0

0
0
0
0
0

0

0
0
0
0
0

0

0
0
0
0
0

0

0
0
0
0
0

0

0
0
0
0
0

0

0
0
0
0
0

0

0
0
0
0
0

0

0
0
0
0
0

0

0
0
0
0
0

0

0
0
0
0
0

0

0
0
0
0
0

0

0
0
0
0
0

0

0
0
0
0
0

0

0
0
0
0
0

0

0
0
0
0
0

0

0
0
0
0
0

0

0
0
0
0
0

0

0
0
0
0
0

0

0
0
0
0
0

0

0
0
0
0
0

0

0
0
0
0
0

0

0
0
0
0
0

0

0
0
0
0
0

0

0
0
0
0
0

0

0
0
0
0
0

0

0
0
0
0
0

0

0
0
0
0
0

0

0
0
0
0
0

0

0
0
0
0
0

0

0
0
0
0
0

0

0
0
0
0
0

0

0
0
0
0
0

0

 5.319042905585071 -2.849221156843551  4.132418392499813 -7.753973485685522    1.1550077647061

 -9.39744735590116e-06  -1.75390150097315e-06 -4.132190649467102e-05   -0.01780149106880624   -0.05279835513979435

cov:
0.05432711872415001 0.05513525854778147 0.05623130455748606 0.05686561794512321 0.05752623995667518
0.05513525854778147 0.05638757949357927 0.05811442029129534 0.05912360123741286 0.06016589973968918
0.05623130455748606 0.05811442029129534 0.06078462757908062 0.06233554513686774 0.06394032819728238
0.05686561794512321 0.05912360123741286 0.06233554513686774 0.06421122691629698 0.06614397370466626
0.05752623995667518 0.06016589973968918 0.06394032819728238 0.06614397370466626 0.06841956613746313

cov.inverse():
 95876.20143900029 -102385.3449779758 -75750.21265067713  65853.20461028193  16550.96514579621
-102385.3449779561   161159.727489369  11922.62759778886 -121590.1437140751  50769.72363523442
-75750.21265054365  11922.62759759589  242359.8874433678 -160999.8769555843 -17642.75765388102
  65853.2046099474 -121590.1437136011 -160999.8769556503  445804.2370784388 -228963.5334036698
 16550.96514597761  50769.72363497308 -17642.75765387458 -228963.5334035961  179289.6600409228

cov*(cov_.inverse()):
                     1 -2.273736754432321e-12 -4.547473508864641e-13 -1.818989403545856e-12                      0
 -1.13686837721616e-12     0.9999999999995453  1.364242052659392e-12 -1.818989403545856e-12  1.818989403545856e-12
 4.547473508864641e-13 -2.728484105318785e-12     0.9999999999995453  1.818989403545856e-12                      0
-9.094947017729282e-13 -4.547473508864641e-13  4.547473508864641e-13                      1  1.818989403545856e-12
                     0 -9.094947017729282e-13  -1.13686837721616e-12                      0                      1
