5
2

0.0002065223656161429
0.0003441589805419286
 0.001445915594821941
  0.07054227614772007
   0.5513937064746458

 0.02565622298065757   0.3034454493754467  -0.8128761637314745   0.4963232060194484 -0.01257915257389547
 -0.4638381180477011   0.7922900936803973  0.04044210895411689  -0.3935584759973247  0.02463269160852053
  0.4725929604857472 -0.02099447354747767  -0.3701348925063687  -0.6045386703664613   0.5232095977336729
 -0.6219795469420034  -0.3040168455725194 -0.04615859703951807   0.1602191961725199   0.7020786237246726
  0.4171250356349656   0.4328166544829803   0.4454955931647212   0.4556729159678269   0.4822575228784721

0.3943203532657468
0.3936769917784629
0.3932512060152022
0.3928143848841274
0.3916559747089007

0.008901984904855231
  0.3956132452835254

0
0
0
0
0

0
0

0
0
0
0
0

0
0

0
0
0
0
0

0
0

0
0
0
0
0

0
0

0
0
0
0
0

0
0

0
0
0
0
0

0
0

0
0
0
0
0

0
0

0
0
0
0
0

0
0

0
0
0
0
0

0
0

0
0
0
0
0

0
0

0
0
0
0
0

0
0

0
0
0
0
0

0
0

0
0
0
0
0

0
0

0
0
0
0
0

0
0

0
0
0
0
0

0
0

0
0
0
0
0

0
0

0
0
0
0
0

0
0

0
0
0
0
0

0
0

0
0
0
0
0

0
0

0
0
0
0
0

0
0

0
0
0
0
0

0
0

0
0
0
0
0

0
0

0
0
0
0
0

0
0

0
0
0
0
0

0
0

0
0
0
0
0

0
0

0
0
0
0
0

0
0

0
0
0
0
0

0
0

0
0
0
0
0

0
0

0
0
0
0
0

0
0

0
0
0
0
0

0
0

0
0
0
0
0

0
0

0
0
0
0
0

0
0

0
0
0
0
0

0
0

0
0
0
0
0

0
0

0
0
0
0
0

0
0

0
0
0
0
0

0
0

0
0
0
0
0

0
0

0
0
0
0
0

0
0

0
0
0
0
0

0
0

0
0
0
0
0

0
0

0
0
0
0
0

0
0

0
0
0
0
0

0
0

0
0
0
0
0

0
0

0
0
0
0
0

0
0

0
0
0
0
0

0
0

0
0
0
0
0

0
0

0
0
0
0
0

0
0

0
0
0
0
0

0
0

0
0
0
0
0

0
0

0
0
0
0
0

0
0

0
0
0
0
0

0
0

0
0
0
0
0

0
0

0
0
0
0
0

0
0

0
0
0
0
0

0
0

0
0
0
0
0

0
0

0
0
0
0
0

0
0

0
0
0
0
0

0
0

0
0
0
0
0

0
0

0
0
0
0
0

0
0

0
0
0
0
0

0
0

0
0
0
0
0

0
0

0
0
0
0
0

0
0

0
0
0
0
0

0
0

0
0
0
0
0

0
0

0
0
0
0
0

0
0

0
0
0
0
0

0
0

0
0
0
0
0

0
0

0
0
0
0
0

0
0

0
0
0
0
0

0
0

0
0
0
0
0

0
0

0
0
0
0
0

0
0

0
0
0
0
0

0
0

0
0
0
0
0

0
0

0
0
0
0
0

0
0

0
0
0
0
0

0
0

0
0
0
0
0

0
0

0
0
0
0
0

0
0

   1.524815754870318   0.5024440407818023    12.01406910333306   -13.51308417555206  -0.5276687153787368
   1.569709591641191  -0.4042819198171902     1.17374155360259   -1.283459905789104 -0.05558264475591138

-6.941352445601485e-07  6.493033687960806e-07  8.689549696406455e-06   -0.02085644533366379   -0.06272207828902393
-7.134838814384332e-08  -5.88891294615587e-08  2.221753810086961e-06  -0.005733867541078065     0.1188895027640238

cov:
0.05482563787579614 0.05583097512829484 0.05664052337418557 0.05729225099108919 0.05898770751491118
0.05583097512829484 0.05741497000754101  0.0586932383791036 0.05972025408395477 0.06239879002867495
0.05664052337418557  0.0586932383791036 0.06035162974921129  0.0616828400463371 0.06515831022327183
0.05729225099108919 0.05972025408395477  0.0616828400463371 0.06325769776403596 0.06737130380112594
0.05898770751491118 0.06239879002867495 0.06515831022327183 0.06737130380112594 0.07316354863616324

cov.inverse():
 1938753.449618219 -2924822.689267965 -731006.1282800023  1703074.429247104  14153.97094975362
-2924822.689286836  7458790.133080521 -5508994.332257007  904628.0027337489  69978.83184031579
-731006.1282243381 -5508994.332325132  15571592.28867084 -9486557.865864307  155515.7930404199
 1703074.429205272  904628.0027817283 -9486557.865854809  7258062.476479022 -379494.9993449508
 14153.97095479218  69978.83184159284  155515.7930184511  -379494.999329298  139870.4964709482

cov*(cov_.inverse()):
     1.000000000014211  2.455635694786906e-11 -2.019078237935901e-10  8.731149137020111e-11 -1.818989403545856e-12
 1.523403625469655e-11     0.9999999999809006 -1.164153218269348e-10  6.548361852765083e-11 -3.637978807091713e-12
 2.432898327242583e-11 -3.274180926382542e-11       1.00000000001819  1.127773430198431e-10 -3.637978807091713e-12
 8.412825991399586e-12  2.091837814077735e-11 -1.218722900375724e-10      1.000000000029104 -3.637978807091713e-12
 4.092726157978177e-12  2.455635694786906e-11 -5.275069270282984e-11  1.455191522836685e-11      0.999999999998181
