6 
7 
8 
11 
12 
inputFileName = /Users/demattia/RemoteProjects/extracted_hybrid.root
eventsFractionStartBuild = 0
eventsFractionEndBuild = 0.2
eventsFractionStartTest = 0.8
eventsFractionEndTest = 1
var name = R
var name = z
par name = cotTheta
firstOrderChargeOverPtCoefficientsFileName = 
firstOrderCotThetaCoefficientsFileName = 
pT > 2, pT regions = 1
0 < phi < 0.8, phi regions = 1
-3 < eta < 3, eta regions = 1
-15 < z0 < 15, eta regions = 1
charge regions = 1
endcap regions = 0
Training
Requested running from track number 0 to track number 1000000 for a total of 1000000 tracks.
Analyzed 10% of 1000000 tracks
Analyzed 20% of 1000000 tracks
Analyzed 30% of 1000000 tracks
Analyzed 40% of 1000000 tracks
Analyzed 50% of 1000000 tracks
Analyzed 60% of 1000000 tracks
Analyzed 70% of 1000000 tracks
Analyzed 80% of 1000000 tracks
Analyzed 90% of 1000000 tracks
Analyzed 100% of 1000000 tracks
Evaluating eigenvalues:
geomIndex = 0
Sqrt(eigenvalues) of cov:
 0.182102 0.649123 0.93946 1.03012 1.77673 1.8893 2.11447 2.96217 5.40407 12.1099
Analyzed 10% of 1000000 tracks
Analyzed 20% of 1000000 tracks
Analyzed 30% of 1000000 tracks
Analyzed 40% of 1000000 tracks
Analyzed 50% of 1000000 tracks
Analyzed 60% of 1000000 tracks
Analyzed 70% of 1000000 tracks
Analyzed 80% of 1000000 tracks
Analyzed 90% of 1000000 tracks
Analyzed 100% of 1000000 tracks
opening GeometricIndex.txt for writing
Matrices built:
geomIndex = 0

V_0:
  0.474502   -0.29349  -0.693162   0.428873   0.106501 -0.0634941  0.0509081 -0.0228925   0.067779 -0.0349607
  0.329466  -0.126014   0.125543 -0.0419508  -0.834312   0.330555  0.0998055 -0.0549643   0.177303 -0.0910472
  0.569081  -0.051588   0.444006 -0.0233469   0.297597 -0.0373393  -0.361057   0.362481   0.238354  -0.259372
  0.465037 0.00682637   0.354266  0.0244844   0.210392   0.020666   0.378741  -0.476944  -0.323687   0.370412
  -0.12592   -0.12907  0.0847437  0.0800939   0.248074   0.386175   0.565523  0.0714871 -0.0773478  -0.642112
  0.177042    0.24298   -0.03946 -0.0264489  -0.251384  -0.446275   0.284223   0.530905  -0.524541 -0.0849686
 -0.272578  -0.385125   0.414868   0.696914  -0.141639  -0.305339  0.0247181  0.0375942  0.0332604  0.0561414
 0.0535631   0.232899  0.0039647  0.0445545  -0.120118   -0.39267  -0.240377  -0.587349  -0.112906  -0.597296
-0.0423935  -0.667377 -0.0147182  -0.289863 -0.0183783  0.0987366  -0.343159 -0.0215947  -0.578033 -0.0783589
0.00470355   0.414273 0.00585812   0.484102 -0.0137611     0.5286  -0.369988  0.0613062  -0.416272  0.0206661
corrPV_0:
 0.00444425   0.0112749   0.0131691   0.0132796  -0.0259263    0.017086 -0.00243539  -0.0636935    0.646326    0.662987
D_0:
  0.0874442  -0.0555447  -0.0799188   0.0505992 -0.00373876   0.0023209 -0.00197419 0.000897643 -0.00241487  0.00117494
opening matrixVD_0.txt for writing
