6 
7 
8 
11 
12 
inputFileName = /Users/demattia/RemoteProjects/extracted_hybrid.root
eventsFractionStartBuild = 0
eventsFractionEndBuild = 0.2
eventsFractionStartTest = 0.8
eventsFractionEndTest = 1
var name = R
var name = z
par name = cotTheta
firstOrderChargeOverPtCoefficientsFileName = 
firstOrderCotThetaCoefficientsFileName = 
2 < pT < 10, pT regions = 1
0 < phi < 0.8, phi regions = 1
-3 < eta < 3, eta regions = 1
-15 < z0 < 15, eta regions = 1
charge regions = 1
endcap regions = 0
Training
Requested running from track number 0 to track number 1000000 for a total of 1000000 tracks.
Analyzed 10% of 1000000 tracks
Analyzed 20% of 1000000 tracks
Analyzed 30% of 1000000 tracks
Analyzed 40% of 1000000 tracks
Analyzed 50% of 1000000 tracks
Analyzed 60% of 1000000 tracks
Analyzed 70% of 1000000 tracks
Analyzed 80% of 1000000 tracks
Analyzed 90% of 1000000 tracks
Analyzed 100% of 1000000 tracks
Evaluating eigenvalues:
geomIndex = 0
Sqrt(eigenvalues) of cov:
 0.181408 0.648747 0.946863 1.03367 1.77858 1.88125 2.09524 2.97802 5.40481 12.1388
Analyzed 10% of 1000000 tracks
Analyzed 20% of 1000000 tracks
Analyzed 30% of 1000000 tracks
Analyzed 40% of 1000000 tracks
Analyzed 50% of 1000000 tracks
Analyzed 60% of 1000000 tracks
Analyzed 70% of 1000000 tracks
Analyzed 80% of 1000000 tracks
Analyzed 90% of 1000000 tracks
Analyzed 100% of 1000000 tracks
opening GeometricIndex.txt for writing
Matrices built:
geomIndex = 0

V_0:
   0.474721   -0.293435   -0.693241    0.428559    0.106346  -0.0632059   0.0506618  -0.0224805   0.0682243  -0.0354848
   0.328699   -0.126141    0.125758  -0.0415696   -0.835002    0.329713   0.0992969  -0.0524131    0.177821  -0.0913018
    0.53512  -0.0499955    0.416297  -0.0272072    0.280844  -0.0413654   -0.389778    0.397095    0.260337   -0.281306
   0.506966  0.00380654    0.383838     0.02092    0.228487   0.0172828    0.349242   -0.449713   -0.306478    0.352926
  -0.123467   -0.133688   0.0895588   0.0798415    0.254411    0.392946     0.56058   0.0634599  -0.0684775   -0.640617
   0.173591    0.241534  -0.0408529  -0.0272854   -0.246097    -0.43773    0.294713    0.534323   -0.525434  -0.0922169
  -0.269797   -0.383835    0.415916    0.697024   -0.141441   -0.309625   0.0227965   0.0344985   0.0289435   0.0512984
    0.05703    0.235401 0.000947533   0.0382395   -0.120671   -0.391932   -0.239866   -0.584754    -0.11604   -0.598966
 -0.0422477   -0.666693  -0.0160641   -0.291209  -0.0184355     0.10019   -0.343306  -0.0197942   -0.577931  -0.0777313
 0.00482862    0.414773  0.00565291    0.483948  -0.0136774    0.528918   -0.369672   0.0614322   -0.415864   0.0196691
corrPV_0:
 0.00441551   0.0111818   0.0125963   0.0145892  -0.0255954   0.0163338 -0.00193703   -0.063423    0.646261    0.664434
D_0:
   0.087467  -0.0555697   -0.080017   0.0506871  -0.0035884   0.0022754 -0.00200421 0.000987968 -0.00236358  0.00106753
opening matrixVD_0.txt for writing
