10
1

0.1814081421123902
0.6487474655426851
0.9468634232736279
  1.03366572114473
 1.778577867001387
 1.881251734840852
 2.095238405961331
 2.978017962107478
 5.404808744314274
 12.13880353708407

   0.4747212822969616   -0.2934348043933346   -0.6932407827434952    0.4285589329651568    0.1063459718146691   -0.0632059358418423   0.05066182794033847  -0.02248048368381369   0.06822429589903173  -0.03548484559983603
   0.3286985895868292   -0.1261407869957593    0.1257582457824324   -0.0415696073147675   -0.8350022752108053    0.3297126241961586   0.09929691778138279  -0.05241311262186088    0.1778210510912253  -0.09130179514565742
   0.5351200014298082  -0.04999553413587327    0.4162970895996126  -0.02720723089341384    0.2808435969001045  -0.04136541549950416   -0.3897777548665092    0.3970953033773509    0.2603365615584491   -0.2813055339978168
   0.5069657609594315  0.003806540114437546    0.3838384071166856   0.02092003986256856    0.2284866325495341   0.01728278494224041    0.3492419066664365   -0.4497128034414157    -0.306477752504519    0.3529259029610939
  -0.1234674451514923    -0.133688408895823   0.08955879843102627   0.07984150081905915    0.2544105900073025    0.3929456914479464    0.5605799175622503   0.06345989918681293   -0.0684774596722327     -0.64061730049054
    0.173591462662858    0.2415341471806301   -0.0408528619300321  -0.02728535254885637    -0.246097264904664   -0.4377303627784185    0.2947130239299612    0.5343229239490304   -0.5254344520989892  -0.09221692777942848
  -0.2697970099068761    -0.383834674894489     0.415916155060121    0.6970238660954642   -0.1414407853296595   -0.3096246467128502   0.02279652469064181   0.03449848000223833   0.02894354408286166    0.0512983901896493
   0.0570300362474454    0.2354014166843203 0.0009475334723513529   0.03823953518801553   -0.1206707182967386   -0.3919321938109883   -0.2398656763654058   -0.5847539587122657   -0.1160401745819872   -0.5989659959237189
 -0.04224771606943006   -0.6666929940096675  -0.01606409780887176   -0.2912085888619143   -0.0184354533199413    0.1001895350569106   -0.3433055039696466  -0.01979424502556948   -0.5779313401733842  -0.07773133691994637
 0.004828622859361136    0.4147730782346827  0.005652908062007208    0.4839475150684816  -0.01367740649775334    0.5289181473603757   -0.3696720032785518   0.06143217873914585   -0.4158643654151801   0.01966911772472882

35.55685351969217
54.48869402112594
50.58028871559502
78.12597620111784
68.21186375465861
105.9243800773811
84.27982990986354
131.3416495502454
99.72936937290383
155.7755017029288

1.568369397840634

  0.08746703891820672  -0.05556968853390221  -0.08001696491823605   0.05068709372690233 -0.003588401946945782    0.0022754032904872 -0.002004213204880713 0.0009879683706111155 -0.002363583012110091  0.001067531351993668

 0.004415509526365585   0.01118178504791781   0.01259625996819267   0.01458921252811604  -0.02559542520399494   0.01633380980491366 -0.001937030734358783  -0.06342295215299933    0.6462607386716313    0.6644335652918361

cov:
    1.143070967486913     1.848227350346803   -0.1141616283727932   -0.1512279685907113   0.01360605929624349   0.03291700618314342 -0.008836516940254339  -0.02568569196880318   0.01288195314732769  -0.01719786004975435
    1.848227350346803     39.74683286047467    -0.130391823234634     34.09644681281722   -0.7767873168625635     29.52285735585732    -16.41843452675753      3.27442568274316    -14.89518235587863     1.590403135861207
  -0.1141616283727932    -0.130391823234634     1.138213444545271     1.825779022790805 -0.002447998430804077    0.0100741844972634    0.0108447775886215   0.02077204285281095   0.01257438222214488  0.009060839555799316
  -0.1512279685907113     34.09644681281722     1.825779022790805     39.16404046373047    -1.189848500121903     35.92072524629109    -23.32303802911732     4.401657385376599    -24.67162209458365     1.880643505519003
  0.01360605929624349   -0.7767873168625635 -0.002447998430804077    -1.189848500121903     1.093856833732705   0.06696625238644631     1.319315861364785   0.08545413458425487      1.58657264366371    0.2234178060180681
  0.03291700618314342     29.52285735585732    0.0100741844972634     35.92072524629109   0.06696625238644631     44.51266457120119    -28.73807334262877     5.936379677124366     -33.0003226359945     2.668564421223162
-0.008836516940254339    -16.41843452675753    0.0108447775886215    -23.32303802911732     1.319315861364785    -28.73807334262877     25.66420032655766    -1.539366319395637     27.83104121314705  -0.01863835464929878
 -0.02568569196880318      3.27442568274316   0.02077204285281095     4.401657385376599   0.08545413458425487     5.936379677124366    -1.539366319395637     4.987050808896493    -3.595476576002249     2.766289485646653
  0.01288195314732769    -14.89518235587863   0.01257438222214488    -24.67162209458365      1.58657264366371     -33.0003226359945     27.83104121314705    -3.595476576002249      36.5297965391652    0.8520528515077852
 -0.01719786004975435     1.590403135861207  0.009060839555799316     1.880643505519003    0.2234178060180681     2.668564421223162  -0.01863835464929878     2.766289485646653    0.8520528515077852     4.962641691504968

cov.inverse():
   7.694995050009802   -4.316291476730165   -9.502430444213239    6.096708404720642    1.143923923023639  -0.6911783585698351   0.7315428234501338  -0.3237080677471471    1.108199243724355  -0.5700416512677604
  -4.316291476730171    2.735366353313081    6.079264924936925   -3.864383449692646   -0.730830054866184   0.4365200856736347  -0.4636537951442649   0.2082830297995657  -0.7037883939114988   0.3629374814612814
  -9.502430444213225    6.079264924936937    15.01461166491196   -8.976526743426422   -2.280599213922568    1.403748311105952   -1.078289510014182   0.4795760604200736   -1.366100588746054   0.7041568387381625
   6.096708404720645   -3.864383449692652   -8.976526743426422    5.703836115522622    1.448802841853892  -0.8908957867945561   0.6852766915268188  -0.3075952047671321   0.8678050958760812   -0.446695786290754
   1.143923923023666  -0.7308300548662006   -2.280599213922604    1.448802841853915    2.180904109922129   -0.790418162903355 -0.05332996204050063  0.03436123301833767 -0.08423355372564074  0.01525865917109929
 -0.6911783585698617   0.4365200856736463    1.403748311105977  -0.8908957867945718  -0.7904181629033555   0.5262325976698058  0.04379088075625018 -0.05812186817308524   0.0473959895406528 -0.03019950959753307
  0.7315428234501126  -0.4636537951442538   -1.078289510014155   0.6852766915268014 -0.05332996204050829  0.04379088075625514    0.520481026525918  -0.2947925532509441  -0.1111421457241893  0.05761527768305336
 -0.3237080677471337   0.2082830297995579   0.4795760604200546  -0.3075952047671202  0.03436123301834217 -0.05812186817308811  -0.2947925532509435   0.5078551722263971   0.1029472909125883  -0.2243462136589474
    1.10819924372436  -0.7037883939115001   -1.366100588746055   0.8678050958760821 -0.08423355372564334   0.0473959895406547  -0.1111421457241869   0.1029472909125867   0.4738808513119246  -0.2578411209528459
 -0.5700416512677637   0.3629374814612836   0.7041568387381663  -0.4466957862907566  0.01525865917110033 -0.03019950959753379   0.0576152776830519  -0.2243462136589465  -0.2578411209528462   0.4363058982935981

cov*(cov_.inverse()):
    0.9999999999999645  5.849487560993794e-15 -3.760013134179729e-14  8.576472865229334e-15  3.169122950175129e-16  8.977193988179977e-15  4.024341623831695e-15 -1.119330322874035e-15 -3.094746681142624e-15 -2.940356291780688e-16
-6.217248937900877e-15      1.000000000000004  2.220446049250313e-15 -5.329070518200751e-15  3.923944502659538e-15   5.10702591327572e-15                      0                      0 -1.998401444325282e-15 -2.220446049250313e-15
-1.301042606982605e-17   3.22745302705485e-15      1.000000000000006 -1.902991653146557e-15 -1.016249801324975e-15 -1.161885258144091e-15 -6.765421556309548e-17  2.914335439641036e-16 -2.615095640035037e-16  3.321995456495586e-16
-9.103828801926284e-15  1.509903313490213e-14  1.023625628704394e-13     0.9999999999999597 -9.259953914764196e-15 -1.457167719820518e-16 -4.246603069191224e-15  1.498801083243961e-15 -6.106226635438361e-15  3.663735981263017e-15
 -3.05311331771918e-16  5.967448757360216e-16 -9.992007221626409e-16  2.359223927328458e-16     0.9999999999999993  6.600622826091751e-16  1.647987302177967e-16 -2.775557561562891e-17  1.595945597898663e-16 -1.942890293094024e-16
 4.085620730620576e-14  1.110223024625157e-16  1.687538997430238e-14 -2.109423746787797e-14 -6.286637876939949e-15     0.9999999999999947 -3.747002708109903e-15   1.77635683940025e-15  5.551115123125783e-16  1.554312234475219e-15
 -4.42493264252164e-14  1.188805998086906e-14  9.804657086220914e-15 -1.462718834943644e-14 -7.630723310170229e-15  6.120971784984164e-15     0.9999999999999989  1.098947322031307e-15 -4.683753385137379e-15   6.74807432154978e-16
 5.995204332975845e-15 -2.220446049250313e-15  1.110223024625157e-15  2.220446049250313e-16  5.342948306008566e-16 -2.012279232133096e-15  1.387778780781446e-16     0.9999999999999997   3.33066907387547e-16                      0
  -2.3037127760972e-14  1.160183060733289e-14 -1.343369859796439e-14  3.308464613382966e-14 -2.896988204881268e-16  5.065392549852277e-15 -4.440892098500626e-16  2.220446049250313e-15     0.9999999999999997  2.220446049250313e-16
-2.664535259100376e-15   1.77635683940025e-15  7.549516567451064e-15 -4.884981308350689e-15 -4.024558464266192e-16 -2.498001805406602e-16 -4.996003610813204e-16  2.220446049250313e-16 -8.881784197001252e-16      1.000000000000001
