5
2

0.1426064398211258
0.1935773261168706
0.1962636556294113
   5.4752370918902
 21.14310782810591

  -0.7205038542343447    0.5351073637540624    0.3278678508900943    0.1241353213948577   -0.2676329569102765
 0.009438528264464955     0.429162898899677   -0.8201926786124248     0.378157883622453   0.00327191029664863
 -0.04253725278254082   -0.4864509211161173    0.1060253479436996    0.7862294004708873   -0.3635354713086484
  -0.6469006227926527   -0.4357276019702005   -0.2353050191310091 -0.004730524624047122    0.5798881023269172
   0.2459578756085022    0.3209147452062347     0.391378098350507    0.4726605431050413    0.6781840788890273

 102.450390000284
130.0494644322105
155.8978369413019
185.7662108702832
261.0483712970762

 4.773053619835237
-3.073584871832388

-0.04704326250456211 0.004663057901597938  0.01052718226261647  0.01302730611082312  0.01891174544891391
   2.026058226487365 -0.09523371918117492  -0.2165910679940367  -0.2942099704321807  -0.4218167605048611

  0.000740198342455106 -7.827449605677997e-05  0.0001624075644284375      1.104051844875425      5.824380402258324
  -0.03061442906284825   0.001621071690709794  -0.005423216431558888     -43.81053690450084     -18.83644877735118

cov:
39.59919326928534 43.72797507527575 47.59031975744633 52.05816885668082 63.32566910289811
43.72797507527575 51.75151906699187 59.20867385518218 67.86182606464924 89.72076015267676
47.59031975744633 59.20867385518218 70.16246147765239 82.72159781014994  114.559913676338
52.05816885668082 67.86182606464924 82.72159781014994  99.9004525762281 143.2022975649618
63.32566910289811 89.72076015267676  114.559913676338 143.2022975649618  215.691931653552

cov.inverse():
 25.59012676922275 -18.30341311333679 -11.93438944988511 -5.170606994462701  9.872087695052759
-18.30341311333363  25.14497907875888 -2.101765199371136 -2.331364776501702 -2.421583034801621
-11.93438944988659 -2.101765199367258  23.53234346808522 -4.111258069674074 -5.391005854198366
-5.170606994466146 -2.331364776500471 -4.111258069670437   20.6224031600991 -9.020208414035944
 9.872087695054514 -2.421583034803572 -5.391005854199598 -9.020208414034512  6.965570919115682

cov*(cov_.inverse()):
     1.000000000000227 -2.842170943040401e-14                      0   1.13686837721616e-13 -5.684341886080801e-14
 2.273736754432321e-13                      1  5.684341886080801e-14  -1.13686837721616e-13   1.13686837721616e-13
                     0  5.684341886080801e-14      1.000000000000114                      0                      0
 2.273736754432321e-13   1.70530256582424e-13  4.547473508864641e-13                      1                      0
 4.547473508864641e-13   1.13686837721616e-13  2.273736754432321e-13                      0                      1
