5
2

0.1425747746631176
0.1936755235911695
0.1963653746524098
 5.476978588278782
 21.15274822959254

  -0.7206626969239057    0.5350120538225492    0.3276741862529173    0.1242324850001159   -0.2675879236085292
 0.009592238459961572    0.4298736520115057   -0.8204422582522926    0.3767967754536611  0.003914479431546003
 -0.04242295283608502   -0.4857558643272664    0.1046278181251654    0.7868556857317452   -0.3635281046223649
   -0.646759547400341   -0.4358935043132409    -0.235366295733273 -0.004754394866088334    0.5798957176133339
   0.2458773009914954    0.3209499006699666    0.3913564296706161    0.4726796010401771    0.6781958816102051

102.4495483807012
130.0489375426875
155.8974259260612
185.7656925555686
261.0476555362486

 4.773053619835237
-3.073584871832388

0
0
0
0
0

0
0

0
0
0
0
0

0
0

0
0
0
0
0

0
0

0
0
0
0
0

0
0

0
0
0
0
0

0
0

0
0
0
0
0

0
0

0
0
0
0
0

0
0

0
0
0
0
0

0
0

0
0
0
0
0

0
0

0
0
0
0
0

0
0

0
0
0
0
0

0
0

0
0
0
0
0

0
0

0
0
0
0
0

0
0

0
0
0
0
0

0
0

0
0
0
0
0

0
0

0
0
0
0
0

0
0

0
0
0
0
0

0
0

0
0
0
0
0

0
0

0
0
0
0
0

0
0

0
0
0
0
0

0
0

0
0
0
0
0

0
0

0
0
0
0
0

0
0

0
0
0
0
0

0
0

0
0
0
0
0

0
0

0
0
0
0
0

0
0

0
0
0
0
0

0
0

0
0
0
0
0

0
0

0
0
0
0
0

0
0

0
0
0
0
0

0
0

0
0
0
0
0

0
0

0
0
0
0
0

0
0

0
0
0
0
0

0
0

0
0
0
0
0

0
0

0
0
0
0
0

0
0

0
0
0
0
0

0
0

0
0
0
0
0

0
0

0
0
0
0
0

0
0

0
0
0
0
0

0
0

0
0
0
0
0

0
0

0
0
0
0
0

0
0

0
0
0
0
0

0
0

0
0
0
0
0

0
0

0
0
0
0
0

0
0

0
0
0
0
0

0
0

0
0
0
0
0

0
0

0
0
0
0
0

0
0

0
0
0
0
0

0
0

0
0
0
0
0

0
0

0
0
0
0
0

0
0

0
0
0
0
0

0
0

0
0
0
0
0

0
0

0
0
0
0
0

0
0

0
0
0
0
0

0
0

0
0
0
0
0

0
0

0
0
0
0
0

0
0

0
0
0
0
0

0
0

0
0
0
0
0

0
0

0
0
0
0
0

0
0

0
0
0
0
0

0
0

0
0
0
0
0

0
0

0
0
0
0
0

0
0

0
0
0
0
0

0
0

0
0
0
0
0

0
0

0
0
0
0
0

0
0

0
0
0
0
0

0
0

0
0
0
0
0

0
0

0
0
0
0
0

0
0

0
0
0
0
0

0
0

0
0
0
0
0

0
0

0
0
0
0
0

0
0

0
0
0
0
0

0
0

0
0
0
0
0

0
0

0
0
0
0
0

0
0

0
0
0
0
0

0
0

0
0
0
0
0

0
0

0
0
0
0
0

0
0

0
0
0
0
0

0
0

-0.04708784737370611 0.004688004548841246  0.01053615404833888  0.01305333391138237  0.01887794881100745
   2.027320360413138 -0.09602127996245009  -0.2168905066640821  -0.2950359201056418  -0.4208747419273553

 0.0007412478932588061 -7.833567323318989e-05   0.000163151582490479      1.104391478026501       5.82706886050375
  -0.03064356579086594   0.001624175905935642  -0.005444801112524574     -43.82442058629378     -18.84631456152384

cov:
39.60863535729752 43.75921179899136 47.61617451278817  52.0911311252395 63.36568105325608
43.75921179899136 51.81157568662496 59.26684250045593 67.93421025938672 89.81407029730354
47.61617451278817 59.26684250045593 70.21927794513905 82.79596974117911 114.6599105988067
 52.0911311252395 67.93421025938672 82.79596974117911 99.99964526775497 143.3408013804478
63.36568105325608 89.81407029730354 114.6599105988067 143.3408013804478  215.893314999349

cov.inverse():
 25.61248812874155  -18.3135744781767 -11.93649142084396 -5.173329518727355  9.875480164983543
-18.31357447817689  25.13362399707664 -2.092542280741808 -2.324195589655005 -2.426282555120698
-11.93649142084794 -2.092542280740893  23.51322487502387 -4.103377561300627 -5.389417390200732
-5.173329518721443 -2.324195589656701 -4.103377561307394  20.60159172475138 -9.013705444613088
 9.875480164981822 -2.426282555120121 -5.389417390197022 -9.013705444615658  6.962372427174854

cov*(cov_.inverse()):
    0.9999999999996589  2.842170943040401e-14 -3.979039320256561e-13 -3.410605131648481e-13   1.70530256582424e-13
-3.410605131648481e-13     0.9999999999999716  -1.70530256582424e-13 -4.547473508864641e-13                      0
-4.547473508864641e-13  2.273736754432321e-13     0.9999999999994316                      0                      0
-2.273736754432321e-13                      0 -6.821210263296962e-13     0.9999999999997726   1.13686837721616e-13
-4.547473508864641e-13                      0 -2.273736754432321e-13 -2.273736754432321e-13      1.000000000000227
