5
2

2.495063913582179e-05
4.984744428992013e-05
8.533322732171869e-05
  0.02351410198879393
   0.5184216176653021

-0.00147073587635711 0.008154918976983307  -0.4087018366847074   0.8142323587261616  -0.4122133051300491
-0.07074868704434208   0.5177440547403618  -0.7222468242306027  -0.1516973115135608   0.4269463287473946
  0.6660571401316309  -0.6061563336713666  -0.3291186288083788 -0.01436149362647231   0.2835790205601775
 -0.5945835181941785  -0.4073512353312426  0.05297432736560716   0.3355195692770011   0.6042811847462085
  0.4447817287040799   0.4455491682201717   0.4474337743072265   0.4485910808473363   0.4496934648210179

0.3988767392051418
0.3989473035706366
  0.39901454237862
0.3990346965599468
0.3990502673933825

-6.221955983050142e-05
     0.399049159836789

0
0
0
0
0

0
0

0
0
0
0
0

0
0

0
0
0
0
0

0
0

0
0
0
0
0

0
0

0
0
0
0
0

0
0

0
0
0
0
0

0
0

0
0
0
0
0

0
0

0
0
0
0
0

0
0

0
0
0
0
0

0
0

0
0
0
0
0

0
0

0
0
0
0
0

0
0

0
0
0
0
0

0
0

0
0
0
0
0

0
0

0
0
0
0
0

0
0

0
0
0
0
0

0
0

0
0
0
0
0

0
0

0
0
0
0
0

0
0

0
0
0
0
0

0
0

0
0
0
0
0

0
0

0
0
0
0
0

0
0

0
0
0
0
0

0
0

0
0
0
0
0

0
0

0
0
0
0
0

0
0

0
0
0
0
0

0
0

0
0
0
0
0

0
0

0
0
0
0
0

0
0

0
0
0
0
0

0
0

0
0
0
0
0

0
0

0
0
0
0
0

0
0

0
0
0
0
0

0
0

0
0
0
0
0

0
0

0
0
0
0
0

0
0

0
0
0
0
0

0
0

0
0
0
0
0

0
0

0
0
0
0
0

0
0

0
0
0
0
0

0
0

0
0
0
0
0

0
0

0
0
0
0
0

0
0

0
0
0
0
0

0
0

0
0
0
0
0

0
0

0
0
0
0
0

0
0

0
0
0
0
0

0
0

0
0
0
0
0

0
0

0
0
0
0
0

0
0

0
0
0
0
0

0
0

0
0
0
0
0

0
0

0
0
0
0
0

0
0

0
0
0
0
0

0
0

0
0
0
0
0

0
0

0
0
0
0
0

0
0

0
0
0
0
0

0
0

0
0
0
0
0

0
0

0
0
0
0
0

0
0

0
0
0
0
0

0
0

0
0
0
0
0

0
0

0
0
0
0
0

0
0

0
0
0
0
0

0
0

0
0
0
0
0

0
0

0
0
0
0
0

0
0

0
0
0
0
0

0
0

0
0
0
0
0

0
0

0
0
0
0
0

0
0

0
0
0
0
0

0
0

0
0
0
0
0

0
0

0
0
0
0
0

0
0

0
0
0
0
0

0
0

0
0
0
0
0

0
0

0
0
0
0
0

0
0

0
0
0
0
0

0
0

0
0
0
0
0

0
0

0
0
0
0
0

0
0

0
0
0
0
0

0
0

0
0
0
0
0

0
0

0
0
0
0
0

0
0

0
0
0
0
0

0
0

0
0
0
0
0

0
0

0
0
0
0
0

0
0

 0.1633823271038067  0.5146804553295781   1.792200378253899   2.774436641714926  -5.244684133827749
 0.6978664893269164  0.5476570649884398 0.03364301324999064   0.373314468631895 -0.6524408225040721

 2.298674612267273e-09 -9.192573506126063e-09 -1.689462055883546e-08  -0.001354772683939624  -0.002697485618304513
 3.502373943344731e-10 -3.113749946753897e-10 -4.995233675410346e-10 -0.0005005244210143268     0.1192026410272664

cov:
0.05336466904643284  0.0533948493039968 0.05346880323428633 0.05351426146667506   0.053557685584238
 0.0533948493039968 0.05344458337616701 0.05356657599668389 0.05364152083508147 0.05371299345880268
0.05346880323428633 0.05356657599668389 0.05380668972890369  0.0539541327232114 0.05409456805247592
0.05351426146667506 0.05364152083508147  0.0539541327232114 0.05414607819312556 0.05432884370453845
  0.053557685584238 0.05371299345880268 0.05409456805247592 0.05432884370453845 0.05455187669948071

cov.inverse():
 62942290.16970888 -70205201.04771756 -8574230.861798413  1081653.338030342  14755541.07753325
-70205201.03450817  158446338.5223567  -128449529.089072 -19747415.66703271  59955352.38392648
-8574231.035160676 -128449529.1356454  493128728.4305269 -489811059.3042219  133705897.1465928
 1081653.643925127 -19747415.51257531 -489811060.2528566  1074249959.889874 -565771158.9704317
  14755540.9317913  59955352.28925255  133705897.8752892 -565771159.4587119  357353004.4318004

cov*(cov_.inverse()):
    0.9999999998835847  4.656612873077393e-10 -9.313225746154785e-10  1.117587089538574e-08 -3.725290298461914e-09
-2.328306436538696e-10      1.000000000931323                      0  7.450580596923828e-09                      0
-6.984919309616089e-10 -4.656612873077393e-10     0.9999999981373549  7.450580596923828e-09 -3.725290298461914e-09
-2.328306436538696e-10 -4.656612873077393e-10  3.725290298461914e-09                      1                      0
                     0  4.656612873077393e-10                      0                      0                      1
