5
2

2.500175820490586e-05
 4.99081253121705e-05
8.536181502688661e-05
  0.02351401930111879
   0.5184215340762068

-0.001363165498731539   0.00812159110105003   -0.4088622722704924    0.8142081701623786   -0.4121029962187264
 -0.07089146271962728    0.5178748285278345   -0.7221178489607428   -0.1518104011474012    0.4269420063738316
   0.6660439289821779   -0.6060444279075992   -0.3292029858510618   -0.0145388939816196     0.283742225861205
  -0.5945816649231821   -0.4073520821645709   0.05297158929857774     0.335519421227515    0.6042827596412977
   0.4447815988734871    0.4455492501324552    0.4474336368223207    0.4485911237254267    0.4496936060971539

0.3988764864542861
0.3989473699767807
0.3990145412202878
0.3990347092399972
0.3990502612453388

-6.221955983050142e-05
     0.399049159836789

 0.1644346045782549  0.5187278220023736   1.792742303861693   2.753381979610161  -5.229269212994031
 0.6983899996941615  0.5475232470858191   0.030864264552279  0.3771874936279146 -0.6539243177315834

 2.292714742103462e-09 -9.186593244841336e-09  -1.68964284231586e-08  -0.001354767938143786  -0.002697479385753418
 3.547178974984966e-10 -3.105998012714696e-10 -4.944380699705406e-10 -0.0005005216053537953     0.1192026239419602

cov:
 0.0533646182696434  0.0533948252910703 0.05346875501486396 0.05351423481437985 0.05355767094590611
 0.0533948252910703 0.05344458552752847 0.05356655278035981 0.05364151893065434 0.05371300323070313
0.05346875501486396 0.05356655278035981 0.05380663914504963 0.05395410332696844 0.05409454999094677
0.05351423481437985 0.05364151893065434 0.05395410332696844  0.0541460706007534 0.05432884788857575
0.05355767094590611 0.05371300323070313 0.05409454999094677 0.05432884788857575 0.05455189295719456

cov.inverse():
 62901796.32654579 -70152760.89110124 -8647360.156452673  1215792.374598319  14682610.93598921
-70152760.85407896   158184822.137394 -128069708.9266179 -19775641.92771184  59812731.62899069
-8647360.084037317 -128069708.5345137  491655149.0477152 -487895019.6060749  132956915.1192711
 1215792.086700666 -19775642.56688623 -487895017.8071607  1069828485.857481  -563371714.845207
 14682611.11444873  59812731.91308205  132956913.7848822 -563371713.9733701  355918076.6075972

cov*(cov_.inverse()):
     1.000000000116415                      0 -2.793967723846436e-09  1.117587089538574e-08 -3.725290298461914e-09
 2.328306436538696e-10     0.9999999990686774  1.862645149230957e-09 -3.725290298461914e-09                      0
-3.492459654808044e-10                      0                      1 -3.725290298461914e-09                      0
-4.656612873077393e-10  4.656612873077393e-10 -1.862645149230957e-09      1.000000007450581                      0
-2.328306436538696e-10 -4.656612873077393e-10                      0  3.725290298461914e-09                      1
