5
2

0.0001119697154980383
0.0003193007533650926
0.0008705481945367501
  0.01371966305259117
    0.515064114172172

  -0.4571078691384788    0.8115145321383693   -0.3638218683015224 -0.001854217475908528   0.01125922391039287
   0.3933969569041411   -0.1453722399890719   -0.8082838207181086    0.1969742929009005    0.3632962141843043
  0.07281776996617567   0.06971051022196617   0.08597192652738199   -0.8057814048493745    0.5772028868516551
  -0.6573422949847236   -0.3406169690918001   0.08231034366719744    0.3337290120503382    0.5776946783831631
   0.4459707500179924    0.4465776540537067    0.4473753999556577    0.4478157700758379      0.44832441001375

0.4013531713062904
0.4015024389111194
 0.401730970610347
 0.401784382781681
0.4018819891579819

-0.001111491037143473
   0.4013938072247499

   4.501254363365493    1.281075826652972   -5.137776597571392  -0.1110775913474523  -0.5333220844893234
   1.676135631092949 -0.08706666354884007   -0.515026013140415   0.1082678507627549  -0.1822707638232297

 1.060008561139727e-08  5.629532393343397e-07 -1.841279335147995e-07  -0.000783650737622242  -0.002077452873969329
-8.170578444176906e-09   1.06381668601046e-07 -9.150498847119156e-08 -0.0002228059379383696     0.1180500269235098

cov:
0.05284506740058477 0.05287765367105468  0.0529196884523519  0.0529406702953347 0.05297074533048909
0.05287765367105468 0.05292926963053055 0.05299666416733156 0.05303265836345634 0.05307734759527663
 0.0529196884523519 0.05299666416733156 0.05309795793837154 0.05315397581633825 0.05321819973934368
 0.0529406702953347 0.05303265836345634 0.05315397581633825 0.05322265069384759 0.05329756200808552
0.05297074533048909 0.05307734759527663 0.05321819973934368 0.05329756200808552 0.05338519754325381

cov.inverse():
 18193445.98275344 -30140926.70871766  10154092.48473485  749064.7457534041  1044750.337796951
-30140926.70876371  52742383.04852286 -22389350.61920799  -475603.629140171  262825.6987603076
 10154092.48489268 -22389350.61943499  16975742.29579945 -1599067.461404455 -3141218.101244342
 749064.7456091836 -475603.6289170845 -1599067.461458545  1238162.853894046   87546.5774790615
 1044750.337829384  262825.6987181834 -3141218.101259426  87546.57750383922  1746058.129167671

cov*(cov_.inverse()):
    0.9999999999417923  -1.01863406598568e-10 -8.731149137020111e-11  6.366462912410498e-12  -2.91038304567337e-11
 4.365574568510056e-11      1.000000000090949                      0  1.000444171950221e-11  1.455191522836685e-11
 2.037268131971359e-10 -1.491571310907602e-10     0.9999999998835847  1.182343112304807e-11                      0
-5.093170329928398e-11  3.310560714453459e-10 -8.731149137020111e-11     0.9999999999881766  -2.91038304567337e-11
-5.093170329928398e-11  4.547473508864641e-11  -2.91038304567337e-11  9.094947017729282e-13     0.9999999999854481
