6
2

0.0001271136887332859
0.0001611227391168546
  0.00021153301204288
0.0005116695820251498
  0.04695523347998543
   0.6557422741812269

 0.0114981614549162 0.01242983856271652  0.1022059280804266 -0.5903474673127715  0.7483474639015466 -0.2841358491482541
0.06688692465578874  0.1680388454216878 -0.7607261638474011  0.4430798564155616  0.3486448718267446 -0.2659168734118457
-0.3491602901756908  0.8133998973877117 -0.1910025800105252 -0.3288235927479266 -0.1597131475197442   0.215296234256644
 0.6248803105297255 -0.1451468467823293 -0.4299459009565931 -0.4176664493304991 -0.1002255188155235  0.4680951774093137
-0.5714227135617828 -0.3586862435082655 -0.1602390492856106 0.06790449347185772  0.3316771684297589  0.6360211819872112
 0.3955776830100978  0.4003318923835409  0.4047686199141743   0.409864453689864  0.4157639215359468  0.4225713290419867

0.4028666275452146
0.4030179666373652
0.4029831712606858
 0.402947399270252
 0.402907122997243
0.4028623516607212

0.0008629402379879718
   0.4031691985768119

0
0
0
0
0
0

0
0

0
0
0
0
0
0

0
0

0
0
0
0
0
0

0
0

0
0
0
0
0
0

0
0

0
0
0
0
0
0

0
0

0
0
0
0
0
0

0
0

0
0
0
0
0
0

0
0

0
0
0
0
0
0

0
0

0
0
0
0
0
0

0
0

0
0
0
0
0
0

0
0

0
0
0
0
0
0

0
0

0
0
0
0
0
0

0
0

0
0
0
0
0
0

0
0

0
0
0
0
0
0

0
0

0
0
0
0
0
0

0
0

0
0
0
0
0
0

0
0

0
0
0
0
0
0

0
0

0
0
0
0
0
0

0
0

0
0
0
0
0
0

0
0

0
0
0
0
0
0

0
0

0
0
0
0
0
0

0
0

0
0
0
0
0
0

0
0

0
0
0
0
0
0

0
0

0
0
0
0
0
0

0
0

0
0
0
0
0
0

0
0

0
0
0
0
0
0

0
0

0
0
0
0
0
0

0
0

0
0
0
0
0
0

0
0

0
0
0
0
0
0

0
0

0
0
0
0
0
0

0
0

0
0
0
0
0
0

0
0

0
0
0
0
0
0

0
0

0
0
0
0
0
0

0
0

0
0
0
0
0
0

0
0

0
0
0
0
0
0

0
0

0
0
0
0
0
0

0
0

0
0
0
0
0
0

0
0

0
0
0
0
0
0

0
0

0
0
0
0
0
0

0
0

0
0
0
0
0
0

0
0

0
0
0
0
0
0

0
0

0
0
0
0
0
0

0
0

0
0
0
0
0
0

0
0

0
0
0
0
0
0

0
0

0
0
0
0
0
0

0
0

0
0
0
0
0
0

0
0

0
0
0
0
0
0

0
0

0
0
0
0
0
0

0
0

0
0
0
0
0
0

0
0

0
0
0
0
0
0

0
0

0
0
0
0
0
0

0
0

0
0
0
0
0
0

0
0

0
0
0
0
0
0

0
0

0
0
0
0
0
0

0
0

0
0
0
0
0
0

0
0

0
0
0
0
0
0

0
0

0
0
0
0
0
0

0
0

0
0
0
0
0
0

0
0

0
0
0
0
0
0

0
0

0
0
0
0
0
0

0
0

0
0
0
0
0
0

0
0

0
0
0
0
0
0

0
0

0
0
0
0
0
0

0
0

0
0
0
0
0
0

0
0

0
0
0
0
0
0

0
0

0
0
0
0
0
0

0
0

0
0
0
0
0
0

0
0

0
0
0
0
0
0

0
0

0
0
0
0
0
0

0
0

0
0
0
0
0
0

0
0

0
0
0
0
0
0

0
0

0
0
0
0
0
0

0
0

0
0
0
0
0
0

0
0

0
0
0
0
0
0

0
0

0
0
0
0
0
0

0
0

0
0
0
0
0
0

0
0

0
0
0
0
0
0

0
0

-4.611198171576885 0.3682754458492348  5.218513265348301  8.759832972047407  8.343011269705476 -18.07859362384278
0.9184098856620571 0.1005242028120585 0.1985824176965956 0.7859671451709777 0.6906215091398504 -1.694088191271426

 1.081580541739561e-07  1.916160963461645e-07 -3.218294770913814e-07 -4.748096929810249e-06   -0.01426438117543756    -0.0622604178799153
 9.150021609661079e-09  2.509784856593063e-08 -4.520765263283228e-08 -1.875992040763592e-07   -0.00305963547539011     0.1622501872319682

cov:
0.06800683428372307 0.06854734969775586  0.0690519763035085 0.06963134039044358 0.07030255589183938 0.07107713163362311
0.06854734969775586 0.06919758205214704 0.06980436107721508 0.07050114454993145 0.07130808486576576 0.07223922983983137
 0.0690519763035085 0.06980436107721508 0.07050652094626159 0.07131282224058519 0.07224640023727402 0.07332364757373139
0.06963134039044358 0.07050114454993145 0.07131282224058519  0.0722450941455452 0.07332426125251476 0.07456950475967603
0.07030255589183938 0.07130808486576576 0.07224640023727402 0.07332426125251476 0.07457185153404117 0.07601138867947474
0.07107713163362311 0.07223922983983137 0.07332364757373139 0.07456950475967603 0.07601138867947474 0.07767518980821213

cov.inverse():
 4396674.926868447 -6251610.421730459 -1423008.083963693   2290433.86611536  2437768.637502924 -1450219.509404476
-6251610.421906603  15963823.93302386 -8079114.640702282 -3331978.560596007 -15352.49098377794   1714232.05921918
-1423008.083731744 -8079114.639791016  24459582.48741886 -14628351.12951863  -4636449.66082419  4307146.508529201
 2290433.865395636 -3331978.564010728 -14628351.12232148  32213998.03996527 -20057701.12733766  3513837.496211548
 2437768.638815268 -15352.48769239557  -4636449.67036071 -20057701.12252342   39950188.1959167 -17678432.40251904
-1450219.510052881  1714232.058255066  4307146.512011825  3513837.494460025 -17678432.40263764  9593346.641780125

cov*(cov_.inverse()):
    0.9999999999417923  1.455191522836685e-10  -2.91038304567337e-10  8.731149137020111e-11 -9.313225746154785e-10 -1.164153218269348e-10
 7.275957614183426e-11     0.9999999999708962 -4.656612873077393e-10  -2.91038304567337e-10                      0 -1.164153218269348e-10
-1.455191522836685e-11  -2.91038304567337e-10      1.000000000232831   -7.8580342233181e-10  2.328306436538696e-10 -2.328306436538696e-10
                     0  1.455191522836685e-10 -2.328306436538696e-10     0.9999999994179234                      0 -2.328306436538696e-10
-5.820766091346741e-11  2.182787284255028e-10 -1.164153218269348e-10 -8.731149137020111e-10                      1 -1.164153218269348e-10
-1.455191522836685e-11 -8.731149137020111e-11                      0 -1.164153218269348e-10                      0     0.9999999998835847
