5 
11 
12 
13 
15 
inputFileName = /Users/demattia/RemoteProjects/extracted_endcaps.root
eventsFractionStartBuild = 0
eventsFractionEndBuild = 0.2
eventsFractionStartTest = 0.8
eventsFractionEndTest = 1
var name = R
var name = z
par name = cotTheta
firstOrderChargeOverPtCoefficientsFileName = 
firstOrderCotThetaCoefficientsFileName = 
2 < pT < 10, pT regions = 1
0 < phi < 0.8, phi regions = 1
-3 < eta < 3, eta regions = 1
-15 < z0 < 15, eta regions = 1
charge regions = 1
endcap regions = 0
Training
Requested running from track number 0 to track number 1000000 for a total of 1000000 tracks.
Analyzed 10% of 1000000 tracks
Analyzed 20% of 1000000 tracks
Analyzed 30% of 1000000 tracks
Analyzed 40% of 1000000 tracks
Analyzed 50% of 1000000 tracks
Analyzed 60% of 1000000 tracks
Analyzed 70% of 1000000 tracks
Analyzed 80% of 1000000 tracks
Analyzed 90% of 1000000 tracks
Analyzed 100% of 1000000 tracks
Evaluating eigenvalues:
geomIndex = 0
Sqrt(eigenvalues) of cov:
 0.0532605 0.0939361 0.549172 1.1583 1.37992 1.88378 2.23334 3.01398 4.84284 14.1546
Analyzed 10% of 1000000 tracks
Analyzed 20% of 1000000 tracks
Analyzed 30% of 1000000 tracks
Analyzed 40% of 1000000 tracks
Analyzed 50% of 1000000 tracks
Analyzed 60% of 1000000 tracks
Analyzed 70% of 1000000 tracks
Analyzed 80% of 1000000 tracks
Analyzed 90% of 1000000 tracks
Analyzed 100% of 1000000 tracks
opening GeometricIndex.txt for writing
Matrices built:
geomIndex = 0

V_0:
   0.0244851  -0.00578395    -0.457688     0.119292     0.778426     -0.21045    -0.340478    0.0974489 -8.78228e-05  7.95576e-05
    0.426702    -0.114075    -0.688448     0.195214    -0.208278    0.0562049     0.474898    -0.142037   0.00451046    0.0241221
   -0.676744     0.122914   -0.0845108    0.0185505     0.218969   -0.0586291     0.566278    -0.139918    -0.340496     0.108876
    0.543716    0.0627942     0.385831   -0.0584543     0.233674    -0.338412     0.277212     0.121274    -0.438565     0.308429
   -0.209319   -0.0475098   -0.0778754     0.323291    -0.312537    -0.606331    0.0258588     0.565803     0.194341     0.139499
   0.0654093    0.0366493     0.241264     0.636574    0.0389028    -0.186358    0.0256767    -0.283482    -0.127269    -0.630462
  -0.0607049   -0.0831143    0.0900562     0.458943   -0.0547918   0.00180432    -0.231472    -0.496165    0.0933581     0.677634
   0.0153986    0.0189215    0.0951192      0.47029     0.123579     0.657337    0.0675994     0.536693    -0.127027     0.114346
   -0.107338    -0.656013    -0.124009   -0.0412154    -0.202883  -0.00803676    -0.292696    0.0361424    -0.640787    -0.047303
   0.0134526     0.725729    -0.252478    0.0256119    -0.299154  -0.00811021    -0.340414   0.00486467    -0.449753    0.0315019
corrPV_0:
-8.38699e-05  -0.00188366   -0.0521345    0.0521759  -0.00720441   -0.0269941     0.127293    0.0849076      1.07958      4.25788
D_0:
  0.0405522  -0.0111001    0.180682  -0.0419896   -0.022372 0.000557835   -0.204696   0.0504793  0.00321792  0.00914472
opening matrixVD_0.txt for writing
