10
1

0.05326047627925692
0.09393612455982951
 0.5491720740087898
  1.158295229165404
  1.379920592901456
  1.883783315351039
  2.233337873802022
  3.013982023946021
  4.842844456343134
  14.15455306624866

   0.02448506164121272  -0.005783951781579155    -0.4576878790031732     0.1192923882271205     0.7784264583845917    -0.2104497177096382    -0.3404776457416659    0.09744887425502873 -8.782283700058927e-05  7.955756382760111e-05
    0.4267020292380116    -0.1140750736335665    -0.6884475092238774     0.1952144383059837    -0.2082778300719303    0.05620494463248013     0.4748982625063169    -0.1420365234666369   0.004510460717354052    0.02412214031707912
   -0.6767435881128164     0.1229140950665712   -0.08451080588496861    0.01855050353046515      0.218969035736832   -0.05862908915451279     0.5662778797399824    -0.1399178796166139    -0.3404961238450642     0.1088759592851305
    0.5437155133678588    0.06279421995124093     0.3858311210479782   -0.05845431788240223     0.2336744589260842    -0.3384118982642579       0.27721186685974     0.1212737815601606    -0.4385646920649949     0.3084293455988915
   -0.2093189263116539   -0.04750976562314164   -0.07787537627772093     0.3232912326615702    -0.3125370424259966    -0.6063306521317392    0.02585880844831642     0.5658033304628043     0.1943405420073287     0.1394991695465499
   0.06540931104631618     0.0366492888259095      0.241263931360483     0.6365737480997167    0.03890276135235145    -0.1863579729243268    0.02567667876519639    -0.2834820274976296    -0.1272689976973497    -0.6304621811631506
  -0.06070486257131605   -0.08311427531449339    0.09005622248296023     0.4589428178498459   -0.05479181921770473   0.001804319414656571    -0.2314720127693054    -0.4961652761785582    0.09335812140712958     0.6776340397294587
   0.01539863992010359    0.01892151943517759     0.0951191868551738     0.4702904137433372     0.1235792505726686     0.6573371761489845    0.06759944910036296     0.5366932180326813     -0.127026648978398     0.1143462520275879
   -0.1073380402525294    -0.6560132651922578     -0.124009025615834    -0.0412153968792128    -0.2028825273609233  -0.008036764246279075    -0.2926956524156734    0.03614241926405684    -0.6407867770132476   -0.04730297174823647
   0.01345259274800201      0.725729064929854    -0.2524781614725508    0.02561192275706175    -0.2991542758487048  -0.008110206551195657     -0.340414253291576   0.004864674992476466    -0.4497534908488485    0.03150193343414158

22.68393851337737
84.36676780107234
35.64754494337532
131.3847983356629
42.35773496764531
156.0369804438248
 50.2679892256478
185.1836474664824
71.08954615083293
262.1438395626144

3.711750625313669

  0.04055215127509181   -0.0111001200824384    0.1806818732648941  -0.04198962202699923  -0.02237197572374096 0.0005578349690286609   -0.2046957685231555   0.05047927360391144  0.003217919585560095  0.009144718359785715

-8.386987987165617e-05  -0.001883663216640758    -0.0521344799440685    0.05217586244121052  -0.007204411469031434   -0.02699414168495571     0.1272927719654164    0.08490762267148357      1.079578756079796      4.257880574604953

cov:
   0.9619775886557518     3.683021109150738 0.0008485606030351003    0.0728279085289414 -0.003038830448676293   0.05349242148055904   -0.0170620121927713  -0.02739263988323629  -0.00251767132734609   0.01572509247231766
    3.683021109150738       115.67147065136    -34.75506842983386     4.297801570884641    -40.27052133337313   -0.9434628777783892    -44.84076793894459    0.3663109486592706    -55.67989667301432     4.982307619953619
0.0008485606030351003    -34.75506842983386     13.67951610210775  -0.09818288917794132     16.00004476769935     0.759027510372743     18.17011782545789   -0.3698487337946324     24.19017352863071    -1.456469417357795
   0.0728279085289414     4.297801570884641  -0.09818288917794132     4.873078631021942     -1.05815285543565     2.010531645633881    -1.648885611981229     0.844514490368324    -2.152787091263067     0.885202874669796
-0.003038830448676293    -40.27052133337313     16.00004476769935     -1.05815285543565     19.33035964739735     1.486352404333175     22.04575455979429  -0.07205492223301883     29.54409428068873    -1.786060703972163
  0.05349242148055904   -0.9434628777783892     0.759027510372743     2.010531645633881     1.486352404333175     4.918000361350853    0.8276069511145818     2.667077917056165    0.1588365151680312     0.760549627534752
  -0.0170620121927713    -44.84076793894459     18.17011782545789    -1.648885611981229     22.04575455979429    0.8276069511145818     25.74083642356445    0.3450746250832048      34.6640013785095     -2.45309747709276
 -0.02739263988323629    0.3663109486592706   -0.3698487337946324     0.844514490368324  -0.07205492223301883     2.667077917056165    0.3450746250832048     4.800459800886457     -1.55144096360879   -0.2988193520904002
 -0.00251767132734609    -55.67989667301432     24.19017352863071    -2.152787091263067     29.54409428068873    0.1588365151680312      34.6640013785095     -1.55144096360879     50.76922060132882    -1.800412889048679
  0.01572509247231766     4.982307619953619    -1.456469417357795     0.885202874669796    -1.786060703972163     0.760549627534752     -2.45309747709276   -0.2988193520904002    -1.800412889048679     4.239199725655146

cov.inverse():
  22.60975527304307  -5.806622643679313  -36.88321876518057   10.37595232397003  -3.712422410633965  0.9601454066344108   18.86933401661944  -5.724848657297867  0.7815097175867346   1.013056075756838
 -5.806622643679299   1.563535709402861   9.822651116809844  -2.769023689378015   1.219517402833757  -0.322498838411042  -5.190837055249593   1.577526155997019 -0.2091173564058117 -0.2728086994516296
 -36.88321876519329   9.822651116813278    127.716747151112  -34.45657045033983  -109.3234742185049    29.5084053363173   17.80355124193346  -4.613212469039378 -0.3807356030241148  -1.871581028371679
  10.37595232397341  -2.769023689378909  -34.45657045033932   9.574843262701389   28.08671420417879   -7.69775221360512  -3.797633175104128  0.9691656471023805  0.1075039137474007  0.5092085613609645
 -3.712422410611435   1.219517402827541  -109.3234742185493   28.08671420419123   218.7837156469374  -59.07217960650425  -104.1794270360756    29.9299734049031 -0.4839960127863872 -0.4501027036340203
 0.9601454066283779 -0.3224988384093713   29.50840533632928  -7.697752213608474  -59.07217960650423   16.31819100324348   28.09984668127267  -8.264345445587955  0.1479406118659474 0.04600642182719123
  18.86933401660957  -5.190837055246887   17.80355124196481  -3.797633175112657  -104.1794270360973   28.09984668127852   67.56155758667101  -19.54620738738062 -0.4714550502198359   1.524110230042411
 -5.724848657294904   1.577526155996234  -4.613212469048566  0.9691656471048774    29.9299734049096   -8.26434544558971  -19.54620738738073   5.981747815933943  0.0928276066982695  -0.377093742438055
 0.7815097175865008 -0.2091173564057494 -0.3807356030236929  0.1075039137472823 -0.4839960127863504  0.1479406118659377 -0.4714550502200665 0.09282760669833844  0.5765295049297856 -0.1622600226793108
  1.013056075756877 -0.2728086994516424  -1.871581028370983  0.5092085613607858  -0.450102703635444 0.04600642182757592   1.524110230043075 -0.3770937424382472 -0.1622600226792968  0.3919855761255484

cov*(cov_.inverse()):
    0.9999999999998921  2.725250580759564e-15  9.033745973496821e-14 -9.096716435674779e-14  5.513384887523287e-13 -1.687080379911277e-13 -2.478225957780467e-13 -2.460618514499302e-14   2.66193317388641e-15  3.447762908503904e-15
 -7.72715225139109e-14     0.9999999999999472  3.197442310920451e-13 -1.425526363618701e-13  6.510347816401918e-13 -2.744471316873387e-13  1.607602939657227e-13  1.130207039068409e-13  3.441691376337985e-15  2.842170943040401e-14
-8.681944052568724e-14  2.442490654175344e-14      0.999999999999873  -9.14823772291129e-14  1.940669847044774e-13 -2.447070324151923e-13 -2.091660178393795e-13 -1.620925615952729e-14   3.33066907387547e-16  7.771561172376096e-16
  2.19824158875781e-14 -8.382183835919932e-15  2.442490654175344e-14      1.000000000000003 -8.176792576364278e-14  3.289035710452026e-14  3.863576125695545e-14  6.106226635438361e-16  4.163336342344337e-16  1.332267629550188e-15
-1.389999226830696e-13  5.995204332975845e-15 -2.309263891220326e-13 -9.581224702515101e-14      1.000000000000336 -1.621203171708885e-13  -1.84741111297626e-13 -5.295763827461997e-14  2.164934898019055e-15   1.77635683940025e-15
-4.551914400963142e-15 -1.415534356397075e-15  2.220446049250313e-16 -4.218847493575595e-15 -1.265654248072678e-14     0.9999999999999827  3.663735981263017e-14 -7.327471962526033e-15 -2.775557561562891e-17  7.216449660063518e-16
 7.993605777301127e-15  -1.77635683940025e-15  2.575717417130363e-14  -2.05835348765504e-13 -1.627586954100479e-13 -2.262773302064147e-13        1.0000000000005 -1.044719866172272e-13  1.665334536937735e-15   7.66053886991358e-15
  1.13242748511766e-14 -4.024558464266192e-16 -9.103828801926284e-15  7.632783294297951e-15  2.786659791809143e-14  4.111294638065033e-15  1.892930256985892e-14     0.9999999999999969 -1.734723475976807e-16  2.636779683484747e-16
-4.103384299014579e-13  2.142730437526552e-14  2.073896609999792e-13 -2.057243264630415e-13  6.106226635438361e-15 -1.251915238142942e-13 -3.841371665203042e-13 -1.145750161413162e-13      1.000000000000002 -6.550315845288424e-15
 7.993605777301127e-15 -2.664535259100376e-15  2.042810365310288e-14  1.154631945610163e-14 -1.998401444325282e-15  1.573741137406159e-14 -1.687538997430238e-14  1.221245327087672e-14  1.110223024625157e-16     0.9999999999999996
