10
1

0.07182727455724716
 0.2060521645493169
 0.4805914905688157
  1.120477831050007
  1.618967366533024
  2.052441118147763
   2.20540303012215
  2.785932879092468
   4.63581044522961
  18.51260508960243

 -0.03163268080366427  0.007498553420308116   -0.3898171420510674   0.09154145662526632    0.8028065527282955   -0.1929751588057444   -0.3848772447774113   0.09341874050787456 -0.002660967242660787 -0.001869302557475893
   0.3758530162602267  -0.09379551873079336   -0.7369918317470805    0.1621911174171904  -0.09384960256461015   0.05370856028545658     0.495379590017502   -0.1421316658917274  -0.05217816733991186   0.02137112658863226
  -0.6807224063063074    0.1323526480999072    0.0238779867673996   0.03115550223819984    0.2281078753217513    -0.109401643664038    0.5473894614176145   -0.1109812219194635   -0.3582093681419982    0.1152867320511084
   0.6096309057282511   0.05456516521167267    0.4164686817930496    -0.129191014215246    0.3127644979860892   -0.1376615468301134    0.2086365718960098  -0.05543859134165909   -0.4764469908271746    0.2118008408176967
 -0.01837481948197517   0.02227228918088842 -0.003350691618155851   -0.3257887587120662    0.2294874871734774    0.6735757977812855  -0.06760694087465352   -0.5681770155035033  -0.04900788139122863   -0.2384330403717824
  0.08099736322157863   0.07417758645256133      0.19914048372191    0.5950615612969109   0.08347391889108544   0.05604159242171505    0.1018862760744358    0.0689488738258046   -0.1302250596862058    -0.742953590063657
 -0.01453427265375262  -0.02094747236628653    0.1172921100103887    0.6349532801126856  -0.05671598705207675  -0.02831279389720054   -0.2150570442551035   -0.5830230445101068   0.04772851488044094    0.4358498824039286
  0.01928012793354498   0.02498795172434807   -0.0248986896499781   -0.2889198325041353  -0.09195739022623124   -0.6857969152881611  -0.02179093586141616   -0.5366311568372439    0.1112720832273552   -0.3678401474269223
  -0.1233686420796344   -0.6953130684186825   -0.1060472262237034  -0.02043716637728731   -0.1924895773574351  -0.03085599102437034   -0.2832374438665596 -0.003808649084746447   -0.6034754026241538  -0.08503750064950055
 0.000225618353673912     0.692913966526861   -0.2560815439204529  -0.01893745839163606   -0.2974584893908628  0.006358190539298647   -0.3484318988823927   0.01410023296269106    -0.493712754335816 -0.007478743308539336

22.58968555095996
90.64170194954102
33.16754454151012
130.9978277591901
39.46277420606502
156.0567770327072
46.84153312247186
185.3863112882588
66.00495608388452
261.7331270224441

4.057628718377038

0
0
0
0
0
0
0
0
0
0

0

0
0
0
0
0
0
0
0
0
0

0

0
0
0
0
0
0
0
0
0
0

0

0
0
0
0
0
0
0
0
0
0

0

0
0
0
0
0
0
0
0
0
0

0

0
0
0
0
0
0
0
0
0
0

0

0
0
0
0
0
0
0
0
0
0

0

0
0
0
0
0
0
0
0
0
0

0

0
0
0
0
0
0
0
0
0
0

0

0
0
0
0
0
0
0
0
0
0

0

0
0
0
0
0
0
0
0
0
0

0

0
0
0
0
0
0
0
0
0
0

0

0
0
0
0
0
0
0
0
0
0

0

0
0
0
0
0
0
0
0
0
0

0

0
0
0
0
0
0
0
0
0
0

0

0
0
0
0
0
0
0
0
0
0

0

0
0
0
0
0
0
0
0
0
0

0

0
0
0
0
0
0
0
0
0
0

0

0
0
0
0
0
0
0
0
0
0

0

0
0
0
0
0
0
0
0
0
0

0

0
0
0
0
0
0
0
0
0
0

0

0
0
0
0
0
0
0
0
0
0

0

0
0
0
0
0
0
0
0
0
0

0

0
0
0
0
0
0
0
0
0
0

0

0
0
0
0
0
0
0
0
0
0

0

0
0
0
0
0
0
0
0
0
0

0

0
0
0
0
0
0
0
0
0
0

0

0
0
0
0
0
0
0
0
0
0

0

0
0
0
0
0
0
0
0
0
0

0

0
0
0
0
0
0
0
0
0
0

0

0
0
0
0
0
0
0
0
0
0

0

0
0
0
0
0
0
0
0
0
0

0

0
0
0
0
0
0
0
0
0
0

0

0
0
0
0
0
0
0
0
0
0

0

0
0
0
0
0
0
0
0
0
0

0

0
0
0
0
0
0
0
0
0
0

0

0
0
0
0
0
0
0
0
0
0

0

0
0
0
0
0
0
0
0
0
0

0

0
0
0
0
0
0
0
0
0
0

0

0
0
0
0
0
0
0
0
0
0

0

0
0
0
0
0
0
0
0
0
0

0

0
0
0
0
0
0
0
0
0
0

0

0
0
0
0
0
0
0
0
0
0

0

0
0
0
0
0
0
0
0
0
0

0

0
0
0
0
0
0
0
0
0
0

0

0
0
0
0
0
0
0
0
0
0

0

0
0
0
0
0
0
0
0
0
0

0

0
0
0
0
0
0
0
0
0
0

0

0
0
0
0
0
0
0
0
0
0

0

0
0
0
0
0
0
0
0
0
0

0

0
0
0
0
0
0
0
0
0
0

0

0
0
0
0
0
0
0
0
0
0

0

0
0
0
0
0
0
0
0
0
0

0

0
0
0
0
0
0
0
0
0
0

0

0
0
0
0
0
0
0
0
0
0

0

0
0
0
0
0
0
0
0
0
0

0

0
0
0
0
0
0
0
0
0
0

0

0
0
0
0
0
0
0
0
0
0

0

0
0
0
0
0
0
0
0
0
0

0

0
0
0
0
0
0
0
0
0
0

0

0
0
0
0
0
0
0
0
0
0

0

0
0
0
0
0
0
0
0
0
0

0

0
0
0
0
0
0
0
0
0
0

0

0
0
0
0
0
0
0
0
0
0

0

0
0
0
0
0
0
0
0
0
0

0

0
0
0
0
0
0
0
0
0
0

0

0
0
0
0
0
0
0
0
0
0

0

0
0
0
0
0
0
0
0
0
0

0

0
0
0
0
0
0
0
0
0
0

0

0
0
0
0
0
0
0
0
0
0

0

0
0
0
0
0
0
0
0
0
0

0

0
0
0
0
0
0
0
0
0
0

0

0
0
0
0
0
0
0
0
0
0

0

0
0
0
0
0
0
0
0
0
0

0

0
0
0
0
0
0
0
0
0
0

0

0
0
0
0
0
0
0
0
0
0

0

0
0
0
0
0
0
0
0
0
0

0

  -0.1069122498006133    0.0254392006950347    0.5490858587634931    -0.137602553875368   -0.1918292700462478   0.05046544111771747   -0.2586143636295583   0.05623779751794392 -0.004055872932359039 -0.002993591734159775

-0.001454894116728129   -0.0248292850312941  -0.02563900588756598   0.07525896790370913   0.05749063640119161  -0.05144904811768895    0.0429706784638971   -0.1257629174428581     1.100107178364492     10.24980966621421

cov:
   0.9391617849170589      1.94596269507013    0.6207541604957316   0.08212251228975011    0.6969105279606813    -0.118914482939188    0.8555521726617966 -0.004274884514402443     1.223840180480027   0.04133289081925104
     1.94596269507013     174.9779502756675    -59.15040045841483    -4.154091171745423     -67.7058246091031     1.884690161316482    -78.43622572630741      3.34241874764837    -108.2960992815211   -0.8491728803959425
   0.6207541604957316    -59.15040045841483     23.19681089691793     2.556068673031163     26.76419117693599   -0.4040942103662373     31.29003869215957     -1.42021629672531     44.35269935564225     0.659451429129135
  0.08212251228975011    -4.154091171745423     2.556068673031163     4.532861044482111     2.010083293414715      1.00982508669713     2.056950935092869  -0.02176042174674416     3.156968594903398    0.5646300426646883
   0.6969105279606813     -67.7058246091031     26.76419117693599     2.010083293414715     31.50756765935044    0.3407709260319252     36.86943812356542    -1.222019540638184     52.45383568144362    0.9409765827621986
   -0.118914482939188     1.884690161316482   -0.4040942103662373      1.00982508669713    0.3407709260319252     4.917832142126148   -0.5695134139608626     1.995037088676378    -1.300486038226488     1.302187693172107
   0.8555521726617966    -78.43622572630741     31.29003869215957     2.056950935092869     36.86943812356542   -0.5695134139608626     43.75087362471324   -0.8614274747977937     62.34212062480461    0.8108835104132051
-0.004274884514402443      3.34241874764837     -1.42021629672531  -0.02176042174674416    -1.222019540638184     1.995037088676378   -0.8614274747977937     4.830587814459245    -2.857391941011632     0.388402592220019
    1.223840180480027    -108.2960992815211     44.35269935564225     3.156968594903398     52.45383568144362    -1.300486038226488     62.34212062480461    -2.857391941011632      91.8641503789456     2.453709377323507
  0.04133289081925104   -0.8491728803959425     0.659451429129135    0.5646300426646883    0.9409765827621986     1.302187693172107    0.8108835104132051     0.388402592220019     2.453709377323507     4.682339878104705

cov.inverse():
   5.825946489455058   -1.234491583650962   -3.998171872034417   0.7311873356898352   -6.272478125050164    1.909156502025526    5.237808079825438   -1.525088280844157   0.3802297507667604 -0.05062693174504527
  -1.234491583650929    0.321885675243386    1.099146625297103  -0.2083496874452305    1.527466026974109  -0.4621680289716686   -1.320496557930888   0.3810866051171276 -0.09860117951891935  0.00990543791066688
  -3.998171872034031    1.099146625296831    42.40053984182242   -9.726819498849942    -58.8985361000807     13.5950598248423    20.60894377671882   -4.629598367226251   0.9097510798008652  -0.1702495731748271
   0.731187335689605  -0.2083496874451627   -9.726819498849943    2.479564711280287    13.86414772591813   -3.273418366959126   -4.888485518743037    1.129583848929452  -0.2554456107785917  0.03758726625841755
  -6.272478125050932    1.527466026974423   -58.89853610007292    13.86414772591627    125.4593111627615   -30.22074179408226   -60.39072152701385    14.69226349724398    -0.77411042760018  -0.2070492442546622
    1.90915650202558   -0.462168028971745    13.59505982484037   -3.273418366958663    -30.2207417940822    7.587625879632837    14.72815615140957   -3.709701058121793   0.2318608738671879 -0.02194760498046586
   5.237808079825431   -1.320496557930864    20.60894377671141   -4.888485518741263   -60.39072152700523    14.72815615140749    35.84190698793283   -8.856047760231334   -1.334264871337995   0.6682971957896751
  -1.525088280843884   0.3810866051171198   -4.629598367224411    1.129583848929011    14.69226349724182   -3.709701058121271    -8.85604776023132    2.454431157125046   0.3148137922714726  -0.1574109817297497
  0.3802297507669891 -0.09860117951898081   0.9097510798018554  -0.2554456107788283  -0.7741104276028481   0.2318608738678403   -1.334264871336557   0.3148137922711167   0.8265180876493525  -0.2556484025708671
-0.05062693174511753 0.009905437910685591   -0.170249573175184  0.03758726625850289  -0.2070492442537887  -0.0219476049806792   0.6682971957892401  -0.1574109817296422  -0.2556484025708781   0.3142606860915407

cov*(cov_.inverse()):
     1.000000000000095 -2.823847926325396e-14  6.259524149010431e-13 -2.843992402690176e-14 -3.653674585102351e-13  2.195480125824489e-13 -1.267388971548655e-13 -2.205536100974292e-13    1.4136261605735e-14 -2.128505705023542e-15
 5.434541705540141e-14     0.9999999999999855 -4.601874437071274e-14  6.031286581276163e-14 -2.149391775674303e-13  -1.00825597870724e-13 -3.221867217462204e-13  -2.07334149848748e-14  1.118549697309845e-14  3.885780586188048e-16
 1.889460810033938e-14  6.626643678231403e-16      1.000000000000225  1.318736786437569e-14  3.283762151085057e-13  3.835300133037123e-14 -2.763345108292015e-13  -6.39349684306012e-14  2.131628207280301e-14 -9.492406860545088e-15
 8.305856002976952e-15 -1.124100812432971e-15  5.080658116440873e-14                      1 -3.749778265671466e-14  2.085484562819317e-14 -2.359223927328458e-14 -1.851296893562449e-14 -5.551115123125783e-17 -2.775557561562891e-17
-1.549455008742484e-14  -3.95516952522712e-15  4.895250871328471e-13  4.255623631266303e-14      1.000000000001266  7.917624889053343e-14 -5.881961584464079e-13 -8.729128531115293e-14  2.386979502944087e-15  -3.83026943495679e-15
 5.551115123125783e-17  1.042568809062061e-15 -3.508304757815495e-14  -6.95971058561895e-15 -9.708900350346994e-14      1.000000000000001  8.282263763703668e-14  1.634803403760543e-14 -2.275957200481571e-15  7.216449660063518e-16
 -7.73686670285656e-14  1.371992797150057e-14 -3.397004899596823e-13  2.225997164373439e-13  2.745248472990625e-12 -2.325986625528742e-13     0.9999999999983405  1.099120794378905e-14  -3.05311331771918e-16 -4.829470157119431e-15
 5.006411951669065e-15  -9.22005527481673e-16 -3.996802888650564e-15 -1.009609063018502e-15 -3.655409308578328e-14  1.448494102440634e-15   2.55351295663786e-14      1.000000000000001 -1.013078509970455e-15   3.05311331771918e-16
 6.378231276471524e-14 -2.210731597784843e-14   1.22202248320491e-12 -5.720424134381119e-14 -2.710054403110007e-13  4.931610675384945e-13 -6.015188347419098e-13 -3.154698724472382e-13      1.000000000000041 -9.436895709313831e-15
 3.608224830031759e-15 -7.424616477180734e-16  2.464695114667848e-14 -9.992007221626409e-16  2.109423746787797e-15  6.730727086790012e-15 -1.598721155460225e-14 -8.659739592076221e-15  1.110223024625157e-15     0.9999999999999993
