5
2

0.0002146906366878725
0.0006717685097797474
 0.002710442447314104
   0.0743117617692009
   0.5739155464875706

-0.3022823182652558  0.7951324503051775 -0.5252165014335386  0.0136295024241814 0.01875232842742086
-0.6208290878329165  0.2391977960259189  0.7091395442672299 -0.1434182174757229 -0.1841411950907334
 0.1058211529655925 0.07541604510490892 0.05278653673977168 -0.8072963326235165  0.5732368765156409
-0.5861057486283635 -0.3518342817849859 -0.1642827626761564  0.3277034985691751  0.6311214467110446
 0.4104614217859584  0.4255277419271332  0.4375996901334477    0.46917853735854  0.4886978344059411

0.3938484852871198
0.3934463601620368
0.3930283490181392
0.3919306822650635
0.3912704648063888

0.008503389193704967
  0.3956876676426107

   1.142680952234513    12.74596891101616   -12.48339783929823  -0.5767529318396055  -0.8284218606880919
   1.615789910098988    2.125329915046358   -2.569841276190268 -0.07221240966645354 -0.09905919079416536

 7.523337521256712e-07 -2.833005485918905e-06   3.04103601289656e-06   -0.02106862090300618   -0.08082608734443346
 1.174598912924404e-07 -1.032753338350097e-06  1.448201533171413e-06  -0.007503559995291347      0.118824808952823

cov:
0.05739057428465938 0.05866897500730689 0.05969390796568067 0.06237047824480884 0.06402847373930409
0.05866897500730689 0.06032561653177356 0.06165321347704371 0.06512286722670817 0.06726993655054085
0.05969390796568067 0.06165321347704371 0.06322324312558225 0.06732794375324853  0.0698666393799829
0.06237047824480884 0.06512286722670817 0.06732794375324853 0.07310354520533163     0.0766609074847
0.06402847373930409 0.06726993655054085  0.0698666393799829     0.0766609074847 0.08086615715328282

cov.inverse():
 2838115.823593201 -5542607.271323046  2469684.532616356  96256.42370201864  138536.9599093793
-5542607.271330042  13844382.40952164 -8684055.655693825  150795.3565237662  231736.4208445837
 2469684.532625495 -8684055.655706076  7099553.249242689 -386487.4961872338 -498944.2324927862
 96256.42370072081    150795.35652784 -386487.4961902825   138342.516333271  1112.625053989339
 138536.9599085334  231736.4208457692 -498944.2324928532  1112.625053716633  127569.5278838005

cov*(cov_.inverse()):
     1.000000000016371 -8.185452315956354e-11 -8.003553375601768e-11 -5.115907697472721e-13  9.094947017729282e-13
-7.275957614183426e-12     0.9999999998963176 -5.093170329928398e-11  9.237055564881302e-13 -1.818989403545856e-12
 4.365574568510056e-11 -7.457856554538012e-11      1.000000000007276 -1.790567694115452e-12 -3.637978807091713e-12
-3.092281986027956e-11  1.491571310907602e-10 -1.091393642127514e-10      1.000000000001791 -1.818989403545856e-12
 1.818989403545856e-12  4.365574568510056e-11                      0 -1.037392394209746e-12                      1
