5
2

8.133152601094691e-05
9.809681825834406e-05
 0.000291254667715235
  0.01715813329074865
    0.517404952730066

 0.02537929256136027   0.2904251279074373  -0.8101019475558442   0.5084710762900929 -0.01418223295735735
 -0.4476980684533559   0.7988503402303511  0.02066870960156491  -0.4002149017414449   0.0283797513110882
  0.5617760775807823 0.003763320915419693   -0.371573390904515  -0.6105652537939987   0.4165774383050881
 -0.5334874583751089  -0.2795404934081376 -0.07363865903948826  0.09099687579098706   0.7896487578618401
  0.4457814502944651   0.4464687323370183   0.4470102930316273   0.4474537254915083   0.4493456699316105

0.3943443392746608
0.3943998113970814
 0.394508566427077
0.3945059194073717
0.3944940455370374

7.253018966782405e-06
   0.3945246552260426

0
0
0
0
0

0
0

0
0
0
0
0

0
0

0
0
0
0
0

0
0

0
0
0
0
0

0
0

0
0
0
0
0

0
0

0
0
0
0
0

0
0

0
0
0
0
0

0
0

0
0
0
0
0

0
0

0
0
0
0
0

0
0

0
0
0
0
0

0
0

0
0
0
0
0

0
0

0
0
0
0
0

0
0

0
0
0
0
0

0
0

0
0
0
0
0

0
0

0
0
0
0
0

0
0

0
0
0
0
0

0
0

0
0
0
0
0

0
0

0
0
0
0
0

0
0

0
0
0
0
0

0
0

0
0
0
0
0

0
0

0
0
0
0
0

0
0

0
0
0
0
0

0
0

0
0
0
0
0

0
0

0
0
0
0
0

0
0

0
0
0
0
0

0
0

0
0
0
0
0

0
0

0
0
0
0
0

0
0

0
0
0
0
0

0
0

0
0
0
0
0

0
0

0
0
0
0
0

0
0

0
0
0
0
0

0
0

0
0
0
0
0

0
0

0
0
0
0
0

0
0

0
0
0
0
0

0
0

0
0
0
0
0

0
0

0
0
0
0
0

0
0

0
0
0
0
0

0
0

0
0
0
0
0

0
0

0
0
0
0
0

0
0

0
0
0
0
0

0
0

0
0
0
0
0

0
0

0
0
0
0
0

0
0

0
0
0
0
0

0
0

0
0
0
0
0

0
0

0
0
0
0
0

0
0

0
0
0
0
0

0
0

0
0
0
0
0

0
0

0
0
0
0
0

0
0

0
0
0
0
0

0
0

0
0
0
0
0

0
0

0
0
0
0
0

0
0

0
0
0
0
0

0
0

0
0
0
0
0

0
0

0
0
0
0
0

0
0

0
0
0
0
0

0
0

0
0
0
0
0

0
0

0
0
0
0
0

0
0

0
0
0
0
0

0
0

0
0
0
0
0

0
0

0
0
0
0
0

0
0

0
0
0
0
0

0
0

0
0
0
0
0

0
0

0
0
0
0
0

0
0

0
0
0
0
0

0
0

0
0
0
0
0

0
0

0
0
0
0
0

0
0

0
0
0
0
0

0
0

0
0
0
0
0

0
0

0
0
0
0
0

0
0

0
0
0
0
0

0
0

0
0
0
0
0

0
0

0
0
0
0
0

0
0

0
0
0
0
0

0
0

0
0
0
0
0

0
0

0
0
0
0
0

0
0

0
0
0
0
0

0
0

0
0
0
0
0

0
0

  2.378664958363825   2.496880719076639   2.481136341165855  -6.598851970193581 -0.7579336909349582
  1.051106687585091  0.8587972269327502 0.03450582685633627 -0.8488680624550234 -0.0953773595547808

-3.022325698416855e-08  3.464699354537521e-08  3.509422190382311e-07 -0.0009858480208641207  -0.002414123553042935
-1.204775113447408e-09  5.323513438573668e-09  8.987275231006243e-08 -0.0002814245401341565     0.1190571527354939

cov:
0.05328302378262473 0.05332512676960751 0.05335740263081108 0.05338445457594342 0.05350055480874544
0.05332512676960751 0.05338638372059873 0.05343415943728191 0.05347361008977072 0.05364224690266906
0.05335740263081108 0.05343415943728191  0.0534945207786393 0.05354401672889338 0.05375524647931209
0.05338445457594342 0.05347361008977072 0.05354401672889338 0.05360156308205092 0.05384685323398117
0.05350055480874544 0.05364224690266906 0.05375524647931209 0.05384685323398117 0.05423689635079578

cov.inverse():
 24647289.33305769 -36025856.80199468 -6530317.887253075  16526804.14501498  1382577.305156112
-36025856.80482561  79068027.52445614 -33868324.42125825 -10926392.44894285  1750997.125860262
 -6530317.88179288 -33868324.43243227  100883381.0736393 -60456517.13291518 -27087.81562593098
 16526804.14260002 -10926392.44049709 -60456517.13967263  60124755.13903161 -5268569.084860835
 1382577.304941884  1750997.125757583  -27087.8145825473 -5268569.085587305  2161939.810671658

cov*(cov_.inverse()):
    0.9999999998399289  4.511093720793724e-10   8.11269273981452e-10                      0  1.455191522836685e-11
-2.328306436538696e-10                      1 -2.248725650133565e-10 -4.656612873077393e-10  7.275957614183426e-11
-4.365574568510056e-11  1.164153218269348e-10      1.000000000216687 -1.746229827404022e-10  1.455191522836685e-11
 -2.91038304567337e-11 -3.055902197957039e-10  4.661160346586257e-10     0.9999999990686774  1.455191522836685e-11
-2.328306436538696e-10  1.600710675120354e-10 -1.493845047662035e-10 -1.164153218269348e-10     0.9999999999854481
