5 
6 
7 
11 
12 
13 
inputFileName = /Users/demattia/RemoteProjects/extracted_hybrid.root
eventsFractionStartBuild = 0
eventsFractionEndBuild = 0.2
eventsFractionStartTest = 0.8
eventsFractionEndTest = 1
var name = R
var name = z
par name = cotTheta
firstOrderChargeOverPtCoefficientsFileName = 
firstOrderCotThetaCoefficientsFileName = 
2 < pT < 10, pT regions = 1
0 < phi < 0.8, phi regions = 1
-3 < eta < 3, eta regions = 1
-15 < z0 < 15, eta regions = 1
charge regions = 1
endcap regions = 0
Training
Requested running from track number 0 to track number 1000000 for a total of 1000000 tracks.
Analyzed 10% of 1000000 tracks
Analyzed 20% of 1000000 tracks
Analyzed 30% of 1000000 tracks
Analyzed 40% of 1000000 tracks
Analyzed 50% of 1000000 tracks
Analyzed 60% of 1000000 tracks
Analyzed 70% of 1000000 tracks
Analyzed 80% of 1000000 tracks
Analyzed 90% of 1000000 tracks
Analyzed 100% of 1000000 tracks
Evaluating eigenvalues:
geomIndex = 0
Sqrt(eigenvalues) of cov:
 0.102713 0.338524 0.934582 1.08025 1.15468 1.693 1.98258 2.10263 2.4672 2.81272 6.97732 16.4267
Analyzed 10% of 1000000 tracks
Analyzed 20% of 1000000 tracks
Analyzed 30% of 1000000 tracks
Analyzed 40% of 1000000 tracks
Analyzed 50% of 1000000 tracks
Analyzed 60% of 1000000 tracks
Analyzed 70% of 1000000 tracks
Analyzed 80% of 1000000 tracks
Analyzed 90% of 1000000 tracks
Analyzed 100% of 1000000 tracks
opening GeometricIndex.txt for writing
Matrices built:
geomIndex = 0

V_0:
    0.394364    -0.200295    -0.726318     0.369662     0.334046    -0.169067 -0.000184004 -0.000260824  0.000251881 -0.000326096   0.00078115 -0.000284456
    0.488145    -0.216555   -0.0768315    0.0342188    -0.740503     0.337856    0.0791898   -0.0422134     0.100081    0.0144333     0.132065   -0.0976428
    0.664944   -0.0274849     0.527292   -0.0361662     0.358748   -0.0510695    -0.267228     0.160179   -0.0997349    0.0110657     0.180276   -0.0824847
   0.0128517   0.00240132    0.0457106   0.00667348    0.0805885   0.00441321      0.34231    -0.480598     -0.50079       0.5013     0.126344    -0.353518
     0.27994    0.0612472      0.21294    0.0416906     0.130524    0.0125835     0.484761    -0.403278     0.278717    -0.150625    -0.519792     0.292275
   0.0635613    0.0578483    0.0198283    0.0281824    -0.048021    -0.041504     0.553459     0.639669    -0.295287     0.196928    0.0553734     0.377974
   -0.119599    -0.221893     0.095262     0.138403     0.204118     0.279663       0.1324     0.319668     0.507175     0.425333    -0.202907     -0.43512
    0.211622     0.428351    -0.141039    -0.242131    -0.260256      -0.4539    -0.223603      0.10143    0.0801732     0.418495    -0.409825   -0.0982043
   -0.145252    -0.292822     0.331802     0.670936    -0.262089    -0.468695    -0.118524   -0.0464175   -0.0188607     0.117351   -0.0612936     0.102258
   0.0227369     0.127106    0.0369181    0.0818369   -0.0862077    -0.246895     0.294058     0.205268    -0.147016    -0.561403    -0.144543    -0.648532
  -0.0275625    -0.678706   -0.0162705    -0.376108  -0.00144363    -0.018265    -0.136189    0.0807873    -0.355149   -0.0396474    -0.493542    0.0134204
  0.00242845     0.331457    0.0031787     0.426849   0.00303004     0.536245    -0.277918    0.0805264    -0.390658   -0.0183402    -0.428353    0.0139197
corrPV_0:
0.000117428   0.0114246   0.0178013  -0.0055675   0.0112516   0.0122183  -0.0190535  0.00736549   0.0124047  -0.0450269     1.05951     1.96799
D_0:
   0.0691027    -0.035511  -0.00389556    0.0019839   -0.0637565    0.0325189 -0.000656979  0.000371778  -0.00067503 -8.94978e-05 -0.000771362  0.000584539
opening matrixVD_0.txt for writing
