5
2

0.0001309533645689349
0.0001705275361141864
0.0003170102108360829
  0.03731590435640229
   0.5440644870431766

 0.01846699987202023    0.144188765471807  -0.6217119808404085   0.7229733987824752  -0.2639171221422636
 -0.2915258820897699   0.7635968336800723  -0.3646176033933265  -0.3645442401521151   0.2570876036163036
  0.6087037233594433  -0.2898968323002479  -0.5277322334945979  -0.2456203058277462   0.4545425820388221
 -0.5962437617098065  -0.3444560524193158 -0.05476180133815274   0.2801723022275623   0.6665943524757384
  0.4343325727803497   0.4398173826481485   0.4461256000502619   0.4534215566715205   0.4618405862068679

 0.401318778388717
0.4012306743661557
0.4011337737398924
0.4010205376823322
0.4008907360828497

0.002675188843373455
  0.4017445290156973

0
0
0
0
0

0
0

0
0
0
0
0

0
0

0
0
0
0
0

0
0

0
0
0
0
0

0
0

0
0
0
0
0

0
0

0
0
0
0
0

0
0

0
0
0
0
0

0
0

0
0
0
0
0

0
0

0
0
0
0
0

0
0

0
0
0
0
0

0
0

0
0
0
0
0

0
0

0
0
0
0
0

0
0

0
0
0
0
0

0
0

0
0
0
0
0

0
0

0
0
0
0
0

0
0

0
0
0
0
0

0
0

0
0
0
0
0

0
0

0
0
0
0
0

0
0

0
0
0
0
0

0
0

0
0
0
0
0

0
0

0
0
0
0
0

0
0

0
0
0
0
0

0
0

0
0
0
0
0

0
0

0
0
0
0
0

0
0

0
0
0
0
0

0
0

0
0
0
0
0

0
0

0
0
0
0
0

0
0

0
0
0
0
0

0
0

0
0
0
0
0

0
0

0
0
0
0
0

0
0

0
0
0
0
0

0
0

0
0
0
0
0

0
0

0
0
0
0
0

0
0

0
0
0
0
0

0
0

0
0
0
0
0

0
0

0
0
0
0
0

0
0

0
0
0
0
0

0
0

0
0
0
0
0

0
0

0
0
0
0
0

0
0

0
0
0
0
0

0
0

0
0
0
0
0

0
0

0
0
0
0
0

0
0

0
0
0
0
0

0
0

0
0
0
0
0

0
0

0
0
0
0
0

0
0

0
0
0
0
0

0
0

0
0
0
0
0

0
0

0
0
0
0
0

0
0

0
0
0
0
0

0
0

0
0
0
0
0

0
0

0
0
0
0
0

0
0

0
0
0
0
0

0
0

0
0
0
0
0

0
0

0
0
0
0
0

0
0

0
0
0
0
0

0
0

0
0
0
0
0

0
0

0
0
0
0
0

0
0

0
0
0
0
0

0
0

0
0
0
0
0

0
0

0
0
0
0
0

0
0

0
0
0
0
0

0
0

0
0
0
0
0

0
0

0
0
0
0
0

0
0

0
0
0
0
0

0
0

0
0
0
0
0

0
0

0
0
0
0
0

0
0

0
0
0
0
0

0
0

0
0
0
0
0

0
0

0
0
0
0
0

0
0

0
0
0
0
0

0
0

0
0
0
0
0

0
0

0
0
0
0
0

0
0

0
0
0
0
0

0
0

0
0
0
0
0

0
0

0
0
0
0
0

0
0

0
0
0
0
0

0
0

0
0
0
0
0

0
0

 -6.105718962270341    4.73934647941001   10.17085499897667   9.835338475979919  -18.63978201530105
  1.441861389761453  0.6135809534232628  0.1475423415848073 0.05767896738462652  -1.260687492405383

 1.076482229791622e-07 -1.944561550921715e-07 -2.145208231519102e-06   -0.01144415077723847   -0.05299701578923938
 6.821560935124525e-09 -1.019944073562871e-08  3.489715250585483e-09  -0.002650355703276672      0.120133980636274

cov:
0.05633509360261657 0.05683113682081612 0.05740162805736307 0.05806157037549339  0.0588231721087743
0.05683113682081612 0.05742447754394757  0.0581067648917593 0.05889596064588887 0.05980666757113789
0.05740162805736307  0.0581067648917593 0.05891774463939378 0.05985564942217666 0.06093793254877916
0.05806157037549339 0.05889596064588887 0.05985564942217666 0.06096555913739202 0.06224624408421058
 0.0588231721087743 0.05980666757113789 0.06093793254877916 0.06224624408421058 0.06375591458003914

cov.inverse():
 6629648.803070094 -9255615.634751692 -210643.8398554013  2945287.117658293 -108637.8557101644
 -9255615.63385018  22099844.54722644 -13279494.19650246 -2785196.738092464  3220400.399798196
-210643.8423374755 -13279494.19234566  29882619.82659765 -20349990.52687436  3957569.135367963
 2945287.119932926 -2785196.742905895 -20349990.52410983  35650069.88660789 -15460124.81805788
-108637.8564042354  3220400.401356325  3957569.134278184 -15460124.81783217  8390729.434595425

cov*(cov_.inverse()):
    0.9999999998353815 -5.820766091346741e-11 -2.037268131971359e-10  1.164153218269348e-10 -5.820766091346741e-11
-2.728484105318785e-12     0.9999999998835847                      0  4.656612873077393e-10                      0
-1.682565198279917e-10 -1.164153218269348e-10      1.000000000116415  3.492459654808044e-10                      0
-2.182787284255028e-11 -2.328306436538696e-10 -8.731149137020111e-11      1.000000000465661 -5.820766091346741e-11
-6.548361852765083e-11 -8.731149137020111e-11   2.91038304567337e-11                      0                      1
