5
2

0.0001309311555721013
0.0001705302472634969
0.0003169909875073344
  0.03731621196362476
   0.5440661612742653

 0.01841737673260479   0.1442332852134164  -0.6216909069539397   0.7229768296529149  -0.2639365068849755
 -0.2914329019777977   0.7635486813262211  -0.3646759271686865  -0.3646068635362725   0.2571644961803412
  0.6087479682768098  -0.2900040524085239  -0.5277166792671669  -0.2455181641790847   0.4544881716688087
 -0.5962457883438587  -0.3444543294506444 -0.05476092036056734   0.2801710722721451    0.666594019376155
  0.4343322862511558   0.4398170474082092   0.4461258033099458   0.4534218126284518   0.4618407272889155

0.4013186234868033
0.4012305861736351
0.4011336734912309
0.4010204156820829
0.4008906391893814

0.002675188843373455
  0.4017445290156973

 -6.104537000154133   4.732484664798914   10.17236979114694   9.846486883561855  -18.64676962690605
  1.442052800680126   0.612765439703936  0.1479993833942831 0.05827195741234992  -1.261115352186274

 1.077680233778107e-07 -1.949112334259718e-07 -2.145209743279634e-06   -0.01144424885277059   -0.05299701861851622
 6.821423119903057e-09 -1.023396421231573e-08  3.473875416410653e-09  -0.002650369745458298     0.1201343875447871

cov:
0.05633537512274422 0.05683140867992389 0.05740196952795607  0.0580619200013324 0.05882350577824608
0.05683140867992389   0.057424743733648 0.05810710442362367 0.05889631132296372  0.0598070066463964
0.05740196952795607 0.05810710442362367 0.05891816083688797 0.05985607910143841 0.06093835433441438
 0.0580619200013324 0.05889631132296372 0.05985607910143841 0.06096600322194818 0.06224668253062539
0.05882350577824608  0.0598070066463964 0.06093835433441438 0.06224668253062539  0.0637563513106196

cov.inverse():
 6628575.201904688 -9253755.255290737 -210272.0764988505  2943138.199646906 -107653.3450431933
-9253755.255674034  22098558.86358613 -13282625.31069971 -2781910.975516445  3219690.614325684
-210272.0759212094 -13282625.31193557  29890228.47139624  -20357165.7373992  3959883.132397739
 2943138.199571425 -2781910.974461866   -20357165.738745  35661698.75357074  -15465725.0652513
-107653.3451620614  3219690.614123682  3959883.133085309   -15465725.065618  8393748.936232653

cov*(cov_.inverse()):
     1.000000000016371  2.619344741106033e-10  1.164153218269348e-10 -1.164153218269348e-10  5.820766091346741e-11
 5.729816621169448e-11      1.000000000145519  1.746229827404022e-10 -2.328306436538696e-10  1.164153218269348e-10
 5.275069270282984e-11  5.820766091346741e-11      1.000000000291038 -2.328306436538696e-10  5.820766091346741e-11
 3.910827217623591e-11  5.820766091346741e-11  8.731149137020111e-11     0.9999999998835847                      0
 6.639311322942376e-11                      0  -2.91038304567337e-11  1.164153218269348e-10                      1
