5
2

0.0003333171920202579
0.0009317478683329969
 0.002737630321417992
  0.09431795956509337
   0.5661975256031885

 -0.4193933218735657   0.7964641486526749  -0.4337100271115283  0.02348912951967779  0.03313570062864234
 -0.5105637502658701    0.172639536568278   0.7814493419158485  -0.2066969491753322  -0.2369251876623475
 0.09585948759093826  0.06173750636930619  0.02429284816604503  -0.7873270585734971   0.6054134119030474
 -0.6279090775193362  -0.3967409960534694 -0.05919435863944895   0.3343608841400975   0.5770837023185065
  0.3999688081462423    0.417882175597693   0.4440027295360368   0.4743875356615889   0.4931708446383334

0.3943198330149709
 0.393688810938256
0.3928531790253837
0.3917153515639743
0.3910311150606069

0.008708288716066629
  0.3955877575822572

0
0
0
0
0

0
0

0
0
0
0
0

0
0

0
0
0
0
0

0
0

0
0
0
0
0

0
0

0
0
0
0
0

0
0

0
0
0
0
0

0
0

0
0
0
0
0

0
0

0
0
0
0
0

0
0

0
0
0
0
0

0
0

0
0
0
0
0

0
0

0
0
0
0
0

0
0

0
0
0
0
0

0
0

0
0
0
0
0

0
0

0
0
0
0
0

0
0

0
0
0
0
0

0
0

0
0
0
0
0

0
0

0
0
0
0
0

0
0

0
0
0
0
0

0
0

0
0
0
0
0

0
0

0
0
0
0
0

0
0

0
0
0
0
0

0
0

0
0
0
0
0

0
0

0
0
0
0
0

0
0

0
0
0
0
0

0
0

0
0
0
0
0

0
0

0
0
0
0
0

0
0

0
0
0
0
0

0
0

0
0
0
0
0

0
0

0
0
0
0
0

0
0

0
0
0
0
0

0
0

0
0
0
0
0

0
0

0
0
0
0
0

0
0

0
0
0
0
0

0
0

0
0
0
0
0

0
0

0
0
0
0
0

0
0

0
0
0
0
0

0
0

0
0
0
0
0

0
0

0
0
0
0
0

0
0

0
0
0
0
0

0
0

0
0
0
0
0

0
0

0
0
0
0
0

0
0

0
0
0
0
0

0
0

0
0
0
0
0

0
0

0
0
0
0
0

0
0

0
0
0
0
0

0
0

0
0
0
0
0

0
0

0
0
0
0
0

0
0

0
0
0
0
0

0
0

0
0
0
0
0

0
0

0
0
0
0
0

0
0

0
0
0
0
0

0
0

0
0
0
0
0

0
0

0
0
0
0
0

0
0

0
0
0
0
0

0
0

0
0
0
0
0

0
0

0
0
0
0
0

0
0

0
0
0
0
0

0
0

0
0
0
0
0

0
0

0
0
0
0
0

0
0

0
0
0
0
0

0
0

0
0
0
0
0

0
0

0
0
0
0
0

0
0

0
0
0
0
0

0
0

0
0
0
0
0

0
0

0
0
0
0
0

0
0

0
0
0
0
0

0
0

0
0
0
0
0

0
0

0
0
0
0
0

0
0

0
0
0
0
0

0
0

0
0
0
0
0

0
0

0
0
0
0
0

0
0

0
0
0
0
0

0
0

0
0
0
0
0

0
0

0
0
0
0
0

0
0

0
0
0
0
0

0
0

0
0
0
0
0

0
0

0
0
0
0
0

0
0

   2.184999982309233    2.760293994038995   -3.331908952346323  -0.6351784771341661  -0.9781075452416284
   1.632657504155454  -0.1926016181165167  -0.2735642620550416 -0.06286537215174315  -0.1035455024847975

 2.977326141172923e-07 -2.500054760905439e-06  1.550328535711485e-06   -0.02710308472747534   -0.07554845399700653
-8.047954739148181e-08 -9.055510313840918e-07  9.351568137876149e-07  -0.009014443458328034     0.1186708373915452

cov:
 0.0547924334565384 0.05579767549258979 0.05726119319484279 0.05895870126676808  0.0600123438770101
0.05579767549258979 0.05738175008250134 0.05968961916656591  0.0623706239943061  0.0640309056086564
0.05726119319484279 0.05968961916656591  0.0632302909264047  0.0673471298171692 0.06989313106893177
0.05895870126676808  0.0623706239943061  0.0673471298171692 0.07314359181017269 0.07671388851931245
 0.0600123438770101  0.0640309056086564 0.06989313106893177 0.07671388851931245 0.08093592309429612

cov.inverse():
 1884704.964891381 -3107288.478415872  1177957.350928929  22796.51821326085  21955.58725566509
-3107288.478417059  5744606.812754672 -2953610.578800006  120787.2153183496   195393.118915002
 1177957.350931125 -2953610.578803102  2396587.225429627 -280303.3080816889 -340657.7539820567
 22796.51821226767   120787.215320569 -280303.3080832048  136901.9570814671 -163.0042048243721
 21955.58725564855  195393.1189146923  -340657.753981441 -163.0042051140117  123484.5634272019

cov*(cov_.inverse()):
     1.000000000003183  1.637090463191271e-11 -1.091393642127514e-11  2.886579864025407e-12 -2.728484105318785e-12
 3.115019353572279e-11      0.999999999996362  1.818989403545856e-11  1.001865257421741e-12 -3.637978807091713e-12
-2.273736754432321e-13  2.364686224609613e-11     0.9999999999854481   6.95088431257318e-12  3.637978807091713e-12
-2.273736754432321e-13 -3.274180926382542e-11  7.275957614183426e-12      1.000000000001849                      0
-9.094947017729282e-12   2.91038304567337e-11 -1.091393642127514e-11  1.218580791828572e-12                      1
