5
2

0.0003334898988776922
0.0009320060074372029
 0.002738889136753524
  0.09432071653180756
   0.5661984794136937

 -0.4194066352379048   0.7964695384280552  -0.4336881540534758  0.02347553183336202  0.03313356475614129
 -0.5105511440844762   0.1726178030255619   0.7814624367664046  -0.2067214013086525  -0.2369036629450064
 0.09587213485859404  0.06171989604752179  0.02427072867017164  -0.7873163276061778   0.6054280470907173
 -0.6279092659183448  -0.3967426134230964 -0.05919915512060506   0.3343706011539035   0.5770762632313697
  0.3999676125938105   0.4178819469191318   0.4440016179245607   0.4743885148428735   0.4931720669103525

0.3943211037339624
0.3936887933533962
0.3928511405327614
0.3917123641308871
0.3910288196342344

0.008708288716066629
  0.3955877575822572

   2.195775140564918    2.738072692880067    -3.31785882571584  -0.6367450140587581  -0.9791623891307545
   1.634096057591887  -0.1956177668255912   -0.271621497188797 -0.06306608899764288  -0.1037121535365216

 2.948761242384641e-07 -2.499585932794814e-06   1.55647208064249e-06   -0.02710379524468799   -0.07554954562136379
-8.099516154112123e-08  -9.05736186904402e-07  9.366467479992162e-07  -0.009014823358946884     0.1186707159889994

cov:
0.05479250702193079 0.05579780575668958 0.05726111835606001 0.05895868537970633 0.06001237728242723
0.05579780575668958 0.05738197079409327 0.05968966810682214 0.06237082616823395 0.06403115484606653
0.05726111835606001 0.05968966810682214 0.06323019460504811 0.06734729786286602 0.06989332725707488
0.05895868537970633 0.06237082616823395 0.06734729786286602 0.07314425283269532 0.07671460671221092
0.06001237728242723 0.06403115484606653 0.06989332725707488 0.07671460671221092 0.08093667176809896

cov.inverse():
 1882984.093581391 -3104220.212308211  1176489.129159549   22888.9105577212  21990.02900235939
 -3104220.21232248  5738743.231768148 -2950358.849751213  120547.5832730831  195163.8717032453
 1176489.129184133 -2950358.849783366  2394297.200222011 -280068.0776548864 -340378.5930578019
  22888.9105505085  120547.5832865606 -280068.0776618545  136797.1895792152 -146.6788619763354
  21990.0289992544   195163.871707657 -340378.5930584059 -146.6788626793246  123382.9188008166

cov*(cov_.inverse()):
    0.9999999999888587  3.819877747446299e-11  1.818989403545856e-11  2.513544927751354e-12  1.818989403545856e-12
  2.91038304567337e-11     0.9999999999545253  1.091393642127514e-11  1.536548666081217e-12                      0
  1.70530256582424e-11 -4.911271389573812e-11      0.999999999996362  1.977085162252479e-12 -1.818989403545856e-12
-2.478373062331229e-11  3.819877747446299e-11 -4.365574568510056e-11      1.000000000003119                      0
 1.068656274583191e-11 -2.546585164964199e-11  7.275957614183426e-12  1.538325022920617e-12                      1
