5 
11 
12 
13 
14 
15 
inputFileName = /Users/demattia/RemoteProjects/extracted_endcaps.root
eventsFractionStartBuild = 0
eventsFractionEndBuild = 0.2
eventsFractionStartTest = 0.8
eventsFractionEndTest = 1
var name = R
var name = z
par name = cotTheta
firstOrderChargeOverPtCoefficientsFileName = 
firstOrderCotThetaCoefficientsFileName = 
2 < pT < 10, pT regions = 1
0 < phi < 0.8, phi regions = 1
-3 < eta < 3, eta regions = 1
-15 < z0 < 15, eta regions = 1
charge regions = 1
endcap regions = 0
Training
Requested running from track number 0 to track number 1000000 for a total of 1000000 tracks.
Analyzed 10% of 1000000 tracks
Analyzed 20% of 1000000 tracks
Analyzed 30% of 1000000 tracks
Analyzed 40% of 1000000 tracks
Analyzed 50% of 1000000 tracks
Analyzed 60% of 1000000 tracks
Analyzed 70% of 1000000 tracks
Analyzed 80% of 1000000 tracks
Analyzed 90% of 1000000 tracks
Analyzed 100% of 1000000 tracks
Evaluating eigenvalues:
geomIndex = 0
Sqrt(eigenvalues) of cov:
 0.0458094 0.0618015 0.511172 0.864309 1.04343 1.1636 1.31918 1.45527 1.91997 3.19605 5.29757 9.30295
Analyzed 10% of 1000000 tracks
Analyzed 20% of 1000000 tracks
Analyzed 30% of 1000000 tracks
Analyzed 40% of 1000000 tracks
Analyzed 50% of 1000000 tracks
Analyzed 60% of 1000000 tracks
Analyzed 70% of 1000000 tracks
Analyzed 80% of 1000000 tracks
Analyzed 90% of 1000000 tracks
Analyzed 100% of 1000000 tracks
opening GeometricIndex.txt for writing
Matrices built:
geomIndex = 0

V_0:
   0.0142088  -0.00412292    -0.449744     0.130014     0.775945    -0.228578    -0.340778      0.10063   0.00266871  -0.00153272 -0.000510208  -0.00154568
    0.391646    -0.115476    -0.694933      0.20555    -0.191552    0.0553298      0.49425    -0.154976  -0.00111312  -0.00400719  -0.00284505   0.00399199
   -0.616818     0.130384    0.0107528    0.0201305     0.271774   -0.0758112     0.583055    -0.171571    -0.252621    0.0157546    -0.275992     0.113047
    0.225191   -0.0099517     0.051021   -0.0606474    0.0312533     0.123285   -0.0458334     0.164856    -0.236939    -0.564203    -0.250228      0.67851
    -0.41573   -0.0312576    -0.192781     0.320944    -0.314177    -0.265392    -0.109207     0.215773     0.606056    -0.136472     -0.13922     0.230406
    0.352394    0.0262266     0.283932     0.199198   0.00548851    -0.580503     0.150541     0.125828    -0.074554       0.5086    -0.117251     0.318346
   -0.276642   -0.0775055    -0.126713     0.386685    -0.261942    -0.105433     -0.23578   -0.0275966    -0.591305    0.0120759     0.495521     0.143068
    0.181423    0.0483939     0.293435     0.480628    0.0520039    -0.301459    0.0562133    -0.243206   -0.0284822     -0.54408    -0.112055    -0.427031
  -0.0178507  0.000266905   -0.0628689    -0.250634   -0.0474775    -0.264013     0.282511     0.765455    -0.156227    -0.221369     0.172015    -0.303679
   0.0365273      0.08675     0.148669     0.589573     0.138756     0.583787    0.0836714     0.442205  -0.00828587     0.198956     -0.12179   -0.0659566
  -0.0795425    -0.651211   -0.0708932   -0.0265683    -0.148918   -0.0291271    -0.212814    0.0661348    -0.275988     0.113627    -0.594818    -0.219744
   0.0282521      0.72659    -0.247096   -0.0492956    -0.269517   -0.0545513    -0.268494     0.033178    -0.236799    0.0802628    -0.414425    -0.157203
corrPV_0:
 2.9734e-05 -0.00013714  -0.0347598   0.0282341  -0.0236105   0.0311442 -0.00469013   0.0178965  -0.0356135   0.0342822     1.01178    0.856495
D_0:
   0.093811  -0.0277323   0.0287156 -0.00691266  -0.0161268  0.00257838   -0.107706   0.0290806 0.000411387 -0.00557245 -0.00222464  0.00200704
opening matrixVD_0.txt for writing
