5 
11 
12 
13 
14 
15 
inputFileName = /Users/demattia/RemoteProjects/extracted_endcaps.root
eventsFractionStartBuild = 0
eventsFractionEndBuild = 0.2
eventsFractionStartTest = 0.8
eventsFractionEndTest = 1
var name = R
var name = z
par name = cotTheta
firstOrderChargeOverPtCoefficientsFileName = 
firstOrderCotThetaCoefficientsFileName = 
pT > 2, pT regions = 1
0 < phi < 0.8, phi regions = 1
-3 < eta < 3, eta regions = 1
-15 < z0 < 15, eta regions = 1
charge regions = 1
endcap regions = 0
Training
Requested running from track number 0 to track number 1000000 for a total of 1000000 tracks.
Analyzed 10% of 1000000 tracks
Analyzed 20% of 1000000 tracks
Analyzed 30% of 1000000 tracks
Analyzed 40% of 1000000 tracks
Analyzed 50% of 1000000 tracks
Analyzed 60% of 1000000 tracks
Analyzed 70% of 1000000 tracks
Analyzed 80% of 1000000 tracks
Analyzed 90% of 1000000 tracks
Analyzed 100% of 1000000 tracks
Evaluating eigenvalues:
geomIndex = 0
Sqrt(eigenvalues) of cov:
 0.045754 0.0615197 0.511713 0.863375 1.04143 1.16669 1.31784 1.45613 1.91573 3.19591 5.30374 9.31191
Analyzed 10% of 1000000 tracks
Analyzed 20% of 1000000 tracks
Analyzed 30% of 1000000 tracks
Analyzed 40% of 1000000 tracks
Analyzed 50% of 1000000 tracks
Analyzed 60% of 1000000 tracks
Analyzed 70% of 1000000 tracks
Analyzed 80% of 1000000 tracks
Analyzed 90% of 1000000 tracks
Analyzed 100% of 1000000 tracks
opening GeometricIndex.txt for writing
Matrices built:
geomIndex = 0

V_0:
   0.0185473  -0.00537775    -0.457048     0.132002     0.773893     -0.22801    -0.335521    0.0991174    0.0025899  -0.00152853 -0.000562571  -0.00152034
    0.391694    -0.115458    -0.690102     0.204337    -0.199907    0.0576865     0.497539    -0.156111  -0.00111735  -0.00426371  -0.00289228   0.00407037
    -0.61816     0.130486    0.0107359    0.0224627     0.270978   -0.0790241     0.583406    -0.173311    -0.251575     0.021411    -0.273431     0.107913
    0.235404  -0.00620998    0.0581827   -0.0744687    0.0465757     0.135158   -0.0368521     0.152609    -0.260236    -0.560254    -0.247645     0.669026
   -0.402853   -0.0320589     -0.18542     0.331772    -0.316984      -0.2761    -0.112023     0.223144     0.583427    -0.147796    -0.142938     0.265543
    0.359201    0.0242368     0.285413     0.194476   0.00826714    -0.573909     0.148211     0.122857   -0.0971557     0.512463    -0.105723     0.318388
   -0.271235   -0.0778512    -0.124705     0.382012    -0.256171   -0.0941898    -0.236162    -0.032657    -0.602079  0.000775425     0.498093     0.130211
    0.187307    0.0488167     0.297034     0.479715    0.0553387    -0.299808    0.0569074    -0.245608   -0.0246219    -0.539155    -0.118579    -0.426981
   -0.016395   0.00251958   -0.0610628    -0.248354   -0.0463805    -0.264224     0.283971     0.764813    -0.154281    -0.225779     0.171084    -0.304506
   0.0366941    0.0878303     0.147891      0.58804     0.138779     0.584841    0.0833085     0.442136  -0.00819828     0.200382    -0.123151   -0.0645519
  -0.0794106    -0.652093    -0.070991   -0.0285784    -0.148433   -0.0288571    -0.211609    0.0686401    -0.275558     0.112876    -0.594646    -0.219042
    0.028391     0.725651    -0.247191   -0.0503055     -0.26991   -0.0559117    -0.268839    0.0326528    -0.237162    0.0813381     -0.41484     -0.15722
corrPV_0:
 3.07688e-05 -0.000138436   -0.0349945    0.0278334   -0.0214655    0.0324319  -0.00395495    0.0188629   -0.0357629    0.0344065      1.01468     0.863102
D_0:
  0.0938652  -0.0277305   0.0287315 -0.00698214  -0.0153637  0.00243128   -0.108478   0.0292652 0.000448816 -0.00555401 -0.00214737   0.0019072
opening matrixVD_0.txt for writing
