12
1

0.04575395930786208
0.06151969843146212
  0.511712672135485
 0.8633748651302993
  1.041431538635738
  1.166686062177007
  1.317839958113044
   1.45612688825608
  1.915731713964203
  3.195909147445673
  5.303737920880984
   9.31190719102867

   0.01854733079262315  -0.005377751163703773    -0.4570477854604655     0.1320023468121138     0.7738934026246561    -0.2280095309814547    -0.3355212342208656    0.09911742124302217   0.002589901076693268  -0.001528526813076945 -0.0005625711377952176   -0.00152034051065293
    0.3916940362924733    -0.1154580960440146    -0.6901024252690927     0.2043369111596036    -0.1999065305629343    0.05768646547320696      0.497538822847744     -0.156111143193886  -0.001117346628690404  -0.004263709142690491  -0.002892275721008016   0.004070368258554739
   -0.6181597017995573     0.1304863922003114    0.01073594393701941     0.0224627391687101     0.2709783223878617   -0.07902409357371229     0.5834064925054564    -0.1733111373987009    -0.2515748571500581    0.02141101010058731    -0.2734309047457933     0.1079134152527338
     0.235403607221216  -0.006209978368696723    0.05818271893947855   -0.07446873847186571    0.04657567386665114     0.1351577372715757   -0.03685211637954994     0.1526094719104941    -0.2602360812991379    -0.5602538399698167    -0.2476447091320258     0.6690261834728292
   -0.4028532110568084   -0.03205892770840837    -0.1854202944513434     0.3317722166129153    -0.3169840814566051    -0.2761003901287901    -0.1120229130233522     0.2231441918179181     0.5834271273123524    -0.1477962969239575    -0.1429382090844597      0.265542726485997
    0.3592007305766084    0.02423684639349016     0.2854133571111897     0.1944764638265143    0.00826713631315433    -0.5739086388907003     0.1482111407626285     0.1228573020560406   -0.09715566854899699     0.5124629775988974    -0.1057231781949446     0.3183876301475422
   -0.2712349303950167   -0.07785115838755878    -0.1247053319463512     0.3820124810166323    -0.2561707056366423   -0.09418983626149009    -0.2361620631054888   -0.03265702584085163    -0.6020790504301072  0.0007754252168364808     0.4980934514371679     0.1302107004779686
    0.1873069434973398    0.04881668283557777     0.2970340334814271     0.4797148757512674    0.05533867158646392    -0.2998075771465243    0.05690738404318057      -0.24560823915663   -0.02462194476356921    -0.5391551454134383    -0.1185793800594384    -0.4269813480453517
  -0.01639495875229008   0.002519580105953506   -0.06106284259735462    -0.2483542170721166    -0.0463804916039066    -0.2642239518249901     0.2839708963958086     0.7648134324121287    -0.1542805758101182     -0.225778685280827     0.1710839943989236    -0.3045055370659128
   0.03669409359697855    0.08783027581758349     0.1478910607404302     0.5880396732555945     0.1387792053570359     0.5848414302752515    0.08330845762564187      0.442136011406304  -0.008198278803369227     0.2003816888541922    -0.1231513774625084   -0.06455191787196385
   -0.0794106355990796    -0.6520934539210174   -0.07099103221296162   -0.02857841319711922    -0.1484334953221428     -0.028857075705294    -0.2116093054590504    0.06864014516780119    -0.2755579075343154     0.1128762399810297     -0.594645827435717    -0.2190423677524513
   0.02839101889334502     0.7256512910720311    -0.2471906249159403   -0.05030549655981413    -0.2699101016977939   -0.05591170073023461    -0.2688391604678849    0.03265275663240275    -0.2371615251061705    0.08133809331554526    -0.4148402389628857    -0.1572200035291932

  22.683728234902
76.83261635344276
38.78930550894265
131.1369577360663
46.09624469992861
155.7986110836207
54.70379998729945
184.9306905402985
  65.633357300081
221.6647291555186
77.17800388681148
261.2022439076883

3.383438799228314

0
0
0
0
0
0
0
0
0
0
0
0

0

0
0
0
0
0
0
0
0
0
0
0
0

0

0
0
0
0
0
0
0
0
0
0
0
0

0

0
0
0
0
0
0
0
0
0
0
0
0

0

0
0
0
0
0
0
0
0
0
0
0
0

0

0
0
0
0
0
0
0
0
0
0
0
0

0

0
0
0
0
0
0
0
0
0
0
0
0

0

0
0
0
0
0
0
0
0
0
0
0
0

0

0
0
0
0
0
0
0
0
0
0
0
0

0

0
0
0
0
0
0
0
0
0
0
0
0

0

0
0
0
0
0
0
0
0
0
0
0
0

0

0
0
0
0
0
0
0
0
0
0
0
0

0

0
0
0
0
0
0
0
0
0
0
0
0

0

0
0
0
0
0
0
0
0
0
0
0
0

0

0
0
0
0
0
0
0
0
0
0
0
0

0

0
0
0
0
0
0
0
0
0
0
0
0

0

0
0
0
0
0
0
0
0
0
0
0
0

0

0
0
0
0
0
0
0
0
0
0
0
0

0

0
0
0
0
0
0
0
0
0
0
0
0

0

0
0
0
0
0
0
0
0
0
0
0
0

0

0
0
0
0
0
0
0
0
0
0
0
0

0

0
0
0
0
0
0
0
0
0
0
0
0

0

0
0
0
0
0
0
0
0
0
0
0
0

0

0
0
0
0
0
0
0
0
0
0
0
0

0

0
0
0
0
0
0
0
0
0
0
0
0

0

0
0
0
0
0
0
0
0
0
0
0
0

0

0
0
0
0
0
0
0
0
0
0
0
0

0

0
0
0
0
0
0
0
0
0
0
0
0

0

0
0
0
0
0
0
0
0
0
0
0
0

0

0
0
0
0
0
0
0
0
0
0
0
0

0

0
0
0
0
0
0
0
0
0
0
0
0

0

0
0
0
0
0
0
0
0
0
0
0
0

0

0
0
0
0
0
0
0
0
0
0
0
0

0

0
0
0
0
0
0
0
0
0
0
0
0

0

0
0
0
0
0
0
0
0
0
0
0
0

0

0
0
0
0
0
0
0
0
0
0
0
0

0

0
0
0
0
0
0
0
0
0
0
0
0

0

0
0
0
0
0
0
0
0
0
0
0
0

0

0
0
0
0
0
0
0
0
0
0
0
0

0

0
0
0
0
0
0
0
0
0
0
0
0

0

0
0
0
0
0
0
0
0
0
0
0
0

0

0
0
0
0
0
0
0
0
0
0
0
0

0

0
0
0
0
0
0
0
0
0
0
0
0

0

0
0
0
0
0
0
0
0
0
0
0
0

0

0
0
0
0
0
0
0
0
0
0
0
0

0

0
0
0
0
0
0
0
0
0
0
0
0

0

0
0
0
0
0
0
0
0
0
0
0
0

0

0
0
0
0
0
0
0
0
0
0
0
0

0

0
0
0
0
0
0
0
0
0
0
0
0

0

0
0
0
0
0
0
0
0
0
0
0
0

0

0
0
0
0
0
0
0
0
0
0
0
0

0

0
0
0
0
0
0
0
0
0
0
0
0

0

0
0
0
0
0
0
0
0
0
0
0
0

0

0
0
0
0
0
0
0
0
0
0
0
0

0

0
0
0
0
0
0
0
0
0
0
0
0

0

0
0
0
0
0
0
0
0
0
0
0
0

0

0
0
0
0
0
0
0
0
0
0
0
0

0

0
0
0
0
0
0
0
0
0
0
0
0

0

0
0
0
0
0
0
0
0
0
0
0
0

0

0
0
0
0
0
0
0
0
0
0
0
0

0

0
0
0
0
0
0
0
0
0
0
0
0

0

0
0
0
0
0
0
0
0
0
0
0
0

0

0
0
0
0
0
0
0
0
0
0
0
0

0

0
0
0
0
0
0
0
0
0
0
0
0

0

0
0
0
0
0
0
0
0
0
0
0
0

0

0
0
0
0
0
0
0
0
0
0
0
0

0

0
0
0
0
0
0
0
0
0
0
0
0

0

0
0
0
0
0
0
0
0
0
0
0
0

0

0
0
0
0
0
0
0
0
0
0
0
0

0

0
0
0
0
0
0
0
0
0
0
0
0

0

0
0
0
0
0
0
0
0
0
0
0
0

0

0
0
0
0
0
0
0
0
0
0
0
0

0

0
0
0
0
0
0
0
0
0
0
0
0

0

0
0
0
0
0
0
0
0
0
0
0
0

0

0
0
0
0
0
0
0
0
0
0
0
0

0

0
0
0
0
0
0
0
0
0
0
0
0

0

0
0
0
0
0
0
0
0
0
0
0
0

0

  0.09386522136264526  -0.02773051857143846   0.02873151604515056 -0.006982142227575311  -0.01536371188739203  0.002431283839913761   -0.1084780470321878   0.02926518388871156 0.0004488157181217829 -0.005554009198763609 -0.002147367172533783  0.001907199996229057

 3.076884174072512e-05 -0.0001384364898917692   -0.03499453984553924    0.02783344867182131   -0.02146548918765289    0.03243188608757069  -0.003954952288137368    0.01886290801502105   -0.03576294921316066     0.0344065206706699      1.014677786078679     0.8631023806092368

cov:
  0.9577622475371699    3.335373124164574  0.01384163235637531   0.1196269291460735 -0.02886679114510484 -0.03617446973783241 -0.01992787724828587 -0.01823839199248041 0.004369476701928146  0.03564650869746987 -0.01956178738301153 0.005044966230425802
   3.335373124164574    57.72201176138034   -14.05564826541235    -2.12199459116189   -14.07580495358967   -2.497538496679228   -12.89056628763527    1.167945028426433   -9.828978823832779    3.194614432011696   -15.39028913742044   -5.995397402980475
 0.01384163235637531   -14.05564826541235    6.044246080918118    2.303640651159198     6.46162755229771    1.868543246894201    6.413312025385033  -0.4788081112201551     5.60368002674268    -1.75069717127416    9.648538746823384    3.580535153060538
  0.1196269291460735    -2.12199459116189    2.303640651159198    4.917330634560903    1.946021968197538    3.393866750923593      1.4902366187398    1.592563324622099    1.120113713536675   0.5295791570006906    1.534556547320834   0.5471505437645502
-0.02886679114510484   -14.07580495358967     6.46162755229771    1.946021968197538    7.393225584913764    2.396897650788281    7.436423951964812  -0.6506292961907599    6.752227118044414   -2.077459054846709    11.77269245032257    4.389687748677973
-0.03617446973783241   -2.497538496679228    1.868543246894201    3.393866750923593    2.396897650788281    4.796619286484916    1.602133777598208    1.702972966273491    1.468433784422286   0.8595952566559233    1.692380568284562   0.8367829809979237
-0.01992787724828587   -12.89056628763527    6.413312025385033      1.4902366187398    7.436423951964812    1.602133777598208    8.132023298074765 -0.04607622066303761    7.123273436735798   -2.558182343339317    13.02614301947226     4.52176067998826
-0.01823839199248041    1.167945028426433  -0.4788081112201551    1.592563324622099  -0.6506292961907599    1.702972966273491 -0.04607622066303761    4.598017310179212   -1.519880700172029    0.985366975894248   -2.433181753297956   -1.610615327100098
0.004369476701928146   -9.828978823832779     5.60368002674268    1.120113713536675    6.752227118044414    1.468433784422286    7.123273436735798   -1.519880700172029    8.181050218706387   -2.463258173088691    12.52874750993918    4.984041717072993
 0.03564650869746987    3.194614432011696    -1.75069717127416   0.5295791570006906   -2.077459054846709   0.8595952566559233   -2.558182343339317    0.985366975894248   -2.463258173088691    2.760872226464701   -5.020480217301476   -1.295143771113005
-0.01956178738301153   -15.39028913742044    9.648538746823384    1.534556547320834    11.77269245032257    1.692380568284562    13.02614301947226   -2.433181753297956    12.52874750993918   -5.020480217301476    25.69483075172292    9.211175049883442
0.005044966230425802   -5.995397402980475    3.580535153060538   0.5471505437645502    4.389687748677973   0.8367829809979237     4.52176067998826   -1.610615327100098    4.984041717072993   -1.295143771113005    9.211175049883442     4.84301314728952

cov.inverse():
   42.54005223854276   -12.26980732701288   -75.28751138731587    22.15486877235215   -14.29189145050151    4.122041781940709    47.25329550667485   -14.89026565154378   0.2698977586032307  -0.5384696393377004   0.2002356390396256   0.2933439038882011
  -12.26980732701289    3.629082128181123    22.25554830372488   -6.568235588430398    4.269727581521919   -1.214293396338904   -14.00393432113869    4.414597042718639 -0.08409070647168143   0.1500133913891981 -0.05785910886903095 -0.08691525817730802
  -75.28751138730847    22.25554830372272    225.7704770272591   -66.04672948032433   -132.4086103942744    39.17367414631286   -17.37511006509909    6.779432840401531  -0.4688415948567589    1.131592554681412   0.5676086401066385  -0.3962922465976142
      22.15486877235   -6.568235588429778   -66.04672948032449    19.73770340794177    37.89571942771293   -11.48644419534512    5.693429009337635   -2.212063640322333   0.1443666815789038  -0.3359263708543346  -0.1842634285003892   0.1422765518285068
  -14.29189145051525     4.26972758152591   -132.4086103942473    37.89571942770489    297.0699025848681   -87.31558662974862   -149.6439814079133    44.64733554811148   0.6609347610898562  -0.3158532619673942   -0.388475169106864  -0.7249647053673667
    4.12204178194468   -1.214293396340065    39.17367414630507    -11.4864441953428   -87.31558662974884    26.17407448287658    43.90026814902252   -13.19700649174454  -0.3307270274246076 -0.08124443738164293   0.1070313286315914   0.1863949324213885
   47.25329550668135   -14.00393432114056   -17.37511006511921    5.693429009343533   -149.6439814078997    43.90026814901844    120.5705665576012   -36.75187494339269   -1.108453234189427  -0.2005756561807127  -0.9366938669911217   0.9422471586138527
  -14.89026565154567    4.414597042719186    6.779432840407505   -2.212063640324083     44.6473355481073   -13.19700649174329   -36.75187494339259    11.54294467455586   0.3741171985619978  0.01484185742626391   0.2170744834158367  -0.1107968258996998
  0.2698977586031753 -0.08409070647166447  -0.4688415948567614   0.1443666815789034   0.6609347610900809  -0.3307270274246731   -1.108453234189591   0.3741171985620474    0.875721266929564  0.07230216125882914    0.108536259867484  -0.2449658389016841
  -0.538469639337725    0.150013391389205    1.131592554681618  -0.3359263708543939  -0.3158532619676838 -0.08124443738155816  -0.2005756561806063  0.01484185742623338  0.07230216125882899   0.7972821610112828   0.1617736733367513  -0.2887344954613918
  0.2002356390395613 -0.05785910886901243   0.5676086401068315  -0.1842634285004456  -0.3884751691069853   0.1070313286316272  -0.9366938669911302   0.2170744834158407   0.1085362598674828   0.1617736733367514   0.5707109989917569  -0.3441902074815434
  0.2933439038883186 -0.08691525817734251  -0.3962922465980365   0.1422765518286298  -0.7249647053670263   0.1863949324212882   0.9422471586138168  -0.1107968258996917  -0.2449658389016822  -0.2887344954613938  -0.3441902074815446   0.9133184151095052

cov*(cov_.inverse()):
     1.000000000000099  -1.40911587953596e-14 -3.499626803626921e-13  1.297962388610574e-13  4.053216096089329e-13 -9.496537670822258e-14 -1.628237475403971e-13  2.838202763089104e-14 -1.498367402374967e-15  8.387388006347862e-16  1.684850176042474e-15  -5.84601811404184e-16
-4.507505479978136e-14      1.000000000000006 -1.154631945610163e-14  -4.89608353859694e-14  6.306066779870889e-14  -8.43769498715119e-15  1.092459456231154e-13  3.130828929442941e-14 -6.661338147750939e-16  1.554312234475219e-15  2.664535259100376e-15 -8.881784197001252e-16
 3.108624468950438e-15  2.547961841514734e-14     0.9999999999996965  1.342259636771814e-13  4.352074256530614e-14 -3.153033389935445e-14 -1.310063169057685e-13  6.628031457012185e-14 -1.998401444325282e-15  1.332267629550188e-15  6.661338147750939e-16  4.440892098500626e-16
 -3.58046925441613e-15  6.043776590303196e-15  -3.03368441478824e-14      1.000000000000028  3.314015728506092e-14 -3.337607967779377e-14 -9.181544413650045e-14   3.34107741473133e-14  5.828670879282072e-16  1.110223024625157e-16  4.440892098500626e-16                      0
-5.240252676230739e-14  1.304512053934559e-14 -2.753353101070388e-14  4.807265696626928e-14      1.000000000000526 -1.038058528024521e-13 -1.714184350021242e-13  1.240674230018612e-13  8.881784197001252e-16  1.554312234475219e-15  2.664535259100376e-15  -1.77635683940025e-15
 -1.17128529097954e-14  9.478529072737274e-15  2.114974861910923e-14   1.43079992298567e-14 -1.032507412901396e-14     0.9999999999999849 -5.262457136723242e-14  2.171873791922962e-14  6.106226635438361e-16  7.771561172376096e-16  4.440892098500626e-16 -8.881784197001252e-16
-3.197442310920451e-14  2.775557561562891e-16  8.770761894538737e-14  5.151434834260726e-14 -3.952393967665557e-14  8.970602038971265e-14     0.9999999999999964  5.229150445984487e-14 -1.332267629550188e-15  3.108624468950438e-15   1.77635683940025e-15  -1.77635683940025e-15
-1.199040866595169e-14 -4.579669976578771e-15  2.220446049250313e-16 -1.665334536937735e-16  3.508304757815495e-14 -2.775557561562891e-15  2.264854970235319e-14      1.000000000000004  4.440892098500626e-16  -3.33066907387547e-16                      0                      0
-1.181277298201167e-13  2.009503674571533e-14  2.347011474057581e-13  2.708944180085382e-14 -7.016609515630989e-14 -5.084821452783217e-14 -2.016165012719284e-13  2.142730437526552e-14     0.9999999999999982  1.554312234475219e-15  3.108624468950438e-15 -8.881784197001252e-16
 2.359223927328458e-14  -8.31279489688086e-15  7.693845560652335e-14 -2.309263891220326e-14 -2.398081733190338e-14  3.155808947497007e-14   3.33066907387547e-14   -1.4210854715202e-14  5.551115123125783e-17     0.9999999999999994                      0  2.220446049250313e-16
 5.861977570020827e-14  9.436895709313831e-15 -7.061018436615996e-14  1.800781745942004e-13 -4.440892098500626e-13 -4.796163466380676e-14 -2.557953848736361e-13 -1.598721155460225e-14  8.881784197001252e-16  1.332267629550188e-15      1.000000000000003                      0
-3.463895836830488e-14 -6.272760089132134e-15 -1.707523011873491e-13  3.519406988061746e-14   1.70086167372574e-13 -7.116529587847253e-14 -1.749711486809247e-13  6.772360450213455e-14                      0  8.881784197001252e-16  6.661338147750939e-16                      1
