12
1

0.04580942778136748
0.06180149701930395
 0.5111720151554491
 0.8643090641912278
  1.043425573085287
  1.163604058006964
  1.319179852453953
   1.45526828877049
  1.919967574975592
  3.196054722808378
  5.297570366255975
  9.302951289891014

  0.01420884050029638 -0.004122924685724791   -0.4497441486330213    0.1300140641028058    0.7759454843993672   -0.2285775421624256   -0.3407784755064702    0.1006303962389238   0.00266871412914518 -0.001532715911102024  -0.00051020842951232 -0.001545680171913755
    0.391646365617749   -0.1154764713224605   -0.6949332453765996    0.2055495596393894    -0.191551677423693   0.05532975337800905    0.4942500812136254   -0.1549760478942333 -0.001113121608639571 -0.004007189513723149 -0.002845052911025672   0.00399199259110266
  -0.6168179912753176    0.1303836411418052   0.01075275822364011   0.02013047876815512    0.2717740449268519  -0.07581116325811427      0.58305485034217   -0.1715705402434515   -0.2526214030289643   0.01575456696575855   -0.2759919131697252    0.1130470045412031
   0.2251905461166634 -0.009951700203651631   0.05102096815182461  -0.06064739490109205    0.0312533462386435    0.1232846394567452  -0.04583340738324238     0.164855641285081   -0.2369391231102096   -0.5642029108200345   -0.2502283339278354     0.678509901543077
  -0.4157299808194557  -0.03125761262940045   -0.1927808664902186    0.3209442389725455   -0.3141767152239348   -0.2653918151386997   -0.1092070483738985    0.2157733656981883    0.6060562564127953   -0.1364717470975292     -0.13921973700793    0.2304058812832278
   0.3523938982296164   0.02622659080571598    0.2839317730257001    0.1991982951661434  0.005488509436443141   -0.5805027625644379    0.1505405298785015    0.1258280913494613  -0.07455401063776185     0.508600417597746   -0.1172511286353563    0.3183461019960204
  -0.2766417986034816  -0.07750552215466947    -0.126713361720572    0.3866849010681865   -0.2619421000447669   -0.1054332602688378   -0.2357801612479959  -0.02759661747301737   -0.5913049985358094   0.01207587849005434    0.4955209645782735      0.14306841788507
   0.1814231785309367   0.04839392929208661     0.293434775671124    0.4806275801711892   0.05200388938523647   -0.3014591443597245   0.05621328236487946   -0.2432057446436369  -0.02848221252254473   -0.5440798289211758   -0.1120549427695997   -0.4270309415787885
 -0.01785073431292042 0.0002669051467026194  -0.06286893835309781   -0.2506338666135396  -0.04747751247128575   -0.2640129063631079    0.2825112113058382    0.7654547204613941   -0.1562268667843743   -0.2213690372577676     0.172015199750858   -0.3036785891842454
  0.03652726093509531   0.08674999942409092     0.148669140332708    0.5895726098452303    0.1387555721982308    0.5837871022454547   0.08367142628188337    0.4422048584217428 -0.008285865175127067    0.1989559132572494   -0.1217904026677183  -0.06595660790084601
 -0.07954254605662704    -0.651211259439007   -0.0708931948631954  -0.02656828237829011   -0.1489179409647002  -0.02912713242887083   -0.2128143415620624     0.066134764148492   -0.2759881101795869    0.1136267255764519   -0.5948181065016592   -0.2197439799042006
  0.02825207398152919        0.726590370856   -0.2470959421669817  -0.04929562982464707   -0.2695174955543901  -0.05455130168057386   -0.2684938434022062   0.03317801727870138   -0.2367987901284156    0.0802627796535802   -0.4144247583119195   -0.1572033038253389

22.68440592157861
76.81051076316912
38.80405765999431
131.1455678907597
46.10548912811045
155.7872751292196
54.71412084685198
184.9267667366746
65.63649355772223
 221.654991318609
 77.1685837150504
261.2064957696864

3.381183842426747

  0.09381104562708784  -0.02773227108940074   0.02871555071693093 -0.006912657793307598  -0.01612680068687855  0.002578381346334093   -0.1077064684202765    0.0290806028791414 0.0004113869378301591 -0.005572451639846414 -0.002224637967118233  0.002007043335867821

 2.973395605333942e-05 -0.0001371396726226674   -0.03475976135202957    0.02823413477991272    -0.0236105047749803    0.03114416935283036   -0.00469012802377633    0.01789645074280543   -0.03561348618066402    0.03428220275604159      1.011778272557506     0.8564950335351138

cov:
  0.9585219815261783     3.32232396081426  0.01596780389541008   0.1103994145276044 -0.01956507837317837 -0.02205667355764852 -0.01338041928762519 -0.01451390955299638 0.008980317427925724  0.02352218412723866 -0.01440154586349257   0.0121193637589364
    3.32232396081426    57.69018551915666    -14.0466478928408   -2.097794471551864   -14.04283775166352   -2.412739781847331   -12.85323634865872    1.239182826172561   -9.807432179042609    3.116655292129487    -15.3824329840549   -5.988918311602037
 0.01596780389541008    -14.0466478928408     6.02966221625134     2.28016857329153    6.441466063341379    1.845262673163864    6.393333554002361  -0.4827917781459973    5.583720367696265   -1.727091713565337    9.615977501103622    3.572458428359083
  0.1103994145276044   -2.097794471551864     2.28016857329153    4.930641279729733    1.908814515963563    3.381039266081689    1.453471818528806    1.599788866783736    1.084646035098226   0.5450082590962596    1.468173751154737   0.5157131496067184
-0.01956507837317837   -14.04283775166352    6.441466063341379    1.908814515963563    7.368008806103148    2.366206254296261    7.412835314216369  -0.6526238412124079     6.72752415410905   -2.053320518111826    11.73287884814949    4.380029137488857
-0.02205667355764852   -2.412739781847331    1.845262673163864    3.381039266081689    2.366206254296261    4.777297915572197    1.570665010484299    1.698908807094891    1.439534400802146   0.8625998001661869    1.644530668514921   0.8138775710305377
-0.01338041928762519   -12.85323634865872    6.393333554002361    1.453471818528806    7.412835314216369    1.570665010484299    8.114362114765456 -0.04062312982070682    7.102589361295447   -2.532295545202321    12.99998766106257    4.514638512424706
-0.01451390955299638    1.239182826172561  -0.4827917781459973    1.599788866783736  -0.6526238412124079    1.698908807094891 -0.04062312982070682    4.602153422669387   -1.515543038584459   0.9794725233251634   -2.395933457643504   -1.614122531861102
0.008980317427925724   -9.807432179042609    5.583720367696265    1.084646035098226     6.72752415410905    1.439534400802146    7.102589361295447   -1.515543038584459     8.15741384868403   -2.436494178248369    12.49080318292065    4.975031857273728
 0.02352218412723866    3.116655292129487   -1.727091713565337   0.5450082590962596   -2.053320518111826   0.8625998001661869   -2.532295545202321   0.9794725233251634   -2.436494178248369     2.74040114018843   -4.979599244616991   -1.284416202263044
-0.01440154586349257    -15.3824329840549    9.615977501103622    1.468173751154737    11.73287884814949    1.644530668514921    12.99998766106257   -2.395933457643504    12.49080318292065   -4.979599244616991    25.61415073695152    9.200277911636197
  0.0121193637589364   -5.988918311602037    3.572458428359083   0.5157131496067184    4.380029137488857   0.8138775710305377    4.514638512424706   -1.614122531861102    4.975031857273728   -1.284416202263044    9.200277911636197      4.8423943080923

cov.inverse():
     42.09026137182381      -12.1421136674838     -74.12035954051244      21.80408001879307     -14.85153402530773      4.286608924491493      47.10578691242555     -14.82367162899342     0.2710098105913945     -0.491104037656168     0.2154431541422826     0.2739082512549771
    -12.14211366748384      3.592518370833703       21.9231159454191     -6.465572997832193      4.426417998562907     -1.263886079736274     -13.96082795442067      4.394497838632729   -0.08331266811627248     0.1400521112745209   -0.06096589239048606   -0.08366848386876047
    -74.12035954052526      21.92311594542296      222.9803168557587     -65.23018296182563     -131.3453666028592      38.83056855152812     -16.79845081268314       6.58448677076342    -0.4759203966329286      1.080406709034348       0.54498390841317    -0.3824748517182524
     21.80408001879689     -6.465572997833315     -65.23018296182545      19.49364946262386      37.65717905594791     -11.40361069757276      5.470800286168867     -2.138123095264265      0.145585598925859    -0.3234128329581026    -0.1772103381415463     0.1394688725021199
    -14.85153402528308      4.426417998555788     -131.3453666029087      37.65717905596251      296.9408121882856     -87.27336911347528     -150.1213381654599      44.74214864708441     0.6871631023054258    -0.3420225022030772    -0.3805589919085511    -0.7183201389532753
     4.286608924484283     -1.263886079734196      38.83056855154238     -11.40361069757696     -87.27336911347504      26.15667841843138      44.05545546231783     -13.22902554911973     -0.337359606161466   -0.06980186782325924     0.1048720361244106     0.1831425643568954
     47.10578691241447     -13.96082795441744     -16.79845081264663      5.470800286158206     -150.1213381654858      44.05545546232545      120.6872569192991     -36.73770132344492     -1.125513152692113     -0.162164155214295    -0.9370029181548303     0.9381137507916675
    -14.82367162899025      4.394497838631797      6.584486770752534     -2.138123095261087      44.74214864709241     -13.22902554912208     -36.73770132344514      11.52395831774993     0.3790170959911964 -0.0003053011258537855     0.2123809662469624    -0.1050655313206462
    0.2710098105913993   -0.08331266811627455    -0.4759203966329991     0.1455855989258796      0.687163102305519    -0.3373596061614936     -1.125513152692141     0.3790170959912051     0.8758648803439296    0.07006207117929909     0.1082619846533741    -0.2442549765747757
    -0.491104037656214     0.1400521112745345      1.080406709034227    -0.3234128329580683    -0.3420225022026844   -0.06980186782337454    -0.1621641552145187 -0.0003053011257867406    0.07006207117929983     0.7981141092647543     0.1658436750432114    -0.2913779810545888
    0.2154431541421252   -0.06096589239043883     0.5449839084133355     -0.177210338141596    -0.3805589919082532      0.104872036124323    -0.9370029181551334     0.2123809662470559     0.1082619846533767     0.1658436750432124     0.5766262610414672    -0.3509513814697425
    0.2739082512549481   -0.08366848386875203    -0.3824748517179396     0.1394688725020295    -0.7183201389537434     0.1831425643570332     0.9381137507918512    -0.1050655313207002    -0.2442549765747775    -0.2913779810545873    -0.3509513814697411     0.9194205015837711

cov*(cov_.inverse()):
     1.000000000000063  6.338029059915762e-15 -4.373203188468011e-13  2.987107089458263e-14 -4.023812533171522e-13  1.305218953751019e-13  1.759148382518561e-13 -1.464692082897567e-14  1.848781544522282e-15  1.387778780781446e-16 -1.865695098413056e-15  2.289834988289385e-16
-7.038813976123492e-14      1.000000000000006 -2.469136006766348e-13 -4.662936703425657e-15 -1.509903313490213e-13 -1.303401830909934e-13 -1.083577672034153e-13 -8.926193117986259e-14 -1.554312234475219e-15 -6.661338147750939e-16 -8.881784197001252e-16 -8.881784197001252e-16
 1.409983241273949e-14  3.530509218307998e-14     0.9999999999999127  1.454392162258955e-14 -2.575717417130363e-13  1.281197370417431e-13  1.092459456231154e-13  1.060262988517024e-14  1.221245327087672e-15  4.440892098500626e-16 -2.442490654175344e-15  -1.77635683940025e-15
-5.745404152435185e-15  2.151057110211241e-15 -4.585221091701897e-14     0.9999999999999852 -7.904787935331115e-14   4.59771110072893e-14 -5.051514762044462e-14  1.627170620466245e-14 -2.498001805406602e-16  8.326672684688674e-17 -5.828670879282072e-16 -1.110223024625157e-15
 4.662936703425657e-15 -7.049916206369744e-15 -1.714184350021242e-13  3.563815909046752e-14     0.9999999999992419  2.504663143554353e-13  1.616484723854228e-13 -7.827072323607354e-14 -8.881784197001252e-16 -1.110223024625157e-15 -1.998401444325282e-15  8.881784197001252e-16
-2.184363800949995e-14  5.398459457239824e-15 -2.736699755701011e-14 -1.038058528024521e-14 -1.332267629550188e-15      1.000000000000024 -1.976196983832779e-14  1.015854067532018e-14                      0 -1.665334536937735e-16  -3.33066907387547e-16 -8.881784197001252e-16
 -5.10702591327572e-15  3.186340080674199e-14 -5.906386491005833e-14  3.996802888650564e-14 -7.549516567451064e-14  1.224575996161548e-13      1.000000000000011  5.767608612927688e-14  2.442490654175344e-15  4.440892098500626e-16 -4.440892098500626e-16 -2.664535259100376e-15
 8.326672684688674e-15  8.326672684688674e-17  5.706546346573305e-14  -5.35682609381638e-15  2.442490654175344e-14 -9.270362255620057e-15  3.952393967665557e-14     0.9999999999999929 -6.661338147750939e-16  2.220446049250313e-16   3.33066907387547e-16 -2.220446049250313e-16
 1.298960938811433e-13 -3.086420008457935e-14 -3.788080960021034e-13  5.617728504603292e-14 -3.583799923490005e-13  1.255662240851052e-13  2.096101070492296e-13 -4.307665335545607e-14     0.9999999999999989 -1.110223024625157e-15 -5.329070518200751e-15  8.881784197001252e-16
 9.270362255620057e-15  5.828670879282072e-16  1.127431481506846e-13 -1.504352198367087e-14  5.773159728050814e-15 -1.768030166715562e-14  1.620925615952729e-14 -2.095545958979983e-14 -5.551115123125783e-17      1.000000000000001  1.665334536937735e-16  6.661338147750939e-16
 1.358912982141192e-13 -1.754152378907747e-14 -3.579359031391505e-13  3.996802888650564e-14 -2.868816295631405e-13  1.323385845353187e-13  3.339550858072471e-13  4.007905118896815e-14  8.881784197001252e-16 -2.220446049250313e-15     0.9999999999999991  -1.77635683940025e-15
 3.708144902248023e-14  1.598721155460225e-14  -2.97539770599542e-14  2.220446049250313e-15 -1.461053500406706e-13  2.930988785010413e-14  1.163513729807164e-13  1.554312234475219e-14  4.440892098500626e-16 -2.220446049250313e-16 -1.998401444325282e-15     0.9999999999999991
