5 
11 
12 
13 
14 
inputFileName = /Users/demattia/RemoteProjects/extracted_endcaps.root
eventsFractionStartBuild = 0
eventsFractionEndBuild = 0.2
eventsFractionStartTest = 0.8
eventsFractionEndTest = 1
var name = R
var name = z
par name = cotTheta
firstOrderChargeOverPtCoefficientsFileName = 
firstOrderCotThetaCoefficientsFileName = 
2 < pT < 10, pT regions = 1
0 < phi < 0.8, phi regions = 1
-3 < eta < 3, eta regions = 1
-15 < z0 < 15, eta regions = 1
charge regions = 1
endcap regions = 0
Training
Requested running from track number 0 to track number 1000000 for a total of 1000000 tracks.
Analyzed 10% of 1000000 tracks
Analyzed 20% of 1000000 tracks
Analyzed 30% of 1000000 tracks
Analyzed 40% of 1000000 tracks
Analyzed 50% of 1000000 tracks
Analyzed 60% of 1000000 tracks
Analyzed 70% of 1000000 tracks
Analyzed 80% of 1000000 tracks
Analyzed 90% of 1000000 tracks
Analyzed 100% of 1000000 tracks
Evaluating eigenvalues:
geomIndex = 0
Sqrt(eigenvalues) of cov:
 0.0504444 0.0584503 0.10859 0.840938 1.307 1.98978 2.17671 2.93017 3.68466 11.9993
Analyzed 10% of 1000000 tracks
Analyzed 20% of 1000000 tracks
Analyzed 30% of 1000000 tracks
Analyzed 40% of 1000000 tracks
Analyzed 50% of 1000000 tracks
Analyzed 60% of 1000000 tracks
Analyzed 70% of 1000000 tracks
Analyzed 80% of 1000000 tracks
Analyzed 90% of 1000000 tracks
Analyzed 100% of 1000000 tracks
opening GeometricIndex.txt for writing
Matrices built:
geomIndex = 0

V_0:
  -0.0690129    0.0155409   -0.0427687    0.0125738     0.581653    -0.129487    -0.734214     0.166472     0.259044   -0.0635232
   0.0477007   -0.0114703     0.515898    -0.120236    -0.608512     0.139314    -0.366741    0.0914083      0.41735    -0.101271
   -0.604572     0.141517     0.649425    -0.121614     0.216287    -0.072172    0.0760235  -0.00919461    -0.336117    0.0842296
    0.766921   -0.0393041     0.423018    -0.106755      0.19519   -0.0290318   -0.0900357   0.00285355    -0.403254     0.101371
  -0.0226578  -0.00070662   -0.0507259    -0.300422    0.0836449     0.307832    -0.135277    -0.696015     0.159166     0.526149
  -0.0123723    0.0212998    0.0764393     0.327544     0.166805     0.755536   -0.0398814    -0.181427    -0.120926    -0.488341
-0.000752442   0.00717507    -0.145724    -0.869838    0.0968239     0.146653     0.105858      0.13543   -0.0121194    -0.401893
   0.0709531     0.130724    0.0997115    0.0475157    0.0112011     -0.51279    0.0311065    -0.637868     0.111531    -0.531334
   -0.183143    -0.562471    -0.190057   -0.0455711    -0.301562   -0.0859919    -0.427056    -0.145771    -0.549184   -0.0912314
  0.00658564      0.80255    -0.235812   -0.0266046    -0.266934    0.0179696    -0.313217     0.004571    -0.359139    0.0295185
corrPV_0:
-0.000245308  0.000222303   0.00466905     0.125849   0.00693757    0.0499521    0.0179091    -0.246759       1.0208      4.26516
D_0:
  -0.109012   0.0248148    0.346183   -0.082143 -0.00338396  0.00794548   0.0180615  -0.0103294   -0.258727   0.0546676
opening matrixVD_0.txt for writing
