5
2

0.0002334542249446534
 0.002378163716277068
  0.00445465385016344
   0.0779824679311122
   0.5593823901542512

   -0.4297668075230065     0.8154959990146524    -0.3876168233795308  -0.002041330891578622   0.003974662744235386
   -0.2813180753893681  -0.003122486306072422     0.2952921647407282     0.6400755678926741    -0.6511191867608384
    0.3870179966532126    -0.1511073110420127     -0.749727506204001     0.5150653240718018 -0.0001708687409016385
   -0.6464965354181463    -0.3600246918166033   -0.03635928725614031     0.3274226924652251     0.5864271767779365
    0.4103899749866854     0.4272064225902685     0.4462537443509604     0.4666917534654905     0.4817999001952016

0.4001185286402787
0.4000465691093281
0.3999231173802789
0.3998090297013467
0.3996885960611627

0.00175508601027912
 0.4005247214417537

    1.17468390611247    9.246094832873894   -10.39800536648098   0.1232549017861464   -0.144659755282842
   1.539771233291142   0.4373761281332326  -0.9755300795434296  0.01217256798011229 -0.01358682852030682

 6.030482824321654e-07  -1.84187792850282e-05  0.0001372536130649808   -0.02283310435191318   -0.06891945958215859
 3.977960809031002e-09 -3.992669133682967e-06  2.515184131213297e-05  -0.006819746831080328      0.119705498609099

cov:
 0.0552451968633413 0.05627380038187754 0.05744221412486331 0.05864569335604992 0.05956561630698862
0.05627380038187754 0.05789622668796784 0.05973550906984542 0.06166734456246759 0.06312145222948624
0.05744221412486331 0.05973550906984542 0.06233307745217598  0.0650882874375254 0.06714617892370797
0.05864569335604992 0.06166734456246759  0.0650882874375254 0.06881140639117254 0.07152345252867759
0.05956561630698862 0.06312145222948624 0.06714617892370797 0.07152345252867759 0.07472957042911342

cov.inverse():
 3410537.736616777 -6433348.952035503  3027247.913618558 -5729.886027766285  980.0338518161716
-6433348.952043186  12203431.99085698  -5794357.54781121 -34838.65482220407  59799.55861723858
 3027247.913626838 -5794357.547819991  2800521.954247506  28476.60373123017 -62260.73215799994
-5729.886019644554 -34838.65483757813  28476.60373851496  85903.80812634123 -73810.96079438039
   980.03384309496  59799.55863371596 -62260.73216578853 -73810.96079434708  75308.52481248912

cov*(cov_.inverse()):
    0.9999999999969873  -1.13686837721616e-11 -5.047695594839752e-11                      0                      0
 1.021760454023024e-11     0.9999999998349267  3.001332515850663e-11  9.094947017729282e-13 -9.094947017729282e-13
 1.853095454862341e-11 -1.168700691778213e-10      1.000000000029104  9.094947017729282e-13                      0
 2.215472250099992e-11 -1.982698449864984e-10  1.546140993013978e-11      1.000000000000909 -9.094947017729282e-13
 2.820854660967598e-11 -9.094947017729282e-11  3.001332515850663e-11                      0     0.9999999999990905
