5
2

0.0002334587232214796
 0.002378442986282723
 0.004454674061008227
   0.0779803506407129
   0.5593855394355569

   -0.4297696694904403     0.8154959833316917     -0.387613688219414  -0.002041293337464531   0.003974189528399697
   -0.2813158175148306  -0.003122403454436541     0.2952951548644717     0.6400740589834448    -0.6511202899178117
    0.3870061604653318     -0.151110455860542    -0.7497298346545088     0.5150699073871676 -0.0001656037389042206
   -0.6465040195926799    -0.3600260989834242   -0.03635014394712748     0.3274150836616347     0.5864228770496199
    0.4103878974999506     0.4272041548802417     0.4462513218831472     0.4666941028478799     0.4818036485158506

0.4001183870562408
0.4000465421557065
0.3999230966324234
0.3998070206517432
0.3996860310109169

0.00175508601027912
 0.4005247214417537

0
0
0
0
0

0
0

0
0
0
0
0

0
0

0
0
0
0
0

0
0

0
0
0
0
0

0
0

0
0
0
0
0

0
0

0
0
0
0
0

0
0

0
0
0
0
0

0
0

0
0
0
0
0

0
0

0
0
0
0
0

0
0

0
0
0
0
0

0
0

0
0
0
0
0

0
0

0
0
0
0
0

0
0

0
0
0
0
0

0
0

0
0
0
0
0

0
0

0
0
0
0
0

0
0

0
0
0
0
0

0
0

0
0
0
0
0

0
0

0
0
0
0
0

0
0

0
0
0
0
0

0
0

0
0
0
0
0

0
0

0
0
0
0
0

0
0

0
0
0
0
0

0
0

0
0
0
0
0

0
0

0
0
0
0
0

0
0

0
0
0
0
0

0
0

0
0
0
0
0

0
0

0
0
0
0
0

0
0

0
0
0
0
0

0
0

0
0
0
0
0

0
0

0
0
0
0
0

0
0

0
0
0
0
0

0
0

0
0
0
0
0

0
0

0
0
0
0
0

0
0

0
0
0
0
0

0
0

0
0
0
0
0

0
0

0
0
0
0
0

0
0

0
0
0
0
0

0
0

0
0
0
0
0

0
0

0
0
0
0
0

0
0

0
0
0
0
0

0
0

0
0
0
0
0

0
0

0
0
0
0
0

0
0

0
0
0
0
0

0
0

0
0
0
0
0

0
0

0
0
0
0
0

0
0

0
0
0
0
0

0
0

0
0
0
0
0

0
0

0
0
0
0
0

0
0

0
0
0
0
0

0
0

0
0
0
0
0

0
0

0
0
0
0
0

0
0

0
0
0
0
0

0
0

0
0
0
0
0

0
0

0
0
0
0
0

0
0

0
0
0
0
0

0
0

0
0
0
0
0

0
0

0
0
0
0
0

0
0

0
0
0
0
0

0
0

0
0
0
0
0

0
0

0
0
0
0
0

0
0

0
0
0
0
0

0
0

0
0
0
0
0

0
0

0
0
0
0
0

0
0

0
0
0
0
0

0
0

0
0
0
0
0

0
0

0
0
0
0
0

0
0

0
0
0
0
0

0
0

0
0
0
0
0

0
0

0
0
0
0
0

0
0

0
0
0
0
0

0
0

0
0
0
0
0

0
0

0
0
0
0
0

0
0

0
0
0
0
0

0
0

0
0
0
0
0

0
0

0
0
0
0
0

0
0

0
0
0
0
0

0
0

0
0
0
0
0

0
0

    1.17397964355655    9.247428852880917   -10.39863038165204   0.1232041120276034  -0.1446112055884979
   1.539565852582398   0.4377694926743683  -0.9757205383286027  0.01216889122015494 -0.01358014144583766

 6.031585681063581e-07 -1.842357171049229e-05  0.0001372538527988649   -0.02283251881960697   -0.06891924033503274
 4.004027380038862e-09 -3.993639769961347e-06  2.515176449520432e-05  -0.006819499920965632     0.1197063535869678

cov:
0.05524517746765872 0.05627379422857979 0.05744221614125026 0.05864645110818566 0.05956659678102504
0.05627379422857979 0.05789622681058846 0.05973551631869295 0.06166808263664923 0.06312241071021442
0.05744221614125026 0.05973551631869295 0.06233309837448728 0.06508901942934082 0.06714713489637281
0.05864645110818566 0.06166808263664923 0.06508901942934082   0.068812794927349 0.07152504673456588
0.05956659678102504 0.06312241071021442 0.06714713489637281 0.07152504673456588 0.07473137485057835

cov.inverse():
 3410448.238646403 -6433143.821651463  3027129.709233621 -5723.198999857602  977.0532859696052
-6433143.821648604  12202961.32823694 -5794086.893729781 -34836.90375640211  59790.05002151793
  3027129.70923045 -5794086.893726369  2800367.735057294  28468.01516490743 -62248.66579638485
-5723.199002682913 -34836.90375098893  28468.01516227449    85886.567241613   -73793.444419494
 977.0532891100066  59790.05001554704 -62248.66579350933 -73793.44441953943  75291.09826290034

cov*(cov_.inverse()):
    0.9999999999730278  7.548806024715304e-11  1.364242052659392e-12                      0  9.094947017729282e-13
 2.311395519427606e-11      1.000000000093223 -2.546585164964199e-11                      0  9.094947017729282e-13
-7.688072400924284e-12  1.591615728102624e-10     0.9999999999463398                      0  9.094947017729282e-13
 4.348521542851813e-12  1.000444171950221e-10 -3.183231456205249e-11                      1  1.818989403545856e-12
-1.290345608140342e-11  5.184119800105691e-11 -1.455191522836685e-11  9.094947017729282e-13                      1
