5
2

0.0001554183598185027
 0.000209232857886143
0.0005082569252393956
  0.04372219602200556
   0.5963475875690517

 0.06638002934834156   0.1181911363015503  -0.7230392119310287   0.6653822525815661  -0.1269066702860805
 -0.3316801659545106   0.8185689362709024  -0.2581136040540021  -0.3665208464243889   0.1377425156707819
  0.6338029789628513  -0.1546314753517252  -0.4501002738432933  -0.4454515725440411   0.4163718658754433
 -0.5424688744980927   -0.313147086223297 -0.09922556312316651   0.1467075589799075   0.7591426758862128
  0.4354345683046879    0.440458580450512   0.4451468258018852   0.4505315923906214   0.4639596570493034

0.4027859182727441
0.4029359454729595
0.4028998401965042
0.4028625809664351
0.4027735858864332

0.0009091789859632289
   0.4030938877290841

0
0
0
0
0

0
0

0
0
0
0
0

0
0

0
0
0
0
0

0
0

0
0
0
0
0

0
0

0
0
0
0
0

0
0

0
0
0
0
0

0
0

0
0
0
0
0

0
0

0
0
0
0
0

0
0

0
0
0
0
0

0
0

0
0
0
0
0

0
0

0
0
0
0
0

0
0

0
0
0
0
0

0
0

0
0
0
0
0

0
0

0
0
0
0
0

0
0

0
0
0
0
0

0
0

0
0
0
0
0

0
0

0
0
0
0
0

0
0

0
0
0
0
0

0
0

0
0
0
0
0

0
0

0
0
0
0
0

0
0

0
0
0
0
0

0
0

0
0
0
0
0

0
0

0
0
0
0
0

0
0

0
0
0
0
0

0
0

0
0
0
0
0

0
0

0
0
0
0
0

0
0

0
0
0
0
0

0
0

0
0
0
0
0

0
0

0
0
0
0
0

0
0

0
0
0
0
0

0
0

0
0
0
0
0

0
0

0
0
0
0
0

0
0

0
0
0
0
0

0
0

0
0
0
0
0

0
0

0
0
0
0
0

0
0

0
0
0
0
0

0
0

0
0
0
0
0

0
0

0
0
0
0
0

0
0

0
0
0
0
0

0
0

0
0
0
0
0

0
0

0
0
0
0
0

0
0

0
0
0
0
0

0
0

0
0
0
0
0

0
0

0
0
0
0
0

0
0

0
0
0
0
0

0
0

0
0
0
0
0

0
0

0
0
0
0
0

0
0

0
0
0
0
0

0
0

0
0
0
0
0

0
0

0
0
0
0
0

0
0

0
0
0
0
0

0
0

0
0
0
0
0

0
0

0
0
0
0
0

0
0

0
0
0
0
0

0
0

0
0
0
0
0

0
0

0
0
0
0
0

0
0

0
0
0
0
0

0
0

0
0
0
0
0

0
0

0
0
0
0
0

0
0

0
0
0
0
0

0
0

0
0
0
0
0

0
0

0
0
0
0
0

0
0

0
0
0
0
0

0
0

0
0
0
0
0

0
0

0
0
0
0
0

0
0

0
0
0
0
0

0
0

0
0
0
0
0

0
0

0
0
0
0
0

0
0

0
0
0
0
0

0
0

0
0
0
0
0

0
0

0
0
0
0
0

0
0

0
0
0
0
0

0
0

0
0
0
0
0

0
0

0
0
0
0
0

0
0

0
0
0
0
0

0
0

0
0
0
0
0

0
0

0
0
0
0
0

0
0

-5.128608190625636 0.3630569682170544  6.217583497745581  12.93784954250129 -14.39004514919172
0.8746503570068287  0.101842818409366 0.2838011342457197   1.12719132299847 -1.387468680606262

 1.362751017509818e-07 -2.771483144276812e-07 -4.613685958858196e-06   -0.01333274324374541   -0.05441666252360914
 1.910623419477015e-08  -3.87107901590934e-08 -1.728048055439756e-07  -0.002719183220212838      0.147995441333773

cov:
0.06799134184863223  0.0685313767644905 0.06903549861092698 0.06961432203468636 0.07105874602326832
 0.0685313767644905 0.06918113635352091 0.06978741815550608 0.07048366962376212 0.07222041268774684
0.06903549861092698 0.06978741815550608  0.0704890878146764 0.07129486537258042 0.07330437190584624
0.06961432203468636 0.07048366962376212 0.07129486537258042 0.07222662310712688 0.07454974238451491
0.07105874602326832 0.07222041268774684 0.07330437190584624 0.07454974238451491  0.0776542127588155

cov.inverse():
 4250538.173301179 -6256259.515550016 -1135724.027516168  3512465.824148448 -370979.9279384094
-6256259.515443007  15976542.63150838 -8094640.356914655 -3330838.276495913  1705189.090107261
-1135724.026978971 -8094640.357744094  23949146.26426385 -16980092.47335307  2261123.783415917
 3512465.823208172 -3330838.275105959 -16980092.47366362  22165680.48961998 -5366967.789763486
 -370979.927642348  1705189.089653771  2261123.783434227 -5366967.789624367  1771555.092270013

cov*(cov_.inverse()):
     1.000000000047294  1.455191522836685e-11 -2.619344741106033e-10 -1.164153218269348e-10 -5.820766091346741e-11
-2.182787284255028e-11     0.9999999998835847 -5.820766091346741e-11                      0 -1.455191522836685e-11
 4.365574568510056e-11  -1.01863406598568e-10     0.9999999997962732 -5.820766091346741e-11  -2.91038304567337e-11
 7.275957614183426e-12  1.891748979687691e-10  1.164153218269348e-10     0.9999999999417923  -2.91038304567337e-11
 3.274180926382542e-11 -5.820766091346741e-11 -1.746229827404022e-10  1.746229827404022e-10                      1
