5
2

0.0001554357637309866
0.0002092749929964425
0.0005082375159966415
  0.04372287232189056
   0.5963483996922609

 0.06654269427288512   0.1178455469370736  -0.7229482818098751   0.6655177571267225  -0.1269503591297544
 -0.3316129577054869   0.8186111192958283  -0.2584394920982958   -0.366270429224742   0.1377086898004186
  0.6338157935483784  -0.1546846580331227  -0.4500592727328206  -0.4454541375849251   0.4163741811802106
 -0.5424755405916118  -0.3131408902768759 -0.09922601203383095   0.1467096322063199   0.7591400088588358
  0.4354339718363769    0.440458513186105   0.4451467851340623   0.4505318887169891   0.4639600319710688

0.4027857288952164
 0.402935865538635
0.4028997916326771
0.4028625389630988
0.4027734147142767

0.0009091789859632289
   0.4030938877290841

-5.126209755168792 0.3555973251353198  6.221697839707856  12.94001461474747 -14.39126943391122
 0.874479744315975 0.1019302660372191 0.2842946917148408  1.126698797084007 -1.387387116551721

 1.363029626119913e-07 -2.775908631235051e-07 -4.613475258326565e-06   -0.01333293843239527   -0.05441723093400905
 1.910206316261571e-08  -3.87048338203547e-08 -1.728120423992639e-07  -0.002719254788572167     0.1479955419844012

cov:
0.06799137199607277 0.06853146628963391   0.069035590563298 0.06961445365221995 0.07105887008229241
0.06853146628963391 0.06918130159372904 0.06978759197622279 0.07048389525877208 0.07222065478583804
  0.069035590563298 0.06978759197622279 0.07048926762261604 0.07129509863823695 0.07330462000364232
0.06961445365221995 0.07048389525877208 0.07129509863823695 0.07222691710585528  0.0745500626674101
0.07105887008229241 0.07222065478583804 0.07330462000364232  0.0745500626674101 0.07765457132299586

cov.inverse():
 4249544.253055734 -6253221.663603991 -1138618.690100132  3513220.928978302 -370884.5396046439
-6253221.662954055  15968521.88669293 -8087370.254227409 -3333223.415714812  1705287.592340125
-1138618.691300018 -8087370.251171025  23942005.66684213 -16976810.43649741  2260611.115396933
 3513220.929522038 -3333223.418617157 -16976810.43369627  22163682.66706219 -5366628.373775704
-370884.5395984357  1705287.592836019  2260611.114452306 -5366628.373333174  1771536.308063911

cov*(cov_.inverse()):
     1.000000000047294 -1.309672370553017e-10 -8.731149137020111e-11                      0 -1.455191522836685e-11
-7.275957614183426e-11      1.000000000174623                      0  5.820766091346741e-11   2.91038304567337e-11
-3.637978807091713e-12  4.365574568510056e-11     0.9999999998835847 -1.164153218269348e-10 -1.455191522836685e-11
 4.001776687800884e-11  -2.91038304567337e-11  1.164153218269348e-10      1.000000000058208                      0
 -2.91038304567337e-11  5.820766091346741e-11 -1.164153218269348e-10                      0                      1
