5
1

0.001786107526480873
0.001881717112651365
0.001936481104924591
  0.1148442567010822
  0.5829191295449603

  -0.398248669301537   0.2245373564766424   0.7069890249128318  -0.5395509785939175 0.005677419940897526
  0.3386121028639745 -0.08112715782814553  -0.2688042366565404  -0.6291738419899712   0.6408157199755931
 -0.4263955911662462   0.7585613763858321  -0.4746100401297504  0.00990093530646359   0.1319799961271151
 -0.6310983372319475  -0.4537166046770221 0.003449986575241933   0.2874137425841759     0.55967630783321
  0.3829380234067264   0.4021532552462994   0.4501602030488316   0.4799170033534331   0.5085928538698217

0.3991409646739176
 0.399510189316172
0.3992471259508618
0.3992518771836869
0.3992299457530747

1.137197274458303e-06

  1.637975071637385  0.8569653926830596 -0.3648873677583775  -0.716368184168159  -1.411267415854887

-1.082642537978219e-06  4.587397954617832e-07 -2.570112300176352e-07   -0.03191191872246498   -0.08628787945953544

cov:
0.05508267336748847 0.05610330665010693 0.05854580929735317 0.06005452580231096 0.06152024366350118
0.05610330665010693 0.05767151604092815 0.06149277720223533 0.06386033468412371 0.06614998683724964
0.05854580929735317 0.06149277720223533 0.06886028243688945 0.07342153409188774 0.07782004347683524
0.06005452580231096 0.06386033468412371 0.07342153409188774 0.07935347692831074 0.08505805966879042
0.06152024366350118 0.06614998683724964 0.07782004347683524 0.08505805966879042 0.09202644711151947

cov.inverse():
 130611.8174071545 -122019.8551409871 -59996.56682015103  6048.414394702453  45539.19179427685
-122019.8551408966  171124.4352929158 -40086.77295504183 -21566.76339537322  12396.36621487964
-59996.56682050996  -40086.7729546008  237154.2027690454 -73060.80371557399 -64092.41517385461
 6048.414395099409 -21566.76339587923 -73060.80371550133  203084.2752338535 -114465.1197810679
 45539.19179414852  12396.36621503476 -64092.41517384467 -114465.1197811048  120652.8583340403

cov*(cov_.inverse()):
    0.9999999999995453 -1.477928890381008e-12  1.818989403545856e-12  1.818989403545856e-12 -9.094947017729282e-13
-9.094947017729282e-13      1.000000000000341 -9.094947017729282e-13  1.818989403545856e-12                      0
-1.818989403545856e-12                      0      1.000000000002728                      0 -1.818989403545856e-12
 4.547473508864641e-13 -2.273736754432321e-12 -9.094947017729282e-13      1.000000000001819  1.818989403545856e-12
-9.094947017729282e-13 -4.547473508864641e-13                      0                      0                      1
