5
1

0.001598455964283471
0.001684948681583712
 0.00173618745788384
  0.1049834100126746
   0.568999257940876

 -0.3847449940183288   0.2102146010580898   0.7099869159157693  -0.5508864854957144  0.01495895739741165
  0.3432566808580848 -0.08096783596269151  -0.2840756918524918  -0.6193341771385741    0.641362018607606
 -0.4348069432585817   0.7627544494070037  -0.4610659740646628 0.004003676810447519   0.1286495632940437
 -0.6243728896116715  -0.4464765626302517  0.01138747463537021   0.2958095272614716   0.5684929399232853
  0.3940146665242639   0.4100223895998861   0.4500089704752276   0.4747946411656384   0.4986943530889347

0.3993584110855071
 0.399654535623054
0.3994414163420284
0.3994366853956605
0.3994102724908913

0.0001044576298694253

0
0
0
0
0

0

0
0
0
0
0

0

0
0
0
0
0

0

0
0
0
0
0

0

0
0
0
0
0

0

0
0
0
0
0

0

0
0
0
0
0

0

0
0
0
0
0

0

0
0
0
0
0

0

0
0
0
0
0

0

0
0
0
0
0

0

0
0
0
0
0

0

0
0
0
0
0

0

0
0
0
0
0

0

0
0
0
0
0

0

0
0
0
0
0

0

0
0
0
0
0

0

0
0
0
0
0

0

0
0
0
0
0

0

0
0
0
0
0

0

0
0
0
0
0

0

0
0
0
0
0

0

0
0
0
0
0

0

0
0
0
0
0

0

0
0
0
0
0

0

0
0
0
0
0

0

0
0
0
0
0

0

0
0
0
0
0

0

0
0
0
0
0

0

0
0
0
0
0

0

0
0
0
0
0

0

0
0
0
0
0

0

0
0
0
0
0

0

0
0
0
0
0

0

0
0
0
0
0

0

0
0
0
0
0

0

0
0
0
0
0

0

0
0
0
0
0

0

0
0
0
0
0

0

0
0
0
0
0

0

0
0
0
0
0

0

0
0
0
0
0

0

0
0
0
0
0

0

0
0
0
0
0

0

0
0
0
0
0

0

0
0
0
0
0

0

0
0
0
0
0

0

0
0
0
0
0

0

0
0
0
0
0

0

0
0
0
0
0

0

0
0
0
0
0

0

0
0
0
0
0

0

0
0
0
0
0

0

0
0
0
0
0

0

0
0
0
0
0

0

0
0
0
0
0

0

0
0
0
0
0

0

0
0
0
0
0

0

0
0
0
0
0

0

0
0
0
0
0

0

0
0
0
0
0

0

0
0
0
0
0

0

0
0
0
0
0

0

0
0
0
0
0

0

0
0
0
0
0

0

0
0
0
0
0

0

0
0
0
0
0

0

0
0
0
0
0

0

0
0
0
0
0

0

0
0
0
0
0

0

0
0
0
0
0

0

0
0
0
0
0

0

0
0
0
0
0

0

0
0
0
0
0

0

0
0
0
0
0

0

0
0
0
0
0

0

0
0
0
0
0

0

  1.623752592213468  0.8657226708116829 -0.3466925353642208 -0.7256325099427468  -1.415316450442418

-7.928887571152589e-07  3.617916290184547e-07 -2.134820510137494e-07   -0.02671115581431721   -0.06850877734555721

cov:
0.05456090049538152 0.05537617782647936 0.05732722289714073 0.05853208058428482 0.05970490543220166
0.05537617782647936 0.05662895525838632 0.05968155202139466 0.06157269408138708 0.06340382173170479
0.05732722289714073 0.05968155202139466 0.06556763245010994 0.06921181385788062 0.07272794199834978
0.05853208058428482 0.06157269408138708 0.06921181385788062 0.07395151932005077 0.07851138292957405
0.05970490543220166 0.06340382173170479 0.07272794199834978 0.07851138292957405 0.08408107285164658

cov.inverse():
 162191.9952803982 -151442.2278221161 -74750.43425771339   7478.78409950617  56702.81882087734
-151442.2278220774  212631.3328326608 -50153.69151544489 -26658.81722739274  15470.78433079894
-74750.43425789282 -50153.69151528112  296236.0072790483 -91718.22843064507  -79694.5929637517
 7478.784099728226 -26658.81722755732 -91718.22843081989  253895.0173612198 -142950.3659878921
 56702.81882079594  15470.78433083845 -79694.59296359235 -142950.3659880097  150496.5498451154

cov*(cov_.inverse()):
    0.9999999999995453  -1.13686837721616e-13  3.637978807091713e-12 -3.637978807091713e-12  1.818989403545856e-12
                     0     0.9999999999994316                      0 -3.637978807091713e-12  1.818989403545856e-12
 9.094947017729282e-13 -1.591615728102624e-12      1.000000000003638 -1.818989403545856e-12 -1.818989403545856e-12
                     0 -2.501110429875553e-12  1.818989403545856e-12      0.999999999998181                      0
                     0 -1.364242052659392e-12  2.728484105318785e-12                      0      1.000000000001819
