5
1

0.000807693263551483
0.000877070454218689
0.002294913756675852
 0.05812242083922514
   0.547731576351297

 0.01571512427851036 -0.09526152099960195  -0.3352299450103751   0.8367968472274183  -0.4219836465129271
 -0.1186787353216934   0.6016677788543912  -0.7249313266406074 -0.06494340443708209   0.3068683228130227
  0.6145594098002408  -0.5598150978778255  -0.3984834812801636 -0.04058674036072059    0.385340654055283
 -0.6555409799605544  -0.3563986334540539  0.03894429780697257   0.2891260901328818   0.5984442190691075
  0.4221979962881043   0.4341753064896595   0.4492100983265996   0.4585980933254506   0.4702539011263898

0.4011745582448699
 0.401351407349346
0.4013744921184016
0.4013531311889564
0.4013651891694097

3.774245540562927e-05

0.5842860573104316 0.2659390594534765  9.475598569026731 -3.758787975569105 -6.570244017039772

 -2.32599504077218e-06 -6.577559495814021e-06 -3.130954617182604e-05   -0.01732170512273672   -0.05843374599612217

cov:
 0.0549308397187046 0.05578159229555259 0.05681108332396194 0.05744726812358858 0.05823996286837237
0.05578159229555259 0.05698535728114473 0.05846667810921227  0.0593874897388033  0.0605323170541046
0.05681108332396194 0.05846667810921227 0.06054534481665926 0.06184208014026065 0.06345277249219898
0.05744726812358858  0.0593874897388033 0.06184208014026065 0.06337860813677082 0.06528358392734661
0.05823996286837237  0.0605323170541046 0.06345277249219898 0.06528358392734661 0.06755463383334934

cov.inverse():
 90528.40796914801 -160373.5543225652  57259.77939630084  25385.72216643545 -12658.65731748608
-160373.5543223248  544046.1275653713 -475697.1838482408 -168703.4216975428  260613.4521802286
 57259.77939526382 -475697.1838467172  885578.1187635546 -365724.9321051285 -101492.7752100048
 25385.72216756949 -168703.4216993238 -365724.9321046315  1079185.313671958 -570105.6523779223
-12658.65731782355  260613.4521807261 -101492.7752100136  -570105.652378074  423675.4782251121

cov*(cov_.inverse()):
     1.000000000000568 -1.818989403545856e-12 -1.818989403545856e-12  7.275957614183426e-12 -3.637978807091713e-12
-1.023181539494544e-12                      1 -2.728484105318785e-12 -7.275957614183426e-12 -3.637978807091713e-12
-7.958078640513122e-13 -3.637978807091713e-12                      1  1.455191522836685e-11 -7.275957614183426e-12
 1.818989403545856e-12 -7.275957614183426e-12  8.185452315956354e-12                      1                      0
                     0  3.637978807091713e-12  9.094947017729282e-13                      0                      1
