5
2

8.468797427145866e-05
0.0001766976892953085
 0.000709162516033361
  0.01498036980548097
    0.519259776502043

-0.3091383883800768  0.7976204154426951 -0.5175042371671114 0.01321553962936354 0.01580644568465929
-0.6218664925840806  0.2265161311953593  0.7114719812260569 -0.1041462859758075 -0.2119756560484583
0.07499745476594999 0.08758097504455349 0.08664407603142196 -0.8131546208923695  0.5638947784816977
-0.5599358444382752 -0.3250463586596015 -0.1372597740110884  0.3561606234346614  0.6596408716782091
 0.4456038084697742  0.4462808002924707  0.4468216008335331  0.4482277026978257  0.4491247897080867

0.3946996422134603
0.3948149267917152
0.3948157976974969
0.3948162692411079
 0.394820752502935

-4.794812417302671e-05
    0.3948134365084672

  4.865274267143803   4.284283367418664  -7.694534612333769 -0.6280506268963557 -0.8266676406972695
  2.195983177006821  0.5597887204569534  -1.503819447478506 -0.1258015824046334 -0.1259341341631978

 4.212703552130934e-08 -2.275744140940546e-07  5.932734147567138e-08 -0.0008594225272241134  -0.002937017422712168
 3.888802173701844e-09 -7.084088147374027e-08   5.76867029229869e-08 -0.0002991472197927764     0.1195743511821965

cov:
0.05360899236850462 0.05366079817074777 0.05370217147801027 0.05380909194356096 0.05387879548122869
0.05366079817074777 0.05372514035694093  0.0537765133684531 0.05390967654002633  0.0539955467284364
0.05370217147801027  0.0537765133684531 0.05383589858717402 0.05399004331866125 0.05408883111349924
0.05380909194356096 0.05390967654002633 0.05399004331866125 0.05419978715580979 0.05433189880183829
0.05387879548122869  0.0539955467284364 0.05408883111349924 0.05433189880183829 0.05448584980963184

cov.inverse():
 25723476.41629487 -38877755.80243292  8148586.930441767  1382553.638264526  3623169.121163545
-38877755.80825068  90364288.30953065 -52375812.17230274  572024.8143179232  317234.0473627227
 8148586.937906872 -52375812.18178524  53568517.92194109 -3467117.521379601 -5874165.066343071
 1382553.637541102  572024.8158342392 -3467117.522146139   1687099.30252888 -174505.7084172053
 3623169.120239607  317234.0495111701 -5874165.067593934 -174505.7083908525  2108212.227511399

cov*(cov_.inverse()):
    0.9999999998835847   3.92901711165905e-10  1.746229827404022e-10 -9.094947017729282e-12  5.820766091346741e-11
-1.164153218269348e-10      1.000000000211003 -1.746229827404022e-10 -2.000888343900442e-11  4.365574568510056e-11
 1.164153218269348e-10  1.782609615474939e-10                      1 -1.637090463191271e-11   2.91038304567337e-11
-2.328306436538696e-10  1.229636836796999e-09 -2.328306436538696e-10      1.000000000001819 -1.455191522836685e-11
-2.619344741106033e-10  6.912159733474255e-11 -5.820766091346741e-11 -1.637090463191271e-11     0.9999999999854481
