5
1

0.0006622277956217862
 0.000766972710615744
 0.002036061040612843
  0.04396049577981986
   0.5963036196186834

  0.1831351277395581   0.3953976230522072  -0.8752343251331371   0.1503403545751902   0.1465772784828143
-0.07414738689914521  -0.3371004952030263 -0.08160636690478441   0.8598533130211796  -0.3672303120890302
  0.6938749256866145  -0.6610126989190802  -0.1365102835775095  -0.1175973993309926     0.22166549916323
  -0.538590703446896  -0.3148651634295159  -0.1025169350008313   0.1453991613268334   0.7610054828597301
  0.4352256100780579   0.4403931386213425   0.4451522183534153   0.4506439763591081   0.4641035023070934

0.4027688571783538
 0.402902677933928
0.4028584682636579
0.4028492567393331
0.4027519706910512

0.0009091789859632289

0.6374060624572584  6.250603166186815 -8.987022028196533  11.55916253855793 -9.464473487729526

  4.73826083779782e-06  7.055365921489838e-06 -2.454121650984609e-05   -0.01335742064598123   -0.05471738431630357

cov:
0.06791666022256901 0.06847963833724197 0.06899651257892306 0.06958845336896254 0.07103168594125024
0.06847963833724197 0.06915651098004656 0.06977083591095692 0.07047989901988386 0.07221230744869099
0.06899651257892306 0.06977083591095692  0.0704822421371841 0.07130194657589499 0.07331031220814566
0.06958845336896254 0.07047989901988386 0.07130194657589499 0.07225213679188087  0.0745810703394373
0.07103168594125024 0.07221230744869099 0.07331031220814566  0.0745810703394373 0.07770815416522363

cov.inverse():
 202113.0822928587  97056.50533575578 -378028.2325390776 -65324.44632801838  144389.3219276059
 97056.50533783664  655124.6723366687 -720571.6792519379 -338470.4765013221  307132.1663054671
-378028.2325413249 -720571.6792461507  1762584.838118404 -415464.6006399251 -248927.8512453007
-65324.44632850092  -338470.476505045 -415464.6006345531   1311752.27314169 -492769.5131986919
 144389.3219282551  307132.1663054829 -248927.8512471328 -492769.5131975246  290398.3123836969

cov*(cov_.inverse()):
     1.000000000001819 -3.637978807091713e-12 -3.637978807091713e-12 -7.275957614183426e-12  3.637978807091713e-12
 3.637978807091713e-12      1.000000000007276                      0 -1.455191522836685e-11                      0
-3.637978807091713e-12 -3.637978807091713e-12      1.000000000029104                      0                      0
-1.818989403545856e-12  3.637978807091713e-12  3.637978807091713e-12                      1  3.637978807091713e-12
-1.818989403545856e-12                      0  7.275957614183426e-12  7.275957614183426e-12                      1
