5
1

0.0005952105801195744
 0.000688051585292705
 0.001818808845128001
  0.03964453875376795
   0.5928064261397968

  0.1839440577084755   0.4050741095489069   -0.872600323624304   0.1279774814541394   0.1557882821598491
-0.06878641027226691  -0.3270260426787769  -0.1045311221129405   0.8633999481745906  -0.3632301903389056
  0.6942448364506963  -0.6601641951693693   -0.137778989447702  -0.1180102076751823   0.2220312667827546
 -0.5367980578697041  -0.3132537362953823  -0.1007863467205308   0.1472909438650726   0.7628023544368235
  0.4373842309965639   0.4416155174995336   0.4455344903619343   0.4500458448564608   0.4611166062988072

0.4033716551669619
0.4035430689305467
0.4035262637796095
0.4035410257668167
0.4035165919578329

0.0001615156400522651

0
0
0
0
0

0

0
0
0
0
0

0

0
0
0
0
0

0

0
0
0
0
0

0

0
0
0
0
0

0

0
0
0
0
0

0

0
0
0
0
0

0

0
0
0
0
0

0

0
0
0
0
0

0

0
0
0
0
0

0

0
0
0
0
0

0

0
0
0
0
0

0

0
0
0
0
0

0

0
0
0
0
0

0

0
0
0
0
0

0

0
0
0
0
0

0

0
0
0
0
0

0

0
0
0
0
0

0

0
0
0
0
0

0

0
0
0
0
0

0

0
0
0
0
0

0

0
0
0
0
0

0

0
0
0
0
0

0

0
0
0
0
0

0

0
0
0
0
0

0

0
0
0
0
0

0

0
0
0
0
0

0

0
0
0
0
0

0

0
0
0
0
0

0

0
0
0
0
0

0

0
0
0
0
0

0

0
0
0
0
0

0

0
0
0
0
0

0

0
0
0
0
0

0

0
0
0
0
0

0

0
0
0
0
0

0

0
0
0
0
0

0

0
0
0
0
0

0

0
0
0
0
0

0

0
0
0
0
0

0

0
0
0
0
0

0

0
0
0
0
0

0

0
0
0
0
0

0

0
0
0
0
0

0

0
0
0
0
0

0

0
0
0
0
0

0

0
0
0
0
0

0

0
0
0
0
0

0

0
0
0
0
0

0

0
0
0
0
0

0

0
0
0
0
0

0

0
0
0
0
0

0

0
0
0
0
0

0

0
0
0
0
0

0

0
0
0
0
0

0

0
0
0
0
0

0

0
0
0
0
0

0

0
0
0
0
0

0

0
0
0
0
0

0

0
0
0
0
0

0

0
0
0
0
0

0

0
0
0
0
0

0

0
0
0
0
0

0

0
0
0
0
0

0

0
0
0
0
0

0

0
0
0
0
0

0

0
0
0
0
0

0

0
0
0
0
0

0

0
0
0
0
0

0

0
0
0
0
0

0

0
0
0
0
0

0

0
0
0
0
0

0

0
0
0
0
0

0

0
0
0
0
0

0

0
0
0
0
0

0

0
0
0
0
0

0

0
0
0
0
0

0

0.6803492396700427  6.258722295026509 -9.000149486017802  11.47764049072049 -9.420330066944551

 3.725289214952495e-06  5.765614215472458e-06 -1.940349351812841e-05    -0.0108666350404994    -0.0445460428174053

cov:
0.06768278180195822 0.06814146552439378 0.06856568729233635 0.06904988779782692 0.07023305096290179
0.06814146552439378 0.06869109883979162 0.06919332889220907 0.06977126909806851 0.07118577776112354
0.06856568729233635 0.06919332889220907  0.0697734104875663  0.0704400880851916 0.07207582868689334
0.06904988779782692 0.06977126909806851  0.0704400880851916 0.07121144284986992 0.07310419298669885
0.07023305096290179 0.07118577776112354 0.07207582868689334 0.07310419298669885 0.07563655010268514

cov.inverse():
 251381.5417284169  119398.2109730234 -466756.0192296825  -83819.0446573598  180000.3217483845
 119398.2109706952  820866.4502399596 -897995.5498064046 -426570.8843381536  384578.3062128482
-466756.0192232599 -897995.5498094815  2178088.622694876 -500950.0795216225 -312808.8230821157
 -83819.0446622996 -426570.8843387417 -500950.0795134582  1625097.166978355 -614020.3028144754
 180000.3217492299  384578.3062141871 -312808.8230869393 -614020.3028118357  362469.4174071347

cov*(cov_.inverse()):
     0.999999999998181                      0 -7.275957614183426e-12  1.455191522836685e-11                      0
-5.456968210637569e-12      1.000000000003638 -1.455191522836685e-11 -7.275957614183426e-12  1.091393642127514e-11
-3.637978807091713e-12 -7.275957614183426e-12      1.000000000007276 -1.455191522836685e-11  3.637978807091713e-12
 1.818989403545856e-12  1.091393642127514e-11 -3.637978807091713e-12     0.9999999999854481  7.275957614183426e-12
                     0  3.637978807091713e-12 -3.637978807091713e-12  7.275957614183426e-12                      1
