5 
7 
8 
9 
10 
inputFileName = /Users/demattia/RemoteProjects/extracted_prompt_extrapolated.root
eventsFractionStartBuild = 0
eventsFractionEndBuild = 0.2
eventsFractionStartTest = 0.8
eventsFractionEndTest = 1
var name = R
var name = z
par name = cotTheta
firstOrderChargeOverPtCoefficientsFileName = 
firstOrderCotThetaCoefficientsFileName = 
2 < pT < 10, pT regions = 1
0 < phi < 0.8, phi regions = 1
-3 < eta < 3, eta regions = 1
-15 < z0 < 15, eta regions = 1
charge regions = 1
endcap regions = 0
Training
Requested running from track number 0 to track number 1000000 for a total of 1000000 tracks.
Analyzed 10% of 1000000 tracks
Analyzed 20% of 1000000 tracks
Analyzed 30% of 1000000 tracks
Analyzed 40% of 1000000 tracks
Analyzed 50% of 1000000 tracks
Analyzed 60% of 1000000 tracks
Analyzed 70% of 1000000 tracks
Analyzed 80% of 1000000 tracks
Analyzed 90% of 1000000 tracks
Analyzed 100% of 1000000 tracks
Evaluating eigenvalues:
geomIndex = 0
Sqrt(eigenvalues) of cov:
 0.389733 0.929862 0.943285 1.0126 1.08101 1.13305 1.49338 1.54028 7.43088 54.985
Analyzed 10% of 1000000 tracks
Analyzed 20% of 1000000 tracks
Analyzed 30% of 1000000 tracks
Analyzed 40% of 1000000 tracks
Analyzed 50% of 1000000 tracks
Analyzed 60% of 1000000 tracks
Analyzed 70% of 1000000 tracks
Analyzed 80% of 1000000 tracks
Analyzed 90% of 1000000 tracks
Analyzed 100% of 1000000 tracks
opening GeometricIndex.txt for writing
Matrices built:
geomIndex = 0

V_0:
   -0.234276      0.45835     0.365578    -0.749991    -0.024676    0.0600369   -0.0491935    0.0985533   -0.0652196     0.135264
   -0.525472    0.0282919   -0.0617786     0.151446     0.732171    -0.285991    -0.185377    0.0380052    -0.193217    0.0729371
   0.0572281   -0.0522936    0.0980276  -0.00965511     0.035485 -0.000404846     -0.72075     0.253986     0.601617    -0.192603
   -0.784631    -0.131173     0.066014     0.154253    -0.384711     0.108579      0.21864   -0.0699682     0.351216   -0.0561537
   -0.202423   -0.0361162    -0.208662    0.0421799    -0.466296    0.0155233    -0.565603   0.00746829    -0.611525   -0.0283432
  -0.0561102     0.211862    -0.891778    -0.294907  -0.00990544   -0.0395194    0.0624828    0.0600999     0.236323      0.06858
  -0.0753355    -0.263881   -0.0969889    -0.185601     0.286593     0.752031    0.0448085     0.125518    -0.158318    -0.436261
   0.0141347    0.0103728   -0.0181305  -0.00480661     0.119937     0.364253    -0.264788    -0.774527     0.135029     0.405015
 -0.00867029     -0.78989   -0.0050215     -0.40379  -0.00208106     -0.15992   0.00038002     0.132268   0.00307235     0.412122
 0.000111608     0.171222 -1.92395e-05     0.323147 -9.30082e-05     0.420961 -7.44751e-05     0.531628 -8.30028e-05     0.637513
corrPV_0:
-0.00369965 -0.00271813 0.000659588  -0.0034545  0.00313848 -0.00550958  0.00709601 0.000130652    0.758695     16.4322
D_0:
  0.0093838  -0.0226176 -0.00597192   0.0142611 -0.00069864  0.00178544 -0.00114432  0.00272971 -0.00165246  0.00391373
opening matrixVD_0.txt for writing
