10
1

0.3885159297289514
0.9517918280933335
 0.954319003483319
0.9930419270279113
 1.057683396004145
 1.133610532753657
 1.501754976015856
 1.546398282724736
 7.418887408692368
 54.93630483350135

    0.2347008331626452    -0.4580193744264621    -0.3653770799423638     0.7502712921342248    0.02754790934063805    -0.0612562773647625    0.04667459494443295   -0.09807364601541844    0.06442711469003258     -0.135156647731031
   -0.3435750947732903    0.06331550431794902   -0.07081350841784605     0.1126564330156763     0.5113984289915833    -0.2111193057992769     0.4179702741909928    -0.1612074033711034    -0.5598815678134584     0.1999680345650187
   -0.2668762322729428  0.0009060056615096885    0.02970140485309475    0.09012811906339445     0.5965748671621178    -0.2307576650276947    -0.6285309033247366     0.2150238548211179     0.2530622437099282   -0.07275629621557381
    0.8371882784967115      0.133636089698666   -0.08215380816096443    -0.1852567755814665     0.3369479576198979   -0.06257863240550478    -0.1529288595256718    0.05602659681475372    -0.3057093412988782     0.0524731590601209
   -0.1894157512706724   -0.01276983077750429    -0.2542031029549429    0.03116841927994785    -0.4102408852724135    -0.0177792599483043    -0.5650565305875901   0.006312101616818271    -0.6406158376516962  -0.006070733897643175
  -0.08895715341884076     0.2136623360960712    -0.8813182293164489    -0.2835054243275213    0.01607874951610585   -0.05303847659437656     0.1022211554274083    0.04926860932759387     0.2587008840674834    0.08039633048987543
   -0.1043998421725514    -0.2626308431166776    -0.1105729508216014    -0.1815265188491139     0.2873555454619593     0.7382034899836085     0.0464074495694563     0.1419876816918973     -0.168689760536147    -0.4434630403202198
 0.0005547756149974833   0.002512454108176028   -0.01608483241607564  -0.005131210829842478     0.1309419456830765     0.3791918872262166    -0.2698002758492456     -0.769509089378077     0.1382097990175038     0.3933670958967248
 -0.008554537855654484    -0.7900583836933248  -0.005241785367189141    -0.4038925452971757  -0.001461132635568535    -0.1591722024702203  0.0003255523266609637     0.1325487480707666   0.003176037654304364     0.4118987946268788
  0.000138731461111674     0.1713528230777093  1.882191783636922e-05     0.3232710550829609 -0.0001164109003043297       0.42108819731064 -7.736058675350673e-05      0.531675037845555 -8.018540592638789e-05     0.6372914353887962

22.67866865672089
9.362898494857337
50.55935298301318
20.96790787725245
 68.3416923471636
28.38921851229882
88.52188968062084
 36.8372759331454
107.7213509867424
44.91087915002375

0.4155256372689275

0
0
0
0
0
0
0
0
0
0

0

0
0
0
0
0
0
0
0
0
0

0

0
0
0
0
0
0
0
0
0
0

0

0
0
0
0
0
0
0
0
0
0

0

0
0
0
0
0
0
0
0
0
0

0

0
0
0
0
0
0
0
0
0
0

0

0
0
0
0
0
0
0
0
0
0

0

0
0
0
0
0
0
0
0
0
0

0

0
0
0
0
0
0
0
0
0
0

0

0
0
0
0
0
0
0
0
0
0

0

0
0
0
0
0
0
0
0
0
0

0

0
0
0
0
0
0
0
0
0
0

0

0
0
0
0
0
0
0
0
0
0

0

0
0
0
0
0
0
0
0
0
0

0

0
0
0
0
0
0
0
0
0
0

0

0
0
0
0
0
0
0
0
0
0

0

0
0
0
0
0
0
0
0
0
0

0

0
0
0
0
0
0
0
0
0
0

0

0
0
0
0
0
0
0
0
0
0

0

0
0
0
0
0
0
0
0
0
0

0

0
0
0
0
0
0
0
0
0
0

0

0
0
0
0
0
0
0
0
0
0

0

0
0
0
0
0
0
0
0
0
0

0

0
0
0
0
0
0
0
0
0
0

0

0
0
0
0
0
0
0
0
0
0

0

0
0
0
0
0
0
0
0
0
0

0

0
0
0
0
0
0
0
0
0
0

0

0
0
0
0
0
0
0
0
0
0

0

0
0
0
0
0
0
0
0
0
0

0

0
0
0
0
0
0
0
0
0
0

0

0
0
0
0
0
0
0
0
0
0

0

0
0
0
0
0
0
0
0
0
0

0

0
0
0
0
0
0
0
0
0
0

0

0
0
0
0
0
0
0
0
0
0

0

0
0
0
0
0
0
0
0
0
0

0

0
0
0
0
0
0
0
0
0
0

0

0
0
0
0
0
0
0
0
0
0

0

0
0
0
0
0
0
0
0
0
0

0

0
0
0
0
0
0
0
0
0
0

0

0
0
0
0
0
0
0
0
0
0

0

0
0
0
0
0
0
0
0
0
0

0

0
0
0
0
0
0
0
0
0
0

0

0
0
0
0
0
0
0
0
0
0

0

0
0
0
0
0
0
0
0
0
0

0

0
0
0
0
0
0
0
0
0
0

0

0
0
0
0
0
0
0
0
0
0

0

0
0
0
0
0
0
0
0
0
0

0

0
0
0
0
0
0
0
0
0
0

0

0
0
0
0
0
0
0
0
0
0

0

0
0
0
0
0
0
0
0
0
0

0

0
0
0
0
0
0
0
0
0
0

0

0
0
0
0
0
0
0
0
0
0

0

0
0
0
0
0
0
0
0
0
0

0

0
0
0
0
0
0
0
0
0
0

0

0
0
0
0
0
0
0
0
0
0

0

0
0
0
0
0
0
0
0
0
0

0

0
0
0
0
0
0
0
0
0
0

0

0
0
0
0
0
0
0
0
0
0

0

0
0
0
0
0
0
0
0
0
0

0

0
0
0
0
0
0
0
0
0
0

0

0
0
0
0
0
0
0
0
0
0

0

0
0
0
0
0
0
0
0
0
0

0

0
0
0
0
0
0
0
0
0
0

0

0
0
0
0
0
0
0
0
0
0

0

0
0
0
0
0
0
0
0
0
0

0

0
0
0
0
0
0
0
0
0
0

0

0
0
0
0
0
0
0
0
0
0

0

0
0
0
0
0
0
0
0
0
0

0

0
0
0
0
0
0
0
0
0
0

0

0
0
0
0
0
0
0
0
0
0

0

0
0
0
0
0
0
0
0
0
0

0

0
0
0
0
0
0
0
0
0
0

0

0
0
0
0
0
0
0
0
0
0

0

0
0
0
0
0
0
0
0
0
0

0

0
0
0
0
0
0
0
0
0
0

0

0
0
0
0
0
0
0
0
0
0

0

0
0
0
0
0
0
0
0
0
0

0

  0.009454187895832376   -0.02277506434645715  -0.006086415511916083    0.01451058555123362 -0.0006878651646286569    0.00173073594363809  -0.001121193671911755   0.002727321073213427  -0.001618703002358806   0.003877426643354083

 0.003726507892315712 -0.002326677575564295  -0.00148178124142085  0.003319025041049147   0.00270178002429092 -0.005971829736389041    0.0067705544855308 0.0001028466553332992    0.7574900670796905     16.41689940532385

cov:
   0.9502542423017575    0.5580300268618282    0.1171563038546835     0.210724206363786 -0.006770040566456006    0.1557370587491504 -0.005349683824533556    0.1594703087804364  0.007194046576910129    0.1638968800882296
   0.5580300268618282     123.2366132838619   0.07511054656873019     184.6997805663221  -0.08347913057744116     224.2185412882752  -0.04705704757344258     269.1176717968768  -0.07529344201473102     311.9739782865337
   0.1171563038546835   0.07511054656873019     1.132292033213496    0.4614176928396035  -0.02331386872551734  -0.04795559599003917  0.009624176027135016  -0.05441544017158784  -0.01101330497775109  -0.08809852745285894
    0.210724206363786     184.6997805663221    0.4614176928396035     324.6884212765018   -0.1777794747312917     414.0410852709409   -0.1310552049748245     515.6856435187772   -0.1712813269844338     612.7416202373643
-0.006770040566456006  -0.08347913057744116  -0.02331386872551734   -0.1777794747312917     1.089113360557832    0.2248331896627274  0.008556067736251829   -0.2879181532274402  0.009873254958071039    -0.346809249771702
   0.1557370587491504     224.2185412882752  -0.04795559599003917     414.0410852709409    0.2248331896627274     538.2016449102017   -0.2031248299674845     674.0325728615153    -0.217968531807659     805.8769900990441
-0.005349683824533556  -0.04705704757344258  0.009624176027135016   -0.1310552049748245  0.008556067736251829   -0.2031248299674845     1.091002795235801     0.198798126253171   0.02188708022750468   -0.3187225824927324
   0.1594703087804364     269.1176717968768  -0.05441544017158784     515.6856435187772   -0.2879181532274402     674.0325728615153     0.198798126253171     855.6244229363909   -0.2885081163790622     1024.699627568345
 0.007194046576910129  -0.07529344201473102  -0.01101330497775109   -0.1712813269844338  0.009873254958071039    -0.217968531807659   0.02188708022750468   -0.2885081163790622     1.090619270029749    0.1122543263700325
   0.1638968800882296     311.9739782865337  -0.08809852745285894     612.7416202373643    -0.346809249771702     805.8769900990441   -0.3187225824927324     1024.699627568345    0.1122543263700325     1235.937187037819

cov.inverse():
   1.327245265312749  -0.6233392972868239  -0.5105450272625759   0.9629817465009526  0.01519449018908484 -0.02806119952373577  0.05479355768481658  -0.1180499590879588  0.07722588445558956   -0.204105984321041
 -0.6233392972868239    1.489935927571551    0.961934766085597   -2.314273159053295 -0.02754086417049189  0.07053400321194303  -0.1160105480980733   0.2830332960335096   -0.205732997276384   0.4907432883849001
  -0.510545027262578   0.9619347660856021    1.565492744013331   -1.610220591782636 -0.04804906386846236    0.164153598512889 -0.09557683500262855   0.2153222995485936  -0.1029768951031943   0.2700851641754312
  0.9629817465009571   -2.314273159053306   -1.610220591782636    3.867994551959841   0.1578858704764286  -0.3896221710586049   0.2090487672604736   -0.518155553477638   0.2714212870737522  -0.6499971673064838
 0.01519449018908676 -0.02754086417049645 -0.04804906386846439   0.1578858704764335   0.9940652852393465  -0.1822186023950932   -0.019874480596793  0.02534713006882715 -0.01875651150097557  0.02674502557581885
-0.02806119952374049  0.07053400321195427    0.164153598512894  -0.3896221710586169  -0.1822186023950932   0.4412501019654068   0.0297812847075796 -0.05865521124306079  0.02580677816095844  -0.0637523688040557
 0.05479355768481986  -0.1160105480980812 -0.09557683500263514   0.2090487672604893 -0.01987448059679071  0.02978128470757403   0.9897076893611413  -0.1713182210210564 -0.04054658437221209  0.04850145951724265
 -0.1180499590879668   0.2830332960335288   0.2153222995486093  -0.5181555534776757  0.02534713006882175 -0.05865521124304768  -0.1713182210210563   0.4052555370624242  0.05136760958058054  -0.1123140603319842
 0.07722588445558666  -0.2057329972763769  -0.1029768951031879   0.2714212870737369 -0.01875651150097805  0.02580677816096448 -0.04054658437221297  0.05136760958058279   0.9781471671246338  -0.1421691951908459
 -0.2041059843210341   0.4907432883848832   0.2700851641754162  -0.6499971673064481   0.0267450255758246 -0.06375236880406969  0.04850145951724471  -0.1123140603319895   -0.142169195190846   0.3339521361882697

cov*(cov_.inverse()):
    0.9999999999999998  5.551115123125783e-17  3.469446951953614e-17  5.551115123125783e-17 -8.673617379884035e-19 -3.469446951953614e-18  8.673617379884035e-18 -2.081668171172169e-17 -3.469446951953614e-18  6.938893903907228e-18
 7.105427357601002e-15                      1    1.4210854715202e-14    1.4210854715202e-13 -5.329070518200751e-15   1.06581410364015e-14   -1.4210854715202e-14   -1.4210854715202e-14  7.105427357601002e-15                      0
                     0 -1.595945597898663e-16                      1  3.747002708109903e-16 -4.336808689942018e-19 -4.510281037539698e-17  1.040834085586084e-17 -3.816391647148976e-17  5.204170427930421e-18  3.469446951953614e-17
 2.842170943040401e-14  -1.13686837721616e-13    1.4210854715202e-13      1.000000000000057  -1.06581410364015e-14 -7.105427357601002e-15                      0 -4.263256414560601e-14    1.4210854715202e-14  2.842170943040401e-14
 1.387778780781446e-17  5.551115123125783e-17  1.387778780781446e-17 -1.387778780781446e-16     0.9999999999999999  1.110223024625157e-16  3.469446951953614e-18                      0  6.938893903907228e-18 -1.387778780781446e-17
  1.13686837721616e-13                      0   1.13686837721616e-13  -1.13686837721616e-13  3.552713678800501e-15                      1  2.842170943040401e-14 -7.105427357601002e-14 -4.263256414560601e-14   1.13686837721616e-13
-1.387778780781446e-17                      0  1.387778780781446e-17 -2.775557561562891e-17  1.734723475976807e-18 -1.040834085586084e-17     0.9999999999999999   4.85722573273506e-17  1.387778780781446e-17  1.387778780781446e-17
                     0  -1.13686837721616e-13   1.13686837721616e-13   1.13686837721616e-13                      0                      0   -1.4210854715202e-14     0.9999999999999432                      0                      0
-3.122502256758253e-17  6.938893903907228e-17 -2.775557561562891e-17  2.775557561562891e-17 -3.469446951953614e-18  5.204170427930421e-18  1.040834085586084e-17  1.387778780781446e-17     0.9999999999999999  3.469446951953614e-17
 1.989519660128281e-13 -2.273736754432321e-13   1.70530256582424e-13  5.684341886080801e-13 -7.105427357601002e-15  2.842170943040401e-14 -2.131628207280301e-14                      0  5.684341886080801e-14                      1
