10
1

0.3897326842885629
0.9298624956577128
0.9432845165829742
 1.012596210467096
  1.08101247529696
 1.133050175195791
 1.493378492878331
 1.540275558958169
 7.430880477174252
 54.98503606277926

    -0.234275526811485     0.4583502762232989     0.3655782662954516    -0.7499909496806031   -0.02467596037070303    0.06003691570828561   -0.04919348110805229    0.09855325588163417   -0.06521962281868141     0.1352643047364519
   -0.5254721943029402     0.0282918669091668   -0.06177858576640385     0.1514459948996558     0.7321707194130835    -0.2859905018293201    -0.1853766738935595     0.0380051634587421    -0.1932170106936525    0.07293705405065531
   0.05722809100538028   -0.05229359027386728    0.09802759903892751   -0.00965510548421877    0.03548502321942411  -0.000404846489285264    -0.7207503060621046     0.2539859283398336     0.6016166833614091    -0.1926028422046026
   -0.7846305145528565    -0.1311731673782139    0.06601398222026325     0.1542533615349374    -0.3847111607719197     0.1085790106952528     0.2186396956870823   -0.06996823681681223      0.351215635630604   -0.05615370164326091
   -0.2024230426683038   -0.03611618279114243    -0.2086619564240096    0.04217985927191309    -0.4662961246253571    0.01552325772589493    -0.5656026491939702   0.007468290190309794       -0.6115251970644   -0.02834315439925914
  -0.05611015158337441     0.2118624442609778    -0.8917780517776457    -0.2949070171483077  -0.009905442554972598   -0.03951943324079337    0.06248276857199786    0.06009987520786177     0.2363228710086209     0.0685800195344593
  -0.07533550978392604    -0.2638811502318451    -0.0969888912367203    -0.1856013148532977      0.286593395827555      0.752030665039835    0.04480847468546264     0.1255177701157745    -0.1583181296755141    -0.4362608973133627
   0.01413467437736175    0.01037276327028305   -0.01813049834473714  -0.004806614396269001     0.1199373290144772     0.3642533096260853    -0.2647881558236638    -0.7745273362673473     0.1350292145070511     0.4050149514835699
 -0.008670291787552428    -0.7898897041147285  -0.005021501414670605     -0.403789697089448  -0.002081060329847156    -0.1599196140570697  0.0003800204408923414     0.1322678661150402   0.003072347244873661     0.4121222640307196
 0.0001116082897661348     0.1712217884774589 -1.923950890777117e-05     0.3231470331520552 -9.300817245535188e-05      0.420960569796433 -7.447513253081726e-05     0.5316282473143062   -8.3002764113926e-05     0.6375128748007312

22.67784045542685
9.363405289746083
50.57273736009355
  20.985481858223
68.34654796635941
28.41607606965941
88.51732166974338
36.88358849886973
107.7149021483708
44.98509713891154

0.4157355793424667

  0.009383800118224267   -0.02261763819443527  -0.005971921402284445    0.01426105517214343 -0.0006986402222778616   0.001785436501144276  -0.001144319582190956   0.002729707593263581  -0.001652460736865538   0.003913726881467016

-0.003699646495485731 -0.002718125201794699 0.0006595878098848119 -0.003454504683046818   0.00313848484266423 -0.005509575925945976  0.007096011050306887 0.0001306524904786322     0.758695247335351     16.43215399591652

cov:
    0.950494149243969    0.5476092773959182   0.09862426265331892    0.1779317923245651   0.04738560792508794    0.1440749977590821  -0.01394861227141604    0.1113564927906132 -0.004556757728143243    0.1038712737461774
   0.5476092773959182     123.3546738746549   0.04244315592289923     184.8516705691662  -0.03981805211389927     224.4288390392109  -0.05097798827025286      269.364340817505  -0.07488955857821875     312.3566353746425
  0.09862426265331892   0.04244315592289923     1.131618260270781    0.4207253759375091 -0.004950634289339242  -0.09109459215308513   0.02708160364916197   -0.1112005540022027  -0.01090709900514422   -0.1630009391225006
   0.1779317923245651     184.8516705691662    0.4207253759375091     325.0341912352054   -0.1461629008816873     414.5122166212327   -0.1261950772691741      516.360273160505   -0.1727086450545373     613.7890373650704
  0.04738560792508794  -0.03981805211389927 -0.004950634289339242   -0.1461629008816873     1.088265733001121    0.2522386836818183   0.03450546862294095   -0.2503780281240644   0.02550084877195214   -0.3139086559546536
   0.1440749977590821     224.4288390392109  -0.09109459215308513     414.5122166212327    0.2522386836818183     538.8358072278457   -0.1952504556101808     674.9640412186584   -0.2186201737027094     807.3229847847377
 -0.01394861227141604  -0.05097798827025286   0.02708160364916197   -0.1261950772691741   0.03450546862294095   -0.1952504556101808     1.091014852135943    0.1966564091108018    0.0469544067300672   -0.3104588563648479
   0.1113564927906132      269.364340817505   -0.1112005540022027      516.360273160505   -0.2503780281240644     674.9640412186584    0.1966564091108018     856.9805645331336   -0.2870730917295354     1026.788337822905
-0.004556757728143243  -0.07488955857821875  -0.01090709900514422   -0.1727086450545373   0.02550084877195214   -0.2186201737027094    0.0469544067300672   -0.2870730917295354     1.089861061404395   0.09792668442474206
   0.1038712737461774     312.3566353746425   -0.1630009391225006     613.7890373650704   -0.3139086559546536     807.3229847847377   -0.3104588563648479     1026.788337822905   0.09792668442474206     1239.002375946775

cov.inverse():
   1.324940752759642   -0.621036715117913    -0.49223958487856   0.9579642447961794 -0.03799006360658926 -0.02607858309252284  0.06702023279431417  -0.1180224327528653  0.08970270400335498  -0.2033756206891534
 -0.6210367151179136    1.482561580401095   0.9576964350586743   -2.299631704107677 -0.02395450755304847  0.06586385150594788  -0.1187972564707777   0.2822507209603312  -0.2062400853614617     0.48879005676446
 -0.4922395848785636   0.9576964350586823    1.560429547896912   -1.601592339216066 -0.05580147197011956   0.1610844210972799  -0.1128187680493052    0.215330228051148  -0.1033882748506515   0.2687761792929339
  0.9579642447961866   -2.299631704107694   -1.601592339216066    3.840757281327857    0.153189471405985  -0.3826671615955568   0.2131809967261276  -0.5165723525707164    0.271019175383561  -0.6457097101314982
-0.03799006360658442 -0.02395450755306002 -0.05580147197012725   0.1531894714060034   0.9987940404843979  -0.1835094012492287 -0.04218059902535216  0.02607821178497316 -0.03212985804307456  0.02835290488846135
-0.02607858309253445  0.06586385150597568   0.1610844210972983  -0.3826671615956009  -0.1835094012492286   0.4412824327559563  0.03036938644456136 -0.05979246867944973  0.02698664494664679 -0.06503716119687612
 0.06702023279431436  -0.1187972564707782  -0.1128187680493044   0.2131809967261257 -0.04218059902535379  0.03036938644456525   0.9933738992052759  -0.1724440058320346 -0.06065491538515159  0.04768376047725585
 -0.1180224327528662   0.2822507209603332   0.2153302280511466   -0.516572352570713  0.02607821178497702 -0.05979246867945895  -0.1724440058320347    0.406083437675134  0.05112231260282517  -0.1128241104281409
 0.08970270400335298  -0.2062400853614569  -0.1033882748506477   0.2710191753835517  -0.0321298580430758   0.0269866449466498 -0.06065491538515227  0.05112231260282681   0.9806983917330543  -0.1423387067982277
 -0.2033756206891491   0.4887900567644498   0.2687761792929252  -0.6457097101314773  0.02835290488846431  -0.0650371611968833  0.04768376047725741  -0.1128241104281446  -0.1423387067982277   0.3334196820566857

cov*(cov_.inverse()):
    0.9999999999999997  1.318389841742373e-16 -3.469446951953614e-18 -4.163336342344337e-17 -1.127570259384925e-17                      0  5.204170427930421e-18  1.561251128379126e-17  6.938893903907228e-18  3.469446951953614e-17
 2.131628207280301e-14     0.9999999999999716 -9.947598300641403e-14  -1.70530256582424e-13  -1.77635683940025e-15   1.06581410364015e-14  5.329070518200751e-15   -1.4210854715202e-14 -7.105427357601002e-15 -2.842170943040401e-14
-1.318389841742373e-16  2.775557561562891e-16                      1 -2.081668171172169e-16  -2.51534904016637e-17  2.602085213965211e-17                      0  6.938893903907228e-18 -1.734723475976807e-17  -4.85722573273506e-17
   1.4210854715202e-14   1.13686837721616e-13  -1.13686837721616e-13     0.9999999999998863  7.105427357601002e-15                      0  7.105427357601002e-15    1.4210854715202e-14   -1.4210854715202e-14  2.842170943040401e-14
-1.387778780781446e-17                      0  4.163336342344337e-17  1.665334536937735e-16                      1 -3.469446951953614e-17 -2.081668171172169e-17  6.938893903907228e-18                      0                      0
-2.842170943040401e-14   1.13686837721616e-13 -2.842170943040401e-14 -5.684341886080801e-13 -7.105427357601002e-15      1.000000000000021 -7.105427357601002e-15    1.4210854715202e-14 -4.263256414560601e-14  5.684341886080801e-14
-1.387778780781446e-17 -2.775557561562891e-17  2.775557561562891e-17  8.326672684688674e-17 -1.040834085586084e-17  3.469446951953614e-18                      1                      0  6.938893903907228e-18  1.387778780781446e-17
  1.13686837721616e-13  -1.13686837721616e-13 -2.273736754432321e-13 -6.821210263296962e-13  3.552713678800501e-15   -1.4210854715202e-14  2.131628207280301e-14     0.9999999999999574                      0 -5.684341886080801e-14
-2.775557561562891e-17  1.110223024625157e-16  5.898059818321144e-17 -4.163336342344337e-17  5.637851296924623e-18  5.204170427930421e-18  4.336808689942018e-18 -1.734723475976807e-18                      1  2.775557561562891e-17
  1.13686837721616e-13 -2.273736754432321e-13 -2.842170943040401e-13                      0 -2.842170943040401e-14 -2.842170943040401e-14  4.263256414560601e-14   -1.4210854715202e-13 -2.842170943040401e-14     0.9999999999998863
