6
2

0.0002843214255343376
0.0008166574444423873
 0.002463440933150751
 0.002881302051002783
  0.09069631454917335
   0.6161531156178357

  -0.3931220443521435    0.7908937964844001   -0.4668769210861298  0.009069573112681473   0.02356018418072021   0.03647824075998379
  -0.5025144218794971    0.2266716966782593    0.7808281508559256   -0.1378409197776229   -0.1835987370292878   -0.1835700987501468
   0.1967605663872061    0.1152341919477149   0.05039507505998844   -0.7246809617492987   -0.2400209249382748    0.6022409453040597
-0.003916185744801379  -0.01113153892571378  -0.02118538972101484    0.5188885227497485   -0.7952592738423273    0.3126168900092962
  -0.6477002991145931   -0.4038887313272058  -0.07805253495570071    0.1141558984535984    0.3030081867513154    0.5535526051159798
   0.3669994272183139    0.3828550733132501    0.4040453648380433    0.4165072138191122    0.4288066034984191    0.4451150346207351

0.3995703312143807
0.3997357151290543
0.4000113659372696
0.4001062004443467
0.4001691737091953
0.4003229854850693

-0.001583186435492046
   0.3995456870549138

   1.398105585242979    5.251112479842773   -5.119383684842609  -0.3076083623487821  -0.5667765097282418  -0.6556716148773805
   1.555139460065845  0.07026366980733983  -0.4947791269327424 -0.01364476955394656 -0.04448704076567769 -0.07243368886034279

 4.812736274426874e-07 -2.162736183290689e-06  3.557936435229139e-06  1.084840519987094e-06   -0.02629498708431718   -0.07894792437804525
-2.656372347772375e-08 -7.526601261910929e-07  1.614813692329116e-06  7.691175232709989e-08  -0.008654861059708724     0.1293533169462762

cov:
0.05458507729779787 0.05549485980086535 0.05671105507123823 0.05742264542788288 0.05813076811403271  0.0590691135219378
0.05549485980086535  0.0569895706497867  0.0589869838346863 0.06015902204612146 0.06131975190608484 0.06285826374842943
0.05671105507123823  0.0589869838346863 0.06202855642627959 0.06381589003630232 0.06558164158669125 0.06792245278527269
0.05742264542788288 0.06015902204612146 0.06381589003630232 0.06597272530252676 0.06808711208401398 0.07090221466475209
0.05813076811403271 0.06131975190608484 0.06558164158669125 0.06808711208401398 0.07056806920612549  0.0738389247846909
 0.0590691135219378 0.06285826374842943 0.06792245278527269 0.07090221466475209  0.0738389247846909 0.07774160268664718

cov.inverse():
 2296834.582590668 -4013169.252379483  1683759.353418774    36004.193553156  16332.27496481039 -19744.01325845213
 -4013169.25237058  7817056.996015773 -4301367.775892737  27422.90697020864  164597.3812224038  305488.0542697967
 1683759.353400796 -4301367.775866356  3611060.558640794 -221104.8180063856 -350989.9658696945 -421398.6908220356
 36004.19355885121  27422.90695812236 -221104.8179987652  148478.8096797452  19550.90028876269 -10336.86493463037
 16332.27496609685  164597.3812198221 -350989.9658684567  19550.90028909189  143094.0582967702  7421.344851510663
 -19744.0132563599  305488.0542669876 -421398.6908224906 -10336.86493373023  7421.344851782482  138563.7480368818

cov*(cov_.inverse()):
    0.9999999999783995  3.274180926382542e-11 -3.637978807091713e-11 -9.094947017729282e-13  8.526512829121202e-13 -1.818989403545856e-12
 1.523403625469655e-11      1.000000000025466 -1.818989403545856e-11   1.13686837721616e-12                      0 -1.818989403545856e-12
 6.366462912410498e-12  7.275957614183426e-12     0.9999999999672582  7.958078640513122e-13 -1.762145984685048e-12  1.818989403545856e-12
 1.932676241267473e-11 -6.184563972055912e-11  2.546585164964199e-11     0.9999999999988631 -2.501110429875553e-12 -3.637978807091713e-12
  2.34194885706529e-11                      0  -2.91038304567337e-11 -2.046363078989089e-12      1.000000000000682 -1.818989403545856e-12
 2.205524651799351e-11 -7.275957614183426e-12 -1.091393642127514e-11  3.410605131648481e-13  9.094947017729282e-13                      1
