5
2

0.0003136148176726784
 0.000555506342829979
  0.00139552585953787
  0.01133596681849271
   0.5301800147592516

-0.09441986092819422   0.6543199561575972  -0.7394654364254557  0.08679999654377805  0.09277345400668915
 -0.2160265639858773   0.4240991118971176   0.3403329258857442  -0.7778207510729419   0.2294359293983955
  0.4414115404848092  -0.4012640833907933  -0.3677872053624149  -0.3132576939596931   0.6408940443272462
 -0.7420778619283487  -0.1768126838058863  0.04505363135391031    0.298123059714349   0.5719707450994248
  0.4459750130639996   0.4469113429841561   0.4472886202036557   0.4477196647925296    0.448170203414995

 0.400394357714268
0.4006018599853427
0.4006124690892168
 0.400618740058313
0.4006370468201308

-0.0002210563372359702
    0.4005503252371136

0
0
0
0
0

0
0

0
0
0
0
0

0
0

0
0
0
0
0

0
0

0
0
0
0
0

0
0

0
0
0
0
0

0
0

0
0
0
0
0

0
0

0
0
0
0
0

0
0

0
0
0
0
0

0
0

0
0
0
0
0

0
0

0
0
0
0
0

0
0

0
0
0
0
0

0
0

0
0
0
0
0

0
0

0
0
0
0
0

0
0

0
0
0
0
0

0
0

0
0
0
0
0

0
0

0
0
0
0
0

0
0

0
0
0
0
0

0
0

0
0
0
0
0

0
0

0
0
0
0
0

0
0

0
0
0
0
0

0
0

0
0
0
0
0

0
0

0
0
0
0
0

0
0

0
0
0
0
0

0
0

0
0
0
0
0

0
0

0
0
0
0
0

0
0

0
0
0
0
0

0
0

0
0
0
0
0

0
0

0
0
0
0
0

0
0

0
0
0
0
0

0
0

0
0
0
0
0

0
0

0
0
0
0
0

0
0

0
0
0
0
0

0
0

0
0
0
0
0

0
0

0
0
0
0
0

0
0

0
0
0
0
0

0
0

0
0
0
0
0

0
0

0
0
0
0
0

0
0

0
0
0
0
0

0
0

0
0
0
0
0

0
0

0
0
0
0
0

0
0

0
0
0
0
0

0
0

0
0
0
0
0

0
0

0
0
0
0
0

0
0

0
0
0
0
0

0
0

0
0
0
0
0

0
0

0
0
0
0
0

0
0

0
0
0
0
0

0
0

0
0
0
0
0

0
0

0
0
0
0
0

0
0

0
0
0
0
0

0
0

0
0
0
0
0

0
0

0
0
0
0
0

0
0

0
0
0
0
0

0
0

0
0
0
0
0

0
0

0
0
0
0
0

0
0

0
0
0
0
0

0
0

0
0
0
0
0

0
0

0
0
0
0
0

0
0

0
0
0
0
0

0
0

0
0
0
0
0

0
0

0
0
0
0
0

0
0

0
0
0
0
0

0
0

0
0
0
0
0

0
0

0
0
0
0
0

0
0

0
0
0
0
0

0
0

0
0
0
0
0

0
0

0
0
0
0
0

0
0

0
0
0
0
0

0
0

0
0
0
0
0

0
0

0
0
0
0
0

0
0

0
0
0
0
0

0
0

0
0
0
0
0

0
0

0
0
0
0
0

0
0

0
0
0
0
0

0
0

0
0
0
0
0

0
0

0
0
0
0
0

0
0

0
0
0
0
0

0
0

 -4.412934546841269   19.18103364906888  -2.443599741223633  -8.728598613763827   -3.59629233251192
 0.4281429333453461   2.468365586791451 -0.3270466414826033  -1.116818133769101 -0.4527359581065807

 1.345769110914276e-06   4.38826547981322e-06 -1.619612028735971e-05 -0.0006278677221986251  -0.002402680943172909
 1.649965061270855e-07  4.961611874674307e-07 -1.210365682395026e-06 -0.0001748670686348823     0.1250497799262765

cov:
0.05597836159565694 0.05604106168013939 0.05606724707798562 0.05609726363122689 0.05612838181810335
0.05604106168013939   0.056146632955747 0.05618885965304516 0.05623712282882325 0.05628688513951897
0.05606724707798562 0.05618885965304516 0.05623764734782326 0.05629309062250568 0.05635074366405445
0.05609726363122689 0.05623712282882325 0.05629309062250568 0.05635727481591121 0.05642364236185674
0.05612838181810335 0.05628688513951897 0.05635074366405445 0.05642364236185674 0.05650178991266738

cov.inverse():
 346207.0130505419 -1014963.595503759  388014.2778874524  388462.9636333492 -107718.5085145804
-1014963.595504341  5018755.984612823 -4375985.244395913 -427390.5049451397  799675.0974636674
 388014.2778919461 -4375985.244410274  6004406.115667199 -1451169.904755837 -565300.5494520306
 388462.9636262427 -427390.5049199334 -1451169.904773975  2088247.419629637 -598199.4479828515
 -107718.508511386  799675.0974522398 -565300.5494437593 -598199.4479828901  471552.1990623455

cov*(cov_.inverse()):
     1.000000000003638 -1.455191522836685e-11  2.546585164964199e-11 -7.275957614183426e-12 -3.637978807091713e-12
-1.818989403545856e-12     0.9999999999636202  2.182787284255028e-11 -7.275957614183426e-12  3.637978807091713e-12
-9.094947017729282e-13 -2.182787284255028e-11      1.000000000014552                      0  3.637978807091713e-12
-2.728484105318785e-12 -2.182787284255028e-11 -2.182787284255028e-11      0.999999999992724                      0
 2.728484105318785e-12  7.275957614183426e-12  1.455191522836685e-11                      0                      1
