5
2

0.0001485800377261186
0.0003551752305427631
 0.001596204718569576
   0.1137997264073529
   0.5742529325922289

  -0.2422990302662134    0.7417910317103991    -0.614329826382496    0.1167582547375717 -0.001902517690681854
  -0.6224011070972615    0.3524800960980759    0.6044560178344454    -0.350367609563129   0.01581468973889211
   0.2401243949809716   0.02890453182516861   -0.1962065637800953   -0.7073373472947886    0.6345720324963655
  -0.5859798021422286   -0.3957182625359176   -0.1805250038341727    0.3577010606967659     0.582662339905361
   0.3909935910376702    0.4099700377640244    0.4314458184301433    0.4851122307446337    0.5075127675678124

0.3995360283263054
0.3995212425807856
0.3994676375917237
0.3992895548961031
0.3992244100449571

0.0009802617121698169
   0.3998527655519847

0
0
0
0
0

0
0

0
0
0
0
0

0
0

0
0
0
0
0

0
0

0
0
0
0
0

0
0

0
0
0
0
0

0
0

0
0
0
0
0

0
0

0
0
0
0
0

0
0

0
0
0
0
0

0
0

0
0
0
0
0

0
0

0
0
0
0
0

0
0

0
0
0
0
0

0
0

0
0
0
0
0

0
0

0
0
0
0
0

0
0

0
0
0
0
0

0
0

0
0
0
0
0

0
0

0
0
0
0
0

0
0

0
0
0
0
0

0
0

0
0
0
0
0

0
0

0
0
0
0
0

0
0

0
0
0
0
0

0
0

0
0
0
0
0

0
0

0
0
0
0
0

0
0

0
0
0
0
0

0
0

0
0
0
0
0

0
0

0
0
0
0
0

0
0

0
0
0
0
0

0
0

0
0
0
0
0

0
0

0
0
0
0
0

0
0

0
0
0
0
0

0
0

0
0
0
0
0

0
0

0
0
0
0
0

0
0

0
0
0
0
0

0
0

0
0
0
0
0

0
0

0
0
0
0
0

0
0

0
0
0
0
0

0
0

0
0
0
0
0

0
0

0
0
0
0
0

0
0

0
0
0
0
0

0
0

0
0
0
0
0

0
0

0
0
0
0
0

0
0

0
0
0
0
0

0
0

0
0
0
0
0

0
0

0
0
0
0
0

0
0

0
0
0
0
0

0
0

0
0
0
0
0

0
0

0
0
0
0
0

0
0

0
0
0
0
0

0
0

0
0
0
0
0

0
0

0
0
0
0
0

0
0

0
0
0
0
0

0
0

0
0
0
0
0

0
0

0
0
0
0
0

0
0

0
0
0
0
0

0
0

0
0
0
0
0

0
0

0
0
0
0
0

0
0

0
0
0
0
0

0
0

0
0
0
0
0

0
0

0
0
0
0
0

0
0

0
0
0
0
0

0
0

0
0
0
0
0

0
0

0
0
0
0
0

0
0

0
0
0
0
0

0
0

0
0
0
0
0

0
0

0
0
0
0
0

0
0

0
0
0
0
0

0
0

0
0
0
0
0

0
0

0
0
0
0
0

0
0

0
0
0
0
0

0
0

0
0
0
0
0

0
0

0
0
0
0
0

0
0

0
0
0
0
0

0
0

0
0
0
0
0

0
0

0
0
0
0
0

0
0

0
0
0
0
0

0
0

0
0
0
0
0

0
0

0
0
0
0
0

0
0

0
0
0
0
0

0
0

    0.349455646208955   -0.4865125900706301     4.667481763353075    -4.482839155829294  -0.04777102473419986
     1.48916156855253   -0.5337549664584971    0.4702701432112907   -0.4178709272412179 -0.007710522373149814

-8.468925568363713e-08   5.04873541455552e-07   5.84640569473088e-06   -0.03219722775127563   -0.08177537572420036
-2.416073836727295e-08 -8.634294865561096e-08  1.377298825709812e-06   -0.01165874639458542     0.1186162220576236

cov:
0.05486036739263941  0.0558630840455949 0.05699891866569929 0.05983382516210051 0.06101571160220305
 0.0558630840455949  0.0574536029507592 0.05925417860324854  0.0637512588911356 0.06562693891831392
0.05699891866569929 0.05925417860324854 0.06180673116133783 0.06818406413847594 0.07084455985111242
0.05983382516210051  0.0637512588911356 0.06818406413847594 0.07926350443876017 0.08388666945428655
0.06101571160220305 0.06562693891831392 0.07084455985111242 0.08388666945428655 0.08933529847264231

cov.inverse():
 5752877.088243529 -9877985.778774759  3741905.096398627  380479.5916308451  2633.838451595619
-9877985.778180858  25910626.99190275 -18955778.84038303  2936257.030413305 -12557.38617310581
 3741905.095559836 -18955778.83932332  20006934.44805001 -4873489.303974488  79845.92199440383
 380479.5918935873  2936257.029903391 -4873489.303723131   1787016.97339035 -230138.4967148804
 2633.838433768067 -12557.38612903094  79845.92196396497 -230138.4967106879  160219.9839898422

cov*(cov_.inverse()):
    0.9999999999294289 -5.877609510207549e-11  8.003553375601768e-11 -4.729372449219227e-11  1.818989403545856e-12
 -3.33670868712943e-11      1.000000000171212  1.682565198279917e-10  5.456968210637569e-12 -1.818989403545856e-12
 2.739852789090946e-11 -3.888089850079268e-11      1.000000000037289 -5.456968210637569e-12 -3.637978807091713e-12
 3.348077370901592e-11 -3.417426341911778e-10  3.774403012357652e-10     0.9999999999381544  1.818989403545856e-12
-6.360778570524417e-11 -1.016360329231247e-10 -1.182343112304807e-11 -1.091393642127514e-11                      1
