5
2

   0.0001486758313962
0.0003551620411857711
 0.001595845351819335
   0.1138006827790463
   0.5742545770195305

  -0.2422396334417849     0.741750595472711   -0.6143925744914841     0.116808099761192 -0.001909540723367213
  -0.6224236468034487    0.3525573037310128    0.6043829740553911   -0.3503747322289349   0.01584042844359201
    0.240143399220602   0.02890502111975505   -0.1962346706907802   -0.7073264470391654    0.6345682775735586
  -0.5859734874720153   -0.3957272226601724   -0.1805286637153531    0.3576982161229616    0.5826632174636998
   0.3909923064211672    0.4099681288850759    0.4314444815705915    0.4851130778973946    0.5075156259595615

0.3995356957696823
0.3995212443232988
0.3994676411129398
0.3992887737114367
0.3992228840612421

0.0009802617121698169
   0.3998527655519847

   0.3482963492034184   -0.4835921379793461     4.665441695838865    -4.482658641085944  -0.04765777843238417
    1.487916936336176   -0.5301728104954768    0.4674545614173311   -0.4173719098876491 -0.007728101139837878

 -8.47267473718631e-08  5.048487975586829e-07  5.843715069360679e-06   -0.03219744965077559   -0.08177611106788416
-2.408565704207226e-08 -8.632966843517261e-08  1.376687234170051e-06   -0.01165891697187025     0.1186163805010707

cov:
0.05486030370972426 0.05586305308043162 0.05699891819801253  0.0598340924938279 0.06101620645170167
0.05586305308043162 0.05745353018651651 0.05925411558476095 0.06375138594811329 0.06562727652670272
0.05699891819801253 0.05925411558476095 0.06180672650268684  0.0681843416242424 0.07084510387566927
 0.0598340924938279 0.06375138594811329  0.0681843416242424 0.07926422082855644 0.08388776199521204
0.06101620645170167 0.06562727652670272 0.07084510387566927 0.08388776199521204 0.08933682836833824

cov.inverse():
  5748613.53622196 -9865632.891390495   3732274.48188452   382089.795904682  2574.484901501949
-9865632.890786506  25876308.86831982 -18929878.90609909   2932351.37836288 -12618.99968091748
 3732274.481044387 -18929878.90506135  19987926.09088815 -4870945.045044994  80069.39402934369
 382089.7961280955  2932351.377979814 -4870945.044896016  1786942.398750994 -230318.1787715407
 2574.484914255494  -12618.9997316374  80069.39407798118 -230318.1787822132  160296.9074180313

cov*(cov_.inverse()):
    0.9999999999856755 -4.528146746451966e-10  1.737134880386293e-10 -6.730260793119669e-11                      0
-1.280966444028309e-10     0.9999999998160547  9.640643838793039e-11 -7.275957614183426e-11                      0
-1.022328888211632e-10 -1.924718162626959e-10      1.000000000041837  1.818989403545856e-11 -3.637978807091713e-12
-1.174385033664294e-10 -1.211901690112427e-10 -7.548806024715304e-11     0.9999999999854481 -1.818989403545856e-12
-1.804778548830654e-11 -1.687112671788782e-10 -7.185008144006133e-11 -3.637978807091713e-12                      1
