5
2

0.3496192140008393
 1.498506708511276
 1.855875030253251
 5.279384230634758
 14.22854324537674

 -0.5110101610090048   0.8332868721637366  -0.1740596894775862   -0.114750663367852 -0.03220425097298805
 -0.3286101572144995 -0.09698135917860598   0.7949406020852454  -0.4833410540540719   0.1306171702709013
  0.3631820684813307   0.2472859229038687   0.2977656376487336  -0.0356347703275202  -0.8467669370296365
 -0.6108957619037229  -0.2604208228326036    0.167893208610697   0.6607952913208693  -0.3068367914605933
  0.3546676375745393   0.4089722142398159   0.4700214454611205   0.5615099792830118   0.4132057342405928

54.38805038271538
78.15771779869075
106.0143239489292
131.3761487858434
78.61768148952676

  1.56976405806728
-1.327858941154935

0
0
0
0
0

0
0

0
0
0
0
0

0
0

0
0
0
0
0

0
0

0
0
0
0
0

0
0

0
0
0
0
0

0
0

0
0
0
0
0

0
0

0
0
0
0
0

0
0

0
0
0
0
0

0
0

0
0
0
0
0

0
0

0
0
0
0
0

0
0

0
0
0
0
0

0
0

0
0
0
0
0

0
0

0
0
0
0
0

0
0

0
0
0
0
0

0
0

0
0
0
0
0

0
0

0
0
0
0
0

0
0

0
0
0
0
0

0
0

0
0
0
0
0

0
0

0
0
0
0
0

0
0

0
0
0
0
0

0
0

0
0
0
0
0

0
0

0
0
0
0
0

0
0

0
0
0
0
0

0
0

0
0
0
0
0

0
0

0
0
0
0
0

0
0

0
0
0
0
0

0
0

0
0
0
0
0

0
0

0
0
0
0
0

0
0

0
0
0
0
0

0
0

0
0
0
0
0

0
0

0
0
0
0
0

0
0

0
0
0
0
0

0
0

0
0
0
0
0

0
0

0
0
0
0
0

0
0

0
0
0
0
0

0
0

0
0
0
0
0

0
0

0
0
0
0
0

0
0

0
0
0
0
0

0
0

0
0
0
0
0

0
0

0
0
0
0
0

0
0

0
0
0
0
0

0
0

0
0
0
0
0

0
0

0
0
0
0
0

0
0

0
0
0
0
0

0
0

0
0
0
0
0

0
0

0
0
0
0
0

0
0

0
0
0
0
0

0
0

0
0
0
0
0

0
0

0
0
0
0
0

0
0

0
0
0
0
0

0
0

0
0
0
0
0

0
0

0
0
0
0
0

0
0

0
0
0
0
0

0
0

0
0
0
0
0

0
0

0
0
0
0
0

0
0

0
0
0
0
0

0
0

0
0
0
0
0

0
0

0
0
0
0
0

0
0

0
0
0
0
0

0
0

0
0
0
0
0

0
0

0
0
0
0
0

0
0

0
0
0
0
0

0
0

0
0
0
0
0

0
0

0
0
0
0
0

0
0

0
0
0
0
0

0
0

0
0
0
0
0

0
0

0
0
0
0
0

0
0

0
0
0
0
0

0
0

0
0
0
0
0

0
0

0
0
0
0
0

0
0

0
0
0
0
0

0
0

0
0
0
0
0

0
0

0
0
0
0
0

0
0

0
0
0
0
0

0
0

0
0
0
0
0

0
0

0
0
0
0
0

0
0

0
0
0
0
0

0
0

 -0.06613538556695443   0.06571295862083218 0.0001485257616531657 9.384549261829507e-05 0.0001751499176965269
     3.35051171089299    -2.333262233296233 -0.005935204165221517  -0.00387823845997623 -0.007333936428856616

 0.01081905902714696   0.0347054793824281 -0.02712958769876919   0.6500286996467375   0.7315727958163117
 -0.4467280995914034   -1.972760547517022    2.219640176780297   -40.14925185952846    45.77040113209208

cov:
36.59651091148377 34.12840410091044 30.68700872418097  29.3860919153669 33.74026712215969
34.12840410091044 36.06853622921726 37.76049950111008 41.75823881972391 35.68641888752365
30.68700872418097 37.76049950111008 47.23936337795162 55.62663222956824 37.24878818650499
 29.3860919153669 41.75823881972391 55.62663222956824 76.53247002277841 41.28402186422495
33.74026712215969 35.68641888752365 37.24878818650499 41.28402186422495 39.69848827696958

cov.inverse():
    2.236726349272389    -3.436950033422749    0.6398842450039798    0.5332020868121601   0.03368024392320262
   -3.436950033422751     5.705858182055788    -1.200167296942315   -0.7689978406058944   -0.2822760355249774
   0.6398842450039794    -1.200167296942314    0.5571228420797619 -0.005500828890012962   0.01800454306425687
   0.5332020868121606    -0.768997840605895 -0.005500828890012614    0.2293557344520494  0.004750061951546636
   0.0336802439232029   -0.2822760355249778   0.01800454306425706  0.004750061951546669    0.2284795149680319

cov*(cov_.inverse()):
     1.000000000000005  3.552713678800501e-15   3.33066907387547e-15 -1.110223024625157e-15                      0
-4.884981308350689e-15      1.000000000000027  1.554312234475219e-15  2.720046410331634e-15  -1.77635683940025e-15
 8.881784197001252e-16   1.06581410364015e-14      1.000000000000004  1.859623566247137e-15  -1.77635683940025e-15
  2.90878432451791e-14  3.552713678800501e-15  2.220446049250313e-15      1.000000000000002  -1.77635683940025e-15
 6.883382752675971e-15   1.06581410364015e-14  4.440892098500626e-15 -6.938893903907228e-16      1.000000000000002
