5
2

0.3496018344563736
 1.498688989732538
 1.857058279855873
 5.276578262150712
 14.22299802958863

 -0.5110965910184052    0.833239110564107  -0.1739440685224266  -0.1149012761027951 -0.03215613551899942
 -0.3264083296022137  -0.0957903446673839   0.7964755499522239  -0.4837617863677457   0.1260279517146355
  0.3644037812511932   0.2475329408625254   0.2933808783814586 -0.03273024685761933  -0.8478170312859642
 -0.6111947555743971  -0.2605283229286655   0.1679725124609376   0.6607752393905556  -0.3061491168960732
  0.3548080213070784   0.4091322898950496   0.4701946986215946   0.5613172407375627   0.4129914502992849

54.38819358685614
78.15771387344101
106.0143368426446
131.3763562727363
78.67566514237129

  1.56976405806728
-1.327858941154935

 -0.06613760183490253   0.06571442241206112 0.0001492144803995534 9.287182467324377e-05 0.0001765883916216499
    3.350590300460242    -2.333290895795378 -0.005969159706353672 -0.003840730069567255 -0.007402742956518937

 0.01081858074876927  0.03456526737669845 -0.02739373479499003   0.6496955536601449   0.7312836147618146
 -0.4467128784055521   -1.963026047502418    2.234914751771802   -40.12765629150071    45.75313682849678

cov:
36.59640525605416 34.12831939556975 30.68565852955794 29.36503945991727 33.69654583309242
34.12831939556975 36.06835191787027 37.75855181418422 41.72872401694966 35.64776372727873
30.68565852955794 37.75855181418422  47.2346451900935 55.58522283931834 37.21924110693821
29.36503945991727 41.72872401694966 55.58522283931834 76.42564251555839 41.22239932434044
33.69654583309242 35.64776372727873 37.21924110693821 41.22239932434044 39.62786181208894

cov.inverse():
    2.237245048731902    -3.437864711108596    0.6397766864927584    0.5338086948275415   0.03401346001781785
   -3.437864711108599     5.705687227936776     -1.19938682360461   -0.7700998166026541   -0.2817511306192518
   0.6397766864927623    -1.199386823604615    0.5570566764964066 -0.005513304935606771   0.01744324673135458
   0.5338086948275399   -0.7700998166026514 -0.005513304935608119    0.2297631067940217  0.005012676325680283
  0.03401346001781796   -0.2817511306192521   0.01744324673135457  0.005012676325680329    0.2281678156567866

cov*(cov_.inverse()):
     0.999999999999992  8.881784197001252e-15 -9.992007221626409e-16  3.413935800722356e-15  8.881784197001252e-16
-1.443289932012704e-14      1.000000000000014  8.881784197001252e-15   4.85722573273506e-15   1.77635683940025e-15
  1.77635683940025e-15 -8.881784197001252e-15      1.000000000000013  6.356026815979021e-15   1.77635683940025e-15
-2.664535259100376e-14 -3.552713678800501e-15   3.33066907387547e-15      1.000000000000004                      0
-4.440892098500626e-15   1.77635683940025e-14  4.551914400963142e-15   5.88418203051333e-15                      1
