5
2

7.909288244970148e-05
0.0001057892995518327
0.0001399097324361014
 0.008233847467786855
   0.5753753430634447

  0.0260539089882044  0.09955000454491228    0.256996100925117  -0.8432873392770933   0.4606847706900997
-0.08011370335890751  -0.4772552388349799   0.8229871515036672  0.03032212147827398  -0.2959424757408506
  0.5694643409491813  -0.7106476732543735  -0.2378740506033969  0.04416168399176543   0.3348968954797936
 -0.6849491777779033  -0.2397638228212562  0.00735053628168832   0.2928575993088788   0.6225257659494293
  0.4466071837859802   0.4470015966011269   0.4472214867770457   0.4474720153909838     0.44776481911117

 0.403954174360294
0.4041763202828957
0.4041995152481904
0.4042218368253777
0.4042489176894874

-0.0005709113059773466
    0.4040685086057784

0
0
0
0
0

0
0

0
0
0
0
0

0
0

0
0
0
0
0

0
0

0
0
0
0
0

0
0

0
0
0
0
0

0
0

0
0
0
0
0

0
0

0
0
0
0
0

0
0

0
0
0
0
0

0
0

0
0
0
0
0

0
0

0
0
0
0
0

0
0

0
0
0
0
0

0
0

0
0
0
0
0

0
0

0
0
0
0
0

0
0

0
0
0
0
0

0
0

0
0
0
0
0

0
0

0
0
0
0
0

0
0

0
0
0
0
0

0
0

0
0
0
0
0

0
0

0
0
0
0
0

0
0

0
0
0
0
0

0
0

0
0
0
0
0

0
0

0
0
0
0
0

0
0

0
0
0
0
0

0
0

0
0
0
0
0

0
0

0
0
0
0
0

0
0

0
0
0
0
0

0
0

0
0
0
0
0

0
0

0
0
0
0
0

0
0

0
0
0
0
0

0
0

0
0
0
0
0

0
0

0
0
0
0
0

0
0

0
0
0
0
0

0
0

0
0
0
0
0

0
0

0
0
0
0
0

0
0

0
0
0
0
0

0
0

0
0
0
0
0

0
0

0
0
0
0
0

0
0

0
0
0
0
0

0
0

0
0
0
0
0

0
0

0
0
0
0
0

0
0

0
0
0
0
0

0
0

0
0
0
0
0

0
0

0
0
0
0
0

0
0

0
0
0
0
0

0
0

0
0
0
0
0

0
0

0
0
0
0
0

0
0

0
0
0
0
0

0
0

0
0
0
0
0

0
0

0
0
0
0
0

0
0

0
0
0
0
0

0
0

0
0
0
0
0

0
0

0
0
0
0
0

0
0

0
0
0
0
0

0
0

0
0
0
0
0

0
0

0
0
0
0
0

0
0

0
0
0
0
0

0
0

0
0
0
0
0

0
0

0
0
0
0
0

0
0

0
0
0
0
0

0
0

0
0
0
0
0

0
0

0
0
0
0
0

0
0

0
0
0
0
0

0
0

0
0
0
0
0

0
0

0
0
0
0
0

0
0

0
0
0
0
0

0
0

0
0
0
0
0

0
0

0
0
0
0
0

0
0

0
0
0
0
0

0
0

0
0
0
0
0

0
0

0
0
0
0
0

0
0

0
0
0
0
0

0
0

0
0
0
0
0

0
0

0
0
0
0
0

0
0

0
0
0
0
0

0
0

0
0
0
0
0

0
0

0
0
0
0
0

0
0

0
0
0
0
0

0
0

-0.4624429693967982   3.855891758698285   5.461173676298913   2.881874187955088  -11.73651699538565
  1.264377800272046 -0.2763494616990368  0.7560984516624887  0.9853593263332074  -1.729379781528886

-3.792055997032737e-08  6.996845615822852e-08 -1.586698803095538e-07 -0.0004766019241785765  -0.002061731330369099
-8.932455132327399e-09  1.336843056637729e-08   3.93256740203511e-09 -0.0001072693671730903     0.1476050876928124

cov:
0.06606372995608696 0.06610135784751073 0.06612239800924012 0.06614618483969001 0.06617417150576967
0.06610135784751073 0.06615250765202216  0.0661810173518126 0.06621344998870672 0.06625141966147785
0.06612239800924012  0.0661810173518126 0.06621370652153964 0.06625093060913936 0.06629444389520192
0.06614618483969001 0.06621344998870672 0.06625093060913936 0.06629371799968958 0.06634363225285632
0.06617417150576967 0.06625141966147785 0.06629444389520192 0.06634363225285632 0.06640095654195442

cov.inverse():
 17255672.74369967 -16840549.80986867 -11741283.44217817 -2447431.495940694  13773654.54310348
-16840549.81314734  47737139.10561053 -22370665.97518285 -16317056.73900958  7791150.825779872
-11741283.41625256 -22370666.02651436  73969103.97697797 -32950750.43636398 -6906678.495968136
-2447431.535751599 -16317056.65621755 -32950750.46778736  113861033.7809925 -62145459.45480135
 13773654.56026724  7791150.791041059 -6906678.489950745 -62145459.44324365  47487206.53314424

cov*(cov_.inverse()):
    0.9999999998835847  6.402842700481415e-10  1.746229827404022e-10                      0 -4.656612873077393e-10
                     0     0.9999999998835847  1.280568540096283e-09 -1.862645149230957e-09                      0
 2.328306436538696e-10  5.820766091346741e-11      1.000000000174623  4.656612873077393e-10 -4.656612873077393e-10
                     0  7.566995918750763e-10  2.328306436538696e-10     0.9999999995343387                      0
-2.328306436538696e-10 -5.820766091346741e-11  2.328306436538696e-10                      0     0.9999999995343387
