5
2

7.911693545185764e-05
 0.000105822158303209
0.0001399283199001255
  0.00823401218408538
   0.5753763160045473

 0.02604403122030669  0.09945432404069161    0.257142025409882  -0.8432803591329093   0.4606373416649802
-0.07983918098119243   -0.477618980189253    0.822824553278518  0.03049529205776439  -0.2958641692188319
  0.5694991662500765  -0.7104175202444301  -0.2382781598305869  0.04415866739219793   0.3350390681877529
 -0.6849528346930299  -0.2397615497158074  0.00735296010982801   0.2928600411125113   0.6225214404508965
  0.4466069049001584   0.4470014467540535   0.4472216294137434    0.447472101338962   0.4477650185120473

0.4039540167041751
 0.404176368269949
0.4041995953428832
0.4042218196742679
0.4042489111983365

-0.0005709113059773466
    0.4040685086057784

-0.4635315953496493   3.853206242263604   5.466980491166493   2.882184351131137   -11.7388561415252
  1.262406477245061 -0.2742974237515045  0.7535164607784937  0.9926030750074456  -1.734122926157282

-3.793819431026128e-08  7.005685155449783e-08 -1.587879865613334e-07 -0.0004766109316203946  -0.002061753293512185
-8.991666586306108e-09  1.336595126184764e-08  3.859042929479472e-09 -0.0001072726799467071     0.1476053329541495

cov:
0.06606387241811075 0.06610151833325294 0.06612260129955715 0.06614637925162832 0.06617438243341534
0.06610151833325294 0.06615268709638383 0.06618124005159952 0.06621366426935275 0.06625165081050147
0.06612260129955715 0.06618124005159952 0.06621397269772218 0.06625118857534047 0.06629471887352117
0.06614637925162832 0.06621366426935275 0.06625118857534047 0.06629396797815947 0.06634389937086212
0.06617438243341534 0.06625165081050147 0.06629471887352117 0.06634389937086212 0.06640124082298961

cov.inverse():
 17248871.86692019 -16841662.57699785 -11727078.64370133 -2444643.419942927  13764578.07515457
-16841662.57355092  47727955.00672493 -22363195.18673019 -16302410.59728248  7779343.137809784
-11727078.64480203 -22363195.16365061  73922255.07472058 -32938894.13862819 -6893390.105732424
 -2444643.42690008 -16302410.62668331 -32938894.08265707  113790892.5009173 -62104598.67650236
 13764578.07976553  7779343.147577771 -6893390.139724575 -62104598.65688899  47453944.93342989

cov*(cov_.inverse()):
     1.000000000116415                      0 -8.731149137020111e-10  4.656612873077393e-10                      0
 1.164153218269348e-10      0.999999999825377 -5.820766091346741e-10                      0 -4.656612873077393e-10
                     0  1.164153218269348e-10     0.9999999997089617 -4.656612873077393e-10                      0
                     0  2.328306436538696e-10   2.91038304567337e-10     0.9999999995343387                      0
                     0  5.820766091346741e-11 -1.746229827404022e-10                      0                      1
