5 
11 
13 
14 
15 
inputFileName = /Users/demattia/RemoteProjects/extracted_endcaps.root
eventsFractionStartBuild = 0
eventsFractionEndBuild = 0.2
eventsFractionStartTest = 0.8
eventsFractionEndTest = 1
var name = R
var name = z
par name = cotTheta
firstOrderChargeOverPtCoefficientsFileName = 
firstOrderCotThetaCoefficientsFileName = 
2 < pT < 10, pT regions = 1
0 < phi < 0.8, phi regions = 1
-3 < eta < 3, eta regions = 1
-15 < z0 < 15, eta regions = 1
charge regions = 1
endcap regions = 0
Training
Requested running from track number 0 to track number 1000000 for a total of 1000000 tracks.
Analyzed 10% of 1000000 tracks
Analyzed 20% of 1000000 tracks
Analyzed 30% of 1000000 tracks
Analyzed 40% of 1000000 tracks
Analyzed 50% of 1000000 tracks
Analyzed 60% of 1000000 tracks
Analyzed 70% of 1000000 tracks
Analyzed 80% of 1000000 tracks
Analyzed 90% of 1000000 tracks
Analyzed 100% of 1000000 tracks
Evaluating eigenvalues:
geomIndex = 0
Sqrt(eigenvalues) of cov:
 0.0456004 0.0573 0.675789 1.05173 1.13817 1.53461 1.81477 2.76527 3.66559 9.04981
Analyzed 10% of 1000000 tracks
Analyzed 20% of 1000000 tracks
Analyzed 30% of 1000000 tracks
Analyzed 40% of 1000000 tracks
Analyzed 50% of 1000000 tracks
Analyzed 60% of 1000000 tracks
Analyzed 70% of 1000000 tracks
Analyzed 80% of 1000000 tracks
Analyzed 90% of 1000000 tracks
Analyzed 100% of 1000000 tracks
opening GeometricIndex.txt for writing
Matrices built:
geomIndex = 0

V_0:
    0.014225  -0.00342684    -0.324463    0.0772015     0.782424    -0.195513    -0.472679     0.121283  0.000955379 -0.000822963
    0.535602    -0.133092    -0.734669     0.179116    -0.120824     0.026329     0.318569   -0.0825587    0.0013349 -1.19177e-05
   -0.586865    0.0748622    -0.223951    0.0467719     0.250371   -0.0457594     0.531818     -0.16969    -0.442659     0.159034
    0.428514    0.0228684     0.296531    -0.078029     0.236117     0.236156     0.039451    -0.193178    -0.637739    -0.405868
   -0.406249   -0.0285897    -0.310908    0.0645982     -0.14113     0.351302    -0.175018   -0.0373189     0.120956    -0.737104
  0.00963061    0.0143962    -0.188445    -0.730191   -0.0675438    -0.132984     0.106511     0.596845    -0.161569    -0.122841
  -0.0290348   -0.0104046    -0.191268    -0.494505    0.0147151     0.566472     -0.26412    -0.402273    0.0138637     0.406261
   0.0222214    0.0459213    0.0810152     0.320593     0.165706      0.65973     0.152547     0.601576    0.0210068     0.199364
   -0.128221    -0.408576    -0.118275     0.232466    -0.387111   -0.0647366    -0.453184     0.171718    -0.563046     0.206557
   0.0445597     0.897759    -0.166099     0.122369    -0.229711   -0.0423656    -0.224321     0.039252    -0.197358    0.0640847
corrPV_0:
9.99178e-05 0.000126861  -0.0668673   0.0479396  -0.0326453   0.0080482   0.0496493  -0.0221173    0.776421    0.573218
D_0:
    0.128548   -0.0321229  -0.00225914   0.00218437   -0.0144057   0.00184444    -0.113967    0.0244841 -9.79381e-05  -0.00482781
opening matrixVD_0.txt for writing
