10
1

0.04557761970084601
 0.0571227942401298
 0.6758725867875439
  1.046936556833614
  1.139675917526094
  1.537180514705459
  1.817658894768994
  2.766731710433087
  3.660724014810914
  9.050879734927863

   0.01635651509355743   -0.00391310562468409    -0.3270942725303747    0.07778913507420346     0.7819806314593661    -0.1953837090784844    -0.4715541718735417     0.1210035260435511   0.001022305559212874 -0.0007759992085388535
    0.5356563881109454    -0.1330504777934634     -0.733474469410543     0.1787577623758863    -0.1237785513788515    0.02719240242605208     0.3201061121787093   -0.08306764500396294   0.001398400687233026  2.432806345596586e-05
   -0.5884629448800026    0.07451301666556287    -0.2249506684084714    0.04824835040089916     0.2490145786440577   -0.04955570737741061      0.532148590046734    -0.1678497479326504    -0.4384428590824514      0.164853381389643
    0.4108021730646007    0.02362148454216684     0.2836434144868467   -0.07886742299318431     0.2339134041467701        0.2503138039712    0.03789500254554141    -0.1944773740796009    -0.6368629888299023    -0.4263631259804745
    -0.421876557355115   -0.02732462567394264     -0.322333397193788    0.06382468548714511    -0.1474390398365967     0.3460529719913921    -0.1752663908336858   -0.03345083441491484      0.139982105485917    -0.7213722616893101
  0.008896772049696458    0.01436921014734776     -0.187347677335765    -0.7250224394888061   -0.06737141472964159     -0.134837168398892     0.1092430793860658     0.6028773596459921    -0.1605477442315542     -0.122747604586055
  -0.02950480319820564   -0.01104068566790021    -0.1924615294941995     -0.499153209553249    0.01329458182496764     0.5622189492899846    -0.2632748956232315    -0.3973014227107285    0.01277360162523309     0.4113636517816733
   0.02137493042431985    0.04766101675347694    0.08091318046695695     0.3238875940330254     0.1653529249491519      0.660147783562125     0.1517420425402075     0.5989434091803665      0.023275997508899     0.2009579822337632
    -0.127978862281395    -0.4096498696501894     -0.117455916451096     0.2340471571887246    -0.3867587632986598   -0.06473980282590483    -0.4527544000023851      0.172634604175174    -0.5629688003718653     0.2042981264638299
    0.0446390294084718     0.8972248878892261    -0.1660900455598924     0.1219845847843621    -0.2303987121276865   -0.04430354755843215    -0.2248830002845992    0.03871075541121483    -0.1978914272027711    0.06519540787752988

22.68524501808368
91.02613805307693
32.81480705000832
  131.45824780793
46.30003993102932
185.2810114336574
54.91626478151573
219.8055946393082
65.64247740752063
262.8278766345678

4.003217661678254

0
0
0
0
0
0
0
0
0
0

0

0
0
0
0
0
0
0
0
0
0

0

0
0
0
0
0
0
0
0
0
0

0

0
0
0
0
0
0
0
0
0
0

0

0
0
0
0
0
0
0
0
0
0

0

0
0
0
0
0
0
0
0
0
0

0

0
0
0
0
0
0
0
0
0
0

0

0
0
0
0
0
0
0
0
0
0

0

0
0
0
0
0
0
0
0
0
0

0

0
0
0
0
0
0
0
0
0
0

0

0
0
0
0
0
0
0
0
0
0

0

0
0
0
0
0
0
0
0
0
0

0

0
0
0
0
0
0
0
0
0
0

0

0
0
0
0
0
0
0
0
0
0

0

0
0
0
0
0
0
0
0
0
0

0

0
0
0
0
0
0
0
0
0
0

0

0
0
0
0
0
0
0
0
0
0

0

0
0
0
0
0
0
0
0
0
0

0

0
0
0
0
0
0
0
0
0
0

0

0
0
0
0
0
0
0
0
0
0

0

0
0
0
0
0
0
0
0
0
0

0

0
0
0
0
0
0
0
0
0
0

0

0
0
0
0
0
0
0
0
0
0

0

0
0
0
0
0
0
0
0
0
0

0

0
0
0
0
0
0
0
0
0
0

0

0
0
0
0
0
0
0
0
0
0

0

0
0
0
0
0
0
0
0
0
0

0

0
0
0
0
0
0
0
0
0
0

0

0
0
0
0
0
0
0
0
0
0

0

0
0
0
0
0
0
0
0
0
0

0

0
0
0
0
0
0
0
0
0
0

0

0
0
0
0
0
0
0
0
0
0

0

0
0
0
0
0
0
0
0
0
0

0

0
0
0
0
0
0
0
0
0
0

0

0
0
0
0
0
0
0
0
0
0

0

0
0
0
0
0
0
0
0
0
0

0

0
0
0
0
0
0
0
0
0
0

0

0
0
0
0
0
0
0
0
0
0

0

0
0
0
0
0
0
0
0
0
0

0

0
0
0
0
0
0
0
0
0
0

0

0
0
0
0
0
0
0
0
0
0

0

0
0
0
0
0
0
0
0
0
0

0

0
0
0
0
0
0
0
0
0
0

0

0
0
0
0
0
0
0
0
0
0

0

0
0
0
0
0
0
0
0
0
0

0

0
0
0
0
0
0
0
0
0
0

0

0
0
0
0
0
0
0
0
0
0

0

0
0
0
0
0
0
0
0
0
0

0

0
0
0
0
0
0
0
0
0
0

0

0
0
0
0
0
0
0
0
0
0

0

0
0
0
0
0
0
0
0
0
0

0

0
0
0
0
0
0
0
0
0
0

0

0
0
0
0
0
0
0
0
0
0

0

0
0
0
0
0
0
0
0
0
0

0

0
0
0
0
0
0
0
0
0
0

0

0
0
0
0
0
0
0
0
0
0

0

0
0
0
0
0
0
0
0
0
0

0

0
0
0
0
0
0
0
0
0
0

0

0
0
0
0
0
0
0
0
0
0

0

0
0
0
0
0
0
0
0
0
0

0

0
0
0
0
0
0
0
0
0
0

0

0
0
0
0
0
0
0
0
0
0

0

0
0
0
0
0
0
0
0
0
0

0

0
0
0
0
0
0
0
0
0
0

0

0
0
0
0
0
0
0
0
0
0

0

0
0
0
0
0
0
0
0
0
0

0

0
0
0
0
0
0
0
0
0
0

0

0
0
0
0
0
0
0
0
0
0

0

0
0
0
0
0
0
0
0
0
0

0

0
0
0
0
0
0
0
0
0
0

0

0
0
0
0
0
0
0
0
0
0

0

0
0
0
0
0
0
0
0
0
0

0

0
0
0
0
0
0
0
0
0
0

0

0
0
0
0
0
0
0
0
0
0

0

0
0
0
0
0
0
0
0
0
0

0

0
0
0
0
0
0
0
0
0
0

0

0
0
0
0
0
0
0
0
0
0

0

   0.1285220978784923   -0.0320897507455859 -0.001261004190006017  0.001941026674306985  -0.01557217590785082  0.002166134288950732   -0.1137593583907198    0.0243750145573488  9.75362245619598e-05  -0.00484293542645492

9.719332078848745e-05 0.0001237716822745598  -0.06719523143696315   0.04535507746279156   -0.0352480879907702  0.007360156347860971   0.04996036846691278  -0.02322737162555516    0.7752555304843262    0.5795333999812579

cov:
   0.9645485038969714     3.998020566544918  -0.01433067482399573   0.04794097087366583  -0.03587902255012606  -0.06415442867103947  -0.02246845360123196  -0.02937402193096769 -0.004547430864015319   0.03721583963257887
    3.998020566544918     68.21665520335327    -11.52107117940794     7.789945432086613    -14.73358504013336    -2.692615504356243    -13.94940298724074     2.141455151211141    -11.48816081934349     3.744600806941955
 -0.01433067482399573    -11.52107117940794     2.948330562203534    -1.245811649867306     3.975944022483181    0.7538597518028195     4.015427548750901   -0.4707984950659473     3.444412655322916    -1.138852474412239
  0.04794097087366583     7.789945432086613    -1.245811649867306     4.834607816352879    -3.038819110386089    0.3006939752126512    -3.049972413442797     2.045929263842714    -3.374521639378565     1.303066031385806
 -0.03587902255012606    -14.73358504013336     3.975944022483181    -3.038819110386089     6.691516909243317     2.045401576469833     6.857035616971525    -1.043007887714315     6.468420939398807    -1.949798989845518
 -0.06415442867103947    -2.692615504356243    0.7538597518028195    0.3006939752126512     2.045401576469833      4.86559050041004     1.371709844916997     1.741654982931956     1.297229968307505    0.9599166586601646
 -0.02246845360123196    -13.94940298724074     4.015427548750901    -3.049972413442797     6.857035616971525     1.371709844916997     7.494900763930048   -0.6051176997871257      6.87086210322351    -2.410069574478449
 -0.02937402193096769     2.141455151211141   -0.4707984950659473     2.045929263842714    -1.043007887714315     1.741654982931956   -0.6051176997871257     4.704347302838677    -1.905413570552158    0.9954835577025483
-0.004547430864015319    -11.48816081934349     3.444412655322916    -3.374521639378565     6.468420939398807     1.297229968307505      6.87086210322351    -1.905413570552158     8.078625925375242    -2.364984393065661
  0.03721583963257887     3.744600806941955    -1.138852474412239     1.303066031385806    -1.949798989845518    0.9599166586601646    -2.410069574478449    0.9954835577025483    -2.364984393065661      2.69889438880999

cov.inverse():
   89.11281882231619   -21.94595441279174   -122.4796192144681    29.84539824102578    -14.3438560569875    2.967645911300682    48.22867062181037   -12.52355591227083   0.5228770788629733  -0.1454665326157707
   -21.9459544127917    5.468558087219951    30.50180423998632   -7.437156452834023    3.632709221217087  -0.7477931865557107   -12.05898142355443      3.1321763541961  -0.1329660952391607  0.02694664488919551
  -122.4796192144791    30.50180423998908    216.6702493507784   -52.40293370797169   -95.32235177223434    24.64152619042476    2.099918919675686  -0.3601663650375209  -0.4413817006757146  0.09019487391124216
   29.84539824102837   -7.437156452834681   -52.40293370797158    13.03560560589371    22.52255969383856    -5.84990191173479 -0.07254982723479586  -0.1214139788378249    0.159474716279353 -0.02740082898913013
  -14.34385605695838    3.632709221209872     -95.322351772277    22.52255969384899     299.281870662299   -74.57175525230097    -189.322579703979    48.56117379583539 -0.03708510374192985   -0.208860162164104
   2.967645911293547  -0.7477931865539137    24.64152619043534   -5.849901911737378   -74.57175525230079    18.91893115989312    46.88855343351793   -12.15964592513982  -0.1289139642402405  -0.1409432970639422
   48.22867062179247   -12.05898142354995    2.099918919707457 -0.07254982724251917   -189.3225797039928    46.88855343352147    139.1360833636282   -35.74928417920706   -0.634961949426469   0.4116310363737336
  -12.52355591226623    3.132176354194951   -0.360166365045704  -0.1214139788358347    48.56117379583901   -12.15964592514075   -35.74928417920712    9.510861494254168   0.2464236454817862 -0.07456658979388982
  0.5228770788631241  -0.1329660952391982  -0.4413817006760203    0.159474716279427 -0.03708510374171332  -0.1289139642402955  -0.6349619494265312   0.2464236454818019   0.8422076315099952  0.01319200047378048
 -0.1454665326158076  0.02694664488920468  0.09019487391134909 -0.02740082898915588  -0.2088601621642393  -0.1409432970639081   0.4116310363737988 -0.07456658979390642   0.0131920004737807   0.6923129690051958

cov*(cov_.inverse()):
     1.000000000000071 -3.021432930239154e-14 -7.023765249969394e-14  3.020695672761864e-14 -1.745834379840439e-13  -7.13621869929959e-14 -3.993680386393805e-14   1.66572484971983e-14 -5.496905014501507e-17 -1.040834085586084e-17
 -3.11972669919669e-14      1.000000000000044  2.454147995933909e-13 -2.381428387820961e-14 -2.653433028854124e-13 -6.250555628639631e-14  3.426148253993233e-13  1.081912337497215e-13  1.013078509970455e-15  4.440892098500626e-16
 7.158162951270697e-14 -1.893277201681087e-14     0.9999999999998125   1.80480630440627e-14  1.318389841742373e-13 -7.185918526886326e-14  -2.16160422894518e-13  4.168887457467463e-14  8.430756093247282e-16 -4.440892098500626e-16
-3.302913498259841e-15  1.512678871051776e-15  4.102274075989953e-14      1.000000000000009 -8.926193117986259e-14  1.898481372109018e-14  1.538769112130467e-13  -2.53408405370692e-14 -8.326672684688674e-16  1.110223024625157e-16
 1.276201366806617e-13  3.899658373995862e-15 -2.312039448781888e-14 -8.749945212827015e-15     0.9999999999996656  5.789813073420191e-14  5.062616992290714e-14  5.645484080218921e-14   2.42861286636753e-17  4.440892098500626e-16
-1.018629625093581e-14 -2.400857290751901e-15 -8.187894806610529e-16  8.607697887796917e-15 -1.654232306691483e-14     0.9999999999999976 -2.736699755701011e-14  3.760880495917718e-15  2.636779683484747e-16 -1.110223024625157e-16
 6.994405055138486e-15  7.202571872255703e-15 -2.775557561562891e-14 -2.373101715136272e-14 -1.110223024625157e-14  2.942091015256665e-15     0.9999999999999371  3.358424649491099e-15  6.938893903907228e-16                      0
-2.065014825802791e-14  1.835337437583462e-15  3.524958103184872e-14 -1.827357709593969e-14 -4.829470157119431e-15  4.357625371653739e-15  8.087974734394265e-14     0.9999999999999913 -9.194034422677078e-17                      0
 1.216249323476859e-13 -2.189914916073121e-14  -1.73971947958762e-13  2.707556401304601e-14 -1.967315199635777e-13 -3.858025010572419e-14 -2.118305530984799e-13  6.811218256075335e-14     0.9999999999999991 -2.220446049250313e-16
 2.048361480433414e-14 -7.757683384568281e-15  1.490474410559273e-14 -1.777744618181032e-14   -5.3179682879545e-14  6.938893903907228e-15  1.123545700920658e-13 -4.402034292638746e-14 -3.608224830031759e-16                      1
