10
1

0.04560041206826458
0.05729997137449003
 0.6757893449007586
  1.051726946591107
  1.138169128481833
  1.534613295615742
   1.81477222980123
  2.765268923237744
  3.665588487883741
  9.049805363901864

   0.01422499862057473  -0.003426843673942805    -0.3244631635099405    0.07720148983308513     0.7824241254236084    -0.1955132682498268    -0.4726788845932116     0.1212832370329211  0.0009553792739732049  -0.000822962758994785
    0.5356018664191887    -0.1330920780912913     -0.734669188397072     0.1791156504628945    -0.1208240760135462    0.02632898814352744     0.3185694694101106   -0.08255873621079274   0.001334896506176055 -1.191770162754014e-05
   -0.5868649612546941    0.07486221725188441    -0.2239513518437458    0.04677189044029931     0.2503714722509112   -0.04575937003388749     0.5318177287598206    -0.1696901979353888    -0.4426588610534821     0.1590340426477898
    0.4285136457950938    0.02286840903567996     0.2965306838157277   -0.07802895611907455     0.2361171719322107     0.2361556830847622    0.03945099482875315     -0.193178272131208    -0.6377385117807323    -0.4058677937936708
   -0.4062487590272864   -0.02858972472774781    -0.3109084441552089    0.06459820815956324    -0.1411303034493766     0.3513021046663521      -0.17501832644708   -0.03731891254490418     0.1209564749054219     -0.737103838235973
  0.009630605911359745    0.01439618351576137    -0.1884449050340798    -0.7301905680791372   -0.06754379694327475    -0.1329835156756453     0.1065109946008176     0.5968452733418538    -0.1615693673789672    -0.1228411196682484
  -0.02903477101086736   -0.01040457973797902     -0.191268226053054    -0.4945051956277965    0.01471513077809709     0.5664718701431524    -0.2641195776895556    -0.4022728425437228    0.01386372342130629     0.4062611170921238
   0.02222143568176273    0.04592129099035056    0.08101521829684387     0.3205931565056837     0.1657060209912677     0.6597303140939372     0.1525474888351945     0.6015758596207843    0.02100677936986479     0.1993637291507973
   -0.1282212180169609    -0.4085757366749687    -0.1182745554613266     0.2324663402516943    -0.3871106658265069   -0.06473655697529752    -0.4531841287647201     0.1717182810949159    -0.5630463806245458     0.2065574449509728
   0.04455972462721744     0.8977592463923828    -0.1660986799020012     0.1223692442490188    -0.2297111718915235   -0.04236563148398509    -0.2243210618889419    0.03925199432146889    -0.1973580122176675    0.06408471721359306

22.68338231854623
90.98275423349533
 32.8267168450386
131.4548666466634
46.31311804480661
185.2752757188192
54.92808408991755
219.8014162766365
65.64761406275804
262.8166092155082

4.000554787426648

    0.1285482728098552   -0.03212288181114948  -0.002259138873212661   0.002184366727474882   -0.01440567012490932   0.001844436309520006    -0.1139665193230643    0.02448414078925932 -9.793810522131874e-05  -0.004827814725140227

9.991781897888106e-05 0.0001268608711751227  -0.06686731546830725   0.04793955254061088   -0.0326453371363368  0.008048197318220344   0.04964925977878502  -0.02211728286070423    0.7764210713092808    0.5732179134737538

cov:
  0.9654311252562655    3.994904580425388 -0.01171401498384069  0.04807057104077682 -0.02725894935153099 -0.04879745828532941 -0.01545947115508355 -0.02496215105464666 0.001089969300710817  0.02315651147831074
   3.994904580425388    68.27249657287835   -11.52289455932409    7.822981986429059   -14.68926669902623   -2.560432416890973   -13.91366806035436    2.179308908798427   -11.45414506432278    3.652286915841621
-0.01171401498384069   -11.52289455932409    2.949138042413105     -1.2567793908092    3.971835129794461   0.7307968485302149    4.013907189328205  -0.4765113768688678    3.442874876523646   -1.130430791665239
 0.04807057104077682    7.822981986429059     -1.2567793908092    4.812686457433314   -3.039679144899498   0.3046721147816921   -3.049292314135227     2.04319119618763   -3.374135931365565    1.302527360150319
-0.02725894935153099   -14.68926669902623    3.971835129794461   -3.039679144899498    6.673953200814585    2.010197365721562    6.843147814496279   -1.046609599245765    6.455263623867865   -1.941242240864852
-0.04879745828532941   -2.560432416890973   0.7307968485302149   0.3046721147816921    2.010197365721562    4.852559617286127    1.335748697476299    1.747887828224353    1.254677090314317   0.9553275315428422
-0.01545947115508355   -13.91366806035436    4.013907189328205   -3.049292314135227    6.843147814496279    1.335748697476299    7.486464631738586  -0.6067852777799814    6.863465006537031   -2.398728424783704
-0.02496215105464666    2.179308908798427  -0.4765113768688678     2.04319119618763   -1.046609599245765    1.747887828224353  -0.6067852777799814    4.717840896269977   -1.917669535600286   0.9988297065213587
0.001089969300710817   -11.45414506432278    3.442874876523646   -3.374135931365565    6.455263623867865    1.254677090314317    6.863465006537031   -1.917669535600286    8.073447587578896   -2.362541137393969
 0.02315651147831074    3.652286915841621   -1.130430791665239    1.302527360150319   -1.941242240864852   0.9553275315428422   -2.398728424783704   0.9988297065213587   -2.362541137393969    2.690258844502961

cov.inverse():
   88.51908787386969   -21.80842952751789   -121.5637042599491    29.63679090734225    -14.5398642495986    2.994645112599144    48.12878417527678    -12.4770575015575    0.512682116717606  -0.1434551849206228
  -21.80842952751789    5.436736011083465    30.29343271333919   -7.389977151353609    3.667146159639246  -0.7525808035621685   -12.02905410683601    3.119500051416364  -0.1300500677157659  0.02936971302542798
  -121.5637042599525    30.29343271334008    215.3104383391481   -52.09637461730411   -95.06698692969671    24.60276275981721     2.27691045359711  -0.4305489706674767  -0.4129936744504533   0.1075952130749777
   29.63679090734314   -7.389977151353816   -52.09637461730406    12.96949217977939    22.47812516104534   -5.843621919227626  -0.1221071791925828  -0.1030395635509687   0.1528365332673466 -0.03392746750148158
  -14.53986424958926    3.667146159636955   -95.06698692971008    22.47812516104861    299.0729097481081   -74.52586529654351    -189.248443186058    48.53278351737264 -0.05970224790029206  -0.2248401664807758
   2.994645112596893  -0.7525808035615953    24.60276275982053    -5.84362191922844   -74.52586529654342    18.90654165672967    46.86948645790709   -12.15178187107874  -0.1219890693644468  -0.1322096092950416
   48.12878417527102   -12.02905410683461    2.276910453606924  -0.1221071791949667   -189.2484431860621    46.86948645790818    139.0464738828129   -35.71410853820994  -0.6306839103404571   0.4149200045506726
  -12.47705750155604    3.119500051416006  -0.4305489706699767  -0.1030395635503604    48.53278351737367   -12.15178187107902   -35.71410853820994    9.497734514341621   0.2462478691992513 -0.07707541732768509
  0.5126821167176623  -0.1300500677157795  -0.4129936744504863   0.1528365332673551 -0.05970224790041109  -0.1219890693644175  -0.6306839103403598   0.2462478691992261   0.8442913254878891  0.01252316988355662
 -0.1434551849206444  0.02936971302543324   0.1075952130750222 -0.03392746750149237  -0.2248401664808107  -0.1322096092950327   0.4149200045506843 -0.07707541732768806  0.01252316988355653   0.6889902374603717

cov*(cov_.inverse()):
      1.00000000000002  1.333785512591668e-15 -1.050552873860244e-13 -5.131626460569416e-14 -1.446854788755836e-13 -4.809477469058798e-14   1.11069139996367e-13 -2.221139938640704e-14 -1.467196589916009e-15  3.538835890992686e-16
-1.249000902703301e-13      1.000000000000038 -1.899591595133643e-13 -6.876443858772063e-14 -5.961897642237091e-14 -5.767608612927688e-14 -2.464695114667848e-14 -3.425038030968608e-14 -7.147060721024445e-16                      0
 8.465450562766819e-15  7.403799795469013e-15     0.9999999999998724 -5.669076319492206e-15  1.579847364041598e-13 -1.018629625093581e-13 -5.967448757360216e-14  8.007483565108942e-15  4.683753385137379e-16                      0
  5.12645481620666e-14  4.503342143635791e-15  1.129651927556097e-14      1.000000000000013  5.290212712338871e-14  2.892130979148533e-14 -4.807265696626928e-14 -5.301314942585122e-15  1.040834085586084e-16                      0
-4.057865155004947e-14   8.36136715420821e-15 -8.590350653037149e-14  4.371503159461554e-15      1.000000000000148 -2.153832667772804e-14 -1.076916333886402e-14  1.998401444325282e-14 -5.898059818321144e-17                      0
 1.709743457922741e-14 -3.223116218364908e-15 -5.249967127696209e-14  6.307454558651671e-15  6.716849298982197e-14      0.999999999999972 -5.218048215738236e-15   9.06219543850284e-15 -1.422473250300982e-16  2.220446049250313e-16
 3.852473895449293e-14 -2.266242749016101e-14 -9.325873406851315e-14 -2.751965322289607e-14 -2.148281552649678e-13 -8.598677325721837e-14     0.9999999999999802 -3.994027331089001e-14 -6.453171330633722e-16  4.440892098500626e-16
-7.355227538141662e-15  8.007483565108942e-15  3.959332861569465e-14  4.933553565678039e-15  1.557087792036782e-14  2.023381462379348e-14 -6.045164369083977e-14      1.000000000000019  2.896988204881268e-16                      0
 9.447997939560082e-14 -1.429412144204889e-14 -1.912359159916832e-13 -3.579081475635348e-14  1.795230630818878e-13  -8.47655279301307e-14  9.059419880941277e-14 -2.703393064962256e-14     0.9999999999999997  2.220446049250313e-16
-1.754152378907747e-14  4.871103520542874e-15  3.669287096386142e-14 -1.693090112553364e-15  -7.09432512735475e-14  3.164135620181696e-14  4.507505479978136e-14 -5.578870698741412e-15  1.249000902703301e-16                      1
