5
2

5.350225664565211e-05
8.921547430469207e-05
0.0003982936113192585
  0.01646702686594076
   0.5208184934157186

  0.01145249659976778    0.4209983412938478   -0.8176801490159128     0.392398908235021 -0.007176884473033106
  -0.5736107130443213    0.7144147031593392    0.1907844623319671   -0.3518162773970555   0.02022319662463185
   0.3268991682204122   0.00856394416508788   -0.3066250289351554   -0.6463807375232251    0.6174436220956425
  -0.6047729146335776   -0.3365852153195391  -0.03303636137686349    0.3217280935996545    0.6452594417516229
   0.4452260613944645    0.4461043378249292    0.4470907662829878    0.4482537001767026    0.4493808418383448

0.4005274803802235
0.4005718718343577
0.4005777175236961
0.4005688518332549
0.4005917682783413

0.0003173974779544224
   0.4007527902348143

   0.674435639398578    2.336820703418991    3.696974906892164   -6.580988254473444  -0.1272060411514055
  0.9930778453056415   0.5454658101462544   0.2360105992469258  -0.7432951771112009 -0.03116677036980081

-1.320433262285322e-08  3.423057506234441e-08  5.206780227657381e-07 -0.0009533884102828027  -0.003116894257761467
 -6.96765619190306e-10  1.002477859285846e-09  1.139255565589254e-07 -0.0002850543369735943     0.1203833301839794

cov:
0.05386844390434453 0.05393050893938633 0.05399984475670659 0.05408209679890784 0.05416522718097549
0.05393050893938633 0.05401231627047112 0.05410397103946182 0.05421231253016435  0.0543191789908598
0.05399984475670659 0.05410397103946182  0.0542208975552398 0.05435876626333027 0.05449250124457065
0.05408209679890784 0.05421231253016435 0.05435876626333027 0.05453115464405309 0.05469629745854219
0.05416522718097549  0.0543191789908598 0.05449250124457065 0.05469629745854219 0.05489042314320718

cov.inverse():
 42059243.22445263 -49783010.92210664 -17652498.04737801  25591621.37918602 -215235.1218997248
-49783010.96174747  126042798.3142085 -103151771.2809377  26098325.53410971  792178.7115193391
-17652497.97348484 -103151771.3852387  238738752.5658361 -119273649.8642837  1341333.379308545
 25591621.34456826  26098325.59962002 -119273649.8953147  71976079.03363802 -4392772.057795007
-215235.1215336886   792178.710668674  1341333.379931083 -4392772.057932907  2474102.230844893

cov*(cov_.inverse()):
    0.9999999997871782  7.130438461899757e-10  1.600710675120354e-10 -5.820766091346741e-11                      0
 1.600710675120354e-10     0.9999999998908606  -3.92901711165905e-10  3.783497959375381e-10                      0
-2.492015482857823e-10  -4.94765117764473e-10     0.9999999990541255 -5.529727786779404e-10   2.91038304567337e-11
 4.729372449219227e-11 -3.201421350240707e-10  2.764863893389702e-10      1.000000000029104   2.91038304567337e-11
 2.164597390219569e-10 -1.091393642127514e-10 -1.455191522836685e-11 -4.365574568510056e-10                      1
