5
2

 0.165388966898458
0.1942375173991052
0.1961040298638707
 4.921191080706316
 23.41398008012786

 -0.5785831803755929   0.6721501388810628   0.3001071205000714 -0.04653659624103836  -0.3481748922942124
 0.00949989114257848   0.3431752264574754  -0.7778227112283138   0.5181567137160906 -0.09298368643216978
-0.05045744421430498  -0.4142460178597971    0.323602856477698   0.6666551900378151  -0.5260288318008626
 -0.7858996727742088  -0.3698204928653507  -0.1361085562944573   0.1369286711265741   0.4564203186944785
  0.2120542527550318   0.3493966148836566   0.4262431211239699   0.5159160414838786    0.620566224693584

102.4530783623563
155.9027684247858
185.7720012046956
  220.54253130275
261.0562489126645

 4.773232110713244
-3.074006950150402

0
0
0
0
0

0
0

0
0
0
0
0

0
0

0
0
0
0
0

0
0

0
0
0
0
0

0
0

0
0
0
0
0

0
0

0
0
0
0
0

0
0

0
0
0
0
0

0
0

0
0
0
0
0

0
0

0
0
0
0
0

0
0

0
0
0
0
0

0
0

0
0
0
0
0

0
0

0
0
0
0
0

0
0

0
0
0
0
0

0
0

0
0
0
0
0

0
0

0
0
0
0
0

0
0

0
0
0
0
0

0
0

0
0
0
0
0

0
0

0
0
0
0
0

0
0

0
0
0
0
0

0
0

0
0
0
0
0

0
0

0
0
0
0
0

0
0

0
0
0
0
0

0
0

0
0
0
0
0

0
0

0
0
0
0
0

0
0

0
0
0
0
0

0
0

0
0
0
0
0

0
0

0
0
0
0
0

0
0

0
0
0
0
0

0
0

0
0
0
0
0

0
0

0
0
0
0
0

0
0

0
0
0
0
0

0
0

0
0
0
0
0

0
0

0
0
0
0
0

0
0

0
0
0
0
0

0
0

0
0
0
0
0

0
0

0
0
0
0
0

0
0

0
0
0
0
0

0
0

0
0
0
0
0

0
0

0
0
0
0
0

0
0

0
0
0
0
0

0
0

0
0
0
0
0

0
0

0
0
0
0
0

0
0

0
0
0
0
0

0
0

0
0
0
0
0

0
0

0
0
0
0
0

0
0

0
0
0
0
0

0
0

0
0
0
0
0

0
0

0
0
0
0
0

0
0

0
0
0
0
0

0
0

0
0
0
0
0

0
0

0
0
0
0
0

0
0

0
0
0
0
0

0
0

0
0
0
0
0

0
0

0
0
0
0
0

0
0

0
0
0
0
0

0
0

0
0
0
0
0

0
0

0
0
0
0
0

0
0

0
0
0
0
0

0
0

0
0
0
0
0

0
0

0
0
0
0
0

0
0

0
0
0
0
0

0
0

0
0
0
0
0

0
0

0
0
0
0
0

0
0

0
0
0
0
0

0
0

0
0
0
0
0

0
0

0
0
0
0
0

0
0

0
0
0
0
0

0
0

0
0
0
0
0

0
0

0
0
0
0
0

0
0

0
0
0
0
0

0
0

0
0
0
0
0

0
0

0
0
0
0
0

0
0

0
0
0
0
0

0
0

0
0
0
0
0

0
0

0
0
0
0
0

0
0

0
0
0
0
0

0
0

0
0
0
0
0

0
0

-0.04369805126985191  0.00890553570862098  0.01008885956468314  0.01142755772772825  0.01330621774812072
   1.962078516716821  -0.1842913246439644  -0.2306435269266557  -0.2540510945271215  -0.2937799310573739

 0.0007968587048220369 -1.970571048146863e-05  9.227243654845328e-05      0.903666343496778      6.742250151729445
  -0.03321277900298574   0.001149712568719943  -0.004311936520491317     -39.02323113147267     -32.89989907420144

cov:
39.61886063279868 47.64686642313087 52.13617762823633 57.36932654419707 63.46101692482122
47.64686642313087 70.26056715864847 82.85375937967808 97.58961631923974 114.7788202431086
52.13617762823633 82.85375937967808 100.0793273905155 120.0968168813941 143.4981792752389
57.36932654419707 97.58961631923974 120.0968168813941 146.3992506255441 177.0150810320782
63.46101692482122 114.7788202431086 143.4981792752389 177.0150810320782 216.1781175520069

cov.inverse():
 12.33240819599159 -13.57530143656916 -6.963742232016412 0.2358833667622758  8.016812042145423
-13.57530143656835   24.1060879235479 -3.184026169276814 -3.613174824112281  -3.74171777951591
-6.963742232016852 -3.184026169272355  22.05268715412992 -5.583793525398042 -6.331444994989871
0.2358833667609805 -3.613174824117406 -5.583793525388215   18.7533459263583 -9.800318011424778
 8.016812042146354 -3.741717779514438 -6.331444994995679 -9.800318011421361  11.86553871718109

cov*(cov_.inverse()):
    0.9999999999998863                      0 -5.684341886080801e-14  4.547473508864641e-13 -3.410605131648481e-13
                     0      1.000000000000057 -2.273736754432321e-13  4.547473508864641e-13 -2.273736754432321e-13
                     0   1.13686837721616e-13                      1                      0                      0
 2.273736754432321e-13   1.13686837721616e-13 -4.547473508864641e-13     0.9999999999997726                      0
                     0                      0 -2.273736754432321e-13  4.547473508864641e-13                      1
