5
2

0.1653540849370363
0.1941413507008989
0.1959796707886078
 4.920149938079619
 23.40301609181256

 -0.5784512385337889   0.6723189343096644   0.2999100503514081 -0.04638758892142381  -0.3482579051503573
0.009759594341742969   0.3437083998231776  -0.7784917916490128   0.5169766576549286 -0.09195081285298128
-0.05043060852430659  -0.4136262510729118   0.3222279469185009   0.6675897752517123   -0.526177840992275
 -0.7859755801361975  -0.3696916591344884  -0.1360307564088967   0.1369600861798555   0.4564077482913572
  0.2121274525148638   0.3494183567723159   0.4262267888915908   0.5158964564784003   0.6205564651699973

102.4539213945011
155.9031888773124
185.7725666768304
220.5432085957571
261.0570504231698

 4.773232110713244
-3.074006950150402

-0.04366734959861505 0.008887665705902947  0.01005356633837102  0.01143486352544103  0.01333876255697307
   1.961340977289244  -0.1838398043099279  -0.2296274930482192  -0.2541512671389861  -0.2946791759420951

 0.0007949454215493556 -1.933472218863279e-05  9.144091519780969e-05     0.9034915259508325      6.739041142409421
  -0.03315468213460642   0.001146685852237626  -0.004281657446004668     -39.01506074742208     -32.88229755003211

cov:
39.60933700377451 47.62062462781202 52.10264952883968 57.33183416690964 63.42028684354015
47.62062462781202 70.20250052174772 82.77764533034251 97.50015509300115 114.6763033621449
52.10264952883968 82.77764533034251 99.97771453623123 119.9751015876101 143.3561190677418
57.33183416690964 97.50015509300115 119.9751015876101  146.251543582738 176.8410123030511
63.42028684354015 114.6763033621449 143.3561190677418 176.8410123030511 215.9713828311509

cov.inverse():
 12.33215320900251 -13.57945067599999 -6.965037724219255 0.2344408859258043  8.020296496250165
-13.57945067599749  24.12647154237439 -3.192420431677744 -3.617465574913737 -3.741943141961413
-6.965037724222171 -3.192420431675304  22.07360724867353 -5.586351292248345 -6.337279361846034
0.2344408859247637  -3.61746557490855 -5.586351292253418  18.77465443836812 -9.812975942901941
 8.020296496251619 -3.741943141966543 -6.337279361841438 -9.812975942902861  11.87790272549777

cov*(cov_.inverse()):
    0.9999999999997158 -2.273736754432321e-13   1.13686837721616e-13  2.273736754432321e-13                      0
                     0     0.9999999999996589   1.13686837721616e-13 -2.273736754432321e-13                      0
-2.273736754432321e-13  2.273736754432321e-13                      1  4.547473508864641e-13 -2.273736754432321e-13
-2.273736754432321e-13 -2.273736754432321e-13                      0                      1                      0
-2.273736754432321e-13 -2.273736754432321e-13                      0                      0                      1
