5
2

0.1287680032709848
 1.787783044037646
 4.409703633162666
 7.145654051018832
  22.0824789123957

   -0.3996577373725628     0.8163965200039671    -0.4168559272682472  -0.001224197187415676 -0.0002287492790419051
   -0.4603942651963456     0.1713396969113088     0.7778807636851807    -0.2576324427179444    -0.2953080946814756
    0.1985424970677313    0.09301514031898511  -0.005938550679251877    -0.8532326722870388     0.4731678360659123
   -0.7453176704355725    -0.4408646569403028     -0.149236236023537    0.04318304822233371     0.4753984587702773
    0.1827382295174204     0.3180030948278685     0.4458990164412203      0.451390359986318     0.6803687097456137

74.86667586438648
132.2290586720668
186.4788697858876
222.6428295104614
263.8351410038455

 3.383374056389251
0.0665049075252044

0
0
0
0
0

0
0

0
0
0
0
0

0
0

0
0
0
0
0

0
0

0
0
0
0
0

0
0

0
0
0
0
0

0
0

0
0
0
0
0

0
0

0
0
0
0
0

0
0

0
0
0
0
0

0
0

0
0
0
0
0

0
0

0
0
0
0
0

0
0

0
0
0
0
0

0
0

0
0
0
0
0

0
0

0
0
0
0
0

0
0

0
0
0
0
0

0
0

0
0
0
0
0

0
0

0
0
0
0
0

0
0

0
0
0
0
0

0
0

0
0
0
0
0

0
0

0
0
0
0
0

0
0

0
0
0
0
0

0
0

0
0
0
0
0

0
0

0
0
0
0
0

0
0

0
0
0
0
0

0
0

0
0
0
0
0

0
0

0
0
0
0
0

0
0

0
0
0
0
0

0
0

0
0
0
0
0

0
0

0
0
0
0
0

0
0

0
0
0
0
0

0
0

0
0
0
0
0

0
0

0
0
0
0
0

0
0

0
0
0
0
0

0
0

0
0
0
0
0

0
0

0
0
0
0
0

0
0

0
0
0
0
0

0
0

0
0
0
0
0

0
0

0
0
0
0
0

0
0

0
0
0
0
0

0
0

0
0
0
0
0

0
0

0
0
0
0
0

0
0

0
0
0
0
0

0
0

0
0
0
0
0

0
0

0
0
0
0
0

0
0

0
0
0
0
0

0
0

0
0
0
0
0

0
0

0
0
0
0
0

0
0

0
0
0
0
0

0
0

0
0
0
0
0

0
0

0
0
0
0
0

0
0

0
0
0
0
0

0
0

0
0
0
0
0

0
0

0
0
0
0
0

0
0

0
0
0
0
0

0
0

0
0
0
0
0

0
0

0
0
0
0
0

0
0

0
0
0
0
0

0
0

0
0
0
0
0

0
0

0
0
0
0
0

0
0

0
0
0
0
0

0
0

0
0
0
0
0

0
0

0
0
0
0
0

0
0

0
0
0
0
0

0
0

0
0
0
0
0

0
0

0
0
0
0
0

0
0

0
0
0
0
0

0
0

0
0
0
0
0

0
0

0
0
0
0
0

0
0

0
0
0
0
0

0
0

0
0
0
0
0

0
0

0
0
0
0
0

0
0

0
0
0
0
0

0
0

0
0
0
0
0

0
0

0
0
0
0
0

0
0

0
0
0
0
0

0
0

0
0
0
0
0

0
0

0
0
0
0
0

0
0

0
0
0
0
0

0
0

 -0.03725099450505708   0.01413927523824186   0.02297037732314743 -2.60773993109413e-05 8.449729832128976e-05
    1.820311329951275   -0.3034666778101957   -0.5137836040474016 0.0008295255919943474 -0.001965032907937348

0.000279485686378629    0.119609383773275  -0.1196853736637222   0.9263040175746938    3.890036871784797
-0.01261957677147772   -4.120987764989918    6.506376482489197   -58.57368536118321    2.964346348241692

cov:
46.09434966947052 45.21637066865806 44.24848408557868 35.66487535951254 44.79693712509475
45.21637066865806 59.50994897726972 72.91445569407054 67.34052743434137 95.49713261975374
44.24848408557868 72.91445569407054 100.0294100605621 97.27762070268125  143.525484946772
35.66487535951254 67.34052743434137 97.27762070268125 113.8211883816515 143.1995869648903
44.79693712509475 95.49713261975374  143.525484946772 143.1995869648903 241.8995851878319

cov.inverse():
    9.71226979897342    -19.6948364344911    9.937740678460791  0.05744488690720805   0.0461982319812756
  -19.69483643449111    40.20997061750924   -20.48118321995081 -0.07824585446919624 -0.02849124060124421
   9.937740678460795   -20.48118321995081    10.67003917637955 -0.03137859770864345 -0.06703285216595614
 0.05744488690720452 -0.07824585446918904 -0.03137859770864714  0.05874993608177451 0.004090795052173936
 0.04619823198127373 -0.02849124060124038 -0.06703285216595811  0.00409079505217394  0.04417707013924613

cov*(cov_.inverse()):
    0.9999999999999427  7.216449660063518e-14 -2.398081733190338e-14  4.996003610813204e-16 -4.440892098500626e-16
-4.973799150320701e-14      1.000000000000117 -5.950795411990839e-14  2.220446049250313e-16  8.881784197001252e-16
-8.615330671091215e-14 -1.199040866595169e-13      1.000000000000181  5.551115123125783e-16 -8.881784197001252e-16
 -8.43769498715119e-14  1.598721155460225e-13  2.220446049250313e-13                      1 -8.881784197001252e-16
 2.540190280342358e-13  1.909583602355269e-13   -1.4210854715202e-13  8.881784197001252e-16                      1
