5
2

0.1287195185395279
 1.786871283875806
 4.407440228833936
 7.143392043110128
 22.06684003512447

   -0.3994708975583992     0.8164836978558329    -0.4168642869344185  -0.001216062263441924 -0.0002461925708890006
   -0.4602125824345504     0.1715261142151231     0.7778933199409084    -0.2577323776772784     -0.295362786077242
    0.1984657366026404    0.09289195130655627  -0.006034380563579261     -0.853187018265546     0.4733053294561472
   -0.7455123223164278    -0.4406329842552763    -0.1490387508633116    0.04336310419691162     0.4753535972264932
    0.1828937113242181     0.3180358813823925     0.4459340602177501     0.4514023656860283      0.680280667594007

74.86790812245182
132.2286545656698
186.4781854883166
222.6424748260892
263.8341405953607

 3.383374056389251
0.0665049075252044

  -0.03723259689004062    0.01410961603571406    0.02300264404295056 -2.551746980459894e-05  8.593771584040465e-05
     1.819787743687873     -0.302516572728955    -0.5146748247442781  0.0008248074474102645  -0.001989438940641831

0.000278431272389233   0.1195101816271882  -0.1195657991502285   0.9262436335089255    3.886974650023901
-0.01258233233517759   -4.116827618187427    6.498316995111472   -58.55871000767475    2.982306200126708

cov:
46.09322103575987 45.18729589380499 44.22073924433276 35.64136898222579 44.76061776646856
45.18729589380499  59.4330633645051 72.82065850783501 67.25120553047958 95.35657516303564
44.22073924433276 72.82065850783501 99.90173422814264 97.15011179552486 143.3156978813049
35.64136898222579 67.25120553047958 97.15011179552486 113.6704266728873 142.9818622200172
44.76061776646856 95.35657516303564 143.3156978813049 142.9818622200172 241.5100407863826

cov.inverse():
   9.710545177341933   -19.70259911226958    9.940738605689338  0.05728689038532494  0.04665435496799206
  -19.70259911226957    40.24887676167832    -20.4991661671779 -0.07793104519405677 -0.02939630608660069
   9.940738605689321   -20.49916616717788    10.67855540825599 -0.03164417535620143 -0.06667796987111459
 0.05728689038532686 -0.07793104519406069 -0.03164417535619947  0.05882152963885772 0.004106397359063342
 0.04665435496799748 -0.02939630608661173 -0.06667796987110891 0.004106397359063316   0.0442371370158564

cov*(cov_.inverse()):
     0.999999999999996 -4.329869796038111e-14 -2.664535259100376e-15  1.942890293094024e-16 -8.881784197001252e-16
 2.842170943040401e-14      1.000000000000127 -8.970602038971265e-14 -7.771561172376096e-16 -8.881784197001252e-16
 2.664535259100376e-15 -2.007283228522283e-13     0.9999999999998721 -8.881784197001252e-16 -8.881784197001252e-16
 6.039613253960852e-14                      0  6.217248937900877e-14     0.9999999999999999  8.881784197001252e-16
 1.936228954946273e-13 -1.083577672034153e-13  9.237055564881302e-14  4.440892098500626e-16      1.000000000000002
