5
2

0.6053298606817358
 2.359840079956735
 2.837107192727689
 7.173186980423309
 24.80046980518618

-0.4683654339820914  0.8527738695768031 -0.1011681920339276 -0.1402984616606654 -0.1532706305657071
-0.2558391397287342 -0.1164467277314351  0.6815354891725286  0.3104290112044879 -0.6001080737537766
0.04211834462575904 0.02916839568669501 -0.5773880302810511   0.763648772096964   -0.28432176332813
-0.8310259368904493 -0.3824593821102038 -0.1047734840651794  0.1194702722675766  0.3713086106359323
 0.1510036161651915  0.3347998098813557  0.4253468625063076  0.5352733671474464  0.6306103901674306

41.94419503521209
97.52300077627645
132.1846337977712
156.3311598512349
185.8871754900029

 1.948344727189639
-1.130214151832248

0
0
0
0
0

0
0

0
0
0
0
0

0
0

0
0
0
0
0

0
0

0
0
0
0
0

0
0

0
0
0
0
0

0
0

0
0
0
0
0

0
0

0
0
0
0
0

0
0

0
0
0
0
0

0
0

0
0
0
0
0

0
0

0
0
0
0
0

0
0

0
0
0
0
0

0
0

0
0
0
0
0

0
0

0
0
0
0
0

0
0

0
0
0
0
0

0
0

0
0
0
0
0

0
0

0
0
0
0
0

0
0

0
0
0
0
0

0
0

0
0
0
0
0

0
0

0
0
0
0
0

0
0

0
0
0
0
0

0
0

0
0
0
0
0

0
0

0
0
0
0
0

0
0

0
0
0
0
0

0
0

0
0
0
0
0

0
0

0
0
0
0
0

0
0

0
0
0
0
0

0
0

0
0
0
0
0

0
0

0
0
0
0
0

0
0

0
0
0
0
0

0
0

0
0
0
0
0

0
0

0
0
0
0
0

0
0

0
0
0
0
0

0
0

0
0
0
0
0

0
0

0
0
0
0
0

0
0

0
0
0
0
0

0
0

0
0
0
0
0

0
0

0
0
0
0
0

0
0

0
0
0
0
0

0
0

0
0
0
0
0

0
0

0
0
0
0
0

0
0

0
0
0
0
0

0
0

0
0
0
0
0

0
0

0
0
0
0
0

0
0

0
0
0
0
0

0
0

0
0
0
0
0

0
0

0
0
0
0
0

0
0

0
0
0
0
0

0
0

0
0
0
0
0

0
0

0
0
0
0
0

0
0

0
0
0
0
0

0
0

0
0
0
0
0

0
0

0
0
0
0
0

0
0

0
0
0
0
0

0
0

0
0
0
0
0

0
0

0
0
0
0
0

0
0

0
0
0
0
0

0
0

0
0
0
0
0

0
0

0
0
0
0
0

0
0

0
0
0
0
0

0
0

0
0
0
0
0

0
0

0
0
0
0
0

0
0

0
0
0
0
0

0
0

0
0
0
0
0

0
0

0
0
0
0
0

0
0

0
0
0
0
0

0
0

0
0
0
0
0

0
0

0
0
0
0
0

0
0

0
0
0
0
0

0
0

0
0
0
0
0

0
0

0
0
0
0
0

0
0

0
0
0
0
0

0
0

0
0
0
0
0

0
0

0
0
0
0
0

0
0

0
0
0
0
0

0
0

0
0
0
0
0

0
0

0
0
0
0
0

0
0

0
0
0
0
0

0
0

  -0.03509844153977944    0.03510112443306817   9.12402797122961e-07  3.680867680964234e-06  1.112032606021343e-06
     1.777055366560743    -0.7770166258636771 -5.442004328425065e-05 -2.695549396089167e-05 -9.621117930464548e-05

  0.01699161943050268   0.02724970252012193 -0.003642066479957079    0.8100868909114652     3.970183065936621
  -0.5477700697188481    -2.027878232967528    0.4203320095391528    -60.69766289674245     4.981102543519826

cov:
50.01865739944814 47.47857720944823 42.83558909608764 44.44659720586778 43.47677004340213
47.47857720944823 76.81837253869456 89.04147260650947 107.8081930176209 122.8246459461877
42.83558909608764 89.04147260650947 117.1159029675653 137.0259358983663 162.0249755680016
44.44659720586778 107.8081930176209 137.0259358983663  182.198681282879 207.1193149348486
43.47677004340213 122.8246459461877 162.0249755680016 207.1193149348486 254.3507464917091

cov.inverse():
    0.6240998393676256     -1.078258653613678    0.09677853551132656     0.1672665631219267     0.2161511892906708
    -1.078258653613679      1.990214063446577     -0.250780470007779    -0.3308351443615752    -0.3476030143669245
   0.09677853551132801    -0.2507804700077815     0.1532659082968002    0.02207566769344068   -0.01105087344936092
    0.1672665631219268    -0.3308351443615754    0.02207566769344038     0.1442155366154087 -0.0003307758857338454
    0.2161511892906701    -0.3476030143669229   -0.01105087344936166 -0.0003307758857340611     0.1421489407530133

cov*(cov_.inverse()):
     1.000000000000004  1.243449787580175e-14  5.551115123125783e-17  6.869504964868156e-16 -8.881784197001252e-16
                     0      1.000000000000014 -2.442490654175344e-15 -1.734723475976807e-16 -3.552713678800501e-15
-7.105427357601002e-15 -2.131628207280301e-14      1.000000000000004  2.317590563905014e-15                      0
  -1.4210854715202e-14    1.4210854715202e-14  3.108624468950438e-15      1.000000000000003 -3.552713678800501e-15
                     0  2.842170943040401e-14  8.881784197001252e-16  4.163336342344337e-17                      1
