5
2

3.700612796631672e-05
5.543924606987851e-05
9.377214045028717e-05
  0.02190891343757797
   0.5179740949746333

 0.02201705477186039  0.05923005445908613  -0.6250932829075551   0.7501388081445395  -0.2062939798619718
  -0.136373509974772   0.7428629394963663  -0.4728313489540422  -0.3807215826884419   0.2470597312827144
  0.7127051812848939  -0.3759376681233028  -0.4205759854575762  -0.2499236723809931   0.3337307188373083
 -0.5239704866444189  -0.3229363017922517 -0.09534939240902857   0.1713516807550099   0.7633571699931933
  0.4454478294611064   0.4461271886383398   0.4468928696385451    0.447794154134161    0.449793198454065

0.3988140399646426
0.3988823854524715
0.3989193549087446
0.3989446310238653
0.3989740870926871

-3.468125260658255e-05
    0.3989899885510184

0
0
0
0
0

0
0

0
0
0
0
0

0
0

0
0
0
0
0

0
0

0
0
0
0
0

0
0

0
0
0
0
0

0
0

0
0
0
0
0

0
0

0
0
0
0
0

0
0

0
0
0
0
0

0
0

0
0
0
0
0

0
0

0
0
0
0
0

0
0

0
0
0
0
0

0
0

0
0
0
0
0

0
0

0
0
0
0
0

0
0

0
0
0
0
0

0
0

0
0
0
0
0

0
0

0
0
0
0
0

0
0

0
0
0
0
0

0
0

0
0
0
0
0

0
0

0
0
0
0
0

0
0

0
0
0
0
0

0
0

0
0
0
0
0

0
0

0
0
0
0
0

0
0

0
0
0
0
0

0
0

0
0
0
0
0

0
0

0
0
0
0
0

0
0

0
0
0
0
0

0
0

0
0
0
0
0

0
0

0
0
0
0
0

0
0

0
0
0
0
0

0
0

0
0
0
0
0

0
0

0
0
0
0
0

0
0

0
0
0
0
0

0
0

0
0
0
0
0

0
0

0
0
0
0
0

0
0

0
0
0
0
0

0
0

0
0
0
0
0

0
0

0
0
0
0
0

0
0

0
0
0
0
0

0
0

0
0
0
0
0

0
0

0
0
0
0
0

0
0

0
0
0
0
0

0
0

0
0
0
0
0

0
0

0
0
0
0
0

0
0

0
0
0
0
0

0
0

0
0
0
0
0

0
0

0
0
0
0
0

0
0

0
0
0
0
0

0
0

0
0
0
0
0

0
0

0
0
0
0
0

0
0

0
0
0
0
0

0
0

0
0
0
0
0

0
0

0
0
0
0
0

0
0

0
0
0
0
0

0
0

0
0
0
0
0

0
0

0
0
0
0
0

0
0

0
0
0
0
0

0
0

0
0
0
0
0

0
0

0
0
0
0
0

0
0

0
0
0
0
0

0
0

0
0
0
0
0

0
0

0
0
0
0
0

0
0

0
0
0
0
0

0
0

0
0
0
0
0

0
0

0
0
0
0
0

0
0

0
0
0
0
0

0
0

0
0
0
0
0

0
0

0
0
0
0
0

0
0

0
0
0
0
0

0
0

0
0
0
0
0

0
0

0
0
0
0
0

0
0

0
0
0
0
0

0
0

0
0
0
0
0

0
0

0
0
0
0
0

0
0

0
0
0
0
0

0
0

0
0
0
0
0

0
0

0
0
0
0
0

0
0

0
0
0
0
0

0
0

 0.1165353103473176  0.3564684815422852   0.661761864067452   2.577118192688671  -3.711868980645135
 0.6882438089191674  0.5070848156358678  0.1524686716011976 0.08985613849813665  -0.437613532575152

  3.16199845634831e-09 -6.030855869592176e-09 -1.945167432773316e-08  -0.001262960260702722  -0.002381839949311959
 1.473014790234574e-10  2.102817849503464e-10  5.913940374077707e-10 -0.0004116348638668013     0.1192150700097973

cov:
0.05336832053837481 0.05339894386504873 0.05343321294616623 0.05347385173775814 0.05356387268035782
0.05339894386504873 0.05344910291432071  0.0535054700051905  0.0535720074813612 0.05371951531239629
0.05343321294616623  0.0535054700051905  0.0535868616010642 0.05368271744084807 0.05389530601876862
0.05347385173775814  0.0535720074813612 0.05368271744084807 0.05381293627093291 0.05410179405090148
0.05356387268035782 0.05371951531239629 0.05389530601876862 0.05410179405090148 0.05455995546429102

cov.inverse():
 64171505.63002724 -62479066.50690874 -23158274.22134012  8696091.443156254  12769785.72361016
-62479066.52476709  198183392.6115372 -123337467.2791018 -48890791.40650199  36523032.75821976
-23158274.13959517 -123337467.3754324  378183445.7265046  -271880026.181154  40193589.61090499
 8696091.357355038 -48890791.30560791 -271880026.1801658  465164031.3079255  -153089533.474961
 12769785.74552492   36523032.7357978  40193589.59533103 -153089533.4588798  63602962.56921169

cov*(cov_.inverse()):
     0.999999999650754 -4.656612873077393e-10 -1.396983861923218e-09                      0 -4.656612873077393e-10
-1.164153218269348e-10     0.9999999988358468 -3.259629011154175e-09  9.313225746154785e-10                      0
                     0 -2.095475792884827e-09      1.000000000931323  1.862645149230957e-09 -9.313225746154785e-10
-2.328306436538696e-10 -9.313225746154785e-10 -9.313225746154785e-10     0.9999999962747097  9.313225746154785e-10
-5.820766091346741e-10  2.328306436538696e-10 -4.656612873077393e-10  9.313225746154785e-10      1.000000000465661
