5
2

3.706561187180366e-05
5.549552723000685e-05
9.379820235314399e-05
  0.02190884491868646
   0.5179738870826274

 0.02211920548371376  0.05956566505813197  -0.6254768187324924   0.7498530213968393  -0.2060627764184109
 -0.1363655466675553   0.7428174996419208  -0.4724793056670398  -0.3811661203215269   0.2471887828021551
  0.7127050538267478  -0.3759734514051429  -0.4204016777280717  -0.2501056440941684   0.3337739747853045
 -0.5239684624735927  -0.3229371610796858 -0.09534977627333001    0.171348894644631   0.7633587733140571
  0.4454477915690011   0.4461273894351313   0.4468924976688707   0.4477941023700188   0.4497934579248593

0.3988137978345076
0.3988824630596435
0.3989193077389149
0.3989446279400046
0.3989740839053804

-3.468125260658255e-05
    0.3989899885510184

 0.1171706150170449   0.360586980671383  0.6623383992627582   2.567338132371479  -3.707416443398607
 0.6887772483142616  0.5074506118134066  0.1513129197416464 0.08970400030858681 -0.4372042443966196

 3.158338031337502e-09 -6.024253474950275e-09 -1.944430064961856e-08  -0.001262956317941037  -0.002381834587917991
 1.486178802086974e-10  2.133079638443681e-10   5.99432226282471e-10 -0.0004116328277108959     0.1192150235869534

cov:
0.05336826690778129 0.05339891992070504 0.05343312092934977 0.05347379917561471 0.05356385750752721
0.05339891992070504 0.05344910807637953 0.05350540662525462 0.05357198291161903 0.05371952756232387
0.05343312092934977 0.05350540662525462 0.05358672940164443 0.05368262359211918 0.05389524895422543
0.05347379917561471 0.05357198291161903 0.05368262359211918 0.05381288010638204 0.05410177431545472
0.05356385750752721 0.05371952756232387 0.05389524895422543 0.05410177431545472 0.05455997394468609

cov.inverse():
 64128563.15884537 -62387521.76633976 -23204972.04348078   8689557.08705803  12774424.44180197
-62387521.81836538  197812407.4633134 -123112248.1628724 -48736182.41569209  36422423.18790749
-23204971.94254002 -123112248.2653671  377334135.7842039 -270958170.8165269  39942838.79577757
 8689557.036109008 -48736182.38015477 -270958170.7851003  463554978.0850496 -152550480.4527412
 12774424.44383644  36422423.20283874  39942838.76279676 -152550480.4367263  63410598.60050847

cov*(cov_.inverse()):
    0.9999999998835847  2.328306436538696e-10 -9.313225746154785e-10 -9.313225746154785e-10                      0
                     0      1.000000000232831 -1.396983861923218e-09  1.862645149230957e-09 -9.313225746154785e-10
-1.164153218269348e-10 -2.328306436538696e-10      1.000000000465661  3.725290298461914e-09 -1.396983861923218e-09
-6.984919309616089e-10  6.984919309616089e-10 -4.656612873077393e-10                      1                      0
-6.984919309616089e-10                      0 -1.862645149230957e-09                      0                      1
