6
2

0.03576875257385037
 0.5225657953347627
  1.577608106733487
  1.994935055135852
  7.058625072226996
   14.9619541942457

    0.4330099734423539    -0.8158935783441147     0.3831709823360275 -0.0001129452912863581 -0.0001170699942233142 -5.958111461515193e-05
   -0.4621688352185213     0.1368632550113397     0.8135705890204802    -0.2805221441544363    -0.1579590041229204   -0.04612584434801977
    -0.186709546257471   -0.06436862699503991    0.07399600487812848     0.8079227054764696    -0.5477002958763226   -0.05297267531236497
    0.2515629167226578     0.1992717998083452     0.1399853131859757     0.1307760498836046     0.1904436751405987    -0.9077663753406712
   -0.6251995202792667    -0.3747120280982004   -0.09111493671530303     0.2493247460230566     0.6226051271142446     -0.103026942398909
    0.3314868545826519     0.3623871464373242      0.397378492923534     0.4350896593293386     0.5011660278770875     0.4005146133967103

33.39297273446332
54.40042444512174
78.16712841733566
106.0202891124338
131.3795791586025
  78.666958497374

 1.569573980790352
-1.308543394444563

   -0.0382947810889464   0.006082967683243851    0.03209539097007256  3.023696199829667e-05  2.052267395470046e-05  6.197928244758039e-05
     1.677673797277766     0.1855179964576539    -0.8593464424985262 -0.0007246248851368875 -0.0005830589716820933  -0.002446512336219911

-1.183072681113592e-05      0.012186920605171    0.02275624122181929   -0.01582712921563306      0.934307102842168     0.5176664642059368
 0.0003144904949901535    -0.3956061486166679    -0.9679225776538228      1.356018447128641     -51.83653738229826      62.74417362604296

cov:
  44.470723878859 38.77553525240953 32.32966766659742 24.31097187430026 18.26078878493738 32.05176820427385
38.77553525240953 36.56838162660959 34.06719667019412 30.60519175276187 29.26560700294509 33.70169101031482
32.32966766659742 34.06719667019412 36.03585645765428  37.7318069452561 41.72599567285133 35.57063632105936
24.31097187430026 30.60519175276187  37.7318069452561 47.18871895791037 55.55732795709707 37.15452377027548
18.26078878493738 29.26560700294509 41.72599567285133 55.55732795709707 76.43780402009702 41.12436638436211
32.05176820427385 33.70169101031482 35.57063632105936 37.15452377027548 41.12436638436211 39.72574390660362

cov.inverse():
    147.3712523440251    -276.3454783410776     128.3110550871883    0.3817198549167999    0.2737727921085641  0.006380611408358219
   -276.3454783410798      520.390369142886     -243.939305717685  -0.08408672762288556   0.01531894357939166  -0.02778200818583588
    128.3110550871921    -243.9393057176901     117.1884516900197   -0.8406472639807919    -0.515501663481553    -0.187872056233723
    0.381719854916324  -0.08408672762199013   -0.8406472639812111    0.5568385719416368 -0.005168195649065802 0.0006266344331268719
   0.2737727921078987   0.01531894358064484   -0.5155016634821413 -0.005168195649065649    0.2299246937124952 -0.005486106925494317
 0.006380611408019455  -0.02778200818519893   -0.1878720562340208 0.0006266344331269226 -0.005486106925494736    0.2169084549401417

cov*(cov_.inverse()):
    0.9999999999996836 -2.646882713008836e-12  -9.50350909079134e-14  5.342948306008566e-16  1.554312234475219e-15                      0
-8.489320357796259e-13      1.000000000000737 -1.826983009323158e-12  2.914335439641036e-15  2.942091015256665e-15                      0
  9.90818538326721e-13  4.941602682606572e-13     0.9999999999991447  2.345346139520643e-15  2.609024107869118e-15  8.881784197001252e-16
-4.697631172945194e-13   8.15347789284715e-13 -8.926193117986259e-13     0.9999999999999989  1.887379141862766e-15  -1.77635683940025e-15
-2.529088050096107e-13  4.413802656699772e-12 -1.021405182655144e-12 -1.290634266126744e-15      1.000000000000004                      0
-1.045441511138279e-12  3.077982313470784e-12 -2.176925306685007e-12  2.869232629265639e-15   3.05311331771918e-16      1.000000000000001
