5
2

0.03706170683888493
  2.283080372954005
  4.055757524619164
  9.620148469261734
    27.165889120789

   -0.4332235274188984     0.8159690271200591     -0.382768752776672  4.272345367955816e-05 -4.630299816081783e-05
   -0.3506022712917399   -0.03546300284165645     0.3213631091840525     0.6253816452069864    -0.6176115062790584
    0.6251497656455305     0.0520196823662651     -0.596584985414326     0.4559342667829356    -0.2066204798928353
   -0.4994928960293692    -0.4728721289120353    -0.4427272661191783     0.3620835923652626     0.4469752079130316
    0.2215627224632593     0.3265315062209291     0.4453007488946951     0.5195355738790965     0.6132513073509923

39.71168986627704
64.29557800563406
 92.1081153158423
121.6777786641677
143.9280389188004

  1.836796647040404
-0.8973586847756677

 -0.03980711873018374  0.008833508011675409   0.03097913587202751 1.366688530938902e-06 -1.96837874467861e-06
    1.733167153908814   0.08385295496295787   -0.8171731473862613 2.996940384247457e-05 8.221348342794116e-05

 1.730067089136103e-05     0.1230182633955043    -0.7057771318991694      0.184220884208519      5.799961436279204
-0.0005077251245603602     -4.551867656623966      25.91337868201785     -50.30165267696019      35.10157185878628

cov:
66.38716563326834 75.84976212484344 86.55511970429707 71.75695281509179 78.61455076589581
75.84976212484344 99.43239554920684 126.1113452365734 109.6240207274523  128.154936846862
86.55511970429707 126.1113452365734 170.8701332456403 152.4702606615032 184.2091006555231
71.75695281509179 109.6240207274523 152.4702606615032 216.7863533912009 246.5417174384374
78.61455076589581  128.154936846862 184.2091006555231 246.5417174384374 298.7197391323116

cov.inverse():
   136.6886506210619   -257.3493296505729    120.6833634031158 -0.04001011935230107  0.04606509294817086
  -257.3493296505729    484.7291893999326   -227.3853082032788  0.02094673863674521 -0.02597027411243228
   120.6833634031158   -227.3853082032787    106.7088818489519 0.008696331249087721 -0.01944883846038678
-0.04001011935260718  0.02094673863732196 0.008696331248817069    0.089453411710673 -0.07764800407169938
 0.04606509294844589 -0.02597027411295041 -0.01944883846014363 -0.07764800407169939  0.07844462384647295

cov*(cov_.inverse()):
    0.9999999999918741  1.082689493614453e-12 -5.743183706385935e-12  -1.77635683940025e-15  -1.77635683940025e-15
-6.433964472307707e-12      1.000000000004298 -6.499689675365516e-12 -3.552713678800501e-15                      0
-3.360867140145274e-12  7.389644451905042e-13     0.9999999999997606  -1.77635683940025e-15                      0
-4.494182803682634e-12   4.82103246213228e-12 -5.409006575973763e-12     0.9999999999999964                      0
-4.723332835965266e-12 -6.870948254800169e-12 -3.238298518226657e-12                      0     0.9999999999999964
