5
2

 7.19834493367405e-05
8.565731138721163e-05
0.0003615481675487257
  0.00855100457479363
   0.5085919410222213

   0.2927171389815851   0.02400786153350472   -0.8140334424881046    0.5010745163411713 -0.003765994616398212
  -0.5088831789844431    0.8265515556242413   -0.2193497482200974   -0.0986711669570806 0.0003532830903651564
   0.3454764263415527   0.05322757034059525   -0.2946660124616156   -0.6787582241805256    0.5746930300649009
  -0.5801543301115036    -0.337255322973208  -0.04959721263518614     0.279645518816216    0.6848491079675429
   0.4465664326707338    0.4468353403230424    0.4471546713001409    0.4475198172127109    0.4479903045675107

0.3826514616878958
0.3827521991391754
0.3827272593954989
0.3826992901052951
0.3826777032285694

0.0005618785345120524
   0.3828848269150679

   5.188624381494957    2.770736702958211    1.464402287080546   -9.220867612808572  -0.2029578377896828
   2.119659538232869   0.6647649409385605  -0.1111302931077415   -1.642346066494069 -0.03096596220262018

-2.189922913358839e-08  1.748440403109212e-09  1.000066514675628e-06 -0.0004924499749925958  -0.001940316741466007
-4.971093472699855e-10 -2.515028943311731e-09  2.480202981285368e-07 -0.0001410401947236862     0.1151222951323063

cov:
 0.0516081632283509 0.05162890260314591 0.05165357325163517 0.05168176927626218  0.0517189824020137
0.05162890260314591 0.05165399936180921 0.05168380543971932 0.05171788846784551 0.05176228480669698
0.05165357325163517 0.05168380543971932 0.05171971582824649 0.05176076496414432 0.05181366743310577
0.05168176927626218 0.05171788846784551 0.05176076496414432 0.05180980317111407 0.05187243871392748
 0.0517189824020137 0.05176228480669698 0.05181366743310577 0.05187243871392748 0.05194734379833747

cov.inverse():
 52748217.88628629  -55827400.7588088 -31550927.90729399   33353822.7599338   1276192.76470744
-55827400.76647832  93247615.43252796 -28601710.19712311 -9071620.336755089  253204.4834671198
-31550927.89302707 -28601710.21666566  135106762.0271899 -74239216.43881483 -714875.3597871917
 33353822.75342792 -9071620.325280033 -74239216.44358392  53307595.43861231 -3350448.173803813
 1276192.764615936  253204.4838650627 -714875.3602937083 -3350448.173603735  2535786.978681687

cov*(cov_.inverse()):
    0.9999999996070983 -5.638867150992155e-10  6.548361852765083e-10  8.731149137020111e-11                      0
-1.455191522836685e-10     0.9999999985047907  8.658389560878277e-10  1.455191522836685e-10                      0
 2.328306436538696e-10 -2.728484105318785e-10      1.000000000749424  2.037268131971359e-10  -2.91038304567337e-11
-6.111804395914078e-10 -6.002665031701326e-10  1.251464709639549e-09     0.9999999999417923                      0
-3.637978807091713e-10 -1.928128767758608e-10  3.055902197957039e-10 -4.074536263942719e-10                      1
