5
2

6.079941718978526e-05
0.0001721325426096799
0.0003673372005839344
  0.02171826673953764
   0.5310034674251705

  -0.2096567754069049    0.7437111087571053    -0.630527987738312    0.0292899762761769   0.06718911523209573
  -0.5356177945167447    0.4185325004590217    0.6277561557300179   -0.1732399716761917   -0.3374229473720455
  0.06030887202181177   0.07386161064046311   0.09138942642137061   -0.8045661460737303    0.5789892846672471
  -0.6844666587714298   -0.2596150076299983 -3.16369779150359e-05     0.346820225339155    0.5863626617873537
   0.4438759372941145    0.4459471303390893    0.4472187801951288    0.4489087406045194    0.4500906736239361

0.4055277765875415
0.4055821428342872
0.4055768980516777
 0.405597205839718
0.4055789872751598

0.0002729994852016002
   0.4057442444776567

    1.17681583386106    4.558228526813528   -4.441494231028098  -0.3144690125882057   -0.978997736837084
   1.213785710904441   0.5006804135940091  -0.5794953393668212 -0.03605987564139859 -0.09882901604268568

 2.169433404115914e-08 -3.336048878912725e-08 -4.211009597394589e-08    -0.0012602651749161   -0.00367572240565657
 1.757995089970263e-09 -2.265959489274184e-08  3.915182767442429e-09 -0.0004864079272002687      0.124689421785221

cov:
0.05577532072415996 0.05589736602603317 0.05597271337889465 0.05607224763761886 0.05614285246113265
0.05589736602603317 0.05610578956552476 0.05623389996998367 0.05640390671264987  0.0565232030010101
0.05597271337889465 0.05623389996998367 0.05639425832849724 0.05660732950813994 0.05675638149019806
0.05607224763761886 0.05640390671264987 0.05660732950813994 0.05687808131683512 0.05706672336216077
0.05614285246113265  0.0565232030010101 0.05675638149019806 0.05706672336216077 0.05728308385550679

cov.inverse():
 21601387.05160683 -49713222.78397585  24454222.27302142  1110353.682490806  2546819.626896517
-49713222.78741587  155579454.2713639 -117938263.3009686   3005145.91685927  9068092.258541508
 24454222.27799223 -117938263.3081946  120911902.7485181 -9211335.268618686 -18217293.52092708
 1110353.682469572  3005145.916303889 -9211335.267771568  6042509.814318994 -946580.9012895449
 2546819.625386935   9068092.26288276 -18217293.52402921 -946580.9010190441  7548888.153399895

cov*(cov_.inverse()):
    0.9999999997380655  2.444721758365631e-09 -6.984919309616089e-10 -5.093170329928398e-11                      0
-5.820766091346741e-11       1.00000000174623 -3.492459654808044e-10  7.275957614183426e-12                      0
 5.820766091346741e-11  1.280568540096283e-09      0.999999999650754 -8.731149137020111e-11  5.820766091346741e-11
-5.820766091346741e-11  1.455191522836685e-09 -8.149072527885437e-10      1.000000000058208                      0
 -2.91038304567337e-11  5.820766091346741e-11 -2.328306436538696e-10  7.275957614183426e-12                      1
