5
2

5.442266385358322e-05
0.0001166228526741671
0.0003530591283209347
  0.01821085091466411
   0.5779816143220876

  -0.2451011648020322    0.7956621029712408   -0.5538771107920551 -0.003904861125443286  0.007220464549199235
  -0.6574816905331929    0.2657092819064502    0.6704874454878903  -0.07332908531367897   -0.2053919054212125
   0.1353088481897705    0.1249508215281075    0.1317072544974075   -0.8563128544220746    0.4641770160889946
  -0.5394957822394935   -0.2856806448382988   -0.1638089649442194    0.2461688450508346    0.7347777846674546
    0.445285371614268    0.4461997946753967    0.4466391761818787    0.4480365971486115     0.449892581593698

0.4227945260584445
0.4228049015791058
0.4228781002570954
0.4228206374735426
0.4228084703622222

0.0002821011095363126
   0.4229709376686097

  3.917446873691605   1.114549593555214  -3.160204843536179 -0.2592962511680922  -1.612497823859391
  3.174484085865738  -1.261112363930768  -1.179895780331539  0.4292511279208889 -0.1627186786514108

 4.935494834953466e-09 -5.505875657916707e-08 -3.407184941315454e-08  -0.001048908620280108  -0.003809223950432396
 -3.34930095530406e-09 -4.367810446477503e-08  -4.07041538006439e-08 -0.0003889952572025206     0.1479797270322513

cov:
0.06633418070483039 0.06642478340385946 0.06646833554585603 0.06660284456975038 0.06679153191393497
0.06642478340385946  0.0665370448863053 0.06659099058948939 0.06676042959629272 0.06699080873979538
0.06646833554585603 0.06659099058948939 0.06664993409253035 0.06683614113147306 0.06708654110999177
0.06660284456975038 0.06676042959629272 0.06683614113147306 0.06707887245061968 0.06739641032855365
0.06679153191393497 0.06699080873979538 0.06708654110999177 0.06739641032855365 0.06779449066458096

cov.inverse():
 52214082.85145474  -78552308.2066237  13566356.32828202   2938016.99986793  9834019.647741981
-78552308.22218496  219062320.3865852 -135562077.1061264 -3340153.216633564 -1608210.475879407
 13566356.34667863 -135562077.1354626  136770414.0268177 -3789607.856613331 -10985443.96432808
 2938016.998538587 -3340153.203268462 -3789607.869906172  6283294.384525724 -2090360.038551384
 9834019.646235794  -1608210.47546721 -10985443.96197727 -2090360.039808427  4849439.549626114

cov*(cov_.inverse()):
     1.000000000465661 -2.240994945168495e-09  1.164153218269348e-09   2.91038304567337e-11                      0
                     0      0.999999999650754 -2.328306436538696e-10 -5.820766091346741e-11 -2.328306436538696e-10
-1.164153218269348e-10 -1.949956640601158e-09      1.000000001396984  5.820766091346741e-11 -1.164153218269348e-10
                     0 -5.529727786779404e-10  2.328306436538696e-10      1.000000000029104                      0
-5.820766091346741e-10  2.764863893389702e-10  4.656612873077393e-10   2.91038304567337e-11                      1
