5
2

 8.38655020885312e-05
0.0001415297948251182
0.0005342640897915239
  0.01436416049055329
   0.5175771610101397

 -0.2735856444688623   0.7820223389251061  -0.5587279560296906  0.01647368068091056  0.03381782900144237
 -0.6448284945145546   0.2681890822794324   0.6753069081378104 -0.07307510241283487  -0.2255913075384621
 0.05686611775632652  0.09414154830502341   0.1133073916324413  -0.8177721901417014   0.5534561351781677
 -0.5543369562349096  -0.3291682508465921  -0.1387051633320091   0.3533892240717766   0.6635026266427284
   0.445896727288046   0.4464317518787723   0.4468847319373622   0.4480550731695493    0.448793368128989

0.3952471859129054
0.3953532243358603
0.3953423924517824
0.3953202289207474
0.3953047355800526

0.0002195301449971304
   0.3954113565486643

  4.099421952618977   4.067022880332843  -6.033197146236763 -0.5833084215366307  -1.549927461044978
  1.973815173691738  0.8196776145275825   -1.44026593323329 -0.1097857081202837 -0.2434662812887269

 3.775436536765152e-08 -1.048541582354394e-07 -1.279948038526203e-07 -0.0008271478348266597  -0.002552464647982072
 6.299649912629037e-09 -3.931259339099805e-08 -5.352552258787973e-09 -0.0002815434574908723     0.1189304229519055

cov:
0.05332557289301561 0.05336371425505702 0.05339603577133121 0.05347954223000669 0.05353228593595809
0.05336371425505702 0.05341241831232346 0.05345365114475677 0.05356016816393383 0.05362743713010975
0.05339603577133121 0.05345365114475677 0.05350243984658661 0.05362842062644854 0.05370797213767427
0.05347954223000669 0.05356016816393383 0.05362842062644854 0.05380499333819989 0.05391590111616027
0.05353228593595809 0.05362743713010975 0.05370797213767427 0.05391590111616027 0.05404733481801167

cov.inverse():
 31413080.23796501  -39032970.6324883  16808.08568368737  1547775.675643006  6055279.835604955
-39032970.64114378  90572741.70117591 -53043844.34879179  582980.4144040934   921146.882859154
 16808.09676140087 -53043844.36292362  67196898.61227717  -4097138.34916371 -10072700.18543076
 1547775.674690284  582980.4169752945 -4097138.350899031  2648674.567108691  -682298.200654624
  6055279.83413544  921146.8857642992 -10072700.18674955 -682298.2007714681  3778545.339676236

cov*(cov_.inverse()):
    0.9999999999417923 -1.455191522836685e-11 -2.328306436538696e-10 -3.637978807091713e-11  5.820766091346741e-11
-1.746229827404022e-10     0.9999999999708962  1.164153218269348e-10 -3.637978807091713e-11   2.91038304567337e-11
                     0  1.964508555829525e-10     0.9999999993015081  7.275957614183426e-12  -2.91038304567337e-11
 5.820766091346741e-11   2.91038304567337e-11  1.164153218269348e-10     0.9999999999854481                      0
 1.164153218269348e-10 -8.003553375601768e-11  1.164153218269348e-10 -7.275957614183426e-12      1.000000000058208
