5
2

7.992569831965695e-05
0.0001147144084166855
0.0004816592601282578
  0.01053830813164795
   0.5175934641687417

  0.06821631435660892    0.3047436760696554   -0.8297863870790825    0.4624935180373462 -0.005667798764527962
  -0.3935695698312591    0.8052258030454699   0.01637029676833687   -0.4429705983832842    0.0149486509186676
   0.3658086530980005   -0.1323301464311079   -0.3327571196501604   -0.5557526657729499    0.6550453690184659
  -0.7123790760372426   -0.2036534765392957   0.02079576758153138    0.2840284592135597    0.6082242053102207
   0.4462618172120371     0.446941485928876    0.4472435584497373    0.4475975911289353    0.4480215335171844

0.3992476705117426
0.3994198908677369
0.3994153050260837
0.3994098482514083
 0.399394124183746

0.0001014812265450846
   0.3994449514457631

   1.696834197188968    5.635570305339018    3.574159528599321   -10.64712447591929  -0.2594770423583269
   1.234339381052848   0.7422960922969697   0.3891254593109118   -1.333932667077411 -0.03183288294047248

-3.868252936519887e-08  1.137113713602065e-07  1.028397787029395e-06 -0.0006068176260649524  -0.001970765578273726
-4.019618497990394e-09  9.326125966863703e-09  2.190744743190474e-07 -0.0001577697235500409     0.1192994652798239

cov:
0.05340916888806033 0.05345013093741335 0.05346847470120065 0.05348995968013769 0.05351509584169487
0.05345013093741335 0.05352003505082295 0.05355112353002817 0.05358756530716638 0.05363096133843611
0.05346847470120065 0.05355112353002817 0.05358785690224598 0.05363089455030744 0.05368234826887653
0.05348995968013769 0.05358756530716638 0.05363089455030744 0.05368168598516715 0.05374258803469507
0.05351509584169487 0.05363096133843611 0.05368234826887653 0.05374258803469507 0.05381555480533536

cov.inverse():
 13080660.59931666 -21035699.68950194 -9875400.341838337  17308978.02333697  521362.2058969496
-21035699.69353692  63885495.94417419  -38393301.6851478 -4725822.916733574  269577.6076911976
-9875400.334288916 -38393301.70041095  108283000.0935453 -59829604.72005358 -184616.6855235172
 17308978.01975947 -4725822.905505236 -59829604.72752873  49727377.14316323 -2481168.477650764
 521362.2059599859  269577.6076910486 -184616.6857620506 -2481168.477475119   1874878.33656906

cov*(cov_.inverse()):
     1.000000000112777  8.476490620523691e-10  7.676135282963514e-10 -2.619344741106033e-10  1.455191522836685e-11
 6.912159733474255e-11      1.000000000343789    4.5656634029001e-10  2.328306436538696e-10  4.365574568510056e-11
 2.364686224609613e-10  3.255991032347083e-10      1.000000000603904                      0  1.455191522836685e-11
 9.094947017729282e-11  4.147295840084553e-10 -2.110027708113194e-10      1.000000000029104                      0
 7.275957614183426e-12  2.019078237935901e-10   7.09405867382884e-11 -1.164153218269348e-10                      1
