5
2

9.204914147567102e-05
0.0002233245218412992
0.0006614070583008288
  0.01071789566039809
   0.5195063866399265

 -0.3197518243374273   0.7988195804326663  -0.5088076721009006 0.002254717962862804  0.02749032208680878
 -0.5413619709007835   0.2570910017419789   0.7266082689698318  -0.1344650264716001  -0.3078814924713417
  0.1018834136547146  0.09541095887668985   0.1104271991128606  -0.8324672039211056   0.5247101171505628
  -0.628686611584929   -0.295177006313429 -0.03166454568550641   0.2974522646935853   0.6543265133959428
  0.4461601749722058   0.4467200226212807   0.4471670454299442   0.4476992042960689   0.4483183864310436

0.3989027378196481
0.3990125102504087
0.3990064858884125
0.3990029695727428
0.3989923241071933

0.0001011806450958035
   0.3990425044502093

   5.965865800273614    4.485397255790042   -9.422851644228109   -0.219781731131055  -0.8087336961465138
   2.228041436587745   0.9158163332215841   -1.956597730394069 -0.03879340721314911  -0.1485121240578658

 5.462671731947913e-08  -4.31145021969258e-07 -1.076805874101288e-07 -0.0006169644668848675  -0.002457732548516118
 8.562126029091267e-09 -1.167780233574043e-07  2.304806795509651e-08 -0.0001973325005613248     0.1199113723757869

cov:
0.05376881040049415 0.05381211250582769 0.05384690061526638 0.05388719059843185 0.05393603993611721
0.05381211250582769 0.05386831881884722 0.05391327624941307 0.05396622877084249  0.0540288334871936
0.05384690061526638 0.05391327624941307 0.05396628985760088 0.05402923710642715 0.05410272387639013
0.05388719059843185 0.05396622877084249 0.05402923710642715 0.05410513173069186  0.0541916474285792
0.05393603993611721  0.0540288334871936 0.05410272387639013  0.0541916474285792 0.05429370404560906

cov.inverse():
 17970098.52575351 -32912272.88541164  11339978.40799111  1178973.097591714  2423145.500539517
-32912272.88465672  76657742.09737526  -44199537.2182162 -662900.8961257963  1117410.051546053
 11339978.40675575  -44199537.2163386  41167767.80248524 -2304626.777584875 -6004028.454476641
  1178973.09795794 -662900.8970227392 -2304626.777028278  1948053.691492006 -159411.3116619371
  2423145.50065375  1117410.051320292 -6004028.454390999 -159411.3116360517  2622897.509379763

cov*(cov_.inverse()):
     1.000000000087311 -2.182787284255028e-11   2.91038304567337e-10 -1.091393642127514e-11  8.731149137020111e-11
-1.455191522836685e-10      1.000000000291038 -1.746229827404022e-10  2.182787284255028e-11  5.820766091346741e-11
 3.201421350240707e-10  1.091393642127514e-10     0.9999999997671694 -3.637978807091713e-12  8.731149137020111e-11
 1.164153218269348e-10   1.01863406598568e-10  4.656612873077393e-10                      1  1.164153218269348e-10
-5.820766091346741e-11  2.037268131971359e-10                      0  1.818989403545856e-12      1.000000000029104
