5
2

 0.000114662771923854
0.0005191428456795805
 0.000710822394794959
  0.02116121764249553
   0.5197892287236149

 -0.6286801949699008   0.7711790589927215 -0.02075423792664261 -0.02769152681760755 -0.09405590026310183
  -0.224553129073702  -0.2190157050518743   0.3253865099073813   0.6870884390580209  -0.5688946380894674
  0.1221761539500058    0.105305387001451  -0.8302570122906416   0.5283147001812729  0.07443543503633547
 -0.5841521877058587  -0.3839565623334323  0.06458379310827435   0.2175746036686904   0.6781104669194487
  0.4451699829056993   0.4458734278035632   0.4474316796879088   0.4479816130893168   0.4495975300688276

0.3979316193415079
0.3979692322237176
0.3980280510083338
0.3979990099418823
 0.397932509081543

0.0004075360486813086
    0.398167189442846

   1.423504390619684    1.051838951717913  -0.1270906399500716  -0.2406833892216671   -2.107542819561722
   1.039210970099479   0.3269072020741692 -0.03431120208425187 -0.04919907719452843  -0.2826477848226178

  1.62709561585898e-09  1.191834352307029e-07  5.364337156026482e-08  -0.001220303207143515   -0.00257852314951338
-4.898359174668207e-09 -5.097164509032217e-08  7.217628746785664e-08 -0.0004196586197384726     0.1199372794020672

cov:
0.05369627318915009  0.0537285005555769 0.05379850739192749 0.05382469384428687 0.05389863132140494
 0.0537285005555769 0.05377883447557408 0.05388934199056721 0.05392933696440636 0.05404486800247872
0.05379850739192749 0.05388934199056721 0.05409112752697595 0.05416149394137392 0.05437023723088099
0.05382469384428687 0.05392933696440636 0.05416149394137392 0.05424339113233544 0.05448349130560881
0.05389863132140494 0.05404486800247872 0.05437023723088099 0.05448349130560881 0.05481980103049035

cov.inverse():
 30279181.10941142 -36667241.15790489   520458.355763257  879122.4063101596  4988611.444600053
-36667241.15806584  45434320.95427051 -1654871.261533238 -2072703.463921815 -5039673.559170475
 520458.3561147369 -1654871.261949485  1789898.723875357  5160.494134316332 -660583.8298232768
 879122.4062144449 -2072703.463810069   5160.49413775684  2362509.729422421 -1174080.601024912
 4988611.444505252  -5039673.55902694 -660583.8298914857 -1174080.601005441  1885710.473878137

cov*(cov_.inverse()):
     1.000000000291038 -1.164153218269348e-10  1.455191522836685e-11                      0  -2.91038304567337e-11
                     0     0.9999999999417923 -7.275957614183426e-12 -1.455191522836685e-11 -5.820766091346741e-11
 3.492459654808044e-10 -5.820766091346741e-11      1.000000000007276 -2.182787284255028e-11  -2.91038304567337e-11
                     0  1.746229827404022e-10  1.455191522836685e-11     0.9999999999854481 -4.365574568510056e-11
 1.746229827404022e-10                      0                      0 -1.455191522836685e-11     0.9999999999854481
