6
2

6.047293933695776e-05
0.0001685388825291449
0.0003659817985888048
0.0004854832189698434
  0.02189198487989198
   0.5819683181088784

  -0.207552694871203   0.7396674129005143  -0.6360453626189583 0.009168581362244256  0.02886724764827836  0.06590078121460601
  0.5278545940243513  -0.4339710884361034  -0.6362651766751698  0.06871220565276065   0.1616488843542431   0.3120152526734015
 0.07906405122290805  0.08507161409612267   0.0999014338814978  -0.1040570405678454  -0.7702546657130994   0.6102550958764587
   0.123303320875655   0.1137880752674029   0.1162263057974487  -0.8966087813453634   0.3302176117490325   0.2130470204762329
 -0.7019743482338043  -0.2806251869733264 -0.02320683797333582   0.1156149851996445   0.3206797832773531   0.5583373651509147
  0.4050538084083031   0.4069715119426037   0.4081488866355151   0.4087695813414528   0.4097131626338091   0.4108073037736863

0.4055324823226215
0.4055892519003753
0.4055853448781526
0.4057032493329079
0.4056071145461108
0.4055906228697874

0.000258623633252752
  0.4057470234561327

   1.155425492428588    4.611267547566459   -4.429444247908217 -0.05969074124106903  -0.3061293905143168  -0.9713470202044228
   1.216083726811813   0.5154698496963408  -0.6309432604574232   0.0309080150471453 -0.03175734629267885 -0.09967686485280181

 2.163073455979746e-08   3.04044937405559e-08 -4.147238625263894e-08 -2.407744442680026e-08  -0.001269908616626147  -0.004088010078225163
 1.912529838115361e-09  2.231391494080253e-08  5.007440900409585e-09  1.787365973459451e-08 -0.0005012737804237346     0.1366660014872541

cov:
0.05580409397701206 0.05592540822136071 0.05600032376616903 0.05603874970950013 0.05609923686780388 0.05616939716004004
0.05592540822136071 0.05613308290473049 0.05626074579582664 0.05632759300036546 0.05643009709540445 0.05654895690145014
0.05600032376616903 0.05626074579582664 0.05642064401065146 0.05650485689704281 0.05663303486135748 0.05678165242378801
0.05603874970950013 0.05632759300036546 0.05650485689704281 0.05659869930051236  0.0567404461568937 0.05690509882783333
0.05609923686780388 0.05643009709540445 0.05663303486135748  0.0567404461568937 0.05690306259281398 0.05709126504639101
0.05616939716004004 0.05654895690145014 0.05678165242378801 0.05690509882783333 0.05709126504639101 0.05730720119770199

cov.inverse():
 21700997.43288167  -49934322.3542975  24395068.27232948  225855.5411380499  1083156.780741918  2528800.672020278
-49934322.35461941    156345871.46001 -118807512.7090487  305663.7314182614  3039129.216072168  9052443.009791387
 24395068.27293151 -118807512.7101201  125009024.4844964 -3653533.002125777 -9053305.257646751 -17890684.11781355
  225855.541055031  305663.7319367836 -3653533.002694411   3680878.94520575 -194315.9441893046 -364431.1771192037
  1083156.78055847  3039129.216024467  -9053305.25717946 -194315.9441905816  6040093.905142072 -914671.2976577523
 2528800.672006596  9052443.010070123 -17890684.11818161 -364431.1772510597  -914671.297422889   7588469.03790023

cov*(cov_.inverse()):
    0.9999999995634425  1.164153218269348e-09  3.492459654808044e-10  7.275957614183426e-12  1.455191522836685e-11 -5.820766091346741e-11
 -2.91038304567337e-11     0.9999999999417923  5.820766091346741e-10 -1.818989403545856e-11  7.275957614183426e-11 -1.164153218269348e-10
-3.783497959375381e-10  2.037268131971359e-09     0.9999999991850927 -1.818989403545856e-11  6.548361852765083e-11 -5.820766091346741e-11
-2.037268131971359e-10  1.396983861923218e-09 -2.328306436538696e-10      1.000000000040018  1.309672370553017e-10                      0
-1.455191522836685e-10  1.105945557355881e-09 -1.164153218269348e-10 -1.818989403545856e-11      1.000000000029104 -5.820766091346741e-11
 -2.91038304567337e-11  1.164153218269348e-10 -2.328306436538696e-10                      0  9.458744898438454e-11      1.000000000058208
