7
2

5.433533196888414e-05
8.366367569566599e-05
0.0001793120988346146
0.0003287016053908118
0.0003609001180207405
  0.02444890670687155
   0.6834195068035536

0.006007134756983537  -0.2476078121701989   0.7919866052810858  -0.5579665814788169 -0.00408850980427718 0.005735878171945881   0.0059313136538522
 -0.3362303343899998   0.7991841543812667 -0.08979521925614134  -0.4848122201712283  0.01427644120743625  0.03859526138028606  0.05877387530793707
  0.6562145531242541   -0.126314354107265  -0.4310953225359374  -0.5459900476893863   0.1058388375466172   0.1684966649988877    0.172875241944043
-0.08972565171877293 -0.04764435151694328 -0.03269057507534796 -0.02602596100933361  0.09040274698787901   0.7507790302270989  -0.6450515405417292
 0.09011521462296075  0.06445922928367498  0.05718710006071818  0.06641459016132989  -0.8886721693354629   0.3501777736662766   0.2601543694284084
 -0.5467190135123366  -0.3685833108038568  -0.1793992275465628 -0.08852859853132966   0.2172507527706867   0.3739019055099999   0.5815692075198799
  0.3757957059588795    0.376511765035575   0.3772634856241781    0.377623770119084   0.3787728039168461   0.3794602996918321    0.380302606879263

0.4226336028353829
0.4226874876349092
0.4226986059354261
0.4227729834566193
0.4227202972725904
0.4227409782849582
0.4227146803367796

0.0002439007659552523
   0.4228539422004601

 0.5662331650980008   2.859476882431745   1.046690132948438  -2.448575635334203  -0.108792568590595 -0.5554070211257754  -1.359622373044819
  1.783584538438724  0.2960349532558293  -1.269328556486325 -0.0382296419225984    0.53408683937672 -0.3601817128218886  0.0543114668835783

 4.368723366141647e-09  2.159433036202051e-08  1.787402821482955e-08  3.162139995361669e-08 -4.154158810913268e-08  -0.001408625404295906  -0.004380216287207962
-3.101344489634976e-09 -1.635664119354284e-09  5.486308218555374e-08 -4.200944899643977e-08 -6.277271415592931e-08 -0.0005022216459262483     0.1750054206384482

cov:
 0.0661383386290566 0.06620578652173936 0.06627589844912521 0.06630943750974189 0.06641118721951347 0.06648067214985896 0.06656066057529512
0.06620578652173936 0.06629247104455722 0.06638297870309844 0.06642631496546114 0.06656099935665338 0.06664739197251117  0.0667497686139225
0.06627589844912521 0.06638297870309844 0.06649515583829381 0.06654889410837825  0.0667185541620251 0.06682290214976212 0.06694905616226762
0.06630943750974189 0.06642631496546114 0.06654889410837825 0.06660763581370775  0.0667940914330384 0.06690706568677895 0.06704464029016351
0.06641118721951347 0.06656099935665338  0.0667185541620251  0.0667940914330384 0.06703719043137135  0.0671790218435428 0.06735499957758036
0.06648067214985896 0.06664739197251117 0.06682290214976212 0.06690706568677895  0.0671790218435428  0.0673359896734438 0.06753156933513507
0.06656066057529512  0.0667497686139225 0.06694905616226762 0.06704464029016351 0.06735499957758036 0.06753156933513507 0.06775347028675151

cov.inverse():
 29693436.91923415   -41386559.985971 -2806617.521714044  11077340.92812972  775875.1243424802  1215064.680505326   1432226.11451082
-41386559.96499726  112563168.5708304 -74938856.24925075 -6368422.171179329  1077327.687557053  3105624.126296393  5946772.976303484
-2806617.647119882 -74938855.94981734  219423984.1629359 -136102180.3996857 -3116576.511207039 -1289100.512948408 -1171501.643387116
 11077341.04368377 -6368422.486309636 -136102180.1724763  148342325.3892447 -2488335.099826182 -6620852.097518732 -7839471.645005889
 775875.1210841459  1077327.699437666 -3116576.525759108 -2488335.094656643  6522195.888041427  -1135471.47188377 -1633792.002480214
 1215064.676921235  3105624.139032409 -1289100.531889404 -6620852.088039688 -1135471.471871969  7265654.633454248 -2540974.920721852
 1432226.110231132  5946772.988357994 -1171501.663074448 -7839471.632023465 -1633792.003252177  -2540974.92102001  5806210.831539584

cov*(cov_.inverse()):
     1.000000000174623  1.222360879182816e-09  3.608874976634979e-09 -2.561137080192566e-09 -1.455191522836685e-11  5.820766091346741e-11  1.746229827404022e-10
 8.003553375601768e-10      1.000000000232831  1.324224285781384e-09 -5.238689482212067e-10 -5.820766091346741e-11 -5.820766091346741e-11  5.820766091346741e-11
 4.802132025361061e-10  1.629814505577087e-09      1.000000000422006 -6.984919309616089e-10   2.91038304567337e-11                      0  1.164153218269348e-10
 5.820766091346741e-10                      0  2.037268131971359e-09                      1 -1.455191522836685e-11 -5.820766091346741e-11  5.820766091346741e-11
 2.619344741106033e-10  1.862645149230957e-09   2.91038304567337e-09 -1.280568540096283e-09      1.000000000043656                      0  1.746229827404022e-10
 4.656612873077393e-10  5.820766091346741e-11 -1.164153218269348e-10  1.047737896442413e-09                      0     0.9999999999126885 -5.820766091346741e-11
 1.891748979687691e-10  8.731149137020111e-10  1.324224285781384e-09  3.492459654808044e-10 -1.455191522836685e-11                      0                      1
