5
2

5.430510078472952e-05
0.0001114562724803238
0.0003273622938167662
  0.01944415869534968
    0.578111610586398

 -0.2372747440715783   0.7912395701158964  -0.5635552817124749 0.004566467192540532 0.005022981179600799
 -0.6648262687612885    0.276138931267629   0.6652453655825656  -0.1163431918563654  -0.1602067048625169
 0.08108199707031197  0.06582033916426097  0.05710137981795412  -0.7966441804883362    0.592613596553728
 -0.5450112538883772  -0.3072950090670671  -0.1930545941725827   0.3878673850451834   0.6487074269842767
  0.4450788369230988   0.4460097461670043   0.4464564974514722   0.4487319360133966   0.4497736994670301

0.4225780523658785
0.4225834636491246
0.4226544749249564
0.4226068143375372
0.4225734382728856

0.0003262615971244592
   0.4227621236934629

  3.629315263020111   1.082258363440758  -2.673100480098509 -0.5885442681530814  -1.449880692811574
  2.586208573230166 -0.8937954512294078 -0.4092176133824699 -0.3886365183945308  0.1053660574307934

 4.398942603504876e-09 -4.461571472891759e-08 -1.902086630943306e-08  -0.001120373782525018  -0.003880445770875094
-3.218813674639864e-09 -2.745479946476466e-08  5.353422421841179e-08 -0.0004303405293016481     0.1479643396980194

cov:
0.06631829702194146 0.06640777952615012 0.06645069210886981 0.06666946279639713 0.06677069126781797
0.06640777952615012 0.06651893046284355 0.06657224980945151 0.06684393257450329 0.06696892528341299
0.06645069210886981 0.06657224980945151 0.06663057737497166 0.06692768551595049 0.06706409832618036
0.06666946279639713 0.06684393257450329 0.06692768551595049 0.06735419994187651 0.06754856720038309
0.06677069126781797 0.06696892528341299 0.06706409832618036 0.06754856720038309 0.06776922733815195

cov.inverse():
 54732941.95032952 -78389839.64476967   9783579.03127338  5255734.140839011  8617225.708586499
-78389839.56186593  218471496.8697404 -136381074.2332817 -1850590.332263592 -1850088.628723847
 9783578.937691821 -136381074.1167085  143349581.2098762 -7527684.469783691 -9223780.463600446
 5255734.138988691 -1850590.329051878 -7527684.470807365  7019125.870077548 -2896469.206125237
 8617225.721113909 -1850088.665603179 -9223780.439586198  -2896469.20578753  5352845.366308866

cov*(cov_.inverse()):
     1.000000000814907  6.111804395914078e-10  1.047737896442413e-09   2.91038304567337e-11  1.164153218269348e-10
-5.820766091346741e-10      1.000000001426088 -2.444721758365631e-09   2.91038304567337e-11  5.820766091346741e-11
-8.149072527885437e-10  2.182787284255028e-09     0.9999999975552782  1.164153218269348e-10                      0
-6.984919309616089e-10  1.746229827404022e-09 -5.820766091346741e-10     0.9999999999417923 -5.820766091346741e-11
-2.328306436538696e-10 -4.511093720793724e-10  6.984919309616089e-10   2.91038304567337e-11      1.000000000058208
