5
2

9.879032136513667e-05
0.0001952932078198555
0.0005314012388249467
  0.01793250794474022
   0.5170201052279697

 -0.3793574587942766   0.7850165723689717  -0.4852287554246829  0.01503150609411505  0.06452912750669865
 -0.5486995769726565   0.2195351124179138   0.7410428438457031  -0.1143791331383968   -0.297499623753146
 0.04810464819843734   0.0664310339008887   0.1209026671320465  -0.8072633096682278   0.5718228348889367
 -0.5951211994637199  -0.3633620451227893 -0.02938825331948165   0.3662120964794369   0.6154866473547681
  0.4455708624424901   0.4462154831701473   0.4471324570429593   0.4482255202269122   0.4489151345160105

0.3951672574874652
0.3952154432892688
0.3953099309212842
0.3952876947360252
0.3952731706142518

0.000224740562476105
  0.3953799307610333

   2.639749051558339    1.851988042137263   -2.575331939585349   -0.540033207304338   -1.376257551060112
   1.267066248672128   0.4265098201035896  -0.4746790326991173 -0.06999665278504885  -0.1488988031237772

 1.566532724988076e-08 -9.455069476159333e-08 -1.164501084785807e-07  -0.001033240261246389  -0.002355802832947513
 7.203868043663993e-10 -3.436587685214492e-08   9.19819299306514e-10 -0.0003255508969212843     0.1187982100293233

cov:
0.05318382501475154 0.05321622957871927 0.05326152612660418 0.05331601093905107 0.05335046497644467
0.05321622957871927  0.0532660535814379 0.05333639963337712 0.05342053188138698 0.05347368499469005
0.05326152612660418 0.05333639963337712 0.05344286538164524 0.05356971457970482 0.05364982516670578
0.05331601093905107 0.05342053188138698 0.05356971457970482 0.05374748312713058 0.05385915145635466
0.05335046497644467 0.05347368499469005 0.05364982516670578 0.05385915145635466 0.05399146723240497

cov.inverse():
 22649061.77000461  -33660355.9726031  8220581.986739512  923059.1121494297  1868023.479755457
  -33660355.971663  64423238.94233278 -34735814.70728284  360373.0817917946  3611842.101962111
 8220581.985204994 -34735814.70525169  38574935.23046108 -3315369.132972244 -8743889.443451451
 923059.1124270413  360373.0811041381 -3315369.132449655  2674320.679796708 -642393.6866908112
 1868023.480072237  3611842.101558735 -8743889.443477387 -642393.6865782759  3906348.568629471

cov*(cov_.inverse()):
    0.9999999999854481  2.037268131971359e-10 -1.164153218269348e-10  2.182787284255028e-11                      0
-2.473825588822365e-10      1.000000000203727 -3.492459654808044e-10  1.455191522836685e-11   2.91038304567337e-11
-8.731149137020111e-11 -1.455191522836685e-10                      1 -1.455191522836685e-11                      0
-8.731149137020111e-11   2.91038304567337e-11  1.164153218269348e-10     0.9999999999854481  -2.91038304567337e-11
 1.164153218269348e-10                      0  5.820766091346741e-11                      0     0.9999999999708962
