5
2

0.0003795586517641266
0.0005278210383040794
0.0007010185305200384
  0.01684719471060566
   0.5209892542003512

  0.2594701421028385 -0.07917658260097693  -0.1088408300519467  -0.7110023427768231   0.6395589545962401
 -0.3997168067660898   0.3705452640083456   0.6759186411503789  -0.4592468446161214  -0.1874806869127245
   0.197163649682788  -0.7920005391140135   0.5752100302911487  0.04723855548330206 -0.02763297333226874
 -0.7322714991169533  -0.1723023520862166  0.01901404356678696   0.2836763694939101    0.594353879927239
  0.4447546138834608   0.4466254824764099   0.4472801710994181   0.4481788042094478   0.4492162283697605

0.3977541348373148
 0.397809627256362
0.3977802142065416
0.3977526535599044
0.3977095463005597

0.0004319948485219063
   0.3979573200359083

   2.873554426621394 -0.08953842571348186  -0.1890950726340478  -0.7016724702867021   -1.893212738529235
   1.606427462313377 -0.03794858100169757 -0.05340968141630884  -0.1631613939431786  -0.3519390332925454

 8.837191883123055e-09 -1.761883091252598e-07  2.692403997246921e-07 -0.0009697482187284481  -0.003115646113369159
 4.560516208254531e-08 -1.536076131584037e-07  1.563132053591011e-07 -0.0004048179612618341     0.1200821537192684

cov:
 0.0538428925258965 0.05395216536310425 0.05399153347165744 0.05404506171032943  0.0541057412216175
0.05395216536310425 0.05415204953661999 0.05422155932955951 0.05431765041370502 0.05442826306366789
0.05399153347165744 0.05422155932955951 0.05430251883658659 0.05441269228673687 0.05454032641511741
0.05404506171032943 0.05431765041370502 0.05441269228673687 0.05454351420593735 0.05469455534710201
 0.0541057412216175 0.05442826306366789 0.05454032641511741 0.05469455534710201  0.0548735699436135

cov.inverse():
 1121813.478284709 -991555.8814883163 -935080.3665813284 -603432.1640679849  1408258.237944715
-991555.8814821016  1812878.800814911  31784.26835651391 -296363.9750622898 -556679.7806037563
-935080.3665776355  31784.26835764943  2395401.158272793 -521736.6851637921 -970349.6838778689
-603432.1640901808 -296363.9750377822 -521736.6851451973  4270872.640664839  -2849424.05176774
 1408258.237957005 -556679.7806231863 -970349.6838916354 -2849424.051746835  2968212.709964466

cov*(cov_.inverse()):
    0.9999999999854481 -7.275957614183426e-12 -2.182787284255028e-11                      0  -2.91038304567337e-11
-1.455191522836685e-11      1.000000000007276 -2.182787284255028e-11                      0                      0
                     0 -7.275957614183426e-12     0.9999999999708962                      0                      0
 -2.91038304567337e-11  1.091393642127514e-11 -3.637978807091713e-11     0.9999999999708962  -2.91038304567337e-11
-1.455191522836685e-11 -3.637978807091713e-12 -1.455191522836685e-11                      0                      1
