5
2

0.0001136246714014839
0.0003872166333106455
0.0006658870889874761
  0.02246211908648278
   0.5202444579766198

 0.6307876706294895 -0.7706360515468565 0.01669784354285298 0.04807317295568177  0.0750809077001969
 0.0963673408031301 0.09089346409279818 -0.0440647017206172 -0.7681054564671433  0.6249192136743914
 0.2163279434786299  0.1951001988663869 -0.8929125197424265  0.2719233953373192  0.2095305047673449
-0.5899689852775085 -0.4014738101216107 0.02056566213846888  0.3639838228244127  0.5982041511557723
 0.4449259123599013  0.4456603487300792  0.4472848865223697  0.4486384084958906  0.4495415384493845

0.3978660421833748
0.3979048499183724
0.3979665976331365
0.3979162154225267
0.3978780377393466

0.0003863961747572925
    0.398098700522474

   1.194608927181301    1.336600387210116 -0.05681254492172867  -0.6662524098915993   -1.808092412955147
   1.009396916829044    0.357732795945765   -0.020131924106222  -0.1047908327513549  -0.2422308065946497

-5.748024050126586e-09 -5.683300806720228e-08  4.392727674472852e-09  -0.001295007208441145   -0.00269252225631403
 4.356962829023583e-09  8.964911803333025e-09  1.006001868716082e-07 -0.0004654912855165196     0.1200685951366599

cov:
0.05375411361326906 0.05378643294190898 0.05385633447735264 0.05391720438148503 0.05395625500247413
0.05378643294190898 0.05383685058618048 0.05394720906140343   0.054040997738224 0.05410250227635209
0.05385633447735264 0.05394720906140343 0.05414868597250857 0.05431564979786084 0.05442742818166374
0.05391720438148503   0.054040997738224 0.05431564979786084 0.05454329396160534 0.05469580323395157
0.05395625500247413 0.05410250227635209 0.05442742818166374 0.05469580323395157 0.05487650496858098

cov.inverse():
 30987351.80349214 -37497855.21919534  351850.2757598515  1987334.982641265  4171496.580188343
-37497855.21932923  46140792.54940467  -1416313.10771943 -3215780.371465513 -4011052.187242344
 351850.2757508407 -1416313.107701021  1832659.373649041 -259660.1137014411 -508470.0280689073
 1987334.983234569 -3215780.372189692 -259660.1136685772  4280926.269011145 -2792879.338660494
 4171496.579737942 -4011052.186670464 -508470.0280923735 -2792879.338758509  3140945.686423226

cov*(cov_.inverse()):
    0.9999999997671694  5.820766091346741e-11  1.818989403545856e-11                      0  -2.91038304567337e-11
-2.037268131971359e-10     0.9999999996798579  3.637978807091713e-12   2.91038304567337e-11   2.91038304567337e-11
-2.037268131971359e-10 -5.529727786779404e-10      1.000000000007276   2.91038304567337e-11                      0
-1.455191522836685e-10 -3.783497959375381e-10  2.182787284255028e-11      1.000000000029104                      0
-2.328306436538696e-10  -2.91038304567337e-11  3.637978807091713e-12                      0      1.000000000029104
