5
2

 9.68593029490142e-05
0.0001730685002779971
0.0004980375796758203
  0.01932530213415846
   0.5172416317884474

 -0.2929609320888182   0.7851578767114449  -0.5438440117868846 0.008481225868466358  0.04315970990335036
 -0.6355191206494825   0.2537570211290638   0.6900032988972689 -0.09043924969585614  -0.2178049841990512
  0.0456979824886585     0.06280416301026   0.1003642717055818   -0.798003079777562   0.5891395667713901
 -0.5565010761871758  -0.3407356231220564   -0.135718482053631    0.392277578863714   0.6339594482993531
  0.4455419016855101   0.4461943019693149   0.4468071675214035   0.4483951345728087    0.449119379536787

0.3959533957220613
0.3959985052999819
0.3960970007357587
0.3960571630771751
0.3960357105696039

0.0002704573878633258
   0.3961723232568282

   2.862840397647886  -0.1788839077911288  -0.1054114468618462   -0.709394903513625   -1.869063836993755
    1.32773698210192   0.1546029774964393  -0.1707319715163238 -0.09239551889445938  -0.2192092025095514

-9.461562178733986e-09 -4.391871028804294e-08 -1.056726711268738e-07  -0.001113345525030733  -0.002387043486597872
-1.735435077155725e-09 -2.594728720304185e-08  -5.36683270938731e-10 -0.0003524070156068769     0.1188890343591537

cov:
0.05322417616203189 0.05325707884016289 0.05328751833283678  0.0533670707934383 0.05340318875484008
0.05325707884016289 0.05330751672385175 0.05335458208087666 0.05347693932687741 0.05353266159301077
0.05328751833283678 0.05335458208087666 0.05341746813548733 0.05358048747836185 0.05365484422592759
 0.0533670707934383 0.05347693932687741 0.05358048747836185 0.05384851790406962 0.05397053346895125
0.05340318875484008 0.05353266159301077 0.05365484422592759 0.05397053346895125 0.05411498140817284

cov.inverse():
 22641547.74941801 -29889932.31021757  2361094.709123961  1506442.115608162  3381117.853792194
-29889932.31056973  67875998.88069552 -39643191.59427806 -258811.1198873583  1915407.892662616
 2361094.709555277 -39643191.59470388  47461663.48775232 -2898076.046098529 -7281197.682791298
 1506442.115654401  -258811.120264733 -2898076.045692113  2848501.353017071 -1198065.335488764
 3381117.853666786  1915407.893113675 -7281197.683192231 -1198065.335413487  3182730.378438469

cov*(cov_.inverse()):
    0.9999999999126885  1.455191522836685e-11                      0   2.91038304567337e-11                      0
 2.619344741106033e-10      1.000000000160071 -3.492459654808044e-10  7.275957614183426e-12  -2.91038304567337e-11
  2.91038304567337e-11 -6.111804395914078e-10     0.9999999999417923  1.455191522836685e-11  -2.91038304567337e-11
  2.91038304567337e-10  1.455191522836685e-10  -2.91038304567337e-10      1.000000000007276  -2.91038304567337e-11
 1.455191522836685e-10  1.455191522836685e-10                      0 -1.455191522836685e-11                      1
