5
2

0.0001117407808989387
0.0004631230447471027
0.0006358860034075682
  0.01572289531351864
   0.5196127374876117

 -0.5781005029208063   0.8012977653666649 -0.02354198239008283 -0.05964577009522232  -0.1400351988465519
  0.1479189265506795   0.1547422993104614  -0.1889372847413174  -0.7321466343577387   0.6184163809323135
   0.175888696487906   0.1550626226380117  -0.8724934381569411   0.4070505645002518   0.1344759748858991
 -0.6438944386262978  -0.3328006543959853  0.04884206402085322   0.3064982894311749   0.6150747334248701
  0.4454019735527844   0.4462914065010963   0.4473456500906051   0.4480762484490486   0.4489438799665258

0.3994065697456825
0.3994264837714739
0.3994901050663648
0.3994770583507093
0.3994627321015964

0.0001907984010893314
   0.3995627561434553

   7.373661833061402    -5.73660561513478  -0.1026285180265926  -0.3901856650898567   -1.144082432918382
   2.553484279082704   -1.239630632606423 -0.02302880334099744 -0.07087430981567544  -0.2199258668170069

-1.082979144579187e-07 -4.277803389191844e-08  7.451237632956633e-08 -0.0009065204094253467  -0.002788104448115991
 -3.03898920972726e-08  2.276114293687972e-08   8.83818107520748e-08 -0.0003435575633002695     0.1196890730595086

cov:
0.05366538589281608   0.053722816634262  0.0537887705092912 0.05383569148904199 0.05389093641383624
  0.053722816634262 0.05380440967798198 0.05389996102276719 0.05396686039412724  0.0540460477332188
 0.0537887705092912 0.05389996102276719   0.054032279564491 0.05412320441942207  0.0542317661049404
0.05383569148904199 0.05396686039412724 0.05412320441942207 0.05423141014009548 0.05435949942378619
0.05389093641383624  0.0540460477332188  0.0542317661049404 0.05435949942378619 0.05451175244099102

cov.inverse():
  26946189.2112926 -36924960.16648766  580037.3793266222  2432930.375706138  6967001.508367717
-36924960.16638348  51595389.09228597 -1981788.168833983 -4200341.677046914 -8489946.060196457
 580037.3793167233 -1981788.168838417  2093465.894123987 -120851.4184020283 -570773.6088604083
 2432930.375401999 -4200341.676610605 -120851.4184561089  3194290.889196631 -1305903.665062734
 6967001.508577558  -8489946.06052414 -570773.6088206602  -1305903.66498463  3399874.647636698

cov*(cov_.inverse()):
     0.999999999825377  1.164153218269348e-10                      0 -4.365574568510056e-11  5.820766091346741e-11
-2.328306436538696e-10      1.000000000232831 -7.275957614183426e-12                      0  -2.91038304567337e-11
-2.328306436538696e-10 -5.820766091346741e-11      1.000000000007276   2.91038304567337e-11                      0
-1.164153218269348e-10  5.238689482212067e-10  1.091393642127514e-11     0.9999999999563443                      0
 5.820766091346741e-11  2.328306436538696e-10  3.637978807091713e-12                      0      1.000000000029104
