5
2

 0.000114002279425392
0.0002846649328258488
0.0006692516526036509
  0.01406403431855037
   0.5161676669452026

-0.3552132021362442  0.7923666841368185 -0.4937741595419617 0.01154043043043806 0.04508344188555728
-0.4551926190874021  0.2783100046367054  0.7355415304874947 -0.1837692695356955 -0.3749009647225503
0.07784293298649241 0.07748295507988349   0.100376289214286 -0.8153057683384479  0.5595873248508868
-0.6795255633886407 -0.2986927727596735 0.07043650846404056  0.3175214412783748  0.5858723997649895
  0.445879745045543  0.4466291508201933  0.4473578379057509  0.4478306738962322  0.4483662643171242

0.3989052957216149
0.3990775255047972
0.3990678434213545
0.3990561472764352
0.3990493734924117

8.887166219475566e-05
   0.3991004081036838

   2.462853179429203    4.981254509973028   -6.543160258970644   -0.187558535622907  -0.7134762754347965
     1.2939152667178   0.7099593967956103  -0.8950948050194638 -0.02543606328149839 -0.08334791817873397

 8.147070010638134e-08  -3.44034854179363e-07  -1.45761538977371e-07 -0.0008109429682081388  -0.002162701846085264
 7.029244611758016e-09 -8.215642206349139e-08   1.79084521284018e-08 -0.0002395843280390422     0.1185156525188265

cov:
0.05305978259804837 0.05309758909707418 0.05313452959659956  0.0531574897202096 0.05318510162987684
0.05309758909707418 0.05316429316194893 0.05322919277041033 0.05327081266027019 0.05331873466125093
0.05313452959659956 0.05322919277041033 0.05332122364346413 0.05338092376868525 0.05344854923118467
 0.0531574897202096 0.05327081266027019 0.05338092376868525 0.05345320651535849  0.0535334650500261
0.05318510162987684 0.05331873466125093 0.05344854923118467  0.0535334650500261 0.05362889347056526

cov.inverse():
 12281292.95722471 -23205354.67314461  9380993.394194057  574082.9262551137  968977.6454992071
-23205354.67426217  49278404.86368831 -27560767.29517463 -69079.82649648412   1556960.39859339
 9380993.396351011 -27560767.29845195  25458846.16791535 -2289115.654777545  -4990182.17761391
 574082.9257971062 -69079.82547422197 -2289115.655407485  1911606.528622577 -127439.1454083923
 968977.6449177932  1556960.399730939 -4990182.178104355  -127439.145474081  2591717.167950868

cov*(cov_.inverse()):
    1.000000000218279 4.365574568510056e-10 2.328306436538696e-10 1.546140993013978e-11                     0
2.182787284255028e-11     1.000000000232831 1.164153218269348e-10 3.637978807091713e-12 -2.91038304567337e-11
1.964508555829525e-10  3.92901711165905e-10     1.000000000116415 3.637978807091713e-12                     0
1.891748979687691e-10 2.037268131971359e-10                     0     1.000000000020918                     0
1.527951098978519e-10 2.182787284255028e-10 1.746229827404022e-10 2.728484105318785e-12                     1
