5
2

5.695675230615887e-05
9.504690127287008e-05
0.0004138462268146337
  0.01199893183139823
   0.5519022188880816

-0.002873228329260041    0.2849392027441399   -0.8030069954111834     0.523426197976717 -0.002485133969118687
  -0.5041355318739067    0.7872327602919158    0.0523690809810492   -0.3509012678412894    0.0154183724809122
   0.3132624908220929  -0.03665109735966318    -0.381192858635325   -0.5599750209306725    0.6645624796551431
  -0.6700734138759211   -0.3135740270447105   0.08346336800681096    0.2979038876395099     0.597461370726056
    0.445766017010929    0.4465448000906522    0.4473959268972988    0.4478555181774292    0.4485005228803476

0.4164601209168454
0.4165409662461567
0.4165833260973282
0.4166734886042888
0.4167107492644357

-0.0001369508240434535
    0.4166274317769812

   1.593892450685025    4.838161804619017    1.091399566347445   -7.309940122152607  -0.2134891854696961
   1.092747580269278   0.7689992434698204   0.2122060554973019   -1.024294698648381 -0.04971361853165696

-1.079653885055226e-08  5.080811000208352e-08  6.606614773840395e-07 -0.0006909712860518512  -0.003137408500902686
-1.591034701567481e-09   3.83274036609576e-09  1.325247000787358e-07 -0.0001857976509740917     0.1353654913789764

cov:
0.06059013664605387 0.06066146133711641 0.06073870744600516 0.06078041452119428 0.06083915704710053
0.06066146133711641 0.06075130503371377 0.06084914274954404 0.06090197263433742 0.06097617388033452
0.06073870744600516 0.06084914274954404 0.06096992610008499 0.06103514178714786 0.06112656108215886
0.06078041452119428 0.06090197263433742 0.06103514178714786 0.06110705508661956 0.06120777210205907
0.06083915704710053 0.06097617388033452 0.06112656108215886 0.06120777210205907  0.0613217942588947

cov.inverse():
 28711814.30852879  -44249292.9529015  -2908849.38661409  18092756.53522925    354533.69589515
-44249292.97722241  93636816.38421865 -65886234.66755417  15515489.49636171   981792.699992525
-2908849.317779571 -65886234.77958265  199920853.0778136 -130351644.6004858 -774244.0234475835
 18092756.49108053  15515489.58568561 -130351644.6499354  99915483.58263902 -3171460.106158317
 354533.6955302099  981792.6983770612 -774244.0171942114 -3171460.110431298  2609355.945008487

cov*(cov_.inverse()):
    0.9999999997380655  5.020410753786564e-10  1.607986632734537e-09  2.619344741106033e-10  -2.91038304567337e-11
-5.165929906070232e-10     0.9999999996725819  2.328306436538696e-10 -9.604264050722122e-10  -2.91038304567337e-11
-3.274180926382542e-10 -8.003553375601768e-10     0.9999999995998223  1.746229827404022e-10  -2.91038304567337e-11
-1.164153218269348e-10  5.020410753786564e-10 -5.602487362921238e-10      1.000000000494765                      0
-8.003553375601768e-11  -3.41970007866621e-10  1.818989403545856e-10  6.984919309616089e-10                      1
