5
2

0.0001084513360388785
0.0005224110507986949
0.0007173419159824367
  0.01658374046207088
   0.5181295044229031

  0.5691759492059023  -0.7993731997047976  0.01677414334200688   0.0230881183161393   0.1903333742333045
  0.2813836858269437   0.2841278726691907  -0.3052822557201032  -0.7272169942574279   0.4669611985257036
  0.1765851121469391    0.131103260478923  -0.8395700916744873   0.4954019682944321  0.03644974945791172
 -0.6060890359087363  -0.2525414329735172 -0.04208464317454978    0.157365634622485   0.7364399806037384
  0.4453490079873034   0.4464399167745553   0.4470708181397569   0.4477000434506091   0.4494975155184112

0.3977317144724044
 0.397818518863547
 0.397797958438309
0.3977769460240701
0.3977342838237154

0.0003061731909918651
   0.3979122288258846

   3.923546428463856   -1.617071266468317 -0.08386107628217211  -0.2302923316424514   -1.992315344681926
    2.04836771101764  -0.6507174632900481 -0.02897469466531349 -0.06294394045447077  -0.3057298385580723

 3.693058323707241e-08 -2.529721551081568e-08  1.875833181623384e-07 -0.0009542033786266753  -0.002875771400558963
 1.912354558379222e-08  8.278707222315908e-08  1.329673335250803e-07 -0.0003605511442474919     0.1189736144020409

cov:
0.05334592071696479 0.05341740230778229 0.05345762296519434  0.0534996948255402 0.05361812327228324
0.05341740230778229 0.05352360291160299 0.05358448078325992 0.05364609837228392 0.05382136720809282
0.05345762296519434 0.05358448078325992 0.05365823421924335 0.05373090367568414 0.05394003248146597
 0.0534996948255402 0.05364609837228392 0.05373090367568414 0.05381558549323293 0.05405632906318459
0.05361812327228324 0.05382136720809282 0.05394003248146597 0.05405632906318459 0.05439065971461497

cov.inverse():
 27895813.77362327 -38345055.52404677  208966.2689393013  537158.8368358538  9703019.835968584
-38345055.52389747  54658143.31665289 -1671731.194486914 -2200190.221450838 -12441081.80342922
 208966.2687679652  -1671731.19425692  1735233.942706191  38092.11979677602 -310480.0743876604
  537158.836813412 -2200190.221416984  38092.11979239847  2460126.733590649 -835149.1517084331
 9703019.836013071 -12441081.80354378 -310480.0743246252 -835149.1517013976  3883602.851981271

cov*(cov_.inverse()):
     1.000000000232831 -2.328306436538696e-10  3.637978807091713e-12  1.455191522836685e-11   2.91038304567337e-11
  2.91038304567337e-10     0.9999999998835847  7.275957614183426e-12   2.91038304567337e-11   2.91038304567337e-11
-2.328306436538696e-10 -1.164153218269348e-10      0.999999999992724  2.182787284255028e-11 -8.731149137020111e-11
-1.164153218269348e-10  4.656612873077393e-10 -1.818989403545856e-11     0.9999999999781721 -8.731149137020111e-11
-2.328306436538696e-10                      0  3.637978807091713e-12 -7.275957614183426e-12     0.9999999998835847
