6
2

8.691714314282505e-05
0.0001494907842329603
0.0005074853842383541
 0.000670651570434892
  0.01501922201299413
   0.5694863850255024

   0.2019324382071244   -0.7493063256989017    0.6279084184806444 -0.003172516847423611  -0.02300286199880689  -0.05436121912899061
   0.6578030360439224   -0.3599646331790863   -0.6196850445431902   0.04295990781339972    0.0588904549109875    0.2199941700186378
 -0.07608727593843329     -0.11770590347655   -0.1381513444233197    0.1539307483434468    0.7678871329917201   -0.5898516156299388
   0.1496732004231658    0.1194878651922683    0.1163776154053621   -0.8947978766802868    0.3532561504505824    0.1559605265338862
  -0.5768661111176113   -0.3388530808473075   -0.1507122679585088   0.08348937004886574    0.3379914171428837    0.6391253544945023
   0.4068815620429647    0.4074457670496888    0.4078942663534679    0.4084311339127272    0.4090525977824577    0.4097774883481536

0.3989086594193477
 0.399017607003567
0.3990106817030546
0.3990062246276969
0.3989944545518054
 0.398990712391353

0.0001211616832794568
   0.3990522012649756

   3.753902353799228    3.598617581634521    -5.06747979826828  -0.1326525275143277  -0.5817948063494893   -1.570633920769039
   1.878141552513342   0.7693638506000953   -1.256866583244011 -0.02678609493360423  -0.1177454941228135  -0.2461401205213916

-3.793280492936614e-08  8.779668114493819e-08    1.1593106175541e-07  3.163086757693384e-08 -0.0008645733733041578   -0.00296271978168104
-7.329875974819081e-09  3.743497329181391e-08 -2.363158623865098e-09  7.679956918737957e-08 -0.0003054448384217009     0.1313537898356105

cov:
 0.0537662385011393 0.05380969996228242 0.05384439902872638 0.05388470168385041 0.05393366303362871 0.05399014768206207
0.05380969996228242  0.0538660744864863 0.05391095322246565 0.05396392852448819 0.05402664412915313 0.05409944317386314
0.05384439902872638 0.05391095322246565 0.05396389788561672 0.05402688031731347 0.05410048216888095 0.05418617301472593
0.05388470168385041 0.05396392852448819 0.05402688031731347 0.05410282389256214 0.05418945832194826 0.05429117457263433
0.05393366303362871 0.05402664412915313 0.05410048216888095 0.05418945832194826 0.05429162659463371 0.05441045161807462
0.05399014768206207 0.05409944317386314 0.05418617301472593 0.05429117457263433 0.05441045161807462 0.05455039561588067

cov.inverse():
 24833935.39133492 -30549012.67065531 -1376779.615303618  836277.1256676674  1008419.832210092  5247040.007378911
-30549012.66118712  80204595.72957671 -52203530.51399353 -685504.3255980972  1075354.809167522  2158326.542642819
-1376779.626945825 -52203530.49973834  69477213.56324874 -1769098.300470435 -3865646.934379787 -10262287.21361613
 836277.1253831384 -685504.3248083938 -1769098.301025991  1956098.962815221 -120827.1873771085 -216850.9489760869
 1008419.832522029  1075354.808550857 -3865646.934067311 -120827.1874185581   2792724.77448352 -889998.7655148151
 5247040.009525504  2158326.537682886 -10262287.21076017 -216850.9489850221 -889998.7655485129  3963686.541674473

cov*(cov_.inverse()):
     1.000000000116415  8.731149137020111e-11  2.328306436538696e-10 -1.818989403545856e-11  7.275957614183426e-12  -2.91038304567337e-11
                     0     0.9999999998835847  1.164153218269348e-10 -5.456968210637569e-12  4.365574568510056e-11                      0
                     0  -4.94765117764473e-10      1.000000000116415 -1.455191522836685e-11                      0  -2.91038304567337e-11
                     0  7.275957614183426e-11 -1.164153218269348e-10      1.000000000012733  1.455191522836685e-11   2.91038304567337e-11
-2.328306436538696e-10  3.492459654808044e-10 -3.492459654808044e-10 -1.455191522836685e-11      1.000000000007276 -5.820766091346741e-11
 3.492459654808044e-10 -5.820766091346741e-10 -1.164153218269348e-10  1.455191522836685e-11                      0                      1
