6
2

3.663208758442188e-05
6.189212707977372e-05
9.753939260126776e-05
 0.000239685535287329
  0.02295729744253974
   0.5691706566468576

-0.003289739995287323   0.02257471280304384   -0.4462846247572149    0.8063621648920989   -0.3873320838098582  0.007969287294090943
  0.05138920072693319   -0.6174512338865383    0.6683225350574979     0.220592210314388    -0.346736870475882   0.02389000536128696
  -0.6550566084591314    0.5547292820106949    0.3739882214461216   0.02173741723221142   -0.3467059231227508   0.05129874440139178
   0.3010746768484764   0.06789466528223435   -0.1509026092258046   -0.3525051813646931   -0.5446167939935436    0.6790474215597037
  -0.5592820555465206   -0.3748149635125421   -0.1593703286908142   0.09692687072497562    0.3807807827340668     0.605747142820854
   0.4059640238711739    0.4067232933421145    0.4075994773316375    0.4086464233462979    0.4098059852861244    0.4107300757969798

0.3982696909963504
0.3983392760844693
 0.398374513592749
0.3984002798090626
 0.398416087978647
0.3984635755406378

-2.664519535471524e-05
    0.3984484963772345

   0.3348021802855637   -0.4885786973147285     1.746488168166549     5.597312793377311    -7.029852340533121   -0.1601507038110246
   0.8598165389236065    0.2379423833427292   0.06830314835585627    0.8434601541297502    -1.003588601245287 -0.005945811162493375

  8.64661025379201e-09  1.974502062194889e-08  2.581672110519301e-08   8.90934669945141e-08  -0.001324853249289154  -0.003324899727555542
 1.396752755833581e-09  1.826507728617852e-09 -3.778038053394547e-10  2.929484844783367e-08 -0.0004663990897558061      0.131081960480534

cov:
0.05355488692828323 0.05360035591572023 0.05365207909924193 0.05371421911747307  0.0537830472893181  0.0538382853693225
0.05360035591572023 0.05366396451196748 0.05373684650928379 0.05382416137056591 0.05392087108677757 0.05399819518921765
0.05365207909924193 0.05373684650928379 0.05383445007414978  0.0539511641330328 0.05408043486403286 0.05418355112157138
0.05371421911747307 0.05382416137056591  0.0539511641330328 0.05410285984067599 0.05427086876512642 0.05440467102245174
 0.0537830472893181 0.05392087108677757 0.05408043486403286 0.05427086876512642 0.05448178484720557 0.05464957323704589
 0.0538382853693225 0.05399819518921765 0.05418355112157138 0.05440467102245174 0.05464957323704589  0.0548443998270324

cov.inverse():
 47378091.91897434 -46176845.73564934 -16480790.93582237 -2361664.047039922  17314902.90912653  326968.2126154583
-46176845.73888302  132330431.0828894 -93605205.69655795 -21140681.42999609  28514386.39657659  76452.10953419925
-16480790.95008115 -93605205.58622037  280121252.9724215 -227908644.0587476  56123840.85458589  1750339.322689651
 -2361664.01085244 -21140681.65557581 -227908643.8155203   499463892.138374 -250167958.1582699  2115250.792729787
 17314902.88986995    28514386.514773  56123840.71156645 -250167958.1269043  160983836.4206692 -12769062.70092154
 326968.2131772573  76452.10334605629  1750339.318561919  2115250.815196608 -12769062.71363422  8499938.392295608

cov*(cov_.inverse()):
      1.00000000003638  2.129127096850425e-09   3.92901711165905e-10 -7.712515071034431e-10  2.561137080192566e-09                      0
-5.238689482212067e-10      1.000000002001798 -1.644366420805454e-09 -8.003553375601768e-10  8.149072527885437e-10 -5.820766091346741e-11
 2.546585164964199e-11  1.605258148629218e-09     0.9999999999272404 -3.972672857344151e-09  2.444721758365631e-09                      0
-2.146407496184111e-10  1.543412508908659e-09  -1.29512045532465e-09     0.9999999967549229  1.629814505577087e-09                      0
-9.094947017729282e-11  1.477019395679235e-09 -8.440110832452774e-10  -3.14321368932724e-09      1.000000000698492                      0
 1.055013854056597e-10  1.159605744760484e-09 -3.346940502524376e-10  -3.92901711165905e-10  1.164153218269348e-09                      1
