7
2

5.770331875734077e-05
0.0001752161635663603
0.0003159119430648034
 0.000341244877176244
0.0004122249903130469
  0.02241441283858288
   0.6833154731323678

 -0.09743666046691313     0.732807915135673   -0.6728740320434663 0.0007856696302620536 -0.000848108833314043   0.01475168284784514   0.02280887987007647
  -0.5793351459909105     0.483989442061005    0.6024798077872604  -0.09365408999799285   -0.1144674013069665   -0.1329009868735304   -0.1661521680704579
 -0.06949475681410479  -0.03010706197308911  -0.02916826351607731    0.4185131354517356    0.1965404154603086   -0.8181798178315194    0.3319844307138242
  -0.2380628491180682   -0.1149257259247311   -0.1097695299202424    0.3296455415089515     0.647304136512751    0.1023750136168868   -0.6163759697581054
   0.1206260890150379   0.06397736231040532   0.05028889450187759   -0.7513883893121295    0.5973882553955251   -0.2049235050645766    0.1240015671069566
  -0.6617565360996086   -0.2616202713916805   -0.1626086404720493 -0.003268822543836956    0.1704733974881713    0.3410818511707415    0.5672590738984967
   0.3753679235633569    0.3769537803720167    0.3773432628898404    0.3779069591494822    0.3785918749232984    0.3793288621965259    0.3802380414263822

0.4217708368119748
0.4218520836378439
0.4219300383985121
0.4219431473941773
0.4218905023190348
0.4219190447620706
0.4219023990308143

0.0001430340941873053
   0.4219784229376192

   1.591906182720544    3.022736070341404   -2.340145309753664  0.03138294192154587  -0.1513232750460493  -0.6394577535987125   -1.515072901898221
   1.820380903017239   -1.248866828413164   0.2901152604446167  0.05453249123185241   0.4788603599647067  -0.3803859013994709 -0.01432447314177682

 1.195605896004653e-08  -1.59049754895888e-08 -1.295139282452089e-08  3.624980440298058e-08  1.646918122216511e-08  -0.001289766872463974  -0.004734020495339613
-4.308808944421813e-09 -4.578235717599694e-08  3.253862535139034e-08 -2.777521553601361e-09  8.080825197079995e-08  -0.000493115940262408     0.1747137055930703

cov:
0.06600957074939458 0.06615446131475772  0.0661898041539888 0.06623560606838166 0.06629790567486063 0.06637035884119573 0.06645452982908681
0.06615446131475772 0.06638100535180745 0.06643654117155356 0.06651478761454908 0.06661251193536022 0.06671980373709004 0.06685010652168025
 0.0661898041539888 0.06643654117155356 0.06649708010412125 0.06658335174882443 0.06668984022883667 0.06680575411257256 0.06694747195643383
0.06623560606838166 0.06651478761454908 0.06658335174882443 0.06668269551802332 0.06680309593665526 0.06693289806680075 0.06709293196262259
0.06629790567486063 0.06661251193536022 0.06668984022883667 0.06680309593665526 0.06693920701338575 0.06708395554006737 0.06726404634540047
0.06637035884119573 0.06671980373709004 0.06680575411257256 0.06693289806680075 0.06708395554006737 0.06724382806058952 0.06744350274613187
0.06645452982908681 0.06685010652168025 0.06694747195643383 0.06709293196262259 0.06726404634540047 0.06744350274613187  0.0676694751359294

cov.inverse():
 14405178.59060957  -30275663.3908603  8601988.436388418  245581.1975290304  1148516.641418832  2290738.097081326  3584105.417302898
-30275663.36766163  169056044.5820765 -138454736.6236396  -2038002.62565244 -2464515.484077756  1219913.351147751  2955078.470094766
 8601988.409436744 -138454736.5821302  147927334.9147536 -2652088.579345309 -2565839.099355388 -5507302.079411861  -7349420.83666107
 245581.1972052425 -2038002.622614344 -2652088.582340674  6296555.905319066   364081.863440704 -1826208.638376084 -388753.9176256628
 1148516.641631421 -2464515.486377058 -2565839.096965839  364081.8633713388  6512435.539825242 -1270726.045280699 -1722673.916778917
 2290738.099480013  1219913.339623776 -5507302.070374626 -1826208.638545941 -1270726.045015567  7685605.580767407 -2592388.996244072
 3584105.418768295  2955078.462569227 -7349420.830534532  -388753.917667496 -1722673.916810576 -2592388.996236941  5513494.030319663

cov*(cov_.inverse()):
    0.9999999999417923 -1.280568540096283e-09                      0  6.184563972055912e-11 -7.275957614183426e-11 -1.455191522836685e-10 -1.164153218269348e-10
-1.455191522836685e-10     0.9999999997962732 -2.677552402019501e-09  8.003553375601768e-11  -1.01863406598568e-10   2.91038304567337e-11  5.820766091346741e-11
  2.91038304567337e-11 -2.328306436538696e-10      1.000000000407454  1.091393642127514e-10 -1.455191522836685e-11   2.91038304567337e-11                      0
 1.746229827404022e-10 -1.076841726899147e-09 -4.074536263942719e-10      1.000000000065484  -1.01863406598568e-10  1.164153218269348e-10 -5.820766091346741e-11
 1.164153218269348e-10 -1.775333657860756e-09 -7.566995918750763e-10  7.639755494892597e-11     0.9999999998399289  5.820766091346741e-11                      0
-1.455191522836685e-10  1.396983861923218e-09 -2.444721758365631e-09  1.455191522836685e-10                      0      1.000000000029104 -5.820766091346741e-11
 -2.91038304567337e-11 -8.149072527885437e-10 -5.820766091346741e-11  4.365574568510056e-11 -4.365574568510056e-11  5.820766091346741e-11                      1
