6
2

 5.79079157747222e-05
0.0001799867572218049
0.0003408527701477964
0.0004070913148400069
  0.02082236414261411
   0.6323106324204756

   0.1032271685171916   -0.7370792894166923     0.667280608299289 -0.004262433232740511  -0.00132425729650323  -0.02783775469011674
   0.5668821356791039   -0.4747573317660309   -0.6014560797966176    0.1379686294830619    0.1439241026159691    0.2274889320884318
  -0.2482186885981551   -0.1169828651312087    -0.110872722402622     0.387754119626704    0.6599466396100705   -0.5714253292454164
   0.1347605644776489   0.05650887871496945   0.03835551234787844   -0.8126623034756179    0.5624342936579918   0.02056301018122342
  -0.6508146276501294    -0.220090386568156   -0.1135368250973779   0.05798766100829739    0.2450062984701056    0.6721006445499625
   0.4057784977752298    0.4074329081943833     0.407839009058459    0.4084245870837251    0.4091382540457327    0.4108586429608819

 0.421854969861868
0.4219412566762483
0.4220204897982985
0.4220357651096877
0.4219845943178017
0.4220018890215909

0.0001104356498309552
   0.4220582011394302

   1.788018845559056     3.11269894449056   -2.790676289314376  -0.1210202528846289   -0.263310566832388   -1.725722740405081
   1.943436447201101   -1.240059300306199  0.06548497645391832 -0.03113670072731942   0.3998684363714264  -0.1373047551169988

-1.315507786950452e-08   2.48507704607104e-08  3.100656067512096e-08  3.721804591568714e-08  -0.001198081644045636   -0.00422895903191139
   3.8957600665104e-09  5.419916221853338e-08 -1.663031599356467e-09  7.320263156384987e-08 -0.0004315957453993194     0.1617429487607357

cov:
0.06601596387329312 0.06616280627163679  0.0661986217779625 0.06624520438824084 0.06630823872676798  0.0664668594299566
0.06616280627163679  0.0663912210564707 0.06644720465098077 0.06652620228567402 0.06662462042780541 0.06686412425302925
 0.0661986217779625 0.06644720465098077 0.06650818399156368 0.06659519759803607 0.06670236764498745 0.06696188221681565
0.06624520438824084 0.06652620228567402 0.06659519759803607 0.06669527237038915 0.06681633967869278 0.06710802634334165
0.06630823872676798 0.06662462042780541 0.06670236764498745 0.06681633967869278 0.06695309715675553 0.06727974360045627
 0.0664668594299566 0.06686412425302925 0.06696188221681565 0.06710802634334165 0.06727974360045627 0.06768688592450618

cov.inverse():
 13738406.10527345 -30701422.25844218  10284636.42443742  793743.0851910554  1524769.277070285  4360427.731799914
-30701422.25620851  169108818.2278912 -137732665.3141123 -1752611.460472299 -2290998.935722879  3367043.840659686
 10284636.42203891 -137732665.3104742  144064054.8093771 -3967875.011291851 -3435325.386372351 -9213152.971540449
 793743.0854199308 -1752611.463438859 -3967875.008038261  5872232.544828639  59231.60255217779 -1003642.328962431
 1524769.276488191 -2290998.931232912 -3435325.390879708  59231.60304930803  6297607.686592481 -2154058.030561983
 4360427.732317809  3367043.837732261 -9213152.969047353 -1003642.328943584 -2154058.030664396  4642695.743057432

cov*(cov_.inverse()):
     1.000000000232831    2.5902409106493e-09  2.211891114711761e-09 -4.365574568510056e-11 -5.820766091346741e-11                      0
                     0      1.000000004045432 -4.656612873077393e-10  1.455191522836685e-11  -2.91038304567337e-11 -5.820766091346741e-11
 4.656612873077393e-10 -4.656612873077393e-10      1.000000002561137  1.455191522836685e-11  5.820766091346741e-11                      0
-1.746229827404022e-10  3.172317519783974e-09 -1.862645149230957e-09     0.9999999999854481 -1.164153218269348e-10                      0
 1.746229827404022e-10  1.280568540096283e-09  3.492459654808044e-10  1.455191522836685e-11     0.9999999999708962                      0
 1.164153218269348e-10  1.717125996947289e-09 -2.328306436538696e-10 -1.455191522836685e-11  -2.91038304567337e-11                      1
