6
2

 5.56085959590605e-05
8.765814275527084e-05
0.0001947205482906843
0.0004359087072279647
  0.02078281601593808
   0.6052455160993414

-0.006253418114406734    0.2483815842560348   -0.7855291337586814    0.5664638834815982 -0.005863918320952863  -0.01719728331905378
   0.3943452386018703   -0.8006489982132613    0.0629486363779715    0.4403100928392531  -0.02703570405783724  -0.06990405195891754
  -0.6067183719444367   0.07451494301014695    0.4374924737438657    0.5559465192443719   -0.1318922531028456   -0.3293456803152015
  0.01725756115082052   0.04571968202344238   0.07814457063273904   0.09746604115819554   -0.8097908904181839    0.5711780790227333
  -0.5577917173787863   -0.3522187935334261   -0.1232582734773453   0.00046847313971498    0.3976953014000413    0.6256644046948121
   0.4060986595714922     0.406899159114751     0.407777646165127    0.4082515277972257    0.4097758897001291    0.4106686676210801

0.4164101482628625
0.4164975959227738
0.4165482391992447
0.4166423216760681
0.4166751288101179
0.4167000828215887

-0.0002295359349848435
    0.4165656008478197

   0.9470594948268947      3.14511753725929    0.9045863352740142    -3.212340244356307   -0.4254716553027345    -1.358882684579544
    1.043191193570785    0.7574115646741717    -0.122443618843092   -0.5448526791222416 -0.009820318684767654   -0.1235558929356907

-5.346993729615491e-09 -2.609204955771573e-08 -4.651247557948073e-08 -9.764729947800752e-08  -0.001195762561446194  -0.003892546705419614
-8.865777979942082e-11 -3.332933026769643e-09 -3.378225480304497e-08 -1.380685751784173e-08 -0.0003952252004649892     0.1482495792497225

cov:
0.06054682647531102 0.06061636438692558 0.06069188290205395 0.06073256858045001 0.06086364691476783  0.0609415447862283
0.06061636438692558 0.06070441922805862 0.06080052606117736 0.06085233743167235  0.0610191145726299 0.06111751886882835
0.06069188290205395 0.06080052606117736 0.06091957262393346 0.06098377224201632 0.06119030690877452 0.06131154879966848
0.06073256858045001 0.06085233743167235 0.06098377224201632 0.06105467351996521 0.06128269072921808 0.06141627444720058
0.06086364691476783  0.0610191145726299 0.06119030690877452 0.06128269072921808 0.06157988933872483 0.06175285204393833
 0.0609415447862283 0.06111751886882835 0.06131154879966848 0.06141627444720058 0.06175285204393833 0.06194891772267615

cov.inverse():
 29961453.01521444 -42779859.21714174 -2174229.470688001  12564282.62324973  660797.0119439518   1768383.89615046
-42779859.20875407  103533970.3562018 -68775825.03989731  736402.2906419903  1891682.812539442  5392181.018448639
-2174229.489089531 -68775824.98807682  205140787.8590622  -133834686.351277 -586865.3851931167  230475.3484163892
 12564282.63203242  736402.2438754007 -133834686.3023658  137199805.1063971  -4972639.04454149 -11692023.66084945
 660797.0123323447  1891682.814095365 -586865.3925728945 -4972639.038870035   4016478.88209077  -1009402.41015314
 1768383.896993221  5392181.020226016  230475.3403049949 -11692023.65559412 -1009402.409917182  5310172.504389646

cov*(cov_.inverse()):
     1.000000000101863 -3.492459654808044e-10  1.193257048726082e-09  8.149072527885437e-10  7.275957614183426e-12 -5.820766091346741e-11
  2.91038304567337e-11      1.000000000174623  7.767084753140807e-10  2.328306436538696e-10 -3.637978807091713e-11 -1.164153218269348e-10
  2.91038304567337e-11  6.402842700481415e-10     0.9999999989340722  8.149072527885437e-10  1.455191522836685e-11                      0
-5.820766091346741e-11 -1.746229827404022e-10  9.058567229658365e-10      1.000000000814907 -8.003553375601768e-11                      0
 2.182787284255028e-10  5.820766091346741e-11  1.153239281848073e-09  3.492459654808044e-10     0.9999999999781721 -5.820766091346741e-11
  1.01863406598568e-10  1.164153218269348e-10  2.710294211283326e-10 -1.164153218269348e-10 -1.455191522836685e-11     0.9999999999417923
