7
2

5.439348270316649e-05
 0.000109305933954771
0.0003147649114313324
0.0003359980963439435
0.0004108309334328619
  0.01975073088290368
   0.6838996351232663

  -0.2398848168547803    0.7930598096712786   -0.5598455869505718 0.0003354895316372772 -0.004760645221190313  0.005482467408905164  0.005612303772593349
   0.6504621735893197   -0.2853808461417787   -0.6810914591537556    0.0341559616261032   0.05084718352452561    0.0916923923037142     0.139325507568821
 -0.08074313630329157  -0.06025821903262526  -0.05750101277474758       0.4472911443697    0.2535673206840936   -0.7970411930456033     0.294792654499359
  -0.2105311334096688   -0.1721440839512105   -0.1627835093080484    0.3297780840172689    0.6181500037990558    0.2036882189297788   -0.6059642587624587
   0.1057900809145875   0.08195167638595779   0.06381043266863386   -0.7389684354434614      0.61755851136697   -0.2101635418260767   0.07999395192032586
  -0.5620444961863365     -0.32803352174558   -0.2156252297411166   -0.0347052742610112    0.1623793220054478    0.3561462023722628    0.6128573532856274
   0.3760663056747933    0.3768649674457625    0.3772485846875313    0.3777982273108548    0.3784713036575974      0.37919660075655    0.3800899171546707

0.4225550499389806
 0.422564639117144
0.4226373525435765
0.4226406702713996
0.4225788836675915
0.4225952386491212
 0.422565354511161

0.0002917989377436721
    0.422733247381924

   3.524764888159871    1.224835219682548     -2.6187678736572  0.01811445105406136  -0.1549197804347817  -0.5833012393748357   -1.410709382439571
   2.896582572975159   -1.199874341904504  -0.8230000149200389  0.09211226067349312   0.5102770730886574  -0.4815097177679855 0.005467898102829827

  4.67929578734398e-09  4.145298563877706e-08  -1.88203564971803e-08   1.35032586978262e-08  3.491090584722576e-08  -0.001137614829841488   -0.00465615013333159
-3.522785489941089e-09   3.31285878588663e-08  4.376546187616695e-08 -2.809446110705592e-09  8.511224833042642e-08 -0.0004468203578255187     0.1749536609702836

cov:
0.06627076415338626 0.06635992725439122 0.06640275488062462 0.06645974192197264 0.06653494001405917 0.06662003552455494  0.0667208963192415
0.06635992725439122 0.06647076446594499 0.06652399706640251 0.06659770492781089 0.06669114064106811  0.0667941941999917 0.06691881974698548
0.06640275488062462 0.06652399706640251 0.06658223489772912 0.06666397212176253 0.06676616670337449 0.06687784855574576 0.06701388937130565
0.06645974192197264 0.06659770492781089 0.06666397212176253 0.06675878757885068 0.06687488717975168 0.06700046757481214 0.06715482618823064
0.06653494001405917 0.06669114064106811 0.06676616670337449 0.06687488717975168 0.06700667442967004  0.0671471973141175 0.06732159249112925
0.06662003552455494  0.0667941941999917 0.06687784855574576 0.06700046757481214  0.0671471973141175 0.06730285686955466 0.06749684278290781
 0.0667208963192415 0.06691881974698548 0.06701388937130565 0.06715482618823064 0.06732159249112925 0.06749684278290781 0.06771711555717393

cov.inverse():
 55387680.27386776 -79415346.26107125  8702497.826005874  389689.1390743592  2181657.841762745  4684873.945293234  8069170.561795358
-79415346.34975334  219733638.0696524 -133482691.3350383 -1859578.201255512 -3287667.518980269 -648744.6230655045  -1040496.77849651
 8702497.933956221 -133482691.4804934  145054209.2404333 -3025025.281690042 -2802840.998106273 -6175169.802981331 -8271760.931747794
 389689.1359478869 -1859578.195717657 -3025025.283479195  6315718.725266726  391422.6613362556 -1820448.672780513 -390574.4172334874
 2181657.834903141  -3287667.49348896 -2802841.017808205  391422.6614594577   6517320.99544421 -1311999.096300033 -1686613.660972829
 4684873.941865024 -648744.6182141744 -6175169.802954647  -1820448.67278257 -1311999.097537975  7755294.529222506 -2484212.886845658
  8069170.55593982 -1040496.757599225 -8271760.947791378  -390574.416732398 -1686613.660681957 -2484212.886635641   5803870.91245007

cov*(cov_.inverse()):
                     1  6.257323548197746e-10 -5.820766091346741e-10  7.275957614183426e-12 -1.455191522836685e-11                      0  5.820766091346741e-11
 1.164153218269348e-10     0.9999999989813659  4.656612873077393e-10 -1.455191522836685e-11 -7.275957614183426e-11  8.731149137020111e-11                      0
 9.313225746154785e-10 -3.201421350240707e-10     0.9999999988358468  7.275957614183426e-12  5.820766091346741e-11  1.455191522836685e-10  1.746229827404022e-10
 3.492459654808044e-10 -2.386514097452164e-09  1.862645149230957e-09       1.00000000005457 -7.275957614183426e-11 -5.820766091346741e-11  5.820766091346741e-11
-2.328306436538696e-10  1.455191522836685e-11 -2.328306436538696e-10 -4.001776687800884e-11     0.9999999999854481  1.455191522836685e-10 -5.820766091346741e-11
 4.656612873077393e-10 -1.818989403545856e-09  1.513399183750153e-09 -2.182787284255028e-11 -1.164153218269348e-10     0.9999999999126885 -5.820766091346741e-11
-1.164153218269348e-10  -3.92901711165905e-10 -4.656612873077393e-10 -3.637978807091713e-12                      0   2.91038304567337e-11                      1
