5
2

7.702353545264641e-05
0.0001711496691299313
0.0004911995665499672
  0.01962556208645313
   0.5243185259019906

-0.3321536857673368  0.7869168515130996 -0.5177773465354253 0.01814654263579694  0.0448678085155175
-0.6055801068561701  0.2314479948176761  0.7160616683106179 -0.1057668995729619 -0.2361643707375957
0.05028574777801846 0.06894623514152549 0.09524192968387678 -0.8002914404948055   0.585815965411541
-0.5674573024909731 -0.3513175006671582 -0.1018569657321143  0.3833244986678621  0.6302822469557027
 0.4454326173859712  0.4461122335067469  0.4468964532784832  0.4484194520054541  0.4491961860863752

0.4020062811918476
0.4020631788422643
0.4020869257130054
0.4021567042086013
0.4021452056702845

0.0001257237473801554
   0.4022055354524965

   1.985463353154729    4.160538818839751   -4.687619714316809  -0.3627531189767797   -1.095583062900914
   1.095387124536734   0.8339154354762879  -0.7378971611564464 -0.04539651726464675  -0.1460243561753728

 2.957961333566942e-08 -9.663290619348286e-08 -9.922898031282155e-08   -0.00113255076442842  -0.002534809548130564
 3.957512295082663e-09 -2.810380292293654e-08 -1.668192692963795e-09 -0.0003654549524889448      0.122122446543927

cov:
0.05466897350014244 0.05470493803420911 0.05474644011553585 0.05482689691992054 0.05486805415139399
0.05470493803420911 0.05475905099881088 0.05482147027368329 0.05494258186626393 0.05500444642080942
0.05474644011553585 0.05482147027368329 0.05490804465226365 0.05507608072895766 0.05516184788995122
0.05482689691992054 0.05494258186626393 0.05507608072895766 0.05533563715570981 0.05546758318311294
0.05486805415139399 0.05500444642080942 0.05516184788995122 0.05546758318311294 0.05562364948616726

cov.inverse():
 31127436.55900133 -48827631.54217537  14205446.19526779  1003260.616597869  2491527.716101667
-48827631.53515385   106227212.229416  -62993999.4064375  1342260.733082276  4252176.622841057
 14205446.18533166 -62993999.39396132  62731756.11991882 -4485291.942206198 -9457962.862114694
 1003260.618147011  1342260.730149015 -4485291.940807865  3092272.104296613 -952492.9632833472
 2491527.717467174  4252176.620319596 -9457962.860972952 -952492.9632691343  3666754.958286292

cov*(cov_.inverse()):
     1.000000000291038 -4.365574568510056e-10  5.820766091346741e-11 -4.365574568510056e-11 -5.820766091346741e-11
-2.037268131971359e-10      1.000000000203727 -1.746229827404022e-10  7.275957614183426e-12 -5.820766091346741e-11
-8.731149137020111e-11 -1.455191522836685e-10     0.9999999997089617  7.275957614183426e-12  -2.91038304567337e-11
 1.455191522836685e-10  3.201421350240707e-10 -2.328306436538696e-10     0.9999999999563443 -8.731149137020111e-11
  2.91038304567337e-11 -8.731149137020111e-11 -2.328306436538696e-10 -2.182787284255028e-11     0.9999999999708962
