5
2

0.0001651510921495516
0.0003644347610956147
0.0004815915123378989
  0.01745691021850606
   0.5314345160992308

 -0.4242234197824702   0.8524715584298255 -0.03480225516846373  -0.1109512131525198  -0.2824984309893851
  0.1334609565764802   0.1581392530114269  -0.1153995220359553  -0.7694088176725974   0.5931889844966843
  0.2014783513640853   0.1671936489123934  -0.8858377455765324   0.3392867192078036   0.1778447873176527
 -0.7513209904585685  -0.1444777309603053  0.02595143003126389   0.2819631447919424   0.5783305826353026
  0.4440111557221544   0.4466057408331584   0.4473139447192332   0.4484207920423439   0.4496959350194071

0.4061373264099062
0.4061619290091997
0.4062831044008237
0.4061944558377351
0.4061838803854783

0.0001677134402442853
    0.406289376543727

    4.615370731630636    -3.878908155659149   0.03048959221339026   -0.1053343423583902   -0.6616208568926613
    2.052494836607611    -1.022965371675953   0.03116877639939464 -0.009065142433526185  -0.05157615524710316

 -1.38203865764343e-07 -4.148741373680093e-08  2.341459738690644e-08  -0.001011369357081459   -0.00400770644824959
-4.713847252210986e-08  1.128117353968553e-08  4.699866336923883e-08 -0.0004345224721536126     0.1245913257899049

cov:
0.05585050772410752 0.05603690661488767 0.05608664922635492 0.05616687656366671 0.05625894017042074
0.05603690661488767 0.05633747608570443 0.05641923197703705 0.05654760051509725 0.05669540600895175
0.05608664922635492 0.05641923197703705 0.05651026972591575 0.05665188257372678 0.05681532969008214
0.05616687656366671 0.05654760051509725 0.05665188257372678 0.05681422000972204 0.05700102384470426
0.05625894017042074 0.05669540600895175 0.05681532969008214 0.05700102384470426 0.05721530708851367

cov.inverse():
 6909203.785616758 -12954517.05986492 -344253.5727529798  1246574.253390119  5143029.172153389
-12954517.05993825  26952735.86197367 -1863736.769083957 -4139438.913722712 -7995200.071396069
-344253.5726531135 -1863736.769252955  3528058.876521254 -485748.3439407464 -834165.2567257094
 1246574.253382925 -4139438.913736958 -485748.3439048577  5405264.604741228 -2026580.764698694
 5143029.172134049 -7995200.071286158 -834165.2568307297 -2026580.764684247  5712829.536031729

cov*(cov_.inverse()):
                     1 -1.746229827404022e-10  2.182787284255028e-11  1.455191522836685e-11 -5.820766091346741e-11
                     0      0.999999999825377  7.275957614183426e-12  4.365574568510056e-11 -1.164153218269348e-10
                     0 -2.328306436538696e-10      1.000000000014552   2.91038304567337e-11 -5.820766091346741e-11
                     0 -5.820766091346741e-11  4.365574568510056e-11                      1 -1.164153218269348e-10
 5.820766091346741e-11                      0 -7.275957614183426e-12 -4.365574568510056e-11     0.9999999999417923
