6
2

8.276315755236377e-05
0.0001097667812721738
0.0002573582802564914
0.0005742111578414984
  0.01600798726786994
   0.5565374031431891

  -0.1319898126791817    0.6975278328623109   -0.6922353383045707    0.1297306717648302 0.0006259165745394522 -0.003661852750526681
   0.4877567323154946   -0.4819294530240674   -0.4756908734619706    0.5478038392504853  -0.02431593726961254  -0.05362139676426218
  -0.4911862127327796   0.06342735323172177    0.2906093479159375     0.699838060802944   -0.1760312354413909   -0.3866509730851238
  0.04740485909376493   0.06519728001488805   0.07052177047915555   0.09342442067420492   -0.8243851074739422    0.5478958350802755
  -0.5791473747823778   -0.3267663943979784   -0.1968458930957214    0.1330592025000195    0.3486731454626312    0.6162678171131658
   0.4071231527044788    0.4076137064956904    0.4078639607406499    0.4085030249694573    0.4089469156021249    0.4094343575569491

0.3826606847248096
0.3826853458468293
0.3827866359672291
0.3827360919380385
0.3827154484792273
0.3826607842600097

0.0005333961107222784
   0.3829125081087778

   1.260497437459223    3.296574335003848    2.451991519284041   -6.158878748796322  -0.1247791982910864  -0.7254705840300231
   1.113351102383994   0.5632979232851174   0.2476037791838044  -0.8215757334014873 -0.00962972961848535 -0.09305956823194297

-2.470651030879911e-09 -6.593330233048224e-08 -2.454090979085027e-07  -1.39274957975001e-07 -0.0009225138988719668  -0.002166806294832766
-2.170267479724035e-10 -3.506744509698186e-09 -6.467491488288311e-08 -4.233050685117927e-09 -0.0002684602019179649     0.1258175010575849

cov:
0.05142413289052937 0.05144851162006448 0.05146078114994691 0.05149239821346094 0.05151638443191616 0.05153816524523112
0.05144851162006448 0.05148932390611657  0.0515100343524166  0.0515630926952747 0.05160105937911413 0.05164022131871625
0.05146078114994691  0.0515100343524166 0.05153510628007289 0.05159919609356881 0.05164436198539853 0.05169246997911119
0.05149239821346094  0.0515630926952747 0.05159919609356881 0.05169133110991396 0.05175477442521766 0.05182560563757434
0.05151638443191616 0.05160105937911413 0.05164436198539853 0.05175477442521766 0.05183052454978966 0.05191580514489884
0.05153816524523112 0.05164022131871625 0.05169246997911119 0.05182560563757434 0.05191580514489884 0.05202013286753522

cov.inverse():
 25939459.86436344 -33410592.67681165 -8062567.114540872  14499476.62760806  189718.1745714016  844648.1779689566
-33410592.68668947  90381583.10730062 -51172898.65066506 -8011902.011037119  704306.4724931254  1509151.387923789
-8062567.101241582 -51172898.67162851  90028221.04934165 -31647643.95578951 -52205.65756946956  907287.7322121136
 14499476.62478351 -8011902.001222101  -31647643.9630134  34784492.55247221 -3187081.221395453 -6437174.060515135
 189718.1740692282  704306.4743436774 -52205.65898930552  -3187081.22137536  2578636.387103659 -233548.0204541083
 844648.1778742839  1509151.387343724   907287.733191691  -6437174.06076861 -233548.0205054668  3409676.121903505

cov*(cov_.inverse()):
     1.000000000007276  1.455191522836685e-10  4.074536263942719e-10 -3.492459654808044e-10 -1.637090463191271e-11                      0
 2.037268131971359e-10     0.9999999999417923  3.055902197957039e-10 -3.492459654808044e-10 -9.094947017729282e-12   2.91038304567337e-11
 1.455191522836685e-10 -3.492459654808044e-10      1.000000000240107  -2.91038304567337e-10 -2.364686224609613e-11                      0
 1.600710675120354e-10  -1.01863406598568e-10  7.639755494892597e-10     0.9999999997089617 -3.819877747446299e-11  5.820766091346741e-11
 1.673470251262188e-10  5.820766091346741e-11  1.673470251262188e-10  -2.91038304567337e-10     0.9999999999872671   2.91038304567337e-11
 2.401066012680531e-10  2.037268131971359e-10 -1.382431946694851e-10 -1.164153218269348e-10  9.094947017729282e-12                      1
