5
2

0.0001454524619812517
 0.000493560716525612
 0.000662527637061514
  0.01402559117450127
   0.5186609128529557

 -0.5091392330390394   0.8287629912575156 -0.03843400084541224 -0.06022242199438612  -0.2209643255606172
  0.1453700849491106   0.1848678782439699  -0.1728344217633825  -0.7504391813345715    0.593009868186927
  0.2076430605737024   0.1504950495903167  -0.8765517303529311   0.3847599542302867   0.1336130273602992
 -0.6914716364222796  -0.2384923039244523  0.01683677323994991   0.2906803536239952   0.6166115893138865
  0.4454167881898795   0.4465964990157023   0.4472411847257374   0.4479721025295715   0.4488337887301756

0.3996360245979912
0.3997251420670399
 0.399711206167949
0.3996929364474286
0.3996809986804874

0.0002518381273473887
    0.399804142266023

   5.184800111428869   -2.766658177942979  -0.1490668106507105   -0.697202451845334   -1.571849120844825
   2.125469959294446  -0.6721119421654403 -0.03367302336384342  -0.1361885365650794  -0.2834959782429473

-9.600042381534644e-08 -3.432391787842752e-08  1.372175230681216e-07 -0.0008064832636657193  -0.002872453977840726
-3.315302540598385e-08  3.036087026309006e-08  1.226525171026576e-07 -0.0002998697801586592     0.1192372157367219

cov:
0.05346445538071418  0.0535441752842979  0.0535865943807484 0.05363701916071979 0.05369595925022894
 0.0535441752842979 0.05366467371394066 0.05373004725378124 0.05380506805968265 0.05389333963523561
 0.0535865943807484 0.05373004725378124 0.05380886725912611 0.05389725145006254 0.05400204232164298
0.05363701916071979 0.05380506805968265 0.05389725145006254 0.05400131084010638 0.05412350096901786
0.05369595925022894 0.05389333963523561 0.05400204232164298 0.05412350096901786 0.05426725623683765

cov.inverse():
 12440083.96949197 -19762222.36842566   407079.636931134  1182445.703832177  5732530.235482372
-19762222.36835401  32657417.69871636 -1937294.987255255 -2797036.697600804 -8160768.446161297
 407079.6368016715 -1937294.987050257  1942888.240404795 -126488.8175779712  -286086.883674688
 1182445.703882686 -2797036.697690913 -126488.8175596736  2820918.388160091 -1079808.273164032
 5732530.235489667 -8160768.446204525 -286086.8836174507 -1079808.273185335  3794012.264938685

cov*(cov_.inverse()):
    0.9999999999417923 -5.820766091346741e-11  1.818989403545856e-12 -1.455191522836685e-11                      0
-2.328306436538696e-10      1.000000000116415 -1.091393642127514e-11 -1.455191522836685e-11                      0
-1.164153218269348e-10  2.328306436538696e-10      1.000000000007276 -2.182787284255028e-11   2.91038304567337e-11
-1.164153218269348e-10 -1.164153218269348e-10  1.818989403545856e-12     0.9999999999854481  8.731149137020111e-11
                     0  1.746229827404022e-10  3.637978807091713e-12                      0      1.000000000058208
