5
2

0.0001389288132707768
0.0003384340289546398
0.0004065997673049233
   0.0206613087211478
    0.577136947226645

  -0.48410183032968  0.8489873463337525 -0.1097100435675545 -0.1161773962004724  -0.139041082378956
-0.2938229633004243 -0.1285122622882075  0.3767801297491599  0.6369363135336473 -0.5911865450154442
 0.1458555142192668 0.06147855713611774 -0.8028996525711065  0.5743249160351088 0.02120364843031033
-0.6786569884227405 -0.2445800941189818 0.03546990150747953  0.2239607157551988  0.6543613325305798
 0.4443696042098532  0.4462130083042762  0.4473192083455147  0.4481154245659595  0.4500307747095064

0.4218084109304214
0.4218871111618956
0.4219761419503966
0.4219222489995804
0.4219318737631187

0.0001575540672224658
   0.4220177447949888

   1.980877468720846   0.4456011917115122  -0.1873729381925212  -0.3258126701193035   -1.913307677134616
   1.927363853596033    -1.16002247450031 -0.03191302345332137   0.4037006105470333  -0.1388439307718569

-4.944961745210317e-09  2.447770613030507e-08  3.952337044275858e-08  -0.001188858476641117  -0.003927012635247503
-3.748256353658019e-08 -1.031257501427764e-08  7.676533061711265e-08 -0.0004379348150488421     0.1475542066004713

cov:
0.06596945013428429 0.06611652211830905 0.06619909230900022 0.06626235979543281  0.0664211941064161
0.06611652211830905 0.06634520031325593 0.06648034077289661 0.06657901059827616 0.06681875933708312
0.06619909230900022 0.06648034077289661 0.06664953943255901 0.06677085516279689 0.06706277260933452
0.06626235979543281 0.06657901059827616 0.06677085516279689 0.06690787025900879 0.06723476523540237
 0.0664211941064161 0.06681875933708312 0.06706277260933452 0.06723476523540237 0.06764218455523162

cov.inverse():
 13025462.82507575 -20909505.19859746   1076721.35064703  1786301.940717113  5021583.684797201
-20909505.19886056  37510932.21783552 -5547072.949905256 -5611406.538332157 -5445062.991094913
 1076721.352106655 -5547072.952481383  5762368.080260533 -33598.55143351587 -1257351.095161251
 1786301.939167613 -5611406.535442448 -33598.55229364414  6236548.130763188 -2376634.099498498
 5021583.685150141 -5445062.991671507 -1257351.095417792 -2376634.099018258  4056753.297474758

cov*(cov_.inverse()):
                     1                      0                      0  5.820766091346741e-11  5.820766091346741e-11
-1.164153218269348e-10      1.000000000058208  5.820766091346741e-11  -2.91038304567337e-11                      0
 1.746229827404022e-10 -5.820766091346741e-11     0.9999999999708962   2.91038304567337e-11  5.820766091346741e-11
-5.820766091346741e-11  5.820766091346741e-11 -5.820766091346741e-11                      1                      0
                     0  1.746229827404022e-10  -2.91038304567337e-11  -2.91038304567337e-11      1.000000000058208
