5
2

0.0001301613600789351
0.0004646226151269252
0.0006434605992037141
  0.01999641116236419
   0.5190699087598132

  -0.620634985382051   0.7778821100341579  -0.0255782681651683 -0.05192607387307744  -0.0797563342840342
  0.1144955511822341   0.1054310881474574    -0.15543169151709  -0.7212880484368041   0.6567797156321765
  0.1347877877750902   0.1267219938529771  -0.8707577449314845    0.409452698413062   0.1997579183529949
 -0.6208268698288469  -0.4110598874465983    0.128785354678357   0.3292176467276015    0.566245388620884
  0.4450946344818271   0.4458194856073091   0.4476405070276961   0.4483430192160425   0.4491572844745515

0.3985609573229339
0.3986122392053401
0.3986939795107461
0.3986836783652126
0.3986721823345071

0.0001993742034799128
   0.3987710523424365

  2.538582362932428   0.125407288584429   -0.19008250439845 -0.7334325968765971  -1.740368491124809
  1.292909771007686 0.06751678778615403 -0.0338297912795015 -0.1062265714953778 -0.2203591377572078

-2.196068998862619e-08 -6.057418483821428e-08 -5.149880487413528e-08   -0.00115118053958173  -0.002640124902364579
-1.229900746674599e-08   1.99255212469374e-08  5.165939338666758e-08 -0.0003976701875813061     0.1195805629357911

cov:
0.05353141006107023  0.0535662484211819 0.05365056583616783 0.05368511560887125 0.05372394759410994
 0.0535662484211819 0.05361885608346097 0.05374879437539554 0.05380028915160846 0.05385915860727084
0.05365056583616783 0.05374879437539554 0.05399659504699802 0.05409120344267146 0.05420164674371088
0.05368511560887125 0.05380028915160846 0.05409120344267146 0.05420275600710708 0.05433207034404362
0.05372394759410994 0.05385915860727084 0.05420164674371088 0.05433207034404362 0.05448445629835592

cov.inverse():
 22841271.00842137 -28398318.92219031  570902.6766334075  1652432.233058451  3334205.738363552
-28398318.92221875  35806748.68197411 -1516960.958456787 -2611449.491640028 -3280647.942639808
 570902.6767537738 -1516960.958614311  1981834.873421849 -263269.5386651749 -772397.1586527282
 1652432.232952857 -2611449.491490806 -263269.5387119262  2974335.136648965 -1752001.582647826
 3334205.738377232  -3280647.94265996 -772397.1586431375 -1752001.582650945  2470838.911462736

cov*(cov_.inverse()):
     1.000000000232831 -1.455191522836685e-10  7.275957614183426e-12  1.455191522836685e-11  5.820766091346741e-11
 1.455191522836685e-10     0.9999999998835847 -7.275957614183426e-12                      0  8.731149137020111e-11
 3.492459654808044e-10 -4.365574568510056e-10      1.000000000007276  1.455191522836685e-11  5.820766091346741e-11
                     0 -5.820766091346741e-11  7.275957614183426e-12      1.000000000014552  5.820766091346741e-11
 8.731149137020111e-11 -1.164153218269348e-10                      0                      0      1.000000000029104
