5
2

 6.28871840799515e-05
0.0003238250522853641
0.0003561720298514096
  0.01542260137310701
   0.5786450994829048

 0.6510335372386031 -0.7557785273972673  0.0075569809555063 0.03926448499607824 0.05792532410475785
  0.165703059351519  0.1503912257050493 -0.2102670761118985 -0.7238041276953023  0.6179161082113619
 0.1584978701623449  0.1594361693098871  -0.867473580579266  0.4264075167818159  0.1229827211389588
-0.5703899419118545 -0.4267089486359287 0.05567913135267883  0.3029545953596052  0.6306291579067058
 0.4452320393142555  0.4457363321807644  0.4473478177782814  0.4482867695256002  0.4494512827208522

 0.422081802126654
0.4221561509372808
0.4221050411194042
0.4221261666883007
0.4221012537923488

0.0002445443663585819
   0.4222371919828408

  6.293942484807736  -3.182997137583881 -0.2951509123575478 -0.9038093813015363  -1.912038296522639
    2.4363255190688 -0.6200535041500449  0.3614164458116043 -0.7065137011790571 -0.4711763678749938

 2.513169289101981e-08  1.038065940919038e-08    1.5931963034642e-08 -0.0008866872323081495  -0.004380111079643465
 7.919285183251571e-09   4.76802221853062e-08 -4.889572089988718e-08 -0.0003844069948258123     0.1478399323531955

cov:
0.06645129928969462 0.06650698059551569 0.06668174517531689 0.06678819044622915 0.06691735402432067
0.06650698059551569 0.06656766527066815 0.06675918400656609 0.06687423938095342 0.06701479573027522
0.06668174517531689 0.06675918400656609 0.06700707080490138 0.06715085596393915 0.06732962661377952
0.06678819044622915 0.06687423938095342 0.06715085596393915 0.06730972013595367 0.06750800738469023
0.06691735402432067 0.06701479573027522 0.06732962661377952 0.06750800738469023 0.06773248796345389

cov.inverse():
 107633507.9277106 -123977377.3109985 -172202.2594281558   5851948.47102405  10664158.60016913
-123977377.3097021  144849290.1151619 -2836073.030917992 -8006301.425893015 -10030140.13991387
-172202.2558413193 -2836073.035246187  6367961.547969623 -1389377.980276358 -1969160.795982541
 5851948.460546769 -8006301.413546285 -1389377.981095465  6819479.638335621 -3275819.932885505
 10664158.60576348 -10030140.14663639 -1969160.795904811 -3275819.931835025  4610467.782137028

cov*(cov_.inverse()):
     1.000000000582077                      0                      0  1.455191522836685e-10  1.746229827404022e-10
-1.746229827404022e-09      1.000000002328306   2.91038304567337e-11  8.731149137020111e-11  5.820766091346741e-11
-6.984919309616089e-10  1.979060471057892e-09      1.000000000029104  8.731149137020111e-11  1.746229827404022e-10
-1.396983861923218e-09  2.677552402019501e-09                      0      1.000000000087311                      0
 3.492459654808044e-10  2.328306436538696e-10                      0  1.455191522836685e-10      1.000000000058208
