5
2

0.0001436173419461514
0.0004991991327495641
0.0006644229607275843
  0.01393769810147615
   0.5200815549544564

 -0.5048944881694064   0.8308313522429083 -0.04299864281779642 -0.06107676946893352  -0.2218593358266447
  0.1448112330360498   0.1824081871462979  -0.1684659484421893  -0.7519846472326278   0.5932076150813255
  0.2107162743308197    0.147434795676137  -0.8771898260340828   0.3814009465822052   0.1375970922823905
 -0.6937405549533013  -0.2350281715550156  0.01686959188465562   0.2909642261040283   0.6152568869878016
  0.4454592649703852   0.4466220516182148   0.4472401669162134   0.4479529614050348   0.4487863230153045

0.3989117537528297
0.3990136592833167
0.3990093281528007
0.3989974728371856
0.3989937370551239

0.0001232403761418794
   0.3990555441751988

   4.966096788899096    -2.44828029629154  -0.1071414013679089  -0.6981409527907794   -1.712551957473245
   2.122142315567098   -0.672465897858694 -0.02243584880204971  -0.1432030897254633  -0.2840674320332488

-8.486069313518484e-08 -4.991413601561742e-08  1.225245418694619e-07 -0.0008019745555466628  -0.002835839978407841
-3.212345099127167e-08  3.179838898839112e-08  1.209598546719268e-07  -0.000297408787864645     0.1199118238061996

cov:
0.05376689630505976 0.05384516332474716  0.0538855939797749 0.05393463623508089 0.05399137198103234
0.05384516332474716 0.05396471047573019 0.05402778320962174 0.05410143288009031  0.0541873431776287
 0.0538855939797749 0.05402778320962174 0.05410379542603292 0.05419045873401932 0.05429237269865714
0.05393463623508089 0.05410143288009031 0.05419045873401932 0.05429263791508986 0.05441164865692928
0.05399137198103234  0.0541873431776287 0.05429237269865714 0.05441164865692928 0.05455175439388638

cov.inverse():
  12546325.9913145 -20160389.87128374   535891.897359947  1239104.359824722  5839006.660795407
-20160389.87126211  33649672.80867638 -2148313.752448381  -2883635.28603346 -8457268.948411092
 535891.8975201765 -2148313.752706778  1946530.676628057 -122140.5067861452 -211872.6878859029
 1239104.359473638 -2883635.285471346 -122140.5068169177  2779996.200640401 -1013299.917042387
 5839006.660964637 -8457268.948693192 -211872.6879532959  -1013299.91686213  3843329.083828602

cov*(cov_.inverse()):
     1.000000000058208 -5.820766091346741e-11                      0 -3.637978807091713e-11  8.731149137020111e-11
                     0                      1 -2.000888343900442e-11 -1.455191522836685e-11   2.91038304567337e-11
  2.91038304567337e-10 -5.820766091346741e-11      1.000000000016371  7.275957614183426e-12  8.731149137020111e-11
 5.820766091346741e-11  1.164153218269348e-10 -7.275957614183426e-12     0.9999999999708962  5.820766091346741e-11
                     0  1.746229827404022e-10  1.818989403545856e-12 -2.182787284255028e-11      1.000000000058208
