5
2

6.399537413496101e-05
0.0002021220825869499
0.0004365111586141324
  0.01958104507686166
   0.5211042383861583

 -0.2601425107052711   0.7727659428588685  -0.5766928976660134  0.01573482044441073  0.04833620680774441
 -0.4761353141064361   0.3676303747542838    0.668943438901681  -0.1505706964772849  -0.4098612095960394
-0.04899864212536909 -0.09667947569337822  -0.1307045651694131   0.8211927779063167  -0.5448035886518231
 -0.7109408269275524  -0.2430910084576387  0.05188780596051784   0.3189394035678182   0.5753739780864484
  0.4447283558107821   0.4463636921862827   0.4473968591401245   0.4483313051240551   0.4492340538215922

0.4021966880166474
0.4022534647795158
0.4022497413225876
0.4022986124926746
0.4022664832577154

0.0002669185715653385
   0.4024143935783648

   1.486410147648409    5.033676232578935   -5.837799076561922  -0.1270128520130641  -0.5551987333285139
   1.109131931706333   0.8713039515343657   -0.882680116148209  -0.0361091928111425 -0.06167780537324322

 2.801651200434871e-08 -1.027738652072981e-07  7.654337752375493e-08  -0.001128496106827578  -0.002789340673633432
 3.646008829460096e-09 -3.135599077038223e-08 -3.670441952245777e-09 -0.0004191280922579917     0.1203985618816899

cov:
0.05390178748055435 0.05397173335673992  0.0540160931054228 0.05405615386069197 0.05409529206967444
0.05397173335673992 0.05412636304080915  0.0542241003892278 0.05431244589394581 0.05439798827810514
 0.0540160931054228  0.0542241003892278 0.05435550108695657 0.05447429275539442 0.05458909664268753
0.05405615386069197 0.05431244589394581 0.05447429275539442 0.05462086706753649 0.05476191792919829
0.05409529206967444 0.05439798827810514 0.05458909664268753 0.05476191792919829 0.05492876140519926

cov.inverse():
 22087548.20073737 -53345834.53202663  28868991.98156153  543615.4909016391  1845519.319705581
-53345834.53033678  149171289.1588072 -102730701.8377981  1197195.075878852   5708411.49174246
 28868991.97932303 -102730701.8351264  92249858.71833834 -5244439.124695976 -13143823.52884937
 543615.4900802228  1197195.078894816 -5244439.127393001  4154824.306063746 -651188.8300357938
  1845519.32107558  5708411.487744807 -13143823.52571925 -651188.8305382717   6241007.17608869

cov*(cov_.inverse()):
                     1 -1.455191522836685e-09  1.164153218269348e-09 -7.275957614183426e-12  1.164153218269348e-10
-2.473825588822365e-10      1.000000000058208  3.492459654808044e-10  2.182787284255028e-11  5.820766091346741e-11
 -1.01863406598568e-10  7.566995918750763e-10      1.000000000698492  6.548361852765083e-11 -5.820766091346741e-11
 -1.01863406598568e-10  2.328306436538696e-10  4.656612873077393e-10      1.000000000007276  1.164153218269348e-10
-1.455191522836685e-10  2.328306436538696e-10  1.164153218269348e-10                      0                      1
