6
2

5.442021157972248e-05
0.0001100507654496614
0.0003266369222437309
0.0003588821733100373
  0.01973803485932318
   0.6334893056717538

  -0.2397651495669755     0.793054516074843   -0.5599058785088771 -0.004528865031849683  0.005601572816075914  0.005543154438926036
   0.6579928548289877   -0.2790119869293606   -0.6748983610153099   0.04869908424258676    0.1038791949076752    0.1433437424579244
  0.09854181723571066   0.08046671853994918   0.07151811075246327   -0.1279530726024449   -0.7522570700843664    0.6296325031455836
   0.1097522406944111   0.09742206999912936    0.1039318311338429   -0.8885926331989239    0.3642028171124951    0.2131220322930776
  -0.5681902906920453   -0.3340408316685899   -0.2215707425995047    0.1566722694714607    0.3505794317828105    0.6074790402597058
   0.4061549279878966     0.407022869069639    0.4074399953925965    0.4087699010327377    0.4095575732098826    0.4105276737517998

0.4227101679137046
   0.4227178104379
0.4227897215232946
0.4227285298364041
0.4227430948660255
0.4227107939950124

0.0003151246299053008
   0.4228933635658519

    3.528113291129379     1.213085955444418    -2.596053406135317   -0.1573550149981086   -0.5785490304754871    -1.409230149766228
    2.857993830273831    -1.137119603481586   -0.7781157322568879     0.519326562706963   -0.4621391168938059 7.718349143751024e-05

 4.618050009915086e-09  4.196900339361139e-08 -1.838623510304929e-08 -1.746937549897044e-08  -0.001136905030314077  -0.004342468386165097
-3.424492096881687e-09  3.270323429015728e-08  4.435480808476819e-08 -6.539586268418173e-08 -0.0004489003465088947     0.1621139880861979

cov:
0.06632639914248428 0.06641602771704093 0.06645911788140665  0.0665921447573075 0.06667761825019605  0.0667788834237599
0.06641602771704093 0.06652733210351171 0.06658082769861652 0.06674881743978242 0.06685225256364841 0.06697728773336011
0.06645911788140665 0.06658082769861652 0.06663932857956827 0.06682410816462381 0.06693617295688627 0.06707262551071186
 0.0665921447573075 0.06674881743978242 0.06682410816462381  0.0670654736796127  0.0672063865937132 0.06738120379244288
0.06667761825019605 0.06685225256364841 0.06693617295688627  0.0672063865937132 0.06736244083703531 0.06755685558781807
 0.0667788834237599 0.06697728773336011 0.06707262551071186 0.06738120379244288 0.06755685558781807 0.06777756663920008

cov.inverse():
 55344903.11752779 -79205703.63305347   8817577.61838007   2136835.40396235  4805243.391710361  8101273.606942906
-79205703.63665533  218928739.8379186 -134252369.7274606 -3103431.217828822 -1185287.047700952 -1182376.996390932
  8817577.62376108 -134252369.7378245  143595400.3720822 -2660458.433940302 -7058281.477878136 -8442154.824572966
 2136835.403852699 -3103431.214889059 -2660458.437179751  6486840.863611775 -1201269.065317887 -1657323.144631245
 4805243.387735581 -1185287.035900795 -7058281.485543167 -1201269.065500148  7235749.707822284 -2596221.101280472
 8101273.609248023 -1182377.004367859 -8442154.818652237 -1657323.144858317  -2596221.10130236   5776274.79933369

cov*(cov_.inverse()):
    0.9999999988358468  1.440639607608318e-09 -8.149072527885437e-10 -5.820766091346741e-11                      0 -1.164153218269348e-10
-8.149072527885437e-10       1.00000000205182 -2.328306436538696e-09 -4.365574568510056e-11 -5.820766091346741e-11  5.820766091346741e-11
-3.492459654808044e-10 -3.637978807091713e-10     0.9999999969732016  4.365574568510056e-11  5.820766091346741e-11                      0
-1.047737896442413e-09  2.532033249735832e-09 -1.513399183750153e-09     0.9999999999272404   2.91038304567337e-11                      0
-4.656612873077393e-10  4.016328603029251e-09 -2.095475792884827e-09 -1.455191522836685e-11                      1 -1.164153218269348e-10
-1.164153218269348e-10   4.94765117764473e-10 -6.984919309616089e-10                      0  5.820766091346741e-11                      1
