5
2

8.255342261409183e-05
0.0003178383967069892
0.0003719949218998296
  0.01901071957573906
    0.577828717933326

  0.6039668836931814  -0.7882248865175945  0.02411266189395807  0.06394523487796976  0.09620352461870361
 0.01393973321604157 0.007607959873179022  -0.3560381452999037    0.806387359198446  -0.4719365092899623
  0.2887771340828295   0.2370671605938352  -0.8189350517003783  -0.1245046607667368    0.417433705805775
 -0.5947291569684322   -0.351650668006721 -0.04713908277752445   0.3589938548633889   0.6257318567783344
  0.4448985096877015   0.4458526845038586   0.4469661134797404   0.4486339660336045   0.4496994081829984

0.4223702387759876
0.4223748196816552
0.4224435462032297
0.4223902899007849
0.4223546958774267

0.0003498382287987739
   0.4225601668587285

  3.813965680646869   -1.47856229423059 0.01649687811209999 -0.7132468102227335    -1.6385807843746
  2.711438674316371  -1.437988968691674  0.0432182291500631 -0.3980677177880139  0.0813620753489594

 2.225869472949581e-08  2.365879075903662e-08  1.967231850121352e-08  -0.001095238163081209  -0.003965006588951923
 1.877205425015928e-08 -3.514784527816072e-08  6.783857401326939e-08 -0.0004340258347830854     0.1477454503288288

cov:
0.06621547013823424 0.06630495342659572 0.06640485722316818 0.06656534456001088 0.06666629852801761
0.06630495342659572 0.06641610882174577 0.06654311888057732 0.06673981041322277  0.0668645334840485
0.06640485722316818 0.06654311888057732 0.06670422737533466 0.06694609103680486 0.06710053339321351
0.06656534456001088 0.06673981041322277 0.06694609103680486  0.0672486987039406 0.06744278801268989
0.06666629852801761  0.0668645334840485 0.06710053339321351 0.06744278801268989 0.06766317590453948

cov.inverse():
 54130460.99964886 -69357942.94099034  378883.4329055863  5517833.668956847  9330742.318760375
-69357942.93955252  91572464.89332594 -4218581.769354718 -7548766.554607644 -10447837.49716848
 378883.4333428654  -4218581.77000917  6186600.504484828 -1879002.197171739 -466787.1485306022
 5517833.662587215  -7548766.54638015 -1879002.197569531  7149240.081834189 -3239449.276967963
 9330742.323254749 -10447837.50330351 -466787.1483499981 -3239449.275507852  4823064.841460554

cov*(cov_.inverse()):
     1.000000000698492  2.328306436538696e-10 -7.639755494892597e-11  5.820766091346741e-11                      0
 4.656612873077393e-10      1.000000001047738 -8.003553375601768e-11 -1.164153218269348e-10  1.164153218269348e-10
 9.313225746154785e-10  6.984919309616089e-10      1.000000000021828                      0  5.820766091346741e-11
 1.047737896442413e-09  6.984919309616089e-10 -3.637978807091713e-11     0.9999999999126885  5.820766091346741e-11
 6.984919309616089e-10  4.656612873077393e-10  3.637978807091713e-12  -2.91038304567337e-11      1.000000000174623
