5
2

0.0003735871968955301
0.0005047779959136616
0.0006925684337630459
  0.01349562526874969
   0.5213775370847573

  0.3754693448846881  -0.1146977053781865  -0.1483075768967234  -0.6955827834546867   0.5831266255533998
 -0.4841125162472291   0.3918199305930934   0.6124962670468195  -0.4855525442479615 -0.03463038017178878
  0.1947369452261655  -0.7429191488537141   0.6330004867178562  0.01171624667044462 -0.09654933355217379
  -0.623135353674295  -0.2865662159598416  -0.0477838363159521   0.2820398592777992   0.6691430023822695
  0.4454634618347864   0.4463995077371081     0.44707971804883   0.4480173718487693   0.4490990357296877

0.3977126986989609
0.3977676954558945
0.3977359837282873
 0.397707637723307
0.3976627016390004

0.0004583818624747228
   0.3979261971861369

   3.748570718363594 -0.06227824196152519  -0.2299191858985587   -0.922212161844244   -2.534078459812853
   2.103719430280049 -0.02985719574427179 -0.07834612789963352  -0.2898244029545492   -0.705701931055374

  8.54852522160221e-08  -3.68038883076988e-07  4.146931782450384e-07 -0.0007763909835029042  -0.003251454757038205
 8.304389885947548e-08 -2.326225943500435e-07  2.144038390931953e-07 -0.0003374102300462599     0.1201504609973114

cov:
0.05401303798032598 0.05408796648170221  0.0541433341986485 0.05421949301679627 0.05430654208557109
0.05408796648170221 0.05418441557954252  0.0542540264650747 0.05435071384315356 0.05446182940917638
 0.0541433341986485  0.0542540264650747 0.05433506836344526 0.05444580391591824 0.05457390246465234
0.05421949301679627 0.05435071384315356 0.05444580391591824 0.05457712560108138 0.05472856211811108
0.05430654208557109 0.05446182940917638 0.05457390246465234 0.05472856211811108 0.05490789457282126

cov.inverse():
 2011093.379034243 -1353649.814258987 -1305543.056621093 -944957.3054285082  1593057.842455459
-1353649.814257083  1847920.589974263  83384.25554275799 -193612.3527014664 -383980.7380569931
-1305543.056632152  83384.25555262722  2465318.787095086 -412651.3931198071 -830481.3021202689
-944957.3054124685 -193612.3527135422 -412651.3931324579  4392679.804511005 -2841544.140033812
 1593057.842448573 -383980.7380528816 -830481.3021088075 -2841544.140042499  2462962.062165417

cov*(cov_.inverse()):
                     1 -7.275957614183426e-12   2.91038304567337e-11                      0                      0
-1.455191522836685e-11      1.000000000007276  4.365574568510056e-11                      0                      0
-4.365574568510056e-11  3.637978807091713e-12       1.00000000003638                      0                      0
 -2.91038304567337e-11  3.637978807091713e-12  4.365574568510056e-11                      1                      0
-1.455191522836685e-11                      0  1.455191522836685e-11                      0                      1
