5
2

5.995667206375332e-05
0.0001993083057095452
0.0005564718718990771
  0.01791850370233762
   0.5529251110817529

 -0.1168512189944188    0.736792899973311  -0.6647148641715548 0.004577831109963704  0.04018965016216763
 -0.5585280190013843   0.4501264224314082   0.5730828028408985 -0.07574113109859822  -0.3889370617046107
  0.1434368153536229   0.1600236206240016   0.1703536190069781  -0.8743036396727727   0.4004885903365593
 -0.6753322574483037  -0.1717160902966033 -0.02836086130008993      0.1710518771864   0.6959718695754536
  0.4446846822872317   0.4465741277253474   0.4471079919605038    0.447857930027129   0.4498275223041713

0.4165461633224221
0.4166831092154099
 0.416777320330666
0.4168209802382293
0.4168364328405137

-0.0002270466595965115
    0.4167018046908441

   2.430378519712848    2.977667609761558   -3.639120868502641  -0.1374600229960913   -1.631317488932588
   1.355495599478309   0.2930022412701918  -0.4297853402264892 -0.03118507478621974  -0.1875726727068483

 1.532362959698222e-08 -5.790673533850312e-08 -1.015615889001152e-07  -0.001030091917082294  -0.003654245391779391
  1.20603511634841e-09 -3.162732949363809e-08   3.72349549653835e-08 -0.0003497810441767361     0.1354712613037355

cov:
0.06060211175178676 0.06074976366477457 0.06079125793128901 0.06084994221265723 0.06100395645978399
0.06074976366477457 0.06097998358568518 0.06104496709286323 0.06113629979890749 0.06137632411388835
0.06079125793128901 0.06104496709286323 0.06111664370720481 0.06121726739473662 0.06148177628243962
0.06084994221265723 0.06113629979890749 0.06121726739473662 0.06133118689373593 0.06162935166514853
0.06100395645978399 0.06137632411388835 0.06148177628243962 0.06162935166514853 0.06201767828083436

cov.inverse():
 11719245.04644154 -30204317.14546091  13628217.22895509  510795.0034469336  4346223.270208823
-30204317.15213573  156196869.9125713 -129658477.8353105 -371883.4076273647  4036681.197307005
 13628217.23734748 -129658477.8499096  131273817.2478549 -2420174.850075074 -12822280.50507272
 510795.0029010954 -371883.4049266932 -2420174.852276934  2618865.080755771 -337613.2176712796
 4346223.269037178  4036681.202530457 -12822280.50907755 -337613.2177182871   4776879.83045816

cov*(cov_.inverse()):
     1.000000000291038  5.820766091346741e-10  4.656612873077393e-10                      0 -5.820766091346741e-11
 1.164153218269348e-10     0.9999999994470272 -1.164153218269348e-10 -2.182787284255028e-11                      0
 3.492459654808044e-10  -2.91038304567337e-11     0.9999999997671694  1.455191522836685e-11  5.820766091346741e-11
 1.746229827404022e-10   1.57160684466362e-09  2.328306436538696e-10     0.9999999999563443 -5.820766091346741e-11
 5.820766091346741e-11  -2.91038304567337e-11                      0  1.091393642127514e-11                      1
