5
2

5.922364493609415e-05
0.0001941435398236515
0.0004354373842272252
   0.0191705449595014
   0.5528559552867868

 -0.1126985732061401   0.7331061786963302  -0.6696070305773698  0.01296099535250728  0.03623257588682202
 -0.5704450860987216   0.4594281678188536   0.5783811260024984  -0.1342378500552222   -0.333127055426405
 0.04108755239009204  0.09114306326088691   0.1079919748494663  -0.8091386181057915   0.5688911891706312
 -0.6802193758159373  -0.2096175505666188 -0.07559643498986039   0.3546865519976589   0.6015352958121944
  0.4444151765481135   0.4463569355188162   0.4469055941363627   0.4486695429086819   0.4497017546815886

0.4165446127627733
0.4166897688801067
0.4167859664031113
0.4168257007172252
0.4168550468929434

-0.0002750244150666999
    0.4166941231455563

   2.262910806654581    2.958664209385789    -3.22333921805691  -0.4834646772052145   -1.514644911266257
   1.350040169253147   0.3388106833406718  -0.4869043217686021 -0.02786594189147415  -0.1741270956064323

 1.406908984469223e-08 -4.622597678368336e-08 -8.644765178433307e-08  -0.001101934590104225  -0.003756582536435659
 1.457695333660585e-09 -3.144746981851059e-08 -8.104436612384453e-09 -0.0003921929222239588      0.135341908457127

cov:
0.06053735815433288 0.06068345114063774 0.06072447293981103 0.06085652220423389 0.06093503902678374
0.06068345114063774 0.06091213047135246 0.06097665757089639 0.06118413717203997 0.06130596472026828
0.06072447293981103 0.06097665757089639  0.0610478852531998 0.06127684437018697 0.06141100671963519
0.06085652220423389 0.06118413717203997 0.06127684437018697 0.06157497680939066 0.06174849642880379
0.06093503902678374 0.06130596472026828 0.06141100671963519 0.06174849642880379  0.0619450972067038

cov.inverse():
 12264712.54031842 -30488721.14804099  12785373.03613198  1439172.532431047  3999676.609278152
-30488721.14896367  158873841.5376571 -132855740.9760177  683645.4363252205  3785739.685935803
 12785373.03740395 -132855740.9783842  136771800.8114496 -4995201.713071307 -11705133.28647428
 1439172.531974829  683645.4380281467 -4995201.714247822   3979304.37508296 -1106839.387669804
 3999676.609385121  3785739.685676671 -11705133.28639232 -1106839.387599598  5026415.762021139

cov*(cov_.inverse()):
     1.000000000145519 -2.328306436538696e-10  2.328306436538696e-10   2.91038304567337e-11                      0
  2.91038304567337e-11      1.000000000436557  3.492459654808044e-10  1.455191522836685e-11 -5.820766091346741e-11
                     0  7.566995918750763e-10      0.999999999650754 -1.455191522836685e-11 -5.820766091346741e-11
 1.455191522836685e-10 -1.688022166490555e-09 -6.984919309616089e-10     0.9999999999708962                      0
 8.731149137020111e-11  5.820766091346741e-11 -2.328306436538696e-10                      0     0.9999999999417923
