6
2

5.439159375263503e-05
0.0001139565379530955
0.0003347190099595861
0.0004054525333269775
  0.01821756991951245
   0.6328868731668239

   0.2446070334650132   -0.7950387255587817    0.5549873823381997 -0.001571458559230636  0.004116651160737315 -0.007100224498176526
   0.6431370349755886   -0.2795934858174929   -0.6819812549670419   0.06188005325564565    0.0718989989941342    0.1846759263074935
  -0.2280753534206313   -0.1822157720393171   -0.1706584222899354    0.4441009482711487    0.6512135992033139   -0.5141497295934443
   0.1124661717164172   0.07735125773202098   0.05415389956156763   -0.7946785567551587    0.5878273116189255  -0.03715563829901462
  -0.5446558037425385   -0.2909468651896809   -0.1691201828342072   0.02700901000449368    0.2406644454750195    0.7290058154135465
   0.4064790305210485    0.4073144050165418    0.4077155811848275    0.4082881850897179    0.4089915790558478    0.4106877454336273

0.4226399358904805
0.4226522763888426
0.4227262811660178
0.4227318315152532
0.4226715381267368
 0.422663573680743

0.0002587664306307004
   0.4228113654893169

   3.882147755697996    1.172795498871746   -3.083365694623352  -0.1189553763939821  -0.2594281947494121   -1.593217318870729
   3.197952075442801   -1.292077982612774   -1.156515384460787 -0.01858606009051653    0.415750109961193  -0.1465021041585668

-4.980883436998049e-09  5.131327391996705e-08  2.740325938774417e-09  5.944086049557316e-08  -0.001049174705680995  -0.004171656293979796
 3.462632801917564e-09  4.166440159455187e-08  4.620855832427518e-09  7.589808678638383e-08 -0.0003907930524686729     0.1619696436120531

cov:
0.06627872545865601 0.06636886489496392 0.06641215724327901 0.06646990690764168  0.0665458288551318 0.06673373401245204
0.06636886489496392 0.06648066106241492 0.06653434642374691 0.06660880279332844 0.06670294302325216 0.06693253080663802
0.06641215724327901 0.06653434642374691 0.06659302952258316 0.06667550568719287 0.06677839238994601  0.0670279975007135
0.06646990690764168 0.06660880279332844 0.06667550568719287  0.0667710483813799 0.06688782496251655 0.06716961393764734
 0.0665458288551318 0.06670294302325216 0.06677839238994601 0.06688782496251655 0.06702026859753438 0.06733699366270948
0.06673373401245204 0.06693253080663802  0.0670279975007135 0.06716961393764734 0.06733699366270948  0.0677342334311939

cov.inverse():
 52617872.75098782 -79157092.38847101  12496450.17942332  1486908.119463199  2977242.491576601  9579081.846728854
-79157092.47517468  220007685.8478694 -134158303.3457069 -2006210.601157637 -3437039.771382879 -1249945.762519234
 12496450.28204209 -134158303.4856612  140205442.8466753 -4482773.134981742 -3802039.493257167 -10259893.64020832
 1486908.118128032 -2006210.596122512 -4482773.138993297  5897585.468074339  80185.88489806488 -974586.7592188761
 2977242.485850454 -3437039.747347858 -3802039.512162924  80185.88455391894   6291093.06967464 -2108224.841245696
 9579081.837874077 -1249945.738334409 -10259893.65463008 -974586.7591863906  -2108224.84218663  5012818.192911553

cov*(cov_.inverse()):
    0.9999999994179234  1.469743438065052e-09  -2.91038304567337e-09  4.365574568510056e-11  -2.91038304567337e-11 -1.164153218269348e-10
 1.047737896442413e-09      0.999999996740371  1.513399183750153e-09  1.455191522836685e-11                      0                      0
 1.396983861923218e-09  -1.57160684466362e-09      1.000000000582077  7.275957614183426e-12                      0 -5.820766091346741e-11
 9.313225746154785e-10  8.149072527885437e-10  1.629814505577087e-09     0.9999999999781721   2.91038304567337e-11                      0
 3.492459654808044e-10   6.83940015733242e-10 -3.259629011154175e-09  4.365574568510056e-11      1.000000000058208  5.820766091346741e-11
 2.328306436538696e-10  7.421476766467094e-10 -8.149072527885437e-10                      0  -2.91038304567337e-11                      1
