5
2

9.194361094524018e-05
0.0001257469298074642
0.0003551941782090125
  0.01161039450604601
   0.5166924571716039

 0.09876776702620424   0.2427647598453682  -0.8270472109538165   0.4971593561153514 -0.01164839278013744
 -0.4028672296787983   0.8226457964073552  -0.0461053285228443  -0.3977985179651726  0.02413558971211256
  0.5098860673873465 -0.07682952958089014  -0.3330488760144561  -0.6059673347406329   0.5059599362414852
 -0.6072181500945164  -0.2423246813329818 -0.05490694725903714   0.1648754149587644   0.7364551525364812
  0.4463689504520317   0.4468726185746638   0.4471363135146986   0.4474467571691529    0.448241162183784

0.3990607012205275
0.3992375362091521
0.3992334874625152
0.3992290684520647
0.3992112993656621

9.106419236903073e-05
   0.3992566140231771

   2.289542334723337    5.266389433252786     3.24640154278072   -10.21295909259421  -0.5894786033219733
   1.260723114058511   0.7741519194890276   0.3927120975951058   -1.357798321361246 -0.06982450793186104

-5.284279999826744e-08  1.155686735726955e-07  7.029857801750534e-07 -0.0006689739324125717  -0.001872572065199027
-5.803961694903429e-09  1.026672370754767e-08  1.564430265151359e-07 -0.0001684992675344039     0.1189223048068549

cov:
0.05324245848159656 0.05327256607072191 0.05328863727604777 0.05330762787778803 0.05335557768148266
0.05327256607072191 0.05332075715496507 0.05334608336886969 0.05337594138976263 0.05345203818418062
0.05328863727604777 0.05334608336886969 0.05337619298729378 0.05341162715448535 0.05350218321056507
0.05330762787778803 0.05337594138976263 0.05341162715448535 0.05345362470643267  0.0535611344324183
0.05335557768148266 0.05345203818418062 0.05350218321056507  0.0535611344324183 0.05371301365714986

cov.inverse():
 13481680.66721666 -18432534.63711689 -9833876.378833225  13493950.74552507  1290492.307229535
-18432534.63981778   49817494.6063884  -25946250.6348078 -6049994.504651258   611723.895814289
-9833876.375049764 -25946250.64361777  81926498.22040956 -45879312.11596026 -266720.8135436938
 13493950.74491027 -6049994.498800212 -45879312.12215206  42156364.53563445 -3721488.182606754
 1290492.306761745  611723.8960722511 -266720.8123782668 -3721488.183562341  2086001.426055623

cov*(cov_.inverse()):
    0.9999999998835847 -2.219167072325945e-10  3.510649548843503e-10  8.731149137020111e-11  1.455191522836685e-11
-1.309672370553017e-10     0.9999999999527063  7.821654435247183e-11  3.783497959375381e-10   2.91038304567337e-11
  2.91038304567337e-10  -4.18367562815547e-10     0.9999999990595825  4.365574568510056e-10                      0
 1.455191522836685e-10  -3.67435859516263e-10 -4.092726157978177e-10      1.000000000640284                      0
 -2.91038304567337e-11 -2.837623469531536e-10 -2.837623469531536e-10  5.820766091346741e-11                      1
