5
2

7.962816817414574e-05
0.0001095979098897665
0.0004198580749216778
 0.008357541075691014
   0.5180224445958879

     0.12245647811657    0.2800489042383302   -0.8418062195454799    0.4448688589164008 -0.005568599748953892
  -0.5708508482946789    0.7788855759718996   0.04050042791318782   -0.2564443448954246   0.00791086936898234
   0.3544682769452121   0.04629793481769277   -0.2947797875031677   -0.6773641470000449    0.5713942869066843
  -0.5779794887572539    -0.336303714221024  -0.05364784257891492    0.2778941829098969     0.687558182606037
   0.4465710147153838    0.4468402217914066    0.4471563372463953    0.4475272414069545    0.4479717884694844

0.3995486793789566
0.3995434953298761
0.3995382532919481
0.3995320366747342
0.3995150698007465

0.000116974218374365
  0.3995719528801014

   3.472677950916392    4.746848070561652    2.695062363683748   -10.66296108086708  -0.2516538174816114
   1.440736470883564    1.232006528028083   0.4138737234368559   -2.036827881823883 -0.04978649507527494

-3.332856599888657e-08  5.473116077763172e-08  1.363565065293625e-06 -0.0004808583314798007  -0.002067667179438622
-4.646399014395443e-09  8.118080804112548e-09  3.167694789088423e-07 -0.0001305818736174258     0.1194490284512539

cov:
0.05353869082720944 0.05356116647395098 0.05358762029912181 0.05361866245626324 0.05365547256847375
0.05356116647395098 0.05358778000342475 0.05361903352755309 0.05365571639201415 0.05369941002675435
0.05358762029912181 0.05361903352755309 0.05365592940316789  0.0536992058781335 0.05375095103234782
0.05361866245626324 0.05365571639201415  0.0536992058781335 0.05375023438259693 0.05381142182665589
0.05365547256847375 0.05369941002675435 0.05375095103234782 0.05381142182665589 0.05388466161468265

cov.inverse():
 30211983.70639765  -31511747.6182058 -18774818.49434761  19414775.34126899  659773.5963932482
-31511747.61595552  62888748.72323629 -34631226.95961877  2840547.599284889  413781.6732746065
-18774818.49928068 -34631226.95316853  112390671.5374848 -58794523.29171266 -190042.4572720993
 19414775.34457491  2840547.594568906 -58794523.29084825  39291511.68590214 -2752457.538402982
 659773.5957700961  413781.6737906362   -190042.45661932 -2752457.538948638   1868979.36478846

cov*(cov_.inverse()):
     1.000000000058208 -5.093170329928398e-11  3.983586793765426e-10 -5.820766091346741e-11   2.91038304567337e-11
-3.565219230949879e-10     0.9999999993524398  5.329638952389359e-10                      0  1.455191522836685e-11
-3.128661774098873e-10 -2.037268131971359e-10     0.9999999998963176  2.619344741106033e-10                      0
-1.527951098978519e-10 -4.802132025361061e-10  6.330083124339581e-10     0.9999999998544808  1.455191522836685e-11
-1.164153218269348e-10 -1.600710675120354e-10  4.383764462545514e-10 -3.783497959375381e-10                      1
