5
2

 5.40002674778102e-05
0.0001386484405028773
0.0004708584566673069
  0.01775355060903165
    0.531072709668401

 -0.3900664117778243   0.8039382497169265  -0.4478942187323623  0.00391374451515646  0.03011538601537108
 -0.5261768700412021   0.1778858069271936   0.7537380003889205 -0.05922855395455661  -0.3462160399139088
  0.1431985587569154    0.157304478350674   0.1767301263146078  -0.8748818813585011   0.3976149267623099
 -0.5938010589017936  -0.3137146728055817 0.003981300584335564   0.1744708459594363   0.7200885221064506
  0.4448376906844431   0.4459577732176619   0.4472364109666368   0.4479043185560177   0.4501137718153349

0.4058322445666839
0.4058435828765711
0.4058384866252859
0.4059545341358741
0.4058394666269992

0.0002664981428968758
   0.4060039687440722

   2.430806176033946    3.625135377749603   -5.087589624733342 -0.05232841058481661  -0.9159734000380425
   1.875979381887462   0.3570717875449801   -1.227351882509353  0.04214226142895874 -0.04777915115247178

 1.229724792849193e-08 -7.975129909102662e-08 -6.633846586866743e-08  -0.001030553239855259  -0.003698700240549094
 3.025583533996364e-10 -3.526790088130775e-08  1.153529064997833e-08 -0.0003964808204093065     0.1247168710343222

cov:
0.05592103032001173 0.05600912845050266 0.05611008437736212 0.05616194650459666 0.05633707308218019
0.05600912845050266 0.05612232018536788 0.05625172974602413 0.05631884097178232 0.05654283285751242
0.05611008437736212 0.05625172974602413  0.0564134236548176 0.05649783239013464 0.05677725822183999
0.05616194650459666 0.05631884097178232 0.05649783239013464 0.05659178691354842 0.05690065629306643
0.05633707308218019 0.05654283285751242 0.05677725822183999 0.05690065629306643 0.05730509428712478

cov.inverse():
 66673708.34782388 -112306694.0068326  39396205.83264225  532254.4903060975  5703556.915640711
-112306693.9797078  223400775.7739318    -116382571.4057 -89986.36437378038  5380347.031582047
 39396205.79106107 -116382571.3517368  98489860.04386353 -3620850.776331005  -17883612.0683939
 532254.4934862173 -89986.36988056071 -3620850.774216016  3640213.314503221 -461496.8984312933
  5703556.92691714  5380347.010250543  -17883612.0581274  -461496.898642916  7261154.984799969

cov*(cov_.inverse()):
     1.000000000931323 -2.211891114711761e-09  1.164153218269348e-10                      0  5.820766091346741e-11
 5.820766091346741e-11      0.999999999825377  4.656612873077393e-10  3.637978807091713e-12  1.746229827404022e-10
 4.656612873077393e-10 -9.313225746154785e-10     0.9999999998835847 -3.637978807091713e-12  1.164153218269348e-10
 9.895302355289459e-10 -1.222360879182816e-09  1.047737896442413e-09      1.000000000003638  1.746229827404022e-10
 6.984919309616089e-10 -1.164153218269348e-10                      0 -1.818989403545856e-11      1.000000000058208
