5
2

0.0001839940615478901
0.0004949662898415233
0.0006660447070186968
  0.01713262208759918
   0.5181917950861717

 -0.4134404162909178   0.8573153014840503 -0.05972771781238655    -0.10061984733832  -0.2835237945306208
  0.1251787633991256    0.166233664832982  -0.1713630349983334  -0.7383176229149775   0.6182381772419097
  0.1767729128023902   0.1270491975924917  -0.8734920044525423    0.401825338140059    0.167803320815082
  -0.764362478795936  -0.1470956649118568  0.06261241573292504   0.2872354330136835   0.5546966358205182
  0.4448579972073666   0.4467641539702469    0.447391007413706   0.4481014814356894     0.44894264875192

0.3996441668641059
0.3997825709514221
0.3997694864643247
0.3997509742886135
0.3997411140590409

0.0002460391323680099
    0.399859692219012

   3.448695579369523   -1.413667887561038  -0.1179543332817121  -0.5298060309069689   -1.387173137700808
    1.46440419409983  -0.2134755022917422 -0.02080468304805574  -0.0629884478195076  -0.1671122572226055

-7.394142037938521e-08 -6.113055508041816e-08  3.877244842766015e-08 -0.0009854085466316689  -0.002775474473428117
-2.483173545000169e-08  2.317154054124169e-08  8.719950469963887e-08 -0.0003522397342523739     0.1190957009723828

cov:
0.05331180022360806 0.05340098828260225 0.05342874248115641  0.0534632983795631 0.05350379758385887
0.05340098828260225 0.05360304724375792 0.05366909733346467 0.05374467946017041 0.05383407992584129
0.05342874248115641 0.05366909733346467 0.05374866199185029 0.05383767246719937 0.05394367542905883
 0.0534632983795631 0.05374467946017041 0.05383767246719937   0.053942428841711 0.05406590619338627
0.05350379758385887 0.05383407992584129 0.05394367542905883 0.05406590619338627 0.05421104739429286

cov.inverse():
 5185541.972417367 -10334033.03135559  293634.5054982431  1010950.730102044  3843852.689224994
-10334033.03139305  21859940.44074818 -1879015.843950648 -2934132.507501355 -6712694.793671275
 293634.5055826394 -1879015.844134175  1945184.454872651 -97194.69059470548 -262510.1811978517
 1010950.730044708 -2934132.507347819 -97194.69065995379  2888341.377585564 -867925.2053627918
 3843852.689235386  -6712694.79367874  -262510.181231734  -867925.205331838  3999147.203048077

cov*(cov_.inverse()):
                     1  1.164153218269348e-10 -7.275957614183426e-12 -2.182787284255028e-11   2.91038304567337e-11
                     0      1.000000000232831   -1.2732925824821e-11 -1.455191522836685e-11  -2.91038304567337e-11
 8.731149137020111e-11  5.820766091346741e-11      1.000000000023647 -1.455191522836685e-11   2.91038304567337e-11
  2.91038304567337e-11  1.746229827404022e-10 -1.091393642127514e-11                      1  5.820766091346741e-11
 5.820766091346741e-11  1.164153218269348e-10  3.637978807091713e-12  7.275957614183426e-12      1.000000000087311
