6
2

0.0001129228063453898
0.0003857235694023536
 0.000553472075806966
0.0007122171880825684
  0.02272118577265391
   0.5698522767487807

  -0.6267377774069851    0.7747876081655354  -0.01751602729108198  -0.02231093718739091  -0.04308911698785979  -0.06513570043414108
   0.1112755607824981    0.1002609884804529  -0.04701591694554128  -0.07375891931887014   -0.7402850329360463    0.6495326621094761
   0.2013282116864372    0.1808936831915553   -0.3253336139745693   -0.7552754824880117    0.4066406783790053    0.2917272191941362
   0.1293265511886278    0.1077592268007789   -0.8514435974574395    0.4880129119357868    0.0800667505900174   0.04625046788517061
  -0.6105124602721289   -0.4241738487493306 -0.006769974328310021    0.1355949806775651    0.3326772753948431    0.5641321485150089
   0.4059970912860847    0.4066864478685304    0.4082140366967822    0.4087519889300094    0.4094873655943071    0.4103360868793164

0.3978286148467415
0.3978675251619777
0.3979295327717178
0.3979022176939572
0.3978780042995789
0.3978393838344884

0.0003881483700577229
   0.3980615709008234

   1.144290573796132    1.477662112603322 -0.08358692786717214   -0.172839345286016  -0.6319205900413714   -1.733567446039702
  0.9970220323074305   0.3900978209216517 -0.02640678153065421 -0.03459996488776826  -0.1015259600919258  -0.2246202664852202

 7.308818281218223e-09  -5.44612312255419e-08 -3.286345685868045e-08  8.281745883423399e-08  -0.001309446189433315  -0.003037787302046169
-3.855924560347121e-09  1.236522714486394e-08  6.102303521936565e-08  8.017598836407529e-08 -0.0004848472986129858     0.1314415257207247

cov:
0.05371914202227684 0.05375128288428115 0.05382103337742283 0.05384714763315843  0.0538820176961964   0.053920977480466
0.05375128288428115  0.0538015288443822 0.05391177434818868 0.05395169220938015 0.05400568367151977 0.05406709729893205
0.05382103337742283 0.05391177434818868 0.05411327863236061 0.05418355654317931 0.05428041433311044  0.0543921282325253
0.05384714763315843 0.05395169220938015 0.05418355654317931 0.05426535853426125 0.05437640204052266 0.05450526189421849
 0.0538820176961964 0.05400568367151977 0.05428041433311044 0.05437640204052266 0.05450823721489958 0.05466067720803077
  0.053920977480466 0.05406709729893205  0.0543921282325253 0.05450526189421849 0.05466067720803077 0.05484129946939754

cov.inverse():
 31053329.12216523 -37858876.40835232  394859.4203769984  669291.6595855138   1851435.57267945  3890057.539608728
-37858876.40804406  47273891.28052524 -1468947.198219164 -1747763.403623715   -2860099.8845013 -3338323.418943191
  394859.420320311 -1468947.198146913  1813612.927279731  36932.70570307884 -273142.3240696726 -503245.6266100804
 669291.6590743365 -1747763.403015155  36932.70570442601   2407311.08097059 -483088.2865130724 -882663.3117842783
 1851435.572450093 -2860099.884242631 -273142.3240513207 -483088.2865053667  4381625.145962558 -2616802.853535618
 3890057.540097687 -3338323.419574409 -503245.6266142157 -882663.3116932529 -2616802.853480249  3451000.717887302

cov*(cov_.inverse()):
    0.9999999997380655                      0 -7.275957614183426e-12                      0                      0  -2.91038304567337e-11
                     0     0.9999999999417923 -1.455191522836685e-11 -2.182787284255028e-11                      0                      0
                     0 -2.037268131971359e-10     0.9999999999854481                      0   2.91038304567337e-11  -2.91038304567337e-11
-1.455191522836685e-10                      0                      0                      1   2.91038304567337e-11  -2.91038304567337e-11
 5.820766091346741e-11  -2.91038304567337e-11 -2.182787284255028e-11 -7.275957614183426e-12                      1  -2.91038304567337e-11
  2.91038304567337e-11  -2.91038304567337e-11                      0                      0                      0                      1
