6
2

7.345769914027275e-05
0.0001472327944211277
0.0003888360058356243
0.0006751693939115645
  0.02279356540614654
   0.5698586708114914

   0.2530289453388205   -0.7585535530919029    0.5968114323240632 -0.003774952686031802  -0.02723683053099985  -0.06027336853468146
   0.6594294895224023   -0.3111119281152496   -0.6520032770007095   0.02478490731641018   0.09616715561235499    0.1827332204710379
 -0.06174326614233273   -0.0668537643527965  -0.08435349427432497   0.03970100903813442    0.7823284387727387   -0.6090885609255954
   0.1658754235637197    0.1540418300441882    0.1506857610800081   -0.9101837642267488    0.2422796960100682    0.1972722081318807
  -0.5519915279917689   -0.3660247666199033   -0.1504771351073543    0.0505691432366531    0.3892211244539196    0.6201915293578092
   0.4063343046530695      0.40698087705125    0.4077287851611276     0.408415921669597    0.4096092190265732     0.410405846623738

0.3977025796302076
0.3977402079750398
0.3977401344412784
0.3977994296358161
0.3977470813943145
0.3977074569264908

0.0004017979121993603
   0.3979373255290015

  0.9408593323118776    2.738755998668426   -1.455494723469826 -0.03650262628775688  -0.5674818616313596   -1.620105225390342
   0.944861650873033   0.8174980090275146  -0.5085602029306271 -0.01063665179140427 -0.06816926273472745  -0.1750172860486714

-1.400184879006433e-08  7.930347274144163e-09  6.395019229149865e-08 -2.974029456081112e-08  -0.001314597185628258   -0.00285025513351423
-3.626714447813909e-09  1.434006292013811e-08 -2.607307468254545e-09  7.506299976234369e-08 -0.0004571327106297274     0.1315796808992457

cov:
0.05377517647596179 0.05380714471535571  0.0538440140903903 0.05387695386435219 0.05393737327933505 0.05397626218110745
0.05380714471535571 0.05385724253392601 0.05391509461837826 0.05396759810515096 0.05406097992268226 0.05412235175877515
 0.0538440140903903 0.05391509461837826 0.05399727937615713 0.05407245623066508 0.05420404807744506  0.0542914819563263
0.05387695386435219 0.05396759810515096 0.05407245623066508 0.05416931352290617 0.05433600254801145 0.05444773676347816
0.05393737327933505 0.05406097992268226 0.05420404807744506 0.05433600254801145 0.05456342722591066 0.05471592860886523
0.05397626218110745 0.05412235175877515  0.0542914819563263 0.05444773676347816 0.05471592860886523 0.05489664630878147

cov.inverse():
   32010952.988659 -44950114.40600736  8240973.605244781   229480.733820011   1416490.95243271  3052286.967517464
-44950114.41941927  111181429.8097947 -74451674.77851881 -150199.3730526994  2184345.160359119  6185988.225671727
 8240973.623690317 -74451674.80092359   85715961.0060854 -1486014.962376798 -6261404.844812064 -11757640.62265057
 229480.7328510919 -150199.3715231869 -1486014.962858227  1858734.237615884 -149277.3184557868 -302667.6662446029
 1416490.950543874  2184345.163275563 -6261404.845676534 -149277.3184486533   4741207.71929979 -1931440.517618594
 3052286.965341659  6185988.230218594 -11757640.62526395 -302667.6661725701 -1931440.517448316  4753470.563619926

cov*(cov_.inverse()):
                     1  6.984919309616089e-10 -2.328306436538696e-10 -5.456968210637569e-12  5.820766091346741e-11  8.731149137020111e-11
 8.731149137020111e-11      1.000000000698492 -6.984919309616089e-10 -1.455191522836685e-11  4.365574568510056e-11  -2.91038304567337e-11
                     0  6.984919309616089e-10     0.9999999998835847 -1.818989403545856e-11                      0 -5.820766091346741e-11
 5.820766091346741e-11  6.984919309616089e-10 -9.313225746154785e-10     0.9999999999890861                      0                      0
-8.731149137020111e-11  1.746229827404022e-10 -8.149072527885437e-10 -7.275957614183426e-12      1.000000000043656  1.455191522836685e-10
-1.455191522836685e-10  2.328306436538696e-10 -1.164153218269348e-10 -3.637978807091713e-12                      0                      1
