5
2

 0.000119923419142205
0.0004634007919501153
0.0006393214139533951
  0.02020981186141094
   0.5190235573792575

 -0.6220938473517102   0.7766328347747629 -0.02356684986330193 -0.04669804434262166  -0.0842886782371049
  0.1140931934656443    0.114667677597509  -0.1731229453491739  -0.7142328017890442   0.6585848598027472
  0.1326661792798413   0.1255881280674682  -0.8676571248939388   0.4232752185955099   0.1861088657412793
 -0.6198517718362982  -0.4112546755241039   0.1275567467274169   0.3279521131092391   0.5681813624912988
  0.4451577856430787   0.4458586969121301   0.4476309186888783   0.4483038013816688   0.4491044762298236

 0.399402195490325
0.3994558874231821
0.3995443372336755
0.3995347471955217
0.3995272352156368

0.0001634298774750852
   0.3996053016808744

   3.159123173564935   -0.673207320474428  -0.1886749557589972  -0.6466875000870862   -1.650420617219494
   1.255484604210293    0.103475092984174 -0.03007576505744572 -0.08703783383492228  -0.2418267879085181

-3.328409865289825e-08 -6.638767272590925e-08 -3.376843727865159e-08  -0.001166174404254698   -0.00253964681410481
-9.714940326457693e-09  1.357504737354938e-08  5.060262956537654e-08 -0.0004045772012208694     0.1195899784748133

cov:
0.05353983413026849 0.05357106330258867 0.05364712173794811 0.05367713601716553 0.05371235442073728
0.05357106330258867 0.05362022516950708 0.05374251098357564 0.05378972146466593 0.05384555835903088
0.05364712173794811 0.05374251098357564 0.05398464946239894 0.05407579186895142 0.05418489019963749
0.05367713601716553 0.05378972146466593 0.05407579186895142 0.05418420239981384 0.05431282368996264
0.05371235442073728 0.05384555835903088 0.05418489019963749 0.05431282368996264  0.0544656163018954

cov.inverse():
 27014008.00523941 -33491837.31080122  645612.7430727334   1777390.02383723  4055460.978458101
-33491837.31094687  42039757.41407148 -1631822.102330561 -2773436.513572515 -4143449.039916416
 645612.7433579797 -1631822.102682481  2020095.123318182 -246091.3522917827 -787721.2700872361
 1777390.023909767 -2773436.513649647 -246091.3523159355  2965791.796565868 -1723594.915013718
 4055460.978245997 -4143449.039633045 -787721.2701297631 -1723594.915042467  2599343.889675287

cov*(cov_.inverse()):
     1.000000000203727 -5.820766091346741e-10 -7.275957614183426e-12                      0                      0
 2.328306436538696e-10     0.9999999993597157  1.455191522836685e-11 -4.365574568510056e-11   2.91038304567337e-11
-1.455191522836685e-10 -6.402842700481415e-10      1.000000000014552  -2.91038304567337e-11  5.820766091346741e-11
                     0 -5.238689482212067e-10                      0     0.9999999999854481  5.820766091346741e-11
 5.820766091346741e-11 -1.455191522836685e-10                      0 -1.455191522836685e-11                      1
