5
2

8.439749264470353e-05
0.0001651525853741106
0.0006729655000095925
  0.02037800409604913
   0.5173770862579919

 -0.3285962733006548   0.7778968741034106  -0.5304350462177887 0.007033902983361927  0.07409540057126758
 -0.6153731483104472   0.2405937251183939   0.6939044696111361 -0.03505577788143186  -0.2840743340447325
  0.1678998496049409   0.1738765680504922   0.1886244915259656  -0.8838147575975844   0.3533678749333531
   -0.53543986559321  -0.3281780799873519 -0.04084797377707485   0.1312504185141679   0.7659687126949138
  0.4454819506417436   0.4461582674260275   0.4470877911915047   0.4476230764142154    0.449705148390373

0.3977751627317723
 0.397816724118948
0.3979006455914675
0.3978780311929126
0.3978113857100692

0.0003359175730480472
   0.3980034452257153

  0.8884803266835321     2.73482832654241    -1.60593899417106 -0.04074041518189228   -1.976591463890006
   1.091649783144924   0.5348846900629173  -0.4062097590199857 -0.01560179007885415  -0.2047058383004538

 1.809629457137201e-08 -1.200677227010535e-08 -1.542871689513248e-07  -0.001173945969771911  -0.002448516030454154
  1.83460829296239e-09 -2.089987241007555e-08  6.391226595168791e-08 -0.0003746932657040388     0.1189300925610411

cov:
0.05324110118773194 0.05327564855699658 0.05332259990786634 0.05334809425793208 0.05345534290264543
0.05327564855699658 0.05332818572574213 0.05340003563937789 0.05344042340178227 0.05360267607623939
0.05332259990786634 0.05340003563937789 0.05350641825941119 0.05356745238669373 0.05380596071788919
0.05334809425793208 0.05344042340178227 0.05356745238669373 0.05364139983691451 0.05392497166215902
0.05345534290264543 0.05360267607623939 0.05380596071788919 0.05392497166215902 0.05437769470682598

cov.inverse():
 29105520.43228088 -41249309.70583482  8884564.795283027   138591.250874889  3120980.739091927
-41249309.70890184  87143494.78440297 -51735558.94051695  119520.8667156628   5721238.57594726
 8884564.799243532 -51735558.94502117  57232725.88910121 -1783766.965187004 -12597725.44131555
  138591.251127542  119520.8661523197 -1783766.964830575  1776836.448751388  -251089.000854561
 3120980.737945783  5721238.577947811 -12597725.44221571  -251089.000808826  4006548.915294388

cov*(cov_.inverse()):
    0.9999999999417923  6.402842700481415e-10                      0 -2.728484105318785e-11  5.820766091346741e-11
-2.328306436538696e-10        1.0000000007567  2.328306436538696e-10 -1.818989403545856e-12 -1.164153218269348e-10
 1.746229827404022e-10 -5.820766091346741e-11      1.000000000349246 -9.094947017729282e-12  5.820766091346741e-11
  2.91038304567337e-10 -1.164153218269348e-10  6.984919309616089e-10     0.9999999999690772 -1.455191522836685e-10
-3.201421350240707e-10  3.492459654808044e-10 -2.328306436538696e-10 -7.275957614183426e-12     0.9999999999708962
