6
2

8.149762989264341e-05
9.696940587571195e-05
0.0002149172349209817
0.0005344017752463444
  0.01818103970942777
   0.5662674040997067

 0.05271387383158976   0.1954245590581288  -0.7862691956759771   0.5828259480136248 -0.01439730268658973 -0.03029642142276023
  0.3798689158677609  -0.8245643724776385   0.1180174461087076   0.3980229895595176  -0.0144771568788079 -0.05686120402171625
 -0.6136811137854706  0.07613140773514274   0.4145924791523634     0.56931505298477  -0.1183563400529068  -0.3280011018027468
  0.0181928193654087  0.04697203071816252  0.08432992910068543   0.1053679466018754  -0.8154623142533848   0.5605978260509414
 -0.5571741823163538  -0.3284729969749863  -0.1499647783618724 0.001010622097530173   0.3913268630768099   0.6372089539128333
  0.4068688937849437   0.4074382955764496   0.4078783383364153   0.4082506081084908   0.4092180429066096   0.4098280542161923

0.3951520974158282
0.3952005274474948
0.3953063025935072
0.3952952560074044
0.3952730423110765
0.3952583882532056

0.000223518329816614
  0.3953649118490704

   2.262535359727678    1.360053823109583    2.574576304725302   -4.325120458447038  -0.4921327865019183   -1.379828752092071
   1.223631354989303   0.3835916320826807    0.275415197694437  -0.6716828706236186 -0.06295723366308351  -0.1480037306671199

-2.730575293175844e-08 -1.498899558140538e-08 -1.001874446284709e-07  -1.44443909767831e-07   -0.00104773113011277  -0.002503713329837102
-3.076303495795216e-09 -7.239494644995085e-10 -4.313784038718641e-08 -1.110927702511996e-08 -0.0003202049250609035     0.1301390719944694

cov:
0.05318522562521128 0.05321736876794194 0.05324189646550186 0.05326265649710016 0.05331700082970874 0.05335131445110047
0.05321736876794194  0.0532669410400957 0.05330504329351782 0.05333728784585815 0.05342129026723342 0.05347430836511554
0.05324189646550186 0.05330504329351782  0.0533537611266862 0.05339496284940116   0.053502112414594 0.05356973621982472
0.05326265649710016 0.05333728784585815 0.05339496284940116 0.05344375784930041 0.05357048464722935 0.05365045851697453
0.05331700082970874 0.05342129026723342   0.053502112414594 0.05357048464722935 0.05374813778215107 0.05385966939308472
0.05335131445110047 0.05347430836511554 0.05356973621982472 0.05365045851697453 0.05385966939308472 0.05399184754689618

cov.inverse():
 23920049.06623576 -32768031.84477494 -6975320.357989514  13147844.53438454  820777.2196712643  1854968.456667637
-32768031.85021664  78190428.70265238 -32786217.73670333 -16798764.10417413  516309.8613910197   3645747.24798699
-6975320.353008865 -32786217.75749473    98306733.698226 -58858599.07039534  219331.9309742219  93990.44353070251
  13147844.5366436 -16798764.08872632 -58858599.09291153  75047190.08770856  -3635859.77374216 -8901396.129200609
 820777.2192541024  516309.8615473954  219331.9317689809 -3635859.774179689  2685716.642866164 -606289.2448381289
 1854968.455286801  3645747.247732579  93990.44944121876 -8901396.133572346 -606289.2447416809  3912917.790358985

cov*(cov_.inverse()):
                     1  1.164153218269348e-10 -1.400621840730309e-10  6.984919309616089e-10 -1.091393642127514e-11  -2.91038304567337e-11
  1.01863406598568e-10      1.000000000349246 -7.794369594193995e-10 -5.820766091346741e-11 -2.546585164964199e-11  5.820766091346741e-11
                     0  2.037268131971359e-10     0.9999999997608029  1.746229827404022e-10 -3.637978807091713e-12 -5.820766091346741e-11
-8.731149137020111e-11                      0 -9.058567229658365e-10      1.000000000116415  1.455191522836685e-11  5.820766091346741e-11
-1.164153218269348e-10  1.746229827404022e-10 -3.383320290595293e-10 -5.820766091346741e-11                      1  5.820766091346741e-11
 1.455191522836685e-11   2.91038304567337e-10 -2.773958840407431e-10  1.164153218269348e-10 -3.637978807091713e-12      1.000000000029104
