5
2

5.370703444068782e-05
8.931209368531379e-05
0.0002864068955600376
  0.01777648164014146
    0.519653956358345

0.009488788322556924   0.4197002616038318  -0.8157241812037052   0.3977802361103195 -0.01125154502317061
 -0.5699102290074933    0.714698947980168   0.1854288083965367  -0.3594057621448014   0.0291787556695363
   0.382979033436411  0.02974402126159994  -0.3113857920527803  -0.6631824503231216   0.5618454229041874
 -0.5742720641965809  -0.3360905469248847 -0.05818860306316315   0.2686151464174747   0.6940567196849305
  0.4457027596956371   0.4463356826791217   0.4470606135608525   0.4479211120227221   0.4490400801420491

0.4014680805642752
 0.401523482750453
0.4015435519388689
0.4015510785588596
0.4015991916902815

0.0001519160356613253
   0.4016705457045411

 0.8051497881934498   1.992506762108746   3.857884068227065  -6.415764408029822 -0.2397494299452772
 0.8796916708632421  0.5885460728615505  0.4630690222343355 -0.8941454600051959 -0.0371533522350648

 -1.39966005349352e-08  3.174235581631404e-08  2.695839603911886e-07  -0.001025839552500129  -0.002301030198986493
-1.377702947516246e-09  2.595851257268854e-09  6.417312043072385e-08 -0.0003147076891857832     0.1200599062303578

cov:
0.05374797793988758 0.05378091491010864 0.05381772617841313 0.05386197954654177 0.05391948698113497
0.05378091491010864 0.05383191094461297 0.05388976572157704 0.05395876946650536 0.05404845749847687
0.05381772617841313 0.05388976572157704 0.05397218336775703   0.054070062613482 0.05419729663174087
0.05386197954654177 0.05395876946650536   0.054070062613482 0.05420190795060528 0.05437329931443018
0.05391948698113497 0.05404845749847687 0.05419729663174087 0.05437329931443018 0.05460235034552547

cov.inverse():
 42538878.69941954 -49543176.73504991 -17385530.34919786  23890357.02903529  500142.8999466602
-49543176.73498019   125115715.031284 -102190300.3960815  25435763.92880309  1180221.810220225
-17385530.34936244 -102190300.3978734  236180250.1180094 -118330145.5823684  1727331.040009946
 23890357.02915796  25435763.93217856 -118330145.5871978  76411705.38457841 -7408144.983019712
 500142.8999188465  1180221.808706434  1727331.042882806 -7408144.984350945  4000432.095993983

cov*(cov_.inverse()):
     1.000000000221917 -1.207808963954449e-09  -1.33877620100975e-09 -6.402842700481415e-10                      0
-1.309672370553017e-10      1.000000000283762 -1.760781742632389e-09  5.820766091346741e-11                      0
 1.309672370553017e-10  -1.01863406598568e-10     0.9999999977881089  4.656612873077393e-10  -2.91038304567337e-11
 3.783497959375381e-10 -3.856257535517216e-10 -8.731149137020111e-11     0.9999999997089617                      0
 3.274180926382542e-11 -8.731149137020111e-11  2.182787284255028e-10 -1.746229827404022e-10                      1
