5
2

0.0001055844530930509
0.0002697819157936917
 0.000661520977750262
  0.01458702697049988
   0.5190676279977031

  0.4593619385182196  -0.8002462258694177   0.3842010728589756 -0.01693596322372638 -0.02636846954666882
 -0.4133617280829761   0.1610466023478283   0.7965013556978034   -0.170361492789261  -0.3738430496540662
 0.06487913252093053  0.08622460829615973   0.1044919951418861  -0.8151153204523532   0.5594858822192306
 -0.6443013595524872  -0.3562278787323435  0.08302979329505786   0.3250782502496789   0.5877139109572437
  0.4458532801709414   0.4464717070453653   0.4473953535322223   0.4478853430318568   0.4484573385549888

0.3987418628899563
0.3987993931162032
0.3989025044157676
0.3988995222800127
0.3988882270564371

0.0001077144357285413
   0.3989397797583413

   2.782143581274387    3.518221377482127   -5.472409813973473  -0.1433801397304682  -0.6845877746873467
   1.241951232627097   0.6595182805720212  -0.7996503254646995 -0.01847418023991584 -0.08335969385299374

-4.035000019805307e-08 -3.393008881171632e-07 -1.549614413384667e-07 -0.0008403059189231403   -0.00224782467867633
-2.920656268933157e-09 -7.349363913187252e-08  9.761495731851418e-09 -0.0002460862496077749     0.1198340705311929

cov:
0.05364726863032475 0.05368204161190419 0.05373276359178955 0.05375844167034344 0.05379119263555426
0.05368204161190419 0.05373461748303348 0.05381242849953857 0.05385298160664783  0.0539019310357742
0.05373276359178955 0.05381242849953857 0.05393157013809493  0.0539948110813418 0.05406845177325078
0.05375844167034344 0.05385298160664783  0.0539948110813418 0.05407102293990611  0.0541577269563621
0.05379119263555426  0.0539019310357742 0.05406845177325078  0.0541577269563621 0.05426002614000339

cov.inverse():
   21287461.338455 -33875325.63639364  11322761.56207029  147870.3370587608  1117858.361030717
-33875325.63683706  57818286.89688286 -25796355.14658616   677608.316110562  1174863.274815385
 11322761.56300765 -25796355.14783869  21982479.26964655 -2642547.000943257 -4866119.542012607
 147870.3368508981  677608.3164387954 -2642547.001049832  1943267.863320301  -126116.116473811
 1117858.360744632  1174863.275296279 -4866119.542221227 -126116.1164600094    2699526.4976466

cov*(cov_.inverse()):
     1.000000000247383 -4.874891601502895e-10 -1.746229827404022e-10 -2.000888343900442e-11                      0
 5.093170329928398e-11     0.9999999999854481 -5.820766091346741e-11  3.637978807091713e-12                      0
-5.820766091346741e-11 -2.182787284255028e-10     0.9999999998835847 -3.183231456205249e-11                      0
-1.673470251262188e-10  2.692104317247868e-10                      0     0.9999999999763531  -2.91038304567337e-11
-1.455191522836685e-11  5.820766091346741e-11  5.820766091346741e-11 -2.728484105318785e-12                      1
