7
2

8.206452484853785e-05
0.0001026983156822723
0.0002119829174902275
 0.000508593330924647
0.0006754787205420433
  0.01920147139228529
    0.614500832901952

-0.08513564804953358  -0.0828577532389376   0.7498423584760228  -0.6490059338142156 0.003138308402272648  0.01868156209577197  0.04533651647920106
  -0.385520033051616   0.8410807429118911  -0.2186627101505931  -0.3057443080683708  0.01318655105947998 0.006122960619043816  0.04952927938570659
  0.6020912154499606  -0.0662375606281983  -0.4493179442322566  -0.5645335095942891  0.06311594600574356   0.1014540361517785   0.3134286382645701
-0.03085093877492288 -0.05842961554521644  -0.1013739982765043  -0.1248950337302121   0.1525676588216469   0.7645833611618019  -0.6015763758186581
  0.0866536800396281  0.09255324897552834  0.07930791212486249  0.08766773720178818  -0.8963574441667989   0.3621614704661042   0.1879682429682457
 -0.5756812663412298   -0.356623545269565  -0.1701191986663809 -0.02266630841101492   0.1610613336714742   0.3605741064107325   0.5966590180608328
  0.3764874934458112   0.3770542206151279   0.3775307502820812   0.3779093401456894   0.3783626987636852   0.3788908207780776   0.3795072586021018

0.3987405047863832
0.3987970069915914
0.3989056459198073
0.3988985176544944
0.3988942278462098
0.3988818837604634
0.3988794451367794

0.0001265054422913219
   0.3989413331607705

   1.858848508292075    1.584526690182722    2.404701329093181   -3.826919878768964  -0.1058496254012035  -0.4984389781432715   -1.416854722985387
    1.14907361593963   0.4600934036005122   0.2344549084072096  -0.6150574124952092 -0.01642198938949085 -0.06858304779280824  -0.1435774348167672

  2.64225899124807e-08  1.250560121130148e-08  7.157787047811078e-08  1.395140925494227e-07 -8.624279387359402e-08  -0.001105971205266436  -0.002909318379227749
 2.903876964664215e-09  7.701462183847209e-10  3.820754940772924e-08  5.728643894865036e-09  3.181210293862294e-08 -0.0003556319219101562     0.1417863750375427

cov:
0.05364590248181975 0.05367995378744814 0.05370810749374573 0.05373063150557844 0.05375606134339894  0.0537888413091811 0.05382637790230658
0.05367995378744814  0.0537318549023623 0.05377517184150656 0.05380968852800895 0.05385003495658394 0.05389903953291678 0.05395577910851537
0.05370810749374573 0.05377517184150656 0.05383142288663233 0.05387614239746389 0.05392919631317627 0.05399200021987593 0.05406509698782788
0.05373063150557844 0.05380968852800895 0.05387614239746389 0.05392894639120951 0.05399203841163178  0.0540657651417011 0.05415179113688653
0.05375606134339894 0.05385003495658394 0.05392919631317627 0.05399203841163178 0.05406813706998431 0.05415494915154687 0.05425705940863017
 0.0537888413091811 0.05389903953291678 0.05399200021987593  0.0540657651417011 0.05415494915154687 0.05425736227591704 0.05437664585613183
0.05382637790230658 0.05395577910851537 0.05406509698782788 0.05415179113688653 0.05425705940863017 0.05437664585613183 0.05451712128986193

cov.inverse():
 23256308.97659845 -30558770.58463297 -7479274.506246822  11847849.42028124  135308.3233118308  876397.4124219224  1922475.881244178
-30558770.58455659  68222533.98582374 -25961657.32430521 -15518929.71352095  703492.4726459801  9299.123806659509  3103433.002751841
-7479274.504412375 -25961657.33254877   92568618.1320321 -60213924.68595028 -770721.1744210368  701807.9511197339  1155221.711358834
 11847849.41761389 -15518929.70211031 -60213924.69608711  78576598.68179415 -1723516.352730558 -3551982.552472567  -9415848.08214871
 135308.3238832057  703492.4713576738 -770721.1739980018 -1723516.352352143  1957575.227634792 -101491.3455754835   -200552.50562622
 876397.4120994239  9299.123402403206  701807.9527524677 -3551982.553262657 -101491.3455735846  2832245.377973583 -766245.8760083669
 1922475.881751836  3103433.001353675  1155221.713030719 -9415848.083130462 -200552.5055436126 -766245.8758905834  4201397.110103296

cov*(cov_.inverse()):
     1.000000000087311  1.455191522836685e-10  1.455191522836685e-11 -1.746229827404022e-10  1.818989403545856e-12  1.455191522836685e-11  5.820766091346741e-11
 2.619344741106033e-10      1.000000000232831  8.440110832452774e-10  -2.91038304567337e-10  7.275957614183426e-12                      0                      0
 2.037268131971359e-10  1.746229827404022e-10       1.00000000061118 -3.492459654808044e-10 -2.182787284255028e-11  2.182787284255028e-11   2.91038304567337e-11
-1.455191522836685e-10  5.238689482212067e-10  5.384208634495735e-10     0.9999999989522621 -7.275957614183426e-12  2.182787284255028e-11   2.91038304567337e-11
 3.346940502524376e-10  3.492459654808044e-10 -4.147295840084553e-10   2.91038304567337e-10      0.999999999994543 -7.275957614183426e-12   2.91038304567337e-11
-1.891748979687691e-10  6.693881005048752e-10   1.04046193882823e-09 -8.731149137020111e-10  3.637978807091713e-12      1.000000000029104   2.91038304567337e-11
 1.164153218269348e-10  1.164153218269348e-10  9.458744898438454e-11                      0  3.637978807091713e-12                      0      1.000000000058208
