5
2

8.818808388875374e-05
0.0003020755303392011
0.0006624353380207421
  0.01360882761690954
   0.5184485771476948

 -0.1827034457563915   0.7648574846383521   -0.617051618641389 0.006251786444803118  0.02864776081520273
 -0.4610796116282415   0.4212570272982519   0.6377635130841719  -0.1884596131895205  -0.4094982103350175
 0.08008057149161213  0.09060531259552446    0.105613299776057  -0.8222858882335907   0.5459574418591178
 -0.7409088752446936   -0.172139816309816  0.03577063139082651   0.2962529761529907   0.5765210822466631
  0.4457198484504721   0.4468714648697355   0.4472932976816131   0.4477990414182409   0.4483797887243333

0.3992170637968394
0.3993914454214871
0.3993882834171027
0.3993835393622032
0.3993794210504987

4.462957283683115e-05
   0.3994076173222046

   3.793600480980369    4.009484534086281   -6.852771989220801  -0.2228619969194303  -0.7274946697225327
   1.491605107710887   0.5235811460999973  -0.8914433493713149  -0.0326651268470789 -0.09109969291121031

 5.117248051135729e-08 -3.732719240995658e-07 -1.187424004400414e-07  -0.000783669363057495  -0.002307020101040809
 5.251093415696655e-09 -9.054292417878897e-08  2.188093971814616e-08 -0.0002387893733965028     0.1195036019792619

cov:
 0.0535009576388939 0.05356084395878206  0.0535828460985491  0.0536076953071062  0.0536388714335389
0.05356084395878206 0.05368107675864308 0.05372511727388975 0.05377749502149889 0.05383836196094289
 0.0535828460985491 0.05372511727388975  0.0537772304492476 0.05383966629413554 0.05391139522308092
 0.0536076953071062 0.05377749502149889 0.05383966629413554 0.05391518005232557 0.05399996809734176
 0.0536388714335389 0.05383836196094289 0.05391139522308092 0.05399996809734176 0.05410022028380706

cov.inverse():
 6639527.893283891 -20079684.68514775  11292553.23937654  654163.5294645574  1493495.556621186
-20079684.68449171  77184984.13839389 -57719087.28851043 -425242.1887124588  1039147.387580987
 11292553.23847536  -57719087.2869311  53440839.09833508 -2011058.845263628 -5003524.582398908
 654163.5294525296 -425242.1886825535 -2011058.845275754  1935573.590087482 -153348.2567018295
 1493495.556878376  1039147.386627755 -5003524.581708619 -153348.2566960774  2624266.262937307

cov*(cov_.inverse()):
    0.9999999998981366  4.365574568510056e-11                      0 -2.182787284255028e-11                      0
 -2.91038304567337e-11      1.000000000029104 -2.328306436538696e-10 -9.094947017729282e-12   2.91038304567337e-11
 2.473825588822365e-10 -2.110027708113194e-10      1.000000000174623   -1.2732925824821e-11  -2.91038304567337e-11
-1.455191522836685e-11 -1.673470251262188e-10 -4.656612873077393e-10     0.9999999999836291   2.91038304567337e-11
 1.455191522836685e-11   2.91038304567337e-10 -2.328306436538696e-10 -7.275957614183426e-12                      1
