5
2

8.324087207428228e-05
0.0003285707636786298
 0.000404787554917357
  0.01790190798959275
   0.5776975514493569

  -0.5926766166560392    0.7954509502935654  -0.04327910449069507  -0.05332165777030955   -0.1061881993129356
  -0.2971056386497668   -0.2271773113741171    0.4380780566186142    0.6196054988699832   -0.5331935396820554
   0.1267248614369701   0.08711143250655455   -0.7786085431501628    0.6069124572321885  -0.04217124150893688
  -0.5884550095914457   -0.3303043059707711 -0.007047560496547844    0.2103871858142509    0.7073240636936553
   0.4451114228282361    0.4460481124920436     0.447139356183697    0.4479289317338766     0.449825489359469

0.4225874310010437
0.4225964453647564
0.4226700251658718
0.4226073849880787
0.4225910487502676

0.0003056614704821369
   0.4227691576094658

   4.148533351775346   -1.778605127662025  -0.2000426157407378  -0.3424898165925133   -1.827431879596126
   3.328944351034917   -2.441507141543108 -0.04872217050537453   0.3908328473103694  -0.2295294437559293

-2.530874699951934e-08 -1.662153394777855e-08  6.484384372204742e-08  -0.001030971191110784  -0.003893793693033228
 -2.70887084503693e-08 -9.844911976970122e-09  8.094224877532793e-08 -0.0003949176531506802      0.147761950460859

cov:
0.06623185558964498 0.06632230727187202 0.06642341254243832 0.06649972082422674 0.06668776044972408
0.06632230727187202 0.06643442315200893 0.06656261570616348  0.0666571518408712  0.0668868917758601
0.06642341254243832 0.06656261570616348 0.06672486948818378  0.0668420352719778  0.0671239565501936
0.06649972082422674  0.0666571518408712  0.0668420352719778 0.06697487874875098 0.06729175795385824
0.06668776044972408  0.0668868917758601  0.0671239565501936 0.06729175795385824 0.06768919102241557

cov.inverse():
 51611409.27311051 -67345826.94089219  1894113.450625303  3324706.749585424  10516272.66480548
-67345826.94021395  91842108.05551541 -6304202.593444601 -7102691.161443958 -11091507.53518439
 1894113.451639609 -6304202.594886343    5747818.6854695 -36673.05518890186 -1299974.241822286
  3324706.74671352 -7102691.157606082 -36673.05555447123  6214566.754190344 -2398725.573244881
  10516272.6659845 -11091507.53690184 -1299974.241884217 -2398725.572644426  4273129.323464294

cov*(cov_.inverse()):
     1.000000000116415 -9.313225746154785e-10  1.455191522836685e-11  5.820766091346741e-11                      0
-2.328306436538696e-10     0.9999999997671694                      0  5.820766091346741e-11 -1.164153218269348e-10
-8.149072527885437e-10 -2.328306436538696e-10      1.000000000029104  5.820766091346741e-11 -1.746229827404022e-10
-5.820766091346741e-10 -3.492459654808044e-10  1.455191522836685e-11                      1 -5.820766091346741e-11
-3.492459654808044e-10 -2.328306436538696e-10  -2.91038304567337e-11  -2.91038304567337e-11     0.9999999999417923
