5
2

7.885221132732718e-05
0.0001161119000517274
0.0001566443327669259
 0.008715532002548926
   0.5755390685761126

0.02588654750295889 0.04280300225246805  0.3178841870765434 -0.8342737775657162  0.4476993380936222
-0.2406060412035951 -0.2045885181891059  0.8341415214274619 0.05931737062205928 -0.4482651480259019
 0.6201407978232485 -0.7780108099184868 0.03220897805759029 0.03841605752535289 0.08724310162883886
-0.5977816815580984 -0.3890028064336216 0.04563956232786268  0.3142302811289373  0.6249081840978629
 0.4466778163995027  0.4468640033165662  0.4472551597470628  0.4474955313235576  0.4477745664969597

0.4015528986981401
0.4017434591725225
0.4017477310748118
 0.401750436975351
0.4017534612777757

-7.182370525420572e-05
    0.4017309765136599

-0.2304419953665354   1.760355770273165   6.527199276473931   4.290682941044198  -12.34774789366034
 0.9575602105017633  0.3896777027836704  0.6646751831196114   0.378824562081914  -1.390744736124541

-4.329617055187744e-08  1.473509870370619e-07 -5.434241114646741e-08 -0.0005026364663516537  -0.001959700805729889
-4.264836631578099e-09  1.200176166618399e-08  5.036979834996689e-09 -0.0001096650679787859     0.1477073527255877

cov:
0.06611755533829289 0.06613560195676872 0.06617375027209454 0.06619712193474024   0.066224303346209
0.06613560195676872  0.0661570190569908  0.0662020572038126 0.06622970254671118   0.066261826405018
0.06617375027209454  0.0662020572038126 0.06626152715769987 0.06629805864466892 0.06634047194546824
0.06619712193474024 0.06622970254671118 0.06629805864466892 0.06634010548346363 0.06638887566663809
  0.066224303346209   0.066261826405018 0.06634047194546824 0.06638887566663809 0.06644501715619099

cov.inverse():
  20079423.8459703 -15830398.03694245 -12749366.55742351 -3563582.865032628  12063906.66058465
-15830398.03613055  28069728.20430366 -11491213.92262685 -7863023.795422449  7114987.824994583
-12749366.57262708 -11491213.91908443  67903497.77768728 -38932383.91806742 -4730620.386049069
-3563582.839329317 -7863023.798826344 -38932383.96636071  112263491.2937717 -61904418.21270072
 12063906.64927309  7114987.825667923 -4730620.349417015 -61904418.23869459  47456100.48029894

cov*(cov_.inverse()):
     0.999999999650754   2.91038304567337e-10  4.656612873077393e-10 -4.656612873077393e-10                      0
-1.164153218269348e-10     0.9999999997671694  2.328306436538696e-10  4.656612873077393e-10 -4.656612873077393e-10
-4.656612873077393e-10  1.746229827404022e-10     0.9999999995925464  4.656612873077393e-10                      0
-1.164153218269348e-10  1.164153218269348e-10 -1.164153218269348e-10     0.9999999995343387                      0
-1.164153218269348e-10  5.820766091346741e-11                      0  4.656612873077393e-10     0.9999999995343387
