5
2

5.495065152414043e-05
0.0001700690179589597
0.0004365686269425326
  0.01671556616769457
   0.5213321264177111

-0.4174558631016064  0.8087416124719806 -0.4139422778122636 0.00573145598065759 0.01692771899133239
-0.4773665490647232  0.1618176566094115  0.7817156615639398 -0.1186196246950939 -0.3475431382523938
0.06135030616475294 0.09381255971980786   0.131988229359432 -0.8250432547984647  0.5378829599405677
-0.6291457121182352 -0.3344786540022402 0.01093709503245941  0.3229629570945215  0.6227961233317867
   0.44526800137991  0.4461785336850329  0.4472492620095191   0.448213220583524  0.4491482267046146

0.4023525066709926
0.4023628959880827
0.4023578333975384
0.4024046458917265
0.4023700181773866

0.000268852965253892
  0.4025241114294733

   3.016179897208334    3.497658298498733    -5.96488369983626 -0.09218675808598348  -0.4567602902340831
   1.719116880245403   0.6125766003404584   -1.272412561411159 -0.02474004393761473 -0.03459682907776446

    1.217020349473e-08 -1.552323972604597e-07 -8.457567652708261e-08 -0.0009631236195256851   -0.00290099806051364
 9.171614480202626e-10 -4.920546086024643e-08 -6.108847929954591e-10 -0.0003715937634727545     0.1204215009463149

cov:
 0.0539961092192104 0.05405449071767526 0.05412334116286785 0.05418514741285254 0.05424561161291118
0.05405449071767526 0.05413737491766492  0.0542349366101612 0.05432265041493536 0.05440803639800663
0.05412334116286785  0.0542349366101612  0.0543661627971618 0.05448424691645797 0.05459884846521087
0.05418514741285254 0.05432265041493536 0.05448424691645797 0.05462998553837167 0.05477072983797412
0.05424561161291118 0.05440803639800663 0.05459884846521087 0.05477072983797412 0.05493718625032113

cov.inverse():
 65613084.80021276 -114448222.0226371  44368144.35135063  899078.4704413936  3567498.700693204
 -114448222.028348  217559593.3358269 -106428998.9962862  464948.3149756121  2853418.051421254
 44368144.36132024 -106428999.0100225  77964682.00217307 -4562983.656952668 -11341101.18736469
 899078.4683285549  464948.3191621697 -4562983.659179431  4069211.721263987  -870230.752971373
 3567498.698547282  2853418.055260117 -11341101.18890456  -870230.753124431  5790344.176492192

cov*(cov_.inverse()):
     1.000000000349246  8.731149137020111e-11  8.149072527885437e-10 -1.455191522836685e-11                      0
 2.328306436538696e-10      1.000000000698492  8.149072527885437e-10 -5.093170329928398e-11 -5.820766091346741e-11
                     0 -2.037268131971359e-10      1.000000000116415  7.275957614183426e-12 -1.164153218269348e-10
                     0 -6.111804395914078e-10  8.149072527885437e-10      1.000000000007276                      0
 7.566995918750763e-10 -5.238689482212067e-10  3.492459654808044e-10  1.455191522836685e-11                      1
