5
2

0.0001410630310529075
 0.000317961443987624
0.0003794676769754637
  0.02178085430467309
   0.5773086917307144

  0.5088474069045215  -0.8383899836696945   0.0762218892246405    0.114912476930105   0.1384265076410179
 0.01335801925953692 0.008639659608271025  -0.3611427216309403   0.8066659145666826  -0.4675606447217405
  0.2868482455378847   0.1630754605457878  -0.8147529109166264   -0.101217972269489   0.4658938660705395
 -0.6792298077192496  -0.2673974133068063 -0.00169736839778339    0.352690957082218   0.5854499973485803
  0.4441405544931867   0.4460186196660306   0.4471475945472931   0.4488309657367323   0.4499070477910915

0.4216641645837563
0.4217369646226731
0.4218219953799252
 0.421790999430635
0.4217694864383229

0.0001961247405764332
   0.4218786782299223

  1.781822362274627  0.6399655410933482 0.03135226607433033 -0.7522862693879538  -1.700774803403531
  1.683695211188849 -0.5706010142422828  0.0231339662959176 -0.2679753125424646  0.1319580317024049

 1.007780078432066e-09  2.086488348490035e-08 -1.818733795425307e-08  -0.001253611320976232  -0.004001001658174783
 2.635327025807478e-08 -2.716124087678819e-08  6.619020680646169e-08 -0.0004783600916553643     0.1475574703758632

cov:
0.06596302619386568 0.06610830409370685 0.06618977292958267 0.06632479157829675 0.06640909908913055
0.06610830409370685 0.06633525786046106 0.06646933774777714 0.06667463459192657   0.066805080963608
0.06618977292958267 0.06646933774777714  0.0666375019689855 0.06688795929861269 0.06704811796435885
0.06632479157829675 0.06667463459192657 0.06688795929861269 0.06719915340743134   0.067398955983538
0.06640909908913055   0.066805080963608 0.06704811796435885   0.067398955983538 0.06762505672530315

cov.inverse():
 13586296.71080366  -21112752.1128746  278378.9081641336  2842963.825744547  4405287.456181781
-21112752.11194085  35509236.60001385 -4165006.765968161 -4887469.530005373 -5344947.387641344
 278378.9067139203 -4165006.763728985   6192038.03899358 -1868655.026998311  -435672.496664057
 2842963.825982101 -4887469.530581554 -1868655.026673363  7171346.495907817 -3258294.241158818
 4405287.456460431 -5344947.388370194 -435672.4962000321 -3258294.241172556  4633432.311164654

cov*(cov_.inverse()):
     1.000000000058208 -3.492459654808044e-10 -1.818989403545856e-11  1.164153218269348e-10 -5.820766091346741e-11
 5.820766091346741e-11                      1 -4.001776687800884e-11  5.820766091346741e-11 -1.164153218269348e-10
-5.820766091346741e-11  5.820766091346741e-11     0.9999999999636202  5.820766091346741e-11 -5.820766091346741e-11
 1.164153218269348e-10 -3.492459654808044e-10  3.637978807091713e-12      1.000000000029104                      0
                     0                      0 -7.275957614183426e-12   2.91038304567337e-11                      1
