5
2

0.0001392164752595887
0.0003280619538655581
0.0003583463515448292
  0.02205531412061067
   0.5777714430501055

 0.5123434598129893 -0.8377632770369698 0.09427619873988966  0.1205858193813261   0.110579968124541
 0.1376702979960059 0.05273713701044593 -0.1218504430220099 -0.7275068649428029  0.6589020522248102
 0.1515991622801513 0.08333792412932373 -0.8696421178969136  0.3962311394685699  0.2383190199983651
-0.7060669510606309 -0.2994530788452861  0.1394622320280624   0.312817935335724  0.5426716681015048
 0.4438898769429739  0.4458184944572324  0.4478139574689681  0.4487077501815211  0.4498129184121529

0.4218821406383125
0.4219520237152913
0.4219785367463573
0.4220015323886103
 0.421978226597082

0.0002136193410261907
   0.4220990318772699

   1.723048375307582   0.8309641897435847   -0.188185121469846  -0.7248706011409718   -1.640921935156632
   1.767818781886482  -0.8955701819844076   0.4984898275214047  -0.3497611470323703 -0.02068942417122072

-1.937392127860649e-09 -2.689462360677329e-08 -2.364862842511614e-08  -0.001269065851766157  -0.004116642847984301
 3.214449867128734e-08  4.049123901494372e-08 -4.926656405311721e-08 -0.0005015824771677691     0.1476948850241956

cov:
0.06601778182528978 0.06616389254144897 0.06630881832776032 0.06638173555931247 0.06646657105033579
0.06616389254144897 0.06639170658936906 0.06662471656721797 0.06673249135232469 0.06686349056134067
0.06630881832776032 0.06662471656721797 0.06695290294582422 0.06709814229322783 0.06727894560377172
0.06638173555931247 0.06673249135232469 0.06709814229322783 0.06725851208045153 0.06745891187553639
0.06646657105033579 0.06686349056134067 0.06727894560377172 0.06745891187553639 0.06768562926220556

cov.inverse():
 13899920.84020335 -21980022.46613982  1309454.252611929  2724409.296847071  4046598.420786368
 -21980022.4659978   36292850.7028034 -4699316.596385996 -5311910.881762425 -4302673.476403201
 1309454.252899721 -4699316.596957026  6486041.021264662 -1273061.254791009 -1821906.638243882
  2724409.29582384 -5311910.879992361 -1273061.255319241  6890784.844266048 -3030242.488626421
 4046598.421379812  -4302673.47746027 -1821906.637998907 -3030242.488407716  5107761.696396077

cov*(cov_.inverse()):
     1.000000000291038 -4.074536263942719e-10  7.275957614183426e-11   2.91038304567337e-11                      0
                     0      1.000000000523869 -7.275957614183426e-11 -8.731149137020111e-11 -1.164153218269348e-10
 1.746229827404022e-10  -2.91038304567337e-10                      1                      0 -5.820766091346741e-11
-5.820766091346741e-11                      0 -5.820766091346741e-11     0.9999999999708962 -5.820766091346741e-11
                     0 -5.820766091346741e-11                      0                      0     0.9999999999417923
