5
2

7.161206997338918e-05
0.0001031045484697445
0.0004202506150834917
  0.01177582488764338
   0.5076951684131764

 -0.02351077305748737    0.3419957595419739   -0.8026848858928555     0.488025086019923 -0.003825360109651716
  -0.5138991198754386    0.7622983787444745    0.1104199209548132   -0.3771983995266247   0.01837620215608086
   0.3136644936205947  -0.03245205416951758    -0.372589493443541   -0.5697862137518388    0.6611219173614986
  -0.6616669667894376   -0.3182604704797406   0.06783139241306313    0.3074341527450225    0.6014900181374042
     0.44628057166192    0.4467630460647427    0.4473034614155107    0.4476391349671001    0.4480795133452002

0.3828695401591118
0.3828925575954249
0.3829684430210785
0.3829407665466122
0.3829184876521767

0.0005561822049581396
   0.3831243263813806

    1.60721494961904    4.417121750504908    2.149733883782365   -7.967844500054222   -0.206270701739932
   1.164388864790169   0.7683215672773626 -0.03844684607611279   -0.872774698306453 -0.02149932891685521

-2.123330850817354e-08  6.144732629507273e-08   6.99980348355661e-07 -0.0006790775239938682   -0.00177482278447766
-8.185054538856151e-10  3.315462915563835e-09  1.479466885546646e-07 -0.0001801080352369661     0.1147993911368113

cov:
0.05139672988907618 0.05142069439233489 0.05144741840691803 0.05146403841344874 0.05148778094205512
0.05142069439233489 0.05146111113716914  0.0515062979306011 0.05153437747020357 0.05157210696428428
0.05144741840691803  0.0515062979306011 0.05157226278896943 0.05161322491722244 0.05166668552493944
0.05146403841344874 0.05153437747020357 0.05161322491722244 0.05166219500314389 0.05172541575792909
0.05148778094205512 0.05157210696428428 0.05166668552493944 0.05172541575792909 0.05180094763292541

cov.inverse():
 25510793.63565604 -38474830.14222706 -2320011.090440658  14983641.20166816  300498.6311741531
 -38474830.1302488  77476848.19452177  -45543188.8372828  5601201.878116033   939759.695125266
-2320011.121435542 -45543188.78915308  127570055.5900079 -79101941.82592654 -604828.4763442724
 14983641.22045481  5601201.842216584 -79101941.80851948  61664983.74317797 -3147664.180834596
 300498.6314041035  939759.6948732469 -604828.4766163676 -3147664.180540431  2512064.582542543

cov*(cov_.inverse()):
     1.000000000061846 -5.311449058353901e-10  -5.20230969414115e-10 -1.746229827404022e-10                      0
 1.764419721439481e-10      0.999999999483407 -6.111804395914078e-10   4.94765117764473e-10                      0
-1.418811734765768e-10 -1.455191522836685e-10     0.9999999994070095  -2.91038304567337e-11 -1.455191522836685e-11
 6.548361852765083e-11 -2.764863893389702e-10 -5.820766091346741e-10      1.000000000087311 -4.365574568510056e-11
 4.001776687800884e-11 -5.093170329928398e-11 -2.619344741106033e-10  3.783497959375381e-10     0.9999999999854481
