6
2

5.819591632824129e-05
0.0001278490919088636
0.0004313023557103078
0.0005741709708138844
  0.01648197500470755
    0.606597987475882

    0.231992021847553   -0.7822747771835526    0.5777541504507363 -0.001596460811251728  -0.00626856123621047  -0.01960032834830908
   0.6271507485202747   -0.3147543116431054   -0.6693552106311971   0.04552942804175176   0.08860450867393088    0.2228263363210055
 -0.09126426182754578   -0.1089654533519281   -0.1225811165028635    0.1641713217256567    0.7594904595413705    -0.600827140993382
   0.1573115031673999    0.1291534489865123    0.1176527373870611   -0.8944064649372138    0.3559953842223995    0.1342932346110381
  -0.5955783435379933   -0.3075321577278174   -0.1517707821301279   0.06456582736601994    0.3477833951184045    0.6344714354325811
   0.4062905396663452    0.4072416786608021    0.4077512435194599    0.4084612944123076    0.4093875725282565    0.4103441511389438

0.4165475260944178
0.4165983987535489
0.4166906845890906
0.4167287670482451
0.4167169043520662
0.4167377071156315

-0.0001962294168883408
    0.4166240741909709

   4.520702714776823   0.9485970784482369   -3.505480481250783  -0.1390327502022182  -0.4586493103702625   -1.366062788059248
   2.194319733655653   0.1065159152554202   -1.065293876107513 -0.02338051222298571 -0.03258879110048163  -0.1796641081590007

-5.719331762909824e-09  7.407135017231296e-08  6.759386448195979e-08  6.556045147208645e-08 -0.0009473557498865884  -0.004212313352907577
-6.298532703973226e-10  3.288229981226024e-08 -3.584314985100893e-10  7.213112667264494e-08 -0.0003544563854506843     0.1486263287284144

cov:
0.06083645491239621 0.06093203413746361 0.06098300973924016 0.06105410968064364 0.06114682024930686  0.0612434570036593
0.06093203413746361 0.06105050397060702 0.06111384707352707  0.0612021231495162 0.06131730526931594 0.06143671447303361
0.06098300973924016 0.06111384707352707 0.06118388491644683 0.06128144437076451 0.06140877755585675 0.06154050032032922
0.06105410968064364  0.0612021231495162 0.06128144437076451 0.06139226569118288 0.06153610038187254 0.06168492445339911
0.06114682024930686 0.06131730526931594 0.06140877755585675 0.06153610038187254 0.06170262226434718 0.06187358752267248
 0.0612434570036593 0.06143671447303361 0.06154050032032922 0.06168492445339911 0.06187358752267248 0.06206757758104654

cov.inverse():
 40075442.04952297  -65546447.3797713  14010278.01997272  1130072.237270629  2766738.476535019  7564396.804078141
-65546447.40552953  186865626.9511939  -120442153.841927 -954619.3532818594 -564109.0514531008  640275.4496576277
 14010278.05187025 -120442153.8857818  126093513.0750147 -2564217.110421658 -5071403.544768289 -12025055.33041603
 1130072.236670372  -954619.351544594 -2564217.111542069  2699015.913019869 -45699.58890486362 -264528.5308562787
 2766738.474879493 -564109.0451372715 -5071403.549788745 -45699.58884488003  3977624.220325086  -1063064.12982826
 7564396.800194829  640275.4597010626 -12025055.33623274 -264528.5308996507 -1063064.130128379  5147868.136195935

cov*(cov_.inverse()):
     1.000000000291038  1.957232598215342e-09 -9.313225746154785e-10 -1.455191522836685e-11 -6.548361852765083e-11                      0
 6.984919309616089e-10      1.000000001302396 -1.396983861923218e-09  7.275957614183426e-12                      0  5.820766091346741e-11
 3.492459654808044e-10  7.494236342608929e-10     0.9999999990686774  7.275957614183426e-12  7.275957614183426e-12  1.164153218269348e-10
 4.074536263942719e-10  3.128661774098873e-10 -1.164153218269348e-10     0.9999999999854481  -2.91038304567337e-11  5.820766091346741e-11
 3.492459654808044e-10  2.342858351767063e-09 -9.313225746154785e-10 -1.637090463191271e-11     0.9999999999854481  5.820766091346741e-11
 5.820766091346741e-10  3.565219230949879e-10 -5.820766091346741e-10  2.182787284255028e-11  1.455191522836685e-11      1.000000000116415
