5
2

0.0003826731323881114
0.0005395729734644913
0.0007065023585632918
  0.02006930489674342
   0.5206511925790239

  0.2007567085714968 -0.05794212819869878 -0.08581320555518496    -0.71673696270621   0.6597451582136586
 -0.3361532042614323   0.3442863979305863   0.7049943774546532  -0.4492618250612118  -0.2638458636491176
  0.1860466890040857  -0.8172018492525382    0.540472229546227   0.0712916681986818  0.01936580036116703
 -0.7840932981441279  -0.1032392230714073  0.05748925616448439   0.2799677201676268   0.5411584090771128
  0.4441644926650391   0.4468024019380734    0.447441366018671   0.4483163085846159   0.4493264164395255

0.3979712679047129
 0.398071679129275
0.3980439959791314
0.3980198714786785
0.3979809460060574

0.0003965550390502091
   0.3982054077420298

   2.325119242041124 -0.03227483360405831  -0.1053352635330956  -0.5370520983718051   -1.650398659971387
   1.309047119581448 -0.01398464497667573 -0.01688058704278972 -0.07842843672406039  -0.1997832054293902

-3.312808913119132e-08 -5.538656531412768e-08  1.656047117748821e-07   -0.00115569545324489   -0.00302342371399255
 2.774507558232576e-08 -1.073746667942164e-07  1.179922335421649e-07  -0.000465615670194559     0.1200066742650828

cov:
0.05372645424911154  0.0538288755118199 0.05385513828571999 0.05389027292560286 0.05392942264304399
 0.0538288755118199 0.05412054229781416  0.0541907315659451 0.05428753284349883 0.05439904239459117
0.05385513828571999  0.0541907315659451 0.05427239476439727 0.05438331374814193 0.05451188581709813
0.05389027292560286 0.05428753284349883 0.05438331374814193  0.0545149324232999 0.05466697183394734
0.05392942264304399 0.05439904239459117 0.05451188581709813 0.05466697183394734   0.054847054321678

cov.inverse():
 734222.2879604457 -781346.5309691045 -730300.8739789168 -437841.2423694861  1215267.666146434
-781346.5309705936  1768013.317458017 -17230.70529825879 -364469.5578879419 -604899.1915130053
-730300.8739822321 -17230.70529669078  2342663.098334434 -590646.1674623194 -1004467.938118129
-437841.2423596224 -364469.5578984658 -590646.1674753567  4211674.691826502 -2818801.244346405
 1215267.666141375 -604899.1915055385 -1004467.938106838 -2818801.244360104  3212916.812593446

cov*(cov_.inverse()):
     1.000000000014552  7.275957614183426e-12 -7.275957614183426e-12                      0   2.91038304567337e-11
 1.455191522836685e-11                      1 -7.275957614183426e-12                      0                      0
 1.455191522836685e-11  7.275957614183426e-12      1.000000000007276  -2.91038304567337e-11                      0
                     0 -7.275957614183426e-12 -2.182787284255028e-11                      1                      0
 1.455191522836685e-11                      0                      0                      0                      1
