6
2

7.245928424926367e-05
0.0001498509162415359
  0.00034183142368353
0.0004079638162677162
  0.02248485191874205
   0.6320115480307025

  0.2220131301468811    -0.74388162368271    0.626825277047906 -0.02069874813882357 -0.02693036719468584 -0.05732965368480925
  0.6495953657209037  -0.3607801758790918  -0.6378041990191949   0.1042412752747034   0.1114147843935308   0.1333785274611576
 -0.2126630297835461  -0.1294262546230085 -0.09208965255577492   0.3639227633194558   0.6655547914999685  -0.5950964779924893
   0.114142319470355  0.07222117101284556  0.04565920242302917  -0.8236663126848796   0.5470464531446182  0.04455170083781297
 -0.5527497212981299  -0.3590946687216376  -0.1533761798419254   0.1043176893746219   0.2777359650521989   0.6737767177319938
  0.4061400536149564   0.4068928121843859   0.4076841379679197   0.4086039227958482   0.4092691442940129   0.4108816638600066

0.4225093969322604
0.4225636160879557
0.4225757414746742
0.4226570014551937
0.4225979267686759
0.4225945146383632

0.0002345080773144489
   0.4227282595603179

  0.8813670716695693    3.016001812936479   -1.723819743023144  -0.1781943872845736  -0.2692821313100066   -1.726101574597793
   1.865919267651908   0.4824907194719839   -1.716903002916757 0.007211738500340764   0.4417388105752029 -0.08017559233434032

-1.584822744714295e-08  6.850564675730471e-09  4.254320728264995e-08  2.700804599510634e-08  -0.001295366718095039  -0.003942186161019737
-5.398957009255307e-09  4.878057736845476e-08  5.046474288426168e-09  6.683569155132131e-08 -0.0004408029863753042     0.1617672653654716

cov:
0.06604177864472684 0.06610976098003968 0.06618064368912291 0.06625782748229539 0.06631730144871663 0.06646824462897387
0.06610976098003968  0.0661969585530979 0.06628822013637425 0.06639090719191253 0.06646755309020856 0.06665774675393654
0.06618064368912291 0.06628822013637425 0.06640113942541384 0.06653091516836084 0.06662580283400271 0.06685769269866303
0.06625782748229539 0.06639090719191253 0.06653091516836084 0.06669476633341161 0.06681230955614025 0.06709639480618361
0.06631730144871663 0.06646755309020856 0.06662580283400271 0.06681230955614025 0.06694555729441531 0.06726463475697143
0.06646824462897387 0.06665774675393654 0.06685769269866303 0.06709639480618361 0.06726463475697143 0.06766427614774971

cov.inverse():
  28645586.8369063 -41606651.02055166  8254007.280463737  912950.0931643503  1247853.482514537  2547101.550371893
 -41606651.0066587  111366357.7545897 -78440811.68649356  497261.1642280752  1525490.550064833  6657667.790647059
 8254007.263258394 -78440811.66745688  93035911.73492244 -5944768.835090005 -6754230.792208197 -10151805.74401773
 912950.0933452466  497261.1654324599 -5944768.836858816  5775194.754311766 -10985.27632533025 -1228577.358188811
 1247853.481956344  1525490.551599582 -6754230.793301877 -10985.27631826077  6280059.702145511 -2286952.067755904
 2547101.554061306  6657667.782764799 -10151805.73932427 -1228577.358579399 -2286952.067865944  4461806.590886381

cov*(cov_.inverse()):
     1.000000000494765 -5.238689482212067e-10 -1.047737896442413e-09 -4.365574568510056e-11   2.91038304567337e-11 -1.164153218269348e-10
-2.037268131971359e-10      1.000000000814907 -1.513399183750153e-09 -1.455191522836685e-11  5.820766091346741e-11  5.820766091346741e-11
                     0  1.047737896442413e-09      1.000000000116415 -4.365574568510056e-11   2.91038304567337e-11  5.820766091346741e-11
-1.746229827404022e-10  1.746229827404022e-10 -9.313225746154785e-10     0.9999999999272404  5.820766091346741e-11 -5.820766091346741e-11
 8.731149137020111e-11  7.566995918750763e-10 -8.149072527885437e-10  5.820766091346741e-11     0.9999999999708962  5.820766091346741e-11
 -2.91038304567337e-11   2.91038304567337e-10 -4.656612873077393e-10 -1.455191522836685e-11   2.91038304567337e-11                      1
