5
2

7.209577314394992e-05
0.0002106620163932508
0.0005699052644678957
  0.01154158233680339
   0.5090607494436882

 -0.2886420789101398   0.7986942567583613  -0.5277634059040782 0.002445540178462324  0.01526568784577181
 -0.5263904864769633   0.2880762195478412   0.7135883785836968  -0.1433609188144807  -0.3319102595349062
  0.1086435911665968   0.1042391294848874   0.1093428958763445  -0.8369120351076165   0.5147360008742933
 -0.6548461706677555  -0.2620054852980582 -0.01823665920019215   0.2802891894200181   0.6508725013326273
   0.446062628886551   0.4467515030866657   0.4471789001299245   0.4477252305557506   0.4483462666321815

0.3826096973588859
0.3826865671923745
0.3826591711210277
0.3826382009282329
0.3825820666818702

0.0005449167029575283
   0.3828396217937258

   6.095692240552015    2.227247784213131   -7.409575700768756  -0.1238143478983505  -0.7896460760114615
   2.387055531555547  0.08819771047187958   -1.325078004484696 -0.01572309441445205  -0.1344758515186575

 2.036270760154717e-08 -3.361511650278753e-07  -7.09988007253212e-08 -0.0006645525050679581  -0.002277551761208862
 4.089353778148751e-10 -9.451676212249073e-08  2.195053422264637e-08 -0.0002203303791707136     0.1151372778604917

cov:
0.05161927583989492 0.05166461689072031 0.05169274947187605 0.05172984713385489 0.05176936093127284
0.05166461689072031   0.051730673691826 0.05177164676439203 0.05182443706091758  0.0518834455129842
0.05169274947187605 0.05177164676439203 0.05182060002158706 0.05188312314920533 0.05195423255374999
0.05172984713385489 0.05182443706091758 0.05188312314920533 0.05195791969349181 0.05204344545972315
0.05176936093127284  0.0518834455129842 0.05195423255374999 0.05204344545972315 0.05214795986850307

cov.inverse():
 22312034.72867309 -47733581.53904464  20880052.36750192  1283329.037626139   3258170.35138155
-47733581.54535799  124631368.1049529 -76428867.71627809 -823973.9403202038  355101.6243640404
 20880052.37691064 -76428867.73078303  65097968.82034644 -2835284.999822659 -6713800.208787809
 1283329.036193158 -823973.9363830331 -2835285.002397932  2621380.368731418 -245592.1026754123
 3258170.349719214  355101.6286182941 -6713800.211308641 -245592.1027464943  3346161.658715053

cov*(cov_.inverse()):
    0.9999999998835847  1.491571310907602e-10  2.328306436538696e-10                      0   2.91038304567337e-11
 1.746229827404022e-10     0.9999999998799467  5.820766091346741e-10 -2.546585164964199e-11                      0
 1.164153218269348e-10 -1.207808963954449e-09      1.000000001047738 -2.182787284255028e-11 -5.820766091346741e-11
 8.731149137020111e-11   8.87666828930378e-10 -1.164153218269348e-10      1.000000000021828                      0
 1.164153218269348e-10 -4.401954356580973e-10  5.820766091346741e-11                      0     0.9999999999708962
