5
2

6.040676483128666e-05
9.753213965074571e-05
0.0002211784596650154
  0.02283889829097689
   0.5192062594969991

-0.04761198341238457   0.6003824998032244  -0.7644199832239643   0.2293927569536655 -0.01774838783214998
 -0.6556062319399274   0.5594888513555272   0.3791753005383761  -0.3329951227381208   0.0499302868473494
  0.2741525060400605  0.01106450758978295  -0.2294111699804356  -0.6876516440138103   0.6318415241791738
  -0.542989014196309  -0.3574326949049861  -0.1407029291968992   0.4025831161454168   0.6289151925221227
  0.4448785245110672   0.4456820889643855   0.4466109957369236   0.4489490643375593    0.449926583036056

0.3981570253809375
0.3982240958923238
0.3982565462936296
0.3982907710842059
0.3983353008376616

7.010795969517559e-06
   0.3983399350793296

   0.363274812283637  -0.2273392674284349    4.262531996485563   -4.212645477870552  -0.1858006799374382
  0.8566205515022742   0.2800142669533642   0.4542633171409215  -0.5754678075882699 -0.01545662592323649

-1.596502012227016e-08  2.515491424934403e-08  9.288134165705148e-08  -0.001318924721111285     -0.002931394723901
-1.283168362458801e-09 -3.979967452727152e-10  2.542294678199188e-08 -0.0004540830559194716     0.1195453446357544

cov:
0.05350727572267581 0.05355107916519244 0.05360109474287141 0.05372761755475349 0.05378076061194961
0.05355107916519244 0.05361303545220383 0.05368422709388106 0.05386384051514095 0.05393908864066334
0.05360109474287141 0.05368422709388106 0.05378016248227598 0.05402178128909182  0.0541228459874744
0.05372761755475349 0.05386384051514095 0.05402178128909182 0.05441885226911778  0.0545846394231787
0.05378076061194961 0.05393908864066334  0.0541228459874744  0.0545846394231787 0.05477749133114384

cov.inverse():
 47342810.21710347    -46331608.55474  -17444219.1167342  16102927.65084033  330622.7142504896
-46331608.53658646   131693289.328594 -103523622.2415469    18001746.730918   158958.527229826
-17444219.14181409 -103523622.2126869  176327498.1438352 -58103975.82567068   2745137.63059675
 16102927.65700679  18001746.72677435 -58103975.82974894  35743999.44286681 -11744719.96177834
 330622.7150103157   158958.520666926  2745137.638455387 -11744719.96383384  8509926.478528274

cov*(cov_.inverse()):
    0.9999999992796802 -9.276845958083868e-11  3.492459654808044e-10 -3.492459654808044e-10  5.820766091346741e-11
-3.201421350240707e-10      1.000000000642103  -1.80443748831749e-09  2.328306436538696e-10 -5.820766091346741e-11
-2.255546860396862e-10 -2.710294211283326e-10     0.9999999972351361                      0                      0
-3.601599019020796e-10 -1.200533006340265e-10 -7.275957614183426e-10                      1  1.164153218269348e-10
 5.820766091346741e-11 -5.511537892743945e-10 -5.238689482212067e-10  2.328306436538696e-10                      1
