5
2

  3.6969233340695e-05
8.363026667650317e-05
0.0002391452061044929
  0.02093725469541286
   0.5201515590226956

-0.003480972504501452      0.42948168167232   -0.8122631868822602     0.394579173323567 -0.008316198260246757
  -0.4513109770977827     0.730126007028868    0.1508113606899282    -0.487027457093095   0.05739865273167605
   0.3411328394937275   -0.1329065027850827   -0.3417549648141251   -0.5416200387150149    0.6751411148964542
  -0.6947401700560766   -0.2565245221714857   0.02426901053630159    0.3353079655957876     0.581816851741807
   0.4441517383855071    0.4460857877248806    0.4473242759734949    0.4486957029960102    0.4497886854031676

0.3982466817758246
0.3983526349048614
0.3983795037792517
0.3983964962402339
0.3984448683241115

-3.468577101102762e-05
    0.3984242065206371

  0.1762775567390437    1.422073024941125    5.440388759626602   -6.879627162844836  -0.1590867550327004
  0.9440589660380782   0.2368986495654354   0.8716490053139251   -1.039444089487238 -0.01317234976996184

-8.913941265378856e-09  3.581390049106538e-08  9.325410617708978e-08  -0.001207523223111381  -0.003283502961967605
-1.393490766043792e-09  2.684571224632025e-09  3.126968650353992e-08 -0.0004610277855537817      0.119741627776958

cov:
0.05358470673737755 0.05368364626904847 0.05374695517144592 0.05381702818199705 0.05387331757401011
0.05368364626904847 0.05386780192790801 0.05398569947288601 0.05411624155641646  0.0542204285043048
0.05374695517144592 0.05398569947288601 0.05413858214116953 0.05430787280935431 0.05444275298560215
0.05381702818199705 0.05411624155641646 0.05430787280935431 0.05452008954120736 0.05468896968543146
0.05387331757401011  0.0542204285043048 0.05444275298560215 0.05468896968543146 0.05488489819143415

cov.inverse():
 31167020.50453639 -48999877.75973995 -9701339.693309151  27190771.17182906   343554.532284949
-48999877.86096846  211490003.5490986 -238709097.0191724  74409508.05097024  1809394.603589689
-9701339.499246478 -238709097.3750415  488033465.7244382 -241769008.7920918  2145680.592147844
 27190771.07716201  74409508.33165437 -241769008.9973824  152960431.7426676 -12791322.80864118
 343554.5341177155   1809394.57754714   2145680.63563059 -12791322.82791415  8492571.710099272

cov*(cov_.inverse()):
     1.000000000203727  3.055902197957039e-10 -3.754394128918648e-09  2.328306436538696e-09  5.820766091346741e-11
 1.382431946694851e-10     0.9999999971769284   6.83940015733242e-10 -5.820766091346741e-10                      0
    6.584741640836e-10  1.891748979687691e-10     0.9999999961728463  1.396983861923218e-09                      0
 3.747118171304464e-10  1.906300894916058e-09 -3.507011570036411e-09      1.000000001280569 -5.820766091346741e-11
 3.274180926382542e-10 -4.802132025361061e-10  -3.92901711165905e-10  5.820766091346741e-10      1.000000000058208
