5
2

5.411518475989918e-05
8.845388027972149e-05
0.0002141007364039694
  0.01969786555123142
   0.5204195847298096

0.001085058403575861   0.4137709376852264  -0.8092213036650334   0.4164895654091722 -0.02213046260908797
 -0.5345751791062958   0.7212389892337372   0.1570152618224844  -0.4067155485841153  0.06302672756305024
  0.4669827113954929  0.01262352479556388  -0.3381500549882647  -0.6440628060283282    0.502598682928834
 -0.5455515350618707  -0.3306598398587667 -0.07986331940148214   0.2138321684647193   0.7354830024141032
  0.4455657868161361   0.4462204034583089   0.4469714529755686   0.4478591408755576   0.4494409764535695

0.4023221630479572
 0.402368416763091
0.4023786314022697
0.4023743400036288
0.4023904240843009

0.000269901432675106
  0.4025405421557832

  0.6313961795531935    2.188396206472937     3.36458431984034   -5.665886138002005  -0.5184634387154292
  0.8694905072878314   0.6310437540528061   0.3768155956676016  -0.8291089645294767 -0.04829241368489873

-1.219648662880853e-08  3.161593820949064e-08  1.179600895178307e-07  -0.001136721712691739  -0.002391187790867111
-1.133670696325201e-09  3.001781430218675e-09  3.650212452557957e-08 -0.0003592604388414741     0.1203589522516645

cov:
0.05388436623561799 0.05391785977130477 0.05395539998326124 0.05400034933200952 0.05408083910992247
0.05391785977130477 0.05396940917544036 0.05402799405296806 0.05409759120591644 0.05422183649118085
0.05395539998326124 0.05402799405296806 0.05411114935646155 0.05420950975706251 0.05438481998587551
0.05400034933200952 0.05409759120591644 0.05420950975706251 0.05434156299079907 0.05457667882176149
0.05408083910992247 0.05422183649118085 0.05438481998587551 0.05457667882176149 0.05491811891097035

cov.inverse():
 41282981.66287754 -48995750.29773602 -14472554.17659696  21381220.33508951  804698.5508518318
-48995750.28003064  124951980.3830862   -99956676.607792  21177861.62205387  2820816.759166028
-14472554.21284073 -99956676.56483679  229258149.3267284 -118499728.0332889  3672392.075763867
 21381220.35555051  21177861.59839621 -118499728.0345002   89425458.0086478 -13485076.04092171
 804698.5489289922  2820816.757573912  3672392.083687013 -13485076.04532987  6187040.831052192

cov*(cov_.inverse()):
    0.9999999998544808   -7.8580342233181e-10  8.731149137020111e-11 -2.328306436538696e-10  5.820766091346741e-11
-6.111804395914078e-10      0.999999999825377  1.251464709639549e-09 -1.164153218269348e-10  1.164153218269348e-10
-5.456968210637569e-10  5.820766091346741e-10      1.000000000349246  2.328306436538696e-10 -5.820766091346741e-11
-2.983142621815205e-10 -4.656612873077393e-10  5.820766091346741e-10                      1                      0
 -1.01863406598568e-10 -2.328306436538696e-10 -1.746229827404022e-10 -3.492459654808044e-10     0.9999999999417923
