6
2

 5.38222071146132e-05
0.0001281298751774545
0.0003660761785794987
0.0004865146131520016
  0.01905691400158043
   0.5820511742981401

  -0.380983829792381   0.7996357096894451  -0.4630855493270895 0.003612202069489225  0.01206841021950051  0.02875991483991152
  0.5306616394249019  -0.2028375940785678  -0.7665586347848879  0.04586531385268328   0.1244385944452683   0.2684295131048433
-0.08321266239743705 -0.09353467565544779  -0.1089657236633879   0.1028452157651257   0.7788851077011906   -0.595998522589448
  0.1340319344398049   0.1285148524630728    0.125069452698084  -0.9006137175260134   0.3165019344629744   0.1964649142561822
 -0.6194776842110934  -0.3587512688798266 -0.06294364979332945  0.09602267675994799   0.3312955800728045   0.6038260568775978
  0.4057191615035211   0.4067829475794372   0.4079973449180365   0.4086327983990725    0.409606082467026   0.4107308794890593

0.4058297529197756
0.4058408704986333
0.4058356498591903
0.4059509746326742
0.4058557919559821
0.4058355625118982

0.0002680996672829842
   0.4060020080183242

   2.347540910731315    3.505160338147105   -4.661231643598161 -0.04398713669313246  -0.2626988019490969  -0.8847398886106227
   1.890164496812917    0.336105988190808   -1.212205535719781  0.03823863138575312 -0.01985440033123448 -0.03238555548451716

 1.169812647958181e-08  6.297139655841483e-08  4.058987708664956e-08  -8.33566475971799e-09  -0.001105411376938046   -0.00421987361215801
 3.156450157892871e-10  3.044876329244381e-08 -6.548381147407326e-09  2.315893046836996e-08 -0.0004494736992921666     0.1366018809291356

cov:
0.05590587479594891 0.05599342902769038 0.05609379689315129 0.05614534909607112  0.0562262295984081 0.05631953476019016
0.05599342902769038 0.05610606692499132 0.05623488407142148 0.05630171018528333 0.05640521528723625 0.05652473128285827
0.05609379689315129 0.05623488407142148 0.05639598851571601 0.05648014455612278 0.05660932165949378 0.05675857916686206
0.05614534909607112 0.05630171018528333 0.05648014455612278 0.05657388119820874 0.05671657517201597 0.05688180038655332
 0.0562262295984081 0.05640521528723625 0.05660932165949378 0.05671657517201597 0.05688010450261362 0.05706882749593056
0.05631953476019016 0.05652473128285827 0.05675857916686206 0.05688180038655332 0.05706882749593056 0.05728520955796114

cov.inverse():
 67387445.56234144 -111591020.0660694  36264669.47343916  433448.7955373533  2130090.586590513  5374417.045358399
-111591020.0664354  223371494.9698218 -118214334.8075826 -130432.8134104676   1421775.00157209  5144408.272202328
 36264669.47556051 -118214334.8120563  109975611.8551558 -3278518.899855941 -8205698.387853964   -16542797.693761
 433448.7953576996 -130432.8127514562 -3278518.900464836  3638365.099801122 -243740.9916391239 -418984.6762111364
 2130090.583030215  1421775.009640882 -8205698.392994194 -243740.9916075992  5943938.542320607 -1046283.263861053
 5374417.047342927  5144408.267582401 -16542797.69036431 -418984.6763722028 -1046283.264461328  7489166.835039638

cov*(cov_.inverse()):
    0.9999999997089617 -1.280568540096283e-09  2.328306436538696e-10 -2.546585164964199e-11  5.093170329928398e-11                      0
-6.402842700481415e-10     0.9999999997089617  2.328306436538696e-10  3.637978807091713e-12  2.182787284255028e-11                      0
-5.238689482212067e-10 -2.037268131971359e-09      1.000000000116415 -2.182787284255028e-11  -2.91038304567337e-11                      0
-6.402842700481415e-10  -2.91038304567337e-10 -4.656612873077393e-10     0.9999999999890861  3.637978807091713e-11                      0
-1.164153218269348e-09   2.91038304567337e-10 -3.492459654808044e-10 -4.001776687800884e-11      1.000000000080036  5.820766091346741e-11
-2.328306436538696e-10 -3.492459654808044e-10                      0                      0  -2.91038304567337e-11      1.000000000058208
