6
2

0.0001029478769367911
0.0001894686096202743
0.0005035672525828896
0.0006732157343759356
  0.01887101632051727
   0.5690331052017306

  -0.384469153454745   0.7803731890172128  -0.4883522546619961  0.01504671684331851  0.01138238244720517  0.06600961258410651
  0.5409758062109945  -0.2292497583402957  -0.7502004660639111  0.05849746152654299  0.09950559044962898   0.2804740105196776
 0.06706826773846242  0.08337686283326247   0.1413768692967259  -0.1567766207441183  -0.7512250921120022   0.6161531296714073
  0.1111381991582641   0.1113961359235161  0.09737088826262676  -0.8869081522571082   0.3794763608582906   0.1874826197751258
 -0.6143425002907725  -0.3915680373674547 -0.05188510134277569   0.1349200085500174   0.3379122295409284   0.5780809780012436
  0.4065243997880795   0.4071558742319867   0.4081063137094162   0.4086113743497448   0.4091979429284038   0.4098841682975998

0.3987413470455277
0.3987978256214351
0.3988992851994779
 0.398895228463336
0.3988828672923821
  0.39888073590523

0.0001276162087812809
   0.3989421959036677

   2.151380507869049    2.070672222043165   -2.146810220773401 -0.08643443260806831  -0.5447390682495147    -1.44402257422992
   1.180020804403713    0.498223484396093  -0.4403087621288004 -0.01520251754910895 -0.07476962402683515  -0.1479744625494028

 1.838096270860334e-08  6.588820322054799e-08 -1.150087300322092e-07  -6.34764215893915e-08  -0.001086722664942767  -0.002771058452451931
 1.476305351733187e-09  2.888498723001599e-08  6.544918720464708e-09  4.583842904763669e-08 -0.0003596898617097832     0.1312709598877653

cov:
0.05364606762852409 0.05368043262754363 0.05373122154393059 0.05375679410990507 0.05378964985476552 0.05382745265621204
0.05368043262754363 0.05373263594119243 0.05381056637129054 0.05385104459520229 0.05390012084670353 0.05395711866390541
0.05373122154393059 0.05381056637129054 0.05392990722422335 0.05399311797848621  0.0540669124497614 0.05415319098510634
0.05375679410990507 0.05385104459520229 0.05399311797848621 0.05406932616686592 0.05415620163693771 0.05425855722875363
0.05378964985476552 0.05390012084670353  0.0540669124497614 0.05415620163693771 0.05425867905226932 0.05437821039857729
0.05382745265621204 0.05395711866390541 0.05415319098510634 0.05425855722875363 0.05437821039857729 0.05451892735544028

cov.inverse():
 22145608.96751337 -31713965.21796473  6471862.277194903  76508.15615500948  980384.9202810762  2039982.775884576
-31713965.21731764  58979797.48755969 -31097117.33869654  464665.1279263115  48556.55313474971  3317337.568249368
  6471862.27582283 -31097117.33674587   38279911.3719796  -2193776.36285985 -2941288.627419859 -8519228.675222669
 76508.15649682023  464665.1271493608 -2193776.362286022  1949261.552451925 -99716.68539568882 -196848.0557145827
 980384.9206367747  48556.55266342401 -2941288.627413466 -99716.68533048884  2831582.040810823 -819482.5624295354
 2039982.775912054  3317337.568194037 -8519228.675224246  -196848.055641105 -819482.5624735779  4178109.550789559

cov*(cov_.inverse()):
    0.9999999999708962  1.746229827404022e-10 -1.746229827404022e-10 -1.455191522836685e-11  2.182787284255028e-11   2.91038304567337e-11
 7.275957614183426e-11     0.9999999998835847 -5.820766091346741e-11  1.818989403545856e-12                      0                      0
-1.164153218269348e-10  2.619344741106033e-10     0.9999999997671694 -1.637090463191271e-11  2.182787284255028e-11  -2.91038304567337e-11
 3.492459654808044e-10  -2.91038304567337e-10  1.164153218269348e-10     0.9999999999836291 -2.182787284255028e-11  -2.91038304567337e-11
 1.455191522836685e-10 -2.037268131971359e-10 -4.074536263942719e-10 -1.091393642127514e-11      1.000000000021828                      0
  1.01863406598568e-10 -2.328306436538696e-10 -5.820766091346741e-11  3.637978807091713e-12  1.455191522836685e-11      1.000000000029104
