5
2

0.0001155208653078313
0.0003630925245756942
0.0004769101067222734
  0.01394600320832728
   0.5319130506472129

  -0.536634279779046   0.8181306969518162 -0.01765399318934431   -0.070416759483567  -0.1934311996019875
  0.1696067657299501   0.1753209162260599  -0.1347100555436015  -0.7760317085605047   0.5657951127363902
  0.2376120380127267   0.1934067162406725  -0.8833346841286368   0.3347014433074119   0.1175973688810043
 -0.6548758964090086  -0.2516104161438575 -0.03719925053790762   0.2826590438962633   0.6531078314133744
   0.444899173384921    0.446330348105196   0.4470767149323365   0.4482132037815073   0.4495345156969999

0.4056690856699258
0.4056675860983809
0.4057874204740995
0.4056946977910402
0.4056799170840431

0.0002321195954512732
   0.4058192440364838

   8.621917551668684   -7.835710539087312  0.02533665699978768   -0.142660977744579  -0.6686915109157955
   3.686229702279883    -2.57755919931648  0.04662545718095731 -0.03788810256382169  -0.1172729209983545

-1.454413504332112e-07 -2.405673464388556e-08  8.743519224310215e-08 -0.0008076694459326666  -0.004143939101302209
  -5.4213126464645e-08   1.71490477883953e-08   7.04430907082696e-08 -0.0003606870603801954     0.1246886548024136

cov:
0.05608555317833956 0.05621432884177886 0.05628091035760791  0.0563832793359837 0.05650243680443629
0.05621432884177886 0.05637533768496018 0.05645903349584309 0.05658693595146898 0.05673568427828911
0.05628091035760791 0.05645903349584309 0.05655211377214062 0.05669332315278786  0.0568577982982556
 0.0563832793359837 0.05658693595146898 0.05669332315278786  0.0568551879119274 0.05704295987053448
0.05650243680443629 0.05673568427828911  0.0568577982982556 0.05704295987053448  0.0572581645314451

cov.inverse():
 22047870.27478187 -32470361.85973808 -386100.4076642357  2181963.571561706   8626838.89179929
-32470361.85974195  50554125.00679912   -2012531.6957888 -5064706.749463096  -11006890.0464649
-386100.4073745813 -2012531.696213048  3591667.301512958 -413851.4089787765  -779085.554871083
 2181963.571031403 -5064706.748686472 -413851.4089919346  5432495.433539315 -2135793.136249777
 8626838.892043801 -11006890.04682114 -779085.5549925198 -2135793.136016608  5294896.775610714

cov*(cov_.inverse()):
    0.9999999997089617                      0  5.093170329928398e-11  8.731149137020111e-11  1.164153218269348e-10
-5.238689482212067e-10      1.000000000116415  7.275957614183426e-12   1.01863406598568e-10  5.820766091346741e-11
-1.746229827404022e-10  1.164153218269348e-10      0.999999999992724  4.365574568510056e-11  1.746229827404022e-10
-2.328306436538696e-10  4.656612873077393e-10  2.182787284255028e-11                      1  1.164153218269348e-10
-2.328306436538696e-10                      0 -1.455191522836685e-11  5.820766091346741e-11      1.000000000174623
