5
2

0.0001654222365663639
0.0004747794494101106
0.0006444211319579117
  0.01847222288871916
   0.5187318785692188

 -0.5002977506610405   0.8364114512277588 -0.06147947659101285 -0.07164029737776642  -0.2029925779143122
   0.110526181451372   0.1456411023148023  -0.1552397342162884  -0.7350798627020805   0.6341378816161786
   0.167392647507381   0.1165125534923565  -0.8736285971686364   0.3980660247151221   0.1916273482982559
 -0.7152111870430787  -0.2576257022099245  0.09291937368222154   0.3084987456606522   0.5641776931159028
  0.4449031168537503   0.4463836645881407   0.4475041486759824   0.4482156034040088   0.4490497192802204

0.3988281460568001
0.3989872942649199
0.3989666324500555
0.3989607549781486
0.3989520084447122

0.0001616195653640566
   0.3990340327544598

   2.232638125164371   0.6332575515646817  -0.1509476902551035  -0.7440759837434221   -1.970913262212531
   1.322626478169469  0.03243866777710491  -0.0227680887108998 -0.09729534089903294  -0.2350280806181227

-3.411074274412782e-09 -7.674251625182049e-08 -3.923982860878935e-08  -0.001063069720796897   -0.00272062680914535
-1.583026285404317e-08  1.733973002855041e-08  6.698465993871391e-08 -0.0003818432218897974     0.1193606292282701

cov:
0.05343648055009388 0.05350203233915261 0.05355055860376548 0.05358319364541161 0.05362067446450039
0.05350203233915261 0.05363967101403122 0.05374336301679751 0.05380990994623892 0.05388765484244865
0.05355055860376548 0.05374336301679751 0.05388977256349498 0.05398183699543063 0.05409041142115861
0.05358319364541161 0.05380990994623892 0.05398183699543063 0.05409064316819384 0.05421789723640885
0.05362067446450039 0.05388765484244865 0.05409041142115861 0.05421789723640885 0.05436808562522474

cov.inverse():
  9269969.70039119 -15172958.89718068  695553.7534078491  1109162.232173831  4098248.250187228
-15172958.89724124  25692358.10929279 -2224633.242103629 -2553209.370574781 -5741523.947307795
 695553.7534087426 -2224633.242090321  2082929.260989043 -170143.5542415327 -383634.4022820665
 1109162.232366195 -2553209.370901361 -170143.5541943405  2966495.716133692 -1352293.093778358
 4098248.250054522 -5741523.947055077  -383634.402315056 -1352293.093865381  3379130.494998853

cov*(cov_.inverse()):
     1.000000000116415  1.164153218269348e-10 -1.091393642127514e-11   2.91038304567337e-11  -2.91038304567337e-11
 1.455191522836685e-10      1.000000000174623  7.275957614183426e-12  4.365574568510056e-11                      0
  2.91038304567337e-11  2.328306436538696e-10     0.9999999999854481                      0 -5.820766091346741e-11
 2.037268131971359e-10  1.746229827404022e-10 -3.637978807091713e-12     0.9999999999854481                      0
 1.164153218269348e-10 -5.820766091346741e-11                      0  1.455191522836685e-11                      1
