5
2

0.0001249342794117741
0.0004621647458359128
0.0006407702380277527
  0.02007313974138784
   0.5189722487609018

 -0.6212953988039988   0.7772919599096137 -0.02361389900884488 -0.05058951373199993 -0.08180660950565784
  0.1137454401739131   0.1082713869760958  -0.1570684534770197  -0.7211622592137046   0.6561964480321714
  0.1341305422898996   0.1282981289154353  -0.8706713290175386   0.4102138179786466   0.1980016366296782
 -0.6204813552572681  -0.4109846509545936   0.1277185335294159   0.3287240691251129   0.5672062826069175
  0.4450459388285041   0.4457866335127968    0.447650865871905   0.4483645914915176    0.449206283453784

0.3991719746352351
0.3992158434619067
0.3992794735273424
0.3992598377518513
 0.399241435125959

0.0003093714237905926
   0.3993950844443032

    2.75592226366248  -0.1598305647277118  -0.1861029137234504  -0.6969710493580591   -1.712869506964346
   1.279825775853088  0.08142063429140434 -0.03518257840521538  -0.1001180535683867  -0.2259288357619001

-2.585870525803487e-08 -6.321386617997456e-08 -4.675605656930576e-08  -0.001155904411842817   -0.00268694787312759
-1.104281754880645e-08   1.79129520666254e-08  5.211911692162863e-08 -0.0004001602244483137     0.1195161453365177

cov:
0.05350066370037754 0.05353705669063012 0.05362577778452884 0.05366113212398723 0.05370242056961227
0.05353705669063012 0.05359131217894475 0.05372586378510597 0.05377832493184835 0.05383991043377259
0.05362577778452884 0.05372586378510597 0.05397871721951297 0.05407467395945731 0.05418845643452912
0.05366113212398723 0.05377832493184835 0.05407467395945731 0.05418778922159109 0.05432077094285861
0.05370242056961227 0.05383991043377259 0.05418845643452912 0.05432077094285861  0.0544772833939226

cov.inverse():
 24835854.63890915 -30839709.06311771  571675.2511043296  1763169.035364487  3669543.515030848
-30839709.06313336  38803783.33246846 -1527759.809744964 -2757017.212107264 -3679973.264304274
 571675.2509025673 -1527759.809490333  1997573.444771169 -262932.0528963437 -778464.7209207059
 1763169.035801974 -2757017.212656259 -262932.0528567428  3008928.699222249 -1752075.799638671
 3669543.514810772 -3679973.264025559 -778464.7209074334 -1752075.799710589  2540966.857824449

cov*(cov_.inverse()):
    0.9999999998835847 -3.492459654808044e-10                      0                      0                      0
-3.783497959375381e-10      1.000000000291038                      0 -1.455191522836685e-11                      0
 -4.94765117764473e-10   2.91038304567337e-11                      1 -1.455191522836685e-11  -2.91038304567337e-11
-4.365574568510056e-10  8.731149137020111e-11  7.275957614183426e-12     0.9999999999708962                      0
-1.746229827404022e-10  2.619344741106033e-10  7.275957614183426e-12 -1.455191522836685e-11                      1
