7
2

5.430953332865377e-05
8.444416636017191e-05
0.0001810729149361722
0.0003433551587084483
0.0004082889103385516
  0.02251287762531986
   0.6828446850935957

 0.006281030808283301   -0.2531516737936126    0.7941494418952123   -0.5523845606216828  0.001216576152812964 -0.003700226531516151  0.007587364356057841
  -0.3507494332605733    0.7977761676114424  -0.07641629198619961   -0.4786024801062275   0.01713364954109345   0.02085546219856572   0.06999803971342576
   0.6269322721399918    -0.127841450156316   -0.4364722237148985   -0.5593758622619185    0.1334460481398903    0.1405782427411917    0.2227847443589196
  -0.1859775034379352   -0.1160862592785089  -0.08659836410682223  -0.08510332080539924    0.3731874247380771     0.680014085390259   -0.5792292175225998
   0.1080209173171742   0.06779093378554213   0.04295161919307039   0.02704275431566916   -0.8288231002711366    0.5407689461548741   0.04220111251667283
  -0.5442603002883762   -0.3508784812432844   -0.1454328501335734  -0.04678348256947196    0.1120631625975008    0.2852271293384983    0.6807444021577234
   0.3760530348710335    0.3767447958130757    0.3774710320365211    0.3778187765679226    0.3783151758714731    0.3789253104803293     0.380406759430972

0.4225582288221843
0.4226163439866392
0.4226322428317469
0.4227087595439836
0.4227190570622695
0.4226627142597064
0.4226670816548768

0.0001868548494694629
   0.4227709147673775

  0.6566182437085342    3.079545434188233   0.9923318768789124   -2.887791483232937  -0.1080126844517028  -0.2028528360824177   -1.529868603479864
   1.874215215972312    0.442142887501608   -1.391179409522757  -0.3404590201203256  0.02127296090057738   0.4472651460877562 -0.05297066381538768

 4.709728199242096e-09  2.438443048731533e-08  2.676878844419964e-08  4.575536446846355e-08    2.6586444380796e-08  -0.001296747524238287  -0.004224737804818786
-3.005354805527794e-09  -2.09724472329606e-10  6.459285215145514e-08  1.088468891071291e-08  6.425737297757056e-08 -0.0004374202139027191     0.1748515782334751

cov:
0.06608910788957405 0.06615704009985579 0.06622770501992735 0.06626146620299427 0.06630467739396843 0.06636391260917952 0.06651459486508887
0.06615704009985579 0.06624417823757112 0.06633521355648925 0.06637875658874146 0.06643769272178737 0.06651409002277847 0.06670400674757807
0.06622770501992735 0.06633521355648925  0.0664478990310701 0.06650183143947551 0.06657747246902893 0.06667210252383841 0.06690370109839822
0.06626146620299427 0.06637875658874146 0.06650183143947551 0.06656075958513195 0.06664441912383665 0.06674780243674952 0.06699941704524048
0.06630467739396843 0.06643769272178737 0.06657747246902893 0.06664441912383665 0.06674114727909122 0.06685843427251026 0.06714223931228799
0.06636391260917952 0.06651409002277847 0.06667210252383841 0.06674780243674952 0.06685843427251026 0.06699141630951159 0.06731019587972191
0.06651459486508887 0.06670400674757807 0.06690370109839822 0.06699941704524048 0.06714223931228799 0.06731019587972191 0.06770951274793718

cov.inverse():
 29617599.11131745 -41997007.16405195 -2731347.690399175  11821037.12624072  585560.3993783578  931679.3843985756  1773360.247743434
-41997007.19785594    111621067.70165 -74904760.20398858 -3858806.434858659  587530.0664341069  1652825.781977219  6898363.389570948
-2731347.581364764 -74904760.43860959  220525996.7317598 -136082735.9370239 -2120221.515004558 -3451425.746764551 -1236852.868965053
  11821037.0538721 -3858806.225738001  -136082736.103009   145181860.460612 -4058347.382682316 -3508335.815557431 -9494997.693701968
 585560.3981944252  587530.0616685854  -2120221.49725417 -4058347.393903248  5887010.151441196  84703.62879561949 -965149.6015157701
  931679.379630568  1652825.789557735 -3451425.741218892 -3508335.824842678  84703.62913704129   6345145.75442338 -2053344.606888989
 1773360.250832302  6898363.378454499 -1236852.851861958 -9494997.702430617 -965149.6012770842 -2053344.607474559   5077881.19748431

cov*(cov_.inverse()):
    0.9999999999708962 -4.656612873077393e-10 -3.594323061406612e-09 -2.444721758365631e-09  5.820766091346741e-11  -2.91038304567337e-11 -1.164153218269348e-10
-1.746229827404022e-10     0.9999999985448085  1.309672370553017e-10 -1.979060471057892e-09                      0                      0  5.820766091346741e-11
 4.220055416226387e-10 -1.047737896442413e-09     0.9999999978026608 -2.211891114711761e-09 -1.455191522836685e-11 -1.455191522836685e-10                      0
 3.783497959375381e-10 -1.746229827404022e-10 -1.280568540096283e-09     0.9999999991850927                      0  -2.91038304567337e-11                      0
 7.275957614183426e-11 -1.164153218269348e-09 -5.820766091346741e-11 -4.307366907596588e-09     0.9999999999345164 -5.820766091346741e-11 -5.820766091346741e-11
-1.164153218269348e-10  3.492459654808044e-10 -2.488377504050732e-09 -5.820766091346741e-10  5.093170329928398e-11                      1 -1.164153218269348e-10
 1.309672370553017e-10 -1.164153218269348e-10 -1.324224285781384e-09 -1.513399183750153e-09  2.182787284255028e-11 -5.820766091346741e-11                      1
