5
2

7.126018277827775e-05
0.0001004459848735266
0.0002975333613356251
  0.01460875437790827
   0.5076806121177679

  -0.0227770583809417    0.3263343756310377   -0.7972120609835197    0.5072044913019788  -0.01355045086046548
  -0.4887153239270814    0.7712153443196734   0.07523471776571589   -0.3987962181570179     0.041055309901509
   0.4602725885468274 -0.002662704099721192   -0.3984716067777661   -0.5897495877930065    0.5306202564256336
  -0.5914162706179531   -0.3150350801904576 -0.004246806644858408    0.1886384833490972    0.7178977506099439
   0.4461103863968133    0.4466302455316448     0.447208016800223    0.4475668963233238    0.4485485591887982

0.3826449189027527
0.3826672982250979
 0.382743014752198
0.3827154266301567
 0.382637606791744

0.0005579768136141392
   0.3828992894851876

   1.396737804824423    4.076299839562791     2.07267217062897   -6.782575278455825  -0.7631609892428564
   1.162632131848797   0.6932848957142596 -0.06702029983650387  -0.6932295065555727 -0.09566474937772826

-1.921392163812199e-08  5.337863780108349e-08  3.010947475166926e-07 -0.0008422150756425889  -0.001896261839805858
-4.931872161664493e-10  2.360548524843691e-09  8.127205432308707e-08 -0.0002358609053864047     0.1147341747289322

cov:
0.05136858069964806 0.05139344500221689 0.05142063783318743 0.05143755080326883 0.05148366445808004
0.05139344500221689 0.05143471665886473 0.05148032384872062 0.05150866619261068 0.05158608800646648
0.05142063783318743 0.05148032384872062 0.05154665592787142 0.05158784782446627  0.0517004806790123
0.05143755080326883 0.05150866619261068 0.05158784782446627 0.05163702713758014 0.05177151309450115
0.05148366445808004 0.05158608800646648  0.0517004806790123 0.05177151309450115 0.05196614289429183

cov.inverse():
 26169536.84229399 -38833243.07245217 -2140177.106407932  13975267.61176426  828979.6678872049
-38833243.08186357  79922475.65266623 -45469378.77829406  2129272.436384411  2250366.692835748
-2140177.082431627 -45469378.81714575  127511231.9208185 -79946685.16938378  45037.24449138123
 13975267.59741795   2129272.46611194 -79946685.18589374  70352764.21190189 -6510504.850025239
 828979.6676686757   2250366.69254856  45037.24612565448 -6510504.851153797  3386141.529431073

cov*(cov_.inverse()):
    0.9999999998690328 -1.600710675120354e-10 -1.462012733099982e-09  6.402842700481415e-10                      0
-1.527951098978519e-10     0.9999999996216502 -5.170477379579097e-10                      0  5.820766091346741e-11
-8.731149137020111e-11 -7.130438461899757e-10     0.9999999987153387  5.238689482212067e-10  -2.91038304567337e-11
-8.731149137020111e-11 -5.820766091346741e-10 -1.364242052659392e-11      1.000000000058208                      0
 4.365574568510056e-11 -4.802132025361061e-10 -3.951754479203373e-10  5.820766091346741e-11     0.9999999999708962
