6
2

 0.000151088675846017
 0.000389216910015577
0.0005554383436627574
0.0007226171592250194
  0.02063447494895171
   0.5674961036418773

  -0.475202888598412   0.8496747260421931 -0.03140714645918918  -0.0393719798770972  -0.1095140911781194  -0.1941782088137823
  0.1280693040209143   0.1143680780896513 -0.04468811160002092 -0.08214467857823242  -0.7488439225080195   0.6332505035666254
  0.2271547708732606   0.1896285843518122  -0.2804447457902737  -0.7844019316338989   0.3893438625403234   0.2586840176278053
  0.1752636880134334   0.1087849695012161  -0.8652454741675117   0.4458167254850037  0.08873391802336267  0.04660985493690185
 -0.7147585401892637  -0.2262087720185502 -0.05682377874291148   0.1034144347472523   0.3164972199642487   0.5690833359874081
  0.4056895943887185   0.4074422959247245   0.4080301900516167   0.4086179274023344   0.4093978527124209   0.4102960883345437

0.3977361922157788
0.3978647693463975
0.3978438670934142
0.3978206754758962
0.3978147023472198
0.3977787612577957

0.0003192095646555708
   0.3979625308441196

   1.872716101010162   0.8301877145498398 -0.05356193730996123  -0.1607692495444162  -0.6657950695567126   -1.822713655299727
   1.295972045555978  0.03964458178971525 -0.01966145552915458 -0.03163396277605857 -0.08976266140133146  -0.1945343996167729

 5.714404013012018e-09 -4.624580835949701e-08 -2.090945723254021e-09  1.301087372791457e-07  -0.001187043254298892  -0.003214211167355258
-1.216029510144487e-08  1.787802736971411e-08  7.619012160715122e-08  1.134825332228695e-07 -0.0004583730600019334     0.1302381575256394

cov:
0.05322215591905535 0.05330244757183714 0.05332759302999408 0.05335570129476366 0.05339279063964129 0.05343329282077715
0.05330244757183714 0.05348539731090889 0.05354612224991763 0.05360785445801079 0.05368970662735529 0.05378325519527356
0.05332759302999408 0.05354612224991763 0.05361975984420284  0.0536925671936019 0.05378996364538791 0.05390190781758411
0.05335570129476366 0.05360785445801079  0.0536925671936019  0.0537773944065096 0.05388905321665963 0.05401838411838369
0.05339279063964129 0.05368970662735529 0.05378996364538791 0.05388905321665963 0.05402079928734149 0.05417309320168022
0.05343329282077715 0.05378325519527356 0.05390190781758411 0.05401838411838369 0.05417309320168022 0.05435310744201647

cov.inverse():
 10227780.47920571  -17414358.9895144  119213.4502059456  322068.4822055991  1962590.620132296   4782686.41128669
-17414358.98944442  31851486.69161966 -1555348.322018924 -1916797.484708185 -4383944.880021404 -6581034.856865721
 119213.4502206585 -1555348.322043258  1745045.416463061  52709.56187885832 -129422.1712309572 -232105.1225414442
 322068.4822258975 -1916797.484753958  52709.56187968199  2487467.992790591 -319144.2760562869 -626250.9669012426
 1962590.619837806 -4383944.879520478 -129422.1712343421 -319144.2760952226  4733735.098354561 -1863925.918208532
 4782686.411476206 -6581034.857226581 -232105.1225485044 -626250.9668869583 -1863925.918044416  4520632.065528638

cov*(cov_.inverse()):
     1.000000000029104 -1.746229827404022e-10  1.091393642127514e-11  -2.91038304567337e-11 -1.455191522836685e-11   2.91038304567337e-11
 1.164153218269348e-10                      1  5.456968210637569e-12 -1.455191522836685e-11  1.455191522836685e-11                      0
 2.328306436538696e-10 -5.820766091346741e-11      1.000000000005457                      0  5.820766091346741e-11  8.731149137020111e-11
 1.164153218269348e-10 -5.820766091346741e-11  9.094947017729282e-12     0.9999999999708962  7.275957614183426e-11   2.91038304567337e-11
                     0  1.164153218269348e-10  1.455191522836685e-11 -2.182787284255028e-11      1.000000000029104  -2.91038304567337e-11
 -2.91038304567337e-11 -5.820766091346741e-11  5.456968210637569e-12 -2.182787284255028e-11 -1.455191522836685e-11      1.000000000029104
