5
2

 7.45262058154406e-05
0.0001531618665819107
0.0004044966042187394
  0.02214469252209039
   0.5312555022012511

 -0.2638096948615462   0.7639219487463139  -0.5853648589858501  0.02616179838591835  0.05908674377880722
 -0.6562229205097777   0.2960438003573642   0.6576071461290013 -0.09846457389233096  -0.1989651123083115
 0.04912039880798811  0.06182914797760642  0.08351981723132113  -0.7928927045363798   0.5984228789943943
 -0.5470862320371377  -0.3552694910194763   -0.135665728694686    0.399392453093355   0.6297306741266313
  0.4450390596689548   0.4458049682369283   0.4466766989802946     0.44880632292613   0.4497232223866558

0.4037569818888151
0.4038097632818519
0.4038266191422583
0.4038745725028153
0.4038567205608447

0.000202523061433478
  0.4039666394585111

   1.099040798880917    2.906862432013997   -1.868269606531624  -0.5371191224106643   -1.600470326065434
   1.007556972229152   0.7073763028522536  -0.4633669104863056 -0.05950114537321086  -0.1920975097091973

  1.61941351732191e-08 -1.684135910706857e-08 -7.431566091857414e-08  -0.001276437252077397  -0.002916542713517801
 2.959857260577221e-09 -1.671191249418479e-08 -2.167893626279487e-09 -0.0004336989952121117     0.1252219120829635

cov:
0.05604566989696455 0.05609039395450659 0.05614096757739387 0.05626491385647533  0.0563182970807692
0.05609039395450659 0.05615335388804511 0.05622477328917601 0.05639949468328781 0.05647474359725273
0.05614096757739387 0.05622477328917601 0.05632006974933208   0.056552921897804 0.05665320557056234
0.05626491385647533 0.05639949468328781   0.056552921897804  0.0569275868818637  0.0570886615177729
 0.0563182970807692 0.05647474359725273 0.05665320557056234  0.0570886615177729 0.05727630824001162

cov.inverse():
 30902706.52024418 -44547032.79194448  9433007.204125011  1273310.922468645   2938260.88245307
-44547032.80298946  108829950.5273197 -72180870.52556494  2055786.799235745   5841596.03555637
 9433007.218468167 -72180870.54300503  80170100.05432782 -5922328.175970521 -11499521.12743101
 1273310.922040507  2055786.800754723 -5922328.177266927  4379218.952195789 -1786002.121668321
 2938260.879583143  5841596.040432426 -11499521.12923161 -1786002.121873878  4505627.637911803

cov*(cov_.inverse()):
     1.000000000029104  5.820766091346741e-11 -2.328306436538696e-10  1.455191522836685e-11                      0
 5.820766091346741e-11      1.000000000058208 -3.492459654808044e-10  1.455191522836685e-11  5.820766091346741e-11
 4.074536263942719e-10  -2.91038304567337e-10      0.999999999650754  4.365574568510056e-11  1.164153218269348e-10
 2.619344741106033e-10  6.402842700481415e-10 -4.656612873077393e-10      1.000000000058208  1.455191522836685e-10
                     0  5.820766091346741e-10                      0 -1.455191522836685e-11      1.000000000058208
