5
2

8.177694556487213e-05
 0.000109110139289383
0.0002789639543599887
  0.01477783093245091
   0.5076740702316263

  -0.1437761911186926    0.7095179727913937   -0.6801335051907434    0.1154553143187029 -0.001067082899818755
  -0.4971656443002984    0.4672031881267352      0.50277950556929   -0.5279413704217725   0.05511969982107503
   0.4787888615232528  -0.03818297469283042   -0.2568660055988469   -0.6777176766563966    0.4939857208867716
  -0.5511951611670756   -0.2780254482887987   -0.1373813504889534    0.2197409702661432    0.7427826162035159
   0.4462060615703688    0.4467094557289167    0.4469646558755826    0.4476166177955198    0.4485674672237797

0.3825619745992059
0.3825847530764142
0.3826854085902215
0.3826335135354197
0.3825565243025812

0.0005537985923554688
    0.382815850325593

   1.207320306357131    3.398543898060707    2.489705652106375    -6.35161533539178  -0.7439800318953651
   1.142096190401635   0.5275384028978023   0.2440986391686557  -0.8210272912165908 -0.09270481021882609

-1.258060189582302e-09   6.60921358859004e-08  2.915054294241247e-07  -0.000851854968606592  -0.001837133072472817
-3.385261272309666e-10  2.734927013097075e-09  7.584495032436395e-08 -0.0002312677480704615     0.1147634050455102

cov:
0.05138096341646996 0.05140594688218657 0.05141835872714896 0.05145033765565275  0.0514967678108182
0.05140594688218657 0.05144732860329151 0.05146816509519595 0.05152154272735616  0.0515992576953006
0.05141835872714896 0.05146816509519595  0.0514933548311845 0.05155774349670269 0.05165156733722771
0.05145033765565275 0.05152154272735616 0.05155774349670269 0.05165012431200763 0.05178485374411328
 0.0514967678108182  0.0515992576953006 0.05165156733722771 0.05178485374411328 0.05197967112304006

cov.inverse():
 26800343.03159801 -34999259.16788121 -7954157.813995876  15394970.32278247  758434.6173835075
-34999259.15887169   93631581.3211038 -52302488.19663761  -8136975.78685056  1806595.144884348
-7954157.826943365 -52302488.17805717  91252996.52091965 -31801599.46102626  805389.2192704538
 15394970.32698674 -8136975.795828628 -31801599.45679439  31307665.21996193 -6763984.891571881
 758434.6171171441  1806595.144291454   805389.220671699 -6763984.892113868  3393585.400050303

cov*(cov_.inverse()):
     1.000000000094587 -4.656612873077393e-10  6.111804395914078e-10                      0   2.91038304567337e-11
 7.275957614183426e-12     0.9999999995488906 -3.128661774098873e-10  5.238689482212067e-10   2.91038304567337e-11
 7.275957614183426e-12  7.275957614183426e-10      1.000000000349246  4.656612873077393e-10                      0
 8.003553375601768e-11 -2.619344741106033e-10  5.820766091346741e-11      1.000000000349246  5.820766091346741e-11
-1.673470251262188e-10  1.164153218269348e-10  1.382431946694851e-10                      0                      1
