6
2

5.770624657061762e-05
0.0001782346557406178
0.0003284213492071868
0.0003603556158639239
  0.02241597027913779
   0.6329188747521578

  -0.09743001137948656     0.7330338078022229    -0.6726236295845023 -0.0008130311350473263    0.01503272581241795    0.02279558205352579
    0.5994895679585677    -0.4696549020122049    -0.5889329908730255     0.1089019016793429      0.173128957039628     0.1770909462143742
    0.1170947954242729    0.04625196968231431    0.03893815694526571    -0.1077356907255855    -0.7424777061047901     0.6478836786028879
    0.1199909590271494    0.07382369303677198    0.08054175790464527    -0.8834304323412008     0.3670155580516117     0.2418997906019966
   -0.6623000281484266    -0.2621664585676564    -0.1631659339559497     0.1699099584574985     0.3405281266382815     0.5667234772780848
    0.4054248415456672      0.407142819270944     0.4075648517101797     0.4089181005596198     0.4097162584553792      0.410700485532067

0.4219288999678816
0.4220063335885214
0.4220834424746759
0.4220410250557276
0.4220677214005746
0.4220485442811872

0.0001666039079365695
   0.4221396855684784

   1.590498182912176    3.018853916784762   -2.310158976323036  -0.1531870651922642  -0.6318380000632707   -1.514144516464993
   1.795860403140946   -1.219531725731949   0.3320402295450606   0.4922191261556308  -0.3749787399812706 -0.02531856883807435

  1.18812715214096e-08   1.59467996981522e-08 -2.798405169061833e-08 -3.054105702362149e-08  -0.001289944546923355  -0.004399473240645575
-4.325288152452087e-09  4.568209715726416e-08  4.053287401372003e-08 -5.536926363593531e-08 -0.0004935629297745109     0.1618908796938323

cov:
0.06606451232574589 0.06621034246067352 0.06624593559560137 0.06635486552245771 0.06642772517967742  0.0665123113783756
0.06621034246067352 0.06643784414942322 0.06649363269444696 0.06667044635584712 0.06677815456613848 0.06690888637150615
0.06624593559560137 0.06649363269444696 0.06655442444848431 0.06674802935683631  0.0668643612403288 0.06700651035141954
0.06635486552245771 0.06667044635584712 0.06674802935683631 0.06699825224375722 0.06714342686782573 0.06732395992310365
0.06642772517967742 0.06677815456613848  0.0668643612403288 0.06714342686782573 0.06730373067087617  0.0675038549812805
 0.0665123113783756 0.06690888637150615 0.06700651035141954 0.06732395992310365  0.0675038549812805 0.06773028671716154

cov.inverse():
  14402522.1499532 -30191359.19381206   8682828.19448016  1145388.282002644   2359946.48398078  3601071.519773586
-30191359.16758764  168367766.0357305 -139294932.3198197 -2337507.516165634  639682.0514784165  2814899.317753503
 8682828.162662443 -139294932.2634378  146844359.4367145 -2441572.662923251 -6286550.232869969 -7503756.079830036
 1145388.283074796 -2337507.526608446 -2441572.652567313  6491297.801078115 -1165296.803419669 -1691104.313251568
 2359946.488671064  639682.0303451426 -6286550.217297335  -1165296.80244521  7159905.874960871 -2707724.672205839
 3601071.519604559  2814899.319169688 -7503756.081191774  -1691104.31324079 -2707724.672102042  5486139.971391592

cov*(cov_.inverse()):
     1.000000000261934  -4.94765117764473e-10  -2.91038304567337e-10  8.731149137020111e-11 -1.455191522836685e-10 -5.820766091346741e-11
 3.201421350240707e-10      1.000000000465661 -1.222360879182816e-09   1.01863406598568e-10                      0 -5.820766091346741e-11
 1.164153218269348e-10  -2.91038304567337e-11      1.000000000407454                      0                      0                      0
 8.731149137020111e-11                      0 -1.746229827404022e-09      1.000000000087311  -2.91038304567337e-11                      0
  4.94765117764473e-10 -5.529727786779404e-10  2.211891114711761e-09  1.164153218269348e-10                      1 -5.820766091346741e-11
 1.455191522836685e-10 -1.513399183750153e-09  8.149072527885437e-10  1.455191522836685e-11                      0      1.000000000058208
