5
2

5.424579450010402e-05
0.0001176100985126916
0.0003760987143725082
  0.01757225226915059
   0.5775005500199228

 -0.2412524484519688   0.7927381600350765  -0.5597502893777765 0.002018270159290603 0.006245467731976042
 -0.6542226748885003   0.2732011923033571    0.666175667173398 -0.06224179635841615  -0.2229119544526834
   0.224316976751848   0.1852748686729213   0.1659997298414387  -0.8887334503016461   0.3129729397034886
  -0.514789672138706  -0.2516864239051221  -0.1252967708317149  0.07807882481176297   0.8061327147662063
   0.445492351424691   0.4463793064293057   0.4468046585693659   0.4474130494326099   0.4499658208041101

0.4225076309950375
0.4225180730478881
 0.422591239619846
0.4225967901758227
0.4225263137152904

0.0002699731736972651
   0.4226802922765717

   4.063001182015702    0.956839994828649   -3.249169330341845  -0.1013495335664005   -1.669297513850007
   2.940845233797406   -1.097637723469973  -0.7690913262439958 -0.04087718163105475 -0.03330878432383524

 4.668173967730094e-09 -5.785706471074881e-08  1.654191076027458e-08  -0.001012469812200552    -0.0036907204157059
-3.382281203201605e-09 -3.770950332761323e-08  5.015147290688308e-08 -0.0003616894179224304      0.147827229145415

cov:
0.06627076568473055 0.06636071186505668 0.06640381449977681  0.0664618504080544 0.06672543679777872
0.06636071186505668 0.06647231072738065 0.06652580837527983 0.06660054509642706 0.06692402654263357
0.06640381449977681 0.06652580837527983 0.06658430655680862 0.06666706342502192 0.06701931667380695
 0.0664618504080544 0.06660054509642706 0.06666706342502192 0.06676288117569373 0.06716119588701558
0.06672543679777872 0.06692402654263357 0.06701931667380695 0.06716119588701558 0.06772556340349516

cov.inverse():
 51078874.15533447 -77620856.99167986   14646821.5430748  1368883.541253234  10526073.78475065
-77620856.99440072  219202606.4613581 -137421439.0052386  -1849774.92365711 -2310965.359943494
  14646821.5470599 -137421439.0097246  138756018.0576042 -4424584.936126483  -11556827.1899781
 1368883.540109586 -1849774.922859049 -4424584.935410954  5865402.217097628 -958865.9165381014
 10526073.78462988 -2310965.358976316 -11556827.19119437 -958865.9161681787  4300185.398818014

cov*(cov_.inverse()):
     1.000000000349246  1.047737896442413e-09 -1.629814505577087e-09 -1.455191522836685e-11                      0
-3.492459654808044e-10      1.000000001571607 -2.211891114711761e-09 -5.820766091346741e-11                      0
                     0 -2.299202606081963e-09      1.000000000465661 -6.548361852765083e-11  5.820766091346741e-11
-5.820766091346741e-10 -2.328306436538696e-10 -1.164153218269348e-09      1.000000000014552  5.820766091346741e-11
 2.328306436538696e-10  -1.01863406598568e-09                      0 -7.275957614183426e-12      1.000000000174623
