5
2

5.541124897065273e-05
8.823910038159168e-05
0.0002036977726415613
  0.01869495554222083
   0.5521361727368105

-0.006679402880408848    0.2549758813719923   -0.7888883515274768    0.5588077685671035  -0.01821351446183422
   -0.410499558034744    0.8011989097800226  -0.04145200005294401   -0.4264844297543475   0.07722164650732981
   0.5923005838204194  -0.04883757394196378   -0.4168640767119934   -0.5454849200974974    0.4188859669059561
  -0.5313443998027592   -0.3027300696653218  -0.04808801765595511   0.08946791672025867    0.7846723317119909
   0.4453073608584045    0.4461356331630231    0.4470444995980249    0.4475339124470097    0.4500321808232998

0.4164668417413188
0.4165543927029418
0.4166044533008119
0.4166985974283363
0.4167560858625927

-0.0002295481250141946
    0.4166225926483844

 0.9834799597982247   3.375419880107948  0.8514052905375364  -3.732018516562624  -1.478215524377427
  1.053373048623721  0.7205090263942014 -0.1107502544177211   -0.52360301530104 -0.1396027928879835

-5.760511110278816e-09  2.914250343500208e-08  6.138044916227493e-08  -0.001076170896063683  -0.003349557142460923
-7.984490322009363e-11  2.818433317282613e-09   3.57681586109316e-08 -0.0003246469150685406     0.1353106337436618

cov:
0.06055089485910511 0.06062086144993915 0.06069694881873358 0.06073784165136304 0.06094791005057944
0.06062086144993915 0.06070933239754762 0.06080599641887087 0.06085800456068339 0.06112422995435688
0.06069694881873358 0.06080599641887087 0.06092558932397189 0.06098997540699568 0.06131874844350778
0.06073784165136304 0.06085800456068339 0.06098997540699568 0.06106105506494142 0.06142361443581237
0.06094791005057944 0.06112422995435688 0.06131874844350778 0.06142361443581237 0.06195703531094027

cov.inverse():
 30112594.53398643 -43492043.01969746 -2048987.652658604  13482589.84889976  1946669.866153428
 -43492043.0305446  103675622.7881064 -69286426.50883722  3161526.603663325  5939940.206083263
-2048987.643494789 -69286426.54420686  207100130.8143735 -135825263.7891279  60022.12625797995
 13482589.85488966  3161526.625497594 -135825263.8271036   132233736.109021 -13051308.65946783
 1946669.861846916  5939940.208771888  60022.13802713553 -13051308.66961926  5104494.376811689

cov*(cov_.inverse()):
     1.000000000087311  2.328306436538696e-10  1.080934453057125e-09  4.656612873077393e-10  5.820766091346741e-11
 3.201421350240707e-10     0.9999999997089617  1.231910573551431e-09 -1.164153218269348e-10 -5.820766091346741e-11
 4.074536263942719e-10 -2.328306436538696e-10     0.9999999996389306  1.629814505577087e-09 -5.820766091346741e-11
 3.637978807091713e-10  4.656612873077393e-10  4.965841071680188e-10      1.000000001047738                      0
-2.473825588822365e-10 -5.820766091346741e-11  1.201897248392925e-09                      0                      1
