6
2

7.559508741073033e-05
 0.000159952122786646
0.0004683456390146288
0.0006416357828047777
  0.02054614797021295
   0.5685278158294547

   0.3154720354607964   -0.7796978640403285    0.5384228646514764 -0.007882880384064365  -0.01922265699225919  -0.04709356780578313
   0.6145371678283945   -0.2559867112118229    -0.708376645343008   0.04695846874645352   0.09249658865513009    0.2103727279690722
 -0.07106994406722986  -0.08740877052100053   -0.1119093597620223    0.1733282628114965    0.7341112446492616    -0.637042430984156
   0.1022133261466789   0.09873723843981447    0.1001964882777843    -0.881431628145587    0.4007856944848676    0.1794802759107925
  -0.5848735896590522   -0.3786900595204551   -0.1393196965414681    0.1540467757456664     0.352133915440063    0.5893878532634829
   0.4065044247327769    0.4071198200721562    0.4078361536734227    0.4087027666991894    0.4093019468778116    0.4100137086835254

 0.399313506220317
0.3993664230202196
0.3993860316123456
0.3994525097645411
0.3994413074491467
0.3994314981280768

0.0001743281546856843
   0.3995187020517848

   1.834409422132446    3.857019893444091   -4.040760644661673  -0.1068200779423746  -0.3698567082049528    -1.17394767301307
   1.060657346950091   0.8217437569339974  -0.6679238164789553 -0.01301051337571485 -0.04151920284614372  -0.1599553334087191

-2.595011207465986e-08  6.949194130847236e-08  9.706434948338698e-08 -4.171167905411207e-08  -0.001185870611095012  -0.002708247188042175
  -3.7561952680038e-09  2.242492056168441e-08 -7.234111504732797e-10  3.653606642280645e-08 -0.0004007760999535343     0.1310386420607278

cov:
0.05355582500200021 0.05358576051626247 0.05362077590208317 0.05366217452942176 0.05369203997240279 0.05372699536708778
0.05358576051626247 0.05363379079062573 0.05368978517491632 0.05375687753673701  0.0538040987172511 0.05385984885700858
0.05362077590208317 0.05368978517491632 0.05377014880396631 0.05386707117063014 0.05393444469674694 0.05401433952460633
0.05366217452942176 0.05375687753673701 0.05386707117063014 0.05400099851150716 0.05409258938582706 0.05420207182762036
0.05369203997240279  0.0538040987172511 0.05393444469674694 0.05409258938582706  0.0542016065104867 0.05433078094483278
0.05372699536708778 0.05385984885700858 0.05401433952460633 0.05420207182762036 0.05433078094483278 0.05448431429305224

cov.inverse():
 32225677.74157634 -49138127.39164276  12769625.57561953  417551.6524377086   1021728.54053009  2703473.687742732
-49138127.39246172  109001480.0690223 -66305599.83765884     325090.6294322  1500518.522075217  4616905.939971553
 12769625.57693962 -66305599.83942819  70424140.34028688   -2345876.5608436 -4649244.813263362  -9893287.47533517
  417551.651968624  325090.6305637304  -2345876.56160967  2121205.143736777 -81563.32463980436 -436354.3813024032
 1021728.540677562  1500518.521382152 -4649244.812545921 -81563.32469742013  3246441.609460864 -1037858.785341999
 2703473.687563215   4616905.94048351 -9893287.475735832  -436354.381348415 -1037858.785227762  4047109.833239713

cov*(cov_.inverse()):
     1.000000000116415    7.8580342233181e-10 -5.820766091346741e-10  7.275957614183426e-12  1.455191522836685e-11                      0
 -2.91038304567337e-11      1.000000000232831 -8.149072527885437e-10 -1.455191522836685e-11 -7.275957614183426e-12 -8.731149137020111e-11
 3.492459654808044e-10  -2.91038304567337e-11     0.9999999991850927 -3.637978807091713e-12 -5.093170329928398e-11                      0
 2.328306436538696e-10   2.91038304567337e-11 -8.149072527885437e-10     0.9999999999745341 -2.182787284255028e-11                      0
 2.328306436538696e-10 -3.201421350240707e-10 -9.313225746154785e-10 -1.091393642127514e-11                      1  -2.91038304567337e-11
 1.746229827404022e-10  1.746229827404022e-10 -2.328306436538696e-10 -7.275957614183426e-12 -2.182787284255028e-11     0.9999999999126885
