6
2

5.640923816384633e-05
8.926921767865595e-05
0.0001997016572428887
0.0005605018454040121
  0.01929996155947667
   0.6053758459729031

-0.002089119880111759    0.2427158111132971   -0.7864075526349299    0.5676647897547813 -0.001855927421424033  -0.02002682647219575
   0.4060806493795498   -0.8032143976066675    0.0596920376624881    0.4249194011401625   -0.0121009608186664  -0.07535958863006521
  -0.5903137398858981   0.06414734025812012    0.4315043451061297    0.5543467674135942  -0.07449698878638046   -0.3851865359979807
  0.08898498299611216    0.1070527959036302     0.130129928796647    0.1463501736680988   -0.8807106504875211    0.4081886207465141
   -0.560031799932988   -0.3386053551955456  -0.09200217669613782   0.04120252688151334    0.2265684519726907    0.7142936961286763
    0.406287935022114    0.4070711210254247    0.4079286985093383     0.408391759112913    0.4090425499027937    0.4107526709258614

0.4164042490864929
0.4164881640738562
0.4165341056569025
0.4166261855683343
 0.416666102785243
 0.416673677832349

-0.0001813171418868532
    0.4165658392407988

   1.013010583510285    3.316738991394639   0.8420994080001644   -3.597234952663262  -0.1217162424864467   -1.452820100551231
   1.046181276140712   0.7325452269026872   -0.137029431369357  -0.4792783507774955 -0.02533102472328203   -0.137160081530361

-5.956793910842964e-09 -2.884775546691946e-08 -5.771964593527775e-08  -1.43726921592875e-07  -0.001110533974288873  -0.003803627641459114
 4.486667596330192e-11 -2.906676571131885e-09  -3.35269605433329e-08  1.566521910478504e-08 -0.0003519237178881194     0.1483939234746748

cov:
0.06061164118931273 0.06068204516804195 0.06075828737836989 0.06079944693234192 0.06085766366327318 0.06101059548745526
0.06068204516804195 0.06077096595628537 0.06086779444812802 0.06092007430924463 0.06099374811689128 0.06118739758244401
0.06075828737836989 0.06086779444812802 0.06098755950840357  0.0610522206618716 0.06114310833441867 0.06138210058805131
0.06079944693234192 0.06092007430924463  0.0610522206618716 0.06112357722693754 0.06122376064233955 0.06148724746300534
0.06085766366327318 0.06099374811689128 0.06114310833441867 0.06122376064233955 0.06133724789394886 0.06163441055334775
0.06101059548745526 0.06118739758244401 0.06138210058805131 0.06148724746300534 0.06163441055334775 0.06202177682278304

cov.inverse():
 29458114.81119221 -42007894.65134581 -2792045.133640106  13116136.95019854  237487.7423854823  1989069.826643694
-42007894.64206137  99611723.09293997 -65263375.95244873  1412983.387308161  657979.6374964801  5586957.378467291
-2792045.169247022 -65263375.89167317  199524495.1614716 -131052579.5902523 -802868.5256580632   386228.134169516
 13116136.97868785   1412983.33136076 -131052579.5615206  131701654.5163939 -2422100.554873233 -12754954.83249132
 237487.7418897993  657979.6384921907 -802868.5271383965 -2422100.553719059  2627706.641013617 -298224.7260585365
  1989069.82497272  5586957.381927241  386228.1320880852  -12754954.8323728 -298224.7258846613  5090724.167842316

cov*(cov_.inverse()):
    0.9999999999417923 -2.328306436538696e-10  3.637978807091713e-12 -1.164153218269348e-10 -2.182787284255028e-11  1.164153218269348e-10
-2.619344741106033e-10     0.9999999995925464 -1.517037162557244e-09  3.492459654808044e-10                      0                      0
-7.275957614183426e-11 -1.164153218269348e-10     0.9999999984647729 -6.984919309616089e-10 -3.274180926382542e-11  1.746229827404022e-10
-2.764863893389702e-10  1.746229827404022e-10 -1.622538547962904e-09      1.000000001047738 -6.548361852765083e-11                      0
 -2.91038304567337e-11  6.984919309616089e-10 -1.353328116238117e-09  9.313225746154785e-10      1.000000000007276 -5.820766091346741e-11
-1.309672370553017e-10  -2.91038304567337e-10  3.637978807091713e-12  4.656612873077393e-10                      0      1.000000000058208
