5
2

 8.11228900262272e-05
9.588086437008252e-05
 0.000225889018149847
  0.01641772679903118
   0.5166627755985357

 0.02907837118778024   0.2626798002714706  -0.8004647226598822   0.5372126565772386 -0.02850544243946429
 -0.3944283486055343   0.8072341701060231 -0.04200893777887803  -0.4326737242381563  0.06187059018730542
  0.6030771503492759 -0.05816184275668813  -0.3890780972721829  -0.5623720414144616   0.4065354499082856
 -0.5300413603279299   -0.276663720024461 -0.07916915316434929  0.08807115946950231   0.7927730182220388
  0.4460211129685355   0.4465945624522913   0.4470368623883557   0.4474116313554425   0.4489981507402802

0.3951444564975398
0.3951929683681053
 0.395299068748251
0.3952882051062052
 0.395252597972321

0.0002220704108673175
   0.3953570279171041

  2.260744183399011   1.891629355920389   2.292262999507602  -4.966859309891159  -1.477706818633933
  1.226062827855323  0.4558202365792949   0.230013069993782 -0.7536584238212373 -0.1582455060911784

-2.565494685610841e-08  2.387084931615972e-08  1.303198021765155e-07 -0.0009466394811620661  -0.002098465395756349
-2.823839009814906e-09   1.75583997308768e-09  5.015382198150923e-08   -0.00026577119029767     0.1187867755303221

cov:
0.05317949475476466 0.05321154597334812 0.05323598365894498 0.05325670705569621 0.05334494811657732
0.05321154597334812 0.05326102556028436 0.05329901916093582 0.05333122533373481 0.05346780937119994
0.05323598365894498 0.05329901916093582 0.05334759787359339  0.0533887476204931 0.05356301612790917
0.05325670705569621 0.05333122533373481  0.0533887476204931 0.05343748847095675 0.05364366709608223
0.05334494811657732 0.05346780937119994 0.05356301612790917 0.05364366709608223  0.0539844255827432

cov.inverse():
 24180133.97913709 -34160289.82061332 -6332921.213762101  14290552.72628392  2022816.367637281
-34160289.82112556  81433409.18841612 -35195984.00451036 -15908394.87379111  3830745.340041769
-6332921.207354468 -35195984.02096134    100522565.31851 -59078109.33703186  84397.67610021212
 14290552.71913319 -15908394.85439936 -59078109.34996682  70415471.80773796 -9719176.750849709
 2022816.368892624  3830745.336588818  84397.67899168433 -9719176.751543555  3781166.327307576

cov*(cov_.inverse()):
    0.9999999999708962  -4.94765117764473e-10 -2.855813363566995e-10 -1.746229827404022e-10  -2.91038304567337e-11
-2.328306436538696e-10     0.9999999997671694  4.029061528854072e-10 -4.074536263942719e-10                      0
 -1.01863406598568e-10 -4.365574568510056e-10      1.000000000617547  -2.91038304567337e-10   2.91038304567337e-11
 5.820766091346741e-11 -4.365574568510056e-10 -1.000444171950221e-10                      1   2.91038304567337e-11
 -1.01863406598568e-10  4.074536263942719e-10 -2.364686224609613e-11                      0      1.000000000029104
