5
2

0.0001017324645260337
0.0002450226907113847
0.0005727868362598385
  0.01563432530338216
    0.508126153860484

-0.4832492252314728  0.7947521935829407 -0.3649950773593019 0.01706841424485897 0.03641977274680301
 0.4012776028673093 -0.1463050256137156 -0.8043399861754222  0.1754101280678204   0.373951331763625
 0.0750119935897757 0.08460230081638363  0.1021235741891356 -0.8173336873374011  0.5556546325304476
-0.6332789822524354 -0.3748735794786558 0.09594298457448192  0.3166583938290674  0.5907198450828582
 0.4458445953527468  0.4464034502338761  0.4474164720353689  0.4479208204219141  0.4484774192732789

0.3827303630437299
0.3827547972677876
0.3828052229937589
0.3827842459457708
0.3827295731941371

0.0005356255162698082
   0.3829823658799945

    1.478439506293006     4.693115361775994    -5.297886702317189   -0.1244301509643052   -0.7493065760864609
    1.137026725028433    0.7012789654338167   -0.7327392946669798 -0.009719584285320604  -0.09585871715853139

 5.091638813745178e-08  2.320942274997532e-07 -1.140897657001342e-07 -0.0009009564856491729  -0.002056903328718908
 2.811594314622487e-09   5.43616747386073e-08  8.028333509560795e-09 -0.0002720409106845657     0.1148456579402988

cov:
0.05142081425105886 0.05144512716010249 0.05148885066520743 0.05151274172253491 0.05153442929736072
0.05144512716010249 0.05148587719547253  0.0515594912097715 0.05159736594713379 0.05163644231268187
0.05148885066520743  0.0515594912097715 0.05168759304027574 0.05175095163897811 0.05182171313238765
0.05151274172253491 0.05159736594713379 0.05175095163897811 0.05182661999920392 0.05191183714956256
0.05153442929736072 0.05163644231268187 0.05182171313238765 0.05191183714956256 0.05201611434910215

cov.inverse():
 25265275.38946069 -38066964.56790444  11689669.24685224  187762.6564778244  924430.4678653009
-38066964.56791481  61409066.21250808 -26042159.85800702   671993.328796276  2027804.646920604
  11689669.2472009 -26042159.85858312  23680315.46429234 -3206313.796727569 -6121272.749555528
 187762.6558862773  671993.3297876313 -3206313.797198856  2577227.582335558 -230842.5189675481
 924430.4681186079    2027804.6464949 -6121272.749311648 -230842.5190390235  3399921.113654362

cov*(cov_.inverse()):
    0.9999999999126885  5.820766091346741e-11 -3.492459654808044e-10 -3.637978807091713e-12 -5.820766091346741e-11
 1.964508555829525e-10      1.000000000043656 -3.492459654808044e-10 -2.546585164964199e-11 -5.820766091346741e-11
 1.891748979687691e-10 -2.764863893389702e-10      1.000000000058208 -2.546585164964199e-11 -8.731149137020111e-11
-1.818989403545856e-10  1.746229827404022e-10  -2.91038304567337e-10     0.9999999999618012                      0
 2.182787284255028e-11  -2.91038304567337e-10 -5.820766091346741e-11 -1.818989403545856e-12                      1
