6
2

0.0001358544354883585
0.0003157267972734454
0.0003388967313333713
0.0004114774974865851
  0.02206638938599415
   0.6325855542077364

  0.4906258777695989  -0.8522760421401283  0.08061293053282551  0.09522326571710338  0.08677181025362271   0.0990784239840241
-0.08961155848567412 -0.03536338079473958   0.4245564229046854   0.2077555006944367  -0.8187156392613428   0.3114697378799541
 -0.2816759009103332  -0.1259718465294882   0.3134757864510739   0.6205352770844476   0.1130918226877037  -0.6392721811342058
 -0.1354073057513057 -0.07019370055603658   0.7399391983285513  -0.6118564873026836   0.1997887981286421  -0.1222446882946496
 -0.6995251850165338    -0.29311167122058 -0.03088792069122407   0.1455949966241476   0.3188519898094827   0.5485722428539231
  0.4052703795883534   0.4070189992754686   0.4080713781220653   0.4088274543065051   0.4096381810234723   0.4106408129590995

0.4217243515409826
0.4217980033933014
0.4218835995080905
0.4218282227058037
0.4218531931505442
0.4218324626307555

0.0001901949659160678
   0.4219380444656348

     1.722753003811593     0.8313151846898102 -0.0005787075691270054    -0.1873843651929044    -0.7245050846932064     -1.641570962274489
     1.795754092471818    -0.9652410685980978    0.05355076954371188     0.4838991436403052    -0.3566426866972794   -0.01101290871628632

-1.968999892739776e-09 -1.406418858557186e-08  2.998009672472195e-08  -2.05677190691629e-08   -0.00126969330830857  -0.004475106710115986
  3.17829453636309e-08  2.841382453197895e-08 -1.153761146022569e-08 -8.495550810718811e-08  -0.000498714093136264     0.1616510325621778

cov:
0.06596293505750987 0.06610806672828358 0.06618938983625898 0.06625191645124773  0.0663243885834796 0.06640876541789703
0.06610806672828358 0.06633488549041516 0.06646883343026024 0.06656680288434481 0.06667412322377747 0.06680465048944048
0.06618938983625898 0.06646883343026024 0.06663687663417193  0.0667575188251789 0.06688734114472471 0.06704759199786864
0.06625191645124773 0.06656680288434481  0.0667575188251789 0.06689388057457467 0.06703865537508535 0.06721897312043772
 0.0663243885834796 0.06667412322377747 0.06688734114472471 0.06703865537508535 0.06719855586326372 0.06739846278326181
0.06640876541789703 0.06680465048944048 0.06704759199786864 0.06721897312043772 0.06739846278326181 0.06762467761747167

cov.inverse():
 13922945.28679104 -22258693.34821638  400742.2386624991  1311784.043602871  2605044.034003922  4018608.143084263
-22258693.34785642  39536170.46662753 -4523709.428535152 -4897943.467296554 -3923542.526210195 -3934191.256126046
 400742.2388886983 -4523709.428863822  6249611.151630974  320488.6758932769 -1926175.601422682 -519795.3617886296
 1311784.042226639 -4897943.465080137   320488.675813556  6488148.633706416     -1369501.52369 -1851704.835565227
 2605044.034527512 -3923542.527311709 -1926175.601258093 -1369501.523247579  7479511.719843091 -2865707.433738387
 4018608.143350533 -3934191.256551975 -519795.3619759784 -1851704.835247158 -2865707.433709418  5152223.705130496

cov*(cov_.inverse()):
    0.9999999998835847  5.820766091346741e-10  3.637978807091713e-11  -2.91038304567337e-11                      0                      0
 1.746229827404022e-10      1.000000000174623  3.637978807091713e-11  1.455191522836685e-11 -8.731149137020111e-11                      0
                     0  2.328306436538696e-10     0.9999999999781721 -1.455191522836685e-11  5.820766091346741e-11                      0
-5.820766091346741e-11  4.074536263942719e-10 -7.275957614183426e-12     0.9999999999854481 -5.820766091346741e-11                      0
                     0  1.746229827404022e-10  1.455191522836685e-11  1.455191522836685e-11     0.9999999999708962                      0
-5.820766091346741e-11  2.328306436538696e-10 -7.275957614183426e-12 -7.275957614183426e-11  -2.91038304567337e-11                      1
