5
2

9.273512700465007e-05
0.0002287695300294389
0.0006117860652205399
  0.01551739239787747
   0.5171929954687714

 -0.1569119873495095   0.7477989583859015  -0.6437724116464829  0.01352725278703278  0.03936294574718392
 -0.5865651693073687   0.4194050817270327     0.60893317970626   -0.144523311679269  -0.2972441330136568
 0.06255634135067277  0.07853914577446723  0.09403222839499671  -0.8080178746425005   0.5728729012783931
 -0.6547733450094442  -0.2433542788481475 -0.07792137960247401   0.3540104823911573    0.616972769730941
  0.4457336662216652   0.4466613849504086   0.4470387715619467   0.4480108463292933   0.4486175701892116

  0.39898760197869
0.3991614355017157
0.3991573454081909
0.3991444720251305
0.3991425011373851

8.108837586246388e-05
   0.3991826437089935

   3.249521784712799    4.084792417398408     -5.5126809318998  -0.3905718190772461   -1.431221325992291
   1.418592774400911   0.5911793015080489  -0.7875791841284134 -0.04733105988936154  -0.1749144241368992

 5.187406835416744e-08 -1.605579308701859e-07 -1.866149564381983e-07 -0.0008941686419245833  -0.002271850110824126
 6.183133352025444e-09 -5.259214469415899e-08  -3.16090951547139e-10 -0.0002735432441786578     0.1189303992537527

cov:
 0.0532474859579654 0.05329319953323922 0.05331210869158785  0.0533599095297498 0.05339082609690153
0.05329319953323922 0.05337996080776883 0.05341535153286472 0.05350614313837672 0.05356326114604514
0.05331210869158785 0.05341535153286472 0.05345738891366989 0.05356546386599633 0.05363312427497714
 0.0533599095297498 0.05350614313837672 0.05356546386599633 0.05371905247263895 0.05381375989013688
0.05339082609690153 0.05356326114604514 0.05363312427497714 0.05381375989013688 0.05392593109423829

cov.inverse():
 9449350.382505925 -18331151.02915895  4937403.881127167  1236956.988888519  2707304.285196645
-18331151.02548896  68402867.92476508  -51079789.5629414 -151821.7841784692  1160358.664271019
 4937403.876442353 -51079789.55580066  55300836.57494233 -2897306.536708021 -6261433.782652877
 1236956.989260419 -151821.7852934806 -2897306.536008263  2165283.851238632 -353087.0759088794
 2707304.285839582  1160358.661915313 -6261433.780896782 -353087.0759522242  2746811.967497103

cov*(cov_.inverse()):
     1.000000000145519  9.458744898438454e-11  4.074536263942719e-10  7.275957614183426e-12  -2.91038304567337e-11
 8.731149137020111e-11      1.000000000574801 -2.328306436538696e-10  7.275957614183426e-12  5.820766091346741e-11
 -2.91038304567337e-11 -2.764863893389702e-10     0.9999999997089617                      0   2.91038304567337e-11
                     0  6.111804395914078e-10  1.746229827404022e-10      1.000000000014552   2.91038304567337e-11
  2.91038304567337e-11 -1.091393642127514e-10                      0 -1.091393642127514e-11                      1
