6
2

7.488843648765668e-05
0.0001515106279174605
0.0004028200571250052
0.0005821364537817546
  0.02249244746795999
    0.582162173084072

   0.2590143404492705   -0.7599277969795623    0.5928265592650419 -0.009661918650808997  -0.02527658278146674  -0.05697128347042084
   0.6537471113375205   -0.3085613925224175   -0.6591888895838863   0.04186695923766395   0.09083468190368708    0.1813030821560544
 -0.06343835973079834  -0.07199591590026942  -0.09084274004165124   0.09096892450911985    0.7623162412009248   -0.6270074659563629
   0.1054991752747604    0.1045599766176931    0.1105192035026734   -0.8929249742564259    0.3342292270133032    0.2381143740357532
  -0.5705026819035073   -0.3817048276345162   -0.1655460454532947    0.1593710227732488    0.3612202179029743      0.58782944177246
   0.4060769315430193    0.4067982723246361    0.4076202737263809    0.4088573434282436    0.4096277350422683    0.4104914069240277

0.4037374097302938
0.4037890069849109
0.4038048248338814
0.4038718697429361
0.4038489555517366
0.4038299072943616

0.0002180583175520974
   0.4039490726648898

   1.105077520006448    2.857638491202286   -1.746581408321592  -0.1319003606411767  -0.5147468733585043   -1.569447584729399
   1.013548828193979   0.6926922210011643  -0.4389431953641891 -0.02852625125495814 -0.05514516864857766  -0.1836635067875923

-1.579901775132455e-08  1.504011574739022e-08  7.504357044064672e-08 -6.968304306761327e-08  -0.001295944620951499  -0.003301307588427284
-2.871194508670643e-09  1.603923641684096e-08 -6.115330230304071e-10  3.190668445321452e-08 -0.0004565331577691348     0.1371912904619105

cov:
0.05605087783088781 0.05609564482341135 0.05614638118121579 0.05622282580890609 0.05627063002881755 0.05632410009999837
0.05609564482341135 0.05615864823738584 0.05623023194456329 0.05633800139947199  0.0564052712202021 0.05648059710246606
0.05614638118121579 0.05623023194456329 0.05632569626619862 0.05646932948990622 0.05655888745264689 0.05665923831785643
0.05622282580890609 0.05633800139947199 0.05646932948990622 0.05666725076495011 0.05678991481377469 0.05692787080587224
0.05627063002881755  0.0564052712202021 0.05655888745264689 0.05678991481377469 0.05693397587297334 0.05709510693551888
0.05632410009999837 0.05648059710246606 0.05665923831785643 0.05692787080587224 0.05709510693551888 0.05728278670126982

cov.inverse():
 30638697.43748474 -43823094.08662887  8676392.921337433  432372.3103915293  1225103.179836302  2850737.936062254
-43823094.06708752  107183143.8502618 -71393472.59584729  430447.7210870234  1968644.040887587  5633869.359172059
 8676392.895568084   -71393472.564898  81681318.85483664 -2565758.157947258   -5598179.6703058 -10799990.59328455
 432372.3103238569  430447.7221450903 -2565758.159258903  2496828.585475586 -243963.0818799564 -549921.9110664276
 1225103.182028541   1968644.03588042 -5598179.667130256  -243963.082059747  4384613.783080436 -1736230.527640315
 2850737.940165567  5633869.351713272 -10799990.58996839 -549921.9112078821 -1736230.527459511  4601501.653612097

cov*(cov_.inverse()):
     1.000000000436557 -6.402842700481415e-10  9.313225746154785e-10                      0  1.455191522836685e-11  -2.91038304567337e-11
 8.731149137020111e-11      1.000000000582077 -4.656612873077393e-10  7.275957614183426e-12  5.820766091346741e-11   2.91038304567337e-11
-2.619344741106033e-10  4.656612873077393e-10      1.000000000232831  1.818989403545856e-11   2.91038304567337e-11  1.164153218269348e-10
-8.731149137020111e-11  9.895302355289459e-10  1.164153218269348e-10      1.000000000007276  1.455191522836685e-11  1.455191522836685e-10
 2.037268131971359e-10 -1.164153218269348e-10  4.656612873077393e-10  7.275957614183426e-12      1.000000000029104  5.820766091346741e-11
 2.328306436538696e-10 -1.746229827404022e-10  3.492459654808044e-10                      0                      0     0.9999999999417923
