6
2

 7.81434018979149e-05
 0.000106563694906273
0.0001408345650907288
0.0001566871968964373
 0.008847458245770158
   0.6304239890740756

-0.003860476162421792  -0.03260025772992686  -0.09657725919458787   -0.2527789317309934    0.8453159745279734   -0.4594984959790009
  0.04426686798634538   0.08228530095419301    0.4413237451695065   -0.8387860978468031  -0.03224142450201162     0.303152269000467
  -0.4768120101458243   -0.1616756456950616    0.7601628268636911    0.2401809273275874  -0.03008620174533715   -0.3317705710833672
   0.5406802101201778   -0.8216845244143208    0.1670296045843884   0.04897877171626011   0.02581017414367833   0.03918518529538708
  -0.5586112686863893   -0.3527472422508459   -0.1536078090202234   0.07574479530139193    0.3404939505302284      0.64672565298284
    0.407791869688644     0.407959879711644    0.4081230375891719     0.408310692715544    0.4085265215153533      0.40877692349643

0.4015376953857079
0.4017282428517505
0.4017299988690126
0.4017325022322377
0.4017354648438189
0.4017385608394936

-7.396882425305467e-05
    0.4017154359083194

-1.144070233496018  1.188913895872383  3.460640632569639  5.172605925181808  3.221639474579956 -11.89969363562781
0.8296726065112379 0.3114434479652126  0.483499012768607 0.4755906081346053 0.2261235835858174 -1.326333014153715

 3.978379494309876e-08 -7.353519503827962e-08  1.602090065403265e-07 -2.816603335310117e-08 -0.0005102885846816345  -0.002110726833905265
 3.787938238617397e-09 -6.047614948649432e-09  9.303316391956157e-09  6.152338844072612e-09 -0.0001089897692980479     0.1617991805859149

cov:
 0.0661154781068479 0.06613368477854445 0.06615142473788342 0.06617181197918819 0.06619521748513227 0.06622241299150151
0.06613368477854445 0.06615526762833246 0.06617620037801301 0.06620029623092517 0.06622798169636629 0.06626012674196091
0.06615142473788342 0.06617620037801301 0.06620029026473097 0.06622795593551689 0.06625977969875184 0.06629671125018746
0.06617181197918819 0.06620029623092517 0.06622795593551689 0.06625977766655482 0.06629636069104607 0.06633880818377502
0.06619521748513227 0.06622798169636629 0.06625977969875184 0.06629636069104607 0.06633846507787594 0.06638727629889479
0.06622241299150151 0.06626012674196091 0.06629671125018746 0.06633880818377502 0.06638727629889479 0.06644346662060364

cov.inverse():
 23548712.11509059 -13865312.00970643 -12813097.39768477 -7805680.067865873  629153.3762701326  10306246.48203121
-13865312.01258025  29590409.12518568 -8072395.728480367 -8325782.949944369 -5366646.126616406  6039765.921212286
-12813097.40312939 -8072395.732186222  48949015.84285463 -19061899.61784633 -15600465.81859146  6598836.308500557
-7805680.062344684 -8325782.961603211 -19061899.60118276  75426277.00260676 -32923551.22311873 -7309443.625295869
 629153.3895908627 -5366646.106512247 -15600465.88317506 -32923551.19590656  117184022.3865975 -63922443.58819202
 10306246.47150774  6039765.913599005    6598836.3472701 -7309443.641982105 -63922443.59213858  48287010.81191109

cov*(cov_.inverse()):
                     1 -5.820766091346741e-11                      0 -8.149072527885437e-10                      0                      0
-4.656612873077393e-10     0.9999999999417923 -5.820766091346741e-11 -4.074536263942719e-10                      0                      0
-3.492459654808044e-10  1.164153218269348e-10     0.9999999995925464 -7.566995918750763e-10  9.313225746154785e-10 -9.313225746154785e-10
-1.164153218269348e-10 -2.328306436538696e-10 -3.492459654808044e-10      1.000000000116415                      0 -9.313225746154785e-10
-2.328306436538696e-10 -1.164153218269348e-10 -5.820766091346741e-10 -5.820766091346741e-11                      1                      0
-1.164153218269348e-10 -5.820766091346741e-11  5.820766091346741e-11 -1.164153218269348e-10 -9.313225746154785e-10      1.000000000465661
