5
2

7.318315785183536e-05
0.0001563047851829558
0.0003837018617110243
  0.02141702250706199
   0.5766261029276746

-0.2378826959785218  0.7563754767150462 -0.6053234970933971 0.01972874192586588 0.06709844846730362
-0.6560244496259608  0.3269269714814715   0.640429015553982 -0.1102360441178608 -0.2011202809880449
 0.2057438226878872  0.1435465824815839  0.1151714437323411 -0.8710067389158682  0.4063824029105908
-0.5220063875207588 -0.3185658023623719 -0.1024951219842158  0.1681768910517236  0.7663135417297308
 0.4452219168687095  0.4460102036558313  0.4468382575622033  0.4477974825728579  0.4501836615813834

0.4223754506011416
0.4224298737812887
0.4224402319221982
0.4225202456419164
0.4224549911269092

0.0002458648799890539
   0.4225959225517198

    0.9151488779076078      3.190101443931388     -2.137027107461495    -0.1532332546902087     -1.814952527609832
     1.836552545090274     0.2045827614419732     -1.109216363546659 -0.0008535469512668814    0.06913452456110711

 1.801685541427164e-08 -1.329370236297053e-08 -3.003546300694694e-08  -0.001234574315022447  -0.003432299190864865
 2.109714706219459e-09 -4.549390628328036e-08  4.539232126264856e-08 -0.0003932526632474378      0.147635663254649

cov:
0.06603354177611727 0.06610150558932226 0.06617234696231555 0.06624951813208796 0.06645957987090656
0.06610150558932226 0.06618868973164607 0.06627991151408129 0.06638258644235923  0.0666490756565969
0.06617234696231555 0.06627991151408129 0.06639278832679639 0.06652254725658133 0.06684896792239142
0.06624951813208796 0.06638258644235923 0.06652254725658133  0.0666863762431622 0.06708763551395813
0.06645957987090656  0.0666490756565969 0.06684896792239142 0.06708763551395813 0.06765513236698205

cov.inverse():
 28469459.69554566 -42172915.78418963  9850428.316616712  866389.5234994207   2987246.14151726
-42172915.80179626  111334971.5509596 -76805220.40414293  461737.4540116837  7180448.076123781
 9850428.339018174 -76805220.43037169   85293287.9656978 -5800875.503684935 -12537993.81891856
 866389.5228946081  461737.4541902813 -5800875.503011273  5723073.861512432 -1249265.326590529
 2987246.137327251  7180448.084567441  -12537993.8234197  -1249265.32634308  3619265.003640695

cov*(cov_.inverse()):
     1.000000000058208  4.656612873077393e-10 -4.656612873077393e-10 -1.455191522836685e-11  1.746229827404022e-10
-4.365574568510056e-10      1.000000000407454 -1.164153218269348e-10                      0  -2.91038304567337e-11
 1.164153218269348e-10 -4.074536263942719e-10      1.000000000814907 -5.820766091346741e-11  -2.91038304567337e-11
 1.455191522836685e-10  7.566995918750763e-10 -1.164153218269348e-10      1.000000000014552  8.731149137020111e-11
-2.328306436538696e-10 -5.820766091346741e-11 -2.328306436538696e-10 -1.455191522836685e-11     0.9999999999708962
