5
2

8.843732564747259e-05
0.0001732556391561554
0.0004686517956377016
  0.02205212165945824
   0.5305442508563263

-0.4952842002895458  0.7826217879516433 -0.3700736197529579 0.01119795557346981 0.07153194895175258
 0.4444977546206195 -0.1296526222054361 -0.7909555819355438  0.0853064834741416  0.3907992003251332
 0.1162925682795229   0.126553037622048  0.1721756196396464 -0.8612402417323181  0.4461851289029563
-0.5882237724727263 -0.3953467243054301 0.08619802802684677   0.223486229999371  0.6635642893072778
 0.4445043747160205  0.4453971607770154  0.4476161741201221   0.448237170134046  0.4502892736967874

0.4061076503747029
0.4061581350130365
0.4061804542038776
0.4063029474642686
0.4062029655390078

0.0001805473080592359
   0.4063124235671003

  0.7068571760873712    3.353421423036429   -3.090013469999017 -0.04281113077837467  -0.9274417752565989
   0.860652917644667   0.7505564179883439  -0.4934672537487348  0.01507619167426846  -0.1327561852690092

 2.620930999129421e-08  5.875581786124276e-08 -8.837590405595192e-08  -0.001280365215278685  -0.003417454998111385
 2.615597413971787e-09  1.875982054647141e-08  8.322312496425715e-09 -0.0004523746691799703     0.1246816731667137

cov:
0.05578370343255924 0.05584022189922667 0.05598011056572637 0.05601852065493622 0.05614942794373601
0.05584022189922667 0.05591507838305056  0.0561006913232478 0.05615212084294634 0.05632481938329918
0.05598011056572637  0.0561006913232478 0.05640047917295959  0.0564844146150733 0.05676145593574566
0.05601852065493622 0.05615212084294634  0.0564844146150733 0.05657788308153309 0.05688437537141192
0.05614942794373601 0.05632481938329918 0.05676145593574566 0.05688437537141192 0.05728661158946404

cov.inverse():
  38008840.8300802 -51412848.67155897  11813980.71736196  97809.03192028959   1492533.63080562
-51412848.67109794   78946026.3191976 -33515832.95626247  255634.9517113859  5726420.191831776
 11813980.71659538 -33515832.95538545  38487272.11553657 -3452764.273528818  -13332264.9282225
 97809.03181466788   255634.951875207 -3452764.273600382  3635699.927223561 -536270.2566915106
 1492533.631216772  5726420.191251987  -13332264.9280405 -536270.2567048735  6649383.925595706

cov*(cov_.inverse()):
     1.000000000232831 -2.328306436538696e-10 -4.656612873077393e-10 -1.091393642127514e-11                      0
  2.91038304567337e-10     0.9999999997671694 -5.820766091346741e-10 -7.275957614183426e-12                      0
-4.365574568510056e-11 -1.164153218269348e-10     0.9999999997671694 -3.637978807091713e-12  5.820766091346741e-11
                     0 -5.820766091346741e-11 -2.328306436538696e-10     0.9999999999781721  5.820766091346741e-11
 7.275957614183426e-11 -1.746229827404022e-10                      0  7.275957614183426e-12                      1
