5
2

 0.000385590186754101
0.0005439363313427688
0.0007163283877399183
  0.01994721792700603
   0.5183563908107969

  0.1982744405663814 -0.05070286735635487 -0.08965003343718538  -0.7175788063338249   0.6596665776475015
 -0.3236806517749289   0.2964216457620488   0.7351590180988842  -0.4444122726237641  -0.2634463771615435
  0.2090206320941444  -0.8360195744121518   0.4976940390386337  0.09039090841627673  0.03888153468911304
 -0.7842052898440026   -0.104965014495715  0.05995980060993721   0.2800061563490202   0.5403755951466197
  0.4441289459428359   0.4467852326310728     0.44744782425309   0.4483351700728295   0.4493533744453766

0.3978682925732591
0.3979815531066663
0.3979635976033507
0.3979590338157932
0.3979267528265117

0.0002917861692597936
   0.3980911428748787

    2.315557817936794 -0.001735037521061887  -0.08458636937538629   -0.5493966813571214    -1.679764868288742
    1.314333840577375   -0.0140544082831135   -0.0243225836350329  -0.08287164093329477    -0.193063388687472

-3.673316455585075e-08 -3.713524011094703e-08  1.685001521705368e-07  -0.001146842976335305  -0.003046657323923401
 2.908197467112487e-08 -1.064470534884285e-07  1.330895847465476e-07 -0.0004608467002614288     0.1189406995464153

cov:
0.05324465651700477 0.05334952192710184 0.05337723058163711 0.05341451155182053 0.05345479348306423
0.05334952192710184 0.05364054072381871 0.05371266226531612 0.05381007239428639 0.05392145935380852
0.05337723058163711 0.05371266226531612 0.05379669441907514 0.05390827422299973 0.05403690873281525
0.05341451155182053 0.05381007239428639 0.05390827422299973 0.05403988707130557 0.05419137990994185
0.05345479348306423 0.05392145935380852 0.05403690873281525 0.05419137990994185 0.05437041833910262

cov.inverse():
 705211.8428805879 -732246.0882699467 -721207.4731934489 -434479.2325609074  1182695.991460867
-732246.0882702384  1676395.418782049 -43780.93441142012 -347880.6552433125 -552390.5428048334
-721207.4731943842 -43780.93441398226  2363488.950813078 -583863.0105489425  -1014569.46217549
-434479.2325584692 -347880.6552400728 -583863.0105600021   4146936.00347027 -2780828.372674871
 1182695.991459655 -552390.5428058022 -1014569.462167927 -2780828.372680253  3165086.157510306

cov*(cov_.inverse()):
     1.000000000007276                      0  1.455191522836685e-11  -2.91038304567337e-11   2.91038304567337e-11
 7.275957614183426e-12                      1 -7.275957614183426e-12  -2.91038304567337e-11   2.91038304567337e-11
                     0 -3.637978807091713e-12      1.000000000007276                      0                      0
 7.275957614183426e-12 -1.091393642127514e-11   2.91038304567337e-11     0.9999999999708962                      0
 7.275957614183426e-12  3.637978807091713e-12                      0                      0                      1
