6
2

7.414101121057021e-05
0.0001500708977111142
0.0005312121886357849
0.0007127336000754535
  0.02138296482701003
   0.5694015697897159

   0.2649723569448443   -0.7630154746550852    0.5854663112432167 -0.007406400295623891   -0.0119904353006404  -0.06802652855462028
   0.6505614283502948   -0.3000448197958788   -0.6579996849839153    0.0345036980318918   0.04894198424003439    0.2240391162683949
  -0.1559393331703395   -0.1663915943896065   -0.1894394624029249    0.3229384726925376    0.7229084172503489   -0.5340633060742627
   0.1023106614179681   0.08980173903500546   0.07921891841139245   -0.8483001203016671    0.4995962358190886   0.07735015348278838
  -0.5536453527253414   -0.3553459147171996   -0.1255167063128754   0.08923397969028893    0.2407916996071894    0.6967842671908653
   0.4065116902798226    0.4071354288527398      0.40785809106467    0.4085212181473646    0.4090076899817696    0.4104435279682101

 0.397759153297664
0.3977955272742243
0.3977936768554403
0.3978517016565096
0.3978213193435902
0.3977527032243967

0.000422303947728137
   0.397996665283351

   1.076654819503697    2.929485264603518   -1.951560029078623 -0.07607863509474792   -0.175006543544453   -1.803480705808494
  0.9545416450713887   0.8469914612326822  -0.5594200312044376 -0.01789944211672839 -0.03072817396944227  -0.1935217381167188

-1.631028858838961e-08  1.554730765503521e-08  1.485593867991856e-07   2.85647696776383e-08  -0.001233462542750969  -0.002747839685425263
-3.887380483981318e-09  1.552780711577581e-08  -3.06025021930184e-08  5.804687062524044e-08 -0.0004129141307288164     0.1314375433082331

cov:
  0.053717791743057 0.05374978561848297 0.05378684870717194 0.05381982353997562 0.05384562652511835 0.05391947187488105
0.05374978561848297 0.05379991145119354 0.05385795917323383 0.05391053217823788 0.05395016505278614 0.05406564797421256
0.05378684870717194 0.05385795917323383 0.05394034092425976 0.05401562806993867 0.05407129138231797 0.05423503735503041
0.05381982353997562 0.05391053217823788 0.05401562806993867 0.05411266814296195  0.0541827405883117 0.05439158961968496
0.05384562652511835 0.05395016505278614 0.05407129138231797  0.0541827405883117 0.05426436031910804  0.0545046037636422
0.05391947187488105 0.05406564797421256 0.05423503735503041 0.05439158961968496  0.0545046037636422 0.05484112447694352

cov.inverse():
 31672653.26376862 -45337225.14121781  9335316.786701173  290256.2270606831   536618.445632565  3502422.526889251
-45337225.14121053   110024781.564924 -72375595.73553118  227937.1045765152  674202.1116175042  6785898.152432333
 9335316.787000617 -72375595.73614247  81721442.94672643 -2146044.064913728 -3114477.320652195 -13420718.25679228
 290256.2268964906  227937.1050268766 -2146044.065247924  1849025.682496734  84207.70484529348 -305325.6760104292
 536618.4452942988  674202.1121413121 -3114477.320797871  84207.70483154782  2475937.475017516 -656473.5074087528
 3502422.527084942  6785898.152076801 -13420718.25662428 -305325.6760447104 -656473.5073826319  4094178.990159097

cov*(cov_.inverse()):
     1.000000000087311  2.328306436538696e-10 -5.820766091346741e-10 -3.637978807091713e-12 -7.275957614183426e-12  1.164153218269348e-10
  2.91038304567337e-10      0.999999999825377 -1.164153218269348e-10  3.637978807091713e-12  3.637978807091713e-11  1.164153218269348e-10
 4.656612873077393e-10 -2.328306436538696e-10     0.9999999995343387 -1.455191522836685e-11  2.182787284255028e-11  1.164153218269348e-10
 3.492459654808044e-10  -2.91038304567337e-10 -8.149072527885437e-10      0.999999999992724 -1.455191522836685e-11  1.746229827404022e-10
 4.365574568510056e-10 -1.164153218269348e-10  1.164153218269348e-10 -1.818989403545856e-11                      1  -2.91038304567337e-11
 1.455191522836685e-10  5.820766091346741e-11 -3.492459654808044e-10  3.637978807091713e-12 -7.275957614183426e-12                      1
