5
2

0.0001173166863337093
0.0004711884532338367
0.0006422087411242248
  0.01567194094445707
    0.519590671295182

 -0.5933868146018773   0.7927641566357061  -0.0366983905090376 -0.03215661358130827  -0.1305230268854625
  0.1267609514031426   0.1587756815952878  -0.1555591903426274  -0.7454619214864479   0.6154752684283923
  0.1888502622549474   0.1432517544820298  -0.8781547670271992    0.381613154985278   0.1644083890002138
 -0.6306968083220489  -0.3559593145075053  0.05624550512534733    0.311154037461082   0.6128083799301292
  0.4453996675735463   0.4461918602359264   0.4473647446263424   0.4481149860588969   0.4489874213376363

0.3986304103678779
 0.398733355676386
0.3987132246454513
0.3987031488608282
0.3986905448644293

0.0001985441412959415
   0.3987897917602767

   3.198661690686028  0.06523870638806217  -0.1917984143755677    -0.87109932079089   -2.201056314104678
   1.820122397275157  -0.2045684551722871 -0.04008048665037514  -0.1814126248889664  -0.3940922595675831

-2.097493065927039e-08  -5.76503661735337e-08  3.610730046119883e-08 -0.0009016990715363234   -0.00286477299430852
-1.628832014724006e-08  2.157065788065093e-08  8.892082992356554e-08 -0.0003377949244425886     0.1196630370390281

cov:
0.05365548911399393 0.05370817528045388 0.05378527623877772 0.05383608497876439 0.05389428663825357
0.05370817528045388 0.05377959719673336 0.05388476499245711 0.05395290715962638 0.05403166238276388
0.05378527623877772 0.05388476499245711 0.05403249810595349 0.05412619558791195  0.0542357646549964
0.05383608497876439 0.05395290715962638 0.05412619558791195  0.0542367361413376 0.05436507679678351
0.05389428663825357 0.05403166238276388  0.0542357646549964 0.05436507679678351  0.0545164030857565

cov.inverse():
 25743746.71793203 -34022072.32164551  1091152.580165396  1134720.778263318  6052482.647718417
-34022072.32154152  45827240.92787188 -2530178.252618085  -2253246.27742498 -7021788.144444825
 1091152.580033193 -2530178.252446823  2076637.081133745 -204405.7616458705 -433128.6832963408
 1134720.778171491 -2253246.277309844 -204405.7616410492  2931628.052551702 -1608697.588659033
 6052482.647838444 -7021788.144627218 -433128.6832621032 -1608697.588630903  3011087.959698329

cov*(cov_.inverse()):
    0.9999999997671694   2.91038304567337e-10  1.455191522836685e-11                      0   2.91038304567337e-11
-2.328306436538696e-10      1.000000000407454  3.637978807091713e-12  1.455191522836685e-11   2.91038304567337e-11
-3.492459654808044e-10   2.91038304567337e-10      0.999999999992724                      0                      0
-1.746229827404022e-10  2.328306436538696e-10  1.455191522836685e-11      1.000000000014552   2.91038304567337e-11
                     0  5.820766091346741e-11  1.818989403545856e-11  1.455191522836685e-11                      1
