6
2

8.373517446598074e-05
0.0001580404113086517
0.0003925469241977473
0.0006906451946181783
  0.02246594187752338
   0.5671620429450606

  0.3097703636968183  -0.7678284082882327   0.5565276727910811 -0.00714773481524645 -0.02925121113447606 -0.06206515248205947
  0.6236191528637375  -0.2726587820431139  -0.6943754181131711  0.02986573161511831   0.1090831278116516   0.2044701170791451
-0.06327224198215398 -0.06758748567524994 -0.08390500972788763  0.03600846450658793   0.7847561726680693  -0.6060112577010863
  0.1720079475229698   0.1597835102128847   0.1472207471067738  -0.9106353075399514   0.2361014223090996   0.1954686740108126
 -0.5625972714259471   -0.374719018607003  -0.1143133602563216  0.04158992134306651   0.3845275486658676   0.6167748906245203
  0.4062458289314749   0.4069195777284206   0.4078457855227854   0.4083796683850429   0.4096311389945772   0.4104521596777539

0.3977988880205219
0.3978396544765447
0.3979231044125634
0.3978999332705704
0.3978694692123851
0.3978317588951747

0.0003447537708509575
   0.3980283735799968

  0.7227789483570214    2.511898754884192  -0.8528199162236308 -0.01806850163450008   -0.631213802091074   -1.732521347787602
   1.070509371294289   0.5028471582885717  -0.3050462534485028 -0.01232643394517319 -0.08243826424310113  -0.1735247087245468

-1.439692858421855e-08 -1.638938822967819e-09  6.317492880461335e-08  -3.39137456814227e-08  -0.001293314630333201  -0.002931423786666356
-1.479342118579158e-09  1.742029148476443e-08 -5.563478530556431e-09  8.462585254981143e-08 -0.0004517530296371908     0.1302999153299308

cov:
0.05324726084387286 0.05328193923446455 0.05332902682269246 0.05335444653494847 0.05342069620294585 0.05346204997648637
0.05328193923446455 0.05333460759994493 0.05340658857316419 0.05344690175480674  0.0535459331384429 0.05360948712579257
0.05332902682269246 0.05340658857316419  0.0535130878760956 0.05357404390763199 0.05371851118428232 0.05381283684573078
0.05335444653494847 0.05344690175480674 0.05357404390763199 0.05364791055613029 0.05381901430947276 0.05393175253997277
0.05342069620294585  0.0535459331384429 0.05371851118428232 0.05381901430947276 0.05405069369178895 0.05420377893278347
0.05346204997648637 0.05360948712579257 0.05381283684573078 0.05393175253997277 0.05420377893278347 0.05438460400645005

cov.inverse():
 29344737.71636514 -40644470.76173055  7337824.663370037  86684.78067194566  1193753.699759644  2681810.691946837
-40644470.76414862   87143757.7104089 -53278230.02379428  135838.5213620284  1747053.804021012  4895399.112646926
 7337824.667054676 -53278230.02844673  63568456.11643951 -1698306.049299576 -5708871.232657436 -10220548.88729391
 86684.78097940976  135838.5206697332 -1698306.048833292   1789933.75107456 -107078.9590725553 -206972.0521751193
 1193753.697724068  1747053.808097459 -5708871.234960016 -107078.9589989333  4712158.360501292 -1837109.198744555
 2681810.692408432   4895399.11149706  -10220548.8864254 -206972.0521672942 -1837109.198932613  4687418.945899859

cov*(cov_.inverse()):
    0.9999999999126885  6.402842700481415e-10 -1.164153218269348e-10 -7.275957614183426e-12  1.455191522836685e-11  8.731149137020111e-11
-5.820766091346741e-11      1.000000000116415  6.984919309616089e-10  9.094947017729282e-12  -2.91038304567337e-11  5.820766091346741e-11
-8.731149137020111e-11  5.820766091346741e-11     0.9999999997671694  7.275957614183426e-12  -2.91038304567337e-11  5.820766091346741e-11
-5.820766091346741e-11 -2.328306436538696e-10  2.328306436538696e-10                      1   2.91038304567337e-11                      0
 -4.94765117764473e-10 -1.746229827404022e-10                      0  3.637978807091713e-12     0.9999999999854481  1.164153218269348e-10
 -2.91038304567337e-11  5.820766091346741e-11  2.328306436538696e-10  1.818989403545856e-12   2.91038304567337e-11      1.000000000058208
