6
2

8.762744747940862e-05
0.0001610000085131926
0.0003658787695180571
0.0004865300185491483
  0.02367021402345219
   0.5815237220546555

 -0.4771305135921135   0.7749675733546689  -0.4074954114999634  0.01041709159125918  0.03108487447776364  0.06815011104950157
  -0.461822243525025   0.1706268799968381   0.8032987999439786 -0.06745646872932985  -0.1555651625086812  -0.2890792733089642
 0.07395978721690247  0.07260196933705385  0.09471788047659638 -0.09975196212352765  -0.7637097298472111   0.6221610897753408
  0.1092661026935937   0.1050972189733254   0.1130523824706338  -0.8933939426981284    0.337440217942037   0.2285082375965097
 -0.6143097712757366   -0.434758882149913  0.01351620149419637   0.1415057183981814    0.331285093995992    0.551046141226631
  0.4053160026164463   0.4061772655818319   0.4083179176180532   0.4089181457122709   0.4098352658573284   0.4108971283258613

0.4060360232905067
0.4060863631926003
0.4061084811020708
0.4062305426821887
 0.406140226846391
0.4061306987651346

0.0001810970536624969
   0.4062410051472625

  0.6864638846258546    3.250194136075915   -2.763432134793562 -0.03348075325377394  -0.2461147114175864  -0.8936228087748649
  0.8644141238781263   0.7363628903233325  -0.4585072199151273  0.01461915291781099 -0.04128235693257823  -0.1155405798979524

 2.494343698247184e-08 -4.363651308075486e-08 -4.547238190935399e-08 -3.625393674678645e-08  -0.001373133308542246  -0.003961156455295094
 2.580410360339944e-09 -1.563151399070999e-08  4.303704877409999e-09  1.576795538570065e-08 -0.0005225337911565227     0.1365603559233594

cov:
0.05576634730299901 0.05582258588752121 0.05596170342048333 0.05599990295177521 0.05606031566617234 0.05613023446865054
0.05582258588752121  0.0558971602960052 0.05608199613711227 0.05613323682429872 0.05621300585236254 0.05630533960211483
0.05596170342048333 0.05608199613711227  0.0563809911769304 0.05646479156191424 0.05659288803917835 0.05674118684055428
0.05599990295177521 0.05613323682429872 0.05646479156191424 0.05655815771928514 0.05669977551108988 0.05686404188395848
0.05606031566617234 0.05621300585236254 0.05659288803917835 0.05669977551108988 0.05686227469398724 0.05705008285068934
0.05613023446865054 0.05630533960211483 0.05674118684055428 0.05686404188395848 0.05705008285068934 0.05726559133331425

cov.inverse():
 37967950.07510957 -51105767.47666475  11113432.77885508  86886.14594667256  573541.6785868675   1364292.03126117
-51105767.47733695  79423942.87324853 -35737569.71543749   156452.712841899  1848624.634074527  5413687.805699369
 11113432.78021776 -35737569.71678284  46640904.74417705 -3140577.315828172 -6849849.666983014  -12025955.7558344
 86886.14617231747  156452.7120711528 -3140577.314812617  3635885.264485809  -257384.741478989 -481149.1356705615
 573541.6778494385  1848624.635235601 -6849849.667683539 -257384.7412559499  5897641.046835098 -1212540.356906636
  1364292.03108246  5413687.805982176 -12025955.75613206 -481149.1354231559 -1212540.356960474  6941446.750994911

cov*(cov_.inverse()):
     1.000000000043656 -5.820766091346741e-11  6.984919309616089e-10 -1.455191522836685e-11  7.275957614183426e-11  1.164153218269348e-10
 7.275957614183426e-11     0.9999999995925464  4.656612873077393e-10 -3.637978807091713e-11  7.275957614183426e-11  1.746229827404022e-10
 1.309672370553017e-10  4.656612873077393e-10      1.000000000465661 -1.818989403545856e-11   1.01863406598568e-10  1.164153218269348e-10
-2.473825588822365e-10  2.328306436538696e-10  4.656612873077393e-10     0.9999999999818101  7.275957614183426e-11  5.820766091346741e-11
  1.01863406598568e-10  -2.91038304567337e-10  5.820766091346741e-10 -1.455191522836685e-11       1.00000000007276  1.164153218269348e-10
-2.182787284255028e-10 -5.820766091346741e-11  2.328306436538696e-10                      0  1.455191522836685e-11                      1
