6
2

7.193931116922997e-05
8.604705683147073e-05
0.0002120752183137597
 0.000572850093945743
  0.01258020673366738
   0.5574993482598386

   0.2724826675388267   0.02706026356401602   -0.8062621376500869    0.5241520710003881 -0.002594575926923093  -0.01483839817658342
   0.5076648109513396   -0.8273156918920347    0.2144965654861222    0.1086384893848434 0.0002590222913116026 -0.003744408796246228
  -0.4667860343237448   -0.1057557362602007    0.3207834823365805    0.7313567196057013   -0.1445711314804193   -0.3350239043687028
  0.07051900065236333    0.0736864414209457   0.08012026163931425   0.09337405450884805   -0.8385337534036792    0.5208843949667461
   -0.528409511740807   -0.3633582548933807   -0.1678491970727667   0.05586025183439086    0.3298855650395701    0.6698029260821641
    0.407370706140993    0.4076435934547076    0.4079680587539445    0.4083387711047623    0.4088141966797925    0.4093510377851368

0.3825373576618811
0.3826385804710898
0.3826144315999847
0.3825872484592541
0.3825667548172205
0.3825107928931227

0.0005416787917808942
   0.3827666102951372

  4.619498978826833   2.517115929879428   1.439695147425067  -7.689096643550737 -0.1274678066730351 -0.7598355649491639
  2.016444941208205  0.6368237603467142 -0.1151953795459388  -1.396125580037837 -0.0160994373065769 -0.1258711351628449

-1.993809420749253e-08 -1.932487511445737e-09 -3.288263428964743e-07 -1.247896757772447e-07  -0.000724483387377843  -0.002368966556882992
-3.639040461729541e-10  2.376041081022835e-09 -9.094654410747957e-08 -8.311630691044728e-10 -0.0002287158931934365     0.1261380372263736

cov:
0.05162265689308137 0.05164339239136409 0.05166811804908093 0.05169634010587022 0.05173361497171827 0.05177319524731661
0.05164339239136409 0.05166848175670249 0.05169833957351299 0.05173244268560573 0.05177690231414938 0.05182540557276698
0.05166811804908093 0.05169833957351299 0.05173429929605957 0.05177536306614094  0.0518283320788311 0.05188740629300229
0.05169634010587022 0.05173244268560573 0.05177536306614094 0.05182440677899666 0.05188710856104683 0.05195828158778163
0.05173361497171827 0.05177690231414938  0.0518283320788311 0.05188710856104683 0.05196208545725194 0.05204767105209379
0.05177319524731661 0.05182540557276698 0.05188740629300229 0.05195828158778163 0.05204767105209379 0.05215224044200352

cov.inverse():
 54016212.36060639 -54185839.80329186 -31054935.70066411  27475387.81840837  1200299.620043146  2548779.174718355
-54185839.82005922  92849789.45804405 -28918992.78384497 -11097194.04159025   108387.316034601  1244000.674189899
-31054935.67274905 -28918992.82551864  134130415.6736706 -73272148.81561747 -824493.0958796761  -59819.2565321951
 27475387.80896028 -11097194.01796808 -73272148.83143657   66599517.5401369 -2848341.511041163 -6857178.548214315
 1200299.619285532  108387.3169512061 -824493.0955687449 -2848341.511529217  2609398.283210208 -245395.5579797567
 2548779.173776378  1244000.674557396 -59819.25478257694 -6857178.549371319 -245395.5579978898  3369655.156440977

cov*(cov_.inverse()):
    0.9999999997962732 -6.039044819772243e-10 -4.988578439224511e-10  3.492459654808044e-10  1.818989403545856e-12                      0
 4.074536263942719e-10     0.9999999995852704  2.232809492852539e-10  1.746229827404022e-10 -1.818989403545856e-12                      0
 1.455191522836685e-10  -8.36735125631094e-10     0.9999999997598934 -5.820766091346741e-10  7.275957614183426e-12  5.820766091346741e-11
  2.91038304567337e-11 -6.984919309616089e-10 -1.182797859655693e-09      1.000000000349246 -2.728484105318785e-11  5.820766091346741e-11
-3.201421350240707e-10 -8.658389560878277e-10 -7.230482879094779e-11 -1.746229827404022e-10     0.9999999999781721  1.164153218269348e-10
-5.820766091346741e-11 -6.548361852765083e-11 -1.118678483180702e-10  5.820766091346741e-11 -7.275957614183426e-12      1.000000000058208
