5
2

 8.79973050266773e-05
0.0002063201844410379
0.0004356093027643563
  0.02119208485294585
    0.520857391926816

 -0.5333825340139876    0.787525363940737  -0.3059284023650308  0.01220231939216453  0.03957005921978701
 -0.3778736852015638   0.0856658916080824   0.8232438265700609  -0.1407212303212107  -0.3903075331047934
-0.04705348627779935 -0.07058936031877169  -0.1392772830133715   0.8141749081067383  -0.5572469552045025
 -0.6103106388986657   -0.410864121126053  0.09472095894570774   0.3406728438582381   0.5776517561752623
  0.4449960043834263   0.4457274642044213   0.4475569159486663   0.4484527524781859   0.4493200635604195

 0.402329657923342
0.4023776793459725
0.4023873272661958
0.4024377439606982
0.4024068370781235

0.0002488274999617504
   0.4025452083463061

  0.8361329725944647    3.730318948310151   -4.020761391070727 -0.07895960093054871   -0.466723730181959
  0.8907985580205944   0.7926576413111761  -0.6091523547361195 -0.02717964248292837 -0.04717268870517438

 2.866943900358306e-08 -1.325219661068136e-07  8.598396471097525e-08  -0.001221702732146617  -0.002673889857885457
 2.580609936743072e-09  -3.18387459224112e-08 -1.683023653453861e-09  -0.000432733107307818      0.120371446697225

cov:
0.05388900798754476 0.05392263313321332 0.05400490776395471 0.05404564870476811 0.05408541583717466
0.05392263313321332 0.05397429107941296 0.05410221885086204 0.05416514801705663 0.05422631548934732
0.05400490776395471 0.05410221885086204   0.054345886329307 0.05446506068869428 0.05458047698241131
0.05404564870476811 0.05416514801705663 0.05446506068869428 0.05461183298192696 0.05475339848664729
0.05408541583717466 0.05422631548934732 0.05458047698241131 0.05475339848664729 0.05492074887403657

cov.inverse():
 40106832.71677592 -54987997.67036356  13799207.12323033  206312.1716117719   876502.707607071
-54987997.67043886  80291258.55321901 -29404805.95136777  654610.2966059608   3445615.77496069
 13799207.12402762 -29404805.95241233  28109873.01561888 -3801079.764729303  -8702536.34402773
 206312.1703016512  654610.2983562024  -3801079.76508915  3978025.764514602 -1037882.193902148
 876502.7081951525   3445615.77417977 -8702536.343915178 -1037882.193821848  5418136.252107235

cov*(cov_.inverse()):
     0.999999999825377 -5.820766091346741e-10 -1.164153218269348e-10 -7.275957614183426e-12                      0
 1.236912794411182e-10     0.9999999989813659  1.746229827404022e-10  -2.91038304567337e-11 -5.820766091346741e-11
 3.128661774098873e-10 -3.783497959375381e-10      1.000000000116415 -3.637978807091713e-11                      0
-2.619344741106033e-10   -7.8580342233181e-10                      0     0.9999999999854481 -5.820766091346741e-11
-7.275957614183426e-12 -6.693881005048752e-10                      0                      0                      1
