6
2

5.428745608469402e-05
0.0001109266661203383
0.0003175330737867427
 0.000378067218006395
  0.01944379831671484
   0.6329879316383489

    0.2378341379926829    -0.7912315704422469      0.563334400137635 -0.0009014328219998246  -0.004159924816513954  -0.004874505793744165
   -0.6587328710675812     0.2811801150078417      0.670847440418466   -0.02957871425776819     -0.106116747340099     -0.157596937724203
 -0.009780411498432446  -0.007141795487157006  -0.007186608598963968      0.356672572409977     -0.805519533939007     0.4729953990242624
     0.221263577119373     0.1886137929408082     0.1725651295696315    -0.8397940386304626    -0.1428489580919499     0.4000358614702168
   -0.5434641858522401    -0.3057381705561644    -0.1914898435811548   -0.00770682800398674     0.3894155326730569     0.6502296804062958
    0.4063242289939911      0.407171152949647     0.4075773961154995     0.4081611699500926     0.4096461027364566     0.4105940442476093

0.4224225228298953
0.4224302249140987
0.4225021614133248
0.4225053111199134
0.4224586867146246
0.4224276732133816

0.0003029890907152529
   0.4226019586916122

  3.622927889208828   1.094136536226083  -2.706193023662713 0.03944056852141203 -0.5959749556591121  -1.454284294747308
  2.631405440947847 -0.9101922817580019 -0.4922278176993673 0.04941269935822068 -0.3933696427072176  0.1149227691895726

-4.476741744862198e-09 -4.433475988059782e-08 -2.193319609818829e-08  1.607052387935619e-09  -0.001120289014367328  -0.004231142201247665
 3.152700977595103e-09 -2.826839514197117e-08   3.76237554477899e-08   5.52138900900628e-08  -0.000429619905903624     0.1619488815515745

cov:
0.06626265681682143 0.06635168572982246 0.06639434702054027 0.06645159974748657 0.06661178185935372 0.06671253872667672
0.06635168572982246 0.06646238180934422 0.06651544949703346 0.06658941625307688 0.06678578919933226 0.06691030562744132
0.06639434702054027 0.06651544949703346 0.06657352533517903 0.06665552193836817 0.06686928746967656 0.06700522200597576
0.06645159974748657 0.06658941625307688 0.06665552193836817  0.0667505913741032  0.0669921539701393 0.06714640071768151
0.06661178185935372 0.06678578919933226 0.06686928746967656  0.0669921539701393 0.06729442834680151 0.06748830115429487
0.06671253872667672 0.06691030562744132 0.06700522200597576 0.06714640071768151 0.06748830115429487 0.06770845822445376

cov.inverse():
 54802768.30198249 -78612489.88036375  9815579.972183865  176158.8296289192  5201694.411672234  8616011.517127208
-78612489.84298739  219101274.2767808 -135683294.9804131 -1567333.997845751 -1439836.149413168 -1798774.043260868
 9815579.926290983 -135683294.9175369  144462843.8114783 -2824223.662468506 -6695832.274532934 -9074931.892169841
 176158.8334386769 -1567334.008909421  -2824223.65541971  6267190.025075662 -1753851.537127297 -296835.3588687059
 5201694.413173178 -1439836.153362098 -6695832.271889636  -1753851.53749426  7499574.508092974 -2811928.742782859
  8616011.52033346 -1798774.053749604 -9074931.884877553  -296835.358706879 -2811928.742954445  5366139.983191957

cov*(cov_.inverse()):
    0.9999999988358468  1.251464709639549e-09  1.629814505577087e-09 -1.091393642127514e-11                      0 -1.164153218269348e-10
-4.656612873077393e-10     0.9999999981810106  1.629814505577087e-09  6.912159733474255e-11 -1.455191522836685e-10 -1.164153218269348e-10
-1.396983861923218e-09  1.891748979687691e-09     0.9999999991850927  5.093170329928398e-11 -5.820766091346741e-11                      0
 3.492459654808044e-10 -1.367880031466484e-09 -2.328306436538696e-10      1.000000000090949  1.164153218269348e-10                      0
-1.164153218269348e-10  2.270098775625229e-09  1.164153218269348e-10  2.182787284255028e-11                      1 -5.820766091346741e-11
 1.164153218269348e-10 -5.820766091346741e-10 -8.149072527885437e-10 -1.091393642127514e-11 -8.731149137020111e-11                      1
