5
2

0.0001044775617016709
0.0002059464216925144
 0.000601286517335418
  0.01640689728935259
   0.5184559360732403

-0.3594210860503236  0.7915693193974266 -0.4921004768108234 0.01823721538604611 0.04170156098545168
 -0.556479779291602  0.2242807034219391  0.7388331342979806 -0.1275849257168371 -0.2790629099421509
0.05496170627723652 0.07407318820587395 0.09813790665166865  -0.804994287568405   0.577793667231111
-0.5995426729236015 -0.3440656817531766 -0.0493658075295446  0.3668389446707311  0.6206122748569878
 0.4457292141297156  0.4463722080170244  0.4470958383959375  0.4481103394922863  0.4487535565435155

 0.399216227414063
0.3992682130781028
0.3993701942415686
0.3993525217001711
0.3993436729775424

0.0001812361705634196
     0.39942311411554

   4.870642561072857  -0.7212466646064781   -2.419384270524551  -0.4571934689888343   -1.272720072249314
   1.570295669344906  0.07070800171158845   -0.439824268431328 -0.05387333083121013  -0.1472990433592437

-1.301528438114155e-08 -1.800979010216886e-07 -1.411802504122103e-07  -0.000944883959053047  -0.002328908073457088
-3.265002076376659e-09 -4.813798370102182e-08  2.400492972433754e-09 -0.0002840597922474061     0.1195077492825885

cov:
 0.0534998054083767 0.05353558916030931   0.053574719813761 0.05362909744893107 0.05366523641438906
0.05353558916030931 0.05358909387428185 0.05364861744989297 0.05373176468136347   0.053785471870592
  0.053574719813761 0.05364861744989297 0.05373168949839796 0.05384801731682361 0.05392198963979215
0.05362909744893107 0.05373176468136347 0.05384801731682361 0.05401158152881361  0.0541137153413753
0.05366523641438906   0.053785471870592 0.05392198963979215  0.0541137153413753 0.05423398849333855

cov.inverse():
 19145627.86683176 -28994905.89317736  6524972.657169227  950246.6866754681  2374694.658897931
-28994905.88934226  58604228.51028282 -31758854.64736476  482466.0780418073  1666021.568668028
 6524972.651367689 -31758854.63984968  35081922.99268431  -3263229.71080502 -6584446.976356261
 950246.6874120834  482466.0766427087 -3263229.710131932  2207106.896548222 -376512.8658027742
 2374694.660127743  1666021.566387041  -6584446.97531562 -376512.8657921965   2920229.35406225

cov*(cov_.inverse()):
    0.9999999997380655 -1.746229827404022e-10                      0  -2.91038304567337e-11  -2.91038304567337e-11
 1.455191522836685e-11     0.9999999997235136                      0  1.091393642127514e-11  -2.91038304567337e-11
 -1.01863406598568e-10 -2.473825588822365e-10      1.000000000058208 -1.455191522836685e-11  -2.91038304567337e-11
-1.164153218269348e-10  -1.01863406598568e-10 -1.164153218269348e-10                      1                      0
-1.455191522836685e-11  1.455191522836685e-11  5.820766091346741e-11  7.275957614183426e-12     0.9999999999708962
