6
2

5.959928148411024e-05
0.0001902223158723298
0.0004298684254963757
 0.000580329710121688
  0.01926747638246944
   0.6060372504361502

   0.1107843785702402   -0.7303427185638584    0.6729220193746188 -0.004292157979242009  -0.01269844421574127  -0.03636781050221335
   0.5601462602344061   -0.4748443165154141   -0.5881854553432312    0.0691081077295396    0.1276108321570121    0.3061641019181235
 -0.07463266771208155   -0.1063463329377764   -0.1209000100010871    0.1577740820350739    0.7551554069583031   -0.6110247624624003
   0.1440113708196396     0.111238362674545    0.1070763982268754   -0.8915906951866845    0.3656860068776933    0.1635884265993985
  -0.6950908743781938   -0.2268850840076934   -0.0935716480304906   0.09176698555721921     0.334453551814228    0.5799446729959902
   0.4055888989496612    0.4073843778408277    0.4078921489472621    0.4086047460348194    0.4095230181870487    0.4104785836800972

0.4164778135334626
0.4166153003916603
0.4167094816422311
0.4167531885141522
0.4167426527674118
0.4167688065324331

-0.0002278871284651373
    0.4166330461674082

   2.258090367260982    2.908039855909661   -3.050932250216561  -0.1337351085229033  -0.4993609237583034   -1.481962003031282
    1.35303155074443   0.3001894651203411  -0.4263081121180489 -0.02555133946715116 -0.03247001385580928  -0.1689330994832978

-1.373208236503463e-08  4.167803007037651e-08  7.361751601493962e-08  5.452270268613314e-09  -0.001107258422223766  -0.004173480115935045
-1.241637643293149e-09  2.925410478812934e-08 -1.236720561006947e-09  5.586178266982048e-08 -0.0004008878613851852     0.1484176906045906

cov:
0.06059799633060647 0.06074462066688478 0.06078585858953928 0.06084414625706912  0.0609183672840021 0.06099737875149269
0.06074462066688478 0.06097385188466232 0.06103859667013604 0.06112955562860544 0.06124654514996102 0.06136886034191137
0.06078585858953928 0.06103859667013604 0.06111004143184492 0.06121030040366141 0.06133946825520897  0.0614741142895523
0.06084414625706912 0.06112955562860544 0.06121030040366141 0.06132386547298954 0.06146958084851174 0.06162136974731426
 0.0609183672840021 0.06124654514996102 0.06133946825520897 0.06146958084851174   0.061638068939705 0.06181206136449317
0.06099737875149269 0.06136886034191137  0.0614741142895523 0.06162136974731426 0.06181206136449317 0.06200912180858919

cov.inverse():
 12219454.95401203 -30038172.74757265  11977047.66067694  490799.0564140399  1430151.737925923  3920890.432859484
-30038172.74653553  156495310.0006216  -130535955.717668 -409730.0408729594  622294.3755713205  3865174.321775332
 11977047.65897764 -130535955.7119199  137155798.1668409 -2323211.413914475 -4857880.666339431 -11414801.25258825
 490799.0567738159 -409730.0440859173 -2323211.410726057  2632285.276419675 -64196.12207942562 -325957.7848154722
 1430151.738462725  622294.3715826547 -4857880.662618334 -64196.12202301953  3978849.192316724 -1109128.915933449
 3920890.432625053  3865174.324265956 -11414801.25544887 -325957.7845366671 -1109128.915607842  5063673.141992111

cov*(cov_.inverse()):
    0.9999999999417923  3.201421350240707e-10  1.164153218269348e-10 -7.275957614183426e-12                      0  1.164153218269348e-10
-2.037268131971359e-10      1.000000000873115 -2.328306436538696e-10  1.818989403545856e-11                      0  5.820766091346741e-11
 1.746229827404022e-10    7.8580342233181e-10     0.9999999994179234 -3.637978807091713e-12  1.455191522836685e-11  5.820766091346741e-11
 8.731149137020111e-11  3.492459654808044e-10  8.149072527885437e-10      1.000000000029104 -1.455191522836685e-11                      0
 1.164153218269348e-10  2.619344741106033e-10                      0  1.455191522836685e-11     0.9999999999272404                      0
  2.91038304567337e-11 -6.693881005048752e-10 -1.164153218269348e-10 -1.091393642127514e-11 -1.455191522836685e-11                      1
