5
2

0.0001026953036226342
0.0003910270925798997
0.0006702761222128662
  0.01767901435638768
   0.5185844657802178

  0.5677876342647423  -0.8060440048467394  0.01643667839242487  0.07193160487627126   0.1498864385127096
  0.1207131655586753   0.1235682317245507  -0.0473042117300989  -0.7871500263442839   0.5901833370640506
  0.2899522365837067   0.2317349544703558  -0.8887045717909833   0.2339700685915667    0.132999257358042
 -0.6171376547444359  -0.2867016725137058 -0.08936193598619961   0.3455493376977119   0.6399635659065696
  0.4451003815247686   0.4462342615864033   0.4468901158345542   0.4484131381505757   0.4494168622295719

0.3977806829668523
0.3978658300933237
0.3978427948116702
0.3978129616612913
0.3977756296301787

0.0003340016707903854
   0.3979673591435354

   3.525659027993711   -1.054389465389618 -0.01001790368885726  -0.6636741074192597    -1.79753579992723
   1.981716966033447   -0.568574370771751 -0.01216275294208288  -0.1281553849932634  -0.2728163911929568

  2.67283946789259e-08 -3.710726247196783e-08  1.763322075246408e-07  -0.001016503415031969  -0.002999244523660028
 1.616942080602035e-08  1.672792350924773e-08  1.740404464358061e-07 -0.0003993640717016308     0.1190916445694164

cov:
0.05339794187299189 0.05346991634230357 0.05351021457347772 0.05360876665305424 0.05367213789420697
0.05346991634230357 0.05357638442209828 0.05363728060698693 0.05378118292980717  0.0538752685588204
0.05351021457347772 0.05363728060698693 0.05371103960642711 0.05388148971698614 0.05399392679498492
0.05360876665305424 0.05378118292980717 0.05388148971698614  0.0541123313087129 0.05426499266548373
0.05367213789420697  0.0538752685588204 0.05399392679498492 0.05426499266548373 0.05444531120552956

cov.inverse():
 30851908.97804781  -43147702.2479273  274184.1719340555  3401497.012332391  8620019.472907318
-43147702.24711959  61824708.63820411 -1752780.150843187 -6013423.840762022 -10910681.92484546
 274184.1714360774 -1752780.150154583  1798231.276932451 -107284.0110625881 -212256.1326477025
 3401497.011025274 -6013423.839021168 -107284.0110215675  4665139.072238851 -1946023.312060241
 8620019.473904714 -10910681.92646721 -212256.1324980991 -1946023.311585486  4448932.746286901

cov*(cov_.inverse()):
    0.9999999997671694 -9.313225746154785e-10  3.637978807091713e-12  7.275957614183426e-11  2.037268131971359e-10
-1.164153218269348e-10     0.9999999997671694 -5.456968210637569e-12  1.455191522836685e-11  1.746229827404022e-10
-5.820766091346741e-11 -2.328306436538696e-10     0.9999999999818101 -5.820766091346741e-11  1.164153218269348e-10
-5.238689482212067e-10 -2.328306436538696e-10 -1.818989403545856e-11     0.9999999999854481  8.731149137020111e-11
-1.164153218269348e-10 -1.164153218269348e-10 -7.275957614183426e-12                      0      1.000000000029104
