5
2

0.0001191956320449586
0.0005222547285473794
0.0007212274259274387
   0.0210356137976284
   0.5175280861484262

 0.6281419825337458 -0.7716477372528091 0.02004753300166606 0.03031802838836196  0.0931468354072489
 0.2182923333657633  0.2106087251819869 -0.2803573144506406 -0.7139583603772366  0.5653809847814318
 -0.134443396229747 -0.1191227882722953  0.8466762101953821 -0.4901926897696641 -0.1028846757783331
-0.5844360961550882  -0.383701287313807 0.06284185785696346    0.21989556123213  0.6774249882283792
 0.4451354060210425  0.4458551534947189  0.4474239249803733  0.4479970377679737  0.4496422332421199

0.3978677112107371
 0.397912879104905
0.3979786634337285
0.3979608127944688
0.3979214463012558

0.0002939331613922539
   0.3980907520726366

     1.1470173358589    1.391804720127796   -0.115016878251355  -0.2533605470466509   -2.170424023288177
   1.167368442383789   0.1734080708430915 -0.02858908087247441 -0.04880591916527149  -0.2633711902813086

-8.036507543440213e-09 -1.283208184912646e-07 -3.635344610549104e-08  -0.001211395759224872   -0.00261381772906119
 8.139222852166738e-09  5.054175436283438e-08 -7.843439074997561e-08 -0.0004158287139409793     0.1188848004062087

cov:
0.05322154109515839  0.0532554252361841 0.05332688806620561 0.05335466819576364 0.05343254069940431
 0.0532554252361841 0.05330730628352219 0.05341872851081396 0.05346055939817361 0.05357938805851336
0.05332688806620561 0.05341872851081396 0.05361960399696502 0.05369209512866763 0.05390204409950108
0.05335466819576364 0.05346055939817361 0.05369209512866763 0.05377656974269641 0.05401814699975709
0.05343254069940431 0.05357938805851336 0.05390204409950108 0.05401814699975709 0.05435360300855378

cov.inverse():
 27981448.87624318 -33915997.98234729  443039.5716064462  895408.9672684233  4596373.116150181
-33915997.98241132  42100222.51928996 -1499260.252334243 -2085870.149938011 -4599477.692318628
 443039.5718218341 -1499260.252598641  1694604.601965572 -21200.43135730184 -617083.7845229843
 895408.9671270701 -2085870.149758799 -21200.43137649715  2395628.677000956 -1183895.855422736
 4596373.116140186 -4599477.692297483 -617083.7845528009 -1183895.855404069  1804043.133010243

cov*(cov_.inverse()):
     1.000000000203727  1.746229827404022e-10 -1.455191522836685e-11 -7.275957614183426e-12 -1.455191522836685e-11
 1.455191522836685e-10      1.000000000523869                      0 -7.275957614183426e-12 -5.820766091346741e-11
 8.731149137020111e-11  3.492459654808044e-10                      1  7.275957614183426e-12 -1.455191522836685e-11
-5.820766091346741e-11  2.619344741106033e-10                      0      1.000000000007276  -2.91038304567337e-11
 2.619344741106033e-10  -2.91038304567337e-11  7.275957614183426e-12                      0      1.000000000014552
