5
2

0.0001960438855674571
0.0003648001723463552
0.0004821383685949649
  0.02075243670198408
   0.5313261856814107

 -0.3521352620395282   0.8673667681995445 -0.05590048738369507  -0.1428887600314993  -0.3164389110371171
  -0.118345138615621  -0.1394519581818563   0.1110488781825343   0.7602053327974705  -0.6134358794250491
  -0.176126790732409  -0.1482318205073897    0.883425252085912  -0.3512954233344066  -0.2077451094408964
  -0.796524429333906 -0.08127703318611981  0.06193649090761146   0.2775580380802238   0.5273218030215194
  0.4433095672946838   0.4468214543280692   0.4475119855776604   0.4485796643677742   0.4498183221892861

0.4058301233381856
0.4059096750575276
0.4060340888640112
0.4059454426563081
0.4059390604318946

0.0001545405791604798
   0.4060311276781192

    3.103836273249978    -2.142908354812295   0.05196360020612603   -0.1480699343373782   -0.8647901048065727
    1.418724670487084   -0.3377857929396257    0.0348322474648558 -0.008476324109520622   -0.1072209133484232

-1.022227831278567e-07  4.727092490955657e-08  1.128735215695818e-08   -0.00120241906147781  -0.003868283125785096
-2.918518643830449e-08 -7.664932367101989e-09 -3.342291625605535e-08 -0.0004992811968290182     0.1246556757524054

cov:
 0.0557532739156487 0.05594741369060412 0.05598467260525142 0.05604436816463473 0.05611372634022878
0.05594741369060412 0.05636541105936792 0.05644743151262094 0.05657458982540529 0.05672210769326558
0.05598467260525142 0.05644743151262094 0.05653870805977663 0.05667910198838268 0.05684226075831728
0.05604436816463473 0.05657458982540529 0.05667910198838268 0.05684025118453355  0.0570268171662423
0.05611372634022878 0.05672210769326558 0.05684226075831728  0.0570268171662423 0.05724093897027728

cov.inverse():
 3466519.944465143 -7710570.667768909  -256040.461118754  898801.1812655589  3601244.494030014
 -7710570.66779791  19815542.45391007 -1941285.357551714 -3797386.081478386 -6366258.083261349
-256040.4611010558 -1941285.357562586  3531328.532997404 -492825.3120216209 -841063.3668342622
 898801.1813033861 -3797386.081612141 -492825.3119544296  5404923.736197813 -2013447.650096887
  3601244.49400349 -6366258.083145727 -841063.3668946256 -2013447.650125623  5619365.939723255

cov*(cov_.inverse()):
    0.9999999999417923 -5.820766091346741e-11 -2.182787284255028e-11  1.455191522836685e-11 -5.820766091346741e-11
 -2.91038304567337e-11     0.9999999999417923                      0 -1.455191522836685e-11 -5.820766091346741e-11
-5.820766091346741e-11                      0      1.000000000007276 -1.455191522836685e-11 -5.820766091346741e-11
 -2.91038304567337e-11 -1.164153218269348e-10  7.275957614183426e-12     0.9999999999854481 -5.820766091346741e-11
 -2.91038304567337e-11  5.820766091346741e-11                      0                      0     0.9999999999417923
