5
2

7.044943539514081e-05
0.0004284087344610148
0.0005581381379621453
  0.01246740548160702
   0.5542282531790157

 -0.6254507089654805   0.7732182206505569 -0.01463300568429101  -0.0359981291073191 -0.09713394748480755
  0.1945377689544823   0.1902961256925527  -0.2086408086952113  -0.7464711178706064   0.5702563670215636
  0.2397020689755602   0.2005199705341822  -0.8668045477263422   0.3864928831760788  0.04009721737203708
  -0.561218992228777  -0.3558616444505603 -0.07133141534834926   0.3022010123157089   0.6796926585674008
  0.4455812249134186   0.4461784387734403   0.4470084935624657   0.4480879425909414    0.449202376625486

  0.41672730287029
0.4168219622926966
0.4168685044313035
0.4168579567559977
0.4168879777461768

-0.0002449523356381075
    0.4167388499414976

   8.308635888157065   -5.015291529560019  -0.2902576949069475  -0.7818617259423049   -2.221163404698413
   3.633533282048749    -1.74579836828721 -0.09542727908445561    -0.18992849505338  -0.6024666843778191

-4.380657651728015e-08  7.252744998435771e-09  2.636320200855789e-07 -0.0007155501930618484  -0.004111498144350646
-1.764750356634288e-08   3.53792134848506e-08  1.576442609472186e-07 -0.0002919133811276855     0.1356782731320047

cov:
0.06103511590825358 0.06109893429488301 0.06118763069636238 0.06130286331890327 0.06142248580455157
0.06109893429488301 0.06116942742802126 0.06126736616369165 0.06139470492134184 0.06152658414399039
0.06118763069636238 0.06126736616369165 0.06137848742055023 0.06152224411096656 0.06167112153908521
0.06130286331890327 0.06139470492134184 0.06152224411096656 0.06168858859286317 0.06185948766703411
0.06142248580455157 0.06152658414399039 0.06167112153908521 0.06185948766703411 0.06205327348696526

cov.inverse():
 79211711.20402771 -97083358.12322703  956178.7369344812  4041545.789878776  12873625.89647618
-97083358.12486584  120788933.1047978 -3053829.300092634 -6134129.967791872 -14517236.63257493
 956178.7382188422 -3053829.301636205  2692256.787769688 -120840.4350707355 -473763.2038472107
 4041545.791828446 -6134129.970119528 -120840.4350829384  3777252.353780036 -1563757.237170969
 12873625.89488106 -14517236.63034264 -473763.2040942114 -1563757.237561145  3680992.059719895

cov*(cov_.inverse()):
     1.000000001280569 -1.862645149230957e-09  -2.91038304567337e-11  7.275957614183426e-11                      0
-1.164153218269348e-10     0.9999999993015081 -1.818989403545856e-11   2.91038304567337e-11 -1.746229827404022e-10
 5.820766091346741e-10 -1.629814505577087e-09      0.999999999992724  4.365574568510056e-11 -1.164153218269348e-10
 1.164153218269348e-10 -8.149072527885437e-10  -2.91038304567337e-11      1.000000000029104 -8.731149137020111e-11
-5.820766091346741e-10 -2.328306436538696e-10  3.637978807091713e-12  1.455191522836685e-11     0.9999999999126885
