5
2

 4.55687440065039e-05
9.178620862036777e-05
0.0002656055488797956
   0.0225915564651135
   0.5197280730603779

 0.02204579604125917   0.2696836899406769  -0.8041024508944057   0.5290791693977912 -0.01670841799337394
 -0.6183680647334694   0.7462211724225477   0.0802504806309246  -0.2318830647213935  0.02376979175385832
  0.2432157750856687   0.0396161974093341  -0.3772384232884693  -0.5822903473918668   0.6766873480281651
 -0.6003441371956136  -0.4129457278785952  0.06631814526570258   0.3546780036235079   0.5821238357221183
  0.4444861337308766   0.4453437458165784   0.4475178034754173   0.4488284102913489   0.4498687571624801

0.3983645311874003
0.3984315086184395
0.3984859716809955
 0.398497835587834
0.3985439802312053

8.290615646653584e-06
   0.3985479168952539

   0.4386367201674473    0.1061967701600692      7.01183882323264    -7.418385921545416   -0.1382708206048271
   0.8693674951102265    0.2624409160229405     0.878597869627596    -1.006866229598464 -0.003549511628957364

-1.977363354405569e-08  1.758760737703139e-08  1.193533373865922e-07  -0.001303406147866061  -0.003133729456999215
-2.386312100127087e-09 -3.188867448241442e-10  3.345916147631136e-08 -0.0004752675075422069     0.1196563922266455

cov:
0.05355046246394447 0.05359600030204158 0.05371017354083973  0.0537791733575801 0.05383441114921936
0.05359600030204158 0.05365967910343006 0.05382019251846521 0.05391707590779446 0.05399429313029021
0.05371017354083973 0.05382019251846521 0.05409923182962653 0.05426742421641009 0.05440084974384642
 0.0537791733575801 0.05391707590779446 0.05426742421641009 0.05447852674321305 0.05464577398235493
0.05383441114921936 0.05399429313029021 0.05440084974384642 0.05464577398235493 0.05483982925788198

cov.inverse():
 46461085.25879285 -51771914.10118789 -15727935.09378072  20629244.23043801  410190.1138966983
-51771914.11484465  101144123.8968468 -97535288.89829631  47846972.10603037  314968.3216436484
-15727935.05720962 -97535288.94267316  314160206.7107061 -203974277.6870218  3078112.793837175
 20629244.20725057  47846972.13566757 -203974277.6910405  145994243.8029467 -10496405.22830144
 410190.1141700672  314968.3227264608  3078112.790049518 -10496405.22586997  6693025.962724429

cov*(cov_.inverse()):
     1.000000000185537 -8.039933163672686e-10 -1.222360879182816e-09 -2.328306436538696e-10 -5.820766091346741e-11
 2.219167072325945e-10     0.9999999993488018   2.91038304567337e-10                      0                      0
-3.492459654808044e-10 -8.039933163672686e-10      0.999999997933628  6.984919309616089e-10  5.820766091346741e-11
-3.965396899729967e-10  7.275957614183426e-11 -3.405148163437843e-09                      1                      0
-1.382431946694851e-10 -5.056790541857481e-10 -2.037268131971359e-10                      0      1.000000000058208
