6
2

7.204339576683455e-05
 0.000149970149339965
0.0003284864818584548
0.0003593744431846924
  0.02433758989049201
   0.6325987892240303

 -0.2120118962196834   0.7429219162232507  -0.6319266094742708  0.02021530645511446  0.03285566513890653  0.04794360382851465
  0.6708188204132941  -0.3551072868778991  -0.6257103741409317   0.0894800316726318   0.1157899492458015   0.1047543042718002
  0.1003048280876499  0.05233225924605064  0.03562708389413057 -0.09854138346299396  -0.7420898856892483   0.6523213811463098
  0.1105006550759511  0.07518481756610995  0.06224885610294504  -0.8793051986323988   0.3697873086381258   0.2614223448319224
 -0.5640038316650403  -0.3850405786843483  -0.1949921135191165   0.2033615600259313    0.360716819316429   0.5693408104685465
  0.4058094264527335   0.4065933740453329   0.4074176657966503   0.4090729820262484   0.4098249835137717    0.410748294513117

0.4225845632456545
0.4226347152509749
0.4226419335148828
0.4226553515585523
0.4226722917787349
0.4226417899884946

0.0002914477431944334
   0.4228110822562046

 0.7399326310428124    2.76727018177203  -1.203906638719191  -0.147463156047257 -0.6610643403508453  -1.494750012024287
  1.751073297611627  0.3516205617336059  -1.327188318036716   0.534232332337553 -0.3499035971479698 0.04044170369530245

 1.330472730216017e-08  4.646355388828982e-10 -3.170334505237528e-08 -3.754018314791773e-08  -0.001402343975996921  -0.004112810307095867
 3.788395986652472e-09  4.254742777534711e-08  4.102003431107733e-08 -5.827964245813142e-08 -0.0005086578606758607     0.1619136501373543

cov:
0.06609079077414365 0.06615829799079517 0.06622866837343915 0.06636440454334859 0.06643397117238831 0.06651423279080108
0.06615829799079517 0.06624505064177409 0.06633582494402297 0.06651429890709575 0.06660077870659545 0.06670343840481599
0.06622866837343915 0.06633582494402297 0.06644827626142004 0.06667213141225285 0.06677657144696392 0.06690301797290331
0.06636440454334859 0.06651429890709575 0.06667213141225285 0.06699120564789394 0.06713313003317935 0.06730940633053624
0.06643397117238831 0.06660077870659545 0.06677657144696392 0.06713313003317935 0.06729019313451225 0.06748607764706036
0.06651423279080108 0.06670343840481599 0.06690301797290331 0.06730940633053624 0.06748607764706036 0.06770829468429852

cov.inverse():
 28856475.42457799 -40825052.04500182  7237104.535008992  998949.7296156869  1737678.785624315  1995516.911044663
-40825052.04472307  112016455.7348584 -80519806.49386621  920980.6387754761  2729835.538851375  5676789.965141379
 7237104.534555957 -80519806.49485138  94388073.93057966 -5407056.426157298 -7288493.421229821 -8410371.596429896
 998949.7298655743  920980.6385275801  -5407056.42616493  6511455.927408529 -1251197.114434385 -1771901.133777464
 1737678.785570038  2729835.544407165 -7288493.428180151 -1251197.114238794  6966728.817282233 -2894585.506706552
 1995516.911023406  5676789.961097532 -8410371.590910396 -1771901.133978691 -2894585.507959765  5404040.868217655

cov*(cov_.inverse()):
    0.9999999997380655  1.746229827404022e-10 -2.328306436538696e-10   2.91038304567337e-11 -8.731149137020111e-11 -5.820766091346741e-11
 -4.94765117764473e-10      1.000000000407454 -5.820766091346741e-10  8.731149137020111e-11 -1.164153218269348e-10 -1.164153218269348e-10
 5.820766091346741e-11  1.105945557355881e-09     0.9999999994179234  7.275957614183426e-11   2.91038304567337e-11                      0
-3.492459654808044e-10  2.328306436538696e-10 -1.396983861923218e-09     0.9999999999126885   2.91038304567337e-11 -5.820766091346741e-11
  2.91038304567337e-11  6.984919309616089e-10 -3.492459654808044e-10  1.455191522836685e-11     0.9999999998835847  5.820766091346741e-11
 1.455191522836685e-10  4.656612873077393e-10 -5.820766091346741e-10                      0 -8.731149137020111e-11                      1
