5
2

9.140361080427338e-05
0.0004018213763967609
0.0005754699748021959
  0.01753343886342114
   0.5322532478707912

 -0.5939561442820204   0.7928524512811159 -0.02120451357117609 -0.05448310299035378  -0.1232195165544549
  0.1225582548740162   0.1319986185567532  -0.1067955073370561  -0.7613510251162031   0.6135920265359318
  0.1822918845366062   0.1667556781868328  -0.8857305470360517   0.3405578262037379   0.1961223538588676
 -0.6332341331431367  -0.3567735854771701  0.05862884258184179   0.3168256259050247   0.6065569411981271
  0.4449491816898021   0.4459445119012548   0.4474250161552887   0.4483504185615567   0.4493845514844093

0.4037354961470109
0.4037514672191004
0.4038144403586206
0.4037890904402128
0.4037659551656737

0.0002388769976282821
   0.4039010423906678

   4.705902565196224   -2.409912417246695   -0.137652567674464  -0.5340602569110725   -1.624223847875579
   2.162851065398964  -0.7520804257199609 -0.04063620179314523 -0.09414282468881671  -0.2760244679378058

-3.737566709894621e-08 -5.112817018934804e-08  2.565850162969566e-08   -0.00100914287396292   -0.00332478050239458
-1.538022914053872e-08  1.169793037217357e-08  7.241056953201889e-08 -0.0003999253879947293     0.1253689730679108

cov:
0.05620967504300296 0.05628131148532081 0.05638700033289405 0.05645344656792782 0.05652741718433352
0.05628131148532081 0.05637674110088329 0.05651814804146495 0.05660679164161504 0.05670568013407275
0.05638700033289405 0.05651814804146495 0.05671360591313378 0.05683520835284492 0.05697152811682524
0.05645344656792782 0.05660679164161504 0.05683520835284492 0.05697811501456813 0.05713749943173291
0.05652741718433352 0.05670568013407275 0.05697152811682524 0.05713749943173291 0.05732330525652549

cov.inverse():
  42420882.9360363 -56173645.42274738  938756.0399263313  3482272.982156003  9332523.363707386
-56173645.42287825   75433899.3015143 -2545683.721394625 -5621748.722350943 -11093835.50877179
 938756.0402938273 -2545683.721886777  2493429.405018429 -268924.2635797856 -617542.0417161334
 3482272.981898496 -5621748.721983262  -268924.263643631  4295922.293070584 -1887470.438454822
 9332523.363728268 -11093835.50877819 -617542.0417769505  -1887470.43840849  4266479.402412705

cov*(cov_.inverse()):
     1.000000000116415  2.328306436538696e-10 -7.275957614183426e-12 -1.164153218269348e-10                      0
                     0     0.9999999998835847  2.182787284255028e-11 -5.820766091346741e-11 -1.164153218269348e-10
-2.328306436538696e-10  1.164153218269348e-09     0.9999999999854481 -7.275957614183426e-11 -1.164153218269348e-10
-1.164153218269348e-10  2.328306436538696e-10 -1.455191522836685e-11     0.9999999998835847 -1.164153218269348e-10
 1.164153218269348e-10  3.492459654808044e-10                      0 -7.275957614183426e-11     0.9999999999417923
