6
2

5.762744338926083e-05
 0.000180185667484909
0.0003178150933012175
0.0003828963248367658
  0.02202806803265161
   0.6324557839612174

   0.09666623193864171    -0.7320087295731247     0.6738535513973462 -0.0009258079053609201   -0.01470886640175693   -0.02287012963684066
   -0.5961621577921074     0.4709612457596198     0.5862296433588962   -0.08434748927314831    -0.1653742638577956    -0.2113240302552329
 -0.009031396756236256  -0.008058521626540889  -0.008602480246525898     0.3614642474613584    -0.8053473953298079     0.4696154406300137
    0.2351209082295264     0.1418507626910488      0.131696218259721    -0.8335836347599842    -0.1201585334574415     0.4449189549019776
   -0.6444869322571386    -0.2372494558199315    -0.1364483470651749    0.02567565300938349     0.3761291251864907      0.606299249937766
    0.4056100439525381     0.4072896289958726     0.4077010528921439     0.4082980852797465     0.4098040787522296     0.4107661042768644

0.4217103264234486
0.4217908288722358
0.4218681591083015
0.4218815860654432
0.4218570406271995
0.4218398038722383

0.0001490498913457289
   0.4219188631274289

   1.63786521670253   2.945188840710205  -2.422115333878579 0.05301864133507739 -0.6597080409070724  -1.554183111373963
   1.72874507177866  -1.135873226256014  0.5793054474191572 0.02062451662002487 -0.3037919247856798  0.1112106022820738

-1.190394490433644e-08 -1.870794191517519e-08 -1.990834483863325e-08 -2.529326859610418e-08  -0.001267876318734201  -0.004291562322097941
  4.61891585097031e-09 -3.899142990168259e-08  2.958440958427646e-08  5.723969979986798e-08 -0.0004706894374098759     0.1617432277062528

cov:
0.06600942439873475 0.06615454849394166 0.06618977414242738 0.06623591757004652  0.0663706867613532 0.06645480830389817
0.06615454849394166 0.06638131416832264 0.06643673541268034 0.06651530851400005 0.06672032862134818 0.06685057035716822
0.06618977414242738 0.06643673541268034 0.06649716178965333 0.06658375875968578 0.06680616682935624 0.06694782391532875
0.06623591757004652 0.06651530851400005 0.06658375875968578 0.06668341888914184 0.06693361342896638 0.06709357607316947
 0.0663706867613532 0.06672032862134818 0.06680616682935624 0.06693361342896638 0.06724452303729343 0.06744411518772939
0.06645480830389817 0.06685057035716822 0.06694782391532875 0.06709357607316947 0.06744411518772939 0.06766999556792901

cov.inverse():
 14139345.89000409 -29726836.39591521  9062405.863777639  152664.6081816896  2487289.859705538  3885388.417546069
-29726836.39010846   168321523.878722 -139901079.5533026 -1854843.335543562  791085.3852716372   2368379.01124529
   9062405.8574517  -139901079.550023  147436858.0674408 -2490437.498833667  -6010088.02086344 -8096836.181315132
 152664.6078882186  -1854843.32709116 -2490437.508199213  6252473.726990853 -1765091.458994174 -293695.6171637732
 2487289.859578965  791085.3849144428 -6010088.019588529   -1765091.4598334  7427493.863010585 -2930826.541340285
 3885388.418485227   2368379.00567876 -8096836.176272512 -293695.6175310958 -2930826.541388224  5067362.897604537

cov*(cov_.inverse()):
     1.000000000116415 -3.230525180697441e-09 -1.164153218269348e-10  1.091393642127514e-11                      0 -1.164153218269348e-10
-2.037268131971359e-10     0.9999999990686774  4.656612873077393e-10 -3.274180926382542e-11  5.820766091346741e-11                      0
-1.746229827404022e-10   1.33877620100975e-09     0.9999999995343387  3.637978807091713e-12  5.820766091346741e-11                      0
-1.746229827404022e-10  1.193257048726082e-09  1.164153218269348e-10     0.9999999999563443  8.731149137020111e-11                      0
-1.746229827404022e-10   1.57160684466362e-09                      0 -1.455191522836685e-11      1.000000000116415  5.820766091346741e-11
                     0 -4.365574568510056e-10  5.820766091346741e-10 -2.182787284255028e-11  5.820766091346741e-11                      1
