6
2

9.976988749308121e-05
0.0001861451885885381
0.0004979953311787741
0.0006720361525898635
  0.01896881777000314
   0.5673161784575448

   0.4002282183540333   -0.7883711151067772    0.4634902015129077 -0.009839130511911836 -0.008017011831634504  -0.05748139031058443
  -0.5305500789420501    0.2027346022378712    0.7653344495025527  -0.05664385439680306   -0.1011707078792437   -0.2797041952151367
 -0.06986552658490683   -0.0830357006075811   -0.1410812827672201    0.1627802062329775    0.7487020540858004   -0.6174688582745117
   0.1109193586188076    0.1088771399804849    0.0998469719524528   -0.8860561213590881     0.384157066961557    0.1822118112822836
  -0.6131346618145654   -0.3909924717059894  -0.05502688528409898    0.1346412828266742    0.3377858517183914    0.5795992225532905
   0.4064671912072179    0.4071184026843637    0.4080915451792172    0.4086239646538963    0.4092303946172398    0.4099478735803321

0.3996127947724498
0.3996602564251388
0.3997483227946519
0.3997347211152011
0.3997154270396107
0.3997051855012855

0.0002613903521913121
   0.3998300395378186

    2.23278122340887    2.225290702707004   -2.541627400678847  -0.1098883114115936   -0.522743623816467   -1.283725135707887
   1.220815137635097   0.4529391976395573  -0.4504699051098531   -0.018023972837964 -0.06268714557354899  -0.1425515220420692

 -1.95068129875775e-08 -7.832569188007491e-08  9.949646435371427e-08 -4.570078297461256e-08  -0.001091907358868562  -0.002830170799251338
-6.807953260595801e-10 -2.957040413604616e-08 -5.256832079169297e-09  4.772070579023323e-08 -0.0003623550140457742     0.1304548338433201

cov:
0.05330953000776664 0.05334569568210445 0.05339887859657642 0.05342664478095679  0.0534612156828041 0.05350174546171686
0.05334569568210445 0.05339978648103121 0.05348002687718594 0.05352304952200834 0.05357398069922361 0.05363398977390022
0.05339887859657642 0.05348002687718594 0.05360121297626516 0.05366730829156326 0.05374297224034147 0.05383245423035543
0.05342664478095679 0.05352304952200834 0.05366730829156326   0.053746926397371 0.05383603782650057 0.05394213775921849
 0.0534612156828041 0.05357398069922361 0.05374297224034147 0.05383603782650057 0.05394093029465571 0.05406453144228355
0.05350174546171686 0.05363398977390022 0.05383245423035543 0.05394213775921849 0.05406453144228355 0.05420982046617667

cov.inverse():
 24263818.30459685 -34751961.09976552  6981661.514220816  208004.9982162172  1109598.691384796  2189262.994087253
-34751961.10312506  63680594.43819951 -32159698.67411561  179598.3359213866  -115423.049581505  3166107.297841113
 6981661.519567805 -32159698.68063094  38588233.38733042 -1997775.777133881 -2948951.697375865 -8463032.032071671
 208004.9979432011  179598.3362115612 -1997775.777054783  1947569.010945756 -88808.59357825587 -248491.3890142315
  1109598.69133827 -115423.0495845754 -2948951.697301847  -88808.5935525182  2889241.492398295 -845612.8897552611
 2189262.992419397   3166107.30070976 -8463032.033393167  -248491.388943711 -845612.8897051048  4201604.913432755

cov*(cov_.inverse()):
    0.9999999999126885 -8.731149137020111e-11  1.164153218269348e-10  1.091393642127514e-11 -1.455191522836685e-11                      0
-3.055902197957039e-10      1.000000000145519 -3.492459654808044e-10  2.000888343900442e-11  7.275957614183426e-12                      0
 5.820766091346741e-11 -5.820766091346741e-11      1.000000000058208  3.637978807091713e-12 -1.455191522836685e-11  -2.91038304567337e-11
-4.365574568510056e-11   2.91038304567337e-11   2.91038304567337e-10      1.000000000012733 -2.182787284255028e-11 -5.820766091346741e-11
-1.600710675120354e-10  -2.91038304567337e-11  1.746229827404022e-10  9.094947017729282e-12     0.9999999999490683 -5.820766091346741e-11
                     0   2.91038304567337e-11                      0  3.637978807091713e-12 -2.182787284255028e-11     0.9999999999417923
