5
2

9.542612624718177e-05
0.0001945626030078977
  0.00064140150049872
  0.01749573802417589
   0.5192143666021112

 -0.392708514413763  0.7851425629989467 -0.4737649439986161 0.01262802005212718  0.0686912616126051
-0.5353375145667593  0.2093971107290554   0.738967113951174    -0.0683189776255 -0.3447125140036081
 0.1186396375452526  0.1380279102080288  0.1707029062091538 -0.8642445591639792  0.4368235252066253
-0.5886562421517119 -0.3485294978058359 0.01703705937429166  0.2185179046611495  0.6956800138608371
 0.4456481046558778  0.4462952956827852  0.4472635003622436  0.4477770848354453  0.4490760730745106

0.3987309764465042
0.3987877240156846
0.3988907239927768
0.3988866237362437
0.3988759308842752

0.0001206654933031364
   0.3989306834527064

   1.749535229827863     3.21980095576719   -3.332020373454323  -0.1139722591633609   -1.523299496899424
   1.140340107806437   0.6483898899540579  -0.6224591280578466 -0.01618283642043186  -0.1500963319326862

 3.017287852539498e-08 -8.296750958361896e-08 -1.989971632128243e-07  -0.001008134657234423   -0.00235711431921784
 3.147465281086133e-09  -3.33812146876271e-08  2.754302686118046e-08 -0.0003109407491997111     0.1198324641862196

cov:
0.05364598368262208 0.05368045046774098 0.05373089459286785 0.05375625596509099 0.05382640556828936
0.05368045046774098 0.05373271398896796 0.05381019896495277 0.05385043359312703  0.0539558858671242
0.05373089459286785 0.05381019896495277 0.05392886912435339 0.05399174788647074 0.05415094506947375
0.05375625596509099 0.05385043359312703 0.05399174788647074 0.05406759125417813 0.05425585125934643
0.05382640556828936  0.0539558858671242 0.05415094506947375 0.05425585125934643 0.05451495964155733

cov.inverse():
 24541869.38253348 -36780594.16714573  10030192.96636234     171918.0623083  2037182.780183789
-36780594.16584433  68900925.00737144 -36703633.89227471  420676.6706198906  4161592.086819513
  10030192.9642941 -36703633.88961617  39144895.86078552 -2349258.483797181 -10121703.17352364
 171918.0624013089  420676.6703432466 -2349258.483547624  1956540.537612395 -199778.5402380511
 2037182.780857609  4161592.085739011 -10121703.17318286 -199778.5401721328  4122599.275424735

cov*(cov_.inverse()):
    0.9999999997671694 -8.731149137020111e-11 -5.820766091346741e-10    1.2732925824821e-11  -2.91038304567337e-11
-2.764863893389702e-10      1.000000000232831 -6.984919309616089e-10  3.637978807091713e-12  8.731149137020111e-11
-3.637978807091713e-10  1.164153218269348e-10     0.9999999998835847  3.637978807091713e-12 -5.820766091346741e-11
-1.891748979687691e-10  -2.91038304567337e-10  1.164153218269348e-10      0.999999999996362 -5.820766091346741e-11
-1.309672370553017e-10 -2.328306436538696e-10                      0 -7.275957614183426e-12                      1
