5
2

 7.14905053174337e-05
8.279469091812644e-05
 0.000112835741812273
 0.008708619324539795
   0.5072956213022626

 0.02703883162038481  -0.3511470015584729 0.002584616956093858   0.8027393274051882  -0.4812146889625821
 -0.1451870563489004   0.6350951746709389  -0.7112004316993441   0.2611176991506632 -0.03982876999558953
  0.5459024589497313  -0.4702132470674489  -0.5422879647080334  0.03587680175047871   0.4307280186195216
  -0.693359638073565  -0.2289850004491995  0.01011178033532732   0.2930876238730207   0.6171026482609616
  0.4465787028693575   0.4470070181303086   0.4472234127783627   0.4474814177772677      0.4477764930104

0.3826909624976824
0.3827125959412482
0.3828124934027728
0.3827871679525205
0.3827589857103743

0.0005723765309177424
   0.3829473063910096

  1.387018715022644   3.448178467884604   2.369179487465006    1.39762823477172  -8.602021889920508
  1.155787031480985  0.6145512655086622  0.3054462377177135 -0.1453706447468748 -0.9304110186014316

   2.0924809464413e-08  6.931299662738204e-09 -7.389558236567677e-08 -0.0005025184705544151   -0.00155567410596164
 7.527090914762242e-10  2.987397763056238e-11 -2.923659223225918e-09 -0.0001179901255227054     0.1147246919129631

cov:
0.05136019761372682 0.05138499562690431 0.05139729322946004 0.05141206788259928 0.05142894457172766
0.05138499562690431 0.05142621333888513   0.051446948398787 0.05147171356399361 0.05150002976662937
0.05139729322946004   0.051446948398787 0.05147204420850468 0.05150194691707804 0.05153615504664093
0.05141206788259928 0.05147171356399361 0.05150194691707804 0.05153795368229321 0.05157913070877534
0.05142894457172766 0.05150002976662937 0.05153615504664093 0.05157913070877534 0.05162830329733632

cov.inverse():
 26630940.49786798 -35468054.31112318 -8174833.623339642   252005.265927001  16760302.30140182
-35468054.32067625  100332322.3102242 -46040851.91615169  -32286671.7238965  13462653.49877873
-8174833.630777268 -46040851.88010827  96885755.76097836 -28212998.09766101 -14456975.31173176
 252005.3047987579 -32286671.83003343 -28212998.03363807   136130453.328239 -75882734.10124287
 16760302.27952079  13462653.55931927 -14456975.34714874 -75882734.10448577  60116863.61362827

cov*(cov_.inverse()):
    0.9999999998835847  1.164153218269348e-10  3.492459654808044e-10 -4.656612873077393e-10 -4.656612873077393e-10
-3.492459654808044e-10     0.9999999994179234  9.313225746154785e-10  4.656612873077393e-10 -1.396983861923218e-09
-4.656612873077393e-10 -2.328306436538696e-10      1.000000000582077                      0 -4.656612873077393e-10
 1.164153218269348e-10 -5.820766091346741e-10  4.656612873077393e-10                      1 -9.313225746154785e-10
-2.328306436538696e-10  2.328306436538696e-10  1.164153218269348e-10                      0                      1
