5
2

0.0002930328889283784
0.0003193785323845339
0.0004055138520377656
  0.01415369883748126
    0.578382478397315

  0.555057049432066 -0.5496463907334793 -0.5116226815911684  0.2503421757818654  0.2556785945981625
-0.1525001412340835 -0.1609418490249588  0.1039804894352187  0.7822662390722064 -0.5727905526286637
 0.1485135256837388 -0.6352460751228839  0.7261739765035237 -0.2156680766131964 -0.0237653804720276
-0.6697226918263839 -0.2631782678631052 0.01050948020590175  0.2793414683566726  0.6356623398153602
 0.4450512639473815  0.4463028005195951  0.4472037524139699  0.4481561681143414  0.4493417802910608

0.4218761865970549
0.4219540498057586
0.4218943353899612
 0.421912896000226
0.4218859644222723

0.0002678100640031781
   0.4220381654681786

    3.597911599076476   -0.0641233439888739   -0.3411083845490508    -1.024390185103284    -2.168375706438967
    1.906452318419773 -0.002201417235754372    0.3373340860573759   -0.7108168180990567   -0.5307603397406581

  1.19868231510217e-07 -1.358178019751926e-08  9.863679434658989e-08 -0.0008134929585412459  -0.004461528002770025
 4.921630659368242e-08 -5.174974493864501e-08  1.143542277086239e-07 -0.0003623147182039633     0.1476243940163399

cov:
0.06634971735549793 0.06648143265669305 0.06657887957805222 0.06668461179133019 0.06681334803656444
0.06648143265669305  0.0666469875036345 0.06676692198073161 0.06689499565600648 0.06705322366104226
0.06657887957805222 0.06676692198073161 0.06690244557206647 0.06704535553870987 0.06722348327915825
0.06668461179133019 0.06689499565600648 0.06704535553870987 0.06720328937989971 0.06740086117282357
0.06681334803656444 0.06705322366104226 0.06722348327915825 0.06740086117282357 0.06762453100910931

cov.inverse():
 3952282.916925787 -3885160.518421341 -2806811.582660197  252978.0214386228   2485488.55891556
-3885160.518659574  6226581.946019775  305594.1644144608 -2003955.534977338 -641876.3236303773
-2806811.582382337  305594.1639623143  6361147.952542485 -1646536.555252457 -2212202.195179629
 252978.0215521519 -2003955.535057104 -1646536.555375271  7012356.362443887 -3615308.843300057
 2485488.558762413 -641876.3233367825 -2212202.195231021 -3615308.843389069  3983228.086994495

cov*(cov_.inverse()):
                     1  2.182787284255028e-11  -2.91038304567337e-11   2.91038304567337e-11 -5.820766091346741e-11
 -2.91038304567337e-11     0.9999999999490683                      0   2.91038304567337e-11 -5.820766091346741e-11
                     0 -5.093170329928398e-11     0.9999999999417923  5.820766091346741e-11 -5.820766091346741e-11
                     0 -3.637978807091713e-11  -2.91038304567337e-11      1.000000000058208 -1.164153218269348e-10
  2.91038304567337e-11  -2.91038304567337e-11  -2.91038304567337e-11   2.91038304567337e-11                      1
