5
2

6.165528310731096e-05
0.0002558000445019567
0.0005709739998543333
  0.01487121864000719
   0.5525512008571306

  -0.151374493466226   0.7581695028734874  -0.6338767111867203 0.006520699931496503  0.02055634033389546
 -0.4563842713049837   0.4401408292535168   0.6197518892453207  -0.1757086038565783  -0.4278124935495382
 0.09058205205242199   0.1068858843320154   0.1145549296576786  -0.8337114351910656   0.5217017447731159
 -0.7500736224007273  -0.1428642027688661  0.03001761170709038   0.2706919399488779   0.5854948310446323
  0.4449534947136451   0.4467888568825039   0.4473075249428405   0.4480346900425705   0.4489732726518442

0.4165547411358541
0.4166860274617865
 0.416778425308266
0.4168196490825848
0.4168061222753487

-0.0001869987021592926
    0.4167151936173206

   3.383134047838864    4.168645522956552   -6.506843611773551  -0.2295436485595097  -0.8152979797866434
   1.435814208184516   0.6918177094479248   -1.026619613450422 -0.05044061300707658  -0.0505994975612542

 2.567714052592714e-08 -2.193806998089202e-07 -7.411529302865239e-08 -0.0008554110947216983  -0.003544359894086667
 3.636206731247463e-09 -6.258895383403263e-08   3.32711744309332e-08 -0.0002764190115794363     0.1353865009774622

cov:
0.06057137638601223   0.060719958950639 0.06076173784346512 0.06082059528125477 0.06089592942311444
  0.060719958950639 0.06095116569167047 0.06101645664376463 0.06110799132373714 0.06122611757980214
0.06076173784346512 0.06101645664376463 0.06108844907850661 0.06118928558853432 0.06131959679769837
0.06082059528125477 0.06110799132373714 0.06118928558853432 0.06130342975744945 0.06145029914245204
0.06089592942311444 0.06122611757980214 0.06131959679769837 0.06145029914245204 0.06161995704520268

cov.inverse():
 9238767.738426594 -33230758.41953732  20950706.83101566  733301.3811343604  2308286.084385485
-33230758.42176293  154209761.1776951 -122217974.1060497 -154893.0933471306  1392861.572141351
 20950706.83414679 -122217974.1123087  111608750.6192036 -3044453.349049473 -7296365.511605731
 733301.3807608066 -154893.0917535837 -3044453.350240876  2615403.699725162  -149371.319654459
 2308286.083853557  1392861.574581199 -7296365.513542269 -149371.3196258566  3744653.221612706

cov*(cov_.inverse()):
     1.000000000261934 -1.309672370553017e-09  5.820766091346741e-11  5.275069270282984e-11  -2.91038304567337e-11
 1.164153218269348e-10     0.9999999985593604  6.402842700481415e-10  6.730260793119669e-11                      0
 2.328306436538696e-10 -6.693881005048752e-10     0.9999999994761311  2.000888343900442e-11                      0
-1.164153218269348e-10 -3.637978807091713e-10 -1.047737896442413e-09      1.000000000029104  -2.91038304567337e-11
                     0  2.328306436538696e-10  5.820766091346741e-11  1.818989403545856e-12     0.9999999999708962
