5
2

0.0001423744991798763
 0.000520836890311446
0.0007090095749673342
   0.0196959241192669
   0.5201223931724096

 -0.5071031513841886   0.8278774800375617 -0.03725897460239726 -0.05263459615544545  -0.2308823076851319
 -0.2552286183962392   -0.244820937131719   0.3357211120742247   0.6940157106746974  -0.5296740406493735
  0.1434794392177143  0.09958477504410478  -0.8279235650042215   0.5301387545962661  0.05469912693093127
 -0.6776323895220122    -0.21310131817615   0.0197881545369925   0.1842721256251334   0.6790098567177729
  0.4448963265753378   0.4464888437123661   0.4472740805925878   0.4478487213523811   0.4495468725875615

0.3978850759771359
0.3979176399541812
0.3979747867614258
0.3979435393505432
0.3978736634088285

0.0004334833634343081
   0.3981240894219753

    2.279321515424255  -0.01857255812506842  -0.08088096707252006   -0.1923724409659132     -1.98747533822193
    1.306759762324433 -0.008578294983468904  -0.01937929863781024  -0.03322025801837064   -0.2456153705044588

-1.417343720142525e-08  8.540970020995527e-08  9.121505476013904e-08  -0.001135527217253687  -0.002711685954285613
-1.237686080730188e-08 -6.263314645239023e-08  8.628107754871181e-08 -0.0004100239474044173     0.1200008734946331

cov:
0.05372437574090152 0.05379391515651043 0.05382710492003724 0.05385310154892997 0.05392748406732704
0.05379391515651043 0.05394788873103028 0.05402338339452253 0.05407923909760682 0.05424350977249508
0.05382710492003724 0.05402338339452253 0.05412062424098506 0.05419088575975373  0.0544002461807412
0.05385310154892997 0.05407923909760682 0.05419088575975373 0.05427269399706022 0.05451344325736313
0.05392748406732704 0.05424350977249508  0.0544002461807412 0.05451344325736313 0.05485044483247128

cov.inverse():
 12968373.32546602 -20451712.47687384  379893.0339072376  814768.0374461814  6288715.342687742
-20451712.47694804  34052550.96233175 -1988722.510965692 -2671100.763506936 -8941086.796351396
 379893.0338774251 -1988722.510902312  1847536.987839027  82537.57450946362 -321187.2024320147
 814768.0376193207 -2671100.763794186  82537.57454194866  2471400.148850506 -697589.7142640264
 6288715.342618619 -8941086.796201726  -321187.202430933 -697589.7143456538  3671128.162601818

cov*(cov_.inverse()):
     1.000000000174623                      0                      0 -3.637978807091713e-11                      0
 5.820766091346741e-11      1.000000000232831 -2.546585164964199e-11 -1.455191522836685e-11  -2.91038304567337e-11
-5.820766091346741e-11 -1.164153218269348e-10      1.000000000014552 -2.182787284255028e-11  5.820766091346741e-11
 1.164153218269348e-10  1.746229827404022e-10  7.275957614183426e-12     0.9999999999781721  5.820766091346741e-11
-5.820766091346741e-11                      0  7.275957614183426e-12 -1.455191522836685e-11      1.000000000029104
