5
2

0.0003822153676555292
0.0005322479868399649
0.0007098148526257842
  0.01673788712365819
   0.5187609210089114

  0.2562540749536487 -0.07067256350972079  -0.1133094539921911  -0.7121095501652686   0.6398438825495052
 -0.3880132281078794   0.3281351370244445   0.7057416428362195  -0.4554983303407288  -0.1903235962430677
  0.2232964321821695  -0.8107925211015345   0.5371673896014698  0.06349276768327769  -0.0131929943982135
 -0.7322220530481625  -0.1746317336641366  0.02183463102334369   0.2837347700374103   0.5936096796610419
   0.444712437747811   0.4466004544782607   0.4472853067558143   0.4482014149285592   0.4492551922778468

0.3978915304149101
0.3979594898636784
0.3979428059630437
0.3979368552662612
0.3979040666879964

0.0002902876078251456
   0.3980690326880702

   2.877033656340322 -0.06689071032366534  -0.1838566190480536  -0.7244189442480006   -1.901837787288325
   1.610002719814072 -0.03102059328946921 -0.06069506623404747  -0.1702088654410928  -0.3480708860628219

 9.027983104751446e-09 -1.632008543852817e-07  2.907138346177319e-07 -0.0009619053888124334  -0.003162946189478343
 4.676817488980196e-08 -1.512588588641659e-07  1.742474259108026e-07 -0.0004005402681072096     0.1190356039523038

cov:
0.05337251197737926 0.05348387603930944 0.05352564371023655 0.05358160808492048 0.05364416790908416
0.05348387603930944 0.05368400178023508 0.05375618430968781 0.05385356609323576 0.05396509692665263
0.05352564371023655 0.05375618430968781 0.05384026297177714 0.05395178676014473 0.05408053562036409
0.05358160808492048 0.05385356609323576 0.05395178676014473 0.05408330026758814 0.05423485821411492
0.05364416790908416 0.05396509692665263 0.05408053562036409 0.05423485821411492 0.05441390624803048

cov.inverse():
  1081826.20501478 -932285.6171187427 -927383.1724177012 -597827.0989439847  1375634.812856883
-932285.6171232264   1719136.62023571  7840.902916839689 -285465.2824458935 -509126.4564190889
-927383.1724297784  7840.902917118193  2418770.639778279 -514717.8468830034 -984439.5019153283
 -597827.098910645 -285465.2824654869 -514717.8469338613  4211866.190568306 -2813961.732443848
 1375634.812840102  -509126.456404257 -984439.5018762666 -2813961.732480959  2931881.127728083

cov*(cov_.inverse()):
                     1  3.637978807091713e-12 -1.455191522836685e-11   2.91038304567337e-11   2.91038304567337e-11
 1.455191522836685e-11      0.999999999996362 -7.275957614183426e-12  -2.91038304567337e-11                      0
 1.455191522836685e-11 -1.455191522836685e-11     0.9999999999781721   2.91038304567337e-11   2.91038304567337e-11
 1.455191522836685e-11 -3.637978807091713e-12                      0                      1                      0
                     0                      0                      0                      0                      1
