6
2

5.415602317799371e-05
8.482666942415882e-05
 0.000188395554252267
0.0003852416378738743
  0.02141634081148351
   0.6318882404814209

-0.008252953155249576    0.2532827436952377   -0.7919806027573262     0.555425109196844 -0.001635534062651633 -0.006836553852340947
   0.3600935694708682   -0.8015608944444212   0.06745391809464693    0.4660730273654585  -0.01583767794380015  -0.07620907935813515
  -0.6326070286038975    0.1008037185972135    0.4249461698691884    0.5464306626565913   -0.1365572159900724   -0.3030402086541446
   0.1794664460420216    0.1256462132403542     0.103417546134192   0.09493460105965583   -0.8864307840456916    0.3828021964576118
  -0.5221873686666741   -0.3187923704556876   -0.1027488967585786  0.001030104707293315    0.1680474261408697    0.7660897089837682
   0.4064295807405195    0.4071499087538266    0.4079030790148651    0.4082631168140039    0.4087776258680118    0.4109514641293492

0.4224237958972167
0.4224824275761731
0.4224963589483744
 0.422572016921489
0.4225822885029052
0.4225280239847617

0.0001983010229256809
   0.4226382244475202

  0.6797326428879316    3.199982582554969     0.80986298433794    -3.01277001020542 -0.09203653897996716    -1.58476203521036
   1.884519634869173   0.1357486280344205   -1.124546800245797  0.03056510322423445 0.004056964082940623  0.06986387330940999

-4.396052320258682e-09 -2.552644302455718e-08  -3.25377604767289e-08 -3.016805474185088e-08  -0.001234221122834147  -0.003754837684181537
   2.7156706746633e-09  3.617890490307356e-09 -5.896688924460147e-08  3.933131888765395e-08 -0.0003933312875089472     0.1618437223504932

cov:
0.06608060951175253 0.06614876927630459 0.06621924462605369  0.0662528139995837 0.06629629495805855 0.06650586863331344
0.06614876927630459 0.06623614018162798 0.06632698720048914 0.06637034250531423 0.06642954599704193 0.06669552174276862
0.06621924462605369 0.06632698720048914 0.06643948099913959 0.06649322787029489 0.06656912998081077 0.06689501326013288
 0.0662528139995837 0.06637034250531423 0.06649322787029489 0.06655197330354691 0.06663589398292989 0.06699055361565848
0.06629629495805855 0.06642954599704193 0.06656912998081077 0.06663589398292989 0.06673287664214303 0.06713361474683383
0.06650586863331344 0.06669552174276862 0.06689501326013288 0.06699055361565848 0.06713361474683383  0.0677005215066927

cov.inverse():
 29536563.83868927  -42470273.5938501 -1844604.205787066  12136640.78157513  573841.1186291371  2068709.774718012
-42470273.58674064  111557466.7776908 -74614969.55091217 -2320175.010962279   484603.527180108  7361907.609165391
 -1844604.16670839 -74614969.61688808  219655138.7110419 -139006994.0570941 -1959506.617334377   -2229936.0756109
   12136640.725469 -2320174.919786321 -139006994.0869272  143847799.6473837 -4004969.875463896 -10651520.22855719
 573841.1207338296  484603.5217029899 -1959506.614669585 -4004969.874267397  5855709.681723841  -948637.813421256
 2068709.782531079  7361907.596551759 -2229936.075340535 -10651520.22451545 -948637.8129324771  4399105.201051351

cov*(cov_.inverse()):
     1.000000000349246 -5.238689482212067e-10  -4.94765117764473e-10  1.862645149230957e-09 -1.455191522836685e-11 -1.164153218269348e-10
 5.238689482212067e-10     0.9999999988358468  1.688022166490555e-09  3.492459654808044e-10 -5.093170329928398e-11                      0
 2.619344741106033e-10  1.629814505577087e-09      1.000000000436557 -5.820766091346741e-10                      0                      0
-1.746229827404022e-10  1.164153218269348e-10 -6.402842700481415e-10     0.9999999986030161   2.91038304567337e-11  5.820766091346741e-11
 2.619344741106033e-10  -2.91038304567337e-10 -7.275957614183426e-10  1.979060471057892e-09     0.9999999999563443 -5.820766091346741e-11
 8.731149137020111e-11  6.402842700481415e-10  1.484295353293419e-09 -3.492459654808044e-10 -3.637978807091713e-11      1.000000000116415
