6
2

5.434126772264956e-05
8.477319636564645e-05
0.0001879228675574433
0.0003554295106156226
   0.0223489855851656
   0.6323687758698425

-0.005716370056096817    0.2525858873099729    -0.794637741868936     0.551948825769917  0.003492522544613865 -0.007671235893861151
   0.3559431470267641   -0.8015382196335512   0.06928936322611694    0.4693557705551897  -0.01990571983705025  -0.07313593958781621
  -0.6450788306116298   0.09967683202216178    0.4192291787127534    0.5483611566973007   -0.1464883115147507   -0.2757280246651478
   0.1081127768015326   0.07837170158604058   0.07353088954123722   0.08346481597497253   -0.8466388854181515    0.5029899942923508
   -0.529528789483882   -0.3346679272218259   -0.1276793879246036  -0.02829328654272376    0.3062344480964095    0.7047797998181269
   0.4062708334286306    0.4070093807716125    0.4077841601134862    0.4081553756037373    0.4093358030891009    0.4109170747302016

0.4227166972079313
0.4227729911577358
0.4227868544428652
 0.422862529788648
0.4228135597909695
0.4228134819160503

0.0002106315764251682
   0.4229326017847478

 0.6675813244649897   3.089411826606122  0.9431079243087165  -2.948570469797101 -0.2030320207851591  -1.548508653801493
   1.85099953694732  0.4483757856101152  -1.374912107831013 -0.3202606208412256   0.462972609525665  -0.066902980597871

 -4.69284637203729e-09  -2.47211738165019e-08 -3.134185073122074e-08  -5.93053480119722e-08  -0.001287629280920313  -0.003866507301391122
 3.013781440098369e-09  3.561233428859602e-10 -6.889048818354497e-08 -4.019755162253549e-08 -0.0004250446136455836     0.1620101399018521

cov:
 0.0661443550752443 0.06621278364157102 0.06628390621205739 0.06631792708335459 0.06642122723063555 0.06657273751955896
0.06621278364157102 0.06630042537880233 0.06639192304549028 0.06643572771412919 0.06657192445629774 0.06676268355993406
0.06628390621205739 0.06639192304549028 0.06650507278376402 0.06655926739169364 0.06673040672354741 0.06696285719345897
0.06631792708335459 0.06643572771412919 0.06655926739169364 0.06661845784519728 0.06680637080312381 0.06705884113716395
0.06642122723063555 0.06657192445629774 0.06673040672354741 0.06680637080312381 0.06705086581011253 0.06737051989399416
0.06657273751955896 0.06676268355993406 0.06696285719345897 0.06705884113716395 0.06737051989399416 0.06777074074329795

cov.inverse():
 29517102.15775723 -41942018.51714966 -2624629.504102664  12233332.52853977  958263.2735172291   1858741.80486618
-41942018.49741728  111334131.0403857  -74469367.4109519 -3537994.349444707  1580000.365927106  7034298.184380908
-2624629.593662077 -74469367.21939531  219522645.3523637 -137444444.6791981 -3363601.651936968 -1621454.948229004
 12233332.60330268 -3537994.539233155 -137444444.5483341  142390300.2332041  -3481270.30823527 -10159565.07052667
 958263.2716031503  1580000.376016832 -3363601.670410836 -3481270.298340559  6341097.344410495 -2033266.383993288
 1858741.801844354  7034298.192256061 -1621454.958622597 -10159565.06458306 -2033266.384396757  4920692.498031663

cov*(cov_.inverse()):
    0.9999999997817213  8.731149137020111e-10  1.469743438065052e-09 -2.095475792884827e-09                      0  1.746229827404022e-10
 1.600710675120354e-10      1.000000000698492 -7.130438461899757e-10 -1.746229827404022e-09                      0  1.746229827404022e-10
-1.891748979687691e-10  1.047737896442413e-09     0.9999999998108251 -3.492459654808044e-10   2.91038304567337e-11  1.746229827404022e-10
 1.746229827404022e-10 -4.656612873077393e-10  3.972672857344151e-09     0.9999999986030161   2.91038304567337e-11  5.820766091346741e-11
-5.384208634495735e-10  1.164153218269348e-09  4.656612873077393e-10  3.492459654808044e-10      1.000000000058208  2.328306436538696e-10
-3.055902197957039e-10  1.047737896442413e-09 -1.600710675120354e-09  5.820766091346741e-10                      0      1.000000000116415
