5
2

0.0001182425988219686
0.0003901853817436762
0.0006798243529062001
  0.02230231020664728
   0.5179571558247117

  0.6305243378516564  -0.7708088777704775  0.01608900025860602  0.04943783190936474    0.074764819091119
 0.09574362142208633  0.08867449090045618 -0.03886453008583193  -0.7695024318335469   0.6239595734693031
  0.2172272790528207    0.196755339782386  -0.8932001708191465   0.2669162464098541   0.2122470677148396
 -0.5900584622924508  -0.4008612754481202  0.01928134705299502   0.3645117684866094   0.5982479830419496
  0.4448769927138185    0.445632228106301   0.4472721507945199   0.4486744880373717   0.4495944901074405

0.3979399807090967
0.3979828908543523
0.3980453277586031
0.3980204533609374
0.3979858323350695

0.0003160594510543876
   0.3981657940142062

  0.9050222257509236    1.692889795255174 -0.03821702917411832   -0.703024354146585   -1.856618498450989
   1.132523739241839   0.2124880147887811 -0.01771611436768375  -0.1057664326849959  -0.2215104921369033

-1.270113518564525e-08 -5.773487976599863e-08 -8.270084691776711e-09  -0.001283446035076199  -0.002741317223584984
  7.38522330030385e-09  1.083017373415138e-08  1.055583031516814e-07 -0.0004600121320180651     0.1189972319299858

cov:
0.05326991015830322 0.05330450640298149 0.05337682110430234 0.05344297615784068 0.05348419529666774
0.05330450640298149 0.05335708779615049 0.05346926747604631  0.0535681838542943 0.05363158375154727
0.05337682110430234 0.05346926747604631 0.05367052856699294 0.05384163695516436 0.05395428763794585
0.05344297615784068  0.0535681838542943 0.05384163695516436 0.05407325753995832 0.05422620610509232
0.05348419529666774 0.05363158375154727 0.05395428763794585 0.05422620610509232  0.0544068526362684

cov.inverse():
 28598180.76847063 -34612947.93406208   281286.476065102  1870630.935821465  3863165.950027716
-34612947.93416122    42631484.915195 -1289921.035682354 -3060429.108451633 -3668584.869594455
 281286.4763603426 -1289921.036046816   1754688.98869167 -262516.5994243065  -483424.176707915
 1870630.935513401 -3060429.108052241 -262516.5994812004  4218593.129459754 -2766341.505884981
 3863165.950139702 -3668584.869728552  -483424.176720245 -2766341.505850541  3055234.740305724

cov*(cov_.inverse()):
    0.9999999999417923 -3.201421350240707e-10  3.637978807091713e-12  -2.91038304567337e-11   2.91038304567337e-11
-5.820766091346741e-11     0.9999999997671694  3.637978807091713e-12 -5.820766091346741e-11                      0
 1.164153218269348e-10 -3.201421350240707e-10      1.000000000003638                      0   2.91038304567337e-11
                     0 -2.037268131971359e-10 -1.091393642127514e-11                      1                      0
-2.037268131971359e-10                      0                      0                      0      1.000000000029104
