5
2

3.795759307046359e-05
6.261631786564568e-05
0.0002327239516880303
  0.01813957245793149
   0.5206238738707966

 -0.03409552061115458    0.4650294496928238   -0.8002785769385637    0.3769371823735756 -0.007593828421904148
  -0.5743200124264833    0.6841687198559063    0.2444391657114098   -0.3765919400367447   0.02230899062811043
   0.3066758264802189  0.001771758829499469   -0.3155095350102267   -0.6314434786878186    0.6384979756143173
  -0.6140718241384645   -0.3418352452042621  -0.01785300868378539    0.3408490801657804    0.6241535344500418
   0.4448142882739181    0.4458770006357268     0.447145051362603    0.4485508990252928    0.4496635890051502

0.3984475158211084
0.3984829731729192
0.3985087868679754
0.3985248135440744
0.3985716514651907

-3.070774104881481e-05
    0.3985556644745579

-0.01114573598248442    2.140482859469202    4.701488327673067   -6.687167843026534  -0.1436309010012352
   1.115791425127052   0.4633972824663218   0.5974041230788157   -1.163590552911277 -0.01302814051284609

-7.616366727623794e-09  2.013414723213989e-08   1.43409818797694e-07  -0.001045618753148517  -0.003371635413258928
-1.064939368137583e-09  1.020027256648879e-09  4.771230253380861e-08 -0.0004142623587699251     0.1198787231497589

cov:
0.05375381452272198 0.05382692695320977 0.05391434447315935 0.05401136062805299 0.05408829048659558
0.05382692695320977 0.05392474346288666 0.05404155002932779 0.05417110589167714 0.05427371477816359
0.05391434447315935 0.05404155002932779 0.05419333889194267 0.05436162153889078 0.05449479256468282
0.05401136062805299 0.05417110589167714 0.05436162153889078 0.05457278598226293 0.05473979573464405
0.05408829048659558 0.05427371477816359 0.05449479256468282 0.05473979573464405   0.054933638795397

cov.inverse():
 86671019.30916035 -111211250.8964975  -18653682.2372074  42667080.50675053  526120.5210658931
-111211250.9804087  269479943.2762783 -215656326.1639899  55925997.97128029  1462089.982004593
-18653682.07173733 -215656326.3972646  461590939.7017509 -229169095.9975033  1889238.008270279
 42667080.41788843  55925998.13315941 -229169096.0696853  142148206.4875832 -11572918.88512395
 526120.5283695169  1462089.969487876  1889238.012648883  -11572918.8842895   7695404.44600967

cov*(cov_.inverse()):
    0.9999999999781721  1.091393642127514e-09  9.313225746154785e-10 -3.492459654808044e-10 -1.164153218269348e-10
-8.731149137020111e-11     0.9999999994615791 -1.455191522836685e-09 -1.164153218269348e-09                      0
 2.219167072325945e-10  1.091393642127514e-09     0.9999999967258191 -3.492459654808044e-10  5.820766091346741e-11
 5.929905455559492e-10  9.749783203005791e-10 -2.619344741106033e-09      1.000000000465661 -1.164153218269348e-10
 7.275957614183426e-10 -2.619344741106033e-10  5.529727786779404e-10  2.328306436538696e-10      1.000000000058208
