5
2

6.272063997167792e-05
0.0003175639457836747
0.0003623087998739101
  0.01559562280984054
   0.5781723900657029

  -0.6511167485346607    0.7555383267742134 -0.004822347720557367  -0.03917680683749999  -0.06042134822521077
 -0.01998177663887054  -0.01886987026086992    0.3707669195592078   -0.8010366375458731    0.4691661254486195
   0.3354091773888876    0.3021792170539748   -0.8014132820480478   -0.1832402843397327     0.346912314650296
   -0.514509934449111     -0.37232768715819   -0.1440342177072506    0.3494788726555881    0.6736247341253472
    0.445452488438988    0.4459434705516379    0.4466537045737719    0.4484339403721487    0.4495708741997281

  0.42186914741558
0.4219436855273258
0.4219526864970671
0.4219177663648807
0.4218945490630758

0.0002272539473069372
    0.422019300511769

   6.286978085527268   -3.348284437233034  0.03968465452153089  -0.9642477430257824   -2.014116757472397
    2.39120160348058  -0.3860307616096941 -0.01109281572457343  -0.6352375597303371   -0.358896117377719

-2.542872366511625e-08 -2.221526500913397e-08  7.129035300041778e-08 -0.0008968895662494389   -0.00426542087692707
-7.088799768381113e-09  2.983632025368414e-08   9.00714158792187e-08 -0.0003766881123041974     0.1477040299160447

cov:
0.06639554493742383 0.06645085789447791 0.06652800067584395 0.06673136184470121 0.06686011656697234
0.06645085789447791 0.06651117631852754 0.06659633117634119 0.06681704820994029 0.06695719687683331
0.06652800067584395 0.06659633117634119 0.06669450841261816 0.06694291558323276 0.06710130598219828
0.06673136184470121 0.06681704820994029 0.06694291558323276 0.06725180914891496 0.06744967757050246
0.06686011656697234 0.06695719687683331 0.06710130598219828 0.06744967757050246 0.06767373331603431

cov.inverse():
 108631794.4935536 -124276441.6060609 -1322721.314631396  6174128.669523384  10792681.72282108
 -124276441.613719  145807947.9270003 -2840191.570786458 -7796743.253115701 -10894710.31734406
-1322721.307203815 -2840191.579309079  6261910.297640911 -1778504.278206481 -319389.0776258721
 6174128.675498336  -7796743.25968768 -1778504.278481622  7009161.734000604 -3608203.903614399
 10792681.71707811 -10894710.30990928 -319389.0784457442 -3608203.904486489  4029390.818969068

cov*(cov_.inverse()):
                     1  2.561137080192566e-09  7.275957614183426e-12   2.91038304567337e-11 -2.328306436538696e-10
 5.820766091346741e-10      1.000000002793968  3.637978807091713e-12  5.820766091346741e-11 -1.746229827404022e-10
 8.149072527885437e-10 -2.328306436538696e-10      1.000000000029104  8.731149137020111e-11 -5.820766091346741e-11
 4.656612873077393e-10  1.513399183750153e-09  4.729372449219227e-11      1.000000000087311 -5.820766091346741e-11
 5.820766091346741e-10  5.820766091346741e-10  3.274180926382542e-11   2.91038304567337e-11     0.9999999999417923
