5
2

 8.09529514618281e-05
0.0001093605308890515
0.0001505601829164772
 0.006884455522395817
   0.5201114586326564

 0.03787546864605271   0.1028104933207679   0.2468850593143802   -0.846448638416338   0.4588768041080794
 -0.1024748668928233  -0.4782354514517665   0.8270554381317481  0.02918546262794833   -0.275530879681241
  0.6637250206047541  -0.6728733418930395  -0.2297553351950876 0.006791949026150832   0.2321140197634122
 -0.5898548608831722  -0.3289100308340852  -0.0476546292875756   0.2871143171160158   0.6776310499996897
  0.4467714075966051   0.4469681340143599   0.4471784789107076   0.4474283737423793   0.4477209565111119

0.4013571018716558
0.4013600319748631
0.4013632321083845
0.4013672578028282
0.4013715560420326

-9.681119559102857e-05
    0.4013409878933694

0.7303859904823422  2.934036729204682  4.578645430552424  3.001093632416728 -11.24415594288466
0.8001234783664664 0.9255164373651982 0.7615089716085937 0.1737100817872174 -1.660864449048523

-4.089467497230155e-08  6.571256345136664e-08 -1.163107381889857e-07  -0.000396786688768695  -0.001693865887886153
-3.903886630591889e-09  6.791833390571547e-09 -1.475675004479517e-08 -8.949434134221256e-05     0.1205954794811231

cov:
0.05401274886063779 0.05402921021239426 0.05404677439859199 0.05406762164749151 0.05409206941199358
0.05402921021239426  0.0540489515262786 0.05406998615009465 0.05409498296304117 0.05412427117818838
0.05404677439859199 0.05406998615009465 0.05409480692685616 0.05412426941948802 0.05415877872888432
0.05406762164749151 0.05409498296304117 0.05412426941948802 0.05415907717178181 0.05419979720291011
0.05409206941199358 0.05412427117818838 0.05415877872888432 0.05419979720291011 0.05424778182474968

cov.inverse():
 20538010.15251742 -15005619.12855514 -12386196.85893406 -4946852.941346637  11800748.85667087
-15005619.12871842  40711609.34176058 -22378182.60218383 -14649866.84269627  11322005.03941086
-12386196.85085944 -22378182.60486581  68823296.70499471 -29939057.33459924 -4119929.157481921
-4946852.955931194 -14649866.83823874 -29939057.31529299  109404115.3991543 -59868239.75327118
 11800748.86334408  11322005.03747202 -4119929.171395529 -59868239.74409191  40865368.37580708

cov*(cov_.inverse()):
                     1  2.328306436538696e-10  8.731149137020111e-11                      0 -4.656612873077393e-10
 1.164153218269348e-10      1.000000000116415  3.201421350240707e-10 -4.656612873077393e-10                      0
                     0 -1.164153218269348e-10      1.000000000203727 -4.656612873077393e-10  4.656612873077393e-10
-1.164153218269348e-10 -1.164153218269348e-10  -2.91038304567337e-11                      1 -4.656612873077393e-10
-1.164153218269348e-10 -1.164153218269348e-10 -8.731149137020111e-11                      0                      1
