5
2

 0.000153845665731296
0.0004656515643977165
0.0006372171312525613
  0.01869542244055506
   0.5192749175011239

 -0.4847511665113904   0.8416778678446802 -0.04923427514060144 -0.09539775681241894  -0.2122967910563357
  0.1266028180469076   0.1413703201725201  -0.1843059097276331  -0.7224693919265381   0.6387921950099809
  0.1577355100800143   0.1287798133303578  -0.8694528162268144   0.4193061285630333   0.1636136896568854
 -0.7253910546415909  -0.2359760893047338  0.08611257105615189   0.3037105438367374    0.564329366408392
  0.4448767916335786   0.4464569904366987   0.4474860257619346   0.4481958520963037   0.4490406784106276

 0.399399864709708
0.3994721783359035
0.3995386140366182
0.3995272102651525
0.3995174279701368

0.0001758632560611588
   0.3996052237841191

   3.572180413592704   -1.692156006292484  -0.1185077727552469  -0.4238958054115064   -1.337584031108781
   1.431174171499479  -0.1677806373024503 -0.01534913825746992 -0.05381910365167894   -0.194232961546014

-6.687840949353474e-08 -6.793703125961465e-08  2.111109173819275e-08  -0.001078511602128618   -0.00268116765412602
-1.864735240116719e-08  1.628589547809431e-08  6.624218086980114e-08 -0.0003935048096091751     0.1196099864016199

cov:
0.05355110537339398 0.05361656326791557 0.05365828146064545 0.05368833081399576 0.05372362131186884
0.05361656326791557 0.05376645570496859 0.05386369149131688 0.05393124722615031 0.05401148278374523
0.05365828146064545 0.05386369149131688  0.0539979186748047 0.05408968429584936 0.05419950368579653
0.05368833081399576 0.05393124722615031 0.05408968429584936 0.05419887235330048 0.05432838218020534
0.05372362131186884 0.05401148278374523 0.05419950368579653 0.05432838218020534 0.05448225320510273

cov.inverse():
 10064825.81138933 -17105232.15647229  562816.6165847949  1694252.792506066  4783386.365887151
-17105232.15659275  30064178.28311142 -2146799.581218783 -3730707.100736833 -7081518.425361739
 562816.6166718591 -2146799.581360443  2120828.514183077 -85232.27749066637 -451560.6061022234
 1694252.792715421 -3730707.101071703 -85232.27749480325  3224998.140894414 -1103290.593473368
 4783386.365711194 -7081518.425005672 -451560.6061526819 -1103290.593603021   3852957.87542991

cov*(cov_.inverse()):
     1.000000000116415                      0  3.637978807091713e-12                      0 -5.820766091346741e-11
 2.037268131971359e-10      1.000000000174623 -7.275957614183426e-12 -1.455191522836685e-11  -2.91038304567337e-11
 8.731149137020111e-11 -5.820766091346741e-11      1.000000000003638                      0  -2.91038304567337e-11
 1.455191522836685e-10 -1.164153218269348e-10 -3.637978807091713e-12      1.000000000007276   2.91038304567337e-11
 8.731149137020111e-11                      0  7.275957614183426e-12  7.275957614183426e-12                      1
