6
2

8.550221715986554e-05
0.0001635273172584022
 0.000533973576647292
0.0007259329506778785
   0.0211181610906879
   0.5667352379458819

   0.3330501668179872    -0.779145680723703    0.5262606290864309 -0.004753250085538657 -0.004584826432987218  -0.07082182464372611
   0.6079114165936853   -0.2422880100777864    -0.707831289524613   0.03398729315756577   0.04909063032022431    0.2591333039887257
  -0.1498978317906132   -0.1576824105990443    -0.199418575119202    0.2711812387952471    0.7549268964990643   -0.5190811554827816
   0.1148971353356735    0.1038499114181283   0.09126566885024463   -0.8672471549786933    0.4522821580273916    0.1049173178787347
   -0.564499145427219   -0.3645034633085025  -0.08650570229642723   0.07938030569715288    0.2362373225788263    0.6920154608146142
   0.4064373249169399    0.4070837836421059    0.4079757209693046    0.4084900800407634    0.4090076371835933    0.4104825359785111

 0.397722789810802
0.3977662000950078
0.3978514980296667
0.3978308427654361
0.3978082766769388
0.3977659211690348

0.0003164910654078084
   0.3979486957494439

   0.860875815583825    2.682354348572333   -1.337289858483414 -0.08071118372968633  -0.2139084205997489   -1.911300926113816
    1.09097811158837   0.5110609613936766  -0.3446465709727226   -0.022196795333598 -0.04022563876275823  -0.1949561003670076

-1.732814139416403e-08  8.329444550333799e-09  1.492429043112912e-07  1.483275670521243e-08  -0.001216445113130018  -0.002814359326521123
-1.477604905154486e-09  1.952365793089006e-08 -3.152953916385266e-08  6.722771662678952e-08 -0.0004096310648715098     0.1301796260095999

cov:
0.05319973874992498 0.05323376302002717 0.05328020903744952  0.0533055253163705  0.0533336590109391  0.0534114898531502
0.05323376302002717  0.0532857882709102 0.05335721519317245 0.05339742619925257 0.05343964887042536 0.05355843897778161
0.05328020903744952 0.05335721519317245 0.05346338278185446 0.05352429423078675 0.05358609769457481 0.05376183216484132
 0.0533055253163705 0.05339742619925257 0.05352429423078675 0.05359812719999863 0.05367101934677829 0.05388072547395284
 0.0533336590109391 0.05343964887042536 0.05358609769457481 0.05367101934677829 0.05375595467722689 0.05399737256668768
 0.0534114898531502 0.05355843897778161 0.05376183216484132 0.05388072547395284 0.05399737256668768 0.05433266113575457

cov.inverse():
 29097072.68124643 -40897491.07066389  8008453.767735907   224342.972195535  608545.1643680021  2959380.689235529
-40897491.06642269  85342301.67267844 -49545700.99041519 -122293.1150917587 -284702.5223149303  5507287.100702878
 8008453.761633762 -49545700.98234072  56774614.04652946 -1581674.506238499 -2079168.943874083 -11576257.68090397
 224342.9724347522 -122293.1158344972  -1581674.50561246  1731444.894187999  39097.91922324024 -290831.2661563356
 608545.1646374559 -284702.5234144239 -2079168.942822485  39097.91923035105   2480097.81290822 -763823.0560274881
 2959380.690587793  5507287.098711801  -11576257.6806092 -290831.2660409336 -763823.0557988281  4164158.791043455

cov*(cov_.inverse()):
     1.000000000349246  4.656612873077393e-10 -4.656612873077393e-10 -9.094947017729282e-12                      0   2.91038304567337e-11
 3.492459654808044e-10     0.9999999998835847 -4.656612873077393e-10  2.000888343900442e-11                      0  -2.91038304567337e-11
 8.731149137020111e-11 -3.492459654808044e-10                      1                      0                      0   2.91038304567337e-11
 1.455191522836685e-10 -5.820766091346741e-11 -1.164153218269348e-10      1.000000000007276  1.455191522836685e-11   2.91038304567337e-11
 2.037268131971359e-10  -2.91038304567337e-10 -2.328306436538696e-10  9.094947017729282e-12      1.000000000014552  5.820766091346741e-11
 2.328306436538696e-10  2.328306436538696e-10  1.164153218269348e-10  9.094947017729282e-12                      0      1.000000000058208
