5
2

9.405790802301866e-05
0.0001731114296908748
0.0006154492550238598
  0.01870319317295796
   0.5186447061545497

  -0.305605977038887   0.7839706013206922  -0.5383173896966212  0.01560537429183186  0.04433895923911398
 -0.6256445138886223    0.247099371474406   0.6923832811412249 -0.05979547690574746  -0.2540486878449654
  0.1097775567781422   0.1348072640061877   0.1474047713579637  -0.8560157129113624   0.4639879548315294
 -0.5518408516947709  -0.3270874672295555 -0.09661494523656596   0.2505781866017341   0.7185830417832488
   0.445639418664674   0.4462877852175056   0.4469420160201651   0.4479158904114298   0.4492737592277471

0.3985011936116542
 0.398552027336509
 0.398654005264584
0.3986323718147015
0.3986109350254364

0.0001999251797930615
   0.3987113331689853

  2.328709271409573  0.9216436695730978 -0.9213689293742154 -0.1924513248407184  -2.136500199363277
  1.254190424648192  0.3281477285122656 -0.3124251619981034 -0.0248171013751102 -0.2451017225586102

 3.619523853522608e-09 -3.934334779432056e-08 -2.206376436273337e-07  -0.001077760737995234  -0.002364714670461521
 2.733613314446485e-10 -2.565698724150598e-08  1.643338035882849e-08 -0.0003328808085682736     0.1195658368123865

cov:
0.05352693923045928 0.05356125678681355 0.05359518731284139  0.0536448781476712 0.05371736595088943
0.05356125678681355 0.05361339129093975 0.05366555488447679 0.05374268834299827 0.05385221561879086
0.05359518731284139 0.05366555488447679   0.053736436113705 0.05384171087077677 0.05398921171479666
 0.0536448781476712 0.05374268834299827 0.05384171087077677 0.05398980889483083  0.0541940081342264
0.05371736595088943 0.05385221561879086 0.05398921171479666  0.0541940081342264 0.05447598271931195

cov.inverse():
 23651328.63515896 -32200595.10182772  4183295.385745994  460817.6182504273   3905573.25152336
-32200595.10208931  71557616.70175119 -41941564.25983698  584938.9965947617  1998802.875048597
 4183295.386332646 -41941564.26077695  48810153.45269932 -2664293.543468465 -8387226.572204473
 460817.6178129496  584938.9975205066 -2664293.543974126  2081565.066428448 -462945.5825862222
 3905573.251635736  1998802.874801291 -8387226.572052156 -462945.5826036056   2945748.72738455

cov*(cov_.inverse()):
    0.9999999999417923  2.619344741106033e-10 -4.074536263942719e-10  1.455191522836685e-11  -2.91038304567337e-11
 2.037268131971359e-10     0.9999999995779945  6.984919309616089e-10  7.275957614183426e-12   2.91038304567337e-11
 8.731149137020111e-11 -4.365574568510056e-11      1.000000000465661  1.455191522836685e-11  -2.91038304567337e-11
-1.746229827404022e-10  6.111804395914078e-10 -2.328306436538696e-10      1.000000000007276   2.91038304567337e-11
 1.746229827404022e-10  2.037268131971359e-10  5.820766091346741e-11  7.275957614183426e-12      1.000000000029104
