6
2

5.319550896236381e-05
8.653419696791281e-05
0.0001725234160148473
0.0003680491260739347
  0.02378715400687013
   0.5812973469798594

 0.01213595718757348    0.356514670168913  -0.8002410533861448   0.4805926297522818 -0.01465548474830759 -0.03435412591675546
  0.4558945213863058    -0.75051189331488 -0.04273915974929049   0.4665363284686054 -0.04149796198909515 -0.08767679827967496
 -0.5676165241296619  0.05997764574700749   0.4019645505121332   0.6101094194797998  -0.1710311242030783  -0.3333969323389744
 0.03560733790097283   0.0455679580797267  0.05970818906918531  0.08178519480650237  -0.8047425590661913   0.5820577345763813
 -0.5513148702718889     -0.3723944147672  -0.1630668006304147  0.07418976569908005   0.3912328950004538   0.6100952652943022
  0.4057196282566935   0.4065437627175584   0.4075000264063495   0.4085928722883199   0.4100460046976885   0.4110615762488244

0.4057146257807356
0.4057551050981126
0.4057626807431582
0.4057534416553742
0.4057684955740041
0.4057460168455428

0.0003120721166282964
    0.405936702754554

  0.5177399376609083    1.731598168980925    3.218120573145676   -4.266465369081716  -0.2855973210220655  -0.9153472552761789
  0.8727234841036787   0.8745625857381282   -0.159493853734649  -0.4934786995030844 -0.03150384989937174 -0.06274459683931441

-1.122410753398146e-08 -2.320915993427738e-08  -3.40932794152982e-08 -4.909041584014075e-08  -0.001381615612001557  -0.003787107532400197
 6.097409392559205e-10 -3.557630380044735e-09 -2.326969141569444e-08  1.337880577866799e-09 -0.0004911597327476671     0.1366134315367606

cov:
0.05579426522647851 0.05585142136531897 0.05591721762815821 0.05599302794879944 0.05609335127125643 0.05616431660771639
0.05585142136531897 0.05592694358812521 0.05601419701562792 0.05611433169601365 0.05624714492282416 0.05634054957271843
0.05591721762815821 0.05601419701562792 0.05612656399440472 0.05625515398613503 0.05642597776005868 0.05654563423338561
0.05599302794879944 0.05611433169601365 0.05625515398613503 0.05641600636489358 0.05662991748206223 0.05677933340266496
0.05609335127125643 0.05624714492282416 0.05642597776005868 0.05662991748206223 0.05690154440435017  0.0570905586128598
0.05616431660771639 0.05634054957271843 0.05654563423338561 0.05677933340266496  0.0570905586128598 0.05730728626573518

cov.inverse():
 38642362.85199405  -45295132.5528436 -13683781.35942499  18851189.13101604  460377.1720242362  1025135.130004402
-45295132.55809612  120273917.8869045 -95706595.47396132  15046304.29016923  1697172.948043114  3982914.034144216
 -13683781.3300597 -95706595.52309227  232002530.3644558  -130296214.716518  1716755.143744763  5969466.047630894
 18851189.09674633  15046304.35249973 -130296214.7442807  123243538.1663414 -9066082.765663709 -17779542.32938198
 460377.1757798739  1697172.941107139  1716755.147002131 -9066082.765786348  6069740.982063541 -877902.3551281656
 1025135.136405876  3982914.022627885  5969466.052370294 -17779542.32896075 -877902.3551738339  7679803.091669767

cov*(cov_.inverse()):
     0.999999999825377  1.280568540096283e-09 -1.746229827404022e-09  3.492459654808044e-10 -9.458744898438454e-11 -1.746229827404022e-10
-7.275957614183426e-11      1.000000000087311  5.820766091346741e-10 -4.656612873077393e-10 -7.275957614183426e-12                      0
-5.966285243630409e-10  1.193257048726082e-09     0.9999999991850927 -8.149072527885437e-10  -2.91038304567337e-11 -5.820766091346741e-11
-5.093170329928398e-10  6.402842700481415e-10 -2.037268131971359e-09      0.999999999650754                      0 -1.164153218269348e-10
-2.619344741106033e-10   1.33877620100975e-09 -6.402842700481415e-10 -3.492459654808044e-10     0.9999999999636202 -1.164153218269348e-10
-2.983142621815205e-10                      0 -5.820766091346741e-10 -4.656612873077393e-10 -7.275957614183426e-12      1.000000000058208
