5
2

0.0001390897509599567
0.0003874646584622634
0.0006638738847601558
  0.02088118731546484
   0.5205869016011719

    0.51304223414881  -0.8306471245109761  0.02668243747448123   0.1019664776286091   0.1889547710212161
  0.1047122902043854   0.1066957888766097 -0.04488929550447495  -0.7767143251716595   0.6102058285024788
  0.2515745482804463   0.2000713870827538  -0.8926133730461656   0.2572764969281469    0.183662345394481
 -0.6817845106510859  -0.2437894746452149 -0.02459245931972899   0.3448878754935915   0.5968116431258645
  0.4446382011855252   0.4462953005585411   0.4471124868344516   0.4485296556294205   0.4494763029165473

0.3978387763278046
0.3978747557934252
0.3979332941340742
0.3978800539547883
0.3978396579867238

0.0004106354401034403
   0.3980747332007991

    2.042691648804565    0.3861253493482784  -0.03190457069768797   -0.6203017298572626      -1.7765694065632
    1.276879884566853   0.03689353943893031 -0.009426229838269545  -0.08477670165942111   -0.2195896275905902

 6.335039988604827e-09 -5.190716256644041e-08  5.894406972737925e-08  -0.001203529124078459  -0.002826596524151089
 1.110572935962271e-08  1.049655167554266e-08  1.211493996354923e-07 -0.0004532955358156432     0.1201323332534025

cov:
0.05378237972585041 0.05385183932387139 0.05388503498848734 0.05394608595951569 0.05398528260356539
0.05385183932387139 0.05400572589937728 0.05408115247075797 0.05421337360655567 0.05430110668395708
0.05388503498848734 0.05408115247075797 0.05417825369166345 0.05434556596517778  0.0544575916774793
0.05394608595951569 0.05421337360655567 0.05434556596517778 0.05457360992060766 0.05472639514662479
0.05398528260356539 0.05430110668395708  0.0544575916774793 0.05472639514662479 0.05490738706826834

cov.inverse():
  13823250.4617645 -21839216.82305162  166813.2664076339  2308658.562414557  5540470.356973713
-21839216.82329718   35831841.7395536 -1582744.943285057 -4813486.952428014 -7596338.568699837
 166813.2665167311 -1582744.943437709  1858047.103930462 -148207.9290003767 -293850.1536194896
 2308658.562964511 -4813486.953297211 -148207.9289560803  4706341.506548574 -2053384.444385514
 5540470.356560211 -7596338.567923534 -293850.1537073418 -2053384.444660462  4403113.062354993

cov*(cov_.inverse()):
    0.9999999999417923 -1.164153218269348e-10    1.2732925824821e-11  1.455191522836685e-11  5.820766091346741e-11
-5.820766091346741e-11      1.000000000291038  1.637090463191271e-11 -1.455191522836685e-11  8.731149137020111e-11
-5.820766091346741e-11                      0      1.000000000010914  -2.91038304567337e-11  1.164153218269348e-10
                     0 -5.820766091346741e-11  1.818989403545856e-12      1.000000000014552  5.820766091346741e-11
                     0  1.746229827404022e-10 -1.818989403545856e-12 -4.365574568510056e-11                      1
