6
2

6.284868742251166e-05
0.0003112291337746551
0.0003252970167685742
0.0004078984215960552
  0.01566642036075331
   0.6334249215183091

  0.6491666705982295  -0.7574732743312164 0.005431544034266482 0.007736931380513647  0.03752884124356826  0.05761160261169979
   0.226247118184658   0.2099287944553769  -0.5574060687382123  -0.4213272917499296   0.6382312125084096  -0.0958376226342004
  0.2585039731969757   0.2380092433860718  -0.1738431755827399  -0.4346819321221392  -0.5146287854477203   0.6265099179443557
 -0.1219797921568005 -0.09630950801291482   0.6833706666655029  -0.6775350379308808   0.2229060431071795 -0.01044553661332552
 -0.5295116522518507  -0.3880246372442391  -0.1607595261296378  0.08698112277666543   0.3304187237689078   0.6530454938539911
  0.4065819862879115   0.4070345188716005   0.4076866810017765   0.4084796539150477   0.4093239323235214   0.4103703812064772

0.4219297222150062
0.4220048741467762
0.4220135108691365
0.4219562470148877
0.4219790195990494
0.4219563563051543

0.0002214364855679998
    0.422078233569357

   6.299451690248074   -3.194027660368609 0.006046479223893659  -0.2951703646949312  -0.9040490598699914    -1.91230071328646
   2.439191538881279  -0.6294046315366975  0.01794158937098647   0.3462941523764573  -0.7064613150886115  -0.4675432646723551

 2.513134861396153e-08  4.668683098257178e-08  2.779351527956136e-08 -7.291042336473487e-08 -0.0009008637319900037  -0.004711385320738816
 7.937546861915169e-09 -1.377898420698227e-08  4.208753774250227e-08 -1.018037584809973e-07 -0.0003826049650308205     0.1618041333575625

cov:
0.06639525270738041 0.06645068220199708 0.06652749284589678 0.06662467858426217 0.06673077247001831 0.06685957230228176
0.06645068220199708 0.06651111515124376 0.06659593743766791 0.06670186474909431 0.06681656774885585 0.06695675873304331
0.06652749284589678 0.06659593743766791 0.06669378546433469 0.06681356376374066 0.06694210806684674 0.06710054335267733
0.06662467858426217 0.06670186474909431 0.06681356376374066 0.06694897528339033 0.06709240263016311 0.06727079973046933
0.06673077247001831 0.06681656774885585 0.06694210806684674 0.06709240263016311 0.06725090533832354 0.06744881344429979
0.06685957230228176 0.06695675873304331 0.06710054335267733 0.06727079973046933 0.06744881344429979 0.06767290699552556

cov.inverse():
 107939613.4858695 -123345820.6549852 -1334626.166948199 -277909.8469665065  6237193.376405274  10781242.60875367
 -123345820.647121  146305389.4703709 -3035965.457420438 -2982464.416681105 -7100664.432625218 -9841556.850775493
-1334626.172515406  -3035965.45109097  6307574.009151507  366433.8583139678 -1860352.215045068 -441867.3953040268
-277909.8566815546 -2982464.405509498  366433.8584506969  6392476.914010566 -1496198.898529463 -2001111.332626518
 6237193.382110314 -7100664.439358636 -1860352.215266925 -1496198.897745259  7363740.968172735 -3144139.443184288
 10781242.61046399  -9841556.85367585  -441867.394456631 -2001111.331817456 -3144139.443650412  4646835.323384501

cov*(cov_.inverse()):
    0.9999999998835847  8.149072527885437e-10  7.639755494892597e-11   2.91038304567337e-11  -2.91038304567337e-11 -5.820766091346741e-11
-1.164153218269348e-09      1.000000000465661                      0 -1.164153218269348e-10  -2.91038304567337e-11 -5.820766091346741e-11
-9.313225746154785e-10  8.149072527885437e-10      1.000000000043656 -5.820766091346741e-11   2.91038304567337e-11 -1.164153218269348e-10
-6.984919309616089e-10                      0 -3.637978807091713e-12     0.9999999999417923  -2.91038304567337e-11 -1.164153218269348e-10
-4.656612873077393e-10  1.280568540096283e-09 -2.546585164964199e-11                      0      1.000000000029104 -5.820766091346741e-11
-4.656612873077393e-10 -5.820766091346741e-10  2.182787284255028e-11                      0                      0                      1
