5
2

5.735739739898381e-05
0.0001292807609155315
0.0004373926586651582
  0.01643379227544577
   0.5533960122415199

 -0.2373794545203997   0.7851369750113828  -0.5717206616748701 0.006521803491428137  0.01743204333522427
 -0.6333735078456549   0.2994386550207875   0.6658411789072368 -0.09265471745819888  -0.2392595227839304
 0.05607928125217669  0.08700955560618551   0.1041622568686758  -0.8120621648393473   0.5647917458036281
  -0.584123807296982  -0.2953957960213588  -0.1392163342357907   0.3616322281157673   0.6491391571240791
  0.4451331105343715    0.446169343719892   0.4467214411816856   0.4484972033763629   0.4495326942311258

0.4166128362044392
0.4166690466521489
0.4167630880615961
0.4167951286285513
0.4168182525047258

-0.0002425700898849722
    0.4166812305217334

    4.57942162976492   0.8919321684240928   -3.637712878083397  -0.4320088630271372    -1.40155085704348
   2.213709423688769    0.136373761817125   -1.150791741811728 -0.02382764910974736  -0.1755482455196191

 5.480051875329509e-09 -7.822229867148126e-08 -9.283649116548323e-08 -0.0009447094301204004  -0.003808812461656545
  7.77392576645156e-10 -3.481934170436674e-08 -1.217869069653677e-08  -0.000349936566626848     0.1355316646880019

cov:
0.06077303256999626 0.06086873429777214 0.06091935605871585 0.06108241614698835  0.0611782359669088
0.06086873429777214 0.06098729707274084 0.06105027363706326 0.06125293643700905 0.06137150958523488
0.06091935605871585 0.06105027363706326 0.06111993944851795 0.06134401770709805 0.06147489635094024
0.06108241614698835 0.06125293643700905 0.06134401770709805 0.06163697972785045  0.0618070713504943
 0.0611782359669088 0.06137150958523488 0.06147489635094024  0.0618070713504943 0.06200017838998762

cov.inverse():
 41147983.21313423  -67972624.0774433  16050489.39793613  2801833.631694112  7973303.191339854
-67972624.06494324  192779774.8081794   -124466034.64249 -473275.1520336918  129802.3169324856
 16050489.38248803 -124466034.6210041  125937702.1393314   -5266919.0921728 -12253941.05855592
 2801833.632986625 -473275.1573288938 -5266919.087850533   3974018.30813091 -1035557.607350355
 7973303.192995279  129802.3132417209 -12253941.05684004  -1035557.60703084  5186384.289967309

cov*(cov_.inverse()):
     0.999999999650754 -3.365130396559834e-11 -2.328306436538696e-10  5.820766091346741e-11 -1.164153218269348e-10
-3.492459654808044e-10      1.000000000915861 -2.328306436538696e-10   1.01863406598568e-10                      0
-2.328306436538696e-10  2.182787284255028e-10     0.9999999995343387  3.637978807091713e-11                      0
-1.746229827404022e-10 -6.002665031701326e-11  9.313225746154785e-10      1.000000000007276 -5.820766091346741e-11
-4.656612873077393e-10  -3.54702933691442e-11  2.328306436538696e-10  3.637978807091713e-11     0.9999999999417923
