6
2

8.107370536215282e-05
0.0003139825710784313
0.0003306079497708363
0.0004098628464908148
   0.0192072487960095
   0.6331523606812351

  0.5956058921137098  -0.7960197277894162   0.0271486135722297   0.0403561005528338  0.05220003357224116  0.08071993975362601
 -0.1367077002229889 -0.09889623348146506   0.4808075751336941    0.312137935319408   -0.772409341555282   0.2151937122911595
 -0.2625242949570248    -0.20588804813864   0.2749562076749236   0.5555395610942558   0.2875403963759057  -0.6494509269861659
 -0.1227208395209112 -0.09340430533047853   0.7216593349678656  -0.6390670082863011   0.2047954225382024 -0.07124064411659482
 -0.6146036256857258  -0.3740199182798538 -0.07269555579959237   0.1299676085771227   0.3291884187502565   0.5931528014536642
  0.4060142846966514   0.4068992210395193   0.4079329267868839   0.4086794222647487   0.4094793107023652   0.4104679959593107

0.4225026500595012
0.4225088653785823
0.4225789210837571
0.4225147826921762
0.4225270458610296
0.4224928828948835

0.0003387350219241424
   0.4226911096114538

   3.681059391425638    -1.19641334817985 -0.02017707083192428  -0.2039258570716884  -0.6903520127665121   -1.570178081048142
   2.985797916298694   -2.015321607711435  0.07755834258294604   0.4983278581846327   -0.499844441239833 -0.04646155870620716

 1.954314739343132e-08  -2.59200596444881e-08 -1.926712663086068e-09 -4.262712034523006e-08  -0.001106223391041734  -0.004418068737817578
 2.218348462114803e-08  3.549555865583947e-08 -2.014416108932047e-08 -9.066792293032897e-08 -0.0004479721879602336      0.161872835034463

cov:
0.06622378939681993 0.06631326718563062 0.06641315999137824 0.06648873318488019   0.066573759963617 0.06667485058232192
0.06631326718563062 0.06642442546454357 0.06655143087673158 0.06664525070203291 0.06674824158485969 0.06687310756417908
0.06641315999137824 0.06655143087673158 0.06671253555769199 0.06682901246240024 0.06695452055584632 0.06710910915976642
0.06648873318488019 0.06664525070203291 0.06682901246240024 0.06696118756226592 0.06710164692662497 0.06727628494959602
  0.066573759963617 0.06674824158485969 0.06695452055584632 0.06710164692662497 0.06725724819699219 0.06745148636208818
0.06667485058232192 0.06687310756417908 0.06710910915976642 0.06727628494959602 0.06745148636208818  0.0676720265113894

cov.inverse():
 54881471.87173461 -71430628.16150399  605854.9599147515  2356348.548151428   4960409.44081297  8626938.204426216
-71430628.16337292  96941695.24263822 -4689279.739960179 -5891718.312056072 -6202696.893288681 -8729138.954645796
 605854.9611865708 -4689279.741687619  6248942.729779602  341109.0952896628 -1948453.257824939 -556981.1711357043
 2356348.547741229 -5891718.311205438  341109.0948228983  6490879.779005197 -1442608.146796328 -1852751.022354043
 4960409.445172003 -6202696.898974391  -1948453.25751615 -1442608.146733644   7472742.45530938 -2839818.138867269
 8626938.201074827 -8729138.949952606 -556981.1714334217 -1852751.022442968 -2839818.139822514  5351110.666555082

cov*(cov_.inverse()):
    0.9999999990686774  2.328306436538696e-10   2.91038304567337e-11 -1.164153218269348e-10 -1.746229827404022e-10                      0
-9.313225746154785e-10      1.000000000582077 -5.820766091346741e-11 -1.164153218269348e-10 -5.820766091346741e-11 -1.746229827404022e-10
-1.164153218269348e-10  1.164153218269348e-10     0.9999999999854481 -5.820766091346741e-11 -1.455191522836685e-10 -1.164153218269348e-10
-8.149072527885437e-10  4.656612873077393e-10 -7.275957614183426e-12     0.9999999999272404  -2.91038304567337e-11 -5.820766091346741e-11
 2.328306436538696e-10  8.149072527885437e-10  -2.91038304567337e-11 -1.891748979687691e-10      1.000000000058208 -5.820766091346741e-11
-1.164153218269348e-10                      0  7.275957614183426e-12 -4.365574568510056e-11 -5.820766091346741e-11     0.9999999999417923
