5
2

8.579416259779185e-05
0.0003062578205863703
 0.000669370735938542
  0.01350449345663673
    0.516171728382902

 -0.1824716340488907   0.7652804990109612  -0.6166494539808057 0.006419020673753675  0.02742458167094678
 -0.4572916044248108   0.4218826653057743   0.6386759832832606  -0.1943552167112441  -0.4089235177283944
 0.08264296006173517  0.08880636107915404   0.1015879721701832  -0.8212471349115759   0.5481939425914806
 -0.7429972531421115    -0.16960448352124  0.03801711548916147   0.2953492429313354   0.5749025348896468
  0.4457731645866783   0.4468875965490683   0.4472929935987917   0.4477798722699923   0.4483301525129403

0.3989199531455598
0.3990870590925584
0.3990815619835089
0.3990695893821747
 0.399062372435025

9.035240303510357e-05
   0.3991152447394997

    3.49899815745612    5.124713918394116   -7.640734209660678  -0.1981878003496357  -0.7848840080030687
   1.455092228187906   0.6760926489556068   -1.009349943621697 -0.02707583834497479 -0.09476311280229915

 5.868072387651111e-08  -3.71284052527975e-07 -1.341659873216474e-07 -0.0007785734615360162  -0.002224180893237707
 6.415016508482813e-09  -9.19933917582731e-08  2.152647407580682e-08 -0.0002364712242118037     0.1184813096252531

cov:
0.05304464143597893 0.05309926689593212 0.05311927542680506 0.05314223327557609 0.05316976941575291
0.05309926689593212  0.0532142622981394 0.05325611054778522 0.05330605539282494 0.05336297416023264
0.05311927542680506 0.05325611054778522 0.05330588255512678 0.05336559510987477 0.05343316164984314
0.05314223327557609 0.05330605539282494 0.05336559510987477 0.05343789694252343 0.05351810492360883
0.05316976941575291 0.05336297416023264 0.05343316164984314 0.05351810492360883 0.05361349050521723

cov.inverse():
 6771301.468879075 -21011265.85661523  12191579.06697798  635770.0465715779  1412616.030208551
-21011265.85520243  81481065.80241925 -61219768.45737499 -369872.0068581132  1120105.856675463
 12191579.06486038 -61219768.45322281  56032827.13397695  -2047337.26443852 -4957633.284801729
 635770.0468763645 -369872.0081717969 -2047337.263365114  1914080.284693036 -132588.3257270728
 1412616.030608581  1120105.855249688 -4957633.283840502 -132588.3256625584  2557532.569835844

cov*(cov_.inverse()):
    0.9999999999854481  8.003553375601768e-10 -5.820766091346741e-11 -3.637978807091713e-12 -5.820766091346741e-11
-4.365574568510056e-11      1.000000000873115 -5.820766091346741e-11  6.366462912410498e-12  -2.91038304567337e-11
-1.164153218269348e-10  9.385985322296619e-10      1.000000000116415 -1.091393642127514e-11                      0
 1.455191522836685e-10  6.330083124339581e-10 -1.746229827404022e-10     0.9999999999745341  -2.91038304567337e-11
 5.820766091346741e-11  2.255546860396862e-10                      0  2.728484105318785e-12                      1
