6
2

7.960691195082682e-05
9.696244487396217e-05
0.0002169058934888958
 0.000647309723446418
  0.01766233421104856
   0.5686851593200476

  0.04164440366019358    0.2045133633195559   -0.7857384225640512    0.5809684045684069 -0.002331980512591594  -0.03905680394240107
   0.3944010338149708   -0.8202141591678523    0.1035225685732181    0.3962913893704063  -0.01254958311948174  -0.06144329171405687
  -0.5979368389478852    0.0658937053448601    0.4193530165703167    0.5611815649456031   -0.0713170312633201   -0.3771760012716894
  0.07890877211617692    0.1074677391605041    0.1238569730061916    0.1486322605042874   -0.8773356800347609    0.4184185663135908
  -0.5598045474810237    -0.321693860130792   -0.1194328012751758   0.04078444975878247    0.2406464577107117     0.713648124780302
   0.4069120041251719    0.4074859289768196    0.4079663133314355    0.4083493339832643    0.4088059904299763    0.4099631805363532

0.3987313681859503
0.3987882356841048
0.3988975361430145
0.3988910525114405
0.3988865880479717
0.3988750763704519

0.000118909443419245
  0.3989310958612246

   1.744545992488553     2.34530746271159    1.941700302405206   -4.375828630856984   -0.127290402221031   -1.528434830936411
   1.144917518890061   0.5708058886313995   0.1456557391595312  -0.6921922620526283 -0.01712478461747252  -0.1520822628003289

-2.189901685143351e-08 -2.513254932471545e-08  -9.14803086799954e-08 -2.296343433974213e-07  -0.001017869482480847  -0.002522858947522526
-2.193912181584571e-09 -2.503660462440869e-09 -4.308469459945817e-08  7.640969639934401e-09 -0.0003066035323015553       0.13126712870874

cov:
0.05364597241518881  0.0536798941301162 0.05370778281713159 0.05373020563909402 0.05375537921526104 0.05382510972307348
 0.0536798941301162 0.05373164447526778  0.0537746460524209 0.05380904378469664  0.0538491200146355  0.0539542066026432
0.05370778281713159  0.0537746460524209 0.05383050454713945 0.05387506750151767 0.05392780790878388 0.05406292286277241
0.05373020563909402 0.05380904378469664 0.05387506750151767 0.05392769957560081  0.0539904648155264 0.05414937519361152
0.05375537921526104  0.0538491200146355 0.05392780790878388  0.0539904648155264 0.05406622220873049 0.05425424685183709
0.05382510972307348  0.0539542066026432 0.05406292286277241 0.05414937519361152 0.05425424685183709 0.05451320705574397

cov.inverse():
 24433810.33043037 -33880600.78412501 -6126639.361546031  13337976.65974722  198939.7542183789   2036864.47270714
-33880600.77506524  78276374.82358749 -33769198.29127446 -15000006.77388874  694429.7323641122  3678267.352765135
-6126639.382244805 -33769198.25294217  102335767.8997028 -62623117.91371994 -744143.4609955276  927523.1402511478
 13337976.67131589 -15000006.80387429 -62623117.89397329  76710743.87282734 -1904596.121788148 -10520794.01917504
 198939.7543869209  694429.7318975254 -744143.4609079572 -1904596.121497646   1962892.43923836 -207424.0424577807
 2036864.472608812  3678267.353944724  927523.1380508546 -10520794.01813604 -207424.0423777579  4085468.595593904

cov*(cov_.inverse()):
    0.9999999997089617   2.91038304567337e-10  4.074536263942719e-10  2.328306436538696e-10  9.094947017729282e-12  -2.91038304567337e-11
-1.891748979687691e-10      1.000000000494765 -8.003553375601768e-11  6.984919309616089e-10 -1.091393642127514e-11 -1.455191522836685e-10
-8.731149137020111e-11  5.238689482212067e-10     0.9999999998763087  6.984919309616089e-10  1.637090463191271e-11  -2.91038304567337e-11
 4.365574568510056e-11  5.238689482212067e-10 -8.003553375601768e-11      1.000000000814907 -1.818989403545856e-11 -1.455191522836685e-10
-1.746229827404022e-10  2.619344741106033e-10  8.003553375601768e-10  4.656612873077393e-10      0.999999999996362 -5.820766091346741e-11
 4.365574568510056e-11 -1.746229827404022e-10  2.328306436538696e-10 -2.328306436538696e-10 -9.094947017729282e-12     0.9999999999417923
