5
2

7.967356246015955e-05
0.0001129571744333029
 0.000474689563291313
   0.0106222136039801
   0.5159374480828949

  0.07766856129134239    0.2876528065347299   -0.8306894266761443    0.4702706461980153 -0.004904407465359308
  -0.3955341633811681    0.8116874534058408 0.0008108239728292172   -0.4295995874710959   0.01263885244198164
   0.3668956441984762   -0.1276578943390056   -0.3310263812681882   -0.5604354485484477     0.652245882467575
  -0.7097423795181598   -0.2058188245402365   0.01874945744669282    0.2826076126573993    0.6112984224536464
   0.4462887643324426    0.4469467690385977    0.4472408878030797    0.4475877110104246    0.4480019572570438

0.3990450253948333
0.3992176392378043
0.3992131174861038
0.3992077254831149
0.3991946205309661

9.792039007008707e-05
   0.3992413724385963

   2.521204216254346    4.406686748496792    2.636979339633851    -9.32508721969959  -0.2398487367480199
   1.311254114935141   0.6334146319657975   0.2876834458216004   -1.202660445479966 -0.02969716774615411

-3.244549020537191e-08  8.401746776084179e-08  1.027332090320891e-06 -0.0006125507797864055  -0.001901311687318376
-3.303175568121905e-09  6.532891709403313e-09  2.162371906467342e-07  -0.000159505515056652     0.1185520828110039

cov:
0.05307519515288178 0.05311296326359385 0.05312990708012397 0.05314996283040464 0.05317295038222776
0.05311296326359385 0.05317957290708826 0.05320934551782436 0.05324448524070971 0.05328610522712499
0.05312990708012397 0.05320934551782436 0.05324485699544353 0.05328671533449062 0.05333663946524372
0.05314996283040464 0.05324448524070971 0.05328671533449062 0.05333648610963877 0.05339616505990728
0.05317295038222776 0.05328610522712499 0.05333663946524372 0.05339616505990728 0.05346841502846734

cov.inverse():
  13813577.3401147 -21849030.70006447 -10728033.75556227  18157044.43007848  606373.1957066609
-21849030.70400407  64743325.70923152 -37403445.79676188  -5701865.63586117  211145.6059276121
-10728033.74794904 -37403445.81191366  109191200.1023834 -60744015.51929574 -315495.3815254156
 18157044.42614936 -5701865.624382268 -60744015.52636708  50698125.05713525 -2409594.685325869
 606373.1959622022  211145.6056607843 -315495.3819925972 -2409594.684847404  1907627.149300649

cov*(cov_.inverse()):
     1.000000000218279  5.675246939063072e-10 -5.456968210637569e-10  2.182787284255028e-10   2.91038304567337e-11
 6.912159733474255e-11      1.000000000456566 -2.801243681460619e-10  -2.91038304567337e-10   2.91038304567337e-11
 1.091393642127514e-10   3.54702933691442e-10     0.9999999993706297  1.455191522836685e-10  4.365574568510056e-11
 5.820766091346741e-11 -8.549250196665525e-11 -3.892637323588133e-10     0.9999999996944098  1.455191522836685e-11
 1.564330887049437e-10  3.819877747446299e-11  -8.36735125631094e-11  4.365574568510056e-11      1.000000000014552
