5
2

5.841844524114838e-05
0.0001909296228394573
0.0005666614797414383
   0.0118435050850119
   0.5531163313230075

 -0.2699830041523837   0.7982265331651286  -0.5383988368051857  0.00201102059425101 0.008138030660183492
 -0.5392210138578817   0.2962280729222436   0.7041142377949315  -0.1321013888655146  -0.3290318984857191
  0.1133373882420223   0.1130806966000568   0.1152443203509933  -0.8426636825726214   0.5010030510714574
 -0.6518550419458612  -0.2506665763557301 -0.03374137797600237   0.2681068279693413    0.662745441324462
  0.4456338366856467   0.4466120846086644   0.4471354366412968   0.4478636240255938    0.448816449182283

0.4166001310939285
0.4166474656855726
0.4167378309838563
0.4167732222092012
0.4167580815818656

-0.0001524897064212628
    0.4166853673263033

   6.481846546898545    1.272939139286921   -6.812679914569164  -0.2077519209293268  -0.7343091253515692
   2.375874995395328   0.3913749092015238   -1.663091292940294 -0.04859757920131802 -0.05563828932849435

 9.991236747382078e-09 -2.787251840334041e-07 -3.190770574488402e-08 -0.0006812563420970987  -0.003599357573950131
 1.930968158663354e-09 -8.426243060628725e-08  4.333220411939513e-08 -0.0002301273618755319     0.1355914357033037

cov:
0.06081563233019935 0.06091230291152022 0.06096381350849388 0.06103547344202965 0.06112934704653734
0.06091230291152022 0.06103187214364706 0.06109575420154015 0.06118459490177247 0.06130095553683348
0.06096381350849388 0.06109575420154015  0.0611663327742346 0.06126445907823661 0.06139297823394306
0.06103547344202965 0.06118459490177247 0.06126445907823661 0.06137584893891188 0.06152088201336756
0.06112934704653734 0.06130095553683348 0.06139297823394306 0.06152088201336756 0.06168861937399688

cov.inverse():
  29377671.2880486  -67489094.8884466  32218964.82811258  1496247.740093184  4396912.381092817
-67489094.89285755   189150880.132013  -120167998.785194 -900321.0431191464 -595012.6787072393
 32218964.83417685 -120167998.7943754  98580605.84016792 -3171307.611617207 -7459503.611621398
 1496247.739600551 -900321.0416105214  -3171307.61266584  2691772.108070354 -116363.1526167821
 4396912.379932133 -595012.6754452969 -7459503.613690051 -116363.1526494118  3774040.850548106

cov*(cov_.inverse()):
    0.9999999999417923  3.055902197957039e-10 -5.820766091346741e-10  5.456968210637569e-12 -8.731149137020111e-11
-3.492459654808044e-10      1.000000000669388 -1.396983861923218e-09 -1.818989403545856e-12 -5.820766091346741e-11
                     0  1.462467480450869e-09     0.9999999997089617  1.000444171950221e-11 -5.820766091346741e-11
 1.164153218269348e-10  4.583853296935558e-10 -9.895302355289459e-10      1.000000000008185                      0
 5.820766091346741e-11   8.87666828930378e-10  5.820766091346741e-11 -9.094947017729282e-12     0.9999999999417923
