6
2

0.0001174283983852861
0.0003883764802534643
0.0005559620174266641
0.0007236821027893757
  0.02258438947914633
   0.5673102081763888

 -0.6261085402892375   0.7753125873989742 -0.01666026950346844  -0.0246964285492845 -0.04457689015491377 -0.06327645927741726
  0.1117855698847587  0.09739962369174752  -0.0406508185388867 -0.07846794872926101   -0.740065605691646   0.6500080698859388
  0.1932191446469695   0.1719059557119519   -0.273253042877137  -0.7829878312116237   0.4029233991416273   0.2881497348423446
  0.1424805881699735   0.1215307426732662  -0.8698871766962747   0.4405782674726203  0.09781808139726399  0.06744088954031902
 -0.6107849222491287  -0.4239207459369146 -0.00841782919561665   0.1377181828006483   0.3327124157754738    0.563469848868584
  0.4059550529703719   0.4066614405937064   0.4082011280013736   0.4087632762009824   0.4095150862924803   0.4103763942148501

0.3978893030728106
0.3979341089202731
0.3980002893121993
0.3979820486265573
0.3979764290030419
0.3979431052773628

0.0002963074115598319
   0.3981127408489127

  0.8660676972593392    1.825959707287321 -0.07013436665796674  -0.1821605557072785  -0.6677872216274551   -1.771907703044108
   1.125636613706096   0.2379502019432876  -0.0221744853324205 -0.03764598472404077  -0.1002206836188051  -0.2035293726073784

 1.407890001063588e-08 -5.516709222723686e-08 -4.222644170006872e-08  7.396981761084924e-08  -0.001299689324608037  -0.003081802053299196
-6.917323681367336e-09  1.428958923883636e-08  6.024453867570625e-08  8.823214364781418e-08 -0.0004801751902787512     0.1302546541967874

cov:
 0.0532295259960014 0.05326358794329987 0.05333521340042063 0.05336320019300442 0.05340071337604801 0.05344137154261205
0.05326358794329987 0.05331564816814745 0.05342722444392076  0.0534692563053363 0.05352552249177078 0.05358836789180411
0.05333521340042063 0.05342722444392076 0.05362820842682791 0.05370087993038731 0.05379887242060977 0.05391105168865271
0.05336320019300442  0.0534692563053363 0.05370087993038731 0.05378552564619377 0.05389777019802151 0.05402729465177229
0.05340071337604801 0.05352552249177078 0.05379887242060977 0.05389777019802151 0.05403015260277121  0.0541826607357373
0.05344137154261205 0.05358836789180411 0.05391105168865271 0.05402729465177229  0.0541826607357373 0.05436286354461158

cov.inverse():
 28671560.67509368 -34989825.67945013  318869.4870904514  693428.0909957483  1753633.304971936  3552590.132914186
-34989825.68017517  43779116.19250838 -1316802.185531434 -1772572.463254505 -2737711.556885534 -2962557.850796848
 318869.4873183774 -1316802.185802342  1717527.889712805  11384.18647087395 -265375.4079499144 -465494.0351034624
 693428.0920140545 -1772572.464482272  11384.18648763367  2439170.476194563 -473462.0242621957 -897865.9885967202
 1753633.305629601 -2737711.557637016 -265375.4079802888 -473462.0242923754  4318896.914761391 -2596071.147784311
 3552590.131735364 -2962557.849271767 -465494.0351328301 -897865.9887592505 -2596071.147938684  3369412.948315907

cov*(cov_.inverse()):
     1.000000000029104  4.656612873077393e-10  -2.91038304567337e-11  -2.91038304567337e-11                      0   2.91038304567337e-11
 -2.91038304567337e-11     0.9999999999126885 -3.274180926382542e-11                      0                      0  -2.91038304567337e-11
 1.746229827404022e-10  1.164153218269348e-10     0.9999999999708962 -7.275957614183426e-12                      0                      0
 1.746229827404022e-10 -4.074536263942719e-10 -1.818989403545856e-11      1.000000000007276                      0  -2.91038304567337e-11
 1.164153218269348e-10  3.201421350240707e-10 -1.091393642127514e-11 -7.275957614183426e-12                      1   2.91038304567337e-11
-2.037268131971359e-10  3.201421350240707e-10 -1.455191522836685e-11 -7.275957614183426e-12                      0                      1
