5
2

0.1114989048840698
0.8216504161803884
  4.17648380635003
 6.175723436831791
 30.05078400554132

   -0.3703536788954166     0.8155173472285056    -0.4447108793068825 -0.0007185933244284125  -0.001151671717657997
    -0.613661203685068     0.1300303051921455     0.7501407180450649    -0.1311177128001315    -0.1631229454869182
    0.2059038817059866     0.1520576426954403     0.1074004736292515    -0.8203808925901558     0.4999223881098992
   -0.6365994054071777    -0.4630409689326564     -0.320388788303839    0.03294318193936335     0.5259277794698073
    0.1964761261681909      0.283716602420146     0.3540300828324404     0.5556055856904119     0.6684812300703592

102.3697731563623
  134.16010400666
159.7045699313152
227.1814762573476
269.2711989845802

2.923390799225323
-1.38838986698447

0
0
0
0
0

0
0

0
0
0
0
0

0
0

0
0
0
0
0

0
0

0
0
0
0
0

0
0

0
0
0
0
0

0
0

0
0
0
0
0

0
0

0
0
0
0
0

0
0

0
0
0
0
0

0
0

0
0
0
0
0

0
0

0
0
0
0
0

0
0

0
0
0
0
0

0
0

0
0
0
0
0

0
0

0
0
0
0
0

0
0

0
0
0
0
0

0
0

0
0
0
0
0

0
0

0
0
0
0
0

0
0

0
0
0
0
0

0
0

0
0
0
0
0

0
0

0
0
0
0
0

0
0

0
0
0
0
0

0
0

0
0
0
0
0

0
0

0
0
0
0
0

0
0

0
0
0
0
0

0
0

0
0
0
0
0

0
0

0
0
0
0
0

0
0

0
0
0
0
0

0
0

0
0
0
0
0

0
0

0
0
0
0
0

0
0

0
0
0
0
0

0
0

0
0
0
0
0

0
0

0
0
0
0
0

0
0

0
0
0
0
0

0
0

0
0
0
0
0

0
0

0
0
0
0
0

0
0

0
0
0
0
0

0
0

0
0
0
0
0

0
0

0
0
0
0
0

0
0

0
0
0
0
0

0
0

0
0
0
0
0

0
0

0
0
0
0
0

0
0

0
0
0
0
0

0
0

0
0
0
0
0

0
0

0
0
0
0
0

0
0

0
0
0
0
0

0
0

0
0
0
0
0

0
0

0
0
0
0
0

0
0

0
0
0
0
0

0
0

0
0
0
0
0

0
0

0
0
0
0
0

0
0

0
0
0
0
0

0
0

0
0
0
0
0

0
0

0
0
0
0
0

0
0

0
0
0
0
0

0
0

0
0
0
0
0

0
0

0
0
0
0
0

0
0

0
0
0
0
0

0
0

0
0
0
0
0

0
0

0
0
0
0
0

0
0

0
0
0
0
0

0
0

0
0
0
0
0

0
0

0
0
0
0
0

0
0

0
0
0
0
0

0
0

0
0
0
0
0

0
0

0
0
0
0
0

0
0

0
0
0
0
0

0
0

0
0
0
0
0

0
0

0
0
0
0
0

0
0

0
0
0
0
0

0
0

0
0
0
0
0

0
0

0
0
0
0
0

0
0

0
0
0
0
0

0
0

0
0
0
0
0

0
0

0
0
0
0
0

0
0

0
0
0
0
0

0
0

0
0
0
0
0

0
0

0
0
0
0
0

0
0

0
0
0
0
0

0
0

  -0.05746426045734903    0.01302249450943714    0.04448567172929478 -0.0001358252138701438  3.423390367202159e-05
     3.027525126662036    -0.4331520183063354     -1.594159661933184    0.00392506567139967   -0.00157400629157909

0.0001506630608009289   0.04748695575782579  -0.08626652584370992    0.6221548194783378     7.315630370191179
 -0.00951743288025652    -2.099792493164366     6.668372389078711    -46.40444808593708     -82.4555576693495

cov:
51.31215703053404 62.07014401948795 70.67066937805419   94.887824399664 107.7008527878711
62.07014401948795 81.29145717843068 96.71043609348617 139.5825691916345 163.2953456504962
70.67066937805419 96.71043609348617 117.6843404060564 175.6250074911153 208.1453265242395
  94.887824399664 139.5825691916345 175.6250074911153 290.5618008811087 328.9247668001123
107.7008527878711 163.2953456504962 208.1453265242395 328.9247668001123 418.4699822167049

cov.inverse():
   11.60386698794081   -24.40314857837183    12.57291761689704   0.1304775032738986   0.1798525341299053
  -24.40314857837194    53.52856053521168   -29.02281935890526 -0.07976950906029291  -0.1087831979039703
   12.57291761689715   -29.02281935890537    16.74495564713293  -0.1250951253411336  -0.1411331966273434
  0.1304775032738998 -0.07976950906029534  -0.1250951253411325  0.06446131386167768 0.009100997503107262
  0.1798525341298896  -0.1087831979039352  -0.1411331966273628 0.009100997503107201  0.06159627096393881

cov*(cov_.inverse()):
    0.9999999999997193  2.273736754432321e-13 -2.593480985524366e-13   1.77635683940025e-15 -8.881784197001252e-16
 3.197442310920451e-14      1.000000000000377  -1.63424829224823e-13   1.77635683940025e-15  -1.77635683940025e-15
-3.979039320256561e-13  8.064660050877137e-13      0.999999999999762  8.881784197001252e-16   1.77635683940025e-15
  1.13686837721616e-13  6.181721801112872e-13  3.410605131648481e-13      1.000000000000008  7.105427357601002e-15
 2.131628207280301e-13  3.410605131648481e-13  -1.56319401867222e-13  3.996802888650564e-15      1.000000000000004
