5
2

0.1113253951226739
0.8213613390013195
 4.173025036280796
 6.172498260618347
 30.02911545862488

   -0.3700936628716924     0.8156077990951447    -0.4447614648084831 -0.0007229542623422797  -0.001146959430650692
   -0.6135111225706271     0.1303510440292814     0.7501861693671988    -0.1311617727889532    -0.1631870351824373
    0.2057358014692341     0.1518042366218958     0.1072276022692883    -0.8203830179688228     0.5001021884349255
   -0.6369054732286804    -0.4628749955304672    -0.3202545009162977    0.03327125901257908     0.5257644288563008
     0.196618873329867     0.2837159418008871     0.3540441309582947     0.5555724919828897     0.6684596042427975

102.3694806968252
134.1587135724602
159.7027928067183
227.1785161065704
269.2678743323846

2.923390799225323
-1.38838986698447

  -0.05749092260287407    0.01309092539995198    0.04448226778769599 -0.0001361818755766025  3.491169657863016e-05
     3.028303331863828    -0.4351697173304779     -1.594212716687262   0.003926013941295173  -0.001608702884374154

0.0001508288111095912   0.04746720094985468  -0.08605675976212315    0.6219781377229523      7.31016965033642
-0.009501236628662457    -2.098673999900353     6.652215469164338    -46.38548081156205    -82.38261301623521

cov:
51.30847300016472 62.02128584887483 70.61922791229574 94.81109053129893 107.6194170106845
62.02128584887483 81.16994900245182 96.57148460200152 139.3707789095529 163.0544560371571
70.61922791229574 96.57148460200152   117.52156724098 175.3670226697537 207.8474882710372
94.81109053129893 139.3707789095529 175.3670226697537 290.1081732862381  328.425397309428
107.6194170106845 163.0544560371571 207.8474882710372  328.425397309428 417.8405132211573

cov.inverse():
   11.62289176316926   -24.46486725394497    12.60607730810825   0.1307400079319448   0.1799177909127163
  -24.46486725394508     53.7074936053604    -29.1199327816919 -0.08030138944244104  -0.1088298031442306
   12.60607730810841   -29.11993278169213    16.79890014266283  -0.1250187647412547  -0.1413787130515723
  0.1307400079319103 -0.08030138944236412  -0.1250187647412973  0.06456224777759031  0.00910464682398111
  0.1799177909127081  -0.1088298031442124  -0.1413787130515823 0.009104646823981093  0.06169231781271996

cov*(cov_.inverse()):
    0.9999999999999964 -3.748112931134528e-13  2.717825964282383e-13 -2.331468351712829e-15   1.77635683940025e-15
 5.684341886080801e-14     0.9999999999995417  4.618527782440651e-14 -4.440892098500626e-16                      0
-4.334310688136611e-13 -6.608047442568932e-13      1.000000000000192  1.554312234475219e-15   1.77635683940025e-15
  1.49213974509621e-13 -8.881784197001252e-13  4.476419235288631e-13      0.999999999999992                      0
 3.979039320256561e-13   1.49213974509621e-13   1.77635683940025e-13  1.332267629550188e-15                      1
