5
2

 8.02522521245208e-05
0.0001172284094287004
0.0005630270089007905
  0.01076665452288173
   0.5150550080106284

  0.06539538112614296    0.3115030698315006   -0.8310029794704168    0.4562005457498734 -0.002095657826342779
  -0.3948116584185022    0.8052901781716746   0.02848323514493265   -0.4413777832845106   0.00241682758889163
   0.3578190855925459   -0.1234069193245434   -0.3287435884873401   -0.5628396918914473     0.657172251779202
  -0.7162803223484338   -0.1989727683505238   0.02258437162602118    0.2824621626289064      0.60585263068886
   0.4458196948389981    0.4468267406316884    0.4472587088181655    0.4477648070079997     0.448393787358301

0.3987612316077555
0.3989202998862612
0.3989098608460633
0.3989009634175252
0.3988740566341231

0.0002057922943681961
   0.3989714158078985

0
0
0
0
0

0
0

0
0
0
0
0

0
0

0
0
0
0
0

0
0

0
0
0
0
0

0
0

0
0
0
0
0

0
0

0
0
0
0
0

0
0

0
0
0
0
0

0
0

0
0
0
0
0

0
0

0
0
0
0
0

0
0

0
0
0
0
0

0
0

0
0
0
0
0

0
0

0
0
0
0
0

0
0

0
0
0
0
0

0
0

0
0
0
0
0

0
0

0
0
0
0
0

0
0

0
0
0
0
0

0
0

0
0
0
0
0

0
0

0
0
0
0
0

0
0

0
0
0
0
0

0
0

0
0
0
0
0

0
0

0
0
0
0
0

0
0

0
0
0
0
0

0
0

0
0
0
0
0

0
0

0
0
0
0
0

0
0

0
0
0
0
0

0
0

0
0
0
0
0

0
0

0
0
0
0
0

0
0

0
0
0
0
0

0
0

0
0
0
0
0

0
0

0
0
0
0
0

0
0

0
0
0
0
0

0
0

0
0
0
0
0

0
0

0
0
0
0
0

0
0

0
0
0
0
0

0
0

0
0
0
0
0

0
0

0
0
0
0
0

0
0

0
0
0
0
0

0
0

0
0
0
0
0

0
0

0
0
0
0
0

0
0

0
0
0
0
0

0
0

0
0
0
0
0

0
0

0
0
0
0
0

0
0

0
0
0
0
0

0
0

0
0
0
0
0

0
0

0
0
0
0
0

0
0

0
0
0
0
0

0
0

0
0
0
0
0

0
0

0
0
0
0
0

0
0

0
0
0
0
0

0
0

0
0
0
0
0

0
0

0
0
0
0
0

0
0

0
0
0
0
0

0
0

0
0
0
0
0

0
0

0
0
0
0
0

0
0

0
0
0
0
0

0
0

0
0
0
0
0

0
0

0
0
0
0
0

0
0

0
0
0
0
0

0
0

0
0
0
0
0

0
0

0
0
0
0
0

0
0

0
0
0
0
0

0
0

0
0
0
0
0

0
0

0
0
0
0
0

0
0

0
0
0
0
0

0
0

0
0
0
0
0

0
0

0
0
0
0
0

0
0

0
0
0
0
0

0
0

0
0
0
0
0

0
0

0
0
0
0
0

0
0

0
0
0
0
0

0
0

0
0
0
0
0

0
0

0
0
0
0
0

0
0

0
0
0
0
0

0
0

0
0
0
0
0

0
0

0
0
0
0
0

0
0

0
0
0
0
0

0
0

0
0
0
0
0

0
0

  1.755774112914654   5.681326564380676   3.262404928809234  -10.56675940040394 -0.1326866634156654
  1.434716030698794  0.3864567509158089  0.2802285997308881  -1.130060733286114 0.02832962862031557

-3.636766611206787e-08  1.187139318898458e-07  1.494599414915455e-06 -0.0006235932699385687  -0.002772865215123409
-3.440849497508969e-09  3.457629440239244e-09   3.25943382034358e-07 -0.0001623193592867022      0.117875242338013

cov:
0.05278562654251951 0.05286171364013876  0.0528943857117536 0.05293263923724775 0.05298031143563674
0.05286171364013876 0.05296918460673887 0.05301527483789076 0.05306927759164971 0.05313633097389087
 0.0528943857117536 0.05301527483789076 0.05306713490719513 0.05312788090362736 0.05320323125196083
0.05293263923724775 0.05306927759164971 0.05312788090362736 0.05319655480952284 0.05328163462396138
0.05298031143563674 0.05313633097389087 0.05320323125196083 0.05328163462396138 0.05337941844280393

cov.inverse():
 12414980.63040137 -20110477.94997901 -9627432.239810387  16675602.13874118  647340.0546774679
-20110477.95353087  62303622.48803565 -38395986.47012299 -3580470.847594411 -216612.2044032159
-9627432.233456476 -38395986.48338671  107623642.3477739 -59194276.60331724 -405990.0037730332
 16675602.13612032 -3580470.838198095 -59194276.61033864  47490550.22875499 -1391413.981292716
 647340.0544962577 -216612.2040876755 -405990.0036613987  -1391413.98153868  1366659.540912339

cov*(cov_.inverse()):
     1.000000000298314   -4.5656634029001e-10    7.8580342233181e-10  4.802132025361061e-10 -1.455191522836685e-11
 3.637978807091713e-10      0.999999999652573  1.535227056592703e-09 -2.328306436538696e-10                      0
 2.692104317247868e-10 -2.473825588822365e-10      1.000000001316948  5.820766091346741e-11                      0
 3.637978807091713e-11 -2.673914423212409e-10  1.087755663320422e-09      1.000000000567525                      0
  2.91038304567337e-11 -1.000444171950221e-10  2.983142621815205e-10  1.309672370553017e-10                      1
