5
2

5.345269312745716e-05
8.918625244786902e-05
0.0003978361034264283
  0.01646695603177561
   0.5208157021477183

  0.01105394389529745    0.4214915775686922   -0.8175438447102588    0.3921648490525181 -0.007173109994876658
  -0.5736089977948153    0.7141249939546949    0.1913401270030802   -0.3521041488328021   0.02024437776785887
   0.3269114876456067  0.008550659994851285   -0.3066383685636769    -0.646358121954951     0.617454333992777
  -0.6047733705602403   -0.3365799182620197  -0.03303073433782316    0.3217400827379704     0.645256087637154
   0.4452286799833654      0.44610670011136    0.4470938372294165    0.4482565079114592    0.4493700462453223

0.4005277122639893
0.4005717735322532
 0.400577762879009
0.4005688142831059
 0.400594763400949

0.0003173974779544224
   0.4007527902348143

0
0
0
0
0

0
0

0
0
0
0
0

0
0

0
0
0
0
0

0
0

0
0
0
0
0

0
0

0
0
0
0
0

0
0

0
0
0
0
0

0
0

0
0
0
0
0

0
0

0
0
0
0
0

0
0

0
0
0
0
0

0
0

0
0
0
0
0

0
0

0
0
0
0
0

0
0

0
0
0
0
0

0
0

0
0
0
0
0

0
0

0
0
0
0
0

0
0

0
0
0
0
0

0
0

0
0
0
0
0

0
0

0
0
0
0
0

0
0

0
0
0
0
0

0
0

0
0
0
0
0

0
0

0
0
0
0
0

0
0

0
0
0
0
0

0
0

0
0
0
0
0

0
0

0
0
0
0
0

0
0

0
0
0
0
0

0
0

0
0
0
0
0

0
0

0
0
0
0
0

0
0

0
0
0
0
0

0
0

0
0
0
0
0

0
0

0
0
0
0
0

0
0

0
0
0
0
0

0
0

0
0
0
0
0

0
0

0
0
0
0
0

0
0

0
0
0
0
0

0
0

0
0
0
0
0

0
0

0
0
0
0
0

0
0

0
0
0
0
0

0
0

0
0
0
0
0

0
0

0
0
0
0
0

0
0

0
0
0
0
0

0
0

0
0
0
0
0

0
0

0
0
0
0
0

0
0

0
0
0
0
0

0
0

0
0
0
0
0

0
0

0
0
0
0
0

0
0

0
0
0
0
0

0
0

0
0
0
0
0

0
0

0
0
0
0
0

0
0

0
0
0
0
0

0
0

0
0
0
0
0

0
0

0
0
0
0
0

0
0

0
0
0
0
0

0
0

0
0
0
0
0

0
0

0
0
0
0
0

0
0

0
0
0
0
0

0
0

0
0
0
0
0

0
0

0
0
0
0
0

0
0

0
0
0
0
0

0
0

0
0
0
0
0

0
0

0
0
0
0
0

0
0

0
0
0
0
0

0
0

0
0
0
0
0

0
0

0
0
0
0
0

0
0

0
0
0
0
0

0
0

0
0
0
0
0

0
0

0
0
0
0
0

0
0

0
0
0
0
0

0
0

0
0
0
0
0

0
0

0
0
0
0
0

0
0

0
0
0
0
0

0
0

0
0
0
0
0

0
0

0
0
0
0
0

0
0

0
0
0
0
0

0
0

0
0
0
0
0

0
0

0
0
0
0
0

0
0

0
0
0
0
0

0
0

0
0
0
0
0

0
0

0
0
0
0
0

0
0

  0.6718802930460356    2.336711122789067    3.703484887621733   -6.584524041575058  -0.1275189177570054
  0.9960637435707459   0.5425244095888948   0.2336918805539479  -0.7410602362272486 -0.03112859598061474

-1.319088938735131e-08  3.426496351405608e-08  5.193301864910287e-07 -0.0009533850432909973  -0.003116868364601576
-6.907770473531092e-10  9.632040287636029e-10  1.136996997470757e-07 -0.0002850520273503603      0.120382687759504

cov:
 0.0538684993030993 0.05393053231443483 0.05399995350839391 0.05408217253945111 0.05416366220280647
0.05393053231443483 0.05401230811867574 0.05410404864683716 0.05421235773048842 0.05431757947985982
0.05399995350839391 0.05410404864683716 0.05422106108743898 0.05435889780800429 0.05449098333070514
0.05408217253945111 0.05421235773048842 0.05435889780800429  0.0545312549111964 0.05469474287235854
0.05416366220280647 0.05431757947985982 0.05449098333070514 0.05469474287235854 0.05488720190910606

cov.inverse():
 42084636.16269823 -49849387.63693143 -17594527.88312569  25573124.60187696 -213752.7619622505
-49849387.64111697  126293113.1227814 -103441793.6674814  26204859.47260084  791918.4339067341
-17594527.87599529 -103441793.6775575  239125207.8112678 -119430065.7978626  1343135.353904693
 25573124.59963144  26204859.47755066 -119430065.8008892  72053153.08368418 -4401491.925726617
-213752.7626614963   791918.434847324  1343135.353985517 -4401491.926048787  2479872.140245528

cov*(cov_.inverse()):
    0.9999999999145075  7.930793799459934e-10  1.178705133497715e-09 -2.328306436538696e-10                      0
-6.002665031701326e-11      1.000000000618456  1.484295353293419e-09 -2.328306436538696e-10   2.91038304567337e-11
 -4.18367562815547e-11  1.964508555829525e-10      1.000000000945874 -2.619344741106033e-10                      0
-8.731149137020111e-11  9.604264050722122e-10  1.120497472584248e-09      1.000000000116415                      0
 2.000888343900442e-11  4.365574568510056e-11 -7.275957614183426e-11  2.328306436538696e-10                      1
