5
2

 7.93264590102448e-05
0.0006200553876928394
0.0008970000457727209
  0.01524997732189111
    0.521332043789172

    0.428338806397338   -0.8150337171823612    0.3901637906959148 0.0007269031918349655 -0.004194619357092061
   0.3734006530679072  -0.03821986026460351   -0.4821221980570345   -0.4814452710383559    0.6283946464645231
   0.2995951875796284    -0.149539381158714   -0.6443724553489414    0.6657986524012747   -0.1713971712427588
  -0.6235590181381241   -0.3356860456828829  -0.01074122823353185    0.3522867158897755    0.6117742438645488
   0.4455498779040465    0.4463318657162128    0.4472126645948885    0.4481251464432645    0.4488405704669718

0.4021510456137841
0.4022249955004599
  0.40226844412268
0.4023567647102805
0.4023678906182718

-0.0001111072868575718
    0.4023203054376511

0
0
0
0
0

0
0

0
0
0
0
0

0
0

0
0
0
0
0

0
0

0
0
0
0
0

0
0

0
0
0
0
0

0
0

0
0
0
0
0

0
0

0
0
0
0
0

0
0

0
0
0
0
0

0
0

0
0
0
0
0

0
0

0
0
0
0
0

0
0

0
0
0
0
0

0
0

0
0
0
0
0

0
0

0
0
0
0
0

0
0

0
0
0
0
0

0
0

0
0
0
0
0

0
0

0
0
0
0
0

0
0

0
0
0
0
0

0
0

0
0
0
0
0

0
0

0
0
0
0
0

0
0

0
0
0
0
0

0
0

0
0
0
0
0

0
0

0
0
0
0
0

0
0

0
0
0
0
0

0
0

0
0
0
0
0

0
0

0
0
0
0
0

0
0

0
0
0
0
0

0
0

0
0
0
0
0

0
0

0
0
0
0
0

0
0

0
0
0
0
0

0
0

0
0
0
0
0

0
0

0
0
0
0
0

0
0

0
0
0
0
0

0
0

0
0
0
0
0

0
0

0
0
0
0
0

0
0

0
0
0
0
0

0
0

0
0
0
0
0

0
0

0
0
0
0
0

0
0

0
0
0
0
0

0
0

0
0
0
0
0

0
0

0
0
0
0
0

0
0

0
0
0
0
0

0
0

0
0
0
0
0

0
0

0
0
0
0
0

0
0

0
0
0
0
0

0
0

0
0
0
0
0

0
0

0
0
0
0
0

0
0

0
0
0
0
0

0
0

0
0
0
0
0

0
0

0
0
0
0
0

0
0

0
0
0
0
0

0
0

0
0
0
0
0

0
0

0
0
0
0
0

0
0

0
0
0
0
0

0
0

0
0
0
0
0

0
0

0
0
0
0
0

0
0

0
0
0
0
0

0
0

0
0
0
0
0

0
0

0
0
0
0
0

0
0

0
0
0
0
0

0
0

0
0
0
0
0

0
0

0
0
0
0
0

0
0

0
0
0
0
0

0
0

0
0
0
0
0

0
0

0
0
0
0
0

0
0

0
0
0
0
0

0
0

0
0
0
0
0

0
0

0
0
0
0
0

0
0

0
0
0
0
0

0
0

0
0
0
0
0

0
0

0
0
0
0
0

0
0

0
0
0
0
0

0
0

0
0
0
0
0

0
0

0
0
0
0
0

0
0

0
0
0
0
0

0
0

0
0
0
0
0

0
0

0
0
0
0
0

0
0

0
0
0
0
0

0
0

    3.06149508474615    5.684097905649294   -8.685028851121082  0.05707887553460218  -0.1175624995659004
   1.307499058672839   0.9029849180396888   -1.199639786753393 -0.03650707550199223  0.02574999217126286

-4.222030240248866e-08   1.92688323915571e-06  4.603779252885979e-06  -0.000878065228880612  -0.002772350764218567
 -4.05312682940149e-09  4.097818451077698e-07  8.054005095601618e-07 -0.0002564329841282225      0.120752504275998

cov:
0.05404428590690931 0.05409706359193079 0.05415642171269636 0.05421458844518844 0.05426355016698668
0.05409706359193079 0.05416951724710179 0.05425105669942979  0.0543332509275592 0.05439986388418798
0.05415642171269636 0.05425105669942979 0.05435764492184295 0.05446696681142389 0.05455350431928255
0.05421458844518844  0.0543332509275592 0.05446696681142389 0.05460854625732257 0.05471628654738031
0.05426355016698668 0.05439986388418798 0.05455350431928255 0.05471628654738031  0.0548408627269896

cov.inverse():
 29632600.66777694 -55570674.50328831  25850031.58248731 -171140.2423428555   259320.591636349
-55570674.50280531  105595877.2001799  -50366614.5758687 -170537.5509483379  511794.3663987225
 25850031.58180532  -50366614.5750109  25311848.23552987  115578.9980363616 -910846.0645417293
-171140.2424730111 -170537.5507015995  115578.9979191444  1154436.807046422  -928282.949750295
  259320.591965499  511794.3657771676 -910846.0642486893  -928282.949750929  1067996.342088216

cov*(cov_.inverse()):
    0.9999999997744453  1.255102688446641e-09 -2.182787284255028e-11                      0  1.455191522836685e-11
-4.911271389573812e-10     0.9999999997125997  2.255546860396862e-10                      0  1.455191522836685e-11
-6.693881005048752e-10   8.36735125631094e-11     0.9999999998181011                      0  7.275957614183426e-12
-3.910827217623591e-10   8.62200977280736e-10  1.236912794411182e-10      1.000000000007276                      0
 -4.18367562815547e-11  2.837623469531536e-10 -5.820766091346741e-11                      0      1.000000000007276
