5
2

7.932497766719761e-05
0.0006200239801373903
0.0008970299548176131
  0.01525030802656049
   0.5213289216713708

   0.4283417433180405   -0.8150347154061298    0.3901585904362685 0.0007205282559678283 -0.004185542011257475
   0.3733875495501191   -0.0382016875316128   -0.4821015712926424   -0.4814712671715679    0.6283994452225945
   0.2996180960333749   -0.1495370227471859    -0.644388800799356    0.6657778481998859   -0.1713785447713345
  -0.6235518324744989   -0.3356831995777217  -0.01074792909686812    0.3522949465578574    0.6117782722432067
    0.445552687702868     0.446334529363075    0.4472157250035444    0.4481216656259362    0.4488355584010519

0.4021511985384007
0.4022249397671129
0.4022684628755333
0.4023583222400728
0.4023698537201748

-0.0001111072868575718
    0.4023203054376511

   3.062118553239159     5.68290321398491   -8.684385707960619  0.05699341632573609  -0.1175436694818076
   1.308061773128264   0.9020855707280176   -1.199366705417765 -0.03654932158522625  0.02585634955147986

-4.220904393692579e-08  1.926650881149204e-06  4.604177210759839e-06 -0.0008780839752027909  -0.002772347843108771
-4.046118277884075e-09  4.098078365769147e-07  8.055617961451358e-07 -0.0002564399034121951     0.1207517773028406

cov:
0.05404432202192432 0.05409708076379119 0.05415648619628465 0.05421385639424153 0.05426263157402283
0.05409708076379119 0.05416951567538965 0.05425110247730919  0.0543325003854378 0.05439892670057175
0.05415648619628465 0.05425110247730919  0.0543577378779752 0.05446626344428689 0.05455261401001384
0.05421385639424153  0.0543325003854378 0.05446626344428689 0.05460704726476398 0.05471460042389104
0.05426263157402283 0.05439892670057175 0.05455261401001384 0.05471460042389104 0.05483898901081379

cov.inverse():
 29634110.14461449 -55573179.20603369  25850832.10205955 -171633.5153550036  259977.3503007526
-55573179.20588856  105600072.0107354 -50367916.88579921  -169716.709395584  510656.4246281837
 25850832.10189052 -50367916.88561124  25312108.04473669  115291.4254161365 -910362.2190106177
-171633.5154792269 -169716.7091556602  115291.4252975704   1154490.37491021 -928376.6178092578
 259977.3504488785  510656.4243454337 -910362.2188731282 -928376.6178121236  1068093.684737107

cov*(cov_.inverse()):
    0.9999999995707185  1.178705133497715e-09 -4.583853296935558e-10                      0                      0
 2.855813363566995e-10      1.000000000512955 -1.382431946694851e-10 -7.275957614183426e-12  7.275957614183426e-12
-4.765752237290144e-10 -8.731149137020111e-11     0.9999999995925464  7.275957614183426e-12  7.275957614183426e-12
 1.546140993013978e-10  3.274180926382542e-11  2.182787284255028e-11      1.000000000014552                      0
-1.000444171950221e-10  6.184563972055912e-10 -3.274180926382542e-10                      0                      1
