5
2

7.954122668793959e-05
0.0001159849603743188
0.0001538892445071391
 0.008789521868699929
   0.5754303394025228

0.03260939529705476 0.03743362611971521  0.3121828578602658  -0.834164823889299  0.4519361247099218
-0.2598481478120825 -0.1770233057080715  0.8348196521305556 0.05105949528052697 -0.4490108747827075
 0.6084162170275222 -0.7867474096527376 0.05798766010543202 0.04889135577967001 0.07145129017833303
-0.6014467835000031 -0.3854949646555852 0.04706623470476556  0.3145063353326804  0.6233184847483775
 0.4466621104284641  0.4468597302304294  0.4472585521832174   0.447501256861996  0.4477853874479206

 0.403762782216147
0.4039705777423764
 0.404011707933183
0.4040354540611857
0.4040642457761277

-0.0006067149763072217
    0.4038727188270363

-0.1713693807423811   1.835604481125799   6.589149525089411   3.709487719268915    -11.962893435204
 0.7742663576846119  0.6873859647423175  0.3797281024883848  0.6619923085300659  -1.503254573940064

-4.036909680158358e-08  1.450343542001612e-07 -4.356839356730243e-08 -0.0005086866825369888  -0.002000450182517929
-6.719457435101241e-09  9.455879133354889e-09 -2.906885727576375e-09 -0.0001113715819203705     0.1476610611964127

cov:
0.06608874246395728 0.06610791556112103 0.06614681049914087 0.06617028194518784  0.0661979578390739
0.06610791556112103 0.06613075061237284 0.06617686151142667 0.06620481007035595 0.06623765536316785
0.06614681049914087 0.06617686151142667 0.06623751147813096 0.06627441650914467  0.0663176150312807
0.06617028194518784 0.06620481007035595 0.06627441650914467 0.06631688327701001 0.06636648102448339
 0.0661979578390739 0.06623765536316785  0.0663176150312807 0.06636648102448339 0.06642348682932921

cov.inverse():
  20822910.7212826 -16597162.71732973 -13026894.24138994 -4032055.510615352  12833244.86023322
-16597162.71343615  28689780.70578967 -11065084.54298468 -7233187.444336388  6205721.871508945
-13026894.25278244 -11065084.52213186  67352247.02365208 -37871597.48297939 -5389007.703614532
-4032055.502074341 -7233187.467799301  -37871597.4600643  110277398.1905093 -61140205.19726879
 12833244.85919127  6205721.878012446 -5389007.717069333 -61140205.18927546  47490134.71169829

cov*(cov_.inverse()):
     1.000000000116415                      0 -7.566995918750763e-10 -4.656612873077393e-10                      0
 3.492459654808044e-10      1.000000000116415 -5.820766091346741e-11 -4.656612873077393e-10                      0
 1.164153218269348e-10 -1.164153218269348e-10      1.000000000174623 -4.656612873077393e-10 -4.656612873077393e-10
 3.492459654808044e-10 -4.656612873077393e-10  2.328306436538696e-10                      1                      0
 4.656612873077393e-10 -1.164153218269348e-10 -3.492459654808044e-10 -4.656612873077393e-10                      1
