5
2

7.951933247364055e-05
0.0001159491979810022
0.0001538188021962946
 0.008789363872878616
   0.5754293734886732

0.03258058056231025 0.03749266016889419   0.312149033794805 -0.8341707453798634  0.4519457428243521
-0.2600824477167684 -0.1767204672179074  0.8348086634575772 0.05101175699084467  -0.449020370273799
 0.6083256265002541 -0.7868083165775799 0.05832853872449374 0.04885256919030592 0.07130086367779433
-0.6014385132384851  -0.385503584368307  0.0470657526075065  0.3145045687176896  0.6233220615539431
 0.4466623703609149  0.4468599739328713   0.447258395805934  0.4475011407139835  0.4477851572362223

 0.403762901447753
 0.403970612306441
0.4040116250642767
0.4040354689621915
0.4040642468699292

-0.0006067149763072217
    0.4038727188270363

0
0
0
0
0

0
0

0
0
0
0
0

0
0

0
0
0
0
0

0
0

0
0
0
0
0

0
0

0
0
0
0
0

0
0

0
0
0
0
0

0
0

0
0
0
0
0

0
0

0
0
0
0
0

0
0

0
0
0
0
0

0
0

0
0
0
0
0

0
0

0
0
0
0
0

0
0

0
0
0
0
0

0
0

0
0
0
0
0

0
0

0
0
0
0
0

0
0

0
0
0
0
0

0
0

0
0
0
0
0

0
0

0
0
0
0
0

0
0

0
0
0
0
0

0
0

0
0
0
0
0

0
0

0
0
0
0
0

0
0

0
0
0
0
0

0
0

0
0
0
0
0

0
0

0
0
0
0
0

0
0

0
0
0
0
0

0
0

0
0
0
0
0

0
0

0
0
0
0
0

0
0

0
0
0
0
0

0
0

0
0
0
0
0

0
0

0
0
0
0
0

0
0

0
0
0
0
0

0
0

0
0
0
0
0

0
0

0
0
0
0
0

0
0

0
0
0
0
0

0
0

0
0
0
0
0

0
0

0
0
0
0
0

0
0

0
0
0
0
0

0
0

0
0
0
0
0

0
0

0
0
0
0
0

0
0

0
0
0
0
0

0
0

0
0
0
0
0

0
0

0
0
0
0
0

0
0

0
0
0
0
0

0
0

0
0
0
0
0

0
0

0
0
0
0
0

0
0

0
0
0
0
0

0
0

0
0
0
0
0

0
0

0
0
0
0
0

0
0

0
0
0
0
0

0
0

0
0
0
0
0

0
0

0
0
0
0
0

0
0

0
0
0
0
0

0
0

0
0
0
0
0

0
0

0
0
0
0
0

0
0

0
0
0
0
0

0
0

0
0
0
0
0

0
0

0
0
0
0
0

0
0

0
0
0
0
0

0
0

0
0
0
0
0

0
0

0
0
0
0
0

0
0

0
0
0
0
0

0
0

0
0
0
0
0

0
0

0
0
0
0
0

0
0

0
0
0
0
0

0
0

0
0
0
0
0

0
0

0
0
0
0
0

0
0

0
0
0
0
0

0
0

0
0
0
0
0

0
0

0
0
0
0
0

0
0

0
0
0
0
0

0
0

0
0
0
0
0

0
0

0
0
0
0
0

0
0

0
0
0
0
0

0
0

0
0
0
0
0

0
0

0
0
0
0
0

0
0

0
0
0
0
0

0
0

0
0
0
0
0

0
0

0
0
0
0
0

0
0

-0.1698389448927251   1.835056302665963   6.585831925957255   3.711570162475877  -11.96264407591893
 0.7751496846610683  0.6876730166822372  0.3816372979106759  0.6539923187065277  -1.498333765767145

-4.036507020303337e-08  1.449097548880974e-07  -4.34079957164687e-08 -0.0005086780262858069  -0.002000425031447765
-6.655561781097762e-09  9.432584351640974e-09 -2.890010504722253e-09 -0.0001113681269116578     0.1476608182757772

cov:
0.06608859579005054 0.06610776770904726 0.06614660392588759 0.06617008189538336 0.06619774126573186
0.06610776770904726 0.06613060084391241 0.06617665232456015 0.06620460688389498 0.06623743514694716
0.06614660392588759 0.06617665232456015 0.06623724277424303 0.06627415358630367 0.06631733502999772
0.06617008189538336 0.06620460688389498 0.06627415358630367 0.06631662588075227 0.06636620639636415
0.06619774126573186 0.06623743514694716 0.06631733502999772 0.06636620639636415 0.06642319492966337

cov.inverse():
 20844525.19491386 -16614657.29648639 -13041982.78897248 -4031261.287364222  12843418.04267074
-16614657.30069076  28712066.54417896 -11062431.57444552 -7242689.381243639  6207770.332351123
-13041982.78472236 -11062431.59183115   67389794.4735563 -37890428.91410637 -5395263.736079293
-4031261.281567903 -7242689.365483283 -37890428.95401437  110339221.0174474 -61174499.21160201
 12843418.03682862  6207770.329772172 -5395263.709306852 -61174499.22995352  47518459.59264457

cov*(cov_.inverse()):
    0.9999999997671694  5.820766091346741e-11  9.313225746154785e-10 -9.313225746154785e-10                      0
-1.164153218269348e-10     0.9999999995343387                      0                      0 -4.656612873077393e-10
-2.328306436538696e-10                      0     0.9999999999417923                      0                      0
-3.492459654808044e-10  1.746229827404022e-10  3.492459654808044e-10                      1                      0
-2.328306436538696e-10  1.164153218269348e-10                      0                      0                      1
