5
2

0.03656859670875135
 0.5230379979075339
  1.561506575477263
  7.413627703833677
  20.99919534519801

    -0.433038706387415     0.8159538777569918    -0.3830100919355133 -2.895697156952099e-05  0.0001295402882775471
   -0.4731544828378088     0.1267709341272029     0.8049876481700979    -0.2826411391429658    -0.1793400077744601
    0.1872183505416974    0.07560633499002084   -0.05034810849452633    -0.7893738193805594     0.5775699200766903
   -0.7032241079525134    -0.4558870491136399    -0.1759759858716292     0.1600197642530741     0.4909877594092846
    0.2429556695276701     0.3234178105696722      0.414482419574891     0.5209574204773355      0.627041587427522

31.28684511252508
50.69420474981256
72.65037876468757
98.40335501866905
121.8439917569254

  1.450019314979861
-0.7713654103683268

  -0.03760634595254195   0.004788814502459601    0.03275355660751059  3.075555975908884e-05  3.222622797616247e-05
     1.660035728840817     0.2181632626000882    -0.8765251472205646 -0.0007780335623601697  -0.000934744794133191

 1.022673419916842e-05    0.01224286619057522   -0.02031905422885715      1.017862903746098      2.656431508735749
-0.0002743135255757857     -0.400231340290273     0.9058034869727793      -61.1819674154522      48.31987143244974

cov:
53.35604878912429 52.28734647332168 51.08027630759947 49.30429154867307 48.48819198899669
52.28734647332168 57.56677598370788 63.53950305334051 70.13218804023536  77.2242334733496
51.08027630759947 63.53950305334051 77.64177292051436 93.70377215453448 109.7468908225614
49.30429154867307 70.13218804023536 93.70377215453448 122.6253030809992 147.2673183844257
48.48819198899669  77.2242334733496 109.7468908225614 147.2673183844257 187.4513888972688

cov.inverse():
     141.070536371206    -264.4335559470696     122.6345093255375    0.4358524681492789      0.30664206438367
   -264.4335559470664     497.9335877152987    -233.3270516117563   -0.1740655919092287   0.01023214224208064
    122.6345093255324    -233.3270516117495     112.0700000636394   -0.8071129063826742   -0.5777264819860983
   0.4358524681504988   -0.1740655919115206   -0.8071129063816049    0.5486475061727746 0.0004730229057746284
   0.3066420643843807   0.01023214224073906   -0.5777264819854648 0.0004730229057720272    0.2596691119982391

cov*(cov_.inverse()):
    0.9999999999989733 -1.604827382095664e-13 -3.552713678800501e-13 -1.925543058334256e-15  -1.77635683940025e-15
-1.040945107888547e-12     0.9999999999969966 -2.700062395888381e-13 -8.118505867571457e-16                      0
-2.003730514843483e-12  1.886268918838141e-12     0.9999999999999787 -3.351485755587191e-15  3.552713678800501e-15
 -2.19557705349871e-12   -1.9506618542664e-12 -3.694822225952521e-13      0.999999999999994  7.105427357601002e-15
-9.450218385609332e-13  -4.18243217836789e-12 -5.968558980384842e-13 -4.773959005888173e-15                      1
