5
1

0.001593006488577156
 0.00170357137030698
0.001793117686297473
 0.07990322476955727
  0.5516464810419116

 -0.4301271196172419   0.1225751087843655   0.2267330261425027   0.6507603554700235  -0.5701483125302296
 -0.4463081265767157   0.2953910866068976   0.6485455026735706  -0.5395908158379394  0.04223321595630901
  0.2777153915240399  -0.7637859915010902   0.5708188137511886   0.0293932122959647   -0.113168199755745
 -0.6061350738628667  -0.3622514559694369 -0.07411600296813825   0.2650214091589007   0.6524144585098783
  0.4138528128033731   0.4279302402196144   0.4434563854426523   0.4628740681548611   0.4844539091391727

0.4003267276674243
0.4006482629753001
 0.400496871956572
0.4004899370884153
0.4005224184957338

-0.0001887055173167861

0
0
0
0
0

0

0
0
0
0
0

0

0
0
0
0
0

0

0
0
0
0
0

0

0
0
0
0
0

0

0
0
0
0
0

0

0
0
0
0
0

0

0
0
0
0
0

0

0
0
0
0
0

0

0
0
0
0
0

0

0
0
0
0
0

0

0
0
0
0
0

0

0
0
0
0
0

0

0
0
0
0
0

0

0
0
0
0
0

0

0
0
0
0
0

0

0
0
0
0
0

0

0
0
0
0
0

0

0
0
0
0
0

0

0
0
0
0
0

0

0
0
0
0
0

0

0
0
0
0
0

0

0
0
0
0
0

0

0
0
0
0
0

0

0
0
0
0
0

0

0
0
0
0
0

0

0
0
0
0
0

0

0
0
0
0
0

0

0
0
0
0
0

0

0
0
0
0
0

0

0
0
0
0
0

0

0
0
0
0
0

0

0
0
0
0
0

0

0
0
0
0
0

0

0
0
0
0
0

0

0
0
0
0
0

0

0
0
0
0
0

0

0
0
0
0
0

0

0
0
0
0
0

0

0
0
0
0
0

0

0
0
0
0
0

0

0
0
0
0
0

0

0
0
0
0
0

0

0
0
0
0
0

0

0
0
0
0
0

0

0
0
0
0
0

0

0
0
0
0
0

0

0
0
0
0
0

0

0
0
0
0
0

0

0
0
0
0
0

0

0
0
0
0
0

0

0
0
0
0
0

0

0
0
0
0
0

0

0
0
0
0
0

0

0
0
0
0
0

0

0
0
0
0
0

0

0
0
0
0
0

0

0
0
0
0
0

0

0
0
0
0
0

0

0
0
0
0
0

0

0
0
0
0
0

0

0
0
0
0
0

0

0
0
0
0
0

0

0
0
0
0
0

0

0
0
0
0
0

0

0
0
0
0
0

0

0
0
0
0
0

0

0
0
0
0
0

0

0
0
0
0
0

0

0
0
0
0
0

0

0
0
0
0
0

0

0
0
0
0
0

0

0
0
0
0
0

0

0
0
0
0
0

0

0
0
0
0
0

0

0
0
0
0
0

0

0
0
0
0
0

0

 2.092445061625977 0.9856453917351145  0.163159166162677 -1.112848640351768 -2.126224319819462

-6.449304087999808e-07  -7.61021006872471e-08   4.15821873861242e-07   -0.02119379401328407   -0.05631654538005364

cov:
0.05446806291333172 0.05529469469865776 0.05613564471040553 0.05726929973887068 0.05848837477680578
0.05529469469865776 0.05656723956340817 0.05791979023657835 0.05966454454268434 0.06157928645049599
0.05613564471040553 0.05791979023657835 0.05988187190364053 0.06233882223840415 0.06506783828044467
0.05726929973887068 0.05966454454268434 0.06233882223840415 0.06565031966499291  0.0693425762897104
0.05848837477680578 0.06157928645049599 0.06506783828044467  0.0693425762897104 0.07413952642524835

cov.inverse():
 165586.1890799036 -132139.0098648579 -88855.68047375514 -24806.58005588328  80307.47375173405
  -132139.00986488  217444.6717382331 -58630.04656869375 -30484.90949308136   3605.91397215887
-88855.68047357396 -58630.04656897995  266529.6081506304 -57223.18403452724 -61601.17123734702
-24806.58005616476 -30484.90949261775 -57223.18403468814  267486.3144907229 -155067.9686447369
 80307.47375185677  3605.913971958813 -61601.17123729127 -155067.9686447151  132762.7075166533

cov*(cov_.inverse()):
    0.9999999999990905 -8.526512829121202e-13 -1.364242052659392e-12  3.637978807091713e-12 -9.094947017729282e-13
                     0     0.9999999999985505 -9.094947017729282e-13                      0                      0
 9.094947017729282e-13 -4.831690603168681e-13     0.9999999999990905  1.818989403545856e-12  1.818989403545856e-12
 1.818989403545856e-12 -1.449507180950604e-12                      0                      1  1.818989403545856e-12
 9.094947017729282e-13 -9.663381206337363e-13                      0                      0                      1
