5
1

0.001778492651565575
0.001899370244402844
 0.00199233978098728
  0.0877583525117674
  0.5607036464982899

 -0.4217497704549646   0.1159405994559753   0.2163917357412548   0.6601691807465031  -0.5709957775801422
 -0.4662722352036214   0.3331714515722075   0.6248847081215537  -0.5288740627651153  0.03739403462650413
  0.2570620653160886  -0.7490158566188676   0.6005412123108727 0.003254761111592581  -0.1106074136539911
 -0.6109928174884131  -0.3674866871117717 -0.07912150801599731   0.2594003277864744   0.6466007799923612
  0.4066007935953903   0.4236547445552529   0.4424745840657849   0.4660147583512649   0.4921777519535454

0.4001380259976517
0.4006015550393404
0.4005014373367163
 0.400603854905105
0.4007524954255842

-0.001345474379794629

 2.097121897160857 0.9651458356844368 0.1830160774078657 -1.109193178573554  -2.13325243797009

-7.816967483054177e-07 -1.264615726300649e-07  6.288868669760476e-07   -0.02555038229406034   -0.07051100058809812

cov:
0.05485272597869562 0.05588381767882839 0.05693339728226628 0.05835035117379977 0.05987335506420832
0.05588381767882839 0.05747024717226502 0.05915714449287306  0.0613349766091171 0.06372439301950968
0.05693339728226628 0.05915714449287306 0.06160337895439127 0.06466802649487699 0.06807175254521752
0.05835035117379977  0.0613349766091171 0.06466802649487699 0.06879630288973607 0.07339932389362282
0.05987335506420832 0.06372439301950968 0.06807175254521752 0.07339932389362282  0.0793781926982105

cov.inverse():
 133195.6196119597 -106997.6152035521 -70719.18094654483 -19478.82095866807  64088.13502347281
-106997.6152033209  176373.8832673074 -47674.29295064837 -25270.33954639531  3364.728410696056
-70719.18094687547 -47674.29295027833  213900.6537362166 -45953.55083564028 -49326.17717636687
-19478.82095865557 -25270.33954633655 -45953.55083574421  215331.2587948403 -124724.8182230962
 64088.13502355912  3364.728410498928 -49326.17717622316 -124724.8182231288   106601.692859679

cov*(cov_.inverse()):
    0.9999999999990905  1.335820343228988e-12 -4.547473508864641e-13                      0 -1.818989403545856e-12
-4.547473508864641e-13      1.000000000001961 -4.092726157978177e-12                      0 -1.818989403545856e-12
-1.818989403545856e-12  9.379164112033322e-13     0.9999999999995453 -1.818989403545856e-12 -2.728484105318785e-12
-9.094947017729282e-13  7.389644451905042e-13 -1.818989403545856e-12      0.999999999998181 -1.818989403545856e-12
-9.094947017729282e-13  3.410605131648481e-13 -9.094947017729282e-13                      0                      1
