5
2

0.0002298790062243911
0.0008864971338518814
 0.002488662767371476
  0.09603820426291171
   0.5639500215355705

  -0.388306258987505   0.8053924270653456  -0.4472549039358533 0.009288717970115969  0.02092984187046468
 -0.5546571340858972   0.1662035315306432   0.7667233918815091  -0.1378592362032988  -0.2405450499376742
  0.1610872588100519   0.1233768748696913  0.08704925892016732  -0.8499421271420099   0.4783825339905474
 -0.5942278830704952  -0.3624784882468801  -0.1006979601601636   0.2071931791486983   0.6800246141674967
   0.403135003279756    0.420840726211448   0.4408861968672601   0.4643036912791946   0.5004165224779151

0.4003634187040217
0.4002575052556442
0.4000966055885465
0.3999363957770011
0.3996101383433651

0.00219175381677411
 0.4008250339841901

0
0
0
0
0

0
0

0
0
0
0
0

0
0

0
0
0
0
0

0
0

0
0
0
0
0

0
0

0
0
0
0
0

0
0

0
0
0
0
0

0
0

0
0
0
0
0

0
0

0
0
0
0
0

0
0

0
0
0
0
0

0
0

0
0
0
0
0

0
0

0
0
0
0
0

0
0

0
0
0
0
0

0
0

0
0
0
0
0

0
0

0
0
0
0
0

0
0

0
0
0
0
0

0
0

0
0
0
0
0

0
0

0
0
0
0
0

0
0

0
0
0
0
0

0
0

0
0
0
0
0

0
0

0
0
0
0
0

0
0

0
0
0
0
0

0
0

0
0
0
0
0

0
0

0
0
0
0
0

0
0

0
0
0
0
0

0
0

0
0
0
0
0

0
0

0
0
0
0
0

0
0

0
0
0
0
0

0
0

0
0
0
0
0

0
0

0
0
0
0
0

0
0

0
0
0
0
0

0
0

0
0
0
0
0

0
0

0
0
0
0
0

0
0

0
0
0
0
0

0
0

0
0
0
0
0

0
0

0
0
0
0
0

0
0

0
0
0
0
0

0
0

0
0
0
0
0

0
0

0
0
0
0
0

0
0

0
0
0
0
0

0
0

0
0
0
0
0

0
0

0
0
0
0
0

0
0

0
0
0
0
0

0
0

0
0
0
0
0

0
0

0
0
0
0
0

0
0

0
0
0
0
0

0
0

0
0
0
0
0

0
0

0
0
0
0
0

0
0

0
0
0
0
0

0
0

0
0
0
0
0

0
0

0
0
0
0
0

0
0

0
0
0
0
0

0
0

0
0
0
0
0

0
0

0
0
0
0
0

0
0

0
0
0
0
0

0
0

0
0
0
0
0

0
0

0
0
0
0
0

0
0

0
0
0
0
0

0
0

0
0
0
0
0

0
0

0
0
0
0
0

0
0

0
0
0
0
0

0
0

0
0
0
0
0

0
0

0
0
0
0
0

0
0

0
0
0
0
0

0
0

0
0
0
0
0

0
0

0
0
0
0
0

0
0

0
0
0
0
0

0
0

0
0
0
0
0

0
0

0
0
0
0
0

0
0

0
0
0
0
0

0
0

0
0
0
0
0

0
0

0
0
0
0
0

0
0

0
0
0
0
0

0
0

0
0
0
0
0

0
0

0
0
0
0
0

0
0

0
0
0
0
0

0
0

0
0
0
0
0

0
0

0
0
0
0
0

0
0

  0.8000519834690556    7.760973920195628   -7.695386040821618  -0.1365656071825172  -0.7281815805413179
   1.518224458130921   0.2830661534143644  -0.7216392336655728 -0.01658503740708611 -0.06292732035719184

  4.94900847864167e-07 -3.819440406673823e-06  1.141134015693421e-06   -0.02801280893798122   -0.07376249654396518
 -2.12810303663641e-09 -1.045941100586707e-06  1.242808748883654e-06  -0.009023536439783823     0.1188908598604915

cov:
0.05494434341721777  0.0559439055711828 0.05707896406492943 0.05839336056542498 0.06043338394084059
 0.0559439055711828 0.05753902823770034 0.05934679146290872 0.06145090804613994 0.06470459795044987
0.05707896406492943 0.05934679146290872 0.06191479060755233 0.06491135341763718 0.06953657044452288
0.05839336056542498 0.06145090804613994 0.06491135341763718 0.06896275833847391 0.07519203629531454
0.06043338394084059 0.06470459795044987 0.06953657044452288 0.07519203629531454 0.08390907503096633

cov.inverse():
 3249012.895552256 -6032184.228110822  2747611.513263011  6924.700698294851  28376.52070397799
-6032184.228063969  12312480.14084898 -6652649.326239454   95473.4495679785   277619.597081095
 2747611.513191257 -6652649.326144915  4534660.085105585 -225063.1175859483 -405107.7654536163
 6924.700713496649  95473.44953810253 -225063.1175708675  142461.1984333947 -19758.10765921403
 28376.52071369055  277619.5970632658 -405107.7654459085 -19758.10765880581  118918.0482771105

cov*(cov_.inverse()):
    0.9999999999718057  -2.91038304567337e-11  7.275957614183426e-12 -6.821210263296962e-13 -1.818989403545856e-12
-3.524291969370097e-11     0.9999999999563443  2.182787284255028e-11  1.364242052659392e-12  1.818989403545856e-12
 -3.61524143954739e-11 -2.182787284255028e-11     0.9999999999490683  2.046363078989089e-12                      0
-2.728484105318785e-11  -2.91038304567337e-11  2.546585164964199e-11     0.9999999999984084 -5.456968210637569e-12
-3.910827217623591e-11 -4.365574568510056e-11                      0  2.273736754432321e-13      0.999999999998181
