5
2

0.873806144624641
 2.81250328613626
 3.71994960004565
 6.46466902093908
18.40947695474543

  -0.400180686314103   0.8710801153944876 -0.09779967878820202  -0.1847041590141511   -0.193376439457601
 -0.2720311277282732  -0.1088938998812018   0.8047299213427219   0.1627122020896032   -0.489975180088171
-0.06064088987306794 0.003128359932187068  -0.4310725043522902    0.802195677536596  -0.4086214467848978
 -0.8552356082623742  -0.2959856740023026  -0.1010787930042542  0.08785840706496455   0.4037678950316622
  0.1753545570652404   0.3764893694150286   0.3831508190268016   0.5368166429830911   0.6265220472811651

52.71300734958039
 129.070899172788
154.8726012279181
180.5723025027395
214.6494232562576

 2.43783461876963
-1.18263083928439

  -0.03202519917312231    0.03192440916723001  1.082793057346262e-05  6.164743178983106e-05 -2.408949293327464e-05
     1.709571157255059    -0.7074766364214209 -8.542536417536009e-05  -0.001431102151898664  0.0006485787601191728

0.03101243460762069 0.04165517975658472 0.02901192846374472   0.749518405460985   2.177687759622672
-0.9927960298960071  -3.074179217481413  -1.484257991250959  -52.34601677346014   11.19383334176272

cov:
41.74750312065971 32.91910707809797 25.04309320781951 27.79550514754833 24.25857106759193
32.91910707809797 52.37295718114651 49.36179761652445 67.18036122068906 75.22265192207755
25.04309320781951 49.36179761652445 57.88163047581102  65.6005151769172 78.98324643507821
27.79550514754833 67.18036122068906  65.6005151769172 107.1271609652996 110.3275018606543
24.25857106759193 75.22265192207755 78.98324643507821 110.3275018606543 144.0832724944667

cov.inverse():
  0.2369536616508021  -0.4465624258393005  0.02773929486457503  0.08617483008970368   0.1120536694558961
 -0.4465624258393004   0.9977845844105155  -0.1216086987719339   -0.212803927975766  -0.2161240511852634
 0.02773929486457492  -0.1216086987719338    0.108501047577438  0.01561656350134949  -0.0126169278638097
 0.08617483008970372  -0.2128039279757661  0.01561656350134954  0.09556660795550648  0.01485339362597877
   0.112053669455896  -0.2161240511852634 -0.01261692786380965  0.01485339362597875  0.09645082485730884

cov*(cov_.inverse()):
                     1                      0 -2.220446049250313e-16 -6.106226635438361e-16 -4.440892098500626e-16
  1.77635683940025e-15     0.9999999999999929 -1.110223024625157e-16   1.77635683940025e-15 -8.881784197001252e-16
                     0 -3.552713678800501e-15                      1  4.440892098500626e-16  8.881784197001252e-16
-3.552713678800501e-15   -1.4210854715202e-14 -2.220446049250313e-16     0.9999999999999998 -3.552713678800501e-15
-3.552713678800501e-15  3.552713678800501e-15  2.220446049250313e-16 -4.440892098500626e-16     0.9999999999999982
