5
2

0.8742141188418221
 2.813458568060526
 3.721783626515303
 6.465731938962502
   18.421299279518

  -0.400364325830648   0.8710170123907524 -0.09769478169735427  -0.1846650921085252  -0.1933708977941483
 -0.2720653048093487  -0.1090546165643051   0.8047518895329682   0.1627076721959624  -0.4898858746960328
-0.06072479282066884  0.00309116921986013  -0.4310570470249581   0.8021873156880084  -0.4086419911966117
  -0.855165017166215  -0.2961916940323321  -0.1011899809256859   0.0877156557528042   0.4037695200203706
  0.1751975156021394    0.376427124143588    0.383119479917957   0.5368672940776376    0.626579143758373

52.71232829128965
129.0698613658801
154.8711279401036
180.5697573398304
214.6463114740747

 2.43783461876963
-1.18263083928439

0
0
0
0
0

0
0

0
0
0
0
0

0
0

0
0
0
0
0

0
0

0
0
0
0
0

0
0

0
0
0
0
0

0
0

0
0
0
0
0

0
0

0
0
0
0
0

0
0

0
0
0
0
0

0
0

0
0
0
0
0

0
0

0
0
0
0
0

0
0

0
0
0
0
0

0
0

0
0
0
0
0

0
0

0
0
0
0
0

0
0

0
0
0
0
0

0
0

0
0
0
0
0

0
0

0
0
0
0
0

0
0

0
0
0
0
0

0
0

0
0
0
0
0

0
0

0
0
0
0
0

0
0

0
0
0
0
0

0
0

0
0
0
0
0

0
0

0
0
0
0
0

0
0

0
0
0
0
0

0
0

0
0
0
0
0

0
0

0
0
0
0
0

0
0

0
0
0
0
0

0
0

0
0
0
0
0

0
0

0
0
0
0
0

0
0

0
0
0
0
0

0
0

0
0
0
0
0

0
0

0
0
0
0
0

0
0

0
0
0
0
0

0
0

0
0
0
0
0

0
0

0
0
0
0
0

0
0

0
0
0
0
0

0
0

0
0
0
0
0

0
0

0
0
0
0
0

0
0

0
0
0
0
0

0
0

0
0
0
0
0

0
0

0
0
0
0
0

0
0

0
0
0
0
0

0
0

0
0
0
0
0

0
0

0
0
0
0
0

0
0

0
0
0
0
0

0
0

0
0
0
0
0

0
0

0
0
0
0
0

0
0

0
0
0
0
0

0
0

0
0
0
0
0

0
0

0
0
0
0
0

0
0

0
0
0
0
0

0
0

0
0
0
0
0

0
0

0
0
0
0
0

0
0

0
0
0
0
0

0
0

0
0
0
0
0

0
0

0
0
0
0
0

0
0

0
0
0
0
0

0
0

0
0
0
0
0

0
0

0
0
0
0
0

0
0

0
0
0
0
0

0
0

0
0
0
0
0

0
0

0
0
0
0
0

0
0

0
0
0
0
0

0
0

0
0
0
0
0

0
0

0
0
0
0
0

0
0

0
0
0
0
0

0
0

0
0
0
0
0

0
0

0
0
0
0
0

0
0

0
0
0
0
0

0
0

0
0
0
0
0

0
0

0
0
0
0
0

0
0

0
0
0
0
0

0
0

0
0
0
0
0

0
0

0
0
0
0
0

0
0

0
0
0
0
0

0
0

0
0
0
0
0

0
0

0
0
0
0
0

0
0

0
0
0
0
0

0
0

  -0.03202433013955099    0.03191267330983168  8.555001425557523e-06  5.948520662626879e-05 -2.400033519741988e-05
     1.709534031965279    -0.7071963043123827 -2.874605683528091e-05  -0.001394794330346925  0.0006426681205338666

0.03103674150451172 0.04164216485095559 0.02904912566114874  0.7495124499949206   2.179400514781701
 -0.993739678922574   -3.07556117489037  -1.487202636134237  -52.35443448702269   11.17837140537381

cov:
41.74817863802792 32.93426860703608  25.0543441709813 27.81343227042214 24.27436990669623
32.93426860703608 52.42587210532271 49.41387534729262 67.26339034308971 75.31519705545482
 25.0543441709813 49.41387534729262   57.944587448215 65.68722421940747 79.08688832472156
27.81343227042214 67.26339034308971 65.68722421940747 107.2788924078044 110.4882702733838
24.27436990669623 75.31519705545482 79.08688832472156 110.4882702733838 144.2838988550931

cov.inverse():
  0.2369378568147827  -0.4463077840604937  0.02767623054753168  0.08611338798120537    0.111993752670353
 -0.4463077840604936   0.9967183665480711  -0.1213844222649219  -0.2125516026937224  -0.2158925910411486
 0.02767623054753173   -0.121384422264922   0.1083970446421245   0.0155780821761096 -0.01263974503195801
 0.08611338798120546  -0.2125516026937226  0.01557808217610963  0.09545519401279653  0.01482713112185103
  0.1119937526703529  -0.2158925910411484 -0.01263974503195805  0.01482713112185096  0.09635745499576449

cov*(cov_.inverse()):
    0.9999999999999982   1.77635683940025e-15  1.665334536937735e-16  6.106226635438361e-16                      0
  1.77635683940025e-15                      1                      0  8.881784197001252e-16                      0
  1.77635683940025e-15                      0     0.9999999999999999 -6.661338147750939e-16  -1.77635683940025e-15
 3.552713678800501e-15 -7.105427357601002e-15  4.440892098500626e-16     0.9999999999999989                      0
                     0  7.105427357601002e-15  4.440892098500626e-16 -4.440892098500626e-16      1.000000000000002
