5
2

0.0003705525583088532
0.0009293772657770381
 0.002728995908775492
  0.08942404730479608
   0.5618825477060563

 -0.4211475697635707   0.8007675569411933  -0.4246382294969115  0.02865403517612917  0.01635128589817758
 -0.5014755909451576   0.1658547762213099   0.7866456356804762  -0.2105414813517072  -0.2405729689426326
 0.09585415976471456  0.07568124236892169  0.01748802642888086  -0.7898320705612112   0.6007859842355763
 -0.6313708757826623  -0.3846158676019172 -0.05434442162182394   0.3299202231039079    0.584500454942437
  0.4041531311739128   0.4214338582711794   0.4445355674013053   0.4713482551133626    0.489155089293547

0.3982993923543312
 0.398206531995471
0.3981644663151302
0.3979670305533115
0.3978464853539826

0.001565086932748819
  0.3986619656343241

   4.734526432613178   -1.485174337977327   -1.433938651192629    -0.59180985960962   -1.223676034531088
   1.878954999729635  -0.6013187929841324 -0.09449110392232615 -0.05627230304236083  -0.1268253273303671

-3.585520737317626e-07 -2.875907393006433e-06  3.620223954040054e-07   -0.02599380907497178   -0.07178713246447478
-1.697684837871373e-07 -9.276195253687225e-07  7.536447125211396e-07  -0.008337321819809935     0.1185194471770349

cov:
0.05475633194324959 0.05571507826273639 0.05699503043358758 0.05847595355420171 0.05946370112962825
0.05571507826273639  0.0572555972278629 0.05931344401014699 0.06169850968518032    0.06328552007275
0.05699503043358758 0.05931344401014699 0.06241261660339444 0.06600784844267582 0.06839647986829885
0.05847595355420171 0.06169850968518032 0.06600784844267582 0.07101657448712068 0.07432988913730289
0.05946370112962825    0.06328552007275 0.06839647986829885 0.07432988913730289  0.0782759858613622

cov.inverse():
 1584154.954062791 -2551360.027632719  845943.4942161718   24159.8362016281  97208.28563324816
-2551360.027620411  4702596.956316749   -2325197.5437105  118636.7152908876  55241.58052956323
 845943.4941952726 -2325197.543683087  2029695.964234219  -282219.684982661 -268259.7519000845
 24159.83620722262  118636.7152808764 -282219.6849781221  141079.6825732806 -1638.097145416291
  97208.2856362473  55241.58052446479 -268259.7518981071 -1638.097145294234  117461.6403827275

cov*(cov_.inverse()):
     1.000000000019099  -5.95719029661268e-11  1.637090463191271e-11 -3.851141627819743e-12 -1.818989403545856e-12
 2.728484105318785e-12      1.000000000000455 -2.182787284255028e-11  1.719513420539442e-12                      0
 1.182343112304807e-11 -4.501998773775995e-11      1.000000000010914 -4.561684363579843e-12 -9.094947017729282e-13
 1.182343112304807e-11 -7.275957614183426e-12 -7.275957614183426e-12     0.9999999999982521 -3.637978807091713e-12
 1.455191522836685e-11 -3.183231456205249e-11 -7.275957614183426e-12 -6.252776074688882e-13                      1
