5
2

0.8108070709592801
 2.963994684219665
 4.395540297352555
 8.011602874332574
 45.12771238292986

   -0.1969447150447193     0.7914923242160952    -0.5785773219312298 -0.0009713160090086726 -0.0001378950869520563
   -0.4942136179568176     0.3859901762325144     0.6967119450279506    -0.2314451093070794    -0.2603653408409598
   -0.1579623790450752   -0.05784375575977797   -0.02657275934728654     0.8031303868984906    -0.5709443552807711
   -0.8116209881645613    -0.3436625071033562    -0.1941352348182388     0.1059484736224647     0.4174372819015482
    0.1824416000236438     0.3210944809398544     0.3760932693694404     0.5386916748014539     0.6572507353555316

66.68241219720619
143.1306182207731
170.4436869752687
240.4543676134783
285.4195573128223

  3.033256027391018
-0.3772047604550448

0
0
0
0
0

0
0

0
0
0
0
0

0
0

0
0
0
0
0

0
0

0
0
0
0
0

0
0

0
0
0
0
0

0
0

0
0
0
0
0

0
0

0
0
0
0
0

0
0

0
0
0
0
0

0
0

0
0
0
0
0

0
0

0
0
0
0
0

0
0

0
0
0
0
0

0
0

0
0
0
0
0

0
0

0
0
0
0
0

0
0

0
0
0
0
0

0
0

0
0
0
0
0

0
0

0
0
0
0
0

0
0

0
0
0
0
0

0
0

0
0
0
0
0

0
0

0
0
0
0
0

0
0

0
0
0
0
0

0
0

0
0
0
0
0

0
0

0
0
0
0
0

0
0

0
0
0
0
0

0
0

0
0
0
0
0

0
0

0
0
0
0
0

0
0

0
0
0
0
0

0
0

0
0
0
0
0

0
0

0
0
0
0
0

0
0

0
0
0
0
0

0
0

0
0
0
0
0

0
0

0
0
0
0
0

0
0

0
0
0
0
0

0
0

0
0
0
0
0

0
0

0
0
0
0
0

0
0

0
0
0
0
0

0
0

0
0
0
0
0

0
0

0
0
0
0
0

0
0

0
0
0
0
0

0
0

0
0
0
0
0

0
0

0
0
0
0
0

0
0

0
0
0
0
0

0
0

0
0
0
0
0

0
0

0
0
0
0
0

0
0

0
0
0
0
0

0
0

0
0
0
0
0

0
0

0
0
0
0
0

0
0

0
0
0
0
0

0
0

0
0
0
0
0

0
0

0
0
0
0
0

0
0

0
0
0
0
0

0
0

0
0
0
0
0

0
0

0
0
0
0
0

0
0

0
0
0
0
0

0
0

0
0
0
0
0

0
0

0
0
0
0
0

0
0

0
0
0
0
0

0
0

0
0
0
0
0

0
0

0
0
0
0
0

0
0

0
0
0
0
0

0
0

0
0
0
0
0

0
0

0
0
0
0
0

0
0

0
0
0
0
0

0
0

0
0
0
0
0

0
0

0
0
0
0
0

0
0

0
0
0
0
0

0
0

0
0
0
0
0

0
0

0
0
0
0
0

0
0

0
0
0
0
0

0
0

0
0
0
0
0

0
0

0
0
0
0
0

0
0

0
0
0
0
0

0
0

0
0
0
0
0

0
0

0
0
0
0
0

0
0

0
0
0
0
0

0
0

0
0
0
0
0

0
0

0
0
0
0
0

0
0

0
0
0
0
0

0
0

 0.01863908549292089  -0.0519434281558466 0.007678037312891722  0.01368910224484643  0.01704859433625823
  0.5939121559721522    1.139929391923063  -0.1701670903517792  -0.3015784781997157   -0.375759423068329

-0.03237187939536009  -0.2769036421834364  0.02157429799084949   0.6289960381742522    16.67670122806582
  0.5811994300178335    1.718030695566528   -3.533786729355822    -66.0827854105292    1.944155559520512

cov:
112.7195018380049 135.6019027583891 146.9796907083416 193.1823380706367 225.3244826114641
135.6019027583891  219.333597195313 252.3054941207095 348.2371426630852 420.3314801087839
146.9796907083416 252.3054941207095 294.9737632698829 409.4447907156896 496.8980444922503
193.1823380706367 348.2371426630852 409.4447907156896 604.6256998327902 715.5464512880089
225.3244826114641 420.3314801087839 496.8980444922503 715.5464512880089 897.8070904965163

cov.inverse():
  0.0983727762705736  -0.2539799002899475   0.1368411252574519 0.005453228874596999  0.01413647375817634
 -0.2539799002899499   0.9719469430870185  -0.6647942133060472 -0.01422501303469035 -0.01202753407129066
  0.1368411252574548  -0.6647942133060525   0.5651449010832841 -0.01882536876621468 -0.02088276054909224
0.005453228874597307  -0.0142250130346916 -0.01882536876621374  0.03980087130205941 -0.01601079857246897
 0.01413647375817553 -0.01202753407128729 -0.02088276054909474 -0.01601079857246896  0.02751518762269098

cov*(cov_.inverse()):
    0.9999999999999969  1.332267629550188e-15 -6.217248937900877e-15 -8.881784197001252e-16                      0
-7.993605777301127e-15      1.000000000000006  2.486899575160351e-14  8.881784197001252e-16                      0
  1.77635683940025e-15  -1.77635683940025e-14      1.000000000000023  -1.77635683940025e-15  3.552713678800501e-15
  1.77635683940025e-15   1.77635683940025e-14  1.953992523340276e-14                      1                      0
                     0  2.842170943040401e-14  7.105427357601002e-15                      0                      1
