5
2

0.09885148222323231
 0.9127428358428353
  3.922787009250153
   8.71799912243967
  40.80457460885156

  -0.4629718838841174    0.8132174763564854   -0.3526072756890185 0.0009530201375770057  0.001253700508929942
  -0.5364030753130888   0.04550858930945165    0.8081859572178085   -0.1534011633622074   -0.1830416639150221
  0.09781732841784535   0.07596764673755771   0.04677102438717046    -0.788991964012542    0.5999706983776455
  -0.6888520072338413   -0.5352312046771401   -0.3284239659125153    0.1067439030748429    0.3460547752024368
   0.1176582250357158    0.2106247341516853    0.3353412255884632    0.5852901799207972    0.6976929347170469

60.45298902989015
97.98593033831418
148.2864463258651
246.5433149315716
292.8401588723902

 2.804352237328556
-1.546625423057476

  -0.07465643894587906    0.07401334859444217  0.0007081428481449641  -2.42171071744169e-05 -2.327897001974926e-05
     2.696209143134954     -1.710193798839525    0.01237800515005742  0.0008832948862589549  0.0006389430411569939

0.0009234472974054107   0.03665177326058135  -0.02526463447574705     0.879343280565107     11.67532583899836
 -0.02583020490013125    -1.261589295872338     2.063287527299729    -71.87574528875646    -63.04457481892739

cov:
59.50354442129062 69.37436834995135 82.59971731943912 107.9521467878503 119.5469314400566
69.37436834995135 95.73452211219667 131.0444364377929 199.9867297588478 231.2931423887462
82.59971731943912 131.0444364377929  196.013911301128 323.4597498515745 381.2257431290513
107.9521467878503 199.9867297588478 323.4597498515745 580.8395362046107 675.4594183019331
119.5469314400566 231.2931423887462 381.2257431290513 675.4594183019331 825.1564326888272

cov.inverse():
   22.28750815983487   -38.55359236200741    16.18920624123644  0.04767472868021986  0.05918125510330989
  -38.55359236200883    67.68458184985366   -29.29809640272171  0.06636029406594432  0.09495038784190508
   16.18920624123843   -29.29809640272412    13.50942679301257   -0.185944785463915  -0.2223387591925481
 0.04767472867998006  0.06636029406636261  -0.1859447854640936  0.06914829745808618 0.003795670314691856
 0.05918125510298753  0.09495038784246738  -0.2223387591927882 0.003795670314691879  0.06563740433907629

cov*(cov_.inverse()):
    0.9999999999994023 -2.859934511434403e-13  2.557953848736361e-13  6.106226635438361e-16  4.440892098500626e-15
-5.293543381412746e-13     0.9999999999988809  5.613287612504791e-13 -6.550315845288424e-15                      0
-2.629008122312371e-13 -1.193711796076968e-12      1.000000000000199  1.554312234475219e-15  3.552713678800501e-15
  1.35003119794419e-13  2.842170943040401e-13  1.989519660128281e-13     0.9999999999999898  7.105427357601002e-15
-7.815970093361102e-14  2.700062395888381e-13  4.547473508864641e-13 -3.108624468950438e-15     0.9999999999999929
