5
2

0.09913511190141727
 0.9130488658792988
  3.924499046407018
  8.719142988169462
  40.82023063816187

   -0.463027092330446    0.8132526679715724     -0.35245362016213 0.0009653130735705429   0.00123434614724873
  -0.5364387432828914   0.04529340189353578    0.8081820147280646   -0.1534106137686663   -0.1829999920852188
  0.09786468316319533   0.07602033529755053    0.0467825504927712   -0.7889880681482991    0.5999605267845731
  -0.6887897324772884   -0.5352215507595572   -0.3285876929045571    0.1066633448996419    0.3460630794564499
   0.1176035488253567    0.2105407466639483    0.3353502612877279    0.5853076207672567    0.6977085284156234

60.45217649443078
97.98602053473719
 148.293673606307
246.5549446633052
292.8542831255067

 2.804352237328556
-1.546625423057476

0
0
0
0
0

0
0

0
0
0
0
0

0
0

0
0
0
0
0

0
0

0
0
0
0
0

0
0

0
0
0
0
0

0
0

0
0
0
0
0

0
0

0
0
0
0
0

0
0

0
0
0
0
0

0
0

0
0
0
0
0

0
0

0
0
0
0
0

0
0

0
0
0
0
0

0
0

0
0
0
0
0

0
0

0
0
0
0
0

0
0

0
0
0
0
0

0
0

0
0
0
0
0

0
0

0
0
0
0
0

0
0

0
0
0
0
0

0
0

0
0
0
0
0

0
0

0
0
0
0
0

0
0

0
0
0
0
0

0
0

0
0
0
0
0

0
0

0
0
0
0
0

0
0

0
0
0
0
0

0
0

0
0
0
0
0

0
0

0
0
0
0
0

0
0

0
0
0
0
0

0
0

0
0
0
0
0

0
0

0
0
0
0
0

0
0

0
0
0
0
0

0
0

0
0
0
0
0

0
0

0
0
0
0
0

0
0

0
0
0
0
0

0
0

0
0
0
0
0

0
0

0
0
0
0
0

0
0

0
0
0
0
0

0
0

0
0
0
0
0

0
0

0
0
0
0
0

0
0

0
0
0
0
0

0
0

0
0
0
0
0

0
0

0
0
0
0
0

0
0

0
0
0
0
0

0
0

0
0
0
0
0

0
0

0
0
0
0
0

0
0

0
0
0
0
0

0
0

0
0
0
0
0

0
0

0
0
0
0
0

0
0

0
0
0
0
0

0
0

0
0
0
0
0

0
0

0
0
0
0
0

0
0

0
0
0
0
0

0
0

0
0
0
0
0

0
0

0
0
0
0
0

0
0

0
0
0
0
0

0
0

0
0
0
0
0

0
0

0
0
0
0
0

0
0

0
0
0
0
0

0
0

0
0
0
0
0

0
0

0
0
0
0
0

0
0

0
0
0
0
0

0
0

0
0
0
0
0

0
0

0
0
0
0
0

0
0

0
0
0
0
0

0
0

0
0
0
0
0

0
0

0
0
0
0
0

0
0

0
0
0
0
0

0
0

0
0
0
0
0

0
0

0
0
0
0
0

0
0

0
0
0
0
0

0
0

0
0
0
0
0

0
0

0
0
0
0
0

0
0

0
0
0
0
0

0
0

0
0
0
0
0

0
0

0
0
0
0
0

0
0

0
0
0
0
0

0
0

0
0
0
0
0

0
0

0
0
0
0
0

0
0

0
0
0
0
0

0
0

  -0.07437599830990849    0.07351954191779433  0.0009218871628026951 -2.505588367069603e-05 -2.412887429494633e-05
     2.688113904304443     -1.695938091703731   0.006190435939584391  0.0009088731956046932  0.0006618818581032443

0.0009228580036836094   0.03666548054315391   -0.0252800709492872    0.8793053152269351     11.68008945730024
 -0.02580847093038819    -1.262225927370079      2.06560188240383    -71.88403409086769    -63.09012162544469

cov:
 59.5032202289842 69.37499838005485 82.63274550181839 107.9919491053276 119.5890277074499
69.37499838005485 95.73742481943238 131.1008237885642 200.0692751899365 231.3861034164473
82.63274550181839 131.1008237885642 196.1784570564671 323.7284039777508 381.5375907194062
107.9919491053276 200.0692751899365 323.7284039777508 581.3185303118374 676.0092416263719
119.5890277074499 231.3861034164473 381.5375907194062 676.0092416263719 825.8222301512982

cov.inverse():
   22.16718589581857   -38.33950981029882    16.08880686153618  0.04729764625325698  0.06032693032082423
   -38.3395098102994     67.3036751544104   -29.11920855110668  0.06697387968551041   0.0928132850392223
   16.08880686153691   -29.11920855110755    13.42516872624338  -0.1860812756289098  -0.2212079433762207
 0.04729764625319834  0.06697387968561089  -0.1860812756289511   0.0690986147325484  0.00379330410940935
 0.06032693032069098  0.09281328503945588  -0.2212079433763215 0.003793304109409908  0.06556458743842498

cov*(cov_.inverse()):
    0.9999999999994156  1.474376176702208e-12  1.030286966852145e-13  4.107825191113079e-15  -1.77635683940025e-15
-1.811883976188255e-13      1.000000000001673  5.115907697472721e-13  4.107825191113079e-15   1.77635683940025e-15
 7.815970093361102e-14 -2.913225216616411e-13      1.000000000000426  2.220446049250313e-15  3.552713678800501e-15
 -1.35003119794419e-13 -1.044497821567347e-12  1.193711796076968e-12                      1                      0
 4.902744876744691e-13 -2.174260771425907e-12  8.810729923425242e-13  7.549516567451064e-15                      1
