6
1

0.001580922111829899
0.001683031814179245
0.001688733203175899
0.001772981309909628
  0.1073030645859814
  0.6190290355811529

  -0.5049069159412994    0.1916519643883873     0.306567810552773    0.5583589449705524   -0.5500788144248173 -0.001815160035925051
  -0.4274788936577806    0.1386677516400778    0.2000714735282575    0.0685026460888663    0.6237162610587834   -0.6035643037673057
   0.2419593023873651   -0.2598259489246923   -0.5550569179663241    0.7083258615809204   0.09780131830758065   -0.2335965882119745
  -0.1979937713803679    0.7567708873427395   -0.6043282164566535  -0.09101117298215083   0.01582160120822686    0.1197929074987411
  -0.5762991559106028   -0.4010333448348569   -0.1936153446228834   0.04984969931308397    0.3299709451302476    0.5984971348319907
   0.3639563807536425    0.3781551743234384    0.3939541927073744    0.4135808551379649    0.4355399844494156    0.4567168808994835

0.3994120203692177
 0.399718929391756
0.3995687722009724
0.3995369693076104
0.3995474365126477
0.3995394581224627

-5.184583310871373e-05

0
0
0
0
0
0

0

0
0
0
0
0
0

0

0
0
0
0
0
0

0

0
0
0
0
0
0

0

0
0
0
0
0
0

0

0
0
0
0
0
0

0

0
0
0
0
0
0

0

0
0
0
0
0
0

0

0
0
0
0
0
0

0

0
0
0
0
0
0

0

0
0
0
0
0
0

0

0
0
0
0
0
0

0

0
0
0
0
0
0

0

0
0
0
0
0
0

0

0
0
0
0
0
0

0

0
0
0
0
0
0

0

0
0
0
0
0
0

0

0
0
0
0
0
0

0

0
0
0
0
0
0

0

0
0
0
0
0
0

0

0
0
0
0
0
0

0

0
0
0
0
0
0

0

0
0
0
0
0
0

0

0
0
0
0
0
0

0

0
0
0
0
0
0

0

0
0
0
0
0
0

0

0
0
0
0
0
0

0

0
0
0
0
0
0

0

0
0
0
0
0
0

0

0
0
0
0
0
0

0

0
0
0
0
0
0

0

0
0
0
0
0
0

0

0
0
0
0
0
0

0

0
0
0
0
0
0

0

0
0
0
0
0
0

0

0
0
0
0
0
0

0

0
0
0
0
0
0

0

0
0
0
0
0
0

0

0
0
0
0
0
0

0

0
0
0
0
0
0

0

0
0
0
0
0
0

0

0
0
0
0
0
0

0

0
0
0
0
0
0

0

0
0
0
0
0
0

0

0
0
0
0
0
0

0

0
0
0
0
0
0

0

0
0
0
0
0
0

0

0
0
0
0
0
0

0

0
0
0
0
0
0

0

0
0
0
0
0
0

0

0
0
0
0
0
0

0

0
0
0
0
0
0

0

0
0
0
0
0
0

0

0
0
0
0
0
0

0

0
0
0
0
0
0

0

0
0
0
0
0
0

0

0
0
0
0
0
0

0

0
0
0
0
0
0

0

0
0
0
0
0
0

0

0
0
0
0
0
0

0

0
0
0
0
0
0

0

0
0
0
0
0
0

0

0
0
0
0
0
0

0

0
0
0
0
0
0

0

0
0
0
0
0
0

0

0
0
0
0
0
0

0

0
0
0
0
0
0

0

0
0
0
0
0
0

0

0
0
0
0
0
0

0

0
0
0
0
0
0

0

0
0
0
0
0
0

0

0
0
0
0
0
0

0

0
0
0
0
0
0

0

0
0
0
0
0
0

0

0
0
0
0
0
0

0

0
0
0
0
0
0

0

0
0
0
0
0
0

0

  1.495781235485813  0.7852457825430567  0.3519167628120846 -0.4060150110884564 -0.7823631743180626   -1.44244587219235

-7.262320727135915e-07 -2.982582989936629e-07 -1.842262151600657e-07 -1.974049659580131e-07   -0.02748103268019196   -0.07184057378852313

cov:
0.05458536057717486 0.05540014584774519 0.05622769353375311 0.05734985158567455 0.05855392514477312 0.05972610393335422
0.05540014584774519 0.05665157659166294 0.05798029149359448 0.05970050977640357 0.06158950154635669 0.06341856127166051
0.05622769353375311 0.05798029149359448 0.05990612726702098 0.06232340071736222 0.06501415674485153 0.06761249669437742
0.05734985158567455 0.05970050977640357 0.06232340071736222 0.06557636341700275 0.06921458773415502 0.07272471705982546
0.05855392514477312 0.06158950154635669 0.06501415674485153 0.06921458773415502 0.07394610913425616 0.07849767587121187
0.05972610393335422 0.06341856127166051 0.06761249669437742 0.07272471705982546 0.07849767587121187 0.08405668476832585

cov.inverse():
 199541.7359411706 -129334.1797496763 -101144.8215209066 -57309.26451643071  24283.47495550389   64059.0902373481
-129334.1797496236  227359.6932529382 -61608.35645794025 -40277.01875935595 -16760.11008069165  20415.52446006413
-101144.8215209664 -61608.35645810438  275952.6681257876 -47039.65085700734  -45500.9606085768   -20427.696595172
-57309.26451662268 -40277.01875851768 -47039.65085745665  304964.0948626539 -83971.08976102606 -76487.12573489762
  24283.4749558761 -16760.11008169142 -45500.96060853045 -83971.08976006792  261849.0933230304 -139891.2326301217
 64059.09023717482    20415.524460442 -20427.69659499282 -76487.12573565773 -139891.2326297453  152338.6955786495

cov*(cov_.inverse()):
                     1 -2.046363078989089e-12 -6.821210263296962e-13  2.728484105318785e-12  1.818989403545856e-12                      0
 4.547473508864641e-13     0.9999999999970441  1.818989403545856e-12  1.818989403545856e-12  1.818989403545856e-12 -1.818989403545856e-12
-1.818989403545856e-12 -9.094947017729282e-13     0.9999999999977263  2.728484105318785e-12                      0                      0
 1.818989403545856e-12 -1.364242052659392e-12  -1.13686837721616e-12      1.000000000002728 -1.818989403545856e-12  1.818989403545856e-12
 9.094947017729282e-13 -2.046363078989089e-12 -2.273736754432321e-12  4.547473508864641e-12                      1                      0
-1.818989403545856e-12 -2.273736754432321e-13 -9.094947017729282e-13  9.094947017729282e-13                      0      0.999999999998181
