6
1

0.001768921682701124
0.001880675711598805
0.001886686834069805
0.001974754712458604
  0.1175775725387025
  0.6333160816141937

  -0.5087374938322742    0.2027967977341923    0.2955581378083002    0.5603031312498498   -0.5465823029665214 -0.003632570540326546
   0.2976329264908933  -0.04025582310570306   0.05266129718850951   -0.3385721677816483   -0.6148345604090003    0.6437144150034851
   0.3922263668482432   -0.2908728798712352   -0.5921075936591061    0.6210828778073672   -0.1566645551322964   0.02592910517897395
  -0.1850829636737273    0.7541021058550514   -0.6055477285915373   -0.1101368444903286   0.01082054458971941    0.1346812912057598
   -0.582026135065668   -0.4071983961311693   -0.1998101840914398   0.04314032030510037    0.3228954487352703    0.5910908361428816
   0.3546112734319377    0.3717060336118219     0.390728308695327    0.4143599105360632     0.440799173747541    0.4662819008707789

0.3991798222144585
0.3995598579761405
0.3993665013915882
 0.399327282190214
0.3993465933004924
0.3993427151565533

-0.0001527981615438685

  1.512482035187418  0.7767997192076941  0.3483879555074438 -0.4251945246914751 -0.7723787239507788  -1.437318938188221

-1.000690576761177e-06  4.628495976459459e-07 -6.885258134441436e-08 -2.348444478357858e-07   -0.03295140496422868   -0.09049934002603649

cov:
0.05512154551069109 0.05614312546861669 0.05718049977479098 0.05858731247793202 0.06009711831934309 0.06156421548551291
0.05614312546861669  0.0577115466146898 0.05937643316200189 0.06153238597283289 0.06389981431195242 0.06618955123285178
0.05718049977479098 0.05937643316200189 0.06178863152478416 0.06481745305008037 0.06818845157762095 0.07144125662595778
0.05858731247793202 0.06153238597283289 0.06481745305008037 0.06889321035875672 0.07345075462168885 0.07784560939949953
0.06009711831934309 0.06389981431195242 0.06818845157762095 0.07345075462168885 0.07937693284109287 0.08507569976121905
0.06156421548551291 0.06618955123285178 0.07144125662595778 0.07784560939949953 0.08507569976121905 0.09203600321367124

cov.inverse():
 159786.1173152855  -104183.084295331 -80116.15194990198 -45924.71928926379  19337.63631134171  51199.50739958016
-104183.0842953009  183208.2776523776 -50152.37869563632 -31883.89687012604  -13541.1542997381  16346.53434875573
-80116.15194992725 -50152.37869539692  221227.3505689961 -38327.31632380137 -36406.39232378997 -15993.69586962177
-45924.71928940644 -31883.89687053473 -38327.31632327469  244217.9609636132 -66657.12783452787 -61547.02751133247
 19337.63631159614 -13541.15429947639 -36406.39232408623 -66657.12783512181  209287.2031105163 -112016.9849224704
 51199.50739946373  16346.53434869379 -15993.69586963818 -61547.02751076401 -112016.9849228443  122024.7653155702

cov*(cov_.inverse()):
     1.000000000000455  5.684341886080801e-13 -2.387423592153937e-12 -2.728484105318785e-12 -2.728484105318785e-12  2.728484105318785e-12
 9.094947017729282e-13      1.000000000000682 -2.046363078989089e-12 -1.364242052659392e-12 -1.818989403545856e-12  1.818989403545856e-12
-4.547473508864641e-13                      0     0.9999999999974989 -3.637978807091713e-12                      0                      0
 9.094947017729282e-13 -9.094947017729282e-13  4.547473508864641e-13                      1                      0                      0
                     0   1.13686837721616e-12  2.273736754432321e-13 -2.728484105318785e-12                      1  1.818989403545856e-12
                     0 -2.273736754432321e-13  6.821210263296962e-13 -9.094947017729282e-13                      0                      1
