6
1

0.001461116818530623
0.001785409982854443
0.002492745012128298
0.004844317768532317
  0.0948648121043288
  0.6155547224812159

 -0.1552794922248153  0.03055132737620601   0.1347308395366899  -0.3101005693360065   0.7886574685930862   -0.488527922126795
  0.4400508713507964  -0.8129065235057527   0.3786851971227105 -0.02758654311091889  0.03498274225718299 -0.01228521585834182
 -0.2551974045854995  -0.1192506887084115  0.08823172761053615   0.8188904450063643 -0.04247995720839511  -0.4903902654938265
  0.4625285311505233  -0.1174706433770727  -0.8026918405787361   0.2057893884727404   0.2900989897470372 -0.03804101239978917
 -0.6062481498410129  -0.4050334221220272  -0.1674680295395978   0.1254162501256486   0.3243485728081096   0.5651852213056856
  0.3683046745518194   0.3823315950697885   0.3978700199200463   0.4176320754089522   0.4308499015633827   0.4470184305774504

0.3998249985990048
0.4000206921823212
0.3997213003422307
0.3996239950589768
0.3995429357279327
0.3993969168796838

0.001556876518063507

0
0
0
0
0
0

0

0
0
0
0
0
0

0

0
0
0
0
0
0

0

0
0
0
0
0
0

0

0
0
0
0
0
0

0

0
0
0
0
0
0

0

0
0
0
0
0
0

0

0
0
0
0
0
0

0

0
0
0
0
0
0

0

0
0
0
0
0
0

0

0
0
0
0
0
0

0

0
0
0
0
0
0

0

0
0
0
0
0
0

0

0
0
0
0
0
0

0

0
0
0
0
0
0

0

0
0
0
0
0
0

0

0
0
0
0
0
0

0

0
0
0
0
0
0

0

0
0
0
0
0
0

0

0
0
0
0
0
0

0

0
0
0
0
0
0

0

0
0
0
0
0
0

0

0
0
0
0
0
0

0

0
0
0
0
0
0

0

0
0
0
0
0
0

0

0
0
0
0
0
0

0

0
0
0
0
0
0

0

0
0
0
0
0
0

0

0
0
0
0
0
0

0

0
0
0
0
0
0

0

0
0
0
0
0
0

0

0
0
0
0
0
0

0

0
0
0
0
0
0

0

0
0
0
0
0
0

0

0
0
0
0
0
0

0

0
0
0
0
0
0

0

0
0
0
0
0
0

0

0
0
0
0
0
0

0

0
0
0
0
0
0

0

0
0
0
0
0
0

0

0
0
0
0
0
0

0

0
0
0
0
0
0

0

0
0
0
0
0
0

0

0
0
0
0
0
0

0

0
0
0
0
0
0

0

0
0
0
0
0
0

0

0
0
0
0
0
0

0

0
0
0
0
0
0

0

0
0
0
0
0
0

0

0
0
0
0
0
0

0

0
0
0
0
0
0

0

0
0
0
0
0
0

0

0
0
0
0
0
0

0

0
0
0
0
0
0

0

0
0
0
0
0
0

0

0
0
0
0
0
0

0

0
0
0
0
0
0

0

0
0
0
0
0
0

0

0
0
0
0
0
0

0

0
0
0
0
0
0

0

0
0
0
0
0
0

0

0
0
0
0
0
0

0

0
0
0
0
0
0

0

0
0
0
0
0
0

0

0
0
0
0
0
0

0

0
0
0
0
0
0

0

0
0
0
0
0
0

0

0
0
0
0
0
0

0

0
0
0
0
0
0

0

0
0
0
0
0
0

0

0
0
0
0
0
0

0

0
0
0
0
0
0

0

0
0
0
0
0
0

0

0
0
0
0
0
0

0

0
0
0
0
0
0

0

0
0
0
0
0
0

0

0
0
0
0
0
0

0

   5.072688819589956  0.04713817396589735   -5.009954407273896 -0.04802912844141061    1.847677090033146   -1.910644407925817

 2.015825774549384e-06  1.230961357952191e-06 -5.735650076216415e-06  0.0001633562908385796   -0.02467611361698551    -0.0701257657970088

cov:
0.05471186658070851 0.05556324831679035 0.05642944328360865 0.05759874510630272 0.05836000218436864  0.0592999182315051
0.05556324831679035 0.05686662844776776 0.05825037563399876  0.0600434021750129 0.06123344789017577 0.06269917482037825
0.05642944328360865 0.05825037563399876 0.06024934089969387 0.06276796826715651 0.06445915478248858 0.06653920342261352
0.05759874510630272  0.0600434021750129 0.06276796826715651 0.06623468038735279 0.06854614044617627 0.07137352187121611
0.05836000218436864 0.06123344789017577 0.06445915478248858 0.06854614044617627 0.07128730702494054 0.07462556845515728
 0.0592999182315051 0.06269917482037825 0.06653920342261352 0.07137352187121611 0.07462556845515728 0.07859212934755497

cov.inverse():
 91680.18870808851 -111831.4995775907  23044.14552815043 -10836.60100245886 -45092.96206442584  53189.93520535326
-111831.4995776861  210635.2900612017 -92309.40374855859 -14153.72603488353  1714.057927306004  5718.420290570006
 23044.14552825155  -92309.4037486538  82201.25564448336 -18260.67128350371  43396.39773707787 -37962.46553985414
-10836.60100249889  -14153.7260348272  -18260.6712835388  155007.8657818844 -117908.9608091825  6115.789828833097
-45092.96206427568  1714.057927028896  43396.39773724981 -117908.9608092561  295617.2342331632 -177702.8980362207
  53189.9352052371  5718.420290791134 -37962.46553998539  6115.789828888009 -177702.8980362496  150638.0803819144

cov*(cov_.inverse()):
     1.000000000000909  1.250555214937776e-12  9.094947017729282e-13  2.046363078989089e-12                      0  1.818989403545856e-12
                     0     0.9999999999984652  1.364242052659392e-12  2.103206497849897e-12                      0                      0
 4.547473508864641e-13 -1.477928890381008e-12      1.000000000000909  1.762145984685048e-12  1.818989403545856e-12                      0
 4.547473508864641e-13 -3.410605131648481e-13  1.818989403545856e-12      1.000000000001478  1.818989403545856e-12 -1.818989403545856e-12
-1.364242052659392e-12  7.958078640513122e-13  1.818989403545856e-12   1.13686837721616e-13      1.000000000003638                      0
-9.094947017729282e-13  4.547473508864641e-13  4.547473508864641e-13  5.684341886080801e-13  1.818989403545856e-12      0.999999999998181
