5 
12 
13 
14 
15 
inputFileName = /Users/demattia/RemoteProjects/extracted_endcaps.root
eventsFractionStartBuild = 0
eventsFractionEndBuild = 0.2
eventsFractionStartTest = 0.8
eventsFractionEndTest = 1
var name = R
var name = z
par name = cotTheta
firstOrderChargeOverPtCoefficientsFileName = 
firstOrderCotThetaCoefficientsFileName = 
pT > 2, pT regions = 1
0 < phi < 0.8, phi regions = 1
-3 < eta < 3, eta regions = 1
-15 < z0 < 15, eta regions = 1
charge regions = 1
endcap regions = 0
Training
Requested running from track number 0 to track number 1000000 for a total of 1000000 tracks.
Analyzed 10% of 1000000 tracks
Analyzed 20% of 1000000 tracks
Analyzed 30% of 1000000 tracks
Analyzed 40% of 1000000 tracks
Analyzed 50% of 1000000 tracks
Analyzed 60% of 1000000 tracks
Analyzed 70% of 1000000 tracks
Analyzed 80% of 1000000 tracks
Analyzed 90% of 1000000 tracks
Analyzed 100% of 1000000 tracks
Evaluating eigenvalues:
geomIndex = 0
Sqrt(eigenvalues) of cov:
 0.0435997 0.0545703 0.647421 0.993742 1.1213 1.30349 1.78827 3.15151 3.75 9.0722
Analyzed 10% of 1000000 tracks
Analyzed 20% of 1000000 tracks
Analyzed 30% of 1000000 tracks
Analyzed 40% of 1000000 tracks
Analyzed 50% of 1000000 tracks
Analyzed 60% of 1000000 tracks
Analyzed 70% of 1000000 tracks
Analyzed 80% of 1000000 tracks
Analyzed 90% of 1000000 tracks
Analyzed 100% of 1000000 tracks
opening GeometricIndex.txt for writing
Matrices built:
geomIndex = 0

V_0:
   0.036293 -0.00904116   -0.492962    0.120295    0.772857   -0.191634   -0.317578    0.078909    0.001465 -0.00175122
   0.394207   -0.098307    -0.67829    0.168741   -0.237816   0.0569258      0.5176   -0.136663 0.000796316 -0.00119822
  -0.720932   0.0965003  -0.0788442   0.0713061    0.173364  -0.0716267    0.487782   -0.157164   -0.373486    0.149447
   0.367254   0.0205918    0.176212   -0.298898    0.295582    0.377599    0.104085    -0.16331    -0.63602    -0.26895
  -0.398952  -0.0167311   -0.288322  -0.0351216   -0.128213    0.423042   -0.180233  -0.0272017    0.173073   -0.705417
   0.102888 -0.00517052    0.210381    0.649425  -0.0865788   -0.446928  -0.0332329   -0.100519   -0.268927   -0.482291
  -0.013818  -0.0218866   0.0175226    0.275406  -0.0066626    0.272453     -0.3092    -0.81908   0.0670859    0.279107
  0.0207326   0.0539799  -0.0217878   -0.565176   0.0213241   -0.560377   0.0916191   -0.488688    0.205203   -0.270116
  -0.127876    -0.42355   -0.291354   -0.207637   -0.387774   -0.207259   -0.439888   0.0436639   -0.517118    0.141807
    0.04408    0.892986   -0.215835  -0.0354862   -0.232186  -0.0490545   -0.226674   0.0355876   -0.199218   0.0643222
corrPV_0:
 2.10578e-05 -6.69327e-05   -0.0661031    0.0266554   -0.0305195    0.0314365    0.0431108    -0.221091     0.751879     0.599088
D_0:
    0.119573   -0.0298856    0.0214386  -0.00397139   -0.0269328   0.00425659    -0.116885    0.0255538 -0.000207489   -0.0047953
opening matrixVD_0.txt for writing
