5 
12 
13 
14 
15 
inputFileName = /Users/demattia/RemoteProjects/extracted_endcaps.root
eventsFractionStartBuild = 0
eventsFractionEndBuild = 0.2
eventsFractionStartTest = 0.8
eventsFractionEndTest = 1
var name = R
var name = z
par name = cotTheta
firstOrderChargeOverPtCoefficientsFileName = 
firstOrderCotThetaCoefficientsFileName = 
2 < pT < 10, pT regions = 1
0 < phi < 0.8, phi regions = 1
-3 < eta < 3, eta regions = 1
-15 < z0 < 15, eta regions = 1
charge regions = 1
endcap regions = 0
Training
Requested running from track number 0 to track number 1000000 for a total of 1000000 tracks.
Analyzed 10% of 1000000 tracks
Analyzed 20% of 1000000 tracks
Analyzed 30% of 1000000 tracks
Analyzed 40% of 1000000 tracks
Analyzed 50% of 1000000 tracks
Analyzed 60% of 1000000 tracks
Analyzed 70% of 1000000 tracks
Analyzed 80% of 1000000 tracks
Analyzed 90% of 1000000 tracks
Analyzed 100% of 1000000 tracks
Evaluating eigenvalues:
geomIndex = 0
Sqrt(eigenvalues) of cov:
 0.0436421 0.0547536 0.648009 0.999666 1.11937 1.30124 1.79007 3.15699 3.75253 9.06953
Analyzed 10% of 1000000 tracks
Analyzed 20% of 1000000 tracks
Analyzed 30% of 1000000 tracks
Analyzed 40% of 1000000 tracks
Analyzed 50% of 1000000 tracks
Analyzed 60% of 1000000 tracks
Analyzed 70% of 1000000 tracks
Analyzed 80% of 1000000 tracks
Analyzed 90% of 1000000 tracks
Analyzed 100% of 1000000 tracks
opening GeometricIndex.txt for writing
Matrices built:
geomIndex = 0

V_0:
  0.0331754 -0.00831174   -0.488265     0.11917    0.774541   -0.192043   -0.321027   0.0798119  0.00141298 -0.00166014
   0.394253  -0.0983354   -0.681716     0.16948   -0.232246    0.055584    0.515643    -0.13608  0.00079026 -0.00103462
  -0.718866   0.0969488  -0.0778173   0.0673474    0.176011  -0.0652687    0.488264   -0.159233   -0.378913    0.143771
   0.382573    0.018763    0.183233   -0.295034    0.295095    0.367422     0.10111   -0.162696   -0.637345   -0.260164
  -0.390635  -0.0184994   -0.288549  -0.0538222   -0.122402     0.43608   -0.178787  -0.0240085    0.166733   -0.703858
  0.0935297  -0.0052893    0.204251    0.647355  -0.0899338   -0.445091   -0.033936    -0.09685   -0.261712   -0.495195
  -0.015038  -0.0210992    0.017875    0.279977 -0.00719663    0.272234   -0.309347   -0.819566   0.0682789    0.272786
  0.0198069   0.0526466  -0.0247159    -0.56845   0.0184785   -0.560656   0.0881421   -0.488158    0.202456   -0.267127
  -0.128193   -0.422133    -0.29137   -0.202113   -0.388616   -0.204542   -0.441251    0.045154   -0.518445    0.145731
  0.0440334    0.893715   -0.215466  -0.0340074    -0.23152  -0.0470694   -0.226153   0.0361235   -0.198707   0.0632462
corrPV_0:
 2.44162e-05 -6.59604e-05   -0.0659569    0.0292866   -0.0292742    0.0299074     0.042517    -0.218149     0.754134     0.592784
D_0:
    0.119474   -0.0298813    0.0203027   -0.0036463   -0.0256688   0.00387514    -0.116907    0.0255993 -0.000401915  -0.00478035
opening matrixVD_0.txt for writing
