10
1

0.04359969915862387
0.05457034319359379
 0.6474213894877363
  0.993742031716654
  1.121299944974954
  1.303487364076493
  1.788267209003384
  3.151512249395724
  3.749997526537928
  9.072199500891429

  0.03629296836955882 -0.009041156109823685   -0.4929620249871147    0.1202953164668716    0.7728565630129149    -0.191633769340063   -0.3175782460256079   0.07890901594051616  0.001465004945924745 -0.001751219961080112
   0.3942065957512476  -0.09830700237206698   -0.6782904018312794    0.1687407797496042   -0.2378162318428652    0.0569257621082483    0.5175999416056348   -0.1366627281756198 0.0007963164877255647 -0.001198216105517174
  -0.7209324031620657   0.09650030241495311  -0.07884415006633473   0.07130611748769511    0.1733640154123834  -0.07162674326054295    0.4877815611171515    -0.157163868650801   -0.3734862941955666    0.1494469210014531
   0.3672544400203838   0.02059179458831038    0.1762118137004937   -0.2988983470435124    0.2955819004134489    0.3775992529700502      0.10408453661732   -0.1633102804914503   -0.6360200432893631   -0.2689500687666371
  -0.3989519363068138  -0.01673114014320886   -0.2883222444705945  -0.03512162314857577   -0.1282134046957211    0.4230420578607968   -0.1802334226453354  -0.02720172233050476    0.1730732612957875   -0.7054165736803161
   0.1028877279333652 -0.005170515875888159    0.2103810815591113    0.6494246240147507  -0.08657879429540215   -0.4469279125933927  -0.03323290741942685   -0.1005190999890474   -0.2689265454795719   -0.4822907736139481
 -0.01381801774682169  -0.02188657858086224   0.01752258016253259    0.2754061544531242 -0.006662603895725931    0.2724533791494702   -0.3092004905469494   -0.8190804731820294   0.06708593665886957    0.2791073761776232
  0.02073262939532496   0.05397987353944102  -0.02178781072932734   -0.5651761699091552   0.02132410850352222    -0.560376531533317   0.09161907941526559   -0.4886881186920619    0.2052033208814607   -0.2701155473870701
  -0.1278760040084282   -0.4235499857472697   -0.2913542208288751   -0.2076367231454715   -0.3877735790051854   -0.2072587245723959   -0.4398878141632054   0.04366393228384394   -0.5171181009161927    0.1418074771164294
  0.04407995791646858    0.8929857533183466   -0.2158347093856579   -0.0354861860080604   -0.2321861536656467  -0.04905454387135496   -0.2266740282470775   0.03558757600186488   -0.1992180099547624   0.06432220566260663

22.68517636370437
91.02593177424924
39.00340838481206
 156.118888625626
46.30063374122591
185.2816238680404
54.91687377997989
219.8057171595239
 65.6430838378996
262.8277829498036

4.003139634739282

0
0
0
0
0
0
0
0
0
0

0

0
0
0
0
0
0
0
0
0
0

0

0
0
0
0
0
0
0
0
0
0

0

0
0
0
0
0
0
0
0
0
0

0

0
0
0
0
0
0
0
0
0
0

0

0
0
0
0
0
0
0
0
0
0

0

0
0
0
0
0
0
0
0
0
0

0

0
0
0
0
0
0
0
0
0
0

0

0
0
0
0
0
0
0
0
0
0

0

0
0
0
0
0
0
0
0
0
0

0

0
0
0
0
0
0
0
0
0
0

0

0
0
0
0
0
0
0
0
0
0

0

0
0
0
0
0
0
0
0
0
0

0

0
0
0
0
0
0
0
0
0
0

0

0
0
0
0
0
0
0
0
0
0

0

0
0
0
0
0
0
0
0
0
0

0

0
0
0
0
0
0
0
0
0
0

0

0
0
0
0
0
0
0
0
0
0

0

0
0
0
0
0
0
0
0
0
0

0

0
0
0
0
0
0
0
0
0
0

0

0
0
0
0
0
0
0
0
0
0

0

0
0
0
0
0
0
0
0
0
0

0

0
0
0
0
0
0
0
0
0
0

0

0
0
0
0
0
0
0
0
0
0

0

0
0
0
0
0
0
0
0
0
0

0

0
0
0
0
0
0
0
0
0
0

0

0
0
0
0
0
0
0
0
0
0

0

0
0
0
0
0
0
0
0
0
0

0

0
0
0
0
0
0
0
0
0
0

0

0
0
0
0
0
0
0
0
0
0

0

0
0
0
0
0
0
0
0
0
0

0

0
0
0
0
0
0
0
0
0
0

0

0
0
0
0
0
0
0
0
0
0

0

0
0
0
0
0
0
0
0
0
0

0

0
0
0
0
0
0
0
0
0
0

0

0
0
0
0
0
0
0
0
0
0

0

0
0
0
0
0
0
0
0
0
0

0

0
0
0
0
0
0
0
0
0
0

0

0
0
0
0
0
0
0
0
0
0

0

0
0
0
0
0
0
0
0
0
0

0

0
0
0
0
0
0
0
0
0
0

0

0
0
0
0
0
0
0
0
0
0

0

0
0
0
0
0
0
0
0
0
0

0

0
0
0
0
0
0
0
0
0
0

0

0
0
0
0
0
0
0
0
0
0

0

0
0
0
0
0
0
0
0
0
0

0

0
0
0
0
0
0
0
0
0
0

0

0
0
0
0
0
0
0
0
0
0

0

0
0
0
0
0
0
0
0
0
0

0

0
0
0
0
0
0
0
0
0
0

0

0
0
0
0
0
0
0
0
0
0

0

0
0
0
0
0
0
0
0
0
0

0

0
0
0
0
0
0
0
0
0
0

0

0
0
0
0
0
0
0
0
0
0

0

0
0
0
0
0
0
0
0
0
0

0

0
0
0
0
0
0
0
0
0
0

0

0
0
0
0
0
0
0
0
0
0

0

0
0
0
0
0
0
0
0
0
0

0

0
0
0
0
0
0
0
0
0
0

0

0
0
0
0
0
0
0
0
0
0

0

0
0
0
0
0
0
0
0
0
0

0

0
0
0
0
0
0
0
0
0
0

0

0
0
0
0
0
0
0
0
0
0

0

0
0
0
0
0
0
0
0
0
0

0

0
0
0
0
0
0
0
0
0
0

0

0
0
0
0
0
0
0
0
0
0

0

0
0
0
0
0
0
0
0
0
0

0

0
0
0
0
0
0
0
0
0
0

0

0
0
0
0
0
0
0
0
0
0

0

0
0
0
0
0
0
0
0
0
0

0

0
0
0
0
0
0
0
0
0
0

0

0
0
0
0
0
0
0
0
0
0

0

0
0
0
0
0
0
0
0
0
0

0

0
0
0
0
0
0
0
0
0
0

0

0
0
0
0
0
0
0
0
0
0

0

0
0
0
0
0
0
0
0
0
0

0

0
0
0
0
0
0
0
0
0
0

0

    0.1195734240016278   -0.02988563812316997     0.0214385598508957   -0.00397138668213967   -0.02693281721695974   0.004256587508321261    -0.1168854261520252    0.02555381378274588 -0.0002074893056931756  -0.004795299324487954

 2.105781856418957e-05 -6.693266682842211e-05   -0.06610305740781947    0.02665539367158725   -0.03051949040223339    0.03143646806636344    0.04311083271112816    -0.2210909547928032     0.7518792944966417     0.5990875137461278

cov:
   0.9643697843338185     3.999158345851231  0.003925889794793583     0.117493563589153  -0.03660517520780588  -0.06438401479307107  -0.02328020985769927  -0.02966117065917963 -0.005193385930283432   0.03722838958882463
    3.999158345851231     68.18974280376243      -14.135943233123    -1.701905929475142    -14.72691094226455    -2.690604599717398    -13.94327616496552     2.142655273776736    -11.48588809460269     3.738162250617233
 0.003925889794793583      -14.135943233123     5.248383247739323      1.80889065069889     5.769385762374015     1.612145310547135     5.846531752377888   -0.8003232378677474     5.359820394155416    -1.617961875019542
    0.117493563589153    -1.701905929475142      1.80889065069889     4.933616127416848     1.512950831752898     3.508544357709642     1.115189815773369     1.724102462466448    0.8711747756432214    0.7429718971403749
 -0.03660517520780588    -14.72691094226455     5.769385762374015     1.512950831752898      6.68988089406101     2.045381002764171     6.855411916970763    -1.043935578098922     6.467841042178403    -1.948622708710068
 -0.06438401479307107    -2.690604599717398     1.612145310547135     3.508544357709642     2.045381002764171     4.865810185752161     1.371683319354059      1.74092116076013      1.29818003843957    0.9598037542882191
 -0.02328020985769927    -13.94327616496552     5.846531752377888     1.115189815773369     6.855411916970763     1.371683319354059     7.493262826519101    -0.606161314953935     6.870154795037306    -2.409004301579665
 -0.02966117065917963     2.142655273776736   -0.8003232378677474     1.724102462466448    -1.043935578098922      1.74092116076013    -0.606161314953935     4.703280138399117    -1.905559599314333    0.9954746608464514
-0.005193385930283432    -11.48588809460269     5.359820394155416    0.8711747756432214     6.467841042178403      1.29818003843957     6.870154795037306    -1.905559599314333     8.078061077632682    -2.364128977473547
  0.03722838958882463     3.738162250617233    -1.617961875019542    0.7429718971403749    -1.948622708710068    0.9598037542882191    -2.409004301579665    0.9954746608464514    -2.364128977473547     2.698756628484309

cov.inverse():
    54.3872259485042   -13.33492764244155    -98.8935706392958    24.45016072638739   -16.87507714615415    3.978757415448283    61.71507036617161   -16.37010469790243    0.472768188283657  -0.3575129526193705
  -13.33492764244155    3.334079817008861    24.73120716190601   -6.133018191178572    4.232309648340659  -0.9798741369083772   -15.44615111503905    4.099297936838348  -0.1199192214977723  0.08058614697716454
  -98.89357063929543    24.73120716190594    282.4794405642327   -69.60146994502884   -146.2064964998286    36.66516032966437   -35.56708397709655    10.65470429072518  -0.6663633983182476   0.7520172720447827
   24.45016072638729   -6.133018191178558   -69.60146994502887    17.58483566230589     35.3470351959817   -9.152058058104444    9.250748471903998   -2.808667952103627   0.1609990230048167  -0.1992392724925331
  -16.87507714615521    4.232309648340851   -146.2064964998267    35.34703519598125    333.3988443745923   -82.39089402295866   -170.1856052354505    42.88900577684298   0.1983588847287406  -0.5437312043635997
   3.978757415448764   -0.979874136908469    36.66516032966334   -9.152058058104206   -82.39089402295829    20.88128862653848    41.78922485096749   -10.62845580184106   -0.180987635677417 -0.04833495681417808
   61.71507036617169   -15.44615111503911   -35.56708397709785    9.250748471904286   -170.1856052354494    41.78922485096722    143.6715345088126    -37.0575839269276  -0.6154314863440736   0.3063319493662296
  -16.37010469790249    4.099297936838364    10.65470429072553   -2.808667952103707    42.88900577684271     -10.628455801841   -37.05758392692761    9.873746937635996   0.2526844105897162 -0.04319934500320435
   0.472768188283634  -0.1199192214977661  -0.6663633983181604   0.1609990230047951   0.1983588847286767  -0.1809876356774007  -0.6154314863440714    0.252684410589716   0.8353025134593121  0.01252164643007965
 -0.3575129526193701  0.08058614697716428   0.7520172720447339  -0.1992392724925212   -0.543731204363514  -0.0483349568141994   0.3063319493661917 -0.04319934500319481  0.01252164643007975   0.6944889731513901

cov*(cov_.inverse()):
    0.9999999999999836  2.168360976884109e-14   2.62827953845246e-13  -3.93348548177741e-14  6.541989172603735e-14 -5.519087790950561e-14  1.598565030347388e-13  1.784379935476643e-15 -1.731796130111096e-15  6.245004513516506e-16
 2.429167977879843e-13      1.000000000000014 -1.074695887837152e-13  1.088018564132653e-14 -3.139710713639943e-13 -1.637578961322106e-14  1.543210004228968e-13  9.658940314238862e-14 -2.567390744445674e-16  1.332267629550188e-15
-3.652633751016765e-14  1.476596622751458e-14     0.9999999999999216 -6.861178292183467e-14  2.930988785010413e-13 -3.531896997088779e-14   6.63358257213531e-14 -8.576472865229334e-15 -9.367506770274758e-16  2.220446049250313e-16
 2.892130979148533e-14 -5.578870698741412e-15 -1.001421168211891e-13      1.000000000000013  6.616929226765933e-14  2.339795024397517e-14  1.167121954637196e-13 -6.779299344117362e-15 -3.070460552478949e-16                      0
-6.705747068735946e-14  1.201816424156732e-14   9.14823772291129e-14 -1.554312234475219e-15     0.9999999999999605 -5.706546346573305e-14 -1.294520046712933e-13  2.108035968007016e-14 -2.151057110211241e-16 -2.220446049250313e-16
 -3.05311331771918e-15  9.020562075079397e-16 -6.394884621840902e-14  1.931788062847772e-14  1.295630269737558e-13     0.9999999999999787 -3.469446951953614e-14  3.030908857226677e-14 -8.500145032286355e-17  1.110223024625157e-16
 8.992806499463768e-15 -8.992806499463768e-15   2.26707541628457e-13 -1.915134717478395e-14  4.884981308350689e-14 -1.123545700920658e-13      1.000000000000127  4.440892098500626e-14 -2.810252031082427e-16 -4.440892098500626e-16
 2.609024107869118e-14 -1.942890293094024e-16 -9.847678228425139e-14  1.365574320288943e-14   3.68594044175552e-14  1.625088952295073e-14  6.827871601444713e-15                      1  5.169475958410885e-16 -1.110223024625157e-16
-1.022515405679769e-13  1.706967900361178e-14  1.858513343222512e-13  -8.43769498715119e-14  2.240430063693566e-13  4.779510121011299e-14 -3.719247132494274e-14  6.578071420904053e-15     0.9999999999999997  6.661338147750939e-16
-1.054711873393899e-14 -1.057487430955462e-14 -6.084022174945858e-14  7.216449660063518e-15 -1.154631945610163e-14 -8.604228440844963e-15 -1.210143096841421e-14 -5.606626274357041e-15  4.024558464266192e-16                      1
