10
1

0.1733385186182599
 0.910921527011622
 1.078473488693495
  1.15491380506941
 1.692846263231717
 2.012180310941867
 2.306750523770507
 2.750081205055412
 6.948635904023343
 14.12320715935597

   0.555913189583967  -0.2761359075725427  -0.6960148886890928   0.3480026115604876   0.0382321012990807 -0.01993108150982549  0.04666716337016503 0.004986909344160613  0.05785308182660547 -0.04193243621952594
 -0.7352162533055404  0.03451926318937727  -0.5680809910561047  0.06119604649436594   0.2428401966902528   -0.139630972998503  0.09411473390681081 -0.01905879278885261  -0.1879435893912481  0.09376955569451148
 0.02088351151863575 0.008110343375623479  0.04872072726326444 0.002942680099383068   0.3501427744977458  -0.4893234614682631  -0.4998490929161127   0.5019973245865241   0.1154786206350338  -0.3462550776012266
  0.2880972277477642  0.06923765141478008   0.2150578344494366  0.03670362150786669   0.4746329094568675  -0.4066075648616212   0.2871393557093622  -0.1522952728687053  -0.5324770754142517   0.2912529843306333
 0.04658464436918752  0.03046129435787222  0.02301348351242608  0.03576809391003968   0.5744108322807921   0.6541383725036584   -0.254895992790015   0.2111191966722016  0.04919685856325935   0.3539556125138311
 0.01132780646771758  0.01596525526789997 -0.04938381038060977 -0.05721065561797508  0.01922220112548175  -0.2994832814806982  -0.4897663312283244  -0.5597456416917199    0.376245126888672   0.4572730087957936
 -0.2502614853357117  -0.5273557271598217   0.3743073439730134    0.677947369142976   0.1149650151187667 -0.01332144512155352  0.06445728006101589  -0.1315954505344471   0.1401189173534937 -0.07103993773474358
 0.03530157558079244   0.1268137286416032 -0.02920784152586558 -0.08691762102539018   0.3523757348060217   0.2052765654794007  -0.1011316416448566  -0.5891945789082484 -0.07569055815874375  -0.6669709573677687
-0.02812423455834946  -0.6819719327152597 -0.01628485481742849  -0.3783040814369132  -0.1367722273349992   0.0799013254910094   -0.351388295903039 -0.03821783785367547  -0.4904345622328853  0.01388792443314187
0.003875524720411114   0.3965393667638609 0.005569335188352864   0.5088808398632837  -0.3244703860448386  0.09513876341855718   -0.462566056580933 -0.02453595279605671  -0.5045730102147642  0.01597110508775901

22.68138781471883
43.21260444969509
35.55041546350368
68.33533502846529
68.43168452095679
131.7904081152311
80.44535030336927
155.6184548759065
95.48848316114962
 185.307545143776

1.949349970430316

    0.1116433501512326   -0.05721816251610047     -0.101243191879111    0.05186783194870218  -0.003050841284710503   0.001540482899149172  -0.003508847709011703 -0.0004422206507386234  -0.004115345105129326   0.003065618424166635

 0.004978691718415296  -0.01957077372630371   -0.0055124309372707    0.0112077385558654   0.01123965893970266   0.01491220305859374 -0.009747038501399713  -0.05099384363452243     1.050617188684042     1.689459621428765

cov:
   0.9596459929663437      1.97466210124198  -0.06025848417305612  -0.03410498403356962 -0.003166365216925903   0.02789852957714903 -0.008180645856361248   0.01875868207040953  0.006766661139545397   0.02384735259392272
     1.97466210124198      55.4354365440849  -0.09298228067405333     50.72304891678009    -21.04006608421603     5.120078161769827    -25.32414033015251   -0.9057372313742578    -24.25164136630436    0.4527298072028767
 -0.06025848417305612  -0.09298228067405333     1.129141435365432     2.220620452477888  -0.02700807862216211  -0.00412066732515664   0.00297393691966222 -0.009672512820546118 -0.009900377005661489  -0.03482520952940388
 -0.03410498403356962     50.72304891678009     2.220620452477888     61.09169407918247      -30.162066057159     8.122036971798249    -40.12991332082828    -1.735179577462337    -41.81942022580492     1.497374679393803
-0.003166365216925903    -21.04006608421603  -0.02700807862216211      -30.162066057159     24.35160148306868    -5.577549007522657     31.56745823029852    0.5978091780642112     35.56135367487104      -2.2658500218309
  0.02789852957714903     5.120078161769827  -0.00412066732515664     8.122036971798249    -5.577549007522657     4.537904939444346    -10.06137791281298   -0.6448623265993246     -11.7139012370634   -0.5364626918105264
-0.008180645856361248    -25.32414033015251   0.00297393691966222    -40.12991332082828     31.56745823029852    -10.06137791281298     50.30558969813535     3.921855735278179     53.91389439552543    -2.068649421647915
  0.01875868207040953   -0.9057372313742578 -0.009672512820546118    -1.735179577462337    0.5978091780642112   -0.6448623265993246     3.921855735278179     4.628874135903859     2.969209729919449     1.832996715469451
 0.006766661139545397    -24.25164136630436 -0.009900377005661489    -41.81942022580492     35.56135367487104     -11.7139012370634     53.91389439552543     2.969209729919449     63.54701971965541    -1.128997363883198
  0.02384735259392272    0.4527298072028767  -0.03482520952940388     1.497374679393803      -2.2658500218309   -0.5364626918105264    -2.068649421647915     1.832996715469451    -1.128997363883198     4.917011286317894

cov.inverse():
   11.01223501765471   -5.098190379032183   -12.34443943307672    6.360835929602409   0.6067079042143662  -0.3303192821059565   0.8242664264187237  0.09059951512628432    1.119165520533833  -0.7949692008032601
  -5.098190379032202    2.608074450746693    6.347205911139694   -3.255936076444283   -0.312202308212568   0.1624416167198316  -0.4222343141786478 -0.04733898551367573  -0.5735699978300237     0.40323742999417
  -12.34443943307671    6.347205911139689    16.57590855551756   -8.048110180797783  -0.9495558339639898   0.4783890322728948   -1.111152006503307  -0.1044466501303364   -1.286394804298504   0.9344549652132462
   6.360835929602447   -3.255936076444285   -8.048110180797787    4.129069941449969   0.4924085093469462  -0.2456145580892367   0.5687743147347886  0.05421946928271363   0.6584218734584817  -0.4751145889053117
  0.6067079042143788  -0.3122023082125732  -0.9495558339640041   0.4924085093469527   0.5290635123256612  -0.2196302106567725 -0.01636251420583576   0.1072092298007192  -0.1227446865329598  0.01393136045147861
 -0.3303192821059656   0.1624416167198369   0.4783890322729092  -0.2456145580892435   -0.219630210656773   0.5437795190179824  0.05029757564059339 -0.09101155140982344  0.08693169020268303  0.09799814369384498
  0.8242664264187399   -0.422234314178654   -1.111152006503323   0.5687743147347962 -0.01636251420583569  0.05029757564059382   0.4474622640748049  -0.1873865659225598  -0.1381562351412974  0.07813453428872752
 0.09059951512627938 -0.04733898551367352  -0.1044466501303309   0.0542194692827109   0.1072092298007188 -0.09101155140982314  -0.1873865659225603   0.3774427604776608  0.07904860600837206  -0.1752487487524756
   1.119165520533818  -0.5735699978300143   -1.286394804298481   0.6584218734584696  -0.1227446865329624  0.08693169020268486  -0.1381562351413004  0.07904860600837237   0.4245115142728169   -0.199435341123224
 -0.7949692008032528   0.4032374299941672   0.9344549652132399  -0.4751145889053082  0.01393136045147976  0.09799814369384399  0.07813453428872896   -0.175248748752476  -0.1994353411232248   0.3909300644497054

cov*(cov_.inverse()):
     1.000000000000023   1.56472057533108e-14  2.612493554821071e-15 -3.174197016342362e-14 -2.419017677141033e-15  -1.22514845490862e-15  -3.78690134805737e-15  6.097553018058477e-16 -3.473783760643556e-15 -1.682681771697503e-15
 5.384581669432009e-14     0.9999999999999913 -5.662137425588298e-15 -2.386979502944087e-15 -2.155393918901183e-15  1.318389841742373e-16 -2.463307335887066e-15 -5.412337245047638e-16 -7.188694084447889e-15 -6.661338147750939e-16
 1.309022334972099e-14  -7.29104276953052e-15     0.9999999999999779  3.389649672058681e-15   2.09614227017485e-15 -1.421605888562993e-15   1.74946862552261e-15 -1.118896642005041e-16  8.595554823465079e-16 -5.290906601729262e-16
-5.351274978693255e-14 -5.662137425588298e-15  4.152234112098085e-14     0.9999999999999778 -1.280225925270884e-15  4.274358644806853e-15 -3.594347042223944e-15 -7.771561172376096e-16 -8.826273045769994e-15   5.88418203051333e-15
-3.774758283725532e-14  3.297362383136715e-14  5.773159728050814e-15 -3.996802888650564e-14     0.9999999999999967 -2.220446049250313e-16 -5.745404152435185e-15                      0  2.664535259100376e-15 -1.665334536937735e-15
-2.220446049250313e-15 -2.414735078559715e-15   5.10702591327572e-15 -1.554312234475219e-15  6.245004513516506e-17                      1 -3.677613769070831e-16  1.804112415015879e-16 -1.831867990631508e-15  9.992007221626409e-16
-1.554312234475219e-14  3.386180225106727e-14   3.68594044175552e-14  -4.39648317751562e-14 -4.767020111984266e-15 -1.221245327087672e-15     0.9999999999999947 -1.221245327087672e-15  1.165734175856414e-15 -1.887379141862766e-15
 4.440892098500626e-15                      0  -1.77635683940025e-15  1.665334536937735e-15  8.673617379884035e-17 -1.942890293094024e-16  8.326672684688674e-17                      1  5.551115123125783e-16 -4.440892098500626e-16
 -3.33066907387547e-16  2.187139358511558e-14 -4.063416270128073e-14 -8.881784197001252e-15 -1.158795281952507e-15 -4.024558464266192e-16 -3.858025010572419e-15 -6.106226635438361e-16      1.000000000000001 -2.886579864025407e-15
 4.440892098500626e-16  4.440892098500626e-16 -2.664535259100376e-15 -1.332267629550188e-15  1.387778780781446e-17  5.551115123125783e-17  1.665334536937735e-16 -2.220446049250313e-16 -1.110223024625157e-16                      1
