5
1

 0.00193792217204881
0.002066946028223242
0.004907741598410372
 0.08382625936147264
  0.5881896076800096

  0.3994200313313622  -0.8096963288050685   0.4244063521249955  0.04017364876503704 -0.05586429908004959
  0.1969796798358994  0.00331337913335879 -0.02669115894925337  -0.7743514900351076   0.6007123930508006
  0.4617377855026298  -0.1836529456087115  -0.7865693005420462   0.3033929894166031   0.2057455769294313
 -0.6565412442677597  -0.3675644353573174 -0.03316304691727453   0.2904490705156143   0.5902453135701945
  0.3967549071120228   0.4189855105704881   0.4465151487618971   0.4715483848289427   0.4952807570518705

 0.399261367472993
0.3990483197731039
0.3989988679828361
0.3990749840328766
0.3990509719180581

-0.0001390134572124597

  4.631006556460789  0.4695930868337534  -5.088173722077508  0.8865220124580362 -0.8981212504195097

-2.269010522822896e-06 -7.536824918079475e-07  0.0001478502596726301   -0.02330758120008945   -0.09154409013611249

cov:
0.05749500446225227 0.05920414522471232 0.06143536602981602 0.06338949140619153 0.06526393810969031
0.05920414522471232 0.06168674064772847  0.0648125201231519 0.06760172251527742 0.07026827704656931
0.06143536602981602  0.0648125201231519 0.06900075200208197  0.0727712855347933 0.07636912895590087
0.06338949140619153 0.06760172251527742  0.0727712855347933 0.07752606551724464 0.08200435811627488
0.06526393810969031 0.07026827704656931 0.07636912895590087 0.08200435811627488 0.08731740744781835

cov.inverse():
 60475.82365460193 -89448.22307869082  28831.75504076555 -25640.47817406636   25645.0243962408
-89448.22307873334  175993.4706189278 -85523.07528637565 -11589.97126178481  10911.18357954781
 28831.75504076801 -85523.07528633147  73815.63823070453 -530.8689903097768 -16787.22714671163
-25640.47817393599 -11589.97126205338 -530.8689901586082  144615.8195234367 -106860.4741206518
 25645.02439615035  10911.18357972969 -16787.22714681628 -106860.4741206382  87103.42381498069

cov*(cov_.inverse()):
    0.9999999999997726  1.591615728102624e-12  9.094947017729282e-13  1.818989403545856e-12                      0
-1.818989403545856e-12      1.000000000001933  -1.13686837721616e-12  9.094947017729282e-13  9.094947017729282e-13
-6.821210263296962e-13  6.821210263296962e-13                      1  9.094947017729282e-13                      0
 4.547473508864641e-13 -4.547473508864641e-13  1.364242052659392e-12      0.999999999998181  1.818989403545856e-12
-4.547473508864641e-13  3.410605131648481e-13 -4.547473508864641e-13                      0      1.000000000000909
