5
1

0.0005821198328724203
0.0009467337246212228
 0.002733737095907311
  0.03889305046757437
   0.5670518971296391

-0.003699822925188476   -0.1076454938690418     0.565812108531782    -0.758728058861405    0.3042813656720303
  0.00366181462477645     0.573840086005955   -0.6075850808370024   -0.3728621141872611    0.4031232567769211
   0.6148478225129959    -0.619426048443378   -0.3323241096470285  -0.01977446591927558    0.3569918518758757
  -0.6587450537144265   -0.2837814549870636  -0.02256866806468413    0.2820163473840242    0.6367734880176485
   0.4335781495668125    0.4414741891182494    0.4469321746665916    0.4531901662723838    0.4604137628290488

0.4020006433825144
0.4021351740216806
0.4021103605552408
0.4020955451334972
0.4020569850880388

0.0007941778007764888

  -3.71768972437637   11.02640638822128 0.01872684095515655   6.735585507450581  -14.07184076535151

-3.576659828232418e-06 -1.686602256042644e-06 -0.0001067100595714351   -0.01171037908870552   -0.05210156443969569

cov:
0.06110702546401362 0.06182855373206413  0.0623305104181421 0.06290090609022017  0.0635562218273108
0.06182855373206413 0.06279448766673659  0.0634551850094834 0.06421151244071552 0.06508326916441522
 0.0623305104181421  0.0634551850094834 0.06423069450276574 0.06511847475912103 0.06614331288356987
0.06290090609022017 0.06421151244071552 0.06511847475912103 0.06616055496551844   0.067363944443196
 0.0635562218273108 0.06508326916441522 0.06614331288356987   0.067363944443196 0.06877646930071626

cov.inverse():
 50927.81815159553 -47317.77955634714 -35990.65504075627  5011.634270118306  27418.58951733501
-47317.77955604533   452979.248655371 -541183.3216104186  3891.958145746229  131723.0898323478
-35990.65504127171 -541183.3216044059  1371403.256456057   -1013243.7867409  218917.2179377379
 5011.634270292417  3891.958135677994 -1013243.786727177  1854036.426150306  -849821.581226974
 27418.58951737498  131723.0898367058  218917.2179295106 -849821.5812231437  471859.5299297454

cov*(cov_.inverse()):
    0.9999999999997726 -9.094947017729282e-12  1.091393642127514e-11  -2.91038304567337e-11  1.091393642127514e-11
                     0      0.999999999996362  3.637978807091713e-12 -2.182787284255028e-11  3.637978807091713e-12
-2.273736754432321e-13  5.456968210637569e-12      0.999999999992724 -2.182787284255028e-11                      0
-4.547473508864641e-13 -9.094947017729282e-12  2.182787284255028e-11      0.999999999992724  7.275957614183426e-12
                     0                      0  3.637978807091713e-12                      0      1.000000000003638
