5
1

0.001527052510005207
0.001700237256803433
0.002975787665876365
 0.09406483644647859
  0.5715838902991291

  0.2866275485483852  -0.1871701476939048  -0.6640605384568721   0.6580959133451055 -0.09351659921225343
  -0.338957629331717   0.8281799267474367  -0.4419634991727035 -0.06079750671740371  0.01405926834510317
  0.3564407015012541   -0.117728719199746  -0.4037867301585944  -0.5014206780768706    0.666800986152273
 -0.7238610538322876   -0.291146130519137 -0.01373555924442712   0.2968218521577214    0.550424588769839
  0.3897788796087718   0.4248049247645007   0.4477270123897623   0.4729561540925435   0.4934229418959818

0.3991603042732749
0.3991722818634094
0.3990595543701632
0.3989801257563064
0.3989396527970461

0.0008491602878757246

0
0
0
0
0

0

0
0
0
0
0

0

0
0
0
0
0

0

0
0
0
0
0

0

0
0
0
0
0

0

0
0
0
0
0

0

0
0
0
0
0

0

0
0
0
0
0

0

0
0
0
0
0

0

0
0
0
0
0

0

0
0
0
0
0

0

0
0
0
0
0

0

0
0
0
0
0

0

0
0
0
0
0

0

0
0
0
0
0

0

0
0
0
0
0

0

0
0
0
0
0

0

0
0
0
0
0

0

0
0
0
0
0

0

0
0
0
0
0

0

0
0
0
0
0

0

0
0
0
0
0

0

0
0
0
0
0

0

0
0
0
0
0

0

0
0
0
0
0

0

0
0
0
0
0

0

0
0
0
0
0

0

0
0
0
0
0

0

0
0
0
0
0

0

0
0
0
0
0

0

0
0
0
0
0

0

0
0
0
0
0

0

0
0
0
0
0

0

0
0
0
0
0

0

0
0
0
0
0

0

0
0
0
0
0

0

0
0
0
0
0

0

0
0
0
0
0

0

0
0
0
0
0

0

0
0
0
0
0

0

0
0
0
0
0

0

0
0
0
0
0

0

0
0
0
0
0

0

0
0
0
0
0

0

0
0
0
0
0

0

0
0
0
0
0

0

0
0
0
0
0

0

0
0
0
0
0

0

0
0
0
0
0

0

0
0
0
0
0

0

0
0
0
0
0

0

0
0
0
0
0

0

0
0
0
0
0

0

0
0
0
0
0

0

0
0
0
0
0

0

0
0
0
0
0

0

0
0
0
0
0

0

0
0
0
0
0

0

0
0
0
0
0

0

0
0
0
0
0

0

0
0
0
0
0

0

0
0
0
0
0

0

0
0
0
0
0

0

0
0
0
0
0

0

0
0
0
0
0

0

0
0
0
0
0

0

0
0
0
0
0

0

0
0
0
0
0

0

0
0
0
0
0

0

0
0
0
0
0

0

0
0
0
0
0

0

0
0
0
0
0

0

0
0
0
0
0

0

0
0
0
0
0

0

0
0
0
0
0

0

0
0
0
0
0

0

0
0
0
0
0

0

   2.58520961752696  0.4701246758122505 -0.8500908922001452  -1.994478984945085 -0.2077769519582576

-1.763306405288907e-07  2.057849443352611e-08  1.833854849121274e-05   -0.02391579584390326    -0.0715687822104938

cov:
0.05427385538935965 0.05595977315619821 0.05710200827706238 0.05832591092308344 0.05931105316194894
0.05595977315619821 0.05970971187094569 0.06217382821847969 0.06487571582373405 0.06706222354741349
0.05710200827706238 0.06217382821847969 0.06549644993847362 0.06914694058778387 0.07210681119489126
0.05832591092308344 0.06487571582373405 0.06914694058778387 0.07386333691712231 0.07768552939706341
0.05931105316194894 0.06706222354741349 0.07210681119489126 0.07768552939706341 0.08222706099761862

cov.inverse():
 89382.25742696201 -124827.8520409131 -46053.54205900304  67812.82351461783  13652.15356559965
-124827.8520407491   253861.774195065 -67946.63287433123  -63583.0027971719  2651.567203963177
-46053.54205932844 -67946.63287379949  275089.4888431103 -155249.1728657176 -5923.540022186477
 67812.82351479761 -63583.00279753004 -155249.1728655895   215406.629450773 -64425.11282041253
 13652.15356558141  2651.567203953563 -5923.540022108579 -64425.11282046259  54063.50324920005

cov*(cov_.inverse()):
     1.000000000003411 -1.477928890381008e-12 -3.979039320256561e-12  1.364242052659392e-12 -4.547473508864641e-13
 3.183231456205249e-12     0.9999999999983515 -5.684341886080801e-13  1.818989403545856e-12 -4.547473508864641e-13
 2.387423592153937e-12 -1.733724275254644e-12     0.9999999999974989  1.818989403545856e-12 -1.364242052659392e-12
 3.410605131648481e-12 -1.506350599811412e-12  1.477928890381008e-12                      1 -9.094947017729282e-13
 1.364242052659392e-12 -5.115907697472721e-13 -2.046363078989089e-12                      0                      1
