5
1

 0.00171115621506114
0.001902307956442688
0.003328506568116942
  0.1023469621226571
  0.5866157520166335

  0.2798834976270774  -0.1682811334424422  -0.6754396801137801   0.6548583470754917 -0.09104104391267767
 -0.3434109255671653    0.831651881559916  -0.4287130101631354 -0.07891722927289349  0.02003272172489705
   0.357479910098735  -0.1219518594721964  -0.3991474777646078  -0.5030831002455509   0.6670266434622771
 -0.7299763282992038  -0.2978063816007164 -0.02088877491735068   0.2893341381914262   0.5424899397778536
  0.3782549906554446   0.4200901225622194   0.4474721706668049   0.4776251322049483   0.5020859891839768

0.3993625273840144
0.3993798644221839
0.3992422886276076
0.3991580248279817
0.3991085402454567

0.0008342506593751235

  2.588088405852317  0.4660105308663455 -0.8528928068561676  -1.987361836704331 -0.2098894326971238

-1.765964053583193e-07  6.173405154335785e-08  2.291787385112084e-05   -0.02827262446325456   -0.08999324143890855

cov:
0.05481910560116537 0.05695626564131261 0.05840305444713669 0.05995604179449682 0.06120813572688554
0.05695626564131261  0.0616602311909922 0.06475158515278481 0.06814331475335886 0.07088875749492438
0.05840305444713669 0.06475158515278481 0.06891155424094625 0.07348401192083083 0.07719132890259761
0.05995604179449682 0.06814331475335886 0.07348401192083083 0.07938317249058807 0.08416281563417255
0.06120813572688554 0.07088875749492438 0.07719132890259761 0.08416281563417255 0.08983650343321266

cov.inverse():
 70927.77297617651  -98920.4741240194 -36756.72154153699  53832.42490439201   10882.0405792061
-98920.47412409032  202149.5774037461   -55311.416522613 -50242.37370537401  2479.023644317871
-36756.72154133106 -55311.41652292306  220979.6193914739 -123587.6479867672 -5403.795082433595
 53832.42490416884 -50242.37370504062 -123587.6479867599  171032.8864902933  -51071.4159409059
 10882.04057929423  2479.023644223576 -5403.795082544779 -51071.41594078859  43129.86165715753

cov*(cov_.inverse()):
     1.000000000001364  7.105427357601002e-13  1.989519660128281e-12 -4.547473508864641e-13  4.547473508864641e-13
 -1.13686837721616e-13      1.000000000001364  3.353761712787673e-12 -4.092726157978177e-12  9.094947017729282e-13
 9.094947017729282e-13  7.673861546209082e-13     0.9999999999984084 -1.818989403545856e-12  4.547473508864641e-13
-2.273736754432321e-13  8.242295734817162e-13  1.875832822406664e-12                      1 -4.547473508864641e-13
 2.273736754432321e-12 -7.105427357601002e-13 -6.821210263296962e-13  1.818989403545856e-12                      1
