5
2

0.2158559721294878
 1.572996684642452
 1.939579651551393
 7.021608910201251
 13.74099235798935

 -0.5851139036374607     0.79970634148838  -0.1123402195575947  -0.0655553745336945 -0.03454931392809601
  0.1618001643749513  0.04814646650461558  -0.8272544207672645   0.5333173855308931  0.05220454178392463
  0.2987994190497192   0.2202374152242713   0.1566912017273488   0.2194928083262699  -0.8885297758123636
 -0.6467269497479119  -0.3980710602447075   0.2265068908178348   0.5961121175883721  -0.1289521428350931
  0.3520306609141944   0.3888272072236938   0.4766259477871995   0.5547506732917005   0.4358522835517754

33.38676895145403
54.39771368212967
106.0243175373494
131.3884732470425
78.62758171285729

 1.569800809741795
-1.319271593144267

0
0
0
0
0

0
0

0
0
0
0
0

0
0

0
0
0
0
0

0
0

0
0
0
0
0

0
0

0
0
0
0
0

0
0

0
0
0
0
0

0
0

0
0
0
0
0

0
0

0
0
0
0
0

0
0

0
0
0
0
0

0
0

0
0
0
0
0

0
0

0
0
0
0
0

0
0

0
0
0
0
0

0
0

0
0
0
0
0

0
0

0
0
0
0
0

0
0

0
0
0
0
0

0
0

0
0
0
0
0

0
0

0
0
0
0
0

0
0

0
0
0
0
0

0
0

0
0
0
0
0

0
0

0
0
0
0
0

0
0

0
0
0
0
0

0
0

0
0
0
0
0

0
0

0
0
0
0
0

0
0

0
0
0
0
0

0
0

0
0
0
0
0

0
0

0
0
0
0
0

0
0

0
0
0
0
0

0
0

0
0
0
0
0

0
0

0
0
0
0
0

0
0

0
0
0
0
0

0
0

0
0
0
0
0

0
0

0
0
0
0
0

0
0

0
0
0
0
0

0
0

0
0
0
0
0

0
0

0
0
0
0
0

0
0

0
0
0
0
0

0
0

0
0
0
0
0

0
0

0
0
0
0
0

0
0

0
0
0
0
0

0
0

0
0
0
0
0

0
0

0
0
0
0
0

0
0

0
0
0
0
0

0
0

0
0
0
0
0

0
0

0
0
0
0
0

0
0

0
0
0
0
0

0
0

0
0
0
0
0

0
0

0
0
0
0
0

0
0

0
0
0
0
0

0
0

0
0
0
0
0

0
0

0
0
0
0
0

0
0

0
0
0
0
0

0
0

0
0
0
0
0

0
0

0
0
0
0
0

0
0

0
0
0
0
0

0
0

0
0
0
0
0

0
0

0
0
0
0
0

0
0

0
0
0
0
0

0
0

0
0
0
0
0

0
0

0
0
0
0
0

0
0

0
0
0
0
0

0
0

0
0
0
0
0

0
0

0
0
0
0
0

0
0

0
0
0
0
0

0
0

0
0
0
0
0

0
0

0
0
0
0
0

0
0

0
0
0
0
0

0
0

0
0
0
0
0

0
0

0
0
0
0
0

0
0

0
0
0
0
0

0
0

0
0
0
0
0

0
0

0
0
0
0
0

0
0

0
0
0
0
0

0
0

0
0
0
0
0

0
0

0
0
0
0
0

0
0

0
0
0
0
0

0
0

0
0
0
0
0

0
0

0
0
0
0
0

0
0

 -0.07383054121550017   0.07318807675786033 0.0002498342370493732 0.0001476024408350078  0.000237974946231077
    2.632741009860364    -1.616160321998652 -0.005822600647910708 -0.003518098220595428 -0.007093157719767873

0.004737763928835678 -0.02112469415769251 -0.02287906777981417   0.9233481444102523   0.5233161290991417
 -0.1319432635057144   0.8678319384648749    1.637737362521168   -52.35086674836977    54.86582792705759

cov:
44.43685362642254 38.78256965603865 24.30637666781542 18.32816157341279 32.10528282497813
38.78256965603865 36.57686426399813 30.57378238203708 29.27136884625886 33.79827600458579
24.30637666781542 30.57378238203708 47.20926771564655 55.61941625317651 37.15361512341293
18.32816157341279 29.27136884625886 55.61941625317651 76.51246358795909  41.1988198129775
32.10528282497813 33.79827600458579 37.15361512341293  41.1988198129775 39.66529507142536

cov.inverse():
    7.391174349539818    -10.01593502747969     1.367009042156849    0.8687517993315347      0.36920731108406
   -10.01593502747969     13.74349565734497    -1.935907242369884    -1.105593983382797   -0.6420452118088149
    1.367009042156852    -1.935907242369887    0.5562097732604112  -0.00696853867380014   0.02934573151752366
   0.8687517993315329    -1.105593983382794 -0.006968538673800883     0.228828987859584  0.007741541859871657
   0.3692073110840606   -0.6420452118088159    0.0293457315175238  0.007741541859871754    0.2379226906862378

cov*(cov_.inverse()):
    0.9999999999999876  3.552713678800501e-14   5.88418203051333e-15 -5.662137425588298e-15  5.329070518200751e-15
  -1.4210854715202e-14       1.00000000000005  4.662936703425657e-15 -8.160139230994901e-15   1.77635683940025e-15
 5.329070518200751e-15   1.06581410364015e-14      1.000000000000006 -4.052314039881821e-15  5.329070518200751e-15
 1.953992523340276e-14    1.4210854715202e-14 -2.664535259100376e-15      1.000000000000005  5.329070518200751e-15
 1.953992523340276e-14  5.329070518200751e-14  8.659739592076221e-15 -3.164135620181696e-15      1.000000000000005
