5
2

0.04165210383666239
 0.3391816476061608
  1.360526951795782
  8.424574327495742
  48.27750474191496

   -0.4351030615046193     0.8162519073895739    -0.3800228978345611 -0.0003415201420651836  -0.000793749082093352
   -0.5511520348926252     0.0760189686682043     0.7948670429104435    -0.1036483895694916    -0.2188514251057075
    0.1948955504834666     0.1588248620647034     0.1179331380585564       -0.8710307938471     0.4052005907074009
   -0.6560771250182209    -0.4749385803889726    -0.2700138130560194   -0.02810140596636565     0.5199028780720452
    0.1962021680119722     0.2777803955172874     0.3700720158602114      0.479345973026214     0.7194559766617923

9.166702593159462
14.74918473546253
21.06480519866525
 28.4657193443147
44.87781592781136

  0.4170928883998739
-0.05459168634910969

0
0
0
0
0

0
0

0
0
0
0
0

0
0

0
0
0
0
0

0
0

0
0
0
0
0

0
0

0
0
0
0
0

0
0

0
0
0
0
0

0
0

0
0
0
0
0

0
0

0
0
0
0
0

0
0

0
0
0
0
0

0
0

0
0
0
0
0

0
0

0
0
0
0
0

0
0

0
0
0
0
0

0
0

0
0
0
0
0

0
0

0
0
0
0
0

0
0

0
0
0
0
0

0
0

0
0
0
0
0

0
0

0
0
0
0
0

0
0

0
0
0
0
0

0
0

0
0
0
0
0

0
0

0
0
0
0
0

0
0

0
0
0
0
0

0
0

0
0
0
0
0

0
0

0
0
0
0
0

0
0

0
0
0
0
0

0
0

0
0
0
0
0

0
0

0
0
0
0
0

0
0

0
0
0
0
0

0
0

0
0
0
0
0

0
0

0
0
0
0
0

0
0

0
0
0
0
0

0
0

0
0
0
0
0

0
0

0
0
0
0
0

0
0

0
0
0
0
0

0
0

0
0
0
0
0

0
0

0
0
0
0
0

0
0

0
0
0
0
0

0
0

0
0
0
0
0

0
0

0
0
0
0
0

0
0

0
0
0
0
0

0
0

0
0
0
0
0

0
0

0
0
0
0
0

0
0

0
0
0
0
0

0
0

0
0
0
0
0

0
0

0
0
0
0
0

0
0

0
0
0
0
0

0
0

0
0
0
0
0

0
0

0
0
0
0
0

0
0

0
0
0
0
0

0
0

0
0
0
0
0

0
0

0
0
0
0
0

0
0

0
0
0
0
0

0
0

0
0
0
0
0

0
0

0
0
0
0
0

0
0

0
0
0
0
0

0
0

0
0
0
0
0

0
0

0
0
0
0
0

0
0

0
0
0
0
0

0
0

0
0
0
0
0

0
0

0
0
0
0
0

0
0

0
0
0
0
0

0
0

0
0
0
0
0

0
0

0
0
0
0
0

0
0

0
0
0
0
0

0
0

0
0
0
0
0

0
0

0
0
0
0
0

0
0

0
0
0
0
0

0
0

0
0
0
0
0

0
0

0
0
0
0
0

0
0

0
0
0
0
0

0
0

0
0
0
0
0

0
0

0
0
0
0
0

0
0

0
0
0
0
0

0
0

0
0
0
0
0

0
0

0
0
0
0
0

0
0

0
0
0
0
0

0
0

0
0
0
0
0

0
0

0
0
0
0
0

0
0

  -0.03504961813421937  0.0001399248528920116    0.03482907981546008  2.890204887822561e-05   5.32093689983755e-05
     1.596834649373764     0.3352066814719938    -0.9307741056110214 -0.0003812576435374762 -0.0009008582199032528

 3.692747455967123e-06   0.005406864375826638  -0.005006865382437062     0.9617836736490398      14.22544307939185
-0.0001170331376708445    -0.1834059316494434     0.4713713868526279     -67.84955969456415      142.4812638636763

cov:
120.3768455998275 149.1936315295493 181.7962767264434 220.2018484486369 304.9526011695643
149.1936315295493  195.900458064541 248.7375625946787  311.032083638742 448.3879776056718
181.7962767264434 248.7375625946787 324.4726166343499 413.7907766514055 610.6598661398803
220.2018484486369  311.032083638742 413.7907766514055 536.9965748334547 802.1030078113309
304.9526011695643 448.3879776056718 610.6598661398803 802.1030078113309 1225.912234247339

cov.inverse():
   111.7885696467713   -205.0546592289699    91.51461355286011   0.4907978040333397    1.285456458131278
  -205.0546592289482    384.1053663129417    -178.259740442465  -0.3036628018217327  -0.4866894828556294
   91.51461355283104   -178.2597404424294    88.74312265911853  -0.6966342266020965   -1.314275111064541
  0.4907978040360196  -0.3036628018268714  -0.6966342265996139   0.5034345670698157 0.006598242069082222
   1.285456458136037  -0.4866894828645683   -1.314275111060386 0.006598242069105915   0.5094206571071785

cov*(cov_.inverse()):
     1.000000000006196 -1.304556462855544e-11  4.035882739117369e-12 -2.886579864025407e-14  2.842170943040401e-14
-5.684341886080801e-12     0.9999999999922409  1.250555214937776e-12 -2.176037128265307e-14 -2.842170943040401e-14
 -1.13686837721616e-13   6.02540239924565e-12      1.000000000002387 -2.131628207280301e-14 -5.684341886080801e-14
-6.366462912410498e-12 -5.968558980384842e-12  6.139089236967266e-12      0.999999999999944                      0
 6.821210263296962e-13 -7.617018127348274e-12  2.046363078989089e-12 -4.618527782440651e-14                      1
