5 
6 
7 
9 
11 
inputFileName = /Users/demattia/RemoteProjects/extracted_hybrid.root
eventsFractionStartBuild = 0
eventsFractionEndBuild = 0.2
eventsFractionStartTest = 0.8
eventsFractionEndTest = 1
var name = R
var name = z
par name = cotTheta
firstOrderChargeOverPtCoefficientsFileName = 
firstOrderCotThetaCoefficientsFileName = 
pT > 2, pT regions = 1
0 < phi < 0.8, phi regions = 1
-3 < eta < 3, eta regions = 1
-15 < z0 < 15, eta regions = 1
charge regions = 1
endcap regions = 0
Training
Requested running from track number 0 to track number 1000000 for a total of 1000000 tracks.
Analyzed 10% of 1000000 tracks
Analyzed 20% of 1000000 tracks
Analyzed 30% of 1000000 tracks
Analyzed 40% of 1000000 tracks
Analyzed 50% of 1000000 tracks
Analyzed 60% of 1000000 tracks
Analyzed 70% of 1000000 tracks
Analyzed 80% of 1000000 tracks
Analyzed 90% of 1000000 tracks
Analyzed 100% of 1000000 tracks
Evaluating eigenvalues:
geomIndex = 0
Sqrt(eigenvalues) of cov:
 0.0732371 0.226719 0.75979 0.993394 1.37611 1.59074 1.61759 1.85727 4.51754 10.2109
Analyzed 10% of 1000000 tracks
Analyzed 20% of 1000000 tracks
Analyzed 30% of 1000000 tracks
Analyzed 40% of 1000000 tracks
Analyzed 50% of 1000000 tracks
Analyzed 60% of 1000000 tracks
Analyzed 70% of 1000000 tracks
Analyzed 80% of 1000000 tracks
Analyzed 90% of 1000000 tracks
Analyzed 100% of 1000000 tracks
opening GeometricIndex.txt for writing
Matrices built:
geomIndex = 0

V_0:
    0.346306    -0.273369    -0.640159     0.505641     0.293519    -0.231756  0.000134118 -0.000541972  0.000126781 -0.000363508
     0.44515    -0.332155   -0.0524856    0.0382454    -0.635859     0.480606     0.151417    -0.104104    0.0950529   -0.0959147
     0.17277   -0.0435562    0.0748479   -0.0315965   -0.0217138   0.00580965     -0.84637     0.283095     0.290472    -0.283352
   -0.680284   -0.0086635     -0.57392   -0.0001767     -0.42089    0.0455037    -0.165113  -0.00866437    0.0308446    -0.015704
    0.260993     0.233758    -0.059782   -0.0684355    -0.247759    -0.184178     -0.39404    -0.380052     -0.30065     0.619337
    0.283476     0.420272    -0.209601    -0.241105     -0.29797    -0.396541       0.1613     0.249363    -0.311728     -0.45776
    0.116642     0.180767   -0.0959362    -0.112989    -0.147592    -0.208508     0.224702     0.394204     0.675194     0.452452
    0.163311     0.181773     -0.44236    -0.583663     0.399784     0.484591   -0.0190672   -0.0825354    0.0425717     0.017303
  -0.0201508    -0.304756  -0.00344608   -0.0872277   0.00917191     0.157708   -0.0325198     0.710636    -0.506836     0.333462
   0.0109174     0.650465   0.00710188     0.563927   0.00675286     0.467825   -0.0164614     0.187378   -0.0590913    0.0305382
corrPV_0:
5.76846e-05  0.00381462  0.00613928 -0.00976013   0.0153118 -0.00715497 -0.00525313 0.000294906    0.311272   -0.662036
D_0:
   0.0460374   -0.0363915  -0.00414109   0.00333612   -0.0408331    0.0323129 -0.000616023  0.000437256 -0.000417185  0.000307404
opening matrixVD_0.txt for writing
