5 
6 
7 
9 
11 
inputFileName = /Users/demattia/RemoteProjects/extracted_hybrid.root
eventsFractionStartBuild = 0
eventsFractionEndBuild = 0.2
eventsFractionStartTest = 0.8
eventsFractionEndTest = 1
var name = R
var name = z
par name = cotTheta
firstOrderChargeOverPtCoefficientsFileName = 
firstOrderCotThetaCoefficientsFileName = 
2 < pT < 10, pT regions = 1
0 < phi < 0.8, phi regions = 1
-3 < eta < 3, eta regions = 1
-15 < z0 < 15, eta regions = 1
charge regions = 1
endcap regions = 0
Training
Requested running from track number 0 to track number 1000000 for a total of 1000000 tracks.
Analyzed 10% of 1000000 tracks
Analyzed 20% of 1000000 tracks
Analyzed 30% of 1000000 tracks
Analyzed 40% of 1000000 tracks
Analyzed 50% of 1000000 tracks
Analyzed 60% of 1000000 tracks
Analyzed 70% of 1000000 tracks
Analyzed 80% of 1000000 tracks
Analyzed 90% of 1000000 tracks
Analyzed 100% of 1000000 tracks
Evaluating eigenvalues:
geomIndex = 0
Sqrt(eigenvalues) of cov:
 0.0728386 0.226781 0.760102 0.994291 1.38576 1.58762 1.63426 1.84381 4.52916 10.2216
Analyzed 10% of 1000000 tracks
Analyzed 20% of 1000000 tracks
Analyzed 30% of 1000000 tracks
Analyzed 40% of 1000000 tracks
Analyzed 50% of 1000000 tracks
Analyzed 60% of 1000000 tracks
Analyzed 70% of 1000000 tracks
Analyzed 80% of 1000000 tracks
Analyzed 90% of 1000000 tracks
Analyzed 100% of 1000000 tracks
opening GeometricIndex.txt for writing
Matrices built:
geomIndex = 0

V_0:
   -0.346042     0.273071     0.640165    -0.505417    -0.294287     0.232002  4.57335e-05  0.000500307 -0.000114877  0.000195666
   -0.444113     0.332974    0.0530557   -0.0393066     0.635602    -0.480441     -0.15344     0.103999   -0.0954377    0.0961812
   -0.168743    0.0430815   -0.0668636    0.0355564    0.0231661   -0.0109957     0.847789     -0.28177    -0.294189     0.280339
    0.683104    0.0101964     0.571761  -0.00372093     0.421529   -0.0442678     0.159791    0.0121246   -0.0312591   0.00603354
   -0.254036     -0.21663     0.056778    0.0688402     0.223654     0.152805     0.404006     0.400246     0.307877    -0.623696
   -0.264416    -0.390127     0.198938     0.224902     0.276714     0.356989    -0.104639    -0.168897      0.43025     0.509045
   -0.166507    -0.250565      0.11301     0.131142     0.218358     0.298389    -0.238172     -0.41736    -0.601207    -0.387869
     0.15874     0.184484    -0.447622    -0.586327     0.395964     0.479852   0.00387868   -0.0600486    0.0728994    0.0253192
  -0.0203974    -0.307617  -0.00252446    -0.088283   0.00892009     0.155544   -0.0316911     0.711992    -0.502999     0.334569
   0.0110964     0.649637   0.00708671     0.563595   0.00652337     0.467967   -0.0161916     0.190241   -0.0607589    0.0312859
corrPV_0:
-5.68132e-05  -0.00379299  -0.00617838   0.00988262   -0.0161465   0.00548371    0.0060238  -0.00079045     0.313057    -0.657148
D_0:
   0.0458596   -0.0362559   -0.0041062   0.00334416   -0.0405417    0.0321073  -0.00069738  0.000468166 -0.000446427  0.000346969
opening matrixVD_0.txt for writing
