10
1

0.07323708688782724
 0.2267192725397662
 0.7597895894007387
 0.9933941530525527
  1.376112208260813
   1.59074061605101
  1.617586339171277
  1.857265679620164
  4.517539114562648
  10.21087994288671

    0.3463059851425819    -0.2733690348422038    -0.6401594191807248     0.5056407167905298     0.2935189712749813    -0.2317564941299264  0.0001341178940144343 -0.0005419715509028359  0.0001267806933845488 -0.0003635076193728978
    0.4451497862442769    -0.3321546636419132   -0.05248561719349765     0.0382454361993155    -0.6358586109746845     0.4806058527831454     0.1514165131304514    -0.1041042495040588    0.09505288871147922   -0.09591469167697493
    0.1727696685745804   -0.04355617425834862    0.07484794543515987   -0.03159654264185133   -0.02171383826758275   0.005809651147682037    -0.8463701731602933     0.2830950750591115     0.2904721400347844     -0.283351983173858
   -0.6802843566822331  -0.008663502020041491    -0.5739199760793096 -0.0001767004705829437    -0.4208896886748383    0.04550371880828826    -0.1651125998998794  -0.008664368447480416    0.03084462377315196   -0.01570402560082658
    0.2609934718776015     0.2337580499901843    -0.0597820222728548   -0.06843545690933281    -0.2477587320043949    -0.1841775752288472    -0.3940404095821569    -0.3800518784311604    -0.3006500167347643     0.6193373910928485
    0.2834761927950111     0.4202715428577243    -0.2096007242371701    -0.2411051404588645    -0.2979700510642716    -0.3965408669313841     0.1612997058444643     0.2493629628166555    -0.3117279478864199    -0.4577601115479271
    0.1166424489633382     0.1807666487229266   -0.09593622076080263    -0.1129894194998212    -0.1475924856006779    -0.2085083987049657     0.2247017298127306     0.3942041649569877     0.6751944041535261     0.4524522315667648
     0.163311416454824      0.181772968088356    -0.4423600340239862    -0.5836630161857101     0.3997837065985492     0.4845912148663659   -0.01906721472106216   -0.08253537546895515    0.04257174143475551    0.01730304961616655
   -0.0201507838147913    -0.3047563087231608  -0.003446080032804865   -0.08722766599419544   0.009171910272136303     0.1577083427930079    -0.0325197947855748     0.7106357380337583    -0.5068363728607153     0.3334623721199348
   0.01091742450828012      0.650465261971102   0.007101882309234735     0.5639268461323046   0.006752860485472589     0.4678250138895862   -0.01646141860809633     0.1873783262038107   -0.05909133474921253    0.03053820997383783

22.68291663982756
27.29279610866968
35.55606431333081
43.50503288410748
50.54044112812379
62.39560322304913
88.29991472390864
110.1006262108908
104.1742461078604
130.5945661823865

1.257656056571875

0
0
0
0
0
0
0
0
0
0

0

0
0
0
0
0
0
0
0
0
0

0

0
0
0
0
0
0
0
0
0
0

0

0
0
0
0
0
0
0
0
0
0

0

0
0
0
0
0
0
0
0
0
0

0

0
0
0
0
0
0
0
0
0
0

0

0
0
0
0
0
0
0
0
0
0

0

0
0
0
0
0
0
0
0
0
0

0

0
0
0
0
0
0
0
0
0
0

0

0
0
0
0
0
0
0
0
0
0

0

0
0
0
0
0
0
0
0
0
0

0

0
0
0
0
0
0
0
0
0
0

0

0
0
0
0
0
0
0
0
0
0

0

0
0
0
0
0
0
0
0
0
0

0

0
0
0
0
0
0
0
0
0
0

0

0
0
0
0
0
0
0
0
0
0

0

0
0
0
0
0
0
0
0
0
0

0

0
0
0
0
0
0
0
0
0
0

0

0
0
0
0
0
0
0
0
0
0

0

0
0
0
0
0
0
0
0
0
0

0

0
0
0
0
0
0
0
0
0
0

0

0
0
0
0
0
0
0
0
0
0

0

0
0
0
0
0
0
0
0
0
0

0

0
0
0
0
0
0
0
0
0
0

0

0
0
0
0
0
0
0
0
0
0

0

0
0
0
0
0
0
0
0
0
0

0

0
0
0
0
0
0
0
0
0
0

0

0
0
0
0
0
0
0
0
0
0

0

0
0
0
0
0
0
0
0
0
0

0

0
0
0
0
0
0
0
0
0
0

0

0
0
0
0
0
0
0
0
0
0

0

0
0
0
0
0
0
0
0
0
0

0

0
0
0
0
0
0
0
0
0
0

0

0
0
0
0
0
0
0
0
0
0

0

0
0
0
0
0
0
0
0
0
0

0

0
0
0
0
0
0
0
0
0
0

0

0
0
0
0
0
0
0
0
0
0

0

0
0
0
0
0
0
0
0
0
0

0

0
0
0
0
0
0
0
0
0
0

0

0
0
0
0
0
0
0
0
0
0

0

0
0
0
0
0
0
0
0
0
0

0

0
0
0
0
0
0
0
0
0
0

0

0
0
0
0
0
0
0
0
0
0

0

0
0
0
0
0
0
0
0
0
0

0

0
0
0
0
0
0
0
0
0
0

0

0
0
0
0
0
0
0
0
0
0

0

0
0
0
0
0
0
0
0
0
0

0

0
0
0
0
0
0
0
0
0
0

0

0
0
0
0
0
0
0
0
0
0

0

0
0
0
0
0
0
0
0
0
0

0

0
0
0
0
0
0
0
0
0
0

0

0
0
0
0
0
0
0
0
0
0

0

0
0
0
0
0
0
0
0
0
0

0

0
0
0
0
0
0
0
0
0
0

0

0
0
0
0
0
0
0
0
0
0

0

0
0
0
0
0
0
0
0
0
0

0

0
0
0
0
0
0
0
0
0
0

0

0
0
0
0
0
0
0
0
0
0

0

0
0
0
0
0
0
0
0
0
0

0

0
0
0
0
0
0
0
0
0
0

0

0
0
0
0
0
0
0
0
0
0

0

0
0
0
0
0
0
0
0
0
0

0

0
0
0
0
0
0
0
0
0
0

0

0
0
0
0
0
0
0
0
0
0

0

0
0
0
0
0
0
0
0
0
0

0

0
0
0
0
0
0
0
0
0
0

0

0
0
0
0
0
0
0
0
0
0

0

0
0
0
0
0
0
0
0
0
0

0

0
0
0
0
0
0
0
0
0
0

0

0
0
0
0
0
0
0
0
0
0

0

0
0
0
0
0
0
0
0
0
0

0

0
0
0
0
0
0
0
0
0
0

0

0
0
0
0
0
0
0
0
0
0

0

0
0
0
0
0
0
0
0
0
0

0

0
0
0
0
0
0
0
0
0
0

0

0
0
0
0
0
0
0
0
0
0

0

0
0
0
0
0
0
0
0
0
0

0

   0.04603738991467141   -0.03639150482778791  -0.004141093579773953    0.00333611722964673   -0.04083306168102489    0.03231289608314785 -0.0006160226327272811  0.0004372556411176263 -0.0004171846036762882  0.0003074041351313399

5.768459083486478e-05   0.00381461595859256  0.006139277224794187   -0.0097601337827413   0.01531179267846188  -0.00715496769496706 -0.005253128032515961 0.0002949057636737194    0.3112719975687474   -0.6620359876809762

cov:
   0.9654029429138701     1.433672005728491  -0.05851043682508533    0.1065008967862201     0.114271184649989    0.2821267116903383  0.003323922758397669   0.01756972598862574  0.009460272696554764  0.003290930135885562
    1.433672005728491     46.76638769781351   -0.0641783363531726     38.08067587751442    0.1697980240885439     30.44006750033722   -0.8025918948156002      8.51436873029791   -0.9829691093940059   0.01818469208993257
 -0.05851043682508533   -0.0641783363531726     1.153134756883966     1.475189950063086   -0.1443895000744961   -0.1466318067502246  -0.02162110042566857   0.04394126755028121  -0.04836383322300898   0.02876703431158115
   0.1065008967862201     38.08067587751442     1.475189950063086     34.67851299588869   -0.1666205082196779     26.57759434560887   -0.9696018110734795     9.693458064383046    -2.633392305001986     1.237313261747439
    0.114271184649989    0.1697980240885439   -0.1443895000744961   -0.1666205082196779     1.152027134179818     1.458046820367584  0.006745814876597925 -0.007366913445102883   0.01802270506826557 0.0008297068506244074
   0.2821267116903383     30.44006750033722   -0.1466318067502246     26.57759434560887     1.458046820367584     24.72655716528801    -1.092993966693835     10.95413862294462    -4.388382417824241     2.584175700012427
 0.003323922758397669   -0.8025918948156002  -0.02162110042566857   -0.9696018110734795  0.006745814876597925    -1.092993966693835    0.9846796238267957   -0.3083694330327067    0.7828692121060866   -0.5175661389938031
  0.01756972598862574      8.51436873029791   0.04394126755028121     9.693458064383046 -0.007366913445102883     10.95413862294462   -0.3083694330327067     14.87476713241648    -7.754268785272999     5.114256778605802
 0.009460272696554764   -0.9829691093940059  -0.04836383322300898    -2.633392305001986   0.01802270506826557    -4.388382417824241    0.7828692121060866    -7.754268785272999     7.272869561479154    -2.875439984088415
 0.003290930135885562   0.01818469208993257   0.02876703431158115     1.237313261747439 0.0008297068506244074     2.584175700012427   -0.5175661389938031     5.114256778605802    -2.875439984088415     4.206929198523953

cov.inverse():
    26.8157304820873   -20.43736747925816   -41.42539531812275    32.89965985412302    13.67286302043077   -10.88712239696179    1.153385900643308  -0.8573223331465909   0.8532858643430692   -0.873348696154447
  -20.43736747925802     16.2118004212644    32.89338091464795   -26.09786750376819   -10.91479412850435    8.628494653531245  -0.9269220147209413   0.6869980649536663  -0.6756723776427612   0.6876441936379449
  -41.42539531812229    32.89338091464794    76.88023139985944   -60.29058784875768   -34.15390188110775    27.12808043218753  -0.1910381733875618   0.2000952599486269 -0.08728747597212594   0.1132198481448389
   32.89965985412299   -26.09786750376819   -60.29058784875769    47.83014671709219    27.17466409536698   -21.51743439127086   0.1641038822364129  -0.1591505163819535  0.07282597072282246 -0.09261392583204855
   13.67286302043076   -10.91479412850435   -34.15390188110777    27.17466409536699     24.2307115836303    -18.5086273715256   -1.745826076909186    1.240090016067666    -1.15032605886647     1.13347471197546
  -10.88712239696168    8.628494653531254    27.12808043218756   -21.51743439127087   -18.50862737152561    14.67775603620346    1.385957389211238  -0.9862978736184878   0.9136985770877546  -0.9040842360923836
   1.153385900643306  -0.9269220147209388  -0.1910381733875557   0.1641038822364086   -1.745826076909189     1.38595738921124    1.826287607310352  -0.5921607815578278 -0.04977270348412888  0.01568064975529058
 -0.8573223331465993   0.6869980649536706   0.2000952599486351  -0.1591505163819604    1.240090016067664  -0.9862978736184854  -0.5921607815578281   0.5370961522062142  0.06221896339673027 -0.03451296203010383
  0.8532858643430625  -0.6756723776427548 -0.08728747597211348  0.07282597072281279   -1.150326058866473    0.913698577087757 -0.04977270348412947  0.06221896339673096   0.5964091815657705  -0.2537118020240652
 -0.8733486961544427   0.6876441936379379   0.1132198481448191 -0.09261392583203297    1.133474711975473  -0.9040842360923931  0.01568064975528975 -0.03451296203010351  -0.2537118020240658    0.687477197704216

cov*(cov_.inverse()):
     1.000000000000208 -1.313454553453219e-13 -4.349205999683303e-13  1.862838225688557e-14  1.799992446760434e-14 -1.106471685108357e-13  -1.11162571118581e-15  3.094800891251248e-15 -1.483622252829164e-15  4.404029224636119e-15
 8.387734951043058e-14      1.000000000000039 -3.703083846506861e-13  1.447047776742538e-13 -6.150982501118563e-14 -2.709985014170968e-14  4.355782227960514e-15    4.4428436624111e-15   4.90059381963448e-15 -3.410466353770403e-15
-2.545533228648367e-14  7.632783294297951e-15       1.00000000000003  4.568827954853916e-15   5.55805401702969e-15  1.076222444496011e-14 -3.710681935331639e-16  1.411631228576127e-16 -1.101549407245273e-16 -2.810252031082427e-16
-1.709743457922741e-14   1.63202784619898e-14 -4.755640325981858e-13      1.000000000000534  1.352251643993441e-13 -7.327471962526033e-14  4.385380947269368e-15 -3.969047313034935e-15  3.552713678800501e-15 -9.214851104388799e-15
 1.871864208774499e-14 -1.044997421928429e-14 -3.851213510423779e-14 -9.318677014931442e-15     0.9999999999999911 -8.821502556211058e-15  1.963252965146017e-16  1.575074706078317e-16   9.57079467761579e-17  3.992032399091627e-16
-3.730349362740526e-14  5.062616992290714e-14  9.203748874142548e-14  8.609779555968089e-14   5.81756864903582e-14     0.9999999999999214  2.706168622523819e-16 -8.326672684688674e-16   5.10702591327572e-15   1.77635683940025e-15
-3.164135620181696e-15  1.887379141862766e-15 -1.568190022283034e-15 -1.530719995201935e-14 -3.996802888650564e-15  3.164135620181696e-15                      1  4.440892098500626e-16 -1.665334536937735e-16 -1.110223024625157e-16
 1.154631945610163e-14  2.264854970235319e-14 -3.663735981263017e-14  8.493206138382448e-14  2.398081733190338e-14 -1.243449787580175e-14 -1.956768080901838e-15                      1 -4.440892098500626e-16  2.220446049250313e-15
-2.353672812205332e-14  9.547918011776346e-15  2.314815006343451e-14 -1.493249968120836e-14 -3.552713678800501e-15  9.325873406851315e-15  1.734723475976807e-16   1.02695629777827e-15     0.9999999999999996 -6.661338147750939e-16
  8.43769498715119e-15 -3.996802888650564e-15 -8.548717289613705e-15  1.443289932012704e-14  7.993605777301127e-15 -7.549516567451064e-15 -2.137179322403426e-15  7.494005416219807e-16 -2.220446049250313e-16                      1
