10
1

0.07283863667355253
 0.2267814551742973
 0.7601020803208612
 0.9942910135300089
  1.385758861792636
  1.587624102034551
  1.634261149553608
  1.843807835166152
  4.529159376496653
  10.22158949526867

  -0.3460422699267639    0.2730707403770163    0.6401645910190086    -0.505416937267085   -0.2942874381892657    0.2320015817760738 4.573349354439257e-05 0.0005003067479017075 -0.000114877399507897 0.0001956657713227796
  -0.4441132473003404    0.3329736016474222   0.05305570621732367  -0.03930664629384985    0.6356021518456343    -0.480440696058981   -0.1534398200822794    0.1039989246752071  -0.09543765111326985   0.09618121408187334
  -0.1687431455139247   0.04308150554325305  -0.06686356748236154   0.03555642279096564   0.02316605974024044  -0.01099571048637355    0.8477885314263153   -0.2817698283074789   -0.2941893174734418    0.2803394053877253
   0.6831044867029213   0.01019641352618025    0.5717605922520559 -0.003720933863761446    0.4215292399529442  -0.04426783992500822    0.1597910890819997    0.0121245503880479  -0.03125909325034103  0.006033541779983755
  -0.2540360785715804   -0.2166299054074153   0.05677803616366668   0.06884019305030283     0.223654172273434    0.1528053105501135    0.4040062086062897    0.4002461647594598    0.3078774940557336    -0.623696420742165
  -0.2644157746235811   -0.3901269782515552    0.1989375159458666    0.2249016736533992    0.2767135000794049    0.3569889691714973   -0.1046385588761372   -0.1688965696691753    0.4302501073485132    0.5090446164613579
  -0.1665069705211124   -0.2505648345062779     0.113009643266998    0.1311423323239493    0.2183577383141858     0.298389027176214   -0.2381718858944601   -0.4173600222443695   -0.6012065532290577   -0.3878692217916526
   0.1587400261575807     0.184483819827682   -0.4476224106074734      -0.5863270826553    0.3959639726040713     0.479852390576725  0.003878677474798546  -0.06004860851816386   0.07289944976405872    0.0253191694519992
 -0.02039742050264717   -0.3076174595273178 -0.002524461597434391  -0.08828298700978418  0.008920094836562835    0.1555436443465375  -0.03169114053048187     0.711992141027293   -0.5029991586480824    0.3345691271877099
  0.01109635521600559     0.649636726051795  0.007086708495925357    0.5635949099850609  0.006523370180824477    0.4679665754117735  -0.01619163363786223    0.1902410481597831  -0.06075892432599424   0.03128591881443266

22.68385417210015
  27.247271125644
35.55583627083071
43.45541359476933
50.55401381934914
62.36501035295863
88.29355722803734
110.1023498574723
104.1431815030584
130.6121148557168

1.25705364163405

   0.04585957796137898   -0.03625592716379398  -0.004106198734470909   0.003344156907175322   -0.04054174542120096    0.03210729277966512 -0.0006973803659311176   0.000468166084969447 -0.0004464267029005574  0.0003469688790297631

-5.681322872962014e-05  -0.003792991803468723  -0.006178378701486235   0.009882621666003785   -0.01614645405740346   0.005483706179797537   0.006023797697300493 -0.0007904501641209034     0.3130571488355431     -0.657148289514136

cov:
   0.9698138416934228     1.453127346966179  -0.05257429925131906    0.1279843184632684   0.09531615730180835    0.2729750322021351   0.00391294117928371   0.02643881504409255   0.01953324838540465   0.02197540092075376
    1.453127346966179     46.79939114682036  -0.07273434526071776     38.10503881961012    0.1388368846157068     30.45958602181641   -0.7822892561153352     8.655805822411303     -1.06231584466076   0.05533562780940614
 -0.05257429925131906  -0.07273434526071776     1.154690887275303     1.468675091160737   -0.1310352356961607   -0.1311677489661656  -0.03940325358056055   0.04637068757485924  -0.06859032018528648   0.03033228689037544
   0.1279843184632684     38.10503881961012     1.468675091160737     34.70053344274341   -0.1599594938612428      26.6453596144352   -0.9759742876161102      9.83756003250887     -2.74388774896711     1.261707024372808
  0.09531615730180835    0.1388368846157068   -0.1310352356961607   -0.1599594938612428     1.152708817008502     1.447329237087056   0.02294173341004528 -0.005510165309874659   0.02629606394756968  -0.01299340223123378
   0.2729750322021351     30.45958602181641   -0.1311677489661656      26.6453596144352     1.447329237087056     24.77766408616154    -1.060457504883405     11.10691728903568    -4.452768654601992       2.5999948832176
  0.00391294117928371   -0.7822892561153352  -0.03940325358056055   -0.9759742876161102   0.02294173341004528    -1.060457504883405    0.9822969167347003   -0.3018502255892739    0.7902758198293054   -0.5039940542029538
  0.02643881504409255     8.655805822411303   0.04637068757485924      9.83756003250887 -0.005510165309874659     11.10691728903568   -0.3018502255892739     15.08378279118507    -7.798373764161536     5.194389985153665
  0.01953324838540465     -1.06231584466076  -0.06859032018528648     -2.74388774896711   0.02629606394756968    -4.452768654601992    0.7902758198293054    -7.798373764161536     7.259218612600347    -2.886678264504404
  0.02197540092075376   0.05533562780940614   0.03033228689037544     1.261707024372808  -0.01299340223123378       2.5999948832176   -0.5039940542029538     5.194389985153665    -2.886678264504404     4.248495763127965

cov.inverse():
   27.00567280199664   -20.59736711815493    -41.8537910356694    33.22353468400321    13.93664057279249   -11.06458573198203    1.157411025837077   -0.852724804655662   0.8514669991411505   -0.866886289857138
  -20.59736711815491    16.34095592806555     33.2214770777225   -26.34739251808335   -11.09286184040851    8.755373188995947  -0.9326510193573763   0.6855807026737597  -0.6798674181008136   0.6782549013197988
  -41.85379103566848    33.22147707772184    77.71734379879578   -60.92850063512122   -34.62674766825716    27.45580663440311  -0.1653715890191667   0.1959514555682521 -0.08826661511866853  0.09582852790377618
   33.22353468400286   -26.34739251808285   -60.92850063512122    48.31350733068445    27.52402655910835   -21.76350648363304   0.1573189567676642  -0.1574282215900024  0.07506752104111318 -0.07653964899984114
   13.93664057279151   -11.09286184040767   -34.62674766825587    27.52402655910733    24.47998151092317   -18.68836377591262     -1.7801862651431    1.238683067665197   -1.156023815899983    1.146257800332356
  -11.06458573198114    8.755373188995275    27.45580663440209   -21.76350648363223   -18.68836377591262    14.80251980379365    1.403047890116484  -0.9857524204237896   0.9179934294971446   -0.910158131231204
   1.157411025837281  -0.9326510193575257  -0.1653715890195063   0.1573189567679334    -1.78018626514295    1.403047890116365    1.838278742608069  -0.5945415610357534 -0.05061196868400954 0.007135167605123127
  -0.852724804655798   0.6855807026738663   0.1959514555684979  -0.1574282215901973    1.238683067665086  -0.9857524204237013  -0.5945415610357528   0.5339942290243043  0.06052345291271904 -0.03440639571773179
  0.8514669991412449  -0.6798674181008886 -0.08826661511884747  0.07506752104125487   -1.156023815899897   0.9179934294970761 -0.05061196868401181  0.06052345291272018   0.5999612438305211  -0.2548950870513001
 -0.8668862898572325   0.6782549013198694  0.09582852790394408 -0.07653964899997424    1.146257800332276  -0.9101581312311403 0.007135167605124878 -0.03440639571773256     -0.2548950870513   0.6833004135778484

cov*(cov_.inverse()):
    0.9999999999999312 -3.231616363397194e-14 -8.456039687909644e-14 -2.783957959995309e-13 -8.070627499634497e-14 -3.579775365025739e-14 -1.407427234652314e-14  1.359481104079574e-15  1.457167719820518e-16  5.233660727022027e-15
 2.407796184655808e-15     0.9999999999999465  1.662819187897568e-14 -8.682377733437718e-14 -4.114764085016986e-14 -5.935529845402243e-14 -1.806009768817729e-15  1.357421119951852e-16  1.413799632921098e-15  8.118505867571457e-16
 3.018418848199644e-16  3.594347042223944e-15      1.000000000000033 -2.749970390292233e-15 -1.378064329315976e-14  1.140754157802348e-14  6.638027801042501e-16  4.575333167888829e-17  8.326672684688674e-17 -1.700029006457271e-16
 1.596500709410975e-13  -3.83026943495679e-14   1.12118647699333e-13      1.000000000000183  9.392486788328824e-14 -6.616929226765933e-14  7.790643130611841e-15  1.193489751472043e-15  6.661338147750939e-16  1.332267629550188e-15
 2.940356291780688e-15 -8.366571324636141e-15 -2.026525648679556e-14 -1.617195960479378e-14     0.9999999999999972 -9.202708040056962e-15 -7.215500983162593e-16 -4.129183973911044e-16  1.214306433183765e-16  2.671474153004283e-16
-5.284661597215745e-14 -1.156852391659413e-13  2.482181127305694e-13 -4.604649994632837e-14  5.062616992290714e-14     0.9999999999999787  9.870576578308032e-15 -2.456368441983159e-15  4.551914400963142e-15  1.998401444325282e-15
 1.054711873393899e-15 -1.942890293094024e-15 -7.938094626069869e-15 -5.391520563335916e-15 -3.774758283725532e-15 -4.662936703425657e-15                      1 -3.469446951953614e-17  2.775557561562891e-16  -3.33066907387547e-16
-7.638334409421077e-14  -8.43769498715119e-15  1.847966224488573e-13  1.060262988517024e-14 -3.552713678800501e-14  4.174438572590589e-14  -1.35308431126191e-15     0.9999999999999994  1.554312234475219e-15  4.440892098500626e-16
 2.353672812205332e-14 -1.332267629550188e-15 -1.110223024625157e-16  4.440892098500626e-16   8.43769498715119e-15 -1.287858708565182e-14 -1.262878690511116e-15  -1.52655665885959e-16      1.000000000000001 -6.661338147750939e-16
-4.440892098500626e-16 -1.332267629550188e-15 -2.220446049250313e-14  4.107825191113079e-15 -7.993605777301127e-15   1.77635683940025e-15 -7.875644580934704e-16  4.718447854656915e-16 -2.220446049250313e-16                      1
