5
2

0.1507422138239765
0.1781913711758526
0.1797832366873165
 5.214969472882323
 38.15596791961402

   0.588709254254743  -0.6822076903156613  -0.2372099123544626 -0.02667271729410075   0.3619863324242129
-0.04400841729616874  -0.0746679166234762   0.5992399848589779  -0.7492672128612107   0.2683245156738401
-0.05808317912577572  -0.5145212591694426   0.6196388153794307   0.3925970168092507  -0.4402380481432596
 -0.7712524840866798  -0.3713242358050899  -0.1339853644042892   0.1461371046688587   0.4774722886810761
  0.2308259587972714   0.3555327766433616   0.4274793078356262   0.5122487080655471   0.6125181825343103

95.02145496478467
142.0048434295551
169.1119238801855
201.0989377934366
238.8545997718958

  4.36206952084373
-1.416790529875928

-0.03269372344394225 -0.00426240457250403 0.002075375430213332  0.01372568213007169  0.02085920731085934
   1.691592169728298   0.1215154192386502 -0.01747308519128076  -0.3116518299549695  -0.4778624911554074

-0.0002192087030418101 -5.354859893729741e-05  5.118777215454402e-05      1.046642747000754      16.93593942221305
   0.01709774027383256   0.000358802888419888  -0.002701559356936109     -44.08823982814963     -38.06537645683679

cov:
93.75507901349394  127.258794025284 146.4614634513702 169.0781774799907 195.8297914871225
 127.258794025284 187.7972678294705 222.6135539020688 263.6661314395421 312.2262702311126
146.4614634513702 222.6135539020688 266.5583403536825  318.263161403882 379.4598881818006
169.0781774799907 263.6661314395421  318.263161403882 382.6241427712958 458.6840883723598
195.8297914871225 312.2262702311126 379.4598881818006 458.6840883723598 552.4257619097494

cov.inverse():
  15.43946150848316  -16.63584336097552  -8.085773281044142 -0.3621162023775689   9.784055586840141
 -16.63584336097475   28.85278344274823  -4.149379666663915  -3.688718800623223   -4.49711731450181
 -8.085773281038767  -4.149379666659314   25.66511991118122   -6.33621241434648  -7.156768124393273
-0.3621162023894958   -3.68871880062873  -6.336212414314552   22.48165283901793  -12.10119149180679
  9.784055586845927  -4.497117314500129  -7.156768124415278   -12.1011914917922   14.03888007228826

cov*(cov_.inverse()):
                     1 -4.547473508864641e-13                      0  4.547473508864641e-13 -1.364242052659392e-12
 4.547473508864641e-13     0.9999999999990905                      0  4.547473508864641e-13 -9.094947017729282e-13
 9.094947017729282e-13 -6.821210263296962e-13      1.000000000000455                      0 -9.094947017729282e-13
-9.094947017729282e-13 -9.094947017729282e-13  9.094947017729282e-13      1.000000000000909 -2.728484105318785e-12
 9.094947017729282e-13  4.547473508864641e-13 -9.094947017729282e-13                      0     0.9999999999990905
