5
2

0.1507996297148465
0.1782943337314588
 0.179879678324736
 5.216309687115195
   38.174594867704

  0.5889259873205128  -0.6815646362899316  -0.2368928833099661 -0.02846858258709632   0.3629147691402284
-0.04558877637244056 -0.07840744712233237    0.605520476884124  -0.7454415254854817   0.2635067738418196
 -0.0569369356578938  -0.5146725017486037   0.6135898141300473   0.3996850639039646   -0.442300566345625
 -0.7711094697990404  -0.3715144310620139  -0.1341168693341886   0.1460954522862501   0.4775311479685732
  0.2307297463951165     0.35554347448833   0.4274890867226493   0.5122640338738605   0.6125285807287095

95.02033770436691
142.0092704174575
 169.117086603734
201.1052425794918
238.8622338527191

  4.36206952084373
-1.416790529875928

0
0
0
0
0

0
0

0
0
0
0
0

0
0

0
0
0
0
0

0
0

0
0
0
0
0

0
0

0
0
0
0
0

0
0

0
0
0
0
0

0
0

0
0
0
0
0

0
0

0
0
0
0
0

0
0

0
0
0
0
0

0
0

0
0
0
0
0

0
0

0
0
0
0
0

0
0

0
0
0
0
0

0
0

0
0
0
0
0

0
0

0
0
0
0
0

0
0

0
0
0
0
0

0
0

0
0
0
0
0

0
0

0
0
0
0
0

0
0

0
0
0
0
0

0
0

0
0
0
0
0

0
0

0
0
0
0
0

0
0

0
0
0
0
0

0
0

0
0
0
0
0

0
0

0
0
0
0
0

0
0

0
0
0
0
0

0
0

0
0
0
0
0

0
0

0
0
0
0
0

0
0

0
0
0
0
0

0
0

0
0
0
0
0

0
0

0
0
0
0
0

0
0

0
0
0
0
0

0
0

0
0
0
0
0

0
0

0
0
0
0
0

0
0

0
0
0
0
0

0
0

0
0
0
0
0

0
0

0
0
0
0
0

0
0

0
0
0
0
0

0
0

0
0
0
0
0

0
0

0
0
0
0
0

0
0

0
0
0
0
0

0
0

0
0
0
0
0

0
0

0
0
0
0
0

0
0

0
0
0
0
0

0
0

0
0
0
0
0

0
0

0
0
0
0
0

0
0

0
0
0
0
0

0
0

0
0
0
0
0

0
0

0
0
0
0
0

0
0

0
0
0
0
0

0
0

0
0
0
0
0

0
0

0
0
0
0
0

0
0

0
0
0
0
0

0
0

0
0
0
0
0

0
0

0
0
0
0
0

0
0

0
0
0
0
0

0
0

0
0
0
0
0

0
0

0
0
0
0
0

0
0

0
0
0
0
0

0
0

0
0
0
0
0

0
0

0
0
0
0
0

0
0

0
0
0
0
0

0
0

0
0
0
0
0

0
0

0
0
0
0
0

0
0

0
0
0
0
0

0
0

0
0
0
0
0

0
0

0
0
0
0
0

0
0

0
0
0
0
0

0
0

0
0
0
0
0

0
0

0
0
0
0
0

0
0

0
0
0
0
0

0
0

0
0
0
0
0

0
0

0
0
0
0
0

0
0

0
0
0
0
0

0
0

0
0
0
0
0

0
0

0
0
0
0
0

0
0

0
0
0
0
0

0
0

0
0
0
0
0

0
0

0
0
0
0
0

0
0

 -0.03266103229651446 -0.004311962869420817  0.002047034888928987    0.0137853032652735   0.02083065810966131
    1.690563216696474    0.1228865124585656  -0.01671170214557888   -0.3130027567018359   -0.4773776537813761

-0.0002186199769846983 -5.469370161844045e-05   5.27826900060053e-05      1.046870571130019      16.94433193129752
   0.01708913721561982  0.0003403889507708129  -0.002708710235395638      -44.0994192446249     -38.08924087659982

cov:
93.76844492120239 127.3357630839819 146.5487846292033 169.1794993208568 195.9439027232497
127.3357630839819 187.9938674198303 222.8440860158301 263.9398876412895 312.5452997140372
146.5487846292033 222.8440860158301 266.8315765011411 318.5906947184842 379.8445597383557
169.1794993208568 263.9398876412895 318.5906947184842 383.0200999962303 459.1522975813861
195.9439027232497 312.5452997140372 379.8445597383557 459.1522975813861 552.9824773232579

cov.inverse():
  15.43925099476096  -16.62223401384906  -8.079193843680878 -0.3755937422095278   9.785602251301107
 -16.62223401384732   28.81246288516263  -4.151471456323496  -3.667466571704005  -4.498035643075065
  -8.07919384367737  -4.151471456332143   25.63830800085555  -6.323971481448248  -7.150885025245096
-0.3755937422204037  -3.667466571681603  -6.323971481457231    22.4541294185385  -12.09422446690588
   9.78560225130674  -4.498035643087113  -7.150885025241277  -12.09422446690324   14.03069147096157

cov*(cov_.inverse()):
    0.9999999999990905 -6.821210263296962e-13 -2.273736754432321e-13  9.094947017729282e-13                      0
-4.547473508864641e-13     0.9999999999993179  9.094947017729282e-13  4.547473508864641e-13                      0
-9.094947017729282e-13  2.273736754432321e-13     0.9999999999995453  9.094947017729282e-13                      0
-9.094947017729282e-13                      0                      0      1.000000000001819                      0
-9.094947017729282e-13                      0  4.547473508864641e-13                      0     0.9999999999990905
