5
2

0.1506962441993037
0.1942308520263897
0.1973329555677782
 5.369403820292428
 22.90298471664294

  -0.6644251333820768    0.6762475377067253    0.2219870522835423 -0.007095729775352092   -0.2278155155234581
 0.006091050011994633    0.1874932255894769   -0.6996155782295342    0.6697174337151078   -0.1637858087393693
 -0.04332345560368605   -0.3972371732120072    0.5091271053284595    0.5034776130817639   -0.5723858752261821
  -0.7135237654824641   -0.5154108829689203   -0.1104986540413035     0.142697100285463    0.4389339845968914
   0.2179657209889701     0.289982427121672    0.4357056683036637    0.5268548569507695    0.6332342905669474

 102.453264224245
130.0529316887647
185.7707150025569
220.5410000848059
261.0543688335199

 4.773170770564904
-3.073236045608073

-0.04165904476513287 0.003996454988419992  0.01081389969511472  0.01245343862768198   0.0144603742528237
   1.914664254039731  -0.0785126869528662  -0.2426343607403454  -0.2750542662361621  -0.3198828498985855

 0.0006676503813787442 -4.142767366313926e-05   0.000144703552042928     0.9973679927052937      6.561184893266995
  -0.02961937880057405    0.00131572381347907  -0.005088744437353398     -42.62699415143686     -30.75299690780746

cov:
39.60889073105132 43.74777243887866 52.08434974045572 57.30095713510158 63.37465067379095
43.74777243887866 51.78566304222016 67.90744187856129 78.01596321925689 89.80267672314594
52.08434974045572 67.90744187856129 99.96134498281978 119.9492855570838 143.3179152808242
57.30095713510158 78.01596321925689 119.9492855570838 146.2154511920158 176.7910801950855
63.37465067379095 89.80267672314594 143.3179152808242 176.7910801950855 215.9052316452913

cov.inverse():
  19.50652950141122  -19.30039474263132  -7.171322470781842  -0.247726752905191   7.265143467329285
 -19.30039474263326   25.13103589901476   -2.05810385976671  -2.021187322336244  -1.766457766513515
 -7.171322470778303  -2.058103859770439   21.80160768944589  -5.906525562164354   -6.67439425376227
-0.2477267529054548  -2.021187322336907  -5.906525562162644   18.40219400300222   -10.2342364780013
  7.265143467327961  -1.766457766511064  -6.674394253764184  -10.23423647800051   11.41745700073412

cov*(cov_.inverse()):
     1.000000000000455   1.84741111297626e-13 -3.410605131648481e-13 -2.273736754432321e-13   1.13686837721616e-13
 3.410605131648481e-13      1.000000000000199 -2.273736754432321e-13  -1.13686837721616e-13                      0
 4.547473508864641e-13    1.4210854715202e-13     0.9999999999996589  2.273736754432321e-13                      0
 4.547473508864641e-13                      0  2.273736754432321e-13     0.9999999999997726 -2.273736754432321e-13
 2.273736754432321e-13   1.70530256582424e-13  2.273736754432321e-13                      0     0.9999999999995453
