5
2

0.1506809208638789
0.1943253807761273
0.1974496204750037
 5.371050994060757
 22.91435280441462

  -0.6646127310615818    0.6760842211463935    0.2220428661496738 -0.007259436843205689   -0.2276934557612425
  0.00599934308744287     0.188140394625711   -0.7002465151285264     0.669051501744181   -0.1630708614584825
 -0.04331819546062751   -0.3969330122706832     0.508218470206908    0.5043514146528157   -0.5726354466761644
  -0.7133741272258894   -0.5156084402938963   -0.1105335919959531    0.1426857644250431    0.4389400740116006
   0.2178871591905309    0.2900093755284015    0.4357156127836311    0.5268660282830165    0.6332328489452927

102.4524588605165
130.0524402574301
185.7702672525461
220.5404904440137
261.0537870955162

 4.773170770564904
-3.073236045608073

0
0
0
0
0

0
0

0
0
0
0
0

0
0

0
0
0
0
0

0
0

0
0
0
0
0

0
0

0
0
0
0
0

0
0

0
0
0
0
0

0
0

0
0
0
0
0

0
0

0
0
0
0
0

0
0

0
0
0
0
0

0
0

0
0
0
0
0

0
0

0
0
0
0
0

0
0

0
0
0
0
0

0
0

0
0
0
0
0

0
0

0
0
0
0
0

0
0

0
0
0
0
0

0
0

0
0
0
0
0

0
0

0
0
0
0
0

0
0

0
0
0
0
0

0
0

0
0
0
0
0

0
0

0
0
0
0
0

0
0

0
0
0
0
0

0
0

0
0
0
0
0

0
0

0
0
0
0
0

0
0

0
0
0
0
0

0
0

0
0
0
0
0

0
0

0
0
0
0
0

0
0

0
0
0
0
0

0
0

0
0
0
0
0

0
0

0
0
0
0
0

0
0

0
0
0
0
0

0
0

0
0
0
0
0

0
0

0
0
0
0
0

0
0

0
0
0
0
0

0
0

0
0
0
0
0

0
0

0
0
0
0
0

0
0

0
0
0
0
0

0
0

0
0
0
0
0

0
0

0
0
0
0
0

0
0

0
0
0
0
0

0
0

0
0
0
0
0

0
0

0
0
0
0
0

0
0

0
0
0
0
0

0
0

0
0
0
0
0

0
0

0
0
0
0
0

0
0

0
0
0
0
0

0
0

0
0
0
0
0

0
0

0
0
0
0
0

0
0

0
0
0
0
0

0
0

0
0
0
0
0

0
0

0
0
0
0
0

0
0

0
0
0
0
0

0
0

0
0
0
0
0

0
0

0
0
0
0
0

0
0

0
0
0
0
0

0
0

0
0
0
0
0

0
0

0
0
0
0
0

0
0

0
0
0
0
0

0
0

0
0
0
0
0

0
0

0
0
0
0
0

0
0

0
0
0
0
0

0
0

0
0
0
0
0

0
0

0
0
0
0
0

0
0

0
0
0
0
0

0
0

0
0
0
0
0

0
0

0
0
0
0
0

0
0

0
0
0
0
0

0
0

0
0
0
0
0

0
0

0
0
0
0
0

0
0

0
0
0
0
0

0
0

0
0
0
0
0

0
0

0
0
0
0
0

0
0

0
0
0
0
0

0
0

0
0
0
0
0

0
0

0
0
0
0
0

0
0

0
0
0
0
0

0
0

0
0
0
0
0

0
0

0
0
0
0
0

0
0

-0.04169842912693816 0.004024872665534498   0.0108434365626406  0.01244389079864108  0.01443304535958213
   1.915725398895842 -0.07937300781361734  -0.2435048463623554  -0.2748502672579044  -0.3191302688163186

  0.000669007010740469 -4.206748962592933e-05  0.0001454483804983465     0.9976732477256465      6.564444521275554
   -0.0296589226971755   0.001330183014152855  -0.005111480333218579     -42.64005666981986     -30.76835692620584

cov:
39.61850804670266 43.78016321454439 52.11861804759511 57.33936118412592 63.41648417558174
43.78016321454439 51.84824525334529 67.98307053447876 78.10274600551776 89.90047677901846
52.11861804759511 67.98307053447876 100.0652403975366 120.0737648719873 143.4632697112488
57.33936118412592 78.10274600551776 120.0737648719873 146.3665048021006 176.9691358125428
63.41648417558174 89.90047677901846 143.4632697112488 176.9691358125428 216.1167081724518

cov.inverse():
  19.52134730578765  -19.30652734825339  -7.172656962163553  -0.244909588119444   7.264801841557001
 -19.30652734825539   25.11995380853867  -2.049086762090513  -2.020032009610772  -1.769838784594248
 -7.172656962160165  -2.049086762094809   21.78233513479812  -5.903039359461125  -6.668761035872563
-0.2449095881192729  -2.020032009610591  -5.903039359461804   18.38202216489805  -10.22155168915223
  7.264801841555431  -1.769838784592126  -6.668761035872794  -10.22155168915256   11.40597880006559

cov*(cov_.inverse()):
     1.000000000000341 -5.684341886080801e-14  -1.13686837721616e-13                      0  2.273736754432321e-13
 5.684341886080801e-13     0.9999999999998579                      0  2.273736754432321e-13  2.273736754432321e-13
 6.821210263296962e-13   -1.4210854715202e-13     0.9999999999996589  2.273736754432321e-13  2.273736754432321e-13
 2.273736754432321e-13  2.273736754432321e-13                      0     0.9999999999995453  4.547473508864641e-13
 2.273736754432321e-13   1.13686837721616e-13                      0  4.547473508864641e-13                      1
