5
2

0.1437312476573877
0.1936820189777925
0.1963643754669544
 5.604337797004355
 22.16840546566383

 -0.7082324717148764   0.5645564366514749   0.3690136418095032 -0.01843811265088677  -0.2077781605568469
 0.01207745075950267   0.5148679722887513  -0.7876117579797179   0.3308784278292019 -0.07037251582681607
 -0.0311227696710727  -0.3203268298963597    0.155245074882803   0.7510407642419015   -0.555210619880531
 -0.6672247602811496  -0.4718049874433032  -0.2863926556408588   0.1763455212992906   0.4680733671167855
  0.2282616780529586   0.3016252257667318   0.3706411530985131   0.5431570026831755   0.6515553971686903

102.4502893970542
130.0488060644198
155.8966057005146
220.5331774162316
261.0449456394703

 4.772964741528622
-3.071589740772105

-0.04356214745942952 0.004287791030056074 0.009841372288363886  0.01360430399489189  0.01592188033713444
   1.949747957043157 -0.08897367962642805   -0.202934584325849  -0.3044946349153539  -0.3552902159813158

 0.0006888710739861859 -0.0001008621880743575  0.0001113388105629142        1.0702767525572      6.271053520601761
  -0.02947073645418348    0.00231918337339487  -0.003667438946615056     -44.62600357032497     -26.47845688256355

cov:
39.59876354853556 43.71504924315372 47.57310367154835 57.23337242451947 63.28365897825422
43.71504924315372 51.72199324069527  59.1713479870866 77.89593002972362 89.64697957910127
47.57310367154835  59.1713479870866 70.11442617677396 97.34285613884535  114.465766639133
57.23337242451947 77.89593002972362 97.34285613884535  145.986467063734 176.4941204685747
63.28365897825422 89.64697957910127  114.465766639133 176.4941204685747 215.5218833672475

cov.inverse():
 24.32332253598002 -18.91997010913681 -13.02336408458206  0.128939853795083  7.539009626834939
 -18.9199701091303  25.16311159904977 -2.010917443249341 -2.204067339489881 -2.038242591481244
-13.02336408458784 -2.010917443239962   23.7559900750919 -4.253803196135566 -4.473037915958946
0.1289398537890245 -2.204067339488778 -4.253803196127826  17.56509864784893 -11.24616006928045
 7.539009626840263 -2.038242591485216 -4.473037915963079 -11.24616006927766  10.22409876724773

cov*(cov_.inverse()):
     1.000000000000057    1.4210854715202e-13  2.273736754432321e-13                      0 -2.273736754432321e-13
  1.13686837721616e-13      1.000000000000057   1.70530256582424e-13  -1.13686837721616e-13  -1.13686837721616e-13
 2.273736754432321e-13  8.526512829121202e-14      1.000000000000341 -2.273736754432321e-13                      0
 2.273736754432321e-13 -2.273736754432321e-13                      0                      1 -2.273736754432321e-13
 2.273736754432321e-13  5.684341886080801e-14  2.273736754432321e-13                      0                      1
