5
1

0.0008153960304074717
0.0008416250220782526
 0.002492725688315736
  0.05868534974240606
   0.5457444701293841

 0.09598770499752118  -0.5726677749049036   0.3073884855298094   0.6109761150912993  -0.4416542605097447
  0.0647556005124731  -0.4353497039119611   0.6543406796795975  -0.5528883557182814   0.2691283867109048
  0.6601661769972789  -0.4418178982466979  -0.5139614877546042 -0.02597029581677743   0.3227176728627233
 -0.6088228759434789  -0.3116883680599546  -0.1305125092220917   0.3299315756929725   0.6374140783206317
  0.4243917967730849   0.4360843506642127   0.4429002911737133   0.4598840636454148   0.4712409383963845

0.4011887178906162
0.4013535181604821
0.4013609630245082
  0.40133550058349
0.4013381952613566

0.0001876815330272458

0.5046216314602613 -1.417128745861465  8.469151335825259 -2.252118484715374 -5.307894890992952

 2.946417551173286e-06   4.25566187470922e-06 -3.136687442709093e-05   -0.01755469058526306   -0.05654482573440669

cov:
 0.0549222268862338 0.05577255280075131 0.05625401137964601  0.0574372746721367 0.05822946042335649
0.05577255280075131 0.05697568227200129 0.05766599524898624 0.05937653808867117 0.06052071679125177
0.05625401137964601 0.05766599524898624 0.05848458049109572   0.060515928782497 0.06187488274168378
 0.0574372746721367 0.05937653808867117   0.060515928782497 0.06336591287796092 0.06527004846095417
0.05822946042335649 0.06052071679125177 0.06187488274168378 0.06527004846095417 0.06754018130862009

cov.inverse():
 90024.64062459547 -169360.6555693475  49615.88469527457  34845.14380561576 -4983.392745306039
-169360.6555691764  792266.3788708315 -630368.8529091635 -184618.0146558734  191993.5040406843
 49615.88469505476  -630368.852907162  789096.2118899721 -226137.1516526344  17708.21262273031
 34845.14380563742 -184618.0146601864 -226137.1516473407  993147.5586209272 -617208.5723345919
 -4983.39274527892  191993.5040431664  17708.21261921848 -617208.5723335884  412512.0053604824

cov*(cov_.inverse()):
    0.9999999999993179                      0  2.955857780762017e-12                      0                      0
-7.389644451905042e-13                      1  3.637978807091713e-12                      0 -3.637978807091713e-12
-2.842170943040401e-13  1.818989403545856e-12      1.000000000003411 -7.275957614183426e-12  7.275957614183426e-12
 5.684341886080801e-14                      0  4.547473508864641e-12                      1                      0
-2.273736754432321e-13 -5.456968210637569e-12  1.364242052659392e-12                      0                      1
