5
1

0.0007419624321341083
0.0007639249555519525
 0.002236964621625689
  0.05314557986083392
   0.5388774233285595

 0.1133872714493218 -0.6838422741998584  0.5013161470775008  0.3991225899180634 -0.3299793169077589
0.02828684863140541 -0.2252664450900006  0.5212010922142405 -0.7208007562733293  0.3965483251023726
 0.6598446016978339 -0.4408870815547892  -0.513711000774278 -0.0291014915949641  0.3247734499597624
-0.6058804263606719 -0.3084985332102758 -0.1272478320180814  0.3331355030290356  0.6407544692223447
 0.4287857173822605  0.4382487981260061  0.4437798317682325  0.4575164125814873  0.4667108233632654

0.4002014650600704
0.4003598111222166
0.4003595688514184
0.4003082231914881
0.4002884492986535

0.0004524809530616499

0
0
0
0
0

0

0
0
0
0
0

0

0
0
0
0
0

0

0
0
0
0
0

0

0
0
0
0
0

0

0
0
0
0
0

0

0
0
0
0
0

0

0
0
0
0
0

0

0
0
0
0
0

0

0
0
0
0
0

0

0
0
0
0
0

0

0
0
0
0
0

0

0
0
0
0
0

0

0
0
0
0
0

0

0
0
0
0
0

0

0
0
0
0
0

0

0
0
0
0
0

0

0
0
0
0
0

0

0
0
0
0
0

0

0
0
0
0
0

0

0
0
0
0
0

0

0
0
0
0
0

0

0
0
0
0
0

0

0
0
0
0
0

0

0
0
0
0
0

0

0
0
0
0
0

0

0
0
0
0
0

0

0
0
0
0
0

0

0
0
0
0
0

0

0
0
0
0
0

0

0
0
0
0
0

0

0
0
0
0
0

0

0
0
0
0
0

0

0
0
0
0
0

0

0
0
0
0
0

0

0
0
0
0
0

0

0
0
0
0
0

0

0
0
0
0
0

0

0
0
0
0
0

0

0
0
0
0
0

0

0
0
0
0
0

0

0
0
0
0
0

0

0
0
0
0
0

0

0
0
0
0
0

0

0
0
0
0
0

0

0
0
0
0
0

0

0
0
0
0
0

0

0
0
0
0
0

0

0
0
0
0
0

0

0
0
0
0
0

0

0
0
0
0
0

0

0
0
0
0
0

0

0
0
0
0
0

0

0
0
0
0
0

0

0
0
0
0
0

0

0
0
0
0
0

0

0
0
0
0
0

0

0
0
0
0
0

0

0
0
0
0
0

0

0
0
0
0
0

0

0
0
0
0
0

0

0
0
0
0
0

0

0
0
0
0
0

0

0
0
0
0
0

0

0
0
0
0
0

0

0
0
0
0
0

0

0
0
0
0
0

0

0
0
0
0
0

0

0
0
0
0
0

0

0
0
0
0
0

0

0
0
0
0
0

0

0
0
0
0
0

0

0
0
0
0
0

0

0
0
0
0
0

0

0
0
0
0
0

0

0
0
0
0
0

0

0
0
0
0
0

0

0.5216947136770885 -1.356141848904409   8.52335916722053 -2.632662240264327 -5.058636339105108

 3.235848211147014e-06   2.71614256024717e-06 -2.503354882418931e-05   -0.01440660919606656   -0.04458744382848261

cov:
0.05442910109015061 0.05509480055270545 0.05547317005186374 0.05639730313448781 0.05701686056322985
0.05509480055270545 0.05604273789539892 0.05658831695873585 0.05793445203901145 0.05883586275750986
0.05547317005186374 0.05658831695873585 0.05723669305793373 0.05883979273117354 0.05991333376764613
0.05639730313448781 0.05793445203901145 0.05883979273117354 0.06109841877197428 0.06260873161070089
0.05701686056322985 0.05883586275750986 0.05991333376764613 0.06260873161070089  0.0644125173168212

cov.inverse():
  111865.071743257 -209838.7131635356  60806.86514018579   43360.3881924962 -6055.257552631636
-209838.7131629291  975303.9141282911 -778647.0270099828 -215028.3176542702  228146.4452558732
 60806.86513976054 -778647.0270087695  974752.4421385571 -277321.6432215362  20297.93345693346
 43360.38819168628 -215028.3176548433 -277321.6432195124  1179861.145422398 -730839.9702789295
-6055.257552003255  228146.4452558398   20297.9334556971 -730839.9702782871  488475.0174670662

cov*(cov_.inverse()):
     1.000000000000114 -9.094947017729282e-12 -6.821210263296962e-13                      0                      0
-1.250555214937776e-12     0.9999999999890861 -2.728484105318785e-12  7.275957614183426e-12                      0
-1.250555214937776e-12  3.637978807091713e-12     0.9999999999838565                      0  3.637978807091713e-12
-7.389644451905042e-13  1.818989403545856e-12  4.547473508864641e-13                      1                      0
-3.979039320256561e-13  1.818989403545856e-12 -2.501110429875553e-12                      0      1.000000000003638
